/*--------------------------------*- C++ -*----------------------------------*\
  =========                 |
  \\      /  F ield         | OpenFOAM: The Open Source CFD Toolbox
   \\    /   O peration     | Website:  https://openfoam.org
    \\  /    A nd           | Version:  10
     \\/     M anipulation  |
\*---------------------------------------------------------------------------*/
FoamFile
{
    format      ascii;
    class       volTensorField;
    location    "12.5";
    object      TauNN;
}
// * * * * * * * * * * * * * * * * * * * * * * * * * * * * * * * * * * * * * //

dimensions      [0 2 -2 0 0 0 0];

internalField   nonuniform List<tensor> 
25600
(
(0.00143464 -0.0129742 -0.0151458 -0.0129742 0.000161367 -0.00814929 -0.0151458 -0.00814929 0.000116147)
(0.00146697 -0.0129797 -0.0151406 -0.0129797 0.000160752 -0.00815199 -0.0151406 -0.00815199 0.000116945)
(0.00142282 -0.0129817 -0.0151477 -0.0129817 0.000163604 -0.00815373 -0.0151477 -0.00815373 0.00011538)
(0.00143917 -0.0129812 -0.015143 -0.0129812 0.000162465 -0.00815332 -0.015143 -0.00815332 0.000114444)
(0.00142421 -0.0129784 -0.0151485 -0.0129784 0.000163305 -0.00815192 -0.0151485 -0.00815192 0.000114841)
(0.00135003 -0.0129687 -0.0151719 -0.0129687 0.000167188 -0.00814701 -0.0151719 -0.00814701 0.000116597)
(0.00143878 -0.0129698 -0.0151481 -0.0129698 0.000159676 -0.0081461 -0.0151481 -0.0081461 0.000119731)
(0.00147829 -0.0129747 -0.0151356 -0.0129747 0.000157882 -0.00814875 -0.0151356 -0.00814875 0.000118451)
(0.00146568 -0.0129824 -0.0151384 -0.0129824 0.000161224 -0.00815373 -0.0151384 -0.00815373 0.000115024)
(0.00149009 -0.0129803 -0.0151356 -0.0129803 0.000159777 -0.00815239 -0.0151356 -0.00815239 0.000115651)
(0.00147705 -0.0129741 -0.0151396 -0.0129741 0.000158844 -0.00814853 -0.0151396 -0.00814853 0.000117803)
(0.00141437 -0.0129691 -0.015155 -0.0129691 0.000162192 -0.00814638 -0.015155 -0.00814638 0.000117397)
(0.00148558 -0.0129716 -0.0151319 -0.0129716 0.000155851 -0.00814671 -0.0151319 -0.00814671 0.000119403)
(0.00148503 -0.0129741 -0.0151346 -0.0129741 0.000157309 -0.00814828 -0.0151346 -0.00814828 0.00011879)
(0.00146217 -0.0129778 -0.0151409 -0.0129778 0.000160727 -0.00815111 -0.0151409 -0.00815111 0.000115863)
(0.00145995 -0.0129775 -0.0151408 -0.0129775 0.000160881 -0.0081511 -0.0151408 -0.0081511 0.000115077)
(0.00147078 -0.0129704 -0.0151365 -0.0129704 0.000157338 -0.0081465 -0.0151365 -0.0081465 0.000117596)
(0.00141802 -0.0129591 -0.0151598 -0.0129591 0.000158442 -0.00813939 -0.0151598 -0.00813939 0.000122921)
(0.00141649 -0.0129799 -0.0151477 -0.0129799 0.000163424 -0.00815271 -0.0151477 -0.00815271 0.000115413)
(0.00145869 -0.0129827 -0.0151377 -0.0129827 0.000161528 -0.00815416 -0.0151377 -0.00815416 0.000113348)
(0.00146732 -0.012978 -0.015139 -0.012978 0.000160328 -0.00815123 -0.015139 -0.00815123 0.000115574)
(0.00144447 -0.0129764 -0.0151427 -0.0129764 0.000161329 -0.0081506 -0.0151427 -0.0081506 0.000114841)
(0.00148276 -0.0129761 -0.0151337 -0.0129761 0.000158251 -0.0081498 -0.0151337 -0.0081498 0.000116534)
(0.00149807 -0.0129776 -0.0151316 -0.0129776 0.000158022 -0.00815067 -0.0151316 -0.00815067 0.000116124)
(0.00144686 -0.0129747 -0.0151458 -0.0129747 0.000161233 -0.00814942 -0.0151458 -0.00814942 0.000116244)
(0.00141184 -0.012971 -0.0151564 -0.012971 0.000163065 -0.00814762 -0.0151564 -0.00814762 0.000117214)
(0.00144238 -0.0129695 -0.015146 -0.0129695 0.000159656 -0.00814622 -0.015146 -0.00814622 0.000117789)
(0.00147337 -0.0129733 -0.0151368 -0.0129733 0.000158114 -0.0081481 -0.0151368 -0.0081481 0.000117556)
(0.00146114 -0.0129764 -0.0151414 -0.0129764 0.000160302 -0.00815015 -0.0151414 -0.00815015 0.000116825)
(0.00147897 -0.0129776 -0.0151376 -0.0129776 0.000159544 -0.00815075 -0.0151376 -0.00815075 0.000116503)
(0.00140647 -0.0129663 -0.0151644 -0.0129663 0.000162809 -0.00814436 -0.0151644 -0.00814436 0.000120084)
(0.00137389 -0.0129705 -0.0151655 -0.0129705 0.000165465 -0.00814759 -0.0151655 -0.00814759 0.000117657)
(0.00148067 -0.0129788 -0.0151357 -0.0129788 0.000159466 -0.00815143 -0.0151357 -0.00815143 0.000116087)
(0.00147729 -0.0129788 -0.0151377 -0.0129788 0.000159951 -0.00815145 -0.0151377 -0.00815145 0.000116035)
(0.00142541 -0.0129735 -0.0151552 -0.0129735 0.000162996 -0.00814881 -0.0151552 -0.00814881 0.000117732)
(0.00145485 -0.0129729 -0.015145 -0.0129729 0.000160061 -0.00814803 -0.015145 -0.00814803 0.000117934)
(0.00147256 -0.0129708 -0.0151365 -0.0129708 0.000156988 -0.00814642 -0.0151365 -0.00814642 0.000119107)
(0.00149469 -0.0129764 -0.0151327 -0.0129764 0.000157625 -0.0081498 -0.0151327 -0.0081498 0.000117774)
(0.00147506 -0.0129782 -0.0151387 -0.0129782 0.000160174 -0.00815126 -0.0151387 -0.00815126 0.00011568)
(0.00137309 -0.0129692 -0.015165 -0.0129692 0.000165827 -0.00814741 -0.015165 -0.00814741 0.000115281)
(7.19167e-05 -0.0127975 -0.0154185 -0.0127975 2.75606e-05 -0.00811678 -0.0154185 -0.00811678 7.16071e-05)
(4.32398e-05 -0.012792 -0.0154285 -0.012792 2.15008e-05 -0.0081303 -0.0154285 -0.0081303 4.12223e-05)
(0.000164394 -0.0128337 -0.0154257 -0.0128337 0.000116057 -0.00814525 -0.0154257 -0.00814525 3.50585e-05)
(0.000188579 -0.0128315 -0.0154202 -0.0128315 0.00011886 -0.00814658 -0.0154202 -0.00814658 4.07583e-05)
(0.00026532 -0.0128339 -0.0154218 -0.0128339 0.000124685 -0.00814577 -0.0154218 -0.00814577 3.86203e-05)
(0.000429483 -0.0128531 -0.0154303 -0.0128531 0.000124995 -0.0081437 -0.0154303 -0.0081437 3.01836e-05)
(0.000336246 -0.0128594 -0.0154471 -0.0128594 0.000130016 -0.00814562 -0.0154471 -0.00814562 3.03767e-05)
(9.53935e-05 -0.0128249 -0.0154235 -0.0128249 9.51149e-05 -0.00815249 -0.0154235 -0.00815249 3.54653e-05)
(5.41931e-05 -0.0127982 -0.0154305 -0.0127982 2.5317e-05 -0.00812116 -0.0154305 -0.00812116 5.59991e-05)
(0.000183608 -0.012827 -0.0154299 -0.012827 0.000116012 -0.00814421 -0.0154299 -0.00814421 3.1985e-05)
(0.000215157 -0.0128227 -0.0154256 -0.0128227 0.00011936 -0.0081456 -0.0154256 -0.0081456 3.39076e-05)
(0.000618424 -0.0128619 -0.0154331 -0.0128619 0.000117294 -0.00814285 -0.0154331 -0.00814285 3.37976e-05)
(0.000104526 -0.0128204 -0.0154222 -0.0128204 7.87047e-05 -0.00814887 -0.0154222 -0.00814887 3.99326e-05)
(0.000260687 -0.0128416 -0.0154337 -0.0128416 0.000128798 -0.00814682 -0.0154337 -0.00814682 2.73118e-05)
(0.000299505 -0.01285 -0.0154303 -0.01285 0.000129777 -0.00814697 -0.0154303 -0.00814697 3.00048e-05)
(-2.58224e-05 -0.0128069 -0.015447 -0.0128069 5.77455e-05 -0.00810712 -0.015447 -0.00810712 7.7412e-05)
(0.000291372 -0.0128305 -0.0154247 -0.0128305 0.000132991 -0.0081458 -0.0154247 -0.0081458 3.39856e-05)
(0.000452178 -0.0128533 -0.0154403 -0.0128533 0.000125962 -0.00814294 -0.0154403 -0.00814294 2.75771e-05)
(0.000135301 -0.0128528 -0.0154186 -0.0128528 0.000126778 -0.0081501 -0.0154186 -0.0081501 4.29858e-05)
(4.18141e-05 -0.0128108 -0.0154478 -0.0128108 6.51387e-05 -0.00810113 -0.0154478 -0.00810113 8.61859e-05)
(0.000348667 -0.0128633 -0.0153067 -0.0128633 0.000103171 -0.00812736 -0.0153067 -0.00812736 0.000109498)
(-6.51567e-05 -0.0128116 -0.0154544 -0.0128116 7.09904e-05 -0.00809967 -0.0154544 -0.00809967 8.97376e-05)
(8.224e-05 -0.0128011 -0.0154176 -0.0128011 3.41453e-05 -0.00813808 -0.0154176 -0.00813808 6.65528e-05)
(0.000106763 -0.0128065 -0.0154221 -0.0128065 7.32481e-05 -0.00814652 -0.0154221 -0.00814652 5.1239e-05)
(0.000211494 -0.0128252 -0.0154169 -0.0128252 0.000124504 -0.00814845 -0.0154169 -0.00814845 4.78837e-05)
(6.17267e-05 -0.0128004 -0.0154237 -0.0128004 2.86935e-05 -0.00813356 -0.0154237 -0.00813356 4.66013e-05)
(0.000313938 -0.0128499 -0.0154213 -0.0128499 0.000132659 -0.00814492 -0.0154213 -0.00814492 3.9287e-05)
(0.00055706 -0.0128602 -0.0154311 -0.0128602 0.000119036 -0.00814284 -0.0154311 -0.00814284 3.20275e-05)
(0.000404364 -0.0128574 -0.0154346 -0.0128574 0.000124192 -0.00814526 -0.0154346 -0.00814526 3.00516e-05)
(0.000167527 -0.0128238 -0.0154253 -0.0128238 0.000114753 -0.00814654 -0.0154253 -0.00814654 3.258e-05)
(0.000513879 -0.0128532 -0.0154381 -0.0128532 0.000116895 -0.00814136 -0.0154381 -0.00814136 2.50284e-05)
(0.000135542 -0.0128431 -0.0154175 -0.0128431 0.000124315 -0.00815143 -0.0154175 -0.00815143 4.20846e-05)
(0.000143745 -0.0128374 -0.0154169 -0.0128374 0.000117268 -0.00814972 -0.0154169 -0.00814972 4.50218e-05)
(0.000309006 -0.0128391 -0.0154304 -0.0128391 0.000122361 -0.0081443 -0.0154304 -0.0081443 2.91598e-05)
(0.000565032 -0.0128589 -0.0154424 -0.0128589 0.000115144 -0.00814185 -0.0154424 -0.00814185 3.00421e-05)
(0.000268922 -0.012847 -0.01543 -0.012847 0.000126131 -0.00814542 -0.01543 -0.00814542 2.92572e-05)
(0.000339965 -0.0128548 -0.0154351 -0.0128548 0.000128709 -0.00814546 -0.0154351 -0.00814546 2.76759e-05)
(0.000181239 -0.0128372 -0.0154307 -0.0128372 0.000123302 -0.00814698 -0.0154307 -0.00814698 3.00372e-05)
(0.000527505 -0.0128571 -0.0154366 -0.0128571 0.000117535 -0.00814308 -0.0154366 -0.00814308 2.85065e-05)
(5.46392e-06 -0.0128159 -0.015456 -0.0128159 6.93442e-05 -0.008099 -0.015456 -0.008099 8.88917e-05)
(5.98403e-05 -0.012795 -0.0154183 -0.012795 2.59248e-05 -0.00812104 -0.0154183 -0.00812104 8.86461e-05)
(-0.000151024 -0.0128328 -0.0154463 -0.0128328 0.000118482 -0.00811434 -0.0154463 -0.00811434 7.76705e-05)
(5.7343e-05 -0.0127939 -0.0154264 -0.0127939 4.25693e-05 -0.00814226 -0.0154264 -0.00814226 4.95916e-05)
(0.00010076 -0.0128101 -0.0154197 -0.0128101 6.87874e-05 -0.00814853 -0.0154197 -0.00814853 6.11437e-05)
(-9.73603e-05 -0.0128164 -0.0154615 -0.0128164 7.44284e-05 -0.00809806 -0.0154615 -0.00809806 9.37153e-05)
(0.000294834 -0.0128536 -0.0153359 -0.0128536 0.000108027 -0.00812396 -0.0153359 -0.00812396 0.000103155)
(5.31142e-05 -0.0127983 -0.0154356 -0.0127983 3.11126e-05 -0.00812528 -0.0154356 -0.00812528 4.70269e-05)
(9.6e-05 -0.0128276 -0.0154211 -0.0128276 9.04716e-05 -0.0081537 -0.0154211 -0.0081537 4.1407e-05)
(5.69946e-05 -0.0127948 -0.0154221 -0.0127948 3.00873e-05 -0.00813667 -0.0154221 -0.00813667 5.20323e-05)
(0.000327277 -0.0128415 -0.0154366 -0.0128415 0.000121589 -0.00814304 -0.0154366 -0.00814304 2.60558e-05)
(-4.48176e-05 -0.0128101 -0.0154503 -0.0128101 5.1525e-05 -0.00811513 -0.0154503 -0.00811513 6.53505e-05)
(1.51282e-05 -0.0127946 -0.0154321 -0.0127946 3.40697e-05 -0.00812098 -0.0154321 -0.00812098 6.25162e-05)
(0.000118357 -0.0128292 -0.0154193 -0.0128292 0.000103101 -0.00815154 -0.0154193 -0.00815154 4.2364e-05)
(0.00018254 -0.0128285 -0.015421 -0.0128285 0.000123434 -0.00814998 -0.015421 -0.00814998 3.78791e-05)
(0.000107427 -0.0128149 -0.0154111 -0.0128149 6.54108e-05 -0.00815591 -0.0154111 -0.00815591 0.000102295)
(-0.00014594 -0.0128377 -0.0154344 -0.0128377 0.00011269 -0.00811066 -0.0154344 -0.00811066 8.38032e-05)
(0.000167456 -0.0128128 -0.015425 -0.0128128 0.000117888 -0.00815088 -0.015425 -0.00815088 3.80145e-05)
(-7.22386e-05 -0.0128411 -0.0154221 -0.0128411 0.000117622 -0.00811478 -0.0154221 -0.00811478 8.52395e-05)
(-3.68274e-05 -0.0128053 -0.0154466 -0.0128053 8.29637e-05 -0.00810327 -0.0154466 -0.00810327 8.68184e-05)
(0.000116107 -0.0128325 -0.0154105 -0.0128325 9.25054e-05 -0.00815463 -0.0154105 -0.00815463 7.3373e-05)
(1.38605e-05 -0.0128504 -0.0153881 -0.0128504 0.000109478 -0.00811462 -0.0153881 -0.00811462 9.58126e-05)
(-0.000145473 -0.0128203 -0.0154652 -0.0128203 8.48529e-05 -0.00809697 -0.0154652 -0.00809697 8.98196e-05)
(6.00066e-05 -0.0127949 -0.0154228 -0.0127949 2.38328e-05 -0.0081265 -0.0154228 -0.0081265 7.53211e-05)
(0.000255481 -0.0128345 -0.0154209 -0.0128345 0.000126043 -0.00814585 -0.0154209 -0.00814585 3.66396e-05)
(5.55711e-05 -0.012797 -0.0154237 -0.012797 2.90525e-05 -0.00812194 -0.0154237 -0.00812194 0.000106459)
(0.000482926 -0.0128649 -0.0152891 -0.0128649 0.000108852 -0.00813321 -0.0152891 -0.00813321 0.000111147)
(5.0262e-05 -0.0127936 -0.015423 -0.0127936 2.66776e-05 -0.00812634 -0.015423 -0.00812634 0.000100542)
(0.00050666 -0.012858 -0.0154296 -0.012858 0.000120942 -0.00814297 -0.0154296 -0.00814297 3.19836e-05)
(0.000100493 -0.0128056 -0.015413 -0.0128056 3.45172e-05 -0.0081353 -0.015413 -0.0081353 9.00909e-05)
(4.00956e-05 -0.0127952 -0.0154293 -0.0127952 2.20969e-05 -0.00812234 -0.0154293 -0.00812234 5.5022e-05)
(3.03451e-05 -0.0128429 -0.0154021 -0.0128429 0.000110203 -0.00811627 -0.0154021 -0.00811627 9.27227e-05)
(0.000319998 -0.012846 -0.0153568 -0.012846 0.000109244 -0.00812054 -0.0153568 -0.00812054 9.63398e-05)
(0.000171116 -0.0128329 -0.0154098 -0.0128329 0.000123048 -0.00814859 -0.0154098 -0.00814859 5.50305e-05)
(0.000100148 -0.0128018 -0.015423 -0.0128018 5.94808e-05 -0.00814338 -0.015423 -0.00814338 5.80306e-05)
(-4.58916e-06 -0.0127994 -0.0154388 -0.0127994 3.86257e-05 -0.00811394 -0.0154388 -0.00811394 7.22243e-05)
(0.00010046 -0.0128143 -0.0154223 -0.0128143 8.27442e-05 -0.00815069 -0.0154223 -0.00815069 4.71496e-05)
(9.6263e-05 -0.0128167 -0.0154238 -0.0128167 7.12379e-05 -0.00814533 -0.0154238 -0.00814533 3.76386e-05)
(0.000282602 -0.0128448 -0.015436 -0.0128448 0.000126398 -0.0081454 -0.015436 -0.0081454 2.71471e-05)
(0.000624037 -0.0128632 -0.0154299 -0.0128632 0.000117735 -0.00814339 -0.0154299 -0.00814339 3.68358e-05)
(0.000642321 -0.0128682 -0.0152425 -0.0128682 9.73957e-05 -0.00813841 -0.0152425 -0.00813841 0.000114956)
(0.000132301 -0.0128182 -0.0154128 -0.0128182 0.000110951 -0.00815376 -0.0154128 -0.00815376 6.26399e-05)
(-0.00017743 -0.0128202 -0.0154548 -0.0128202 9.98508e-05 -0.00810576 -0.0154548 -0.00810576 8.30394e-05)
(-3.74945e-05 -0.0127925 -0.0154309 -0.0127925 3.61618e-05 -0.00812002 -0.0154309 -0.00812002 7.13571e-05)
(2.44565e-05 -0.0127937 -0.0154249 -0.0127937 3.32727e-05 -0.00811269 -0.0154249 -0.00811269 8.81732e-05)
(-7.06726e-05 -0.0128096 -0.015452 -0.0128096 7.00625e-05 -0.00810017 -0.015452 -0.00810017 9.82225e-05)
(0.000610281 -0.0128681 -0.01526 -0.0128681 0.000106274 -0.00813802 -0.01526 -0.00813802 0.000116791)
(-1.25946e-05 -0.0128463 -0.0153989 -0.0128463 0.00012087 -0.00811997 -0.0153989 -0.00811997 9.16772e-05)
(0.000106269 -0.0128204 -0.0154194 -0.0128204 7.56589e-05 -0.00814998 -0.0154194 -0.00814998 4.95477e-05)
(0.000414653 -0.0128499 -0.0154305 -0.0128499 0.000125171 -0.00814268 -0.0154305 -0.00814268 2.73946e-05)
(5.4019e-05 -0.012793 -0.0154275 -0.012793 2.64696e-05 -0.00813362 -0.0154275 -0.00813362 4.45272e-05)
(-4.58434e-07 -0.0128436 -0.0154086 -0.0128436 0.000115245 -0.00811999 -0.0154086 -0.00811999 8.9622e-05)
(0.000600976 -0.012875 -0.0152832 -0.012875 0.000117508 -0.00814263 -0.0152832 -0.00814263 0.000118198)
(0.000111023 -0.0128129 -0.0154174 -0.0128129 6.69915e-05 -0.00814799 -0.0154174 -0.00814799 6.60618e-05)
(6.64007e-05 -0.0127993 -0.0154223 -0.0127993 2.51182e-05 -0.00812184 -0.0154223 -0.00812184 7.36693e-05)
(1.69745e-05 -0.0128025 -0.015438 -0.0128025 6.27468e-05 -0.00810041 -0.015438 -0.00810041 9.56739e-05)
(-7.29829e-05 -0.0128147 -0.0154552 -0.0128147 7.3252e-05 -0.00810752 -0.0154552 -0.00810752 7.44767e-05)
(2.95013e-05 -0.0127936 -0.0154312 -0.0127936 2.3723e-05 -0.00812166 -0.0154312 -0.00812166 6.06172e-05)
(-8.66504e-05 -0.0128186 -0.015453 -0.0128186 9.36898e-05 -0.00810899 -0.015453 -0.00810899 8.02911e-05)
(-5.4151e-05 -0.0128021 -0.0154297 -0.0128021 5.84671e-05 -0.00810689 -0.0154297 -0.00810689 0.000103131)
(0.000107436 -0.0128229 -0.015416 -0.0128229 7.94198e-05 -0.00815364 -0.015416 -0.00815364 6.24881e-05)
(8.29484e-05 -0.0128041 -0.0154198 -0.0128041 3.12552e-05 -0.00813291 -0.0154198 -0.00813291 6.62933e-05)
(5.89731e-05 -0.0127904 -0.015425 -0.0127904 2.66794e-05 -0.00813395 -0.015425 -0.00813395 8.10977e-05)
(3.39391e-05 -0.0127946 -0.0154303 -0.0127946 2.49668e-05 -0.00811889 -0.0154303 -0.00811889 7.73992e-05)
(0.000183488 -0.0128268 -0.0154197 -0.0128268 0.000121446 -0.00814896 -0.0154197 -0.00814896 4.00038e-05)
(6.32747e-05 -0.0127934 -0.0154146 -0.0127934 2.85951e-05 -0.00811842 -0.0154146 -0.00811842 9.40563e-05)
(0.000493046 -0.0128655 -0.015302 -0.0128655 0.000114969 -0.00813563 -0.015302 -0.00813563 0.000110685)
(-0.000191304 -0.0128416 -0.015428 -0.0128416 0.000115732 -0.00811018 -0.015428 -0.00811018 8.9303e-05)
(0.000152709 -0.0128292 -0.0154215 -0.0128292 0.000115675 -0.00814898 -0.0154215 -0.00814898 3.83159e-05)
(-8.32981e-05 -0.0128071 -0.015449 -0.0128071 8.47202e-05 -0.00810069 -0.015449 -0.00810069 9.0283e-05)
(2.45802e-05 -0.0127943 -0.0154306 -0.0127943 2.84596e-05 -0.00812036 -0.0154306 -0.00812036 5.89154e-05)
(0.000256133 -0.0128455 -0.0153722 -0.0128455 0.000107471 -0.00812335 -0.0153722 -0.00812335 9.83101e-05)
(0.000443948 -0.0128571 -0.0153163 -0.0128571 0.00011166 -0.00812866 -0.0153163 -0.00812866 0.000105093)
(6.40283e-05 -0.012793 -0.0154191 -0.012793 3.01097e-05 -0.00813696 -0.0154191 -0.00813696 9.33788e-05)
(3.66251e-05 -0.0127946 -0.0154301 -0.0127946 2.47039e-05 -0.00811938 -0.0154301 -0.00811938 7.14808e-05)
(-0.000149895 -0.0128314 -0.0154419 -0.0128314 0.000109134 -0.00810791 -0.0154419 -0.00810791 8.54836e-05)
(7.5409e-05 -0.0128017 -0.0154263 -0.0128017 5.81359e-05 -0.00814626 -0.0154263 -0.00814626 4.44513e-05)
(-2.95164e-05 -0.0128066 -0.0154487 -0.0128066 6.27676e-05 -0.00811347 -0.0154487 -0.00811347 7.26959e-05)
(6.91589e-05 -0.0127962 -0.0154255 -0.0127962 4.02344e-05 -0.00814098 -0.0154255 -0.00814098 5.07337e-05)
(0.000129602 -0.0128311 -0.0154024 -0.0128311 0.000112637 -0.00815273 -0.0154024 -0.00815273 7.70246e-05)
(-9.83627e-05 -0.0128184 -0.0154517 -0.0128184 0.000101176 -0.00811046 -0.0154517 -0.00811046 7.89524e-05)
(0.000109292 -0.0128199 -0.0154129 -0.0128199 0.000109069 -0.0081576 -0.0154129 -0.0081576 6.91902e-05)
(7.86393e-05 -0.0127981 -0.0154131 -0.0127981 3.41211e-05 -0.00813992 -0.0154131 -0.00813992 9.33127e-05)
(-0.000186793 -0.0128255 -0.0154543 -0.0128255 0.000106813 -0.00810484 -0.0154543 -0.00810484 8.32577e-05)
(6.83835e-05 -0.0127948 -0.0154155 -0.0127948 3.02764e-05 -0.0081351 -0.0154155 -0.0081351 0.000106686)
(4.92056e-05 -0.0127889 -0.0154111 -0.0127889 2.86903e-05 -0.0081255 -0.0154111 -0.0081255 0.000101603)
(-0.000133732 -0.0128279 -0.0154456 -0.0128279 0.000110125 -0.00811153 -0.0154456 -0.00811153 8.19435e-05)
(-0.000197968 -0.0128343 -0.0154436 -0.0128343 0.000111828 -0.00810914 -0.0154436 -0.00810914 8.50688e-05)
(7.50976e-05 -0.0127956 -0.0154245 -0.0127956 3.26718e-05 -0.00813696 -0.0154245 -0.00813696 5.86001e-05)
(0.000396995 -0.0128515 -0.0154275 -0.0128515 0.000127181 -0.00814304 -0.0154275 -0.00814304 3.04302e-05)
(-4.79463e-05 -0.0128245 -0.0154502 -0.0128245 0.000105533 -0.00812085 -0.0154502 -0.00812085 7.34129e-05)
(-8.68117e-05 -0.0128319 -0.0154423 -0.0128319 0.000108979 -0.0081156 -0.0154423 -0.0081156 8.16628e-05)
(0.000373026 -0.0128671 -0.0153286 -0.0128671 0.000119193 -0.00813801 -0.0153286 -0.00813801 0.000104199)
(-0.000152921 -0.0128363 -0.0154433 -0.0128363 0.000106954 -0.0081091 -0.0154433 -0.0081091 8.45969e-05)
(-7.36872e-05 -0.0128171 -0.0154616 -0.0128171 8.34732e-05 -0.00809599 -0.0154616 -0.00809599 9.08748e-05)
(-3.47671e-05 -0.0128069 -0.0154485 -0.0128069 7.71301e-05 -0.00810669 -0.0154485 -0.00810669 7.99637e-05)
(5.03976e-05 -0.0127926 -0.015423 -0.0127926 2.29779e-05 -0.00812935 -0.015423 -0.00812935 6.46486e-05)
(-0.000199665 -0.0128368 -0.0154462 -0.0128368 0.000108045 -0.00810962 -0.0154462 -0.00810962 8.13488e-05)
(5.69186e-05 -0.0127961 -0.0154259 -0.0127961 2.27329e-05 -0.00812409 -0.0154259 -0.00812409 5.45728e-05)
(0.000116879 -0.0128259 -0.0153996 -0.0128259 0.000117893 -0.00815286 -0.0153996 -0.00815286 8.543e-05)
(3.36708e-05 -0.0127888 -0.015411 -0.0127888 3.64468e-05 -0.00812101 -0.015411 -0.00812101 7.93201e-05)
(6.14075e-05 -0.0127954 -0.0154197 -0.0127954 2.45338e-05 -0.00812777 -0.0154197 -0.00812777 7.81168e-05)
(3.43097e-05 -0.0127905 -0.0154296 -0.0127905 2.00364e-05 -0.00812467 -0.0154296 -0.00812467 6.4716e-05)
(4.28243e-05 -0.0127924 -0.0154278 -0.0127924 2.31245e-05 -0.00812308 -0.0154278 -0.00812308 8.27326e-05)
(0.000147704 -0.01282 -0.0154184 -0.01282 0.000111163 -0.00815089 -0.0154184 -0.00815089 4.58054e-05)
(-5.95878e-05 -0.0128092 -0.0154488 -0.0128092 8.88743e-05 -0.00810715 -0.0154488 -0.00810715 8.45014e-05)
(-2.42606e-05 -0.0128019 -0.015447 -0.0128019 5.28872e-05 -0.00812371 -0.015447 -0.00812371 5.95784e-05)
(-3.398e-05 -0.012868 -0.0153867 -0.012868 0.000130622 -0.00813626 -0.0153867 -0.00813626 8.17673e-05)
(1.19713e-05 -0.0127967 -0.015442 -0.0127967 3.17026e-05 -0.00812476 -0.015442 -0.00812476 5.26133e-05)
(1.92527e-05 -0.0127904 -0.0154171 -0.0127904 4.55892e-05 -0.00811915 -0.0154171 -0.00811915 7.35624e-05)
(4.47904e-05 -0.0127922 -0.0154252 -0.0127922 2.36333e-05 -0.00813117 -0.0154252 -0.00813117 4.02436e-05)
(-4.55368e-05 -0.012824 -0.0154489 -0.012824 0.000103528 -0.00811846 -0.0154489 -0.00811846 7.72613e-05)
(-0.000115809 -0.0128185 -0.0154542 -0.0128185 8.81097e-05 -0.00811292 -0.0154542 -0.00811292 7.73414e-05)
(-9.46415e-05 -0.012815 -0.0154535 -0.012815 6.97212e-05 -0.00811286 -0.0154535 -0.00811286 7.2181e-05)
(0.000101053 -0.0128101 -0.0154197 -0.0128101 7.63107e-05 -0.00814987 -0.0154197 -0.00814987 5.92717e-05)
(-5.80705e-05 -0.0128401 -0.0154156 -0.0128401 0.000113936 -0.00811489 -0.0154156 -0.00811489 8.90374e-05)
(-3.66959e-07 -0.0127978 -0.0154395 -0.0127978 3.72189e-05 -0.00812293 -0.0154395 -0.00812293 5.80969e-05)
(2.84547e-05 -0.0127942 -0.0154271 -0.0127942 3.42804e-05 -0.00811547 -0.0154271 -0.00811547 8.19028e-05)
(-1.2987e-05 -0.0128 -0.015439 -0.0128 3.77348e-05 -0.00811492 -0.015439 -0.00811492 6.80856e-05)
(-0.000133314 -0.0128183 -0.015458 -0.0128183 0.000103388 -0.00809996 -0.015458 -0.00809996 8.48599e-05)
(0.0001367 -0.0128315 -0.0154244 -0.0128315 0.000122768 -0.00815091 -0.0154244 -0.00815091 3.4056e-05)
(1.52724e-05 -0.0127938 -0.0154222 -0.0127938 3.734e-05 -0.00811191 -0.0154222 -0.00811191 9.90302e-05)
(0.000133924 -0.0128322 -0.0154035 -0.0128322 0.000115789 -0.00815152 -0.0154035 -0.00815152 7.22337e-05)
(-0.000160253 -0.012818 -0.0154648 -0.012818 8.52392e-05 -0.00809662 -0.0154648 -0.00809662 9.07097e-05)
(0.000148071 -0.0128094 -0.0153953 -0.0128094 0.000100297 -0.00814788 -0.0153953 -0.00814788 0.000109331)
(8.1705e-05 -0.0127949 -0.0154084 -0.0127949 3.27644e-05 -0.00813779 -0.0154084 -0.00813779 9.5738e-05)
(-2.12511e-05 -0.0127984 -0.0154351 -0.0127984 4.7165e-05 -0.00811207 -0.0154351 -0.00811207 8.16046e-05)
(5.70523e-05 -0.0127888 -0.015427 -0.0127888 2.49182e-05 -0.00813282 -0.015427 -0.00813282 6.88675e-05)
(4.92325e-05 -0.0127902 -0.0154265 -0.0127902 2.26069e-05 -0.00812845 -0.0154265 -0.00812845 7.37826e-05)
(4.07172e-05 -0.0127912 -0.0154248 -0.0127912 2.728e-05 -0.00812377 -0.0154248 -0.00812377 5.65246e-05)
(4.53317e-05 -0.0127939 -0.0154338 -0.0127939 4.449e-05 -0.00812155 -0.0154338 -0.00812155 6.55652e-05)
(-1.75044e-05 -0.0128037 -0.0154454 -0.0128037 5.31913e-05 -0.0081173 -0.0154454 -0.0081173 6.79217e-05)
(2.84362e-05 -0.0127946 -0.0154364 -0.0127946 2.43872e-05 -0.00812497 -0.0154364 -0.00812497 5.00405e-05)
(0.000510444 -0.0128667 -0.0152887 -0.0128667 0.00010436 -0.00813637 -0.0152887 -0.00813637 0.000115606)
(-0.000173799 -0.0128227 -0.0154619 -0.0128227 9.72227e-05 -0.00809867 -0.0154619 -0.00809867 8.67825e-05)
(-7.52392e-05 -0.0128102 -0.0154523 -0.0128102 8.0363e-05 -0.00810616 -0.0154523 -0.00810616 7.93254e-05)
(6.35087e-05 -0.0127955 -0.015419 -0.0127955 3.36046e-05 -0.00814049 -0.015419 -0.00814049 8.13141e-05)
(-1.28968e-05 -0.0128552 -0.0153848 -0.0128552 0.00011643 -0.0081231 -0.0153848 -0.0081231 9.56071e-05)
(-6.84234e-06 -0.012808 -0.0154474 -0.012808 5.03459e-05 -0.00810916 -0.0154474 -0.00810916 7.7335e-05)
(8.81244e-05 -0.0128 -0.0154103 -0.0128 4.43654e-05 -0.00814845 -0.0154103 -0.00814845 0.000104237)
(-1.05468e-05 -0.0127995 -0.0154267 -0.0127995 6.26113e-05 -0.00811887 -0.0154267 -0.00811887 8.05908e-05)
(4.51576e-05 -0.0127919 -0.0154217 -0.0127919 2.15389e-05 -0.00812468 -0.0154217 -0.00812468 6.38708e-05)
(-2.66348e-05 -0.0128033 -0.0154445 -0.0128033 4.30165e-05 -0.00810822 -0.0154445 -0.00810822 8.70076e-05)
(0.000104997 -0.0127947 -0.0154187 -0.0127947 6.17727e-05 -0.00814848 -0.0154187 -0.00814848 8.71837e-05)
(8.79242e-05 -0.012804 -0.0154164 -0.012804 6.19137e-05 -0.00815561 -0.0154164 -0.00815561 9.00315e-05)
(-2.80678e-05 -0.0128056 -0.0154465 -0.0128056 8.17786e-05 -0.00811192 -0.0154465 -0.00811192 7.86497e-05)
(6.92162e-05 -0.0127997 -0.0154279 -0.0127997 4.1606e-05 -0.00813873 -0.0154279 -0.00813873 4.14176e-05)
(5.18027e-05 -0.0127805 -0.0154375 -0.0127805 1.92845e-05 -0.00812954 -0.0154375 -0.00812954 3.7588e-05)
(3.409e-06 -0.0128411 -0.0154164 -0.0128411 0.000111753 -0.00811875 -0.0154164 -0.00811875 8.81253e-05)
(4.96908e-05 -0.0127928 -0.0154263 -0.0127928 3.08008e-05 -0.00812729 -0.0154263 -0.00812729 5.49629e-05)
(5.73789e-05 -0.0127974 -0.0154267 -0.0127974 2.90016e-05 -0.00813414 -0.0154267 -0.00813414 3.12409e-05)
(-6.46965e-05 -0.012821 -0.0154543 -0.012821 9.40351e-05 -0.00812519 -0.0154543 -0.00812519 6.97751e-05)
(3.86e-05 -0.0127878 -0.0154229 -0.0127878 2.2322e-05 -0.00812962 -0.0154229 -0.00812962 7.22902e-05)
(-7.93541e-05 -0.0128158 -0.0154535 -0.0128158 6.29988e-05 -0.00811764 -0.0154535 -0.00811764 6.35874e-05)
(0.000112434 -0.0128167 -0.0154194 -0.0128167 8.8433e-05 -0.00815046 -0.0154194 -0.00815046 5.21683e-05)
(3.84953e-06 -0.0128418 -0.0154212 -0.0128418 0.000115846 -0.00812347 -0.0154212 -0.00812347 8.3097e-05)
(-0.000145837 -0.0128351 -0.0154513 -0.0128351 0.000103396 -0.00812189 -0.0154513 -0.00812189 6.81448e-05)
(4.65225e-05 -0.0127915 -0.0154183 -0.0127915 2.67236e-05 -0.008121 -0.0154183 -0.008121 9.09355e-05)
(-5.21295e-05 -0.0128069 -0.015446 -0.0128069 5.8977e-05 -0.00811593 -0.015446 -0.00811593 6.84566e-05)
(-0.000129548 -0.0128233 -0.0154502 -0.0128233 0.000109515 -0.00810469 -0.0154502 -0.00810469 8.39482e-05)
(6.55762e-05 -0.0127974 -0.0154256 -0.0127974 3.97276e-05 -0.00814088 -0.0154256 -0.00814088 4.68033e-05)
(-0.000195256 -0.0128239 -0.0154593 -0.0128239 0.000103686 -0.00810026 -0.0154593 -0.00810026 8.49641e-05)
(0.000112797 -0.0128205 -0.0154093 -0.0128205 8.70074e-05 -0.00815456 -0.0154093 -0.00815456 8.13009e-05)
(4.81952e-05 -0.0127955 -0.0154269 -0.0127955 2.83476e-05 -0.00812562 -0.0154269 -0.00812562 0.000111164)
(6.64499e-05 -0.0127977 -0.0154248 -0.0127977 3.68694e-05 -0.00814295 -0.0154248 -0.00814295 0.000135201)
(0.000120867 -0.0128037 -0.015406 -0.0128037 3.75569e-05 -0.00814099 -0.015406 -0.00814099 0.000118365)
(3.43122e-05 -0.0127913 -0.0154216 -0.0127913 2.64311e-05 -0.00811938 -0.0154216 -0.00811938 8.02659e-05)
(9.74038e-05 -0.0127954 -0.0154238 -0.0127954 6.50345e-05 -0.00814886 -0.0154238 -0.00814886 6.33496e-05)
(-1.7291e-05 -0.0128037 -0.0154437 -0.0128037 4.71983e-05 -0.00810936 -0.0154437 -0.00810936 7.80688e-05)
(-0.000101092 -0.0128222 -0.015453 -0.0128222 9.94199e-05 -0.00811791 -0.015453 -0.00811791 7.08672e-05)
(7.66908e-05 -0.0127993 -0.0154199 -0.0127993 2.90992e-05 -0.00813448 -0.0154199 -0.00813448 5.26584e-05)
(4.55528e-05 -0.0127904 -0.0154232 -0.0127904 2.25982e-05 -0.00812803 -0.0154232 -0.00812803 6.06979e-05)
(9.69007e-05 -0.012815 -0.0154216 -0.012815 6.848e-05 -0.00814547 -0.0154216 -0.00814547 4.84764e-05)
(-9.33263e-05 -0.0128364 -0.0154464 -0.0128364 0.000105553 -0.00811555 -0.0154464 -0.00811555 7.98593e-05)
(-0.000124226 -0.0128202 -0.0154547 -0.0128202 7.985e-05 -0.00810985 -0.0154547 -0.00810985 7.58188e-05)
(-5.15378e-05 -0.0128074 -0.0154482 -0.0128074 6.73576e-05 -0.00811186 -0.0154482 -0.00811186 7.15769e-05)
(5.35212e-05 -0.0127913 -0.0154165 -0.0127913 2.54647e-05 -0.00813161 -0.0154165 -0.00813161 8.32441e-05)
(-0.000151568 -0.0128407 -0.0154443 -0.0128407 0.00010797 -0.00811703 -0.0154443 -0.00811703 7.74925e-05)
(-3.9132e-05 -0.0128165 -0.0154579 -0.0128165 6.48988e-05 -0.00810164 -0.0154579 -0.00810164 8.92138e-05)
(4.77627e-05 -0.0127958 -0.0154218 -0.0127958 3.51894e-05 -0.00811494 -0.0154218 -0.00811494 9.86517e-05)
(-1.76766e-05 -0.0128063 -0.0154426 -0.0128063 7.63865e-05 -0.0081185 -0.0154426 -0.0081185 7.80813e-05)
(8.89036e-05 -0.0128063 -0.0154235 -0.0128063 6.4158e-05 -0.00814831 -0.0154235 -0.00814831 4.84194e-05)
(2.68121e-05 -0.0127951 -0.0154327 -0.0127951 2.7149e-05 -0.00811832 -0.0154327 -0.00811832 9.57174e-05)
(7.96888e-05 -0.0127903 -0.0154281 -0.0127903 4.54645e-05 -0.00814124 -0.0154281 -0.00814124 5.28688e-05)
(-0.000106906 -0.0128087 -0.0154429 -0.0128087 7.53408e-05 -0.00811056 -0.0154429 -0.00811056 8.2448e-05)
(0.00011133 -0.012838 -0.0154163 -0.012838 0.0001162 -0.00815425 -0.0154163 -0.00815425 4.53556e-05)
(2.30518e-05 -0.0127889 -0.0154302 -0.0127889 2.17124e-05 -0.0081268 -0.0154302 -0.0081268 4.96425e-05)
(7.80979e-05 -0.0127886 -0.0154305 -0.0127886 5.4638e-05 -0.00813731 -0.0154305 -0.00813731 3.56499e-05)
(-2.47157e-05 -0.0128295 -0.0154357 -0.0128295 0.00010324 -0.00810667 -0.0154357 -0.00810667 8.77135e-05)
(5.31161e-05 -0.0127994 -0.0154429 -0.0127994 2.57515e-05 -0.00812858 -0.0154429 -0.00812858 4.53519e-05)
(7.49377e-05 -0.0128091 -0.0154281 -0.0128091 5.85585e-05 -0.00814181 -0.0154281 -0.00814181 2.74754e-05)
(5.69075e-05 -0.0127938 -0.0154294 -0.0127938 2.52196e-05 -0.00812986 -0.0154294 -0.00812986 4.89775e-05)
(5.39095e-05 -0.0127907 -0.0154217 -0.0127907 2.49672e-05 -0.00813109 -0.0154217 -0.00813109 8.43774e-05)
(-6.52034e-05 -0.0128107 -0.0154507 -0.0128107 5.56132e-05 -0.00810937 -0.0154507 -0.00810937 7.80103e-05)
(7.68246e-06 -0.0127995 -0.0154434 -0.0127995 4.46113e-05 -0.00812284 -0.0154434 -0.00812284 5.95676e-05)
(4.17902e-05 -0.0127917 -0.0154337 -0.0127917 2.22887e-05 -0.00812999 -0.0154337 -0.00812999 4.39752e-05)
(9.20048e-06 -0.0127945 -0.0154379 -0.0127945 2.6246e-05 -0.00812382 -0.0154379 -0.00812382 5.0664e-05)
(-7.69379e-05 -0.0128096 -0.0154517 -0.0128096 7.40247e-05 -0.00810348 -0.0154517 -0.00810348 8.87632e-05)
(-0.000116249 -0.0128162 -0.015454 -0.0128162 8.45614e-05 -0.00810952 -0.015454 -0.00810952 7.82174e-05)
(-3.65968e-05 -0.0128018 -0.0154402 -0.0128018 5.48187e-05 -0.00811231 -0.0154402 -0.00811231 7.8994e-05)
(3.40174e-05 -0.0127941 -0.0154277 -0.0127941 2.56751e-05 -0.00811878 -0.0154277 -0.00811878 6.87837e-05)
(-0.000125417 -0.01282 -0.0154599 -0.01282 8.66479e-05 -0.00810193 -0.0154599 -0.00810193 8.49129e-05)
(5.98301e-05 -0.0127938 -0.0154158 -0.0127938 2.83029e-05 -0.00812382 -0.0154158 -0.00812382 0.000105935)
(1.16555e-05 -0.0127961 -0.0154297 -0.0127961 3.29326e-05 -0.00811114 -0.0154297 -0.00811114 9.42265e-05)
(3.21031e-05 -0.0128002 -0.0154329 -0.0128002 3.56742e-05 -0.0081217 -0.0154329 -0.0081217 0.000121083)
(7.76336e-05 -0.0127979 -0.0154183 -0.0127979 3.7373e-05 -0.00811448 -0.0154183 -0.00811448 0.000109427)
(5.3176e-05 -0.0127914 -0.0154186 -0.0127914 2.48687e-05 -0.00813041 -0.0154186 -0.00813041 8.06132e-05)
(-5.65554e-05 -0.0128117 -0.0154518 -0.0128117 5.71062e-05 -0.00811065 -0.0154518 -0.00811065 7.6312e-05)
(8.65293e-06 -0.0128 -0.0154399 -0.0128 4.02661e-05 -0.00811413 -0.0154399 -0.00811413 6.95897e-05)
(-0.000116524 -0.0128145 -0.0154544 -0.0128145 8.88504e-05 -0.00810887 -0.0154544 -0.00810887 7.58727e-05)
(1.43282e-05 -0.0127935 -0.0154365 -0.0127935 4.01177e-05 -0.00812434 -0.0154365 -0.00812434 5.98131e-05)
(4.41177e-05 -0.0127883 -0.0154185 -0.0127883 2.63191e-05 -0.00813384 -0.0154185 -0.00813384 7.44502e-05)
(-1.28575e-05 -0.0128034 -0.0154451 -0.0128034 5.87704e-05 -0.00810388 -0.0154451 -0.00810388 8.94274e-05)
(0.000117744 -0.012815 -0.0154113 -0.012815 7.17037e-05 -0.00814805 -0.0154113 -0.00814805 8.56153e-05)
(-0.000138533 -0.0128215 -0.0154566 -0.0128215 8.72116e-05 -0.00810756 -0.0154566 -0.00810756 8.0163e-05)
(-0.00017205 -0.0128215 -0.0154541 -0.0128215 0.000101755 -0.00810871 -0.0154541 -0.00810871 7.69748e-05)
(6.46182e-06 -0.0127937 -0.0154267 -0.0127937 3.57282e-05 -0.00811224 -0.0154267 -0.00811224 9.28382e-05)
(5.44787e-05 -0.012794 -0.0154343 -0.012794 2.25531e-05 -0.00812979 -0.0154343 -0.00812979 3.45293e-05)
(-1.54803e-05 -0.0128104 -0.0154516 -0.0128104 5.05995e-05 -0.00810846 -0.0154516 -0.00810846 7.61873e-05)
(6.97161e-05 -0.0127957 -0.015418 -0.0127957 2.51264e-05 -0.00812602 -0.015418 -0.00812602 8.27298e-05)
(5.6424e-05 -0.0127927 -0.0154264 -0.0127927 3.08767e-05 -0.00813657 -0.0154264 -0.00813657 4.85074e-05)
(5.91117e-05 -0.0127955 -0.0154249 -0.0127955 6.04265e-05 -0.00815216 -0.0154249 -0.00815216 5.78135e-05)
(4.82411e-05 -0.0127903 -0.0154242 -0.0127903 2.4157e-05 -0.00812989 -0.0154242 -0.00812989 8.5274e-05)
(-8.0379e-07 -0.0128047 -0.0154469 -0.0128047 4.01047e-05 -0.00812121 -0.0154469 -0.00812121 5.82265e-05)
(-0.000137038 -0.0128357 -0.0154485 -0.0128357 0.000107351 -0.00812096 -0.0154485 -0.00812096 7.27284e-05)
(0.000124029 -0.0128323 -0.0154129 -0.0128323 0.000118175 -0.00815483 -0.0154129 -0.00815483 5.30809e-05)
(6.75579e-05 -0.0127989 -0.015423 -0.0127989 3.23117e-05 -0.00813691 -0.015423 -0.00813691 4.6388e-05)
(1.08742e-05 -0.0127898 -0.0154352 -0.0127898 2.11542e-05 -0.00812387 -0.0154352 -0.00812387 5.29129e-05)
(-0.000125957 -0.0128161 -0.0154634 -0.0128161 8.98381e-05 -0.0080977 -0.0154634 -0.0080977 8.95865e-05)
(3.52366e-05 -0.0127994 -0.0154452 -0.0127994 2.60328e-05 -0.00812549 -0.0154452 -0.00812549 4.62167e-05)
(6.04537e-05 -0.0128014 -0.0154267 -0.0128014 4.22817e-05 -0.00814025 -0.0154267 -0.00814025 3.30762e-05)
(0.000102228 -0.012817 -0.0154216 -0.012817 6.8839e-05 -0.0081471 -0.0154216 -0.0081471 4.50858e-05)
(4.49145e-05 -0.0127915 -0.015423 -0.0127915 2.25174e-05 -0.00812366 -0.015423 -0.00812366 7.38864e-05)
(-8.34093e-05 -0.012815 -0.0154537 -0.012815 6.73087e-05 -0.00811264 -0.0154537 -0.00811264 7.08812e-05)
(-9.6315e-05 -0.0128234 -0.0154561 -0.0128234 8.89588e-05 -0.00812237 -0.0154561 -0.00812237 6.41906e-05)
(6.42177e-05 -0.0127969 -0.0154279 -0.0127969 3.98927e-05 -0.00813938 -0.0154279 -0.00813938 4.10559e-05)
(7.6155e-05 -0.0127998 -0.0154277 -0.0127998 4.72304e-05 -0.00814 -0.0154277 -0.00814 4.07653e-05)
(-4.58103e-05 -0.0128214 -0.0154548 -0.0128214 9.51342e-05 -0.00811071 -0.0154548 -0.00811071 8.15467e-05)
(-0.000112373 -0.0128144 -0.0154571 -0.0128144 7.93031e-05 -0.00810247 -0.0154571 -0.00810247 8.66152e-05)
(4.04819e-05 -0.0127906 -0.0154297 -0.0127906 2.07737e-05 -0.0081293 -0.0154297 -0.0081293 4.51851e-05)
(3.856e-05 -0.0127954 -0.0154266 -0.0127954 2.93595e-05 -0.00811607 -0.0154266 -0.00811607 7.77787e-05)
(-0.000149327 -0.0128275 -0.0154578 -0.0128275 9.78254e-05 -0.00810333 -0.0154578 -0.00810333 8.39811e-05)
(-1.97926e-06 -0.0128006 -0.015436 -0.0128006 4.94053e-05 -0.00810441 -0.015436 -0.00810441 9.49405e-05)
(-0.000146273 -0.012814 -0.0154559 -0.012814 7.9537e-05 -0.00810226 -0.0154559 -0.00810226 8.45053e-05)
(-1.8607e-05 -0.0128035 -0.0154423 -0.0128035 4.40053e-05 -0.00811144 -0.0154423 -0.00811144 0.000114916)
(6.70881e-05 -0.0127946 -0.0154168 -0.0127946 3.66162e-05 -0.00811307 -0.0154168 -0.00811307 0.000102409)
(6.61815e-05 -0.0127939 -0.015417 -0.0127939 2.65996e-05 -0.00813202 -0.015417 -0.00813202 7.92246e-05)
(-9.49491e-05 -0.0128223 -0.0154576 -0.0128223 7.75931e-05 -0.0081151 -0.0154576 -0.0081151 6.97565e-05)
(2.22222e-05 -0.0127956 -0.0154329 -0.0127956 2.92868e-05 -0.00811777 -0.0154329 -0.00811777 7.04742e-05)
(5.33718e-05 -0.0127944 -0.0154257 -0.0127944 2.18081e-05 -0.00812663 -0.0154257 -0.00812663 4.80554e-05)
(-2.59917e-06 -0.0127936 -0.0154314 -0.0127936 3.95224e-05 -0.00811997 -0.0154314 -0.00811997 6.78411e-05)
(0.000116996 -0.0128197 -0.0154182 -0.0128197 0.000103806 -0.00815294 -0.0154182 -0.00815294 4.96629e-05)
(-0.00010737 -0.0128249 -0.0154615 -0.0128249 9.9139e-05 -0.00809653 -0.0154615 -0.00809653 8.39388e-05)
(0.000111371 -0.012808 -0.0154093 -0.012808 6.24324e-05 -0.00815011 -0.0154093 -0.00815011 0.000109795)
(-9.41009e-06 -0.0128077 -0.0154498 -0.0128077 6.16493e-05 -0.00810973 -0.0154498 -0.00810973 7.76079e-05)
(-0.000155393 -0.0128301 -0.0154432 -0.0128301 0.000115513 -0.00810748 -0.0154432 -0.00810748 8.31091e-05)
(-0.00021727 -0.012824 -0.0154609 -0.012824 0.000106246 -0.00809969 -0.0154609 -0.00809969 8.52856e-05)
(4.97677e-05 -0.012792 -0.0154381 -0.012792 2.15823e-05 -0.00812906 -0.0154381 -0.00812906 3.23354e-05)
(5.47628e-05 -0.0127883 -0.0154265 -0.0127883 3.0038e-05 -0.00813743 -0.0154265 -0.00813743 5.69101e-05)
(4.80244e-05 -0.0127899 -0.0154184 -0.0127899 2.44342e-05 -0.00812654 -0.0154184 -0.00812654 8.41658e-05)
(0.000116529 -0.0128288 -0.0154285 -0.0128288 0.00011736 -0.00815007 -0.0154285 -0.00815007 3.52499e-05)
(1.2595e-05 -0.0127855 -0.0154219 -0.0127855 3.52508e-05 -0.00813936 -0.0154219 -0.00813936 5.60873e-05)
(5.38906e-06 -0.0127904 -0.0154268 -0.0127904 2.72089e-05 -0.00811588 -0.0154268 -0.00811588 9.25392e-05)
(3.38226e-05 -0.0127951 -0.0154281 -0.0127951 2.70161e-05 -0.00811751 -0.0154281 -0.00811751 8.06197e-05)
(2.02622e-06 -0.0128051 -0.0154454 -0.0128051 4.32834e-05 -0.00811007 -0.0154454 -0.00811007 7.50424e-05)
(-0.000100975 -0.0128099 -0.0154476 -0.0128099 7.9762e-05 -0.00810864 -0.0154476 -0.00810864 8.31104e-05)
(8.31044e-05 -0.0128124 -0.0154278 -0.0128124 6.73451e-05 -0.00814231 -0.0154278 -0.00814231 2.99523e-05)
(9.46381e-05 -0.0128006 -0.0154244 -0.0128006 5.81021e-05 -0.00814581 -0.0154244 -0.00814581 4.82355e-05)
(-0.000133774 -0.0128167 -0.0154655 -0.0128167 9.30236e-05 -0.00809708 -0.0154655 -0.00809708 8.8656e-05)
(-5.5e-05 -0.0128086 -0.015453 -0.0128086 5.85786e-05 -0.00810856 -0.015453 -0.00810856 7.96828e-05)
(-3.32867e-06 -0.0127951 -0.0154334 -0.0127951 3.75435e-05 -0.00811687 -0.0154334 -0.00811687 6.44654e-05)
(0.000113691 -0.0128267 -0.0154191 -0.0128267 9.65895e-05 -0.00815119 -0.0154191 -0.00815119 4.43886e-05)
(6.07757e-05 -0.0127939 -0.0154173 -0.0127939 2.47322e-05 -0.00813093 -0.0154173 -0.00813093 7.16158e-05)
(3.23831e-05 -0.0127893 -0.0154301 -0.0127893 1.90509e-05 -0.00812795 -0.0154301 -0.00812795 4.49744e-05)
(-2.75686e-05 -0.0128068 -0.015447 -0.0128068 5.24197e-05 -0.00811811 -0.015447 -0.00811811 6.26498e-05)
(3.9703e-05 -0.0127878 -0.0154281 -0.0127878 2.41606e-05 -0.00813306 -0.0154281 -0.00813306 4.384e-05)
(3.67351e-05 -0.0127893 -0.0154261 -0.0127893 2.03657e-05 -0.00812794 -0.0154261 -0.00812794 5.593e-05)
(4.01131e-05 -0.0128091 -0.0154605 -0.0128091 7.16874e-05 -0.00812435 -0.0154605 -0.00812435 7.15775e-05)
(-0.000117701 -0.0128176 -0.0154578 -0.0128176 7.86289e-05 -0.00810732 -0.0154578 -0.00810732 7.94089e-05)
(3.40244e-05 -0.0127898 -0.0154273 -0.0127898 2.14408e-05 -0.00812635 -0.0154273 -0.00812635 5.53959e-05)
(1.79786e-05 -0.0127973 -0.0154317 -0.0127973 4.25194e-05 -0.00811178 -0.0154317 -0.00811178 8.36455e-05)
(9.89581e-05 -0.0128448 -0.0153918 -0.0128448 0.000103964 -0.00811438 -0.0153918 -0.00811438 9.41912e-05)
(-0.000113246 -0.0128124 -0.0154563 -0.0128124 8.21738e-05 -0.00810259 -0.0154563 -0.00810259 8.14114e-05)
(-6.47344e-05 -0.012801 -0.0154417 -0.012801 5.07622e-05 -0.00810493 -0.0154417 -0.00810493 9.56825e-05)
(-0.000163599 -0.0128172 -0.0154635 -0.0128172 8.32442e-05 -0.00809857 -0.0154635 -0.00809857 9.33516e-05)
(5.78107e-05 -0.0127931 -0.0154154 -0.0127931 3.13987e-05 -0.00811764 -0.0154154 -0.00811764 0.000102298)
(2.25452e-05 -0.0127894 -0.0154231 -0.0127894 2.71657e-05 -0.00811913 -0.0154231 -0.00811913 7.57234e-05)
(-9.68703e-06 -0.012801 -0.0154438 -0.012801 3.82051e-05 -0.00811671 -0.0154438 -0.00811671 6.72451e-05)
(-1.9439e-05 -0.0128047 -0.0154464 -0.0128047 4.42276e-05 -0.0081179 -0.0154464 -0.0081179 6.77245e-05)
(0.000109452 -0.0128182 -0.015423 -0.0128182 9.09512e-05 -0.00815009 -0.015423 -0.00815009 4.23845e-05)
(4.62808e-05 -0.0127891 -0.0154205 -0.0127891 2.63919e-05 -0.00813285 -0.0154205 -0.00813285 6.08663e-05)
(0.000185117 -0.0128347 -0.0154037 -0.0128347 0.000127654 -0.00814732 -0.0154037 -0.00814732 6.42174e-05)
(4.13636e-05 -0.0128179 -0.0154581 -0.0128179 6.76501e-05 -0.00810734 -0.0154581 -0.00810734 0.000114433)
(2.38159e-05 -0.0127928 -0.0154255 -0.0127928 2.86354e-05 -0.00811778 -0.0154255 -0.00811778 9.94455e-05)
(2.03317e-05 -0.012805 -0.015447 -0.012805 5.96255e-05 -0.00811149 -0.015447 -0.00811149 7.69107e-05)
