/*--------------------------------*- C++ -*----------------------------------*\
  =========                 |
  \\      /  F ield         | OpenFOAM: The Open Source CFD Toolbox
   \\    /   O peration     | Website:  https://openfoam.org
    \\  /    A nd           | Version:  10
     \\/     M anipulation  |
\*---------------------------------------------------------------------------*/
FoamFile
{
    format      ascii;
    class       volTensorField;
    location    "11";
    object      TauNN;
}
// * * * * * * * * * * * * * * * * * * * * * * * * * * * * * * * * * * * * * //

dimensions      [0 2 -2 0 0 0 0];

internalField   nonuniform List<tensor> 
25600
(
(-0.00174654 -0.00296551 0.0055671 -0.00296551 0.00961162 -0.00138262 0.0055671 -0.00138262 0.00867785)
(-0.000937713 -0.00250862 0.00514513 -0.00250862 0.00875876 -0.00197042 0.00514513 -0.00197042 0.00794374)
(0.000704503 -0.00273484 0.00406947 -0.00273484 0.00840726 -0.002369 0.00406947 -0.002369 0.00709133)
(-0.00127425 -0.00259329 0.00529313 -0.00259329 0.00915927 -0.0014328 0.00529313 -0.0014328 0.00821963)
(-0.000467715 -0.00138103 0.00436879 -0.00138103 0.00954891 -0.00117495 0.00436879 -0.00117495 0.00687192)
(-0.0012705 -0.00308959 0.00637081 -0.00308959 0.00995224 -0.00214721 0.00637081 -0.00214721 0.00837854)
(-4.84639e-05 -0.00267299 0.00493343 -0.00267299 0.00859599 -0.00260656 0.00493343 -0.00260656 0.00711986)
(-0.00149419 -0.0022742 0.00493139 -0.0022742 0.00884083 -0.00116171 0.00493139 -0.00116171 0.00844427)
(-0.000708591 -0.00304982 0.0053713 -0.00304982 0.00924795 -0.0020012 0.0053713 -0.0020012 0.00846143)
(0.000254947 -0.00242327 0.00469083 -0.00242327 0.00830145 -0.00263852 0.00469083 -0.00263852 0.00666367)
(0.00102994 -0.00214238 0.00451534 -0.00214238 0.00796237 -0.00250759 0.00451534 -0.00250759 0.00640013)
(0.0103331 -0.000986643 -0.00171411 -0.000986643 0.00546412 -0.00369431 -0.00171411 -0.00369431 0.00481057)
(-0.000415187 -0.00237522 0.00485796 -0.00237522 0.00857318 -0.00198752 0.00485796 -0.00198752 0.00751079)
(-0.000379249 -0.002372 0.00488596 -0.002372 0.00876598 -0.00190646 0.00488596 -0.00190646 0.0073418)
(0.00166326 -0.00102934 0.00406145 -0.00102934 0.00871641 -0.0014172 0.00406145 -0.0014172 0.00550333)
(-0.000832199 -0.00292723 0.0064599 -0.00292723 0.0101446 -0.00228299 0.0064599 -0.00228299 0.00857367)
(0.000355603 -0.00327194 0.00547432 -0.00327194 0.00943555 -0.00199095 0.00547432 -0.00199095 0.00890018)
(-0.00059735 -0.00301334 0.00633857 -0.00301334 0.0101281 -0.00216588 0.00633857 -0.00216588 0.00897106)
(0.00116963 -0.00335959 0.00557228 -0.00335959 0.00950506 -0.00204044 0.00557228 -0.00204044 0.00917317)
(0.00128436 -0.0024781 0.00448983 -0.0024781 0.00805488 -0.00283235 0.00448983 -0.00283235 0.0061752)
(0.0025086 -0.00237917 0.00358154 -0.00237917 0.00719894 -0.00288428 0.00358154 -0.00288428 0.00543609)
(-0.00180318 -0.00271536 0.00558773 -0.00271536 0.00945591 -0.00151208 0.00558773 -0.00151208 0.00801801)
(-0.000419243 -0.00350179 0.00621918 -0.00350179 0.0099647 -0.00208859 0.00621918 -0.00208859 0.0089176)
(-0.000109144 -0.00282108 0.00521514 -0.00282108 0.00900481 -0.0023787 0.00521514 -0.0023787 0.00789466)
(-0.001122 -0.00298898 0.00534282 -0.00298898 0.00920027 -0.0016987 0.00534282 -0.0016987 0.00864643)
(-0.000361193 -0.00269619 0.00586368 -0.00269619 0.00974541 -0.00185661 0.00586368 -0.00185661 0.00793375)
(-0.00051783 -0.00285242 0.00637439 -0.00285242 0.0101507 -0.00220939 0.00637439 -0.00220939 0.00859274)
(0.000727809 -0.00301416 0.00527064 -0.00301416 0.00925747 -0.0024672 0.00527064 -0.0024672 0.00814659)
(0.00263325 -0.00261239 0.00384795 -0.00261239 0.00738729 -0.00302252 0.00384795 -0.00302252 0.00555223)
(-0.000615114 -0.00275266 0.00519378 -0.00275266 0.0089529 -0.00226484 0.00519378 -0.00226484 0.00788045)
(-0.00162036 -0.00261348 0.00505579 -0.00261348 0.00914345 -0.00107899 0.00505579 -0.00107899 0.00858513)
(-0.00104793 -0.00285728 0.00613383 -0.00285728 0.010074 -0.00203633 0.00613383 -0.00203633 0.00878936)
(0.00117047 -0.00366124 0.00580804 -0.00366124 0.0097161 -0.00179577 0.00580804 -0.00179577 0.00971086)
(-0.000510678 -0.00289409 0.0053013 -0.00289409 0.00893715 -0.00218675 0.0053013 -0.00218675 0.00809633)
(-0.00135213 -0.00244905 0.00509566 -0.00244905 0.00887644 -0.00171738 0.00509566 -0.00171738 0.0081735)
(-0.00154432 -0.00258209 0.00504755 -0.00258209 0.00904292 -0.00144637 0.00504755 -0.00144637 0.00860257)
(-0.0010097 -0.00334414 0.00549515 -0.00334414 0.00953422 -0.00147752 0.00549515 -0.00147752 0.00917242)
(0.000396912 -0.00358167 0.00581166 -0.00358167 0.00976904 -0.00190875 0.00581166 -0.00190875 0.00929223)
(0.00086038 -0.00266638 0.0048341 -0.00266638 0.0087122 -0.00276776 0.0048341 -0.00276776 0.00688991)
(0.00360923 -0.00267129 0.00359153 -0.00267129 0.00685512 -0.00308494 0.00359153 -0.00308494 0.00529889)
(0.00237979 -0.000428083 0.00352442 -0.000428083 0.009152 -0.00110041 0.00352442 -0.00110041 0.00626219)
(0.000814886 -0.00240079 0.00499527 -0.00240079 0.00909485 -0.00221031 0.00499527 -0.00221031 0.00881686)
(0.00475038 0.00215756 0.00608508 0.00215756 0.00662571 -0.00185145 0.00608508 -0.00185145 0.005858)
(0.00487288 0.00126309 0.00613743 0.00126309 0.00793526 -0.00154276 0.00613743 -0.00154276 0.00670257)
(0.00714875 0.000780162 0.00261031 0.000780162 0.0087628 -0.000571534 0.00261031 -0.000571534 0.00457038)
(0.0030745 -0.00112426 0.00462243 -0.00112426 0.00855361 -0.00183056 0.00462243 -0.00183056 0.0052298)
(0.000883343 -0.00230642 0.00499052 -0.00230642 0.00874284 -0.00285495 0.00499052 -0.00285495 0.00703009)
(0.000849675 7.69552e-06 0.00392448 7.69552e-06 0.00906586 -0.00137066 0.00392448 -0.00137066 0.00630199)
(0.00276861 0.000317635 0.00497801 0.000317635 0.0073829 -0.00171166 0.00497801 -0.00171166 0.00476382)
(-0.000572083 -0.00186331 0.00594764 -0.00186331 0.00875674 -0.00264529 0.00594764 -0.00264529 0.00751413)
(-0.000672194 -0.00224765 0.00557511 -0.00224765 0.00872477 -0.0027588 0.00557511 -0.0027588 0.00792234)
(0.00519024 0.00149995 0.00500136 0.00149995 0.0040997 -0.00309123 0.00500136 -0.00309123 0.00594974)
(0.00504867 0.000778696 0.00683699 0.000778696 0.00805932 -0.00216089 0.00683699 -0.00216089 0.00799493)
(0.00751119 0.00171462 0.00631107 0.00171462 0.00753954 -0.00155757 0.00631107 -0.00155757 0.00701644)
(0.00981058 0.000101054 0.00292498 0.000101054 0.00922752 -0.000819063 0.00292498 -0.000819063 0.00456145)
(0.000488925 -0.00230201 0.00543781 -0.00230201 0.00999209 -0.00188807 0.00543781 -0.00188807 0.00744023)
(0.000981651 -0.00277298 0.00492438 -0.00277298 0.0089734 -0.00234589 0.00492438 -0.00234589 0.00781722)
(-0.000610676 -0.00254903 0.00564418 -0.00254903 0.00976582 -0.00170439 0.00564418 -0.00170439 0.00805848)
(0.00282498 -0.00330382 0.00702102 -0.00330382 0.00987597 -0.00233093 0.00702102 -0.00233093 0.00913951)
(0.00142284 -0.00362715 0.00437342 -0.00362715 0.0093845 -0.00291711 0.00437342 -0.00291711 0.00737636)
(0.00179692 -0.00171417 0.00535287 -0.00171417 0.0076856 -0.00306495 0.00535287 -0.00306495 0.00685007)
(0.00356164 -0.000596471 0.00497816 -0.000596471 0.00907792 -0.00180411 0.00497816 -0.00180411 0.00735983)
(0.00242597 -0.00234719 0.00524074 -0.00234719 0.0097571 -0.00216126 0.00524074 -0.00216126 0.00741464)
(0.000694638 -0.00140418 0.00580914 -0.00140418 0.00875833 -0.00235523 0.00580914 -0.00235523 0.00707016)
(-0.0005638 -0.00197833 0.00510318 -0.00197833 0.00914897 -0.00227651 0.00510318 -0.00227651 0.0084967)
(0.0066577 -0.000594821 0.00451413 -0.000594821 0.00930006 -0.0014248 0.00451413 -0.0014248 0.00629654)
(0.00356285 -0.00176003 0.00367678 -0.00176003 0.00990514 -0.000964527 0.00367678 -0.000964527 0.00755176)
(0.00337684 -0.00326964 0.00653349 -0.00326964 0.00989359 -0.00250532 0.00653349 -0.00250532 0.00867837)
(0.00822324 -0.00196892 0.00190784 -0.00196892 0.00598978 -0.00400262 0.00190784 -0.00400262 0.0068695)
(0.000469999 -0.00169424 0.00612264 -0.00169424 0.00866751 -0.00281359 0.00612264 -0.00281359 0.00825082)
(0.00358394 -0.00132461 0.00451956 -0.00132461 0.00930434 -0.00185757 0.00451956 -0.00185757 0.00785236)
(0.00787647 -9.89158e-06 0.00462069 -9.89158e-06 0.00809458 -0.000371523 0.00462069 -0.000371523 0.00652796)
(0.00585194 -0.0040037 0.00691439 -0.0040037 0.00951341 -0.00200169 0.00691439 -0.00200169 0.0102105)
(0.00239103 -0.00335239 0.0058839 -0.00335239 0.00921614 -0.00242947 0.0058839 -0.00242947 0.00863391)
(-0.000591664 -0.00101041 0.00548002 -0.00101041 0.00902746 -0.00222948 0.00548002 -0.00222948 0.00786687)
(0.000617186 -0.0020102 0.00458401 -0.0020102 0.00927704 -0.00145231 0.00458401 -0.00145231 0.00839306)
(0.00120262 -0.00173392 0.00459704 -0.00173392 0.00901451 -0.000877959 0.00459704 -0.000877959 0.00838055)
(-0.000380367 -0.00225845 0.00567166 -0.00225845 0.00982849 -0.00197515 0.00567166 -0.00197515 0.00758333)
(0.00254759 -0.00249698 0.00356298 -0.00249698 0.00910554 -0.00315105 0.00356298 -0.00315105 0.00633752)
(0.0194748 -0.00405387 -0.000108023 -0.00405387 0.00893524 -0.0021164 -0.000108023 -0.0021164 0.00876422)
(0.011384 -0.000659323 0.00493263 -0.000659323 0.00840158 -8.13371e-05 0.00493263 -8.13371e-05 0.00754429)
(0.0106445 -0.00557656 0.00531247 -0.00557656 0.0110756 -0.00278202 0.00531247 -0.00278202 0.00876477)
(0.0102093 -0.00263132 0.00328179 -0.00263132 0.0101676 -0.000445049 0.00328179 -0.000445049 0.0067364)
(0.0160111 -0.00297794 0.00259459 -0.00297794 0.0100368 0.000634086 0.00259459 0.000634086 0.00578175)
(0.0162941 2.05198e-05 0.00374811 2.05198e-05 0.00792613 0.00144957 0.00374811 0.00144957 0.00777584)
(0.0114465 -0.00342413 0.00385686 -0.00342413 0.00964808 -0.00161751 0.00385686 -0.00161751 0.00452232)
(0.00447646 -0.0046512 0.00540332 -0.0046512 0.010821 -0.00284595 0.00540332 -0.00284595 0.00793315)
(0.01305 -0.00263783 0.00293191 -0.00263783 0.0100071 0.000194157 0.00293191 0.000194157 0.00644039)
(0.00925477 -9.11951e-05 0.00389009 -9.11951e-05 0.00845988 -0.00165178 0.00389009 -0.00165178 0.00394327)
(0.000518545 -0.00314946 0.00580203 -0.00314946 0.0102119 -0.00274996 0.00580203 -0.00274996 0.00728022)
(0.00291161 -0.00403827 0.00591001 -0.00403827 0.0101779 -0.0022902 0.00591001 -0.0022902 0.00838081)
(0.00288071 -0.000798396 0.00390522 -0.000798396 0.00901438 -0.00184915 0.00390522 -0.00184915 0.0043455)
(0.00372144 -0.00225098 0.00381259 -0.00225098 0.0089834 0.000656639 0.00381259 0.000656639 0.00824352)
(0.0107668 -0.00107494 0.00384692 -0.00107494 0.00863555 0.000697203 0.00384692 0.000697203 0.00514603)
(0.00902458 0.00210843 0.0043124 0.00210843 0.00698696 -0.000163111 0.0043124 -0.000163111 0.00670638)
(0.00970009 0.000971685 0.00440842 0.000971685 0.00631806 0.0012982 0.00440842 0.0012982 0.00761502)
(0.0118946 -0.000807972 0.00417682 -0.000807972 0.00857314 -0.00185155 0.00417682 -0.00185155 0.00744539)
(0.00933695 0.00111306 0.00410944 0.00111306 0.00698261 -0.000656187 0.00410944 -0.000656187 0.00659124)
(0.0208335 -0.00686382 0.00546631 -0.00686382 0.0110704 -0.00264232 0.00546631 -0.00264232 0.0111762)
(0.0147385 -0.00641927 0.00417651 -0.00641927 0.0112998 -0.0033407 0.00417651 -0.0033407 0.00838049)
(0.00310868 -0.00344695 0.00429827 -0.00344695 0.00976576 -0.00312837 0.00429827 -0.00312837 0.00539616)
(0.00933729 -0.000414209 0.004707 -0.000414209 0.00837514 -3.26447e-05 0.004707 -3.26447e-05 0.00624733)
(0.0125087 -0.00324942 0.00177236 -0.00324942 0.0109104 0.000245012 0.00177236 0.000245012 0.00573461)
(0.0146042 -0.00109402 0.00370729 -0.00109402 0.00924564 -0.00168237 0.00370729 -0.00168237 0.0039873)
(0.0091727 -0.00406792 0.00499493 -0.00406792 0.0103511 -0.00144858 0.00499493 -0.00144858 0.00833983)
(0.010645 0.00210182 0.00434534 0.00210182 0.00711957 -9.56599e-05 0.00434534 -9.56599e-05 0.00641293)
(0.0135072 6.59423e-05 0.00272216 6.59423e-05 0.00676072 0.00268246 0.00272216 0.00268246 0.0083541)
(0.0173721 -0.00697248 0.00574045 -0.00697248 0.0106877 -0.00359324 0.00574045 -0.00359324 0.00902982)
(0.00635062 -0.000751976 0.00335999 -0.000751976 0.00751232 -0.00389174 0.00335999 -0.00389174 0.00556936)
(0.00814114 -0.00366673 0.00494716 -0.00366673 0.010111 -0.00180283 0.00494716 -0.00180283 0.006485)
(0.000780008 -0.00217318 0.00500163 -0.00217318 0.00909428 -0.000876904 0.00500163 -0.000876904 0.00769777)
(0.00596932 -0.00467202 -0.0017647 -0.00467202 0.0113318 0.000407303 -0.0017647 0.000407303 0.00951356)
(0.0203651 -0.00355559 0.00432912 -0.00355559 0.00978627 -0.00250498 0.00432912 -0.00250498 0.00879337)
(0.0174235 -0.00580042 0.00646989 -0.00580042 0.0112553 -0.00239787 0.00646989 -0.00239787 0.0111371)
(0.00877763 -0.0034134 0.00486066 -0.0034134 0.0105384 -0.00157569 0.00486066 -0.00157569 0.00726329)
(0.0071472 -0.0024749 0.00449802 -0.0024749 0.00963704 -0.000102337 0.00449802 -0.000102337 0.00774499)
(0.0079836 -0.000744495 0.00498611 -0.000744495 0.00874754 -0.000541007 0.00498611 -0.000541007 0.00704721)
(0.0104957 -0.00450065 0.0051649 -0.00450065 0.00990363 -0.00185574 0.0051649 -0.00185574 0.00876975)
(0.0209808 -0.00495051 0.0007446 -0.00495051 0.00925371 -0.00461413 0.0007446 -0.00461413 0.00608336)
(0.012706 -0.00370221 -6.17672e-05 -0.00370221 0.00306695 -0.00255693 -6.17672e-05 -0.00255693 0.00951607)
(0.010583 -0.00260502 -0.00159927 -0.00260502 0.00853485 -0.00126833 -0.00159927 -0.00126833 0.00383178)
(0.0191115 -0.00216109 0.00400411 -0.00216109 0.0091145 -0.00319359 0.00400411 -0.00319359 0.00615096)
(0.02389 -0.000907362 0.00152023 -0.000907362 0.00795519 0.00183069 0.00152023 0.00183069 0.00808494)
(0.0232285 -0.00102081 0.00216284 -0.00102081 0.00843131 0.0010217 0.00216284 0.0010217 0.00705632)
(0.0199568 -0.0020382 -0.00185228 -0.0020382 0.00743489 0.00227487 -0.00185228 0.00227487 0.00958412)
(0.013666 -0.00148827 -7.77142e-05 -0.00148827 0.00784674 0.000361378 -7.77142e-05 0.000361378 0.00809521)
(0.0143655 -0.00601884 -0.00110937 -0.00601884 0.00952973 -0.00311895 -0.00110937 -0.00311895 0.00514029)
(0.0183009 -0.00229964 0.00274318 -0.00229964 0.00919287 -0.000635243 0.00274318 -0.000635243 0.00855101)
(0.0160667 0.00103919 0.00331663 0.00103919 0.00597886 -0.00187148 0.00331663 -0.00187148 0.00759738)
(0.0110172 -0.00609282 -2.31797e-05 -0.00609282 0.00991668 -0.00340073 -2.31797e-05 -0.00340073 0.00486705)
(0.0188922 -0.00597575 -0.000752099 -0.00597575 0.00998659 -0.0027615 -0.000752099 -0.0027615 0.00630059)
(0.0122059 0.000515533 0.00565189 0.000515533 0.00842968 -0.00161755 0.00565189 -0.00161755 0.00646708)
(0.0013273 -0.00255301 0.0049311 -0.00255301 0.00943637 -0.0015252 0.0049311 -0.0015252 0.00867629)
(0.0118158 -0.00119244 0.00375738 -0.00119244 0.0087054 -0.000524107 0.00375738 -0.000524107 0.00692357)
(0.0110978 0.0024064 0.0033875 0.0024064 0.00702511 -0.000453948 0.0033875 -0.000453948 0.00743391)
(0.0140585 -0.00357667 -0.000460537 -0.00357667 0.00834002 -0.0022303 -0.000460537 -0.0022303 0.00366853)
(0.0143473 0.00114437 0.00328392 0.00114437 0.0100118 -0.000931822 0.00328392 -0.000931822 0.00416295)
(0.00684816 -0.00471062 -0.00525801 -0.00471062 0.011112 -0.000516325 -0.00525801 -0.000516325 0.0106851)
(0.0178396 -0.00515515 0.000947556 -0.00515515 0.00862547 -0.00326883 0.000947556 -0.00326883 0.00495321)
(0.0219071 -0.00618568 0.000789847 -0.00618568 0.00909864 -0.00348874 0.000789847 -0.00348874 0.00446727)
(0.0072456 -0.00500877 0.00155651 -0.00500877 0.0092713 -0.00286111 0.00155651 -0.00286111 0.00615098)
(0.0110185 -0.00137533 0.00515191 -0.00137533 0.00912208 -0.001746 0.00515191 -0.001746 0.00869188)
(0.0131552 -0.00111945 0.0028802 -0.00111945 0.0106318 -0.00180228 0.0028802 -0.00180228 0.00803106)
(0.0109651 -0.000492746 0.00200368 -0.000492746 0.00774367 0.000391846 0.00200368 0.000391846 0.0062184)
(0.0125405 -0.00244735 0.00427991 -0.00244735 0.00979197 -0.00217712 0.00427991 -0.00217712 0.00712577)
(0.00199989 -0.000355355 8.93436e-05 -0.000355355 0.00263746 -0.000770504 8.93436e-05 -0.000770504 0.00187259)
(0.00911157 -0.00211507 -0.000769883 -0.00211507 0.00729357 -0.000752511 -0.000769883 -0.000752511 0.00213071)
(0.0245519 -0.00340315 0.00304231 -0.00340315 0.00816845 -0.00282198 0.00304231 -0.00282198 0.00717452)
(0.0123703 -0.000482683 0.0037401 -0.000482683 0.00628182 -0.00379158 0.0037401 -0.00379158 0.0070394)
(0.00929944 -0.00314304 0.00302753 -0.00314304 0.00971591 -0.00228614 0.00302753 -0.00228614 0.00860173)
(0.00411905 -0.00372995 0.00316634 -0.00372995 0.00953022 -0.00245623 0.00316634 -0.00245623 0.0072674)
(0.0171522 0.00199399 0.00261541 0.00199399 0.00995814 -0.00180443 0.00261541 -0.00180443 0.00676178)
(0.00521833 -0.00455262 -0.00245647 -0.00455262 0.0103971 0.000691548 -0.00245647 0.000691548 0.00936708)
(0.0269204 -0.0068894 0.00199875 -0.0068894 0.0105611 -0.00264953 0.00199875 -0.00264953 0.00862819)
(0.0139729 -0.00357332 0.00328148 -0.00357332 0.00993023 -0.00191387 0.00328148 -0.00191387 0.00853393)
(0.0112975 -0.000444557 0.00221511 -0.000444557 0.00845854 -0.00105323 0.00221511 -0.00105323 0.00872294)
(0.00602413 0.000401267 -0.000429795 0.000401267 0.00717486 -0.00139643 -0.000429795 -0.00139643 0.00338429)
(0.0114681 -0.00217936 0.0031862 -0.00217936 0.00763626 -0.00179854 0.0031862 -0.00179854 0.00682564)
(0.0194859 -0.00343833 0.00243762 -0.00343833 0.00631175 -0.00227096 0.00243762 -0.00227096 0.00850888)
(0.0174925 -0.00350182 -0.000388753 -0.00350182 0.00823447 -0.00198665 -0.000388753 -0.00198665 0.00971946)
(0.0113306 -0.00503729 -0.00540346 -0.00503729 0.0118044 -0.00314669 -0.00540346 -0.00314669 0.00907164)
(0.0164067 -0.0021808 0.00379487 -0.0021808 0.0089653 -0.00247086 0.00379487 -0.00247086 0.00597962)
(0.0132289 0.00145318 0.000625519 0.00145318 0.00614702 0.00323853 0.000625519 0.00323853 0.00875572)
(0.0176216 -0.00287541 0.00160508 -0.00287541 0.00886933 0.00202488 0.00160508 0.00202488 0.008198)
(0.0212848 -0.00309467 -0.00177645 -0.00309467 0.00943635 0.00177373 -0.00177645 0.00177373 0.00629917)
(0.0120172 0.00210974 0.00326915 0.00210974 0.00528111 0.00257836 0.00326915 0.00257836 0.00772255)
(0.0090603 -0.00621788 0.000873145 -0.00621788 0.00976477 -0.00439964 0.000873145 -0.00439964 0.00513043)
(0.015236 0.000591511 0.00148545 0.000591511 0.00643352 0.00299943 0.00148545 0.00299943 0.00782954)
(0.00382649 0.000113369 -0.0001114 0.000113369 0.003058 -0.00119636 -0.0001114 -0.00119636 0.00313679)
(0.00978682 -0.00635332 0.00098528 -0.00635332 0.00976606 -0.00367135 0.00098528 -0.00367135 0.0053019)
(0.00961899 -0.00551856 -0.000405459 -0.00551856 0.00836342 -0.00336832 -0.000405459 -0.00336832 0.00478326)
(0.00983125 -0.00179399 0.00471208 -0.00179399 0.00907589 -0.000637535 0.00471208 -0.000637535 0.00728784)
(0.0104771 -0.00436905 0.0049005 -0.00436905 0.00998762 -0.00208922 0.0049005 -0.00208922 0.00832578)
(0.0189787 -0.00394038 0.00257115 -0.00394038 0.0100611 -0.000133811 0.00257115 -0.000133811 0.00633244)
(0.0132692 -0.00177505 -0.00356252 -0.00177505 0.00824606 0.00252526 -0.00356252 0.00252526 0.008272)
(0.0103437 0.00215322 0.00276828 0.00215322 0.00545879 0.00168536 0.00276828 0.00168536 0.0062536)
(0.0207616 0.00276482 0.00551271 0.00276482 0.00732148 4.13992e-05 0.00551271 4.13992e-05 0.00332151)
(0.00650738 -0.00469344 -0.00336205 -0.00469344 0.0112661 -0.00035947 -0.00336205 -0.00035947 0.00790443)
(0.00495861 -0.00251596 0.0010311 -0.00251596 0.00962588 -0.000523056 0.0010311 -0.000523056 0.0025123)
(0.0203788 -0.0063968 0.000547756 -0.0063968 0.0096963 -0.00437347 0.000547756 -0.00437347 0.00486691)
(0.00843878 -0.00431253 0.0047449 -0.00431253 0.0103095 -0.00250792 0.0047449 -0.00250792 0.00831637)
(0.0198231 -0.00389255 -0.000498869 -0.00389255 0.0090941 0.00197606 -0.000498869 0.00197606 0.00616416)
(0.0155952 -0.00192903 0.00060576 -0.00192903 0.00849639 0.00204089 0.00060576 0.00204089 0.00507449)
(0.0109365 0.000638805 0.00159955 0.000638805 0.00661157 0.000598058 0.00159955 0.000598058 0.00462194)
(0.0139089 -0.00394771 0.00379325 -0.00394771 0.00982993 -0.00184383 0.00379325 -0.00184383 0.00637369)
(0.0069057 -0.00302578 -6.20903e-05 -0.00302578 0.00966183 0.000185923 -6.20903e-05 0.000185923 0.00321807)
(0.00929121 0.00289428 0.00378755 0.00289428 0.00563031 0.0013818 0.00378755 0.0013818 0.00500301)
(0.0104197 -0.00527084 0.00146428 -0.00527084 0.00915029 -0.00307051 0.00146428 -0.00307051 0.00594078)
(0.0227232 -0.00112691 0.00256262 -0.00112691 0.00767776 -0.00386006 0.00256262 -0.00386006 0.00640424)
(0.00885866 -0.00295258 0.00491919 -0.00295258 0.0104128 -0.00197942 0.00491919 -0.00197942 0.00611385)
(0.00580317 -0.000543777 0.000141546 -0.000543777 0.00774435 -0.00165148 0.000141546 -0.00165148 0.00526905)
(0.0150453 -0.000611505 0.00125068 -0.000611505 0.0111242 -0.00164894 0.00125068 -0.00164894 0.00842449)
(0.00893452 -0.00228414 0.000363067 -0.00228414 0.0111934 -0.00135142 0.000363067 -0.00135142 0.00483411)
(0.0107383 -0.00727098 0.000751508 -0.00727098 0.0107771 -0.00351289 0.000751508 -0.00351289 0.00605885)
(0.0137052 -0.00497436 0.00386655 -0.00497436 0.00970559 -0.0023015 0.00386655 -0.0023015 0.00738948)
(0.00893317 -0.0054714 -0.000593275 -0.0054714 0.0114006 0.00079482 -0.000593275 0.00079482 0.00583649)
(0.00772392 -0.00525019 -0.00141005 -0.00525019 0.0113736 0.000386167 -0.00141005 0.000386167 0.00653763)
(0.00182112 0.000334345 -0.000265177 0.000334345 0.00218985 -0.00047069 -0.000265177 -0.00047069 0.00230049)
(0.0158376 -0.00547254 0.00158229 -0.00547254 0.00768835 -0.00306309 0.00158229 -0.00306309 0.00697727)
(0.0128054 -0.00407534 -0.00165186 -0.00407534 0.00720416 -0.0024957 -0.00165186 -0.0024957 0.00842569)
(0.00870403 -0.00345064 0.0011932 -0.00345064 0.0111751 -0.00250838 0.0011932 -0.00250838 0.00655088)
(0.00471366 0.000543898 0.00135383 0.000543898 0.00234829 -0.00143856 0.00135383 -0.00143856 0.00366619)
(0.0224574 -0.000107279 -0.00295408 -0.000107279 0.00627821 0.00460018 -0.00295408 0.00460018 0.00981981)
(0.0190716 -0.00248041 0.00184464 -0.00248041 0.00922262 0.000606631 0.00184464 0.000606631 0.00821135)
(0.0218529 -0.00323361 -0.000298379 -0.00323361 0.00930612 0.00172359 -0.000298379 0.00172359 0.00828174)
(0.0165551 0.00279658 0.00134309 0.00279658 0.00510408 0.000260615 0.00134309 0.000260615 0.0106371)
(0.00484798 -0.00175535 0.00338656 -0.00175535 0.00282173 -0.00180175 0.00338656 -0.00180175 0.00674421)
(0.00662295 -0.00178271 -9.56543e-05 -0.00178271 0.00958748 -0.0038178 -9.56543e-05 -0.0038178 0.00600155)
(0.0116581 -0.00205777 0.00131425 -0.00205777 0.00885849 -0.00190828 0.00131425 -0.00190828 0.00856497)
(0.00797079 -0.00272568 -0.000112607 -0.00272568 0.00677135 -0.00299228 -0.000112607 -0.00299228 0.0071006)
(0.0110482 -0.00255731 0.00133025 -0.00255731 0.00544512 -0.00213955 0.00133025 -0.00213955 0.00891755)
(0.00978162 -0.00160382 0.00387267 -0.00160382 0.00884819 -0.00135055 0.00387267 -0.00135055 0.00731219)
(0.00617485 0.0011413 -0.000704238 0.0011413 0.00233831 -0.000299274 -0.000704238 -0.000299274 0.00620036)
(0.0117824 -0.00420485 -0.00376352 -0.00420485 0.0116971 -0.00234142 -0.00376352 -0.00234142 0.00911637)
(0.0210686 0.000593803 -0.00115335 0.000593803 0.00739795 0.00234381 -0.00115335 0.00234381 0.00531691)
(0.00643927 -0.00192204 0.00177817 -0.00192204 0.00463324 -0.00182138 0.00177817 -0.00182138 0.00700964)
(0.0119895 -0.00458321 0.00482764 -0.00458321 0.0100646 -0.00269849 0.00482764 -0.00269849 0.00847274)
(0.00563523 -0.00232165 -4.59393e-05 -0.00232165 0.0104716 -1.9907e-05 -4.59393e-05 -1.9907e-05 0.00553797)
(0.00534771 -0.00396191 2.53692e-05 -0.00396191 0.00938715 0.000905731 2.53692e-05 0.000905731 0.00639365)
(0.0212016 -0.00133961 0.00154239 -0.00133961 0.00775909 -0.00346437 0.00154239 -0.00346437 0.00690437)
(0.0159941 -0.00643528 0.00180396 -0.00643528 0.0108695 -0.00311325 0.00180396 -0.00311325 0.00733174)
(0.0171183 -0.00181525 -0.0020326 -0.00181525 0.00658528 0.00354744 -0.0020326 0.00354744 0.00857041)
(0.0181805 -0.00210563 -0.000982064 -0.00210563 0.00830169 0.00142489 -0.000982064 0.00142489 0.00816783)
(0.0178331 -0.00212354 0.000801593 -0.00212354 0.00735313 -0.00108489 0.000801593 -0.00108489 0.00396676)
(0.0202585 -0.00352206 0.00162618 -0.00352206 0.00956827 -0.000796235 0.00162618 -0.000796235 0.0084945)
(0.0148167 -0.00305469 0.00297089 -0.00305469 0.00935085 -0.00216796 0.00297089 -0.00216796 0.009618)
(0.00555197 -0.00558144 -0.00191814 -0.00558144 0.0112692 -0.000173115 -0.00191814 -0.000173115 0.00708997)
(0.0115469 -2.85134e-05 0.00111703 -2.85134e-05 0.00530692 -0.00178 0.00111703 -0.00178 0.00328643)
(0.0117563 -0.00105994 0.00261662 -0.00105994 0.00533338 -0.00175589 0.00261662 -0.00175589 0.00560261)
(0.0108263 -0.00385782 0.00357535 -0.00385782 0.00974622 -0.00217853 0.00357535 -0.00217853 0.00775045)
(0.0140547 -0.00297786 0.00115288 -0.00297786 0.0107566 -0.00124819 0.00115288 -0.00124819 0.00842272)
(0.0150092 4.66574e-05 0.0012201 4.66574e-05 0.00823068 0.00103316 0.0012201 0.00103316 0.00614866)
(0.0128758 0.000576671 0.00384029 0.000576671 0.00786705 -0.00131681 0.00384029 -0.00131681 0.00528071)
(0.0108672 -0.00157066 0.00367731 -0.00157066 0.00706051 -0.000971817 0.00367731 -0.000971817 0.00702778)
(0.0135159 -0.00289917 0.000609741 -0.00289917 0.00736881 -0.00320771 0.000609741 -0.00320771 0.00516895)
(0.00719919 -0.000450085 0.00044572 -0.000450085 0.00609638 -0.000889307 0.00044572 -0.000889307 0.00805422)
(0.014591 0.00108237 0.00341732 0.00108237 0.00975091 -0.00015707 0.00341732 -0.00015707 0.00438118)
(0.00185234 0.000289247 0.000503026 0.000289247 0.000982369 0.000208749 0.000503026 0.000208749 0.00173235)
(0.0196804 -0.00396885 0.00168237 -0.00396885 0.0074055 -0.00267677 0.00168237 -0.00267677 0.00705698)
(0.0171718 -0.00419442 -0.0013747 -0.00419442 0.00741661 -0.00231396 -0.0013747 -0.00231396 0.00842153)
(0.0172889 0.00296981 0.00446292 0.00296981 0.00578482 0.000963319 0.00446292 0.000963319 0.00404078)
(0.00901985 -0.00249207 0.000170925 -0.00249207 0.0085599 -0.00155261 0.000170925 -0.00155261 0.00508074)
(0.0152242 -0.000791746 -0.00277705 -0.000791746 0.00765423 0.00280853 -0.00277705 0.00280853 0.00988196)
(0.0157526 7.90693e-05 0.00158064 7.90693e-05 0.0065714 0.00307066 0.00158064 0.00307066 0.00881293)
(0.0136482 0.00182082 0.00231131 0.00182082 0.00528288 0.00339342 0.00231131 0.00339342 0.00883624)
(0.00967363 0.000462337 -0.0022616 0.000462337 0.00473502 0.00198174 -0.0022616 0.00198174 0.0100882)
(0.00766947 -0.00163305 0.00348228 -0.00163305 0.00325053 -0.00308928 0.00348228 -0.00308928 0.00957532)
(0.00749518 0.000401962 0.000185234 0.000401962 0.00616721 0.00199151 0.000185234 0.00199151 0.00374145)
(0.0112483 0.000121885 0.000821136 0.000121885 0.00644008 0.000416012 0.000821136 0.000416012 0.00513245)
(0.00406207 -0.00290478 0.00147709 -0.00290478 0.00753151 -0.00102459 0.00147709 -0.00102459 0.00964292)
(0.00652402 -0.00462569 -0.000263336 -0.00462569 0.00745475 -0.00378976 -0.000263336 -0.00378976 0.00645262)
(0.011452 -0.00264513 0.00282909 -0.00264513 0.00927213 -0.00179611 0.00282909 -0.00179611 0.0078439)
(0.0181322 0.000801061 0.000529159 0.000801061 0.0101203 -0.00340507 0.000529159 -0.00340507 0.00821214)
(0.0072871 -0.00021871 -7.39135e-05 -0.00021871 0.0064641 -0.000207881 -7.39135e-05 -0.000207881 0.00769906)
(0.0208614 -0.00139249 -0.00105478 -0.00139249 0.00877066 0.00177375 -0.00105478 0.00177375 0.00455164)
(0.0102803 -0.00284367 -0.00176639 -0.00284367 0.0112428 -0.00156795 -0.00176639 -0.00156795 0.00758224)
(0.010055 -0.00395244 -0.000500997 -0.00395244 0.00770985 0.00177806 -0.000500997 0.00177806 0.00500154)
(0.0136674 0.00283294 0.00340961 0.00283294 0.0055039 0.00146327 0.00340961 0.00146327 0.0045921)
(0.00394548 -0.00548015 -0.000696941 -0.00548015 0.0101214 0.000931589 -0.000696941 0.000931589 0.00411842)
(0.0129566 -0.00331183 0.0012573 -0.00331183 0.00915494 -0.00435857 0.0012573 -0.00435857 0.00525361)
(0.0130909 -0.00676146 -0.000239656 -0.00676146 0.009733 -0.00386085 -0.000239656 -0.00386085 0.00507896)
(0.0158728 -0.00486511 0.00395118 -0.00486511 0.00975374 -0.0022376 0.00395118 -0.0022376 0.00856132)
(0.0188476 -0.00231812 0.000848012 -0.00231812 0.00860534 0.00104082 0.000848012 0.00104082 0.00471061)
(0.00989016 -0.00147759 0.000304114 -0.00147759 0.00443363 -0.00109328 0.000304114 -0.00109328 0.00916949)
(0.0124047 -0.000175379 0.00345973 -0.000175379 0.00747315 0.000476748 0.00345973 0.000476748 0.00775298)
(0.013359 -0.00459778 0.00358768 -0.00459778 0.00985971 -0.00216087 0.00358768 -0.00216087 0.00804511)
(0.00998826 -0.00541837 -0.00162201 -0.00541837 0.0117526 0.000392364 -0.00162201 0.000392364 0.00779784)
(0.00415054 -0.000884561 0.000244332 -0.000884561 0.00532854 0.00131888 0.000244332 0.00131888 0.002177)
(0.012664 -0.00524234 0.00276368 -0.00524234 0.0101983 -0.00282073 0.00276368 -0.00282073 0.00695448)
(0.0115923 -0.00310805 9.9523e-05 -0.00310805 0.00760052 -0.000409425 9.9523e-05 -0.000409425 0.00625041)
(0.00756029 0.00112752 0.000487611 0.00112752 0.00650096 0.00160948 0.000487611 0.00160948 0.00314904)
(0.0131471 0.000866261 0.000398409 0.000866261 0.00725272 0.00127827 0.000398409 0.00127827 0.00620434)
(0.00838815 0.00262513 0.00295001 0.00262513 0.00550466 0.00100085 0.00295001 0.00100085 0.00471096)
(0.0135538 -0.00174041 0.00141712 -0.00174041 0.00797919 -0.00189002 0.00141712 -0.00189002 0.00684302)
(0.0103659 -0.00270656 0.00315863 -0.00270656 0.00614236 -0.00301342 0.00315863 -0.00301342 0.00595328)
(0.0107626 -0.00240867 0.00164743 -0.00240867 0.0084913 -0.00283553 0.00164743 -0.00283553 0.00658411)
(0.00397196 0.000238901 -0.000537903 0.000238901 0.00416321 0.000166111 -0.000537903 0.000166111 0.00267154)
(0.00844058 0.00130624 0.00160014 0.00130624 0.00586458 0.00172435 0.00160014 0.00172435 0.00552785)
(0.0161139 -0.00515067 0.00203505 -0.00515067 0.00722471 -0.00303594 0.00203505 -0.00303594 0.00755377)
(0.0199631 -0.00413761 -0.000749406 -0.00413761 0.00807217 -0.00234669 -0.000749406 -0.00234669 0.00809903)
(0.0142463 0.00113259 0.00306807 0.00113259 0.0105032 -0.00180764 0.00306807 -0.00180764 0.00513192)
(0.0116948 -0.00187998 -0.00207763 -0.00187998 0.00725851 -0.00220367 -0.00207763 -0.00220367 0.00440919)
(0.0185341 0.000453763 -0.000293029 0.000453763 0.00574023 0.00420023 -0.000293029 0.00420023 0.0104266)
(0.0121353 -0.00179419 0.00222576 -0.00179419 0.010139 -0.0024828 0.00222576 -0.0024828 0.0128966)
(0.00810204 -0.00350644 -0.00391127 -0.00350644 0.0110897 -0.00196498 -0.00391127 -0.00196498 0.00863446)
(0.0207088 -0.00376206 -0.00495514 -0.00376206 0.00698225 0.00443399 -0.00495514 0.00443399 0.00856359)
(0.0229961 -0.00111407 0.00148447 -0.00111407 0.00752845 -0.00310226 0.00148447 -0.00310226 0.00776887)
(0.0109437 0.00139201 0.00178595 0.00139201 0.00659477 0.00111584 0.00178595 0.00111584 0.00580418)
(0.0168383 -0.00229116 -0.000190013 -0.00229116 0.00709042 -0.000364079 -0.000190013 -0.000364079 0.00449038)
(0.00412544 -0.00246821 -0.000170854 -0.00246821 0.0064152 0.000342208 -0.000170854 0.000342208 0.0102732)
(0.00768234 -0.00557231 -0.000723474 -0.00557231 0.00923517 -0.00364431 -0.000723474 -0.00364431 0.00468005)
(0.0080391 -0.00139656 0.00110385 -0.00139656 0.00802472 -0.00187733 0.00110385 -0.00187733 0.00668337)
(0.0107669 -0.00359577 -0.00313598 -0.00359577 0.00938962 -0.00363459 -0.00313598 -0.00363459 0.00788628)
(0.0174268 -0.00157385 0.00265209 -0.00157385 0.00972707 -0.000395326 0.00265209 -0.000395326 0.0045888)
(0.0100563 7.61142e-05 -0.00377073 7.61142e-05 0.00609491 0.00252368 -0.00377073 0.00252368 0.00823076)
(0.014989 0.00033832 0.00112269 0.00033832 0.0110298 -0.00290962 0.00112269 -0.00290962 0.00726586)
(0.00657983 -0.00470892 -0.00311866 -0.00470892 0.0111825 -0.00126869 -0.00311866 -0.00126869 0.00805297)
(0.00368656 0.000126358 0.000716094 0.000126358 0.00607052 0.00102615 0.000716094 0.00102615 0.00272918)
(0.0111589 -0.00235316 0.000608919 -0.00235316 0.0106117 -0.000614169 0.000608919 -0.000614169 0.00728097)
(0.00583574 -6.42706e-05 0.000327885 -6.42706e-05 0.00652702 -0.00163828 0.000327885 -0.00163828 0.0039704)
(0.00352209 -0.000225827 0.00165607 -0.000225827 0.00429554 -0.0019502 0.00165607 -0.0019502 0.00719193)
(0.0196365 -0.00560993 0.00303941 -0.00560993 0.0101691 -0.00289473 0.00303941 -0.00289473 0.00791846)
(0.0129947 -0.00443199 0.00196837 -0.00443199 0.00903492 -0.00137051 0.00196837 -0.00137051 0.0069856)
(0.0137834 -0.00189709 0.0017118 -0.00189709 0.0106036 -0.000848085 0.0017118 -0.000848085 0.00899278)
(0.00260581 -0.00464008 -0.00262944 -0.00464008 0.0101713 -0.001806 -0.00262944 -0.001806 0.00975997)
(0.0156038 -0.00203084 -0.00315418 -0.00203084 0.00649287 0.00265219 -0.00315418 0.00265219 0.00836588)
(0.00885421 -0.00549969 -0.000888322 -0.00549969 0.0112745 2.00793e-06 -0.000888322 2.00793e-06 0.00711365)
(0.000590588 -0.000869702 0.000432082 -0.000869702 0.0067783 -0.00178543 0.000432082 -0.00178543 0.00351224)
(0.0135915 -0.00494522 0.00378408 -0.00494522 0.010187 -0.00265539 0.00378408 -0.00265539 0.00820348)
(0.00972618 -0.00284838 0.00050832 -0.00284838 0.00931312 0.00086182 0.00050832 0.00086182 0.00691173)
(0.0182008 0.000346263 0.00429177 0.000346263 0.00764311 -0.000749641 0.00429177 -0.000749641 0.00839692)
(0.0176856 -0.000245044 0.00211601 -0.000245044 0.00858617 0.000686287 0.00211601 0.000686287 0.00502925)
(0.00358615 -0.00524413 -0.00244164 -0.00524413 0.0111513 -0.000945846 -0.00244164 -0.000945846 0.00758292)
(0.00552268 -0.000190044 0.00167899 -0.000190044 0.00386732 -0.000299227 0.00167899 -0.000299227 0.00234846)
(0.0106229 -0.00296656 0.00215622 -0.00296656 0.00587619 -0.00334524 0.00215622 -0.00334524 0.00480652)
(0.00494581 -0.00198426 0.00149733 -0.00198426 0.00398747 0.000490341 0.00149733 0.000490341 0.0114872)
(0.0097055 -0.00118855 0.00229792 -0.00118855 0.00842138 -0.00165513 0.00229792 -0.00165513 0.0070287)
(0.00759314 0.00117561 0.00121297 0.00117561 0.00634502 0.000302915 0.00121297 0.000302915 0.00439041)
(0.0180945 -0.00271934 0.00359273 -0.00271934 0.00554128 -0.00243219 0.00359273 -0.00243219 0.00896729)
(0.0184107 -0.00505375 -0.000626314 -0.00505375 0.00900053 -0.00289657 -0.000626314 -0.00289657 0.00567859)
(0.0115783 -0.00044023 -0.00162615 -0.00044023 0.00757202 -0.00290298 -0.00162615 -0.00290298 0.00468607)
(0.0122237 -0.000466595 0.00159036 -0.000466595 0.0109532 -0.00267904 0.00159036 -0.00267904 0.00654668)
(0.0157993 0.000752373 0.00111665 0.000752373 0.00573233 0.0032493 0.00111665 0.0032493 0.0090412)
(0.015934 -0.000480829 0.00207982 -0.000480829 0.00944723 -0.00279542 0.00207982 -0.00279542 0.0120874)
(0.00880934 -0.00194917 0.00027738 -0.00194917 0.0101818 -0.00197572 0.00027738 -0.00197572 0.00917549)
(0.0132525 0.000840167 0.00039115 0.000840167 0.00501953 0.00387544 0.00039115 0.00387544 0.0102098)
(0.0136127 -0.00389003 0.00076106 -0.00389003 0.00928543 -0.00455549 0.00076106 -0.00455549 0.00513352)
(0.00773317 0.0013038 0.00029004 0.0013038 0.00593594 0.00290846 0.00029004 0.00290846 0.00689618)
(0.0117303 -0.000500683 -0.000722753 -0.000500683 0.00676662 0.00201609 -0.000722753 0.00201609 0.00585232)
(0.00472568 -0.0022452 -0.000340673 -0.0022452 0.00375092 -0.00228013 -0.000340673 -0.00228013 0.0102344)
(0.00503028 -0.00318034 -0.000585903 -0.00318034 0.00761798 -0.00318199 -0.000585903 -0.00318199 0.00602777)
(0.00139404 5.82002e-05 0.000128626 5.82002e-05 0.00339885 -0.000836679 0.000128626 -0.000836679 0.00127843)
(0.0120314 -0.00120451 0.000748826 -0.00120451 0.00644705 -0.00300084 0.000748826 -0.00300084 0.00826064)
(0.0159456 -0.001527 0.00356595 -0.001527 0.00902413 -0.000228892 0.00356595 -0.000228892 0.00765088)
(0.0119058 0.000672763 0.00442631 0.000672763 0.00375893 -0.00247535 0.00442631 -0.00247535 0.0103896)
(0.0186612 -0.00233485 0.000472648 -0.00233485 0.0082379 0.00101205 0.000472648 0.00101205 0.00466814)
(0.00813753 0.00233318 4.03905e-05 0.00233318 0.00551079 0.00236902 4.03905e-05 0.00236902 0.00683001)
(0.0052664 0.0014158 0.00108188 0.0014158 0.00512658 0.00102184 0.00108188 0.00102184 0.00401051)
(0.00743668 -0.00292336 -0.000542687 -0.00292336 0.0108494 -0.0010391 -0.000542687 -0.0010391 0.00498254)
(0.00625687 -0.00127411 0.000361003 -0.00127411 0.00665134 0.000884408 0.000361003 0.000884408 0.00514134)
(0.00422599 -0.00052893 0.00110161 -0.00052893 0.00663607 -0.00101281 0.00110161 -0.00101281 0.00724928)
(0.0142981 -0.000897759 0.00305472 -0.000897759 0.0080703 -0.00174139 0.00305472 -0.00174139 0.00706314)
(0.0150519 -0.000106971 -0.000444505 -0.000106971 0.00699628 -0.000448846 -0.000444505 -0.000448846 0.00497199)
(0.0113144 -0.00119174 8.57655e-06 -0.00119174 0.0107277 -0.00344932 8.57655e-06 -0.00344932 0.00686464)
(0.0133127 -0.00172552 -0.00178035 -0.00172552 0.0113185 -0.00187063 -0.00178035 -0.00187063 0.00752994)
(0.0116427 -0.00315029 -0.00382559 -0.00315029 0.0109263 -0.00199693 -0.00382559 -0.00199693 0.00810463)
(0.0108862 -0.00320239 0.000102751 -0.00320239 0.0112248 -0.000594035 0.000102751 -0.000594035 0.00671481)
(0.00434303 -0.00324882 0.00113869 -0.00324882 0.0059023 -0.00140543 0.00113869 -0.00140543 0.00189064)
(0.0132411 -0.00456005 0.00342141 -0.00456005 0.00966539 -0.00273127 0.00342141 -0.00273127 0.00693776)
(0.0206244 4.80423e-05 0.00513025 4.80423e-05 0.00818973 -0.00210968 0.00513025 -0.00210968 0.0060734)
(0.0160084 -0.00141991 0.00429214 -0.00141991 0.0087045 -0.00166957 0.00429214 -0.00166957 0.00707554)
(0.0134166 -0.00197783 0.00330325 -0.00197783 0.00924192 -0.00104794 0.00330325 -0.00104794 0.00654385)
(0.00120379 -0.00150294 0.000337146 -0.00150294 0.00883763 -0.00245103 0.000337146 -0.00245103 0.00461492)
(0.00735494 0.00146809 0.00144713 0.00146809 0.00748467 0.000974089 0.00144713 0.000974089 0.00395739)
(0.00867074 -0.000912092 0.00323685 -0.000912092 0.00645504 -0.00164041 0.00323685 -0.00164041 0.00800782)
(0.00524116 -0.00232369 -0.000677219 -0.00232369 0.00600106 -0.00325531 -0.000677219 -0.00325531 0.0050218)
(0.00451348 0.00173632 8.00733e-05 0.00173632 0.00375923 -0.000530502 8.00733e-05 -0.000530502 0.00391987)
(0.00492636 0.000777606 5.85224e-05 0.000777606 0.00570197 0.000902958 5.85224e-05 0.000902958 0.00268332)
(0.0159184 -0.00341414 0.00158868 -0.00341414 0.0071672 -0.00263756 0.00158868 -0.00263756 0.00747768)
(0.0139104 -0.00246763 0.00260483 -0.00246763 0.00532262 -0.00203431 0.00260483 -0.00203431 0.0047153)
(0.0105108 -0.00356147 0.000196014 -0.00356147 0.0095169 -0.00262372 0.000196014 -0.00262372 0.00654944)
(0.0134375 0.00204178 0.00385881 0.00204178 0.00628491 0.000244403 0.00385881 0.000244403 0.00599855)
(0.0161852 -0.00159593 0.00156019 -0.00159593 0.00805474 0.00150562 0.00156019 0.00150562 0.00850272)
(0.0107113 0.000841129 0.000968762 0.000841129 0.00518731 0.00253877 0.000968762 0.00253877 0.0105795)
(0.0161497 -0.00176508 0.000716764 -0.00176508 0.00790727 0.00189073 0.000716764 0.00189073 0.0075687)
(0.0132722 -0.00385316 0.000587391 -0.00385316 0.00836428 0.000266278 0.000587391 0.000266278 0.0115559)
(0.012993 -0.00276566 0.00189425 -0.00276566 0.00947267 0.00101845 0.00189425 0.00101845 0.00867327)
(0.0144782 -0.000186407 0.000708889 -0.000186407 0.0109023 -0.00215902 0.000708889 -0.00215902 0.0066144)
(0.0057881 -0.000412809 0.00101041 -0.000412809 0.00966211 -0.00298235 0.00101041 -0.00298235 0.00538865)
(0.00128804 0.00078709 -0.000139843 0.00078709 0.00489043 -0.000324332 -0.000139843 -0.000324332 0.00767268)
(0.00276044 -0.00127401 0.00138844 -0.00127401 0.00282857 -0.00260924 0.00138844 -0.00260924 0.00844349)
(0.00656454 0.000786597 0.000635209 0.000786597 0.00468245 0.00281578 0.000635209 0.00281578 0.00542232)
(0.0175569 0.000699746 -0.00157105 0.000699746 0.00516977 0.00328529 -0.00157105 0.00328529 0.00830438)
(0.0133357 0.00192473 0.00265647 0.00192473 0.00618788 0.00169745 0.00265647 0.00169745 0.00723331)
(0.00576287 -0.00355143 -0.00164049 -0.00355143 0.00926524 -0.00383801 -0.00164049 -0.00383801 0.00727833)
(0.00971104 0.00103182 0.000883799 0.00103182 0.00624563 0.0014398 0.000883799 0.0014398 0.0067931)
