/*--------------------------------*- C++ -*----------------------------------*\
  =========                 |
  \\      /  F ield         | OpenFOAM: The Open Source CFD Toolbox
   \\    /   O peration     | Website:  https://openfoam.org
    \\  /    A nd           | Version:  10
     \\/     M anipulation  |
\*---------------------------------------------------------------------------*/
FoamFile
{
    format      ascii;
    class       volTensorField;
    location    "6";
    object      TauNN;
}
// * * * * * * * * * * * * * * * * * * * * * * * * * * * * * * * * * * * * * //

dimensions      [0 2 -2 0 0 0 0];

internalField   nonuniform List<tensor> 
25600
(
(-0.000661986 -0.00289197 0.00527094 -0.00289197 0.00917257 -0.00192776 0.00527094 -0.00192776 0.00852981)
(-0.00105775 -0.00318035 0.00524887 -0.00318035 0.00931781 -0.00122248 0.00524887 -0.00122248 0.00938008)
(-0.00172605 -0.00287426 0.00523738 -0.00287426 0.00964518 -0.00116474 0.00523738 -0.00116474 0.00889465)
(-0.00162065 -0.0027956 0.00510404 -0.0027956 0.00908101 -0.00124732 0.00510404 -0.00124732 0.00892393)
(-0.00068176 -0.00100959 0.00457812 -0.00100959 0.00842482 -0.00159987 0.00457812 -0.00159987 0.00665013)
(-0.0001687 -0.00326441 0.00542762 -0.00326441 0.00947001 -0.0017866 0.00542762 -0.0017866 0.00899821)
(0.000691581 -0.00343963 0.00609136 -0.00343963 0.0101146 -0.00217691 0.00609136 -0.00217691 0.00932141)
(0.00250651 -0.00296139 0.0054239 -0.00296139 0.00942683 -0.00241643 0.0054239 -0.00241643 0.00862287)
(0.00213467 -0.0024698 0.00465292 -0.0024698 0.00824878 -0.00282922 0.00465292 -0.00282922 0.00613862)
(0.00257403 -0.00241075 0.00443664 -0.00241075 0.00757033 -0.00287124 0.00443664 -0.00287124 0.00575684)
(-0.000659171 -0.00319922 0.00548837 -0.00319922 0.00944138 -0.00181051 0.00548837 -0.00181051 0.00880027)
(-0.000444727 -0.00350081 0.00617137 -0.00350081 0.0099365 -0.00195782 0.00617137 -0.00195782 0.00905149)
(0.000338398 -0.00306752 0.00537116 -0.00306752 0.00924951 -0.0022123 0.00537116 -0.0022123 0.00850969)
(-0.000123082 -0.00244959 0.00484715 -0.00244959 0.00853811 -0.00255168 0.00484715 -0.00255168 0.00696482)
(0.000983886 -0.00239858 0.00434548 -0.00239858 0.00802155 -0.00282106 0.00434548 -0.00282106 0.00608132)
(0.00386482 -0.002914 0.00302694 -0.002914 0.00647871 -0.00321361 0.00302694 -0.00321361 0.00514096)
(-0.000889644 -0.00203493 0.00493937 -0.00203493 0.00868719 -0.00171293 0.00493937 -0.00171293 0.00775298)
(-0.00133755 -0.00269192 0.00615542 -0.00269192 0.00998474 -0.00206281 0.00615542 -0.00206281 0.00817073)
(-0.000742592 -0.00284452 0.00645465 -0.00284452 0.0101534 -0.00227907 0.00645465 -0.00227907 0.00856702)
(0.000920556 -0.0030018 0.00533746 -0.0030018 0.0092624 -0.00239214 0.00533746 -0.00239214 0.00834207)
(-0.000125888 -0.00219286 0.0049047 -0.00219286 0.00847307 -0.00237661 0.0049047 -0.00237661 0.00698461)
(-0.000347587 -0.00331457 0.00556127 -0.00331457 0.00951 -0.00188558 0.00556127 -0.00188558 0.0088715)
(-0.000636873 -0.00354721 0.00593346 -0.00354721 0.00965408 -0.00196724 0.00593346 -0.00196724 0.00876895)
(-0.00101757 -0.00346529 0.00618064 -0.00346529 0.00976999 -0.00205161 0.00618064 -0.00205161 0.00858356)
(-0.000154135 -0.0031355 0.00536612 -0.0031355 0.00931905 -0.00221785 0.00536612 -0.00221785 0.00836773)
(0.0016724 -0.00236592 0.00419639 -0.00236592 0.00790726 -0.00287328 0.00419639 -0.00287328 0.00572852)
(0.00268951 -0.00235259 0.00425119 -0.00235259 0.00744504 -0.00288756 0.00425119 -0.00288756 0.00557233)
(0.00219062 -0.00206955 0.00435652 -0.00206955 0.00759087 -0.00273093 0.00435652 -0.00273093 0.00566747)
(0.00398254 -0.00243509 0.00315477 -0.00243509 0.00661953 -0.00299827 0.00315477 -0.00299827 0.00510209)
(-0.00112088 -0.00273612 0.0052294 -0.00273612 0.00905823 -0.00169551 0.0052294 -0.00169551 0.00859876)
(-0.000821126 -0.00261638 0.00507325 -0.00261638 0.00877419 -0.00185905 0.00507325 -0.00185905 0.00800174)
(0.00024225 -0.00150958 0.00458237 -0.00150958 0.00816787 -0.00176047 0.00458237 -0.00176047 0.00670032)
(-0.00167145 -0.00293729 0.00501997 -0.00293729 0.00927794 -0.000972812 0.00501997 -0.000972812 0.0091982)
(-0.00121854 -0.0025634 0.00509383 -0.0025634 0.00897057 -0.0015522 0.00509383 -0.0015522 0.00867237)
(-0.000795426 -0.00129909 0.00468179 -0.00129909 0.00846255 -0.00132703 0.00468179 -0.00132703 0.00731596)
(-0.00165103 -0.00268806 0.00590486 -0.00268806 0.00991163 -0.00187255 0.00590486 -0.00187255 0.00827721)
(-7.16674e-05 -0.0035405 0.00571313 -0.0035405 0.00950066 -0.00195645 0.00571313 -0.00195645 0.0089478)
(0.00438366 -0.00302402 0.00262211 -0.00302402 0.00671649 -0.00322014 0.00262211 -0.00322014 0.00512083)
(0.000225014 -0.00227359 0.00426931 -0.00227359 0.00800803 -0.00263973 0.00426931 -0.00263973 0.00629813)
(-0.000912929 -0.00292434 0.00527958 -0.00292434 0.00921019 -0.00189541 0.00527958 -0.00189541 0.00848391)
(0.000291218 -0.0028765 0.00447237 -0.0028765 0.00935926 -0.00228443 0.00447237 -0.00228443 0.0087203)
(0.00147111 -0.00157741 0.00449324 -0.00157741 0.00842792 -0.00075489 0.00449324 -0.00075489 0.00851261)
(0.00278073 -0.00117611 0.00228936 -0.00117611 0.00842608 0.000599076 0.00228936 0.000599076 0.00860971)
(-0.000232196 -0.00125598 0.00429653 -0.00125598 0.00924057 -0.00124547 0.00429653 -0.00124547 0.00749346)
(0.00151574 -0.000952068 0.00381022 -0.000952068 0.00891909 -0.000684602 0.00381022 -0.000684602 0.00758815)
(0.00296577 -0.00107046 0.00408224 -0.00107046 0.00955037 -0.00129622 0.00408224 -0.00129622 0.00666376)
(0.00716735 0.000798176 0.00466216 0.000798176 0.00690583 -0.00235936 0.00466216 -0.00235936 0.00446845)
(0.0032764 -0.00159142 0.00493142 -0.00159142 0.00906821 -0.00299596 0.00493142 -0.00299596 0.00631166)
(3.01018e-05 -0.00300645 0.00663404 -0.00300645 0.0100789 -0.00284795 0.00663404 -0.00284795 0.00829494)
(0.00550657 -0.00494864 0.00219446 -0.00494864 0.00854984 -0.00314568 0.00219446 -0.00314568 0.00693897)
(0.000282899 -0.00137259 0.00573582 -0.00137259 0.00907211 -0.00237194 0.00573582 -0.00237194 0.00866526)
(-0.000396345 -0.00197591 0.00533822 -0.00197591 0.00977952 -0.00173982 0.00533822 -0.00173982 0.00744204)
(0.00221212 -0.00288684 0.00594346 -0.00288684 0.00991704 -0.00230498 0.00594346 -0.00230498 0.00844572)
(0.00224467 -0.000736073 0.0059256 -0.000736073 0.00823008 -0.00269546 0.0059256 -0.00269546 0.00671693)
(0.00361137 -0.00196957 0.00441709 -0.00196957 0.00752484 -0.00324647 0.00441709 -0.00324647 0.00680254)
(0.0145324 -0.00253162 0.000144385 -0.00253162 0.0083774 -0.00196383 0.000144385 -0.00196383 0.01153)
(0.00785712 -0.00111311 0.00586267 -0.00111311 0.00830707 -0.00107193 0.00586267 -0.00107193 0.00832656)
(0.00815318 -0.0012465 0.00393839 -0.0012465 0.00934634 -0.000973204 0.00393839 -0.000973204 0.00684918)
(0.00441161 -0.00192374 0.00454696 -0.00192374 0.00982984 -0.00151523 0.00454696 -0.00151523 0.00673437)
(0.00236791 -0.00295985 0.00616646 -0.00295985 0.00969006 -0.00243444 0.00616646 -0.00243444 0.00832168)
(-0.00154949 -0.0017828 0.00556433 -0.0017828 0.00895958 -0.00236524 0.00556433 -0.00236524 0.00847897)
(0.00118317 -0.000702168 0.00516322 -0.000702168 0.0088367 -0.00167433 0.00516322 -0.00167433 0.00635698)
(0.000359057 -0.00167755 0.00570082 -0.00167755 0.00893966 -0.00214926 0.00570082 -0.00214926 0.00678732)
(0.0025641 -0.000540781 0.00509308 -0.000540781 0.00800306 -0.00255199 0.00509308 -0.00255199 0.00537342)
(0.0027917 -0.000263481 0.00481964 -0.000263481 0.00758461 -0.00249233 0.00481964 -0.00249233 0.00506647)
(0.00424638 -0.000872399 0.00333426 -0.000872399 0.00715817 -0.00389712 0.00333426 -0.00389712 0.0058145)
(0.00185574 -0.00377903 0.00324577 -0.00377903 0.00898255 -0.00298202 0.00324577 -0.00298202 0.00714723)
(0.000179194 -0.00324162 0.00570537 -0.00324162 0.00965558 -0.00265518 0.00570537 -0.00265518 0.00797336)
(0.00371876 0.000206058 0.0040263 0.000206058 0.00546911 -0.00384173 0.0040263 -0.00384173 0.00598301)
(0.00167117 0.000468135 0.00507709 0.000468135 0.00860939 -0.00157565 0.00507709 -0.00157565 0.00688084)
(0.0002846 0.000496824 0.00601826 0.000496824 0.00814067 -0.00202443 0.00601826 -0.00202443 0.00712551)
(0.00066202 -0.00156016 0.00522395 -0.00156016 0.00913549 -0.00252405 0.00522395 -0.00252405 0.00854729)
(0.00337174 -0.00118948 0.00398563 -0.00118948 0.00891342 -0.000757992 0.00398563 -0.000757992 0.00764701)
(-9.14822e-05 -0.00166619 0.0047081 -0.00166619 0.00932316 -0.00153764 0.0047081 -0.00153764 0.00790028)
(0.000958755 -0.000414376 0.00366829 -0.000414376 0.00904535 -0.00142291 0.00366829 -0.00142291 0.00703532)
(0.00134774 -0.0020141 0.00467427 -0.0020141 0.00930834 -0.00136102 0.00467427 -0.00136102 0.00806253)
(0.0016107 -0.0029167 0.0063403 -0.0029167 0.00946312 -0.00218021 0.0063403 -0.00218021 0.007703)
(0.00316031 0.000735846 0.00457346 0.000735846 0.00406644 -0.00330384 0.00457346 -0.00330384 0.00556667)
(0.0067114 0.00017591 0.00488171 0.00017591 0.00595603 -0.00267611 0.00488171 -0.00267611 0.00822448)
(4.15239e-05 -0.00216246 0.00502359 -0.00216246 0.00941335 -0.00219474 0.00502359 -0.00219474 0.00830365)
(0.00482644 -0.00324417 0.00532172 -0.00324417 0.0100979 -0.00158451 0.00532172 -0.00158451 0.00758814)
(0.00944727 0.000254518 0.0046758 0.000254518 0.0083035 -0.000732624 0.0046758 -0.000732624 0.00704133)
(0.0131763 -0.000830411 0.00421828 -0.000830411 0.0082106 0.000452993 0.00421828 0.000452993 0.00773028)
(0.0146944 -0.00342848 0.00435675 -0.00342848 0.00923167 0.00025004 0.00435675 0.00025004 0.00970047)
(0.0116347 -0.00243091 0.00337477 -0.00243091 0.00964745 0.000455881 0.00337477 0.000455881 0.00741348)
(0.0124532 -0.00339098 0.00420259 -0.00339098 0.00971378 -0.000128386 0.00420259 -0.000128386 0.00817362)
(0.00729488 -0.00103165 0.000470776 -0.00103165 0.00296093 -0.000657883 0.000470776 -0.000657883 0.00526406)
(0.0158641 -0.00398166 0.0019934 -0.00398166 0.0109321 0.000767278 0.0019934 0.000767278 0.00482617)
(0.0191237 -0.00404548 0.0051199 -0.00404548 0.0100039 -0.0049303 0.0051199 -0.0049303 0.00740733)
(0.0164224 -0.00748665 0.00144069 -0.00748665 0.0105034 -0.00495607 0.00144069 -0.00495607 0.00612525)
(0.00596277 -0.00157112 0.00493796 -0.00157112 0.00886152 -0.00121331 0.00493796 -0.00121331 0.00654747)
(0.00882318 -0.000632657 0.00508517 -0.000632657 0.00786304 -0.000513605 0.00508517 -0.000513605 0.00710197)
(0.0125265 -0.00781922 0.00298744 -0.00781922 0.0109682 -0.00279023 0.00298744 -0.00279023 0.00858567)
(0.0130763 -0.00578303 0.00245707 -0.00578303 0.0105341 -0.00409832 0.00245707 -0.00409832 0.00532016)
(0.00948447 -0.000537224 0.0033402 -0.000537224 0.00808879 -0.0031069 0.0033402 -0.0031069 0.00490138)
(0.00136421 -0.00297083 0.00305494 -0.00297083 0.0087874 -0.00230562 0.00305494 -0.00230562 0.0046927)
(0.0234955 -0.00495427 0.00156142 -0.00495427 0.0102811 0.000949672 0.00156142 0.000949672 0.00756929)
(0.00838218 -0.0036957 0.000124748 -0.0036957 0.00793991 0.002084 0.000124748 0.002084 0.00731835)
(0.0178881 -0.0045235 0.000180779 -0.0045235 0.00798147 0.00199141 0.000180779 0.00199141 0.0073108)
(0.0112958 -0.00397393 0.00250514 -0.00397393 0.00971545 -0.00490046 0.00250514 -0.00490046 0.00520434)
(0.0140634 -0.00434911 0.00403345 -0.00434911 0.00986671 -0.000557389 0.00403345 -0.000557389 0.00753141)
(0.0181833 -0.00299682 0.003171 -0.00299682 0.0101009 -0.000816104 0.003171 -0.000816104 0.00384586)
(0.00811382 -0.0037632 0.00459827 -0.0037632 0.0106561 -0.0026022 0.00459827 -0.0026022 0.00609828)
(0.00646495 -0.00656169 0.00354269 -0.00656169 0.0111685 -0.00376045 0.00354269 -0.00376045 0.00629184)
(0.00694122 -0.00586165 0.00323137 -0.00586165 0.0108102 -0.00428188 0.00323137 -0.00428188 0.00593716)
(0.0149444 -0.000630196 0.00458821 -0.000630196 0.00806875 -0.00368625 0.00458821 -0.00368625 0.00597538)
(0.00235331 -0.000440015 0.00379603 -0.000440015 0.00709621 -0.00353489 0.00379603 -0.00353489 0.00551115)
(0.00425076 -0.00469509 0.00437624 -0.00469509 0.0106561 -0.00350968 0.00437624 -0.00350968 0.00724381)
(0.00567101 -0.00181618 0.00288539 -0.00181618 0.00918519 -0.00294907 0.00288539 -0.00294907 0.00513574)
(0.0177416 -0.00434126 0.00265462 -0.00434126 0.00991745 0.00112006 0.00265462 0.00112006 0.00861829)
(0.0130124 -0.00391943 0.00325401 -0.00391943 0.0101701 0.000158007 0.00325401 0.000158007 0.00811962)
(-0.00063074 -0.00210833 0.00465751 -0.00210833 0.00891644 -0.000543678 0.00465751 -0.000543678 0.00827881)
(0.00858002 0.00115609 0.00438019 0.00115609 0.00777149 -0.000507911 0.00438019 -0.000507911 0.00688121)
(0.0115788 -0.00306369 0.0050017 -0.00306369 0.00925198 -0.00069391 0.0050017 -0.00069391 0.00892763)
(0.0161454 -0.00317542 0.00265138 -0.00317542 0.00982651 0.000971151 0.00265138 0.000971151 0.0071089)
(0.00708791 0.00298954 0.00238832 0.00298954 0.0058583 -0.000105551 0.00238832 -0.000105551 0.00506902)
(0.00954025 -0.00484614 0.0060793 -0.00484614 0.0110515 -0.00233698 0.0060793 -0.00233698 0.00970024)
(0.00249103 -0.00324664 0.0063079 -0.00324664 0.00995291 -0.00236658 0.0063079 -0.00236658 0.00845968)
(0.00263936 -0.00140231 0.00418755 -0.00140231 0.00949564 -0.00176134 0.00418755 -0.00176134 0.00473139)
(0.00600723 -0.00246368 0.00505701 -0.00246368 0.00963721 -0.000723947 0.00505701 -0.000723947 0.00742991)
(0.0109658 0.00196317 0.00521722 0.00196317 0.00728094 -0.00162872 0.00521722 -0.00162872 0.0042139)
(0.0111825 -0.00221502 0.00221983 -0.00221502 0.0108071 -0.000767657 0.00221983 -0.000767657 0.00659042)
(0.0153308 -0.00066187 0.00350115 -0.00066187 0.00839686 -0.000600439 0.00350115 -0.000600439 0.00887143)
(0.0241081 -0.00514626 0.00161587 -0.00514626 0.00985988 -0.00140085 0.00161587 -0.00140085 0.0102799)
(0.022555 -0.000521227 0.00343667 -0.000521227 0.00855022 -8.0362e-05 0.00343667 -8.0362e-05 0.00652021)
(0.0145124 -0.00335722 0.00250762 -0.00335722 0.00961049 -0.0013872 0.00250762 -0.0013872 0.0090402)
(0.00534771 6.74687e-05 0.000407569 6.74687e-05 0.00689246 -0.00153717 0.000407569 -0.00153717 0.0124481)
(0.0164344 -0.00518754 0.000879189 -0.00518754 0.0106217 -0.000121034 0.000879189 -0.000121034 0.00892308)
(0.0178858 -0.00394493 0.00348754 -0.00394493 0.00967268 0.000469967 0.00348754 0.000469967 0.00931416)
(0.0241898 -0.00510702 0.000675473 -0.00510702 0.00931087 -0.00262725 0.000675473 -0.00262725 0.00643582)
(0.0113297 -0.000285963 -0.00198599 -0.000285963 0.0077858 -0.00325145 -0.00198599 -0.00325145 0.00562356)
(0.0122734 -0.00510274 -0.00561322 -0.00510274 0.0107753 -0.00259442 -0.00561322 -0.00259442 0.00846361)
(0.0191182 -0.00132764 -0.000411115 -0.00132764 0.00822435 -0.00297875 -0.000411115 -0.00297875 0.00670729)
(0.0177898 -0.00206259 -0.000382421 -0.00206259 0.00801783 -0.00303737 -0.000382421 -0.00303737 0.00570614)
(0.0136508 -0.00178336 0.000152004 -0.00178336 0.00474697 -0.000588329 0.000152004 -0.000588329 0.0123101)
(0.0110804 -0.00247902 0.00303233 -0.00247902 0.00910811 -0.00285868 0.00303233 -0.00285868 0.00935161)
(0.0109153 -0.00130653 -0.00210258 -0.00130653 0.00661468 -0.00384403 -0.00210258 -0.00384403 0.00533942)
(0.0139532 -0.00495042 -0.00645546 -0.00495042 0.01185 -0.00352492 -0.00645546 -0.00352492 0.00883381)
(0.00732219 -0.00317809 -0.00475325 -0.00317809 0.00929266 -0.00264041 -0.00475325 -0.00264041 0.00692577)
(0.0106226 -0.00169614 0.000588499 -0.00169614 0.00674925 -0.0033933 0.000588499 -0.0033933 0.00518365)
(0.0176827 -0.00271629 0.00336433 -0.00271629 0.00940641 -0.00162274 0.00336433 -0.00162274 0.0103895)
(0.0196203 -0.000205454 0.00142787 -0.000205454 0.00772183 0.00157363 0.00142787 0.00157363 0.00951786)
(0.0107619 -0.00511693 0.00235606 -0.00511693 0.0100994 -0.00248533 0.00235606 -0.00248533 0.00746709)
(0.00666166 -0.00493465 0.00210848 -0.00493465 0.00968668 -0.00302461 0.00210848 -0.00302461 0.00653978)
(0.0168452 -0.00208703 0.000617329 -0.00208703 0.00634445 -0.00377488 0.000617329 -0.00377488 0.00590149)
(0.0099599 -0.00076935 0.00240231 -0.00076935 0.00810164 -0.00375478 0.00240231 -0.00375478 0.00580247)
(0.00675064 0.00120502 0.00443226 0.00120502 0.00558986 -0.00335489 0.00443226 -0.00335489 0.00591637)
(0.0182942 -0.00629466 0.00460227 -0.00629466 0.0107555 -0.0034193 0.00460227 -0.0034193 0.00846528)
(0.00618349 -0.00414816 0.00471528 -0.00414816 0.0104126 -0.00242459 0.00471528 -0.00242459 0.00854007)
(0.0136801 -0.00120211 0.000304395 -0.00120211 0.00762072 0.00175102 0.000304395 0.00175102 0.00805936)
(0.0263466 -0.00179654 0.00129226 -0.00179654 0.0086016 0.000851233 0.00129226 0.000851233 0.00789377)
(0.000231851 -0.00271721 0.0051418 -0.00271721 0.00941843 -0.00193443 0.0051418 -0.00193443 0.00828903)
(0.011194 -0.00244319 0.000312122 -0.00244319 0.00904374 -0.00234777 0.000312122 -0.00234777 0.00691947)
(0.014172 -0.000661647 0.000392718 -0.000661647 0.00808591 -0.00105518 0.000392718 -0.00105518 0.00678513)
(0.0208925 -0.00115593 0.00391857 -0.00115593 0.00885562 -0.00060109 0.00391857 -0.00060109 0.0082478)
(0.00898022 -0.00188204 -0.00138823 -0.00188204 0.0102888 -0.00234015 -0.00138823 -0.00234015 0.00755602)
(0.016474 -0.00273981 -0.000716347 -0.00273981 0.00856478 -0.00235005 -0.000716347 -0.00235005 0.00450801)
(0.0239825 -0.00582342 0.00381582 -0.00582342 0.0103996 -0.00315691 0.00381582 -0.00315691 0.00778909)
(0.00419265 0.000452458 0.00478704 0.000452458 0.00816973 -0.00212195 0.00478704 -0.00212195 0.00490749)
(0.0111275 -0.00132135 0.00485088 -0.00132135 0.00953717 -0.00186599 0.00485088 -0.00186599 0.0057929)
(0.0195632 0.00269904 0.0054846 0.00269904 0.00727264 -0.000160147 0.0054846 -0.000160147 0.00450441)
(0.0120564 -0.00139176 0.00110577 -0.00139176 0.0111247 -0.000744756 0.00110577 -0.000744756 0.00568196)
(0.0100802 0.00264634 0.00388566 0.00264634 0.00517001 0.0021508 0.00388566 0.0021508 0.00684193)
(0.0166369 -0.00396594 0.00455169 -0.00396594 0.00956294 -0.00157658 0.00455169 -0.00157658 0.0097062)
(0.0134036 -0.00144963 0.00290449 -0.00144963 0.00806464 0.000993787 0.00290449 0.000993787 0.00613963)
(0.011607 -0.00102691 0.00375444 -0.00102691 0.00808181 -0.000622562 0.00375444 -0.000622562 0.00797203)
(0.00732766 -0.00673088 0.000574095 -0.00673088 0.00986765 -0.00383458 0.000574095 -0.00383458 0.00554438)
(0.00922576 -0.0053124 -0.00107753 -0.0053124 0.0107804 0.000672122 -0.00107753 0.000672122 0.00645563)
(0.0140065 -0.00407268 0.00143869 -0.00407268 0.0104708 0.000103855 0.00143869 0.000103855 0.0100611)
(0.013191 -0.00712633 0.00218073 -0.00712633 0.0105764 -0.00400043 0.00218073 -0.00400043 0.00542946)
(0.00513243 8.30572e-05 0.000540312 8.30572e-05 0.00592904 0.00112536 0.000540312 0.00112536 0.00224196)
(0.00754278 -0.0031104 -7.12639e-05 -0.0031104 0.0101186 -0.000272919 -7.12639e-05 -0.000272919 0.00715678)
(0.0108361 -0.00306263 0.00145841 -0.00306263 0.00880974 -0.00269587 0.00145841 -0.00269587 0.00633011)
(0.0143826 -0.00696121 0.00104127 -0.00696121 0.00999425 -0.00362697 0.00104127 -0.00362697 0.00498086)
(0.0116176 -0.00434373 0.00089518 -0.00434373 0.0104059 0.00138098 0.00089518 0.00138098 0.00532174)
(0.0113028 -0.00572881 -0.00190345 -0.00572881 0.00905081 -0.00316642 -0.00190345 -0.00316642 0.0047487)
(0.000422244 -0.0035674 0.00457799 -0.0035674 0.00906196 -0.002766 0.00457799 -0.002766 0.00674928)
(0.00949609 -0.00035606 -0.00177026 -0.00035606 0.00163254 -0.000242246 -0.00177026 -0.000242246 0.00440004)
(0.00517391 -0.00466313 -0.000466794 -0.00466313 0.0100974 0.000129484 -0.000466794 0.000129484 0.00427327)
(0.0151442 -0.00217149 0.00241971 -0.00217149 0.00865851 -0.00253677 0.00241971 -0.00253677 0.00649846)
(0.012428 -0.000193158 0.0040786 -0.000193158 0.00786037 -0.000291302 0.0040786 -0.000291302 0.0079186)
(0.0117496 0.00260101 0.00365729 0.00260101 0.00534958 0.00220501 0.00365729 0.00220501 0.00712241)
(0.0145201 -0.000893016 0.00291252 -0.000893016 0.00839011 -0.00174731 0.00291252 -0.00174731 0.00687415)
(0.0184906 -0.0046711 0.00335124 -0.0046711 0.00996913 -0.00299078 0.00335124 -0.00299078 0.00729571)
(0.0145945 -0.0051282 0.000695216 -0.0051282 0.00943746 -0.00333041 0.000695216 -0.00333041 0.00549571)
(0.0116782 -0.00565363 -0.00131165 -0.00565363 0.00761963 -0.00272759 -0.00131165 -0.00272759 0.00709637)
(0.013523 -0.000632948 0.000502059 -0.000632948 0.00723831 -0.00290609 0.000502059 -0.00290609 0.00744261)
(0.0156245 -0.00638929 0.00507628 -0.00638929 0.0104744 -0.00312338 0.00507628 -0.00312338 0.00926263)
(0.0175609 -0.00526459 0.00579099 -0.00526459 0.0105414 -0.00230969 0.00579099 -0.00230969 0.0104212)
(0.00536898 -0.00268894 -3.98438e-05 -0.00268894 0.00623168 -0.00157949 -3.98438e-05 -0.00157949 0.00805922)
(0.0157884 -0.000244451 0.00107369 -0.000244451 0.00691376 0.00346445 0.00107369 0.00346445 0.00863543)
(0.00895218 -0.00312163 0.00458426 -0.00312163 0.00982061 -0.00203484 0.00458426 -0.00203484 0.00789951)
(0.00713642 -0.00163403 0.00205232 -0.00163403 0.0081207 -0.00229744 0.00205232 -0.00229744 0.00580901)
(0.00880477 -0.00163858 0.00189099 -0.00163858 0.00807795 -0.002117 0.00189099 -0.002117 0.00589454)
(0.0119891 -0.00143982 0.00404151 -0.00143982 0.00822151 -0.000354109 0.00404151 -0.000354109 0.00767369)
(0.0105155 0.00174188 0.00270009 0.00174188 0.00624012 0.000205058 0.00270009 0.000205058 0.00703193)
(0.00620803 -0.00590207 -0.00162819 -0.00590207 0.0110982 0.00048589 -0.00162819 0.00048589 0.00678724)
(0.0138471 -0.00753292 0.000603376 -0.00753292 0.0108264 -0.00367935 0.000603376 -0.00367935 0.00598691)
(0.0128861 -0.00248417 0.0038669 -0.00248417 0.00976875 -0.0021713 0.0038669 -0.0021713 0.00445743)
(0.0114029 -0.00338488 0.00329224 -0.00338488 0.0097552 -0.00235003 0.00329224 -0.00235003 0.00468618)
(0.00481655 0.000239619 0.000432756 0.000239619 0.00499166 -0.00167059 0.000432756 -0.00167059 0.00302625)
(0.01434 4.93051e-05 0.00452407 4.93051e-05 0.00894513 -0.000988079 0.00452407 -0.000988079 0.00422386)
(0.0102281 -0.0019336 -0.00105679 -0.0019336 0.010996 -0.00137264 -0.00105679 -0.00137264 0.00695278)
(0.0100135 -0.00253514 -0.00268888 -0.00253514 0.00663802 0.00123613 -0.00268888 0.00123613 0.00398657)
(0.00498029 -0.00100381 -0.000171871 -0.00100381 0.00546959 -0.00238629 -0.000171871 -0.00238629 0.0024937)
(0.00952646 -0.00074941 -0.000468263 -0.00074941 0.00631202 0.0020693 -0.000468263 0.0020693 0.00512363)
(0.0124045 -0.0058463 -0.000509292 -0.0058463 0.00893913 -0.0034035 -0.000509292 -0.0034035 0.00531559)
(0.00350915 -0.0024756 -0.000393289 -0.0024756 0.00522011 -0.00112873 -0.000393289 -0.00112873 0.0110824)
(0.00609338 -0.00172704 0.00151478 -0.00172704 0.00781199 -0.00274786 0.00151478 -0.00274786 0.00794972)
(0.0155371 -0.0057394 0.000497684 -0.0057394 0.00915393 -0.00330335 0.000497684 -0.00330335 0.00545719)
(0.0161944 -0.00208256 0.00329847 -0.00208256 0.00869377 -0.00252815 0.00329847 -0.00252815 0.00705052)
(0.00646094 -0.00122163 -0.00179396 -0.00122163 0.00346231 -0.00291037 -0.00179396 -0.00291037 0.0101839)
(0.00886988 -0.00214515 -8.5013e-05 -0.00214515 0.00630651 -0.00412261 -8.5013e-05 -0.00412261 0.00576483)
(0.0210278 -0.00608594 0.00199471 -0.00608594 0.010016 -0.00340158 0.00199471 -0.00340158 0.00556972)
(0.0191073 0.0010306 0.0041999 0.0010306 0.00762247 -0.00258945 0.0041999 -0.00258945 0.00612551)
(0.00607482 -0.00515756 0.00111168 -0.00515756 0.00932481 -0.00315698 0.00111168 -0.00315698 0.00496124)
(0.00669646 -0.00529585 0.00028793 -0.00529585 0.00943672 -0.0032672 0.00028793 -0.0032672 0.00495939)
(0.00985015 -0.0051887 -0.000845001 -0.0051887 0.00913813 -0.00289785 -0.000845001 -0.00289785 0.00512712)
(0.00948648 -0.00432835 0.00120245 -0.00432835 0.0109273 -0.000311777 0.00120245 -0.000311777 0.00733155)
(0.0132761 -0.00435108 0.0011426 -0.00435108 0.00856079 -0.00315309 0.0011426 -0.00315309 0.00791657)
(0.0172049 -0.00377209 -0.00294383 -0.00377209 0.00736548 0.000841198 -0.00294383 0.000841198 0.00876367)
(0.0174197 -0.00293327 0.000305893 -0.00293327 0.00736183 9.20687e-05 0.000305893 9.20687e-05 0.00867766)
(0.014021 -0.00294883 -0.00192976 -0.00294883 0.00799366 -0.00296489 -0.00192976 -0.00296489 0.00549527)
(0.0238877 -0.00125518 0.00172699 -0.00125518 0.00608777 -0.00342297 0.00172699 -0.00342297 0.00604642)
(0.0151303 -0.00547333 7.07805e-06 -0.00547333 0.00899107 -0.00289605 7.07805e-06 -0.00289605 0.00589622)
(0.0109924 -0.00268864 1.32443e-05 -0.00268864 0.00453453 -0.00186475 1.32443e-05 -0.00186475 0.0114981)
(0.00611608 -0.00259828 -0.00089152 -0.00259828 0.00762253 -0.00303101 -0.00089152 -0.00303101 0.00458797)
(0.0104897 -0.00441174 0.002395 -0.00441174 0.00911238 -0.00292356 0.002395 -0.00292356 0.00689287)
(0.0230644 -0.00667372 0.00282422 -0.00667372 0.0102646 -0.00306282 0.00282422 -0.00306282 0.00787874)
(0.0157861 0.000127073 0.00143765 0.000127073 0.0110234 -0.00272237 0.00143765 -0.00272237 0.00770001)
(0.0141502 0.00128726 0.00271536 0.00128726 0.00606604 0.00186901 0.00271536 0.00186901 0.00808936)
(0.00619523 -0.00178588 0.000249356 -0.00178588 0.00815977 -0.00268005 0.000249356 -0.00268005 0.00593343)
(0.00258166 -0.00168958 0.000560483 -0.00168958 0.00552708 -0.00229397 0.000560483 -0.00229397 0.00627669)
(0.00229843 -0.000934995 0.00067403 -0.000934995 0.00397291 -0.00150452 0.00067403 -0.00150452 0.00284185)
(0.00925204 -0.00171754 -0.00134253 -0.00171754 0.00675001 0.000487537 -0.00134253 0.000487537 0.002825)
(0.0169205 -0.00252912 0.00114828 -0.00252912 0.00888828 -3.29036e-05 0.00114828 -3.29036e-05 0.00736919)
(0.00449758 -0.00027578 -0.00199889 -0.00027578 0.00778733 0.00255655 -0.00199889 0.00255655 0.00352362)
(0.0125124 6.15371e-05 0.00090887 6.15371e-05 0.00716547 -0.00010315 0.00090887 -0.00010315 0.00583154)
(0.0157971 -0.000226137 0.00149087 -0.000226137 0.00736086 0.000784325 0.00149087 0.000784325 0.0084143)
(0.00277363 -0.00120931 0.000795746 -0.00120931 0.00723274 -0.00206542 0.000795746 -0.00206542 0.00396893)
(0.00428529 -0.00100191 0.000454748 -0.00100191 0.00716564 0.000296351 0.000454748 0.000296351 0.0038229)
(0.0103073 -0.00298912 0.00386467 -0.00298912 0.00905267 -0.0018921 0.00386467 -0.0018921 0.00549072)
(0.0156471 -0.000319307 0.000536472 -0.000319307 0.0108357 -0.00105091 0.000536472 -0.00105091 0.00736436)
(0.00437101 -0.00247618 -0.00132676 -0.00247618 0.00961244 -0.00117046 -0.00132676 -0.00117046 0.00438018)
(0.00646658 -0.00359519 -0.000216258 -0.00359519 0.0107801 -0.00172993 -0.000216258 -0.00172993 0.00694516)
(0.0027153 0.000804162 0.00030911 0.000804162 0.00295192 0.00070361 0.00030911 0.00070361 0.00567004)
(0.013688 -0.0042523 -5.01908e-05 -0.0042523 0.00816961 -0.00306565 -5.01908e-05 -0.00306565 0.00567595)
(0.009029 -0.00246125 -0.000453597 -0.00246125 0.00578659 0.00229775 -0.000453597 0.00229775 0.00779465)
(0.00625161 -0.00472135 -0.000980005 -0.00472135 0.00755765 -0.00267185 -0.000980005 -0.00267185 0.00838929)
(0.0113893 -0.00575054 0.000393568 -0.00575054 0.00938922 -0.00348898 0.000393568 -0.00348898 0.00512095)
(0.0133063 -0.00506491 0.00235851 -0.00506491 0.00988404 -0.00369111 0.00235851 -0.00369111 0.00565116)
(0.00855957 -0.00238007 -6.38161e-05 -0.00238007 0.00864497 0.00236913 -6.38161e-05 0.00236913 0.00617559)
(0.0100806 -0.00270706 -0.000584234 -0.00270706 0.00631322 -0.0036402 -0.000584234 -0.0036402 0.00551981)
(0.017247 -0.00656499 0.00185714 -0.00656499 0.0101683 -0.00338283 0.00185714 -0.00338283 0.00629089)
(0.0189335 -0.00278537 0.00381042 -0.00278537 0.0095517 -0.00165419 0.00381042 -0.00165419 0.00622581)
(0.00392686 -0.00356128 0.0042258 -0.00356128 0.0100852 -0.00274842 0.0042258 -0.00274842 0.00624564)
(0.00551412 -0.00523981 0.000885516 -0.00523981 0.00968277 -0.00348259 0.000885516 -0.00348259 0.00469795)
(0.0097862 -0.00500827 -0.000906635 -0.00500827 0.00883443 -0.0030375 -0.000906635 -0.0030375 0.00526506)
(0.0111287 -0.00541199 -0.000913568 -0.00541199 0.0119464 0.000491583 -0.000913568 0.000491583 0.00741398)
(0.0114966 -0.00469458 -0.00183592 -0.00469458 0.0116843 0.000690368 -0.00183592 0.000690368 0.00946661)
(0.0155298 -0.000817416 0.000129608 -0.000817416 0.0111692 -0.00310488 0.000129608 -0.00310488 0.0095899)
(0.010018 -0.00410102 -0.00288217 -0.00410102 0.0113575 -0.0031971 -0.00288217 -0.0031971 0.00949909)
(0.00861189 -0.00481951 -0.00389092 -0.00481951 0.011181 -0.00340651 -0.00389092 -0.00340651 0.008325)
(0.0108496 -0.0039341 0.000283279 -0.0039341 0.0084253 -0.00268938 0.000283279 -0.00268938 0.00854358)
(0.0116573 -0.00238128 0.000425301 -0.00238128 0.0071784 -0.00304553 0.000425301 -0.00304553 0.00458572)
(0.0034656 -0.00105091 4.80022e-05 -0.00105091 0.00438756 0.00100093 4.80022e-05 0.00100093 0.00697624)
(0.000256615 -0.00122401 0.00144917 -0.00122401 0.006437 -0.00198769 0.00144917 -0.00198769 0.00383315)
(0.00822552 0.00186161 0.00304636 0.00186161 0.00617222 -0.000712641 0.00304636 -0.000712641 0.00517775)
(0.0228934 -0.00400832 0.00139212 -0.00400832 0.0089943 -0.00246332 0.00139212 -0.00246332 0.00716304)
(0.0157562 -0.00340397 -0.00188276 -0.00340397 0.00859174 -0.00042977 -0.00188276 -0.00042977 0.0103573)
(0.0136377 0.000506828 0.00250653 0.000506828 0.00676711 0.000259266 0.00250653 0.000259266 0.00434281)
(0.00109095 -0.00210666 0.000562172 -0.00210666 0.00736821 -0.0028417 0.000562172 -0.0028417 0.00465854)
(0.0167365 0.000847226 0.00409128 0.000847226 0.00774472 -0.00249696 0.00409128 -0.00249696 0.00636436)
(0.00494875 -0.00150627 0.000911316 -0.00150627 0.00932785 -0.00016728 0.000911316 -0.00016728 0.00249811)
(0.00859063 -0.00436861 -0.000737584 -0.00436861 0.0112101 -0.00107922 -0.000737584 -0.00107922 0.00739755)
(0.0100059 0.00132497 0.000477228 0.00132497 0.00743697 -0.00168403 0.000477228 -0.00168403 0.00505235)
(0.00695919 -0.00110069 0.00253543 -0.00110069 0.00734216 -0.000163008 0.00253543 -0.000163008 0.00464564)
(0.00912828 0.0005292 0.00195195 0.0005292 0.00505027 -0.00110706 0.00195195 -0.00110706 0.0103954)
(0.0118826 0.00159128 0.00292144 0.00159128 0.0059245 0.00095984 0.00292144 0.00095984 0.00722032)
(0.00507913 -0.00456954 -0.00112963 -0.00456954 0.010261 -0.00029293 -0.00112963 -0.00029293 0.00643819)
(0.00259701 -0.000430151 -0.000384669 -0.000430151 0.00609159 -0.00273164 -0.000384669 -0.00273164 0.00401097)
(0.00512634 0.00224993 0.00187586 0.00224993 0.00496677 0.0015101 0.00187586 0.0015101 0.00352624)
(0.00662952 -0.000976285 0.000450579 -0.000976285 0.010036 -0.0026536 0.000450579 -0.0026536 0.00539819)
(0.00401131 -0.000328825 -0.000233827 -0.000328825 0.00839531 -0.00111907 -0.000233827 -0.00111907 0.00260035)
(0.00422997 0.000666865 0.00154256 0.000666865 0.00294666 0.00135973 0.00154256 0.00135973 0.00309486)
(0.00376146 -0.000171533 0.00213826 -0.000171533 0.00342852 0.000594376 0.00213826 0.000594376 0.00463491)
(0.0103916 -0.00464447 -0.000515699 -0.00464447 0.00842381 -0.00321308 -0.000515699 -0.00321308 0.00515295)
(0.00329248 -0.00050871 0.000816625 -0.00050871 0.00371695 0.000441126 0.000816625 0.000441126 0.0121582)
(0.0144096 -0.00282246 0.00338842 -0.00282246 0.00672405 0.00108598 0.00338842 0.00108598 0.0107969)
(0.0118687 -0.00636973 -0.000323568 -0.00636973 0.00955503 -0.00386282 -0.000323568 -0.00386282 0.0049595)
(0.0118308 -0.00221269 0.00215636 -0.00221269 0.00724922 -0.00058939 0.00215636 -0.00058939 0.00511841)
(0.0158294 -0.00323303 0.00258768 -0.00323303 0.00997523 0.00127625 0.00258768 0.00127625 0.007527)
(0.00900135 -0.00146464 0.000268115 -0.00146464 0.00290489 -0.00177955 0.000268115 -0.00177955 0.0126696)
(0.00602314 -0.000477444 0.00195086 -0.000477444 0.00651922 -0.00213681 0.00195086 -0.00213681 0.00411375)
(0.0206756 -0.00397216 8.35238e-05 -0.00397216 0.00907478 0.000597339 8.35238e-05 0.000597339 0.00821421)
(0.0135561 -0.00231713 0.00395659 -0.00231713 0.00962653 -0.00176506 0.00395659 -0.00176506 0.00547513)
(0.00576258 -0.00413495 0.00227716 -0.00413495 0.00948769 -0.00347545 0.00227716 -0.00347545 0.00509874)
(0.0140753 -0.00562085 -0.00199332 -0.00562085 0.00921211 -0.00296802 -0.00199332 -0.00296802 0.00554664)
(0.0151277 -0.0023483 -0.00157035 -0.0023483 0.00985077 -0.00426487 -0.00157035 -0.00426487 0.00790229)
(0.00507793 -0.0042087 1.2083e-05 -0.0042087 0.0100956 -0.000108707 1.2083e-05 -0.000108707 0.00571538)
(0.0104392 -0.00229885 -0.000948703 -0.00229885 0.0109456 9.9401e-05 -0.000948703 9.9401e-05 0.00710596)
(0.00938425 -0.00443814 -0.00338471 -0.00443814 0.0111938 -0.00312846 -0.00338471 -0.00312846 0.00808714)
(0.0165358 0.00042968 0.00130468 0.00042968 0.0110347 -0.00232701 0.00130468 -0.00232701 0.00764819)
(0.00121294 -0.00231564 0.00012762 -0.00231564 0.00950956 -0.00318136 0.00012762 -0.00318136 0.00569389)
(0.00726602 -0.00176957 -0.000858947 -0.00176957 0.00651703 -0.000390906 -0.000858947 -0.000390906 0.0019561)
(0.00693567 -0.00129832 7.33687e-05 -0.00129832 0.00596529 -0.00285186 7.33687e-05 -0.00285186 0.00493725)
(0.0128045 -0.000736178 0.00217655 -0.000736178 0.00981779 0.000599527 0.00217655 0.000599527 0.00428825)
(0.00238116 -0.00268988 -0.000396299 -0.00268988 0.00412155 0.0006156 -0.000396299 0.0006156 0.00136031)
(0.021293 -0.00327254 0.00100689 -0.00327254 0.0084079 -0.00220763 0.00100689 -0.00220763 0.00731698)
(0.0221584 -0.00532619 -0.00721971 -0.00532619 0.00770294 0.000923969 -0.00721971 0.000923969 0.00734159)
(0.00970885 -0.00134199 0.000929072 -0.00134199 0.00877778 -0.00180756 0.000929072 -0.00180756 0.00238121)
(0.00211946 -0.00211552 -0.000170357 -0.00211552 0.00718379 -0.00262552 -0.000170357 -0.00262552 0.00621448)
(0.0176776 0.000452135 0.00518162 0.000452135 0.00749918 -0.00141609 0.00518162 -0.00141609 0.00708312)
(0.0155229 -0.00160725 0.000752704 -0.00160725 0.00715362 0.000869761 0.000752704 0.000869761 0.00424337)
(0.00483628 0.000348431 -0.000406403 0.000348431 0.00347125 -0.00136963 -0.000406403 -0.00136963 0.0027245)
(0.0119216 -0.000588295 0.000857595 -0.000588295 0.00736085 -0.00126343 0.000857595 -0.00126343 0.00339591)
(0.00914336 -0.000522825 -0.000520959 -0.000522825 0.00638995 0.00113631 -0.000520959 0.00113631 0.00423075)
(0.0184685 0.00068312 0.00363472 0.00068312 0.00791858 -0.00257633 0.00363472 -0.00257633 0.0136792)
(0.0175068 -0.00286137 -0.00225124 -0.00286137 0.00725078 0.00244209 -0.00225124 0.00244209 0.00666979)
(0.0115803 -0.00292526 0.00189044 -0.00292526 0.00992193 -0.000342183 0.00189044 -0.000342183 0.00803037)
(0.00662435 0.00131544 0.00219475 0.00131544 0.00683569 -0.000782549 0.00219475 -0.000782549 0.00442897)
(0.0108243 -0.000710766 0.0016892 -0.000710766 0.00694358 0.00169449 0.0016892 0.00169449 0.00612378)
(0.00846749 -0.000216369 0.00158698 -0.000216369 0.00748328 -0.0004873 0.00158698 -0.0004873 0.00750169)
(0.00619278 -0.00497175 -0.00278973 -0.00497175 0.0107359 -0.000673397 -0.00278973 -0.000673397 0.00830353)
(0.01119 -0.00161258 0.00309993 -0.00161258 0.00829779 -0.000247112 0.00309993 -0.000247112 0.00540455)
(0.00290067 -0.00233532 0.00166786 -0.00233532 0.00680641 -0.00323143 0.00166786 -0.00323143 0.00566935)
(0.00194403 0.000443853 0.000114155 0.000443853 0.00361883 0.00128994 0.000114155 0.00128994 0.00239406)
(0.00533138 -0.00173987 -0.000852878 -0.00173987 0.00591936 -0.00405178 -0.000852878 -0.00405178 0.00564127)
(0.0128321 0.000923656 0.00142931 0.000923656 0.00618967 0.00370644 0.00142931 0.00370644 0.00769096)
(0.00561796 -0.000860984 0.00329664 -0.000860984 0.00213986 -0.000882811 0.00329664 -0.000882811 0.00900888)
(0.0143832 -0.00173987 0.00102456 -0.00173987 0.00772548 -0.00115822 0.00102456 -0.00115822 0.00463447)
(0.0143064 -0.000532131 0.00180135 -0.000532131 0.00897854 0.00237971 0.00180135 0.00237971 0.00553539)
(0.0100896 -0.00370707 0.000335639 -0.00370707 0.0090803 0.00207055 0.000335639 0.00207055 0.00553119)
(0.00486374 -0.00366244 -2.02479e-05 -0.00366244 0.0089795 0.000669469 -2.02479e-05 0.000669469 0.00532426)
(0.0175357 -0.00131961 -0.00169599 -0.00131961 0.00652086 0.00362449 -0.00169599 0.00362449 0.00913886)
(0.0188918 0.00219753 0.00394224 0.00219753 0.00787734 -7.60453e-05 0.00394224 -7.60453e-05 0.00408383)
(0.0112832 -0.00188315 0.00291017 -0.00188315 0.00881989 -0.00358344 0.00291017 -0.00358344 0.00554994)
(0.0136194 -0.00672044 -0.000737518 -0.00672044 0.00950217 -0.00361656 -0.000737518 -0.00361656 0.00482715)
(0.00895672 -0.00371183 -0.00217659 -0.00371183 0.00825429 -0.00326297 -0.00217659 -0.00326297 0.00548885)
(0.00737911 -0.000501215 0.0023447 -0.000501215 0.00746056 -0.00132543 0.0023447 -0.00132543 0.0051296)
(0.0131831 -0.00253426 0.0023296 -0.00253426 0.00819183 3.00771e-05 0.0023296 3.00771e-05 0.00751977)
(0.0056537 -0.0001239 0.00137583 -0.0001239 0.00169777 -0.000273763 0.00137583 -0.000273763 0.00165542)
(0.0131977 -0.000844444 0.00198851 -0.000844444 0.00863947 0.000711213 0.00198851 0.000711213 0.00297952)
(0.00781833 0.00171745 0.00274478 0.00171745 0.00602712 0.000721375 0.00274478 0.000721375 0.00475911)
(0.00240738 -0.00064392 -0.000292174 -0.00064392 0.00392951 0.000256685 -0.000292174 0.000256685 0.0006167)
(0.00954615 -0.00318281 0.000637865 -0.00318281 0.00852249 -0.00241652 0.000637865 -0.00241652 0.00686378)
(0.0029953 -0.00150672 -0.00291059 -0.00150672 0.00270064 0.0024608 -0.00291059 0.0024608 0.00472498)
(0.00663804 -0.00450228 -0.00041528 -0.00450228 0.00940942 0.00166081 -0.00041528 0.00166081 0.00407133)
(0.0126373 -0.0018936 0.00075903 -0.0018936 0.00667475 -0.00200452 0.00075903 -0.00200452 0.00432144)
(0.0183023 -0.00180781 -0.00298572 -0.00180781 0.00595223 0.00357468 -0.00298572 0.00357468 0.00947177)
(0.010002 0.000245147 0.00229893 0.000245147 0.00784218 -0.000174887 0.00229893 -0.000174887 0.00500881)
(0.00295871 -0.00165953 0.000128663 -0.00165953 0.00440876 -0.00315698 0.000128663 -0.00315698 0.00621707)
(0.000736938 -0.000160954 0.00015042 -0.000160954 0.000812566 -0.000151295 0.00015042 -0.000151295 0.000742334)
(0.00697798 -0.00228999 0.000352476 -0.00228999 0.00726964 0.00022138 0.000352476 0.00022138 0.00432223)
(0.00921832 -0.00262364 0.00130662 -0.00262364 0.00866881 -0.00229104 0.00130662 -0.00229104 0.00689629)
(0.0104573 -0.000871656 0.00203464 -0.000871656 0.00772887 0.000158023 0.00203464 0.000158023 0.00518014)
(0.00636168 -0.00117431 0.000177472 -0.00117431 0.0103958 -0.00276328 0.000177472 -0.00276328 0.00534243)
(0.0130981 -0.000169807 0.00147406 -0.000169807 0.00420335 0.000678207 0.00147406 0.000678207 0.0127529)
(0.0128692 -0.00205662 -0.00101454 -0.00205662 0.00697593 0.00235873 -0.00101454 0.00235873 0.00562902)
(0.00282293 -0.00116313 0.000496438 -0.00116313 0.00285569 -0.00154758 0.000496438 -0.00154758 0.0059687)
(0.00864435 -7.94875e-05 0.00224068 -7.94875e-05 0.00704212 8.73059e-05 0.00224068 8.73059e-05 0.00618745)
(0.0101578 -0.000477504 0.000806376 -0.000477504 0.00631307 0.0020103 0.000806376 0.0020103 0.00658924)
(0.00296609 0.00054374 0.000605231 0.00054374 0.00125741 -0.00099957 0.000605231 -0.00099957 0.00328015)
(0.00738667 -0.00437519 -0.00135755 -0.00437519 0.0110562 -0.00147365 -0.00135755 -0.00147365 0.00753942)
(0.00394478 -0.00186208 0.000565577 -0.00186208 0.00626845 -0.00213197 0.000565577 -0.00213197 0.00276237)
(0.00630449 -0.00306964 -0.00148524 -0.00306964 0.0104176 -0.00293861 -0.00148524 -0.00293861 0.00785954)
(0.00677444 -0.00249875 0.000690134 -0.00249875 0.00867339 0.000367465 0.000690134 0.000367465 0.00753177)
(0.00378041 -0.00115753 -0.000852143 -0.00115753 0.00602401 -0.00397651 -0.000852143 -0.00397651 0.00627016)
(0.00389812 -3.07187e-05 -0.00118228 -3.07187e-05 0.00685966 -0.00218426 -0.00118228 -0.00218426 0.0106684)
(0.00645397 -0.00160323 0.00143711 -0.00160323 0.00437885 -0.00320603 0.00143711 -0.00320603 0.0067856)
(0.023648 -0.00261633 0.00474353 -0.00261633 0.00832222 -0.00267335 0.00474353 -0.00267335 0.00749249)
(0.0120545 -0.00260155 0.00143108 -0.00260155 0.00865589 -0.00252945 0.00143108 -0.00252945 0.00649725)
(0.0148144 -0.00320482 0.00239087 -0.00320482 0.009948 0.00142789 0.00239087 0.00142789 0.0069416)
(0.00484394 -0.00323957 4.3368e-05 -0.00323957 0.00937505 4.91701e-05 4.3368e-05 4.91701e-05 0.00525137)
(0.0122059 0.00111618 0.00156858 0.00111618 0.0060902 0.00222616 0.00156858 0.00222616 0.00760132)
