/*--------------------------------*- C++ -*----------------------------------*\
  =========                 |
  \\      /  F ield         | OpenFOAM: The Open Source CFD Toolbox
   \\    /   O peration     | Website:  https://openfoam.org
    \\  /    A nd           | Version:  10
     \\/     M anipulation  |
\*---------------------------------------------------------------------------*/
FoamFile
{
    format      ascii;
    class       volTensorField;
    location    "30";
    object      TauNN;
}
// * * * * * * * * * * * * * * * * * * * * * * * * * * * * * * * * * * * * * //

dimensions      [0 2 -2 0 0 0 0];

internalField   nonuniform List<tensor> 
25600
(
(3.80661e-05 -0.0127909 -0.0154244 -0.0127909 2.81764e-05 -0.00812578 -0.0154244 -0.00812578 0.000101341)
(2.08969e-05 -0.0127957 -0.015428 -0.0127957 3.1914e-05 -0.00811744 -0.015428 -0.00811744 0.000107056)
(4.5138e-05 -0.0127896 -0.0154191 -0.0127896 2.3333e-05 -0.00813009 -0.0154191 -0.00813009 6.09713e-05)
(3.46887e-05 -0.0127893 -0.0154299 -0.0127893 2.21775e-05 -0.0081301 -0.0154299 -0.0081301 4.35216e-05)
(2.61664e-05 -0.0127916 -0.0154283 -0.0127916 2.95089e-05 -0.00812335 -0.0154283 -0.00812335 5.89089e-05)
(3.6638e-05 -0.0127906 -0.0154315 -0.0127906 2.51498e-05 -0.00812843 -0.0154315 -0.00812843 5.05576e-05)
(2.10691e-05 -0.0127911 -0.0154294 -0.0127911 2.67083e-05 -0.0081238 -0.0154294 -0.0081238 6.3005e-05)
(4.49769e-05 -0.0127871 -0.0154217 -0.0127871 2.79008e-05 -0.00813588 -0.0154217 -0.00813588 7.24995e-05)
(1.41046e-05 -0.0127872 -0.0154326 -0.0127872 2.25436e-05 -0.00812904 -0.0154326 -0.00812904 4.39748e-05)
(6.64421e-05 -0.0127899 -0.0154075 -0.0127899 2.63227e-05 -0.00812824 -0.0154075 -0.00812824 9.48182e-05)
(4.12224e-05 -0.0127882 -0.0154181 -0.0127882 2.59468e-05 -0.00813303 -0.0154181 -0.00813303 7.88377e-05)
(1.23903e-05 -0.01279 -0.0154384 -0.01279 2.57335e-05 -0.00813145 -0.0154384 -0.00813145 3.90615e-05)
(4.73417e-05 -0.0127924 -0.0154301 -0.0127924 2.43123e-05 -0.00813159 -0.0154301 -0.00813159 3.88758e-05)
(2.62976e-05 -0.0127886 -0.015442 -0.0127886 2.42574e-05 -0.00813352 -0.015442 -0.00813352 3.73804e-05)
(2.19919e-06 -0.0127911 -0.0154279 -0.0127911 3.14076e-05 -0.00811928 -0.0154279 -0.00811928 6.93177e-05)
(2.77986e-05 -0.0127839 -0.0154252 -0.0127839 2.29857e-05 -0.00813071 -0.0154252 -0.00813071 7.67189e-05)
(1.03418e-05 -0.0127866 -0.0154344 -0.0127866 2.01186e-05 -0.00812733 -0.0154344 -0.00812733 3.86343e-05)
(1.56301e-05 -0.0127903 -0.0154308 -0.0127903 2.42307e-05 -0.008124 -0.0154308 -0.008124 5.62197e-05)
(0.000120905 -0.0128024 -0.015406 -0.0128024 3.83422e-05 -0.00814103 -0.015406 -0.00814103 0.000126213)
(9.53639e-05 -0.0128017 -0.0154078 -0.0128017 4.10116e-05 -0.00814563 -0.0154078 -0.00814563 0.000106809)
(1.39118e-05 -0.0127851 -0.0154237 -0.0127851 2.21217e-05 -0.00812637 -0.0154237 -0.00812637 6.91793e-05)
(6.40772e-05 -0.0127918 -0.0154158 -0.0127918 2.63479e-05 -0.00812817 -0.0154158 -0.00812817 7.06077e-05)
(0.000110595 -0.0127929 -0.0154311 -0.0127929 3.01574e-05 -0.00813133 -0.0154311 -0.00813133 6.10799e-05)
(1.70183e-05 -0.0127866 -0.0154212 -0.0127866 2.43854e-05 -0.00812155 -0.0154212 -0.00812155 8.10636e-05)
(2.45462e-05 -0.0127818 -0.0154362 -0.0127818 2.05533e-05 -0.00812656 -0.0154362 -0.00812656 6.9829e-05)
(3.35742e-05 -0.0127912 -0.0154214 -0.0127912 2.82499e-05 -0.00812013 -0.0154214 -0.00812013 7.63342e-05)
(7.15306e-05 -0.0127922 -0.0154133 -0.0127922 2.93382e-05 -0.00811981 -0.0154133 -0.00811981 8.29353e-05)
(-1.51445e-05 -0.0127946 -0.0154331 -0.0127946 3.2363e-05 -0.00811316 -0.0154331 -0.00811316 8.74534e-05)
(-4.68399e-06 -0.0127941 -0.0154324 -0.0127941 3.58199e-05 -0.00811826 -0.0154324 -0.00811826 7.20941e-05)
(4.5404e-05 -0.0127908 -0.0154154 -0.0127908 2.87369e-05 -0.00812671 -0.0154154 -0.00812671 0.00011128)
(1.46504e-05 -0.012786 -0.0154256 -0.012786 2.08824e-05 -0.00812536 -0.0154256 -0.00812536 6.28629e-05)
(9.46035e-06 -0.0127875 -0.0154265 -0.0127875 2.40601e-05 -0.00812407 -0.0154265 -0.00812407 6.09026e-05)
(6.67221e-05 -0.0127905 -0.0154083 -0.0127905 2.84359e-05 -0.00812936 -0.0154083 -0.00812936 9.76874e-05)
(3.21059e-05 -0.0127867 -0.0154193 -0.0127867 2.26271e-05 -0.00812631 -0.0154193 -0.00812631 6.78409e-05)
(2.91617e-05 -0.0127879 -0.0154173 -0.0127879 2.45652e-05 -0.00812117 -0.0154173 -0.00812117 9.05895e-05)
(1.86442e-05 -0.0127891 -0.015422 -0.0127891 3.54839e-05 -0.00811657 -0.015422 -0.00811657 8.39297e-05)
(-6.83229e-07 -0.012793 -0.0154318 -0.012793 3.2003e-05 -0.00812197 -0.0154318 -0.00812197 6.2882e-05)
(3.32353e-05 -0.0127896 -0.0154181 -0.0127896 2.52485e-05 -0.00811991 -0.0154181 -0.00811991 8.18904e-05)
(3.85563e-05 -0.012789 -0.0154284 -0.012789 2.4262e-05 -0.00812733 -0.0154284 -0.00812733 5.10153e-05)
(3.22812e-05 -0.0127886 -0.0154269 -0.0127886 2.33643e-05 -0.00812784 -0.0154269 -0.00812784 5.3423e-05)
(5.79446e-05 -0.0127947 -0.0154292 -0.0127947 2.38907e-05 -0.00813178 -0.0154292 -0.00813178 4.23962e-05)
(6.07257e-05 -0.0127924 -0.0154199 -0.0127924 2.36871e-05 -0.00812791 -0.0154199 -0.00812791 6.61826e-05)
(1.11166e-05 -0.0127892 -0.0154344 -0.0127892 2.16473e-05 -0.00812285 -0.0154344 -0.00812285 5.60216e-05)
(4.9457e-05 -0.012788 -0.0154103 -0.012788 2.57664e-05 -0.0081259 -0.0154103 -0.0081259 8.91838e-05)
(9.14337e-05 -0.0127967 -0.015412 -0.0127967 2.79933e-05 -0.00813193 -0.015412 -0.00813193 6.26938e-05)
(7.2578e-05 -0.0127981 -0.0154149 -0.0127981 3.67205e-05 -0.00814265 -0.0154149 -0.00814265 8.86906e-05)
(3.5015e-05 -0.0127847 -0.0154347 -0.0127847 2.12688e-05 -0.00812796 -0.0154347 -0.00812796 7.94463e-05)
(2.49934e-05 -0.0127901 -0.0154297 -0.0127901 2.35786e-05 -0.00812194 -0.0154297 -0.00812194 8.4493e-05)
(5.73946e-05 -0.0127913 -0.0154132 -0.0127913 2.76337e-05 -0.00813142 -0.0154132 -0.00813142 0.000102017)
(2.04651e-05 -0.0127891 -0.0154232 -0.0127891 2.51998e-05 -0.00812169 -0.0154232 -0.00812169 9.27414e-05)
(5.33381e-05 -0.012794 -0.0154506 -0.012794 2.8728e-05 -0.00813546 -0.0154506 -0.00813546 4.65427e-05)
(6.81699e-05 -0.0127985 -0.015421 -0.0127985 3.45197e-05 -0.00813888 -0.015421 -0.00813888 5.13362e-05)
(6.99998e-05 -0.0127948 -0.0154158 -0.0127948 3.04e-05 -0.00813655 -0.0154158 -0.00813655 8.40792e-05)
(6.07258e-05 -0.0127952 -0.0154185 -0.0127952 2.92092e-05 -0.00813623 -0.0154185 -0.00813623 6.69253e-05)
(4.66256e-05 -0.0127902 -0.0154229 -0.0127902 3.21832e-05 -0.00814011 -0.0154229 -0.00814011 0.000119389)
(3.28635e-05 -0.0127883 -0.0154332 -0.0127883 2.19326e-05 -0.00813146 -0.0154332 -0.00813146 4.27917e-05)
(4.63774e-05 -0.0127908 -0.0154205 -0.0127908 2.87537e-05 -0.00812041 -0.0154205 -0.00812041 7.19937e-05)
(1.3412e-05 -0.0127885 -0.0154298 -0.0127885 2.06778e-05 -0.00812406 -0.0154298 -0.00812406 5.27622e-05)
(-5.60276e-06 -0.0127951 -0.0154408 -0.0127951 2.67508e-05 -0.0081221 -0.0154408 -0.0081221 5.12661e-05)
(-1.90766e-05 -0.0127945 -0.0154346 -0.0127945 3.40555e-05 -0.00811561 -0.0154346 -0.00811561 7.52792e-05)
(5.51872e-05 -0.0127921 -0.015431 -0.0127921 2.42333e-05 -0.00813208 -0.015431 -0.00813208 4.44318e-05)
(4.75561e-05 -0.0127925 -0.0154207 -0.0127925 3.27964e-05 -0.0081161 -0.0154207 -0.0081161 8.5551e-05)
(5.81922e-05 -0.012792 -0.0154169 -0.012792 2.46464e-05 -0.00813071 -0.0154169 -0.00813071 6.40217e-05)
(7.44044e-05 -0.0127955 -0.0154153 -0.0127955 3.07996e-05 -0.00813643 -0.0154153 -0.00813643 8.5166e-05)
(3.52984e-05 -0.0127898 -0.0154242 -0.0127898 2.26562e-05 -0.00812451 -0.0154242 -0.00812451 7.80124e-05)
(2.70139e-05 -0.0127876 -0.0154219 -0.0127876 2.22578e-05 -0.00812422 -0.0154219 -0.00812422 7.53197e-05)
(4.57083e-05 -0.012789 -0.0154176 -0.012789 2.29035e-05 -0.00812782 -0.0154176 -0.00812782 7.12942e-05)
(5.81093e-05 -0.0127915 -0.0154135 -0.0127915 2.64557e-05 -0.00812763 -0.0154135 -0.00812763 9.42767e-05)
(2.31192e-05 -0.0127927 -0.0154246 -0.0127927 2.85431e-05 -0.00811743 -0.0154246 -0.00811743 9.44281e-05)
(2.03622e-05 -0.0127883 -0.0154233 -0.0127883 2.38208e-05 -0.00812209 -0.0154233 -0.00812209 8.23676e-05)
(4.01812e-05 -0.0127895 -0.0154181 -0.0127895 2.50519e-05 -0.00812395 -0.0154181 -0.00812395 8.8036e-05)
(3.35501e-05 -0.0127895 -0.0154264 -0.0127895 2.0747e-05 -0.00812715 -0.0154264 -0.00812715 5.38248e-05)
(2.54665e-05 -0.0127892 -0.0154224 -0.0127892 2.67709e-05 -0.008125 -0.0154224 -0.008125 0.000103863)
(7.96622e-05 -0.0127941 -0.015406 -0.0127941 3.06862e-05 -0.00813438 -0.015406 -0.00813438 9.57609e-05)
(4.89723e-05 -0.0127891 -0.0154166 -0.0127891 2.36793e-05 -0.00812667 -0.0154166 -0.00812667 6.21221e-05)
(3.88088e-05 -0.0127914 -0.0154482 -0.0127914 2.54577e-05 -0.00813444 -0.0154482 -0.00813444 4.35035e-05)
(4.31112e-05 -0.0127912 -0.0154244 -0.0127912 2.39811e-05 -0.00812463 -0.0154244 -0.00812463 7.22833e-05)
(5.14534e-06 -0.0127912 -0.0154249 -0.0127912 2.89793e-05 -0.0081156 -0.0154249 -0.0081156 9.42918e-05)
(3.47037e-05 -0.0127892 -0.0154297 -0.0127892 2.15278e-05 -0.00813032 -0.0154297 -0.00813032 4.2429e-05)
(3.67327e-05 -0.0127878 -0.0154303 -0.0127878 2.15452e-05 -0.00813147 -0.0154303 -0.00813147 4.09174e-05)
(3.49259e-05 -0.0127904 -0.0154212 -0.0127904 2.59084e-05 -0.00812081 -0.0154212 -0.00812081 7.73651e-05)
(6.97231e-05 -0.0127992 -0.01542 -0.0127992 3.74614e-05 -0.00814111 -0.01542 -0.00814111 5.89595e-05)
(4.16472e-05 -0.012789 -0.0154194 -0.012789 2.29889e-05 -0.0081281 -0.0154194 -0.0081281 6.96049e-05)
(6.71508e-06 -0.0127921 -0.0154305 -0.0127921 2.68881e-05 -0.00811746 -0.0154305 -0.00811746 8.82039e-05)
(4.76297e-05 -0.0127873 -0.0154238 -0.0127873 3.14981e-05 -0.00814088 -0.0154238 -0.00814088 9.7298e-05)
(5.63248e-05 -0.012805 -0.0154267 -0.012805 4.73777e-05 -0.00814127 -0.0154267 -0.00814127 3.2133e-05)
(8.71661e-05 -0.0128091 -0.0154337 -0.0128091 4.25489e-05 -0.00813703 -0.0154337 -0.00813703 3.32356e-05)
(3.00384e-06 -0.0127963 -0.0154431 -0.0127963 3.05095e-05 -0.00812982 -0.0154431 -0.00812982 4.27805e-05)
(2.38219e-05 -0.0127893 -0.0154285 -0.0127893 2.27385e-05 -0.00812536 -0.0154285 -0.00812536 5.21652e-05)
(4.55818e-05 -0.0127895 -0.0154149 -0.0127895 3.00006e-05 -0.00811769 -0.0154149 -0.00811769 9.20747e-05)
(1.04175e-05 -0.0127946 -0.0154423 -0.0127946 3.07335e-05 -0.00812243 -0.0154423 -0.00812243 0.000117086)
(3.27077e-05 -0.0127891 -0.015424 -0.0127891 2.47699e-05 -0.00812537 -0.015424 -0.00812537 9.56722e-05)
(3.84923e-05 -0.0127898 -0.0154178 -0.0127898 2.78615e-05 -0.00811965 -0.0154178 -0.00811965 9.36132e-05)
(4.06835e-05 -0.0127895 -0.0154212 -0.0127895 2.28294e-05 -0.00812922 -0.0154212 -0.00812922 7.18904e-05)
(8.26609e-05 -0.0127956 -0.0154106 -0.0127956 2.80931e-05 -0.00813046 -0.0154106 -0.00813046 8.89324e-05)
(8.07073e-05 -0.012793 -0.0154095 -0.012793 3.1617e-05 -0.00811699 -0.0154095 -0.00811699 0.000103152)
(2.76767e-05 -0.0127881 -0.0154227 -0.0127881 2.08751e-05 -0.00812499 -0.0154227 -0.00812499 6.59259e-05)
(3.32017e-05 -0.0127873 -0.015421 -0.0127873 2.34438e-05 -0.00813044 -0.015421 -0.00813044 7.29182e-05)
(0.000127567 -0.0128011 -0.0154029 -0.0128011 3.06237e-05 -0.00813278 -0.0154029 -0.00813278 8.07497e-05)
(-3.33526e-06 -0.0127924 -0.0154302 -0.0127924 2.92283e-05 -0.00811541 -0.0154302 -0.00811541 8.05218e-05)
(7.32073e-06 -0.0127889 -0.0154291 -0.0127889 2.3697e-05 -0.00812147 -0.0154291 -0.00812147 6.85621e-05)
(3.43587e-05 -0.0127903 -0.0154199 -0.0127903 2.77201e-05 -0.00811938 -0.0154199 -0.00811938 8.91677e-05)
(1.79552e-05 -0.0127897 -0.0154262 -0.0127897 2.45349e-05 -0.00812145 -0.0154262 -0.00812145 6.95852e-05)
(6.36076e-05 -0.0127913 -0.015411 -0.0127913 2.58173e-05 -0.0081278 -0.015411 -0.0081278 8.48912e-05)
(1.70049e-05 -0.0127874 -0.0154319 -0.0127874 1.94094e-05 -0.00812523 -0.0154319 -0.00812523 5.07875e-05)
(2.94554e-05 -0.012789 -0.0154269 -0.012789 2.10485e-05 -0.00812695 -0.0154269 -0.00812695 5.02461e-05)
(5.08992e-05 -0.0127903 -0.0154238 -0.0127903 2.44293e-05 -0.00813193 -0.0154238 -0.00813193 5.52923e-05)
(4.42593e-05 -0.0127894 -0.01542 -0.0127894 2.4747e-05 -0.00812553 -0.01542 -0.00812553 7.58925e-05)
(6.77413e-05 -0.0127925 -0.0154098 -0.0127925 2.82216e-05 -0.00813081 -0.0154098 -0.00813081 9.97069e-05)
(2.27987e-05 -0.0127877 -0.0154209 -0.0127877 2.50037e-05 -0.00812565 -0.0154209 -0.00812565 9.98895e-05)
(3.28412e-06 -0.012791 -0.0154308 -0.012791 2.7214e-05 -0.008119 -0.0154308 -0.008119 9.96954e-05)
(8.53478e-06 -0.0127912 -0.0154339 -0.0127912 2.36377e-05 -0.00812362 -0.0154339 -0.00812362 5.05641e-05)
(1.67961e-05 -0.0127941 -0.0154392 -0.0127941 3.0294e-05 -0.00812799 -0.0154392 -0.00812799 4.81733e-05)
(4.88379e-05 -0.0127915 -0.0154222 -0.0127915 2.44235e-05 -0.00813219 -0.0154222 -0.00813219 5.10103e-05)
(5.84209e-05 -0.0127894 -0.0154095 -0.0127894 2.61733e-05 -0.00812939 -0.0154095 -0.00812939 9.67252e-05)
(7.22866e-05 -0.0127946 -0.0154112 -0.0127946 2.99118e-05 -0.00813623 -0.0154112 -0.00813623 8.09027e-05)
(7.92581e-05 -0.0128149 -0.0154243 -0.0128149 6.04146e-05 -0.00814561 -0.0154243 -0.00814561 3.99421e-05)
(5.85002e-05 -0.0127918 -0.0154199 -0.0127918 3.19698e-05 -0.00813933 -0.0154199 -0.00813933 0.000104724)
(4.65723e-05 -0.0127882 -0.0154256 -0.0127882 3.27486e-05 -0.00814137 -0.0154256 -0.00814137 0.000113329)
(2.91482e-05 -0.0127878 -0.0154188 -0.0127878 2.30249e-05 -0.0081231 -0.0154188 -0.0081231 8.24655e-05)
(3.12215e-05 -0.0127858 -0.0154259 -0.0127858 2.21767e-05 -0.00813046 -0.0154259 -0.00813046 6.5683e-05)
(2.60028e-05 -0.0127887 -0.0154256 -0.0127887 2.28577e-05 -0.00812442 -0.0154256 -0.00812442 6.61474e-05)
(8.10801e-05 -0.0127979 -0.0154123 -0.0127979 3.01542e-05 -0.0081355 -0.0154123 -0.0081355 7.07168e-05)
(3.38878e-05 -0.0127878 -0.0154225 -0.0127878 2.32911e-05 -0.00812925 -0.0154225 -0.00812925 8.18156e-05)
(-8.1958e-06 -0.0127988 -0.0154426 -0.0127988 3.04917e-05 -0.00811879 -0.0154426 -0.00811879 5.93835e-05)
(2.75288e-05 -0.0127906 -0.0154317 -0.0127906 2.43844e-05 -0.00812623 -0.0154317 -0.00812623 5.73085e-05)
(0.000104573 -0.012805 -0.0154124 -0.012805 3.61959e-05 -0.00813885 -0.0154124 -0.00813885 6.14562e-05)
(8.22639e-05 -0.0127961 -0.0154103 -0.0127961 2.82557e-05 -0.00813266 -0.0154103 -0.00813266 6.79373e-05)
(2.11681e-05 -0.0127898 -0.0154341 -0.0127898 2.2273e-05 -0.00812801 -0.0154341 -0.00812801 4.39601e-05)
(4.43092e-05 -0.012789 -0.0154307 -0.012789 2.8883e-05 -0.0081347 -0.0154307 -0.0081347 3.70701e-05)
(1.54759e-05 -0.0127892 -0.0154315 -0.0127892 2.29316e-05 -0.0081247 -0.0154315 -0.0081247 5.55384e-05)
(8.30693e-06 -0.0127943 -0.0154325 -0.0127943 5.2557e-05 -0.00811313 -0.0154325 -0.00811313 7.93612e-05)
(2.64118e-05 -0.0127883 -0.0154269 -0.0127883 2.17152e-05 -0.0081271 -0.0154269 -0.0081271 5.14767e-05)
(-1.05213e-05 -0.0128001 -0.0154451 -0.0128001 3.46368e-05 -0.00812526 -0.0154451 -0.00812526 5.22863e-05)
(4.01741e-05 -0.01279 -0.0154197 -0.01279 2.83051e-05 -0.0081178 -0.0154197 -0.0081178 8.39474e-05)
(7.11611e-05 -0.0127947 -0.0154105 -0.0127947 2.99665e-05 -0.00813545 -0.0154105 -0.00813545 9.96526e-05)
(5.50317e-05 -0.0127919 -0.015426 -0.0127919 3.79958e-05 -0.00814302 -0.015426 -0.00814302 5.6945e-05)
(1.68975e-05 -0.0127888 -0.0154294 -0.0127888 2.4738e-05 -0.00812237 -0.0154294 -0.00812237 9.00733e-05)
(6.79867e-05 -0.0127922 -0.0154102 -0.0127922 2.88242e-05 -0.0081292 -0.0154102 -0.0081292 0.000105303)
(6.96806e-05 -0.0128156 -0.0154279 -0.0128156 7.02132e-05 -0.00814423 -0.0154279 -0.00814423 2.85337e-05)
(3.64181e-05 -0.0127895 -0.0154257 -0.0127895 2.45426e-05 -0.00812705 -0.0154257 -0.00812705 5.07153e-05)
(7.09626e-05 -0.0127987 -0.0154203 -0.0127987 3.20016e-05 -0.00813705 -0.0154203 -0.00813705 5.16083e-05)
(5.5956e-06 -0.0127933 -0.0154347 -0.0127933 2.845e-05 -0.00812109 -0.0154347 -0.00812109 6.18609e-05)
(1.86499e-05 -0.012792 -0.0154358 -0.012792 2.48876e-05 -0.0081265 -0.0154358 -0.0081265 4.69933e-05)
(4.17312e-05 -0.0127907 -0.0154195 -0.0127907 2.52947e-05 -0.008125 -0.0154195 -0.008125 9.57511e-05)
(-2.39679e-05 -0.0127993 -0.0154404 -0.0127993 3.82554e-05 -0.00811743 -0.0154404 -0.00811743 6.11816e-05)
(4.93841e-05 -0.012791 -0.0154234 -0.012791 2.31549e-05 -0.00812925 -0.0154234 -0.00812925 5.1929e-05)
(1.71748e-05 -0.0127891 -0.0154261 -0.0127891 2.76151e-05 -0.00812087 -0.0154261 -0.00812087 6.85779e-05)
(2.92603e-05 -0.0127872 -0.0154345 -0.0127872 2.0048e-05 -0.00813042 -0.0154345 -0.00813042 3.62883e-05)
(7.66229e-05 -0.0127961 -0.0154122 -0.0127961 3.22425e-05 -0.00813797 -0.0154122 -0.00813797 9.22774e-05)
(6.62276e-05 -0.0127934 -0.015416 -0.0127934 2.59938e-05 -0.00813172 -0.015416 -0.00813172 6.41396e-05)
(3.09593e-05 -0.0127918 -0.0154223 -0.0127918 2.90982e-05 -0.00811844 -0.0154223 -0.00811844 8.6642e-05)
(2.12426e-05 -0.0127873 -0.0154363 -0.0127873 2.12177e-05 -0.00812233 -0.0154363 -0.00812233 7.13351e-05)
(1.83794e-05 -0.0127887 -0.015434 -0.0127887 2.04055e-05 -0.00812626 -0.015434 -0.00812626 4.93921e-05)
(4.57391e-05 -0.012791 -0.0154239 -0.012791 2.27651e-05 -0.00813113 -0.0154239 -0.00813113 5.11193e-05)
(3.75722e-05 -0.0127781 -0.0154338 -0.0127781 1.98269e-05 -0.00813083 -0.0154338 -0.00813083 3.43057e-05)
(1.64417e-05 -0.0127947 -0.0154365 -0.0127947 2.9316e-05 -0.00812538 -0.0154365 -0.00812538 5.28988e-05)
(7.0046e-05 -0.0127929 -0.0154141 -0.0127929 2.46854e-05 -0.00812974 -0.0154141 -0.00812974 6.65042e-05)
(9.81212e-05 -0.0128008 -0.0154065 -0.0128008 3.82602e-05 -0.00814354 -0.0154065 -0.00814354 0.000108175)
(8.12939e-05 -0.0127918 -0.0154072 -0.0127918 2.63955e-05 -0.00812817 -0.0154072 -0.00812817 8.61622e-05)
(5.09216e-05 -0.0127896 -0.0154224 -0.0127896 2.42452e-05 -0.00813072 -0.0154224 -0.00813072 6.51088e-05)
(3.50531e-07 -0.012794 -0.0154321 -0.012794 3.55993e-05 -0.00811702 -0.0154321 -0.00811702 7.44097e-05)
(-1.75204e-07 -0.0127914 -0.0154307 -0.0127914 2.72543e-05 -0.00811884 -0.0154307 -0.00811884 6.59457e-05)
(7.73337e-05 -0.0127948 -0.0154122 -0.0127948 2.56384e-05 -0.0081297 -0.0154122 -0.0081297 6.96037e-05)
(8.08597e-06 -0.0127965 -0.0154304 -0.0127965 3.45205e-05 -0.00811187 -0.0154304 -0.00811187 9.24484e-05)
(-2.36618e-05 -0.0128023 -0.0154472 -0.0128023 3.60337e-05 -0.00811024 -0.0154472 -0.00811024 9.36469e-05)
(4.44982e-05 -0.0127894 -0.0154224 -0.0127894 2.29894e-05 -0.00812714 -0.0154224 -0.00812714 6.35089e-05)
(7.57547e-05 -0.0128042 -0.0154245 -0.0128042 3.57482e-05 -0.0081375 -0.0154245 -0.0081375 3.99765e-05)
(2.73275e-05 -0.0127851 -0.0154275 -0.0127851 2.22312e-05 -0.0081329 -0.0154275 -0.0081329 4.56041e-05)
(4.71818e-05 -0.0127911 -0.0154337 -0.0127911 2.53237e-05 -0.00813111 -0.0154337 -0.00813111 5.00153e-05)
(0.000103193 -0.0127933 -0.0154135 -0.0127933 2.95862e-05 -0.00812453 -0.0154135 -0.00812453 7.3826e-05)
(-5.49971e-06 -0.0127956 -0.0154362 -0.0127956 2.98045e-05 -0.00811874 -0.0154362 -0.00811874 6.1838e-05)
(5.02853e-05 -0.0127919 -0.0154242 -0.0127919 3.58206e-05 -0.00814198 -0.0154242 -0.00814198 5.81869e-05)
(5.24644e-05 -0.0127961 -0.015422 -0.0127961 3.24758e-05 -0.0081385 -0.015422 -0.0081385 4.97097e-05)
(-1.44807e-05 -0.0127997 -0.0154437 -0.0127997 3.19123e-05 -0.00812406 -0.0154437 -0.00812406 4.50362e-05)
(3.7895e-05 -0.0127828 -0.0154306 -0.0127828 2.17132e-05 -0.00813194 -0.0154306 -0.00813194 4.5944e-05)
(5.45419e-05 -0.0127925 -0.0154212 -0.0127925 2.61259e-05 -0.00813341 -0.0154212 -0.00813341 5.29444e-05)
(6.21185e-05 -0.0127925 -0.0154229 -0.0127925 2.38695e-05 -0.00812759 -0.0154229 -0.00812759 5.46002e-05)
(3.228e-06 -0.0127892 -0.0154305 -0.0127892 2.35807e-05 -0.00812008 -0.0154305 -0.00812008 7.28188e-05)
(3.0338e-05 -0.0127893 -0.0154276 -0.0127893 2.30477e-05 -0.00812597 -0.0154276 -0.00812597 5.83112e-05)
(8.16528e-05 -0.012793 -0.0154084 -0.012793 2.8843e-05 -0.00812174 -0.0154084 -0.00812174 0.000100906)
(6.78453e-05 -0.0127942 -0.0154144 -0.0127942 2.58408e-05 -0.0081311 -0.0154144 -0.0081311 5.97112e-05)
(9.32237e-05 -0.0128066 -0.015413 -0.0128066 4.00237e-05 -0.00814193 -0.015413 -0.00814193 6.09911e-05)
(3.53075e-07 -0.0127922 -0.0154292 -0.0127922 2.91287e-05 -0.00811584 -0.0154292 -0.00811584 8.08836e-05)
(3.19094e-05 -0.0127883 -0.0154274 -0.0127883 2.18477e-05 -0.00813109 -0.0154274 -0.00813109 4.36139e-05)
(4.98588e-05 -0.0127953 -0.0154265 -0.0127953 3.71794e-05 -0.00814048 -0.0154265 -0.00814048 4.18165e-05)
(1.87921e-05 -0.0127913 -0.0154258 -0.0127913 2.78669e-05 -0.00811858 -0.0154258 -0.00811858 7.52008e-05)
(7.74551e-05 -0.0128062 -0.0154233 -0.0128062 5.91752e-05 -0.00814798 -0.0154233 -0.00814798 5.06422e-05)
(4.10112e-05 -0.0127819 -0.0154311 -0.0127819 2.2651e-05 -0.00813321 -0.0154311 -0.00813321 4.44895e-05)
(2.27487e-05 -0.0127871 -0.0154289 -0.0127871 2.04772e-05 -0.00812686 -0.0154289 -0.00812686 5.44976e-05)
(9.39498e-05 -0.0128077 -0.0154124 -0.0128077 5.31774e-05 -0.00815053 -0.0154124 -0.00815053 8.76045e-05)
(4.74002e-05 -0.0127953 -0.0154249 -0.0127953 3.0168e-05 -0.00813666 -0.0154249 -0.00813666 4.10367e-05)
(4.34252e-05 -0.0127881 -0.0154242 -0.0127881 2.50702e-05 -0.00813385 -0.0154242 -0.00813385 6.58239e-05)
(3.03029e-05 -0.0127983 -0.0154304 -0.0127983 3.40439e-05 -0.00812096 -0.0154304 -0.00812096 0.000117909)
(6.88878e-07 -0.0127886 -0.0154258 -0.0127886 2.54597e-05 -0.0081182 -0.0154258 -0.0081182 6.9905e-05)
(0.000115696 -0.0127905 -0.0154046 -0.0127905 3.16003e-05 -0.00812031 -0.0154046 -0.00812031 8.34091e-05)
(3.48814e-05 -0.0127963 -0.0154286 -0.0127963 5.52007e-05 -0.00810786 -0.0154286 -0.00810786 9.30919e-05)
(-2.24097e-05 -0.0128149 -0.0154541 -0.0128149 4.51882e-05 -0.0081115 -0.0154541 -0.0081115 6.99973e-05)
(-5.36451e-05 -0.0128043 -0.0154455 -0.0128043 4.75146e-05 -0.00811389 -0.0154455 -0.00811389 7.06469e-05)
(2.87096e-05 -0.0127909 -0.0154441 -0.0127909 3.08199e-05 -0.00813218 -0.0154441 -0.00813218 5.27522e-05)
(1.20423e-05 -0.0127942 -0.0154409 -0.0127942 2.81563e-05 -0.00812914 -0.0154409 -0.00812914 4.4877e-05)
(6.10641e-05 -0.0127904 -0.0154124 -0.0127904 2.63615e-05 -0.00812177 -0.0154124 -0.00812177 8.49851e-05)
(1.28964e-05 -0.0127882 -0.0154306 -0.0127882 2.1461e-05 -0.00812452 -0.0154306 -0.00812452 5.50867e-05)
(2.85713e-05 -0.0127884 -0.0154334 -0.0127884 2.09235e-05 -0.00813046 -0.0154334 -0.00813046 3.89687e-05)
(3.40104e-05 -0.0127904 -0.0154346 -0.0127904 2.11814e-05 -0.00813069 -0.0154346 -0.00813069 3.55959e-05)
(-5.34775e-05 -0.0128092 -0.0154493 -0.0128092 4.84275e-05 -0.00810702 -0.0154493 -0.00810702 8.69275e-05)
(-9.55275e-06 -0.0127958 -0.0154329 -0.0127958 3.36446e-05 -0.00811367 -0.0154329 -0.00811367 8.81087e-05)
(5.08291e-05 -0.0127948 -0.0154324 -0.0127948 2.81979e-05 -0.00813391 -0.0154324 -0.00813391 3.45112e-05)
(9.46028e-05 -0.0128043 -0.0154134 -0.0128043 3.77383e-05 -0.00814053 -0.0154134 -0.00814053 6.66764e-05)
(2.71933e-05 -0.0127918 -0.0154251 -0.0127918 3.96935e-05 -0.00811705 -0.0154251 -0.00811705 7.78555e-05)
(8.99594e-05 -0.0128101 -0.0154146 -0.0128101 6.00574e-05 -0.00815313 -0.0154146 -0.00815313 7.95098e-05)
(5.11469e-05 -0.0127881 -0.0154268 -0.0127881 3.80508e-05 -0.0081453 -0.0154268 -0.0081453 7.45388e-05)
(-3.13177e-05 -0.0128117 -0.0154525 -0.0128117 4.26139e-05 -0.00811431 -0.0154525 -0.00811431 6.0987e-05)
(0.000113104 -0.0127998 -0.0154029 -0.0127998 3.20525e-05 -0.00813542 -0.0154029 -0.00813542 9.09751e-05)
(7.3502e-05 -0.012797 -0.0154202 -0.012797 2.91763e-05 -0.00813487 -0.0154202 -0.00813487 5.17716e-05)
(1.52789e-05 -0.0127898 -0.0154361 -0.0127898 2.1613e-05 -0.00812395 -0.0154361 -0.00812395 5.18535e-05)
(1.31005e-06 -0.0127996 -0.0154333 -0.0127996 4.41925e-05 -0.00810805 -0.0154333 -0.00810805 0.000103929)
(4.52887e-06 -0.0127929 -0.0154279 -0.0127929 3.3535e-05 -0.00811352 -0.0154279 -0.00811352 8.17809e-05)
(5.74672e-05 -0.0127984 -0.0154344 -0.0127984 2.98813e-05 -0.00813354 -0.0154344 -0.00813354 3.146e-05)
(1.40418e-05 -0.0127951 -0.0154431 -0.0127951 3.81129e-05 -0.00812872 -0.0154431 -0.00812872 5.08277e-05)
(-5.04269e-06 -0.0127972 -0.0154446 -0.0127972 3.6843e-05 -0.00812955 -0.0154446 -0.00812955 4.42826e-05)
(-6.92785e-05 -0.0128127 -0.015451 -0.0128127 6.00893e-05 -0.00812027 -0.015451 -0.00812027 5.52042e-05)
(7.35841e-05 -0.0127969 -0.0154223 -0.0127969 2.77999e-05 -0.00813385 -0.0154223 -0.00813385 5.11296e-05)
(8.84641e-05 -0.0128163 -0.0154237 -0.0128163 7.45663e-05 -0.00814913 -0.0154237 -0.00814913 4.35425e-05)
(1.17936e-05 -0.0127954 -0.0154463 -0.0127954 2.94909e-05 -0.00811587 -0.0154463 -0.00811587 8.92432e-05)
(7.17689e-05 -0.0127965 -0.0154196 -0.0127965 3.17566e-05 -0.00813718 -0.0154196 -0.00813718 5.99895e-05)
(6.29311e-05 -0.0128016 -0.0154233 -0.0128016 4.76303e-05 -0.00814608 -0.0154233 -0.00814608 5.46614e-05)
(2.93428e-05 -0.0127842 -0.0154309 -0.0127842 2.01139e-05 -0.00812705 -0.0154309 -0.00812705 6.58835e-05)
(0.000106548 -0.0127976 -0.0154057 -0.0127976 3.02576e-05 -0.00813289 -0.0154057 -0.00813289 8.83313e-05)
(6.34512e-06 -0.0127889 -0.0154252 -0.0127889 2.54434e-05 -0.00811847 -0.0154252 -0.00811847 8.78048e-05)
(-7.07752e-05 -0.0128075 -0.0154472 -0.0128075 5.8927e-05 -0.00810864 -0.0154472 -0.00810864 8.2604e-05)
(8.83502e-05 -0.0128008 -0.0154177 -0.0128008 3.11442e-05 -0.0081356 -0.0154177 -0.0081356 5.50108e-05)
(2.10736e-05 -0.0127884 -0.0154254 -0.0127884 2.19552e-05 -0.00812456 -0.0154254 -0.00812456 5.16956e-05)
(3.232e-05 -0.0127911 -0.0154253 -0.0127911 3.45726e-05 -0.00811795 -0.0154253 -0.00811795 7.03745e-05)
(3.9185e-05 -0.0127909 -0.0154196 -0.0127909 2.91299e-05 -0.00811889 -0.0154196 -0.00811889 8.72043e-05)
(2.18896e-05 -0.0127916 -0.0154235 -0.0127916 2.86445e-05 -0.00811969 -0.0154235 -0.00811969 0.000102293)
(8.958e-05 -0.0128216 -0.0154196 -0.0128216 8.02522e-05 -0.0081531 -0.0154196 -0.0081531 5.03615e-05)
(5.58931e-05 -0.0127915 -0.0154161 -0.0127915 2.53144e-05 -0.00813143 -0.0154161 -0.00813143 7.07366e-05)
(-5.34395e-05 -0.0128009 -0.0154434 -0.0128009 5.69053e-05 -0.008114 -0.0154434 -0.008114 7.32491e-05)
(2.0455e-05 -0.0127897 -0.0154466 -0.0127897 2.45985e-05 -0.00813426 -0.0154466 -0.00813426 4.68396e-05)
(4.15262e-05 -0.0127899 -0.0154191 -0.0127899 2.63744e-05 -0.0081212 -0.0154191 -0.0081212 7.0673e-05)
(5.87665e-05 -0.0127961 -0.0154242 -0.0127961 3.89153e-05 -0.00814234 -0.0154242 -0.00814234 5.45577e-05)
(4.9002e-05 -0.0127866 -0.015427 -0.0127866 3.14441e-05 -0.00813987 -0.015427 -0.00813987 6.08886e-05)
(7.3085e-05 -0.012798 -0.0154147 -0.012798 3.68578e-05 -0.00814222 -0.0154147 -0.00814222 7.75279e-05)
(8.74335e-05 -0.0128128 -0.0154296 -0.0128128 5.08328e-05 -0.00813997 -0.0154296 -0.00813997 3.44542e-05)
(-9.44393e-06 -0.0127973 -0.0154433 -0.0127973 3.29895e-05 -0.00813141 -0.0154433 -0.00813141 3.99542e-05)
(2.48058e-05 -0.0127889 -0.015438 -0.0127889 2.26131e-05 -0.00812125 -0.015438 -0.00812125 7.20881e-05)
(3.29583e-05 -0.0127848 -0.0154295 -0.0127848 2.02769e-05 -0.00813051 -0.0154295 -0.00813051 4.82964e-05)
(7.34333e-05 -0.0127965 -0.015437 -0.0127965 2.57764e-05 -0.0081335 -0.015437 -0.0081335 4.25086e-05)
(3.09934e-05 -0.0127882 -0.0154386 -0.0127882 2.27884e-05 -0.0081323 -0.0154386 -0.0081323 3.65068e-05)
(2.64325e-05 -0.0127865 -0.0154357 -0.0127865 2.06354e-05 -0.00812759 -0.0154357 -0.00812759 5.13483e-05)
(0.000135749 -0.0128112 -0.0154052 -0.0128112 4.26906e-05 -0.00814224 -0.0154052 -0.00814224 7.85443e-05)
(4.31841e-05 -0.0127921 -0.0154196 -0.0127921 2.70219e-05 -0.00811947 -0.0154196 -0.00811947 9.07951e-05)
(1.54191e-05 -0.012791 -0.0154387 -0.012791 2.17036e-05 -0.00812621 -0.0154387 -0.00812621 4.10545e-05)
(5.40184e-05 -0.0127934 -0.0154249 -0.0127934 3.70699e-05 -0.00814142 -0.0154249 -0.00814142 5.16545e-05)
(5.97859e-05 -0.012792 -0.0154167 -0.012792 2.36541e-05 -0.00812669 -0.0154167 -0.00812669 6.63033e-05)
(8.03102e-05 -0.012795 -0.0154147 -0.012795 2.48802e-05 -0.00812892 -0.0154147 -0.00812892 6.50852e-05)
(-3.57353e-05 -0.0128001 -0.015443 -0.0128001 3.75659e-05 -0.00811042 -0.015443 -0.00811042 9.6533e-05)
(1.96582e-05 -0.0127875 -0.0154242 -0.0127875 2.24066e-05 -0.00812363 -0.0154242 -0.00812363 8.44756e-05)
(0.0001413 -0.0127997 -0.0153947 -0.0127997 3.47889e-05 -0.00813727 -0.0153947 -0.00813727 0.000114934)
(9.88365e-05 -0.0127949 -0.0154099 -0.0127949 2.7565e-05 -0.00813015 -0.0154099 -0.00813015 6.79042e-05)
(4.31142e-05 -0.0127862 -0.015432 -0.0127862 2.60826e-05 -0.00813218 -0.015432 -0.00813218 2.98344e-05)
(3.65484e-05 -0.012801 -0.0154495 -0.012801 2.72936e-05 -0.0081174 -0.0154495 -0.0081174 5.57562e-05)
(8.42508e-05 -0.0128098 -0.0154258 -0.0128098 5.77498e-05 -0.00814443 -0.0154258 -0.00814443 4.2888e-05)
(7.48224e-05 -0.0127986 -0.0154347 -0.0127986 2.67119e-05 -0.00813307 -0.0154347 -0.00813307 4.06029e-05)
(-3.75869e-05 -0.0128127 -0.0154523 -0.0128127 4.43002e-05 -0.00811178 -0.0154523 -0.00811178 6.33279e-05)
(8.17722e-05 -0.0128149 -0.0154223 -0.0128149 6.74903e-05 -0.00814961 -0.0154223 -0.00814961 4.61016e-05)
(6.09249e-05 -0.0127952 -0.0154346 -0.0127952 3.77325e-05 -0.00812562 -0.0154346 -0.00812562 6.14076e-05)
(2.10513e-05 -0.0127886 -0.0154239 -0.0127886 2.16563e-05 -0.00812166 -0.0154239 -0.00812166 7.14396e-05)
(0.000105873 -0.012829 -0.0154196 -0.012829 8.30293e-05 -0.00815106 -0.0154196 -0.00815106 4.45531e-05)
(-3.26363e-05 -0.0128005 -0.0154387 -0.0128005 4.38264e-05 -0.00810927 -0.0154387 -0.00810927 8.35196e-05)
(2.85827e-05 -0.0127822 -0.0154331 -0.0127822 1.91883e-05 -0.0081282 -0.0154331 -0.0081282 5.52648e-05)
(9.67272e-05 -0.0127964 -0.0154041 -0.0127964 3.21806e-05 -0.00813566 -0.0154041 -0.00813566 0.00010545)
(4.45087e-05 -0.01279 -0.0154191 -0.01279 2.27014e-05 -0.00812913 -0.0154191 -0.00812913 6.33003e-05)
(9.39363e-05 -0.0127963 -0.0154284 -0.0127963 7.93317e-05 -0.00814354 -0.0154284 -0.00814354 3.4169e-05)
(3.89661e-05 -0.012792 -0.0154311 -0.012792 3.11211e-05 -0.00813496 -0.0154311 -0.00813496 0.000124815)
(5.70912e-05 -0.0127922 -0.0154204 -0.0127922 2.47411e-05 -0.00813161 -0.0154204 -0.00813161 6.16429e-05)
(0.000135112 -0.0128128 -0.0154039 -0.0128128 4.91897e-05 -0.00814749 -0.0154039 -0.00814749 9.03669e-05)
(4.2097e-05 -0.0127884 -0.0154182 -0.0127884 2.44176e-05 -0.0081294 -0.0154182 -0.0081294 7.84388e-05)
(2.03963e-05 -0.0127867 -0.0154284 -0.0127867 2.19067e-05 -0.00812663 -0.0154284 -0.00812663 5.8819e-05)
(-4.32968e-05 -0.0128055 -0.0154465 -0.0128055 4.16462e-05 -0.00811091 -0.0154465 -0.00811091 7.50473e-05)
(4.48694e-05 -0.0127878 -0.0154238 -0.0127878 2.57175e-05 -0.00813115 -0.0154238 -0.00813115 9.40518e-05)
(2.21392e-05 -0.012788 -0.0154247 -0.012788 2.17559e-05 -0.00812383 -0.0154247 -0.00812383 6.82528e-05)
(1.05287e-05 -0.0127899 -0.0154358 -0.0127899 2.31977e-05 -0.00812721 -0.0154358 -0.00812721 4.50952e-05)
(0.00010181 -0.0127937 -0.0154152 -0.0127937 2.8283e-05 -0.00812768 -0.0154152 -0.00812768 6.3956e-05)
(4.42966e-05 -0.0127919 -0.0154266 -0.0127919 2.52146e-05 -0.0081333 -0.0154266 -0.0081333 4.01776e-05)
(4.63188e-05 -0.012779 -0.015435 -0.012779 1.72458e-05 -0.00812882 -0.015435 -0.00812882 4.28588e-05)
(1.43714e-05 -0.0127908 -0.0154264 -0.0127908 2.66581e-05 -0.00811747 -0.0154264 -0.00811747 7.76052e-05)
(8.44781e-05 -0.0127935 -0.0154083 -0.0127935 2.70662e-05 -0.00813009 -0.0154083 -0.00813009 7.94983e-05)
(9.59388e-05 -0.0128013 -0.0154117 -0.0128013 3.4992e-05 -0.00813887 -0.0154117 -0.00813887 7.75936e-05)
(-2.00343e-05 -0.0128013 -0.0154394 -0.0128013 4.81187e-05 -0.00810656 -0.0154394 -0.00810656 8.94589e-05)
(-5.59834e-07 -0.0127935 -0.0154325 -0.0127935 2.9457e-05 -0.00811725 -0.0154325 -0.00811725 6.98271e-05)
(4.29847e-05 -0.012789 -0.0154256 -0.012789 2.98109e-05 -0.00813877 -0.0154256 -0.00813877 5.99717e-05)
(4.81385e-05 -0.0127907 -0.0154241 -0.0127907 2.83838e-05 -0.00813645 -0.0154241 -0.00813645 5.50493e-05)
(5.37571e-05 -0.0127918 -0.0154221 -0.0127918 2.39577e-05 -0.00813101 -0.0154221 -0.00813101 5.51921e-05)
(3.05476e-05 -0.0127872 -0.0154208 -0.0127872 2.18487e-05 -0.00813001 -0.0154208 -0.00813001 6.43651e-05)
(9.19218e-05 -0.0128115 -0.0154175 -0.0128115 5.533e-05 -0.0081482 -0.0154175 -0.0081482 6.13234e-05)
(5.33866e-05 -0.0127909 -0.0154238 -0.0127909 2.54117e-05 -0.00813295 -0.0154238 -0.00813295 5.65604e-05)
(-6.06789e-05 -0.012805 -0.0154451 -0.012805 4.86959e-05 -0.00810819 -0.0154451 -0.00810819 8.7371e-05)
(6.55354e-05 -0.0127997 -0.0154223 -0.0127997 3.69718e-05 -0.00812713 -0.0154223 -0.00812713 0.000125678)
(0.000113095 -0.012799 -0.0154073 -0.012799 6.77854e-05 -0.00815337 -0.0154073 -0.00815337 0.000128905)
(0.000115318 -0.0128159 -0.0154155 -0.0128159 0.000101383 -0.00815387 -0.0154155 -0.00815387 5.89052e-05)
(4.60562e-05 -0.012794 -0.0154471 -0.012794 3.63642e-05 -0.00812963 -0.0154471 -0.00812963 3.75678e-05)
(1.80067e-05 -0.0127917 -0.0154332 -0.0127917 2.69317e-05 -0.00812615 -0.0154332 -0.00812615 5.08703e-05)
(5.36889e-05 -0.0127977 -0.0154363 -0.0127977 2.739e-05 -0.00813307 -0.0154363 -0.00813307 2.93427e-05)
(1.9389e-05 -0.0127868 -0.0154379 -0.0127868 1.79664e-05 -0.00812969 -0.0154379 -0.00812969 3.14542e-05)
(-5.69325e-05 -0.012808 -0.0154474 -0.012808 5.75657e-05 -0.00811198 -0.0154474 -0.00811198 7.70698e-05)
(6.13411e-05 -0.0128057 -0.0154373 -0.0128057 4.26883e-05 -0.00813367 -0.0154373 -0.00813367 2.75889e-05)
(2.93306e-05 -0.012781 -0.0154361 -0.012781 1.60855e-05 -0.00812863 -0.0154361 -0.00812863 3.05425e-05)
(6.77898e-05 -0.0127973 -0.0154257 -0.0127973 2.8637e-05 -0.0081346 -0.0154257 -0.0081346 4.731e-05)
(9.96284e-05 -0.0128205 -0.0154252 -0.0128205 6.68465e-05 -0.00814503 -0.0154252 -0.00814503 4.19265e-05)
(3.15772e-05 -0.0127872 -0.0154298 -0.0127872 2.03472e-05 -0.00812829 -0.0154298 -0.00812829 5.19235e-05)
(5.08107e-05 -0.0127905 -0.0154156 -0.0127905 2.61569e-05 -0.00813066 -0.0154156 -0.00813066 9.62561e-05)
(-2.78448e-06 -0.0127948 -0.0154357 -0.0127948 2.98822e-05 -0.00811562 -0.0154357 -0.00811562 0.000101167)
(8.32751e-05 -0.0128013 -0.0154143 -0.0128013 4.5731e-05 -0.00814855 -0.0154143 -0.00814855 9.34555e-05)
(9.21064e-05 -0.0127956 -0.015418 -0.0127956 2.62991e-05 -0.00812838 -0.015418 -0.00812838 5.41433e-05)
(-3.72909e-06 -0.0127955 -0.0154335 -0.0127955 3.61424e-05 -0.00811573 -0.0154335 -0.00811573 7.2539e-05)
(7.65329e-05 -0.0127988 -0.0154151 -0.0127988 3.47299e-05 -0.00814006 -0.0154151 -0.00814006 7.4235e-05)
(0.000105251 -0.0128176 -0.0154152 -0.0128176 6.53844e-05 -0.00815159 -0.0154152 -0.00815159 6.55048e-05)
(4.8702e-05 -0.0127902 -0.0154162 -0.0127902 2.68336e-05 -0.00813114 -0.0154162 -0.00813114 9.61942e-05)
(3.01658e-05 -0.0127933 -0.0154373 -0.0127933 2.69774e-05 -0.00812918 -0.0154373 -0.00812918 4.22946e-05)
(-6.94699e-05 -0.0128146 -0.0154507 -0.0128146 5.59488e-05 -0.00812035 -0.0154507 -0.00812035 5.28322e-05)
(-1.33852e-05 -0.0127954 -0.0154344 -0.0127954 3.60991e-05 -0.00811652 -0.0154344 -0.00811652 6.54194e-05)
(3.30554e-05 -0.012794 -0.0154272 -0.012794 3.50842e-05 -0.00811654 -0.0154272 -0.00811654 7.47012e-05)
(5.32081e-05 -0.0127918 -0.0154174 -0.0127918 2.98254e-05 -0.00811628 -0.0154174 -0.00811628 8.55916e-05)
(4.73098e-05 -0.0127843 -0.0154289 -0.0127843 2.7245e-05 -0.00813714 -0.0154289 -0.00813714 6.15409e-05)
(-2.90994e-05 -0.012805 -0.0154448 -0.012805 4.14026e-05 -0.00811648 -0.0154448 -0.00811648 6.59034e-05)
(-8.87859e-05 -0.0128169 -0.0154541 -0.0128169 7.01465e-05 -0.00811669 -0.0154541 -0.00811669 6.80264e-05)
(2.54904e-05 -0.0127904 -0.0154337 -0.0127904 2.6173e-05 -0.00812795 -0.0154337 -0.00812795 5.04571e-05)
(7.92301e-05 -0.0127963 -0.0154265 -0.0127963 2.53782e-05 -0.00813166 -0.0154265 -0.00813166 4.49896e-05)
(5.13855e-05 -0.012799 -0.0154388 -0.012799 3.22895e-05 -0.00813192 -0.0154388 -0.00813192 2.84956e-05)
(2.26253e-05 -0.0127903 -0.0154403 -0.0127903 2.22482e-05 -0.00813206 -0.0154403 -0.00813206 3.44408e-05)
(2.52485e-05 -0.0127878 -0.0154387 -0.0127878 1.98799e-05 -0.00812975 -0.0154387 -0.00812975 3.53793e-05)
(1.44949e-05 -0.0127933 -0.015441 -0.0127933 2.61822e-05 -0.00812797 -0.015441 -0.00812797 4.85668e-05)
(1.70708e-05 -0.01279 -0.0154371 -0.01279 2.6433e-05 -0.00812912 -0.0154371 -0.00812912 4.62755e-05)
(-1.26493e-05 -0.0127944 -0.0154325 -0.0127944 3.29598e-05 -0.00811546 -0.0154325 -0.00811546 8.84334e-05)
(7.12802e-05 -0.0127904 -0.0154128 -0.0127904 2.66507e-05 -0.00812743 -0.0154128 -0.00812743 7.48769e-05)
(8.22107e-05 -0.0128069 -0.015433 -0.0128069 3.87899e-05 -0.00813674 -0.015433 -0.00813674 3.40016e-05)
(5.99462e-06 -0.0127903 -0.0154267 -0.0127903 3.00927e-05 -0.00811872 -0.0154267 -0.00811872 7.35302e-05)
(2.74291e-05 -0.0127838 -0.0154274 -0.0127838 2.09113e-05 -0.00813119 -0.0154274 -0.00813119 6.57047e-05)
(2.38328e-05 -0.012787 -0.0154341 -0.012787 1.99255e-05 -0.00812492 -0.0154341 -0.00812492 5.80929e-05)
(1.65076e-05 -0.0127936 -0.0154251 -0.0127936 3.24252e-05 -0.00811709 -0.0154251 -0.00811709 0.000100635)
(4.76364e-05 -0.0127942 -0.0154285 -0.0127942 2.83939e-05 -0.00813503 -0.0154285 -0.00813503 3.83728e-05)
(2.76259e-05 -0.0127923 -0.0154326 -0.0127923 4.48099e-05 -0.00812059 -0.0154326 -0.00812059 6.78848e-05)
(2.92323e-05 -0.0127916 -0.0154205 -0.0127916 3.30577e-05 -0.00811465 -0.0154205 -0.00811465 9.00421e-05)
(8.06383e-05 -0.0128017 -0.0154191 -0.0128017 5.50186e-05 -0.00815005 -0.0154191 -0.00815005 7.44133e-05)
(-7.95952e-05 -0.0128216 -0.0154549 -0.0128216 7.33645e-05 -0.00813234 -0.0154549 -0.00813234 5.0868e-05)
(6.03141e-05 -0.0127909 -0.0154253 -0.0127909 4.40296e-05 -0.00814622 -0.0154253 -0.00814622 6.24254e-05)
(1.6572e-05 -0.012793 -0.0154321 -0.012793 2.9722e-05 -0.00812281 -0.0154321 -0.00812281 6.22087e-05)
(-6.57387e-05 -0.0128141 -0.015454 -0.0128141 7.98025e-05 -0.00811705 -0.015454 -0.00811705 7.3052e-05)
(6.88929e-05 -0.0127994 -0.0154205 -0.0127994 4.06913e-05 -0.00814321 -0.0154205 -0.00814321 6.42866e-05)
(3.58408e-05 -0.0127905 -0.0154348 -0.0127905 2.13934e-05 -0.00813098 -0.0154348 -0.00813098 3.26727e-05)
(9.89884e-05 -0.0128042 -0.0154176 -0.0128042 2.88448e-05 -0.00813276 -0.0154176 -0.00813276 4.81389e-05)
(1.28177e-06 -0.0127897 -0.0154327 -0.0127897 2.3031e-05 -0.00812377 -0.0154327 -0.00812377 4.73936e-05)
(-8.46105e-05 -0.0128136 -0.0154528 -0.0128136 5.84051e-05 -0.00810993 -0.0154528 -0.00810993 7.58728e-05)
(9.34679e-05 -0.0127978 -0.0154072 -0.0127978 3.01752e-05 -0.00813437 -0.0154072 -0.00813437 8.58475e-05)
(4.24071e-05 -0.0127874 -0.0154222 -0.0127874 2.56484e-05 -0.00813385 -0.0154222 -0.00813385 7.35564e-05)
(1.93301e-05 -0.0127884 -0.0154263 -0.0127884 2.43013e-05 -0.008123 -0.0154263 -0.008123 8.09267e-05)
(6.75144e-05 -0.0127997 -0.0154208 -0.0127997 3.5703e-05 -0.00813967 -0.0154208 -0.00813967 5.29972e-05)
(9.61508e-05 -0.0128249 -0.0154377 -0.0128249 6.78328e-05 -0.00813602 -0.0154377 -0.00813602 2.80855e-05)
(0.00010073 -0.0128096 -0.0154134 -0.0128096 4.19443e-05 -0.00814234 -0.0154134 -0.00814234 6.17389e-05)
(7.52511e-07 -0.0127943 -0.0154346 -0.0127943 2.97251e-05 -0.00812055 -0.0154346 -0.00812055 6.04936e-05)
(-8.39608e-07 -0.0127908 -0.0154363 -0.0127908 2.35129e-05 -0.00812545 -0.0154363 -0.00812545 4.305e-05)
(2.68608e-05 -0.0127857 -0.0154323 -0.0127857 2.0131e-05 -0.00813099 -0.0154323 -0.00813099 3.48754e-05)
(5.53302e-05 -0.0127987 -0.015435 -0.0127987 4.03526e-05 -0.00813444 -0.015435 -0.00813444 3.19172e-05)
(6.02952e-05 -0.0127997 -0.0154317 -0.0127997 3.04201e-05 -0.00813425 -0.0154317 -0.00813425 3.04642e-05)
(2.23886e-05 -0.0127939 -0.0154328 -0.0127939 3.51202e-05 -0.00812321 -0.0154328 -0.00812321 5.52694e-05)
(-6.32375e-05 -0.0128117 -0.0154499 -0.0128117 5.619e-05 -0.00811734 -0.0154499 -0.00811734 6.44721e-05)
(-8.63611e-05 -0.0128167 -0.015454 -0.0128167 6.88139e-05 -0.00811989 -0.015454 -0.00811989 6.1246e-05)
(3.15996e-05 -0.0127875 -0.015422 -0.0127875 2.16178e-05 -0.00812966 -0.015422 -0.00812966 5.82383e-05)
(-7.33006e-06 -0.0128009 -0.0154443 -0.0128009 4.60633e-05 -0.00812717 -0.0154443 -0.00812717 5.51378e-05)
(1.88386e-05 -0.0127929 -0.0154346 -0.0127929 3.40763e-05 -0.00812492 -0.0154346 -0.00812492 5.08301e-05)
(3.29911e-05 -0.0127861 -0.0154394 -0.0127861 2.31818e-05 -0.00813195 -0.0154394 -0.00813195 3.55737e-05)
(1.70174e-05 -0.0127946 -0.0154484 -0.0127946 3.15176e-05 -0.00813427 -0.0154484 -0.00813427 4.82868e-05)
