/*--------------------------------*- C++ -*----------------------------------*\
  =========                 |
  \\      /  F ield         | OpenFOAM: The Open Source CFD Toolbox
   \\    /   O peration     | Website:  https://openfoam.org
    \\  /    A nd           | Version:  10
     \\/     M anipulation  |
\*---------------------------------------------------------------------------*/
FoamFile
{
    format      ascii;
    class       volTensorField;
    location    "17.5";
    object      TauNN;
}
// * * * * * * * * * * * * * * * * * * * * * * * * * * * * * * * * * * * * * //

dimensions      [0 2 -2 0 0 0 0];

internalField   nonuniform List<tensor> 
25600
(
(2.44201e-05 -0.0127848 -0.0154299 -0.0127848 1.95192e-05 -0.0081287 -0.0154299 -0.0081287 5.04945e-05)
(-1.88564e-05 -0.0127938 -0.0154303 -0.0127938 3.58724e-05 -0.00811273 -0.0154303 -0.00811273 8.30092e-05)
(5.89366e-05 -0.0127907 -0.0154221 -0.0127907 2.66506e-05 -0.00812908 -0.0154221 -0.00812908 5.92898e-05)
(3.70953e-05 -0.0127896 -0.0154351 -0.0127896 2.28348e-05 -0.00813214 -0.0154351 -0.00813214 4.19195e-05)
(3.09446e-05 -0.0127881 -0.0154268 -0.0127881 2.11269e-05 -0.00813096 -0.0154268 -0.00813096 4.39973e-05)
(5.42076e-05 -0.0127933 -0.0154227 -0.0127933 2.37222e-05 -0.00813165 -0.0154227 -0.00813165 4.55198e-05)
(-1.03114e-05 -0.0127964 -0.0154376 -0.0127964 3.42108e-05 -0.00811954 -0.0154376 -0.00811954 6.19341e-05)
(1.49142e-05 -0.0127896 -0.0154281 -0.0127896 2.38486e-05 -0.00812201 -0.0154281 -0.00812201 6.62788e-05)
(7.47405e-05 -0.0127924 -0.0154076 -0.0127924 2.77696e-05 -0.00812782 -0.0154076 -0.00812782 9.53939e-05)
(4.4347e-05 -0.0127909 -0.0154137 -0.0127909 2.99234e-05 -0.00812059 -0.0154137 -0.00812059 0.00010978)
(1.5977e-05 -0.0127882 -0.0154213 -0.0127882 2.98102e-05 -0.00811738 -0.0154213 -0.00811738 7.63854e-05)
(1.66423e-05 -0.0127896 -0.0154253 -0.0127896 2.78673e-05 -0.00812001 -0.0154253 -0.00812001 7.05768e-05)
(2.74281e-05 -0.0127893 -0.015425 -0.0127893 2.63889e-05 -0.00812656 -0.015425 -0.00812656 0.000104483)
(4.29017e-05 -0.0127894 -0.0154212 -0.0127894 2.35557e-05 -0.0081296 -0.0154212 -0.0081296 6.62353e-05)
(5.71052e-05 -0.0127921 -0.0154171 -0.0127921 2.65438e-05 -0.00813263 -0.0154171 -0.00813263 7.07206e-05)
(1.80213e-05 -0.0127873 -0.0154286 -0.0127873 2.23756e-05 -0.0081268 -0.0154286 -0.0081268 5.44563e-05)
(1.74175e-05 -0.0127905 -0.015423 -0.0127905 2.90132e-05 -0.00811995 -0.015423 -0.00811995 9.40201e-05)
(2.81134e-05 -0.0127944 -0.0154263 -0.0127944 3.00298e-05 -0.00811884 -0.0154263 -0.00811884 0.000100982)
(3.85136e-05 -0.0127885 -0.0154177 -0.0127885 2.30241e-05 -0.00812543 -0.0154177 -0.00812543 7.55646e-05)
(4.27129e-05 -0.012789 -0.0154192 -0.012789 2.34592e-05 -0.00812935 -0.0154192 -0.00812935 5.99577e-05)
(4.04576e-05 -0.0127904 -0.0154223 -0.0127904 2.55859e-05 -0.0081238 -0.0154223 -0.0081238 6.41171e-05)
(5.37417e-05 -0.012795 -0.0154309 -0.012795 2.41923e-05 -0.00813224 -0.0154309 -0.00813224 3.66918e-05)
(2.12584e-05 -0.0127875 -0.0154255 -0.0127875 2.1452e-05 -0.00812534 -0.0154255 -0.00812534 5.78447e-05)
(7.31941e-07 -0.0128062 -0.015445 -0.0128062 4.24563e-05 -0.00812174 -0.015445 -0.00812174 0.000128073)
(5.51017e-05 -0.0127908 -0.015418 -0.0127908 3.05002e-05 -0.00813726 -0.015418 -0.00813726 0.000103213)
(6.40954e-05 -0.0127901 -0.0154117 -0.0127901 2.43763e-05 -0.00812769 -0.0154117 -0.00812769 7.53991e-05)
(3.35258e-05 -0.0127879 -0.0154203 -0.0127879 3.09022e-05 -0.00812052 -0.0154203 -0.00812052 7.83352e-05)
(2.77821e-05 -0.0127859 -0.0154296 -0.0127859 2.18756e-05 -0.00812832 -0.0154296 -0.00812832 5.67925e-05)
(1.09511e-05 -0.012795 -0.0154393 -0.012795 2.8411e-05 -0.00812742 -0.0154393 -0.00812742 4.77661e-05)
(1.16244e-05 -0.0127902 -0.015431 -0.0127902 3.13958e-05 -0.00812357 -0.015431 -0.00812357 5.56746e-05)
(1.61862e-05 -0.0127911 -0.0154295 -0.0127911 2.67505e-05 -0.00812297 -0.0154295 -0.00812297 5.64424e-05)
(3.4836e-07 -0.0127923 -0.0154338 -0.0127923 2.7393e-05 -0.00812405 -0.0154338 -0.00812405 4.85774e-05)
(2.81563e-05 -0.0127893 -0.0154296 -0.0127893 2.35008e-05 -0.0081292 -0.0154296 -0.0081292 4.28676e-05)
(7.92293e-05 -0.0127926 -0.0154106 -0.0127926 2.68989e-05 -0.00812568 -0.0154106 -0.00812568 8.29867e-05)
(5.33617e-05 -0.0127921 -0.0154171 -0.0127921 2.73087e-05 -0.00813489 -0.0154171 -0.00813489 7.42123e-05)
(1.7804e-05 -0.012788 -0.0154267 -0.012788 2.13447e-05 -0.00812393 -0.0154267 -0.00812393 6.17891e-05)
(4.07446e-05 -0.0127922 -0.0154222 -0.0127922 2.95086e-05 -0.00812632 -0.0154222 -0.00812632 0.000108768)
(6.08053e-05 -0.0127917 -0.015414 -0.0127917 2.47852e-05 -0.00812967 -0.015414 -0.00812967 7.34134e-05)
(6.14273e-05 -0.0127895 -0.0154114 -0.0127895 2.45249e-05 -0.00812496 -0.0154114 -0.00812496 8.0477e-05)
(4.71315e-05 -0.0127882 -0.0154203 -0.0127882 2.72269e-05 -0.00813266 -0.0154203 -0.00813266 9.07764e-05)
(6.853e-05 -0.0127911 -0.0154202 -0.0127911 3.34672e-05 -0.00811893 -0.0154202 -0.00811893 8.07408e-05)
(3.02662e-05 -0.0127945 -0.015427 -0.0127945 3.09979e-05 -0.00811817 -0.015427 -0.00811817 7.42346e-05)
(1.12505e-06 -0.0127897 -0.0154349 -0.0127897 2.29753e-05 -0.00811879 -0.0154349 -0.00811879 7.12271e-05)
(8.49664e-06 -0.0127872 -0.0154265 -0.0127872 2.12912e-05 -0.00812184 -0.0154265 -0.00812184 6.57383e-05)
(-1.80481e-05 -0.0127963 -0.0154337 -0.0127963 3.96293e-05 -0.00811191 -0.0154337 -0.00811191 8.77116e-05)
(0.000103427 -0.0127937 -0.0154074 -0.0127937 2.81842e-05 -0.00812492 -0.0154074 -0.00812492 8.20419e-05)
(6.53497e-05 -0.0127963 -0.0154202 -0.0127963 3.1235e-05 -0.00813743 -0.0154202 -0.00813743 6.20755e-05)
(-1.48526e-05 -0.0128008 -0.015445 -0.0128008 3.23537e-05 -0.00811354 -0.015445 -0.00811354 7.13398e-05)
(7.02326e-05 -0.0127975 -0.0154185 -0.0127975 2.90032e-05 -0.00813513 -0.0154185 -0.00813513 5.70663e-05)
(6.63367e-05 -0.0127941 -0.0154213 -0.0127941 2.53951e-05 -0.0081319 -0.0154213 -0.0081319 5.21281e-05)
(2.7076e-05 -0.0127894 -0.0154298 -0.0127894 2.5425e-05 -0.00812831 -0.0154298 -0.00812831 4.83937e-05)
(4.24892e-05 -0.012791 -0.0154294 -0.012791 2.57448e-05 -0.00813342 -0.0154294 -0.00813342 3.41973e-05)
(4.11881e-05 -0.0127892 -0.0154244 -0.0127892 2.26221e-05 -0.0081309 -0.0154244 -0.0081309 6.49082e-05)
(4.59174e-05 -0.0127897 -0.0154199 -0.0127897 2.36574e-05 -0.00812979 -0.0154199 -0.00812979 7.44755e-05)
(5.00472e-05 -0.0127898 -0.0154155 -0.0127898 2.78602e-05 -0.00813515 -0.0154155 -0.00813515 9.10697e-05)
(4.50636e-05 -0.0127904 -0.0154245 -0.0127904 2.34929e-05 -0.00813174 -0.0154245 -0.00813174 5.23823e-05)
(3.70402e-05 -0.0127904 -0.0154225 -0.0127904 2.42177e-05 -0.00812131 -0.0154225 -0.00812131 6.72708e-05)
(3.62209e-05 -0.0127905 -0.0154184 -0.0127905 2.74296e-05 -0.00811772 -0.0154184 -0.00811772 9.42763e-05)
(5.13705e-06 -0.0127903 -0.0154426 -0.0127903 2.34789e-05 -0.00813008 -0.0154426 -0.00813008 4.15419e-05)
(2.04971e-05 -0.0127847 -0.015437 -0.0127847 1.92943e-05 -0.0081307 -0.015437 -0.0081307 3.54151e-05)
(3.33561e-05 -0.0127874 -0.0154209 -0.0127874 2.19063e-05 -0.0081297 -0.0154209 -0.0081297 6.46169e-05)
(4.01093e-05 -0.0127929 -0.0154386 -0.0127929 2.67549e-05 -0.00813236 -0.0154386 -0.00813236 3.27532e-05)
(9.80427e-05 -0.0128075 -0.0154336 -0.0128075 3.53908e-05 -0.0081358 -0.0154336 -0.0081358 3.92971e-05)
(4.18505e-05 -0.012789 -0.0154191 -0.012789 2.46801e-05 -0.00813227 -0.0154191 -0.00813227 6.85342e-05)
(2.13735e-05 -0.0127841 -0.0154254 -0.0127841 2.11415e-05 -0.00813038 -0.0154254 -0.00813038 5.87033e-05)
(6.67992e-05 -0.0127941 -0.0154202 -0.0127941 2.68086e-05 -0.00813252 -0.0154202 -0.00813252 5.28348e-05)
(2.97871e-05 -0.0127877 -0.0154256 -0.0127877 2.16005e-05 -0.00812981 -0.0154256 -0.00812981 4.95756e-05)
(8.14953e-05 -0.0127991 -0.0154144 -0.0127991 3.01452e-05 -0.0081354 -0.0154144 -0.0081354 6.46809e-05)
(9.21356e-05 -0.0127956 -0.0154105 -0.0127956 2.69019e-05 -0.00812698 -0.0154105 -0.00812698 8.16039e-05)
(2.06893e-05 -0.0127916 -0.0154312 -0.0127916 2.84907e-05 -0.00812641 -0.0154312 -0.00812641 0.000115811)
(3.72941e-05 -0.0127878 -0.0154215 -0.0127878 2.59477e-05 -0.0081324 -0.0154215 -0.0081324 9.55508e-05)
(1.49873e-05 -0.0127894 -0.015433 -0.0127894 2.14231e-05 -0.00812594 -0.015433 -0.00812594 4.6235e-05)
(2.80137e-05 -0.0127888 -0.0154224 -0.0127888 2.24924e-05 -0.00812265 -0.0154224 -0.00812265 7.40207e-05)
(5.57973e-06 -0.0127897 -0.0154301 -0.0127897 2.33747e-05 -0.00812034 -0.0154301 -0.00812034 6.53763e-05)
(4.24621e-05 -0.0127879 -0.0154164 -0.0127879 2.3696e-05 -0.0081236 -0.0154164 -0.0081236 7.53088e-05)
(8.4008e-05 -0.0127936 -0.0154081 -0.0127936 2.91199e-05 -0.00812865 -0.0154081 -0.00812865 0.000101141)
(2.3678e-05 -0.0127848 -0.0154321 -0.0127848 1.95373e-05 -0.00812615 -0.0154321 -0.00812615 6.53371e-05)
(2.72706e-05 -0.0127872 -0.0154236 -0.0127872 2.08116e-05 -0.00812688 -0.0154236 -0.00812688 6.13109e-05)
(5.84046e-05 -0.0127944 -0.0154232 -0.0127944 2.6661e-05 -0.0081337 -0.0154232 -0.0081337 4.7032e-05)
(3.60401e-05 -0.0127886 -0.0154234 -0.0127886 2.25284e-05 -0.00813171 -0.0154234 -0.00813171 5.69219e-05)
(9.44494e-05 -0.0127975 -0.0154114 -0.0127975 2.89414e-05 -0.00813259 -0.0154114 -0.00813259 6.79416e-05)
(3.01253e-05 -0.0127828 -0.01543 -0.0127828 2.17657e-05 -0.00813263 -0.01543 -0.00813263 4.53594e-05)
(3.26385e-05 -0.0127886 -0.0154219 -0.0127886 2.1039e-05 -0.00812721 -0.0154219 -0.00812721 6.11961e-05)
(0.00010366 -0.0127953 -0.0154056 -0.0127953 2.69925e-05 -0.00812655 -0.0154056 -0.00812655 8.07002e-05)
(-1.74426e-05 -0.0127983 -0.0154384 -0.0127983 4.07469e-05 -0.00811695 -0.0154384 -0.00811695 6.92933e-05)
(-3.35617e-05 -0.0128153 -0.0154509 -0.0128153 4.62945e-05 -0.0081212 -0.0154509 -0.0081212 4.93965e-05)
(4.91159e-05 -0.0127911 -0.015424 -0.0127911 2.28313e-05 -0.0081298 -0.015424 -0.0081298 5.12403e-05)
(-2.31946e-05 -0.0128008 -0.0154448 -0.0128008 4.00349e-05 -0.00812337 -0.0154448 -0.00812337 5.42206e-05)
(3.46577e-06 -0.0128037 -0.0154468 -0.0128037 3.52375e-05 -0.00812498 -0.0154468 -0.00812498 5.32249e-05)
(0.000127872 -0.0127982 -0.0154064 -0.0127982 2.85895e-05 -0.00812939 -0.0154064 -0.00812939 7.63532e-05)
(5.97506e-06 -0.0127904 -0.015424 -0.0127904 2.93183e-05 -0.00811685 -0.015424 -0.00811685 0.000102694)
(2.78427e-05 -0.0127964 -0.0154385 -0.0127964 3.45523e-05 -0.00813317 -0.0154385 -0.00813317 0.000134241)
(3.38454e-05 -0.0127888 -0.0154185 -0.0127888 2.52458e-05 -0.00812435 -0.0154185 -0.00812435 9.46389e-05)
(7.43159e-06 -0.0127883 -0.0154326 -0.0127883 2.2725e-05 -0.00812556 -0.0154326 -0.00812556 5.06315e-05)
(2.02694e-05 -0.0127892 -0.0154261 -0.0127892 2.53443e-05 -0.00812257 -0.0154261 -0.00812257 6.79844e-05)
(9.58091e-05 -0.0127938 -0.0154049 -0.0127938 3.0967e-05 -0.0081245 -0.0154049 -0.0081245 0.000111602)
(8.65541e-05 -0.0127939 -0.0154079 -0.0127939 2.67433e-05 -0.00812645 -0.0154079 -0.00812645 9.12564e-05)
(4.83526e-05 -0.0127891 -0.0154209 -0.0127891 2.69663e-05 -0.00813436 -0.0154209 -0.00813436 8.60404e-05)
(4.97414e-05 -0.0127923 -0.0154325 -0.0127923 3.57301e-05 -0.00814211 -0.0154325 -0.00814211 0.000136857)
(1.1332e-05 -0.0127884 -0.015428 -0.0127884 2.26893e-05 -0.00812122 -0.015428 -0.00812122 7.56156e-05)
(6.70036e-07 -0.0127934 -0.0154355 -0.0127934 3.00082e-05 -0.00812162 -0.0154355 -0.00812162 6.2068e-05)
(6.59317e-06 -0.0127972 -0.0154297 -0.0127972 3.67773e-05 -0.00811531 -0.0154297 -0.00811531 0.000109884)
(5.20051e-05 -0.0127895 -0.0154139 -0.0127895 2.4923e-05 -0.00812752 -0.0154139 -0.00812752 8.46189e-05)
(3.95502e-05 -0.0127886 -0.0154229 -0.0127886 2.26057e-05 -0.00812964 -0.0154229 -0.00812964 6.3648e-05)
(3.74506e-05 -0.0127897 -0.0154223 -0.0127897 2.40026e-05 -0.00812443 -0.0154223 -0.00812443 7.53576e-05)
(8.04159e-05 -0.0127902 -0.0154045 -0.0127902 2.76953e-05 -0.00812373 -0.0154045 -0.00812373 9.20722e-05)
(2.36033e-05 -0.0127901 -0.0154202 -0.0127901 2.8627e-05 -0.0081175 -0.0154202 -0.0081175 9.68273e-05)
(2.46222e-05 -0.0127907 -0.0154324 -0.0127907 2.29476e-05 -0.00812697 -0.0154324 -0.00812697 4.73364e-05)
(8.21588e-05 -0.0128134 -0.0154234 -0.0128134 6.45673e-05 -0.00814805 -0.0154234 -0.00814805 4.18153e-05)
(5.45081e-05 -0.0127918 -0.0154202 -0.0127918 3.59614e-05 -0.00814374 -0.0154202 -0.00814374 8.64344e-05)
(6.4402e-05 -0.0127937 -0.0154132 -0.0127937 3.28521e-05 -0.00813994 -0.0154132 -0.00813994 9.63024e-05)
(6.10772e-05 -0.012794 -0.015417 -0.012794 3.11688e-05 -0.0081383 -0.015417 -0.0081383 7.42621e-05)
(4.15397e-05 -0.0127905 -0.0154284 -0.0127905 2.25766e-05 -0.00812846 -0.0154284 -0.00812846 5.08755e-05)
(8.11593e-05 -0.0127954 -0.0154086 -0.0127954 2.89975e-05 -0.00813381 -0.0154086 -0.00813381 8.92804e-05)
(1.2791e-05 -0.0127908 -0.0154262 -0.0127908 2.86502e-05 -0.00812255 -0.0154262 -0.00812255 0.000110781)
(5.08705e-05 -0.0127879 -0.0154259 -0.0127879 3.25448e-05 -0.00814095 -0.0154259 -0.00814095 8.43269e-05)
(4.81776e-05 -0.0127904 -0.015423 -0.0127904 2.72212e-05 -0.00813553 -0.015423 -0.00813553 6.69042e-05)
(8.07334e-06 -0.0127913 -0.0154266 -0.0127913 3.03182e-05 -0.00811685 -0.0154266 -0.00811685 7.99521e-05)
(-1.9833e-06 -0.0127921 -0.0154263 -0.0127921 3.60979e-05 -0.00811275 -0.0154263 -0.00811275 9.0947e-05)
(0.000102796 -0.0127928 -0.015413 -0.0127928 2.7844e-05 -0.00812433 -0.015413 -0.00812433 7.13921e-05)
(5.40666e-05 -0.0127956 -0.0154209 -0.0127956 3.8187e-05 -0.00814448 -0.0154209 -0.00814448 7.26805e-05)
(3.57085e-05 -0.0127887 -0.0154183 -0.0127887 2.45982e-05 -0.00812195 -0.0154183 -0.00812195 7.91551e-05)
(3.82163e-05 -0.0127852 -0.0154251 -0.0127852 2.40972e-05 -0.00813397 -0.0154251 -0.00813397 6.64277e-05)
(0.00010713 -0.0128221 -0.0154177 -0.0128221 6.74364e-05 -0.00814929 -0.0154177 -0.00814929 5.37387e-05)
(0.000117772 -0.012819 -0.0154145 -0.012819 5.89398e-05 -0.0081483 -0.0154145 -0.0081483 5.86886e-05)
(3.69e-05 -0.0127862 -0.0154284 -0.0127862 2.50426e-05 -0.00813422 -0.0154284 -0.00813422 4.2283e-05)
(1.3851e-05 -0.0127891 -0.0154254 -0.0127891 2.63522e-05 -0.00812113 -0.0154254 -0.00812113 6.74911e-05)
(6.77828e-05 -0.0127965 -0.0154164 -0.0127965 3.82027e-05 -0.00814407 -0.0154164 -0.00814407 8.53773e-05)
(7.22445e-06 -0.0127893 -0.015432 -0.0127893 2.31433e-05 -0.00812044 -0.015432 -0.00812044 7.39716e-05)
(5.10818e-05 -0.0127901 -0.0154158 -0.0127901 2.43748e-05 -0.00812763 -0.0154158 -0.00812763 8.23569e-05)
(7.66782e-05 -0.0127989 -0.0154179 -0.0127989 3.6459e-05 -0.00814117 -0.0154179 -0.00814117 7.338e-05)
(3.38017e-05 -0.0127862 -0.0154258 -0.0127862 2.19986e-05 -0.00812957 -0.0154258 -0.00812957 7.53969e-05)
(2.52965e-05 -0.0127885 -0.015419 -0.0127885 2.57414e-05 -0.0081207 -0.015419 -0.0081207 9.11602e-05)
(5.39215e-05 -0.0127914 -0.0154143 -0.0127914 2.83356e-05 -0.0081231 -0.0154143 -0.0081231 0.000100498)
(3.66455e-05 -0.0127897 -0.0154202 -0.0127897 2.36076e-05 -0.00812263 -0.0154202 -0.00812263 7.99545e-05)
(-5.68487e-06 -0.0127955 -0.0154315 -0.0127955 3.44951e-05 -0.00811153 -0.0154315 -0.00811153 8.86869e-05)
(3.08145e-05 -0.0127862 -0.015424 -0.0127862 2.28135e-05 -0.00813209 -0.015424 -0.00813209 6.72566e-05)
(2.32561e-05 -0.0127888 -0.0154446 -0.0127888 2.18034e-05 -0.00813247 -0.0154446 -0.00813247 4.05939e-05)
(6.96766e-06 -0.012794 -0.0154268 -0.012794 3.55081e-05 -0.00811164 -0.0154268 -0.00811164 9.39973e-05)
(7.32743e-05 -0.012791 -0.0154086 -0.012791 3.19881e-05 -0.00811741 -0.0154086 -0.00811741 9.7694e-05)
(3.21514e-05 -0.0127932 -0.0154256 -0.0127932 3.54643e-05 -0.00811674 -0.0154256 -0.00811674 7.8108e-05)
(-7.88576e-06 -0.0127932 -0.0154354 -0.0127932 2.73032e-05 -0.00811781 -0.0154354 -0.00811781 6.81297e-05)
(6.04544e-06 -0.0127914 -0.0154317 -0.0127914 2.99769e-05 -0.00811977 -0.0154317 -0.00811977 6.6235e-05)
(3.48093e-05 -0.0127925 -0.0154263 -0.0127925 2.77036e-05 -0.00811953 -0.0154263 -0.00811953 7.20789e-05)
(-8.4592e-05 -0.0128132 -0.0154527 -0.0128132 7.245e-05 -0.0081149 -0.0154527 -0.0081149 7.04955e-05)
(5.50806e-05 -0.0127948 -0.0154272 -0.0127948 4.71614e-05 -0.00811493 -0.0154272 -0.00811493 8.4708e-05)
(5.62886e-05 -0.0127938 -0.0154197 -0.0127938 2.73499e-05 -0.00813461 -0.0154197 -0.00813461 5.91486e-05)
(-7.25368e-06 -0.012811 -0.0154447 -0.012811 3.88057e-05 -0.00812881 -0.0154447 -0.00812881 3.70303e-05)
(8.38415e-07 -0.0127966 -0.0154436 -0.0127966 2.89078e-05 -0.0081274 -0.0154436 -0.0081274 4.58694e-05)
(4.16927e-05 -0.0127908 -0.0154199 -0.0127908 2.78435e-05 -0.00811977 -0.0154199 -0.00811977 7.79929e-05)
(5.79544e-06 -0.0127908 -0.0154288 -0.0127908 2.87815e-05 -0.00811929 -0.0154288 -0.00811929 7.00529e-05)
(6.95066e-05 -0.0127919 -0.015409 -0.0127919 2.75189e-05 -0.00812876 -0.015409 -0.00812876 0.000102319)
(3.83461e-05 -0.0127942 -0.0154201 -0.0127942 3.42408e-05 -0.00811568 -0.0154201 -0.00811568 0.000112218)
(4.10301e-05 -0.0127904 -0.0154222 -0.0127904 2.61037e-05 -0.00813467 -0.0154222 -0.00813467 5.7027e-05)
(3.76286e-05 -0.0127888 -0.015421 -0.0127888 2.23905e-05 -0.00812793 -0.015421 -0.00812793 6.64074e-05)
(2.33541e-05 -0.0127881 -0.0154242 -0.0127881 2.22384e-05 -0.00812358 -0.0154242 -0.00812358 7.30344e-05)
(6.6904e-05 -0.0127953 -0.0154182 -0.0127953 2.50149e-05 -0.00813125 -0.0154182 -0.00813125 5.07122e-05)
(0.000124696 -0.0127958 -0.0154064 -0.0127958 2.79538e-05 -0.00812594 -0.0154064 -0.00812594 7.44226e-05)
(4.81945e-05 -0.0127902 -0.0154211 -0.0127902 2.32993e-05 -0.00812775 -0.0154211 -0.00812775 6.95872e-05)
(5.36502e-06 -0.012793 -0.0154404 -0.012793 2.60346e-05 -0.00811767 -0.0154404 -0.00811767 7.64928e-05)
(6.09462e-05 -0.0127916 -0.0154191 -0.0127916 2.86443e-05 -0.00812127 -0.0154191 -0.00812127 7.22846e-05)
(4.22702e-05 -0.012791 -0.0154231 -0.012791 2.80932e-05 -0.00813699 -0.0154231 -0.00813699 5.84487e-05)
(-2.60295e-05 -0.0128132 -0.0154593 -0.0128132 4.47058e-05 -0.00810585 -0.0154593 -0.00810585 8.83237e-05)
(1.86576e-05 -0.012792 -0.0154304 -0.012792 3.26495e-05 -0.00812159 -0.0154304 -0.00812159 7.0275e-05)
(9.68769e-05 -0.0128022 -0.015414 -0.0128022 3.38606e-05 -0.00813769 -0.015414 -0.00813769 6.28114e-05)
(8.05257e-05 -0.0127983 -0.0154125 -0.0127983 3.58968e-05 -0.00814127 -0.0154125 -0.00814127 8.51044e-05)
(6.32386e-05 -0.0127932 -0.0154165 -0.0127932 3.03333e-05 -0.00813719 -0.0154165 -0.00813719 8.33848e-05)
(7.07285e-05 -0.0127936 -0.0154253 -0.0127936 4.8654e-05 -0.0081481 -0.0154253 -0.0081481 6.58818e-05)
(6.30195e-05 -0.0128021 -0.0154233 -0.0128021 4.69828e-05 -0.00814569 -0.0154233 -0.00814569 5.03041e-05)
(5.53092e-05 -0.0127928 -0.0154177 -0.0127928 2.82532e-05 -0.00813581 -0.0154177 -0.00813581 6.6932e-05)
(5.69e-05 -0.012792 -0.0154245 -0.012792 3.80216e-05 -0.00814275 -0.0154245 -0.00814275 6.40756e-05)
(5.45891e-05 -0.0127923 -0.0154205 -0.0127923 2.31274e-05 -0.0081294 -0.0154205 -0.0081294 5.85371e-05)
(6.84254e-05 -0.0127966 -0.015421 -0.0127966 2.79724e-05 -0.00813405 -0.015421 -0.00813405 5.11056e-05)
(8.06103e-05 -0.0128001 -0.0154187 -0.0128001 5.86413e-05 -0.00815343 -0.0154187 -0.00815343 9.37744e-05)
(8.69315e-05 -0.0128089 -0.0154163 -0.0128089 4.65682e-05 -0.00814538 -0.0154163 -0.00814538 6.1856e-05)
(4.26279e-05 -0.0127908 -0.0154231 -0.0127908 2.30007e-05 -0.00813095 -0.0154231 -0.00813095 4.64555e-05)
(1.99655e-05 -0.0127883 -0.0154233 -0.0127883 2.4176e-05 -0.00812208 -0.0154233 -0.00812208 7.56395e-05)
(7.9427e-05 -0.0127956 -0.0154343 -0.0127956 3.20226e-05 -0.00812999 -0.0154343 -0.00812999 5.54433e-05)
(1.45052e-05 -0.0127895 -0.0154263 -0.0127895 2.40208e-05 -0.00812093 -0.0154263 -0.00812093 6.36879e-05)
(2.0992e-05 -0.0127907 -0.0154241 -0.0127907 2.71062e-05 -0.00812096 -0.0154241 -0.00812096 0.00010229)
(4.03369e-05 -0.0127895 -0.0154192 -0.0127895 2.4357e-05 -0.00812596 -0.0154192 -0.00812596 8.59495e-05)
(3.34696e-05 -0.0127876 -0.0154234 -0.0127876 2.20451e-05 -0.00812888 -0.0154234 -0.00812888 6.10047e-05)
(3.8345e-05 -0.0127903 -0.015425 -0.0127903 2.34091e-05 -0.00812561 -0.015425 -0.00812561 5.46676e-05)
(0.000114813 -0.0127967 -0.0154017 -0.0127967 2.81339e-05 -0.00812731 -0.0154017 -0.00812731 8.41694e-05)
(8.32672e-05 -0.0127973 -0.0154104 -0.0127973 3.08239e-05 -0.00813578 -0.0154104 -0.00813578 7.72654e-05)
(4.98664e-05 -0.0127798 -0.0154382 -0.0127798 1.7259e-05 -0.00812681 -0.0154382 -0.00812681 4.61652e-05)
(4.20019e-05 -0.0127909 -0.015425 -0.0127909 2.65074e-05 -0.00813525 -0.015425 -0.00813525 4.88912e-05)
(8.96316e-05 -0.0127949 -0.0154102 -0.0127949 2.57479e-05 -0.00812557 -0.0154102 -0.00812557 7.51412e-05)
(5.96223e-06 -0.0127953 -0.0154397 -0.0127953 3.10825e-05 -0.00812563 -0.0154397 -0.00812563 4.79253e-05)
(2.22014e-06 -0.0127927 -0.0154361 -0.0127927 2.71598e-05 -0.00812499 -0.0154361 -0.00812499 4.22062e-05)
(-1.45383e-05 -0.0127964 -0.0154381 -0.0127964 3.24331e-05 -0.00811863 -0.0154381 -0.00811863 6.06695e-05)
(2.68491e-06 -0.0127953 -0.0154372 -0.0127953 3.81266e-05 -0.00811992 -0.0154372 -0.00811992 6.92588e-05)
(2.04282e-05 -0.0127897 -0.0154254 -0.0127897 2.41019e-05 -0.00812078 -0.0154254 -0.00812078 7.53982e-05)
(9.48797e-06 -0.0127921 -0.0154257 -0.0127921 2.96961e-05 -0.00811616 -0.0154257 -0.00811616 9.31965e-05)
(5.2575e-05 -0.0127905 -0.015418 -0.0127905 2.46166e-05 -0.00813123 -0.015418 -0.00813123 6.67239e-05)
(1.09866e-05 -0.0127876 -0.0154307 -0.0127876 2.19171e-05 -0.0081219 -0.0154307 -0.0081219 7.93543e-05)
(-8.08204e-05 -0.0128069 -0.0154484 -0.0128069 6.23792e-05 -0.00810327 -0.0154484 -0.00810327 9.11696e-05)
(4.29113e-05 -0.0127888 -0.0154169 -0.0127888 2.52299e-05 -0.00812173 -0.0154169 -0.00812173 7.79797e-05)
(6.45176e-05 -0.012797 -0.0154173 -0.012797 3.32349e-05 -0.00813952 -0.0154173 -0.00813952 6.70352e-05)
(1.12427e-06 -0.0127939 -0.0154286 -0.0127939 3.55293e-05 -0.00811292 -0.0154286 -0.00811292 8.41049e-05)
(5.46459e-05 -0.0127771 -0.0154361 -0.0127771 2.391e-05 -0.00813508 -0.0154361 -0.00813508 6.92071e-05)
(8.12386e-05 -0.0128166 -0.0154213 -0.0128166 6.71025e-05 -0.00815064 -0.0154213 -0.00815064 4.91824e-05)
(8.08868e-05 -0.0127975 -0.0154154 -0.0127975 3.93059e-05 -0.00811425 -0.0154154 -0.00811425 0.00011096)
(-7.37374e-05 -0.0128133 -0.0154501 -0.0128133 6.07712e-05 -0.00811438 -0.0154501 -0.00811438 7.03525e-05)
(1.39205e-05 -0.01279 -0.0154274 -0.01279 2.51316e-05 -0.00812161 -0.0154274 -0.00812161 6.10954e-05)
(1.47829e-05 -0.0127905 -0.0154313 -0.0127905 2.20842e-05 -0.00812337 -0.0154313 -0.00812337 5.15668e-05)
(2.7293e-06 -0.0127906 -0.0154306 -0.0127906 2.45741e-05 -0.0081186 -0.0154306 -0.0081186 7.25873e-05)
(-1.84677e-05 -0.0127959 -0.0154392 -0.0127959 3.09343e-05 -0.00812178 -0.0154392 -0.00812178 4.87305e-05)
(-1.04576e-05 -0.0127973 -0.0154363 -0.0127973 4.0847e-05 -0.00811469 -0.0154363 -0.00811469 7.11668e-05)
(7.1517e-05 -0.0127934 -0.0154106 -0.0127934 3.01165e-05 -0.00813408 -0.0154106 -0.00813408 0.000109597)
(6.14312e-05 -0.0127938 -0.0154228 -0.0127938 2.58759e-05 -0.00813291 -0.0154228 -0.00813291 5.34804e-05)
(2.57253e-05 -0.0127886 -0.0154218 -0.0127886 2.41087e-05 -0.00812165 -0.0154218 -0.00812165 6.95975e-05)
(2.86543e-05 -0.0127823 -0.0154334 -0.0127823 2.01655e-05 -0.00812747 -0.0154334 -0.00812747 5.96827e-05)
(1.42522e-05 -0.0127875 -0.0154313 -0.0127875 2.21967e-05 -0.00812617 -0.0154313 -0.00812617 5.48973e-05)
(0.000114497 -0.0127992 -0.0154059 -0.0127992 3.01645e-05 -0.00813281 -0.0154059 -0.00813281 7.62612e-05)
(0.00011147 -0.0128034 -0.0154053 -0.0128034 3.55349e-05 -0.00813903 -0.0154053 -0.00813903 8.25698e-05)
(4.92456e-05 -0.0127912 -0.0154239 -0.0127912 2.29578e-05 -0.00812894 -0.0154239 -0.00812894 5.07551e-05)
(4.53996e-05 -0.0127919 -0.0154311 -0.0127919 2.87338e-05 -0.0081341 -0.0154311 -0.0081341 3.11902e-05)
(3.12403e-05 -0.012788 -0.0154268 -0.012788 2.31116e-05 -0.00813337 -0.0154268 -0.00813337 4.58163e-05)
(6.18679e-05 -0.0127918 -0.0154124 -0.0127918 2.70337e-05 -0.00813283 -0.0154124 -0.00813283 8.98765e-05)
(5.67988e-05 -0.0127936 -0.0154314 -0.0127936 3.2817e-05 -0.00813563 -0.0154314 -0.00813563 3.74256e-05)
(2.25351e-05 -0.0127868 -0.015437 -0.0127868 1.95892e-05 -0.00813061 -0.015437 -0.00813061 3.00165e-05)
(2.69457e-05 -0.0127874 -0.0154203 -0.0127874 2.39829e-05 -0.00812271 -0.0154203 -0.00812271 6.8207e-05)
(1.83069e-05 -0.0127869 -0.0154258 -0.0127869 2.33951e-05 -0.008125 -0.0154258 -0.008125 7.1393e-05)
(9.54358e-05 -0.0128028 -0.0154166 -0.0128028 7.10855e-05 -0.00815356 -0.0154166 -0.00815356 8.1585e-05)
(9.52996e-05 -0.012807 -0.0154107 -0.012807 5.08024e-05 -0.00814984 -0.0154107 -0.00814984 9.4568e-05)
(6.58777e-05 -0.012799 -0.0154222 -0.012799 3.0451e-05 -0.00813562 -0.0154222 -0.00813562 4.61005e-05)
(6.77905e-05 -0.0127989 -0.0154231 -0.0127989 4.19495e-05 -0.00814343 -0.0154231 -0.00814343 5.56615e-05)
(2.68898e-05 -0.0127869 -0.0154245 -0.0127869 2.19766e-05 -0.00812835 -0.0154245 -0.00812835 5.62729e-05)
(5.91835e-05 -0.0128034 -0.0154393 -0.0128034 4.95716e-05 -0.00813308 -0.0154393 -0.00813308 3.10341e-05)
(7.33621e-05 -0.0128062 -0.0154232 -0.0128062 5.10761e-05 -0.00814526 -0.0154232 -0.00814526 4.89069e-05)
(3.12078e-05 -0.0127878 -0.0154246 -0.0127878 2.1174e-05 -0.0081287 -0.0154246 -0.0081287 5.43076e-05)
(3.64813e-05 -0.0127877 -0.0154308 -0.0127877 2.12959e-05 -0.00813053 -0.0154308 -0.00813053 4.66431e-05)
(4.41662e-05 -0.0127865 -0.0154282 -0.0127865 2.25342e-05 -0.00812937 -0.0154282 -0.00812937 7.43897e-05)
(1.91118e-05 -0.0127854 -0.015423 -0.0127854 2.17173e-05 -0.00812723 -0.015423 -0.00812723 7.40607e-05)
(0.00010946 -0.0127969 -0.0154241 -0.0127969 2.80405e-05 -0.00813225 -0.0154241 -0.00813225 5.53255e-05)
(7.06873e-05 -0.0127921 -0.0154181 -0.0127921 2.66148e-05 -0.00812325 -0.0154181 -0.00812325 6.93463e-05)
(1.69032e-05 -0.0127868 -0.0154301 -0.0127868 2.2561e-05 -0.00812474 -0.0154301 -0.00812474 8.94714e-05)
(2.16374e-05 -0.0127959 -0.0154371 -0.0127959 4.82084e-05 -0.00812043 -0.0154371 -0.00812043 6.92106e-05)
(2.48859e-05 -0.0127918 -0.0154248 -0.0127918 2.76817e-05 -0.00811875 -0.0154248 -0.00811875 7.0518e-05)
(4.80132e-05 -0.0127787 -0.0154342 -0.0127787 2.34265e-05 -0.00813506 -0.0154342 -0.00813506 7.11098e-05)
(0.000112576 -0.0128001 -0.015403 -0.0128001 3.561e-05 -0.00813956 -0.015403 -0.00813956 9.74901e-05)
(0.000120899 -0.0128243 -0.015406 -0.0128243 8.33117e-05 -0.00815621 -0.015406 -0.00815621 8.63654e-05)
(4.89686e-05 -0.0127921 -0.0154191 -0.0127921 2.82662e-05 -0.00813629 -0.0154191 -0.00813629 6.9732e-05)
(2.89128e-05 -0.012787 -0.0154207 -0.012787 2.30116e-05 -0.00812672 -0.0154207 -0.00812672 8.12217e-05)
(6.61534e-05 -0.0127986 -0.015421 -0.0127986 3.35599e-05 -0.00813834 -0.015421 -0.00813834 5.2264e-05)
(5.90471e-05 -0.0127916 -0.015413 -0.0127916 2.51277e-05 -0.00812913 -0.015413 -0.00812913 7.34626e-05)
(1.89284e-05 -0.0127894 -0.0154252 -0.0127894 2.59511e-05 -0.00812134 -0.0154252 -0.00812134 6.57425e-05)
(-1.00122e-05 -0.0127972 -0.0154402 -0.0127972 3.0358e-05 -0.00812024 -0.0154402 -0.00812024 5.78007e-05)
(-8.42387e-06 -0.0127935 -0.0154383 -0.0127935 2.67255e-05 -0.00811971 -0.0154383 -0.00811971 5.9918e-05)
(2.06296e-05 -0.0127894 -0.0154225 -0.0127894 2.8648e-05 -0.00811945 -0.0154225 -0.00811945 7.54179e-05)
(4.23765e-05 -0.0127895 -0.0154257 -0.0127895 2.36359e-05 -0.00812825 -0.0154257 -0.00812825 5.36851e-05)
(4.28568e-05 -0.0127895 -0.0154213 -0.0127895 2.3542e-05 -0.00812713 -0.0154213 -0.00812713 6.20041e-05)
(-6.97513e-05 -0.0128062 -0.015447 -0.0128062 5.36754e-05 -0.00810359 -0.015447 -0.00810359 0.000102594)
(1.63132e-05 -0.0127875 -0.0154211 -0.0127875 2.49182e-05 -0.00812045 -0.0154211 -0.00812045 7.77615e-05)
(6.14219e-05 -0.0127918 -0.0154178 -0.0127918 2.3791e-05 -0.00812789 -0.0154178 -0.00812789 6.37496e-05)
(3.45158e-05 -0.0127889 -0.0154256 -0.0127889 2.28402e-05 -0.00813264 -0.0154256 -0.00813264 4.79587e-05)
(5.83176e-05 -0.0127994 -0.0154317 -0.0127994 3.7495e-05 -0.0081366 -0.0154317 -0.0081366 3.36094e-05)
(3.59201e-05 -0.0127897 -0.0154317 -0.0127897 2.25454e-05 -0.00813062 -0.0154317 -0.00813062 4.28789e-05)
(4.20111e-05 -0.0127865 -0.0154278 -0.0127865 2.55548e-05 -0.008135 -0.0154278 -0.008135 5.189e-05)
(7.34563e-05 -0.0128009 -0.0154187 -0.0128009 5.29653e-05 -0.00815038 -0.0154187 -0.00815038 8.09747e-05)
(6.73254e-05 -0.0127973 -0.0154191 -0.0127973 2.72381e-05 -0.0081338 -0.0154191 -0.0081338 5.30065e-05)
(6.70865e-05 -0.0127913 -0.0154137 -0.0127913 2.57026e-05 -0.00812613 -0.0154137 -0.00812613 7.76263e-05)
(4.59376e-05 -0.0127838 -0.0154292 -0.0127838 2.57626e-05 -0.00813504 -0.0154292 -0.00813504 4.78929e-05)
(7.79163e-06 -0.012788 -0.0154293 -0.012788 2.07799e-05 -0.0081217 -0.0154293 -0.0081217 6.32416e-05)
(5.75682e-06 -0.0127895 -0.0154283 -0.0127895 2.3896e-05 -0.00811831 -0.0154283 -0.00811831 8.29507e-05)
(4.31949e-05 -0.0127896 -0.0154177 -0.0127896 2.76391e-05 -0.0081302 -0.0154177 -0.0081302 0.000104792)
(0.000122199 -0.0128199 -0.0154123 -0.0128199 6.65633e-05 -0.00815197 -0.0154123 -0.00815197 7.29231e-05)
(2.89574e-05 -0.0127885 -0.0154212 -0.0127885 2.57094e-05 -0.00812659 -0.0154212 -0.00812659 0.000100245)
(3.99965e-05 -0.0127871 -0.0154362 -0.0127871 2.43258e-05 -0.00812444 -0.0154362 -0.00812444 9.42129e-05)
(7.79748e-05 -0.0127982 -0.0154215 -0.0127982 3.07784e-05 -0.00813559 -0.0154215 -0.00813559 5.54138e-05)
(9.19421e-05 -0.0128023 -0.0154238 -0.0128023 2.89949e-05 -0.00813371 -0.0154238 -0.00813371 4.46943e-05)
(5.1506e-05 -0.0127936 -0.0154248 -0.0127936 3.76253e-05 -0.00814268 -0.0154248 -0.00814268 5.54408e-05)
(3.44531e-05 -0.0127887 -0.0154174 -0.0127887 2.62841e-05 -0.00812651 -0.0154174 -0.00812651 9.98802e-05)
(8.67831e-05 -0.012801 -0.0154182 -0.012801 3.77058e-05 -0.00813232 -0.0154182 -0.00813232 0.000131007)
(3.24911e-05 -0.012787 -0.0154228 -0.012787 2.15722e-05 -0.00813015 -0.0154228 -0.00813015 6.42008e-05)
(4.27894e-05 -0.0127906 -0.0154335 -0.0127906 3.02941e-05 -0.00813313 -0.0154335 -0.00813313 3.19548e-05)
(9.89517e-05 -0.0128116 -0.0154207 -0.0128116 4.3164e-05 -0.00814032 -0.0154207 -0.00814032 4.5228e-05)
(8.35694e-05 -0.0127925 -0.0154121 -0.0127925 2.63376e-05 -0.00812535 -0.0154121 -0.00812535 7.14913e-05)
(7.99652e-05 -0.0127736 -0.0154354 -0.0127736 3.99954e-05 -0.00814302 -0.0154354 -0.00814302 5.52454e-05)
(-9.23379e-05 -0.0128202 -0.0154557 -0.0128202 6.5468e-05 -0.00810985 -0.0154557 -0.00810985 7.36771e-05)
(1.16479e-05 -0.0127943 -0.0154324 -0.0127943 2.86466e-05 -0.00811731 -0.0154324 -0.00811731 7.86249e-05)
(8.05056e-05 -0.012799 -0.0154193 -0.012799 2.93276e-05 -0.00813459 -0.0154193 -0.00813459 5.45203e-05)
(9.88693e-05 -0.0128077 -0.0154149 -0.0128077 4.3072e-05 -0.00814304 -0.0154149 -0.00814304 6.23458e-05)
(5.21348e-05 -0.0127882 -0.0154293 -0.0127882 2.68287e-05 -0.00813442 -0.0154293 -0.00813442 4.7439e-05)
(1.12039e-05 -0.012791 -0.0154287 -0.012791 2.55662e-05 -0.00811946 -0.0154287 -0.00811946 7.35757e-05)
(9.85601e-05 -0.0128086 -0.0154128 -0.0128086 5.38992e-05 -0.00815101 -0.0154128 -0.00815101 8.55045e-05)
(8.68129e-05 -0.0128143 -0.0154263 -0.0128143 8.28645e-05 -0.00814681 -0.0154263 -0.00814681 3.64016e-05)
(4.84495e-05 -0.0127915 -0.0154206 -0.0127915 2.79921e-05 -0.00813621 -0.0154206 -0.00813621 6.31367e-05)
(4.45491e-05 -0.01279 -0.0154201 -0.01279 2.32028e-05 -0.00812596 -0.0154201 -0.00812596 6.82281e-05)
(3.15959e-05 -0.012791 -0.0154205 -0.012791 2.80514e-05 -0.00811838 -0.0154205 -0.00811838 9.06862e-05)
(1.68559e-05 -0.0127887 -0.0154272 -0.0127887 2.34532e-05 -0.00812233 -0.0154272 -0.00812233 7.31298e-05)
(8.87068e-06 -0.0127896 -0.0154397 -0.0127896 2.26598e-05 -0.00812967 -0.0154397 -0.00812967 3.83119e-05)
(-2.42609e-05 -0.0127974 -0.0154366 -0.0127974 4.05549e-05 -0.0081113 -0.0154366 -0.0081113 8.17866e-05)
(-1.36992e-05 -0.0128004 -0.0154347 -0.0128004 4.55497e-05 -0.00810813 -0.0154347 -0.00810813 9.97776e-05)
(7.0922e-05 -0.0127978 -0.0154138 -0.0127978 3.32341e-05 -0.00813924 -0.0154138 -0.00813924 7.32808e-05)
(2.13638e-05 -0.012788 -0.0154272 -0.012788 2.24675e-05 -0.00812419 -0.0154272 -0.00812419 6.83784e-05)
(3.39366e-05 -0.0127913 -0.0154357 -0.0127913 2.64975e-05 -0.00813009 -0.0154357 -0.00813009 4.85312e-05)
(4.0194e-05 -0.0127887 -0.0154192 -0.0127887 2.42026e-05 -0.0081315 -0.0154192 -0.0081315 7.22816e-05)
(-3.25791e-05 -0.0128053 -0.0154467 -0.0128053 4.23634e-05 -0.00810808 -0.0154467 -0.00810808 0.000103509)
(4.405e-05 -0.012789 -0.0154195 -0.012789 2.33851e-05 -0.00813019 -0.0154195 -0.00813019 6.7693e-05)
(7.62201e-05 -0.0128 -0.0154303 -0.0128 3.00586e-05 -0.00813491 -0.0154303 -0.00813491 3.7687e-05)
(6.07519e-05 -0.0128025 -0.0154359 -0.0128025 4.93188e-05 -0.00813226 -0.0154359 -0.00813226 2.48205e-05)
(3.14894e-05 -0.0127887 -0.0154333 -0.0127887 2.06715e-05 -0.00813067 -0.0154333 -0.00813067 3.00684e-05)
(6.88327e-05 -0.0127948 -0.0154204 -0.0127948 2.47617e-05 -0.00813027 -0.0154204 -0.00813027 5.70368e-05)
(4.33512e-05 -0.0127922 -0.0154425 -0.0127922 2.47332e-05 -0.00813264 -0.0154425 -0.00813264 4.64057e-05)
(4.96321e-07 -0.0127985 -0.0154444 -0.0127985 3.00242e-05 -0.00812527 -0.0154444 -0.00812527 4.77597e-05)
(3.13982e-05 -0.0127879 -0.0154234 -0.0127879 2.21932e-05 -0.00812677 -0.0154234 -0.00812677 5.81386e-05)
(9.95186e-05 -0.0128114 -0.0154145 -0.0128114 4.03569e-05 -0.00814036 -0.0154145 -0.00814036 5.14776e-05)
(-2.63036e-05 -0.0127991 -0.0154386 -0.0127991 4.40309e-05 -0.00811483 -0.0154386 -0.00811483 6.5086e-05)
(-0.000103158 -0.0128149 -0.0154531 -0.0128149 7.88196e-05 -0.00811214 -0.0154531 -0.00811214 7.50942e-05)
(-4.91407e-05 -0.0128134 -0.015454 -0.0128134 6.08465e-05 -0.00813144 -0.015454 -0.00813144 5.05166e-05)
(3.90474e-05 -0.01279 -0.0154182 -0.01279 2.63558e-05 -0.00812309 -0.0154182 -0.00812309 9.16377e-05)
(3.58622e-05 -0.0127957 -0.0154223 -0.0127957 3.45898e-05 -0.00811637 -0.0154223 -0.00811637 0.000108857)
(3.13342e-05 -0.0127915 -0.0154278 -0.0127915 2.93847e-05 -0.00813122 -0.0154278 -0.00813122 0.000120901)
(5.83205e-05 -0.0127895 -0.0154112 -0.0127895 2.46878e-05 -0.00812449 -0.0154112 -0.00812449 8.77438e-05)
(2.85937e-05 -0.012789 -0.0154207 -0.012789 2.67542e-05 -0.00812132 -0.0154207 -0.00812132 8.40508e-05)
(2.94108e-05 -0.0127893 -0.0154203 -0.0127893 2.63513e-05 -0.00812082 -0.0154203 -0.00812082 8.65194e-05)
(8.60077e-05 -0.0128073 -0.0154182 -0.0128073 5.433e-05 -0.00814868 -0.0154182 -0.00814868 6.66398e-05)
(3.26101e-05 -0.0127873 -0.0154307 -0.0127873 2.14119e-05 -0.00812513 -0.0154307 -0.00812513 6.69567e-05)
(-2.43879e-05 -0.0128015 -0.0154437 -0.0128015 3.4684e-05 -0.00812619 -0.0154437 -0.00812619 4.04419e-05)
(-2.40734e-05 -0.0128061 -0.0154505 -0.0128061 4.22873e-05 -0.00812951 -0.0154505 -0.00812951 4.62497e-05)
(-1.74048e-05 -0.0128017 -0.0154457 -0.0128017 4.58388e-05 -0.00812023 -0.0154457 -0.00812023 5.99e-05)
(6.30745e-05 -0.0127962 -0.0154199 -0.0127962 3.7054e-05 -0.00814286 -0.0154199 -0.00814286 7.54867e-05)
(0.00010029 -0.0127995 -0.0154056 -0.0127995 3.45257e-05 -0.00813933 -0.0154056 -0.00813933 0.000107407)
(-3.83547e-05 -0.0128067 -0.0154493 -0.0128067 5.43949e-05 -0.00812388 -0.0154493 -0.00812388 5.25628e-05)
(9.25527e-06 -0.0127963 -0.0154426 -0.0127963 2.57423e-05 -0.00812107 -0.0154426 -0.00812107 5.08695e-05)
(6.21078e-05 -0.0127926 -0.0154212 -0.0127926 2.44343e-05 -0.00812982 -0.0154212 -0.00812982 5.8004e-05)
(6.5457e-05 -0.012796 -0.0154265 -0.012796 2.47038e-05 -0.00813172 -0.0154265 -0.00813172 4.11949e-05)
(5.49746e-05 -0.0127935 -0.0154225 -0.0127935 3.3421e-05 -0.00814011 -0.0154225 -0.00814011 6.05983e-05)
(3.5814e-05 -0.0127916 -0.0154313 -0.0127916 2.67076e-05 -0.00812796 -0.0154313 -0.00812796 4.86644e-05)
(3.37505e-05 -0.0127899 -0.0154287 -0.0127899 2.288e-05 -0.00812806 -0.0154287 -0.00812806 4.59429e-05)
(5.82707e-05 -0.0127911 -0.0154257 -0.0127911 2.70098e-05 -0.00812672 -0.0154257 -0.00812672 5.70234e-05)
(2.85482e-05 -0.0127944 -0.0154486 -0.0127944 2.94441e-05 -0.00813355 -0.0154486 -0.00813355 5.03287e-05)
(-4.29399e-05 -0.0128104 -0.0154521 -0.0128104 4.51e-05 -0.00811049 -0.0154521 -0.00811049 7.40233e-05)
(4.22334e-05 -0.0127887 -0.015418 -0.0127887 2.62508e-05 -0.00813322 -0.015418 -0.00813322 9.33142e-05)
(5.67548e-05 -0.0127909 -0.0154232 -0.0127909 2.45133e-05 -0.00812923 -0.0154232 -0.00812923 5.565e-05)
(-3.06838e-07 -0.0127998 -0.0154485 -0.0127998 3.98727e-05 -0.00812956 -0.0154485 -0.00812956 5.12236e-05)
(6.24067e-05 -0.0127993 -0.0154268 -0.0127993 2.95522e-05 -0.00813448 -0.0154268 -0.00813448 3.78883e-05)
(1.60716e-05 -0.0127873 -0.0154245 -0.0127873 2.31308e-05 -0.00812326 -0.0154245 -0.00812326 7.28992e-05)
(-6.76594e-05 -0.0128102 -0.015452 -0.0128102 5.00811e-05 -0.00810549 -0.015452 -0.00810549 9.48791e-05)
(-1.34236e-05 -0.0127964 -0.0154311 -0.0127964 3.81488e-05 -0.00811228 -0.0154311 -0.00811228 0.000106527)
(8.63338e-05 -0.0127989 -0.0154096 -0.0127989 3.91861e-05 -0.0081443 -0.0154096 -0.0081443 9.72688e-05)
(6.30362e-05 -0.012794 -0.0154231 -0.012794 2.85761e-05 -0.00813509 -0.0154231 -0.00813509 5.61673e-05)
(3.94143e-05 -0.0127899 -0.0154328 -0.0127899 2.46349e-05 -0.00813287 -0.0154328 -0.00813287 3.54202e-05)
(1.47232e-05 -0.0127891 -0.0154417 -0.0127891 2.46493e-05 -0.00813281 -0.0154417 -0.00813281 3.74973e-05)
(-2.35602e-05 -0.0128021 -0.0154468 -0.0128021 4.38743e-05 -0.00812645 -0.0154468 -0.00812645 5.07788e-05)
(-0.000131127 -0.0128194 -0.0154537 -0.0128194 9.34849e-05 -0.00810991 -0.0154537 -0.00810991 8.10679e-05)
(5.83735e-05 -0.0127887 -0.0154108 -0.0127887 2.85548e-05 -0.00811827 -0.0154108 -0.00811827 8.73861e-05)
(0.000103819 -0.0127971 -0.0154016 -0.0127971 3.08172e-05 -0.00813389 -0.0154016 -0.00813389 9.51266e-05)
(6.86611e-05 -0.0127897 -0.0154081 -0.0127897 2.86589e-05 -0.00812049 -0.0154081 -0.00812049 9.12997e-05)
(-0.000116718 -0.0128141 -0.0154536 -0.0128141 7.09359e-05 -0.00810409 -0.0154536 -0.00810409 8.76617e-05)
(-1.2082e-05 -0.0127983 -0.0154422 -0.0127983 3.37756e-05 -0.00811544 -0.0154422 -0.00811544 0.000110617)
(1.54426e-05 -0.012787 -0.0154297 -0.012787 1.97752e-05 -0.0081261 -0.0154297 -0.0081261 5.10196e-05)
(-1.91578e-05 -0.0127963 -0.0154334 -0.0127963 4.09248e-05 -0.00811217 -0.0154334 -0.00811217 8.38004e-05)
(3.89199e-05 -0.0127895 -0.0154307 -0.0127895 2.31e-05 -0.00813133 -0.0154307 -0.00813133 4.52237e-05)
(6.2635e-05 -0.0128005 -0.0154217 -0.0128005 5.08677e-05 -0.00814879 -0.0154217 -0.00814879 6.44972e-05)
(2.71557e-05 -0.0127871 -0.0154256 -0.0127871 2.05988e-05 -0.00812766 -0.0154256 -0.00812766 5.95317e-05)
(8.76645e-05 -0.0128179 -0.0154353 -0.0128179 7.41762e-05 -0.00813812 -0.0154353 -0.00813812 3.30059e-05)
(4.66027e-05 -0.0127898 -0.0154196 -0.0127898 2.86848e-05 -0.00812122 -0.0154196 -0.00812122 6.7649e-05)
(-4.11574e-06 -0.0127894 -0.0154288 -0.0127894 2.63159e-05 -0.00811809 -0.0154288 -0.00811809 8.85366e-05)
(4.0268e-06 -0.0127909 -0.015424 -0.0127909 3.05172e-05 -0.0081165 -0.015424 -0.0081165 9.62836e-05)
(-5.28992e-07 -0.0127927 -0.0154374 -0.0127927 2.71299e-05 -0.00812373 -0.0154374 -0.00812373 5.58811e-05)
(2.50492e-05 -0.0127899 -0.0154546 -0.0127899 2.49879e-05 -0.00813517 -0.0154546 -0.00813517 5.63432e-05)
(0.00012077 -0.012793 -0.015403 -0.012793 3.19031e-05 -0.00811806 -0.015403 -0.00811806 9.28726e-05)
(2.80293e-05 -0.0127921 -0.0154318 -0.0127921 2.96601e-05 -0.0081245 -0.0154318 -0.0081245 5.41284e-05)
(7.40668e-06 -0.0127878 -0.0154327 -0.0127878 2.0235e-05 -0.0081244 -0.0154327 -0.0081244 5.0838e-05)
(-0.000122587 -0.0128102 -0.0154515 -0.0128102 7.18278e-05 -0.00810548 -0.0154515 -0.00810548 8.33622e-05)
(-1.07507e-05 -0.012795 -0.0154388 -0.012795 3.08412e-05 -0.008123 -0.0154388 -0.008123 5.39191e-05)
(7.46304e-05 -0.0127975 -0.0154161 -0.0127975 2.99399e-05 -0.00813575 -0.0154161 -0.00813575 6.56853e-05)
(7.63519e-05 -0.0127911 -0.01541 -0.0127911 2.50901e-05 -0.00812405 -0.01541 -0.00812405 7.50868e-05)
(-5.81974e-05 -0.0128106 -0.0154505 -0.0128106 5.93961e-05 -0.00812507 -0.0154505 -0.00812507 5.36725e-05)
(3.39353e-05 -0.0127902 -0.0154436 -0.0127902 2.45141e-05 -0.00813376 -0.0154436 -0.00813376 4.05223e-05)
(5.71966e-05 -0.0127986 -0.0154322 -0.0127986 3.00714e-05 -0.0081336 -0.0154322 -0.0081336 3.13622e-05)
