/*--------------------------------*- C++ -*----------------------------------*\
  =========                 |
  \\      /  F ield         | OpenFOAM: The Open Source CFD Toolbox
   \\    /   O peration     | Website:  https://openfoam.org
    \\  /    A nd           | Version:  10
     \\/     M anipulation  |
\*---------------------------------------------------------------------------*/
FoamFile
{
    format      ascii;
    class       volTensorField;
    location    "10";
    object      TauNN;
}
// * * * * * * * * * * * * * * * * * * * * * * * * * * * * * * * * * * * * * //

dimensions      [0 2 -2 0 0 0 0];

internalField   nonuniform List<tensor> 
25600
(
(0.00771676 -0.00246567 0.00126173 -0.00246567 0.00571028 -0.00324127 0.00126173 -0.00324127 0.00510731)
(0.00063949 -0.00255071 0.00402921 -0.00255071 0.00793037 -0.0026765 0.00402921 -0.0026765 0.0063437)
(-0.00107488 -0.00277725 0.00545934 -0.00277725 0.00914473 -0.00174079 0.00545934 -0.00174079 0.00801691)
(-0.00150392 -0.0031349 0.00550327 -0.0031349 0.00930901 -0.00150889 0.00550327 -0.00150889 0.00871527)
(0.000415812 -0.00192363 0.00457665 -0.00192363 0.00807044 -0.00228969 0.00457665 -0.00228969 0.00656594)
(0.00142283 -0.000943329 0.00433988 -0.000943329 0.00792695 -0.00153531 0.00433988 -0.00153531 0.00629252)
(-0.00186552 -0.00276515 0.00504529 -0.00276515 0.00953841 -0.000999811 0.00504529 -0.000999811 0.00884956)
(0.000533563 -0.00293234 0.0056961 -0.00293234 0.00979678 -0.00176873 0.0056961 -0.00176873 0.0083916)
(-0.000740608 -0.00295209 0.00632928 -0.00295209 0.0100959 -0.00213924 0.00632928 -0.00213924 0.00862933)
(0.00215441 -0.00240501 0.00420013 -0.00240501 0.00763125 -0.00288921 0.00420013 -0.00288921 0.00575618)
(-0.00113354 -0.00214405 0.00499591 -0.00214405 0.00869379 -0.00181763 0.00499591 -0.00181763 0.0077921)
(-0.00174785 -0.0029445 0.00591165 -0.0029445 0.00983349 -0.00178111 0.00591165 -0.00178111 0.00847206)
(0.000216828 -0.00258862 0.00490444 -0.00258862 0.00864325 -0.00264723 0.00490444 -0.00264723 0.00700841)
(0.000525253 -0.00255097 0.00438734 -0.00255097 0.00808199 -0.00263701 0.00438734 -0.00263701 0.00666961)
(-0.0011718 -0.00292788 0.00558015 -0.00292788 0.00923158 -0.00174788 0.00558015 -0.00174788 0.00818079)
(-0.00160817 -0.00245265 0.00511733 -0.00245265 0.00919638 -0.00111591 0.00511733 -0.00111591 0.00827858)
(-0.00186402 -0.00290128 0.00555295 -0.00290128 0.00967653 -0.00143084 0.00555295 -0.00143084 0.00869373)
(-0.00119293 -0.00293108 0.0053229 -0.00293108 0.00908306 -0.00166796 0.0053229 -0.00166796 0.00866955)
(-0.000883191 -0.00186634 0.00476323 -0.00186634 0.00886887 -0.00104971 0.00476323 -0.00104971 0.00805053)
(-0.00172291 -0.00254586 0.0058089 -0.00254586 0.00993407 -0.00185534 0.0058089 -0.00185534 0.00818844)
(-0.00031587 -0.00295757 0.00639733 -0.00295757 0.0100926 -0.00217725 0.00639733 -0.00217725 0.00854901)
(-0.000805241 -0.00352587 0.0059593 -0.00352587 0.00962384 -0.0019348 0.0059593 -0.0019348 0.00875876)
(-9.79745e-05 -0.00315085 0.00540744 -0.00315085 0.00932995 -0.0021311 0.00540744 -0.0021311 0.00853098)
(-0.000393806 -0.0026621 0.00507755 -0.0026621 0.00888109 -0.00241908 0.00507755 -0.00241908 0.00756176)
(0.00226613 -0.00226555 0.0040795 -0.00226555 0.00757794 -0.00278837 0.0040795 -0.00278837 0.00577375)
(0.00528183 -0.00334262 0.00223984 -0.00334262 0.00621313 -0.00340572 0.00223984 -0.00340572 0.00520112)
(0.00228227 -0.00311695 0.00312797 -0.00311695 0.00782091 -0.00278021 0.00312797 -0.00278021 0.00626257)
(0.00290621 -0.000918641 0.00255528 -0.000918641 0.00689553 -0.00273302 0.00255528 -0.00273302 0.00559599)
(-0.00175412 -0.00237078 0.00554842 -0.00237078 0.00965375 -0.00156915 0.00554842 -0.00156915 0.00771179)
(-0.00162358 -0.00266383 0.00573518 -0.00266383 0.00991295 -0.00174704 0.00573518 -0.00174704 0.00844371)
(-0.000682156 -0.00322823 0.00526932 -0.00322823 0.00932265 -0.00126956 0.00526932 -0.00126956 0.00958228)
(-0.00120929 -0.00249662 0.00510727 -0.00249662 0.00880106 -0.00135005 0.00510727 -0.00135005 0.00867436)
(-0.000583496 -0.00111971 0.00430828 -0.00111971 0.00930451 -0.00109999 0.00430828 -0.00109999 0.006265)
(-0.00151863 -0.0021765 0.00485383 -0.0021765 0.00970158 -0.0011717 0.00485383 -0.0011717 0.00805194)
(-0.00177661 -0.00265836 0.00575567 -0.00265836 0.00983163 -0.00174213 0.00575567 -0.00174213 0.00822902)
(-0.00114795 -0.00341104 0.00584957 -0.00341104 0.00968929 -0.00167007 0.00584957 -0.00167007 0.00896291)
(-0.000551143 -0.00344233 0.00564452 -0.00344233 0.00948922 -0.00177241 0.00564452 -0.00177241 0.00900106)
(-0.000415038 -0.00281503 0.00524902 -0.00281503 0.0090541 -0.00214228 0.00524902 -0.00214228 0.00823141)
(-4.50223e-05 -0.00235165 0.00480122 -0.00235165 0.00837546 -0.00252529 0.00480122 -0.00252529 0.00681575)
(0.000865452 -0.00221151 0.0043262 -0.00221151 0.0079497 -0.00258464 0.0043262 -0.00258464 0.00626211)
(0.00447308 0.0011022 0.00417902 0.0011022 0.00399274 -0.00368002 0.00417902 -0.00368002 0.00572961)
(0.006469 0.00216273 0.00509033 0.00216273 0.00435583 -0.00238888 0.00509033 -0.00238888 0.00515145)
(0.00584802 0.00203764 0.0057519 0.00203764 0.00658247 -0.00135589 0.0057519 -0.00135589 0.00507403)
(0.00109469 -0.00020572 0.00448531 -0.00020572 0.00879223 -0.00144954 0.00448531 -0.00144954 0.00588774)
(0.00101339 -0.000721015 0.00579049 -0.000721015 0.00863507 -0.00248516 0.00579049 -0.00248516 0.00727461)
(0.00664756 0.000740038 0.00621523 0.000740038 0.00831702 -0.00179969 0.00621523 -0.00179969 0.00756132)
(0.00736726 -0.000173722 0.00395612 -0.000173722 0.0081528 -0.00037201 0.00395612 -0.00037201 0.0067812)
(0.00700493 -0.000715043 0.00241162 -0.000715043 0.00879497 8.10362e-05 0.00241162 8.10362e-05 0.00694754)
(0.00429306 -0.00227792 0.00412767 -0.00227792 0.00978016 -0.00118863 0.00412767 -0.00118863 0.00835638)
(0.0116439 -0.00220406 0.00234902 -0.00220406 0.00764203 -0.00376878 0.00234902 -0.00376878 0.00601501)
(0.000950203 -0.000168515 0.0047931 -0.000168515 0.00904586 -0.00169586 0.0047931 -0.00169586 0.00684485)
(0.00518649 -0.000339453 0.00311255 -0.000339453 0.00936943 -0.000933211 0.00311255 -0.000933211 0.00564942)
(0.00525392 -0.00204511 0.00489077 -0.00204511 0.00854799 -0.00300119 0.00489077 -0.00300119 0.00653685)
(0.00579661 -0.000684723 0.00542971 -0.000684723 0.00592024 -0.0032337 0.00542971 -0.0032337 0.00764097)
(0.0044409 0.000246741 0.00727221 0.000246741 0.0078673 -0.00239196 0.00727221 -0.00239196 0.00829652)
(0.00641318 0.00119804 0.00593819 0.00119804 0.00838249 -0.00156511 0.00593819 -0.00156511 0.00727015)
(0.0023485 -0.000668159 0.003808 -0.000668159 0.00929346 -0.00114475 0.003808 -0.00114475 0.00618322)
(-0.000189824 -0.00195338 0.00523613 -0.00195338 0.00926807 -0.00165651 0.00523613 -0.00165651 0.00767455)
(0.00371802 0.00108673 0.00374484 0.00108673 0.0087175 -0.00103081 0.00374484 -0.00103081 0.00572911)
(0.00933962 -1.32686e-05 0.00310107 -1.32686e-05 0.00927889 -0.000853559 0.00310107 -0.000853559 0.00494323)
(0.00660903 -0.00263563 0.00467662 -0.00263563 0.0100121 -0.00193204 0.00467662 -0.00193204 0.00841013)
(0.00314132 -0.000304843 0.0067991 -0.000304843 0.00818417 -0.00243154 0.0067991 -0.00243154 0.00739201)
(-6.97528e-05 -0.00197009 0.0058839 -0.00197009 0.00914065 -0.00214715 0.0058839 -0.00214715 0.00708579)
(0.00086061 -0.00216714 0.00566749 -0.00216714 0.00925921 -0.00240462 0.00566749 -0.00240462 0.00732582)
(0.0179165 -0.0047414 0.000178612 -0.0047414 0.00744076 -0.00287958 0.000178612 -0.00287958 0.00659763)
(0.0140697 0.00121141 0.00697928 0.00121141 0.00429311 -0.00274036 0.00697928 -0.00274036 0.00732587)
(0.00677482 0.0017625 0.00521432 0.0017625 0.00336828 -0.00268915 0.00521432 -0.00268915 0.00553577)
(0.00735918 0.00274108 0.00576669 0.00274108 0.00648054 -0.00141121 0.00576669 -0.00141121 0.00612196)
(0.0144169 0.00107686 0.00566189 0.00107686 0.00797492 -0.000717269 0.00566189 -0.000717269 0.00639284)
(0.00434202 -0.000953355 0.00360519 -0.000953355 0.00936844 -0.000953862 0.00360519 -0.000953862 0.00667072)
(0.00170122 -0.00140031 0.00366959 -0.00140031 0.00876514 -0.000567389 0.00366959 -0.000567389 0.00832736)
(0.000532726 -0.00254755 0.00416221 -0.00254755 0.00867862 -0.00119786 0.00416221 -0.00119786 0.00968883)
(0.000636403 -0.000491437 0.00374135 -0.000491437 0.00925958 -0.00121505 0.00374135 -0.00121505 0.0063646)
(0.00889855 0.000793318 0.00214585 0.000793318 0.00865888 -0.000264483 0.00214585 -0.000264483 0.00414027)
(0.00442297 -0.000490698 0.00324248 -0.000490698 0.00937466 -0.00104909 0.00324248 -0.00104909 0.00593921)
(0.00078621 -0.00184214 0.00486903 -0.00184214 0.00963082 -0.00165265 0.00486903 -0.00165265 0.00751768)
(0.00157139 -0.000769214 0.00542638 -0.000769214 0.00882347 -0.00198239 0.00542638 -0.00198239 0.0067381)
(-0.000813425 -0.001915 0.00576611 -0.001915 0.00906086 -0.00230032 0.00576611 -0.00230032 0.00785845)
(-0.000456991 -0.00266386 0.00539657 -0.00266386 0.00899747 -0.00265377 0.00539657 -0.00265377 0.00800871)
(-0.00058654 -0.0018908 0.0057577 -0.0018908 0.00867609 -0.00259818 0.0057577 -0.00259818 0.00715015)
(0.00192124 -0.000754103 0.00430091 -0.000754103 0.00781557 -0.0026793 0.00430091 -0.0026793 0.00486218)
(0.010817 -0.00115349 0.00295688 -0.00115349 0.00951444 -0.000815729 0.00295688 -0.000815729 0.00319281)
(0.0152919 -0.00253712 0.00298685 -0.00253712 0.010125 -0.000202934 0.00298685 -0.000202934 0.00370805)
(0.0146909 -0.0026865 0.0037815 -0.0026865 0.0103751 -0.00104002 0.0037815 -0.00104002 0.0050271)
(0.0134597 -0.00495019 0.00394351 -0.00495019 0.0105615 -0.00229311 0.00394351 -0.00229311 0.00727567)
(0.0139045 -0.000863705 0.00374363 -0.000863705 0.00834777 0.0012779 0.00374363 0.0012779 0.00681023)
(0.01007 0.00286896 0.00421358 0.00286896 0.00582245 0.00116861 0.00421358 0.00116861 0.00613918)
(0.0124083 0.00229207 0.00336196 0.00229207 0.00449921 0.00309561 0.00336196 0.00309561 0.00838003)
(0.0182548 -0.00552351 0.00182756 -0.00552351 0.0093397 0.000657068 0.00182756 0.000657068 0.00856633)
(0.0244271 -0.00321555 0.00285013 -0.00321555 0.00880285 -0.00498126 0.00285013 -0.00498126 0.0063376)
(0.0160757 -0.0017009 0.00259324 -0.0017009 0.00984098 -6.96313e-05 0.00259324 -6.96313e-05 0.0033628)
(0.0169052 -0.00330966 0.00227202 -0.00330966 0.00939309 0.000144733 0.00227202 0.000144733 0.00523452)
(0.0196448 -0.0047592 0.00267351 -0.0047592 0.00987001 -0.00536026 0.00267351 -0.00536026 0.00665831)
(0.00693039 -0.00331698 0.00392961 -0.00331698 0.00940607 -0.00192873 0.00392961 -0.00192873 0.00572709)
(0.00316579 -0.00191597 0.00471636 -0.00191597 0.00866504 -0.00171342 0.00471636 -0.00171342 0.00641648)
(0.00958592 0.000900855 0.00481246 0.000900855 0.00785827 1.43088e-05 0.00481246 1.43088e-05 0.00585865)
(0.00974583 -0.00197822 0.00499089 -0.00197822 0.00934549 -0.00022222 0.00499089 -0.00022222 0.00786361)
(0.00626937 -0.00346329 0.005558 -0.00346329 0.0100887 -0.00102005 0.005558 -0.00102005 0.00973847)
(0.0149343 -0.00420496 0.00215916 -0.00420496 0.00978783 0.00155332 0.00215916 0.00155332 0.00870097)
(0.0183253 -0.00327114 0.00199026 -0.00327114 0.00933146 0.00139212 0.00199026 0.00139212 0.0074297)
(0.0193893 -0.00490596 0.000717796 -0.00490596 0.00958802 0.00179175 0.000717796 0.00179175 0.00850108)
(0.0104897 -0.000385452 0.00387781 -0.000385452 0.00804031 -0.00114387 0.00387781 -0.00114387 0.00636374)
(0.00674223 -0.00456779 0.00493534 -0.00456779 0.0105827 -0.00262533 0.00493534 -0.00262533 0.00720273)
(0.0127314 -0.00620239 0.00484867 -0.00620239 0.0106558 -0.00348454 0.00484867 -0.00348454 0.00791247)
(0.00839376 -0.00368317 0.00342484 -0.00368317 0.0103239 -0.00334366 0.00342484 -0.00334366 0.00607847)
(0.00427758 -0.000660165 0.00343109 -0.000660165 0.0087893 -0.00143884 0.00343109 -0.00143884 0.00335282)
(0.00559868 -7.45729e-05 0.00301884 -7.45729e-05 0.00884603 -0.00101551 0.00301884 -0.00101551 0.00316809)
(0.00425867 -0.000124388 0.00292686 -0.000124388 0.00925033 -0.000711315 0.00292686 -0.000711315 0.00442566)
(0.0147812 -0.00314841 0.00340456 -0.00314841 0.00920587 -0.000179203 0.00340456 -0.000179203 0.0133488)
(0.0102158 0.00262666 0.00380066 0.00262666 0.00504365 0.00185309 0.00380066 0.00185309 0.00668912)
(0.0121648 -0.00184908 0.00446022 -0.00184908 0.00845227 -1.09617e-05 0.00446022 -1.09617e-05 0.00897385)
(0.0120746 -0.00253583 0.00551371 -0.00253583 0.00949049 -0.00118449 0.00551371 -0.00118449 0.0089937)
(0.0114829 -0.00301645 0.00434748 -0.00301645 0.00967985 0.000251846 0.00434748 0.000251846 0.00915717)
(0.022496 -0.00507977 -0.00188339 -0.00507977 0.00971901 0.00295484 -0.00188339 0.00295484 0.00842777)
(0.0153866 -0.000469713 0.00288223 -0.000469713 0.00726119 0.00225912 0.00288223 0.00225912 0.00897509)
(0.0107788 -0.00271922 0.00514067 -0.00271922 0.00907851 -0.000794636 0.00514067 -0.000794636 0.0087172)
(0.0133387 -0.00465315 0.00228578 -0.00465315 0.0098085 -0.00108564 0.00228578 -0.00108564 0.00543267)
(0.00828012 -0.00446985 0.0049769 -0.00446985 0.0105804 -0.00267642 0.0049769 -0.00267642 0.00670245)
(0.00200579 -0.0038565 0.00556517 -0.0038565 0.0100828 -0.00235102 0.00556517 -0.00235102 0.00790685)
(0.00140504 -0.00345015 0.00604358 -0.00345015 0.0102338 -0.00247769 0.00604358 -0.00247769 0.00776347)
(0.0165342 0.000487749 0.00577248 0.000487749 0.00785263 -0.00247464 0.00577248 -0.00247464 0.00765635)
(0.00977318 -0.000200097 0.00156918 -0.000200097 0.0049575 0.000903925 0.00156918 0.000903925 0.00361528)
(0.0159516 -6.4671e-06 0.00234952 -6.4671e-06 0.00814135 -0.000489208 0.00234952 -0.000489208 0.00824664)
(0.0157885 -0.000305013 0.0026999 -0.000305013 0.00798276 0.000213886 0.0026999 0.000213886 0.00932757)
(0.0138396 -0.00293589 0.00387699 -0.00293589 0.00995064 -0.00211718 0.00387699 -0.00211718 0.0079992)
(0.00796148 -0.00168646 0.00344421 -0.00168646 0.00918198 -0.000762223 0.00344421 -0.000762223 0.00779146)
(0.0127856 -0.00206517 0.000850765 -0.00206517 0.0117934 -0.00270835 0.000850765 -0.00270835 0.00873597)
(0.0109105 -0.00306747 -0.00224084 -0.00306747 0.0111158 -0.00351936 -0.00224084 -0.00351936 0.0086498)
(0.0178625 -0.00151684 -0.00416117 -0.00151684 0.00589688 -0.00141705 -0.00416117 -0.00141705 0.00840765)
(0.0212463 0.000215014 0.00366758 0.000215014 0.00641374 -0.00387383 0.00366758 -0.00387383 0.00694923)
(0.018385 -0.000480786 0.000814747 -0.000480786 0.0078192 0.00200288 0.000814747 0.00200288 0.00784879)
(0.0190853 -0.00206909 -0.00244553 -0.00206909 0.00611852 0.00273591 -0.00244553 0.00273591 0.0108557)
(0.0237259 -0.00289648 0.00148209 -0.00289648 0.00854849 -0.00290039 0.00148209 -0.00290039 0.00675977)
(0.0101176 -0.00336457 -0.000799962 -0.00336457 0.00922746 -0.00310074 -0.000799962 -0.00310074 0.00717521)
(0.0150552 -0.0020605 -0.00299564 -0.0020605 0.00760742 -0.00458894 -0.00299564 -0.00458894 0.0065306)
(0.0187517 -0.00329268 -0.00119159 -0.00329268 0.00941449 -0.00212004 -0.00119159 -0.00212004 0.00288703)
(0.00563849 -0.00363168 -0.00114298 -0.00363168 0.0103634 0.000766881 -0.00114298 0.000766881 0.00773582)
(0.01767 -0.000431985 0.00221992 -0.000431985 0.00794651 -0.00104509 0.00221992 -0.00104509 0.00764041)
(0.0269514 -0.00386923 -0.00367907 -0.00386923 0.00817495 0.00291239 -0.00367907 0.00291239 0.00921939)
(0.0131289 -0.000636592 2.46475e-05 -0.000636592 0.0064898 0.00119522 2.46475e-05 0.00119522 0.00628054)
(0.0204568 -0.000644507 -0.000372663 -0.000644507 0.00670536 0.00308072 -0.000372663 0.00308072 0.00618338)
(0.00665418 -0.000656033 -0.000187266 -0.000656033 0.00484819 -0.0010754 -0.000187266 -0.0010754 0.00265684)
(0.0102914 -0.00456959 -0.000181501 -0.00456959 0.00916398 -0.00275428 -0.000181501 -0.00275428 0.00606644)
(0.0153645 -0.00291091 0.000410853 -0.00291091 0.00839354 -0.00195423 0.000410853 -0.00195423 0.00528108)
(0.0182179 -0.000694824 0.00524977 -0.000694824 0.00889424 -0.00291827 0.00524977 -0.00291827 0.00632268)
(0.0089563 -0.00132335 0.000415379 -0.00132335 0.00466776 -0.0026688 0.000415379 -0.0026688 0.00527998)
(0.0159648 0.000375815 0.00591557 0.000375815 0.00814015 -0.00101953 0.00591557 -0.00101953 0.00693475)
(0.0122614 0.00255355 0.00560551 0.00255355 0.00716849 -0.000777176 0.00560551 -0.000777176 0.00485742)
(0.00651317 -0.00170263 0.00338759 -0.00170263 0.00919304 -0.00125189 0.00338759 -0.00125189 0.00758415)
(0.00406248 -0.00150895 -0.000381739 -0.00150895 0.00901146 -0.00314015 -0.000381739 -0.00314015 0.00567243)
(0.0162687 -0.00199267 -0.00173585 -0.00199267 0.00570459 0.00133298 -0.00173585 0.00133298 0.00872253)
(0.018336 -0.00512016 0.00153536 -0.00512016 0.00995048 -0.00238442 0.00153536 -0.00238442 0.00827704)
(0.0207281 -0.00188691 0.00160455 -0.00188691 0.00869931 -0.000403976 0.00160455 -0.000403976 0.00940019)
(0.0192464 -0.00274268 -0.0058372 -0.00274268 0.00691389 0.00496521 -0.0058372 0.00496521 0.0106297)
(0.0155405 -0.00225004 -0.000426497 -0.00225004 0.00557103 0.00247992 -0.000426497 0.00247992 0.0108982)
(0.0150259 -0.00292142 0.000586003 -0.00292142 0.0083978 -0.000388391 0.000586003 -0.000388391 0.00856416)
(0.0110604 -0.00146234 -0.000816617 -0.00146234 0.00645667 -0.00119646 -0.000816617 -0.00119646 0.00330235)
(0.011587 -0.00342787 -0.000364215 -0.00342787 0.00916926 -0.00248125 -0.000364215 -0.00248125 0.00728066)
(0.00538804 -0.00461507 0.00258177 -0.00461507 0.00996124 -0.00296017 0.00258177 -0.00296017 0.00615082)
(0.0170903 -0.00459543 0.000243945 -0.00459543 0.00887072 -0.00291345 0.000243945 -0.00291345 0.00567679)
(0.0155059 -0.00425205 -0.000134283 -0.00425205 0.0115742 0.000637769 -0.000134283 0.000637769 0.00898841)
(0.0114372 0.00197369 0.00124932 0.00197369 0.00711686 -0.000658004 0.00124932 -0.000658004 0.0046522)
(0.0156456 0.0020885 0.0031901 0.0020885 0.00644744 0.00323753 0.0031901 0.00323753 0.00876666)
(0.00742157 -0.00440248 -0.000625335 -0.00440248 0.0100142 -0.0010357 -0.000625335 -0.0010357 0.00784395)
(0.0119241 -0.00384198 0.00459855 -0.00384198 0.0104122 -0.0022795 0.00459855 -0.0022795 0.00676107)
(0.0173238 -0.00207037 0.00351843 -0.00207037 0.00980173 -0.000385301 0.00351843 -0.000385301 0.00552442)
(0.0118575 -0.0027458 -0.000231783 -0.0027458 0.0116345 -0.000860689 -0.000231783 -0.000860689 0.00671223)
(0.00621169 -0.00512069 -0.00312733 -0.00512069 0.0113237 -0.000943921 -0.00312733 -0.000943921 0.0119907)
(0.0126249 -0.000353457 -0.000924189 -0.000353457 0.00573524 0.00263331 -0.000924189 0.00263331 0.00713752)
(0.0254286 -0.00139321 0.00290482 -0.00139321 0.00791899 -0.00404457 0.00290482 -0.00404457 0.00665211)
(0.0135036 0.00289913 0.00392131 0.00289913 0.00621573 0.00193556 0.00392131 0.00193556 0.00592047)
(0.0162116 -0.000414491 0.00111445 -0.000414491 0.00609473 0.00171375 0.00111445 0.00171375 0.00998151)
(0.0149087 -0.00568797 0.00040221 -0.00568797 0.00971913 -0.00407374 0.00040221 -0.00407374 0.00471475)
(0.00992443 -0.00394759 0.00299783 -0.00394759 0.00988083 -0.0023071 0.00299783 -0.0023071 0.00625685)
(0.0160954 -0.00278479 -0.00173085 -0.00278479 0.00983083 -0.00306512 -0.00173085 -0.00306512 0.010902)
(0.0100594 -0.00544562 6.88247e-07 -0.00544562 0.0116184 0.00110409 6.88247e-07 0.00110409 0.00560324)
(0.0077853 -0.00458282 -0.0013749 -0.00458282 0.0112326 -0.000633279 -0.0013749 -0.000633279 0.00690709)
(0.0122269 -0.0019493 -0.00123246 -0.0019493 0.0112932 -0.000866025 -0.00123246 -0.000866025 0.00651389)
(0.0136005 -0.000700333 -0.000619859 -0.000700333 0.00634413 0.00330285 -0.000619859 0.00330285 0.00818993)
(0.00894552 -0.00050734 -0.000525291 -0.00050734 0.00643252 0.00187722 -0.000525291 0.00187722 0.00545992)
(0.0179874 -0.00457533 0.000284499 -0.00457533 0.00893374 0.00140206 0.000284499 0.00140206 0.00727617)
(0.0158575 -0.00250174 0.00284692 -0.00250174 0.00960639 -0.00219306 0.00284692 -0.00219306 0.00502187)
(0.0105597 -0.00181395 0.00336608 -0.00181395 0.00927309 -0.00276124 0.00336608 -0.00276124 0.00459779)
(0.0140867 -0.00433576 0.00413392 -0.00433576 0.00926774 -0.00221066 0.00413392 -0.00221066 0.0080308)
(0.0196186 -0.00486851 0.000490826 -0.00486851 0.0112093 0.000926351 0.000490826 0.000926351 0.00899029)
(0.00899058 -0.00524564 0.000118713 -0.00524564 0.0112511 0.000407238 0.000118713 0.000407238 0.00623214)
(0.0164629 0.00149436 0.00366337 0.00149436 0.00686508 0.00226301 0.00366337 0.00226301 0.0073183)
(0.0232222 -0.0027423 0.0014449 -0.0027423 0.00969315 0.000818625 0.0014449 0.000818625 0.00444242)
(0.00611156 -0.00216983 0.00496601 -0.00216983 0.00951855 -0.000861754 0.00496601 -0.000861754 0.00817583)
(0.0100314 -0.00478188 -0.00439846 -0.00478188 0.0119455 -0.00240518 -0.00439846 -0.00240518 0.0102114)
(0.0123082 -0.00135538 0.00346343 -0.00135538 0.00783818 -0.00132681 0.00346343 -0.00132681 0.0127366)
(0.0140529 -0.00397616 0.00327519 -0.00397616 0.00953544 -0.00242536 0.00327519 -0.00242536 0.00564772)
(0.0149509 -0.000734843 0.00417809 -0.000734843 0.00825332 -0.000557326 0.00417809 -0.000557326 0.00881139)
(0.0246537 -0.00340999 -0.00610201 -0.00340999 0.00750145 0.00460418 -0.00610201 0.00460418 0.00938712)
(0.0152413 0.00141983 0.00134021 0.00141983 0.00550084 0.00397574 0.00134021 0.00397574 0.00941309)
(0.0113369 -0.00182172 0.00241115 -0.00182172 0.00753906 0.00133334 0.00241115 0.00133334 0.00739924)
(0.0123948 -0.00101489 0.00207448 -0.00101489 0.0083302 -0.00182867 0.00207448 -0.00182867 0.00665267)
(0.00403305 -0.000764674 0.000452112 -0.000764674 0.00657601 -0.00242028 0.000452112 -0.00242028 0.00351716)
(0.00787485 -0.00525121 0.00409733 -0.00525121 0.0107657 -0.00389256 0.00409733 -0.00389256 0.00628403)
(0.00966739 -0.000495128 0.00351809 -0.000495128 0.0028263 -0.00108532 0.00351809 -0.00108532 0.00712675)
(0.0144812 -0.00309935 -6.9784e-05 -0.00309935 0.0112542 -0.000272585 -6.9784e-05 -0.000272585 0.00820275)
(0.0056925 -0.00328111 0.00325581 -0.00328111 0.00951843 -0.002159 0.00325581 -0.002159 0.0074882)
(0.0117964 -0.00153266 -9.88385e-05 -0.00153266 0.0113046 -0.00383356 -9.88385e-05 -0.00383356 0.00878854)
(0.0136006 -0.000605954 0.00390287 -0.000605954 0.00555365 -0.00264517 0.00390287 -0.00264517 0.00649411)
(0.0142902 -0.00360825 0.00329361 -0.00360825 0.00945229 -0.00194612 0.00329361 -0.00194612 0.00764745)
(0.0226334 -0.00333162 0.00371906 -0.00333162 0.00915467 -0.00141232 0.00371906 -0.00141232 0.00809241)
(0.0116644 -0.00196816 0.00281789 -0.00196816 0.00923384 -0.00128655 0.00281789 -0.00128655 0.00653396)
(0.0175763 -0.00210562 0.00277821 -0.00210562 0.00740362 -0.000725111 0.00277821 -0.000725111 0.00847772)
(0.0158627 -0.00209899 -0.0018863 -0.00209899 0.00557847 0.001181 -0.0018863 0.001181 0.0102602)
(0.0146872 0.000914231 0.00190647 0.000914231 0.00744325 0.000938413 0.00190647 0.000938413 0.00952977)
(0.00975402 -0.00141828 -0.000124888 -0.00141828 0.00745792 -0.00136637 -0.000124888 -0.00136637 0.00240913)
(0.0123152 0.000983801 0.00170945 0.000983801 0.00383595 -0.00261232 0.00170945 -0.00261232 0.00693918)
(0.013429 -0.0030661 -0.000258992 -0.0030661 0.00755621 -0.00289849 -0.000258992 -0.00289849 0.00664648)
(0.0128658 -0.00430654 3.64427e-06 -0.00430654 0.00982373 -0.00270412 3.64427e-06 -0.00270412 0.00691207)
(0.0161306 -0.00459007 -0.00165187 -0.00459007 0.0078845 -0.00336433 -0.00165187 -0.00336433 0.00591188)
(0.00595789 -0.00051296 -0.000579515 -0.00051296 0.00855707 1.51712e-06 -0.000579515 1.51712e-06 0.0104094)
(0.0104369 -0.00432222 -0.00293167 -0.00432222 0.011424 -0.00310497 -0.00293167 -0.00310497 0.00854502)
(0.0151902 -0.000646707 0.00194788 -0.000646707 0.0108705 -0.00096498 0.00194788 -0.00096498 0.00733697)
(0.00844394 0.000247144 -3.37027e-05 0.000247144 0.00585423 0.00368133 -3.37027e-05 0.00368133 0.00684389)
(0.00735843 -0.00116056 -0.000960494 -0.00116056 0.00681983 0.000690615 -0.000960494 0.000690615 0.00281892)
(0.0139837 -0.00195197 -0.00252302 -0.00195197 0.0059783 0.0032203 -0.00252302 0.0032203 0.0100218)
(0.0206342 -0.00199255 0.00336592 -0.00199255 0.00913811 -0.00130812 0.00336592 -0.00130812 0.00666619)
(0.0105782 -0.00401919 0.0014742 -0.00401919 0.0092709 -0.00323244 0.0014742 -0.00323244 0.00551352)
(0.0278582 -0.00364712 0.00393814 -0.00364712 0.00874342 -0.00262001 0.00393814 -0.00262001 0.00690253)
(0.0258459 -0.00471239 -0.00240895 -0.00471239 0.0111198 -0.00115837 -0.00240895 -0.00115837 0.011018)
(0.00713529 0.000177801 0.00401971 0.000177801 0.0082484 -0.000820472 0.00401971 -0.000820472 0.00615314)
(0.0184941 0.000769243 0.00173741 0.000769243 0.0068831 0.00316867 0.00173741 0.00316867 0.00850804)
(0.0133654 -0.000286111 -0.00229864 -0.000286111 0.00576353 0.00358977 -0.00229864 0.00358977 0.010438)
(0.0159778 -0.00277733 0.00156293 -0.00277733 0.00913922 -0.000886146 0.00156293 -0.000886146 0.00956445)
(0.0128991 -0.00279282 -0.000457559 -0.00279282 0.0111433 -0.00368993 -0.000457559 -0.00368993 0.00975321)
(0.0130309 -0.0018364 -0.00171715 -0.0018364 0.0112947 -0.00336963 -0.00171715 -0.00336963 0.00848953)
(0.0109371 0.00191748 0.00315218 0.00191748 0.00662469 -0.000445659 0.00315218 -0.000445659 0.00546936)
(0.0175584 -0.00320566 0.00355251 -0.00320566 0.00921679 -0.0019602 0.00355251 -0.0019602 0.00867592)
(0.0194875 -0.00286577 -0.00320469 -0.00286577 0.00539041 0.00332421 -0.00320469 0.00332421 0.0118235)
(0.0117878 -0.00159475 -0.00294662 -0.00159475 0.00660028 0.00370743 -0.00294662 0.00370743 0.0100549)
(0.00810748 -0.00175279 0.000612883 -0.00175279 0.00710948 0.000941168 0.000612883 0.000941168 0.00493377)
(0.0109436 -0.00171873 0.000885179 -0.00171873 0.0079134 -0.000866173 0.000885179 -0.000866173 0.00560066)
(0.00419859 -0.000702045 -0.000891805 -0.000702045 0.00353998 -0.00234548 -0.000891805 -0.00234548 0.00502973)
(0.0155936 -0.00674776 0.00230804 -0.00674776 0.0104362 -0.00392458 0.00230804 -0.00392458 0.00594068)
(0.0212578 -0.00253593 0.0035765 -0.00253593 0.00953695 0.000952549 0.0035765 0.000952549 0.00939289)
(0.00784029 -0.00252768 0.00233994 -0.00252768 0.00933436 -0.00224234 0.00233994 -0.00224234 0.00537075)
(0.0116272 -0.00129271 0.00391801 -0.00129271 0.00996345 -0.00179126 0.00391801 -0.00179126 0.00439825)
(0.0177736 -0.000649522 0.00188872 -0.000649522 0.00763636 0.00201812 0.00188872 0.00201812 0.00849545)
(0.0155963 0.00300763 0.00451031 0.00300763 0.00652536 0.00136448 0.00451031 0.00136448 0.0057646)
(0.0100734 0.00132274 0.0036248 0.00132274 0.00675565 2.51755e-05 0.0036248 2.51755e-05 0.00642816)
(0.017259 -0.00221519 0.00277358 -0.00221519 0.00836749 -0.00054485 0.00277358 -0.00054485 0.00887026)
(0.0167911 -0.00144629 0.00349361 -0.00144629 0.00899191 -0.00107823 0.00349361 -0.00107823 0.00501528)
(0.0143312 0.000395811 0.000669202 0.000395811 0.00684244 0.00233794 0.000669202 0.00233794 0.00853363)
(0.0116873 -0.000325092 -0.0020375 -0.000325092 0.00354566 0.00234756 -0.0020375 0.00234756 0.0108591)
(0.0173644 -0.00188431 0.00250833 -0.00188431 0.00762156 -0.00117235 0.00250833 -0.00117235 0.0104514)
(0.00834029 -0.00488351 9.57651e-05 -0.00488351 0.0107187 0.000553146 9.57651e-05 0.000553146 0.00433436)
(0.0117566 0.00198374 0.00268298 0.00198374 0.00612081 0.00137713 0.00268298 0.00137713 0.00503619)
(0.00964773 -0.00234545 -0.000635314 -0.00234545 0.00797465 -0.00316488 -0.000635314 -0.00316488 0.00502759)
(0.01129 -0.00460845 0.00126531 -0.00460845 0.00956905 -0.00325345 0.00126531 -0.00325345 0.00523105)
(0.0127317 -0.00477983 -0.00164005 -0.00477983 0.00714439 -0.00288672 -0.00164005 -0.00288672 0.00681518)
(0.0139636 -0.00310959 -0.00151028 -0.00310959 0.00836298 -0.00343 -0.00151028 -0.00343 0.00558601)
(0.00755281 -0.00183271 0.0027456 -0.00183271 0.00890292 -0.0027133 0.0027456 -0.0027133 0.00376039)
(0.0108174 -0.00390028 0.000484681 -0.00390028 0.011276 0.000476509 0.000484681 0.000476509 0.00638409)
(0.00417724 0.000511435 0.000848679 0.000511435 0.00590315 2.73809e-07 0.000848679 2.73809e-07 0.00555808)
(0.00854861 0.00112586 0.00210856 0.00112586 0.00622091 0.00174369 0.00210856 0.00174369 0.00549464)
(0.0114426 -0.0010878 0.000771403 -0.0010878 0.00642321 0.000912597 0.000771403 0.000912597 0.0108561)
(0.0172912 -0.00297911 0.000249157 -0.00297911 0.00856078 0.00120542 0.000249157 0.00120542 0.00500613)
(0.00820053 -0.00194627 -0.000228274 -0.00194627 0.00770761 -0.00129452 -0.000228274 -0.00129452 0.00558909)
(0.0132311 -0.00131956 0.000295324 -0.00131956 0.00422479 0.00040331 0.000295324 0.00040331 0.00352205)
(0.00672451 -0.00305927 0.00121424 -0.00305927 0.00597646 -0.00309213 0.00121424 -0.00309213 0.00438456)
(0.00603553 -0.00143818 0.00386161 -0.00143818 0.009423 -0.000664325 0.00386161 -0.000664325 0.00606828)
(0.00842706 -0.00255758 0.000830987 -0.00255758 0.00977349 -0.000297164 0.000830987 -0.000297164 0.00944222)
(0.0106393 0.00129261 0.00270916 0.00129261 0.00346075 0.000834689 0.00270916 0.000834689 0.00761531)
(0.0123177 0.00253488 0.00350332 0.00253488 0.0062154 0.00122961 0.00350332 0.00122961 0.00585814)
(0.0168148 -0.00161082 0.000876285 -0.00161082 0.00816568 0.00136688 0.000876285 0.00136688 0.00533168)
(0.0113754 -0.00289448 -0.00305384 -0.00289448 0.0113445 -0.0020621 -0.00305384 -0.0020621 0.00770998)
(0.00620673 -0.00474052 -0.00176862 -0.00474052 0.0110711 0.000442953 -0.00176862 0.000442953 0.00830432)
(0.00632182 -0.00117675 0.00184339 -0.00117675 0.00648083 -0.000876817 0.00184339 -0.000876817 0.00456342)
(0.0188235 -0.000283547 -0.000208132 -0.000283547 0.00613088 0.00407446 -0.000208132 0.00407446 0.00982865)
(0.0160738 -0.000949446 -0.00187137 -0.000949446 0.00807408 0.00163895 -0.00187137 0.00163895 0.00591866)
(0.00926331 -0.00196723 0.00201103 -0.00196723 0.00746851 0.00051117 0.00201103 0.00051117 0.00610084)
(0.00862663 -0.00125254 0.000476491 -0.00125254 0.00723086 -0.00178088 0.000476491 -0.00178088 0.00311264)
(0.00325682 -0.00169799 0.00111514 -0.00169799 0.00764923 -0.00178321 0.00111514 -0.00178321 0.00342282)
(0.01173 -0.00732938 0.00189663 -0.00732938 0.0107553 -0.00414552 0.00189663 -0.00414552 0.0060002)
(0.0237654 -0.00460603 0.00290639 -0.00460603 0.0111974 0.000266333 0.00290639 0.000266333 0.0112183)
(0.01005 -0.00126847 0.0045762 -0.00126847 0.00905875 -0.00179721 0.0045762 -0.00179721 0.00609996)
(0.0167226 -0.000197499 0.00408422 -0.000197499 0.00868138 -0.00132928 0.00408422 -0.00132928 0.00400645)
(0.0174199 -0.00394744 0.00255012 -0.00394744 0.0093609 -0.000462478 0.00255012 -0.000462478 0.00890719)
(0.00927227 -0.0013628 0.000980332 -0.0013628 0.00767146 -0.000311292 0.000980332 -0.000311292 0.00203737)
(0.0146217 -0.00341324 -0.000398288 -0.00341324 0.00836648 -0.00190534 -0.000398288 -0.00190534 0.00419573)
(0.0129925 -0.000641467 -0.00154995 -0.000641467 0.00612555 0.00122329 -0.00154995 0.00122329 0.00571021)
(0.0143258 -0.000709568 0.0026369 -0.000709568 0.00805593 -0.000148674 0.0026369 -0.000148674 0.00655789)
(0.00761643 0.000858054 0.00205697 0.000858054 0.00674717 0.00132881 0.00205697 0.00132881 0.00328928)
(0.00786295 -0.00026914 -0.00175713 -0.00026914 0.00164344 0.000362583 -0.00175713 0.000362583 0.005762)
(0.0230802 -0.00310207 0.00167722 -0.00310207 0.00877024 -0.00319528 0.00167722 -0.00319528 0.00636659)
(0.00845779 -0.00395808 0.000314079 -0.00395808 0.0109183 7.38092e-05 0.000314079 7.38092e-05 0.00420566)
(0.00300838 -0.000329821 0.000518285 -0.000329821 0.00622909 -0.00203932 0.000518285 -0.00203932 0.00343427)
(0.01101 -0.00196473 -0.00100691 -0.00196473 0.00700225 -0.00423339 -0.00100691 -0.00423339 0.00619442)
(0.0114446 -0.00436243 -0.000411546 -0.00436243 0.00877044 -0.00345798 -0.000411546 -0.00345798 0.00499804)
(0.013915 -0.00258155 -0.00103095 -0.00258155 0.00681318 -0.00412939 -0.00103095 -0.00412939 0.00649783)
(0.0139552 -0.00249826 -0.00217019 -0.00249826 0.00841617 -0.00380898 -0.00217019 -0.00380898 0.00634045)
(0.00787184 -0.000397597 0.00443768 -0.000397597 0.00887231 -0.00129356 0.00443768 -0.00129356 0.00536518)
(0.0106248 0.00143898 0.00245312 0.00143898 0.00744788 -0.000402291 0.00245312 -0.000402291 0.00569964)
(0.00928661 8.36216e-05 0.000922799 8.36216e-05 0.00709185 0.00195156 0.000922799 0.00195156 0.0047285)
(0.00657476 -0.00316811 0.00076955 -0.00316811 0.0085186 -0.00239534 0.00076955 -0.00239534 0.00371325)
(0.00950804 -0.000941937 -0.000159394 -0.000941937 0.00478481 0.00194505 -0.000159394 0.00194505 0.0104614)
(0.0166575 -0.00208731 -0.000569076 -0.00208731 0.0075655 0.00170196 -0.000569076 0.00170196 0.00595702)
(0.00384784 -0.000365532 -0.000197118 -0.000365532 0.00605308 -0.000704578 -0.000197118 -0.000704578 0.00197147)
(0.0180609 -0.00173268 -0.00110841 -0.00173268 0.00751988 -0.000721659 -0.00110841 -0.000721659 0.00348606)
(0.00388592 -0.00250853 0.0045958 -0.00250853 0.00864356 -0.00278085 0.0045958 -0.00278085 0.00696937)
(0.0160956 -0.00277964 0.00287081 -0.00277964 0.00959499 -0.000848011 0.00287081 -0.000848011 0.00830375)
(0.0158338 -0.000720073 0.00271133 -0.000720073 0.00991542 -0.00185795 0.00271133 -0.00185795 0.0110693)
(0.012805 0.00244197 0.00196299 0.00244197 0.00665299 -0.00042294 0.00196299 -0.00042294 0.00370665)
(0.0116362 -0.000411103 0.000899317 -0.000411103 0.00847449 -0.00220694 0.000899317 -0.00220694 0.00883264)
(0.00908479 9.53972e-05 0.000718152 9.53972e-05 0.00298277 0.00169341 0.000718152 0.00169341 0.00509421)
(0.00772019 0.00134141 0.00123567 0.00134141 0.00359361 0.000815587 0.00123567 0.000815587 0.00563391)
(0.00545286 -0.00243281 0.00124893 -0.00243281 0.0091855 -0.00289642 0.00124893 -0.00289642 0.00722944)
(0.00784086 0.000872724 -0.000876338 0.000872724 0.0068035 -0.00109813 -0.000876338 -0.00109813 0.00323637)
(0.0175887 -0.00385405 0.00386803 -0.00385405 0.0096336 -0.0015307 0.00386803 -0.0015307 0.00962624)
(0.0208884 -0.00190905 -0.000650572 -0.00190905 0.00835439 0.00182153 -0.000650572 0.00182153 0.00492923)
(0.00811191 -0.000410258 -0.00111491 -0.000410258 0.00586527 0.0026968 -0.00111491 0.0026968 0.00670284)
(0.00444314 -0.00256514 0.001419 -0.00256514 0.00542374 -0.0022508 0.001419 -0.0022508 0.00341348)
(0.00369463 0.000538134 -0.000871113 0.000538134 0.00580897 -0.001999 -0.000871113 -0.001999 0.00327316)
(0.00688068 -0.00189213 0.0033312 -0.00189213 0.00607846 -0.00251498 0.0033312 -0.00251498 0.00564876)
(0.0208728 -0.00172378 0.00254101 -0.00172378 0.0073739 -0.00151384 0.00254101 -0.00151384 0.0105091)
(0.00798875 -0.0022475 -4.76148e-05 -0.0022475 0.00793335 -0.00208426 -4.76148e-05 -0.00208426 0.00388529)
(0.00957393 -0.000443963 0.00283742 -0.000443963 0.00813912 -0.00144947 0.00283742 -0.00144947 0.00433842)
(0.020323 -0.00515199 0.00297633 -0.00515199 0.00964682 -0.00134529 0.00297633 -0.00134529 0.00914614)
(0.0123561 0.0017328 0.00275539 0.0017328 0.00642177 0.00205344 0.00275539 0.00205344 0.00638221)
(0.00514793 -0.00165018 0.000759482 -0.00165018 0.0080973 0.000472215 0.000759482 0.000472215 0.00331668)
(0.00546413 -0.00027021 -0.000406869 -0.00027021 0.00520488 -0.00207599 -0.000406869 -0.00207599 0.00588219)
(0.0174972 -0.00311368 -3.78238e-05 -0.00311368 0.00815071 0.00143172 -3.78238e-05 0.00143172 0.00692327)
(0.00618043 -0.00151324 0.00104118 -0.00151324 0.00999262 -0.000317093 0.00104118 -0.000317093 0.00306741)
(0.00276555 -0.000220032 -0.000244418 -0.000220032 0.00449321 0.000579483 -0.000244418 0.000579483 0.00246518)
(0.0220912 -0.0044613 0.00384747 -0.0044613 0.00941612 -0.00296238 0.00384747 -0.00296238 0.00680816)
(0.00988144 0.000785444 0.000944139 0.000785444 0.00970109 -0.000912565 0.000944139 -0.000912565 0.00332071)
(0.0064605 -0.00516009 -0.000524808 -0.00516009 0.010966 0.000221599 -0.000524808 0.000221599 0.00518042)
(0.00768705 -0.00176825 -0.000875536 -0.00176825 0.00631283 -0.00382505 -0.000875536 -0.00382505 0.00544498)
(0.00761428 -0.0045262 -0.000633308 -0.0045262 0.00862789 -0.00323848 -0.000633308 -0.00323848 0.00458586)
(0.0117522 -0.00476971 -0.000868659 -0.00476971 0.00751782 -0.00322228 -0.000868659 -0.00322228 0.00550141)
(0.00894871 -0.00089047 -0.00157642 -0.00089047 0.00647141 -0.00357685 -0.00157642 -0.00357685 0.00510624)
(0.0124091 -0.00259105 0.00326652 -0.00259105 0.00964366 -0.00134889 0.00326652 -0.00134889 0.00765999)
(0.00912757 0.00190351 0.000307051 0.00190351 0.00498727 0.00140866 0.000307051 0.00140866 0.00634244)
(0.00647165 0.00189495 0.00126588 0.00189495 0.00540928 0.00248281 0.00126588 0.00248281 0.00583047)
(0.00913297 -0.00269513 0.00191078 -0.00269513 0.00823464 -0.000566119 0.00191078 -0.000566119 0.00591366)
(0.0121751 -0.000735219 -0.00151084 -0.000735219 0.0059526 0.00390845 -0.00151084 0.00390845 0.00896423)
(0.00852571 0.00105412 0.00136393 0.00105412 0.00629376 0.0010533 0.00136393 0.0010533 0.00478255)
(0.00302108 -9.94327e-05 0.00101837 -9.94327e-05 0.00661231 -0.000886334 0.00101837 -0.000886334 0.00362265)
(0.00358909 -0.00168349 0.00099715 -0.00168349 0.00396071 -0.00233025 0.00099715 -0.00233025 0.00359367)
(0.0191544 -0.00046819 0.00437205 -0.00046819 0.00852126 -0.00237624 0.00437205 -0.00237624 0.00758458)
(0.0159885 -0.00302201 0.00205677 -0.00302201 0.00880824 0.000149155 0.00205677 0.000149155 0.00821095)
(0.0190277 -0.00187349 -0.00418153 -0.00187349 0.00717643 0.00354825 -0.00418153 0.00354825 0.0106895)
(0.0160693 0.002414 0.00337129 0.002414 0.00736912 -0.000124555 0.00337129 -0.000124555 0.006349)
(0.00471955 -0.00182112 -0.000209816 -0.00182112 0.00767548 -0.00246678 -0.000209816 -0.00246678 0.00686441)
(0.0055414 -0.000414858 7.92565e-05 -0.000414858 0.00355087 0.00020764 7.92565e-05 0.00020764 0.00207426)
(0.0107266 -0.000689369 0.00210744 -0.000689369 0.00780802 7.61598e-05 0.00210744 7.61598e-05 0.00570361)
(0.0121243 0.00189532 0.000889892 0.00189532 0.00744296 0.000775372 0.000889892 0.000775372 0.00379657)
(0.0095919 0.00156545 0.00206869 0.00156545 0.00498588 0.00277107 0.00206869 0.00277107 0.00971151)
(0.0151032 -0.00117133 0.00421599 -0.00117133 0.00857189 -0.000732207 0.00421599 -0.000732207 0.00910242)
(0.017373 -0.00313937 0.000397997 -0.00313937 0.00830708 0.00143687 0.000397997 0.00143687 0.00861398)
(0.017837 0.00230403 0.00338318 0.00230403 0.00861846 -0.00271084 0.00338318 -0.00271084 0.00976838)
(0.00688388 -0.000554086 0.0010522 -0.000554086 0.00724389 -0.000100547 0.0010522 -0.000100547 0.00361869)
(0.00956734 -0.00187195 0.000905409 -0.00187195 0.0085233 -0.000600851 0.000905409 -0.000600851 0.00267632)
(0.00984881 -0.0030823 0.00118468 -0.0030823 0.00900638 0.000189933 0.00118468 0.000189933 0.00923942)
(0.0229635 -0.00587115 0.00114748 -0.00587115 0.00748557 -0.00297936 0.00114748 -0.00297936 0.00708507)
(0.00735046 -0.00107176 -0.000305211 -0.00107176 0.00755307 -0.000879048 -0.000305211 -0.000879048 0.00403892)
(0.0103416 -0.00397448 0.000145962 -0.00397448 0.00843144 0.000855416 0.000145962 0.000855416 0.00458412)
(0.0157442 -0.0047911 0.00317927 -0.0047911 0.00959871 -0.00133133 0.00317927 -0.00133133 0.00897242)
(0.0143241 -0.00414028 0.00312519 -0.00414028 0.00937765 -0.00220086 0.00312519 -0.00220086 0.00682299)
(0.00231825 -0.000749973 0.000984397 -0.000749973 0.00707217 -0.000403922 0.000984397 -0.000403922 0.0015567)
(0.00612776 -0.000229892 0.000751898 -0.000229892 0.00758551 -0.000331996 0.000751898 -0.000331996 0.00637831)
(0.0180583 -0.00234356 -0.00495404 -0.00234356 0.00679944 0.00436014 -0.00495404 0.00436014 0.00945027)
(0.0100002 -3.68105e-05 0.0014255 -3.68105e-05 0.0105271 -0.00238705 0.0014255 -0.00238705 0.00483986)
(0.00293979 -0.00282844 -0.000877113 -0.00282844 0.00898604 -0.0016898 -0.000877113 -0.0016898 0.00576776)
(0.015725 -0.00239494 -0.00172267 -0.00239494 0.00593831 0.000642235 -0.00172267 0.000642235 0.00320406)
(0.00788742 0.00183937 0.00127979 0.00183937 0.00378308 0.00116638 0.00127979 0.00116638 0.00353362)
(0.00716421 -0.000915778 0.000958242 -0.000915778 0.00322496 -3.14424e-05 0.000958242 -3.14424e-05 0.00212211)
(0.00392896 -0.00124735 -0.00120553 -0.00124735 0.00285302 -0.00206862 -0.00120553 -0.00206862 0.00764259)
(0.00569509 -0.00294868 0.000192793 -0.00294868 0.00792843 -0.00252963 0.000192793 -0.00252963 0.00540291)
(0.0110164 -0.00436326 0.000366136 -0.00436326 0.00578683 -0.00290854 0.000366136 -0.00290854 0.00944481)
