/*--------------------------------*- C++ -*----------------------------------*\
  =========                 |
  \\      /  F ield         | OpenFOAM: The Open Source CFD Toolbox
   \\    /   O peration     | Website:  https://openfoam.org
    \\  /    A nd           | Version:  10
     \\/     M anipulation  |
\*---------------------------------------------------------------------------*/
FoamFile
{
    format      ascii;
    class       volTensorField;
    location    "10";
    object      TauNN;
}
// * * * * * * * * * * * * * * * * * * * * * * * * * * * * * * * * * * * * * //

dimensions      [0 2 -2 0 0 0 0];

internalField   nonuniform List<tensor> 
25600
(
(0.00147208 -0.0129789 -0.0151383 -0.0129789 0.000160182 -0.00815156 -0.0151383 -0.00815156 0.000115992)
(0.00146739 -0.0129791 -0.0151393 -0.0129791 0.000160676 -0.00815185 -0.0151393 -0.00815185 0.000115374)
(0.00143277 -0.0129756 -0.0151484 -0.0129756 0.000162303 -0.00815011 -0.0151484 -0.00815011 0.000115998)
(0.00144143 -0.0129759 -0.0151457 -0.0129759 0.000161547 -0.00815008 -0.0151457 -0.00815008 0.000116343)
(0.00145115 -0.0129769 -0.0151431 -0.0129769 0.000161054 -0.00815058 -0.0151431 -0.00815058 0.00011627)
(0.00144747 -0.012979 -0.0151434 -0.012979 0.000161816 -0.00815194 -0.0151434 -0.00815194 0.000115451)
(0.00145447 -0.0129785 -0.0151418 -0.0129785 0.000161262 -0.00815159 -0.0151418 -0.00815159 0.000115483)
(0.00143626 -0.0129734 -0.0151486 -0.0129734 0.000161597 -0.00814874 -0.0151486 -0.00814874 0.000116806)
(0.00143905 -0.0129715 -0.0151476 -0.0129715 0.0001607 -0.00814751 -0.0151476 -0.00814751 0.000117451)
(0.00144673 -0.0129754 -0.0151449 -0.0129754 0.000161014 -0.00814968 -0.0151449 -0.00814968 0.000116942)
(0.0014323 -0.0129806 -0.0151451 -0.0129806 0.000162721 -0.00815292 -0.0151451 -0.00815292 0.000115387)
(0.00144481 -0.0129807 -0.0151428 -0.0129807 0.000162118 -0.00815293 -0.0151428 -0.00815293 0.000115006)
(0.00140943 -0.0129728 -0.015155 -0.0129728 0.000163626 -0.0081489 -0.015155 -0.0081489 0.000115798)
(0.00145499 -0.0129706 -0.0151416 -0.0129706 0.000158751 -0.00814674 -0.0151416 -0.00814674 0.000117736)
(0.00146022 -0.0129758 -0.0151416 -0.0129758 0.000160091 -0.00814971 -0.0151416 -0.00814971 0.000117231)
(0.00144363 -0.0129783 -0.0151443 -0.0129783 0.000161821 -0.00815149 -0.0151443 -0.00815149 0.00011593)
(0.00145469 -0.0129797 -0.0151413 -0.0129797 0.000161423 -0.00815226 -0.0151413 -0.00815226 0.000115264)
(0.00142034 -0.0129744 -0.015151 -0.0129744 0.000162934 -0.00814967 -0.015151 -0.00814967 0.000115701)
(0.00145232 -0.0129708 -0.0151424 -0.0129708 0.000159081 -0.00814694 -0.0151424 -0.00814694 0.000117556)
(0.00143854 -0.0129738 -0.0151478 -0.0129738 0.000161277 -0.00814875 -0.0151478 -0.00814875 0.000117449)
(0.00142831 -0.0129783 -0.0151473 -0.0129783 0.000162797 -0.00815165 -0.0151473 -0.00815165 0.000115566)
(0.00145699 -0.0129818 -0.0151393 -0.0129818 0.000161523 -0.00815353 -0.0151393 -0.00815353 0.000114442)
(0.00144067 -0.0129788 -0.0151443 -0.0129788 0.000162209 -0.00815198 -0.0151443 -0.00815198 0.000114857)
(0.00144069 -0.012974 -0.0151474 -0.012974 0.000161382 -0.00814904 -0.0151474 -0.00814904 0.000116936)
(0.00144717 -0.0129785 -0.0151445 -0.0129785 0.000161869 -0.00815162 -0.0151445 -0.00815162 0.00011601)
(0.0014813 -0.0129795 -0.0151368 -0.0129795 0.000159877 -0.00815185 -0.0151368 -0.00815185 0.00011597)
(0.0014799 -0.0129795 -0.0151364 -0.0129795 0.000159964 -0.00815198 -0.0151364 -0.00815198 0.000115309)
(0.00146405 -0.0129781 -0.0151389 -0.0129781 0.000160452 -0.00815132 -0.0151389 -0.00815132 0.000115154)
(0.00146304 -0.0129755 -0.0151408 -0.0129755 0.000159853 -0.00814959 -0.0151408 -0.00814959 0.000117074)
(0.00146496 -0.0129807 -0.0151402 -0.0129807 0.00016108 -0.00815265 -0.0151402 -0.00815265 0.000116053)
(0.00148134 -0.0129813 -0.0151365 -0.0129813 0.000160375 -0.00815302 -0.0151365 -0.00815302 0.000115182)
(0.00147913 -0.0129798 -0.0151366 -0.0129798 0.000160087 -0.00815213 -0.0151366 -0.00815213 0.000115247)
(0.00146695 -0.0129772 -0.0151396 -0.0129772 0.000160123 -0.0081506 -0.0151396 -0.0081506 0.000116185)
(0.00144773 -0.0129757 -0.0151449 -0.0129757 0.00016114 -0.00814988 -0.0151449 -0.00814988 0.000116669)
(0.00143731 -0.0129779 -0.015146 -0.0129779 0.000162215 -0.00815133 -0.015146 -0.00815133 0.000115862)
(0.00146677 -0.0129802 -0.015139 -0.0129802 0.000160803 -0.0081524 -0.015139 -0.0081524 0.000115456)
(0.00147083 -0.0129793 -0.0151382 -0.0129793 0.000160415 -0.00815192 -0.0151382 -0.00815192 0.000115438)
(0.00145943 -0.0129783 -0.0151405 -0.0129783 0.000160825 -0.00815138 -0.0151405 -0.00815138 0.000115498)
(0.00144661 -0.0129761 -0.0151446 -0.0129761 0.000161285 -0.00815018 -0.0151446 -0.00815018 0.000116283)
(0.00143596 -0.0129769 -0.0151466 -0.0129769 0.000162129 -0.00815078 -0.0151466 -0.00815078 0.00011605)
(0.000556782 -0.0128615 -0.015439 -0.0128615 0.000116556 -0.00814314 -0.015439 -0.00814314 3.05636e-05)
(0.000169352 -0.0128284 -0.015422 -0.0128284 0.000115642 -0.00814675 -0.015422 -0.00814675 3.74205e-05)
(0.000348266 -0.0128473 -0.0154302 -0.0128473 0.000126567 -0.00814517 -0.0154302 -0.00814517 2.91633e-05)
(0.000574465 -0.0128602 -0.0154353 -0.0128602 0.000117832 -0.00814263 -0.0154353 -0.00814263 3.06211e-05)
(0.000442606 -0.0128549 -0.0154338 -0.0128549 0.000122731 -0.00814326 -0.0154338 -0.00814326 2.72817e-05)
(0.000353548 -0.0128533 -0.0154338 -0.0128533 0.00012562 -0.00814525 -0.0154338 -0.00814525 2.83575e-05)
(0.000283593 -0.012844 -0.0154309 -0.012844 0.000127298 -0.00814645 -0.0154309 -0.00814645 2.91038e-05)
(0.000296679 -0.0128444 -0.0154308 -0.0128444 0.000129418 -0.00814662 -0.0154308 -0.00814662 2.85704e-05)
(0.000221233 -0.0128435 -0.0154232 -0.0128435 0.000132519 -0.00814915 -0.0154232 -0.00814915 3.55493e-05)
(0.000165552 -0.0128361 -0.0154196 -0.0128361 0.000126466 -0.00815066 -0.0154196 -0.00815066 3.8503e-05)
(0.000322383 -0.0128521 -0.0154324 -0.0128521 0.000126791 -0.00814571 -0.0154324 -0.00814571 2.88312e-05)
(0.000315476 -0.0128449 -0.0154322 -0.0128449 0.000125306 -0.00814538 -0.0154322 -0.00814538 2.83545e-05)
(0.000474262 -0.0128568 -0.0154329 -0.0128568 0.000124192 -0.00814401 -0.0154329 -0.00814401 3.06144e-05)
(0.000106 -0.012819 -0.0154167 -0.012819 7.56929e-05 -0.0081526 -0.0154167 -0.0081526 6.69927e-05)
(0.000141705 -0.0128274 -0.0154195 -0.0128274 0.000117719 -0.00815179 -0.0154195 -0.00815179 4.06581e-05)
(0.000452506 -0.0128558 -0.0154338 -0.0128558 0.000122391 -0.00814334 -0.0154338 -0.00814334 2.77197e-05)
(0.000202621 -0.0128337 -0.0154235 -0.0128337 0.000124371 -0.00814788 -0.0154235 -0.00814788 3.4473e-05)
(0.000266815 -0.0128446 -0.0154285 -0.0128446 0.000132918 -0.00814828 -0.0154285 -0.00814828 3.11276e-05)
(0.000184091 -0.0128355 -0.0154192 -0.0128355 0.000130952 -0.00815121 -0.0154192 -0.00815121 4.16737e-05)
(0.000268435 -0.0128431 -0.0154261 -0.0128431 0.000128961 -0.00814651 -0.0154261 -0.00814651 3.12711e-05)
(0.000475206 -0.012861 -0.0154324 -0.012861 0.000121721 -0.00814409 -0.0154324 -0.00814409 3.13107e-05)
(8.706e-05 -0.0128078 -0.0154215 -0.0128078 3.83264e-05 -0.00813398 -0.0154215 -0.00813398 5.90314e-05)
(0.000134637 -0.0128198 -0.0154218 -0.0128198 0.000104803 -0.00814954 -0.0154218 -0.00814954 3.99964e-05)
(0.000273027 -0.0128445 -0.0154281 -0.0128445 0.000128818 -0.00814677 -0.0154281 -0.00814677 3.04152e-05)
(0.000330642 -0.0128541 -0.0154351 -0.0128541 0.000124951 -0.00814467 -0.0154351 -0.00814467 2.73887e-05)
(0.00041527 -0.0128557 -0.015438 -0.0128557 0.000119294 -0.00814301 -0.015438 -0.00814301 2.73257e-05)
(0.000158091 -0.0128276 -0.0154171 -0.0128276 0.00010864 -0.00814536 -0.0154171 -0.00814536 4.76615e-05)
(5.23715e-05 -0.012799 -0.0154276 -0.012799 2.45895e-05 -0.00811997 -0.0154276 -0.00811997 6.58389e-05)
(0.00010773 -0.0128178 -0.015422 -0.0128178 8.96506e-05 -0.00814975 -0.015422 -0.00814975 4.17436e-05)
(0.000190162 -0.0128428 -0.0154292 -0.0128428 0.000123256 -0.00814668 -0.0154292 -0.00814668 3.30513e-05)
(0.000175272 -0.0128346 -0.0154248 -0.0128346 0.000116843 -0.00814559 -0.0154248 -0.00814559 3.76038e-05)
(0.000147453 -0.0128212 -0.0154208 -0.0128212 0.000103311 -0.00814509 -0.0154208 -0.00814509 4.15855e-05)
(0.000191851 -0.012828 -0.015423 -0.012828 0.000120375 -0.0081476 -0.015423 -0.0081476 3.57265e-05)
(0.000228529 -0.0128369 -0.0154248 -0.0128369 0.000128152 -0.00814769 -0.0154248 -0.00814769 3.24931e-05)
(0.000415512 -0.0128542 -0.0154343 -0.0128542 0.000124911 -0.00814338 -0.0154343 -0.00814338 2.69325e-05)
(0.000422879 -0.0128566 -0.0154382 -0.0128566 0.000121579 -0.0081437 -0.0154382 -0.0081437 2.72614e-05)
(0.000247108 -0.0128425 -0.0154283 -0.0128425 0.000125557 -0.00814649 -0.0154283 -0.00814649 3.23353e-05)
(9.95262e-05 -0.0128104 -0.0154216 -0.0128104 6.20534e-05 -0.00814311 -0.0154216 -0.00814311 5.27678e-05)
(0.000164861 -0.0128263 -0.0154205 -0.0128263 0.000121776 -0.00815077 -0.0154205 -0.00815077 3.92959e-05)
(0.000631336 -0.0128608 -0.015435 -0.0128608 0.000117296 -0.00814218 -0.015435 -0.00814218 3.44531e-05)
(0.000506814 -0.0128585 -0.0154334 -0.0128585 0.000120176 -0.00814268 -0.0154334 -0.00814268 2.89495e-05)
(0.000143511 -0.0128271 -0.0154166 -0.0128271 0.000115144 -0.00815134 -0.0154166 -0.00815134 4.67053e-05)
(8.58328e-05 -0.0128 -0.0154229 -0.0128 5.44973e-05 -0.00814878 -0.0154229 -0.00814878 6.75228e-05)
(0.000279643 -0.0128416 -0.0154209 -0.0128416 0.000129292 -0.00814483 -0.0154209 -0.00814483 3.5633e-05)
(8.88923e-05 -0.0128054 -0.0154163 -0.0128054 4.80166e-05 -0.00814767 -0.0154163 -0.00814767 7.90548e-05)
(8.11651e-05 -0.0128039 -0.0154182 -0.0128039 4.26697e-05 -0.00814414 -0.0154182 -0.00814414 6.96389e-05)
(9.89454e-05 -0.0128117 -0.0154204 -0.0128117 6.78196e-05 -0.00815022 -0.0154204 -0.00815022 5.88781e-05)
(2.31375e-05 -0.0127978 -0.0154319 -0.0127978 3.29469e-05 -0.00811376 -0.0154319 -0.00811376 7.49088e-05)
(5.20719e-05 -0.0127997 -0.0154281 -0.0127997 3.32194e-05 -0.00811206 -0.0154281 -0.00811206 8.77663e-05)
(-0.000112208 -0.0128158 -0.0154593 -0.0128158 8.46792e-05 -0.00809884 -0.0154593 -0.00809884 8.82979e-05)
(0.000107331 -0.0128133 -0.0154155 -0.0128133 8.23768e-05 -0.00815433 -0.0154155 -0.00815433 7.2123e-05)
(0.000162781 -0.0128245 -0.0154168 -0.0128245 0.000118396 -0.00815062 -0.0154168 -0.00815062 4.65456e-05)
(6.6102e-05 -0.0127948 -0.0154171 -0.0127948 2.62616e-05 -0.00813058 -0.0154171 -0.00813058 7.74503e-05)
(8.20915e-05 -0.0128016 -0.0154211 -0.0128016 3.25612e-05 -0.00811752 -0.0154211 -0.00811752 0.000103274)
(-3.23058e-05 -0.0128086 -0.0154492 -0.0128086 5.7571e-05 -0.0081023 -0.0154492 -0.0081023 9.00058e-05)
(0.000125192 -0.0128181 -0.0154112 -0.0128181 9.32139e-05 -0.00815243 -0.0154112 -0.00815243 7.41521e-05)
(9.66912e-05 -0.0128107 -0.0154186 -0.0128107 6.54345e-05 -0.00815173 -0.0154186 -0.00815173 6.8553e-05)
(4.79983e-05 -0.0127918 -0.0154182 -0.0127918 2.47488e-05 -0.00812602 -0.0154182 -0.00812602 7.22892e-05)
(0.000110663 -0.0128136 -0.0154162 -0.0128136 6.80478e-05 -0.00814989 -0.0154162 -0.00814989 7.51442e-05)
(-7.09896e-05 -0.0128172 -0.0154603 -0.0128172 7.76424e-05 -0.00809954 -0.0154603 -0.00809954 8.77105e-05)
(0.000142503 -0.0128306 -0.0154043 -0.0128306 0.000115416 -0.00815012 -0.0154043 -0.00815012 6.99437e-05)
(0.000107087 -0.0128148 -0.0154126 -0.0128148 7.29373e-05 -0.00815456 -0.0154126 -0.00815456 8.41519e-05)
(5.77265e-05 -0.0127923 -0.015422 -0.0127923 2.99925e-05 -0.00813672 -0.015422 -0.00813672 7.45762e-05)
(6.33559e-05 -0.0127967 -0.0154225 -0.0127967 2.5966e-05 -0.00812972 -0.0154225 -0.00812972 7.57909e-05)
(0.00010123 -0.0128161 -0.0154206 -0.0128161 9.00389e-05 -0.0081522 -0.0154206 -0.0081522 4.91408e-05)
(0.000661947 -0.0128621 -0.0154348 -0.0128621 0.00011301 -0.00814249 -0.0154348 -0.00814249 3.45352e-05)
(0.00029115 -0.0128509 -0.0154218 -0.0128509 0.000128282 -0.00814476 -0.0154218 -0.00814476 3.6759e-05)
(8.09751e-05 -0.0128005 -0.015418 -0.0128005 3.45846e-05 -0.0081388 -0.015418 -0.0081388 8.20584e-05)
(3.58291e-05 -0.0127938 -0.0154268 -0.0127938 2.34429e-05 -0.00811933 -0.0154268 -0.00811933 7.25199e-05)
(0.000177214 -0.0128322 -0.0154264 -0.0128322 0.000122338 -0.00814764 -0.0154264 -0.00814764 3.30605e-05)
(0.000591639 -0.0128599 -0.0154405 -0.0128599 0.000113206 -0.00814182 -0.0154405 -0.00814182 3.08486e-05)
(0.000267216 -0.0128418 -0.0154244 -0.0128418 0.000127554 -0.00814602 -0.0154244 -0.00814602 3.31157e-05)
(0.000107745 -0.0128104 -0.0154203 -0.0128104 7.66043e-05 -0.00814994 -0.0154203 -0.00814994 5.7278e-05)
(6.16386e-05 -0.012795 -0.015421 -0.012795 2.68806e-05 -0.00813275 -0.015421 -0.00813275 7.64979e-05)
(7.90645e-05 -0.012804 -0.0154205 -0.012804 5.4068e-05 -0.00815081 -0.0154205 -0.00815081 6.98109e-05)
(0.000358735 -0.012851 -0.0154315 -0.012851 0.000127129 -0.00814415 -0.0154315 -0.00814415 2.7314e-05)
(0.000359137 -0.012853 -0.0154309 -0.012853 0.000126399 -0.00814447 -0.0154309 -0.00814447 2.8556e-05)
(0.000102895 -0.0128116 -0.0154176 -0.0128116 6.28677e-05 -0.00814839 -0.0154176 -0.00814839 7.26044e-05)
(1.44083e-05 -0.0127985 -0.0154345 -0.0127985 3.16631e-05 -0.0081116 -0.0154345 -0.0081116 8.54031e-05)
(0.000115197 -0.0128132 -0.0154168 -0.0128132 9.51399e-05 -0.00815568 -0.0154168 -0.00815568 6.55944e-05)
(6.96488e-05 -0.0127955 -0.0154146 -0.0127955 3.32082e-05 -0.00813915 -0.0154146 -0.00813915 8.01952e-05)
(9.07382e-05 -0.01281 -0.0154187 -0.01281 7.05678e-05 -0.00815506 -0.0154187 -0.00815506 6.69595e-05)
(-4.08566e-05 -0.0128042 -0.0154427 -0.0128042 4.76731e-05 -0.00811069 -0.0154427 -0.00811069 7.92134e-05)
(8.30265e-05 -0.0127997 -0.0154164 -0.0127997 4.31789e-05 -0.00814609 -0.0154164 -0.00814609 8.65647e-05)
(-8.63159e-05 -0.0128156 -0.0154613 -0.0128156 8.82704e-05 -0.00809672 -0.0154613 -0.00809672 9.0271e-05)
(-0.00016984 -0.0128224 -0.0154607 -0.0128224 0.000100458 -0.00809898 -0.0154607 -0.00809898 8.53186e-05)
(-1.28737e-05 -0.0128039 -0.0154416 -0.0128039 5.07294e-05 -0.00810739 -0.0154416 -0.00810739 8.3473e-05)
(-0.000147411 -0.0128213 -0.0154554 -0.0128213 9.59504e-05 -0.00810734 -0.0154554 -0.00810734 8.10786e-05)
(2.04199e-05 -0.0127997 -0.0154346 -0.0127997 4.24232e-05 -0.00810858 -0.0154346 -0.00810858 9.16512e-05)
(-0.000142331 -0.0128247 -0.0154641 -0.0128247 9.62614e-05 -0.00809705 -0.0154641 -0.00809705 8.74807e-05)
(-4.25215e-06 -0.0128009 -0.0154381 -0.0128009 3.97556e-05 -0.00810808 -0.0154381 -0.00810808 0.000100067)
(8.92339e-05 -0.012803 -0.0154194 -0.012803 4.83167e-05 -0.00814679 -0.0154194 -0.00814679 7.64883e-05)
(-0.000158648 -0.0128208 -0.0154545 -0.0128208 0.000101337 -0.00810591 -0.0154545 -0.00810591 8.29323e-05)
(8.5786e-05 -0.0127975 -0.0154124 -0.0127975 3.11172e-05 -0.00813388 -0.0154124 -0.00813388 0.000109374)
(-2.65409e-05 -0.0128132 -0.0154571 -0.0128132 6.53243e-05 -0.00809944 -0.0154571 -0.00809944 9.59423e-05)
(2.1522e-06 -0.0128059 -0.0154455 -0.0128059 4.90184e-05 -0.00810421 -0.0154455 -0.00810421 9.8028e-05)
(4.32233e-05 -0.012793 -0.0154201 -0.012793 2.78557e-05 -0.00811829 -0.0154201 -0.00811829 9.16816e-05)
(-0.000112844 -0.0128132 -0.0154493 -0.0128132 7.35593e-05 -0.00810553 -0.0154493 -0.00810553 8.59951e-05)
(9.27435e-05 -0.0128054 -0.0154177 -0.0128054 4.72395e-05 -0.00814308 -0.0154177 -0.00814308 7.5158e-05)
(-0.000119459 -0.0128248 -0.0154617 -0.0128248 9.3564e-05 -0.00809916 -0.0154617 -0.00809916 8.69589e-05)
(7.06732e-05 -0.0127972 -0.0154192 -0.0127972 2.92681e-05 -0.00813062 -0.0154192 -0.00813062 0.000107014)
(0.000147923 -0.0128268 -0.0154008 -0.0128268 0.000121868 -0.00814987 -0.0154008 -0.00814987 7.51855e-05)
(-5.15418e-05 -0.0128042 -0.0154399 -0.0128042 5.18791e-05 -0.00810815 -0.0154399 -0.00810815 8.84105e-05)
(3.37464e-05 -0.0127911 -0.0154243 -0.0127911 2.37489e-05 -0.00812151 -0.0154243 -0.00812151 8.55026e-05)
(-5.52177e-06 -0.0127988 -0.0154368 -0.0127988 3.72174e-05 -0.00810994 -0.0154368 -0.00810994 8.78599e-05)
(0.000267885 -0.0128392 -0.015418 -0.0128392 0.000128634 -0.0081444 -0.015418 -0.0081444 3.8011e-05)
(0.000146378 -0.0128356 -0.0154094 -0.0128356 0.000130947 -0.0081511 -0.0154094 -0.0081511 5.14568e-05)
(5.48953e-05 -0.0127898 -0.015413 -0.0127898 2.78167e-05 -0.00812992 -0.015413 -0.00812992 8.27864e-05)
(2.49581e-05 -0.0127916 -0.0154272 -0.0127916 2.4161e-05 -0.00811952 -0.0154272 -0.00811952 7.85113e-05)
(5.9189e-05 -0.0127906 -0.0154245 -0.0127906 3.67761e-05 -0.00814207 -0.0154245 -0.00814207 6.01297e-05)
(0.000364309 -0.0128464 -0.0154295 -0.0128464 0.000125192 -0.00814271 -0.0154295 -0.00814271 2.65035e-05)
(0.00012284 -0.0128225 -0.0154141 -0.0128225 0.000110191 -0.0081545 -0.0154141 -0.0081545 5.59162e-05)
(5.02341e-05 -0.0127904 -0.0154192 -0.0127904 2.41618e-05 -0.00812935 -0.0154192 -0.00812935 7.35802e-05)
(5.28267e-05 -0.0127955 -0.0154234 -0.0127955 2.60452e-05 -0.00812118 -0.0154234 -0.00812118 9.28441e-05)
(-4.97377e-05 -0.0128129 -0.0154561 -0.0128129 6.74068e-05 -0.00809848 -0.0154561 -0.00809848 9.47381e-05)
(7.87052e-05 -0.0128011 -0.0154208 -0.0128011 5.01757e-05 -0.00814886 -0.0154208 -0.00814886 7.00782e-05)
(0.00012031 -0.0128234 -0.0154163 -0.0128234 0.000111313 -0.00815471 -0.0154163 -0.00815471 5.01565e-05)
(0.000111778 -0.0128158 -0.015412 -0.0128158 8.13412e-05 -0.00815446 -0.015412 -0.00815446 7.8477e-05)
(-6.75988e-06 -0.0128092 -0.0154489 -0.0128092 5.28544e-05 -0.00810269 -0.0154489 -0.00810269 9.59156e-05)
(-0.000189681 -0.0128267 -0.0154634 -0.0128267 9.87661e-05 -0.00809748 -0.0154634 -0.00809748 8.71937e-05)
(-0.000144218 -0.0128178 -0.0154573 -0.0128178 8.94605e-05 -0.00810325 -0.0154573 -0.00810325 8.51323e-05)
(5.39329e-05 -0.0127906 -0.0154151 -0.0127906 2.74622e-05 -0.00813275 -0.0154151 -0.00813275 7.11208e-05)
(-0.000134875 -0.0128203 -0.0154553 -0.0128203 8.52181e-05 -0.00811023 -0.0154553 -0.00811023 7.58017e-05)
(-7.2452e-05 -0.0128076 -0.0154476 -0.0128076 6.78171e-05 -0.00810707 -0.0154476 -0.00810707 8.59198e-05)
(4.83177e-06 -0.0128071 -0.0154456 -0.0128071 6.6081e-05 -0.00810087 -0.0154456 -0.00810087 9.97536e-05)
(-0.000128001 -0.0128183 -0.0154618 -0.0128183 8.94401e-05 -0.00809848 -0.0154618 -0.00809848 8.75727e-05)
(-0.000100116 -0.0128151 -0.0154555 -0.0128151 7.95787e-05 -0.00810566 -0.0154555 -0.00810566 8.09148e-05)
(-0.000148329 -0.012823 -0.015454 -0.012823 9.61038e-05 -0.00811262 -0.015454 -0.00811262 7.59674e-05)
(1.67807e-05 -0.0127908 -0.0154278 -0.0127908 2.88318e-05 -0.00811935 -0.0154278 -0.00811935 7.28369e-05)
(5.0766e-05 -0.0127945 -0.015424 -0.0127945 2.52657e-05 -0.00812129 -0.015424 -0.00812129 8.96228e-05)
(-0.000121905 -0.012817 -0.0154621 -0.012817 7.86454e-05 -0.00809873 -0.0154621 -0.00809873 9.13111e-05)
(4.43843e-05 -0.0127921 -0.0154196 -0.0127921 2.58083e-05 -0.00812084 -0.0154196 -0.00812084 8.73169e-05)
(-0.000150054 -0.0128251 -0.0154494 -0.0128251 0.000108726 -0.00810964 -0.0154494 -0.00810964 8.14484e-05)
(1.03906e-05 -0.0127913 -0.0154253 -0.0127913 3.21383e-05 -0.0081162 -0.0154253 -0.0081162 8.51018e-05)
(5.74283e-05 -0.0127934 -0.0154204 -0.0127934 2.66409e-05 -0.00813094 -0.0154204 -0.00813094 9.55991e-05)
(7.31728e-06 -0.0128025 -0.0154396 -0.0128025 4.25454e-05 -0.00810909 -0.0154396 -0.00810909 0.000106438)
(-0.000138368 -0.0128137 -0.0154556 -0.0128137 8.76398e-05 -0.008102 -0.0154556 -0.008102 8.74327e-05)
(-0.000195433 -0.0128305 -0.015448 -0.0128305 0.000113463 -0.00810785 -0.015448 -0.00810785 8.47739e-05)
(-2.735e-06 -0.0127923 -0.0154313 -0.0127923 3.42974e-05 -0.00811846 -0.0154313 -0.00811846 7.2594e-05)
(3.35946e-07 -0.0127976 -0.0154331 -0.0127976 3.77337e-05 -0.00811109 -0.0154331 -0.00811109 9.19311e-05)
(1.5418e-05 -0.0127962 -0.0154309 -0.0127962 3.25018e-05 -0.00811364 -0.0154309 -0.00811364 9.86863e-05)
(0.000130487 -0.0128292 -0.0154046 -0.0128292 0.000119356 -0.0081525 -0.0154046 -0.0081525 6.90972e-05)
(-0.000129689 -0.012832 -0.0154391 -0.012832 0.000117147 -0.00811117 -0.0154391 -0.00811117 8.37189e-05)
(-5.31431e-05 -0.0128021 -0.0154402 -0.0128021 4.94608e-05 -0.00811155 -0.0154402 -0.00811155 8.08163e-05)
(-4.38916e-05 -0.0128047 -0.0154463 -0.0128047 5.00447e-05 -0.00810563 -0.0154463 -0.00810563 8.87057e-05)
(5.17167e-05 -0.01279 -0.0154193 -0.01279 2.67679e-05 -0.0081337 -0.0154193 -0.0081337 8.35636e-05)
(0.000101056 -0.0128164 -0.0154146 -0.0128164 7.61129e-05 -0.00815747 -0.0154146 -0.00815747 7.0489e-05)
(-0.00011905 -0.0128138 -0.0154498 -0.0128138 8.95925e-05 -0.00811013 -0.0154498 -0.00811013 8.15615e-05)
(2.74665e-06 -0.0127896 -0.0154269 -0.0127896 2.69842e-05 -0.00811957 -0.0154269 -0.00811957 7.64719e-05)
(-5.40906e-05 -0.012805 -0.015444 -0.012805 4.90168e-05 -0.00810849 -0.015444 -0.00810849 8.48961e-05)
(5.26052e-05 -0.0127906 -0.015419 -0.0127906 2.90878e-05 -0.00813629 -0.015419 -0.00813629 7.15376e-05)
(6.98172e-05 -0.0127959 -0.0154152 -0.0127959 3.56095e-05 -0.00814064 -0.0154152 -0.00814064 6.99549e-05)
(-7.59462e-05 -0.0128074 -0.0154444 -0.0128074 6.52777e-05 -0.00811376 -0.0154444 -0.00811376 7.78175e-05)
(2.77548e-05 -0.0127914 -0.0154237 -0.0127914 2.6547e-05 -0.00811848 -0.0154237 -0.00811848 8.84629e-05)
(5.11092e-05 -0.012802 -0.0154329 -0.012802 3.43616e-05 -0.00811887 -0.0154329 -0.00811887 0.000113241)
(3.45028e-05 -0.0127912 -0.0154237 -0.0127912 2.34043e-05 -0.00812186 -0.0154237 -0.00812186 7.4119e-05)
(5.57372e-05 -0.0127916 -0.0154189 -0.0127916 2.77432e-05 -0.00813419 -0.0154189 -0.00813419 6.12451e-05)
(4.61044e-05 -0.0127895 -0.0154134 -0.0127895 2.82289e-05 -0.00812167 -0.0154134 -0.00812167 9.15202e-05)
(2.05992e-05 -0.0127969 -0.0154301 -0.0127969 3.48832e-05 -0.00811165 -0.0154301 -0.00811165 9.48259e-05)
(-0.000109756 -0.0128186 -0.015464 -0.0128186 8.01389e-05 -0.00809771 -0.015464 -0.00809771 9.17751e-05)
(-2.98542e-05 -0.0128058 -0.015446 -0.0128058 5.47273e-05 -0.00810501 -0.015446 -0.00810501 9.08538e-05)
(3.78772e-05 -0.0127903 -0.0154209 -0.0127903 2.51191e-05 -0.00812164 -0.0154209 -0.00812164 7.22003e-05)
(1.24363e-05 -0.0127946 -0.0154305 -0.0127946 3.05161e-05 -0.00811683 -0.0154305 -0.00811683 7.02965e-05)
(-0.000136781 -0.0128227 -0.0154532 -0.0128227 9.86859e-05 -0.00811064 -0.0154532 -0.00811064 7.95891e-05)
(4.92041e-05 -0.012795 -0.0154197 -0.012795 3.52228e-05 -0.00811602 -0.0154197 -0.00811602 0.000109992)
(2.68543e-05 -0.0127975 -0.0154301 -0.0127975 3.61437e-05 -0.0081109 -0.0154301 -0.0081109 9.64015e-05)
(-4.23227e-06 -0.012801 -0.0154397 -0.012801 4.54199e-05 -0.00811134 -0.0154397 -0.00811134 7.4927e-05)
(-0.000116055 -0.0128189 -0.0154545 -0.0128189 8.30887e-05 -0.00811612 -0.0154545 -0.00811612 6.80068e-05)
(-7.00656e-05 -0.0128113 -0.0154517 -0.0128113 6.95689e-05 -0.00812174 -0.0154517 -0.00812174 6.45363e-05)
(5.16106e-05 -0.0127916 -0.015423 -0.0127916 2.4165e-05 -0.00813175 -0.015423 -0.00813175 6.35626e-05)
(-9.10835e-05 -0.0128127 -0.0154577 -0.0128127 7.06353e-05 -0.00810087 -0.0154577 -0.00810087 9.25571e-05)
(-6.37306e-05 -0.0128066 -0.0154469 -0.0128066 6.38112e-05 -0.00810355 -0.0154469 -0.00810355 9.09002e-05)
(-7.55129e-05 -0.0128093 -0.0154496 -0.0128093 7.35731e-05 -0.00811484 -0.0154496 -0.00811484 7.15076e-05)
(-9.13898e-05 -0.0128217 -0.0154539 -0.0128217 9.26285e-05 -0.00812021 -0.0154539 -0.00812021 7.01513e-05)
(2.81295e-05 -0.0127895 -0.0154217 -0.0127895 2.61051e-05 -0.00812282 -0.0154217 -0.00812282 9.45622e-05)
(5.87288e-05 -0.012801 -0.0154276 -0.012801 3.58017e-05 -0.00812548 -0.0154276 -0.00812548 0.000123604)
(-0.000145214 -0.0128185 -0.0154632 -0.0128185 9.81552e-05 -0.00809747 -0.0154632 -0.00809747 8.59295e-05)
(-0.000112031 -0.012838 -0.0154297 -0.012838 0.000117252 -0.00811545 -0.0154297 -0.00811545 8.35739e-05)
(-2.68419e-05 -0.0128007 -0.0154389 -0.0128007 4.5519e-05 -0.00811519 -0.0154389 -0.00811519 7.21588e-05)
(1.27611e-05 -0.0127934 -0.0154252 -0.0127934 3.16398e-05 -0.0081161 -0.0154252 -0.0081161 9.59429e-05)
(-5.72082e-05 -0.0128082 -0.0154494 -0.0128082 5.45762e-05 -0.00810411 -0.0154494 -0.00810411 0.000100047)
(0.000105018 -0.0128151 -0.015412 -0.0128151 6.94947e-05 -0.00815604 -0.015412 -0.00815604 8.3078e-05)
(-3.42469e-05 -0.0128021 -0.0154424 -0.0128021 5.82762e-05 -0.0081152 -0.0154424 -0.0081152 7.14572e-05)
(-0.000185552 -0.0128337 -0.015446 -0.0128337 0.000109848 -0.00811032 -0.015446 -0.00811032 8.11348e-05)
(-6.22976e-05 -0.0128076 -0.0154493 -0.0128076 5.46459e-05 -0.00810627 -0.0154493 -0.00810627 8.45771e-05)
(-7.01216e-05 -0.0128076 -0.0154493 -0.0128076 5.91117e-05 -0.00810625 -0.0154493 -0.00810625 8.55243e-05)
(9.93678e-05 -0.0128152 -0.015417 -0.0128152 6.36214e-05 -0.00815204 -0.015417 -0.00815204 6.01919e-05)
(-4.23623e-06 -0.0127971 -0.0154356 -0.0127971 5.05674e-05 -0.00811863 -0.0154356 -0.00811863 7.06784e-05)
(-1.34394e-07 -0.0127929 -0.0154318 -0.0127929 2.84639e-05 -0.00811798 -0.0154318 -0.00811798 7.04492e-05)
(1.10735e-05 -0.0127918 -0.0154285 -0.0127918 2.70203e-05 -0.00811771 -0.0154285 -0.00811771 9.46928e-05)
(-6.03177e-05 -0.0128079 -0.0154482 -0.0128079 6.01865e-05 -0.0081058 -0.0154482 -0.0081058 8.6087e-05)
(8.0943e-05 -0.0128039 -0.0154188 -0.0128039 4.14965e-05 -0.00814276 -0.0154188 -0.00814276 5.7284e-05)
(-6.00864e-05 -0.012808 -0.0154477 -0.012808 6.68999e-05 -0.00811834 -0.0154477 -0.00811834 6.90475e-05)
(-0.000104176 -0.0128124 -0.0154516 -0.0128124 7.21543e-05 -0.00811079 -0.0154516 -0.00811079 7.85265e-05)
(4.30758e-05 -0.0127957 -0.0154272 -0.0127957 3.06194e-05 -0.00812768 -0.0154272 -0.00812768 0.000119428)
(6.09784e-05 -0.0127928 -0.0154204 -0.0127928 2.69121e-05 -0.00813301 -0.0154204 -0.00813301 8.14781e-05)
(8.80247e-05 -0.0128116 -0.015424 -0.0128116 6.41689e-05 -0.00814649 -0.015424 -0.00814649 4.19694e-05)
(9.50908e-06 -0.0127963 -0.0154303 -0.0127963 4.60026e-05 -0.00811082 -0.0154303 -0.00811082 8.65187e-05)
(-8.03094e-05 -0.0128078 -0.0154489 -0.0128078 6.59867e-05 -0.00810819 -0.0154489 -0.00810819 8.30107e-05)
(1.59473e-05 -0.0127948 -0.0154309 -0.0127948 2.99538e-05 -0.00811573 -0.0154309 -0.00811573 9.94962e-05)
(3.77256e-05 -0.0127953 -0.0154261 -0.0127953 2.94077e-05 -0.0081191 -0.0154261 -0.0081191 0.000105067)
(2.49357e-05 -0.0127944 -0.0154289 -0.0127944 3.13601e-05 -0.00811702 -0.0154289 -0.00811702 7.48271e-05)
(4.81581e-05 -0.0127905 -0.0154184 -0.0127905 2.41071e-05 -0.00812771 -0.0154184 -0.00812771 7.42614e-05)
(-0.0001003 -0.0128146 -0.0154526 -0.0128146 8.23535e-05 -0.00811259 -0.0154526 -0.00811259 7.55172e-05)
(3.53992e-05 -0.0127897 -0.0154177 -0.0127897 2.86361e-05 -0.00811825 -0.0154177 -0.00811825 9.58208e-05)
(5.63133e-05 -0.0127936 -0.0154189 -0.0127936 2.78497e-05 -0.00812731 -0.0154189 -0.00812731 0.000108482)
(6.42304e-05 -0.0127945 -0.0154192 -0.0127945 2.49703e-05 -0.00812926 -0.0154192 -0.00812926 7.34884e-05)
(1.43338e-05 -0.0127949 -0.015433 -0.0127949 3.11376e-05 -0.00812072 -0.015433 -0.00812072 5.97065e-05)
(-9.73407e-05 -0.0128131 -0.0154498 -0.0128131 7.16684e-05 -0.00811732 -0.0154498 -0.00811732 6.83383e-05)
(1.89317e-05 -0.0127905 -0.0154255 -0.0127905 2.73746e-05 -0.00812015 -0.0154255 -0.00812015 7.54871e-05)
(-7.20402e-06 -0.0127986 -0.0154374 -0.0127986 3.94071e-05 -0.0081098 -0.0154374 -0.0081098 9.44812e-05)
(-9.9461e-05 -0.0128122 -0.0154557 -0.0128122 7.70778e-05 -0.00810109 -0.0154557 -0.00810109 9.09177e-05)
(2.76464e-05 -0.0127932 -0.015431 -0.0127932 3.06269e-05 -0.00812309 -0.015431 -0.00812309 5.78222e-05)
(-2.33536e-06 -0.0127953 -0.0154356 -0.0127953 3.4848e-05 -0.00812114 -0.0154356 -0.00812114 6.08836e-05)
(-8.04115e-06 -0.0127955 -0.0154298 -0.0127955 3.459e-05 -0.00811429 -0.0154298 -0.00811429 9.5438e-05)
(4.91257e-05 -0.0127991 -0.0154266 -0.0127991 3.58227e-05 -0.00812072 -0.0154266 -0.00812072 0.000119173)
(4.94844e-05 -0.012806 -0.015438 -0.012806 5.41576e-05 -0.00810465 -0.015438 -0.00810465 0.000103745)
(2.86294e-05 -0.0127904 -0.0154337 -0.0127904 1.88294e-05 -0.00812613 -0.0154337 -0.00812613 4.49752e-05)
(3.79668e-05 -0.0127891 -0.0154229 -0.0127891 2.20806e-05 -0.00812647 -0.0154229 -0.00812647 6.98994e-05)
(2.71658e-05 -0.0127867 -0.0154202 -0.0127867 2.15127e-05 -0.00812537 -0.0154202 -0.00812537 7.38135e-05)
(-5.90861e-05 -0.0128068 -0.0154496 -0.0128068 5.27933e-05 -0.00810464 -0.0154496 -0.00810464 0.000102507)
(3.62596e-05 -0.0127956 -0.0154241 -0.0127956 3.93407e-05 -0.00811219 -0.0154241 -0.00811219 9.51394e-05)
(0.000193393 -0.0128453 -0.0154279 -0.0128453 0.000130369 -0.00814848 -0.0154279 -0.00814848 3.05434e-05)
(-8.62698e-05 -0.0128134 -0.0154523 -0.0128134 7.05816e-05 -0.00810935 -0.0154523 -0.00810935 7.45363e-05)
(-0.000145944 -0.0128276 -0.0154566 -0.0128276 9.11818e-05 -0.00811269 -0.0154566 -0.00811269 7.14036e-05)
(-5.57443e-05 -0.0128095 -0.0154505 -0.0128095 5.48129e-05 -0.00810803 -0.0154505 -0.00810803 8.14724e-05)
(6.88628e-05 -0.0127912 -0.0154144 -0.0127912 2.93362e-05 -0.0081226 -0.0154144 -0.0081226 7.62921e-05)
(7.74746e-05 -0.0128079 -0.0154255 -0.0128079 4.95987e-05 -0.00814244 -0.0154255 -0.00814244 3.78722e-05)
(4.20272e-05 -0.0127886 -0.0154235 -0.0127886 2.29975e-05 -0.00812892 -0.0154235 -0.00812892 7.23815e-05)
(4.5204e-05 -0.0127895 -0.0154216 -0.0127895 2.6772e-05 -0.00813258 -0.0154216 -0.00813258 0.000102665)
(-2.37148e-05 -0.012802 -0.0154409 -0.012802 4.47675e-05 -0.00810729 -0.0154409 -0.00810729 9.48422e-05)
(7.92823e-05 -0.0128004 -0.0154181 -0.0128004 3.33808e-05 -0.00813777 -0.0154181 -0.00813777 6.08699e-05)
(5.59098e-05 -0.012793 -0.0154262 -0.012793 2.45069e-05 -0.00813127 -0.0154262 -0.00813127 4.57566e-05)
(-0.000125808 -0.012825 -0.0154537 -0.012825 9.31308e-05 -0.00811888 -0.0154537 -0.00811888 7.04114e-05)
(-0.000129138 -0.0128156 -0.015457 -0.0128156 7.82367e-05 -0.00810507 -0.015457 -0.00810507 8.46897e-05)
(5.41268e-05 -0.0127929 -0.0154249 -0.0127929 2.86705e-05 -0.00813248 -0.0154249 -0.00813248 0.000111092)
(8.76546e-05 -0.0128084 -0.0154204 -0.0128084 5.29972e-05 -0.00814678 -0.0154204 -0.00814678 5.42303e-05)
(7.24535e-05 -0.0127912 -0.0154121 -0.0127912 2.61322e-05 -0.00812486 -0.0154121 -0.00812486 7.23559e-05)
(-0.000100328 -0.0128154 -0.0154534 -0.0128154 8.03547e-05 -0.00811599 -0.0154534 -0.00811599 7.13403e-05)
(-0.000101991 -0.0128146 -0.0154544 -0.0128146 7.13743e-05 -0.00810952 -0.0154544 -0.00810952 7.84778e-05)
(-3.42684e-05 -0.0128041 -0.0154442 -0.0128041 4.98077e-05 -0.00810633 -0.0154442 -0.00810633 9.04429e-05)
(5.09122e-05 -0.0127924 -0.0154214 -0.0127924 2.2746e-05 -0.00812467 -0.0154214 -0.00812467 7.053e-05)
(2.31308e-05 -0.0127922 -0.015425 -0.0127922 2.92274e-05 -0.00811728 -0.015425 -0.00811728 7.61897e-05)
(-9.0706e-05 -0.012812 -0.0154512 -0.012812 7.72685e-05 -0.00811231 -0.0154512 -0.00811231 7.52757e-05)
(4.6922e-06 -0.0127945 -0.0154363 -0.0127945 3.73919e-05 -0.00812036 -0.0154363 -0.00812036 6.72223e-05)
(6.01515e-05 -0.0127926 -0.0154156 -0.0127926 3.16666e-05 -0.00813905 -0.0154156 -0.00813905 0.000109308)
(7.39249e-05 -0.0127958 -0.0154156 -0.0127958 3.48047e-05 -0.0081411 -0.0154156 -0.0081411 9.40745e-05)
(6.69626e-05 -0.0127969 -0.0154234 -0.0127969 3.21766e-05 -0.00813724 -0.0154234 -0.00813724 5.08532e-05)
(3.6237e-05 -0.0127876 -0.0154167 -0.0127876 2.53383e-05 -0.00812826 -0.0154167 -0.00812826 8.38422e-05)
(-3.34632e-06 -0.0127988 -0.0154313 -0.0127988 4.1174e-05 -0.00810988 -0.0154313 -0.00810988 0.000105888)
(2.27484e-05 -0.0127925 -0.0154268 -0.0127925 2.76786e-05 -0.00811741 -0.0154268 -0.00811741 8.69973e-05)
(-7.62784e-05 -0.0128099 -0.0154533 -0.0128099 6.89169e-05 -0.0081016 -0.0154533 -0.0081016 9.45446e-05)
(5.76903e-05 -0.0127954 -0.0154277 -0.0127954 2.99775e-05 -0.00813528 -0.0154277 -0.00813528 3.9793e-05)
(0.00010199 -0.0128134 -0.0154193 -0.0128134 8.43105e-05 -0.00815389 -0.0154193 -0.00815389 5.78372e-05)
(-2.38345e-06 -0.0127916 -0.0154259 -0.0127916 3.10267e-05 -0.00811476 -0.0154259 -0.00811476 9.07897e-05)
(5.09527e-06 -0.0127949 -0.0154296 -0.0127949 3.93882e-05 -0.00811039 -0.0154296 -0.00811039 9.75103e-05)
(7.40461e-05 -0.0127963 -0.015417 -0.0127963 2.924e-05 -0.00812972 -0.015417 -0.00812972 0.000107177)
(0.000393093 -0.0128459 -0.0154411 -0.0128459 0.00012151 -0.00814251 -0.0154411 -0.00814251 2.51399e-05)
(4.82668e-05 -0.0127894 -0.0154188 -0.0127894 2.67798e-05 -0.00813399 -0.0154188 -0.00813399 7.28812e-05)
(3.98343e-05 -0.0127891 -0.0154237 -0.0127891 2.13931e-05 -0.00812899 -0.0154237 -0.00812899 5.91199e-05)
(-6.73629e-05 -0.0128061 -0.015449 -0.0128061 5.90131e-05 -0.00810857 -0.015449 -0.00810857 8.1744e-05)
(-5.06701e-05 -0.0128077 -0.0154499 -0.0128077 6.15047e-05 -0.00810333 -0.0154499 -0.00810333 9.35073e-05)
(0.000445756 -0.0128527 -0.0154364 -0.0128527 0.000120962 -0.00814181 -0.0154364 -0.00814181 2.55174e-05)
(6.02169e-05 -0.0127922 -0.0154149 -0.0127922 2.43368e-05 -0.00812883 -0.0154149 -0.00812883 6.75014e-05)
(-9.78748e-05 -0.0128316 -0.0154555 -0.0128316 8.7325e-05 -0.00813144 -0.0154555 -0.00813144 5.41234e-05)
(9.59815e-06 -0.0127968 -0.0154406 -0.0127968 2.71536e-05 -0.00812329 -0.0154406 -0.00812329 4.98817e-05)
(3.92177e-05 -0.012795 -0.0154271 -0.012795 3.72711e-05 -0.00811493 -0.0154271 -0.00811493 8.29148e-05)
(0.000141157 -0.0128339 -0.0154298 -0.0128339 0.000121627 -0.00814825 -0.0154298 -0.00814825 3.12143e-05)
(5.65419e-05 -0.0127918 -0.0154194 -0.0127918 3.05015e-05 -0.00813787 -0.0154194 -0.00813787 8.30351e-05)
(1.26466e-05 -0.0127922 -0.0154284 -0.0127922 2.70381e-05 -0.00811649 -0.0154284 -0.00811649 8.26366e-05)
(1.9164e-05 -0.0127922 -0.0154265 -0.0127922 2.78977e-05 -0.00811889 -0.0154265 -0.00811889 0.000102541)
(5.24558e-05 -0.0127922 -0.0154208 -0.0127922 2.45789e-05 -0.00812274 -0.0154208 -0.00812274 7.4312e-05)
(9.30438e-05 -0.0128173 -0.0154239 -0.0128173 7.28683e-05 -0.00814837 -0.0154239 -0.00814837 3.96689e-05)
(-1.80395e-05 -0.0127987 -0.0154393 -0.0127987 4.44669e-05 -0.00812125 -0.0154393 -0.00812125 6.27204e-05)
(-0.000131323 -0.0128324 -0.0154535 -0.0128324 9.80507e-05 -0.00812161 -0.0154535 -0.00812161 6.71101e-05)
(-7.00402e-05 -0.0128105 -0.0154546 -0.0128105 5.77162e-05 -0.00810289 -0.0154546 -0.00810289 9.31502e-05)
(2.51504e-05 -0.0127962 -0.0154272 -0.0127962 4.02018e-05 -0.0081102 -0.0154272 -0.0081102 9.14621e-05)
(8.61597e-05 -0.0127951 -0.0154113 -0.0127951 2.71174e-05 -0.00813028 -0.0154113 -0.00813028 6.5817e-05)
(-2.6032e-05 -0.0128015 -0.0154439 -0.0128015 5.26366e-05 -0.00812152 -0.0154439 -0.00812152 6.28677e-05)
(-0.000160943 -0.0128363 -0.015447 -0.0128363 0.000107384 -0.00811762 -0.015447 -0.00811762 7.53008e-05)
(-0.000123243 -0.0128268 -0.0154563 -0.0128268 8.64334e-05 -0.00811435 -0.0154563 -0.00811435 7.09977e-05)
(7.91254e-05 -0.0127991 -0.0154177 -0.0127991 3.7645e-05 -0.00814207 -0.0154177 -0.00814207 8.24851e-05)
(5.4766e-05 -0.0127922 -0.0154199 -0.0127922 2.3563e-05 -0.00812545 -0.0154199 -0.00812545 6.42635e-05)
(-4.57401e-05 -0.0128064 -0.0154472 -0.0128064 6.30302e-05 -0.00811696 -0.0154472 -0.00811696 6.88617e-05)
(-0.000106063 -0.0128248 -0.0154541 -0.0128248 9.3959e-05 -0.00811951 -0.0154541 -0.00811951 7.04771e-05)
(3.47354e-05 -0.0127884 -0.0154209 -0.0127884 2.36989e-05 -0.00812578 -0.0154209 -0.00812578 8.6133e-05)
(6.69351e-05 -0.0127936 -0.0154144 -0.0127936 3.33989e-05 -0.00813998 -0.0154144 -0.00813998 0.000110716)
(6.98915e-05 -0.0127994 -0.0154242 -0.0127994 3.99432e-05 -0.00814114 -0.0154242 -0.00814114 4.92119e-05)
(6.01288e-05 -0.0127923 -0.0154137 -0.0127923 3.0619e-05 -0.00813677 -0.0154137 -0.00813677 9.71957e-05)
(-1.85727e-05 -0.0127987 -0.0154337 -0.0127987 4.64393e-05 -0.00810739 -0.0154337 -0.00810739 0.000107585)
(2.95563e-05 -0.0127909 -0.0154241 -0.0127909 2.50399e-05 -0.00812006 -0.0154241 -0.00812006 7.85288e-05)
(-4.59632e-05 -0.0128046 -0.0154456 -0.0128046 5.39647e-05 -0.00810575 -0.0154456 -0.00810575 9.24965e-05)
(0.000107952 -0.0128077 -0.0154282 -0.0128077 8.66401e-05 -0.00814326 -0.0154282 -0.00814326 3.15654e-05)
(8.46082e-05 -0.0128034 -0.0154166 -0.0128034 5.07706e-05 -0.00815031 -0.0154166 -0.00815031 8.18682e-05)
(1.2529e-05 -0.0127903 -0.0154238 -0.0127903 2.95293e-05 -0.00811605 -0.0154238 -0.00811605 8.11481e-05)
(-1.97901e-05 -0.0127989 -0.0154391 -0.0127989 4.73852e-05 -0.00811464 -0.0154391 -0.00811464 7.5765e-05)
(4.92931e-05 -0.0127897 -0.015428 -0.0127897 2.42998e-05 -0.00813232 -0.015428 -0.00813232 5.99314e-05)
(0.000174967 -0.0128163 -0.0154225 -0.0128163 0.000117816 -0.00814957 -0.0154225 -0.00814957 3.7941e-05)
(4.61991e-05 -0.0127883 -0.015414 -0.0127883 2.72893e-05 -0.0081279 -0.015414 -0.0081279 6.95332e-05)
(6.17758e-05 -0.0127919 -0.015416 -0.0127919 2.52952e-05 -0.00812953 -0.015416 -0.00812953 7.53469e-05)
(-6.89824e-05 -0.0128219 -0.0154585 -0.0128219 7.88127e-05 -0.00812559 -0.0154585 -0.00812559 6.20264e-05)
(5.81988e-06 -0.0127968 -0.0154386 -0.0127968 2.89883e-05 -0.00811642 -0.0154386 -0.00811642 7.29577e-05)
(0.000199392 -0.0128358 -0.0154196 -0.0128358 0.00012965 -0.00814842 -0.0154196 -0.00814842 3.66641e-05)
(8.53347e-05 -0.012798 -0.0154133 -0.012798 2.96047e-05 -0.0081345 -0.0154133 -0.0081345 6.02397e-05)
(-3.32151e-05 -0.0128118 -0.0154531 -0.0128118 5.30572e-05 -0.00813404 -0.0154531 -0.00813404 4.98386e-05)
(3.20163e-06 -0.0128045 -0.0154483 -0.0128045 3.52386e-05 -0.00813246 -0.0154483 -0.00813246 4.49e-05)
(6.85743e-05 -0.0127963 -0.0154211 -0.0127963 2.67272e-05 -0.00813225 -0.0154211 -0.00813225 6.52582e-05)
(0.000160953 -0.0128345 -0.0154323 -0.0128345 0.000123417 -0.00814731 -0.0154323 -0.00814731 3.19218e-05)
(2.68128e-05 -0.0127903 -0.0154197 -0.0127903 2.81695e-05 -0.00811705 -0.0154197 -0.00811705 8.52598e-05)
(-4.28012e-05 -0.0128065 -0.0154475 -0.0128065 5.35325e-05 -0.00811649 -0.0154475 -0.00811649 6.5395e-05)
(9.40374e-06 -0.0127943 -0.0154332 -0.0127943 2.87096e-05 -0.00811702 -0.0154332 -0.00811702 7.57266e-05)
(5.78594e-05 -0.0127922 -0.0154182 -0.0127922 2.51671e-05 -0.00812903 -0.0154182 -0.00812903 8.552e-05)
(0.000104647 -0.0128236 -0.0154208 -0.0128236 9.13171e-05 -0.0081524 -0.0154208 -0.0081524 4.46032e-05)
(6.03204e-05 -0.0127928 -0.0154164 -0.0127928 2.73688e-05 -0.00813363 -0.0154164 -0.00813363 6.23419e-05)
(-6.43137e-05 -0.0128134 -0.0154521 -0.0128134 6.17423e-05 -0.00812042 -0.0154521 -0.00812042 6.24041e-05)
(-0.000155171 -0.0128304 -0.015455 -0.0128304 9.56836e-05 -0.00811124 -0.015455 -0.00811124 7.74204e-05)
(-2.2852e-05 -0.0128058 -0.0154447 -0.0128058 5.77756e-05 -0.00810314 -0.0154447 -0.00810314 9.66192e-05)
(8.29345e-05 -0.0127969 -0.0154167 -0.0127969 2.70984e-05 -0.0081319 -0.0154167 -0.0081319 5.75875e-05)
(4.61442e-05 -0.0127899 -0.0154217 -0.0127899 2.4503e-05 -0.00812685 -0.0154217 -0.00812685 5.8628e-05)
(-0.000150702 -0.0128271 -0.0154546 -0.0128271 9.48554e-05 -0.00811457 -0.0154546 -0.00811457 7.20506e-05)
(-9.30492e-05 -0.0128296 -0.0154555 -0.0128296 7.89491e-05 -0.00812548 -0.0154555 -0.00812548 5.46904e-05)
(6.21783e-05 -0.0127925 -0.0154196 -0.0127925 3.11485e-05 -0.00813836 -0.0154196 -0.00813836 8.91213e-05)
(8.56198e-05 -0.0128082 -0.0154199 -0.0128082 4.83546e-05 -0.00814507 -0.0154199 -0.00814507 5.40767e-05)
(5.25812e-05 -0.0127919 -0.015425 -0.0127919 2.49719e-05 -0.00812688 -0.015425 -0.00812688 5.37793e-05)
(-0.000144026 -0.012819 -0.0154549 -0.012819 9.05689e-05 -0.00810615 -0.0154549 -0.00810615 8.3026e-05)
(-2.76065e-05 -0.0128021 -0.0154418 -0.0128021 4.12646e-05 -0.00811371 -0.0154418 -0.00811371 7.27432e-05)
(5.74296e-05 -0.012792 -0.0154172 -0.012792 3.02837e-05 -0.00813511 -0.0154172 -0.00813511 0.000110076)
(8.21361e-05 -0.0128069 -0.0154246 -0.0128069 5.91437e-05 -0.00814728 -0.0154246 -0.00814728 4.45054e-05)
(3.96036e-05 -0.0127906 -0.0154168 -0.0127906 2.81564e-05 -0.0081177 -0.0154168 -0.0081177 9.37411e-05)
(-8.09454e-06 -0.0127915 -0.0154289 -0.0127915 3.73028e-05 -0.00811284 -0.0154289 -0.00811284 8.16702e-05)
(6.30637e-06 -0.0127926 -0.0154321 -0.0127926 3.03615e-05 -0.00811979 -0.0154321 -0.00811979 6.38141e-05)
(-1.75225e-06 -0.0127944 -0.0154351 -0.0127944 2.98458e-05 -0.00811785 -0.0154351 -0.00811785 7.07158e-05)
(0.000136746 -0.012812 -0.0154246 -0.012812 0.000103597 -0.00814912 -0.0154246 -0.00814912 3.6785e-05)
