/*--------------------------------*- C++ -*----------------------------------*\
  =========                 |
  \\      /  F ield         | OpenFOAM: The Open Source CFD Toolbox
   \\    /   O peration     | Website:  https://openfoam.org
    \\  /    A nd           | Version:  10
     \\/     M anipulation  |
\*---------------------------------------------------------------------------*/
FoamFile
{
    format      ascii;
    class       volTensorField;
    location    "13";
    object      TauNN;
}
// * * * * * * * * * * * * * * * * * * * * * * * * * * * * * * * * * * * * * //

dimensions      [0 2 -2 0 0 0 0];

internalField   nonuniform List<tensor> 
25600
(
(0.000181919 2.84724e-05 0.00011859 2.84724e-05 0.000180237 -2.83029e-06 0.00011859 -2.83029e-06 2.96422e-05)
(0.000135067 1.32881e-05 8.70973e-05 1.32881e-05 0.000155576 -1.50567e-05 8.70973e-05 -1.50567e-05 0.000119204)
(0.000148961 1.9433e-05 4.65401e-05 1.9433e-05 0.000165625 -3.88483e-05 4.65401e-05 -3.88483e-05 0.000153322)
(0.000172753 5.79096e-06 9.0369e-05 5.79096e-06 0.000158713 -5.52246e-05 9.0369e-05 -5.52246e-05 0.000105148)
(0.000250505 9.28063e-06 0.000203392 9.28063e-06 0.000151683 -5.53895e-05 0.000203392 -5.53895e-05 0.000197526)
(0.000321237 4.11067e-05 0.000246625 4.11067e-05 0.000150336 -4.80544e-05 0.000246625 -4.80544e-05 0.000317683)
(0.000305158 5.16279e-05 0.000188895 5.16279e-05 0.000157744 -4.28697e-05 0.000188895 -4.28697e-05 0.000229811)
(0.000248865 2.95658e-05 0.000141825 2.95658e-05 0.000176789 -3.37334e-05 0.000141825 -3.37334e-05 9.23811e-05)
(0.000205979 -5.54416e-06 0.000137137 -5.54416e-06 0.000185101 -1.21882e-05 0.000137137 -1.21882e-05 4.98185e-05)
(0.000210683 -2.53664e-05 0.000139077 -2.53664e-05 0.000192689 -6.11413e-06 0.000139077 -6.11413e-06 4.42243e-05)
(0.00024201 -2.16924e-05 0.000145484 -2.16924e-05 0.000179139 -1.91666e-05 0.000145484 -1.91666e-05 5.50752e-05)
(0.000294169 6.0603e-05 0.000183353 6.0603e-05 0.000188211 2.21003e-05 0.000183353 2.21003e-05 0.000147965)
(0.000338738 0.000131857 0.00024331 0.000131857 0.00026323 0.000114834 0.00024331 0.000114834 0.000288332)
(0.000332438 0.00014157 0.000212008 0.00014157 0.000336336 0.000145937 0.000212008 0.000145937 0.000302263)
(0.000253968 6.58501e-05 0.000124704 6.58501e-05 0.000390377 8.74111e-05 0.000124704 8.74111e-05 0.00014469)
(0.000140994 -9.12696e-08 6.79325e-05 -9.12696e-08 0.000325108 -5.65872e-05 6.79325e-05 -5.65872e-05 9.50108e-05)
(9.59395e-05 1.78311e-05 -5.29643e-06 1.78311e-05 0.000204881 -0.000148177 -5.29643e-06 -0.000148177 0.000281084)
(0.000142753 8.56724e-06 -6.28717e-05 8.56724e-06 0.000131072 -0.000126492 -6.28717e-05 -0.000126492 0.000490493)
(0.000174848 -5.66058e-06 -1.7751e-05 -5.66058e-06 0.00010044 -3.09832e-05 -1.7751e-05 -3.09832e-05 0.000374674)
(0.000187019 -9.20519e-06 0.000120336 -9.20519e-06 0.000120151 2.97194e-05 0.000120336 2.97194e-05 0.000150612)
(0.000262715 2.9631e-05 0.00016987 2.9631e-05 0.000164788 5.70063e-06 0.00016987 5.70063e-06 0.000165638)
(0.000303218 4.42518e-05 0.000158831 4.42518e-05 0.000176949 -4.32534e-05 0.000158831 -4.32534e-05 0.000183168)
(0.000243378 2.27662e-05 0.000148288 2.27662e-05 0.000176699 -3.06983e-05 0.000148288 -3.06983e-05 6.16049e-05)
(0.000215119 0.000115484 6.24768e-05 0.000115484 0.000299327 -5.5627e-05 6.24768e-05 -5.5627e-05 6.17202e-05)
(0.000277547 0.000255815 -3.31923e-06 0.000255815 0.000840361 -9.69395e-05 -3.31923e-06 -9.69395e-05 0.00016406)
(0.000327096 0.00014752 4.32748e-05 0.00014752 0.00111191 3.41656e-05 4.32748e-05 3.41656e-05 0.000171134)
(0.000323458 -4.09214e-05 8.10856e-05 -4.09214e-05 0.000538095 7.37654e-05 8.10856e-05 7.37654e-05 0.000112411)
(0.000298232 1.47242e-06 0.000129037 1.47242e-06 0.000248575 2.24728e-06 0.000129037 2.24728e-06 8.36593e-05)
(0.000302468 8.15652e-06 0.000222851 8.15652e-06 0.000374883 0.000101596 0.000222851 0.000101596 0.000256959)
(0.000262755 -7.36052e-05 0.000157434 -7.36052e-05 0.000484198 0.000230249 0.000157434 0.000230249 0.000456034)
(0.000191057 -0.000135104 8.53008e-05 -0.000135104 0.000353133 0.000166569 8.53008e-05 0.000166569 0.000415905)
(0.000170672 -9.11914e-05 7.78828e-05 -9.11914e-05 0.000276766 3.31663e-05 7.78828e-05 3.31663e-05 0.000197566)
(0.000225375 -1.06394e-05 0.000105398 -1.06394e-05 0.000299738 -2.42926e-05 0.000105398 -2.42926e-05 0.000135417)
(0.000260379 2.60342e-05 0.000116238 2.60342e-05 0.000320176 -2.92072e-05 0.000116238 -2.92072e-05 0.000150497)
(0.000286564 2.23741e-05 0.000120466 2.23741e-05 0.000301619 -4.33913e-05 0.000120466 -4.33913e-05 0.000136117)
(0.000323233 3.36301e-06 0.000131735 3.36301e-06 0.000283387 -6.36308e-05 0.000131735 -6.36308e-05 0.000118548)
(0.000408886 -4.05032e-06 0.000144172 -4.05032e-06 0.000299996 -0.000108718 0.000144172 -0.000108718 0.000170298)
(0.000495241 1.70721e-05 0.000131712 1.70721e-05 0.000337113 -0.000164633 0.000131712 -0.000164633 0.000297284)
(0.000431447 7.32131e-05 0.000115249 7.32131e-05 0.000274858 -0.000126285 0.000115249 -0.000126285 0.000291616)
(0.000297811 6.75889e-05 0.000113385 6.75889e-05 0.000221211 -5.59883e-05 0.000113385 -5.59883e-05 0.000124032)
(0.000377307 5.79441e-05 0.000212234 5.79441e-05 0.000197413 -5.31664e-05 0.000212234 -5.31664e-05 0.000170539)
(0.000261117 0.000116803 0.000144713 0.000116803 0.000242985 3.74615e-05 0.000144713 3.74615e-05 0.000112725)
(0.00020155 7.5127e-05 6.18938e-05 7.5127e-05 0.000414153 2.12155e-05 6.18938e-05 2.12155e-05 9.52495e-05)
(0.000186018 1.75461e-06 8.60691e-05 1.75461e-06 0.000362174 2.67373e-05 8.60691e-05 2.67373e-05 0.00010978)
(0.000178566 -3.10875e-06 0.000114837 -3.10875e-06 0.000197451 1.02539e-05 0.000114837 1.02539e-05 9.36912e-05)
(0.000185455 1.29733e-05 0.000104358 1.29733e-05 0.000165203 -3.20887e-05 0.000104358 -3.20887e-05 6.80277e-05)
(0.000160807 3.11537e-05 6.97961e-05 3.11537e-05 0.000191517 -5.09322e-05 6.97961e-05 -5.09322e-05 5.84292e-05)
(0.000126906 1.06273e-05 4.29582e-05 1.06273e-05 0.000247156 -9.97754e-05 4.29582e-05 -9.97754e-05 0.000140486)
(0.000136227 -3.09031e-05 7.23079e-05 -3.09031e-05 0.000236748 -0.000107418 7.23079e-05 -0.000107418 0.000220614)
(0.000151027 -4.2404e-05 0.000110865 -4.2404e-05 0.000161532 -9.71835e-06 0.000110865 -9.71835e-06 0.000186619)
(0.000202612 -7.14455e-05 0.00011103 -7.14455e-05 0.000223671 1.13677e-05 0.00011103 1.13677e-05 5.29489e-05)
(0.000405653 -9.70867e-05 0.000200661 -9.70867e-05 0.000287477 -0.000122516 0.000200661 -0.000122516 8.98776e-05)
(0.000609223 2.85003e-05 0.0003551 2.85003e-05 0.000229455 -0.00019915 0.0003551 -0.00019915 0.00053464)
(0.000646218 0.0001673 0.000410719 0.0001673 0.000186084 -0.000120254 0.000410719 -0.000120254 0.000840704)
(0.000358459 0.000145731 0.000261547 0.000145731 0.000193803 3.02289e-05 0.000261547 3.02289e-05 0.000329335)
(0.000109947 5.79832e-05 7.76155e-05 5.79832e-05 0.000176297 -3.22377e-05 7.76155e-05 -3.22377e-05 -1.44171e-05)
(9.60916e-05 9.35979e-07 9.98201e-05 9.35979e-07 7.7255e-05 -3.23085e-05 9.98201e-05 -3.23085e-05 0.00013645)
(0.000199112 7.56793e-06 0.000169354 7.56793e-06 0.00013322 6.95148e-05 0.000169354 6.95148e-05 0.000149778)
(0.000328871 5.74114e-05 0.000173231 5.74114e-05 0.00039451 -2.77916e-05 0.000173231 -2.77916e-05 5.6661e-05)
(0.000404664 8.38675e-05 0.000125537 8.38675e-05 0.000513805 -0.000113836 0.000125537 -0.000113836 8.9012e-05)
(0.000225739 2.18833e-05 0.000143399 2.18833e-05 0.000278587 9.70438e-06 0.000143399 9.70438e-06 2.4808e-05)
(0.00012864 4.06094e-05 3.69502e-05 4.06094e-05 0.000206338 -3.39234e-05 3.69502e-05 -3.39234e-05 0.000136578)
(0.000258857 0.000220736 -0.000134074 0.000220736 0.000386004 -0.000178727 -0.000134074 -0.000178727 0.000219334)
(0.000566035 0.00028283 0.000165246 0.00028283 0.000340831 -5.42365e-05 0.000165246 -5.42365e-05 0.00021435)
(0.000627093 0.000109058 0.000464724 0.000109058 9.00709e-05 -5.29643e-05 0.000464724 -5.29643e-05 0.000416233)
(0.000507401 0.000216565 5.79963e-05 0.000216565 0.000231704 -0.000215993 5.79963e-05 -0.000215993 0.000388863)
(0.000584091 0.000309459 2.9861e-05 0.000309459 0.000378904 -0.000109823 2.9861e-05 -0.000109823 0.000167634)
(0.000599105 0.000106673 0.000372922 0.000106673 0.000315692 6.59386e-05 0.000372922 6.59386e-05 0.000252597)
(0.000300777 -8.02893e-05 0.000271177 -8.02893e-05 0.00020657 -1.98297e-05 0.000271177 -1.98297e-05 0.000316843)
(0.000223741 -5.95674e-06 0.000110499 -5.95674e-06 0.00030987 -8.83453e-06 0.000110499 -8.83453e-06 0.000217607)
(0.000482246 0.000187808 0.000327142 0.000187808 0.000540188 0.000215687 0.000327142 0.000215687 0.000548748)
(0.000839674 0.000383403 0.000557391 0.000383403 0.000674963 0.000391361 0.000557391 0.000391361 0.0011518)
(0.00102791 0.000444567 0.000536496 0.000444567 0.000614863 0.0003783 0.000536496 0.0003783 0.0015903)
(0.000901804 0.000392987 0.000323785 0.000392987 0.000599447 0.000347568 0.000323785 0.000347568 0.0015178)
(0.000668368 0.000288839 0.000168105 0.000288839 0.000610739 0.000268687 0.000168105 0.000268687 0.000984607)
(0.000457688 0.000172518 9.84408e-05 0.000172518 0.000547972 0.000140635 9.84408e-05 0.000140635 0.000458572)
(0.000357024 0.00011954 8.04244e-05 0.00011954 0.000414939 3.14722e-05 8.04244e-05 3.14722e-05 0.000258015)
(0.000379862 6.8943e-05 0.000121247 6.8943e-05 0.000327944 -5.30845e-05 0.000121247 -5.30845e-05 0.000218148)
(0.00045577 -4.28408e-06 0.000185171 -4.28408e-06 0.000311084 -0.000124814 0.000185171 -0.000124814 0.000230999)
(0.000457147 -1.54329e-05 0.000221321 -1.54329e-05 0.000272053 -0.000130678 0.000221321 -0.000130678 0.000219766)
(0.000884318 0.000246373 0.000726026 0.000246373 0.000324257 0.000165686 0.000726026 0.000165686 0.0012475)
(0.0010701 0.000290294 0.000866581 0.000290294 0.000304402 0.000210462 0.000866581 0.000210462 0.00148189)
(0.000471867 0.000122895 0.000371587 0.000122895 0.00013841 6.46301e-05 0.000371587 6.46301e-05 0.000488474)
(0.00012345 1.60187e-05 0.000101777 1.60187e-05 8.71773e-05 -1.1608e-05 0.000101777 -1.1608e-05 1.49105e-05)
(0.000103982 9.89158e-06 0.000144542 9.89158e-06 0.000125112 -3.69642e-06 0.000144542 -3.69642e-06 6.9988e-05)
(0.000170577 3.7632e-05 0.00012213 3.7632e-05 0.000152754 -1.62739e-05 0.00012213 -1.62739e-05 -1.28066e-05)
(0.000369157 5.42179e-05 0.000230363 5.42179e-05 0.000170993 -0.000116849 0.000230363 -0.000116849 0.000298217)
(0.00042611 9.72413e-05 0.00021665 9.72413e-05 0.000165878 -0.000137043 0.00021665 -0.000137043 0.000427149)
(0.000386111 8.9718e-05 8.27229e-05 8.9718e-05 0.00019447 -5.04889e-05 8.27229e-05 -5.04889e-05 0.000215421)
(0.000355224 1.96788e-05 0.000118039 1.96788e-05 0.000236363 -1.49477e-05 0.000118039 -1.49477e-05 0.000122902)
(0.000275669 3.88706e-05 0.000147821 3.88706e-05 0.000309519 3.66103e-06 0.000147821 3.66103e-06 0.000114419)
(0.000281606 -9.39453e-05 0.000136412 -9.39453e-05 0.000606845 -1.17989e-05 0.000136412 -1.17989e-05 6.91786e-05)
(0.000463446 -0.000348226 0.000197696 -0.000348226 0.000816419 -0.000137582 0.000197696 -0.000137582 5.09653e-05)
(0.000470977 -0.000267399 0.000232223 -0.000267399 0.000444391 -0.000169954 0.000232223 -0.000169954 4.29705e-05)
(0.000289731 3.39383e-05 0.00019219 3.39383e-05 0.000120933 -3.21008e-05 0.00019219 -3.21008e-05 4.81394e-05)
(0.000271065 7.58395e-05 0.000139385 7.58395e-05 0.000144243 1.22609e-05 0.000139385 1.22609e-05 0.000178196)
(0.000541326 0.000186078 7.14045e-06 0.000186078 0.000256417 -0.000157415 7.14045e-06 -0.000157415 0.000392735)
(0.000663863 0.000283122 4.70877e-06 0.000283122 0.000536094 -0.000305425 4.70877e-06 -0.000305425 0.000417977)
(0.000481078 0.000100286 0.000107972 0.000100286 0.000624073 -0.0002018 0.000107972 -0.0002018 0.000239913)
(0.000303792 -8.27126e-05 0.00012933 -8.27126e-05 0.000398833 -6.55213e-05 0.00012933 -6.55213e-05 9.17419e-05)
(0.000437072 3.18559e-05 0.00013735 3.18559e-05 0.000283529 -4.5849e-05 0.00013735 -4.5849e-05 0.00011257)
(0.0005178 0.000125456 0.000288952 0.000125456 0.000202097 -7.54837e-06 0.000288952 -7.54837e-06 0.000243388)
(0.000386236 4.28632e-05 0.000295766 4.28632e-05 0.000127827 -0.000114839 0.000295766 -0.000114839 0.00028258)
(0.000706636 0.00019519 9.81605e-05 0.00019519 0.000949275 -0.000493421 9.81605e-05 -0.000493421 0.000423266)
(0.00124557 0.000377071 -2.39629e-05 0.000377071 0.00293243 -0.000762967 -2.39629e-05 -0.000762967 0.000742924)
(0.00140069 0.000232311 -0.000142831 0.000232311 0.00296366 -0.000831831 -0.000142831 -0.000831831 0.000861979)
(0.000906198 0.000161802 -0.000125322 0.000161802 0.00112542 -0.000481321 -0.000125322 -0.000481321 0.000555695)
(0.000466716 0.000127473 5.74533e-05 0.000127473 0.000338817 -0.000113612 5.74533e-05 -0.000113612 0.000355374)
(0.000387362 0.000109515 0.000200711 0.000109515 0.000266891 1.43116e-05 0.000200711 1.43116e-05 0.000336836)
(0.000324732 6.04335e-06 0.000209309 6.04335e-06 0.000245409 -3.44608e-05 0.000209309 -3.44608e-05 0.00018424)
(0.000285463 -0.000109102 0.000167694 -0.000109102 0.000391498 2.65846e-05 0.000167694 2.65846e-05 0.000119838)
(0.00027479 -0.000130421 9.1061e-05 -0.000130421 0.000490658 0.000197109 9.1061e-05 0.000197109 0.000286815)
(0.000239888 -9.72329e-05 7.76052e-05 -9.72329e-05 0.00045503 0.000127718 7.76052e-05 0.000127718 0.000291863)
(0.000237825 -9.76203e-05 0.000142099 -9.76203e-05 0.000290221 -8.1528e-05 0.000142099 -8.1528e-05 0.000123196)
(0.000344474 -1.85082e-05 0.000201046 -1.85082e-05 0.000212663 -0.000131435 0.000201046 -0.000131435 0.000174506)
(0.000352789 6.77966e-05 0.000153136 6.77966e-05 0.000193924 -8.47112e-05 0.000153136 -8.47112e-05 0.000184454)
(0.000254281 6.27134e-05 9.05842e-05 6.27134e-05 0.00020256 -3.90485e-05 9.05842e-05 -3.90485e-05 6.78631e-05)
(0.000236623 3.77679e-05 0.000131727 3.77679e-05 0.000228637 -1.0008e-05 0.000131727 -1.0008e-05 8.0821e-05)
(0.000243066 3.37772e-05 0.000125374 3.37772e-05 0.000223145 -1.72248e-05 0.000125374 -1.72248e-05 0.000117626)
(0.000427938 0.000118353 0.00028963 0.000118353 0.000269366 3.66513e-05 0.00028963 3.66513e-05 0.000462771)
(0.00048226 0.000129066 0.000330532 0.000129066 0.000280965 0.00011787 0.000330532 0.00011787 0.000437877)
(0.000176935 5.0121e-05 8.29278e-05 5.0121e-05 8.92243e-05 -6.21751e-06 8.29278e-05 -6.21751e-06 7.93806e-05)
(0.000115745 5.68973e-05 5.63972e-05 5.68973e-05 0.000121867 -1.79168e-05 5.63972e-05 -1.79168e-05 0.000139805)
(0.000121196 5.19156e-05 6.18417e-05 5.19156e-05 0.000204206 -7.20201e-05 6.18417e-05 -7.20201e-05 0.00013335)
(0.000122774 -6.3153e-06 0.000101567 -6.3153e-06 0.000161647 -3.80278e-05 0.000101567 -3.80278e-05 5.6115e-05)
(0.000169713 -7.55424e-05 0.000179713 -7.55424e-05 0.000199051 3.02866e-06 0.000179713 3.02866e-06 0.000189374)
(0.000339038 -0.000161748 0.00022397 -0.000161748 0.000387501 0.000173515 0.00022397 0.000173515 0.000554943)
(0.000531399 -0.000154735 0.000208883 -0.000154735 0.000794196 0.000227537 0.000208883 0.000227537 0.000364244)
(0.000575525 -1.15242e-05 0.000155833 -1.15242e-05 0.000668258 -0.000234091 0.000155833 -0.000234091 0.000207284)
(0.000580437 0.000166134 2.55788e-05 0.000166134 0.000376949 -0.000298301 2.55788e-05 -0.000298301 0.000687823)
(0.000601002 0.000144024 5.32437e-05 0.000144024 0.000530592 -8.49925e-06 5.32437e-05 -8.49925e-06 0.000509646)
(0.000369587 5.80326e-05 0.000126852 5.80326e-05 0.000554185 -3.69083e-06 0.000126852 -3.69083e-06 0.00019964)
(0.000346113 -1.15018e-06 8.39317e-05 -1.15018e-06 0.000316514 -4.88982e-05 8.39317e-05 -4.88982e-05 0.000126853)
(0.000753143 -0.000180076 0.000371752 -0.000180076 0.000347602 -1.95503e-05 0.000371752 -1.95503e-05 0.000291133)
(0.00077073 -0.000209913 0.000454206 -0.000209913 0.000357208 -0.00011366 0.000454206 -0.00011366 0.000348065)
(0.00046985 0.000132234 0.000150981 0.000132234 0.000467422 -0.000306387 0.000150981 -0.000306387 0.000312769)
(0.000601296 0.000342919 -3.83183e-05 0.000342919 0.000410848 -0.000275368 -3.83183e-05 -0.000275368 0.000451093)
(0.000595325 -9.00868e-06 5.05364e-05 -9.00868e-06 0.000525294 0.000170803 5.05364e-05 0.000170803 0.00067706)
(0.0012845 0.00068946 0.000514384 0.00068946 0.00275763 0.00116699 0.000514384 0.00116699 0.00176943)
(0.00193153 0.0012372 0.000897987 0.0012372 0.00330487 0.00140425 0.000897987 0.00140425 0.00250528)
(0.00145318 0.000630412 0.000926808 0.000630412 0.000955866 0.000581342 0.000926808 0.000581342 0.00217206)
(0.00101042 0.00022554 0.000218231 0.00022554 0.000615785 -0.00053474 0.000218231 -0.00053474 0.00147042)
(0.00120778 0.000372862 -2.79732e-05 0.000372862 0.00231029 -0.000888727 -2.79732e-05 -0.000888727 0.000986573)
(0.00113866 0.000421137 0.000343326 0.000421137 0.00312713 8.22786e-05 0.000343326 8.22786e-05 0.000702826)
(0.00101084 -0.00021733 -6.21108e-05 -0.00021733 0.00257512 0.00112059 -6.21108e-05 0.00112059 0.00141755)
(0.000677246 -0.000617954 -0.000526152 -0.000617954 0.00132763 0.0010469 -0.000526152 0.0010469 0.00155744)
(0.000355949 -0.000434621 -0.000157729 -0.000434621 0.000720112 0.000428594 -0.000157729 0.000428594 0.000508021)
(0.000360331 -9.61944e-05 0.000164147 -9.61944e-05 0.000761435 1.43396e-05 0.000164147 1.43396e-05 9.32796e-05)
(0.000633582 0.000271558 0.000181724 0.000271558 0.00105916 -7.53161e-05 0.000181724 -7.53161e-05 0.000288324)
(0.000641155 0.00035029 0.000297096 0.00035029 0.00136189 0.000198697 0.000297096 0.000198697 0.000456592)
(0.000464069 0.000105797 3.50298e-05 0.000105797 0.00144228 0.000681954 3.50298e-05 0.000681954 0.000985284)
(0.000427609 -0.00016106 -0.000357169 -0.00016106 0.00105618 0.000748083 -0.000357169 0.000748083 0.00144338)
(0.00030629 -0.000162361 -0.000267022 -0.000162361 0.000549175 0.000325741 -0.000267022 0.000325741 0.000933577)
(0.000233314 -0.000150998 -1.94339e-05 -0.000150998 0.000392721 9.3529e-05 -1.94339e-05 9.3529e-05 0.0003301)
(0.000260135 -0.000135457 0.000136239 -0.000135457 0.00042443 -2.48887e-05 0.000136239 -2.48887e-05 0.00014149)
(0.000283381 -6.93193e-05 0.000173769 -6.93193e-05 0.000502121 -6.10603e-05 0.000173769 -6.10603e-05 0.00014053)
(0.000314619 -7.15451e-05 0.000193033 -7.15451e-05 0.000714966 -5.77038e-05 0.000193033 -5.77038e-05 0.00014636)
(0.00030866 -0.000131601 0.000204109 -0.000131601 0.00046343 -0.000179179 0.000204109 -0.000179179 0.0001474)
(0.000440531 2.26749e-05 0.000353578 2.26749e-05 0.000204045 -7.45729e-05 0.000353578 -7.45729e-05 0.000422316)
(0.000604697 0.000173745 0.000448907 0.000173745 0.000301619 0.000108683 0.000448907 0.000108683 0.000671663)
(0.000806759 7.90646e-05 0.000467451 7.90646e-05 0.000274547 -0.000167994 0.000467451 -0.000167994 0.000959451)
(0.000217515 -8.55047e-06 0.000141286 -8.55047e-06 0.000148472 -7.81314e-05 0.000141286 -7.81314e-05 1.25716e-05)
(0.000147041 -3.52887e-05 1.36038e-05 -3.52887e-05 0.000156734 8.38805e-05 1.36038e-05 8.38805e-05 0.000117835)
(0.00011465 1.15028e-05 8.67434e-05 1.15028e-05 0.000139246 5.07729e-05 8.67434e-05 5.07729e-05 9.27913e-05)
(0.000198475 1.56956e-05 0.000141072 1.56956e-05 0.000154636 -2.31666e-05 0.000141072 -2.31666e-05 -2.98592e-06)
(0.000328919 -7.41342e-05 9.73307e-05 -7.41342e-05 0.000321646 9.60734e-05 9.73307e-05 9.60734e-05 0.000194685)
(0.000317415 -0.000128136 9.77274e-05 -0.000128136 0.000749996 0.000195763 9.77274e-05 0.000195763 0.000262182)
(0.000170076 -0.000173843 9.31378e-05 -0.000173843 0.000548914 -7.32355e-05 9.31378e-05 -7.32355e-05 0.000221262)
(0.000119445 -6.54813e-05 0.00019679 -6.54813e-05 0.000334633 -0.000188101 0.00019679 -0.000188101 0.000653074)
(0.000374598 -7.63386e-05 0.00018969 -7.63386e-05 0.000589013 1.35927e-05 0.00018969 1.35927e-05 0.00175027)
(0.000277971 2.47145e-05 7.98069e-05 2.47145e-05 0.000589647 -0.000270853 7.98069e-05 -0.000270853 0.00129408)
(0.000186752 8.90158e-06 4.57931e-06 8.90158e-06 0.000582703 -0.00029109 4.57931e-06 -0.00029109 0.000388854)
(0.000322778 1.02473e-05 0.00021364 1.02473e-05 0.000333875 0.000103433 0.00021364 0.000103433 0.000341382)
(0.000536817 7.41221e-05 0.000283249 7.41221e-05 0.000274477 -0.000122478 0.000283249 -0.000122478 0.000617029)
(0.000712178 -0.000100278 0.000196237 -0.000100278 0.00136911 -0.000578868 0.000196237 -0.000578868 0.000397027)
(0.00073272 -0.00016644 0.00026514 -0.00016644 0.00236541 -0.000365116 0.00026514 -0.000365116 0.000311425)
(0.000573187 -0.000185738 0.000218257 -0.000185738 0.000739536 -0.000323657 0.000218257 -0.000323657 0.000132616)
(0.00100797 0.000280173 0.0006375 0.000280173 0.000408408 0.000116362 0.0006375 0.000116362 0.000839107)
(0.00123652 0.000792583 0.000803094 0.000792583 0.00138753 0.000789362 0.000803094 0.000789362 0.00167134)
(0.000535658 0.000109392 2.97306e-05 0.000109392 0.00089518 0.000452581 2.97306e-05 0.000452581 0.00062075)
(0.000710843 -0.000114284 5.18616e-05 -0.000114284 0.000314673 4.13572e-05 5.18616e-05 4.13572e-05 0.00017967)
(0.00106452 0.000268964 8.46758e-05 0.000268964 0.000518524 -8.67713e-05 8.46758e-05 -8.67713e-05 0.000451084)
(0.000807823 0.000222396 -0.000121701 0.000222396 0.000556368 -0.000157475 -0.000121701 -0.000157475 0.000773607)
(0.000972432 0.000413259 0.000262193 0.000413259 0.00107598 0.000379536 0.000262193 0.000379536 0.00144836)
(0.000980287 0.000685981 0.000386095 0.000685981 0.00168067 0.00053279 0.000386095 0.00053279 0.00101501)
(0.00069759 0.000498911 0.000292614 0.000498911 0.00114697 0.000259562 0.000292614 0.000259562 0.000646535)
(0.000472453 0.00015363 0.000278179 0.00015363 0.000485765 0.000144283 0.000278179 0.000144283 0.000578107)
(0.000528378 0.00011148 0.000247264 0.00011148 0.000419027 8.46265e-05 0.000247264 8.46265e-05 0.000641596)
(0.000611959 0.000111022 0.000298176 0.000111022 0.000605606 0.000213533 0.000298176 0.000213533 0.000745504)
(0.000653471 0.000247091 0.000271568 0.000247091 0.00110122 0.000238562 0.000271568 0.000238562 0.000639945)
(0.000634879 0.000509363 0.000100746 0.000509363 0.00147378 2.53692e-06 0.000100746 2.53692e-06 0.000596574)
(0.000563048 0.00061397 -3.9706e-05 0.00061397 0.00156857 -0.000194014 -3.9706e-05 -0.000194014 0.000674072)
(0.000349999 0.000370002 -8.35918e-05 0.000370002 0.00111711 -0.00024131 -8.35918e-05 -0.00024131 0.000490529)
(0.00016346 8.23466e-05 -5.05615e-05 8.23466e-05 0.000514014 -0.000211404 -5.05615e-05 -0.000211404 0.00030233)
(9.62774e-05 -4.79585e-05 1.94917e-05 -4.79585e-05 0.000282832 -0.000146987 1.94917e-05 -0.000146987 0.000554428)
(0.000312147 -0.00014329 0.000135812 -0.00014329 0.000315006 0.000220635 0.000135812 0.000220635 0.00111165)
(0.000432822 -8.24891e-05 0.000139845 -8.24891e-05 0.000778745 0.000483803 0.000139845 0.000483803 0.000764756)
(0.000380351 -0.000213836 0.000170562 -0.000213836 0.000706293 -8.18036e-05 0.000170562 -8.18036e-05 9.02466e-05)
(0.00100006 -0.000176906 0.00035312 -0.000176906 0.0006311 -0.000468567 0.00035312 -0.000468567 0.000907458)
(0.00143389 4.41326e-05 0.000539672 4.41326e-05 0.000531442 -0.000421352 0.000539672 -0.000421352 0.00220219)
(0.00117854 0.000207289 0.000933392 0.000207289 0.000383759 9.00496e-06 0.000933392 9.00496e-06 0.00192221)
(0.000282986 2.98265e-05 0.000202635 2.98265e-05 0.000148815 -8.34744e-05 0.000202635 -8.34744e-05 0.000172547)
(0.000240522 -0.000102009 7.60341e-05 -0.000102009 0.000255454 0.000203609 7.60341e-05 0.000203609 0.000370789)
(0.000303484 -0.000179348 0.000152552 -0.000179348 0.00062717 0.000205263 0.000152552 0.000205263 0.000184578)
(0.00073295 -0.000107362 3.142e-05 -0.000107362 0.000771877 -0.000371534 3.142e-05 -0.000371534 0.000343961)
(0.00116232 0.000182735 0.000314942 0.000182735 0.000344985 -0.000108533 0.000314942 -0.000108533 0.00206393)
(0.00077904 0.000174203 0.000376482 0.000174203 0.00040481 0.00035018 0.000376482 0.00035018 0.00147192)
(0.00014637 -0.000172062 0.000100623 -0.000172062 0.000650217 8.19601e-05 0.000100623 8.19601e-05 0.000201839)
(0.00021316 -0.000228906 0.000235086 -0.000228906 0.000522632 -0.000565822 0.000235086 -0.000565822 0.00119439)
(0.000391704 -0.000156249 0.000244979 -0.000156249 0.000263128 -0.000185545 0.000244979 -0.000185545 0.00140572)
(0.000170204 -6.08666e-05 7.56048e-05 -6.08666e-05 0.000156559 1.04019e-05 7.56048e-05 1.04019e-05 0.000279289)
(0.00023395 -3.78061e-05 0.000159115 -3.78061e-05 0.000154337 -7.25128e-06 0.000159115 -7.25128e-06 0.000152423)
(0.000296017 -7.34841e-05 9.1251e-05 -7.34841e-05 0.000394207 -4.89801e-05 9.1251e-05 -4.89801e-05 0.000180065)
(0.000240644 -0.000105117 8.19983e-05 -0.000105117 0.000750125 -0.000172316 8.19983e-05 -0.000172316 0.000259217)
(0.000256852 -1.19535e-05 7.95927e-05 -1.19535e-05 0.000448606 -8.78396e-05 7.95927e-05 -8.78396e-05 0.000234031)
(0.00077747 8.79262e-05 8.28067e-05 8.79262e-05 0.0010167 -0.000311802 8.28067e-05 -0.000311802 0.000693763)
(0.00149918 -2.31443e-05 0.000288824 -2.31443e-05 0.00138215 -0.000578252 0.000288824 -0.000578252 0.00163369)
(0.00177691 -0.000368677 0.000496881 -0.000368677 0.00115393 -0.000713054 0.000496881 -0.000713054 0.00166027)
(0.00104102 -0.000484413 0.000217404 -0.000484413 0.00132652 -0.000526152 0.000217404 -0.000526152 0.000434362)
(0.000700014 3.39635e-05 0.000143791 3.39635e-05 0.00171011 0.000437641 0.000143791 0.000437641 0.000256682)
(0.000579954 9.57027e-06 0.00044067 9.57027e-06 0.000567113 0.000271983 0.00044067 0.000271983 0.00091694)
(0.000308851 -0.000233134 0.000416519 -0.000233134 0.000849497 -0.000703568 0.000416519 -0.000703568 0.00114389)
(0.000120169 0.000273725 -1.23959e-05 0.000273725 0.00228878 -0.000682545 -1.23959e-05 -0.000682545 0.000720395)
(0.000705832 0.000771265 0.000254959 0.000771265 0.00331041 0.000231318 0.000254959 0.000231318 0.000633552)
(0.00163301 0.000905857 0.000469657 0.000905857 0.0037821 0.00097801 0.000469657 0.00097801 0.0012312)
(0.00181484 0.000881336 0.000509206 0.000881336 0.00370318 0.0014 0.000509206 0.0014 0.00176122)
(0.00127057 0.000740874 0.000448 0.000740874 0.00355387 0.00122596 0.000448 0.00122596 0.00132975)
(0.000441565 0.000521714 0.000239642 0.000521714 0.002919 0.00046232 0.000239642 0.00046232 0.000541542)
(6.16342e-05 0.00015137 -2.55881e-05 0.00015137 0.00182904 -0.000303533 -2.55881e-05 -0.000303533 0.000503369)
(0.000104599 5.03752e-05 -5.47767e-05 5.03752e-05 0.00106113 -0.000370882 -5.47767e-05 -0.000370882 0.000473971)
(0.000246418 0.000228035 -4.06448e-05 0.000228035 0.00104942 -0.000114717 -4.06448e-05 -0.000114717 0.000290774)
(0.000331571 0.000354838 2.73064e-06 0.000354838 0.00109668 -9.73325e-06 2.73064e-06 -9.73325e-06 0.000304427)
(0.000165212 9.95696e-05 -7.23228e-05 9.95696e-05 0.000423194 -0.00019965 -7.23228e-05 -0.00019965 0.000346259)
(0.000209739 -3.2193e-05 -6.6245e-06 -3.2193e-05 0.000176418 -0.000165842 -6.6245e-06 -0.000165842 0.00083764)
(0.000355521 -0.00010021 0.000191111 -0.00010021 0.000195865 5.82635e-05 0.000191111 5.82635e-05 0.00101509)
(0.000695886 -5.8664e-05 0.000452435 -5.8664e-05 0.000435623 0.000266827 0.000452435 0.000266827 0.00111758)
(0.000662099 -0.000163923 0.000316065 -0.000163923 0.000499227 0.000324981 0.000316065 0.000324981 0.00158829)
(0.000391651 -9.95649e-05 -0.000207125 -9.95649e-05 0.000345142 0.000117823 -0.000207125 0.000117823 0.00137876)
(0.000384173 3.21595e-05 1.03461e-05 3.21595e-05 0.000325346 -8.09133e-05 1.03461e-05 -8.09133e-05 0.000299383)
(0.00121226 0.000175057 0.00090123 0.000175057 0.000409334 -4.54225e-05 0.00090123 -4.54225e-05 0.00158964)
(0.000466984 6.76727e-05 0.000288278 6.76727e-05 0.000258428 -5.72205e-06 0.000288278 -5.72205e-06 0.000326517)
(0.000988352 0.000107859 4.01493e-05 0.000107859 0.000589591 -0.000526838 4.01493e-05 -0.000526838 0.00113287)
(0.000948859 0.00026631 -3.08091e-05 0.00026631 0.00052588 -0.000438116 -3.08091e-05 -0.000438116 0.00121359)
(0.000511685 0.000176006 0.00010817 0.000176006 0.000356091 -0.00014393 0.00010817 -0.00014393 0.000317346)
(0.000301091 -4.99571e-05 0.000169759 -4.99571e-05 0.000418646 -3.82364e-05 0.000169759 -3.82364e-05 8.09692e-05)
(0.000383801 -0.000351286 0.000115382 -0.000351286 0.000548489 2.97502e-05 0.000115382 2.97502e-05 4.86936e-05)
(0.000692982 -0.000412892 3.64529e-05 -0.000412892 0.000691246 0.000241862 3.64529e-05 0.000241862 0.000339275)
(0.000419413 -7.17994e-05 6.27646e-05 -7.17994e-05 0.000286739 0.000173574 6.27646e-05 0.000173574 0.000690693)
(0.000267119 -4.94141e-05 0.000266884 -4.94141e-05 0.000157614 3.04552e-05 0.000266884 3.04552e-05 0.000898735)
(0.000287344 -9.25465e-05 0.000143341 -9.25465e-05 0.000304462 -0.000246247 0.000143341 -0.000246247 0.000756072)
(0.000387763 0.000175362 5.81071e-05 0.000175362 0.00133781 -1.15903e-05 5.81071e-05 -1.15903e-05 0.000504807)
(0.000559166 0.000472127 0.000285162 0.000472127 0.00121842 0.000358881 0.000285162 0.000358881 0.000509314)
(0.000695502 0.000527608 0.000427958 0.000527608 0.00118558 0.000452106 0.000427958 0.000452106 0.000711061)
(0.000539372 0.000114665 0.000121439 0.000114665 0.000796269 0.000332328 0.000121439 0.000332328 0.000679784)
(0.000866273 5.64288e-05 -0.000385072 5.64288e-05 0.000824516 0.000200695 -0.000385072 0.000200695 0.00112391)
(0.0013929 0.000301223 -0.000379425 0.000301223 0.00163866 0.00105504 -0.000379425 0.00105504 0.00290247)
(0.00164696 0.000892806 0.000519596 0.000892806 0.00180072 0.00102683 0.000519596 0.00102683 0.00290382)
(0.00139 0.000601851 0.000623215 0.000601851 0.000719206 0.000191255 0.000623215 0.000191255 0.00110884)
(0.000526656 -0.00021594 0.000210803 -0.00021594 0.000450382 -0.000107213 0.000210803 -0.000107213 8.9894e-05)
(0.000628999 -0.000314483 0.00025532 -0.000314483 0.00156087 -0.000267437 0.00025532 -0.000267437 0.000173044)
(0.000761474 -2.80244e-05 0.000110511 -2.80244e-05 0.000858906 -0.000585139 0.000110511 -0.000585139 0.000564519)
(0.000520456 0.000109854 0.0002289 0.000109854 0.000249949 6.5146e-05 0.0002289 6.5146e-05 0.000717507)
(0.000348371 0.000137893 0.000210419 0.000137893 0.000374484 8.01748e-05 0.000210419 8.01748e-05 0.000263449)
(0.000392141 0.000242779 0.000123319 0.000242779 0.000527645 -8.52216e-05 0.000123319 -8.52216e-05 0.000296208)
(0.00076872 0.00042212 0.00036302 0.00042212 0.00104132 6.18873e-05 0.00036302 6.18873e-05 0.000781116)
(0.00126077 0.000681261 0.00070495 0.000681261 0.00196704 0.000778481 0.00070495 0.000778481 0.00182523)
(0.00110783 0.000544737 0.000393322 0.000544737 0.00218159 0.00119372 0.000393322 0.00119372 0.00181262)
(0.000715402 0.000115382 9.75961e-05 0.000115382 0.000905555 0.000614368 9.75961e-05 0.000614368 0.00126222)
(0.000840737 0.000178521 8.34465e-06 0.000178521 0.000580221 0.000347787 8.34465e-06 0.000347787 0.00151738)
(0.00116545 0.000426193 0.00033186 0.000426193 0.000906759 0.000555936 0.00033186 0.000555936 0.00220975)
(0.00150974 0.000811383 0.000772038 0.000811383 0.00153073 0.000795567 0.000772038 0.000795567 0.00193343)
(0.000876511 0.000501343 0.000455685 0.000501343 0.0009366 0.000415606 0.000455685 0.000415606 0.000883609)
(0.000380586 0.000132335 0.00011637 0.000132335 0.0003942 7.16932e-05 0.00011637 7.16932e-05 0.000320646)
(0.00036769 5.22379e-05 4.65987e-05 5.22379e-05 0.000336072 -6.34324e-05 4.65987e-05 -6.34324e-05 0.000206767)
(0.000525995 0.000123012 0.000107649 0.000123012 0.000563327 -0.00012162 0.000107649 -0.00012162 0.000248092)
(0.000487982 0.000143562 0.00025641 0.000143562 0.000881396 0.000133179 0.00025641 0.000133179 0.000349707)
(0.000342606 -9.31779e-05 7.13486e-05 -9.31779e-05 0.00045022 0.000305369 7.13486e-05 0.000305369 0.000739696)
(0.000504048 0.000258474 -0.000415063 0.000258474 0.000532111 -0.000412409 -0.000415063 -0.000412409 0.00113406)
(0.000456875 0.000722282 -0.000357005 0.000722282 0.00205133 -0.000691031 -0.000357005 -0.000691031 0.000983347)
(0.000572805 0.000717675 -5.17955e-05 0.000717675 0.00159005 -0.000107246 -5.17955e-05 -0.000107246 0.000392834)
(0.000823996 0.00048476 0.000265582 0.00048476 0.0017661 -0.00044728 0.000265582 -0.00044728 0.000595263)
(0.00203623 0.000296071 -4.76763e-05 0.000296071 0.00109077 -0.00110444 -4.76763e-05 -0.00110444 0.0035592)
(0.00256303 0.000390964 0.000593299 0.000390964 0.000810295 -0.000290003 0.000593299 -0.000290003 0.00503667)
(0.0012928 0.0003994 0.0003806 0.0003994 0.00048508 7.58348e-05 0.0003806 7.58348e-05 0.00231426)
(0.000455466 8.85893e-05 0.000123097 8.85893e-05 0.000316976 -7.90879e-05 0.000123097 -7.90879e-05 0.000350208)
(0.000394298 -0.000130201 0.000141529 -0.000130201 0.000576372 -0.000165799 0.000141529 -0.000165799 2.11329e-05)
(0.000636075 -0.000293339 0.000152742 -0.000293339 0.00144461 -0.000111889 0.000152742 -0.000111889 5.4152e-05)
(0.000482842 9.34973e-05 -6.79567e-05 9.34973e-05 0.00156441 0.000428389 -6.79567e-05 0.000428389 0.000540141)
(0.000416916 0.000243268 -0.000178801 0.000243268 0.00091504 0.000519739 -0.000178801 0.000519739 0.00122198)
(0.000228919 0.000112421 -0.000207346 0.000112421 0.000292873 1.26045e-05 -0.000207346 1.26045e-05 0.000701771)
(0.000238345 0.000288907 -2.55089e-06 0.000288907 0.000733464 -8.858e-05 -2.55089e-06 -8.858e-05 4.8363e-05)
(0.000639255 0.00022022 2.55099e-05 0.00022022 0.000992988 0.000392973 2.55099e-05 0.000392973 0.000973408)
(0.00103324 0.000405279 -0.000206824 0.000405279 0.00062435 5.64009e-06 -0.000206824 5.64009e-06 0.00207973)
(0.000733891 0.000199503 -0.000153839 0.000199503 0.000587762 -0.00031387 -0.000153839 -0.00031387 0.000599842)
(0.000212266 -0.000161208 8.90475e-05 -0.000161208 0.000377002 0.000176019 8.90475e-05 0.000176019 0.000632621)
(0.000150994 0.000523691 0.000194967 0.000523691 0.00312595 -0.000861722 0.000194967 -0.000861722 0.000962218)
(0.00220991 0.000610276 0.000509294 0.000610276 0.00525188 0.000343626 0.000509294 0.000343626 0.00154247)
(0.000787546 0.000508245 9.52017e-05 0.000508245 0.00213552 0.000515963 9.52017e-05 0.000515963 0.000501587)
(0.000341889 2.53981e-05 0.000101354 2.53981e-05 0.000422915 -9.80785e-05 0.000101354 -9.80785e-05 0.000287863)
(0.000463763 -2.73725e-05 0.000197886 -2.73725e-05 0.00064016 -3.41469e-05 0.000197886 -3.41469e-05 0.00037867)
(0.000405101 -1.06664e-05 0.00017836 -1.06664e-05 0.000460127 0.000130865 0.00017836 0.000130865 0.000366704)
(0.000428141 0.000377854 -0.000283269 0.000377854 0.000941151 -0.000282462 -0.000283269 -0.000282462 0.000660162)
(0.000360014 0.000391425 -0.000348091 0.000391425 0.00095965 -0.000595978 -0.000348091 -0.000595978 0.000889194)
(0.000393907 0.00021615 0.000140308 0.00021615 0.000293101 8.93045e-06 0.000140308 8.93045e-06 0.000217482)
(0.00164678 -0.000181894 0.000347665 -0.000181894 0.00130774 -0.00103541 0.000347665 -0.00103541 0.00183841)
(0.00230714 -8.88258e-05 0.000645295 -8.88258e-05 0.00357623 -0.00213152 0.000645295 -0.00213152 0.00310492)
(0.00200315 0.000155956 0.000498466 0.000155956 0.0047651 -0.00252524 0.000498466 -0.00252524 0.00336699)
(0.00186859 0.000104771 9.16002e-05 0.000104771 0.00397614 -0.00225359 9.16002e-05 -0.00225359 0.00285761)
(0.00151698 0.000331171 -8.68225e-05 0.000331171 0.000653456 -0.000622949 -8.68225e-05 -0.000622949 0.0025176)
(0.00182699 0.000934171 0.000648433 0.000934171 0.00215285 0.00140104 0.000648433 0.00140104 0.0032181)
(0.00218642 0.0012413 0.000541974 0.0012413 0.00393582 0.00119003 0.000541974 0.00119003 0.00154451)
(0.000684262 0.000476932 0.000197241 0.000476932 0.00226677 0.000381258 0.000197241 0.000381258 0.000718891)
(0.000540145 0.000146315 0.000119384 0.000146315 0.00146129 0.000352028 0.000119384 0.000352028 0.000585257)
(0.000539556 2.42302e-05 4.67245e-06 2.42302e-05 0.000863335 0.000197111 4.67245e-06 0.000197111 0.000476419)
(0.000520561 -7.39405e-05 6.94022e-06 -7.39405e-05 0.000729118 5.13718e-05 6.94022e-06 5.13718e-05 0.000320852)
(0.000406568 -0.000116437 0.000381976 -0.000116437 0.000602577 -6.72536e-05 0.000381976 -6.72536e-05 0.000665838)
(0.000551481 -9.07537e-05 -0.000238614 -9.07537e-05 0.000586042 -0.000117862 -0.000238614 -0.000117862 0.00223889)
(0.00127126 -6.67758e-07 -0.00127803 -6.67758e-07 0.000551454 -0.000129063 -0.00127803 -0.000129063 0.00293542)
(0.00123434 -0.000341783 -0.00105388 -0.000341783 0.000297043 0.000533381 -0.00105388 0.000533381 0.00241873)
(0.00113634 -0.000156427 -2.7407e-05 -0.000156427 0.00120436 0.00108857 -2.7407e-05 0.00108857 0.00145392)
(0.00125495 -0.000867551 -0.000636043 -0.000867551 0.00208703 0.00151494 -0.000636043 0.00151494 0.00255083)
(0.0005449 0.000504139 2.40514e-05 0.000504139 0.00117876 -6.17001e-06 2.40514e-05 -6.17001e-06 0.000199875)
(0.0025563 0.00123774 0.000749262 0.00123774 0.00365975 0.00202833 0.000749262 0.00202833 0.00374912)
(0.00274296 0.000926017 0.000304427 0.000926017 0.00422983 0.00217049 0.000304427 0.00217049 0.00320964)
(0.000277585 -8.41701e-05 0.00012353 -8.41701e-05 0.000734071 -0.000165761 0.00012353 -0.000165761 0.000274872)
(0.000657918 -0.000204455 -4.63333e-05 -0.000204455 0.000832078 0.000714451 -4.63333e-05 0.000714451 0.00186876)
(0.000993094 -0.000161266 -0.000700331 -0.000161266 0.00277853 0.00151583 -0.000700331 0.00151583 0.00252679)
(0.000964229 5.26989e-05 -0.000569122 5.26989e-05 0.00156528 0.00080556 -0.000569122 0.00080556 0.00231971)
(0.000338194 0.000121216 -5.02896e-05 0.000121216 0.000333847 -1.05798e-05 -5.02896e-05 -1.05798e-05 0.000716849)
(0.000561213 -0.000354546 0.000204485 -0.000354546 0.00107894 -0.000136143 0.000204485 -0.000136143 9.62482e-05)
(0.00182513 -0.000719887 0.000195809 -0.000719887 0.0028956 -0.00122099 0.000195809 -0.00122099 0.00139341)
(0.000983519 0.000405995 0.000159262 0.000405995 0.000554034 0.00031116 0.000159262 0.00031116 0.00189009)
(0.00102742 0.000312801 0.000138736 0.000312801 0.00207147 0.000895172 0.000138736 0.000895172 0.00116313)
(0.000344142 -0.000143065 6.56629e-05 -0.000143065 0.000899808 0.000141074 6.56629e-05 0.000141074 4.92945e-05)
(0.000101368 -0.000328944 0.000138781 -0.000328944 0.000561958 -0.000357948 0.000138781 -0.000357948 0.0024871)
(0.00106648 -0.000925377 -0.000277848 -0.000925377 0.0012334 6.71018e-06 -0.000277848 6.71018e-06 0.00690651)
(0.00176623 -0.000468895 0.00025015 -0.000468895 0.00165933 0.00082562 0.00025015 0.00082562 0.00674524)
(0.00265135 0.000777546 8.75536e-06 0.000777546 0.00382637 0.00222246 8.75536e-06 0.00222246 0.00403801)
(0.000812908 0.000173708 0.000139223 0.000173708 0.00315693 0.000628107 0.000139223 0.000628107 0.000681353)
(0.000693187 -0.000112035 0.000204597 -0.000112035 0.000663608 -0.000201021 0.000204597 -0.000201021 0.000549303)
(0.000929921 0.00034505 0.000590991 0.00034505 0.00053981 0.000190541 0.000590991 0.000190541 0.000775164)
(0.000308242 0.000406973 -0.000228916 0.000406973 0.000647266 -0.000241899 -0.000228916 -0.000241899 0.000305326)
(0.000201409 -5.05419e-05 6.3627e-05 -5.05419e-05 0.000138025 -0.000247408 6.3627e-05 -0.000247408 0.00108544)
(0.000921361 0.000816902 0.000462912 0.000816902 0.00187588 0.000488889 0.000462912 0.000488889 0.000562184)
(0.00218633 2.04584e-05 -0.00014476 2.04584e-05 0.00686308 -0.00157407 -0.00014476 -0.00157407 0.00233869)
(0.00377414 -0.000203809 -9.63435e-05 -0.000203809 0.00840739 -0.0027071 -9.63435e-05 -0.0027071 0.00373528)
(0.00311757 -0.000737004 -5.74579e-05 -0.000737004 0.00785785 -0.00244849 -5.74579e-05 -0.00244849 0.00300139)
(0.00248051 -0.0011951 0.000327442 -0.0011951 0.00392164 -0.00189795 0.000327442 -0.00189795 0.00212673)
(0.00418601 -0.000299915 0.00148628 -0.000299915 0.0013501 -0.000649475 0.00148628 -0.000649475 0.00499527)
(0.0060374 -0.000788828 0.00174847 -0.000788828 0.00265018 -0.00155351 0.00174847 -0.00155351 0.00679607)
(0.00340052 -0.000616225 0.000452401 -0.000616225 0.00551523 -0.00236991 0.000452401 -0.00236991 0.00397933)
(0.00184583 0.000275434 -8.70302e-05 0.000275434 0.00302137 -0.00143265 -8.70302e-05 -0.00143265 0.00180503)
(0.00142646 0.000473272 -3.81432e-05 0.000473272 0.00101935 -0.00110267 -3.81432e-05 -0.00110267 0.00205705)
(0.00168654 0.000395196 0.000270879 0.000395196 0.000605413 -0.00059614 0.000270879 -0.00059614 0.00347804)
(0.00185048 0.000235456 0.000233315 0.000235456 0.00237131 0.00117944 0.000233315 0.00117944 0.0029509)
(0.001562 0.000284197 9.56655e-06 0.000284197 0.00391153 0.000658132 9.56655e-06 0.000658132 0.000893894)
