/*--------------------------------*- C++ -*----------------------------------*\
  =========                 |
  \\      /  F ield         | OpenFOAM: The Open Source CFD Toolbox
   \\    /   O peration     | Website:  https://openfoam.org
    \\  /    A nd           | Version:  10
     \\/     M anipulation  |
\*---------------------------------------------------------------------------*/
FoamFile
{
    format      ascii;
    class       volTensorField;
    location    "40";
    object      TauNN;
}
// * * * * * * * * * * * * * * * * * * * * * * * * * * * * * * * * * * * * * //

dimensions      [0 2 -2 0 0 0 0];

internalField   nonuniform List<tensor> 
25600
(
(1.81241e-05 -0.0127896 -0.0154205 -0.0127896 2.92663e-05 -0.00812202 -0.0154205 -0.00812202 0.000109132)
(3.9234e-05 -0.0127928 -0.0154222 -0.0127928 3.00619e-05 -0.00812777 -0.0154222 -0.00812777 0.000117709)
(2.46848e-05 -0.0127894 -0.0154245 -0.0127894 2.89228e-05 -0.00812134 -0.0154245 -0.00812134 6.8889e-05)
(2.85985e-05 -0.0127881 -0.0154253 -0.0127881 2.6536e-05 -0.00812369 -0.0154253 -0.00812369 6.42008e-05)
(7.54357e-05 -0.0127911 -0.0154118 -0.0127911 2.67715e-05 -0.0081263 -0.0154118 -0.0081263 8.14843e-05)
(2.33657e-05 -0.0127876 -0.0154214 -0.0127876 2.52339e-05 -0.00812432 -0.0154214 -0.00812432 8.49458e-05)
(3.88491e-05 -0.0127895 -0.0154358 -0.0127895 2.57675e-05 -0.00813262 -0.0154358 -0.00813262 4.32796e-05)
(4.612e-05 -0.0127912 -0.0154381 -0.0127912 2.5382e-05 -0.0081336 -0.0154381 -0.0081336 4.24822e-05)
(2.95629e-05 -0.0127893 -0.0154305 -0.0127893 2.56348e-05 -0.0081233 -0.0154305 -0.0081233 9.4998e-05)
(8.84864e-07 -0.0127894 -0.0154319 -0.0127894 2.39961e-05 -0.00812247 -0.0154319 -0.00812247 5.69166e-05)
(-1.30971e-06 -0.0127896 -0.015426 -0.0127896 2.85822e-05 -0.00811649 -0.015426 -0.00811649 8.36256e-05)
(7.24928e-05 -0.0127953 -0.0154118 -0.0127953 3.08691e-05 -0.00813709 -0.0154118 -0.00813709 9.39514e-05)
(4.22411e-05 -0.0127934 -0.0154386 -0.0127934 2.47878e-05 -0.00813274 -0.0154386 -0.00813274 3.50126e-05)
(4.48078e-05 -0.0127903 -0.0154177 -0.0127903 2.84893e-05 -0.00812066 -0.0154177 -0.00812066 8.17574e-05)
(3.99606e-05 -0.0127903 -0.0154226 -0.0127903 2.28405e-05 -0.0081267 -0.0154226 -0.0081267 6.48423e-05)
(-2.69048e-05 -0.0127989 -0.0154438 -0.0127989 3.6868e-05 -0.0081255 -0.0154438 -0.0081255 4.64842e-05)
(-6.11726e-06 -0.0127969 -0.0154468 -0.0127969 3.49132e-05 -0.00813499 -0.0154468 -0.00813499 4.69016e-05)
(1.53525e-05 -0.0127884 -0.0154246 -0.0127884 2.42731e-05 -0.00812124 -0.0154246 -0.00812124 6.60452e-05)
(1.73178e-05 -0.0127902 -0.0154248 -0.0127902 2.71754e-05 -0.00812129 -0.0154248 -0.00812129 9.91253e-05)
(3.28872e-05 -0.0127856 -0.0154291 -0.0127856 2.11336e-05 -0.00812945 -0.0154291 -0.00812945 4.94885e-05)
(5.54869e-05 -0.012788 -0.0154131 -0.012788 2.82663e-05 -0.00812065 -0.0154131 -0.00812065 8.09589e-05)
(7.53342e-05 -0.0127885 -0.0154115 -0.0127885 2.82713e-05 -0.00812293 -0.0154115 -0.00812293 8.28603e-05)
(8.79886e-06 -0.0127906 -0.0154345 -0.0127906 3.18183e-05 -0.00812562 -0.0154345 -0.00812562 5.38521e-05)
(-4.13893e-06 -0.0127926 -0.0154303 -0.0127926 2.92717e-05 -0.00811601 -0.0154303 -0.00811601 7.8632e-05)
(-6.87854e-06 -0.0127912 -0.0154325 -0.0127912 2.64698e-05 -0.00812075 -0.0154325 -0.00812075 5.79289e-05)
(3.92071e-05 -0.0127883 -0.0154236 -0.0127883 2.35182e-05 -0.00812664 -0.0154236 -0.00812664 5.73263e-05)
(5.43422e-05 -0.0127913 -0.0154204 -0.0127913 2.38093e-05 -0.00812898 -0.0154204 -0.00812898 5.44958e-05)
(7.64303e-05 -0.0127939 -0.0154119 -0.0127939 2.51495e-05 -0.00812847 -0.0154119 -0.00812847 6.32958e-05)
(4.5697e-05 -0.0127894 -0.0154143 -0.0127894 2.81446e-05 -0.00812991 -0.0154143 -0.00812991 0.000105971)
(5.75057e-05 -0.0127884 -0.0154292 -0.0127884 4.23527e-05 -0.00814392 -0.0154292 -0.00814392 4.98248e-05)
(3.41938e-05 -0.0127872 -0.0154175 -0.0127872 2.21125e-05 -0.00813031 -0.0154175 -0.00813031 6.67323e-05)
(-3.78433e-07 -0.0127888 -0.0154266 -0.0127888 2.65228e-05 -0.00811806 -0.0154266 -0.00811806 6.97165e-05)
(9.06532e-06 -0.0127937 -0.0154402 -0.0127937 2.45333e-05 -0.00812999 -0.0154402 -0.00812999 3.51444e-05)
(1.25365e-06 -0.0128003 -0.0154315 -0.0128003 4.85021e-05 -0.00810745 -0.0154315 -0.00810745 0.000101973)
(9.85371e-05 -0.0127895 -0.0154084 -0.0127895 3.07679e-05 -0.00812261 -0.0154084 -0.00812261 7.6969e-05)
(-9.80194e-06 -0.0127959 -0.01544 -0.0127959 2.90426e-05 -0.00812401 -0.01544 -0.00812401 4.61813e-05)
(2.57113e-05 -0.0127985 -0.0154284 -0.0127985 3.51922e-05 -0.00811595 -0.0154284 -0.00811595 0.000106966)
(3.1785e-05 -0.012789 -0.015423 -0.012789 3.15304e-05 -0.00812235 -0.015423 -0.00812235 6.95423e-05)
(3.82475e-06 -0.0127893 -0.0154355 -0.0127893 2.27692e-05 -0.00812383 -0.0154355 -0.00812383 4.69703e-05)
(3.44167e-05 -0.0127888 -0.0154191 -0.0127888 2.6742e-05 -0.00812445 -0.0154191 -0.00812445 8.9207e-05)
(5.58845e-05 -0.0127925 -0.0154205 -0.0127925 3.06029e-05 -0.00811965 -0.0154205 -0.00811965 8.07022e-05)
(5.38413e-05 -0.0127923 -0.0154141 -0.0127923 3.05145e-05 -0.00812331 -0.0154141 -0.00812331 0.00011314)
(7.50382e-07 -0.0127918 -0.0154273 -0.0127918 2.87359e-05 -0.00811444 -0.0154273 -0.00811444 8.5626e-05)
(-2.99804e-06 -0.0127921 -0.015427 -0.0127921 3.49521e-05 -0.00811382 -0.015427 -0.00811382 8.21505e-05)
(3.1541e-05 -0.0127876 -0.0154251 -0.0127876 2.16687e-05 -0.00812882 -0.0154251 -0.00812882 5.79098e-05)
(2.24288e-05 -0.0127837 -0.0154312 -0.0127837 1.83132e-05 -0.00812863 -0.0154312 -0.00812863 4.88173e-05)
(4.53318e-05 -0.0127895 -0.0154239 -0.0127895 2.61921e-05 -0.00812501 -0.0154239 -0.00812501 6.47283e-05)
(8.13834e-05 -0.0127992 -0.0154255 -0.0127992 2.81882e-05 -0.00813339 -0.0154255 -0.00813339 5.02799e-05)
(1.80441e-05 -0.0127871 -0.0154288 -0.0127871 1.96874e-05 -0.00812541 -0.0154288 -0.00812541 5.5741e-05)
(2.38279e-05 -0.0127904 -0.0154255 -0.0127904 2.89665e-05 -0.00812022 -0.0154255 -0.00812022 7.32978e-05)
(1.30743e-05 -0.0127913 -0.0154272 -0.0127913 2.63022e-05 -0.00811742 -0.0154272 -0.00811742 8.45739e-05)
(6.93812e-06 -0.0127887 -0.0154311 -0.0127887 2.25463e-05 -0.00812014 -0.0154311 -0.00812014 7.82969e-05)
(4.76204e-05 -0.0127912 -0.0154243 -0.0127912 2.47813e-05 -0.00812726 -0.0154243 -0.00812726 5.64817e-05)
(6.34523e-05 -0.0127906 -0.01541 -0.0127906 2.70535e-05 -0.0081264 -0.01541 -0.0081264 9.90327e-05)
(0.000106649 -0.0128069 -0.0154191 -0.0128069 3.46897e-05 -0.00813682 -0.0154191 -0.00813682 4.96887e-05)
(5.54995e-05 -0.0127926 -0.0154207 -0.0127926 2.48926e-05 -0.00813098 -0.0154207 -0.00813098 6.08883e-05)
(2.10869e-05 -0.0127863 -0.0154368 -0.0127863 1.84165e-05 -0.00812387 -0.0154368 -0.00812387 5.06514e-05)
(1.67677e-05 -0.0127906 -0.0154333 -0.0127906 2.41267e-05 -0.00812548 -0.0154333 -0.00812548 4.96167e-05)
(3.19706e-05 -0.0127893 -0.0154267 -0.0127893 2.50412e-05 -0.00812596 -0.0154267 -0.00812596 5.69157e-05)
(4.80663e-05 -0.012791 -0.0154284 -0.012791 3.47884e-05 -0.00812323 -0.0154284 -0.00812323 6.55574e-05)
(3.18339e-05 -0.0127908 -0.0154252 -0.0127908 3.17354e-05 -0.00812024 -0.0154252 -0.00812024 6.97225e-05)
(1.91513e-06 -0.0127947 -0.0154284 -0.0127947 3.40515e-05 -0.00811358 -0.0154284 -0.00811358 0.000101328)
(2.86999e-05 -0.0127884 -0.015426 -0.0127884 2.11867e-05 -0.00812872 -0.015426 -0.00812872 4.55755e-05)
(4.69644e-05 -0.0127914 -0.0154223 -0.0127914 2.52179e-05 -0.00813363 -0.0154223 -0.00813363 5.97675e-05)
(-1.90751e-05 -0.0127987 -0.0154393 -0.0127987 3.66157e-05 -0.00811099 -0.0154393 -0.00811099 8.03605e-05)
(3.07356e-05 -0.0127867 -0.0154297 -0.0127867 1.9866e-05 -0.00812996 -0.0154297 -0.00812996 4.2048e-05)
(3.90962e-05 -0.0127888 -0.0154196 -0.0127888 2.24633e-05 -0.00812804 -0.0154196 -0.00812804 6.51401e-05)
(4.15893e-05 -0.0127902 -0.0154232 -0.0127902 2.36037e-05 -0.00813166 -0.0154232 -0.00813166 4.8081e-05)
(7.90604e-05 -0.0127955 -0.0154171 -0.0127955 4.22856e-05 -0.00814758 -0.0154171 -0.00814758 0.000104754)
(3.13447e-05 -0.0127906 -0.015421 -0.0127906 2.70204e-05 -0.00812499 -0.015421 -0.00812499 0.000109752)
(0.00011693 -0.0127976 -0.0154088 -0.0127976 2.71249e-05 -0.00812875 -0.0154088 -0.00812875 6.63412e-05)
(5.96456e-05 -0.0127927 -0.0154204 -0.0127927 2.66346e-05 -0.00813277 -0.0154204 -0.00813277 5.48892e-05)
(3.33363e-05 -0.012787 -0.0154258 -0.012787 2.30799e-05 -0.0081325 -0.0154258 -0.0081325 5.17574e-05)
(-2.46412e-07 -0.0127926 -0.0154319 -0.0127926 3.07729e-05 -0.0081195 -0.0154319 -0.0081195 6.78721e-05)
(3.03019e-05 -0.0127852 -0.015426 -0.0127852 2.22196e-05 -0.00812962 -0.015426 -0.00812962 7.03936e-05)
(9.36803e-05 -0.0128151 -0.0154162 -0.0128151 6.02008e-05 -0.00814961 -0.0154162 -0.00814961 6.35934e-05)
(7.16241e-06 -0.0127907 -0.015427 -0.0127907 2.7127e-05 -0.0081174 -0.015427 -0.0081174 8.55252e-05)
(1.02253e-05 -0.0127887 -0.0154386 -0.0127887 2.11718e-05 -0.00813015 -0.0154386 -0.00813015 3.43487e-05)
(2.66249e-05 -0.0127869 -0.0154259 -0.0127869 2.0287e-05 -0.00812897 -0.0154259 -0.00812897 5.29202e-05)
(-2.09861e-07 -0.0127932 -0.0154279 -0.0127932 3.19887e-05 -0.00811376 -0.0154279 -0.00811376 8.92079e-05)
(1.03273e-05 -0.0127881 -0.0154271 -0.0127881 2.29821e-05 -0.00812144 -0.0154271 -0.00812144 7.25521e-05)
(8.91836e-06 -0.0127879 -0.0154287 -0.0127879 2.24714e-05 -0.00812345 -0.0154287 -0.00812345 5.71036e-05)
(0.000106342 -0.0128017 -0.0154052 -0.0128017 3.40632e-05 -0.00813778 -0.0154052 -0.00813778 8.20948e-05)
(2.21688e-05 -0.0127853 -0.01543 -0.0127853 1.99641e-05 -0.00812936 -0.01543 -0.00812936 4.33265e-05)
(-3.56553e-06 -0.0127909 -0.015435 -0.0127909 2.479e-05 -0.00812112 -0.015435 -0.00812112 6.04884e-05)
(5.2233e-05 -0.012791 -0.0154141 -0.012791 2.78334e-05 -0.00812042 -0.0154141 -0.00812042 9.8082e-05)
(6.03545e-05 -0.0127954 -0.0154166 -0.0127954 3.2962e-05 -0.00811921 -0.0154166 -0.00811921 0.000110337)
(2.74974e-05 -0.0127899 -0.0154182 -0.0127899 2.90917e-05 -0.00811727 -0.0154182 -0.00811727 0.000100057)
(6.17474e-05 -0.0127914 -0.0154105 -0.0127914 3.00261e-05 -0.00812412 -0.0154105 -0.00812412 0.000110884)
(2.35053e-06 -0.0127967 -0.0154287 -0.0127967 3.92804e-05 -0.0081113 -0.0154287 -0.0081113 0.000104875)
(2.67426e-05 -0.0127848 -0.0154266 -0.0127848 2.09368e-05 -0.00812915 -0.0154266 -0.00812915 6.88153e-05)
(3.45563e-05 -0.0127885 -0.0154197 -0.0127885 2.34815e-05 -0.00812493 -0.0154197 -0.00812493 7.90208e-05)
(2.94699e-05 -0.0127924 -0.0154212 -0.0127924 3.14746e-05 -0.00811454 -0.0154212 -0.00811454 9.34128e-05)
(1.33164e-05 -0.0127871 -0.0154281 -0.0127871 2.06576e-05 -0.00812338 -0.0154281 -0.00812338 6.62006e-05)
(3.32919e-05 -0.0127927 -0.0154272 -0.0127927 3.19126e-05 -0.00813078 -0.0154272 -0.00813078 0.000121467)
(0.00010961 -0.0128058 -0.0154078 -0.0128058 5.11992e-05 -0.00815372 -0.0154078 -0.00815372 0.000130315)
(8.28175e-05 -0.0127957 -0.0154079 -0.0127957 3.0663e-05 -0.00813484 -0.0154079 -0.00813484 0.000101802)
(4.73357e-05 -0.0127922 -0.0154322 -0.0127922 2.46485e-05 -0.00813074 -0.0154322 -0.00813074 4.46472e-05)
(5.47785e-05 -0.0127926 -0.0154237 -0.0127926 2.57583e-05 -0.00813271 -0.0154237 -0.00813271 4.92428e-05)
(4.68953e-05 -0.0127893 -0.0154188 -0.0127893 2.59324e-05 -0.00813312 -0.0154188 -0.00813312 7.55694e-05)
(8.35506e-05 -0.0128105 -0.0154223 -0.0128105 5.9217e-05 -0.00814743 -0.0154223 -0.00814743 4.91093e-05)
(3.55364e-05 -0.0127884 -0.015423 -0.0127884 2.30172e-05 -0.0081312 -0.015423 -0.0081312 5.70813e-05)
(4.32875e-05 -0.0127818 -0.0154335 -0.0127818 2.22286e-05 -0.00812996 -0.0154335 -0.00812996 7.67519e-05)
(9.0926e-05 -0.012797 -0.0154051 -0.012797 3.22028e-05 -0.00813766 -0.0154051 -0.00813766 9.84848e-05)
(1.99363e-05 -0.0127873 -0.0154329 -0.0127873 1.9442e-05 -0.0081291 -0.0154329 -0.0081291 3.90833e-05)
(6.01127e-05 -0.0127775 -0.0154387 -0.0127775 2.64879e-05 -0.00812863 -0.0154387 -0.00812863 3.79513e-05)
(5.95073e-05 -0.0127952 -0.0154402 -0.0127952 2.6503e-05 -0.0081337 -0.0154402 -0.0081337 4.05755e-05)
(2.7837e-05 -0.012787 -0.0154224 -0.012787 2.11316e-05 -0.00812649 -0.0154224 -0.00812649 7.34275e-05)
(4.46237e-05 -0.0127896 -0.0154257 -0.0127896 2.34571e-05 -0.00812657 -0.0154257 -0.00812657 5.74207e-05)
(4.17626e-05 -0.0127935 -0.0154194 -0.0127935 3.6908e-05 -0.00811229 -0.0154194 -0.00811229 0.000103973)
(3.3338e-05 -0.0127923 -0.0154219 -0.0127923 3.00675e-05 -0.00812559 -0.0154219 -0.00812559 0.000115748)
(4.12736e-05 -0.0127861 -0.0154266 -0.0127861 2.48951e-05 -0.00813456 -0.0154266 -0.00813456 5.84023e-05)
(3.46707e-05 -0.0127921 -0.0154199 -0.0127921 2.98563e-05 -0.00811665 -0.0154199 -0.00811665 8.90211e-05)
(7.33518e-05 -0.0127932 -0.0154093 -0.0127932 2.91248e-05 -0.00813337 -0.0154093 -0.00813337 9.65676e-05)
(9.20034e-06 -0.0127986 -0.0154464 -0.0127986 2.90371e-05 -0.00811423 -0.0154464 -0.00811423 7.73206e-05)
(4.59226e-05 -0.0127906 -0.0154188 -0.0127906 2.48505e-05 -0.0081236 -0.0154188 -0.0081236 7.57841e-05)
(0.000158344 -0.0128047 -0.015398 -0.0128047 3.29547e-05 -0.00813442 -0.015398 -0.00813442 7.91475e-05)
(2.1112e-05 -0.0127915 -0.0154254 -0.0127915 2.87156e-05 -0.00812385 -0.0154254 -0.00812385 0.000111867)
(1.88825e-05 -0.0127894 -0.0154314 -0.0127894 2.17632e-05 -0.00812504 -0.0154314 -0.00812504 5.38386e-05)
(8.27897e-05 -0.0127918 -0.0154152 -0.0127918 2.79363e-05 -0.00812412 -0.0154152 -0.00812412 6.29125e-05)
(7.97681e-05 -0.0128029 -0.0154197 -0.0128029 4.00566e-05 -0.0081417 -0.0154197 -0.0081417 5.43106e-05)
(3.10364e-05 -0.01279 -0.0154292 -0.01279 2.22388e-05 -0.00812268 -0.0154292 -0.00812268 7.61454e-05)
(4.68829e-05 -0.0127828 -0.0154314 -0.0127828 3.09261e-05 -0.00813546 -0.0154314 -0.00813546 3.6542e-05)
(0.000113439 -0.0128026 -0.0154065 -0.0128026 3.62977e-05 -0.00813958 -0.0154065 -0.00813958 8.31375e-05)
(6.1021e-05 -0.0127914 -0.0154139 -0.0127914 2.56424e-05 -0.00812546 -0.0154139 -0.00812546 8.32137e-05)
(2.588e-05 -0.012785 -0.0154334 -0.012785 1.84459e-05 -0.00812939 -0.0154334 -0.00812939 3.58075e-05)
(7.05831e-05 -0.0128004 -0.0154288 -0.0128004 3.02517e-05 -0.00813472 -0.0154288 -0.00813472 3.47684e-05)
(6.29603e-05 -0.0127963 -0.0154174 -0.0127963 3.16444e-05 -0.0081378 -0.0154174 -0.0081378 6.04518e-05)
(5.68518e-05 -0.0127912 -0.0154134 -0.0127912 2.86838e-05 -0.00813223 -0.0154134 -0.00813223 0.000107201)
(2.63887e-05 -0.0127887 -0.0154232 -0.0127887 2.42768e-05 -0.00812333 -0.0154232 -0.00812333 8.85318e-05)
(4.7872e-05 -0.0127792 -0.0154319 -0.0127792 2.58768e-05 -0.00813691 -0.0154319 -0.00813691 6.80463e-05)
(4.59783e-05 -0.0127905 -0.0154189 -0.0127905 2.3226e-05 -0.00813027 -0.0154189 -0.00813027 5.51958e-05)
(3.40381e-05 -0.0127906 -0.0154259 -0.0127906 2.67326e-05 -0.00812317 -0.0154259 -0.00812317 6.27425e-05)
(3.35604e-05 -0.0127876 -0.0154258 -0.0127876 2.15331e-05 -0.00813007 -0.0154258 -0.00813007 5.40846e-05)
(3.58853e-05 -0.0127881 -0.015426 -0.0127881 2.29459e-05 -0.00813198 -0.015426 -0.00813198 4.94656e-05)
(2.1441e-05 -0.0127866 -0.0154363 -0.0127866 2.00467e-05 -0.00813074 -0.0154363 -0.00813074 3.60774e-05)
(4.89638e-05 -0.0127906 -0.0154195 -0.0127906 2.31569e-05 -0.00812756 -0.0154195 -0.00812756 6.0358e-05)
(6.19958e-05 -0.0127944 -0.0154161 -0.0127944 3.41983e-05 -0.0081408 -0.0154161 -0.0081408 8.17625e-05)
(3.14132e-05 -0.0127879 -0.0154229 -0.0127879 2.31898e-05 -0.00813249 -0.0154229 -0.00813249 6.09795e-05)
(1.11733e-05 -0.0127884 -0.0154301 -0.0127884 2.23158e-05 -0.00812209 -0.0154301 -0.00812209 7.00509e-05)
(5.85237e-05 -0.0127903 -0.0154156 -0.0127903 2.44229e-05 -0.0081278 -0.0154156 -0.0081278 7.02665e-05)
(0.000104201 -0.0128165 -0.015416 -0.0128165 5.66953e-05 -0.00814785 -0.015416 -0.00814785 5.79456e-05)
(1.82686e-05 -0.0127891 -0.0154287 -0.0127891 2.29816e-05 -0.00812158 -0.0154287 -0.00812158 8.07655e-05)
(3.92002e-05 -0.0127893 -0.0154165 -0.0127893 2.72031e-05 -0.00812227 -0.0154165 -0.00812227 9.06628e-05)
(8.72078e-05 -0.0127975 -0.0154272 -0.0127975 7.70703e-05 -0.00815094 -0.0154272 -0.00815094 4.55686e-05)
(-5.53576e-06 -0.0127888 -0.0154333 -0.0127888 2.19359e-05 -0.00812255 -0.0154333 -0.00812255 4.8964e-05)
(6.22209e-05 -0.0127887 -0.0154131 -0.0127887 2.56913e-05 -0.00812248 -0.0154131 -0.00812248 8.55308e-05)
(4.62551e-05 -0.0127892 -0.0154174 -0.0127892 2.99439e-05 -0.00811889 -0.0154174 -0.00811889 8.96515e-05)
(8.39392e-05 -0.0127934 -0.0154112 -0.0127934 2.6409e-05 -0.00812811 -0.0154112 -0.00812811 6.9523e-05)
(5.40722e-05 -0.0127937 -0.0154269 -0.0127937 3.74999e-05 -0.00814029 -0.0154269 -0.00814029 4.35373e-05)
(2.87406e-05 -0.0127879 -0.0154311 -0.0127879 1.98354e-05 -0.00812966 -0.0154311 -0.00812966 4.20907e-05)
(9.75417e-05 -0.012799 -0.0154077 -0.012799 3.05054e-05 -0.00813408 -0.0154077 -0.00813408 8.62984e-05)
(3.17227e-05 -0.0127927 -0.0154328 -0.0127927 2.59113e-05 -0.00812583 -0.0154328 -0.00812583 5.25966e-05)
(5.49605e-05 -0.0127918 -0.0154176 -0.0127918 2.89651e-05 -0.00813621 -0.0154176 -0.00813621 8.54889e-05)
(3.39475e-05 -0.0127884 -0.0154206 -0.0127884 2.23302e-05 -0.00812941 -0.0154206 -0.00812941 6.23357e-05)
(-5.92185e-05 -0.0128147 -0.0154525 -0.0128147 6.27288e-05 -0.00812273 -0.0154525 -0.00812273 5.80294e-05)
(2.15889e-05 -0.0127897 -0.015424 -0.0127897 2.42028e-05 -0.00812021 -0.015424 -0.00812021 7.4378e-05)
(4.88926e-05 -0.0127925 -0.0154296 -0.0127925 2.57341e-05 -0.00813332 -0.0154296 -0.00813332 3.89571e-05)
(4.22315e-05 -0.0127916 -0.0154173 -0.0127916 2.87093e-05 -0.00812147 -0.0154173 -0.00812147 0.000105117)
(5.51009e-05 -0.0127966 -0.0154213 -0.0127966 3.66071e-05 -0.00814247 -0.0154213 -0.00814247 6.34731e-05)
(7.6984e-05 -0.0128012 -0.0154187 -0.0128012 3.44716e-05 -0.00813821 -0.0154187 -0.00813821 5.54752e-05)
(7.14831e-05 -0.0127978 -0.0154238 -0.0127978 5.65438e-05 -0.00815083 -0.0154238 -0.00815083 6.7353e-05)
(3.71322e-05 -0.0127906 -0.0154415 -0.0127906 2.33707e-05 -0.00813267 -0.0154415 -0.00813267 4.14055e-05)
(7.54211e-05 -0.0127937 -0.0154177 -0.0127937 2.5579e-05 -0.00812575 -0.0154177 -0.00812575 6.20008e-05)
(6.24973e-05 -0.0127993 -0.0154208 -0.0127993 4.79377e-05 -0.00815013 -0.0154208 -0.00815013 8.19108e-05)
(6.73278e-05 -0.012792 -0.0154193 -0.012792 3.82415e-05 -0.00814565 -0.0154193 -0.00814565 0.000111734)
(3.35731e-05 -0.0127894 -0.0154289 -0.0127894 2.11981e-05 -0.00813011 -0.0154289 -0.00813011 4.20354e-05)
(6.39261e-05 -0.0127945 -0.0154211 -0.0127945 2.61568e-05 -0.00813297 -0.0154211 -0.00813297 5.66925e-05)
(0.000101302 -0.0128073 -0.0154307 -0.0128073 3.45151e-05 -0.00813536 -0.0154307 -0.00813536 4.31211e-05)
(2.52195e-05 -0.0127861 -0.0154385 -0.0127861 2.02508e-05 -0.00813084 -0.0154385 -0.00813084 3.15464e-05)
(-2.05268e-05 -0.0128042 -0.0154463 -0.0128042 3.63235e-05 -0.00811892 -0.0154463 -0.00811892 5.6953e-05)
(9.22094e-05 -0.0127935 -0.0154352 -0.0127935 4.26846e-05 -0.00812799 -0.0154352 -0.00812799 6.73415e-05)
(4.68845e-05 -0.0127918 -0.0154308 -0.0127918 2.56836e-05 -0.00813333 -0.0154308 -0.00813333 3.80622e-05)
(3.36458e-05 -0.0127912 -0.0154371 -0.0127912 2.34807e-05 -0.00813123 -0.0154371 -0.00813123 3.73928e-05)
(1.5455e-05 -0.0127919 -0.0154309 -0.0127919 2.64649e-05 -0.00812212 -0.0154309 -0.00812212 6.3511e-05)
(8.41498e-05 -0.0127936 -0.0154065 -0.0127936 2.81707e-05 -0.00813037 -0.0154065 -0.00813037 9.40602e-05)
(1.68368e-05 -0.0127886 -0.0154312 -0.0127886 2.23914e-05 -0.00812637 -0.0154312 -0.00812637 5.03044e-05)
(3.85669e-05 -0.0127883 -0.0154188 -0.0127883 2.41098e-05 -0.00812874 -0.0154188 -0.00812874 8.42835e-05)
(8.47427e-05 -0.0127946 -0.015426 -0.0127946 2.65203e-05 -0.00813156 -0.015426 -0.00813156 5.0064e-05)
(4.31927e-05 -0.0127911 -0.0154254 -0.0127911 2.54701e-05 -0.00812534 -0.0154254 -0.00812534 5.76823e-05)
(-5.93432e-05 -0.0128117 -0.0154529 -0.0128117 5.02872e-05 -0.00810482 -0.0154529 -0.00810482 9.04608e-05)
(5.42616e-05 -0.0127903 -0.0154151 -0.0127903 2.65511e-05 -0.00813159 -0.0154151 -0.00813159 9.02775e-05)
(7.56812e-05 -0.0128006 -0.0154138 -0.0128006 3.73905e-05 -0.00814263 -0.0154138 -0.00814263 8.01231e-05)
(-8.2023e-06 -0.012798 -0.0154444 -0.012798 2.94854e-05 -0.00811594 -0.0154444 -0.00811594 6.69787e-05)
(3.49692e-05 -0.0127888 -0.0154206 -0.0127888 2.57542e-05 -0.00812903 -0.0154206 -0.00812903 0.000103754)
(0.000111025 -0.0127927 -0.0154185 -0.0127927 3.3797e-05 -0.00812288 -0.0154185 -0.00812288 7.10749e-05)
(5.60918e-05 -0.0127919 -0.015433 -0.0127919 2.72212e-05 -0.00813224 -0.015433 -0.00813224 4.86975e-05)
(2.70893e-05 -0.0127866 -0.0154243 -0.0127866 2.24578e-05 -0.00812736 -0.0154243 -0.00812736 7.21729e-05)
(1.24622e-05 -0.0127891 -0.0154376 -0.0127891 1.95995e-05 -0.00812606 -0.0154376 -0.00812606 3.65486e-05)
(5.70264e-05 -0.0127914 -0.0154187 -0.0127914 2.62192e-05 -0.0081331 -0.0154187 -0.0081331 6.73629e-05)
(7.17585e-05 -0.0127974 -0.0154159 -0.0127974 3.07662e-05 -0.00813634 -0.0154159 -0.00813634 6.02739e-05)
(5.65737e-05 -0.0127938 -0.0154202 -0.0127938 2.826e-05 -0.00813531 -0.0154202 -0.00813531 5.53748e-05)
(5.27904e-05 -0.0127983 -0.0154323 -0.0127983 4.60603e-05 -0.00813793 -0.0154323 -0.00813793 3.34726e-05)
(3.6599e-05 -0.0127888 -0.0154358 -0.0127888 3.21346e-05 -0.00813149 -0.0154358 -0.00813149 2.78108e-05)
(9.9567e-05 -0.0128247 -0.0154161 -0.0128247 8.3728e-05 -0.00815417 -0.0154161 -0.00815417 5.77758e-05)
(9.50965e-05 -0.0128111 -0.0154154 -0.0128111 5.1507e-05 -0.0081472 -0.0154154 -0.0081472 6.47613e-05)
(5.18367e-05 -0.0127895 -0.0154255 -0.0127895 2.99944e-05 -0.008138 -0.0154255 -0.008138 5.83951e-05)
(3.77172e-05 -0.0127876 -0.015434 -0.0127876 2.43033e-05 -0.00813166 -0.015434 -0.00813166 3.06807e-05)
(1.26838e-05 -0.0127863 -0.0154315 -0.0127863 1.8481e-05 -0.00812564 -0.0154315 -0.00812564 4.87009e-05)
(1.58589e-05 -0.0127885 -0.0154288 -0.0127885 2.25064e-05 -0.0081243 -0.0154288 -0.0081243 5.87388e-05)
(8.07577e-06 -0.0127931 -0.01544 -0.0127931 2.28813e-05 -0.00811932 -0.01544 -0.00811932 5.85004e-05)
(1.28655e-05 -0.0127889 -0.0154242 -0.0127889 2.75345e-05 -0.00811947 -0.0154242 -0.00811947 7.05208e-05)
(1.72272e-05 -0.0127996 -0.0154379 -0.0127996 6.67301e-05 -0.00811142 -0.0154379 -0.00811142 8.6354e-05)
(3.01312e-05 -0.012791 -0.0154345 -0.012791 2.17563e-05 -0.00812823 -0.0154345 -0.00812823 4.45118e-05)
(3.22629e-05 -0.0127843 -0.0154371 -0.0127843 2.13334e-05 -0.00812998 -0.0154371 -0.00812998 2.91533e-05)
(4.85149e-05 -0.0127907 -0.0154141 -0.0127907 2.92473e-05 -0.0081163 -0.0154141 -0.0081163 9.43747e-05)
(0.000114745 -0.0128121 -0.0154087 -0.0128121 4.9082e-05 -0.00814673 -0.0154087 -0.00814673 8.21524e-05)
(1.84875e-05 -0.0127952 -0.0154349 -0.0127952 2.94512e-05 -0.00812067 -0.0154349 -0.00812067 6.53331e-05)
(2.18792e-05 -0.0127938 -0.0154388 -0.0127938 3.47096e-05 -0.00812843 -0.0154388 -0.00812843 4.8432e-05)
(8.15619e-05 -0.0128309 -0.015437 -0.0128309 9.34559e-05 -0.00813769 -0.015437 -0.00813769 2.64014e-05)
(1.58708e-05 -0.0127967 -0.0154331 -0.0127967 3.48523e-05 -0.00811861 -0.0154331 -0.00811861 6.65628e-05)
(-2.47051e-05 -0.0128043 -0.0154441 -0.0128043 3.91383e-05 -0.00811554 -0.0154441 -0.00811554 6.78464e-05)
(8.56175e-05 -0.0128049 -0.0154254 -0.0128049 8.13271e-05 -0.0081509 -0.0154254 -0.0081509 4.44565e-05)
(4.72885e-05 -0.0127911 -0.0154254 -0.0127911 2.27514e-05 -0.00812997 -0.0154254 -0.00812997 4.8657e-05)
(-8.90107e-06 -0.0127993 -0.0154422 -0.0127993 3.2907e-05 -0.00811943 -0.0154422 -0.00811943 5.99061e-05)
(1.08148e-05 -0.0127872 -0.0154279 -0.0127872 1.96308e-05 -0.00812307 -0.0154279 -0.00812307 5.93744e-05)
(2.40019e-05 -0.0127913 -0.015423 -0.0127913 3.08296e-05 -0.00811586 -0.015423 -0.00811586 8.3415e-05)
(1.92709e-05 -0.0127932 -0.0154284 -0.0127932 2.8003e-05 -0.00811779 -0.0154284 -0.00811779 7.6047e-05)
(5.48822e-05 -0.0127902 -0.0154125 -0.0127902 2.4932e-05 -0.00812492 -0.0154125 -0.00812492 8.43414e-05)
(8.14815e-05 -0.0128045 -0.0154166 -0.0128045 3.85114e-05 -0.00814106 -0.0154166 -0.00814106 5.79962e-05)
(4.00528e-05 -0.0127885 -0.0154233 -0.0127885 2.31021e-05 -0.00813182 -0.0154233 -0.00813182 6.2568e-05)
(-7.20147e-05 -0.0128118 -0.0154551 -0.0128118 5.21568e-05 -0.00810459 -0.0154551 -0.00810459 9.63242e-05)
(4.6537e-05 -0.0127887 -0.0154152 -0.0127887 2.34319e-05 -0.0081295 -0.0154152 -0.0081295 7.45781e-05)
(8.50053e-05 -0.0127961 -0.0154115 -0.0127961 3.53071e-05 -0.00812162 -0.0154115 -0.00812162 0.000117287)
(-0.000161551 -0.0128201 -0.0154624 -0.0128201 8.58735e-05 -0.00809855 -0.0154624 -0.00809855 9.11033e-05)
(5.00362e-06 -0.012791 -0.0154391 -0.012791 2.74606e-05 -0.00812968 -0.0154391 -0.00812968 4.23708e-05)
(3.04542e-05 -0.0127885 -0.0154198 -0.0127885 2.5315e-05 -0.00812389 -0.0154198 -0.00812389 8.67873e-05)
(4.54615e-05 -0.0127905 -0.0154189 -0.0127905 2.88996e-05 -0.00811878 -0.0154189 -0.00811878 7.88045e-05)
(5.74411e-05 -0.0127924 -0.0154235 -0.0127924 2.36706e-05 -0.00812678 -0.0154235 -0.00812678 5.98061e-05)
(-5.2338e-05 -0.0128079 -0.0154486 -0.0128079 4.60934e-05 -0.00811077 -0.0154486 -0.00811077 7.73907e-05)
(1.83859e-05 -0.0127861 -0.0154458 -0.0127861 2.27552e-05 -0.00813328 -0.0154458 -0.00813328 4.29693e-05)
(6.49475e-05 -0.0127951 -0.015419 -0.0127951 3.50944e-05 -0.00814111 -0.015419 -0.00814111 7.14808e-05)
(3.03944e-05 -0.0127868 -0.0154306 -0.0127868 2.05504e-05 -0.00813041 -0.0154306 -0.00813041 4.37328e-05)
(-6.2467e-07 -0.0127956 -0.0154418 -0.0127956 2.82955e-05 -0.00812518 -0.0154418 -0.00812518 4.98706e-05)
(1.64536e-05 -0.0127898 -0.0154275 -0.0127898 2.47356e-05 -0.00812116 -0.0154275 -0.00812116 7.63298e-05)
(8.21094e-05 -0.0128075 -0.0154276 -0.0128075 4.11462e-05 -0.00813823 -0.0154276 -0.00813823 3.73339e-05)
(8.43791e-05 -0.0128064 -0.0154148 -0.0128064 5.31858e-05 -0.00815119 -0.0154148 -0.00815119 8.34357e-05)
(6.7179e-05 -0.0127955 -0.0154271 -0.0127955 2.56574e-05 -0.00813249 -0.0154271 -0.00813249 4.33506e-05)
(7.46932e-05 -0.0127958 -0.0154356 -0.0127958 2.71608e-05 -0.00813279 -0.0154356 -0.00813279 4.66225e-05)
(-6.56277e-06 -0.012798 -0.0154418 -0.012798 2.96385e-05 -0.00812081 -0.0154418 -0.00812081 5.36749e-05)
(8.49184e-07 -0.0127974 -0.0154357 -0.0127974 4.57324e-05 -0.00811504 -0.0154357 -0.00811504 7.59154e-05)
(7.69264e-05 -0.0127918 -0.0154151 -0.0127918 2.88416e-05 -0.00812065 -0.0154151 -0.00812065 7.80429e-05)
(1.80585e-05 -0.0127901 -0.0154388 -0.0127901 2.18836e-05 -0.00813033 -0.0154388 -0.00813033 3.70684e-05)
(4.58823e-06 -0.0127962 -0.0154428 -0.0127962 2.54584e-05 -0.00812481 -0.0154428 -0.00812481 4.05666e-05)
(-3.07833e-07 -0.0128012 -0.0154506 -0.0128012 4.1911e-05 -0.00813265 -0.0154506 -0.00813265 4.95051e-05)
(-9.32995e-06 -0.0127919 -0.0154356 -0.0127919 2.42821e-05 -0.00812133 -0.0154356 -0.00812133 4.75602e-05)
(4.85901e-05 -0.0127959 -0.0154359 -0.0127959 3.62522e-05 -0.00813492 -0.0154359 -0.00813492 3.42615e-05)
(0.000152626 -0.0128138 -0.0154303 -0.0128138 3.94363e-05 -0.00813781 -0.0154303 -0.00813781 5.02206e-05)
(-9.68925e-06 -0.0127975 -0.0154421 -0.0127975 2.89185e-05 -0.00811632 -0.0154421 -0.00811632 6.44592e-05)
(5.05943e-05 -0.0127939 -0.0154267 -0.0127939 3.72578e-05 -0.0081404 -0.0154267 -0.0081404 4.31232e-05)
(0.000122804 -0.0128368 -0.0154056 -0.0128368 0.000101665 -0.00815593 -0.0154056 -0.00815593 7.40389e-05)
(0.000105349 -0.0127837 -0.015428 -0.0127837 8.24858e-05 -0.00815179 -0.015428 -0.00815179 6.51546e-05)
(5.73802e-05 -0.0127849 -0.0154256 -0.0127849 3.37395e-05 -0.00814294 -0.0154256 -0.00814294 0.000103391)
(9.42283e-05 -0.012813 -0.015421 -0.012813 4.95802e-05 -0.00814327 -0.015421 -0.00814327 4.49106e-05)
(2.57058e-05 -0.0127877 -0.0154305 -0.0127877 2.0321e-05 -0.00812981 -0.0154305 -0.00812981 4.14175e-05)
(5.55033e-05 -0.0127943 -0.0154185 -0.0127943 3.29474e-05 -0.0081141 -0.0154185 -0.0081141 9.79977e-05)
(8.04357e-05 -0.0127993 -0.0154152 -0.0127993 3.42567e-05 -0.00813912 -0.0154152 -0.00813912 7.49981e-05)
(-2.08283e-05 -0.0127953 -0.015437 -0.0127953 3.14851e-05 -0.00811755 -0.015437 -0.00811755 6.47259e-05)
(3.03379e-06 -0.0127934 -0.0154308 -0.0127934 3.02697e-05 -0.00811667 -0.0154308 -0.00811667 7.53083e-05)
(7.25528e-05 -0.0127956 -0.0154147 -0.0127956 3.74089e-05 -0.0081444 -0.0154147 -0.0081444 0.000111594)
(7.49296e-05 -0.0127991 -0.0154472 -0.0127991 2.94161e-05 -0.00813479 -0.0154472 -0.00813479 4.58042e-05)
(6.75647e-06 -0.0127967 -0.0154389 -0.0127967 3.77498e-05 -0.00812293 -0.0154389 -0.00812293 5.51854e-05)
(-4.58175e-05 -0.0128022 -0.015441 -0.0128022 4.83701e-05 -0.00810742 -0.015441 -0.00810742 8.84155e-05)
(8.12757e-05 -0.0127924 -0.0154153 -0.0127924 2.69347e-05 -0.00812524 -0.0154153 -0.00812524 6.44853e-05)
(-9.76253e-05 -0.0128084 -0.0154487 -0.0128084 6.59593e-05 -0.00810369 -0.0154487 -0.00810369 8.71043e-05)
(-4.199e-05 -0.0128025 -0.0154419 -0.0128025 4.23853e-05 -0.00810908 -0.0154419 -0.00810908 9.17918e-05)
(8.11634e-05 -0.012807 -0.0154322 -0.012807 4.05869e-05 -0.00813609 -0.0154322 -0.00813609 3.38853e-05)
(-1.76948e-05 -0.0127961 -0.015433 -0.0127961 3.59334e-05 -0.00811032 -0.015433 -0.00811032 8.64682e-05)
(1.32341e-05 -0.0127855 -0.0154306 -0.0127855 1.94184e-05 -0.0081288 -0.0154306 -0.0081288 3.90731e-05)
(3.35859e-05 -0.0127895 -0.0154217 -0.0127895 2.39739e-05 -0.00812331 -0.0154217 -0.00812331 7.76012e-05)
(-3.68613e-05 -0.0128083 -0.0154527 -0.0128083 4.28572e-05 -0.00810678 -0.0154527 -0.00810678 9.92296e-05)
(3.39819e-05 -0.0127911 -0.0154402 -0.0127911 2.12761e-05 -0.00813139 -0.0154402 -0.00813139 3.45551e-05)
(8.98206e-05 -0.0127967 -0.0154405 -0.0127967 4.3941e-05 -0.00812993 -0.0154405 -0.00812993 6.05102e-05)
(2.66799e-05 -0.0127955 -0.0154361 -0.0127955 3.04745e-05 -0.00812593 -0.0154361 -0.00812593 5.17356e-05)
(-8.58893e-05 -0.0128126 -0.0154548 -0.0128126 6.18633e-05 -0.00810053 -0.0154548 -0.00810053 9.54257e-05)
(-0.000147575 -0.0128187 -0.0154573 -0.0128187 7.88062e-05 -0.00810522 -0.0154573 -0.00810522 8.31773e-05)
(2.14673e-05 -0.0127908 -0.0154316 -0.0127908 2.90792e-05 -0.0081251 -0.0154316 -0.0081251 6.14574e-05)
(8.34872e-05 -0.012791 -0.0154084 -0.012791 2.64866e-05 -0.00812443 -0.0154084 -0.00812443 7.83416e-05)
(6.01878e-05 -0.0128036 -0.0154256 -0.0128036 5.11676e-05 -0.00814459 -0.0154256 -0.00814459 4.26331e-05)
(3.71393e-05 -0.0127892 -0.0154264 -0.0127892 2.25398e-05 -0.0081319 -0.0154264 -0.0081319 4.54173e-05)
(1.47963e-05 -0.0127886 -0.0154276 -0.0127886 2.24365e-05 -0.0081228 -0.0154276 -0.0081228 6.34091e-05)
(1.77198e-05 -0.0127874 -0.0154293 -0.0127874 2.06871e-05 -0.0081242 -0.0154293 -0.0081242 6.0996e-05)
(8.31535e-05 -0.0128058 -0.0154293 -0.0128058 3.64539e-05 -0.00813607 -0.0154293 -0.00813607 3.56273e-05)
(5.89205e-05 -0.0127947 -0.0154328 -0.0127947 2.59435e-05 -0.00813026 -0.0154328 -0.00813026 4.75606e-05)
(3.24181e-05 -0.0127842 -0.0154435 -0.0127842 2.18115e-05 -0.00813093 -0.0154435 -0.00813093 3.99724e-05)
(4.86301e-05 -0.0127787 -0.0154356 -0.0127787 1.77392e-05 -0.00812898 -0.0154356 -0.00812898 3.5437e-05)
(-2.39456e-05 -0.0127986 -0.0154373 -0.0127986 4.55117e-05 -0.00811596 -0.0154373 -0.00811596 7.93129e-05)
(0.000100052 -0.0127974 -0.0154342 -0.0127974 2.89358e-05 -0.0081345 -0.0154342 -0.0081345 5.00526e-05)
(3.84818e-05 -0.0127913 -0.0154347 -0.0127913 2.55515e-05 -0.00813209 -0.0154347 -0.00813209 2.90867e-05)
(-5.49547e-05 -0.0128186 -0.015451 -0.0128186 5.38198e-05 -0.00812388 -0.015451 -0.00812388 4.80043e-05)
(6.57996e-05 -0.0127892 -0.0154284 -0.0127892 4.7823e-05 -0.00814568 -0.0154284 -0.00814568 5.20015e-05)
(9.72091e-05 -0.0128205 -0.015424 -0.0128205 9.3022e-05 -0.00814973 -0.015424 -0.00814973 4.06811e-05)
(-6.24443e-05 -0.0128047 -0.0154447 -0.0128047 6.7771e-05 -0.00810399 -0.0154447 -0.00810399 9.36365e-05)
(9.08554e-05 -0.0127949 -0.0154072 -0.0127949 2.75079e-05 -0.00813051 -0.0154072 -0.00813051 7.87865e-05)
(7.64955e-05 -0.0127909 -0.0154099 -0.0127909 2.76308e-05 -0.00812149 -0.0154099 -0.00812149 8.0155e-05)
(3.37772e-05 -0.012784 -0.0154289 -0.012784 2.093e-05 -0.00813087 -0.0154289 -0.00813087 5.59387e-05)
(7.79476e-05 -0.012813 -0.0154258 -0.012813 6.6115e-05 -0.00814723 -0.0154258 -0.00814723 3.73711e-05)
(0.000105065 -0.0127969 -0.015407 -0.0127969 3.3862e-05 -0.00812376 -0.015407 -0.00812376 0.000115519)
(4.97776e-05 -0.0127841 -0.015429 -0.0127841 2.54188e-05 -0.00813561 -0.015429 -0.00813561 6.69082e-05)
(-1.58e-05 -0.0128032 -0.0154399 -0.0128032 4.51018e-05 -0.00810853 -0.0154399 -0.00810853 0.000108949)
(0.000104452 -0.0127952 -0.0154165 -0.0127952 2.86934e-05 -0.00812576 -0.0154165 -0.00812576 6.23704e-05)
(4.64305e-05 -0.0127973 -0.015451 -0.0127973 4.06871e-05 -0.00812905 -0.015451 -0.00812905 4.04443e-05)
(3.44638e-05 -0.0127881 -0.0154237 -0.0127881 2.25624e-05 -0.0081313 -0.0154237 -0.0081313 5.72009e-05)
(0.00011266 -0.0128081 -0.0154122 -0.0128081 3.77114e-05 -0.00813893 -0.0154122 -0.00813893 6.20886e-05)
(7.69314e-05 -0.0128026 -0.01542 -0.0128026 4.68436e-05 -0.00814616 -0.01542 -0.00814616 6.35945e-05)
(9.32575e-05 -0.0127716 -0.015444 -0.0127716 4.23445e-05 -0.00814775 -0.015444 -0.00814775 0.000104891)
(1.47959e-05 -0.0127889 -0.0154236 -0.0127889 2.53196e-05 -0.00811907 -0.0154236 -0.00811907 7.92724e-05)
(0.000121121 -0.0128057 -0.0154033 -0.0128057 4.04521e-05 -0.00814357 -0.0154033 -0.00814357 0.000100781)
(4.37146e-05 -0.0127892 -0.0154232 -0.0127892 2.60602e-05 -0.00813486 -0.0154232 -0.00813486 5.89894e-05)
(1.72137e-05 -0.012792 -0.0154393 -0.012792 2.52245e-05 -0.00812916 -0.0154393 -0.00812916 4.22875e-05)
(-0.000151608 -0.0128253 -0.0154564 -0.0128253 8.70145e-05 -0.00811331 -0.0154564 -0.00811331 6.80331e-05)
(-2.20488e-05 -0.0128079 -0.0154543 -0.0128079 6.02251e-05 -0.00813181 -0.0154543 -0.00813181 5.76989e-05)
(5.52522e-05 -0.0127977 -0.0154445 -0.0127977 3.01444e-05 -0.00813363 -0.0154445 -0.00813363 3.52303e-05)
(2.70152e-05 -0.0127888 -0.0154316 -0.0127888 2.30246e-05 -0.00813208 -0.0154316 -0.00813208 2.95142e-05)
(7.17525e-05 -0.0127967 -0.0154236 -0.0127967 2.41783e-05 -0.00813046 -0.0154236 -0.00813046 4.67663e-05)
(5.3179e-05 -0.0127913 -0.015423 -0.0127913 2.39328e-05 -0.00813031 -0.015423 -0.00813031 6.56378e-05)
(-3.12033e-05 -0.0128082 -0.0154488 -0.0128082 4.15642e-05 -0.00811485 -0.0154488 -0.00811485 6.62971e-05)
(6.34299e-06 -0.0127887 -0.0154332 -0.0127887 2.2208e-05 -0.00812253 -0.0154332 -0.00812253 6.09374e-05)
(6.55296e-05 -0.0127942 -0.0154183 -0.0127942 2.85566e-05 -0.00813504 -0.0154183 -0.00813504 6.52037e-05)
(0.000116595 -0.0127963 -0.0154014 -0.0127963 2.76976e-05 -0.00812741 -0.0154014 -0.00812741 8.61004e-05)
(6.26462e-05 -0.0127975 -0.0154273 -0.0127975 3.08812e-05 -0.0081357 -0.0154273 -0.0081357 4.13146e-05)
(3.85666e-05 -0.0127887 -0.0154246 -0.0127887 2.24098e-05 -0.00812995 -0.0154246 -0.00812995 5.41369e-05)
(2.16146e-05 -0.0127907 -0.0154295 -0.0127907 2.59135e-05 -0.008125 -0.0154295 -0.008125 5.14808e-05)
(-3.59119e-05 -0.0128028 -0.0154437 -0.0128028 3.92972e-05 -0.00812265 -0.0154437 -0.00812265 4.57463e-05)
(6.17368e-05 -0.0127924 -0.0154259 -0.0127924 4.41364e-05 -0.00814601 -0.0154259 -0.00814601 6.11869e-05)
(4.92289e-05 -0.0127905 -0.0154188 -0.0127905 2.38504e-05 -0.00812613 -0.0154188 -0.00812613 6.91784e-05)
(2.40185e-05 -0.012793 -0.0154266 -0.012793 4.06631e-05 -0.00811197 -0.0154266 -0.00811197 8.78194e-05)
(7.12579e-05 -0.012792 -0.0154155 -0.012792 2.42972e-05 -0.0081259 -0.0154155 -0.0081259 7.07472e-05)
(4.52595e-05 -0.0127902 -0.0154198 -0.0127902 2.5444e-05 -0.00813225 -0.0154198 -0.00813225 7.73412e-05)
(1.87759e-05 -0.012789 -0.0154332 -0.012789 2.10471e-05 -0.00812286 -0.0154332 -0.00812286 6.05654e-05)
(-8.99598e-06 -0.0127986 -0.0154425 -0.0127986 3.37913e-05 -0.00811486 -0.0154425 -0.00811486 0.000105441)
(7.69959e-05 -0.0127924 -0.0154208 -0.0127924 2.85475e-05 -0.00812433 -0.0154208 -0.00812433 6.80413e-05)
(3.97777e-05 -0.0127988 -0.0154403 -0.0127988 4.55356e-05 -0.00812299 -0.0154403 -0.00812299 6.38459e-05)
(-7.62313e-05 -0.0128104 -0.0154512 -0.0128104 7.14504e-05 -0.00811524 -0.0154512 -0.00811524 6.85093e-05)
(4.23414e-06 -0.0127896 -0.0154313 -0.0127896 2.53435e-05 -0.00812345 -0.0154313 -0.00812345 4.99046e-05)
(-1.86211e-05 -0.0128024 -0.0154445 -0.0128024 3.5934e-05 -0.00812421 -0.0154445 -0.00812421 4.92063e-05)
(3.70479e-05 -0.0127928 -0.0154244 -0.0127928 4.3568e-05 -0.00811439 -0.0154244 -0.00811439 8.73426e-05)
(5.96318e-05 -0.0127957 -0.0154194 -0.0127957 3.15415e-05 -0.00813169 -0.0154194 -0.00813169 0.000123467)
(7.4331e-05 -0.012804 -0.0154265 -0.012804 4.54674e-05 -0.00813966 -0.0154265 -0.00813966 4.10548e-05)
(7.04543e-05 -0.0127951 -0.0154297 -0.0127951 2.82561e-05 -0.00812758 -0.0154297 -0.00812758 5.14796e-05)
(4.5516e-05 -0.0127917 -0.0154301 -0.0127917 3.8397e-05 -0.00813788 -0.0154301 -0.00813788 3.07671e-05)
(5.59382e-05 -0.012791 -0.0154315 -0.012791 4.60075e-05 -0.00813736 -0.0154315 -0.00813736 3.21454e-05)
(3.14666e-05 -0.0127886 -0.0154277 -0.0127886 2.14298e-05 -0.00812755 -0.0154277 -0.00812755 5.4172e-05)
(0.000103817 -0.0128159 -0.0154132 -0.0128159 7.29969e-05 -0.0081541 -0.0154132 -0.0081541 7.82497e-05)
(0.000162498 -0.0128111 -0.0154129 -0.0128111 0.000115087 -0.00814908 -0.0154129 -0.00814908 5.84139e-05)
(9.30515e-05 -0.0128117 -0.0154262 -0.0128117 7.1602e-05 -0.00814616 -0.0154262 -0.00814616 3.9779e-05)
(6.49275e-05 -0.0127948 -0.0154208 -0.0127948 4.56987e-05 -0.0081105 -0.0154208 -0.0081105 9.44759e-05)
(9.84514e-06 -0.0127861 -0.0154308 -0.0127861 2.13613e-05 -0.008123 -0.0154308 -0.008123 7.63706e-05)
(6.41732e-05 -0.012794 -0.0154169 -0.012794 2.77377e-05 -0.00813454 -0.0154169 -0.00813454 6.8766e-05)
(0.000156211 -0.0128147 -0.0154056 -0.0128147 4.45906e-05 -0.0081418 -0.0154056 -0.0081418 7.40923e-05)
(3.92277e-06 -0.0127959 -0.0154367 -0.0127959 2.9466e-05 -0.00812103 -0.0154367 -0.00812103 5.84342e-05)
(-5.95475e-05 -0.0128298 -0.0154565 -0.0128298 6.3367e-05 -0.00811411 -0.0154565 -0.00811411 6.32689e-05)
(5.1766e-05 -0.0127883 -0.0154259 -0.0127883 2.93828e-05 -0.00813749 -0.0154259 -0.00813749 5.69377e-05)
(7.29911e-05 -0.0128013 -0.0154289 -0.0128013 3.95898e-05 -0.00813743 -0.0154289 -0.00813743 3.95378e-05)
(6.46627e-05 -0.0127952 -0.0154264 -0.0127952 4.33451e-05 -0.00814154 -0.0154264 -0.00814154 4.60997e-05)
(8.25274e-05 -0.0128177 -0.0154366 -0.0128177 9.02442e-05 -0.00813462 -0.0154366 -0.00813462 2.91148e-05)
(7.03987e-05 -0.0128016 -0.0154233 -0.0128016 3.29343e-05 -0.00813683 -0.0154233 -0.00813683 4.37779e-05)
(3.90444e-05 -0.0127879 -0.015426 -0.0127879 2.47468e-05 -0.00813424 -0.015426 -0.00813424 5.21841e-05)
(-8.38194e-06 -0.0127948 -0.0154414 -0.0127948 3.49384e-05 -0.00812686 -0.0154414 -0.00812686 4.85275e-05)
(6.0196e-05 -0.0127947 -0.0154237 -0.0127947 2.42324e-05 -0.0081315 -0.0154237 -0.0081315 4.70971e-05)
(1.16598e-06 -0.0127965 -0.0154436 -0.0127965 3.2579e-05 -0.00813009 -0.0154436 -0.00813009 4.58528e-05)
(4.70972e-05 -0.0127917 -0.0154273 -0.0127917 2.34807e-05 -0.00813179 -0.0154273 -0.00813179 4.47226e-05)
(0.000122183 -0.0128041 -0.0154073 -0.0128041 3.22512e-05 -0.00813496 -0.0154073 -0.00813496 6.49362e-05)
(-2.96909e-05 -0.0128068 -0.0154463 -0.0128068 4.33614e-05 -0.00813152 -0.0154463 -0.00813152 4.13186e-05)
(-4.23447e-05 -0.012813 -0.0154505 -0.012813 4.70117e-05 -0.00812278 -0.0154505 -0.00812278 4.90648e-05)
(3.70404e-05 -0.0127883 -0.0154209 -0.0127883 2.1417e-05 -0.00812854 -0.0154209 -0.00812854 5.34233e-05)
(2.00368e-05 -0.0127893 -0.0154313 -0.0127893 2.43928e-05 -0.0081255 -0.0154313 -0.0081255 5.28064e-05)
(4.94431e-05 -0.0127913 -0.0154305 -0.0127913 2.32115e-05 -0.00813055 -0.0154305 -0.00813055 5.04188e-05)
(2.3432e-05 -0.0127885 -0.0154219 -0.0127885 2.40147e-05 -0.00812102 -0.0154219 -0.00812102 7.99612e-05)
(7.53838e-07 -0.0127936 -0.0154375 -0.0127936 2.49627e-05 -0.00812458 -0.0154375 -0.00812458 4.1546e-05)
(-5.90506e-06 -0.0127972 -0.0154381 -0.0127972 3.14041e-05 -0.00812045 -0.0154381 -0.00812045 5.44897e-05)
(3.38517e-05 -0.0127902 -0.0154225 -0.0127902 4.13993e-05 -0.00811391 -0.0154225 -0.00811391 8.32139e-05)
(0.000100068 -0.0127979 -0.0154253 -0.0127979 2.71791e-05 -0.00813082 -0.0154253 -0.00813082 4.91834e-05)
