/*--------------------------------*- C++ -*----------------------------------*\
  =========                 |
  \\      /  F ield         | OpenFOAM: The Open Source CFD Toolbox
   \\    /   O peration     | Website:  https://openfoam.org
    \\  /    A nd           | Version:  10
     \\/     M anipulation  |
\*---------------------------------------------------------------------------*/
FoamFile
{
    format      ascii;
    class       volTensorField;
    location    "22.5";
    object      TauNN;
}
// * * * * * * * * * * * * * * * * * * * * * * * * * * * * * * * * * * * * * //

dimensions      [0 2 -2 0 0 0 0];

internalField   nonuniform List<tensor> 
25600
(
(0.00147099 -0.0129752 -0.0151359 -0.0129752 0.0001589 -0.00814955 -0.0151359 -0.00814955 0.000115781)
(0.00148467 -0.0129766 -0.0151326 -0.0129766 0.000158229 -0.00815017 -0.0151326 -0.00815017 0.00011594)
(0.00148911 -0.0129751 -0.0151341 -0.0129751 0.000157647 -0.008149 -0.0151341 -0.008149 0.000117924)
(0.00147787 -0.0129771 -0.0151384 -0.0129771 0.000159523 -0.00815044 -0.0151384 -0.00815044 0.000116956)
(0.00145024 -0.0129758 -0.0151442 -0.0129758 0.000161037 -0.00814997 -0.0151442 -0.00814997 0.000116439)
(0.00148646 -0.0129768 -0.0151337 -0.0129768 0.000158378 -0.00815019 -0.0151337 -0.00815019 0.000116434)
(0.00148379 -0.0129765 -0.0151363 -0.0129765 0.000158712 -0.00814992 -0.0151363 -0.00814992 0.00011728)
(0.00144832 -0.0129807 -0.0151409 -0.0129807 0.000161822 -0.00815299 -0.0151409 -0.00815299 0.000114408)
(0.00149121 -0.0129813 -0.0151329 -0.0129813 0.000159672 -0.00815311 -0.0151329 -0.00815311 0.000114219)
(0.00149184 -0.0129808 -0.015134 -0.0129808 0.000159587 -0.00815268 -0.015134 -0.00815268 0.000115146)
(0.0015016 -0.0129804 -0.0151328 -0.0129804 0.000159221 -0.00815255 -0.0151328 -0.00815255 0.000114877)
(0.0014685 -0.0129774 -0.0151409 -0.0129774 0.000160357 -0.00815074 -0.0151409 -0.00815074 0.000116702)
(0.00145874 -0.0129802 -0.0151401 -0.0129802 0.000161432 -0.00815271 -0.0151401 -0.00815271 0.000114424)
(0.00148888 -0.0129769 -0.0151342 -0.0129769 0.000158589 -0.00815035 -0.0151342 -0.00815035 0.000116141)
(0.00146828 -0.0129718 -0.0151399 -0.0129718 0.00015821 -0.00814714 -0.0151399 -0.00814714 0.000118641)
(0.00147066 -0.0129789 -0.0151379 -0.0129789 0.000160108 -0.00815159 -0.0151379 -0.00815159 0.000116103)
(0.00145471 -0.0129809 -0.01514 -0.0129809 0.000161624 -0.00815312 -0.01514 -0.00815312 0.000114167)
(0.00140325 -0.0129765 -0.0151517 -0.0129765 0.000164328 -0.00815131 -0.0151517 -0.00815131 0.00011363)
(0.00147231 -0.0129693 -0.0151322 -0.0129693 0.000155704 -0.00814563 -0.0151322 -0.00814563 0.000118757)
(0.00149325 -0.0129794 -0.0151331 -0.0129794 0.000158868 -0.0081518 -0.0151331 -0.0081518 0.000116115)
(0.00150367 -0.0129791 -0.0151321 -0.0129791 0.000158563 -0.00815169 -0.0151321 -0.00815169 0.000115628)
(0.0014772 -0.0129738 -0.0151351 -0.0129738 0.000157954 -0.00814849 -0.0151351 -0.00814849 0.000117069)
(0.0014933 -0.0129819 -0.0151334 -0.0129819 0.000159859 -0.00815346 -0.0151334 -0.00815346 0.000114424)
(0.00149543 -0.0129804 -0.0151338 -0.0129804 0.00015948 -0.00815253 -0.0151338 -0.00815253 0.000114993)
(0.00144267 -0.0129731 -0.0151471 -0.0129731 0.000161238 -0.00814859 -0.0151471 -0.00814859 0.000116264)
(0.00145994 -0.0129753 -0.0151408 -0.0129753 0.000160044 -0.00814959 -0.0151408 -0.00814959 0.000116395)
(0.00148819 -0.0129777 -0.0151338 -0.0129777 0.000158695 -0.00815081 -0.0151338 -0.00815081 0.000116128)
(0.00148433 -0.012979 -0.0151349 -0.012979 0.000159468 -0.00815168 -0.0151349 -0.00815168 0.000115319)
(0.00147603 -0.0129771 -0.0151372 -0.0129771 0.000159448 -0.00815051 -0.0151372 -0.00815051 0.000116166)
(0.00148138 -0.0129753 -0.0151354 -0.0129753 0.000158334 -0.00814928 -0.0151354 -0.00814928 0.000116944)
(0.00147704 -0.012971 -0.0151344 -0.012971 0.000156553 -0.00814652 -0.0151344 -0.00814652 0.000118817)
(0.00149283 -0.0129789 -0.0151326 -0.0129789 0.000158762 -0.00815157 -0.0151326 -0.00815157 0.00011553)
(0.00147921 -0.0129784 -0.0151372 -0.0129784 0.00015974 -0.00815128 -0.0151372 -0.00815128 0.000116037)
(0.00147994 -0.0129769 -0.0151356 -0.0129769 0.000159022 -0.00815038 -0.0151356 -0.00815038 0.000115974)
(0.00146993 -0.0129765 -0.0151383 -0.0129765 0.000159707 -0.00815027 -0.0151383 -0.00815027 0.000116017)
(0.00145501 -0.0129759 -0.0151417 -0.0129759 0.000160565 -0.00815005 -0.0151417 -0.00815005 0.000115979)
(0.00149462 -0.0129783 -0.015132 -0.0129783 0.000158335 -0.0081511 -0.015132 -0.0081511 0.000116069)
(0.00150125 -0.012979 -0.0151311 -0.012979 0.000158341 -0.00815163 -0.0151311 -0.00815163 0.000115558)
(0.00149048 -0.012978 -0.0151347 -0.012978 0.000158808 -0.0081509 -0.0151347 -0.0081509 0.000116544)
(0.00146387 -0.0129771 -0.0151404 -0.0129771 0.000160508 -0.00815073 -0.0151404 -0.00815073 0.000115543)
(-2.61548e-06 -0.0128089 -0.0154482 -0.0128089 6.49677e-05 -0.0081027 -0.0154482 -0.0081027 8.39339e-05)
(-3.54536e-05 -0.0128092 -0.0154465 -0.0128092 6.18026e-05 -0.00810631 -0.0154465 -0.00810631 8.17881e-05)
(0.000222424 -0.0128346 -0.015427 -0.0128346 0.000123971 -0.00814675 -0.015427 -0.00814675 3.18406e-05)
(6.43341e-05 -0.0127998 -0.0154303 -0.0127998 2.93818e-05 -0.00813037 -0.0154303 -0.00813037 3.73572e-05)
(0.000108132 -0.0128206 -0.0154213 -0.0128206 8.44606e-05 -0.0081469 -0.0154213 -0.0081469 4.20252e-05)
(7.18385e-05 -0.0127972 -0.0154192 -0.0127972 2.61776e-05 -0.00813076 -0.0154192 -0.00813076 6.79134e-05)
(7.87689e-05 -0.0128037 -0.0154246 -0.0128037 4.38567e-05 -0.00813829 -0.0154246 -0.00813829 4.71772e-05)
(8.2867e-05 -0.0128038 -0.0154212 -0.0128038 2.86027e-05 -0.00812221 -0.0154212 -0.00812221 6.92777e-05)
(-9.56733e-05 -0.0128327 -0.0154483 -0.0128327 0.00010277 -0.00810492 -0.0154483 -0.00810492 8.69474e-05)
(-9.46182e-05 -0.0128265 -0.0154588 -0.0128265 9.32187e-05 -0.00810708 -0.0154588 -0.00810708 8.05487e-05)
(-0.000109667 -0.0128437 -0.0154338 -0.0128437 0.000109104 -0.00811545 -0.0154338 -0.00811545 8.15084e-05)
(0.000182758 -0.0128254 -0.0154289 -0.0128254 0.000119111 -0.00814603 -0.0154289 -0.00814603 3.04652e-05)
(0.000237533 -0.0128454 -0.0154242 -0.0128454 0.000127723 -0.00814686 -0.0154242 -0.00814686 3.42204e-05)
(0.000159471 -0.0128236 -0.0154214 -0.0128236 0.000111748 -0.0081474 -0.0154214 -0.0081474 3.92279e-05)
(8.21874e-05 -0.012804 -0.0154244 -0.012804 3.99259e-05 -0.00813734 -0.0154244 -0.00813734 4.64931e-05)
(-6.5953e-05 -0.0128162 -0.0154551 -0.0128162 8.43973e-05 -0.00811142 -0.0154551 -0.00811142 7.23226e-05)
(6.51529e-05 -0.012797 -0.0154245 -0.012797 3.09263e-05 -0.00813554 -0.0154245 -0.00813554 5.7954e-05)
(0.000307017 -0.0128442 -0.0154167 -0.0128442 0.000130722 -0.00814522 -0.0154167 -0.00814522 4.76207e-05)
(0.000116579 -0.0128283 -0.0154171 -0.0128283 9.52767e-05 -0.00815412 -0.0154171 -0.00815412 5.32221e-05)
(7.99549e-05 -0.0128037 -0.0154224 -0.0128037 2.5789e-05 -0.00812854 -0.0154224 -0.00812854 4.74667e-05)
(-0.000105873 -0.0128395 -0.0154344 -0.0128395 0.000112451 -0.00811789 -0.0154344 -0.00811789 7.97763e-05)
(7.21061e-05 -0.0127993 -0.0154198 -0.0127993 3.11376e-05 -0.00813607 -0.0154198 -0.00813607 6.01765e-05)
(-5.23096e-05 -0.0128388 -0.015433 -0.0128388 0.000107672 -0.00811182 -0.015433 -0.00811182 8.5703e-05)
(-6.36407e-05 -0.0128223 -0.0154575 -0.0128223 6.88348e-05 -0.00811418 -0.0154575 -0.00811418 6.35227e-05)
(0.000531076 -0.0128566 -0.0154319 -0.0128566 0.000120662 -0.00814268 -0.0154319 -0.00814268 3.15745e-05)
(0.000149721 -0.0128364 -0.0154153 -0.0128364 0.000119988 -0.00815019 -0.0154153 -0.00815019 4.66989e-05)
(2.35301e-05 -0.0127999 -0.0154378 -0.0127999 4.30272e-05 -0.00811343 -0.0154378 -0.00811343 7.25947e-05)
(4.96198e-05 -0.0127961 -0.0154282 -0.0127961 2.30251e-05 -0.0081215 -0.0154282 -0.0081215 6.79928e-05)
(0.00012676 -0.012817 -0.0154187 -0.012817 9.1114e-05 -0.00814808 -0.0154187 -0.00814808 5.05295e-05)
(5.2717e-05 -0.0127957 -0.0154275 -0.0127957 2.24407e-05 -0.00812371 -0.0154275 -0.00812371 6.19764e-05)
(0.000140005 -0.0128285 -0.0154159 -0.0128285 0.000116406 -0.00815297 -0.0154159 -0.00815297 4.76775e-05)
(-5.24588e-05 -0.0128132 -0.015454 -0.0128132 7.50803e-05 -0.00810567 -0.015454 -0.00810567 8.13612e-05)
(0.00013439 -0.0128197 -0.0154239 -0.0128197 0.000100793 -0.00814483 -0.0154239 -0.00814483 3.54149e-05)
(8.83832e-05 -0.0128067 -0.0154221 -0.0128067 5.60326e-05 -0.0081467 -0.0154221 -0.0081467 5.57549e-05)
(9.94178e-05 -0.0128085 -0.0154218 -0.0128085 6.99936e-05 -0.00814885 -0.0154218 -0.00814885 5.38751e-05)
(0.000190983 -0.0128442 -0.015417 -0.0128442 0.000128706 -0.00814889 -0.015417 -0.00814889 4.45661e-05)
(-5.24529e-05 -0.0128268 -0.015455 -0.0128268 9.91036e-05 -0.00810782 -0.015455 -0.00810782 8.30783e-05)
(8.90827e-05 -0.0128516 -0.0153769 -0.0128516 0.000115058 -0.00812207 -0.0153769 -0.00812207 9.65624e-05)
(4.64717e-05 -0.0127922 -0.0154319 -0.0127922 1.97321e-05 -0.00812713 -0.0154319 -0.00812713 4.41786e-05)
(5.33304e-05 -0.0127992 -0.0154294 -0.0127992 2.56911e-05 -0.00811913 -0.0154294 -0.00811913 6.80015e-05)
(-0.000117623 -0.0128215 -0.0154629 -0.0128215 9.43871e-05 -0.00809721 -0.0154629 -0.00809721 8.62413e-05)
(-0.000157079 -0.0128213 -0.0154569 -0.0128213 8.95116e-05 -0.00810345 -0.0154569 -0.00810345 8.26133e-05)
(0.000154379 -0.0128214 -0.0154207 -0.0128214 0.000111659 -0.00814895 -0.0154207 -0.00814895 3.99865e-05)
(-2.53704e-05 -0.0128091 -0.0154528 -0.0128091 6.02055e-05 -0.00812116 -0.0154528 -0.00812116 5.91317e-05)
(-7.3141e-05 -0.0128133 -0.0154546 -0.0128133 7.59931e-05 -0.00811098 -0.0154546 -0.00811098 7.40099e-05)
(0.000127773 -0.0128182 -0.0154103 -0.0128182 9.7931e-05 -0.00815307 -0.0154103 -0.00815307 7.13247e-05)
(4.81674e-06 -0.0128019 -0.0154411 -0.0128019 4.45742e-05 -0.00811022 -0.0154411 -0.00811022 7.77613e-05)
(-6.86862e-05 -0.012813 -0.0154572 -0.012813 8.68089e-05 -0.00809987 -0.0154572 -0.00809987 8.76662e-05)
(6.71295e-05 -0.0127953 -0.0154181 -0.0127953 2.59065e-05 -0.0081211 -0.0154181 -0.0081211 8.15263e-05)
(4.11373e-05 -0.0127953 -0.0154279 -0.0127953 2.5203e-05 -0.00811984 -0.0154279 -0.00811984 6.35108e-05)
(2.47429e-05 -0.0127977 -0.0154397 -0.0127977 2.40432e-05 -0.00811978 -0.0154397 -0.00811978 5.09878e-05)
(5.26553e-05 -0.012788 -0.01543 -0.012788 2.39393e-05 -0.00813227 -0.01543 -0.00813227 4.71501e-05)
(0.000463646 -0.0128548 -0.0154235 -0.0128548 0.000122212 -0.00814167 -0.0154235 -0.00814167 3.59552e-05)
(0.000160212 -0.0128347 -0.0154229 -0.0128347 0.000119472 -0.00814857 -0.0154229 -0.00814857 3.57062e-05)
(0.000181622 -0.0128459 -0.015383 -0.0128459 0.000108641 -0.00812103 -0.015383 -0.00812103 9.54047e-05)
(6.27961e-05 -0.0128462 -0.0153989 -0.0128462 0.000118396 -0.00812139 -0.0153989 -0.00812139 8.92548e-05)
(6.05316e-05 -0.0127893 -0.0154251 -0.0127893 3.78174e-05 -0.00814429 -0.0154251 -0.00814429 7.45623e-05)
(2.36125e-05 -0.0128029 -0.0154368 -0.0128029 4.0779e-05 -0.0081082 -0.0154368 -0.0081082 0.000104851)
(8.07934e-05 -0.0127996 -0.015419 -0.0127996 2.65519e-05 -0.00812063 -0.015419 -0.00812063 6.00571e-05)
(9.63018e-05 -0.0128218 -0.0154222 -0.0128218 7.41324e-05 -0.00814844 -0.0154222 -0.00814844 3.80661e-05)
(-6.35713e-05 -0.0128176 -0.015458 -0.0128176 7.35642e-05 -0.00811931 -0.015458 -0.00811931 6.16995e-05)
(4.73334e-05 -0.012794 -0.0154223 -0.012794 2.43515e-05 -0.00811988 -0.0154223 -0.00811988 7.15974e-05)
(6.37772e-05 -0.0127974 -0.0154231 -0.0127974 2.2712e-05 -0.00812722 -0.0154231 -0.00812722 4.60806e-05)
(4.52698e-05 -0.0127852 -0.0154338 -0.0127852 1.80351e-05 -0.00812821 -0.0154338 -0.00812821 3.95747e-05)
(0.000419661 -0.012845 -0.0154218 -0.012845 0.000125711 -0.00814161 -0.0154218 -0.00814161 4.07209e-05)
(0.000126483 -0.0128349 -0.01541 -0.0128349 0.0001113 -0.00815183 -0.01541 -0.00815183 6.01825e-05)
(4.84363e-05 -0.0127944 -0.0154258 -0.0127944 2.84121e-05 -0.0081182 -0.0154258 -0.0081182 7.0659e-05)
(9.23795e-05 -0.0128017 -0.015421 -0.0128017 5.93915e-05 -0.00814954 -0.015421 -0.00814954 6.98508e-05)
(8.33737e-05 -0.0128015 -0.0154195 -0.0128015 3.53676e-05 -0.00813775 -0.0154195 -0.00813775 7.98891e-05)
(-4.56305e-05 -0.0128099 -0.0154497 -0.0128099 6.12948e-05 -0.00811027 -0.0154497 -0.00811027 7.69103e-05)
(9.17697e-05 -0.0128054 -0.0154162 -0.0128054 4.63124e-05 -0.00814633 -0.0154162 -0.00814633 7.42045e-05)
(1.41517e-05 -0.0128006 -0.015436 -0.0128006 4.32731e-05 -0.00810933 -0.015436 -0.00810933 8.20978e-05)
(5.29828e-05 -0.0127933 -0.0154314 -0.0127933 2.32028e-05 -0.00813008 -0.0154314 -0.00813008 3.821e-05)
(0.00010618 -0.0128137 -0.0154166 -0.0128137 7.78126e-05 -0.00815473 -0.0154166 -0.00815473 7.459e-05)
(5.72942e-05 -0.0127925 -0.0154205 -0.0127925 3.25871e-05 -0.00813959 -0.0154205 -0.00813959 6.99998e-05)
(4.68651e-05 -0.0128034 -0.0154369 -0.0128034 5.29818e-05 -0.00810382 -0.0154369 -0.00810382 9.188e-05)
(-1.29768e-05 -0.0128201 -0.0154561 -0.0128201 9.47018e-05 -0.00810754 -0.0154561 -0.00810754 8.26463e-05)
(-5.43412e-05 -0.012812 -0.0154489 -0.012812 6.09757e-05 -0.0081154 -0.0154489 -0.0081154 6.52866e-05)
(3.95368e-05 -0.0127882 -0.0154297 -0.0127882 1.97866e-05 -0.00812868 -0.0154297 -0.00812868 4.67725e-05)
(-0.000158149 -0.0128254 -0.0154587 -0.0128254 0.000100986 -0.00809959 -0.0154587 -0.00809959 8.50987e-05)
(3.39982e-05 -0.0128024 -0.0154353 -0.0128024 4.24367e-05 -0.00810744 -0.0154353 -0.00810744 9.26522e-05)
(4.35331e-06 -0.0127991 -0.0154353 -0.0127991 3.29432e-05 -0.00811356 -0.0154353 -0.00811356 7.47457e-05)
(5.96573e-05 -0.0127931 -0.0154234 -0.0127931 2.59673e-05 -0.00813293 -0.0154234 -0.00813293 6.07709e-05)
(-5.31766e-05 -0.0128126 -0.0154539 -0.0128126 7.68928e-05 -0.00812079 -0.0154539 -0.00812079 6.54863e-05)
(-0.000131844 -0.012836 -0.0154355 -0.012836 0.000113397 -0.00811398 -0.0154355 -0.00811398 8.32727e-05)
(0.000165824 -0.0128207 -0.0153992 -0.0128207 0.000115773 -0.00814787 -0.0153992 -0.00814787 8.10398e-05)
(-7.03697e-05 -0.0128141 -0.0154557 -0.0128141 8.54561e-05 -0.00810338 -0.0154557 -0.00810338 8.52386e-05)
(-3.91862e-06 -0.012826 -0.0154385 -0.012826 0.000103931 -0.00810421 -0.0154385 -0.00810421 8.48201e-05)
(0.000124622 -0.0128152 -0.0154158 -0.0128152 9.53714e-05 -0.00815368 -0.0154158 -0.00815368 5.99762e-05)
(8.64272e-05 -0.0128077 -0.0154235 -0.0128077 5.85631e-05 -0.0081466 -0.0154235 -0.0081466 4.57532e-05)
(7.16156e-05 -0.0127978 -0.0154256 -0.0127978 3.9979e-05 -0.00813833 -0.0154256 -0.00813833 5.66873e-05)
(-5.50315e-05 -0.0128128 -0.0154558 -0.0128128 5.4459e-05 -0.00810392 -0.0154558 -0.00810392 8.53322e-05)
(8.84764e-05 -0.0127995 -0.0154128 -0.0127995 5.12889e-05 -0.00815361 -0.0154128 -0.00815361 0.000126941)
(8.77264e-05 -0.0128042 -0.0154221 -0.0128042 2.75544e-05 -0.00813096 -0.0154221 -0.00813096 4.73991e-05)
(0.000158928 -0.0128376 -0.0153996 -0.0128376 0.000106004 -0.00811494 -0.0153996 -0.00811494 9.16434e-05)
(-0.000177384 -0.012833 -0.0154459 -0.012833 0.000110828 -0.00811173 -0.0154459 -0.00811173 7.98087e-05)
(-2.12046e-06 -0.0127969 -0.0154345 -0.0127969 3.36476e-05 -0.00811488 -0.0154345 -0.00811488 0.000108342)
(0.000459654 -0.0128598 -0.015302 -0.0128598 0.000107287 -0.00812766 -0.015302 -0.00812766 0.000102696)
(-7.94842e-05 -0.0128402 -0.0154292 -0.0128402 0.000113685 -0.00811681 -0.0154292 -0.00811681 8.42634e-05)
(7.89286e-05 -0.0128004 -0.015418 -0.0128004 2.95936e-05 -0.00813421 -0.015418 -0.00813421 4.92547e-05)
(5.10028e-05 -0.0127968 -0.0154354 -0.0127968 2.31608e-05 -0.00812854 -0.0154354 -0.00812854 3.56446e-05)
(6.14163e-06 -0.0128008 -0.0154394 -0.0128008 3.91388e-05 -0.00811459 -0.0154394 -0.00811459 6.88885e-05)
(0.000126376 -0.0128304 -0.0154273 -0.0128304 0.000114459 -0.00814821 -0.0154273 -0.00814821 2.91036e-05)
(0.000136 -0.012798 -0.015428 -0.012798 9.93929e-05 -0.00814502 -0.015428 -0.00814502 3.46302e-05)
(0.000142113 -0.0128032 -0.0154102 -0.0128032 9.97198e-05 -0.00815012 -0.0154102 -0.00815012 7.9249e-05)
(0.000138732 -0.0128401 -0.0154039 -0.0128401 0.00012005 -0.00814988 -0.0154039 -0.00814988 6.71452e-05)
(7.537e-05 -0.0127976 -0.0154168 -0.0127976 2.65897e-05 -0.00813108 -0.0154168 -0.00813108 7.08562e-05)
(0.000233598 -0.012828 -0.0154101 -0.012828 0.000128213 -0.00814519 -0.0154101 -0.00814519 5.41058e-05)
(6.62236e-05 -0.0127972 -0.01542 -0.0127972 2.83933e-05 -0.00812048 -0.01542 -0.00812048 9.98169e-05)
(1.52155e-05 -0.0127961 -0.0154316 -0.0127961 3.18857e-05 -0.00811573 -0.0154316 -0.00811573 7.67136e-05)
(7.98401e-05 -0.0127977 -0.0154151 -0.0127977 3.25402e-05 -0.00813764 -0.0154151 -0.00813764 8.06581e-05)
(6.94333e-05 -0.0127966 -0.0154181 -0.0127966 2.49013e-05 -0.00812912 -0.0154181 -0.00812912 6.84303e-05)
(-0.000144187 -0.0128327 -0.0154537 -0.0128327 9.77938e-05 -0.00811809 -0.0154537 -0.00811809 6.84792e-05)
(8.31864e-05 -0.0128 -0.0154191 -0.0128 3.34998e-05 -0.00813663 -0.0154191 -0.00813663 0.00011199)
(6.6199e-05 -0.0127972 -0.0154199 -0.0127972 3.55812e-05 -0.00814055 -0.0154199 -0.00814055 6.1006e-05)
(-3.03769e-07 -0.0128274 -0.0154383 -0.0128274 0.000105373 -0.00810479 -0.0154383 -0.00810479 8.41167e-05)
(-1.92846e-05 -0.0128105 -0.0154526 -0.0128105 7.88584e-05 -0.00810715 -0.0154526 -0.00810715 8.21403e-05)
(0.000114565 -0.0128061 -0.0154244 -0.0128061 8.45679e-05 -0.00814912 -0.0154244 -0.00814912 4.23384e-05)
(4.09776e-05 -0.0127902 -0.0154247 -0.0127902 2.14061e-05 -0.00812623 -0.0154247 -0.00812623 6.57947e-05)
(-0.000110255 -0.0128168 -0.0154645 -0.0128168 8.71299e-05 -0.00809559 -0.0154645 -0.00809559 9.16137e-05)
(4.70963e-05 -0.0127915 -0.0154206 -0.0127915 2.33472e-05 -0.00812453 -0.0154206 -0.00812453 8.21879e-05)
(5.05745e-05 -0.0127914 -0.0154262 -0.0127914 2.25181e-05 -0.00812863 -0.0154262 -0.00812863 6.52087e-05)
(4.23849e-05 -0.0127915 -0.0154235 -0.0127915 2.22186e-05 -0.00812448 -0.0154235 -0.00812448 6.48804e-05)
(2.48633e-07 -0.0127965 -0.015438 -0.0127965 4.74593e-05 -0.00812251 -0.015438 -0.00812251 6.30659e-05)
(-0.00018581 -0.0128293 -0.0154522 -0.0128293 0.000103643 -0.00811142 -0.0154522 -0.00811142 7.82692e-05)
(4.61602e-05 -0.0127935 -0.0154203 -0.0127935 2.70409e-05 -0.00811927 -0.0154203 -0.00811927 9.24069e-05)
(1.29642e-05 -0.0127986 -0.0154382 -0.0127986 5.97135e-05 -0.00810875 -0.0154382 -0.00810875 8.48268e-05)
(-0.000148259 -0.0128183 -0.0154593 -0.0128183 9.85045e-05 -0.00810038 -0.0154593 -0.00810038 8.61452e-05)
(5.32066e-05 -0.0127899 -0.0154271 -0.0127899 2.61968e-05 -0.00813404 -0.0154271 -0.00813404 4.99451e-05)
(3.1073e-05 -0.0127938 -0.0154304 -0.0127938 2.73338e-05 -0.00812316 -0.0154304 -0.00812316 5.33148e-05)
(3.83258e-05 -0.0127913 -0.0154252 -0.0127913 2.11444e-05 -0.00812435 -0.0154252 -0.00812435 7.44416e-05)
(-8.32268e-05 -0.0128174 -0.0154646 -0.0128174 6.84488e-05 -0.00809829 -0.0154646 -0.00809829 9.70358e-05)
(0.000454328 -0.012862 -0.0153175 -0.012862 0.000120486 -0.00812824 -0.0153175 -0.00812824 0.000102413)
(-4.03004e-05 -0.012807 -0.0154466 -0.012807 8.51809e-05 -0.00811261 -0.0154466 -0.00811261 8.03171e-05)
(-1.56397e-05 -0.0128054 -0.0154441 -0.0128054 7.11459e-05 -0.00810267 -0.0154441 -0.00810267 9.38535e-05)
(-1.79049e-05 -0.0128019 -0.015439 -0.0128019 4.29444e-05 -0.00810683 -0.015439 -0.00810683 9.41531e-05)
(-9.07185e-05 -0.0128153 -0.01546 -0.0128153 7.19144e-05 -0.00809886 -0.01546 -0.00809886 0.000102647)
(0.000609883 -0.0128688 -0.0152598 -0.0128688 0.00010835 -0.00813675 -0.0152598 -0.00813675 0.000110497)
(0.00017881 -0.0128569 -0.0153557 -0.0128569 0.00011635 -0.00812833 -0.0153557 -0.00812833 0.000100815)
(-4.83041e-05 -0.012808 -0.0154478 -0.012808 6.73355e-05 -0.00810839 -0.0154478 -0.00810839 7.98984e-05)
(0.000193327 -0.0128372 -0.0154318 -0.0128372 0.000121436 -0.00814549 -0.0154318 -0.00814549 3.04894e-05)
(-2.83371e-05 -0.012807 -0.0154502 -0.012807 5.33499e-05 -0.00811843 -0.0154502 -0.00811843 6.16047e-05)
(8.80067e-05 -0.0128111 -0.0154293 -0.0128111 7.52507e-05 -0.00813924 -0.0154293 -0.00813924 2.6076e-05)
(0.000147387 -0.0128042 -0.015428 -0.0128042 0.000106913 -0.00814562 -0.015428 -0.00814562 3.33406e-05)
(-0.000140572 -0.0128176 -0.0154594 -0.0128176 7.69978e-05 -0.00810073 -0.0154594 -0.00810073 8.98986e-05)
(0.000131002 -0.0128217 -0.0154049 -0.0128217 7.17376e-05 -0.00815189 -0.0154049 -0.00815189 9.64125e-05)
(8.35344e-05 -0.0128002 -0.0154145 -0.0128002 3.52357e-05 -0.00813997 -0.0154145 -0.00813997 8.45513e-05)
(0.000140421 -0.0128134 -0.0154085 -0.0128134 0.000103177 -0.00815187 -0.0154085 -0.00815187 7.6863e-05)
(4.38719e-05 -0.0127977 -0.0154257 -0.0127977 3.86808e-05 -0.00811056 -0.0154257 -0.00811056 0.000103822)
(7.25757e-05 -0.0127952 -0.015421 -0.0127952 3.5903e-05 -0.00814137 -0.015421 -0.00814137 7.4059e-05)
(7.55269e-05 -0.0127973 -0.0154156 -0.0127973 3.32525e-05 -0.00813888 -0.0154156 -0.00813888 7.969e-05)
(8.16664e-05 -0.0128055 -0.0154204 -0.0128055 3.78079e-05 -0.00813832 -0.0154204 -0.00813832 5.11877e-05)
(-0.000140456 -0.0128412 -0.0154317 -0.0128412 0.000114443 -0.00811613 -0.0154317 -0.00811613 8.2056e-05)
(-0.00011293 -0.0128183 -0.0154618 -0.0128183 7.87712e-05 -0.00809814 -0.0154618 -0.00809814 9.2768e-05)
(7.08391e-05 -0.0127976 -0.0154188 -0.0127976 2.66965e-05 -0.00813199 -0.0154188 -0.00813199 6.36241e-05)
(-6.02394e-05 -0.012814 -0.0154498 -0.012814 0.000100158 -0.00810617 -0.0154498 -0.00810617 8.25176e-05)
(2.90628e-05 -0.0127971 -0.0154301 -0.0127971 3.73844e-05 -0.00811293 -0.0154301 -0.00811293 8.02093e-05)
(0.000111151 -0.0128016 -0.0154239 -0.0128016 7.56524e-05 -0.00814858 -0.0154239 -0.00814858 4.94122e-05)
(4.60932e-05 -0.0127933 -0.0154226 -0.0127933 2.37431e-05 -0.00812132 -0.0154226 -0.00812132 8.37467e-05)
(2.50736e-05 -0.0128009 -0.0154334 -0.0128009 4.18875e-05 -0.0081097 -0.0154334 -0.0081097 0.000108996)
(2.73833e-05 -0.0127923 -0.015427 -0.0127923 2.65128e-05 -0.00811819 -0.015427 -0.00811819 8.03262e-05)
(3.61177e-05 -0.0127954 -0.0154317 -0.0127954 2.45606e-05 -0.00811877 -0.0154317 -0.00811877 8.14262e-05)
(2.98507e-05 -0.0127913 -0.0154246 -0.0127913 2.46772e-05 -0.00812121 -0.0154246 -0.00812121 6.75934e-05)
(1.99464e-05 -0.0127928 -0.0154322 -0.0127928 4.11475e-05 -0.00812214 -0.0154322 -0.00812214 6.45953e-05)
(-2.69347e-05 -0.0127987 -0.0154375 -0.0127987 3.97775e-05 -0.00811655 -0.0154375 -0.00811655 7.0972e-05)
(-2.20118e-05 -0.012805 -0.0154429 -0.012805 5.21571e-05 -0.0081103 -0.0154429 -0.0081103 7.67019e-05)
(5.46338e-05 -0.0127892 -0.015416 -0.0127892 2.66904e-05 -0.00812061 -0.015416 -0.00812061 7.69841e-05)
(2.13935e-05 -0.0127941 -0.0154249 -0.0127941 3.32563e-05 -0.00811737 -0.0154249 -0.00811737 0.000110816)
(4.61501e-05 -0.012791 -0.0154297 -0.012791 2.15422e-05 -0.00812916 -0.0154297 -0.00812916 4.95695e-05)
(-8.32644e-05 -0.0128186 -0.0154538 -0.0128186 8.41766e-05 -0.00812356 -0.0154538 -0.00812356 6.14964e-05)
(3.52785e-05 -0.0127886 -0.0154249 -0.0127886 2.03884e-05 -0.00812827 -0.0154249 -0.00812827 6.41858e-05)
(-8.19425e-05 -0.0128171 -0.0154654 -0.0128171 7.5964e-05 -0.00809762 -0.0154654 -0.00809762 9.81727e-05)
(0.000547458 -0.0128666 -0.0152914 -0.0128666 0.000112273 -0.0081377 -0.0152914 -0.0081377 0.000114338)
(2.78196e-05 -0.0127888 -0.0154214 -0.0127888 2.6479e-05 -0.00812145 -0.0154214 -0.00812145 7.53296e-05)
(8.5634e-05 -0.0127966 -0.0154125 -0.0127966 3.00416e-05 -0.008124 -0.0154125 -0.008124 0.000106544)
(-0.000142823 -0.012822 -0.0154725 -0.012822 8.74852e-05 -0.00809593 -0.0154725 -0.00809593 9.53789e-05)
(-9.14116e-05 -0.0128113 -0.0154553 -0.0128113 7.66802e-05 -0.00809815 -0.0154553 -0.00809815 9.62653e-05)
(-0.000130879 -0.0128166 -0.0154573 -0.0128166 9.73462e-05 -0.00810126 -0.0154573 -0.00810126 8.61934e-05)
(-0.000120015 -0.0128216 -0.0154556 -0.0128216 8.08443e-05 -0.00811322 -0.0154556 -0.00811322 7.12177e-05)
(-0.000136437 -0.0128196 -0.0154595 -0.0128196 8.41536e-05 -0.00810159 -0.0154595 -0.00810159 8.56475e-05)
(0.00026251 -0.0128412 -0.0154252 -0.0128412 0.000125908 -0.00814583 -0.0154252 -0.00814583 3.24863e-05)
(4.69328e-05 -0.0127946 -0.0154291 -0.0127946 2.31017e-05 -0.00812337 -0.0154291 -0.00812337 5.94341e-05)
(4.91995e-05 -0.0127934 -0.0154307 -0.0127934 2.56706e-05 -0.00813236 -0.0154307 -0.00813236 3.23964e-05)
(8.85289e-05 -0.0127945 -0.0154288 -0.0127945 6.61867e-05 -0.00814304 -0.0154288 -0.00814304 3.39008e-05)
(-7.88749e-05 -0.0128373 -0.0154195 -0.0128373 0.000114828 -0.00810868 -0.0154195 -0.00810868 9.05383e-05)
(5.88343e-05 -0.0127954 -0.0154225 -0.0127954 3.6779e-05 -0.00811138 -0.0154225 -0.00811138 9.46178e-05)
(8.26923e-05 -0.0127993 -0.0154136 -0.0127993 3.57686e-05 -0.00814101 -0.0154136 -0.00814101 9.03562e-05)
(-9.75788e-06 -0.0127996 -0.0154366 -0.0127996 4.14735e-05 -0.00811107 -0.0154366 -0.00811107 8.16234e-05)
(1.22779e-05 -0.0127967 -0.0154286 -0.0127967 4.29562e-05 -0.00810917 -0.0154286 -0.00810917 9.78416e-05)
(4.40658e-05 -0.0127897 -0.0154241 -0.0127897 2.3213e-05 -0.00812864 -0.0154241 -0.00812864 6.36054e-05)
(2.98171e-05 -0.0127932 -0.0154245 -0.0127932 3.09143e-05 -0.00811635 -0.0154245 -0.00811635 7.88603e-05)
(8.84274e-05 -0.0128065 -0.0154193 -0.0128065 3.68987e-05 -0.00813762 -0.0154193 -0.00813762 5.19015e-05)
(-0.000158537 -0.0128247 -0.0154562 -0.0128247 9.84098e-05 -0.00810577 -0.0154562 -0.00810577 8.06988e-05)
(-0.000170945 -0.0128249 -0.0154568 -0.0128249 9.26115e-05 -0.00810719 -0.0154568 -0.00810719 7.95957e-05)
(2.8561e-05 -0.0127979 -0.0154335 -0.0127979 3.62996e-05 -0.00811373 -0.0154335 -0.00811373 7.46746e-05)
(-3.8936e-05 -0.0128046 -0.0154434 -0.0128046 8.09572e-05 -0.00810775 -0.0154434 -0.00810775 8.66774e-05)
(5.86466e-05 -0.0127924 -0.0154162 -0.0127924 2.53634e-05 -0.00812832 -0.0154162 -0.00812832 7.97527e-05)
(3.10742e-05 -0.0127903 -0.0154317 -0.0127903 2.01728e-05 -0.00812554 -0.0154317 -0.00812554 5.07884e-05)
(4.68495e-05 -0.0127935 -0.015423 -0.0127935 2.37605e-05 -0.00812083 -0.015423 -0.00812083 8.15813e-05)
(1.27353e-05 -0.0127965 -0.0154295 -0.0127965 3.85154e-05 -0.00811072 -0.0154295 -0.00811072 0.000104414)
(1.92165e-05 -0.0127923 -0.0154292 -0.0127923 2.78761e-05 -0.0081185 -0.0154292 -0.0081185 7.4402e-05)
(8.31344e-06 -0.0128034 -0.0154428 -0.0128034 3.79544e-05 -0.00810974 -0.0154428 -0.00810974 9.76556e-05)
(-2.48778e-05 -0.0128022 -0.0154391 -0.0128022 4.96779e-05 -0.00810799 -0.0154391 -0.00810799 8.74437e-05)
(-3.18857e-05 -0.0128044 -0.0154472 -0.0128044 6.99529e-05 -0.00811568 -0.0154472 -0.00811568 7.30922e-05)
(2.40526e-05 -0.0127887 -0.0154279 -0.0127887 2.12047e-05 -0.00812407 -0.0154279 -0.00812407 6.418e-05)
(6.96841e-05 -0.0127969 -0.0154201 -0.0127969 2.89141e-05 -0.00813446 -0.0154201 -0.00813446 6.71971e-05)
(6.94561e-05 -0.0127919 -0.015411 -0.0127919 2.5581e-05 -0.0081291 -0.015411 -0.0081291 7.90887e-05)
(4.39988e-05 -0.0127917 -0.0154193 -0.0127917 2.76859e-05 -0.00812654 -0.0154193 -0.00812654 0.000108846)
(9.27231e-05 -0.0128013 -0.0154185 -0.0128013 4.59673e-05 -0.00814573 -0.0154185 -0.00814573 7.92479e-05)
(1.72007e-05 -0.0127927 -0.0154338 -0.0127927 3.01563e-05 -0.00812691 -0.0154338 -0.00812691 4.83125e-05)
(4.33713e-05 -0.0127889 -0.0154209 -0.0127889 2.47652e-05 -0.00813225 -0.0154209 -0.00813225 8.4832e-05)
(-3.67333e-05 -0.0128043 -0.0154456 -0.0128043 5.8306e-05 -0.00810287 -0.0154456 -0.00810287 9.87442e-05)
(-9.96129e-05 -0.0128181 -0.0154567 -0.0128181 7.89265e-05 -0.00811596 -0.0154567 -0.00811596 6.77566e-05)
(5.05088e-05 -0.0127949 -0.0154226 -0.0127949 2.78418e-05 -0.00812267 -0.0154226 -0.00812267 0.000105109)
(0.000109543 -0.0128033 -0.015411 -0.0128033 2.93721e-05 -0.00813061 -0.015411 -0.00813061 7.50826e-05)
(-7.34553e-05 -0.0128119 -0.0154552 -0.0128119 6.82633e-05 -0.00809958 -0.0154552 -0.00809958 9.84658e-05)
(-8.50937e-05 -0.0128116 -0.0154553 -0.0128116 6.9462e-05 -0.00809906 -0.0154553 -0.00809906 9.73963e-05)
(7.37327e-05 -0.0127955 -0.0154134 -0.0127955 3.24674e-05 -0.00813825 -0.0154134 -0.00813825 0.000110443)
(7.11019e-05 -0.0127933 -0.0154228 -0.0127933 3.52837e-05 -0.00814078 -0.0154228 -0.00814078 7.04265e-05)
(-6.97277e-05 -0.0128115 -0.0154532 -0.0128115 5.94283e-05 -0.00810186 -0.0154532 -0.00810186 9.32757e-05)
(7.34718e-05 -0.0127978 -0.0154212 -0.0127978 4.43261e-05 -0.00814606 -0.0154212 -0.00814606 8.00548e-05)
(6.26045e-05 -0.0127944 -0.0154214 -0.0127944 2.35877e-05 -0.00812743 -0.0154214 -0.00812743 6.47767e-05)
(4.37111e-05 -0.0127914 -0.0154251 -0.0127914 2.1405e-05 -0.0081266 -0.0154251 -0.0081266 6.00601e-05)
(4.88191e-05 -0.0127919 -0.0154307 -0.0127919 3.13226e-05 -0.00813409 -0.0154307 -0.00813409 2.82271e-05)
(-0.000152182 -0.0128306 -0.0154429 -0.0128306 0.00011096 -0.00810525 -0.0154429 -0.00810525 8.61836e-05)
(-0.000103849 -0.0128162 -0.0154569 -0.0128162 9.10864e-05 -0.00810313 -0.0154569 -0.00810313 8.49245e-05)
(7.19732e-05 -0.012796 -0.0154148 -0.012796 2.82522e-05 -0.00813384 -0.0154148 -0.00813384 8.00904e-05)
(-0.000139783 -0.012822 -0.015454 -0.012822 9.7624e-05 -0.00810943 -0.015454 -0.00810943 7.97781e-05)
(2.65874e-05 -0.0127924 -0.0154227 -0.0127924 3.20532e-05 -0.00811496 -0.0154227 -0.00811496 9.17715e-05)
(1.15575e-06 -0.0127998 -0.0154404 -0.0127998 3.62292e-05 -0.00812388 -0.0154404 -0.00812388 5.16969e-05)
(-0.000127289 -0.0128224 -0.0154536 -0.0128224 9.67894e-05 -0.00811079 -0.0154536 -0.00811079 7.96313e-05)
(8.59065e-05 -0.0128002 -0.015415 -0.0128002 2.85415e-05 -0.00813297 -0.015415 -0.00813297 6.38369e-05)
(-3.81573e-05 -0.0128067 -0.0154475 -0.0128067 6.09614e-05 -0.00810477 -0.0154475 -0.00810477 8.53773e-05)
(-2.83763e-05 -0.0128031 -0.0154424 -0.0128031 4.10796e-05 -0.00811405 -0.0154424 -0.00811405 7.09128e-05)
(3.78994e-06 -0.0127977 -0.0154371 -0.0127977 4.3106e-05 -0.00811571 -0.0154371 -0.00811571 7.03011e-05)
(5.42191e-06 -0.0127954 -0.0154299 -0.0127954 5.21792e-05 -0.00811195 -0.0154299 -0.00811195 8.7622e-05)
(7.9049e-05 -0.0128005 -0.015419 -0.0128005 4.43499e-05 -0.00814653 -0.015419 -0.00814653 7.53547e-05)
(3.32151e-05 -0.0127907 -0.0154339 -0.0127907 1.96159e-05 -0.00812757 -0.0154339 -0.00812757 3.99404e-05)
(3.91008e-05 -0.0127918 -0.0154266 -0.0127918 2.14111e-05 -0.0081232 -0.0154266 -0.0081232 6.36557e-05)
(4.31325e-05 -0.0127894 -0.0154154 -0.0127894 2.58097e-05 -0.00812474 -0.0154154 -0.00812474 9.9988e-05)
(1.8804e-05 -0.0127883 -0.0154281 -0.0127883 2.50188e-05 -0.00812474 -0.0154281 -0.00812474 5.9595e-05)
(-1.24614e-05 -0.012801 -0.0154418 -0.012801 3.93878e-05 -0.00810977 -0.0154418 -0.00810977 8.92517e-05)
(-6.85571e-06 -0.0128038 -0.0154397 -0.0128038 4.99893e-05 -0.00810533 -0.0154397 -0.00810533 0.000100929)
(-1.06766e-05 -0.0128003 -0.015442 -0.0128003 5.6059e-05 -0.00811415 -0.015442 -0.00811415 7.36266e-05)
(-2.20869e-05 -0.0128025 -0.0154431 -0.0128025 3.90398e-05 -0.00810959 -0.0154431 -0.00810959 8.3466e-05)
(5.25443e-05 -0.0127929 -0.0154222 -0.0127929 2.33488e-05 -0.00813008 -0.0154222 -0.00813008 5.92252e-05)
(8.04771e-05 -0.0127947 -0.0154099 -0.0127947 2.72032e-05 -0.00813137 -0.0154099 -0.00813137 7.53789e-05)
(-5.85598e-06 -0.0127987 -0.0154353 -0.0127987 4.13192e-05 -0.00810817 -0.0154353 -0.00810817 9.59905e-05)
(4.90968e-05 -0.0127918 -0.0154204 -0.0127918 2.48196e-05 -0.00812507 -0.0154204 -0.00812507 8.55689e-05)
(5.84167e-05 -0.0127959 -0.0154259 -0.0127959 2.96622e-05 -0.00813522 -0.0154259 -0.00813522 3.93958e-05)
(1.801e-05 -0.0127901 -0.0154228 -0.0127901 2.61284e-05 -0.00811768 -0.0154228 -0.00811768 9.43746e-05)
(3.95467e-05 -0.0127901 -0.0154181 -0.0127901 2.5985e-05 -0.00812139 -0.0154181 -0.00812139 9.48338e-05)
(4.79789e-05 -0.0127905 -0.0154295 -0.0127905 2.48665e-05 -0.00813302 -0.0154295 -0.00813302 4.48814e-05)
(-0.000158865 -0.0128193 -0.0154595 -0.0128193 9.46596e-05 -0.00810091 -0.0154595 -0.00810091 8.64727e-05)
(4.07319e-05 -0.0127953 -0.0154293 -0.0127953 4.57787e-05 -0.00811195 -0.0154293 -0.00811195 8.59093e-05)
(8.7849e-05 -0.0128061 -0.0154221 -0.0128061 6.13875e-05 -0.00814863 -0.0154221 -0.00814863 5.66567e-05)
(1.54487e-05 -0.0127917 -0.0154276 -0.0127917 2.69003e-05 -0.00811723 -0.0154276 -0.00811723 7.51441e-05)
(5.71194e-05 -0.0127918 -0.0154163 -0.0127918 2.78961e-05 -0.0081319 -0.0154163 -0.0081319 0.000101977)
(8.27421e-05 -0.0127974 -0.0154191 -0.0127974 3.55731e-05 -0.00814047 -0.0154191 -0.00814047 9.52357e-05)
(-2.29301e-05 -0.0128011 -0.0154396 -0.0128011 4.10936e-05 -0.00810775 -0.0154396 -0.00810775 9.35958e-05)
(1.26737e-05 -0.0127902 -0.0154246 -0.0127902 2.75993e-05 -0.00812034 -0.0154246 -0.00812034 0.000104156)
(4.50824e-05 -0.0127902 -0.0154228 -0.0127902 2.27266e-05 -0.00812753 -0.0154228 -0.00812753 5.8921e-05)
(2.70246e-05 -0.0127924 -0.0154278 -0.0127924 2.37616e-05 -0.00811932 -0.0154278 -0.00811932 7.42606e-05)
(-1.28866e-05 -0.0128013 -0.0154446 -0.0128013 4.14569e-05 -0.00812375 -0.0154446 -0.00812375 4.62982e-05)
(-9.96184e-05 -0.0128103 -0.0154523 -0.0128103 7.32153e-05 -0.00810295 -0.0154523 -0.00810295 8.80827e-05)
(-0.000146857 -0.0128229 -0.0154539 -0.0128229 0.000102345 -0.00810423 -0.0154539 -0.00810423 8.3978e-05)
(7.73941e-05 -0.0127983 -0.0154157 -0.0127983 2.8998e-05 -0.00813367 -0.0154157 -0.00813367 8.0039e-05)
(-9.697e-05 -0.0128123 -0.0154537 -0.0128123 7.87888e-05 -0.00810705 -0.0154537 -0.00810705 8.1666e-05)
(2.46209e-05 -0.012795 -0.015427 -0.012795 3.27805e-05 -0.00811357 -0.015427 -0.00811357 9.31163e-05)
(4.03317e-05 -0.0127929 -0.0154355 -0.0127929 2.26471e-05 -0.00813024 -0.0154355 -0.00813024 3.86104e-05)
(-0.000112258 -0.0128148 -0.0154542 -0.0128148 8.23385e-05 -0.00810583 -0.0154542 -0.00810583 8.43827e-05)
(5.2308e-05 -0.0127915 -0.0154186 -0.0127915 2.87571e-05 -0.00811744 -0.0154186 -0.00811744 8.03289e-05)
(3.28587e-05 -0.0127907 -0.0154222 -0.0127907 2.48516e-05 -0.00812017 -0.0154222 -0.00812017 7.2353e-05)
(4.42281e-05 -0.0127871 -0.0154259 -0.0127871 2.37331e-05 -0.00813046 -0.0154259 -0.00813046 7.34257e-05)
(3.75747e-05 -0.0127892 -0.0154226 -0.0127892 2.3563e-05 -0.0081263 -0.0154226 -0.0081263 5.78906e-05)
(7.89927e-05 -0.0127994 -0.0154137 -0.0127994 3.87994e-05 -0.00814327 -0.0154137 -0.00814327 7.85264e-05)
(0.000113587 -0.0128135 -0.0154183 -0.0128135 9.24136e-05 -0.00815442 -0.0154183 -0.00815442 5.77766e-05)
(7.31664e-05 -0.0127971 -0.0154301 -0.0127971 4.61296e-05 -0.00813557 -0.0154301 -0.00813557 2.79667e-05)
(3.90101e-05 -0.0127902 -0.0154272 -0.0127902 2.04207e-05 -0.00812693 -0.0154272 -0.00812693 5.67886e-05)
(6.30687e-05 -0.0127933 -0.0154147 -0.0127933 3.31525e-05 -0.0081402 -0.0154147 -0.0081402 8.63256e-05)
(6.02407e-06 -0.0127907 -0.0154316 -0.0127907 3.33397e-05 -0.00812175 -0.0154316 -0.00812175 6.40161e-05)
(-8.44603e-06 -0.0127959 -0.0154366 -0.0127959 3.29403e-05 -0.0081138 -0.0154366 -0.0081138 8.00062e-05)
(5.71944e-06 -0.0128014 -0.0154368 -0.0128014 4.52192e-05 -0.00810666 -0.0154368 -0.00810666 0.00010176)
(3.84891e-05 -0.0127927 -0.0154282 -0.0127927 3.18314e-05 -0.00812005 -0.0154282 -0.00812005 6.47657e-05)
(-9.91146e-05 -0.0128145 -0.015457 -0.0128145 6.66024e-05 -0.00810134 -0.015457 -0.00810134 8.96629e-05)
(-9.19823e-05 -0.0128145 -0.0154534 -0.0128145 7.30947e-05 -0.00811375 -0.0154534 -0.00811375 6.9017e-05)
(7.18145e-05 -0.0127918 -0.0154127 -0.0127918 2.52304e-05 -0.00812742 -0.0154127 -0.00812742 6.62149e-05)
(-6.16172e-05 -0.0128065 -0.0154482 -0.0128065 6.42109e-05 -0.00810417 -0.0154482 -0.00810417 8.75011e-05)
(4.23532e-06 -0.0127966 -0.015433 -0.0127966 3.35455e-05 -0.00811337 -0.015433 -0.00811337 8.40973e-05)
(4.88801e-05 -0.0127918 -0.0154217 -0.0127918 2.19511e-05 -0.00812762 -0.0154217 -0.00812762 5.68754e-05)
(2.30235e-05 -0.0127885 -0.0154206 -0.0127885 2.37305e-05 -0.00812059 -0.0154206 -0.00812059 8.60381e-05)
(5.56988e-05 -0.0127916 -0.0154191 -0.0127916 2.6154e-05 -0.00813285 -0.0154191 -0.00813285 7.75453e-05)
(8.08754e-05 -0.0128061 -0.0154242 -0.0128061 5.76894e-05 -0.00814604 -0.0154242 -0.00814604 4.87698e-05)
(-0.000108728 -0.0128135 -0.0154531 -0.0128135 8.94451e-05 -0.00810655 -0.0154531 -0.00810655 8.39469e-05)
(1.54156e-05 -0.0127963 -0.0154326 -0.0127963 4.06689e-05 -0.0081141 -0.0154326 -0.0081141 8.27662e-05)
(5.88373e-05 -0.0127916 -0.0154198 -0.0127916 2.81805e-05 -0.00813483 -0.0154198 -0.00813483 9.11108e-05)
(-6.5086e-06 -0.0127964 -0.0154359 -0.0127964 4.026e-05 -0.008114 -0.0154359 -0.008114 7.44814e-05)
(2.13115e-05 -0.0127938 -0.015425 -0.0127938 3.14944e-05 -0.00811524 -0.015425 -0.00811524 9.78245e-05)
(3.62436e-05 -0.0128006 -0.0154321 -0.0128006 3.49024e-05 -0.00811298 -0.0154321 -0.00811298 0.000104174)
(7.89729e-06 -0.0127959 -0.0154321 -0.0127959 3.10719e-05 -0.00811355 -0.0154321 -0.00811355 9.66126e-05)
(-6.98519e-07 -0.0127937 -0.0154301 -0.0127937 3.22994e-05 -0.0081183 -0.0154301 -0.0081183 0.000111812)
(7.25101e-05 -0.0127983 -0.0154192 -0.0127983 3.43341e-05 -0.00813914 -0.0154192 -0.00813914 6.38335e-05)
(4.20046e-05 -0.0127919 -0.0154226 -0.0127919 2.2872e-05 -0.00812196 -0.0154226 -0.00812196 7.69048e-05)
(-0.000146567 -0.0128252 -0.0154553 -0.0128252 9.71417e-05 -0.00811349 -0.0154553 -0.00811349 7.05864e-05)
(-3.75097e-05 -0.0128014 -0.0154398 -0.0128014 5.12643e-05 -0.00810593 -0.0154398 -0.00810593 9.2719e-05)
(-0.000162434 -0.0128194 -0.015456 -0.0128194 9.6326e-05 -0.00810465 -0.015456 -0.00810465 8.36338e-05)
(6.20034e-05 -0.0127942 -0.0154171 -0.0127942 2.60188e-05 -0.00812362 -0.0154171 -0.00812362 9.33448e-05)
(-3.10866e-06 -0.012799 -0.0154359 -0.012799 4.57622e-05 -0.00810824 -0.0154359 -0.00810824 8.93677e-05)
(1.08712e-05 -0.012797 -0.0154325 -0.012797 3.49472e-05 -0.00811211 -0.0154325 -0.00811211 8.80223e-05)
(8.15129e-05 -0.012806 -0.0154292 -0.012806 6.00953e-05 -0.00814023 -0.0154292 -0.00814023 3.03414e-05)
(5.72474e-05 -0.012793 -0.0154164 -0.012793 2.76461e-05 -0.00812475 -0.0154164 -0.00812475 0.000104621)
(-2.85524e-05 -0.012801 -0.0154404 -0.012801 6.13936e-05 -0.00810663 -0.0154404 -0.00810663 8.70995e-05)
(7.37782e-05 -0.0128058 -0.0154262 -0.0128058 6.75734e-05 -0.00814977 -0.0154262 -0.00814977 4.20044e-05)
(0.000106147 -0.0127961 -0.0154209 -0.0127961 7.2971e-05 -0.00815304 -0.0154209 -0.00815304 7.32288e-05)
(4.6042e-05 -0.0127913 -0.0154239 -0.0127913 2.49379e-05 -0.00813303 -0.0154239 -0.00813303 4.75474e-05)
(0.000101222 -0.0128152 -0.0154132 -0.0128152 8.19289e-05 -0.00815522 -0.0154132 -0.00815522 7.53425e-05)
(9.97897e-05 -0.0128104 -0.0154209 -0.0128104 8.05836e-05 -0.00815317 -0.0154209 -0.00815317 5.49478e-05)
(0.000109154 -0.0128135 -0.0154269 -0.0128135 9.18865e-05 -0.00814511 -0.0154269 -0.00814511 2.99345e-05)
(3.98972e-05 -0.0127897 -0.0154232 -0.0127897 2.16251e-05 -0.00812587 -0.0154232 -0.00812587 6.62006e-05)
(4.63563e-05 -0.0127886 -0.0154159 -0.0127886 2.55543e-05 -0.00813168 -0.0154159 -0.00813168 7.292e-05)
(-4.60906e-05 -0.0128043 -0.0154469 -0.0128043 6.60335e-05 -0.00811604 -0.0154469 -0.00811604 7.30593e-05)
(-4.3418e-05 -0.012804 -0.0154445 -0.012804 4.88579e-05 -0.00810832 -0.0154445 -0.00810832 8.5214e-05)
(-9.98661e-05 -0.0128128 -0.0154572 -0.0128128 8.09958e-05 -0.00810109 -0.0154572 -0.00810109 8.72864e-05)
(3.77994e-05 -0.0127933 -0.0154313 -0.0127933 3.35893e-05 -0.00812116 -0.0154313 -0.00812116 6.04331e-05)
(-0.000140633 -0.0128171 -0.0154607 -0.0128171 8.03402e-05 -0.00809933 -0.0154607 -0.00809933 8.91839e-05)
(-0.000163263 -0.0128322 -0.0154498 -0.0128322 0.000105627 -0.00811461 -0.0154498 -0.00811461 7.49698e-05)
(4.68966e-05 -0.0127896 -0.0154226 -0.0127896 2.9525e-05 -0.00812335 -0.0154226 -0.00812335 6.20491e-05)
(-8.04094e-05 -0.0128082 -0.0154494 -0.0128082 7.11612e-05 -0.00810939 -0.0154494 -0.00810939 7.69955e-05)
(3.47522e-06 -0.0127979 -0.0154361 -0.0127979 3.28846e-05 -0.0081137 -0.0154361 -0.0081137 8.09762e-05)
(8.3004e-06 -0.0127957 -0.015433 -0.0127957 3.79804e-05 -0.00811246 -0.015433 -0.00811246 7.43948e-05)
(6.15499e-06 -0.0127913 -0.0154255 -0.0127913 2.87246e-05 -0.00811439 -0.0154255 -0.00811439 9.09891e-05)
(4.02265e-05 -0.0127891 -0.0154202 -0.0127891 2.37694e-05 -0.00812688 -0.0154202 -0.00812688 8.02726e-05)
(7.60773e-05 -0.0128031 -0.0154224 -0.0128031 3.78574e-05 -0.00813904 -0.0154224 -0.00813904 5.18996e-05)
