/*--------------------------------*- C++ -*----------------------------------*\
  =========                 |
  \\      /  F ield         | OpenFOAM: The Open Source CFD Toolbox
   \\    /   O peration     | Website:  https://openfoam.org
    \\  /    A nd           | Version:  10
     \\/     M anipulation  |
\*---------------------------------------------------------------------------*/
FoamFile
{
    format      ascii;
    class       volTensorField;
    location    "18";
    object      TauNN;
}
// * * * * * * * * * * * * * * * * * * * * * * * * * * * * * * * * * * * * * //

dimensions      [0 2 -2 0 0 0 0];

internalField   nonuniform List<tensor> 
25600
(
(0.00110401 -0.00195712 0.00423601 -0.00195712 0.00779523 -0.00242038 0.00423601 -0.00242038 0.00622063)
(0.000429088 -0.00235243 0.00460484 -0.00235243 0.00817303 -0.0024358 0.00460484 -0.0024358 0.00687054)
(0.000488768 -0.000644568 0.0008981 -0.000644568 0.00490968 -0.00120634 0.0008981 -0.00120634 0.00205146)
(-0.00186485 -0.00291962 0.00577309 -0.00291962 0.00983943 -0.00170493 0.00577309 -0.00170493 0.00854991)
(-0.000230248 -0.00295993 0.00655171 -0.00295993 0.0101472 -0.00229396 0.00655171 -0.00229396 0.00852239)
(-5.13712e-05 -0.00363678 0.00606619 -0.00363678 0.0098136 -0.00205472 0.00606619 -0.00205472 0.00899329)
(0.00133607 -0.0024273 0.00452821 -0.0024273 0.00799497 -0.00279711 0.00452821 -0.00279711 0.00617292)
(-0.00101968 -0.00232494 0.00503366 -0.00232494 0.00885952 -0.00147382 0.00503366 -0.00147382 0.0081807)
(0.000319048 -0.00288455 0.00588022 -0.00288455 0.00974148 -0.0018689 0.00588022 -0.0018689 0.00808623)
(-0.000617368 -0.00306477 0.00651161 -0.00306477 0.0101525 -0.00228861 0.00651161 -0.00228861 0.00873956)
(0.000962266 -0.00265856 0.00496477 -0.00265856 0.00847704 -0.00270467 0.00496477 -0.00270467 0.00691638)
(0.00771997 -0.0029972 0.000626635 -0.0029972 0.00579775 -0.00354045 0.000626635 -0.00354045 0.00494166)
(-0.00119826 -0.00253061 0.00518625 -0.00253061 0.00902966 -0.00139785 0.00518625 -0.00139785 0.00812503)
(-0.0013056 -0.0029316 0.00531297 -0.0029316 0.00917544 -0.00175711 0.00531297 -0.00175711 0.00847714)
(-0.0010888 -0.00336914 0.00554663 -0.00336914 0.00949983 -0.00144876 0.00554663 -0.00144876 0.00918686)
(-0.000981274 -0.00282476 0.0052398 -0.00282476 0.00902091 -0.00211916 0.0052398 -0.00211916 0.00797937)
(-0.00131732 -0.00323629 0.0055308 -0.00323629 0.00962976 -0.00147393 0.0055308 -0.00147393 0.00903889)
(0.00148423 -0.0035766 0.00575601 -0.0035766 0.00973889 -0.00185721 0.00575601 -0.00185721 0.00970418)
(0.00208777 -0.00282605 0.004216 -0.00282605 0.00779568 -0.0029761 0.004216 -0.0029761 0.00613941)
(-0.00153336 -0.00321849 0.00578031 -0.00321849 0.00951573 -0.00165947 0.00578031 -0.00165947 0.00858191)
(-0.000723073 -0.00325373 0.00555755 -0.00325373 0.00935848 -0.00209277 0.00555755 -0.00209277 0.00838446)
(-0.000118083 -0.00260743 0.00477302 -0.00260743 0.00860065 -0.00266957 0.00477302 -0.00266957 0.0069449)
(-0.0002217 -0.00262889 0.00492337 -0.00262889 0.00877675 -0.00259245 0.00492337 -0.00259245 0.00718516)
(0.00108462 -0.00244317 0.0043343 -0.00244317 0.00805962 -0.00284072 0.0043343 -0.00284072 0.00609882)
(0.00329798 -0.00244029 0.00352238 -0.00244029 0.00694661 -0.00300749 0.00352238 -0.00300749 0.00518892)
(-0.00113435 -0.00222608 0.00493221 -0.00222608 0.00873883 -0.0021983 0.00493221 -0.0021983 0.00733054)
(1.88867e-05 -0.00355998 0.00588222 -0.00355998 0.00980933 -0.00187822 0.00588222 -0.00187822 0.00919921)
(-0.000944722 -0.00309191 0.0064346 -0.00309191 0.0100367 -0.00217859 0.0064346 -0.00217859 0.00854725)
(0.000500116 -0.00361067 0.00580942 -0.00361067 0.00970984 -0.00196581 0.00580942 -0.00196581 0.00921489)
(3.12378e-05 -0.00268474 0.00504197 -0.00268474 0.00871771 -0.00256505 0.00504197 -0.00256505 0.00730408)
(0.00108803 -0.00251632 0.00409847 -0.00251632 0.00788225 -0.00276193 0.00409847 -0.00276193 0.00623181)
(0.0041362 -0.00310728 0.00272952 -0.00310728 0.00654234 -0.00327714 0.00272952 -0.00327714 0.00508493)
(0.00203555 -0.00252448 0.00350722 -0.00252448 0.00775841 -0.00253687 0.00350722 -0.00253687 0.00627437)
(-0.00160212 -0.00150959 0.00515086 -0.00150959 0.00906977 -0.00161123 0.00515086 -0.00161123 0.00616036)
(-0.00131059 -0.00245161 0.00529506 -0.00245161 0.00905245 -0.0017183 0.00529506 -0.0017183 0.00735662)
(-0.000624269 -0.00162208 0.00453915 -0.00162208 0.00897002 -0.0014126 0.00453915 -0.0014126 0.00684775)
(-0.00161298 -0.00221697 0.0052413 -0.00221697 0.00989325 -0.00158821 0.0052413 -0.00158821 0.0080643)
(-0.000674135 -0.00279722 0.0063971 -0.00279722 0.0101658 -0.00226565 0.0063971 -0.00226565 0.00866012)
(0.000957848 -0.00370426 0.00598419 -0.00370426 0.00986162 -0.00188406 0.00598419 -0.00188406 0.00962589)
(0.00120518 -0.00265094 0.00478 -0.00265094 0.00824077 -0.00275789 0.00478 -0.00275789 0.00668832)
(0.00271175 7.21682e-05 0.00670675 7.21682e-05 0.00803099 -0.00256257 0.00670675 -0.00256257 0.00746831)
(0.00262041 0.000168568 0.00666391 0.000168568 0.00775008 -0.00260903 0.00666391 -0.00260903 0.00711176)
(0.00196987 0.000580908 0.00569708 0.000580908 0.00848007 -0.0019026 0.00569708 -0.0019026 0.00714976)
(0.0105515 -0.00123129 0.0036002 -0.00123129 0.00937617 -0.000990104 0.0036002 -0.000990104 0.00627415)
(0.00500784 -0.00133704 0.00464081 -0.00133704 0.00895797 -0.00186678 0.00464081 -0.00186678 0.00505204)
(0.00434377 2.41119e-05 0.00473008 2.41119e-05 0.00654379 -0.00243003 0.00473008 -0.00243003 0.00465409)
(0.00275138 -0.00192492 0.00441002 -0.00192492 0.00813612 -0.00322521 0.00441002 -0.00322521 0.00614683)
(0.0060166 0.00118961 0.0065664 0.00118961 0.00804927 -0.00183241 0.0065664 -0.00183241 0.00738458)
(0.00444161 -0.00155692 0.00443929 -0.00155692 0.00935618 -0.00107036 0.00443929 -0.00107036 0.00745404)
(0.000724474 -0.00268688 0.00603097 -0.00268688 0.0100449 -0.00219732 0.00603097 -0.00219732 0.0079792)
(0.00951089 -0.00379584 0.00438983 -0.00379584 0.00943129 -0.00260009 0.00438983 -0.00260009 0.00799327)
(0.00385498 0.000494885 0.00410386 0.000494885 0.00360327 -0.00404395 0.00410386 -0.00404395 0.00583412)
(0.00554631 0.000277267 0.00656375 0.000277267 0.00832422 -0.00209233 0.00656375 -0.00209233 0.00791446)
(0.0012246 -0.00206332 0.00462805 -0.00206332 0.00934769 -0.00221946 0.00462805 -0.00221946 0.0084212)
(0.00043087 -0.00186219 0.00501342 -0.00186219 0.00953739 -0.00163075 0.00501342 -0.00163075 0.00734969)
(0.00353942 0.00111604 0.00550824 0.00111604 0.0058343 -0.00233296 0.00550824 -0.00233296 0.0051504)
(0.00471803 -0.000619537 0.0043541 -0.000619537 0.00840506 -0.000846271 0.0043541 -0.000846271 0.00707719)
(0.00546458 -0.00334309 0.0061014 -0.00334309 0.0103394 -0.00260911 0.0061014 -0.00260911 0.00887508)
(0.00296499 -0.000626808 0.00344673 -0.000626808 0.00440877 -0.00475948 0.00344673 -0.00475948 0.00633296)
(0.00142278 -0.000392677 0.00482425 -0.000392677 0.00897618 -0.00173002 0.00482425 -0.00173002 0.00706519)
(0.00319481 0.000584789 0.00448626 0.000584789 0.00710487 -0.00173115 0.00448626 -0.00173115 0.00428199)
(0.00190527 0.000110146 0.00634361 0.000110146 0.00734508 -0.00249002 0.00634361 -0.00249002 0.00649136)
(-0.000324937 -0.00213504 0.00554852 -0.00213504 0.00900345 -0.00258943 0.00554852 -0.00258943 0.00774817)
(0.00092804 -0.00150904 0.00525791 -0.00150904 0.00853654 -0.00282345 0.00525791 -0.00282345 0.00652849)
(0.00609573 -0.00388821 0.00257906 -0.00388821 0.00852461 -0.00303801 0.00257906 -0.00303801 0.00646335)
(0.00844151 -0.00296753 0.00196892 -0.00296753 0.00954224 -0.0026987 0.00196892 -0.0026987 0.00869214)
(0.0104042 -0.00365409 0.00150494 -0.00365409 0.00970152 -0.00210434 0.00150494 -0.00210434 0.00740519)
(0.00146789 -0.00244305 0.00509873 -0.00244305 0.00958426 -0.00179333 0.00509873 -0.00179333 0.00813926)
(0.00180844 -0.00243389 0.0055275 -0.00243389 0.00948953 -0.00187232 0.0055275 -0.00187232 0.00724717)
(0.00174757 -0.00203296 0.00568043 -0.00203296 0.00868392 -0.00270681 0.00568043 -0.00270681 0.00754727)
(0.00323366 0.000853245 0.00539877 0.000853245 0.00572521 -0.00307776 0.00539877 -0.00307776 0.00580266)
(0.00765368 0.000344578 0.00130571 0.000344578 0.00455646 6.81495e-05 0.00130571 6.81495e-05 0.0128895)
(0.0070808 0.00195311 0.00603145 0.00195311 0.00583118 -0.00208038 0.00603145 -0.00208038 0.00661173)
(0.00407379 0.00150047 0.00552453 0.00150047 0.00762121 -0.00134358 0.00552453 -0.00134358 0.00574799)
(0.00511932 0.00175535 0.00620124 0.00175535 0.00744472 -0.00184622 0.00620124 -0.00184622 0.00623727)
(0.00841131 0.00124638 0.00638084 0.00124638 0.00726961 -0.00101992 0.00638084 -0.00101992 0.00764956)
(0.0114683 0.000171285 0.00209827 0.000171285 0.00895994 -0.000242809 0.00209827 -0.000242809 0.00415587)
(0.00631495 -0.00186152 0.00490253 -0.00186152 0.00915832 -0.000821152 0.00490253 -0.000821152 0.00844959)
(0.00447971 -0.00344722 0.00706557 -0.00344722 0.0100061 -0.0023655 0.00706557 -0.0023655 0.00933294)
(0.00360831 -0.00110294 0.00523823 -0.00110294 0.00788324 -0.00317316 0.00523823 -0.00317316 0.00624161)
(0.00880023 -0.00336121 0.00419094 -0.00336121 0.0104244 -0.00188028 0.00419094 -0.00188028 0.00571927)
(0.00816292 -0.00233532 0.00385192 -0.00233532 0.0101122 -0.00208394 0.00385192 -0.00208394 0.00446169)
(0.00165651 -0.00132411 0.00416737 -0.00132411 0.00946344 -0.00102569 0.00416737 -0.00102569 0.00590389)
(0.0182354 -0.00396603 0.00481724 -0.00396603 0.0107553 -0.00214248 0.00481724 -0.00214248 0.0137271)
(0.0143724 -0.00337587 0.00272262 -0.00337587 0.00957334 -0.000909228 0.00272262 -0.000909228 0.00373163)
(0.0150425 -0.000222095 0.00473828 -0.000222095 0.0083904 -0.00133581 0.00473828 -0.00133581 0.00381819)
(0.0032095 -0.00182472 0.00321043 -0.00182472 0.00808811 -0.00448818 0.00321043 -0.00448818 0.00610487)
(0.01631 -0.00297185 0.00305455 -0.00297185 0.00991439 0.000416998 0.00305455 0.000416998 0.00481858)
(0.00895719 0.00211402 0.00459863 0.00211402 0.00635679 0.000326655 0.00459863 0.000326655 0.0064598)
(0.00296361 -0.00140837 0.00155026 -0.00140837 0.00649467 0.00107588 0.00155026 0.00107588 0.00751849)
(0.0145212 -0.00491757 0.00551521 -0.00491757 0.0101115 -0.00391021 0.00551521 -0.00391021 0.00688228)
(0.000142911 -0.00344765 0.00600268 -0.00344765 0.00972599 -0.00253455 0.00600268 -0.00253455 0.00773041)
(0.0055412 -0.00157526 0.00472817 -0.00157526 0.00885573 -0.000320289 0.00472817 -0.000320289 0.00721945)
(0.0105196 0.00143968 0.00440636 0.00143968 0.00751426 -0.000416778 0.00440636 -0.000416778 0.00557901)
(0.00979391 -0.00374842 0.00526451 -0.00374842 0.0100595 -0.00134378 0.00526451 -0.00134378 0.00882587)
(0.00429738 -0.00206786 0.00481056 -0.00206786 0.010198 -0.0020871 0.00481056 -0.0020871 0.00615689)
(0.0111268 0.00053697 0.00441489 0.00053697 0.00698762 0.00118887 0.00441489 0.00118887 0.00730636)
(0.00296257 -0.00305692 0.00205615 -0.00305692 0.00709229 -0.00178626 0.00205615 -0.00178626 0.00725424)
(0.00329101 -4.57298e-05 0.00406662 -4.57298e-05 0.00538247 -0.00392852 0.00406662 -0.00392852 0.00644693)
(0.00957861 -0.00273916 0.00504555 -0.00273916 0.00960631 -0.0011202 0.00504555 -0.0011202 0.00749385)
(0.0151266 -0.00320491 0.0036242 -0.00320491 0.0100425 -0.000870543 0.0036242 -0.000870543 0.00605067)
(0.00811771 -0.00177754 0.00407927 -0.00177754 0.0100825 -0.00213197 0.00407927 -0.00213197 0.00444983)
(0.00628539 -0.00386997 0.0051541 -0.00386997 0.010435 -0.00226032 0.0051541 -0.00226032 0.00677848)
(0.00828816 -0.00398851 0.00422188 -0.00398851 0.0103216 -0.00312787 0.00422188 -0.00312787 0.00593477)
(0.00501416 -0.00482236 0.00203336 -0.00482236 0.00949672 -0.00377355 0.00203336 -0.00377355 0.00478074)
(0.020509 -0.00392641 0.00130336 -0.00392641 0.0101612 -0.000311343 0.00130336 -0.000311343 0.00559449)
(0.00884954 -0.00543589 -0.00159869 -0.00543589 0.011527 0.000293262 -0.00159869 0.000293262 0.0076183)
(0.00968262 -0.00212656 -2.45459e-05 -0.00212656 0.00670207 0.001868 -2.45459e-05 0.001868 0.00726254)
(0.0133343 -0.00504479 0.00351418 -0.00504479 0.00981541 -0.00102935 0.00351418 -0.00102935 0.00822968)
(0.0143197 -0.0072044 0.00359773 -0.0072044 0.0109297 -0.00412686 0.00359773 -0.00412686 0.00649699)
(0.00514889 -0.00303947 0.00546058 -0.00303947 0.0103838 -0.00227171 0.00546058 -0.00227171 0.00725986)
(0.00333892 -0.000474936 0.00219738 -0.000474936 0.00517049 -0.00366403 0.00219738 -0.00366403 0.00498085)
(0.00767129 -0.00210042 0.00354232 -0.00210042 0.0096452 -0.000345454 0.00354232 -0.000345454 0.00452264)
(0.0164793 -0.00347032 0.00281114 -0.00347032 0.0101405 0.000769939 0.00281114 0.000769939 0.0068357)
(0.0135715 -0.00324558 0.00410501 -0.00324558 0.0097924 -1.49012e-08 0.00410501 -1.49012e-08 0.0074825)
(0.0117835 0.00220208 0.00442674 0.00220208 0.00658098 0.00103932 0.00442674 0.00103932 0.00421673)
(0.014841 0.000507635 0.00418605 0.000507635 0.00776175 0.00118558 0.00418605 0.00118558 0.00682737)
(0.00695991 -0.00376993 -4.06373e-05 -0.00376993 0.00902664 0.00140857 -4.06373e-05 0.00140857 0.00891067)
(0.0129707 -0.00635405 0.00440813 -0.00635405 0.0104957 -0.00236786 0.00440813 -0.00236786 0.00966077)
(0.00985759 -0.00526291 0.00486408 -0.00526291 0.0108049 -0.00402284 0.00486408 -0.00402284 0.00741735)
(0.0125614 -9.52259e-05 0.00628143 -9.52259e-05 0.00850049 -0.00237359 0.00628143 -0.00237359 0.00698743)
(0.01694 -0.000718317 0.00549635 -0.000718317 0.00850021 -0.00178686 0.00549635 -0.00178686 0.00980209)
(0.0068235 -0.00296071 0.00263399 -0.00296071 0.00953348 -0.00201224 0.00263399 -0.00201224 0.00798243)
(0.0137998 -0.00227524 0.00186754 -0.00227524 0.0115036 -0.00325485 0.00186754 -0.00325485 0.0106494)
(0.0152965 -0.000219765 0.000477204 -0.000219765 0.00741521 0.00036231 0.000477204 0.00036231 0.00873749)
(0.0225603 0.00101383 0.00458012 0.00101383 0.00653542 0.000335129 0.00458012 0.000335129 0.00909052)
(0.00814412 -0.00262293 0.00303018 -0.00262293 0.00922136 -0.00326146 0.00303018 -0.00326146 0.00552626)
(0.0151951 -0.000804716 0.00424141 -0.000804716 0.00892285 -0.00100078 0.00424141 -0.00100078 0.00728601)
(0.00493433 -0.00147278 -0.000351106 -0.00147278 0.0101293 0.000547391 -0.000351106 0.000547391 0.00438576)
(0.0177039 -0.00540598 -0.00564977 -0.00540598 0.0111315 -0.000733429 -0.00564977 -0.000733429 0.0109379)
(0.0258503 -0.000190449 0.00442091 -0.000190449 0.00801413 -0.0020702 0.00442091 -0.0020702 0.00899751)
(0.00245475 -0.00378487 0.00567366 -0.00378487 0.00992429 -0.00235521 0.00567366 -0.00235521 0.00861671)
(0.00818961 -0.00245819 0.00373247 -0.00245819 0.00978181 -0.00141786 0.00373247 -0.00141786 0.00829532)
(0.0119598 0.000666679 0.00617516 0.000666679 0.00769517 -0.00106878 0.00617516 -0.00106878 0.0097193)
(0.0112362 0.00110413 0.00103545 0.00110413 0.00737139 -0.000744259 0.00103545 -0.000744259 0.00575146)
(0.0117223 -0.00414858 0.00379935 -0.00414858 0.0102176 -0.00189457 0.00379935 -0.00189457 0.00918645)
(0.00861186 -0.00153249 -0.000683537 -0.00153249 0.0103749 0.00108439 -0.000683537 0.00108439 0.00716502)
(0.00325444 -0.00107985 0.00128334 -0.00107985 0.00272553 -0.0013405 0.00128334 -0.0013405 0.00258218)
(0.0255632 -0.00392831 0.000674052 -0.00392831 0.00777612 -0.00183904 0.000674052 -0.00183904 0.00923413)
(0.0129265 -0.00395609 0.0020431 -0.00395609 0.0098232 -0.00219919 0.0020431 -0.00219919 0.00796307)
(0.0165794 -0.0025788 0.00054979 -0.0025788 0.00848684 0.000331552 0.00054979 0.000331552 0.00836755)
(0.0183122 -0.00115026 0.0050437 -0.00115026 0.00871949 -0.00166257 0.0050437 -0.00166257 0.0102014)
(0.010881 -0.00262419 0.0042402 -0.00262419 0.00940047 -0.00243301 0.0042402 -0.00243301 0.00707186)
(0.0168194 -0.00455217 0.00144767 -0.00455217 0.00921451 -0.00278571 0.00144767 -0.00278571 0.0066946)
(0.0148942 -0.00508966 -8.38181e-05 -0.00508966 0.00923601 -0.00273847 -8.38181e-05 -0.00273847 0.0055966)
(0.0106955 -0.00448606 -0.0012743 -0.00448606 0.00965335 -0.00307097 -0.0012743 -0.00307097 0.0065415)
(0.0125845 -0.00383807 0.00226545 -0.00383807 0.0112163 -2.35438e-06 0.00226545 -2.35438e-06 0.00745957)
(0.00974534 -0.00349598 -0.00093045 -0.00349598 0.0115795 -0.00257444 -0.00093045 -0.00257444 0.00869804)
(0.0119659 -0.00234951 -0.00403407 -0.00234951 0.0061699 -0.00141581 -0.00403407 -0.00141581 0.00617806)
(0.021053 -0.00506542 -0.000327204 -0.00506542 0.00922491 -0.00278014 -0.000327204 -0.00278014 0.00605696)
(0.0186827 -0.00266429 0.0059503 -0.00266429 0.00910881 -0.002432 0.0059503 -0.002432 0.00998812)
(0.0064529 0.00124859 0.00490803 0.00124859 0.00346289 -0.00348473 0.00490803 -0.00348473 0.00605437)
(0.0124703 -0.00167316 0.00283854 -0.00167316 0.009138 -0.000891893 0.00283854 -0.000891893 0.00803131)
(0.0207144 0.00183113 0.00173201 0.00183113 0.00548299 -0.00175324 0.00173201 -0.00175324 0.00993043)
(0.0142805 -0.000919874 0.00461136 -0.000919874 0.00869266 -0.00104335 0.00461136 -0.00104335 0.00791407)
(0.00202428 -0.00164865 0.00448418 -0.00164865 0.00935398 -0.00192773 0.00448418 -0.00192773 0.00684332)
(0.0112288 -0.00117261 0.00141688 -0.00117261 0.00700245 -0.000975693 0.00141688 -0.000975693 0.00367667)
(0.0150973 0.00126786 0.00182968 0.00126786 0.0106721 -0.00349229 0.00182968 -0.00349229 0.00724958)
(0.0102046 -0.00078687 -0.000464036 -0.00078687 0.00626406 -0.000336558 -0.000464036 -0.000336558 0.00279419)
(0.0238099 -0.00446029 0.00307075 -0.00446029 0.00959361 -0.00313465 0.00307075 -0.00313465 0.00568362)
(0.0174918 -0.005355 0.00378651 -0.005355 0.0102671 -0.0021129 0.00378651 -0.0021129 0.00797494)
(0.0135815 -0.00267187 0.00392749 -0.00267187 0.00910618 -0.00108672 0.00392749 -0.00108672 0.00776602)
(0.00579665 -0.00313106 0.00449305 -0.00313106 0.00969659 -0.00177028 0.00449305 -0.00177028 0.0077368)
(0.00890782 -0.00347009 -0.00186819 -0.00347009 0.01106 -0.00099651 -0.00186819 -0.00099651 0.0087815)
(0.0155134 -0.00258206 0.000750143 -0.00258206 0.00674357 0.00122404 0.000750143 0.00122404 0.00620766)
(0.00845821 0.0013525 0.00113193 0.0013525 0.00562755 0.00262693 0.00113193 0.00262693 0.00566327)
(0.0105436 -0.00584405 0.00198087 -0.00584405 0.00998371 -0.00389294 0.00198087 -0.00389294 0.00507065)
(0.0199505 -0.00322819 0.00260795 -0.00322819 0.00971864 -0.000803981 0.00260795 -0.000803981 0.00551366)
(0.0119947 -0.000716707 0.00110135 -0.000716707 0.0105395 -0.00161044 0.00110135 -0.00161044 0.00698759)
(0.00951175 -0.0056776 -0.00153413 -0.0056776 0.0111001 2.9942e-06 -0.00153413 2.9942e-06 0.00805032)
(0.00671891 -0.00495276 -0.00145381 -0.00495276 0.0106531 -4.74816e-05 -0.00145381 -4.74816e-05 0.00714618)
(0.0105433 -0.00483142 0.00509404 -0.00483142 0.0106705 -0.00263039 0.00509404 -0.00263039 0.00857936)
(0.0147344 -0.00456846 0.00394269 -0.00456846 0.00998869 -0.00134459 0.00394269 -0.00134459 0.00844933)
(0.0187269 0.00281695 0.00514518 0.00281695 0.00568032 -0.000536447 0.00514518 -0.000536447 0.00357117)
(0.00940436 0.0018289 0.00420848 0.0018289 0.00637806 0.000485021 0.00420848 0.000485021 0.00588061)
(0.0159071 -0.00408032 0.00464448 -0.00408032 0.00989017 -0.00195338 0.00464448 -0.00195338 0.00925763)
(0.0182968 0.0010777 0.00166063 0.0010777 0.00794998 3.0878e-05 0.00166063 3.0878e-05 0.00561191)
(0.00714561 -0.00516341 -0.00254569 -0.00516341 0.0109541 -0.00038377 -0.00254569 -0.00038377 0.00778341)
(0.0112506 -0.00310556 0.000522444 -0.00310556 0.00748457 -0.00287369 0.000522444 -0.00287369 0.00440529)
(0.0183131 -0.00317368 0.00240468 -0.00317368 0.00968715 -0.00021002 0.00240468 -0.00021002 0.00467851)
(0.0151103 0.000686587 0.00130465 0.000686587 0.0059876 0.00286032 0.00130465 0.00286032 0.00852253)
(0.0113966 0.000301878 0.00247357 0.000301878 0.00713365 0.00115172 0.00247357 0.00115172 0.00442562)
(0.0117472 -0.00178777 0.00370335 -0.00178777 0.00937295 -0.00246669 0.00370335 -0.00246669 0.00422783)
(0.0133585 -0.00534486 0.00400324 -0.00534486 0.01037 -0.0027776 0.00400324 -0.0027776 0.00802733)
(0.0108964 -0.00683481 -0.00112285 -0.00683481 0.00976458 -0.0037953 -0.00112285 -0.0037953 0.00433283)
(0.00554009 -0.0034581 0.00401669 -0.0034581 0.00996614 -0.00284617 0.00401669 -0.00284617 0.00540416)
(0.00565613 -0.0015531 0.00197037 -0.0015531 0.0087635 -0.00228786 0.00197037 -0.00228786 0.00585946)
(0.00854191 -0.00454409 -0.0020165 -0.00454409 0.0114889 -0.00065965 -0.0020165 -0.00065965 0.00725101)
(0.0180556 -0.00392926 -0.00070182 -0.00392926 0.00779441 0.000528416 -0.00070182 0.000528416 0.0062413)
(0.0106438 -0.00653103 0.00131212 -0.00653103 0.00998981 -0.00371502 0.00131212 -0.00371502 0.00516163)
(0.00923707 -0.00235432 0.00283672 -0.00235432 0.00810743 -0.0016069 0.00283672 -0.0016069 0.00557962)
(0.0055825 0.00101633 0.00440181 0.00101633 0.00634144 -0.00227618 0.00440181 -0.00227618 0.00445825)
(0.00990745 -0.00373188 0.00355465 -0.00373188 0.0102711 -0.00233228 0.00355465 -0.00233228 0.0054621)
(0.0135161 -0.00422063 -0.0038391 -0.00422063 0.0116977 0.000339938 -0.0038391 0.000339938 0.0112879)
(0.0213369 -0.00319871 0.00230203 -0.00319871 0.00995327 0.000725375 0.00230203 0.000725375 0.00586141)
(0.00489358 -0.00114656 0.00378132 -0.00114656 0.00958106 -0.0022839 0.00378132 -0.0022839 0.00436173)
(0.00700886 0.00201883 0.00284518 0.00201883 0.00496203 0.00117607 0.00284518 0.00117607 0.00209637)
(0.0172033 0.00210387 0.00462675 0.00210387 0.00797061 -0.000460822 0.00462675 -0.000460822 0.00267932)
(0.00864145 0.0020432 0.00231599 0.0020432 0.00658294 -0.000649691 0.00231599 -0.000649691 0.00542543)
(0.0200728 -0.007943 0.00277025 -0.007943 0.0108826 -0.00408285 0.00277025 -0.00408285 0.00641808)
(0.0206342 -0.00272194 -0.00443188 -0.00272194 0.00633644 0.0039882 -0.00443188 0.0039882 0.0102267)
(0.0164078 -0.00157811 0.000464194 -0.00157811 0.0086806 -0.000626814 0.000464194 -0.000626814 0.00897965)
(0.0166873 -0.00279587 0.00370528 -0.00279587 0.00899581 -0.00226027 0.00370528 -0.00226027 0.009034)
(0.0100762 -0.00222746 0.00205543 -0.00222746 0.010745 -0.00217287 0.00205543 -0.00217287 0.00671274)
(0.00527596 -0.00522385 -0.00326923 -0.00522385 0.0110419 -0.00246553 -0.00326923 -0.00246553 0.00745096)
(0.0077512 -0.000310994 -0.000980024 -0.000310994 0.00537 -0.00199677 -0.000980024 -0.00199677 0.00579175)
(0.0116396 -0.0026623 0.00115304 -0.0026623 0.0069753 -0.00260704 0.00115304 -0.00260704 0.00735938)
(0.0182294 -0.00137607 -0.00197708 -0.00137607 0.0069946 0.00346486 -0.00197708 0.00346486 0.00830875)
(0.014903 -0.00122011 0.000420032 -0.00122011 0.00625608 0.00135879 0.000420032 0.00135879 0.00700461)
(0.0047828 -0.000958339 0.00102936 -0.000958339 0.00454282 -0.00116397 0.00102936 -0.00116397 0.00419126)
(0.00895645 -0.00215362 0.001282 -0.00215362 0.00867732 -5.23496e-05 0.001282 -5.23496e-05 0.00382883)
(0.0123036 -0.00241657 0.00275473 -0.00241657 0.00868466 -0.00116414 0.00275473 -0.00116414 0.00813023)
(0.0186667 -0.0037551 0.000205547 -0.0037551 0.00807604 0.000766007 0.000205547 0.000766007 0.008016)
(0.00789641 -0.000742991 -0.000467728 -0.000742991 0.00778217 0.00259424 -0.000467728 0.00259424 0.00608002)
(0.00612017 0.00057896 0.0010632 0.00057896 0.00634088 -0.000341296 0.0010632 -0.000341296 0.00285516)
(0.0155683 -0.000856966 0.000184476 -0.000856966 0.00799048 -0.00206186 0.000184476 -0.00206186 0.00642047)
(0.015264 -0.00436767 0.00321116 -0.00436767 0.00953871 -0.00193188 0.00321116 -0.00193188 0.00840876)
(0.0114626 -0.00367511 -0.00213253 -0.00367511 0.0107139 -0.00235329 -0.00213253 -0.00235329 0.00937447)
(0.0146887 -0.00353258 0.00291877 -0.00353258 0.00952744 -0.00219082 0.00291877 -0.00219082 0.00825878)
(0.0188303 -0.0029157 -6.52857e-06 -0.0029157 0.00857234 0.00102976 -6.52857e-06 0.00102976 0.00714009)
(0.022995 -0.00155156 -0.000146605 -0.00155156 0.00629279 0.000398691 -0.000146605 0.000398691 0.0103426)
(0.0100727 -0.000459419 0.000626631 -0.000459419 0.00627554 -0.000445662 0.000626631 -0.000445662 0.00355474)
(0.00957663 -0.00446147 0.00280464 -0.00446147 0.00964204 -0.00287232 0.00280464 -0.00287232 0.0067966)
(0.0135528 -0.00499011 0.00365732 -0.00499011 0.00971728 -0.00317851 0.00365732 -0.00317851 0.00712612)
(0.0141897 -0.00702766 -0.000997979 -0.00702766 0.00963821 -0.00352568 -0.000997979 -0.00352568 0.00444971)
(0.0136073 -0.00369866 0.00276498 -0.00369866 0.00967581 -0.00243843 0.00276498 -0.00243843 0.00816085)
(0.00309156 -0.00235034 0.00466857 -0.00235034 0.00926075 -0.00271701 0.00466857 -0.00271701 0.00840818)
(0.00858445 -0.00238827 -0.000754002 -0.00238827 0.0100137 -0.000619951 -0.000754002 -0.000619951 0.00660762)
(0.00802188 -0.00470293 -0.0033754 -0.00470293 0.0109641 -0.0032481 -0.0033754 -0.0032481 0.00800515)
(0.0109259 -0.00201486 8.19862e-05 -0.00201486 0.00655516 -0.00406038 8.19862e-05 -0.00406038 0.00607928)
(0.016417 -0.00225941 -0.000359502 -0.00225941 0.00774296 -0.00150259 -0.000359502 -0.00150259 0.0049489)
(0.0133374 -0.000621015 0.00266263 -0.000621015 0.00570216 -0.00107272 0.00266263 -0.00107272 0.00808638)
(0.00961097 -0.00424531 0.00315167 -0.00424531 0.010056 -0.00222068 0.00315167 -0.00222068 0.00802462)
(0.0122065 8.75909e-05 0.00369387 8.75909e-05 0.00804134 -0.00112301 0.00369387 -0.00112301 0.0068381)
(0.0146786 -0.00119106 0.00402829 -0.00119106 0.00887278 -0.000409163 0.00402829 -0.000409163 0.00868821)
(0.0110141 -0.00236528 -1.05118e-05 -0.00236528 0.00925621 -0.00320061 -1.05118e-05 -0.00320061 0.00892708)
(0.0108352 0.000276635 0.00253756 0.000276635 0.0104247 -0.00205555 0.00253756 -0.00205555 0.00715466)
(0.0183464 -0.00143856 0.000997595 -0.00143856 0.00829837 0.000535233 0.000997595 0.000535233 0.00425074)
(0.00851987 -0.00426961 -0.00122246 -0.00426961 0.0107153 -0.00125602 -0.00122246 -0.00125602 0.00874654)
(0.021828 -0.00178965 0.00403675 -0.00178965 0.00759675 -0.00271228 0.00403675 -0.00271228 0.00631494)
(0.0232331 -0.00440371 -0.00330928 -0.00440371 0.0078975 0.00363286 -0.00330928 0.00363286 0.00927746)
(0.0145458 -0.00361674 0.00144841 -0.00361674 0.00862254 0.000289269 0.00144841 0.000289269 0.00687587)
(0.0122601 -0.00464211 7.64029e-05 -0.00464211 0.0110936 -0.000355158 7.64029e-05 -0.000355158 0.00840266)
(0.0143673 0.0020563 0.00277447 0.0020563 0.00747648 -0.00108027 0.00277447 -0.00108027 0.00576291)
(0.00628262 -0.00520528 -0.00239413 -0.00520528 0.0111466 -0.00185521 -0.00239413 -0.00185521 0.0081151)
(0.0087829 -0.00288674 -0.00296502 -0.00288674 0.0109692 -0.00209154 -0.00296502 -0.00209154 0.00717618)
(0.00338152 -0.00223028 0.00146462 -0.00223028 0.00384515 -0.00116158 0.00146462 -0.00116158 0.00996894)
(0.0176985 -0.0008103 8.17589e-05 -0.0008103 0.00714013 0.00285714 8.17589e-05 0.00285714 0.00818518)
(0.0168958 -0.000752705 -0.00119531 -0.000752705 0.00753735 0.00256938 -0.00119531 0.00256938 0.00549455)
(0.0140276 -0.00147047 0.00425447 -0.00147047 0.00901289 -0.00236902 0.00425447 -0.00236902 0.00510299)
(0.00976589 -0.00356245 0.00427571 -0.00356245 0.00975039 -0.00222584 0.00427571 -0.00222584 0.00752395)
(0.0098654 0.00235979 0.0034263 0.00235979 0.00590171 0.000867703 0.0034263 0.000867703 0.00593093)
(0.0131915 0.00149466 -0.00231358 0.00149466 0.00293762 -0.000318444 -0.00231358 -0.000318444 0.0076386)
(0.00897628 -0.00483731 -0.000303458 -0.00483731 0.0109901 0.000969374 -0.000303458 0.000969374 0.00545311)
(0.00629802 -0.00544054 -0.00324821 -0.00544054 0.0114636 -0.000865925 -0.00324821 -0.000865925 0.00862483)
(0.0143261 -0.0047679 -0.000214681 -0.0047679 0.00817445 -0.000450526 -0.000214681 -0.000450526 0.00670323)
(0.0114077 -0.0036827 0.0013704 -0.0036827 0.00827778 -0.00167324 0.0013704 -0.00167324 0.00666921)
(0.00698749 -0.00103144 0.000477344 -0.00103144 0.00646231 -0.0012533 0.000477344 -0.0012533 0.0040117)
(0.0133489 -0.00210334 0.00288993 -0.00210334 0.008511 -0.000320992 0.00288993 -0.000320992 0.00739399)
(0.0134435 -0.00174887 -0.00015111 -0.00174887 0.00702626 0.00245271 -0.00015111 0.00245271 0.00718728)
(0.0119621 0.000665964 0.00179246 0.000665964 0.0047081 -0.000836998 0.00179246 -0.000836998 0.0103536)
(0.0090382 0.000784913 0.00245005 0.000784913 0.00720485 6.74343e-05 0.00245005 6.74343e-05 0.0039574)
(0.0129524 0.00148944 0.00321108 0.00148944 0.00730163 -0.000954651 0.00321108 -0.000954651 0.00652618)
(0.0124773 -0.00576872 0.00258181 -0.00576872 0.00998251 -0.00296148 0.00258181 -0.00296148 0.00698883)
(0.0153909 -0.00698608 -8.99397e-05 -0.00698608 0.00994756 -0.00368056 -8.99397e-05 -0.00368056 0.00485145)
(0.00923328 -0.00440081 0.00159909 -0.00440081 0.00910319 -0.00249988 0.00159909 -0.00249988 0.00533426)
(0.00965303 -0.00147861 0.00490658 -0.00147861 0.00903061 -0.00208615 0.00490658 -0.00208615 0.00624864)
(0.0125645 -0.00183628 0.00266135 -0.00183628 0.00906264 -0.000781327 0.00266135 -0.000781327 0.00673566)
(0.0148345 -0.000913822 3.97395e-05 -0.000913822 0.0111744 -0.0015533 3.97395e-05 -0.0015533 0.00752548)
(0.00674415 -0.00163783 -4.5442e-05 -0.00163783 0.00848092 -0.00322502 -4.5442e-05 -0.00322502 0.00717043)
(0.014291 -0.0050538 0.000442071 -0.0050538 0.0089438 -0.00209914 0.000442071 -0.00209914 0.00532826)
(0.0110994 -0.000617739 -0.000777954 -0.000617739 0.00731984 -0.00140955 -0.000777954 -0.00140955 0.00475994)
(0.012269 0.000982044 0.00417394 0.000982044 0.00795706 -0.000435329 0.00417394 -0.000435329 0.0072443)
(0.00480456 -0.0029975 0.00528666 -0.0029975 0.00999829 -0.00167368 0.00528666 -0.00167368 0.00875748)
(0.0204042 -0.000659626 0.00346546 -0.000659626 0.00833062 -0.00133678 0.00346546 -0.00133678 0.00832685)
(0.0108648 -0.00102506 -0.000475074 -0.00102506 0.00880646 -0.00271677 -0.000475074 -0.00271677 0.00599323)
(0.015614 -0.000912832 0.000636777 -0.000912832 0.011094 -0.00207111 0.000636777 -0.00207111 0.00986436)
(0.018477 -0.00313137 -0.00501191 -0.00313137 0.00716032 0.00427355 -0.00501191 0.00427355 0.00874941)
(0.0140231 -0.00186959 -0.00257573 -0.00186959 0.0107216 -0.00235131 -0.00257573 -0.00235131 0.00832082)
(0.00219611 0.000422689 -0.000227512 0.000422689 0.00344331 0.000603584 -0.000227512 0.000603584 0.00144085)
(0.0196406 -0.00428308 0.00200959 -0.00428308 0.00938743 -0.000680302 0.00200959 -0.000680302 0.00869813)
(0.0255062 -0.00302734 0.00214063 -0.00302734 0.00847446 0.000411923 0.00214063 0.000411923 0.00713787)
(0.00518526 4.81205e-05 0.000431234 4.81205e-05 0.00153242 -0.000314605 0.000431234 -0.000314605 0.00174952)
(0.0125376 -0.00125063 -6.52466e-05 -0.00125063 0.00895516 -0.00258212 -6.52466e-05 -0.00258212 0.00727176)
(0.0137108 -0.00137309 0.0013689 -0.00137309 0.0109074 -0.00149681 0.0013689 -0.00149681 0.00843976)
(0.00979581 -0.00256834 0.0012675 -0.00256834 0.00734242 -0.00213688 0.0012675 -0.00213688 0.00809172)
(0.00423032 -0.00154074 -6.36093e-07 -0.00154074 0.00512074 -0.00188517 -6.36093e-07 -0.00188517 0.00869579)
(0.0178008 -0.00182705 -0.00177501 -0.00182705 0.0076488 0.0018713 -0.00177501 0.0018713 0.00855185)
(0.0209724 0.00169321 0.00358527 0.00169321 0.00754666 0.000759035 0.00358527 0.000759035 0.00521142)
(0.0110978 -0.00176932 0.00394482 -0.00176932 0.0079492 -0.00197517 0.00394482 -0.00197517 0.00843282)
(0.0107701 -0.00364672 0.00386885 -0.00364672 0.00938924 -0.00245762 0.00386885 -0.00245762 0.00713501)
(0.00375039 -0.00109536 0.000642272 -0.00109536 0.00476261 0.000985428 0.000642272 0.000985428 0.00180143)
(0.0129147 0.000263585 -0.00162106 0.000263585 0.00657546 -0.00146313 -0.00162106 -0.00146313 0.00536904)
(0.0127566 -0.00162796 -0.000453933 -0.00162796 0.00852752 -0.00270048 -0.000453933 -0.00270048 0.00607896)
(0.0127734 -0.00221832 0.00116722 -0.00221832 0.0114491 -0.00110042 0.00116722 -0.00110042 0.00735251)
(0.00906737 -0.0030162 -0.000281326 -0.0030162 0.0108647 -0.00189194 -0.000281326 -0.00189194 0.00838166)
(0.00545003 -0.00174318 -0.000692957 -0.00174318 0.0062219 -0.0027048 -0.000692957 -0.0027048 0.00564388)
(0.0139838 0.000513203 0.00161912 0.000513203 0.0103622 -0.0017214 0.00161912 -0.0017214 0.0056765)
(0.0114829 -0.000989771 0.00264936 -0.000989771 0.00495554 -0.00229674 0.00264936 -0.00229674 0.0101326)
(0.00827288 -0.000310433 -0.00127249 -0.000310433 0.00529046 0.00282251 -0.00127249 0.00282251 0.00844036)
(0.0134346 0.00018141 0.00225054 0.00018141 0.00688413 0.00126695 0.00225054 0.00126695 0.00516162)
(0.0108546 -0.0016391 0.00285369 -0.0016391 0.00850007 -0.00114969 0.00285369 -0.00114969 0.00657941)
(0.00864625 0.00256815 0.00301394 0.00256815 0.0058467 0.000328629 0.00301394 0.000328629 0.00494344)
(0.0131359 -0.00262912 0.00142193 -0.00262912 0.00791366 -0.00293738 0.00142193 -0.00293738 0.004794)
(0.015016 -0.00687787 -3.33255e-05 -0.00687787 0.00973691 -0.00369515 -3.33255e-05 -0.00369515 0.00478659)
(0.00963112 -0.00354029 -0.00110631 -0.00354029 0.00815292 -0.00300453 -0.00110631 -0.00300453 0.00469479)
(0.0125244 -0.00365505 0.000984557 -0.00365505 0.00874375 -0.00261302 0.000984557 -0.00261302 0.00687943)
(0.0157391 -0.000914589 0.00170167 -0.000914589 0.00798942 0.000945581 0.00170167 0.000945581 0.00619504)
(0.00701003 -0.00505699 -0.00148303 -0.00505699 0.0113261 -0.000780145 -0.00148303 -0.000780145 0.00674364)
(0.00607569 -0.00158855 -0.00150281 -0.00158855 0.00477822 -0.00308114 -0.00150281 -0.00308114 0.00732795)
(0.0104781 -0.000748252 0.00108195 -0.000748252 0.00699276 -0.00115702 0.00108195 -0.00115702 0.00339675)
(0.0122918 0.00137283 0.000455976 0.00137283 0.0074556 -0.00165543 0.000455976 -0.00165543 0.00503991)
(0.0107821 0.00212409 0.00405374 0.00212409 0.00708813 -0.000209994 0.00405374 -0.000209994 0.00692587)
(0.0101103 -0.00408264 0.00332208 -0.00408264 0.00937307 -0.00263605 0.00332208 -0.00263605 0.00738647)
(0.0217615 -0.00361256 0.00309647 -0.00361256 0.00943725 -0.00210306 0.00309647 -0.00210306 0.0088626)
(0.0243556 -0.00245732 0.00470742 -0.00245732 0.00888679 -0.00203522 0.00470742 -0.00203522 0.00797904)
(0.00743342 -0.00405104 0.000211766 -0.00405104 0.0114428 -0.00219064 0.000211766 -0.00219064 0.00633104)
(0.0111001 0.0021345 0.00258791 0.0021345 0.00479134 0.00324911 0.00258791 0.00324911 0.0087071)
(0.0173465 -0.000915781 -0.000274778 -0.000915781 0.0112267 -0.00299501 -0.000274778 -0.00299501 0.0106372)
(0.013076 -0.00193959 -0.000823755 -0.00193959 0.00630605 0.00170475 -0.000823755 0.00170475 0.00749986)
(0.0129001 -0.000448552 0.000460498 -0.000448552 0.00743515 0.000708218 0.000460498 0.000708218 0.00558079)
(0.0128085 -0.00024522 -0.00157571 -0.00024522 0.0045394 0.000756054 -0.00157571 0.000756054 0.00468558)
(0.0199121 -0.00160919 0.00375804 -0.00160919 0.00927238 -0.00131788 0.00375804 -0.00131788 0.00554529)
(0.0130781 -0.00132339 0.00188822 -0.00132339 0.00815195 -0.00225925 0.00188822 -0.00225925 0.00699356)
(0.0116523 -0.00107794 0.00096887 -0.00107794 0.0103287 -0.00237261 0.00096887 -0.00237261 0.00766386)
(0.0125079 0.00297916 0.0040068 0.00297916 0.00583644 0.00179109 0.0040068 0.00179109 0.00638836)
(0.000159516 -0.000793201 0.000356365 -0.000793201 0.00524338 -0.00256199 0.000356365 -0.00256199 0.00344331)
(0.0163849 -0.000433194 3.21493e-06 -0.000433194 0.00712545 0.00216351 3.21493e-06 0.00216351 0.00771221)
(0.00562239 0.00137322 0.000457034 0.00137322 0.00655526 -0.000578658 0.000457034 -0.000578658 0.00312786)
(0.00165073 -0.000716224 0.00113244 -0.000716224 0.00637684 -0.00252045 0.00113244 -0.00252045 0.00345345)
(0.00096996 -0.0001268 0.000629699 -0.0001268 0.000904777 -0.000564256 0.000629699 -0.000564256 0.00133683)
(0.0142735 -0.00312943 0.00157231 -0.00312943 0.00888097 -0.00252411 0.00157231 -0.00252411 0.00430995)
(0.00854546 -0.000803653 0.000664055 -0.000803653 0.0067048 0.00127834 0.000664055 0.00127834 0.00490302)
(0.0122322 -0.00025552 0.000237964 -0.00025552 0.00776051 -0.00259457 0.000237964 -0.00259457 0.00560015)
(0.00789076 0.00210095 0.0016479 0.00210095 0.00519903 0.000936703 0.0016479 0.000936703 0.00312958)
(0.0131866 -0.000303525 0.00136016 -0.000303525 0.0108494 -0.00177058 0.00136016 -0.00177058 0.00616741)
(0.00864463 -0.0039597 -0.000303737 -0.0039597 0.0106353 -0.00137618 -0.000303737 -0.00137618 0.00786419)
(0.014681 -0.00033134 0.000613596 -0.00033134 0.0109375 -0.00194954 0.000613596 -0.00194954 0.00656361)
(0.00829768 0.00203552 0.00248663 0.00203552 0.00522545 0.00280356 0.00248663 0.00280356 0.00824553)
(0.0077214 0.00143277 0.00142472 0.00143277 0.00575012 0.00222274 0.00142472 0.00222274 0.00515468)
(0.0107289 -0.00129109 0.00161651 -0.00129109 0.0077651 -0.000198671 0.00161651 -0.000198671 0.00443935)
(0.0105042 0.00169547 0.00334974 0.00169547 0.00714177 -0.000457641 0.00334974 -0.000457641 0.00646865)
(0.00730388 -0.00149455 0.00197875 -0.00149455 0.0092145 -0.000345152 0.00197875 -0.000345152 0.00716685)
(0.00166127 -0.000965229 0.00252708 -0.000965229 0.00386629 -0.00244752 0.00252708 -0.00244752 0.00556158)
(0.0155229 -0.0037621 0.000961587 -0.0037621 0.00775028 -0.00302477 0.000961587 -0.00302477 0.00696152)
(0.00919565 -0.00532808 -0.000991717 -0.00532808 0.00870141 -0.00331655 -0.000991717 -0.00331655 0.00454203)
(0.0053519 -0.00142328 0.000256533 -0.00142328 0.00714224 -0.0014494 0.000256533 -0.0014494 0.00303345)
(0.0190473 -0.000483519 0.00267018 -0.000483519 0.00796041 0.000548135 0.00267018 0.000548135 0.005741)
(0.00760345 -0.000518302 0.000828117 -0.000518302 0.00736115 0.00063911 0.000828117 0.00063911 0.00197836)
(0.00408571 -0.00284984 -0.00185094 -0.00284984 0.00491424 0.00259367 -0.00185094 0.00259367 0.00533905)
(0.0137748 -0.0016692 0.00198926 -0.0016692 0.00977281 0.000725364 0.00198926 0.000725364 0.00628693)
(0.0121839 -0.00161587 0.00154976 -0.00161587 0.00906735 -0.00187379 0.00154976 -0.00187379 0.00688109)
(0.0095903 0.00307293 0.00368955 0.00307293 0.00635911 0.000170295 0.00368955 0.000170295 0.00498495)
(0.000869895 2.04416e-05 -0.00024017 2.04416e-05 0.00430334 0.000706761 -0.00024017 0.000706761 0.000966685)
(0.0131474 -0.00224491 0.0010005 -0.00224491 0.0077587 -0.00203252 0.0010005 -0.00203252 0.00542217)
(0.00873812 0.000550042 0.000908328 0.000550042 0.00161235 -0.000113296 0.000908328 -0.000113296 0.00194499)
(0.0120025 0.00316461 0.0040979 0.00316461 0.00655579 0.000276188 0.0040979 0.000276188 0.00595266)
(0.00474096 -0.00490115 -0.00104114 -0.00490115 0.0104442 0.000371423 -0.00104114 0.000371423 0.00630503)
(0.0196471 7.3812e-05 0.00300123 7.3812e-05 0.00918081 -0.0019921 0.00300123 -0.0019921 0.0115776)
(0.00889507 -0.00106987 0.00348818 -0.00106987 0.0039387 -0.000933222 0.00348818 -0.000933222 0.0118685)
(0.0139529 -0.00017892 7.28779e-05 -0.00017892 0.0106095 -0.00304791 7.28779e-05 -0.00304791 0.00659505)
(0.00784854 0.000275313 -0.00084058 0.000275313 0.00332575 -4.66863e-05 -0.00084058 -4.66863e-05 0.00946677)
(0.0231323 -0.00399268 -0.003195 -0.00399268 0.00807515 0.0036682 -0.003195 0.0036682 0.00946018)
(0.00805405 -0.00215154 0.000184355 -0.00215154 0.00650488 -0.00277899 0.000184355 -0.00277899 0.00581615)
(0.0183459 -0.000775095 8.48575e-05 -0.000775095 0.00714286 0.00312633 8.48575e-05 0.00312633 0.00915081)
(0.009631 -0.00295852 0.000192674 -0.00295852 0.00808313 -7.6198e-05 0.000192674 -7.6198e-05 0.0031969)
(0.00469041 -0.00114167 -0.000240014 -0.00114167 0.00782123 -0.0030178 -0.000240014 -0.0030178 0.00582513)
(0.00914986 -0.000222554 0.000221342 -0.000222554 0.00801776 -0.00208444 0.000221342 -0.00208444 0.00586017)
(0.00644739 -0.0016082 -6.76988e-05 -0.0016082 0.00744509 -0.000799438 -6.76988e-05 -0.000799438 0.001559)
(0.00257517 -0.000614833 0.000756055 -0.000614833 0.00680825 -0.000646447 0.000756055 -0.000646447 0.00547559)
(0.00388748 -0.0054817 -0.00108168 -0.0054817 0.0104287 0.000226504 -0.00108168 0.000226504 0.00499774)
(0.0109511 -0.00423254 0.00301268 -0.00423254 0.009198 -0.00299053 0.00301268 -0.00299053 0.00632365)
(0.00894037 -0.0010539 0.00191257 -0.0010539 0.00591027 -0.00100379 0.00191257 -0.00100379 0.00354167)
(0.00585742 -0.00105788 -0.000670026 -0.00105788 0.00619541 -0.00390212 -0.000670026 -0.00390212 0.00620906)
(0.0104217 -0.000110334 0.00150449 -0.000110334 0.00800855 -0.00155646 0.00150449 -0.00155646 0.00749031)
(0.00689624 0.00115806 0.00119448 0.00115806 0.00491621 0.00117731 0.00119448 0.00117731 0.00362361)
