/*--------------------------------*- C++ -*----------------------------------*\
  =========                 |
  \\      /  F ield         | OpenFOAM: The Open Source CFD Toolbox
   \\    /   O peration     | Website:  https://openfoam.org
    \\  /    A nd           | Version:  10
     \\/     M anipulation  |
\*---------------------------------------------------------------------------*/
FoamFile
{
    format      ascii;
    class       volTensorField;
    location    "15";
    object      TauNN;
}
// * * * * * * * * * * * * * * * * * * * * * * * * * * * * * * * * * * * * * //

dimensions      [0 2 -2 0 0 0 0];

internalField   nonuniform List<tensor> 
25600
(
(0.00020809 6.1173e-05 0.000181689 6.1173e-05 4.89667e-05 -1.27107e-05 0.000181689 -1.27107e-05 0.000133417)
(0.000205056 4.8914e-05 0.000162398 4.8914e-05 8.85867e-05 -5.69783e-06 0.000162398 -5.69783e-06 3.73352e-05)
(0.000231729 2.26237e-05 0.000178871 2.26237e-05 0.000128775 1.40443e-05 0.000178871 1.40443e-05 7.69718e-05)
(0.000199241 -2.59373e-06 0.000137716 -2.59373e-06 0.000142574 -4.14532e-06 0.000137716 -4.14532e-06 8.59021e-05)
(0.00026442 3.44897e-05 0.000170069 3.44897e-05 0.000265098 5.62584e-05 0.000170069 5.62584e-05 0.000227515)
(0.000379588 0.000115543 0.000258273 0.000115543 0.000384269 0.000149273 0.000258273 0.000149273 0.000433402)
(0.000320744 6.39148e-05 0.000223445 6.39148e-05 0.000199983 6.7614e-05 0.000223445 6.7614e-05 0.00032857)
(0.000260874 1.48797e-05 0.000167635 1.48797e-05 0.000185947 -2.03038e-05 0.000167635 -2.03038e-05 0.000126849)
(0.000263366 -2.12798e-05 0.000162301 -2.12798e-05 0.000343283 -4.92577e-06 0.000162301 -4.92577e-06 7.07987e-05)
(0.000250257 -6.62319e-05 0.000160553 -6.62319e-05 0.000389877 6.45285e-05 0.000160553 6.45285e-05 0.000106227)
(0.000177168 -4.06038e-05 0.000113113 -4.06038e-05 0.000220698 2.74871e-05 0.000113113 2.74871e-05 8.40543e-05)
(0.000184542 6.06561e-05 3.4757e-05 6.06561e-05 0.000282342 -6.01877e-05 3.4757e-05 -6.01877e-05 8.70928e-05)
(0.000232173 0.000163187 1.3154e-05 0.000163187 0.000524615 -6.94208e-05 1.3154e-05 -6.94208e-05 8.39487e-05)
(0.000241852 0.000192838 5.14407e-05 0.000192838 0.000530357 -1.7005e-05 5.14407e-05 -1.7005e-05 6.79591e-05)
(0.000195109 0.000112796 6.43842e-05 0.000112796 0.000253769 -2.2877e-05 6.43842e-05 -2.2877e-05 1.21738e-05)
(0.000164776 1.70162e-05 9.78615e-05 1.70162e-05 0.000137223 -2.3271e-05 9.78615e-05 -2.3271e-05 -3.86566e-05)
(0.000210084 1.86563e-05 0.000120006 1.86563e-05 0.000203767 -3.1014e-05 0.000120006 -3.1014e-05 -3.80599e-05)
(0.000320377 7.53608e-05 0.000115435 7.53608e-05 0.00032205 -9.0274e-05 0.000115435 -9.0274e-05 4.64302e-05)
(0.000377541 7.99997e-05 0.000113039 7.99997e-05 0.000265014 -0.000153525 0.000113039 -0.000153525 0.000200956)
(0.000494489 6.17141e-05 0.000225028 6.17141e-05 0.00024886 -0.000164103 0.000225028 -0.000164103 0.000423417)
(0.000731186 2.90563e-05 0.000426264 2.90563e-05 0.00027128 -0.000166274 0.000426264 -0.000166274 0.000619273)
(0.000768915 -4.64553e-05 0.000476215 -4.64553e-05 0.00023701 -0.000142188 0.000476215 -0.000142188 0.000479126)
(0.000511198 -7.03391e-05 0.000299152 -7.03391e-05 0.000238473 -0.000126328 0.000299152 -0.000126328 0.000152831)
(0.000346049 9.82303e-05 0.000183135 9.82303e-05 0.000286508 -7.34981e-05 0.000183135 -7.34981e-05 3.51623e-05)
(0.000416633 0.000190532 0.000139075 0.000190532 0.00029369 -4.53116e-05 0.000139075 -4.53116e-05 8.38184e-05)
(0.000395999 0.000124253 0.000107124 0.000124253 0.000227963 -3.57339e-05 0.000107124 -3.57339e-05 0.000117197)
(0.000272153 5.47692e-05 0.000113032 5.47692e-05 0.00018704 -2.29347e-05 0.000113032 -2.29347e-05 0.00011032)
(0.000250625 4.8344e-05 0.000138471 4.8344e-05 0.000189412 -1.54208e-05 0.000138471 -1.54208e-05 0.000116359)
(0.000296158 7.50823e-05 0.000175519 7.50823e-05 0.000194428 -1.32713e-06 0.000175519 -1.32713e-06 0.000150025)
(0.000314202 5.7755e-05 0.000195608 5.7755e-05 0.000177699 -1.33375e-05 0.000195608 -1.33375e-05 0.000161633)
(0.000325378 4.61806e-05 0.000171361 4.61806e-05 0.000174263 -3.84934e-05 0.000171361 -3.84934e-05 0.000181538)
(0.000336552 5.96773e-05 0.000102866 5.96773e-05 0.000212906 -5.79264e-05 0.000102866 -5.79264e-05 0.000177165)
(0.000311884 4.65401e-05 9.63537e-05 4.65401e-05 0.00024262 -5.87776e-05 9.63537e-05 -5.87776e-05 9.9251e-05)
(0.000192639 1.29212e-05 0.000115739 1.29212e-05 0.000205961 -1.78833e-05 0.000115739 -1.78833e-05 1.27774e-05)
(0.000113081 4.47407e-06 8.80389e-05 4.47407e-06 0.00018752 -1.3398e-05 8.80389e-05 -1.3398e-05 7.98772e-05)
(7.36509e-05 -2.85637e-06 5.77457e-05 -2.85637e-06 0.000150265 -1.98446e-05 5.77457e-05 -1.98446e-05 0.000177093)
(7.854e-05 1.91107e-05 2.14046e-05 1.91107e-05 0.000139425 -5.24186e-05 2.14046e-05 -5.24186e-05 0.000193877)
(0.000117775 6.33718e-05 7.48038e-06 6.33718e-05 0.000139648 -4.75468e-05 7.48038e-06 -4.75468e-05 4.03641e-05)
(0.000222073 9.76138e-05 0.000141887 9.76138e-05 0.000127929 -1.50967e-06 0.000141887 -1.50967e-06 7.29195e-05)
(0.000286157 0.00010867 0.000245942 0.00010867 9.93114e-05 2.76724e-05 0.000245942 2.76724e-05 0.000211752)
(0.000290459 2.48924e-05 0.000218445 2.48924e-05 0.000299616 5.63227e-05 0.000218445 5.63227e-05 0.000102479)
(0.000269711 -1.60169e-05 0.000190824 -1.60169e-05 0.000269025 0.000103233 0.000190824 0.000103233 0.000202447)
(0.000184023 -1.46041e-05 7.6768e-05 -1.46041e-05 0.000128242 -1.37892e-05 7.6768e-05 -1.37892e-05 8.1592e-05)
(0.000411722 0.000157343 0.000259884 0.000157343 0.000245845 5.04879e-05 0.000259884 5.04879e-05 0.00024186)
(0.000672875 0.000296096 0.000575675 0.000296096 0.000415496 0.000313193 0.000575675 0.000313193 0.000851523)
(0.000641805 0.000230298 0.000227645 0.000230298 0.000450238 0.000395406 0.000227645 0.000395406 0.00140585)
(0.000789606 0.000234842 -0.000247696 0.000234842 0.00042003 0.000183597 -0.000247696 0.000183597 0.00143238)
(0.000696321 0.000208238 -0.000155958 0.000208238 0.00040799 -3.36394e-06 -0.000155958 -3.36394e-06 0.000746508)
(0.000383065 0.000111387 5.83241e-05 0.000111387 0.000362404 -5.49238e-05 5.83241e-05 -5.49238e-05 0.000240352)
(0.000283159 7.57826e-05 6.49849e-05 7.57826e-05 0.000315531 -5.40316e-05 6.49849e-05 -5.40316e-05 9.44237e-05)
(0.000347148 0.000239134 -3.06023e-05 0.000239134 0.000339316 -8.10008e-05 -3.06023e-05 -8.10008e-05 0.000113209)
(0.000344876 0.000417265 -8.66735e-05 0.000417265 0.000696669 -0.000122929 -8.66735e-05 -0.000122929 0.000179757)
(0.000173548 0.000232121 -7.17584e-06 0.000232121 0.000989607 -7.26413e-05 -7.17584e-06 -7.26413e-05 0.00015316)
(0.000176643 -0.000112589 9.30354e-05 -0.000112589 0.000464832 2.29944e-05 9.30354e-05 2.29944e-05 1.79723e-05)
(0.000383317 5.31655e-05 4.70579e-05 5.31655e-05 0.000205968 -2.82554e-05 4.70579e-05 -2.82554e-05 0.000147057)
(0.000733978 0.000268776 -0.00010437 0.000268776 0.000514781 -0.000363563 -0.00010437 -0.000363563 0.000645017)
(0.00109647 0.000248118 -0.000148592 0.000248118 0.000773088 -0.000641322 -0.000148592 -0.000641322 0.00131047)
(0.00163797 0.000321731 9.53544e-05 0.000321731 0.000756738 -0.000561814 9.53544e-05 -0.000561814 0.00270786)
(0.00210114 0.00044407 0.000493668 0.00044407 0.0006825 -0.000188841 0.000493668 -0.000188841 0.00404846)
(0.0021768 0.000411244 0.000632096 0.000411244 0.000640581 -0.000153571 0.000632096 -0.000153571 0.00424717)
(0.00194018 0.000344646 0.000603981 0.000344646 0.000578055 -0.00033603 0.000603981 -0.00033603 0.00343107)
(0.0012094 0.000161551 0.000283774 0.000161551 0.00060662 -0.000573456 0.000283774 -0.000573456 0.0016093)
(0.000760917 1.30944e-06 0.00016446 1.30944e-06 0.000888575 -0.000501087 0.00016446 -0.000501087 0.000481077)
(0.000564775 1.05379e-05 0.000178426 1.05379e-05 0.000927895 -0.000217629 0.000178426 -0.000217629 0.000166473)
(0.000411345 4.80833e-05 0.000153906 4.80833e-05 0.000558532 -7.86763e-05 0.000153906 -7.86763e-05 8.29391e-05)
(0.000341291 8.83928e-05 8.81469e-05 8.83928e-05 0.000259639 -8.01431e-05 8.81469e-05 -8.01431e-05 0.000139476)
(0.000469049 0.000166248 9.19113e-05 0.000166248 0.000264772 -1.81245e-05 9.19113e-05 -1.81245e-05 0.000530868)
(0.000638763 0.000237883 0.000217605 0.000237883 0.000328862 7.58218e-05 0.000217605 7.58218e-05 0.000948244)
(0.000698813 0.000254303 0.000260469 0.000254303 0.000344213 5.17061e-05 0.000260469 5.17061e-05 0.00108541)
(0.0006583 0.000199614 0.000162174 0.000199614 0.0003439 -9.92576e-05 0.000162174 -9.92576e-05 0.000894914)
(0.000636567 0.000148864 7.02087e-05 0.000148864 0.0003749 -0.000198409 7.02087e-05 -0.000198409 0.000653923)
(0.00056641 8.05762e-05 4.5469e-05 8.05762e-05 0.000403576 -0.000163154 4.5469e-05 -0.000163154 0.000430737)
(0.000418388 5.49862e-05 0.000108226 5.49862e-05 0.000358019 -1.27163e-05 0.000108226 -1.27163e-05 0.00018814)
(0.000295204 0.000117019 9.51095e-05 0.000117019 0.000368856 2.51131e-05 9.51095e-05 2.51131e-05 4.43039e-05)
(0.000205096 0.000144044 4.1618e-05 0.000144044 0.000346869 -2.14325e-05 4.1618e-05 -2.14325e-05 1.62151e-05)
(0.000176784 0.000100498 6.07455e-05 0.000100498 0.000230086 -1.59936e-05 6.07455e-05 -1.59936e-05 -2.14912e-06)
(0.00021956 8.4931e-05 9.62093e-05 8.4931e-05 0.000161277 -2.44007e-06 9.62093e-05 -2.44007e-06 1.55731e-05)
(0.000287682 9.70047e-05 0.000119519 9.70047e-05 0.000176651 -1.01347e-05 0.000119519 -1.01347e-05 7.89554e-05)
(0.000252897 4.83859e-05 0.000119638 4.83859e-05 0.000156589 -4.40395e-05 0.000119638 -4.40395e-05 3.54805e-05)
(0.000221975 9.15956e-06 0.000142342 9.15956e-06 0.000194412 -3.42047e-05 0.000142342 -3.42047e-05 -6.21374e-06)
(0.00017112 -4.81205e-05 0.000164004 -4.81205e-05 0.000185215 3.42131e-05 0.000164004 3.42131e-05 0.000138513)
(0.000106125 6.30319e-06 4.49e-05 6.30319e-06 0.000208174 -8.17413e-05 4.49e-05 -8.17413e-05 0.000126982)
(0.000268174 0.000160524 0.000118095 0.000160524 0.00045974 5.76219e-05 0.000118095 5.76219e-05 0.000166901)
(0.00053633 0.000188139 0.000407374 0.000188139 0.000236486 0.000123421 0.000407374 0.000123421 0.000646293)
(0.000911041 0.000174994 0.000237364 0.000174994 0.000379614 -0.000349697 0.000237364 -0.000349697 0.00113545)
(0.00126878 0.000296676 -0.000138871 0.000296676 0.000843264 -0.00071037 -0.000138871 -0.00071037 0.00148311)
(0.00111076 0.000415276 -0.000270433 0.000415276 0.000524297 -0.000435043 -0.000270433 -0.000435043 0.00150733)
(0.000844288 0.000336431 -2.75318e-05 0.000336431 0.000371308 -1.3588e-05 -2.75318e-05 -1.3588e-05 0.00101365)
(0.000780648 0.000328033 0.000138015 0.000328033 0.000551102 0.000138251 0.000138015 0.000138251 0.000757997)
(0.000637163 0.000351514 0.00023373 0.000351514 0.000573375 8.62665e-05 0.00023373 8.62665e-05 0.000454621)
(0.000488878 0.000220893 7.55759e-05 0.000220893 0.000293943 -5.21932e-05 7.55759e-05 -5.21932e-05 0.000155606)
(0.000527391 7.17929e-05 -3.36077e-05 7.17929e-05 0.000170448 -4.55016e-05 -3.36077e-05 -4.55016e-05 0.000135383)
(0.00020591 9.59262e-08 9.41651e-05 9.59262e-08 0.000122867 1.16229e-05 9.41651e-05 1.16229e-05 3.02787e-05)
(0.000322191 0.000126467 9.58871e-05 0.000126467 0.000178994 -1.30096e-05 9.58871e-05 -1.30096e-05 5.48393e-05)
(0.000687337 3.09926e-05 -0.000128727 3.09926e-05 0.000312529 6.75414e-05 -0.000128727 6.75414e-05 0.000350718)
(0.000837614 4.67123e-05 -4.10583e-05 4.67123e-05 0.000688282 0.000335068 -4.10583e-05 0.000335068 0.000924362)
(0.00119994 0.000469075 0.000259433 0.000469075 0.000973495 0.000577969 0.000259433 0.000577969 0.00223902)
(0.00196936 0.000771672 0.0004611 0.000771672 0.00105704 0.000566558 0.0004611 0.000566558 0.00388441)
(0.00224222 0.000760766 0.000310376 0.000760766 0.000959874 0.000329521 0.000310376 0.000329521 0.00455031)
(0.002031 0.000668041 0.000248527 0.000668041 0.000844636 0.000134447 0.000248527 0.000134447 0.00418005)
(0.00153379 0.00049007 0.000355428 0.00049007 0.000632694 -1.12886e-05 0.000355428 -1.12886e-05 0.00282644)
(0.000981693 0.000253232 0.000327261 0.000253232 0.000468295 -0.000160824 0.000327261 -0.000160824 0.00139077)
(0.000628314 4.60623e-05 0.000294723 4.60623e-05 0.000383713 -0.000169423 0.000294723 -0.000169423 0.000587058)
(0.000458803 -3.48482e-05 0.000233127 -3.48482e-05 0.000322983 -0.00017095 0.000233127 -0.00017095 0.000278313)
(0.00048295 -1.96937e-05 0.00019519 -1.96937e-05 0.000359276 -0.000230336 0.00019519 -0.000230336 0.00028611)
(0.00065454 5.81499e-05 0.000145399 5.81499e-05 0.000418794 -0.000321456 0.000145399 -0.000321456 0.000592996)
(0.000807012 0.0001248 9.7977e-05 0.0001248 0.000469537 -0.000364807 9.7977e-05 -0.000364807 0.000896316)
(0.000730269 0.00017043 0.000158096 0.00017043 0.000364954 -0.00021789 0.000158096 -0.00021789 0.000818368)
(0.000494784 0.000134034 0.000154309 0.000134034 0.000277469 -5.99185e-05 0.000154309 -5.99185e-05 0.000499506)
(0.00034871 8.55122e-05 0.000138258 8.55122e-05 0.00031346 6.06077e-05 0.000138258 6.06077e-05 0.000282826)
(0.000441887 0.000147244 0.00017973 0.000147244 0.000582965 0.000154505 0.00017973 0.000154505 0.000317049)
(0.000608623 0.000309614 0.000259053 0.000309614 0.000765561 0.000193677 0.000259053 0.000193677 0.000473174)
(0.000553914 0.000271262 0.000230027 0.000271262 0.000550932 6.74613e-05 0.000230027 6.74613e-05 0.000332262)
(0.00023835 6.58259e-06 6.55977e-05 6.58259e-06 0.000235422 -2.87648e-05 6.55977e-05 -2.87648e-05 6.12004e-06)
(0.00014213 -5.47031e-05 5.98412e-05 -5.47031e-05 0.000220889 4.69685e-05 5.98412e-05 4.69685e-05 1.88901e-05)
(0.00016321 2.53506e-06 0.00012838 2.53506e-06 0.000160712 -3.69269e-06 0.00012838 -3.69269e-06 1.13425e-05)
(0.000299189 8.11731e-05 0.000196155 8.11731e-05 0.000128894 -9.00729e-05 0.000196155 -9.00729e-05 0.000287995)
(0.000517352 0.000162338 0.000308955 0.000162338 0.000167089 -9.40775e-05 0.000308955 -9.40775e-05 0.000741317)
(0.000494643 7.29486e-05 0.000181335 7.29486e-05 0.000284417 -0.000221599 0.000181335 -0.000221599 0.000399011)
(0.00032349 -9.9428e-06 0.000145223 -9.9428e-06 0.000366988 -9.42647e-05 0.000145223 -9.42647e-05 3.17149e-05)
(0.000739072 2.94698e-05 0.000554089 2.94698e-05 0.00026387 -7.40616e-05 0.000554089 -7.40616e-05 0.000791356)
(0.000586775 0.000103065 0.000466881 0.000103065 0.000159504 5.00605e-05 0.000466881 5.00605e-05 0.000521461)
(0.000270881 6.14328e-05 0.000195015 6.14328e-05 0.000104782 -2.28966e-05 0.000195015 -2.28966e-05 0.000118132)
(0.000634637 0.000252328 -1.74334e-05 0.000252328 0.000433672 -0.000208867 -1.74334e-05 -0.000208867 0.000472372)
(0.00100023 0.000390617 -0.000230573 0.000390617 0.000675152 -0.000377382 -0.000230573 -0.000377382 0.00101565)
(0.000538072 0.000122217 4.95072e-05 0.000122217 0.000351742 -0.000119448 4.95072e-05 -0.000119448 0.000489715)
(0.000191698 7.35903e-05 3.44543e-05 7.35903e-05 0.000279159 -5.02216e-05 3.44543e-05 -5.02216e-05 9.34991e-05)
(0.000129503 5.20786e-05 2.45832e-05 5.20786e-05 0.000189716 -2.76286e-05 2.45832e-05 -2.76286e-05 0.000172037)
(0.000445997 -1.13342e-05 0.000173631 -1.13342e-05 0.000454092 -0.000116037 0.000173631 -0.000116037 0.000153242)
(0.000840618 3.79235e-05 0.000394819 3.79235e-05 0.000569973 -0.000304043 0.000394819 -0.000304043 0.000688225)
(0.00097765 6.30217e-05 0.000628054 6.30217e-05 0.000406441 -0.000246415 0.000628054 -0.000246415 0.0010737)
(0.000961863 7.72895e-05 0.000546379 7.72895e-05 0.000458019 -0.000351493 0.000546379 -0.000351493 0.00111874)
(0.00106771 0.000204094 0.000265561 0.000204094 0.000722249 -0.000716414 0.000265561 -0.000716414 0.00143765)
(0.00115458 0.000295756 5.3281e-05 0.000295756 0.000713744 -0.000800827 5.3281e-05 -0.000800827 0.00191457)
(0.0010606 0.000410361 6.32163e-05 0.000410361 0.000357545 -0.000321469 6.32163e-05 -0.000321469 0.00181946)
(0.00088779 0.000373784 0.000106112 0.000373784 0.000375859 0.000139808 0.000106112 0.000139808 0.00147919)
(0.000818868 0.000313616 6.01448e-05 0.000313616 0.000600476 0.000222776 6.01448e-05 0.000222776 0.00127084)
(0.00093162 0.000406233 5.3349e-05 0.000406233 0.000552003 6.6503e-05 5.3349e-05 6.6503e-05 0.00152162)
(0.00158513 0.000463725 -1.37761e-05 0.000463725 0.000730756 -0.000361609 -1.37761e-05 -0.000361609 0.00277707)
(0.00275872 0.000299195 0.000117446 0.000299195 0.00116853 -0.000671461 0.000117446 -0.000671461 0.00465088)
(0.00287207 0.000337617 0.000200169 0.000337617 0.00106929 -0.000562995 0.000200169 -0.000562995 0.00509117)
(0.00161526 0.00034528 0.000224968 0.00034528 0.000612762 -0.000368373 0.000224968 -0.000368373 0.00317147)
(0.00051367 9.21851e-05 0.000259684 9.21851e-05 0.000246749 -0.000132387 0.000259684 -0.000132387 0.000643639)
(0.000264196 3.47346e-05 0.000134039 3.47346e-05 0.000229492 -4.66406e-05 0.000134039 -4.66406e-05 0.000128875)
(0.000298473 7.49715e-06 0.000158505 7.49715e-06 0.000349425 -3.55002e-05 0.000158505 -3.55002e-05 9.90384e-05)
(0.000468222 -8.87271e-06 0.000143829 -8.87271e-06 0.000578757 -0.000153034 0.000143829 -0.000153034 0.000175066)
(0.000558948 -0.000158892 0.000193598 -0.000158892 0.000798763 -0.000229383 0.000193598 -0.000229383 0.000201618)
(0.000528256 -0.000276552 0.000232399 -0.000276552 0.000670613 -0.000229659 0.000232399 -0.000229659 0.000141837)
(0.000422552 -0.000126787 0.000213137 -0.000126787 0.000314659 -0.000163924 0.000213137 -0.000163924 0.000116526)
(0.000578927 0.000311408 0.000269623 0.000311408 0.000621862 4.14699e-05 0.000269623 4.14699e-05 0.000353964)
(0.000649637 0.000510254 0.000177357 0.000510254 0.00137333 0.000258866 0.000177357 0.000258866 0.00034913)
(0.000332481 0.000120096 8.61073e-05 0.000120096 0.000532659 2.525e-05 8.61073e-05 2.525e-05 0.000108238)
(0.000243089 2.65343e-05 0.000140722 2.65343e-05 0.000239171 -3.51109e-07 0.000140722 -3.51109e-07 4.3083e-05)
(0.000322009 5.35129e-05 0.000170052 5.35129e-05 0.00039113 -0.000131991 0.000170052 -0.000131991 0.00011736)
(0.000465957 6.9405e-05 0.000310758 6.9405e-05 0.000247715 -0.000112103 0.000310758 -0.000112103 0.000488719)
(0.000446785 7.95405e-05 0.000345165 7.95405e-05 0.000232035 3.75817e-05 0.000345165 3.75817e-05 0.000437764)
(0.000238386 -2.59969e-05 0.000160283 -2.59969e-05 0.000244907 7.70111e-06 0.000160283 7.70111e-06 1.94676e-05)
(0.000527371 0.000201649 0.000214191 0.000201649 0.00112004 0.000513555 0.000214191 0.000513555 0.000566152)
(0.000579671 0.000322629 0.000252513 0.000322629 0.00178045 0.000533469 0.000252513 0.000533469 0.000640418)
(0.000538148 -2.84296e-05 0.000308692 -2.84296e-05 0.000782244 -0.000255562 0.000308692 -0.000255562 0.000371317)
(0.000978317 0.000284332 0.000641149 0.000284332 0.0004558 0.000170104 0.000641149 0.000170104 0.00114923)
(0.000597587 4.69545e-05 0.000159848 4.69545e-05 0.000421531 -0.000243446 0.000159848 -0.000243446 0.000350878)
(0.000928202 0.000165955 9.14745e-06 0.000165955 0.000997245 -0.00054351 9.14745e-06 -0.00054351 0.000618588)
(0.00110395 0.000273734 2.7488e-05 0.000273734 0.000616144 -0.000335146 2.7488e-05 -0.000335146 0.00158017)
(0.00096723 0.000464641 0.000650179 0.000464641 0.00103025 0.000607589 0.000650179 0.000607589 0.00155773)
(0.000980319 0.00123496 0.000523593 0.00123496 0.00323136 0.00080455 0.000523593 0.00080455 0.000883243)
(0.000282841 0.000259764 2.81492e-05 0.000259764 0.00183317 7.1004e-06 2.81492e-05 7.1004e-06 0.000247861)
(0.000664097 9.7326e-05 0.000158242 9.7326e-05 0.000298236 -5.60936e-06 0.000158242 -5.60936e-06 0.000172977)
(0.00109501 0.000627216 -0.000100628 0.000627216 0.00150189 -0.000665125 -0.000100628 -0.000665125 0.000973132)
(0.00211243 -9.56841e-05 0.000546811 -9.56841e-05 0.00241393 -0.00160653 0.000546811 -0.00160653 0.00287556)
(0.00294811 -0.000528204 0.00128423 -0.000528204 0.00195679 -0.00157255 0.00128423 -0.00157255 0.00401033)
(0.00124202 -0.000129577 0.000565847 -0.000129577 0.000666946 -0.000629494 0.000565847 -0.000629494 0.00162002)
(0.000340758 0.000149451 0.000174388 0.000149451 0.00025937 -1.94777e-05 0.000174388 -1.94777e-05 0.000242933)
(0.000330577 0.000157354 6.30058e-05 0.000157354 0.000645829 6.0508e-05 6.30058e-05 6.0508e-05 0.000124548)
(0.000309141 -1.50688e-05 0.000163477 -1.50688e-05 0.000389085 9.15406e-05 0.000163477 9.15406e-05 0.000265928)
(0.00045989 5.90598e-05 0.000257405 5.90598e-05 0.000336498 0.000103359 0.000257405 0.000103359 0.000464747)
(0.000554123 0.000161873 0.00013661 0.000161873 0.000342884 -2.02945e-05 0.00013661 -2.02945e-05 0.000607672)
(0.00100855 0.000428679 -0.000103425 0.000428679 0.000494108 -0.000138288 -0.000103425 -0.000138288 0.00140915)
(0.00203848 0.000798809 -0.000222133 0.000798809 0.000930649 -0.00043499 -0.000222133 -0.00043499 0.00343466)
(0.00342283 0.000827027 0.000294549 0.000827027 0.00128366 -0.000508607 0.000294549 -0.000508607 0.00578331)
(0.00355107 0.000415112 0.000626709 0.000415112 0.00128378 -0.000432197 0.000626709 -0.000432197 0.00626157)
(0.00285336 0.000297795 0.000756638 0.000297795 0.000985554 -0.000368552 0.000756638 -0.000368552 0.00511108)
(0.00151993 0.000332558 0.000704737 0.000332558 0.000494767 -9.48803e-05 0.000704737 -9.48803e-05 0.00252328)
(0.000844295 0.000219302 0.000238564 0.000219302 0.000386894 -0.000152459 0.000238564 -0.000152459 0.0011045)
(0.000858361 0.000281915 -9.63612e-05 0.000281915 0.000523471 -0.000233734 -9.63612e-05 -0.000233734 0.00101911)
(0.000704866 0.000239362 -7.66665e-05 0.000239362 0.000509939 -0.000149743 -7.66665e-05 -0.000149743 0.000806237)
(0.000333298 2.31201e-05 0.000117469 2.31201e-05 0.000392767 -6.97514e-05 0.000117469 -6.97514e-05 0.000205484)
(0.000258731 -0.000121982 -6.49281e-05 -0.000121982 0.000365545 5.80568e-05 -6.49281e-05 5.80568e-05 0.000292227)
(0.000641157 3.37074e-05 -0.000186495 3.37074e-05 0.000359104 -5.79823e-05 -0.000186495 -5.79823e-05 0.000323129)
(0.000997323 0.000437924 0.000389788 0.000437924 0.000401719 2.50051e-05 0.000389788 2.50051e-05 0.000526234)
(0.000212917 -1.46031e-06 0.000144122 -1.46031e-06 0.000120021 -5.73471e-05 0.000144122 -5.73471e-05 9.88561e-06)
(0.000796123 0.000501963 0.000347469 0.000501963 0.00164917 0.000582513 0.000347469 0.000582513 0.000541359)
(0.000721577 0.000420653 0.000234311 0.000420653 0.00214959 0.000734954 0.000234311 0.000734954 0.000793665)
(0.00038665 -0.000151657 0.000231972 -0.000151657 0.000629846 3.096e-05 0.000231972 3.096e-05 0.00030247)
(0.00040113 -3.67444e-05 0.000181443 -3.67444e-05 0.000170909 0.000115653 0.000181443 0.000115653 0.000339237)
(0.000188297 -0.000105152 9.38233e-05 -0.000105152 0.000157047 5.77709e-05 9.38233e-05 5.77709e-05 0.000487837)
(0.000944277 0.000117383 0.000492357 0.000117383 0.000824614 0.000608441 0.000492357 0.000608441 0.00130933)
(0.000828441 0.000397657 0.000366772 0.000397657 0.00163777 0.000657585 0.000366772 0.000657585 0.000815194)
(0.000487359 -6.50706e-05 0.000248315 -6.50706e-05 0.000591308 -0.000258583 0.000248315 -0.000258583 0.00038802)
(0.00115549 0.000210535 0.000838306 0.000210535 0.000444927 0.000146665 0.000838306 0.000146665 0.00164194)
(0.000625649 0.000170028 0.000459123 0.000170028 0.000261219 9.28901e-05 0.000459123 9.28901e-05 0.000846993)
(0.000908505 0.000307933 1.34036e-05 0.000307933 0.000598444 -0.000350965 1.34036e-05 -0.000350965 0.00112864)
(0.00130909 0.000146089 0.000182386 0.000146089 0.000686548 -0.000546121 0.000182386 -0.000546121 0.00199)
(0.00196816 -0.000170481 0.000857946 -0.000170481 0.000685197 -0.000469259 0.000857946 -0.000469259 0.0023712)
(0.00201084 -9.9468e-05 0.00111473 -9.9468e-05 0.000673748 -0.000265867 0.00111473 -0.000265867 0.00169332)
(0.000923831 0.000168845 0.000494471 0.000168845 0.000269881 -0.000220835 0.000494471 -0.000220835 0.00105662)
(0.000845085 0.000558692 -0.000121625 0.000558692 0.000493032 -0.000227985 -0.000121625 -0.000227985 0.000386753)
(0.00158919 0.000298434 0.000110528 0.000298434 0.000518451 -3.54368e-06 0.000110528 -3.54368e-06 0.000444533)
(0.000986036 -0.000150991 0.000114487 -0.000150991 0.000637535 7.60378e-05 0.000114487 7.60378e-05 0.000447216)
(0.000517627 0.000172905 0.000163338 0.000172905 0.000558995 -1.50772e-05 0.000163338 -1.50772e-05 0.000432115)
(0.00129493 -0.000689452 0.000437437 -0.000689452 0.00129383 -0.000508046 0.000437437 -0.000508046 0.000614367)
(0.00169436 -0.00108215 0.000569906 -0.00108215 0.00159445 -0.000610541 0.000569906 -0.000610541 0.000550605)
(0.00138392 -0.000617226 0.00057053 -0.000617226 0.000897942 -0.000496004 0.00057053 -0.000496004 0.000584831)
(0.000902744 -0.000111564 0.000447854 -0.000111564 0.000818892 -0.000823202 0.000447854 -0.000823202 0.00113244)
(0.000458402 0.000272488 0.000326009 0.000272488 0.000392946 -0.000319408 0.000326009 -0.000319408 0.000589482)
(0.000395238 -0.000206701 7.52639e-05 -0.000206701 0.00101154 -0.000863248 7.52639e-05 -0.000863248 0.00140464)
(0.000666242 -0.000791034 0.000570389 -0.000791034 0.00445026 -0.00247279 0.000570389 -0.00247279 0.00327759)
(0.000585025 -0.000512914 0.000726029 -0.000512914 0.00314251 -0.00175757 0.000726029 -0.00175757 0.00215889)
(0.000376983 -7.07489e-05 9.17017e-05 -7.07489e-05 0.000834273 -8.07606e-05 9.17017e-05 -8.07606e-05 0.000224354)
(0.00130514 0.000681746 0.000348376 0.000681746 0.00282315 0.0013983 0.000348376 0.0013983 0.00219439)
(0.00393282 0.000589251 -0.000733135 0.000589251 0.00468799 0.0030311 -0.000733135 0.0030311 0.00675084)
(0.00319483 0.00075973 -0.00069625 0.00075973 0.00341128 0.00245172 -0.00069625 0.00245172 0.00838735)
(0.00326282 0.00052412 0.000533918 0.00052412 0.000961411 8.12616e-05 0.000533918 8.12616e-05 0.00651113)
(0.00237481 -1.75508e-05 -0.000148471 -1.75508e-05 0.0018293 -0.0014023 -0.000148471 -0.0014023 0.00313833)
(0.00163781 1.53789e-05 -0.000153096 1.53789e-05 0.00185474 -0.00124679 -0.000153096 -0.00124679 0.00188306)
(0.000995441 0.000143355 8.35788e-05 0.000143355 0.000908931 -0.000781412 8.35788e-05 -0.000781412 0.00134086)
(0.000561293 8.45119e-05 0.000276206 8.45119e-05 0.000361106 -0.000225406 0.000276206 -0.000225406 0.000786268)
(0.000256143 6.85919e-06 3.46359e-06 6.85919e-06 0.00031144 -7.35e-05 3.46359e-06 -7.35e-05 0.000231283)
(0.000636868 -0.000616093 -0.000787675 -0.000616093 0.000717976 0.000813112 -0.000787675 0.000813112 0.00147025)
(0.00259979 -0.000541082 -0.00103492 -0.000541082 0.00461258 0.00259374 -0.00103492 0.00259374 0.00347795)
(0.00588088 -0.000121239 0.000276173 -0.000121239 0.0060165 0.00280405 0.000276173 0.00280405 0.00468829)
(0.00398995 0.000310146 2.24337e-05 0.000310146 0.00488402 0.00275049 2.24337e-05 0.00275049 0.00460637)
(0.000972193 -0.00041849 -0.000229339 -0.00041849 0.000821849 0.000876517 -0.000229339 0.000876517 0.00231078)
(0.000762991 -9.68948e-06 -0.000452038 -9.68948e-06 0.000338932 5.93252e-06 -0.000452038 5.93252e-06 0.000921081)
(0.000495283 -0.000298196 -0.000131387 -0.000298196 0.000281133 0.000127607 -0.000131387 0.000127607 0.000321363)
(0.000580217 0.000166178 0.000188515 0.000166178 0.00174377 0.000432925 0.000188515 0.000432925 0.000434793)
(0.00107149 0.000772052 0.000420095 0.000772052 0.00218632 0.000790259 0.000420095 0.000790259 0.000881196)
(0.000394893 5.92135e-06 0.000248052 5.92135e-06 0.00047398 0.000116149 0.000248052 0.000116149 0.00030326)
(0.000765939 0.000277965 0.000460006 0.000277965 0.000567376 0.00018433 0.000460006 0.00018433 0.000759039)
(0.00128917 0.000508753 0.000894444 0.000508753 0.000684125 0.000329476 0.000894444 0.000329476 0.00136773)
(0.00111407 0.000260664 -0.00016666 0.000260664 0.000532472 -0.000313438 -0.00016666 -0.000313438 0.00159229)
(0.000288339 6.32498e-05 0.000108668 6.32498e-05 0.000328275 -1.3398e-05 0.000108668 -1.3398e-05 0.000116032)
(0.000405154 0.000210773 -8.80556e-05 0.000210773 0.000862646 -0.000282101 -8.80556e-05 -0.000282101 0.000427978)
(0.000596185 5.42356e-05 0.000249397 5.42356e-05 0.000475992 -0.0002908 0.000249397 -0.0002908 0.000495602)
(0.0021279 -0.000983746 0.000345819 -0.000983746 0.00407085 -0.00201635 0.000345819 -0.00201635 0.00250787)
(0.0028542 -0.00117466 0.000178422 -0.00117466 0.00553339 -0.00267502 0.000178422 -0.00267502 0.00402353)
(0.00155434 -0.00040676 5.56204e-05 -0.00040676 0.00363592 -0.00234318 5.56204e-05 -0.00234318 0.00280025)
(0.00073849 0.000160159 0.000221809 0.000160159 0.00086539 -0.00109313 0.000221809 -0.00109313 0.00158267)
(0.000706112 9.08133e-06 0.000183858 9.08133e-06 0.000589643 0.00015644 0.000183858 0.00015644 0.000847892)
(0.000600763 0.000205227 5.5993e-05 0.000205227 0.000743037 1.19749e-05 5.5993e-05 1.19749e-05 0.000406478)
(0.00108277 0.00031503 -4.75906e-07 0.00031503 0.00116043 -0.00021907 -4.75906e-07 -0.00021907 0.00104968)
(0.00215552 -0.000807744 3.68394e-05 -0.000807744 0.00342182 -0.00137668 3.68394e-05 -0.00137668 0.00192774)
(0.00181929 -0.000823005 2.47797e-05 -0.000823005 0.00398773 -0.0016865 2.47797e-05 -0.0016865 0.00177613)
(0.000735921 -0.000128698 0.000167144 -0.000128698 0.000999113 -0.000541851 0.000167144 -0.000541851 0.000425856)
(0.000924645 0.000982506 0.000266382 0.000982506 0.00246248 0.000203484 0.000266382 0.000203484 0.000724889)
(0.00244355 0.00186527 0.0012546 0.00186527 0.00379423 0.000969109 0.0012546 0.000969109 0.00170968)
(0.000362935 9.719e-05 0.000161151 9.719e-05 -2.83144e-05 0.000115318 0.000161151 0.000115318 0.00018521)
(0.00290204 0.00143944 0.000919051 0.00143944 0.00293502 0.00166673 0.000919051 0.00166673 0.00219934)
(0.00117822 0.000577278 0.00031719 0.000577278 0.00347665 0.000994809 0.00031719 0.000994809 0.00130785)
(0.00144255 -0.000785759 0.000220796 -0.000785759 0.00198826 -0.000664653 0.000220796 -0.000664653 0.000842311)
(0.00188858 0.000327359 0.000248037 0.000327359 0.000603411 -4.73903e-05 0.000248037 -4.73903e-05 0.00321261)
(0.00130459 0.000243368 -0.000669302 0.000243368 0.000571712 0.000338316 -0.000669302 0.000338316 0.00226454)
(0.00126916 5.86659e-05 -9.61898e-05 5.86659e-05 0.000503146 6.36093e-06 -9.61898e-05 6.36093e-06 0.000578233)
(0.000692216 8.46833e-05 0.000137029 8.46833e-05 0.000514187 -2.09725e-05 0.000137029 -2.09725e-05 0.000437262)
(0.000698305 7.67671e-05 0.000193745 7.67671e-05 0.000629135 -0.000144499 0.000193745 -0.000144499 0.000656713)
(0.000522944 -0.000160778 0.000212187 -0.000160778 0.000511679 -9.91793e-05 0.000212187 -9.91793e-05 0.000265415)
(0.000642012 0.000343882 -0.000551933 0.000343882 0.00121514 -0.000790478 -0.000551933 -0.000790478 0.00158376)
(0.000249801 0.000198004 -6.53993e-05 0.000198004 0.00404561 -0.00179009 -6.53993e-05 -0.00179009 0.00224605)
(0.000413952 -0.000112791 8.35564e-05 -0.000112791 0.0010091 -0.000450379 8.35564e-05 -0.000450379 0.000767384)
(0.00095571 0.000507744 0.000400016 0.000507744 0.00204901 0.000471109 0.000400016 0.000471109 0.000931418)
(0.00132499 -0.000391228 -0.000341115 -0.000391228 0.00405613 0.00153524 -0.000341115 0.00153524 0.00195335)
(0.000644887 -0.000447729 -0.000557392 -0.000447729 0.000615417 0.000462051 -0.000557392 0.000462051 0.00111013)
(0.00111672 0.000603301 0.000478446 0.000603301 0.000845733 0.000178182 0.000478446 0.000178182 0.000780252)
(0.00144681 0.000845594 0.000841331 0.000845594 0.00151909 0.000874561 0.000841331 0.000874561 0.00203412)
(0.000581677 0.000144291 0.000106623 0.000144291 0.000450937 0.000201063 0.000106623 0.000201063 0.000811901)
(0.000668763 0.000464401 0.000200296 0.000464401 0.00120188 -0.000137302 0.000200296 -0.000137302 0.000415404)
(0.000364103 8.95848e-05 0.000192819 8.95848e-05 0.000921751 5.28023e-05 0.000192819 5.28023e-05 0.000294801)
(0.000729239 0.00028536 0.000425173 0.00028536 0.000564846 0.000172852 0.000425173 0.000172852 0.000747279)
(0.00187171 0.00105834 0.000935499 0.00105834 0.00211838 0.00118402 0.000935499 0.00118402 0.00338939)
(0.00163633 0.000618389 0.000443846 0.000618389 0.00147252 0.000986614 0.000443846 0.000986614 0.00446961)
(0.000983505 -0.000128803 9.31984e-05 -0.000128803 0.00147004 0.000586805 9.31984e-05 0.000586805 0.00408239)
(0.000729922 -0.000213806 -0.000534588 -0.000213806 0.000905446 0.000561452 -0.000534588 0.000561452 0.00288634)
(0.000542624 0.000318764 0.000312777 0.000318764 0.00132724 0.00022084 0.000312777 0.00022084 0.000449611)
(0.00130347 0.000638506 -0.000202494 0.000638506 0.00167547 -0.00108852 -0.000202494 -0.00108852 0.0012937)
(0.00270698 0.000284276 -0.000442592 0.000284276 0.00212877 -0.00142824 -0.000442592 -0.00142824 0.00354896)
(0.00192749 -0.000755295 0.000220293 -0.000755295 0.00447557 -0.00198699 0.000220293 -0.00198699 0.00218518)
(0.000653317 -0.00045055 0.000175799 -0.00045055 0.00268716 0.000298655 0.000175799 0.000298655 0.000778767)
(0.000376277 -4.11766e-05 0.000329666 -4.11766e-05 0.000896446 -0.000338456 0.000329666 -0.000338456 0.000594227)
(0.000698459 -4.04324e-05 0.000200907 -4.04324e-05 0.00072027 -0.00043233 0.000200907 -0.00043233 0.00101956)
(0.00146739 0.000234092 5.48288e-05 0.000234092 0.00129198 0.000410941 5.48288e-05 0.000410941 0.00157648)
(0.00149355 0.000706132 9.6608e-05 0.000706132 0.00119445 -0.000343942 9.6608e-05 -0.000343942 0.00142931)
(0.000702907 -0.000206975 0.000123524 -0.000206975 0.00220193 0.000226715 0.000123524 0.000226715 0.000918048)
(0.00121521 -0.000591274 -0.000329494 -0.000591274 0.000700735 7.61319e-05 -0.000329494 7.61319e-05 0.00078457)
(0.00375499 0.00221306 0.00171726 0.00221306 0.00445989 0.00108561 0.00171726 0.00108561 0.00201639)
(0.00402949 0.000948026 0.000126845 0.000948026 0.00532176 0.00146578 0.000126845 0.00146578 0.00518064)
(0.00345519 4.85536e-05 -0.0013224 4.85536e-05 0.00306117 -0.00122818 -0.0013224 -0.00122818 0.00321)
(0.00732494 -0.00244115 0.000443196 -0.00244115 0.00779567 0.00136434 0.000443196 0.00136434 0.00469948)
(0.00806236 -0.00236931 0.00107254 -0.00236931 0.00790763 0.00179269 0.00107254 0.00179269 0.00568801)
(0.000876325 0.000298273 -0.00015395 0.000298273 0.00405439 0.00126336 -0.00015395 0.00126336 0.0016213)
(0.00198136 -0.000753534 0.000617646 -0.000753534 0.00486787 -0.00156105 0.000617646 -0.00156105 0.00200786)
(0.00329164 -0.00163111 0.000760911 -0.00163111 0.00651759 -0.00258875 0.000760911 -0.00258875 0.0038947)
(0.00149183 -0.000106433 3.8947e-05 -0.000106433 0.00125919 -0.000688265 3.8947e-05 -0.000688265 0.00152488)
(0.0003711 -1.05184e-05 9.41036e-05 -1.05184e-05 0.000908349 0.000211851 9.41036e-05 0.000211851 0.000374173)
(0.000714786 0.000196779 2.62745e-05 0.000196779 0.00250984 0.000106577 2.62745e-05 0.000106577 0.000512011)
(0.000669821 0.0001089 0.000118866 0.0001089 0.0029328 -0.000182933 0.000118866 -0.000182933 0.000706666)
(0.000644431 0.000581406 -0.000207689 0.000581406 0.001333 -0.000289571 -0.000207689 -0.000289571 0.000842685)
(0.00149465 0.000525285 -0.000609063 0.000525285 0.000687972 8.26083e-06 -0.000609063 8.26083e-06 0.00131406)
(0.000139517 0.000277868 -0.000147854 0.000277868 0.00163704 -0.0001659 -0.000147854 -0.0001659 0.000899178)
(0.000847854 -0.000785069 0.000167504 -0.000785069 0.0021626 -2.85478e-05 0.000167504 -2.85478e-05 0.000457702)
(0.0012641 -0.000763166 0.000136673 -0.000763166 0.00167059 -0.00017728 0.000136673 -0.00017728 0.000464306)
(0.000616522 5.52852e-05 0.000172325 5.52852e-05 0.00264041 -0.00148965 0.000172325 -0.00148965 0.00200266)
(0.000679354 0.000602026 -0.000600661 0.000602026 0.00237458 -0.00151516 -0.000600661 -0.00151516 0.00259384)
(0.000990431 0.000769899 0.000237623 0.000769899 0.00169466 -0.000278953 0.000237623 -0.000278953 0.00103563)
(0.00154408 0.000105581 0.00147481 0.000105581 0.000718389 -0.00043877 0.00147481 -0.00043877 0.00278441)
(0.000950648 0.000123454 0.000511786 0.000123454 0.000512062 -0.000750723 0.000511786 -0.000750723 0.00211474)
(0.000762952 -0.000112508 0.000315456 -0.000112508 0.000392165 -2.38391e-05 0.000315456 -2.38391e-05 0.00040401)
(0.000475431 3.87402e-05 2.62205e-05 3.87402e-05 0.000890632 -0.000660476 2.62205e-05 -0.000660476 0.00139363)
(0.000846168 0.000770217 0.000184969 0.000770217 0.00145006 -1.51508e-05 0.000184969 -1.51508e-05 0.000816947)
(0.000691181 0.000117262 0.000218701 0.000117262 0.000274414 5.65769e-05 0.000218701 5.65769e-05 0.000333804)
(0.000380218 -0.000288188 -8.59769e-05 -0.000288188 0.000650442 0.000598812 -8.59769e-05 0.000598812 0.00117643)
(0.000475267 0.000104043 -0.000282099 0.000104043 0.000468927 -0.000477145 -0.000282099 -0.000477145 0.00132488)
(0.000639706 -2.88012e-05 4.94523e-05 -2.88012e-05 0.000776551 2.88244e-05 4.94523e-05 2.88244e-05 0.000558781)
(0.00102548 0.0004342 0.000337854 0.0004342 0.00280804 0.000194781 0.000337854 0.000194781 0.000678813)
(0.000468493 8.17105e-05 0.000124304 8.17105e-05 0.000502569 -2.32263e-05 0.000124304 -2.32263e-05 0.000352565)
(0.00132514 0.000845385 0.000595981 0.000845385 0.00228957 0.000871368 0.000595981 0.000871368 0.00168794)
(0.000561972 8.19378e-05 0.000188004 8.19378e-05 0.000771921 4.15687e-05 0.000188004 4.15687e-05 0.000418781)
(0.000710429 -0.000398889 -0.000194909 -0.000398889 0.000821997 0.000478921 -0.000194909 0.000478921 0.00236882)
(0.00268685 -0.0011571 -0.000584795 -0.0011571 0.00489576 0.00199781 -0.000584795 0.00199781 0.00577394)
(0.00322776 -0.000870576 0.00015837 -0.000870576 0.00569356 0.00138196 0.00015837 0.00138196 0.00787317)
(0.00271083 -0.000153712 0.00107333 -0.000153712 0.00286775 0.000747984 0.00107333 0.000747984 0.00883903)
(0.00303701 0.000158794 0.000388892 0.000158794 0.00176512 0.00129748 0.000388892 0.00129748 0.00514801)
(0.000568661 -5.75827e-05 1.6137e-05 -5.75827e-05 0.000524627 -5.49909e-05 1.6137e-05 -5.49909e-05 0.000928142)
(0.00471893 0.00207983 0.0017794 0.00207983 0.00323612 0.000780723 0.0017794 0.000780723 0.00385936)
(0.00334906 0.00150138 0.000702947 0.00150138 0.00306587 0.0010298 0.000702947 0.0010298 0.00459188)
(0.00205463 -0.000424536 -0.000285855 -0.000424536 0.00546985 -0.00129115 -0.000285855 -0.00129115 0.00182662)
(0.00508233 -0.00207904 -0.000184572 -0.00207904 0.00773711 0.000625703 -0.000184572 0.000625703 0.0039801)
(0.00386257 0.000935817 0.001224 0.000935817 0.00341979 0.00158198 0.001224 0.00158198 0.00425973)
(0.000812193 -0.000151756 0.000276303 -0.000151756 0.00203837 -0.00159616 0.000276303 -0.00159616 0.00259486)
(0.00164368 0.00132814 0.000766346 0.00132814 0.00386739 0.00123636 0.000766346 0.00123636 0.00188212)
(0.00231459 0.000703108 0.00137324 0.000703108 0.00138649 0.000572558 0.00137324 0.000572558 0.00351119)
(0.00128051 -0.000402938 0.000929315 -0.000402938 0.00125911 -0.000822208 0.000929315 -0.000822208 0.00168884)
(0.000806526 -0.000397933 0.000370184 -0.000397933 0.000987076 -0.000485241 0.000370184 -0.000485241 0.000475576)
(0.000559307 0.000137396 0.000152065 0.000137396 0.000714306 -0.000236427 0.000152065 -0.000236427 0.000247351)
(0.000627783 0.000146349 0.000219475 0.000146349 0.00168618 0.000590325 0.000219475 0.000590325 0.00055522)
(0.000405138 -4.39519e-05 0.0002505 -4.39519e-05 0.000323403 7.52769e-05 0.0002505 7.52769e-05 0.000319527)
(0.00134481 0.000227802 0.000733739 0.000227802 0.00134119 0.000843004 0.000733739 0.000843004 0.00254173)
(0.000560449 -0.000318373 0.000132908 -0.000318373 0.00057426 -8.68384e-05 0.000132908 -8.68384e-05 0.00048881)
(0.0020436 -0.00122765 -0.00124063 -0.00122765 0.00414224 0.00216853 -0.00124063 0.00216853 0.00495969)
(0.00145822 -0.000432409 0.000830473 -0.000432409 0.000870988 0.000492877 0.000830473 0.000492877 0.00355731)
(0.000938978 -0.000735103 0.000168517 -0.000735103 0.00358873 2.80682e-05 0.000168517 2.80682e-05 0.000673844)
(0.000249245 5.65238e-05 6.2963e-05 5.65238e-05 0.00341836 -0.000875481 6.2963e-05 -0.000875481 0.00172653)
(0.00163502 -0.000722579 -0.00118816 -0.000722579 0.000729946 0.000965675 -0.00118816 0.000965675 0.00462187)
(0.00130554 -0.000562868 -0.00111451 -0.000562868 0.00296883 0.00186087 -0.00111451 0.00186087 0.00326697)
(0.000521419 -0.000185955 0.000352137 -0.000185955 0.00269807 -0.000491598 0.000352137 -0.000491598 0.000506313)
(0.000869318 -2.68677e-05 0.000342332 -2.68677e-05 0.000496472 -0.000255486 0.000342332 -0.000255486 0.0024062)
(0.000790243 0.000329163 0.000154294 0.000329163 0.0024188 0.000945759 0.000154294 0.000945759 0.00100369)
(0.000194198 0.000103298 8.27452e-05 0.000103298 0.000757219 -0.000266157 8.27452e-05 -0.000266157 0.000429089)
(0.000329221 6.89318e-05 -2.75671e-05 6.89318e-05 0.000792614 -0.000242445 -2.75671e-05 -0.000242445 0.000981982)
