/*--------------------------------*- C++ -*----------------------------------*\
  =========                 |
  \\      /  F ield         | OpenFOAM: The Open Source CFD Toolbox
   \\    /   O peration     | Website:  https://openfoam.org
    \\  /    A nd           | Version:  10
     \\/     M anipulation  |
\*---------------------------------------------------------------------------*/
FoamFile
{
    format      ascii;
    class       volTensorField;
    location    "15";
    object      TauNN;
}
// * * * * * * * * * * * * * * * * * * * * * * * * * * * * * * * * * * * * * //

dimensions      [0 2 -2 0 0 0 0];

internalField   nonuniform List<tensor> 
25600
(
(4.59713e-06 -0.0127901 -0.0154291 -0.0127901 2.85577e-05 -0.00811997 -0.0154291 -0.00811997 6.73041e-05)
(3.14166e-05 -0.012789 -0.0154299 -0.012789 2.09103e-05 -0.00812838 -0.0154299 -0.00812838 4.72267e-05)
(6.34464e-05 -0.0127989 -0.0154255 -0.0127989 4.36065e-05 -0.00814239 -0.0154255 -0.00814239 4.45235e-05)
(4.34462e-05 -0.0127874 -0.0154226 -0.0127874 2.71809e-05 -0.00813559 -0.0154226 -0.00813559 6.94898e-05)
(2.93746e-05 -0.0127847 -0.0154261 -0.0127847 2.30352e-05 -0.00813025 -0.0154261 -0.00813025 7.69115e-05)
(3.79551e-05 -0.0127883 -0.0154288 -0.0127883 2.28555e-05 -0.00813112 -0.0154288 -0.00813112 4.51732e-05)
(6.16856e-05 -0.0127936 -0.0154293 -0.0127936 2.5092e-05 -0.0081324 -0.0154293 -0.0081324 4.69509e-05)
(8.30592e-05 -0.0127974 -0.0154099 -0.0127974 2.9663e-05 -0.00813519 -0.0154099 -0.00813519 7.77982e-05)
(8.23957e-05 -0.0127938 -0.0154112 -0.0127938 2.62541e-05 -0.00812834 -0.0154112 -0.00812834 7.77555e-05)
(2.83199e-05 -0.0127879 -0.0154234 -0.0127879 2.33905e-05 -0.00812666 -0.0154234 -0.00812666 8.67416e-05)
(1.85865e-05 -0.0127895 -0.0154338 -0.0127895 2.48883e-05 -0.00812211 -0.0154338 -0.00812211 9.14816e-05)
(1.46053e-05 -0.012792 -0.0154306 -0.012792 2.83465e-05 -0.00812318 -0.0154306 -0.00812318 5.7939e-05)
(9.80591e-06 -0.0127867 -0.0154295 -0.0127867 2.19267e-05 -0.00812547 -0.0154295 -0.00812547 5.30794e-05)
(3.72848e-05 -0.0127897 -0.0154207 -0.0127897 2.63205e-05 -0.00811959 -0.0154207 -0.00811959 7.62531e-05)
(3.6259e-05 -0.0127905 -0.015422 -0.0127905 3.0569e-05 -0.00811994 -0.015422 -0.00811994 7.39546e-05)
(-1.69298e-06 -0.0127912 -0.015428 -0.0127912 3.25422e-05 -0.00812081 -0.015428 -0.00812081 6.95546e-05)
(3.83816e-05 -0.012789 -0.0154189 -0.012789 2.56542e-05 -0.00812603 -0.0154189 -0.00812603 8.56821e-05)
(5.31365e-05 -0.012791 -0.0154169 -0.012791 2.79497e-05 -0.00813458 -0.0154169 -0.00813458 8.70555e-05)
(7.79499e-05 -0.0127904 -0.0154076 -0.0127904 2.85659e-05 -0.00812009 -0.0154076 -0.00812009 8.87739e-05)
(3.8492e-05 -0.0127884 -0.0154178 -0.0127884 2.32556e-05 -0.00812369 -0.0154178 -0.00812369 7.09674e-05)
(3.40739e-05 -0.012786 -0.0154329 -0.012786 2.2557e-05 -0.00813197 -0.0154329 -0.00813197 3.28818e-05)
(4.47811e-05 -0.0127893 -0.0154182 -0.0127893 2.35798e-05 -0.00813101 -0.0154182 -0.00813101 7.25226e-05)
(4.34422e-05 -0.0127884 -0.0154156 -0.0127884 2.4e-05 -0.0081297 -0.0154156 -0.0081297 8.62626e-05)
(5.84217e-05 -0.0127914 -0.0154144 -0.0127914 2.61786e-05 -0.00813163 -0.0154144 -0.00813163 7.81688e-05)
(1.07277e-05 -0.0127853 -0.0154257 -0.0127853 2.11367e-05 -0.00812527 -0.0154257 -0.00812527 7.31293e-05)
(7.468e-06 -0.0127915 -0.0154279 -0.0127915 2.76759e-05 -0.00811774 -0.0154279 -0.00811774 9.26173e-05)
(2.66344e-05 -0.0127917 -0.01542 -0.0127917 3.39881e-05 -0.00811465 -0.01542 -0.00811465 9.86806e-05)
(1.06101e-06 -0.0127908 -0.0154367 -0.0127908 2.54413e-05 -0.00812585 -0.0154367 -0.00812585 4.97911e-05)
(3.64831e-05 -0.012789 -0.0154255 -0.012789 2.36001e-05 -0.00812839 -0.0154255 -0.00812839 5.41575e-05)
(0.000112024 -0.0127968 -0.0154013 -0.0127968 2.9909e-05 -0.00813182 -0.0154013 -0.00813182 9.3382e-05)
(1.42555e-05 -0.0127886 -0.0154257 -0.0127886 3.23741e-05 -0.00811749 -0.0154257 -0.00811749 7.5264e-05)
(-6.5572e-06 -0.0127943 -0.0154392 -0.0127943 2.73529e-05 -0.00812184 -0.0154392 -0.00812184 5.36868e-05)
(2.29423e-05 -0.0127868 -0.0154234 -0.0127868 2.19317e-05 -0.00812497 -0.0154234 -0.00812497 7.72268e-05)
(4.96324e-05 -0.0127891 -0.0154128 -0.0127891 2.36984e-05 -0.00812714 -0.0154128 -0.00812714 8.22938e-05)
(0.000112417 -0.0127961 -0.0154005 -0.0127961 2.94599e-05 -0.00812931 -0.0154005 -0.00812931 9.6528e-05)
(8.75153e-05 -0.0127936 -0.015409 -0.0127936 2.96108e-05 -0.00812593 -0.015409 -0.00812593 9.50662e-05)
(-2.22709e-06 -0.0127933 -0.0154364 -0.0127933 2.7178e-05 -0.00811952 -0.0154364 -0.00811952 6.68278e-05)
(-8.97731e-06 -0.0127931 -0.0154358 -0.0127931 2.66057e-05 -0.00811779 -0.0154358 -0.00811779 6.64678e-05)
(5.27013e-05 -0.0127933 -0.0154161 -0.0127933 3.01011e-05 -0.00812233 -0.0154161 -0.00812233 0.000109071)
(3.81567e-05 -0.0127939 -0.0154203 -0.0127939 3.19147e-05 -0.00811948 -0.0154203 -0.00811948 0.000110801)
(-3.13773e-06 -0.0127916 -0.0154294 -0.0127916 2.79826e-05 -0.00811585 -0.0154294 -0.00811585 8.92205e-05)
(2.42988e-05 -0.0127867 -0.0154322 -0.0127867 1.91919e-05 -0.00812847 -0.0154322 -0.00812847 4.6005e-05)
(2.03822e-05 -0.0127852 -0.0154386 -0.0127852 1.89222e-05 -0.00813043 -0.0154386 -0.00813043 3.32272e-05)
(2.47728e-05 -0.0127865 -0.0154261 -0.0127865 2.04007e-05 -0.00812739 -0.0154261 -0.00812739 5.91841e-05)
(5.66939e-05 -0.0127887 -0.0154142 -0.0127887 2.94323e-05 -0.00811901 -0.0154142 -0.00811901 8.46595e-05)
(7.56386e-05 -0.0127966 -0.0154182 -0.0127966 4.52375e-05 -0.00811571 -0.0154182 -0.00811571 0.0001178)
(1.44339e-05 -0.0127872 -0.0154283 -0.0127872 1.91478e-05 -0.00812389 -0.0154283 -0.00812389 5.74895e-05)
(4.47596e-05 -0.0127915 -0.0154318 -0.0127915 2.22715e-05 -0.0081307 -0.0154318 -0.0081307 4.27247e-05)
(9.33871e-05 -0.0128004 -0.0154095 -0.0128004 3.37423e-05 -0.00813826 -0.0154095 -0.00813826 7.79492e-05)
(5.15381e-05 -0.0127928 -0.0154228 -0.0127928 3.74143e-05 -0.00814453 -0.0154228 -0.00814453 7.74093e-05)
(3.67548e-05 -0.0127878 -0.0154162 -0.0127878 2.42134e-05 -0.00812561 -0.0154162 -0.00812561 8.2163e-05)
(3.35717e-05 -0.0127879 -0.01542 -0.0127879 2.21921e-05 -0.00812379 -0.01542 -0.00812379 6.63409e-05)
(1.82339e-06 -0.0127937 -0.0154439 -0.0127937 2.91016e-05 -0.00813056 -0.0154439 -0.00813056 4.2572e-05)
(2.59604e-05 -0.0127925 -0.0154412 -0.0127925 2.89993e-05 -0.00813128 -0.0154412 -0.00813128 4.77969e-05)
(5.30967e-05 -0.0127934 -0.0154424 -0.0127934 2.96075e-05 -0.00813355 -0.0154424 -0.00813355 3.66694e-05)
(5.19519e-05 -0.0127929 -0.0154243 -0.0127929 2.28969e-05 -0.00812728 -0.0154243 -0.00812728 5.88521e-05)
(3.93446e-05 -0.0127916 -0.0154235 -0.0127916 2.62309e-05 -0.0081267 -0.0154235 -0.0081267 0.000107649)
(8.32598e-06 -0.0127907 -0.0154283 -0.0127907 2.81881e-05 -0.00811719 -0.0154283 -0.00811719 7.03895e-05)
(-1.28353e-05 -0.0127965 -0.0154311 -0.0127965 4.15938e-05 -0.00810968 -0.0154311 -0.00810968 0.000100999)
(4.58501e-05 -0.012784 -0.0154269 -0.012784 3.15373e-05 -0.00814126 -0.0154269 -0.00814126 7.33368e-05)
(1.5879e-05 -0.0127887 -0.0154356 -0.0127887 2.13518e-05 -0.00812833 -0.0154356 -0.00812833 4.35562e-05)
(9.00024e-05 -0.0127953 -0.0154282 -0.0127953 2.67013e-05 -0.00813004 -0.0154282 -0.00813004 5.55786e-05)
(6.1894e-05 -0.0127932 -0.015433 -0.0127932 2.50252e-05 -0.00813183 -0.015433 -0.00813183 4.71457e-05)
(1.14494e-05 -0.0127912 -0.0154384 -0.0127912 2.52045e-05 -0.00812803 -0.0154384 -0.00812803 4.63545e-05)
(6.75553e-05 -0.0127948 -0.0154223 -0.0127948 2.63322e-05 -0.00813294 -0.0154223 -0.00813294 5.49e-05)
(5.26338e-05 -0.0127903 -0.0154199 -0.0127903 2.58275e-05 -0.00812255 -0.0154199 -0.00812255 6.61265e-05)
(1.45989e-05 -0.0127878 -0.0154289 -0.0127878 1.93971e-05 -0.00812462 -0.0154289 -0.00812462 5.05597e-05)
(5.12661e-06 -0.0127929 -0.0154379 -0.0127929 2.64737e-05 -0.0081253 -0.0154379 -0.0081253 5.0022e-05)
(-5.28668e-05 -0.0128133 -0.0154517 -0.0128133 5.11979e-05 -0.00811718 -0.0154517 -0.00811718 6.38954e-05)
(1.97953e-05 -0.0127893 -0.0154327 -0.0127893 2.20421e-05 -0.00812676 -0.0154327 -0.00812676 4.87139e-05)
(0.00010442 -0.0128088 -0.0154331 -0.0128088 3.60148e-05 -0.00813582 -0.0154331 -0.00813582 4.04997e-05)
(4.11859e-05 -0.0127898 -0.0154298 -0.0127898 2.19708e-05 -0.00813072 -0.0154298 -0.00813072 4.2109e-05)
(1.44003e-05 -0.0127862 -0.0154365 -0.0127862 1.86362e-05 -0.00812813 -0.0154365 -0.00812813 3.54247e-05)
(5.20859e-06 -0.0127914 -0.0154305 -0.0127914 3.03844e-05 -0.00812038 -0.0154305 -0.00812038 6.31329e-05)
(1.26509e-05 -0.0127899 -0.0154259 -0.0127899 2.71108e-05 -0.00811891 -0.0154259 -0.00811891 6.86707e-05)
(2.02653e-05 -0.012787 -0.0154244 -0.012787 2.12654e-05 -0.00812459 -0.0154244 -0.00812459 7.57371e-05)
(6.3823e-05 -0.0127959 -0.0154323 -0.0127959 2.82708e-05 -0.00813408 -0.0154323 -0.00813408 4.32176e-05)
(6.10977e-05 -0.0127936 -0.0154364 -0.0127936 2.72837e-05 -0.00813232 -0.0154364 -0.00813232 4.69651e-05)
(4.45844e-05 -0.0127893 -0.0154161 -0.0127893 2.50297e-05 -0.0081219 -0.0154161 -0.0081219 8.03217e-05)
(2.11122e-05 -0.0127868 -0.0154233 -0.0127868 2.14091e-05 -0.00812449 -0.0154233 -0.00812449 6.99744e-05)
(6.65115e-06 -0.0127903 -0.015424 -0.0127903 2.92241e-05 -0.00811915 -0.015424 -0.00811915 0.000105807)
(-3.32573e-06 -0.0127894 -0.0154295 -0.0127894 2.61804e-05 -0.00811951 -0.0154295 -0.00811951 7.68167e-05)
(4.31523e-06 -0.0127929 -0.015434 -0.0127929 2.92759e-05 -0.0081221 -0.015434 -0.0081221 5.67463e-05)
(3.72813e-05 -0.0127915 -0.015424 -0.0127915 2.89119e-05 -0.00812013 -0.015424 -0.00812013 7.37716e-05)
(2.76146e-05 -0.0127923 -0.0154248 -0.0127923 4.01104e-05 -0.00811479 -0.0154248 -0.00811479 8.79047e-05)
(-9.02345e-06 -0.0127941 -0.0154339 -0.0127941 2.97552e-05 -0.00811432 -0.0154339 -0.00811432 8.93597e-05)
(9.26248e-06 -0.0127903 -0.0154303 -0.0127903 2.34058e-05 -0.00812022 -0.0154303 -0.00812022 6.69394e-05)
(1.70453e-05 -0.0127885 -0.0154225 -0.0127885 2.55316e-05 -0.00812114 -0.0154225 -0.00812114 8.32375e-05)
(1.4882e-05 -0.0127901 -0.0154383 -0.0127901 2.36305e-05 -0.00812994 -0.0154383 -0.00812994 4.05528e-05)
(2.83357e-05 -0.0127982 -0.0154406 -0.0127982 3.75228e-05 -0.00812712 -0.0154406 -0.00812712 5.59066e-05)
(3.62046e-05 -0.012793 -0.0154188 -0.012793 3.49349e-05 -0.00811535 -0.0154188 -0.00811535 0.000107023)
(8.20843e-05 -0.0127919 -0.015406 -0.0127919 2.73794e-05 -0.00812902 -0.015406 -0.00812902 9.55269e-05)
(2.09524e-05 -0.0127899 -0.0154218 -0.0127899 3.49592e-05 -0.00811431 -0.0154218 -0.00811431 8.36351e-05)
(-3.14379e-05 -0.0128014 -0.0154434 -0.0128014 3.51776e-05 -0.00811794 -0.0154434 -0.00811794 5.52342e-05)
(2.68506e-05 -0.0127879 -0.0154242 -0.0127879 2.20353e-05 -0.00812456 -0.0154242 -0.00812456 7.13027e-05)
(5.35945e-05 -0.0127912 -0.015419 -0.0127912 2.36434e-05 -0.00812194 -0.015419 -0.00812194 7.00287e-05)
(5.70348e-05 -0.0127914 -0.0154242 -0.0127914 2.59702e-05 -0.00812434 -0.0154242 -0.00812434 6.34588e-05)
(0.000111295 -0.0127932 -0.015409 -0.0127932 2.91659e-05 -0.00812494 -0.015409 -0.00812494 8.68339e-05)
(4.08457e-05 -0.0127817 -0.0154326 -0.0127817 2.08763e-05 -0.00813068 -0.0154326 -0.00813068 6.19672e-05)
(3.04201e-05 -0.0127907 -0.015433 -0.0127907 3.05413e-05 -0.00813204 -0.015433 -0.00813204 0.000122497)
(7.40364e-05 -0.0127964 -0.0154155 -0.0127964 4.19748e-05 -0.00811289 -0.0154155 -0.00811289 0.000112099)
(1.31148e-05 -0.0127898 -0.0154253 -0.0127898 2.83011e-05 -0.00811914 -0.0154253 -0.00811914 7.07298e-05)
(6.90323e-05 -0.0127924 -0.0154092 -0.0127924 3.04282e-05 -0.00813237 -0.0154092 -0.00813237 0.000113479)
(3.1938e-05 -0.0127865 -0.0154242 -0.0127865 2.27205e-05 -0.00813138 -0.0154242 -0.00813138 5.86879e-05)
(3.07435e-05 -0.0127864 -0.0154331 -0.0127864 2.06979e-05 -0.00812877 -0.0154331 -0.00812877 4.60155e-05)
(5.78753e-05 -0.0127931 -0.0154184 -0.0127931 2.61992e-05 -0.00813317 -0.0154184 -0.00813317 6.56418e-05)
(6.96777e-05 -0.0127988 -0.0154203 -0.0127988 3.2344e-05 -0.00813736 -0.0154203 -0.00813736 5.23866e-05)
(0.000113782 -0.0127997 -0.0154022 -0.0127997 3.35357e-05 -0.0081373 -0.0154022 -0.0081373 9.7207e-05)
(8.83172e-06 -0.0127892 -0.0154266 -0.0127892 2.49181e-05 -0.00811941 -0.0154266 -0.00811941 9.03423e-05)
(-1.8299e-05 -0.0128036 -0.0154457 -0.0128036 3.36622e-05 -0.00811631 -0.0154457 -0.00811631 5.5361e-05)
(2.10985e-05 -0.0127892 -0.0154325 -0.0127892 2.16471e-05 -0.0081274 -0.0154325 -0.0081274 4.61838e-05)
(4.85702e-05 -0.0127908 -0.0154255 -0.0127908 2.40393e-05 -0.00813174 -0.0154255 -0.00813174 5.3133e-05)
(7.07336e-05 -0.0127902 -0.0154115 -0.0127902 2.63794e-05 -0.0081222 -0.0154115 -0.0081222 8.00644e-05)
(6.33041e-05 -0.012789 -0.0154097 -0.012789 3.30707e-05 -0.00811527 -0.0154097 -0.00811527 9.6843e-05)
(3.17918e-05 -0.0127874 -0.0154204 -0.0127874 2.27658e-05 -0.0081257 -0.0154204 -0.0081257 7.079e-05)
(1.59284e-05 -0.0127905 -0.015437 -0.0127905 2.28312e-05 -0.00812594 -0.015437 -0.00812594 4.9559e-05)
(6.45035e-06 -0.0127956 -0.0154368 -0.0127956 3.13977e-05 -0.00812316 -0.0154368 -0.00812316 5.93222e-05)
(3.04602e-05 -0.0127897 -0.0154211 -0.0127897 2.56575e-05 -0.0081208 -0.0154211 -0.0081208 7.49001e-05)
(3.10625e-05 -0.01279 -0.0154268 -0.01279 2.16643e-05 -0.00812494 -0.0154268 -0.00812494 5.69217e-05)
(5.29335e-05 -0.012791 -0.0154187 -0.012791 2.30585e-05 -0.00812726 -0.0154187 -0.00812726 6.14768e-05)
(5.67287e-05 -0.0127912 -0.015416 -0.0127912 2.97939e-05 -0.0081365 -0.015416 -0.0081365 9.00604e-05)
(2.75124e-05 -0.0127886 -0.015418 -0.0127886 2.66048e-05 -0.00812278 -0.015418 -0.00812278 9.76172e-05)
(1.43589e-05 -0.0127872 -0.0154237 -0.0127872 2.38099e-05 -0.00812301 -0.0154237 -0.00812301 9.06266e-05)
(2.43628e-05 -0.0127899 -0.0154236 -0.0127899 2.50287e-05 -0.00812089 -0.0154236 -0.00812089 7.42316e-05)
(7.03498e-05 -0.0127911 -0.0154122 -0.0127911 2.59845e-05 -0.00812545 -0.0154122 -0.00812545 7.37493e-05)
(4.23754e-05 -0.0127888 -0.0154169 -0.0127888 2.31916e-05 -0.00812794 -0.0154169 -0.00812794 7.71634e-05)
(3.064e-06 -0.0127873 -0.0154315 -0.0127873 2.1245e-05 -0.00812212 -0.0154315 -0.00812212 6.42124e-05)
(-2.4672e-05 -0.0127936 -0.0154302 -0.0127936 4.24792e-05 -0.00810974 -0.0154302 -0.00810974 8.88997e-05)
(0.000117833 -0.0127932 -0.0154196 -0.0127932 5.28191e-05 -0.00811367 -0.0154196 -0.00811367 8.95176e-05)
(-1.3214e-05 -0.0128049 -0.0154459 -0.0128049 4.99599e-05 -0.00811859 -0.0154459 -0.00811859 7.079e-05)
(-3.25365e-05 -0.0128012 -0.0154449 -0.0128012 3.5807e-05 -0.00811187 -0.0154449 -0.00811187 7.56072e-05)
(6.26274e-05 -0.0127905 -0.0154088 -0.0127905 2.53235e-05 -0.00812799 -0.0154088 -0.00812799 8.87897e-05)
(9.54633e-05 -0.0127936 -0.0154051 -0.0127936 2.70223e-05 -0.00812504 -0.0154051 -0.00812504 8.77739e-05)
(-1.2018e-05 -0.012799 -0.0154399 -0.012799 3.25831e-05 -0.00811569 -0.0154399 -0.00811569 6.84294e-05)
(3.04541e-06 -0.0127933 -0.0154398 -0.0127933 2.60009e-05 -0.00812849 -0.0154398 -0.00812849 4.04915e-05)
(4.72519e-05 -0.0127905 -0.0154269 -0.0127905 2.44414e-05 -0.00813165 -0.0154269 -0.00813165 4.80213e-05)
(1.37859e-05 -0.0127886 -0.0154303 -0.0127886 2.43192e-05 -0.00812555 -0.0154303 -0.00812555 5.75741e-05)
(1.17541e-05 -0.0127867 -0.015431 -0.0127867 2.0796e-05 -0.00812408 -0.015431 -0.00812408 6.09932e-05)
(2.96823e-05 -0.0127863 -0.0154252 -0.0127863 2.15615e-05 -0.00813081 -0.0154252 -0.00813081 6.36412e-05)
(3.51121e-05 -0.0127935 -0.0154396 -0.0127935 3.85898e-05 -0.00812651 -0.0154396 -0.00812651 6.04273e-05)
(6.13678e-05 -0.0127915 -0.0154225 -0.0127915 2.40693e-05 -0.00812936 -0.0154225 -0.00812936 5.44901e-05)
(3.03625e-05 -0.0127891 -0.0154255 -0.0127891 2.25926e-05 -0.00812479 -0.0154255 -0.00812479 6.64111e-05)
(4.94084e-05 -0.0127882 -0.015425 -0.0127882 2.62462e-05 -0.00813482 -0.015425 -0.00813482 5.99659e-05)
(7.33473e-05 -0.0128062 -0.015425 -0.0128062 6.58004e-05 -0.0081497 -0.015425 -0.0081497 4.58989e-05)
(7.65851e-05 -0.012797 -0.0154139 -0.012797 3.33056e-05 -0.00813879 -0.0154139 -0.00813879 7.71384e-05)
(2.9992e-05 -0.012787 -0.0154214 -0.012787 2.27418e-05 -0.00812688 -0.0154214 -0.00812688 7.64245e-05)
(1.19845e-05 -0.0127864 -0.0154363 -0.0127864 2.15579e-05 -0.00813019 -0.0154363 -0.00813019 3.96063e-05)
(7.43527e-05 -0.0128001 -0.0154358 -0.0128001 3.10663e-05 -0.00813517 -0.0154358 -0.00813517 3.79365e-05)
(8.37612e-05 -0.0128035 -0.0154136 -0.0128035 3.82541e-05 -0.0081419 -0.0154136 -0.0081419 7.0086e-05)
(1.93114e-05 -0.0127873 -0.0154215 -0.0127873 2.29932e-05 -0.00812248 -0.0154215 -0.00812248 8.08922e-05)
(3.97032e-05 -0.0127883 -0.0154236 -0.0127883 2.34063e-05 -0.00813045 -0.0154236 -0.00813045 5.78542e-05)
(4.45629e-05 -0.0127894 -0.0154198 -0.0127894 2.35488e-05 -0.00812867 -0.0154198 -0.00812867 7.30666e-05)
(2.6923e-05 -0.0127926 -0.0154285 -0.0127926 3.18184e-05 -0.00811835 -0.0154285 -0.00811835 7.54177e-05)
(4.22438e-05 -0.0127888 -0.0154261 -0.0127888 2.27964e-05 -0.00813139 -0.0154261 -0.00813139 5.36047e-05)
(4.50863e-05 -0.0127883 -0.0154322 -0.0127883 3.87829e-05 -0.00813461 -0.0154322 -0.00813461 2.83877e-05)
(4.05821e-05 -0.0127914 -0.0154254 -0.0127914 2.50029e-05 -0.00813363 -0.0154254 -0.00813363 4.18792e-05)
(-6.26308e-06 -0.0127988 -0.0154408 -0.0127988 5.53835e-05 -0.00811646 -0.0154408 -0.00811646 7.52295e-05)
(2.39656e-05 -0.0127921 -0.0154331 -0.0127921 2.54139e-05 -0.00812368 -0.0154331 -0.00812368 5.61209e-05)
(8.77877e-06 -0.0127908 -0.0154298 -0.0127908 2.56585e-05 -0.00812022 -0.0154298 -0.00812022 6.35949e-05)
(1.49314e-05 -0.0127905 -0.0154265 -0.0127905 2.80868e-05 -0.0081206 -0.0154265 -0.0081206 6.85746e-05)
(-5.47124e-06 -0.0127979 -0.0154371 -0.0127979 3.24932e-05 -0.00811372 -0.0154371 -0.00811372 8.64772e-05)
(6.12135e-05 -0.0127971 -0.0154211 -0.0127971 3.62908e-05 -0.00814136 -0.0154211 -0.00814136 5.98227e-05)
(5.50094e-05 -0.0127941 -0.0154223 -0.0127941 3.03993e-05 -0.00813732 -0.0154223 -0.00813732 5.45512e-05)
(4.24688e-05 -0.0127894 -0.015419 -0.0127894 2.57465e-05 -0.00812108 -0.015419 -0.00812108 6.88161e-05)
(3.30183e-06 -0.0127925 -0.0154257 -0.0127925 3.51303e-05 -0.00811165 -0.0154257 -0.00811165 9.62859e-05)
(1.59268e-05 -0.0127891 -0.015429 -0.0127891 2.22039e-05 -0.0081217 -0.015429 -0.0081217 6.94245e-05)
(0.000109453 -0.0128051 -0.0154073 -0.0128051 4.30637e-05 -0.00814655 -0.0154073 -0.00814655 0.000109048)
(0.00012479 -0.0127984 -0.0153984 -0.0127984 3.13119e-05 -0.00812979 -0.0153984 -0.00812979 0.000105288)
(5.25708e-05 -0.0127929 -0.0154207 -0.0127929 2.49609e-05 -0.00813255 -0.0154207 -0.00813255 5.56734e-05)
(4.67441e-05 -0.0127912 -0.0154273 -0.0127912 3.55222e-05 -0.00814034 -0.0154273 -0.00814034 4.58671e-05)
(1.12358e-05 -0.0127944 -0.015442 -0.0127944 2.47873e-05 -0.00812466 -0.015442 -0.00812466 4.31802e-05)
(5.72999e-05 -0.0127926 -0.0154184 -0.0127926 2.71124e-05 -0.00812838 -0.0154184 -0.00812838 0.000101608)
(0.000129455 -0.0128328 -0.0154029 -0.0128328 9.79591e-05 -0.00815561 -0.0154029 -0.00815561 8.10045e-05)
(7.47644e-05 -0.0127966 -0.0154279 -0.0127966 7.02394e-05 -0.00815065 -0.0154279 -0.00815065 4.80568e-05)
(6.40575e-05 -0.0127788 -0.0154323 -0.0127788 3.45218e-05 -0.00814327 -0.0154323 -0.00814327 7.22385e-05)
(9.15012e-05 -0.0128078 -0.0154154 -0.0128078 6.38194e-05 -0.00815364 -0.0154154 -0.00815364 8.15979e-05)
(0.000119732 -0.012806 -0.0154042 -0.012806 4.76459e-05 -0.00815144 -0.0154042 -0.00815144 0.000126614)
(5.95978e-05 -0.0127909 -0.015414 -0.0127909 2.52888e-05 -0.00812797 -0.015414 -0.00812797 8.34837e-05)
(3.11192e-05 -0.0127892 -0.0154301 -0.0127892 2.14287e-05 -0.00812848 -0.0154301 -0.00812848 4.68394e-05)
(2.80629e-05 -0.0127881 -0.0154271 -0.0127881 2.17876e-05 -0.00812684 -0.0154271 -0.00812684 5.69802e-05)
(4.94135e-05 -0.012791 -0.0154314 -0.012791 2.7583e-05 -0.00813413 -0.0154314 -0.00813413 4.04854e-05)
(3.70066e-05 -0.012786 -0.015428 -0.012786 2.50229e-05 -0.00813485 -0.015428 -0.00813485 4.75469e-05)
(3.94523e-05 -0.0127836 -0.0154372 -0.0127836 2.24816e-05 -0.00812835 -0.0154372 -0.00812835 8.54781e-05)
(1.22078e-05 -0.0127916 -0.0154292 -0.0127916 2.59986e-05 -0.00811927 -0.0154292 -0.00811927 7.12684e-05)
(9.37321e-05 -0.012797 -0.0154136 -0.012797 2.72635e-05 -0.00813157 -0.0154136 -0.00813157 5.77589e-05)
(9.58159e-05 -0.0127947 -0.0154044 -0.0127947 2.97918e-05 -0.0081312 -0.0154044 -0.0081312 9.79502e-05)
(3.62128e-05 -0.0127895 -0.0154224 -0.0127895 2.34282e-05 -0.00812451 -0.0154224 -0.00812451 7.29912e-05)
(4.12244e-05 -0.0127908 -0.0154259 -0.0127908 2.16331e-05 -0.00812991 -0.0154259 -0.00812991 4.52128e-05)
(6.96915e-05 -0.0128058 -0.0154244 -0.0128058 5.2891e-05 -0.0081447 -0.0154244 -0.0081447 4.4437e-05)
(6.82322e-05 -0.0127904 -0.0154229 -0.0127904 4.2898e-05 -0.008148 -0.0154229 -0.008148 9.1899e-05)
(7.25638e-05 -0.0128005 -0.0154251 -0.0128005 6.50842e-05 -0.00815284 -0.0154251 -0.00815284 6.04442e-05)
(8.86773e-05 -0.0128148 -0.015429 -0.0128148 5.17609e-05 -0.00814003 -0.015429 -0.00814003 3.20115e-05)
(6.43831e-05 -0.0128001 -0.0154257 -0.0128001 3.51807e-05 -0.00813794 -0.0154257 -0.00813794 4.08101e-05)
(4.42963e-05 -0.0127775 -0.0154327 -0.0127775 2.37838e-05 -0.0081343 -0.0154327 -0.0081343 4.137e-05)
(3.07999e-05 -0.0127875 -0.0154265 -0.0127875 2.21059e-05 -0.00813145 -0.0154265 -0.00813145 4.70277e-05)
(0.000201505 -0.0128013 -0.0153846 -0.0128013 3.36871e-05 -0.00813129 -0.0153846 -0.00813129 0.000108815)
(9.40309e-05 -0.012794 -0.0154034 -0.012794 2.89544e-05 -0.00812766 -0.0154034 -0.00812766 9.99955e-05)
(1.64877e-05 -0.0127831 -0.0154337 -0.0127831 1.69007e-05 -0.00812839 -0.0154337 -0.00812839 3.51937e-05)
(1.8721e-05 -0.0127877 -0.0154506 -0.0127877 2.30031e-05 -0.00813381 -0.0154506 -0.00813381 4.56406e-05)
(2.28209e-05 -0.0127864 -0.0154326 -0.0127864 2.03544e-05 -0.00812655 -0.0154326 -0.00812655 5.59563e-05)
(-2.29025e-05 -0.012801 -0.0154434 -0.012801 3.46219e-05 -0.00811484 -0.0154434 -0.00811484 6.71617e-05)
(1.90374e-05 -0.0127868 -0.0154378 -0.0127868 2.01439e-05 -0.00812171 -0.0154378 -0.00812171 7.33509e-05)
(7.91444e-05 -0.0127973 -0.0154135 -0.0127973 2.69273e-05 -0.00813213 -0.0154135 -0.00813213 5.8364e-05)
(0.000117454 -0.0127953 -0.0154074 -0.0127953 2.84997e-05 -0.00812461 -0.0154074 -0.00812461 6.9798e-05)
(8.61512e-05 -0.0127996 -0.0154125 -0.0127996 3.32472e-05 -0.00813791 -0.0154125 -0.00813791 7.75295e-05)
(-6.92053e-06 -0.0127965 -0.0154408 -0.0127965 2.61076e-05 -0.00812428 -0.0154408 -0.00812428 3.47389e-05)
(-0.000101731 -0.0128136 -0.0154547 -0.0128136 6.06141e-05 -0.00810672 -0.0154547 -0.00810672 7.90373e-05)
(7.64661e-05 -0.0127981 -0.0154163 -0.0127981 3.3179e-05 -0.00813824 -0.0154163 -0.00813824 6.8182e-05)
(8.50009e-05 -0.0128045 -0.0154186 -0.0128045 4.34103e-05 -0.00814355 -0.0154186 -0.00814355 5.89126e-05)
(9.74237e-05 -0.0127971 -0.0154049 -0.0127971 3.23505e-05 -0.00813636 -0.0154049 -0.00813636 9.50073e-05)
(1.76257e-05 -0.0127873 -0.0154215 -0.0127873 2.43546e-05 -0.00812275 -0.0154215 -0.00812275 8.67398e-05)
(1.27544e-06 -0.0128111 -0.0154548 -0.0128111 3.9197e-05 -0.00811213 -0.0154548 -0.00811213 6.72939e-05)
(5.79685e-05 -0.0127831 -0.0154323 -0.0127831 2.87739e-05 -0.00813501 -0.0154323 -0.00813501 4.15524e-05)
(9.9233e-05 -0.0128199 -0.0154265 -0.0128199 9.52512e-05 -0.00814881 -0.0154265 -0.00814881 3.6398e-05)
(2.17406e-05 -0.0127858 -0.0154271 -0.0127858 1.96499e-05 -0.00812895 -0.0154271 -0.00812895 4.95279e-05)
(3.78301e-05 -0.0127905 -0.0154273 -0.0127905 2.77037e-05 -0.00812363 -0.0154273 -0.00812363 6.34664e-05)
(0.000102013 -0.0127957 -0.0154128 -0.0127957 2.65288e-05 -0.00812854 -0.0154128 -0.00812854 6.55836e-05)
(4.76931e-05 -0.0127897 -0.0154158 -0.0127897 2.42422e-05 -0.00813032 -0.0154158 -0.00813032 7.05365e-05)
(2.30898e-05 -0.0127861 -0.0154254 -0.0127861 2.08277e-05 -0.00812717 -0.0154254 -0.00812717 6.61429e-05)
(4.5712e-05 -0.0127896 -0.0154194 -0.0127896 2.45388e-05 -0.00812828 -0.0154194 -0.00812828 8.54784e-05)
(3.34874e-05 -0.0127887 -0.0154192 -0.0127887 2.41195e-05 -0.00812342 -0.0154192 -0.00812342 8.01545e-05)
(3.79364e-05 -0.0127881 -0.0154185 -0.0127881 2.30372e-05 -0.00812911 -0.0154185 -0.00812911 6.58469e-05)
(5.8575e-05 -0.0127916 -0.0154146 -0.0127916 3.18155e-05 -0.00811678 -0.0154146 -0.00811678 9.71935e-05)
(-2.61935e-05 -0.0128031 -0.0154405 -0.0128031 5.00129e-05 -0.0081072 -0.0154405 -0.0081072 9.23164e-05)
(-1.08286e-05 -0.0127982 -0.015438 -0.0127982 3.86328e-05 -0.00811669 -0.015438 -0.00811669 6.69082e-05)
(5.57478e-05 -0.0127935 -0.0154173 -0.0127935 2.5578e-05 -0.00813303 -0.0154173 -0.00813303 6.53386e-05)
(1.97082e-05 -0.0127868 -0.0154259 -0.0127868 1.92339e-05 -0.00812551 -0.0154259 -0.00812551 6.08791e-05)
(-3.42137e-05 -0.0128093 -0.0154484 -0.0128093 4.64444e-05 -0.00812508 -0.0154484 -0.00812508 4.75034e-05)
(2.84989e-05 -0.0127872 -0.0154354 -0.0127872 2.08359e-05 -0.00813103 -0.0154354 -0.00813103 3.47137e-05)
(4.53103e-05 -0.012788 -0.0154309 -0.012788 3.72381e-05 -0.00813727 -0.0154309 -0.00813727 3.18823e-05)
(2.25162e-05 -0.0127885 -0.0154304 -0.0127885 2.13019e-05 -0.00812622 -0.0154304 -0.00812622 5.45201e-05)
(6.86552e-05 -0.0127942 -0.0154423 -0.0127942 3.53969e-05 -0.00813095 -0.0154423 -0.00813095 6.13059e-05)
(6.8067e-05 -0.0127951 -0.0154261 -0.0127951 2.54811e-05 -0.00813205 -0.0154261 -0.00813205 4.45791e-05)
(3.9453e-05 -0.0127894 -0.0154184 -0.0127894 2.47323e-05 -0.00812224 -0.0154184 -0.00812224 7.32111e-05)
(1.67468e-05 -0.0127895 -0.0154223 -0.0127895 3.07279e-05 -0.00811737 -0.0154223 -0.00811737 8.06733e-05)
(7.32464e-05 -0.0127974 -0.0154249 -0.0127974 2.8473e-05 -0.00813434 -0.0154249 -0.00813434 4.64864e-05)
(8.76023e-05 -0.0128173 -0.0154244 -0.0128173 7.70261e-05 -0.00814802 -0.0154244 -0.00814802 3.90512e-05)
(4.79627e-05 -0.0127907 -0.0154174 -0.0127907 2.94052e-05 -0.00813297 -0.0154174 -0.00813297 0.000112507)
(5.35762e-05 -0.01279 -0.0154159 -0.01279 2.77839e-05 -0.00813357 -0.0154159 -0.00813357 9.02925e-05)
(9.3089e-05 -0.0128026 -0.0154136 -0.0128026 3.60602e-05 -0.00813955 -0.0154136 -0.00813955 7.01349e-05)
(8.54553e-05 -0.0128117 -0.0154249 -0.0128117 8.21267e-05 -0.00814897 -0.0154249 -0.00814897 3.91742e-05)
(-2.45159e-05 -0.0128034 -0.0154457 -0.0128034 3.5493e-05 -0.0081189 -0.0154457 -0.0081189 5.35282e-05)
(2.49756e-05 -0.0127917 -0.015423 -0.0127917 3.25963e-05 -0.00811623 -0.015423 -0.00811623 8.70525e-05)
(5.38462e-05 -0.0127905 -0.0154136 -0.0127905 2.72836e-05 -0.00812568 -0.0154136 -0.00812568 0.000100725)
(8.78794e-05 -0.0128034 -0.0154102 -0.0128034 4.80518e-05 -0.00815179 -0.0154102 -0.00815179 0.000117002)
(0.000112839 -0.0128082 -0.01541 -0.0128082 4.2678e-05 -0.00814317 -0.01541 -0.00814317 7.14577e-05)
(1.13257e-05 -0.0127959 -0.0154346 -0.0127959 3.11232e-05 -0.00811734 -0.0154346 -0.00811734 0.00010008)
(1.17043e-05 -0.0127867 -0.0154332 -0.0127867 2.18096e-05 -0.0081226 -0.0154332 -0.0081226 7.70573e-05)
(4.16259e-05 -0.0127898 -0.0154241 -0.0127898 2.28445e-05 -0.00813068 -0.0154241 -0.00813068 4.6365e-05)
(8.26777e-05 -0.0127992 -0.0154293 -0.0127992 3.02836e-05 -0.00813492 -0.0154293 -0.00813492 4.79033e-05)
(5.58595e-05 -0.0127928 -0.0154179 -0.0127928 2.78497e-05 -0.00813484 -0.0154179 -0.00813484 7.45368e-05)
(1.87711e-06 -0.0127855 -0.0154308 -0.0127855 2.05979e-05 -0.00812244 -0.0154308 -0.00812244 6.71404e-05)
(-1.42065e-05 -0.0128091 -0.0154497 -0.0128091 3.9799e-05 -0.00812003 -0.0154497 -0.00812003 5.57575e-05)
(-6.02855e-05 -0.012807 -0.015448 -0.012807 6.01214e-05 -0.00810457 -0.015448 -0.00810457 9.1816e-05)
(6.85238e-05 -0.0127958 -0.0154257 -0.0127958 5.58239e-05 -0.00810826 -0.0154257 -0.00810826 9.54888e-05)
(-4.58416e-06 -0.0128015 -0.0154453 -0.0128015 5.62862e-05 -0.0081233 -0.0154453 -0.0081233 6.64117e-05)
(1.37554e-05 -0.0127896 -0.0154295 -0.0127896 2.73032e-05 -0.00812412 -0.0154295 -0.00812412 5.14339e-05)
(4.47592e-05 -0.0127948 -0.0154242 -0.0127948 2.84449e-05 -0.00813522 -0.0154242 -0.00813522 3.69952e-05)
(1.17884e-05 -0.0127906 -0.0154353 -0.0127906 2.72965e-05 -0.00812922 -0.0154353 -0.00812922 4.34031e-05)
(6.7179e-06 -0.0127921 -0.0154403 -0.0127921 2.89196e-05 -0.0081301 -0.0154403 -0.0081301 4.38016e-05)
(-1.08273e-05 -0.0127943 -0.0154316 -0.0127943 3.79069e-05 -0.00811237 -0.0154316 -0.00811237 8.26119e-05)
(-3.91893e-05 -0.0128027 -0.0154403 -0.0128027 5.01623e-05 -0.00810537 -0.0154403 -0.00810537 0.000102576)
(2.85001e-05 -0.0127884 -0.0154242 -0.0127884 2.18748e-05 -0.00812547 -0.0154242 -0.00812547 5.82435e-05)
(4.14922e-05 -0.0127923 -0.0154296 -0.0127923 2.50367e-05 -0.00813315 -0.0154296 -0.00813315 3.41919e-05)
(-3.42896e-06 -0.0127934 -0.0154378 -0.0127934 2.66404e-05 -0.00812309 -0.0154378 -0.00812309 4.97042e-05)
(2.73733e-05 -0.012789 -0.015436 -0.012789 2.08237e-05 -0.00812926 -0.015436 -0.00812926 4.43494e-05)
(0.000115865 -0.0127915 -0.0154091 -0.0127915 3.49608e-05 -0.00811948 -0.0154091 -0.00811948 8.76645e-05)
(-1.13591e-05 -0.0127953 -0.0154301 -0.0127953 3.90944e-05 -0.00810948 -0.0154301 -0.00810948 9.93498e-05)
(-7.74263e-06 -0.0128107 -0.0154545 -0.0128107 3.95096e-05 -0.00811025 -0.0154545 -0.00811025 7.17717e-05)
(-8.54717e-06 -0.0127975 -0.0154352 -0.0127975 3.50686e-05 -0.00811582 -0.0154352 -0.00811582 7.21644e-05)
(9.42634e-05 -0.0127909 -0.0154189 -0.0127909 4.14132e-05 -0.00811765 -0.0154189 -0.00811765 8.10918e-05)
(6.08322e-05 -0.0127916 -0.0154228 -0.0127916 3.75691e-05 -0.00811741 -0.0154228 -0.00811741 7.66375e-05)
(2.45273e-05 -0.0127912 -0.0154223 -0.0127912 2.94723e-05 -0.00811688 -0.0154223 -0.00811688 8.14725e-05)
(1.69914e-05 -0.0127895 -0.0154238 -0.0127895 2.63595e-05 -0.00812082 -0.0154238 -0.00812082 9.78194e-05)
(-1.20139e-05 -0.0127952 -0.0154356 -0.0127952 3.18145e-05 -0.00811435 -0.0154356 -0.00811435 9.95949e-05)
(4.82112e-05 -0.0127892 -0.0154165 -0.0127892 2.72949e-05 -0.00813347 -0.0154165 -0.00813347 9.97013e-05)
(9.90796e-05 -0.0128157 -0.0154278 -0.0128157 6.23021e-05 -0.00814295 -0.0154278 -0.00814295 4.28795e-05)
(8.02642e-05 -0.0128101 -0.0154255 -0.0128101 5.93905e-05 -0.00814538 -0.0154255 -0.00814538 4.03298e-05)
(4.40067e-05 -0.0127886 -0.0154225 -0.0127886 2.91885e-05 -0.0081383 -0.0154225 -0.0081383 8.14756e-05)
(8.988e-05 -0.0128012 -0.0154095 -0.0128012 3.87032e-05 -0.00814405 -0.0154095 -0.00814405 0.00010315)
(8.53003e-05 -0.0128016 -0.0154142 -0.0128016 3.92345e-05 -0.00814289 -0.0154142 -0.00814289 8.0505e-05)
(8.18062e-05 -0.0127927 -0.0154068 -0.0127927 2.77241e-05 -0.00812788 -0.0154068 -0.00812788 9.33792e-05)
(4.2266e-05 -0.0127901 -0.0154168 -0.0127901 2.6943e-05 -0.00812427 -0.0154168 -0.00812427 0.000100154)
(1.66515e-05 -0.0127915 -0.0154302 -0.0127915 2.55494e-05 -0.00812103 -0.0154302 -0.00812103 6.51969e-05)
(3.79242e-05 -0.0127887 -0.0154206 -0.0127887 2.41074e-05 -0.00812879 -0.0154206 -0.00812879 8.6611e-05)
(6.75857e-05 -0.012796 -0.015416 -0.012796 3.75131e-05 -0.00814402 -0.015416 -0.00814402 9.23223e-05)
(2.90058e-05 -0.0127887 -0.0154191 -0.0127887 2.70556e-05 -0.00812845 -0.0154191 -0.00812845 0.000110231)
(9.21513e-06 -0.0127902 -0.0154236 -0.0127902 2.85914e-05 -0.00811567 -0.0154236 -0.00811567 9.05144e-05)
(6.14797e-05 -0.0127923 -0.0154141 -0.0127923 2.95722e-05 -0.00813328 -0.0154141 -0.00813328 0.000107961)
(5.39483e-05 -0.0127908 -0.0154174 -0.0127908 2.89981e-05 -0.00811911 -0.0154174 -0.00811911 7.95759e-05)
(2.91259e-05 -0.0127901 -0.0154281 -0.0127901 2.18073e-05 -0.00812583 -0.0154281 -0.00812583 4.39788e-05)
(1.39239e-05 -0.012788 -0.0154295 -0.012788 2.15503e-05 -0.00812216 -0.0154295 -0.00812216 7.13025e-05)
(3.89711e-05 -0.0127921 -0.0154206 -0.0127921 3.24099e-05 -0.00811686 -0.0154206 -0.00811686 8.33355e-05)
(3.51937e-05 -0.0127955 -0.0154368 -0.0127955 4.35503e-05 -0.00812327 -0.0154368 -0.00812327 6.19921e-05)
(1.64702e-06 -0.0127936 -0.0154314 -0.0127936 3.02188e-05 -0.00811513 -0.0154314 -0.00811513 7.75047e-05)
(4.5574e-05 -0.0127902 -0.0154281 -0.0127902 2.78015e-05 -0.0081354 -0.0154281 -0.0081354 4.48633e-05)
(4.63513e-06 -0.0127921 -0.0154384 -0.0127921 2.3963e-05 -0.00812592 -0.0154384 -0.00812592 4.43396e-05)
(5.36063e-05 -0.0127908 -0.0154154 -0.0127908 2.48492e-05 -0.0081287 -0.0154154 -0.0081287 8.13173e-05)
(8.48212e-05 -0.0127958 -0.0154072 -0.0127958 3.10867e-05 -0.00813475 -0.0154072 -0.00813475 8.92732e-05)
(4.56305e-05 -0.01279 -0.015418 -0.01279 2.58287e-05 -0.00812313 -0.015418 -0.00812313 7.38618e-05)
(7.94033e-05 -0.0127953 -0.0154114 -0.0127953 2.90268e-05 -0.00813374 -0.0154114 -0.00813374 8.80719e-05)
(-1.2059e-05 -0.0127947 -0.0154345 -0.0127947 3.06298e-05 -0.00811465 -0.0154345 -0.00811465 7.86618e-05)
(-2.10302e-05 -0.012806 -0.0154468 -0.012806 4.01114e-05 -0.00812948 -0.0154468 -0.00812948 4.37709e-05)
(6.59645e-05 -0.0127963 -0.0154187 -0.0127963 2.96738e-05 -0.00813604 -0.0154187 -0.00813604 5.97528e-05)
(7.30058e-05 -0.0127945 -0.0154115 -0.0127945 3.0992e-05 -0.00813624 -0.0154115 -0.00813624 0.000106181)
(2.49635e-05 -0.0127928 -0.0154302 -0.0127928 3.23553e-05 -0.00812111 -0.0154302 -0.00812111 5.99647e-05)
(1.98318e-05 -0.0127951 -0.0154367 -0.0127951 3.77653e-05 -0.0081255 -0.0154367 -0.0081255 4.88115e-05)
(8.08667e-05 -0.0127996 -0.0154267 -0.0127996 6.89943e-05 -0.00814898 -0.0154267 -0.00814898 4.47665e-05)
(5.36228e-05 -0.0127915 -0.0154271 -0.0127915 3.77699e-05 -0.00814158 -0.0154271 -0.00814158 4.88679e-05)
(-9.10875e-05 -0.0128146 -0.0154523 -0.0128146 6.81358e-05 -0.008118 -0.0154523 -0.008118 5.75401e-05)
(-3.876e-05 -0.0127984 -0.0154395 -0.0127984 4.74096e-05 -0.00811617 -0.0154395 -0.00811617 6.8666e-05)
(6.58461e-05 -0.0127971 -0.0154198 -0.0127971 3.4002e-05 -0.00813925 -0.0154198 -0.00813925 5.7282e-05)
(6.50938e-05 -0.0127956 -0.0154163 -0.0127956 3.60129e-05 -0.00814268 -0.0154163 -0.00814268 8.42592e-05)
(7.2041e-05 -0.0127993 -0.0154175 -0.0127993 4.15892e-05 -0.00814538 -0.0154175 -0.00814538 7.6928e-05)
(3.2957e-05 -0.0127889 -0.0154338 -0.0127889 2.02065e-05 -0.00812961 -0.0154338 -0.00812961 4.00646e-05)
(-2.30916e-05 -0.0128058 -0.0154465 -0.0128058 4.07781e-05 -0.00810924 -0.0154465 -0.00810924 8.79282e-05)
(2.00864e-05 -0.0127894 -0.0154247 -0.0127894 2.60656e-05 -0.00812284 -0.0154247 -0.00812284 9.81022e-05)
(6.79492e-05 -0.0128051 -0.0154246 -0.0128051 4.39493e-05 -0.00814127 -0.0154246 -0.00814127 3.98453e-05)
(5.88076e-05 -0.0128043 -0.0154287 -0.0128043 4.08187e-05 -0.00813748 -0.0154287 -0.00813748 2.9213e-05)
(5.291e-05 -0.0127925 -0.0154252 -0.0127925 3.94691e-05 -0.00814344 -0.0154252 -0.00814344 5.82088e-05)
(4.25498e-05 -0.0127904 -0.0154314 -0.0127904 3.42159e-05 -0.00812625 -0.0154314 -0.00812625 6.03491e-05)
(2.76636e-05 -0.012787 -0.015427 -0.012787 2.12304e-05 -0.00813013 -0.015427 -0.00813013 4.71162e-05)
(9.01691e-05 -0.0127974 -0.0154114 -0.0127974 3.45298e-05 -0.00812571 -0.0154114 -0.00812571 0.000121201)
(3.6347e-05 -0.0127905 -0.0154348 -0.0127905 2.363e-05 -0.00813232 -0.0154348 -0.00813232 3.22577e-05)
(3.95818e-06 -0.0127884 -0.0154349 -0.0127884 2.09792e-05 -0.00812672 -0.0154349 -0.00812672 3.88816e-05)
(0.000106215 -0.0127932 -0.0154033 -0.0127932 2.81965e-05 -0.00812223 -0.0154033 -0.00812223 8.8316e-05)
(-5.77069e-06 -0.012801 -0.0154375 -0.012801 5.50964e-05 -0.00811027 -0.0154375 -0.00811027 8.48737e-05)
(-1.29051e-05 -0.0127985 -0.0154414 -0.0127985 3.17027e-05 -0.0081132 -0.0154414 -0.0081132 8.16162e-05)
(7.12914e-05 -0.0127969 -0.0154152 -0.0127969 2.96178e-05 -0.00813572 -0.0154152 -0.00813572 7.17309e-05)
(8.41617e-05 -0.0127929 -0.0154191 -0.0127929 3.78653e-05 -0.00811747 -0.0154191 -0.00811747 7.81751e-05)
(6.98504e-05 -0.0127981 -0.015423 -0.0127981 5.73931e-05 -0.00815166 -0.015423 -0.00815166 6.92924e-05)
(3.55892e-05 -0.0127859 -0.0154243 -0.0127859 2.56768e-05 -0.00813405 -0.0154243 -0.00813405 9.02946e-05)
(1.43395e-05 -0.0127888 -0.0154245 -0.0127888 2.41843e-05 -0.00812014 -0.0154245 -0.00812014 8.88036e-05)
(5.2388e-05 -0.0127972 -0.0154232 -0.0127972 4.03997e-05 -0.00814375 -0.0154232 -0.00814375 5.62528e-05)
(3.60219e-05 -0.0127867 -0.0154244 -0.0127867 2.21196e-05 -0.00813053 -0.0154244 -0.00813053 6.47784e-05)
(3.23178e-05 -0.0127916 -0.0154276 -0.0127916 2.64234e-05 -0.00812243 -0.0154276 -0.00812243 6.10328e-05)
(4.42234e-05 -0.0127921 -0.0154299 -0.0127921 2.7094e-05 -0.00812618 -0.0154299 -0.00812618 5.39218e-05)
(4.08762e-05 -0.0127888 -0.0154302 -0.0127888 2.13037e-05 -0.00813064 -0.0154302 -0.00813064 4.12164e-05)
(7.06558e-05 -0.012816 -0.01543 -0.012816 6.77929e-05 -0.00813859 -0.01543 -0.00813859 2.21895e-05)
(3.75839e-05 -0.0127903 -0.015424 -0.0127903 2.11374e-05 -0.00812992 -0.015424 -0.00812992 4.86708e-05)
(6.14799e-05 -0.0127919 -0.0154137 -0.0127919 2.6262e-05 -0.00812673 -0.0154137 -0.00812673 9.56571e-05)
(0.000113673 -0.0128038 -0.0154057 -0.0128038 3.8663e-05 -0.00814188 -0.0154057 -0.00814188 9.71366e-05)
(1.06162e-05 -0.0127859 -0.0154313 -0.0127859 2.0397e-05 -0.00812353 -0.0154313 -0.00812353 6.36306e-05)
(-4.28168e-05 -0.0128034 -0.0154449 -0.0128034 4.07545e-05 -0.00811081 -0.0154449 -0.00811081 8.03404e-05)
(8.58599e-05 -0.0127961 -0.0154082 -0.0127961 3.2873e-05 -0.00813731 -0.0154082 -0.00813731 0.000115534)
(5.70347e-05 -0.0127895 -0.0154195 -0.0127895 3.46166e-05 -0.00811968 -0.0154195 -0.00811968 7.2342e-05)
(3.39952e-05 -0.012786 -0.01543 -0.012786 2.20809e-05 -0.00813181 -0.01543 -0.00813181 3.86582e-05)
(0.000101065 -0.0127815 -0.0154306 -0.0127815 8.33411e-05 -0.00814322 -0.0154306 -0.00814322 3.69941e-05)
(8.87288e-05 -0.0128169 -0.0154168 -0.0128169 6.84582e-05 -0.0081539 -0.0154168 -0.0081539 6.38832e-05)
(0.000101512 -0.012806 -0.0154249 -0.012806 3.40155e-05 -0.00813642 -0.0154249 -0.00813642 4.07887e-05)
(5.06956e-06 -0.0127938 -0.0154347 -0.0127938 2.68622e-05 -0.00811799 -0.0154347 -0.00811799 7.31872e-05)
(-3.92547e-06 -0.0127942 -0.0154334 -0.0127942 3.08233e-05 -0.00811634 -0.0154334 -0.00811634 9.70325e-05)
(3.13768e-05 -0.0127875 -0.0154315 -0.0127875 2.14229e-05 -0.00813006 -0.0154315 -0.00813006 4.98831e-05)
(5.72785e-05 -0.0127955 -0.0154263 -0.0127955 2.88913e-05 -0.00813482 -0.0154263 -0.00813482 4.52442e-05)
(6.16881e-05 -0.012794 -0.015432 -0.012794 2.52181e-05 -0.00813053 -0.015432 -0.00813053 4.11394e-05)
(1.66444e-06 -0.0127922 -0.0154331 -0.0127922 3.3445e-05 -0.00811947 -0.0154331 -0.00811947 5.87627e-05)
(-7.39891e-05 -0.0128093 -0.0154516 -0.0128093 5.55071e-05 -0.00810345 -0.0154516 -0.00810345 8.98269e-05)
(-0.000173275 -0.0128199 -0.0154632 -0.0128199 8.86175e-05 -0.00809851 -0.0154632 -0.00809851 8.88114e-05)
(3.89399e-05 -0.0127872 -0.0154213 -0.0127872 2.5731e-05 -0.00813363 -0.0154213 -0.00813363 8.2322e-05)
(7.51559e-05 -0.0128035 -0.0154241 -0.0128035 4.55745e-05 -0.00814241 -0.0154241 -0.00814241 4.8492e-05)
(7.54885e-05 -0.01279 -0.0154177 -0.01279 3.09177e-05 -0.00812377 -0.0154177 -0.00812377 6.99002e-05)
(1.51322e-05 -0.0127948 -0.0154256 -0.0127948 3.72877e-05 -0.00811277 -0.0154256 -0.00811277 9.3891e-05)
(-4.99956e-05 -0.0128031 -0.015443 -0.0128031 5.78548e-05 -0.00810667 -0.015443 -0.00810667 8.68077e-05)
(4.143e-05 -0.0127891 -0.0154255 -0.0127891 2.5378e-05 -0.00813413 -0.0154255 -0.00813413 4.94139e-05)
(2.8306e-05 -0.012789 -0.015418 -0.012789 2.74814e-05 -0.00812071 -0.015418 -0.00812071 9.36873e-05)
(9.66074e-05 -0.0127946 -0.0154045 -0.0127946 2.77833e-05 -0.00812953 -0.0154045 -0.00812953 8.59904e-05)
(4.82785e-05 -0.0127949 -0.0154244 -0.0127949 2.83006e-05 -0.00813546 -0.0154244 -0.00813546 4.18843e-05)
(6.18687e-06 -0.0127938 -0.0154435 -0.0127938 2.62544e-05 -0.00811602 -0.0154435 -0.00811602 8.44212e-05)
(5.06876e-05 -0.0127906 -0.0154228 -0.0127906 2.39118e-05 -0.00812827 -0.0154228 -0.00812827 6.09775e-05)
(4.47288e-05 -0.0127932 -0.0154653 -0.0127932 4.35411e-05 -0.00812642 -0.0154653 -0.00812642 6.54018e-05)
(5.57132e-05 -0.012785 -0.0154279 -0.012785 3.12756e-05 -0.00814007 -0.0154279 -0.00814007 6.98643e-05)
(5.77287e-05 -0.012792 -0.0154159 -0.012792 2.77334e-05 -0.00813473 -0.0154159 -0.00813473 6.99018e-05)
(3.26435e-05 -0.0127889 -0.0154277 -0.0127889 2.1874e-05 -0.00812941 -0.0154277 -0.00812941 4.51509e-05)
(7.78401e-05 -0.0128006 -0.0154207 -0.0128006 3.60967e-05 -0.00813313 -0.0154207 -0.00813313 0.000129463)
