/*--------------------------------*- C++ -*----------------------------------*\
  =========                 |
  \\      /  F ield         | OpenFOAM: The Open Source CFD Toolbox
   \\    /   O peration     | Website:  https://openfoam.org
    \\  /    A nd           | Version:  10
     \\/     M anipulation  |
\*---------------------------------------------------------------------------*/
FoamFile
{
    format      ascii;
    class       volTensorField;
    location    "1";
    object      TauNN;
}
// * * * * * * * * * * * * * * * * * * * * * * * * * * * * * * * * * * * * * //

dimensions      [0 2 -2 0 0 0 0];

internalField   nonuniform List<tensor> 
25600
(
(0.000134667 2.22586e-07 7.51549e-05 2.22586e-07 0.00011661 -2.25632e-05 7.51549e-05 -2.25632e-05 7.42035e-05)
(0.000149044 3.5828e-06 9.99356e-05 3.5828e-06 0.000127697 -2.30102e-05 9.99356e-05 -2.30102e-05 3.42157e-05)
(0.000196417 2.22018e-05 0.000105191 2.22018e-05 0.000168841 -3.23085e-05 0.000105191 -3.23085e-05 3.63969e-05)
(0.000223948 3.18261e-05 0.000106437 3.18261e-05 0.000187699 -3.21288e-05 0.000106437 -3.21288e-05 6.4579e-05)
(0.000203946 2.39015e-05 0.000115635 2.39015e-05 0.000172756 -1.53165e-05 0.000115635 -1.53165e-05 5.86707e-05)
(0.000164382 1.32341e-05 0.000108024 1.32341e-05 0.000136602 -6.42892e-06 0.000108024 -6.42892e-06 6.15007e-05)
(0.000159273 2.09976e-05 8.15038e-05 2.09976e-05 0.000133783 -1.16834e-05 8.15038e-05 -1.16834e-05 0.000134908)
(0.000160243 1.87876e-05 7.97566e-05 1.87876e-05 0.000158589 -1.72816e-05 7.97566e-05 -1.72816e-05 0.000148747)
(0.000162313 -7.40867e-06 0.000109337 -7.40867e-06 0.000160801 -2.5929e-05 0.000109337 -2.5929e-05 6.86587e-05)
(0.000191804 -1.76737e-05 0.000135275 -1.76737e-05 0.000146256 -3.35416e-05 0.000135275 -3.35416e-05 2.79453e-05)
(0.000229641 -2.27336e-06 0.000141324 -2.27336e-06 0.000149266 -2.07871e-05 0.000141324 -2.07871e-05 6.56709e-05)
(0.000225985 4.27943e-06 0.000134215 4.27943e-06 0.00016116 5.804e-06 0.000134215 5.804e-06 9.20574e-05)
(0.000180054 8.57655e-06 9.80655e-05 8.57655e-06 0.000151351 6.27711e-06 9.80655e-05 6.27711e-06 8.04369e-05)
(0.000139814 2.14949e-05 3.88818e-05 2.14949e-05 0.000113772 -1.07763e-05 3.88818e-05 -1.07763e-05 9.18804e-05)
(0.000115722 2.79285e-05 -1.20141e-07 2.79285e-05 8.10246e-05 -1.38087e-05 -1.20141e-07 -1.38087e-05 0.000128222)
(0.00011029 1.78507e-05 3.19667e-05 1.78507e-05 0.000105437 2.2538e-05 3.19667e-05 2.2538e-05 0.000122534)
(0.000137123 1.16415e-07 8.88174e-05 1.16415e-07 0.000186836 3.46676e-05 8.88174e-05 3.46676e-05 2.51592e-05)
(0.00019191 -1.6232e-05 0.000125824 -1.6232e-05 0.000242526 -1.94171e-05 0.000125824 -1.94171e-05 -4.83648e-05)
(0.000244779 -1.11554e-05 0.000136851 -1.11554e-05 0.000211294 -7.91335e-05 0.000136851 -7.91335e-05 -2.90417e-05)
(0.000265841 2.09361e-05 0.000143158 2.09361e-05 0.000152548 -8.02493e-05 0.000143158 -8.02493e-05 3.26272e-05)
(0.000256744 4.26825e-05 0.000133304 4.26825e-05 0.000136755 -6.16945e-05 0.000133304 -6.16945e-05 4.73561e-05)
(0.000255046 4.7653e-05 0.000122206 4.7653e-05 0.000166824 -6.30412e-05 0.000122206 -6.30412e-05 3.36451e-05)
(0.000263284 4.23733e-05 0.000125899 4.23733e-05 0.00023868 -6.40973e-05 0.000125899 -6.40973e-05 1.3263e-05)
(0.00027437 3.17572e-05 0.000138475 3.17572e-05 0.000321427 -4.78914e-05 0.000138475 -4.78914e-05 9.78959e-06)
(0.000255975 1.22851e-05 0.000143668 1.22851e-05 0.000319724 -2.55341e-05 0.000143668 -2.55341e-05 1.46828e-05)
(0.000227942 -1.05891e-06 0.000139171 -1.05891e-06 0.000257654 -1.61901e-05 0.000139171 -1.61901e-05 2.55186e-05)
(0.000209283 -1.21314e-05 0.00012355 -1.21314e-05 0.000210056 -2.30772e-05 0.00012355 -2.30772e-05 4.03422e-05)
(0.000208908 -1.02874e-05 0.00011449 -1.02874e-05 0.000192522 -2.27215e-05 0.00011449 -2.27215e-05 6.53993e-05)
(0.000237213 1.53296e-05 0.000137719 1.53296e-05 0.000196432 -4.41913e-06 0.000137719 -4.41913e-06 0.000109368)
(0.000277839 5.68843e-05 0.000165153 5.68843e-05 0.00019578 1.23419e-05 0.000165153 1.23419e-05 0.00015523)
(0.000285906 7.93049e-05 0.000131591 7.93049e-05 0.00015845 1.71009e-05 0.000131591 1.71009e-05 0.000151533)
(0.000222814 4.98584e-05 5.3118e-05 4.98584e-05 8.62521e-05 2.45962e-05 5.3118e-05 2.45962e-05 0.000107847)
(0.000156433 9.20426e-06 2.98591e-05 9.20426e-06 4.4516e-05 4.62607e-05 2.98591e-05 4.62607e-05 0.000137495)
(0.000155609 -2.33389e-06 9.1223e-05 -2.33389e-06 4.74998e-05 7.25547e-05 9.1223e-05 7.25547e-05 0.000285005)
(0.000212443 6.91973e-06 0.000160554 6.91973e-06 9.08363e-05 6.07753e-05 0.000160554 6.07753e-05 0.000430512)
(0.000207138 -1.77883e-06 0.0001391 -1.77883e-06 0.000123158 -1.09943e-05 0.0001391 -1.09943e-05 0.000451205)
(0.000150688 -1.46907e-05 6.53481e-05 -1.46907e-05 0.000140884 -8.28179e-05 6.53481e-05 -8.28179e-05 0.000361311)
(0.000139809 5.09154e-06 2.53879e-06 5.09154e-06 0.000177752 -9.15797e-05 2.53879e-06 -9.15797e-05 0.00025659)
(0.000167312 2.9604e-05 3.64147e-07 2.9604e-05 0.000213539 -6.10463e-05 3.64147e-07 -6.10463e-05 0.000198049)
(0.000156849 1.73291e-05 3.78462e-05 1.73291e-05 0.000172792 -3.49768e-05 3.78462e-05 -3.49768e-05 0.000134697)
(0.000132676 1.43647e-05 0.000153909 1.43647e-05 0.000125746 4.56292e-05 0.000153909 4.56292e-05 9.62647e-05)
(0.000217101 4.17288e-05 0.00019113 4.17288e-05 0.000231095 7.34869e-05 0.00019113 7.34869e-05 0.000138691)
(0.000190151 2.21571e-05 0.00015882 2.21571e-05 0.000243923 5.21233e-05 0.00015882 5.21233e-05 0.000129281)
(0.000124292 -1.09943e-05 9.96999e-05 -1.09943e-05 0.000200453 2.13338e-05 9.96999e-05 2.13338e-05 0.000107605)
(0.000120121 1.84029e-06 4.57047e-05 1.84029e-06 0.000176641 -1.00862e-05 4.57047e-05 -1.00862e-05 8.7953e-05)
(0.000145174 3.30312e-05 3.89107e-05 3.30312e-05 0.000176596 -2.45646e-05 3.89107e-05 -2.45646e-05 5.26828e-05)
(0.000145151 3.17972e-05 7.09333e-05 3.17972e-05 0.000161696 -2.08169e-05 7.09333e-05 -2.08169e-05 6.93489e-06)
(0.000128859 1.19647e-05 9.92808e-05 1.19647e-05 0.000121213 -1.94861e-05 9.92808e-05 -1.94861e-05 -1.02715e-05)
(0.000147917 -1.69612e-05 0.000122302 -1.69612e-05 0.000107637 -3.98047e-06 0.000122302 -3.98047e-06 3.9574e-05)
(0.000187194 -3.46219e-05 0.000136216 -3.46219e-05 0.000110046 1.20848e-05 0.000136216 1.20848e-05 0.000128909)
(0.000191425 -2.61562e-05 0.00011884 -2.61562e-05 0.000110354 -6.38142e-06 0.00011884 -6.38142e-06 0.000182398)
(0.000176618 5.55441e-06 8.48407e-05 5.55441e-06 0.000125527 -4.26266e-05 8.48407e-05 -4.26266e-05 0.000151378)
(0.000172617 2.75848e-05 7.17985e-05 2.75848e-05 0.000140364 -4.74984e-05 7.17985e-05 -4.74984e-05 7.45821e-05)
(0.000152004 3.43174e-05 6.3384e-05 3.43174e-05 0.000145101 -2.69711e-05 6.3384e-05 -2.69711e-05 4.46155e-06)
(0.000108637 3.74271e-05 6.47465e-05 3.74271e-05 0.000150594 6.62357e-06 6.47465e-05 6.62357e-06 1.11026e-06)
(0.000112015 2.57837e-05 0.000116393 2.57837e-05 0.000175285 5.44358e-05 0.000116393 5.44358e-05 7.42968e-05)
(0.000160988 -4.47035e-08 0.000149825 -4.47035e-08 0.000222549 7.93776e-05 0.000149825 7.93776e-05 7.57536e-05)
(0.000210603 -4.82742e-05 0.000143654 -4.82742e-05 0.000300476 2.49976e-05 0.000143654 2.49976e-05 -2.03801e-06)
(0.00030313 -8.42856e-05 0.000154108 -8.42856e-05 0.00036253 -7.71806e-05 0.000154108 -7.71806e-05 -7.68842e-06)
(0.000355426 -5.5912e-05 0.000169214 -5.5912e-05 0.000349069 -0.000128641 0.000169214 -0.000128641 3.7327e-05)
(0.000323955 3.68664e-05 0.00015444 3.68664e-05 0.000330755 -0.000126191 0.00015444 -0.000126191 5.22191e-05)
(0.000321363 0.000107055 0.000143325 0.000107055 0.000342906 -0.000102808 0.000143325 -0.000102808 7.00799e-05)
(0.000348415 0.000105515 0.00012779 0.000105515 0.00034612 -9.33418e-05 0.00012779 -9.33418e-05 9.94911e-05)
(0.00040987 9.54913e-05 0.000100852 9.54913e-05 0.00035478 -0.000130206 0.000100852 -0.000130206 0.00018255)
(0.00051743 0.000105396 0.000108956 0.000105396 0.000384677 -0.000178368 0.000108956 -0.000178368 0.000361759)
(0.000535787 7.41258e-05 0.000150778 7.41258e-05 0.000377777 -0.000185731 0.000150778 -0.000185731 0.00041353)
(0.000375594 -3.67779e-06 0.000171217 -3.67779e-06 0.000285391 -0.000111967 0.000171217 -0.000111967 0.00018314)
(0.000213685 -5.66393e-05 0.000130969 -5.66393e-05 0.000182484 -2.07564e-05 0.000130969 -2.07564e-05 2.73595e-05)
(0.00016162 -5.60116e-05 7.69356e-05 -5.60116e-05 0.000124322 1.97617e-05 7.69356e-05 1.97617e-05 4.41941e-05)
(0.000173711 -4.48031e-05 8.05473e-05 -4.48031e-05 0.000104873 2.30931e-05 8.05473e-05 2.30931e-05 4.10843e-05)
(0.000219859 -4.98742e-05 0.000121102 -4.98742e-05 0.000125522 1.90185e-05 0.000121102 1.90185e-05 2.73115e-05)
(0.000237887 -5.26337e-05 0.000125007 -5.26337e-05 0.000164062 3.4878e-05 0.000125007 3.4878e-05 3.33597e-05)
(0.000206002 -2.20817e-05 7.92574e-05 -2.20817e-05 0.000187514 9.87984e-05 7.92574e-05 9.87984e-05 0.000106397)
(0.000183846 4.58229e-05 4.65466e-05 4.58229e-05 0.000219839 0.000145491 4.65466e-05 0.000145491 0.000254283)
(0.00015561 9.08393e-05 5.99017e-05 9.08393e-05 0.000211451 9.71202e-05 5.99017e-05 9.71202e-05 0.000294988)
(0.000116296 8.13697e-05 5.72028e-05 8.13697e-05 0.000149912 -2.37301e-06 5.72028e-05 -2.37301e-06 0.000170018)
(0.000117508 5.10681e-05 4.0411e-05 5.10681e-05 0.000113534 -4.00702e-05 4.0411e-05 -4.00702e-05 7.48208e-05)
(0.000140131 3.96771e-05 3.81013e-05 3.96771e-05 0.00011218 -2.4721e-05 3.81013e-05 -2.4721e-05 6.02784e-05)
(0.000116027 2.10749e-05 3.81852e-05 2.10749e-05 7.55395e-05 -1.56164e-05 3.81852e-05 -1.56164e-05 4.23491e-05)
(8.06988e-05 -1.546e-06 7.79172e-05 -1.546e-06 5.7215e-05 2.9942e-06 7.79172e-05 2.9942e-06 4.8149e-05)
(0.000478724 0.000175359 0.000204049 0.000175359 0.00127239 0.000375454 0.000204049 0.000375454 0.000298124)
(0.000415973 6.62282e-05 0.000196176 6.62282e-05 0.000961429 0.000393776 0.000196176 0.000393776 0.000408985)
(0.000253867 -6.72396e-05 0.000127057 -6.72396e-05 0.000532556 0.000256454 0.000127057 0.000256454 0.000332249)
(0.000156555 -7.20043e-05 5.96056e-05 -7.20043e-05 0.000329008 0.000119747 5.96056e-05 0.000119747 0.000198159)
(0.00015363 -3.01627e-05 6.89775e-05 -3.01627e-05 0.000271219 1.38404e-05 6.89775e-05 1.38404e-05 8.19733e-05)
(0.000192301 -2.98331e-05 0.000126952 -2.98331e-05 0.000240591 -3.72147e-05 0.000126952 -3.72147e-05 2.86435e-05)
(0.000270987 -5.39767e-05 0.000173451 -5.39767e-05 0.000266868 -5.59296e-05 0.000173451 -5.59296e-05 5.84073e-05)
(0.000387563 -4.12241e-05 0.000221821 -4.12241e-05 0.000317911 -2.17548e-05 0.000221821 -2.17548e-05 0.000165812)
(0.00038653 -1.52057e-05 0.000229588 -1.52057e-05 0.000258618 3.53605e-05 0.000229588 3.53605e-05 0.000209914)
(0.000282703 1.52905e-05 0.000193302 1.52905e-05 0.000145063 4.28353e-05 0.000193302 4.28353e-05 0.000182663)
(0.000209099 4.25335e-05 0.000150798 4.25335e-05 0.000135622 2.1439e-06 0.000150798 2.1439e-06 0.000143976)
(0.000184722 5.14714e-05 0.00012438 5.14714e-05 0.00017506 -4.51747e-05 0.00012438 -4.51747e-05 8.25124e-05)
(0.000181293 3.454e-05 0.000117177 3.454e-05 0.000186788 -4.56637e-05 0.000117177 -4.56637e-05 2.54802e-05)
(0.000190533 -8.75443e-08 0.000110033 -8.75443e-08 0.000192928 -3.65376e-05 0.000110033 -3.65376e-05 -1.14924e-05)
(0.000195061 -2.60118e-05 0.000118123 -2.60118e-05 0.000217045 -2.2159e-05 0.000118123 -2.2159e-05 -2.83106e-05)
(0.000232929 -1.07652e-05 0.000157614 -1.07652e-05 0.000322584 2.08551e-05 0.000157614 2.08551e-05 1.17211e-05)
(0.000335494 2.02563e-05 0.000214653 2.02563e-05 0.000491744 8.50223e-05 0.000214653 8.50223e-05 0.000115134)
(0.000385638 -7.62101e-06 0.000225017 -7.62101e-06 0.000604763 0.000121844 0.000225017 0.000121844 0.000193294)
(0.000318418 -8.23876e-05 0.000175397 -8.23876e-05 0.000533811 0.000118629 0.000175397 0.000118629 0.00018733)
(0.000231525 -9.94494e-05 0.000118527 -9.94494e-05 0.000395079 8.50679e-05 0.000118527 8.50679e-05 0.000131727)
(0.000193476 -2.19652e-05 0.000115905 -2.19652e-05 0.000269521 -7.13672e-06 0.000115905 -7.13672e-06 6.81127e-05)
(0.000242778 3.64445e-05 0.000152778 3.64445e-05 0.000198516 -6.6991e-05 0.000152778 -6.6991e-05 0.000120218)
(0.000434352 0.000108201 0.000222858 0.000108201 0.00023203 -6.1756e-06 0.000222858 -6.1756e-06 0.000462326)
(0.000707005 0.00024776 0.00022771 0.00024776 0.000351176 2.11615e-05 0.00022771 2.11615e-05 0.000954717)
(0.000818202 0.000328319 0.000147504 0.000328319 0.000479384 -5.31115e-05 0.000147504 -5.31115e-05 0.00113858)
(0.000660848 0.000236077 0.000119568 0.000236077 0.00048329 -0.000125055 0.000119568 -0.000125055 0.000803695)
(0.000378939 3.52394e-05 0.000141469 3.52394e-05 0.000378158 -0.000108217 0.000141469 -0.000108217 0.00026887)
(0.000232431 -0.000129325 0.000117531 -0.000129325 0.000382639 5.98505e-05 0.000117531 5.98505e-05 0.000166876)
(0.000434129 -0.000265123 -5.45355e-05 -0.000265123 0.000639115 0.000504741 -5.45355e-05 0.000504741 0.000849375)
(0.000889936 -0.000368251 -0.000411966 -0.000368251 0.00108857 0.00109865 -0.000411966 0.00109865 0.0020293)
(0.00110796 -0.000340007 -0.000635083 -0.000340007 0.00130488 0.00136816 -0.000635083 0.00136816 0.0027426)
(0.000874156 -0.000190645 -0.000573733 -0.000190645 0.000960491 0.0010623 -0.000573733 0.0010623 0.00244105)
(0.000446495 8.24034e-06 -0.000254663 8.24034e-06 0.000508437 0.000446648 -0.000254663 0.000446648 0.00134766)
(0.000185579 5.72018e-05 3.30247e-05 5.72018e-05 0.000276577 0.000120171 3.30247e-05 0.000120171 0.000368137)
(0.00017344 -1.0944e-05 0.000144768 -1.0944e-05 0.00021147 1.2001e-05 0.000144768 1.2001e-05 -7.65138e-06)
(0.000327563 -5.01201e-05 0.00015592 -5.01201e-05 0.000383701 -8.57264e-05 0.00015592 -8.57264e-05 1.50847e-05)
(0.000454871 -0.000114719 0.000176174 -0.000114719 0.000637108 -7.7365e-05 0.000176174 -7.7365e-05 5.94238e-05)
(0.000482653 -0.000116713 0.000179776 -0.000116713 0.000830979 1.51386e-05 0.000179776 1.51386e-05 7.25436e-05)
(0.000500896 -5.73136e-06 0.000179061 -5.73136e-06 0.0011446 0.000125304 0.000179061 0.000125304 0.000114376)
(0.000494591 0.00012699 0.000185952 0.00012699 0.00134554 0.000252864 0.000185952 0.000252864 0.000184194)
(0.000255987 -3.65963e-05 0.000140809 -3.65963e-05 0.000578517 9.31835e-05 0.000140809 9.31835e-05 0.000157545)
(0.000215106 -7.55265e-05 0.000121588 -7.55265e-05 0.000489873 0.000148912 0.000121588 0.000148912 0.000265484)
(0.000192823 -0.000147 2.79928e-05 -0.000147 0.000416389 0.000252318 2.79928e-05 0.000252318 0.00049637)
(0.000219783 -0.000174291 -9.76864e-06 -0.000174291 0.000352747 0.000255939 -9.76864e-06 0.000255939 0.000595249)
(0.000197735 -0.000120161 8.64724e-05 -0.000120161 0.000283485 9.71677e-05 8.64724e-05 9.71677e-05 0.000210771)
(0.000285729 -5.69737e-05 0.000165679 -5.69737e-05 0.000267146 -5.18197e-05 0.000165679 -5.18197e-05 8.54686e-05)
(0.000486337 1.24462e-05 0.000258129 1.24462e-05 0.000291933 -5.48987e-05 0.000258129 -5.48987e-05 0.000389428)
(0.000526982 2.39797e-05 0.000333136 2.39797e-05 0.000244884 -4.07044e-05 0.000333136 -4.07044e-05 0.000473851)
(0.000379671 8.5393e-06 0.000255542 8.5393e-06 0.00017864 -8.73217e-05 0.000255542 -8.73217e-05 0.000249071)
(0.000241366 1.47885e-05 0.000145637 1.47885e-05 0.000199556 -7.79042e-05 0.000145637 -7.79042e-05 3.22637e-05)
(0.000168128 4.97736e-05 0.000116931 4.97736e-05 0.000254681 8.05035e-06 0.000116931 8.05035e-06 9.37256e-06)
(0.000167275 5.23524e-05 0.000141822 5.23524e-05 0.000247007 2.86251e-05 0.000141822 2.86251e-05 4.87046e-05)
(0.000160457 2.37236e-05 0.000103742 2.37236e-05 0.000201061 -1.98577e-05 0.000103742 -1.98577e-05 2.31851e-05)
(0.000165626 1.77687e-05 0.000107411 1.77687e-05 0.000171158 -2.98265e-05 0.000107411 -2.98265e-05 6.6409e-05)
(0.000179249 1.81608e-07 0.00013959 1.81608e-07 0.000136153 -2.47993e-05 0.00013959 -2.47993e-05 0.000107129)
(0.000297124 2.89101e-05 0.000207605 2.89101e-05 0.000237171 4.93452e-05 0.000207605 4.93452e-05 0.000218771)
(0.00030959 -3.30713e-06 0.000208769 -3.30713e-06 0.000279533 0.000107978 0.000208769 0.000107978 0.000331341)
(0.000172042 -4.41801e-05 8.26642e-05 -4.41801e-05 0.000215311 3.35909e-05 8.26642e-05 3.35909e-05 0.000353963)
(0.000161871 6.24321e-05 -0.000102278 6.24321e-05 0.000263135 -0.000120446 -0.000102278 -0.000120446 0.000421828)
(0.0002912 0.000251367 -0.000169893 0.000251367 0.000460836 -0.000223638 -0.000169893 -0.000223638 0.000364933)
(0.000379544 0.000262703 8.37026e-05 0.000262703 0.000567396 -1.20932e-05 8.37026e-05 -1.20932e-05 0.000283147)
(0.000365643 0.000103076 0.000259308 0.000103076 0.000362123 0.000154529 0.000259308 0.000154529 0.000411955)
(0.00042502 8.96929e-05 0.000155388 8.96929e-05 0.000254274 1.88183e-05 0.000155388 1.88183e-05 0.000437262)
(0.000515847 0.000137284 0.000110721 0.000137284 0.000394316 -0.000128509 0.000110721 -0.000128509 0.000354842)
(0.000450881 9.67905e-05 0.000143838 9.67905e-05 0.000430586 -0.000120838 0.000143838 -0.000120838 0.000280086)
(0.000359296 6.49411e-05 0.00014328 6.49411e-05 0.000323556 -8.02893e-05 0.00014328 -8.02893e-05 0.000243115)
(0.000295666 4.33903e-05 0.000112527 4.33903e-05 0.000291663 -5.88596e-05 0.000112527 -5.88596e-05 0.000173154)
(0.000246802 1.25282e-05 9.07071e-05 1.25282e-05 0.000317257 -3.07839e-05 9.07071e-05 -3.07839e-05 0.000112943)
(0.000201932 -3.60347e-05 9.04957e-05 -3.60347e-05 0.000353255 4.21843e-05 9.04957e-05 4.21843e-05 0.000115385)
(0.000215681 -6.79959e-05 5.602e-05 -6.79959e-05 0.000383025 0.000138905 5.602e-05 0.000138905 0.000261374)
(0.000294029 -2.82964e-05 -5.63776e-05 -2.82964e-05 0.000427054 0.000140763 -5.63776e-05 0.000140763 0.000464204)
(0.000358595 2.43615e-05 -0.000143158 2.43615e-05 0.000431589 9.53814e-05 -0.000143158 9.53814e-05 0.000467447)
(0.000243071 -6.07679e-05 4.38746e-06 -6.07679e-05 0.000250507 7.39591e-05 4.38746e-06 7.39591e-05 0.000103738)
(0.000275306 -4.13395e-05 0.000160476 -4.13395e-05 0.000295322 -3.42848e-05 0.000160476 -3.42848e-05 -1.10519e-06)
(0.000566495 0.000149866 9.70494e-05 0.000149866 0.000531786 -0.00017797 9.70494e-05 -0.00017797 0.000280265)
(0.000600462 0.00017137 4.44818e-05 0.00017137 0.000573888 -0.000218919 4.44818e-05 -0.000218919 0.000316229)
(0.000378355 2.79304e-05 0.000120485 2.79304e-05 0.000501995 -7.14725e-05 0.000120485 -7.14725e-05 0.00011502)
(0.000287891 -4.19365e-05 0.000134901 -4.19365e-05 0.000537722 0.000100537 0.000134901 0.000100537 0.000118057)
(0.000290809 -4.87138e-05 0.000121439 -4.87138e-05 0.000615616 0.000161816 0.000121439 0.000161816 0.000164096)
(0.000275313 -4.34574e-05 0.000122679 -4.34574e-05 0.000625544 0.000121605 0.000122679 0.000121605 0.000141715)
(0.000234466 -9.45358e-05 9.20417e-05 -9.45358e-05 0.000476216 -0.000118772 9.20417e-05 -0.000118772 0.000285925)
(0.000188121 -1.83992e-05 9.09939e-05 -1.83992e-05 0.000288707 -6.09029e-05 9.09939e-05 -6.09029e-05 0.000214014)
(0.000168942 1.56024e-05 8.08779e-05 1.56024e-05 0.000239922 -2.27997e-05 8.08779e-05 -2.27997e-05 0.000183508)
(0.000271573 4.49689e-05 0.000136814 4.49689e-05 0.000290156 2.63005e-06 0.000136814 2.63005e-06 0.000193945)
(0.000423348 9.16626e-05 0.000237158 9.16626e-05 0.000433774 3.86499e-05 0.000237158 3.86499e-05 0.000356946)
(0.000538924 0.000116345 0.000311526 0.000116345 0.000495826 8.15922e-05 0.000311526 8.15922e-05 0.000593592)
(0.000498495 6.1118e-05 0.00030658 6.1118e-05 0.000340168 4.69238e-05 0.00030658 4.69238e-05 0.000516659)
(0.000350478 6.76606e-06 0.000220623 6.76606e-06 0.000204236 -5.16549e-05 0.000220623 -5.16549e-05 0.000240446)
(0.000276609 1.57543e-05 0.000174569 1.57543e-05 0.000205691 -8.43285e-05 0.000174569 -8.43285e-05 0.00011497)
(0.00023981 1.95857e-05 0.000151142 1.95857e-05 0.000204832 -5.62454e-05 0.000151142 -5.62454e-05 5.37116e-05)
(0.000218019 4.28688e-06 0.00013533 4.28688e-06 0.000203509 -2.77935e-05 0.00013533 -2.77935e-05 1.74154e-05)
(0.000216748 1.1283e-05 0.000130853 1.1283e-05 0.000181065 -2.23592e-05 0.000130853 -2.23592e-05 1.99902e-05)
(0.000195368 2.61944e-05 0.000128505 2.61944e-05 0.00014607 -2.75522e-05 0.000128505 -2.75522e-05 4.72478e-05)
(0.000151279 1.29426e-05 0.000108792 1.29426e-05 0.000128591 -5.57126e-05 0.000108792 -5.57126e-05 9.12494e-05)
(0.000183841 -3.82029e-06 0.000133133 -3.82029e-06 0.000153709 -4.34294e-05 0.000133133 -4.34294e-05 0.000159454)
(0.000215223 -4.98518e-05 0.000127183 -4.98518e-05 0.000288772 -8.67564e-05 0.000127183 -8.67564e-05 0.000215479)
(0.000231596 3.42447e-05 4.67356e-05 3.42447e-05 0.000596785 -0.000144622 4.67356e-05 -0.000144622 0.00021681)
(0.000308339 0.000194825 4.49773e-05 0.000194825 0.000665362 -5.29224e-05 4.49773e-05 -5.29224e-05 0.000185153)
(0.00042313 0.000223726 0.000184515 0.000223726 0.000437202 1.22506e-05 0.000184515 1.22506e-05 0.000263769)
(0.000400967 0.000171523 0.000251306 0.000171523 0.000237351 4.18182e-05 0.000251306 4.18182e-05 0.000281561)
(0.000210622 4.47836e-05 0.00015791 4.47836e-05 0.000167197 5.3782e-05 0.00015791 5.3782e-05 0.000118946)
(0.000301389 1.46329e-05 0.000102544 1.46329e-05 0.000189309 1.72369e-05 0.000102544 1.72369e-05 8.35372e-05)
(0.000576006 0.000166687 2.46419e-05 0.000166687 0.000342333 -7.7269e-05 2.46419e-05 -7.7269e-05 0.000233032)
(0.000600905 0.000203199 2.29152e-05 0.000203199 0.000501559 -0.000208994 2.29152e-05 -0.000208994 0.000362593)
(0.000496141 8.77408e-05 0.000164745 8.77408e-05 0.000463394 -0.000201004 0.000164745 -0.000201004 0.000401403)
(0.000480819 8.27471e-05 0.000212515 8.27471e-05 0.0003799 -0.00013353 0.000212515 -0.00013353 0.000419993)
(0.000430727 0.000109649 0.000173338 0.000109649 0.000360396 -7.54818e-05 0.000173338 -7.54818e-05 0.000365055)
(0.000340495 8.37045e-05 0.000156155 8.37045e-05 0.000363307 -2.96971e-05 0.000156155 -2.96971e-05 0.000286324)
(0.000264937 7.57771e-05 0.000126217 7.57771e-05 0.000408334 -3.69512e-05 0.000126217 -3.69512e-05 0.00023441)
(0.000346286 0.000197466 7.42609e-05 0.000197466 0.000609829 -6.34985e-05 7.42609e-05 -6.34985e-05 0.000310347)
(0.000436904 0.000338458 5.80903e-05 0.000338458 0.000842262 -4.03635e-05 5.80903e-05 -4.03635e-05 0.000357292)
(0.00032975 0.000233135 5.90049e-05 0.000233135 0.000593422 5.40633e-06 5.90049e-05 5.40633e-06 0.000225896)
(0.00022199 8.12206e-06 0.00011267 8.12206e-06 0.000276419 5.93644e-05 0.00011267 5.93644e-05 0.000115179)
(0.000306809 -1.66139e-05 0.000125882 -1.66139e-05 0.000283998 2.6348e-05 0.000125882 2.6348e-05 0.000147871)
(0.000260214 7.77561e-06 0.000110073 7.77561e-06 0.000249433 -1.87326e-05 0.000110073 -1.87326e-05 7.64148e-05)
(0.000279424 2.89194e-05 0.000113508 2.89194e-05 0.000353915 1.02911e-05 0.000113508 1.02911e-05 6.41181e-05)
(0.000232354 5.52274e-05 8.68263e-05 5.52274e-05 0.000312499 1.1595e-06 8.68263e-05 1.1595e-06 7.28317e-05)
(0.000176807 7.11223e-05 3.0485e-05 7.11223e-05 0.000294987 -8.12393e-05 3.0485e-05 -8.12393e-05 0.000176759)
(0.000208589 1.53892e-05 2.48132e-05 1.53892e-05 0.000623133 -0.000163591 2.48132e-05 -0.000163591 0.00037394)
(0.000230379 -8.75155e-05 6.82762e-05 -8.75155e-05 0.000745971 -0.000195784 6.82762e-05 -0.000195784 0.000399707)
(0.000533064 -0.00019439 0.000351397 -0.00019439 0.000383326 -0.000475753 0.000351397 -0.000475753 0.00143691)
(0.000447898 -6.75544e-05 0.000243345 -6.75544e-05 0.000434045 -0.000289964 0.000243345 -0.000289964 0.00106898)
(0.000183484 5.98468e-06 3.20058e-05 5.98468e-06 0.000432359 -4.58714e-05 3.20058e-05 -4.58714e-05 0.000615669)
(0.00012256 -8.94573e-05 8.76002e-06 -8.94573e-05 0.000368288 4.79743e-05 8.76002e-06 4.79743e-05 0.000281636)
(0.000211558 -0.000112568 9.73735e-05 -0.000112568 0.000289543 3.46694e-05 9.73735e-05 3.46694e-05 0.000138225)
(0.000330906 -4.65503e-05 0.000152079 -4.65503e-05 0.000344597 -1.23363e-05 0.000152079 -1.23363e-05 0.000159096)
(0.000426503 3.69586e-05 0.000167519 3.69586e-05 0.000363523 -2.31098e-05 0.000167519 -2.31098e-05 0.000308591)
(0.000567684 0.000149356 0.000269728 0.000149356 0.000372743 4.52101e-05 0.000269728 4.52101e-05 0.000662989)
(0.00077136 0.000279791 0.000443351 0.000279791 0.000460869 0.000182608 0.000443351 0.000182608 0.00113659)
(0.000663945 0.00026558 0.0003966 0.00026558 0.000486443 0.000196017 0.0003966 0.000196017 0.000895334)
(0.000367899 0.000121048 0.000178579 0.000121048 0.00039392 4.21116e-05 0.000178579 4.21116e-05 0.00029807)
(0.000206119 -2.10023e-05 0.000123635 -2.10023e-05 0.000277222 -2.7583e-05 0.000123635 -2.7583e-05 5.63235e-05)
(0.000227617 -5.83213e-05 0.000168957 -5.83213e-05 0.000299512 3.26121e-05 0.000168957 3.26121e-05 6.15117e-05)
(0.000228937 4.45265e-06 0.000170087 4.45265e-06 0.000178175 -3.43565e-05 0.000170087 -3.43565e-05 5.36101e-05)
(0.000305436 3.44813e-05 0.000257246 3.44813e-05 0.000313351 0.000145242 0.000257246 0.000145242 0.000332714)
(0.000320372 0.00015093 0.000208074 0.00015093 0.00101811 0.000305858 0.000208074 0.000305858 0.000309311)
(0.000173433 1.76346e-05 4.68278e-05 1.76346e-05 0.000657913 -8.18493e-05 4.68278e-05 -8.18493e-05 0.00010382)
(0.00016291 -7.66953e-05 0.000199532 -7.66953e-05 0.000184003 -2.81921e-05 0.000199532 -2.81921e-05 0.000249236)
(0.000252168 -0.000129733 0.000169701 -0.000129733 0.000381892 0.000126464 0.000169701 0.000126464 0.000229156)
(0.000391716 -0.000230523 0.000163574 -0.000230523 0.000555665 0.00010028 0.000163574 0.00010028 0.000142277)
(0.000455025 -0.000189342 0.000180705 -0.000189342 0.000704606 1.34064e-05 0.000180705 1.34064e-05 0.000106792)
(0.000516669 8.49441e-05 0.000154457 8.49441e-05 0.000808951 -6.21565e-06 0.000154457 -6.21565e-06 0.000189604)
(0.000700828 0.000284863 7.50627e-05 0.000284863 0.000835702 -4.62607e-05 7.50627e-05 -4.62607e-05 0.000284052)
(0.000515169 0.00014088 5.85029e-05 0.00014088 0.00057176 -0.000145613 5.85029e-05 -0.000145613 0.000259094)
(0.000368281 1.8375e-06 0.000200272 1.8375e-06 0.000370259 -0.000164263 0.000200272 -0.000164263 0.000343497)
(0.000495092 2.7203e-05 0.000321319 2.7203e-05 0.000319734 -0.000141975 0.000321319 -0.000141975 0.000531688)
(0.000472181 5.80475e-05 0.000290168 5.80475e-05 0.000293683 -7.75484e-05 0.000290168 -7.75484e-05 0.000480512)
(0.000277003 3.23262e-05 0.000157028 3.23262e-05 0.000244666 -5.53718e-05 0.000157028 -5.53718e-05 0.000257297)
(0.00018592 3.25348e-05 4.35989e-05 3.25348e-05 0.000342908 -0.000109169 4.35989e-05 -0.000109169 0.000265073)
(0.000205733 2.22856e-05 -3.23504e-05 2.22856e-05 0.000463588 -0.000151522 -3.23504e-05 -0.000151522 0.000332871)
(0.000230536 -4.83822e-06 -7.75103e-05 -4.83822e-06 0.000254111 -0.000144698 -7.75103e-05 -0.000144698 0.000323664)
(0.00035014 3.97554e-05 -0.000158721 3.97554e-05 0.000130957 -7.37701e-05 -0.000158721 -7.37701e-05 0.000543368)
(0.000321312 -2.81632e-06 -0.000116274 -2.81632e-06 0.000217122 -0.000226093 -0.000116274 -0.000226093 0.000858507)
(0.000159392 -4.42844e-06 0.000189783 -4.42844e-06 0.000445408 -0.000341433 0.000189783 -0.000341433 0.000993034)
(0.000365714 7.97901e-05 0.000360291 7.97901e-05 0.000623854 9.56729e-05 0.000360291 9.56729e-05 0.000822987)
(0.000337313 3.71039e-05 0.000195581 3.71039e-05 0.000581871 0.000179826 0.000195581 0.000179826 0.000225228)
(0.00046744 -0.000160364 0.000245411 -0.000160364 0.000727808 -3.88911e-05 0.000245411 -3.88911e-05 0.000198211)
(0.000817564 -0.000239447 0.000283442 -0.000239447 0.000856719 0.000288059 0.000283442 0.000288059 0.000527929)
(0.000632317 -0.000217162 3.74392e-06 -0.000217162 0.000424535 0.00046953 3.74392e-06 0.00046953 0.000772624)
(0.000429421 -0.000154282 6.48806e-05 -0.000154282 0.000185323 -4.81335e-05 6.48806e-05 -4.81335e-05 0.0012879)
(0.00217072 -0.000582172 -0.000226286 -0.000582172 0.00189099 0.00174353 -0.000226286 0.00174353 0.00542463)
(0.00187715 -0.000430619 0.00054517 -0.000430619 0.000600395 0.000300511 0.00054517 0.000300511 0.00414956)
(0.000763613 -9.35402e-05 0.000150604 -9.35402e-05 0.000533029 -0.000500249 0.000150604 -0.000500249 0.00205481)
(0.000211001 2.70549e-05 -6.40908e-05 2.70549e-05 0.000788732 -0.000476296 -6.40908e-05 -0.000476296 0.000828945)
(0.000243963 1.83797e-05 8.02483e-05 1.83797e-05 0.000716371 -0.000160349 8.02483e-05 -0.000160349 0.000308108)
(0.000374235 -2.05915e-06 0.000204057 -2.05915e-06 0.000412416 -2.76342e-05 0.000204057 -2.76342e-05 0.000258553)
(0.000495706 4.60325e-05 0.000287417 4.60325e-05 0.000303573 -1.90819e-05 0.000287417 -1.90819e-05 0.000399388)
(0.00070646 0.000196514 0.000472208 0.000196514 0.000359225 0.000117546 0.000472208 0.000117546 0.000840809)
(0.000814796 0.000314173 0.000534965 0.000314173 0.000475634 0.000286634 0.000534965 0.000286634 0.00123717)
(0.000587632 0.000233305 0.000300664 0.000233305 0.000375207 0.000190919 0.000300664 0.000190919 0.000789127)
(0.000356072 0.000102044 7.81938e-05 0.000102044 0.000238338 -6.06012e-05 7.81938e-05 -6.06012e-05 0.000188024)
(0.000372876 6.66762e-05 0.000175001 6.66762e-05 0.00061876 -1.33179e-05 0.000175001 -1.33179e-05 9.89493e-05)
(0.000404653 -0.000132254 0.000201782 -0.000132254 0.000863621 1.23782e-05 0.000201782 1.23782e-05 0.000133073)
(0.000510407 -0.000115043 0.000282053 -0.000115043 0.000296927 -0.000111957 0.000282053 -0.000111957 0.000202101)
(0.000637565 0.000289843 0.000436693 0.000289843 0.000381713 0.000152824 0.000436693 0.000152824 0.000536417)
(0.000210263 0.000113529 0.000132488 0.000113529 0.00029738 9.6065e-05 0.000132488 9.6065e-05 9.81193e-05)
(0.000351161 6.44112e-05 0.000168325 6.44112e-05 0.000165875 1.44932e-05 0.000168325 1.44932e-05 6.81114e-05)
(0.000748794 0.0003085 0.000323104 0.0003085 0.000875663 5.54314e-05 0.000323104 5.54314e-05 0.000376259)
(0.000727841 4.21805e-05 0.000251394 4.21805e-05 0.00152105 0.000488851 0.000251394 0.000488851 0.000746493)
(0.000971089 -0.000393961 -0.000369824 -0.000393961 0.0021154 0.00130067 -0.000369824 0.00130067 0.00168541)
(0.00136683 -0.000314197 -0.000558454 -0.000314197 0.00342516 0.0018893 -0.000558454 0.0018893 0.00259631)
(0.00156782 0.000112756 -0.000124684 0.000112756 0.00362652 0.00181996 -0.000124684 0.00181996 0.00257971)
(0.00104068 0.000301884 0.000188958 0.000301884 0.00247965 0.00118783 0.000188958 0.00118783 0.00156731)
(0.000348381 -2.3284e-05 0.000179549 -2.3284e-05 0.000808932 0.00023729 0.000179549 0.00023729 0.000389234)
(0.000282652 -4.00404e-05 0.000138483 -4.00404e-05 0.000341608 -6.5811e-05 0.000138483 -6.5811e-05 0.000192378)
(0.000347741 -7.35363e-05 0.00018914 -7.35363e-05 0.000368512 -7.48271e-05 0.00018914 -7.48271e-05 0.000279621)
(0.000400904 -0.000150113 9.52501e-05 -0.000150113 0.000792636 0.000281797 9.52501e-05 0.000281797 0.000571484)
(0.000610087 -0.000217825 -0.000285265 -0.000217825 0.00124135 0.000950043 -0.000285265 0.000950043 0.00146205)
(0.000547103 -0.000208469 -0.000200823 -0.000208469 0.000936534 0.000767411 -0.000200823 0.000767411 0.00130911)
(0.000262784 -0.00016467 6.89561e-05 -0.00016467 0.000445281 0.000104594 6.89561e-05 0.000104594 0.000295257)
(0.000328551 -0.000165931 0.000267146 -0.000165931 0.000265849 -0.000154834 0.000267146 -0.000154834 0.000313041)
(0.00031931 -7.14669e-05 0.000226319 -7.14669e-05 0.000174965 -0.000130741 0.000226319 -0.000130741 0.000282687)
(0.000178442 2.07694e-05 0.000117537 2.07694e-05 0.000187 -3.18894e-05 0.000117537 -3.18894e-05 -1.13333e-05)
(0.000398718 0.00014294 6.10333e-05 0.00014294 0.000383639 8.03638e-06 6.10333e-05 8.03638e-06 0.000168212)
(0.000749396 0.000344868 -0.000169381 0.000344868 0.000575233 -0.000243047 -0.000169381 -0.000243047 0.000487686)
(0.000900381 0.000331288 -4.64777e-05 0.000331288 0.000600774 -0.000407234 -4.64777e-05 -0.000407234 0.000975724)
(0.000967355 0.000157167 0.000442987 0.000157167 0.000650501 -0.000326813 0.000442987 -0.000326813 0.00124079)
(0.000685524 -0.000197068 0.000351068 -0.000197068 0.000833719 -0.000155566 0.000351068 -0.000155566 0.000539538)
(0.000959414 -0.000727514 -0.000561456 -0.000727514 0.00189849 0.00108921 -0.000561456 0.00108921 0.00136717)
(0.0018496 -0.000825875 -0.00121592 -0.000825875 0.00284199 0.00235082 -0.00121592 0.00235082 0.00404739)
(0.0018828 -0.000749527 -0.00118615 -0.000749527 0.00332368 0.00243392 -0.00118615 0.00243392 0.00429666)
(0.0013631 -0.000656222 -0.0008019 -0.000656222 0.000967468 0.00129365 -0.0008019 0.00129365 0.00409431)
(0.000832696 -0.000125166 -0.000221147 -0.000125166 0.000427203 -0.000457452 -0.000221147 -0.000457452 0.00271457)
(0.000443168 8.21296e-05 -0.000176093 8.21296e-05 0.000876056 -0.000860909 -0.000176093 -0.000860909 0.00156648)
(0.000252791 4.02499e-05 -0.000105396 4.02499e-05 0.000650398 -0.000501897 -0.000105396 -0.000501897 0.000782294)
(0.000270191 8.28039e-06 -3.61437e-05 8.28039e-06 0.000514377 -0.000297106 -3.61437e-05 -0.000297106 0.000558161)
(0.000309518 3.08445e-05 -2.24356e-06 3.08445e-05 0.000607262 -0.000267467 -2.24356e-06 -0.000267467 0.000350688)
(0.000605819 0.00023219 0.000397559 0.00023219 0.000892322 0.000151965 0.000397559 0.000151965 0.000609968)
(0.000787185 0.000383724 0.000520971 0.000383724 0.000829925 0.000392459 0.000520971 0.000392459 0.000964335)
(0.000271842 7.63591e-05 0.000119934 7.63591e-05 0.000243069 -7.96188e-06 0.000119934 -7.96188e-06 9.07391e-05)
(0.000400957 0.000168196 0.000255937 0.000168196 0.000622467 0.000196397 0.000255937 0.000196397 0.0003579)
(0.000431852 0.000202323 0.000272317 0.000202323 0.000870439 0.00010847 0.000272317 0.00010847 0.000417865)
(0.000541952 -2.19848e-05 0.000399532 -2.19848e-05 0.000346837 -0.000311581 0.000399532 -0.000311581 0.000731859)
(0.0020661 0.000334561 0.00131571 0.000334561 0.000478595 1.16685e-05 0.00131571 1.16685e-05 0.0032731)
(0.00164414 0.000232648 0.000841996 0.000232648 0.000359899 -0.000160139 0.000841996 -0.000160139 0.00270522)
(0.000584165 0.000200104 -1.2666e-05 0.000200104 0.000459853 -0.000406627 -1.2666e-05 -0.000406627 0.000589375)
(0.000719302 0.000289713 -5.18626e-05 0.000289713 0.000358049 -0.000174091 -5.18626e-05 -0.000174091 0.000419421)
(0.000704031 1.57207e-05 -7.24234e-05 1.57207e-05 0.000417264 8.1135e-05 -7.24234e-05 8.1135e-05 0.000606079)
(0.000408403 9.50927e-05 5.74188e-05 9.50927e-05 0.000542346 2.56756e-05 5.74188e-05 2.56756e-05 0.000355957)
(0.00020141 1.89207e-05 6.96266e-05 1.89207e-05 0.000439737 9.84408e-07 6.96266e-05 9.84408e-07 0.000371079)
(0.00039565 -0.000193541 0.000121305 -0.000193541 0.000573923 0.000267641 0.000121305 0.000267641 0.00144434)
(0.000590866 -0.000229896 0.000203544 -0.000229896 0.000607226 0.000211284 0.000203544 0.000211284 0.00195681)
(0.000346702 -9.59234e-05 0.000137676 -9.59234e-05 0.000449118 1.70907e-05 0.000137676 1.70907e-05 0.000993505)
(0.000218206 -2.44007e-06 5.20023e-05 -2.44007e-06 0.000389423 -4.84549e-05 5.20023e-05 -4.84549e-05 0.000261341)
(0.000394666 4.79529e-05 0.000212524 4.79529e-05 0.000381969 -1.98931e-06 0.000212524 -1.98931e-06 0.000363383)
(0.000435568 5.06779e-05 0.000161178 5.06779e-05 0.000376393 -9.41148e-05 0.000161178 -9.41148e-05 0.000406197)
(0.000364132 4.47035e-08 0.000195893 4.47035e-08 0.000502389 -2.27578e-05 0.000195893 -2.27578e-05 0.00033166)
(0.000384803 -0.000120221 1.45659e-05 -0.000120221 0.000775697 0.00035569 1.45659e-05 0.00035569 0.000782348)
(0.00046832 -0.000296015 -0.000208098 -0.000296015 0.00075734 0.000458528 -0.000208098 0.000458528 0.000951945)
(0.000471869 -0.000222975 -4.99012e-05 -0.000222975 0.000393795 9.43206e-05 -4.99012e-05 9.43206e-05 0.000660392)
(0.000604932 -1.49813e-05 0.000272395 -1.49813e-05 0.000260986 6.38328e-06 0.000272395 6.38328e-06 0.000659855)
(0.000745112 0.000214434 0.000622984 0.000214434 0.000309427 0.000168721 0.000622984 0.000168721 0.000893353)
(0.000887816 0.000409127 0.000205321 0.000409127 0.000520131 0.000182094 0.000205321 0.000182094 0.00187439)
(0.000885847 0.00041641 -0.000264714 0.00041641 0.000642115 -5.92638e-05 -0.000264714 -5.92638e-05 0.00158295)
(0.000570179 0.000152583 -4.40609e-06 0.000152583 0.000453337 -6.69621e-05 -4.40609e-06 -6.69621e-05 0.000465768)
(0.000366014 -5.18085e-05 0.000190871 -5.18085e-05 0.000262853 9.00961e-06 0.000190871 9.00961e-06 0.000375134)
(0.000464593 1.87811e-05 -2.4491e-05 1.87811e-05 0.000548391 -0.000303905 -2.4491e-05 -0.000303905 0.000744042)
(0.00040617 9.06745e-05 -0.000122532 9.06745e-05 0.000576154 -0.000319601 -0.000122532 -0.000319601 0.000617505)
(0.000392343 -9.16263e-05 -7.81557e-05 -9.16263e-05 0.000533912 0.000301377 -7.81557e-05 0.000301377 0.000853924)
(0.00136298 -0.000406263 -0.000868791 -0.000406263 0.00301571 0.00203914 -0.000868791 0.00203914 0.00304578)
(0.000883355 -0.000314103 -0.000741757 -0.000314103 0.000869166 0.000893585 -0.000741757 0.000893585 0.00277978)
(0.000792831 -0.000121704 -0.000692684 -0.000121704 0.000485216 0.000254876 -0.000692684 0.000254876 0.00219104)
(0.00045068 0.000152739 -0.000358119 0.000152739 0.000373174 -0.000245298 -0.000358119 -0.000245298 0.00112309)
(0.000226436 2.5454e-05 -4.56544e-05 2.5454e-05 0.000216375 -0.000110568 -4.56544e-05 -0.000110568 0.000484042)
(0.000253733 -4.81876e-05 0.000173806 -4.81876e-05 0.000195846 4.60967e-05 0.000173806 4.60967e-05 0.000230049)
(0.000302293 -6.13965e-05 0.000211325 -6.13965e-05 0.000312649 -0.000116913 0.000211325 -0.000116913 0.000188981)
(0.000507089 2.35718e-06 0.000410022 2.35718e-06 0.00027592 -8.00062e-05 0.000410022 -8.00062e-05 0.000501536)
(0.00073855 0.000233824 0.000518659 0.000233824 0.000409473 0.000183329 0.000518659 0.000183329 0.000846174)
(0.000288275 6.61379e-05 0.00010242 6.61379e-05 0.000208572 -3.96539e-05 0.00010242 -3.96539e-05 9.63182e-05)
(0.000452318 0.000174976 0.000332527 0.000174976 0.000550191 0.000236357 0.000332527 0.000236357 0.000366833)
(0.000606323 0.000267777 0.000364274 0.000267777 0.000670704 0.000239235 0.000364274 0.000239235 0.000639898)
(0.000375625 8.54023e-06 0.000181127 8.54023e-06 0.000451787 -0.000151744 0.000181127 -0.000151744 0.000396041)
(0.00132735 0.000519585 0.0010286 0.000519585 0.00105137 0.000421306 0.0010286 0.000421306 0.00204446)
(0.00119102 0.000270531 0.000916759 0.000270531 0.000328162 9.0302e-05 0.000916759 9.0302e-05 0.0018809)
(0.000736087 -5.2562e-05 0.000240911 -5.2562e-05 0.00076865 -0.000566955 0.000240911 -0.000566955 0.000592656)
(0.000538394 0.000148495 0.000106342 0.000148495 0.000457259 -0.000369085 0.000106342 -0.000369085 0.000443249)
(0.000556959 9.57716e-05 0.000234539 9.57716e-05 0.000538703 0.000391357 0.000234539 0.000391357 0.000930374)
(0.00101701 0.00032024 0.000223821 0.00032024 0.00170163 0.000968935 0.000223821 0.000968935 0.00154859)
(0.000986241 0.000436112 0.000256991 0.000436112 0.000975685 0.000454484 0.000256991 0.000454484 0.00135844)
(0.000744712 0.000402456 0.000167334 0.000402456 0.000611354 5.88419e-05 0.000167334 5.88419e-05 0.000857903)
(0.000487497 0.000303123 9.33427e-05 0.000303123 0.000566586 3.63234e-05 9.33427e-05 3.63234e-05 0.000425506)
(0.00029779 0.000102216 5.53848e-05 0.000102216 0.000515957 -2.65706e-05 5.53848e-05 -2.65706e-05 0.000176103)
(0.000294645 -2.89073e-05 0.000129673 -2.89073e-05 0.00046321 -7.99233e-05 0.000129673 -7.99233e-05 0.000241677)
(0.000251211 -9.4939e-06 0.000104285 -9.4939e-06 0.000400482 -4.57829e-05 0.000104285 -4.57829e-05 0.000227896)
(0.000309364 -2.04071e-05 0.000173784 -2.04071e-05 0.000383448 -8.67788e-05 0.000173784 -8.67788e-05 0.000307264)
(0.00043569 7.14045e-06 0.000210773 7.14045e-06 0.0004451 -6.80713e-05 0.000210773 -6.80713e-05 0.000514623)
(0.000455593 2.63099e-05 0.000178214 2.63099e-05 0.000512291 -1.52243e-05 0.000178214 -1.52243e-05 0.00043418)
(0.000393104 7.73817e-05 8.57776e-05 7.73817e-05 0.000417494 -7.27987e-05 8.57776e-05 -7.27987e-05 0.000420124)
(0.000451899 7.94893e-05 6.3627e-05 7.94893e-05 0.000371596 -5.0745e-05 6.3627e-05 -5.0745e-05 0.000500625)
(0.000686492 0.000102775 0.000268649 0.000102775 0.000427914 5.71171e-05 0.000268649 5.71171e-05 0.000745293)
(0.000911823 0.000156993 0.000480331 0.000156993 0.000485242 0.000256123 0.000480331 0.000256123 0.000802631)
(0.000628001 -5.17797e-05 0.000307767 -5.17797e-05 0.000463325 0.000104787 0.000307767 0.000104787 0.000279797)
(0.000440146 -6.27581e-05 0.000190167 -6.27581e-05 0.000568661 1.15847e-05 0.000190167 1.15847e-05 0.000143135)
(0.000421969 0.00015665 0.000249192 0.00015665 0.000523589 9.03988e-05 0.000249192 9.03988e-05 0.000196979)
