/*--------------------------------*- C++ -*----------------------------------*\
  =========                 |
  \\      /  F ield         | OpenFOAM: The Open Source CFD Toolbox
   \\    /   O peration     | Website:  https://openfoam.org
    \\  /    A nd           | Version:  10
     \\/     M anipulation  |
\*---------------------------------------------------------------------------*/
FoamFile
{
    format      ascii;
    class       volTensorField;
    location    "15";
    object      TauNN;
}
// * * * * * * * * * * * * * * * * * * * * * * * * * * * * * * * * * * * * * //

dimensions      [0 2 -2 0 0 0 0];

internalField   nonuniform List<tensor> 
25600
(
(0.00148866 -0.0129776 -0.0151326 -0.0129776 0.000158426 -0.00815073 -0.0151326 -0.00815073 0.000115815)
(0.0014934 -0.0129802 -0.0151333 -0.0129802 0.000159247 -0.00815232 -0.0151333 -0.00815232 0.000115322)
(0.00148892 -0.0129824 -0.0151353 -0.0129824 0.000160446 -0.00815379 -0.0151353 -0.00815379 0.000114239)
(0.00146987 -0.0129765 -0.0151417 -0.0129765 0.000160164 -0.00815009 -0.0151417 -0.00815009 0.000117208)
(0.00148784 -0.0129797 -0.0151353 -0.0129797 0.000159703 -0.00815211 -0.0151353 -0.00815211 0.000115286)
(0.001471 -0.0129802 -0.0151368 -0.0129802 0.00016067 -0.00815267 -0.0151368 -0.00815267 0.000113655)
(0.00146714 -0.0129747 -0.0151373 -0.0129747 0.000159023 -0.00814919 -0.0151373 -0.00814919 0.000116167)
(0.00147823 -0.012978 -0.0151366 -0.012978 0.000159521 -0.00815105 -0.0151366 -0.00815105 0.00011615)
(0.00147607 -0.0129779 -0.0151382 -0.0129779 0.000159898 -0.00815102 -0.0151382 -0.00815102 0.000116084)
(0.00147172 -0.0129775 -0.0151368 -0.0129775 0.00015972 -0.00815086 -0.0151368 -0.00815086 0.000115305)
(0.00148882 -0.0129802 -0.0151325 -0.0129802 0.000159471 -0.00815258 -0.0151325 -0.00815258 0.000113824)
(0.00149038 -0.0129791 -0.0151344 -0.0129791 0.000159002 -0.00815153 -0.0151344 -0.00815153 0.000116542)
(0.00146246 -0.0129829 -0.0151383 -0.0129829 0.000161503 -0.0081542 -0.0151383 -0.0081542 0.000114256)
(0.00147531 -0.0129815 -0.0151389 -0.0129815 0.000161091 -0.00815327 -0.0151389 -0.00815327 0.000114888)
(0.00141881 -0.0129732 -0.0151549 -0.0129732 0.00016316 -0.00814872 -0.0151549 -0.00814872 0.000116989)
(0.00145467 -0.0129761 -0.0151387 -0.0129761 0.000159873 -0.00815009 -0.0151387 -0.00815009 0.000116074)
(0.00148302 -0.0129818 -0.015134 -0.0129818 0.000160229 -0.00815352 -0.015134 -0.00815352 0.000113696)
(0.0014841 -0.0129801 -0.0151349 -0.0129801 0.00016005 -0.00815256 -0.0151349 -0.00815256 0.000113909)
(0.00145455 -0.0129807 -0.0151394 -0.0129807 0.000161549 -0.00815305 -0.0151394 -0.00815305 0.000113715)
(0.00148187 -0.0129794 -0.0151348 -0.0129794 0.00015967 -0.00815199 -0.0151348 -0.00815199 0.000114797)
(0.00148376 -0.012979 -0.0151347 -0.012979 0.000159489 -0.00815171 -0.0151347 -0.00815171 0.000115)
(0.00146746 -0.0129783 -0.0151389 -0.0129783 0.000160417 -0.00815138 -0.0151389 -0.00815138 0.000115335)
(0.00147153 -0.0129785 -0.0151392 -0.0129785 0.000160348 -0.0081514 -0.0151392 -0.0081514 0.000115977)
(0.00147304 -0.0129763 -0.0151383 -0.0129763 0.00015951 -0.00815007 -0.0151383 -0.00815007 0.000116396)
(0.00145683 -0.0129755 -0.0151422 -0.0129755 0.000160331 -0.00814965 -0.0151422 -0.00814965 0.000116782)
(0.001481 -0.0129784 -0.0151361 -0.0129784 0.0001595 -0.00815129 -0.0151361 -0.00815129 0.000115929)
(0.00148234 -0.0129762 -0.0151351 -0.0129762 0.000158695 -0.00814994 -0.0151351 -0.00814994 0.000116094)
(0.00148127 -0.0129782 -0.0151354 -0.0129782 0.000159326 -0.00815114 -0.0151354 -0.00815114 0.000115676)
(0.00148277 -0.0129794 -0.0151351 -0.0129794 0.000159663 -0.00815194 -0.0151351 -0.00815194 0.000115094)
(0.00148842 -0.012977 -0.015134 -0.012977 0.000158509 -0.00815035 -0.015134 -0.00815035 0.000116367)
(0.00148201 -0.0129779 -0.0151356 -0.0129779 0.000159262 -0.00815093 -0.0151356 -0.00815093 0.00011591)
(0.00148908 -0.0129781 -0.0151332 -0.0129781 0.000158758 -0.00815107 -0.0151332 -0.00815107 0.000115488)
(0.00149874 -0.0129771 -0.0151312 -0.0129771 0.000157616 -0.0081503 -0.0151312 -0.0081503 0.000116883)
(0.00149076 -0.0129798 -0.0151345 -0.0129798 0.000159393 -0.00815208 -0.0151345 -0.00815208 0.00011563)
(0.00148919 -0.0129786 -0.0151338 -0.0129786 0.000159091 -0.00815145 -0.0151338 -0.00815145 0.000115183)
(0.00148424 -0.0129765 -0.015135 -0.0129765 0.000158669 -0.00815009 -0.015135 -0.00815009 0.000116305)
(0.00148382 -0.0129788 -0.0151352 -0.0129788 0.000159481 -0.00815157 -0.0151352 -0.00815157 0.000115459)
(0.00148849 -0.0129763 -0.0151333 -0.0129763 0.000158116 -0.00814991 -0.0151333 -0.00814991 0.000116527)
(0.00148393 -0.0129754 -0.0151359 -0.0129754 0.00015826 -0.00814921 -0.0151359 -0.00814921 0.00011764)
(0.00146577 -0.0129783 -0.0151388 -0.0129783 0.0001604 -0.00815133 -0.0151388 -0.00815133 0.000115345)
(4.6914e-05 -0.0127972 -0.015426 -0.0127972 3.43713e-05 -0.00811285 -0.015426 -0.00811285 8.64167e-05)
(3.94401e-05 -0.0127991 -0.0154337 -0.0127991 3.38338e-05 -0.00811555 -0.0154337 -0.00811555 6.80474e-05)
(-0.000112393 -0.0128322 -0.0154595 -0.0128322 9.36735e-05 -0.00810855 -0.0154595 -0.00810855 7.70943e-05)
(0.000274044 -0.0128409 -0.0154349 -0.0128409 0.00012192 -0.00814405 -0.0154349 -0.00814405 2.86425e-05)
(7.16645e-05 -0.0128029 -0.0154278 -0.0128029 2.79978e-05 -0.00812431 -0.0154278 -0.00812431 5.8922e-05)
(-8.24159e-05 -0.012821 -0.0154613 -0.012821 8.24789e-05 -0.00810193 -0.0154613 -0.00810193 8.27198e-05)
(6.62261e-05 -0.012797 -0.0154209 -0.012797 2.70304e-05 -0.00813247 -0.0154209 -0.00813247 6.34231e-05)
(4.509e-05 -0.0127971 -0.0154303 -0.0127971 2.45369e-05 -0.00812036 -0.0154303 -0.00812036 5.65839e-05)
(8.84817e-05 -0.0128088 -0.0154236 -0.0128088 5.59826e-05 -0.00814073 -0.0154236 -0.00814073 4.70085e-05)
(0.000121867 -0.0128282 -0.0154146 -0.0128282 0.000102357 -0.00815223 -0.0154146 -0.00815223 5.45729e-05)
(-0.000137371 -0.0128232 -0.0154601 -0.0128232 9.76854e-05 -0.00809974 -0.0154601 -0.00809974 8.49418e-05)
(0.0001038 -0.0128114 -0.0154241 -0.0128114 7.3167e-05 -0.00814323 -0.0154241 -0.00814323 3.79142e-05)
(2.95832e-05 -0.0128039 -0.0154419 -0.0128039 4.06635e-05 -0.00811315 -0.0154419 -0.00811315 6.35446e-05)
(0.000144157 -0.0128161 -0.0154258 -0.0128161 0.000103793 -0.00814216 -0.0154258 -0.00814216 3.59525e-05)
(0.000178992 -0.0128272 -0.0154269 -0.0128272 0.000117804 -0.00814649 -0.0154269 -0.00814649 3.41167e-05)
(-9.51158e-05 -0.0128243 -0.0154496 -0.0128243 0.000107348 -0.00810914 -0.0154496 -0.00810914 7.90652e-05)
(-9.96659e-05 -0.0128356 -0.0154322 -0.0128356 0.000113198 -0.00810991 -0.0154322 -0.00810991 8.40455e-05)
(-0.000104856 -0.0128167 -0.0154583 -0.0128167 7.93427e-05 -0.00810486 -0.0154583 -0.00810486 7.76817e-05)
(7.05621e-05 -0.0128073 -0.0154332 -0.0128073 3.77943e-05 -0.00811465 -0.0154332 -0.00811465 7.17944e-05)
(-5.57004e-05 -0.0128476 -0.0154241 -0.0128476 0.000104287 -0.00810821 -0.0154241 -0.00810821 9.18544e-05)
(-0.000139545 -0.0128345 -0.0154507 -0.0128345 0.000101661 -0.00810331 -0.0154507 -0.00810331 8.68309e-05)
(5.62016e-05 -0.0127991 -0.0154292 -0.0127991 2.42724e-05 -0.00812184 -0.0154292 -0.00812184 6.24946e-05)
(8.68577e-05 -0.0128102 -0.0154254 -0.0128102 5.6461e-05 -0.00813756 -0.0154254 -0.00813756 3.79658e-05)
(0.000152441 -0.0128204 -0.0154177 -0.0128204 0.000111459 -0.00814968 -0.0154177 -0.00814968 4.6312e-05)
(0.000519358 -0.0128595 -0.0154368 -0.0128595 0.000119298 -0.0081432 -0.0154368 -0.0081432 2.89597e-05)
(9.48594e-05 -0.0128143 -0.0154229 -0.0128143 5.53476e-05 -0.00813888 -0.0154229 -0.00813888 4.4475e-05)
(-1.52682e-06 -0.0128103 -0.0154513 -0.0128103 6.03174e-05 -0.00810391 -0.0154513 -0.00810391 8.58963e-05)
(-1.25499e-05 -0.012814 -0.0154557 -0.012814 7.00682e-05 -0.00810607 -0.0154557 -0.00810607 8.00989e-05)
(4.48669e-05 -0.0127997 -0.0154336 -0.0127997 2.92313e-05 -0.00811708 -0.0154336 -0.00811708 6.50763e-05)
(-6.5499e-05 -0.0128157 -0.0154558 -0.0128157 7.40304e-05 -0.00810799 -0.0154558 -0.00810799 7.78675e-05)
(-3.76027e-05 -0.0128126 -0.0154545 -0.0128126 7.05461e-05 -0.00810549 -0.0154545 -0.00810549 8.22551e-05)
(-0.00011066 -0.0128261 -0.0154561 -0.0128261 9.84358e-05 -0.00810454 -0.0154561 -0.00810454 8.39614e-05)
(-2.74303e-05 -0.0128109 -0.015451 -0.0128109 6.38155e-05 -0.00811214 -0.015451 -0.00811214 7.15765e-05)
(7.99711e-06 -0.0128004 -0.0154415 -0.0128004 3.77268e-05 -0.00811771 -0.0154415 -0.00811771 6.19581e-05)
(-8.72026e-07 -0.0127998 -0.0154387 -0.0127998 3.8206e-05 -0.00811396 -0.0154387 -0.00811396 7.21548e-05)
(4.59192e-05 -0.0127985 -0.0154314 -0.0127985 2.74662e-05 -0.00811714 -0.0154314 -0.00811714 6.95935e-05)
(-8.67557e-05 -0.0128235 -0.0154592 -0.0128235 8.98498e-05 -0.00810825 -0.0154592 -0.00810825 7.78e-05)
(4.58409e-05 -0.0127929 -0.0154266 -0.0127929 2.13679e-05 -0.00812532 -0.0154266 -0.00812532 5.93487e-05)
(0.000147608 -0.0128209 -0.0154204 -0.0128209 0.00010478 -0.00814678 -0.0154204 -0.00814678 4.29679e-05)
(8.0112e-05 -0.0128032 -0.0154243 -0.0128032 3.07368e-05 -0.0081209 -0.0154243 -0.0081209 8.37975e-05)
(9.60321e-05 -0.0128024 -0.0154135 -0.0128024 3.84401e-05 -0.00814234 -0.0154135 -0.00814234 0.000106881)
(8.12818e-05 -0.0128046 -0.0154201 -0.0128046 4.23614e-05 -0.00814185 -0.0154201 -0.00814185 5.6585e-05)
(-5.66838e-05 -0.0128154 -0.0154575 -0.0128154 6.48411e-05 -0.00810767 -0.0154575 -0.00810767 7.37192e-05)
(0.00024549 -0.0128352 -0.0154316 -0.0128352 0.000122228 -0.00814478 -0.0154316 -0.00814478 2.93476e-05)
(0.000126922 -0.0128371 -0.0154214 -0.0128371 0.000107358 -0.00814598 -0.0154214 -0.00814598 4.42604e-05)
(-6.51971e-05 -0.0128143 -0.0154562 -0.0128143 7.34835e-05 -0.00810609 -0.0154562 -0.00810609 7.85454e-05)
(-2.87424e-06 -0.0127999 -0.0154369 -0.0127999 4.03373e-05 -0.00811432 -0.0154369 -0.00811432 6.85434e-05)
(-0.000147006 -0.0128204 -0.0154548 -0.0128204 9.54324e-05 -0.00810927 -0.0154548 -0.00810927 7.64817e-05)
(1.2484e-05 -0.0127967 -0.0154351 -0.0127967 3.00899e-05 -0.00811592 -0.0154351 -0.00811592 6.73008e-05)
(0.000108933 -0.0128175 -0.0154144 -0.0128175 7.20447e-05 -0.00815264 -0.0154144 -0.00815264 7.24807e-05)
(0.000147758 -0.0128263 -0.0154022 -0.0128263 0.000117066 -0.00815121 -0.0154022 -0.00815121 8.30112e-05)
(0.000305202 -0.0128441 -0.0154308 -0.0128441 0.000127798 -0.00814584 -0.0154308 -0.00814584 2.79708e-05)
(3.15099e-05 -0.0127947 -0.0154282 -0.0127947 2.67204e-05 -0.00811596 -0.0154282 -0.00811596 7.36195e-05)
(0.000235221 -0.0128315 -0.0154288 -0.0128315 0.000120306 -0.00814436 -0.0154288 -0.00814436 3.10134e-05)
(0.000139914 -0.0128423 -0.0154116 -0.0128423 0.000111489 -0.00812571 -0.0154116 -0.00812571 8.92314e-05)
(0.000444918 -0.0128547 -0.0153267 -0.0128547 0.000109326 -0.00813007 -0.0153267 -0.00813007 0.000106599)
(-0.000174083 -0.0128204 -0.0154546 -0.0128204 0.0001001 -0.00810653 -0.0154546 -0.00810653 7.97869e-05)
(-0.000181803 -0.0128303 -0.0154493 -0.0128303 0.000107382 -0.00810517 -0.0154493 -0.00810517 8.33057e-05)
(8.48382e-05 -0.0128081 -0.0154192 -0.0128081 3.69345e-05 -0.00813479 -0.0154192 -0.00813479 6.26183e-05)
(-5.42815e-05 -0.0128314 -0.0154626 -0.0128314 9.48059e-05 -0.00810135 -0.0154626 -0.00810135 8.44461e-05)
(9.88115e-05 -0.01285 -0.0153809 -0.01285 0.000100868 -0.00811242 -0.0153809 -0.00811242 9.81144e-05)
(-0.000165444 -0.0128359 -0.0154481 -0.0128359 0.000104132 -0.00810574 -0.0154481 -0.00810574 8.46271e-05)
(-4.32286e-06 -0.012807 -0.0154495 -0.012807 4.84909e-05 -0.00811439 -0.0154495 -0.00811439 6.35057e-05)
(6.27557e-05 -0.0127916 -0.0154227 -0.0127916 2.96417e-05 -0.00813687 -0.0154227 -0.00813687 8.94627e-05)
(0.000150378 -0.0128286 -0.0154153 -0.0128286 0.000118368 -0.00815098 -0.0154153 -0.00815098 4.71952e-05)
(9.17571e-05 -0.0128118 -0.0154222 -0.0128118 4.3174e-05 -0.00813765 -0.0154222 -0.00813765 4.66944e-05)
(1.64074e-05 -0.0128386 -0.0154293 -0.0128386 9.89475e-05 -0.00810422 -0.0154293 -0.00810422 8.94779e-05)
(3.31707e-05 -0.0128472 -0.0154084 -0.0128472 0.000105603 -0.00811546 -0.0154084 -0.00811546 9.30814e-05)
(6.28194e-05 -0.0127973 -0.015425 -0.0127973 2.50925e-05 -0.0081308 -0.015425 -0.0081308 5.17199e-05)
(-7.00642e-06 -0.0128393 -0.0154136 -0.0128393 0.000111423 -0.00811379 -0.0154136 -0.00811379 8.96547e-05)
(-6.5608e-05 -0.0128321 -0.0154322 -0.0128321 0.000109056 -0.00810743 -0.0154322 -0.00810743 8.70821e-05)
(-0.000123301 -0.0128194 -0.0154571 -0.0128194 9.14567e-05 -0.00810543 -0.0154571 -0.00810543 8.1705e-05)
(5.48773e-05 -0.0127938 -0.0154245 -0.0127938 2.30195e-05 -0.00812959 -0.0154245 -0.00812959 5.4367e-05)
(2.97742e-05 -0.0127923 -0.0154322 -0.0127923 2.22978e-05 -0.00812494 -0.0154322 -0.00812494 4.97165e-05)
(3.46984e-05 -0.0127906 -0.0154253 -0.0127906 2.18126e-05 -0.00812409 -0.0154253 -0.00812409 6.19789e-05)
(1.14404e-06 -0.0128033 -0.0154426 -0.0128033 5.03033e-05 -0.00810788 -0.0154426 -0.00810788 8.08665e-05)
(-0.00011719 -0.0128287 -0.0154553 -0.0128287 9.87682e-05 -0.00811213 -0.0154553 -0.00811213 7.61415e-05)
(3.13111e-05 -0.0127924 -0.0154294 -0.0127924 2.19915e-05 -0.00812163 -0.0154294 -0.00812163 6.52068e-05)
(6.89901e-05 -0.0127972 -0.0154248 -0.0127972 3.34458e-05 -0.00813638 -0.0154248 -0.00813638 5.2278e-05)
(-8.162e-06 -0.0128051 -0.0154467 -0.0128051 6.08778e-05 -0.00810357 -0.0154467 -0.00810357 9.15638e-05)
(0.00011744 -0.0128076 -0.0154093 -0.0128076 6.42194e-05 -0.00815236 -0.0154093 -0.00815236 0.000110874)
(0.000104243 -0.012818 -0.0154162 -0.012818 7.94347e-05 -0.00815305 -0.0154162 -0.00815305 6.22891e-05)
(1.41784e-06 -0.0127966 -0.0154382 -0.0127966 2.87355e-05 -0.00811471 -0.0154382 -0.00811471 7.42342e-05)
(6.24408e-05 -0.0127916 -0.0154283 -0.0127916 3.13062e-05 -0.00813564 -0.0154283 -0.00813564 4.77186e-05)
(0.000104282 -0.0128227 -0.0154172 -0.0128227 6.78618e-05 -0.0081447 -0.0154172 -0.0081447 5.92218e-05)
(5.71776e-05 -0.0127954 -0.0154246 -0.0127954 2.30717e-05 -0.00812936 -0.0154246 -0.00812936 5.38207e-05)
(-0.000131602 -0.0128309 -0.0154528 -0.0128309 0.000102427 -0.0081157 -0.0154528 -0.0081157 7.35544e-05)
(-5.58741e-05 -0.012838 -0.0154219 -0.012838 0.000120449 -0.00811326 -0.0154219 -0.00811326 8.61271e-05)
(3.73521e-05 -0.0127882 -0.0154251 -0.0127882 2.1457e-05 -0.00812915 -0.0154251 -0.00812915 6.37962e-05)
(-0.000163566 -0.0128234 -0.0154606 -0.0128234 9.99558e-05 -0.00809909 -0.0154606 -0.00809909 8.60738e-05)
(0.000333703 -0.0128394 -0.0154059 -0.0128394 0.000133944 -0.00813933 -0.0154059 -0.00813933 6.88896e-05)
(0.000142205 -0.0128297 -0.0154204 -0.0128297 0.000115219 -0.00815059 -0.0154204 -0.00815059 3.86131e-05)
(2.46947e-05 -0.0127922 -0.0154251 -0.0127922 2.72413e-05 -0.00811576 -0.0154251 -0.00811576 8.30544e-05)
(0.000154902 -0.0128198 -0.0154176 -0.0128198 0.000113264 -0.00814906 -0.0154176 -0.00814906 4.65022e-05)
(0.000369901 -0.0128522 -0.0153611 -0.0128522 0.000102206 -0.00813051 -0.0153611 -0.00813051 0.000108903)
(0.000127909 -0.012835 -0.0154165 -0.012835 0.000111748 -0.00812015 -0.0154165 -0.00812015 8.96022e-05)
(-2.71681e-05 -0.0128003 -0.0154371 -0.0128003 4.77121e-05 -0.0081088 -0.0154371 -0.0081088 8.36712e-05)
(-0.00021297 -0.0128287 -0.0154549 -0.0128287 0.000106873 -0.00810273 -0.0154549 -0.00810273 8.37505e-05)
(5.6502e-05 -0.012792 -0.0154208 -0.012792 2.88597e-05 -0.0081361 -0.0154208 -0.0081361 6.27173e-05)
(0.000119202 -0.0128287 -0.0154167 -0.0128287 7.77535e-05 -0.00814016 -0.0154167 -0.00814016 5.4666e-05)
(-0.000122795 -0.0128358 -0.015449 -0.0128358 0.000100999 -0.00810095 -0.015449 -0.00810095 8.8425e-05)
(3.10933e-05 -0.0128486 -0.015384 -0.0128486 0.000107719 -0.00811386 -0.015384 -0.00811386 9.79433e-05)
(-0.000158087 -0.0128306 -0.0154543 -0.0128306 9.95567e-05 -0.0081097 -0.0154543 -0.0081097 7.79801e-05)
(-7.44971e-06 -0.0128031 -0.0154432 -0.0128031 3.91095e-05 -0.00810907 -0.0154432 -0.00810907 0.000100094)
(-9.78926e-05 -0.0128105 -0.0154513 -0.0128105 7.7144e-05 -0.00810555 -0.0154513 -0.00810555 8.59069e-05)
(6.77942e-05 -0.0127915 -0.0154213 -0.0127915 3.16057e-05 -0.00812033 -0.0154213 -0.00812033 7.15998e-05)
(-8.30197e-05 -0.0128184 -0.0154585 -0.0128184 9.44642e-05 -0.00810003 -0.0154585 -0.00810003 8.62987e-05)
(-0.000108813 -0.012844 -0.0154299 -0.012844 0.000112621 -0.00811856 -0.0154299 -0.00811856 8.29043e-05)
(6.59013e-05 -0.0127974 -0.0154259 -0.0127974 3.20925e-05 -0.00813608 -0.0154259 -0.00813608 4.69808e-05)
(-0.000117571 -0.0128209 -0.0154535 -0.0128209 9.95134e-05 -0.00810832 -0.0154535 -0.00810832 8.15016e-05)
(-0.000112564 -0.0128133 -0.0154553 -0.0128133 7.79106e-05 -0.00810106 -0.0154553 -0.00810106 8.94005e-05)
(6.99392e-05 -0.0127963 -0.0154227 -0.0127963 3.6391e-05 -0.00814067 -0.0154227 -0.00814067 6.32533e-05)
(0.000100414 -0.0128056 -0.0154202 -0.0128056 6.97492e-05 -0.00815149 -0.0154202 -0.00815149 6.40684e-05)
(-2.39354e-05 -0.0128053 -0.0154471 -0.0128053 5.19787e-05 -0.0081197 -0.0154471 -0.0081197 6.0955e-05)
(4.75684e-05 -0.0127923 -0.0154254 -0.0127923 2.13914e-05 -0.00812768 -0.0154254 -0.00812768 5.44291e-05)
(3.56165e-05 -0.0127964 -0.0154281 -0.0127964 3.4057e-05 -0.00811248 -0.0154281 -0.00811248 8.30956e-05)
(3.96144e-05 -0.0127957 -0.0154328 -0.0127957 2.2752e-05 -0.00812333 -0.0154328 -0.00812333 5.02902e-05)
(5.76173e-05 -0.0127916 -0.0154263 -0.0127916 2.42159e-05 -0.00813061 -0.0154263 -0.00813061 7.05425e-05)
(6.54958e-06 -0.0127982 -0.0154358 -0.0127982 3.69426e-05 -0.00811723 -0.0154358 -0.00811723 6.9443e-05)
(-9.54088e-05 -0.0128132 -0.0154544 -0.0128132 8.43342e-05 -0.0081057 -0.0154544 -0.0081057 8.52504e-05)
(3.19025e-05 -0.0127923 -0.015425 -0.0127923 2.64115e-05 -0.00812024 -0.015425 -0.00812024 9.28448e-05)
(0.000119139 -0.0128235 -0.0154085 -0.0128235 9.54792e-05 -0.00815384 -0.0154085 -0.00815384 7.51889e-05)
(4.94898e-05 -0.0127881 -0.015424 -0.0127881 2.82579e-05 -0.00813724 -0.015424 -0.00813724 7.00369e-05)
(-0.000120124 -0.0128438 -0.0154224 -0.0128438 0.000115537 -0.00811627 -0.0154224 -0.00811627 8.55351e-05)
(3.84229e-05 -0.0127919 -0.0154232 -0.0127919 3.76278e-05 -0.00811216 -0.0154232 -0.00811216 8.92702e-05)
(0.000136444 -0.012833 -0.0154222 -0.012833 0.000120134 -0.00815072 -0.0154222 -0.00815072 3.76249e-05)
(0.000135919 -0.0128546 -0.0153921 -0.0128546 0.000114498 -0.00812962 -0.0153921 -0.00812962 9.18777e-05)
(0.000141106 -0.0128521 -0.015366 -0.0128521 0.000117216 -0.00812126 -0.015366 -0.00812126 9.76445e-05)
(9.85489e-05 -0.0128029 -0.0154226 -0.0128029 7.81728e-05 -0.00815154 -0.0154226 -0.00815154 5.45733e-05)
(-0.000142281 -0.0128337 -0.0154515 -0.0128337 0.000103085 -0.00809846 -0.0154515 -0.00809846 8.57185e-05)
(-0.000129114 -0.0128166 -0.0154605 -0.0128166 7.90749e-05 -0.00809722 -0.0154605 -0.00809722 9.23783e-05)
(-1.82055e-05 -0.0128082 -0.0154477 -0.0128082 6.78332e-05 -0.00810972 -0.0154477 -0.00810972 7.55282e-05)
(-4.92197e-05 -0.0128012 -0.0154409 -0.0128012 5.20429e-05 -0.00810918 -0.0154409 -0.00810918 8.17959e-05)
(2.92579e-05 -0.012791 -0.0154232 -0.012791 2.53414e-05 -0.00811884 -0.0154232 -0.00811884 8.63627e-05)
(0.00010848 -0.0128314 -0.0154459 -0.0128314 0.000105068 -0.0081227 -0.0154459 -0.0081227 8.3835e-05)
(8.56153e-06 -0.0127998 -0.0154439 -0.0127998 4.96096e-05 -0.008121 -0.0154439 -0.008121 6.85305e-05)
(2.77963e-05 -0.0127919 -0.0154229 -0.0127919 2.71259e-05 -0.0081164 -0.0154229 -0.0081164 8.81037e-05)
(-8.03708e-05 -0.0128086 -0.0154509 -0.0128086 5.77368e-05 -0.00810211 -0.0154509 -0.00810211 9.09544e-05)
(-0.000113669 -0.0128139 -0.0154482 -0.0128139 7.03706e-05 -0.0081118 -0.0154482 -0.0081118 7.78901e-05)
(9.70614e-05 -0.0128158 -0.0154193 -0.0128158 5.91994e-05 -0.00814413 -0.0154193 -0.00814413 5.84348e-05)
(5.88412e-06 -0.0128065 -0.0154472 -0.0128065 5.94498e-05 -0.00810432 -0.0154472 -0.00810432 8.81542e-05)
(-0.000128291 -0.0128371 -0.0154312 -0.0128371 0.000106862 -0.00810434 -0.0154312 -0.00810434 9.01125e-05)
(-0.000196542 -0.0128317 -0.0154504 -0.0128317 0.000105169 -0.0081057 -0.0154504 -0.0081057 8.35774e-05)
(-2.52215e-05 -0.0128057 -0.015446 -0.0128057 4.56234e-05 -0.00810669 -0.015446 -0.00810669 9.16214e-05)
(-3.20669e-05 -0.0128296 -0.0154323 -0.0128296 0.000110156 -0.00810913 -0.0154323 -0.00810913 8.61877e-05)
(1.92207e-05 -0.0127968 -0.0154331 -0.0127968 5.33681e-05 -0.00811059 -0.0154331 -0.00811059 8.56232e-05)
(6.8618e-05 -0.012792 -0.0154112 -0.012792 2.55222e-05 -0.00812795 -0.0154112 -0.00812795 8.32429e-05)
(4.14229e-05 -0.0127875 -0.0154277 -0.0127875 2.35737e-05 -0.00813242 -0.0154277 -0.00813242 4.692e-05)
(2.18757e-05 -0.0127923 -0.0154319 -0.0127923 2.63356e-05 -0.00812398 -0.0154319 -0.00812398 5.45947e-05)
(5.381e-05 -0.0127932 -0.0154209 -0.0127932 2.59925e-05 -0.00812024 -0.0154209 -0.00812024 7.41563e-05)
(4.67309e-05 -0.0127916 -0.0154214 -0.0127916 2.58324e-05 -0.00812716 -0.0154214 -0.00812716 9.77401e-05)
(0.000138399 -0.0128143 -0.0154154 -0.0128143 0.000105185 -0.00815118 -0.0154154 -0.00815118 5.62212e-05)
(8.43735e-05 -0.0128006 -0.0154161 -0.0128006 4.10182e-05 -0.00814421 -0.0154161 -0.00814421 8.66018e-05)
(-7.31615e-05 -0.012815 -0.0154547 -0.012815 7.80903e-05 -0.00811837 -0.0154547 -0.00811837 6.65092e-05)
(3.61542e-05 -0.0127914 -0.0154292 -0.0127914 2.04176e-05 -0.00812551 -0.0154292 -0.00812551 5.24683e-05)
(-1.12333e-05 -0.0128005 -0.0154371 -0.0128005 4.89413e-05 -0.00810639 -0.0154371 -0.00810639 8.98572e-05)
(7.19859e-05 -0.0128018 -0.0154262 -0.0128018 4.02789e-05 -0.00813778 -0.0154262 -0.00813778 4.16309e-05)
(7.62659e-05 -0.0127966 -0.0154242 -0.0127966 3.725e-05 -0.00813986 -0.0154242 -0.00813986 6.31198e-05)
(-8.47809e-05 -0.0128132 -0.0154519 -0.0128132 7.99642e-05 -0.00810907 -0.0154519 -0.00810907 8.0167e-05)
(-0.000117503 -0.0128266 -0.0154468 -0.0128266 0.000106749 -0.00810962 -0.0154468 -0.00810962 8.28102e-05)
(-0.000163312 -0.0128255 -0.0154563 -0.0128255 9.30529e-05 -0.00810854 -0.0154563 -0.00810854 7.9879e-05)
(7.33086e-05 -0.0127961 -0.0154152 -0.0127961 2.72547e-05 -0.00812538 -0.0154152 -0.00812538 0.000100079)
(0.000124475 -0.0128209 -0.0154188 -0.0128209 0.000108079 -0.00815187 -0.0154188 -0.00815187 4.60024e-05)
(0.000230122 -0.012857 -0.0153532 -0.012857 0.000113666 -0.00812776 -0.0153532 -0.00812776 9.94833e-05)
(-0.000136473 -0.0128118 -0.015454 -0.0128118 8.36141e-05 -0.00810332 -0.015454 -0.00810332 8.72258e-05)
(0.000133103 -0.0128355 -0.0154211 -0.0128355 0.000122996 -0.0081516 -0.0154211 -0.0081516 3.9208e-05)
(4.15846e-05 -0.0128087 -0.0154566 -0.0128087 7.4797e-05 -0.00812559 -0.0154566 -0.00812559 6.44587e-05)
(-0.000171881 -0.0128454 -0.0154244 -0.0128454 0.000115761 -0.00811362 -0.0154244 -0.00811362 8.52588e-05)
(2.89621e-05 -0.0127842 -0.0154268 -0.0127842 2.11769e-05 -0.00813014 -0.0154268 -0.00813014 6.09697e-05)
(0.000137748 -0.012827 -0.0154002 -0.012827 9.45784e-05 -0.00815141 -0.0154002 -0.00815141 0.000100288)
(0.000370702 -0.0128615 -0.0153114 -0.0128615 0.000100937 -0.00812642 -0.0153114 -0.00812642 0.000107928)
(-1.19543e-05 -0.0128431 -0.0154071 -0.0128431 0.00011204 -0.00811252 -0.0154071 -0.00811252 9.06553e-05)
(-1.53975e-05 -0.0127903 -0.0154274 -0.0127903 3.27303e-05 -0.00811925 -0.0154274 -0.00811925 6.87514e-05)
(-0.000141548 -0.0128252 -0.0154522 -0.0128252 0.000104919 -0.00810199 -0.0154522 -0.00810199 8.42601e-05)
(3.94809e-05 -0.0128047 -0.0154546 -0.0128047 7.29348e-05 -0.00812531 -0.0154546 -0.00812531 7.04846e-05)
(3.94512e-05 -0.0127949 -0.0154356 -0.0127949 2.93735e-05 -0.00812274 -0.0154356 -0.00812274 6.55211e-05)
(-2.56135e-05 -0.0128031 -0.0154434 -0.0128031 5.28449e-05 -0.00810296 -0.0154434 -0.00810296 9.6782e-05)
(-0.000137217 -0.012816 -0.0154629 -0.012816 7.99399e-05 -0.00809642 -0.0154629 -0.00809642 9.09994e-05)
(-0.000172515 -0.0128276 -0.0154518 -0.0128276 0.000104057 -0.00810842 -0.0154518 -0.00810842 8.1744e-05)
(4.65018e-05 -0.0127862 -0.0154083 -0.0127862 2.97723e-05 -0.00813001 -0.0154083 -0.00813001 8.77167e-05)
(6.01821e-05 -0.0127901 -0.0154132 -0.0127901 2.56993e-05 -0.00812737 -0.0154132 -0.00812737 7.81712e-05)
(-0.000182297 -0.0128214 -0.0154643 -0.0128214 9.59707e-05 -0.0080981 -0.0154643 -0.0080981 8.72886e-05)
(-0.000137774 -0.012819 -0.0154626 -0.012819 7.66472e-05 -0.00809955 -0.0154626 -0.00809955 9.18482e-05)
(-2.53204e-05 -0.0128063 -0.0154465 -0.0128063 4.533e-05 -0.00811346 -0.0154465 -0.00811346 7.17707e-05)
(-0.000124768 -0.0128181 -0.0154552 -0.0128181 9.44042e-05 -0.00810525 -0.0154552 -0.00810525 8.48107e-05)
(4.34186e-05 -0.0127968 -0.0154248 -0.0127968 3.77933e-05 -0.00811091 -0.0154248 -0.00811091 0.000102477)
(7.61963e-05 -0.0128036 -0.0154216 -0.0128036 4.80289e-05 -0.0081452 -0.0154216 -0.0081452 5.59345e-05)
(0.000118249 -0.0128124 -0.0154233 -0.0128124 0.000103507 -0.00815181 -0.0154233 -0.00815181 4.09689e-05)
(-8.02857e-05 -0.0128151 -0.0154523 -0.0128151 7.85662e-05 -0.00812163 -0.0154523 -0.00812163 6.32525e-05)
(7.63912e-05 -0.0127979 -0.0154173 -0.0127979 3.04804e-05 -0.00813568 -0.0154173 -0.00813568 7.24536e-05)
(4.2674e-05 -0.0127899 -0.0154229 -0.0127899 2.44845e-05 -0.00812759 -0.0154229 -0.00812759 9.04906e-05)
(9.41443e-05 -0.0128018 -0.015421 -0.0128018 6.37967e-05 -0.00815102 -0.015421 -0.00815102 6.85508e-05)
(6.054e-05 -0.0127947 -0.0154192 -0.0127947 2.76417e-05 -0.00811826 -0.0154192 -0.00811826 8.91747e-05)
(2.51963e-05 -0.0127941 -0.0154356 -0.0127941 2.69876e-05 -0.00812274 -0.0154356 -0.00812274 5.49123e-05)
(2.63176e-05 -0.0127917 -0.0154318 -0.0127917 2.26e-05 -0.00812387 -0.0154318 -0.00812387 5.55091e-05)
(-4.99349e-05 -0.0128034 -0.0154424 -0.0128034 5.97399e-05 -0.00810259 -0.0154424 -0.00810259 9.39759e-05)
(-5.7716e-05 -0.0128088 -0.0154502 -0.0128088 6.08979e-05 -0.00810676 -0.0154502 -0.00810676 7.73761e-05)
(2.88404e-05 -0.0127936 -0.0154304 -0.0127936 2.41193e-05 -0.00812097 -0.0154304 -0.00812097 6.15398e-05)
(2.92102e-05 -0.0127956 -0.0154283 -0.0127956 4.0141e-05 -0.00811365 -0.0154283 -0.00811365 7.95008e-05)
(-0.000114138 -0.0128294 -0.0154411 -0.0128294 0.00011055 -0.00810916 -0.0154411 -0.00810916 8.4358e-05)
(-0.000133452 -0.012842 -0.0154245 -0.012842 0.000115173 -0.00811538 -0.0154245 -0.00811538 8.71282e-05)
(-0.000173744 -0.0128256 -0.0154555 -0.0128256 0.000103333 -0.00810167 -0.0154555 -0.00810167 8.6055e-05)
(0.000110694 -0.012821 -0.0154173 -0.012821 9.73515e-05 -0.00815305 -0.0154173 -0.00815305 5.30964e-05)
(-4.44825e-06 -0.0128432 -0.0154202 -0.0128432 0.000114274 -0.0081214 -0.0154202 -0.0081214 8.29327e-05)
(-0.000178597 -0.0128175 -0.0154591 -0.0128175 8.93066e-05 -0.00810195 -0.0154591 -0.00810195 8.49644e-05)
(4.64456e-05 -0.0127908 -0.0154227 -0.0127908 2.74134e-05 -0.00813522 -0.0154227 -0.00813522 5.22394e-05)
(0.00010442 -0.0128301 -0.015428 -0.0128301 7.7637e-05 -0.00814098 -0.015428 -0.00814098 3.24116e-05)
(2.36932e-05 -0.0127949 -0.015433 -0.0127949 2.27649e-05 -0.00811862 -0.015433 -0.00811862 6.30511e-05)
(-0.000128023 -0.0128212 -0.0154573 -0.0128212 7.2214e-05 -0.00810847 -0.0154573 -0.00810847 7.4107e-05)
(0.000144948 -0.0128281 -0.0153951 -0.0128281 0.000114263 -0.00815033 -0.0153951 -0.00815033 8.65286e-05)
(-2.70064e-05 -0.0128125 -0.0154559 -0.0128125 7.77415e-05 -0.00810821 -0.0154559 -0.00810821 8.03943e-05)
(-0.000128784 -0.0128417 -0.015423 -0.0128417 0.000113524 -0.0081119 -0.015423 -0.0081119 8.77287e-05)
(5.99438e-05 -0.0127974 -0.0154251 -0.0127974 5.06507e-05 -0.00814818 -0.0154251 -0.00814818 5.39266e-05)
(-8.24388e-05 -0.0128274 -0.0154412 -0.0128274 0.000112354 -0.00810639 -0.0154412 -0.00810639 8.39516e-05)
(6.34613e-05 -0.0127937 -0.0154324 -0.0127937 2.65538e-05 -0.00813361 -0.0154324 -0.00813361 4.71458e-05)
(4.16226e-05 -0.0127957 -0.0154351 -0.0127957 3.12636e-05 -0.00812087 -0.0154351 -0.00812087 6.92653e-05)
(-9.50842e-05 -0.012814 -0.0154588 -0.012814 8.2374e-05 -0.00809924 -0.0154588 -0.00809924 8.94431e-05)
(-4.53625e-05 -0.0128047 -0.0154469 -0.0128047 5.23943e-05 -0.00810147 -0.0154469 -0.00810147 9.73083e-05)
(-9.32937e-05 -0.0128123 -0.0154526 -0.0128123 6.31609e-05 -0.00810769 -0.0154526 -0.00810769 7.89071e-05)
(2.40532e-05 -0.0127877 -0.0154139 -0.0127877 3.06872e-05 -0.00812111 -0.0154139 -0.00812111 0.000102888)
(9.60914e-05 -0.0128156 -0.0154149 -0.0128156 7.85116e-05 -0.00815787 -0.0154149 -0.00815787 7.16528e-05)
(-2.8445e-05 -0.0127986 -0.0154363 -0.0127986 4.17926e-05 -0.00810908 -0.0154363 -0.00810908 9.92495e-05)
(1.06485e-05 -0.0127907 -0.0154323 -0.0127907 3.01837e-05 -0.00812682 -0.0154323 -0.00812682 0.000116508)
(-2.26022e-05 -0.012802 -0.0154445 -0.012802 4.07844e-05 -0.00812012 -0.0154445 -0.00812012 5.97502e-05)
(-2.41938e-05 -0.0128005 -0.0154402 -0.0128005 4.99935e-05 -0.00811079 -0.0154402 -0.00811079 8.27437e-05)
(2.29701e-05 -0.0127985 -0.0154301 -0.0127985 4.06458e-05 -0.00810984 -0.0154301 -0.00810984 0.000106405)
(5.37311e-05 -0.012794 -0.0154315 -0.012794 2.60716e-05 -0.00813287 -0.0154315 -0.00813287 3.9271e-05)
(5.6831e-05 -0.0127941 -0.0154257 -0.0127941 3.22507e-05 -0.0081373 -0.0154257 -0.0081373 4.2437e-05)
(-1.44897e-05 -0.0128015 -0.0154439 -0.0128015 5.11189e-05 -0.00812476 -0.0154439 -0.00812476 5.51736e-05)
(5.67394e-05 -0.0127921 -0.0154189 -0.0127921 2.57416e-05 -0.00813257 -0.0154189 -0.00813257 7.43108e-05)
(4.77887e-05 -0.0127874 -0.0154228 -0.0127874 2.67377e-05 -0.0081351 -0.0154228 -0.0081351 7.53545e-05)
(4.91266e-05 -0.01279 -0.0154238 -0.01279 2.60683e-05 -0.00813439 -0.0154238 -0.00813439 5.79959e-05)
(6.0528e-05 -0.0127957 -0.0154217 -0.0127957 2.88654e-05 -0.00811674 -0.0154217 -0.00811674 8.85045e-05)
(6.44224e-05 -0.0127973 -0.0154246 -0.0127973 3.2143e-05 -0.00813624 -0.0154246 -0.00813624 5.25716e-05)
(1.83249e-05 -0.0127932 -0.0154348 -0.0127932 2.66875e-05 -0.00812232 -0.0154348 -0.00812232 5.80933e-05)
(5.09431e-05 -0.0127947 -0.0154198 -0.0127947 3.1389e-05 -0.00811433 -0.0154198 -0.00811433 9.96923e-05)
(-8.68449e-05 -0.0128104 -0.0154524 -0.0128104 6.77962e-05 -0.00810116 -0.0154524 -0.00810116 8.94774e-05)
(-7.77151e-05 -0.0128149 -0.0154536 -0.0128149 6.67718e-05 -0.00811132 -0.0154536 -0.00811132 7.19749e-05)
(9.91022e-05 -0.0128133 -0.0154176 -0.0128133 5.84124e-05 -0.00814838 -0.0154176 -0.00814838 5.96683e-05)
(-3.21561e-05 -0.0128019 -0.0154401 -0.0128019 5.73958e-05 -0.00810845 -0.0154401 -0.00810845 8.49621e-05)
(-0.000105096 -0.0128196 -0.0154558 -0.0128196 7.98989e-05 -0.00811229 -0.0154558 -0.00811229 7.42626e-05)
(-0.000127492 -0.0128147 -0.015455 -0.0128147 7.21007e-05 -0.0081028 -0.015455 -0.0081028 8.84978e-05)
(-4.47946e-05 -0.0128023 -0.0154415 -0.0128023 5.78412e-05 -0.00810405 -0.0154415 -0.00810405 9.12021e-05)
(-6.97517e-05 -0.0128323 -0.0154436 -0.0128323 0.00010855 -0.00811713 -0.0154436 -0.00811713 7.81981e-05)
(-0.000145569 -0.0128178 -0.0154566 -0.0128178 7.92583e-05 -0.00810504 -0.0154566 -0.00810504 8.18918e-05)
(-1.07132e-05 -0.0127908 -0.0154357 -0.0127908 3.34816e-05 -0.00812691 -0.0154357 -0.00812691 5.41432e-05)
(0.00010524 -0.012821 -0.0154253 -0.012821 5.61254e-05 -0.00813835 -0.0154253 -0.00813835 4.04545e-05)
(8.83029e-05 -0.0128082 -0.0154223 -0.0128082 6.13501e-05 -0.0081484 -0.0154223 -0.0081484 5.96435e-05)
(-0.00013158 -0.0128199 -0.0154596 -0.0128199 7.36857e-05 -0.00810267 -0.0154596 -0.00810267 8.36388e-05)
(-3.38776e-05 -0.0128023 -0.0154389 -0.0128023 6.75973e-05 -0.00810727 -0.0154389 -0.00810727 9.45792e-05)
(0.000111334 -0.0128231 -0.0154143 -0.0128231 9.1344e-05 -0.00815317 -0.0154143 -0.00815317 6.29351e-05)
(-7.84625e-05 -0.0128133 -0.0154524 -0.0128133 6.54941e-05 -0.00811023 -0.0154524 -0.00811023 7.60423e-05)
(5.22976e-05 -0.0127937 -0.0154231 -0.0127937 2.94312e-05 -0.00813704 -0.0154231 -0.00813704 5.80174e-05)
(-0.000159648 -0.0128157 -0.0154537 -0.0128157 9.55321e-05 -0.00810488 -0.0154537 -0.00810488 8.44441e-05)
(7.87475e-05 -0.0128071 -0.0154286 -0.0128071 5.96131e-05 -0.00814458 -0.0154286 -0.00814458 4.17027e-05)
(8.40164e-05 -0.0128042 -0.0154253 -0.0128042 3.67733e-05 -0.00813638 -0.0154253 -0.00813638 5.28849e-05)
(-9.41633e-05 -0.0128154 -0.0154572 -0.0128154 8.16866e-05 -0.00810328 -0.0154572 -0.00810328 8.51311e-05)
(8.32485e-05 -0.0127992 -0.0154231 -0.0127992 6.11303e-05 -0.00815308 -0.0154231 -0.00815308 8.00845e-05)
(5.17064e-05 -0.0127875 -0.0154241 -0.0127875 2.59847e-05 -0.00813449 -0.0154241 -0.00813449 7.59255e-05)
(1.4685e-05 -0.0127932 -0.0154259 -0.0127932 3.3177e-05 -0.00811436 -0.0154259 -0.00811436 0.000101519)
(0.000121714 -0.0128298 -0.015408 -0.0128298 0.000110746 -0.00815334 -0.015408 -0.00815334 6.63228e-05)
(6.52964e-05 -0.0127948 -0.0154193 -0.0127948 3.80656e-05 -0.00814379 -0.0154193 -0.00814379 7.94308e-05)
(5.26727e-05 -0.0127866 -0.0154248 -0.0127866 3.40699e-05 -0.00814301 -0.0154248 -0.00814301 0.000114157)
(3.39147e-05 -0.0127879 -0.0154282 -0.0127879 2.11625e-05 -0.00812815 -0.0154282 -0.00812815 5.70135e-05)
(-4.58174e-05 -0.0128076 -0.0154497 -0.0128076 6.49415e-05 -0.00811538 -0.0154497 -0.00811538 7.41744e-05)
(2.80231e-06 -0.0127958 -0.0154303 -0.0127958 3.99147e-05 -0.00811026 -0.0154303 -0.00811026 9.34345e-05)
(2.66974e-05 -0.0127908 -0.015433 -0.0127908 2.31861e-05 -0.00812587 -0.015433 -0.00812587 5.15741e-05)
(-5.48371e-06 -0.0127978 -0.0154368 -0.0127978 4.06527e-05 -0.00811808 -0.0154368 -0.00811808 6.44891e-05)
(8.49839e-05 -0.0128076 -0.0154227 -0.0128076 6.23102e-05 -0.00814885 -0.0154227 -0.00814885 5.15339e-05)
(6.03168e-05 -0.0127921 -0.0154189 -0.0127921 2.97502e-05 -0.00813702 -0.0154189 -0.00813702 7.68077e-05)
(8.46246e-05 -0.0127972 -0.0154247 -0.0127972 6.48006e-05 -0.00815081 -0.0154247 -0.00815081 5.64962e-05)
(5.15275e-05 -0.012791 -0.015424 -0.012791 2.75831e-05 -0.0081355 -0.015424 -0.0081355 5.55408e-05)
(7.1378e-05 -0.0127949 -0.015414 -0.0127949 2.71511e-05 -0.00813127 -0.015414 -0.00813127 9.1801e-05)
(5.51485e-05 -0.0127927 -0.0154201 -0.0127927 2.82883e-05 -0.00813598 -0.0154201 -0.00813598 6.64607e-05)
(4.29152e-05 -0.0127911 -0.0154287 -0.0127911 2.0938e-05 -0.00812891 -0.0154287 -0.00812891 4.97902e-05)
(4.62394e-05 -0.012797 -0.0154263 -0.012797 3.35279e-05 -0.00811245 -0.0154263 -0.00811245 9.45725e-05)
(8.75105e-05 -0.0128017 -0.0154169 -0.0128017 5.17389e-05 -0.008151 -0.0154169 -0.008151 9.59446e-05)
(-4.1362e-05 -0.0128082 -0.0154483 -0.0128082 4.9727e-05 -0.00810763 -0.0154483 -0.00810763 8.20204e-05)
(7.26356e-05 -0.0127954 -0.0154164 -0.0127954 2.5703e-05 -0.00813012 -0.0154164 -0.00813012 6.73347e-05)
(0.000101498 -0.0128147 -0.0154166 -0.0128147 6.31374e-05 -0.00815092 -0.0154166 -0.00815092 6.28419e-05)
(4.16615e-05 -0.0127915 -0.0154273 -0.0127915 2.11017e-05 -0.0081262 -0.0154273 -0.0081262 5.69388e-05)
(7.33978e-05 -0.012794 -0.0154179 -0.012794 4.52764e-05 -0.00814959 -0.0154179 -0.00814959 9.92569e-05)
(-9.93005e-05 -0.0128068 -0.0154486 -0.0128068 8.10315e-05 -0.00810252 -0.0154486 -0.00810252 8.78148e-05)
(-0.000108852 -0.0128176 -0.0154556 -0.0128176 9.07179e-05 -0.00811204 -0.0154556 -0.00811204 7.24189e-05)
(-0.000207978 -0.0128312 -0.0154534 -0.0128312 0.000104016 -0.00811087 -0.0154534 -0.00811087 7.58344e-05)
(-3.45546e-05 -0.0128002 -0.0154444 -0.0128002 4.54884e-05 -0.00812584 -0.0154444 -0.00812584 5.44986e-05)
(7.99032e-05 -0.0127967 -0.0154291 -0.0127967 2.91822e-05 -0.00812366 -0.0154291 -0.00812366 6.36616e-05)
(9.58758e-05 -0.0128128 -0.0154204 -0.0128128 7.9598e-05 -0.00815345 -0.0154204 -0.00815345 6.00987e-05)
(-5.37421e-05 -0.0128082 -0.0154491 -0.0128082 5.21863e-05 -0.00810392 -0.0154491 -0.00810392 9.10506e-05)
(-3.01756e-05 -0.0128049 -0.0154491 -0.0128049 6.6277e-05 -0.00811235 -0.0154491 -0.00811235 8.01721e-05)
(7.72941e-05 -0.0128068 -0.0154199 -0.0128068 5.13798e-05 -0.00814709 -0.0154199 -0.00814709 5.98164e-05)
(3.32143e-05 -0.0127871 -0.0154208 -0.0127871 2.41474e-05 -0.00812901 -0.0154208 -0.00812901 6.86063e-05)
(2.11934e-05 -0.012793 -0.0154277 -0.012793 2.72172e-05 -0.00811636 -0.0154277 -0.00811636 7.44062e-05)
(2.61096e-05 -0.0127883 -0.0154167 -0.0127883 2.80832e-05 -0.00812212 -0.0154167 -0.00812212 9.7512e-05)
(4.86863e-05 -0.0127901 -0.015421 -0.0127901 2.80087e-05 -0.00813556 -0.015421 -0.00813556 5.94461e-05)
(0.000126592 -0.0128374 -0.0154181 -0.0128374 0.000111591 -0.00815048 -0.0154181 -0.00815048 4.95442e-05)
(-4.50026e-05 -0.0128066 -0.0154491 -0.0128066 6.24454e-05 -0.00810264 -0.0154491 -0.00810264 9.03135e-05)
(2.86137e-05 -0.0127858 -0.015428 -0.0127858 2.12318e-05 -0.00812782 -0.015428 -0.00812782 7.2492e-05)
(7.9298e-05 -0.0127973 -0.0154225 -0.0127973 5.44676e-05 -0.00814962 -0.0154225 -0.00814962 6.62336e-05)
(-1.4311e-05 -0.0127947 -0.0154303 -0.0127947 3.90144e-05 -0.00811206 -0.0154303 -0.00811206 9.22701e-05)
(8.13578e-05 -0.0127982 -0.0154135 -0.0127982 2.92699e-05 -0.00813341 -0.0154135 -0.00813341 8.81943e-05)
(7.97424e-05 -0.0128021 -0.0154199 -0.0128021 4.9381e-05 -0.00814726 -0.0154199 -0.00814726 7.07508e-05)
(4.72718e-05 -0.0127868 -0.0154259 -0.0127868 2.77474e-05 -0.00813568 -0.0154259 -0.00813568 0.000100563)
(4.57701e-05 -0.0127893 -0.0154213 -0.0127893 2.44776e-05 -0.00813188 -0.0154213 -0.00813188 6.57391e-05)
(4.88552e-07 -0.0127962 -0.0154405 -0.0127962 4.26659e-05 -0.00812215 -0.0154405 -0.00812215 6.378e-05)
(1.87265e-05 -0.0127907 -0.0154262 -0.0127907 2.68621e-05 -0.00811875 -0.0154262 -0.00811875 7.62326e-05)
(2.05766e-05 -0.0127923 -0.0154312 -0.0127923 2.91358e-05 -0.00812123 -0.0154312 -0.00812123 6.46526e-05)
(-9.12391e-05 -0.0128211 -0.0154559 -0.0128211 7.95354e-05 -0.00811761 -0.0154559 -0.00811761 6.64882e-05)
(8.81783e-05 -0.0128036 -0.0154163 -0.0128036 6.01406e-05 -0.00815199 -0.0154163 -0.00815199 8.76062e-05)
(7.76488e-05 -0.0127981 -0.0154202 -0.0127981 4.18375e-05 -0.00814412 -0.0154202 -0.00814412 6.70572e-05)
(0.000115118 -0.0128047 -0.0154222 -0.0128047 8.98895e-05 -0.00815248 -0.0154222 -0.00815248 5.05895e-05)
(8.59267e-05 -0.0128048 -0.0154203 -0.0128048 6.59489e-05 -0.0081516 -0.0154203 -0.0081516 6.49398e-05)
(7.22785e-05 -0.0127935 -0.0154112 -0.0127935 2.96665e-05 -0.00813487 -0.0154112 -0.00813487 9.40111e-05)
(5.37564e-05 -0.0127907 -0.0154159 -0.0127907 2.76616e-05 -0.00813459 -0.0154159 -0.00813459 8.52391e-05)
(5.90634e-05 -0.012796 -0.0154232 -0.012796 2.85304e-05 -0.00813481 -0.0154232 -0.00813481 5.33754e-05)
(2.90958e-05 -0.012793 -0.0154267 -0.012793 2.89352e-05 -0.00811543 -0.0154267 -0.00811543 8.55218e-05)
(0.000125104 -0.0128091 -0.015405 -0.0128091 9.58501e-05 -0.00815222 -0.015405 -0.00815222 9.21203e-05)
(3.72864e-05 -0.0127906 -0.0154217 -0.0127906 2.56195e-05 -0.00812415 -0.0154217 -0.00812415 9.33444e-05)
(-5.66429e-05 -0.0128087 -0.0154475 -0.0128087 6.80439e-05 -0.00811015 -0.0154475 -0.00811015 7.97665e-05)
(9.86228e-05 -0.0128207 -0.0154195 -0.0128207 8.28882e-05 -0.00815268 -0.0154195 -0.00815268 5.14047e-05)
(8.42711e-05 -0.012803 -0.0154246 -0.012803 5.8679e-05 -0.00814678 -0.0154246 -0.00814678 4.89083e-05)
(5.11499e-05 -0.0127903 -0.0154167 -0.0127903 3.12385e-05 -0.00813633 -0.0154167 -0.00813633 0.000108388)
(6.6384e-05 -0.01279 -0.0154084 -0.01279 2.90747e-05 -0.00811828 -0.0154084 -0.00811828 9.38786e-05)
(8.72866e-05 -0.0128041 -0.0154154 -0.0128041 3.75961e-05 -0.00814046 -0.0154154 -0.00814046 7.26461e-05)
(-6.40964e-05 -0.012805 -0.015445 -0.012805 4.78815e-05 -0.00811494 -0.015445 -0.00811494 6.76583e-05)
(-6.93642e-05 -0.0128143 -0.0154534 -0.0128143 6.47929e-05 -0.00812382 -0.0154534 -0.00812382 5.73217e-05)
(2.582e-05 -0.0127929 -0.0154305 -0.0127929 3.73302e-05 -0.00812388 -0.0154305 -0.00812388 6.84125e-05)
(7.89481e-05 -0.0128016 -0.0154221 -0.0128016 5.88563e-05 -0.00815189 -0.0154221 -0.00815189 6.5731e-05)
(2.98567e-06 -0.0127952 -0.0154326 -0.0127952 3.09383e-05 -0.00811183 -0.0154326 -0.00811183 8.823e-05)
(3.60449e-05 -0.0127892 -0.0154283 -0.0127892 2.0834e-05 -0.00812745 -0.0154283 -0.00812745 5.70726e-05)
(4.48958e-05 -0.012792 -0.015425 -0.012792 2.53621e-05 -0.00812245 -0.015425 -0.00812245 6.76417e-05)
(2.77336e-05 -0.0127879 -0.0154244 -0.0127879 2.24313e-05 -0.00812714 -0.0154244 -0.00812714 5.55067e-05)
(8.0416e-06 -0.0127919 -0.0154272 -0.0127919 2.90911e-05 -0.00811528 -0.0154272 -0.00811528 8.24069e-05)
