/*--------------------------------*- C++ -*----------------------------------*\
  =========                 |
  \\      /  F ield         | OpenFOAM: The Open Source CFD Toolbox
   \\    /   O peration     | Website:  https://openfoam.org
    \\  /    A nd           | Version:  10
     \\/     M anipulation  |
\*---------------------------------------------------------------------------*/
FoamFile
{
    format      ascii;
    class       volTensorField;
    location    "15";
    object      TauNN;
}
// * * * * * * * * * * * * * * * * * * * * * * * * * * * * * * * * * * * * * //

dimensions      [0 2 -2 0 0 0 0];

internalField   nonuniform List<tensor> 
25600
(
(0.000428934 -0.00278227 0.00478291 -0.00278227 0.00847419 -0.00277043 0.00478291 -0.00277043 0.0068721)
(-2.82333e-05 -0.00250617 0.00476629 -0.00250617 0.00861158 -0.00199735 0.00476629 -0.00199735 0.00737835)
(-0.00100174 -0.00320542 0.00549591 -0.00320542 0.00935748 -0.00183169 0.00549591 -0.00183169 0.00862879)
(-0.00105048 -0.00307687 0.00542813 -0.00307687 0.00912753 -0.00183763 0.00542813 -0.00183763 0.00851334)
(0.00256169 -0.00215348 0.00370979 -0.00215348 0.00722486 -0.002788 0.00370979 -0.002788 0.00546867)
(0.000422307 -0.000919214 0.00453337 -0.000919214 0.00815736 -0.00126199 0.00453337 -0.00126199 0.00662503)
(-0.00194532 -0.00252124 0.00551434 -0.00252124 0.00981628 -0.00160126 0.00551434 -0.00160126 0.00824157)
(-3.03991e-05 -0.00303961 0.00531639 -0.00303961 0.00928016 -0.00217705 0.00531639 -0.00217705 0.00844307)
(0.00018962 -0.00253485 0.00497062 -0.00253485 0.00875738 -0.00255886 0.00497062 -0.00255886 0.00718646)
(3.67161e-05 -0.00259747 0.00499511 -0.00259747 0.00864823 -0.00254702 0.00499511 -0.00254702 0.00719485)
(0.00159621 -0.00231903 0.00419761 -0.00231903 0.00772007 -0.00275545 0.00419761 -0.00275545 0.00599946)
(0.0069692 -0.00207954 0.00213945 -0.00207954 0.00598184 -0.00289947 0.00213945 -0.00289947 0.00529131)
(0.0155094 -0.00182369 -0.00125704 -0.00182369 0.00463583 -0.00325441 -0.00125704 -0.00325441 0.00536695)
(0.00709727 -0.0015606 0.000527358 -0.0015606 0.00605384 -0.00329447 0.000527358 -0.00329447 0.00502419)
(-0.00141448 -0.00315996 0.00561046 -0.00315996 0.00944959 -0.00169669 0.00561046 -0.00169669 0.00861537)
(0.00334744 -0.0030442 0.00322291 -0.0030442 0.00702093 -0.00316566 0.00322291 -0.00316566 0.00537431)
(-0.00128104 -0.00198441 0.00486875 -0.00198441 0.00879734 -0.00198716 0.00486875 -0.00198716 0.00591694)
(-0.00133202 -0.00267859 0.00517517 -0.00267859 0.00913428 -0.00182203 0.00517517 -0.00182203 0.00826871)
(0.0001034 -0.00281431 0.00519949 -0.00281431 0.0092087 -0.00224187 0.00519949 -0.00224187 0.00825618)
(0.000416578 -0.00276994 0.00521004 -0.00276994 0.00907266 -0.00236948 0.00521004 -0.00236948 0.00801408)
(0.00123466 -0.00245409 0.0048779 -0.00245409 0.00825937 -0.00264563 0.0048779 -0.00264563 0.00667103)
(7.16319e-05 -0.00302046 0.00471568 -0.00302046 0.00861068 -0.00235622 0.00471568 -0.00235622 0.00713003)
(-0.00166058 -0.00290596 0.00550968 -0.00290596 0.00943113 -0.00146316 0.00550968 -0.00146316 0.00842202)
(-0.000337246 -0.00278253 0.00596068 -0.00278253 0.0100109 -0.00195508 0.00596068 -0.00195508 0.00847256)
(-6.51415e-05 -0.00327062 0.00547627 -0.00327062 0.00931965 -0.00193864 0.00547627 -0.00193864 0.00889543)
(0.00283921 -0.0018223 0.00385345 -0.0018223 0.00716603 -0.00263947 0.00385345 -0.00263947 0.00543358)
(-0.000997688 -0.00220438 0.00491783 -0.00220438 0.00856283 -0.00208601 0.00491783 -0.00208601 0.00736096)
(-0.00185714 -0.00288432 0.00553264 -0.00288432 0.00955945 -0.00140673 0.00553264 -0.00140673 0.00853641)
(-0.000931882 -0.00337362 0.00561486 -0.00337362 0.00948338 -0.00167681 0.00561486 -0.00167681 0.00894658)
(-0.00163125 -0.00307259 0.00577304 -0.00307259 0.0096624 -0.00156369 0.00577304 -0.00156369 0.00866028)
(-0.000996044 -0.00270099 0.00520651 -0.00270099 0.00886795 -0.00198661 0.00520651 -0.00198661 0.00808421)
(0.00208267 -0.00224716 0.00375816 -0.00224716 0.00755482 -0.00273868 0.00375816 -0.00273868 0.0057055)
(0.00210508 -0.00256476 0.0035268 -0.00256476 0.00739953 -0.00287206 0.0035268 -0.00287206 0.00569244)
(0.00494192 -0.00119801 0.00270062 -0.00119801 0.00717118 -0.00228888 0.00270062 -0.00228888 0.00551936)
(0.000216678 -0.00170041 0.00435664 -0.00170041 0.00968991 -0.00119007 0.00435664 -0.00119007 0.0072144)
(0.000789618 -0.00301729 0.006472 -0.00301729 0.0101812 -0.00220526 0.006472 -0.00220526 0.00877261)
(0.000596566 -0.00364319 0.00599741 -0.00364319 0.00990122 -0.00204793 0.00599741 -0.00204793 0.00926895)
(0.000713259 -0.00291132 0.00525174 -0.00291132 0.00927359 -0.00235879 0.00525174 -0.00235879 0.00827184)
(0.00149245 -0.00352624 0.00570086 -0.00352624 0.00973373 -0.00181582 0.00570086 -0.00181582 0.00974609)
(0.000641849 -0.00343977 0.00562822 -0.00343977 0.0094886 -0.00211205 0.00562822 -0.00211205 0.00890182)
(0.00300974 -0.00331219 0.00351607 -0.00331219 0.00870583 -0.00316172 0.00351607 -0.00316172 0.00648176)
(0.00173937 7.75792e-05 0.00691511 7.75792e-05 0.00811711 -0.00247304 0.00691511 -0.00247304 0.00796706)
(0.000817406 -0.000681967 0.00562125 -0.000681967 0.00887881 -0.0019899 0.00562125 -0.0019899 0.00710613)
(-0.000272578 -0.0010488 0.00524813 -0.0010488 0.00873304 -0.00185781 0.00524813 -0.00185781 0.00649362)
(0.00337434 0.000809617 0.00543417 0.000809617 0.00582384 -0.00311758 0.00543417 -0.00311758 0.00630752)
(0.00179277 -0.00165747 0.00368202 -0.00165747 0.00914154 -0.00173707 0.00368202 -0.00173707 0.00800256)
(0.00387596 -0.000821737 0.00354331 -0.000821737 0.00941261 -0.00104187 0.00354331 -0.00104187 0.0064159)
(0.000605392 -0.00215536 0.00556534 -0.00215536 0.00954788 -0.0022452 0.00556534 -0.0022452 0.00740467)
(0.00355839 -0.00317449 0.00416638 -0.00317449 0.00951278 -0.0025299 0.00416638 -0.0025299 0.0078545)
(0.00170709 -0.00186727 0.005553 -0.00186727 0.00866124 -0.00276069 0.005553 -0.00276069 0.00735372)
(0.00176275 -0.000318469 0.00631628 -0.000318469 0.00772091 -0.00276757 0.00631628 -0.00276757 0.00690178)
(0.00503531 0.000424616 0.00559514 0.000424616 0.00730075 -0.00285169 0.00559514 -0.00285169 0.00721679)
(0.00790813 -0.00287148 -0.000496372 -0.00287148 0.00485946 -0.00276608 -0.000496372 -0.00276608 0.00932502)
(0.0084362 0.00296003 0.00476407 0.00296003 0.00422548 -0.00150288 0.00476407 -0.00150288 0.00412825)
(0.00454763 0.000833846 0.00420601 0.000833846 0.00716383 -0.00138884 0.00420601 -0.00138884 0.00388933)
(0.00345875 0.000461688 0.00413135 0.000461688 0.00332804 -0.0041233 0.00413135 -0.0041233 0.00601375)
(0.00778545 0.0031798 0.00525179 0.0031798 0.00618891 -0.000985677 0.00525179 -0.000985677 0.00474974)
(0.0116796 0.00358465 0.00498123 0.00358465 0.00550402 -0.000563219 0.00498123 -0.000563219 0.00376811)
(0.0013436 -0.00144709 0.0046659 -0.00144709 0.00976988 -0.00154084 0.0046659 -0.00154084 0.00691503)
(0.000980644 -0.00288336 0.0055568 -0.00288336 0.00940356 -0.00169728 0.0055568 -0.00169728 0.00905521)
(0.00481523 -0.004726 0.00462527 -0.004726 0.00925461 -0.00250135 0.00462527 -0.00250135 0.00913126)
(6.51803e-05 -0.00136539 0.00550276 -0.00136539 0.00854238 -0.00234164 0.00550276 -0.00234164 0.00637855)
(0.0159135 0.00159638 0.00273573 0.00159638 0.00771504 -0.00108059 0.00273573 -0.00108059 0.00753524)
(0.00701302 -0.00125627 0.00316893 -0.00125627 0.00899478 3.0444e-05 0.00316893 3.0444e-05 0.00786242)
(0.00335357 -0.00269433 0.00555469 -0.00269433 0.0096345 -0.00189078 0.00555469 -0.00189078 0.00884644)
(0.000656472 -0.000674919 0.00667601 -0.000674919 0.00846749 -0.00274785 0.00667601 -0.00274785 0.00813672)
(0.0039432 -0.000931684 0.00665561 -0.000931684 0.00866571 -0.00256947 0.00665561 -0.00256947 0.00886198)
(0.00282226 -0.000311454 0.00389083 -0.000311454 0.00927363 -0.00125815 0.00389083 -0.00125815 0.00601694)
(0.000199979 -0.00124325 0.005639 -0.00124325 0.00901497 -0.00218345 0.005639 -0.00218345 0.00777755)
(0.0022402 -0.000328358 0.00375311 -0.000328358 0.00891833 -0.00118747 0.00375311 -0.00118747 0.00610356)
(-1.21574e-05 -0.00134073 0.00577592 -0.00134073 0.00837341 -0.0022058 0.00577592 -0.0022058 0.00647623)
(0.00136636 -0.00183915 0.00529062 -0.00183915 0.0078936 -0.00300043 0.00529062 -0.00300043 0.00667645)
(0.00375055 0.00101872 0.00635807 0.00101872 0.00628807 -0.0025862 0.00635807 -0.0025862 0.00668775)
(0.00709271 0.0026279 0.00561616 0.0026279 0.00736959 -0.00110587 0.00561616 -0.00110587 0.00615554)
(0.0143879 -0.000392146 0.0027548 -0.000392146 0.00879344 -0.000150548 0.0027548 -0.000150548 0.00543562)
(0.00281788 -0.00262326 0.00531107 -0.00262326 0.00984941 -0.00154959 0.00531107 -0.00154959 0.00825781)
(0.00385793 -0.0014512 0.0048902 -0.0014512 0.00908569 -0.00297816 0.0048902 -0.00297816 0.00640326)
(-0.00104263 -0.00261739 0.00606558 -0.00261739 0.00984563 -0.00231243 0.00606558 -0.00231243 0.00766928)
(0.000688396 -0.00253185 0.00584218 -0.00253185 0.00989209 -0.00204976 0.00584218 -0.00204976 0.0080451)
(0.00372693 -0.00325495 0.00640801 -0.00325495 0.00959159 -0.0024281 0.00640801 -0.0024281 0.00848583)
(0.000246888 -0.00392591 0.00611955 -0.00392591 0.00991609 -0.00263345 0.00611955 -0.00263345 0.00812995)
(0.000206087 -0.00248256 0.00489699 -0.00248256 0.00906242 -0.000626481 0.00489699 -0.000626481 0.00853291)
(0.00950342 -0.0011147 0.00499587 -0.0011147 0.00880086 -0.000574922 0.00499587 -0.000574922 0.00673168)
(0.0100443 -0.00313472 0.00445335 -0.00313472 0.0106471 -0.00150731 0.00445335 -0.00150731 0.00699755)
(0.00502709 -4.21917e-05 0.0035226 -4.21917e-05 0.00834127 -0.00164771 0.0035226 -0.00164771 0.0036631)
(0.00757336 -0.00124213 0.00343862 -0.00124213 0.00898266 0.000500103 0.00343862 0.000500103 0.00616517)
(0.0110753 0.000240696 0.00468643 0.000240696 0.00780345 0.000123775 0.00468643 0.000123775 0.00754239)
(0.0109595 -0.00605695 0.00302096 -0.00605695 0.0105103 -0.00232426 0.00302096 -0.00232426 0.00646227)
(0.00670628 -0.00362548 0.00217024 -0.00362548 0.00846127 -0.000795777 0.00217024 -0.000795777 0.00455257)
(0.0121999 -0.00322487 0.00212909 -0.00322487 0.00996813 -0.00365196 0.00212909 -0.00365196 0.00486739)
(0.00301381 -0.00145933 0.00460019 -0.00145933 0.00921621 -0.0023492 0.00460019 -0.0023492 0.00496782)
(0.00220543 -0.000602325 0.00424892 -0.000602325 0.00868239 -0.00214225 0.00424892 -0.00214225 0.00455685)
(0.000842243 -0.00195408 0.00352892 -0.00195408 0.00668866 -0.00465423 0.00352892 -0.00465423 0.00633309)
(0.00454953 -0.00122331 0.00373117 -0.00122331 0.00935037 -0.000848099 0.00373117 -0.000848099 0.00456753)
(0.0124743 -0.000433703 0.0036573 -0.000433703 0.00940161 -0.001036 0.0036573 -0.001036 0.00262181)
(0.00259373 -0.00107262 0.00419726 -0.00107262 0.00765422 -0.00301506 0.00419726 -0.00301506 0.00518728)
(0.0106407 -0.00178299 0.00242628 -0.00178299 0.0096731 0.00026885 0.00242628 0.00026885 0.00499116)
(0.0154981 0.00218598 0.00422523 0.00218598 0.00545323 -0.000223727 0.00422523 -0.000223727 0.00164604)
(0.0174379 -0.000606985 0.00344986 -0.000606985 0.00943317 -0.000417435 0.00344986 -0.000417435 0.00257833)
(0.00921917 -0.00333148 0.00522566 -0.00333148 0.00948957 -0.00142463 0.00522566 -0.00142463 0.0082633)
(0.00735793 -0.0044003 0.00520346 -0.0044003 0.0104493 -0.00266822 0.00520346 -0.00266822 0.00859074)
(0.00280331 -0.00411007 0.00627022 -0.00411007 0.00992 -0.00178898 0.00627022 -0.00178898 0.00950513)
(0.0121468 -0.00307791 0.00184075 -0.00307791 0.0103525 0.000929561 0.00184075 0.000929561 0.0081405)
(0.00859496 -0.00398558 0.000783196 -0.00398558 0.00851935 0.0019391 0.000783196 0.0019391 0.00755406)
(0.0165364 -0.00656066 0.00366399 -0.00656066 0.0103078 -0.00145957 0.00366399 -0.00145957 0.00981672)
(0.00850343 -0.00260539 0.00436613 -0.00260539 0.0101727 -0.00248965 0.00436613 -0.00248965 0.00552935)
(0.00387739 -0.00227794 0.0049302 -0.00227794 0.00915099 -0.000912508 0.0049302 -0.000912508 0.00704075)
(0.0131604 -0.00280733 0.00407885 -0.00280733 0.00972674 0.00035229 0.00407885 0.00035229 0.00808737)
(0.00989867 -0.00181961 0.00474425 -0.00181961 0.0090637 -0.00140003 0.00474425 -0.00140003 0.00719739)
(0.0157004 -0.00428399 0.00319092 -0.00428399 0.0099785 -0.000305187 0.00319092 -0.000305187 0.00778241)
(0.00574843 -0.00321094 0.00451046 -0.00321094 0.0102604 -0.00326222 0.00451046 -0.00326222 0.00638818)
(0.0042497 -0.00444119 0.00365957 -0.00444119 0.00953638 -0.00283847 0.00365957 -0.00283847 0.00656476)
(0.00243599 -0.00239474 0.00477376 -0.00239474 0.00951256 -0.00207828 0.00477376 -0.00207828 0.00481596)
(0.00913885 -4.49549e-05 0.00217288 -4.49549e-05 0.00909131 5.58542e-05 0.00217288 5.58542e-05 0.00324617)
(0.0203282 -0.00358374 0.00443363 -0.00358374 0.00915765 0.000463389 0.00443363 0.000463389 0.0109917)
(0.00618848 -0.00378446 -0.00117353 -0.00378446 0.00955583 0.000457683 -0.00117353 0.000457683 0.0105684)
(0.00669784 -0.000731269 0.000357851 -0.000731269 0.00557567 -0.00192166 0.000357851 -0.00192166 0.00472054)
(0.00699251 -0.00578636 0.00440047 -0.00578636 0.0105521 -0.00319553 0.00440047 -0.00319553 0.00624812)
(0.00211402 -0.000743991 0.000647411 -0.000743991 0.00486976 -0.000203267 0.000647411 -0.000203267 0.00406775)
(0.0121728 -0.00568247 0.00522846 -0.00568247 0.0103515 -0.00285463 0.00522846 -0.00285463 0.00826436)
(0.00653964 -0.00394678 0.00259925 -0.00394678 0.0103907 -0.00357889 0.00259925 -0.00357889 0.00614109)
(0.0111976 -0.00371674 0.00480216 -0.00371674 0.00980888 -0.00174119 0.00480216 -0.00174119 0.00978155)
(0.0164626 -0.0027369 -0.00231211 -0.0027369 0.00841484 -0.00253227 -0.00231211 -0.00253227 0.00395779)
(0.0217215 -0.00285388 0.00251414 -0.00285388 0.00914438 -0.000735044 0.00251414 -0.000735044 0.0104644)
(0.00809965 0.00111908 0.0066293 0.00111908 0.00775189 -0.00181087 0.0066293 -0.00181087 0.00611214)
(0.012671 -0.000895287 0.00311761 -0.000895287 0.00896172 -0.000504642 0.00311761 -0.000504642 0.00606592)
(0.0164127 -0.00167365 0.000344515 -0.00167365 0.00850552 0.000435089 0.000344515 0.000435089 0.00937282)
(0.0122862 -0.00265751 0.00129384 -0.00265751 0.00821688 -0.00204602 0.00129384 -0.00204602 0.00728396)
(0.0178359 -0.00189273 0.00479278 -0.00189273 0.00899887 -0.00198565 0.00479278 -0.00198565 0.0100161)
(0.0102829 -0.00150639 -0.0010825 -0.00150639 0.00710754 -0.00240818 -0.0010825 -0.00240818 0.00437478)
(0.00668924 -0.000148608 0.00657392 -0.000148608 0.00816794 -0.00217109 0.00657392 -0.00217109 0.00655567)
(0.0030191 0.000362268 0.00596679 0.000362268 0.0075116 -0.0023967 0.00596679 -0.0023967 0.00585511)
(0.00217945 -0.000621098 0.00417495 -0.000621098 0.0068111 -0.00378687 0.00417495 -0.00378687 0.00567766)
(0.00979694 -0.00135258 0.00303598 -0.00135258 0.00904732 -0.00065476 0.00303598 -0.00065476 0.00549423)
(0.0198664 -0.00144416 0.00395509 -0.00144416 0.0088169 -0.000688304 0.00395509 -0.000688304 0.00923485)
(0.0129144 -0.000218942 0.00704798 -0.000218942 0.00770417 -0.00244837 0.00704798 -0.00244837 0.00783067)
(0.0171511 -0.000484935 0.00249031 -0.000484935 0.00773825 0.00101521 0.00249031 0.00101521 0.00452298)
(0.0190813 0.00342663 0.0053723 0.00342663 0.00437 -0.000115311 0.0053723 -0.000115311 0.0032959)
(0.0211425 0.00135316 0.00476535 0.00135316 0.00817144 -0.000190235 0.00476535 -0.000190235 0.00410083)
(0.00596447 0.000483753 0.000618836 0.000483753 0.00683968 -0.000857168 0.000618836 -0.000857168 0.0043849)
(0.0173139 -0.00249663 0.00226884 -0.00249663 0.00808792 -0.00289285 0.00226884 -0.00289285 0.00708974)
(0.0255115 -0.00590195 0.00351126 -0.00590195 0.0103147 -0.00137524 0.00351126 -0.00137524 0.0121033)
(0.00119497 -0.00170095 0.00417089 -0.00170095 0.00943521 -0.00211908 0.00417089 -0.00211908 0.00867149)
(0.0131422 -0.00346889 -0.00452963 -0.00346889 0.0108631 -0.00348244 -0.00452963 -0.00348244 0.00906121)
(0.00494979 0.0021229 0.000748701 0.0021229 0.00420509 5.55459e-05 0.000748701 5.55459e-05 0.00226871)
(0.0148042 0.000208156 0.00599043 0.000208156 0.00867413 -0.00231769 0.00599043 -0.00231769 0.0063997)
(0.00373534 -0.00120801 0.00464398 -0.00120801 0.00948578 -0.00187003 0.00464398 -0.00187003 0.00633989)
(0.0203319 -0.00288791 0.000248238 -0.00288791 0.00907765 0.000501825 0.000248238 0.000501825 0.00849358)
(0.0141773 -0.00282726 -0.000769425 -0.00282726 0.00909674 -0.00269671 -0.000769425 -0.00269671 0.0066719)
(0.0155723 -0.000514116 9.22214e-05 -0.000514116 0.00760087 0.000615139 9.22214e-05 0.000615139 0.00725597)
(0.0172844 -0.00664472 -0.000594963 -0.00664472 0.00974456 -0.00340106 -0.000594963 -0.00340106 0.00486612)
(0.0154125 -0.00598778 -0.00173882 -0.00598778 0.00959305 -0.00320643 -0.00173882 -0.00320643 0.00506272)
(0.0126278 -0.00102253 0.00545238 -0.00102253 0.00847575 -0.0022572 0.00545238 -0.0022572 0.00810052)
(0.01769 -0.00188863 0.000459921 -0.00188863 0.0082584 0.00155327 0.000459921 0.00155327 0.00706137)
(0.0206811 -0.0021253 0.000182007 -0.0021253 0.00897624 0.00157161 0.000182007 0.00157161 0.00513673)
(0.0171817 -0.00105876 0.00333541 -0.00105876 0.0110567 -0.00185968 0.00333541 -0.00185968 0.0106814)
(0.00904546 -0.00123405 -0.00104535 -0.00123405 0.00811069 -0.00197532 -0.00104535 -0.00197532 0.00326099)
(0.00872118 -0.00380858 0.000451885 -0.00380858 0.00952463 0.00157788 0.000451885 0.00157788 0.00523158)
(0.00503198 -0.000453789 0.000688234 -0.000453789 0.00705774 -0.00135017 0.000688234 -0.00135017 0.00413407)
(0.0144022 -0.00358911 0.00304854 -0.00358911 0.00878339 -0.00272093 0.00304854 -0.00272093 0.00674587)
(0.0154979 -0.00248361 0.000838809 -0.00248361 0.00815617 -0.00425112 0.000838809 -0.00425112 0.00715337)
(0.0177909 -0.00682497 0.0046307 -0.00682497 0.0106941 -0.00345783 0.0046307 -0.00345783 0.00839581)
(0.00873852 -0.00528197 -0.000609718 -0.00528197 0.0111494 0.00047943 -0.000609718 0.00047943 0.006168)
(0.00846278 0.00262149 0.00276062 0.00262149 0.00560757 0.000855823 0.00276062 0.000855823 0.00568437)
(0.0140663 -0.00447647 0.0039124 -0.00447647 0.0101888 -0.002386 0.0039124 -0.002386 0.00625138)
(0.0190546 -0.00295891 0.000284808 -0.00295891 0.00906232 0.00212253 0.000284808 0.00212253 0.00540814)
(0.012568 0.000968935 0.00297293 0.000968935 0.00660706 0.00161297 0.00297293 0.00161297 0.00683376)
(0.00732204 -0.00402031 0.00169101 -0.00402031 0.00935824 -0.0032377 0.00169101 -0.0032377 0.00452043)
(0.0138824 -0.00350585 0.00295594 -0.00350585 0.00899853 -0.00104544 0.00295594 -0.00104544 0.00553853)
(0.011888 5.69103e-05 0.00305236 5.69103e-05 0.00812692 -0.00130578 0.00305236 -0.00130578 0.00697216)
(0.00931295 -0.00457614 0.00367613 -0.00457614 0.00970076 -0.0026176 0.00367613 -0.0026176 0.00580129)
(0.00552424 -0.00139893 0.00420577 -0.00139893 0.00959177 -0.00305057 0.00420577 -0.00305057 0.00534196)
(0.00898979 -0.00303471 0.00210722 -0.00303471 0.00936107 -0.00361841 0.00210722 -0.00361841 0.00508148)
(0.0181978 -0.00174193 0.00208687 -0.00174193 0.00880786 0.00122058 0.00208687 0.00122058 0.00618807)
(0.0125108 0.00172967 0.00287786 0.00172967 0.00569506 0.00245141 0.00287786 0.00245141 0.00706171)
(0.0128394 -0.00450141 0.00375839 -0.00450141 0.00966465 -0.00191339 0.00375839 -0.00191339 0.00598209)
(0.0238956 -0.00399695 4.34928e-05 -0.00399695 0.00991646 0.00194378 4.34928e-05 0.00194378 0.00527157)
(0.0120572 -1.1215e-05 0.00282091 -1.1215e-05 0.00791658 0.000620129 0.00282091 0.000620129 0.00302952)
(0.0118919 3.46191e-05 0.0030276 3.46191e-05 0.00713435 0.00136801 0.0030276 0.00136801 0.00562863)
(0.00884836 -0.00463885 -0.00243479 -0.00463885 0.0110185 -0.000906597 -0.00243479 -0.000906597 0.00829744)
(0.00229845 -0.000359054 0.00110483 -0.000359054 0.00659945 -0.000294974 0.00110483 -0.000294974 0.00192429)
(0.0159665 -0.000849165 0.00309834 -0.000849165 0.00796544 0.00021939 0.00309834 0.00021939 0.00905432)
(0.0108579 -0.00408908 0.00542809 -0.00408908 0.01042 -0.00201647 0.00542809 -0.00201647 0.0090068)
(0.00837357 -0.00441315 -0.00340311 -0.00441315 0.0113601 -0.00187557 -0.00340311 -0.00187557 0.0102804)
(0.00654157 0.00177258 0.00222262 0.00177258 0.00498692 0.00154941 0.00222262 0.00154941 0.00313059)
(0.0159255 -0.00448602 0.00304025 -0.00448602 0.00981252 -0.000982404 0.00304025 -0.000982404 0.00797312)
(0.0162775 -0.00282795 0.00337277 -0.00282795 0.00998048 -0.00136667 0.00337277 -0.00136667 0.00513499)
(0.0178007 -0.00324623 -0.00036597 -0.00324623 0.00890563 0.00158401 -0.00036597 0.00158401 0.00548744)
(0.00986607 -0.00439271 0.00345118 -0.00439271 0.0095942 -0.00289334 0.00345118 -0.00289334 0.0057509)
(0.0111018 0.00169913 0.00354189 0.00169913 0.00662948 0.000223643 0.00354189 0.000223643 0.00668919)
(0.0171933 -0.00632786 0.00339005 -0.00632786 0.0104009 -0.00323926 0.00339005 -0.00323926 0.00739807)
(0.00691649 -0.00455431 0.000961829 -0.00455431 0.00985286 -0.0046124 0.000961829 -0.0046124 0.00478691)
(0.00971828 -0.00451996 0.00286015 -0.00451996 0.00979512 -0.00242261 0.00286015 -0.00242261 0.00566768)
(0.0164465 0.00232162 0.0035441 0.00232162 0.00602325 0.00316534 0.0035441 0.00316534 0.00776428)
(0.0190398 -0.0023285 0.00287461 -0.0023285 0.0097676 0.000299375 0.00287461 0.000299375 0.00568682)
(0.00965896 -0.00239388 -0.00010783 -0.00239388 0.00944404 -0.000368829 -0.00010783 -0.000368829 0.0112281)
(0.013433 -0.00184386 0.00428652 -0.00184386 0.00863336 -0.00202963 0.00428652 -0.00202963 0.00742743)
(0.0142137 -0.00380484 0.00187293 -0.00380484 0.010681 0.000936578 0.00187293 0.000936578 0.00569261)
(0.0103149 -0.00388721 -2.37152e-05 -0.00388721 0.00803722 -0.000608272 -2.37152e-05 -0.000608272 0.00875392)
(0.0109378 0.00102081 0.00330486 0.00102081 0.00706024 -0.000761103 0.00330486 -0.000761103 0.00640625)
(0.0122117 -0.00330745 0.000530051 -0.00330745 0.00739041 -0.00256977 0.000530051 -0.00256977 0.0076491)
(0.0217094 -0.00453261 0.00392456 -0.00453261 0.00919337 -0.00393052 0.00392456 -0.00393052 0.00556373)
(0.0144987 -0.00353856 0.00130653 -0.00353856 0.00938565 -0.00313951 0.00130653 -0.00313951 0.00563864)
(0.0084828 0.000208184 0.00149246 0.000208184 0.00572028 0.00255882 0.00149246 0.00255882 0.00663557)
(0.012905 -0.00173928 -0.000932619 -0.00173928 0.0067106 0.00299617 -0.000932619 0.00299617 0.00694545)
(0.0183936 0.00062078 0.00326098 0.00062078 0.00780642 0.000871039 0.00326098 0.000871039 0.00727888)
(0.012652 -0.000325474 0.000255531 -0.000325474 0.00709399 0.0011352 0.000255531 0.0011352 0.00763893)
(0.00768129 -0.00328138 -0.000157965 -0.00328138 0.00808846 -0.00247044 -0.000157965 -0.00247044 0.0046714)
(0.0125328 -0.00281117 0.00223468 -0.00281117 0.00872039 -0.00159288 0.00223468 -0.00159288 0.00759725)
(0.0130384 -0.00119362 0.00170229 -0.00119362 0.0088321 -0.00161431 0.00170229 -0.00161431 0.00799488)
(0.00819349 -0.00380583 -0.0018829 -0.00380583 0.0105094 -0.000847087 -0.0018829 -0.000847087 0.00754462)
(0.0149349 -0.00250312 0.00413992 -0.00250312 0.00926273 -0.00301311 0.00413992 -0.00301311 0.00574914)
(0.0236979 -0.00266523 0.00137696 -0.00266523 0.00838896 -0.00376347 0.00137696 -0.00376347 0.00632676)
(0.0173605 -0.00227092 0.000638595 -0.00227092 0.00898122 0.000861867 0.000638595 0.000861867 0.00779079)
(0.0112372 -0.000668803 0.000355355 -0.000668803 0.00452118 0.00187511 0.000355355 0.00187511 0.0110616)
(0.0121869 -0.00133464 -0.000735343 -0.00133464 0.00514367 1.57692e-05 -0.000735343 1.57692e-05 0.00303692)
(0.0220824 -0.00328085 -0.000846756 -0.00328085 0.00541714 0.00182889 -0.000846756 0.00182889 0.0116154)
(0.0148838 0.000985039 0.00207893 0.000985039 0.0076687 0.000677714 0.00207893 0.000677714 0.00617058)
(0.0119447 -0.000146262 0.00303584 -0.000146262 0.00378961 -0.00179364 0.00303584 -0.00179364 0.0107964)
(0.00801878 0.00106576 -0.00085115 0.00106576 0.00935697 -0.000153769 -0.00085115 -0.000153769 0.00350743)
(0.00378478 0.00163742 0.00115067 0.00163742 0.00499308 0.00130542 0.00115067 0.00130542 0.00259402)
(0.0110137 -0.00424152 -0.00441065 -0.00424152 0.00757867 0.000405709 -0.00441065 0.000405709 0.00762471)
(0.0256926 -0.00652794 0.00174777 -0.00652794 0.0103313 -0.00272157 0.00174777 -0.00272157 0.00807352)
(0.00839471 0.000674509 -0.000361334 0.000674509 0.00823948 0.000462941 -0.000361334 0.000462941 0.00453411)
(0.00658221 0.000795398 0.00288338 0.000795398 0.00371104 0.000597161 0.00288338 0.000597161 0.00409591)
(0.0196792 -0.00363609 -0.00181932 -0.00363609 0.00803303 0.0026151 -0.00181932 0.0026151 0.00808021)
(0.0116965 0.00138502 0.00228009 0.00138502 0.00702016 4.14299e-05 0.00228009 4.14299e-05 0.00648403)
(0.0180883 -0.00274154 -0.00145383 -0.00274154 0.00785633 0.00184168 -0.00145383 0.00184168 0.00756128)
(0.0142743 -0.00182462 0.00435724 -0.00182462 0.0090605 -0.00282206 0.00435724 -0.00282206 0.00558285)
(0.00910425 0.000560969 0.000846425 0.000560969 0.00632682 0.0016652 0.000846425 0.0016652 0.00526202)
(0.011821 -0.00381678 0.000689728 -0.00381678 0.00877003 -0.00396192 0.000689728 -0.00396192 0.00447796)
(0.00865825 -0.00211359 0.00124139 -0.00211359 0.00838837 -0.00411921 0.00124139 -0.00411921 0.00545429)
(0.0112661 -0.00155441 -0.00155383 -0.00155441 0.00725649 -0.00397489 -0.00155383 -0.00397489 0.00600942)
(0.0133071 -2.01892e-05 0.00172417 -2.01892e-05 0.00820028 -0.00128047 0.00172417 -0.00128047 0.0057149)
(0.0130875 -0.00166737 0.00341203 -0.00166737 0.00907518 -0.00109137 0.00341203 -0.00109137 0.00828773)
(0.0125423 -0.00424628 -0.00618198 -0.00424628 0.0112591 -0.00119749 -0.00618198 -0.00119749 0.0110401)
(0.00885011 -0.0047858 2.1847e-05 -0.0047858 0.00875387 -0.00337838 2.1847e-05 -0.00337838 0.00459431)
(0.00748003 0.000985697 0.000929292 0.000985697 0.00506889 0.00224312 0.000929292 0.00224312 0.00980888)
(0.0126116 -0.0022484 0.00232938 -0.0022484 0.0101526 0.000479396 0.00232938 0.000479396 0.00650673)
(0.00405834 -0.00105729 1.68076e-05 -0.00105729 0.00637494 -0.0012852 1.68076e-05 -0.0012852 0.00163308)
(0.00650828 -0.00500539 -0.0003412 -0.00500539 0.00838114 -0.00348295 -0.0003412 -0.00348295 0.00514742)
(0.0156906 -0.00324201 0.00310053 -0.00324201 0.00906592 -0.00378771 0.00310053 -0.00378771 0.0054265)
(0.0130674 -0.00540811 0.00408706 -0.00540811 0.0103715 -0.00354539 0.00408706 -0.00354539 0.00671464)
(0.0113711 0.00139515 0.00400915 0.00139515 0.00758139 0.000343374 0.00400915 0.000343374 0.00732165)
(0.00981051 -0.00499746 -0.00434166 -0.00499746 0.0109363 -0.00235041 -0.00434166 -0.00235041 0.00913222)
(0.0155656 0.00214026 0.00341672 0.00214026 0.00710248 0.000219495 0.00341672 0.000219495 0.00406296)
(0.00853829 -0.000525272 0.00156695 -0.000525272 0.00725404 0.000701071 0.00156695 0.000701071 0.00403549)
(0.0083287 0.00166196 0.00078097 0.00166196 0.00682375 -0.000600387 0.00078097 -0.000600387 0.00439425)
(0.0106408 -0.00493855 0.00433163 -0.00493855 0.00995959 -0.00285938 0.00433163 -0.00285938 0.00743732)
(0.00900117 -0.00151631 -0.000723302 -0.00151631 0.0104914 -0.00219934 -0.000723302 -0.00219934 0.00519746)
(0.00978024 -0.0036006 -0.000335729 -0.0036006 0.0109696 -7.13766e-05 -0.000335729 -7.13766e-05 0.00740766)
(0.0107345 -0.00409555 0.0033339 -0.00409555 0.00940395 -0.00223423 0.0033339 -0.00223423 0.00733432)
(0.0142635 -0.00569172 -0.000177699 -0.00569172 0.00902229 -0.00357693 -0.000177699 -0.00357693 0.00510417)
(0.0191156 -0.00315327 0.00199988 -0.00315327 0.0096705 0.000316679 0.00199988 0.000316679 0.00618457)
(0.00964649 -0.000597261 -0.00318983 -0.000597261 0.00630703 0.00173838 -0.00318983 0.00173838 0.0103741)
(0.0118135 -0.00441384 -0.00412844 -0.00441384 0.0113112 -0.00117818 -0.00412844 -0.00117818 0.00934631)
(0.0114173 -0.00345456 0.000245051 -0.00345456 0.0104546 -0.00349593 0.000245051 -0.00349593 0.0106968)
(0.0191356 -0.00214064 0.00202675 -0.00214064 0.00938729 0.000137625 0.00202675 0.000137625 0.00483927)
(0.01462 -0.00037642 0.00164034 -0.00037642 0.0105137 -0.00219786 0.00164034 -0.00219786 0.00919195)
(0.00618141 -0.00124869 -0.000173374 -0.00124869 0.00877283 -5.0338e-06 -0.000173374 -5.0338e-06 0.0058444)
(0.0124193 -0.00107206 0.00185872 -0.00107206 0.010538 -0.000271926 0.00185872 -0.000271926 0.00538222)
(0.00520628 -0.00462505 -0.00342775 -0.00462505 0.0106441 -0.00126122 -0.00342775 -0.00126122 0.00801065)
(0.0118015 -0.00270635 0.0029493 -0.00270635 0.00618487 -0.00188647 0.0029493 -0.00188647 0.00479068)
(0.0116086 -0.000178883 0.00492721 -0.000178883 0.00897853 -0.000305274 0.00492721 -0.000305274 0.0026964)
(0.0114135 -0.00019992 0.00360509 -0.00019992 0.00790064 -0.000383598 0.00360509 -0.000383598 0.00595926)
(0.019746 -0.00209406 -0.00136628 -0.00209406 0.00730126 0.00370447 -0.00136628 0.00370447 0.00953772)
(0.0101984 -0.00130549 -0.000880587 -0.00130549 0.00679243 0.00129661 -0.000880587 0.00129661 0.0043937)
(0.0127227 0.000899208 0.00200561 0.000899208 0.00503051 0.00321616 0.00200561 0.00321616 0.00869461)
(0.0127049 -0.00544082 0.00404394 -0.00544082 0.0100219 -0.00300429 0.00404394 -0.00300429 0.00778722)
(0.0142247 0.0027834 0.00405507 0.0027834 0.00521601 0.00101707 0.00405507 0.00101707 0.00540753)
(0.0107126 -0.00322147 0.00140667 -0.00322147 0.0100887 0.00111117 0.00140667 0.00111117 0.007062)
(0.0119103 -0.00623465 -0.00141397 -0.00623465 0.0089659 -0.00323651 -0.00141397 -0.00323651 0.00547753)
(0.0102123 -0.00468282 0.000489352 -0.00468282 0.010702 0.00068472 0.000489352 0.00068472 0.00612072)
(0.00519372 -0.0025246 0.00454032 -0.0025246 0.0094156 -0.00175325 0.00454032 -0.00175325 0.00728047)
(0.0103024 0.000940518 0.00414461 0.000940518 0.00723652 -0.000779851 0.00414461 -0.000779851 0.00692505)
(0.00998542 -0.00495727 -0.00434669 -0.00495727 0.0114218 -0.00260377 -0.00434669 -0.00260377 0.00880543)
(0.00348978 -0.000186562 0.000361046 -0.000186562 0.0031557 -0.00132895 0.000361046 -0.00132895 0.00472313)
(0.00457147 -0.00382165 0.000506803 -0.00382165 0.0083283 -0.00303739 0.000506803 -0.00303739 0.00492211)
(0.00625545 -0.00254354 0.000899725 -0.00254354 0.0105475 9.479e-05 0.000899725 9.479e-05 0.00399607)
(0.00311754 -0.00396328 -0.00049454 -0.00396328 0.00923335 -0.00062616 -0.00049454 -0.00062616 0.00460083)
(0.00846963 -0.00210699 0.00134054 -0.00210699 0.00600441 -0.00326478 0.00134054 -0.00326478 0.00482394)
(0.00994936 -0.00522511 0.000656771 -0.00522511 0.00915239 -0.00329147 0.000656771 -0.00329147 0.00534128)
(0.0126127 -0.00566236 0.000614917 -0.00566236 0.00930199 -0.00345113 0.000614917 -0.00345113 0.00550529)
(0.0169241 0.000176634 -0.00287077 0.000176634 0.004933 0.00325134 -0.00287077 0.00325134 0.00876049)
(0.011718 -0.00468574 -0.00364243 -0.00468574 0.0110852 -0.00217818 -0.00364243 -0.00217818 0.00941498)
(0.00698279 0.00167214 0.000774724 0.00167214 0.00503853 5.78854e-05 0.000774724 5.78854e-05 0.00363674)
(0.0107705 0.0023599 0.00297789 0.0023599 0.00610491 0.00138615 0.00297789 0.00138615 0.00568826)
(0.00505539 -0.000726008 0.000241242 -0.000726008 0.0073996 -0.00228467 0.000241242 -0.00228467 0.00433691)
(0.0109743 -0.00644137 0.00203514 -0.00644137 0.0103556 -0.00386782 0.00203514 -0.00386782 0.00588377)
(0.0180856 -0.000160386 0.00157405 -0.000160386 0.0105746 -0.00172714 0.00157405 -0.00172714 0.00759722)
(0.0113385 0.00037449 -0.00185039 0.00037449 0.00744974 -0.00274488 -0.00185039 -0.00274488 0.00490255)
(0.00988853 0.00239761 0.00166219 0.00239761 0.00638198 -0.00059471 0.00166219 -0.00059471 0.00512524)
(0.0153811 -0.00484641 -0.000389186 -0.00484641 0.00879636 -0.00286517 -0.000389186 -0.00286517 0.00646104)
(0.0188763 -0.00265832 -0.00307705 -0.00265832 0.0076155 0.00313598 -0.00307705 0.00313598 0.00925767)
(0.0216369 -0.00171553 6.33718e-05 -0.00171553 0.00633718 0.00151964 6.33718e-05 0.00151964 0.0125499)
(0.0116413 -0.000525249 -0.000490342 -0.000525249 0.0065722 -0.00244955 -0.000490342 -0.00244955 0.0066909)
(0.0193822 -0.00250006 -0.00363163 -0.00250006 0.00789356 0.00306947 -0.00363163 0.00306947 0.00771353)
(0.0143265 -0.000348271 -0.000631657 -0.000348271 0.00705335 0.00220695 -0.000631657 0.00220695 0.00722323)
(0.00899379 -0.00020929 0.000164879 -0.00020929 0.00978132 -0.0023784 0.000164879 -0.0023784 0.00592513)
(0.0107181 -0.00412417 0.000974895 -0.00412417 0.0103495 0.000799288 0.000974895 0.000799288 0.00599523)
(0.00421454 -0.000519518 -0.000696133 -0.000519518 0.00621722 0.00217551 -0.000696133 0.00217551 0.00320037)
(0.00343135 -0.00112452 0.000177556 -0.00112452 0.00835678 -0.000873368 0.000177556 -0.000873368 0.00224288)
(0.00819164 -0.00172974 0.00400944 -0.00172974 0.00208366 -0.00195735 0.00400944 -0.00195735 0.00440505)
(0.0181677 -0.00321333 0.00255927 -0.00321333 0.00959661 -0.00106837 0.00255927 -0.00106837 0.00659547)
(0.0107927 0.00173458 0.00271036 0.00173458 0.00643248 0.00164383 0.00271036 0.00164383 0.00549376)
(0.0207707 -0.00191422 -0.00228452 -0.00191422 0.0068879 0.00391129 -0.00228452 0.00391129 0.00951798)
(0.012471 -0.000919345 0.000623086 -0.000919345 0.010847 -0.00275121 0.000623086 -0.00275121 0.00763051)
(0.00354033 -0.00445031 -0.00199455 -0.00445031 0.0106485 -0.00308461 -0.00199455 -0.00308461 0.00842573)
(0.011089 -0.000188754 -0.00150814 -0.000188754 0.00757316 -0.00197939 -0.00150814 -0.00197939 0.00446171)
(0.023824 -0.00397851 -0.00289479 -0.00397851 0.00737644 0.00297937 -0.00289479 0.00297937 0.00763387)
(0.011846 -0.00481753 -0.00469917 -0.00481753 0.0114254 -0.00205732 -0.00469917 -0.00205732 0.00907675)
(0.0126543 -0.00212137 0.000439899 -0.00212137 0.0064067 -0.00373148 0.000439899 -0.00373148 0.0053668)
(0.011025 -0.000505439 -0.00149127 -0.000505439 0.00750621 -0.00209068 -0.00149127 -0.00209068 0.00428421)
(0.00927993 8.96575e-05 0.00444229 8.96575e-05 0.0082637 -0.000862603 0.00444229 -0.000862603 0.00662126)
(0.00385194 -0.000954458 -4.82267e-05 -0.000954458 0.00690574 -0.00081153 -4.82267e-05 -0.00081153 0.00536284)
(0.0119363 0.00198488 0.00164 0.00198488 0.00433048 0.00157217 0.00164 0.00157217 0.00583418)
(0.00630023 -0.00428997 0.000433207 -0.00428997 0.00999937 0.000749962 0.000433207 0.000749962 0.00407522)
(0.00760225 0.0012548 0.000970745 0.0012548 0.00647906 0.00027186 0.000970745 0.00027186 0.00364721)
(0.00838085 -0.00250328 0.00295745 -0.00250328 0.00845915 -0.00153018 0.00295745 -0.00153018 0.00540358)
(0.00743177 0.00086733 0.00258505 0.00086733 0.00650681 9.70997e-05 0.00258505 9.70997e-05 0.00503109)
(0.00427476 -0.000423417 5.1626e-05 -0.000423417 0.00637102 -0.00273846 5.1626e-05 -0.00273846 0.00406128)
(0.00833607 -3.88268e-05 0.000338167 -3.88268e-05 0.00635121 -0.00183528 0.000338167 -0.00183528 0.00361144)
(0.00768267 -0.00251915 0.000737203 -0.00251915 0.00642911 -0.00339593 0.000737203 -0.00339593 0.00436089)
(0.0158933 -0.00162176 -0.0026391 -0.00162176 0.006028 0.00144686 -0.0026391 0.00144686 0.0101339)
(0.00638015 0.00141748 9.88049e-05 0.00141748 0.00395376 0.000717365 9.88049e-05 0.000717365 0.00409846)
(0.0120447 0.00272489 0.0025248 0.00272489 0.00695301 -0.000453535 0.0025248 -0.000453535 0.00425039)
(0.00274147 -0.0015719 0.0018136 -0.0015719 0.00759121 -0.00164978 0.0018136 -0.00164978 0.00525242)
(0.00825321 -0.00318845 0.00282034 -0.00318845 0.00854607 -0.00241674 0.00282034 -0.00241674 0.006667)
(0.0133366 -0.00434196 0.00122762 -0.00434196 0.0102053 0.000827893 0.00122762 0.000827893 0.00804604)
(0.00575665 0.00155213 0.000625823 0.00155213 0.0049549 0.00131145 0.000625823 0.00131145 0.00315335)
(0.00745765 -1.29221e-05 -0.00105808 -1.29221e-05 0.00698082 -0.00255231 -0.00105808 -0.00255231 0.00436817)
(0.00171083 -0.00217017 -0.000779241 -0.00217017 0.00701919 -0.00114414 -0.000779241 -0.00114414 0.00568388)
(0.0123397 -0.0025353 -0.000308483 -0.0025353 0.0078935 -0.00227903 -0.000308483 -0.00227903 0.00528772)
(0.0160152 0.000103465 0.00040089 0.000103465 0.00577609 0.00247654 0.00040089 0.00247654 0.0105071)
(0.0174226 -0.00246733 -0.0008184 -0.00246733 0.00637584 0.00168849 -0.0008184 0.00168849 0.0101906)
(0.0184808 -0.00383199 0.00229048 -0.00383199 0.00953766 -0.00112519 0.00229048 -0.00112519 0.00755186)
(0.0215175 -0.00253097 0.00164969 -0.00253097 0.00962504 7.50497e-05 0.00164969 7.50497e-05 0.0052662)
(0.0127212 0.000460036 0.000600586 0.000460036 0.00583222 0.00259782 0.000600586 0.00259782 0.010258)
(0.00937736 0.000634031 0.000977926 0.000634031 0.00715174 0.000112571 0.000977926 0.000112571 0.00433964)
(0.0117129 -0.00390698 0.0016174 -0.00390698 0.0103126 -0.00118943 0.0016174 -0.00118943 0.00924841)
(0.0129878 0.00029288 0.00327731 0.00029288 0.00843673 -0.00125289 0.00327731 -0.00125289 0.00439833)
(0.00347331 -0.0010843 0.000447553 -0.0010843 0.0088316 0.000204139 0.000447553 0.000204139 0.00349874)
(0.00723117 -0.00163742 0.00306097 -0.00163742 0.00532324 -0.00259452 0.00306097 -0.00259452 0.00490681)
(0.0119145 -0.00114422 0.00301468 -0.00114422 0.00825116 -0.000901786 0.00301468 -0.000901786 0.00734232)
(0.00851646 -0.000622963 0.00362081 -0.000622963 0.00651268 0.000767476 0.00362081 0.000767476 0.00887647)
(0.0204626 -0.00212821 -0.00378629 -0.00212821 0.00625882 0.00463543 -0.00378629 0.00463543 0.0092973)
(0.0135931 0.00211301 0.000581268 0.00211301 0.00922845 -0.000358185 0.000581268 -0.000358185 0.00481518)
(0.00541398 -0.00349619 6.01783e-05 -0.00349619 0.00995885 -0.00104325 6.01783e-05 -0.00104325 0.00538704)
(0.00657404 -0.00249444 0.000837835 -0.00249444 0.00814857 0.00136517 0.000837835 0.00136517 0.00497462)
(0.017783 -0.00138393 -0.00261377 -0.00138393 0.00568862 0.00253304 -0.00261377 0.00253304 0.0109082)
(0.0128256 0.0028775 0.00127188 0.0028775 0.00488615 0.00129594 0.00127188 0.00129594 0.00759801)
(0.00140293 0.000678248 -0.000492115 0.000678248 0.00398885 0.00146109 -0.000492115 0.00146109 0.00302852)
(0.0113044 -0.000530854 0.00320676 -0.000530854 0.00841141 -0.00155549 0.00320676 -0.00155549 0.00663204)
(0.00913264 0.00210537 0.00379436 0.00210537 0.00626267 0.000279354 0.00379436 0.000279354 0.00596726)
(0.0172782 4.39277e-05 8.37194e-05 4.39277e-05 0.010247 -0.00159364 8.37194e-05 -0.00159364 0.00838267)
(0.0148806 -0.00251059 0.00192177 -0.00251059 0.00846228 0.000107582 0.00192177 0.000107582 0.00812476)
(0.010391 -0.00260138 0.000348227 -0.00260138 0.00986945 0.000737548 0.000348227 0.000737548 0.00697167)
(0.0105162 -0.0016721 0.00242081 -0.0016721 0.00821311 -0.00232682 0.00242081 -0.00232682 0.00971018)
(0.0097977 -0.000336002 0.00124878 -0.000336002 0.00692967 0.000933049 0.00124878 0.000933049 0.00591252)
(0.00114666 0.0011329 0.000622721 0.0011329 0.00458358 0.000144724 0.000622721 0.000144724 0.00112319)
(0.00296072 0.00164804 0.00088197 0.00164804 0.00499362 -0.00037473 0.00088197 -0.00037473 0.00221444)
(0.00370219 -0.00165204 0.000637647 -0.00165204 0.00631887 -0.0017556 0.000637647 -0.0017556 0.00257329)
(0.0108374 -0.00405404 0.000332475 -0.00405404 0.00793369 -0.00280753 0.000332475 -0.00280753 0.00480677)
(0.0177791 -0.00280676 -0.00521219 -0.00280676 0.00572454 0.00441282 -0.00521219 0.00441282 0.0102759)
(0.0159849 -0.00319209 0.00135522 -0.00319209 0.00865168 0.00023444 0.00135522 0.00023444 0.00739332)
(0.00721708 -0.000468155 -0.00122689 -0.000468155 0.00747751 -0.00273671 -0.00122689 -0.00273671 0.00462667)
(0.00371287 -0.00163411 -0.000258017 -0.00163411 0.00709837 0.000667 -0.000258017 0.000667 0.0033504)
(0.00296279 0.000134556 -0.000395951 0.000134556 0.00515353 -0.000321888 -0.000395951 -0.000321888 0.00157282)
(0.0148821 -0.0050806 0.000114702 -0.0050806 0.0109273 0.000112986 0.000114702 0.000112986 0.00815243)
(0.00638795 -0.00101637 9.68724e-05 -0.00101637 0.0064127 -0.00210167 9.68724e-05 -0.00210167 0.00328555)
(0.00892534 -0.00476047 0.000670286 -0.00476047 0.0106615 0.00058098 0.000670286 0.00058098 0.00607001)
(0.00107397 -0.0032671 -0.000438071 -0.0032671 0.00820059 -0.00335806 -0.000438071 -0.00335806 0.00498237)
(0.0100373 -0.00224227 0.000130056 -0.00224227 0.0079335 -0.00146521 0.000130056 -0.00146521 0.0031957)
(0.0117058 0.000329586 0.00152762 0.000329586 0.00230112 0.000173584 0.00152762 0.000173584 0.0109378)
(0.00861285 -0.000201491 0.00199076 -0.000201491 0.00517371 0.000726905 0.00199076 0.000726905 0.0120736)
(0.00663213 -0.00120134 -0.000613411 -0.00120134 0.00736123 -0.000404755 -0.000613411 -0.000404755 0.00279815)
