/*--------------------------------*- C++ -*----------------------------------*\
  =========                 |
  \\      /  F ield         | OpenFOAM: The Open Source CFD Toolbox
   \\    /   O peration     | Website:  https://openfoam.org
    \\  /    A nd           | Version:  10
     \\/     M anipulation  |
\*---------------------------------------------------------------------------*/
FoamFile
{
    format      ascii;
    class       volTensorField;
    location    "37.5";
    object      TauNN;
}
// * * * * * * * * * * * * * * * * * * * * * * * * * * * * * * * * * * * * * //

dimensions      [0 2 -2 0 0 0 0];

internalField   nonuniform List<tensor> 
25600
(
(0.0014955 -0.0129808 -0.0151341 -0.0129808 0.000159567 -0.00815271 -0.0151341 -0.00815271 0.000115279)
(0.00149396 -0.0129765 -0.0151331 -0.0129765 0.000158009 -0.00815 -0.0151331 -0.00815 0.000116829)
(0.00148746 -0.0129787 -0.0151346 -0.0129787 0.000159187 -0.00815142 -0.0151346 -0.00815142 0.000115713)
(0.00149904 -0.0129775 -0.0151323 -0.0129775 0.000158126 -0.00815061 -0.0151323 -0.00815061 0.00011625)
(0.00144803 -0.012965 -0.0151463 -0.012965 0.000157784 -0.00814322 -0.0151463 -0.00814322 0.000119806)
(0.00146656 -0.0129782 -0.0151379 -0.0129782 0.000160067 -0.0081512 -0.0151379 -0.0081512 0.000115797)
(0.00149241 -0.0129787 -0.0151345 -0.0129787 0.0001591 -0.00815141 -0.0151345 -0.00815141 0.000115873)
(0.00145406 -0.0129702 -0.0151449 -0.0129702 0.000159103 -0.00814637 -0.0151449 -0.00814637 0.000118883)
(0.00146843 -0.0129811 -0.0151368 -0.0129811 0.000160767 -0.00815308 -0.0151368 -0.00815308 0.000114197)
(0.00146659 -0.012979 -0.0151372 -0.012979 0.000160416 -0.00815188 -0.0151372 -0.00815188 0.000114398)
(0.00150131 -0.0129759 -0.0151305 -0.0129759 0.00015698 -0.00814947 -0.0151305 -0.00814947 0.00011736)
(0.00144047 -0.0129703 -0.0151479 -0.0129703 0.000160321 -0.00814671 -0.0151479 -0.00814671 0.00011782)
(0.00148053 -0.0129742 -0.0151336 -0.0129742 0.000157451 -0.00814852 -0.0151336 -0.00814852 0.000117762)
(0.00147985 -0.0129769 -0.0151377 -0.0129769 0.00015917 -0.00815022 -0.0151377 -0.00815022 0.000117396)
(0.00144394 -0.012978 -0.015143 -0.012978 0.000161681 -0.00815144 -0.015143 -0.00815144 0.000114956)
(0.00146819 -0.0129821 -0.0151362 -0.0129821 0.000160836 -0.00815364 -0.0151362 -0.00815364 0.00011406)
(0.00147817 -0.0129809 -0.0151366 -0.0129809 0.000160426 -0.00815286 -0.0151366 -0.00815286 0.000114898)
(0.00148956 -0.0129794 -0.0151341 -0.0129794 0.000159351 -0.00815191 -0.0151341 -0.00815191 0.000115134)
(0.00148807 -0.0129742 -0.0151331 -0.0129742 0.000157189 -0.00814847 -0.0151331 -0.00814847 0.000117886)
(0.00146688 -0.0129798 -0.0151387 -0.0129798 0.00016069 -0.00815221 -0.0151387 -0.00815221 0.000115246)
(0.00143847 -0.0129823 -0.0151423 -0.0129823 0.000162541 -0.00815395 -0.0151423 -0.00815395 0.000114405)
(0.00149931 -0.01298 -0.0151321 -0.01298 0.000158948 -0.00815225 -0.0151321 -0.00815225 0.000115088)
(0.00149823 -0.0129745 -0.015131 -0.0129745 0.000156662 -0.00814861 -0.015131 -0.00814861 0.000117903)
(0.001471 -0.0129724 -0.015142 -0.0129724 0.00015878 -0.00814746 -0.015142 -0.00814746 0.000118779)
(0.00135095 -0.0129699 -0.0151716 -0.0129699 0.000167252 -0.00814765 -0.0151716 -0.00814765 0.000116965)
(0.00147291 -0.0129767 -0.0151362 -0.0129767 0.000159036 -0.00815019 -0.0151362 -0.00815019 0.000116722)
(0.00149972 -0.0129796 -0.0151326 -0.0129796 0.000158746 -0.0081519 -0.0151326 -0.0081519 0.000115937)
(0.00147461 -0.0129762 -0.015139 -0.0129762 0.000159506 -0.00814995 -0.015139 -0.00814995 0.000116884)
(0.00147482 -0.0129751 -0.0151386 -0.0129751 0.000159042 -0.00814922 -0.0151386 -0.00814922 0.000117297)
(0.00145299 -0.0129766 -0.0151411 -0.0129766 0.000160598 -0.00815042 -0.0151411 -0.00815042 0.000115884)
(0.00147886 -0.012982 -0.0151357 -0.012982 0.000160479 -0.00815349 -0.0151357 -0.00815349 0.000114722)
(0.0014917 -0.0129831 -0.015135 -0.0129831 0.000160598 -0.00815431 -0.015135 -0.00815431 0.000113873)
(0.0014243 -0.0129666 -0.0151559 -0.0129666 0.000160988 -0.00814454 -0.0151559 -0.00814454 0.000119213)
(0.00144099 -0.0129779 -0.0151453 -0.0129779 0.000162011 -0.00815134 -0.0151453 -0.00815134 0.000115909)
(0.00148675 -0.0129774 -0.0151358 -0.0129774 0.000159011 -0.00815059 -0.0151358 -0.00815059 0.000116467)
(0.00147334 -0.0129749 -0.0151368 -0.0129749 0.000158797 -0.00814921 -0.0151368 -0.00814921 0.000116483)
(0.00148182 -0.0129755 -0.0151343 -0.0129755 0.000158078 -0.00814938 -0.0151343 -0.00814938 0.00011715)
(0.00148157 -0.0129764 -0.0151349 -0.0129764 0.000158601 -0.00815002 -0.0151349 -0.00815002 0.000116524)
(0.00148244 -0.0129762 -0.0151341 -0.0129762 0.000158308 -0.00814984 -0.0151341 -0.00814984 0.000116686)
(0.00149018 -0.0129781 -0.015133 -0.0129781 0.000158523 -0.00815099 -0.015133 -0.00815099 0.000116317)
(-5.43922e-05 -0.0128153 -0.0154561 -0.0128153 7.26537e-05 -0.00811449 -0.0154561 -0.00811449 6.69877e-05)
(3.66449e-05 -0.0127907 -0.0154286 -0.0127907 2.02071e-05 -0.00812669 -0.0154286 -0.00812669 5.14888e-05)
(1.40722e-05 -0.0128013 -0.0154407 -0.0128013 4.21866e-05 -0.00811443 -0.0154407 -0.00811443 6.85922e-05)
(-4.03217e-05 -0.0128125 -0.0154529 -0.0128125 5.48118e-05 -0.00811401 -0.0154529 -0.00811401 6.64014e-05)
(0.000323029 -0.0128426 -0.0154258 -0.0128426 0.000129035 -0.00814494 -0.0154258 -0.00814494 3.1673e-05)
(0.000111106 -0.012828 -0.0154168 -0.012828 9.04731e-05 -0.00815066 -0.0154168 -0.00815066 5.02901e-05)
(9.13923e-05 -0.0128055 -0.015425 -0.0128055 6.42366e-05 -0.00814205 -0.015425 -0.00814205 4.46947e-05)
(0.000331457 -0.0128497 -0.0154353 -0.0128497 0.000127407 -0.00814525 -0.0154353 -0.00814525 2.65454e-05)
(4.84366e-05 -0.0128431 -0.0154152 -0.0128431 0.000101826 -0.00810911 -0.0154152 -0.00810911 9.11623e-05)
(-3.51854e-05 -0.0128189 -0.0154595 -0.0128189 7.83457e-05 -0.00810044 -0.0154595 -0.00810044 8.62615e-05)
(3.02912e-05 -0.0128005 -0.01544 -0.0128005 2.79859e-05 -0.00811945 -0.01544 -0.00811945 5.77801e-05)
(0.000165595 -0.012824 -0.0154176 -0.012824 0.000118828 -0.00815052 -0.0154176 -0.00815052 4.45153e-05)
(9.27773e-05 -0.0128131 -0.0154217 -0.0128131 6.186e-05 -0.00814824 -0.0154217 -0.00814824 4.65566e-05)
(0.000150479 -0.0128274 -0.0154275 -0.0128274 0.000114561 -0.00814623 -0.0154275 -0.00814623 3.01235e-05)
(0.00010471 -0.012821 -0.015417 -0.012821 7.37341e-05 -0.00814772 -0.015417 -0.00814772 5.69652e-05)
(-0.000110756 -0.0128304 -0.0154552 -0.0128304 0.000100482 -0.00810409 -0.0154552 -0.00810409 8.41557e-05)
(8.09678e-05 -0.0128066 -0.0154257 -0.0128066 3.67464e-05 -0.00813202 -0.0154257 -0.00813202 4.79995e-05)
(-0.000123397 -0.0128396 -0.0154428 -0.0128396 0.000106329 -0.00811144 -0.0154428 -0.00811144 8.33114e-05)
(4.19415e-05 -0.0127897 -0.0154244 -0.0127897 2.28595e-05 -0.00812949 -0.0154244 -0.00812949 5.33802e-05)
(7.80079e-05 -0.0128032 -0.0154233 -0.0128032 3.83909e-05 -0.00813654 -0.0154233 -0.00813654 5.23358e-05)
(0.000105182 -0.0128219 -0.015421 -0.0128219 5.84525e-05 -0.00813108 -0.015421 -0.00813108 4.67843e-05)
(-3.04065e-05 -0.0128448 -0.0154212 -0.0128448 0.000105872 -0.00811231 -0.0154212 -0.00811231 9.18468e-05)
(6.60046e-05 -0.0127896 -0.0154293 -0.0127896 2.89997e-05 -0.00813433 -0.0154293 -0.00813433 4.75628e-05)
(0.000484751 -0.0128496 -0.0154398 -0.0128496 0.000116442 -0.008141 -0.0154398 -0.008141 2.44328e-05)
(0.000794724 -0.0128713 -0.0154306 -0.0128713 0.000115158 -0.00814741 -0.0154306 -0.00814741 5.63168e-05)
(0.000114512 -0.0128335 -0.015417 -0.0128335 8.64504e-05 -0.00814713 -0.015417 -0.00814713 4.60045e-05)
(2.30295e-05 -0.012802 -0.0154419 -0.012802 3.60303e-05 -0.00811798 -0.0154419 -0.00811798 5.97854e-05)
(0.000329861 -0.0128425 -0.0154374 -0.0128425 0.000124717 -0.00814424 -0.0154374 -0.00814424 2.58301e-05)
(0.000106766 -0.0128159 -0.0154225 -0.0128159 8.04121e-05 -0.0081447 -0.0154225 -0.0081447 4.1686e-05)
(7.96976e-05 -0.0127998 -0.0154179 -0.0127998 2.55609e-05 -0.00812292 -0.0154179 -0.00812292 7.3913e-05)
(4.94767e-05 -0.0128016 -0.0154386 -0.0128016 4.95526e-05 -0.0081117 -0.0154386 -0.0081117 6.98962e-05)
(1.86837e-05 -0.012803 -0.0154478 -0.012803 3.01557e-05 -0.00811865 -0.0154478 -0.00811865 5.08894e-05)
(0.00089005 -0.0128694 -0.0154315 -0.0128694 0.000115338 -0.00814337 -0.0154315 -0.00814337 7.40572e-05)
(0.00013666 -0.0128466 -0.0154267 -0.0128466 0.000127294 -0.00815052 -0.0154267 -0.00815052 3.08192e-05)
(0.000103319 -0.0128146 -0.0154222 -0.0128146 7.69383e-05 -0.00814607 -0.0154222 -0.00814607 4.88651e-05)
(7.07718e-05 -0.0128013 -0.0154258 -0.0128013 2.52946e-05 -0.00812384 -0.0154258 -0.00812384 6.29519e-05)
(4.19703e-05 -0.0128014 -0.015435 -0.0128014 3.36563e-05 -0.00811678 -0.015435 -0.00811678 6.04005e-05)
(7.81422e-05 -0.0128038 -0.0154233 -0.0128038 3.0228e-05 -0.00813069 -0.0154233 -0.00813069 5.6816e-05)
(6.9671e-05 -0.0127994 -0.015423 -0.0127994 2.38737e-05 -0.00812577 -0.015423 -0.00812577 5.76361e-05)
(3.72813e-05 -0.0128021 -0.015437 -0.0128021 4.23141e-05 -0.00811398 -0.015437 -0.00811398 6.74323e-05)
(3.47166e-05 -0.012794 -0.0154339 -0.012794 2.0816e-05 -0.00812571 -0.0154339 -0.00812571 4.28338e-05)
(6.02581e-05 -0.0127958 -0.0154272 -0.0127958 3.30361e-05 -0.00813639 -0.0154272 -0.00813639 4.29265e-05)
(-1.32707e-05 -0.0128038 -0.0154452 -0.0128038 5.43933e-05 -0.00811355 -0.0154452 -0.00811355 7.07925e-05)
(1.43246e-05 -0.0127974 -0.0154407 -0.0127974 2.56262e-05 -0.00812074 -0.0154407 -0.00812074 5.32023e-05)
(-4.64534e-05 -0.0128072 -0.0154469 -0.0128072 5.40656e-05 -0.00810719 -0.0154469 -0.00810719 8.02122e-05)
(0.000104597 -0.0128163 -0.0154156 -0.0128163 6.43751e-05 -0.00814987 -0.0154156 -0.00814987 6.67544e-05)
(0.000363523 -0.0128456 -0.0154335 -0.0128456 0.000119833 -0.00814266 -0.0154335 -0.00814266 2.62199e-05)
(8.63247e-05 -0.0128159 -0.0154212 -0.0128159 5.07725e-05 -0.0081407 -0.0154212 -0.0081407 4.0294e-05)
(0.000168973 -0.0128407 -0.0154044 -0.0128407 9.70896e-05 -0.00810777 -0.0154044 -0.00810777 8.92757e-05)
(8.4921e-05 -0.0128484 -0.015379 -0.0128484 0.000104261 -0.00811284 -0.015379 -0.00811284 9.743e-05)
(4.64256e-05 -0.0127931 -0.0154356 -0.0127931 1.97677e-05 -0.00812657 -0.0154356 -0.00812657 4.24371e-05)
(-0.000201145 -0.0128278 -0.0154521 -0.0128278 0.000108986 -0.00810541 -0.0154521 -0.00810541 8.40305e-05)
(0.000114483 -0.0128228 -0.0154197 -0.0128228 0.000104473 -0.0081553 -0.0154197 -0.0081553 4.68195e-05)
(5.42135e-05 -0.0127956 -0.0154271 -0.0127956 2.47596e-05 -0.00813172 -0.0154271 -0.00813172 3.95577e-05)
(0.000107527 -0.0128171 -0.0154131 -0.0128171 6.18642e-05 -0.00815013 -0.0154131 -0.00815013 7.73568e-05)
(-5.13599e-05 -0.0128099 -0.0154507 -0.0128099 7.22346e-05 -0.00810425 -0.0154507 -0.00810425 8.35658e-05)
(0.000125696 -0.012823 -0.0154215 -0.012823 9.82755e-05 -0.00814659 -0.0154215 -0.00814659 4.02952e-05)
(-9.9059e-05 -0.0128207 -0.0154572 -0.0128207 8.74584e-05 -0.00811205 -0.0154572 -0.00811205 7.25901e-05)
(-3.01304e-05 -0.0128052 -0.0154431 -0.0128052 4.62683e-05 -0.00811723 -0.0154431 -0.00811723 6.18737e-05)
(7.66717e-06 -0.0127929 -0.0154295 -0.0127929 3.03946e-05 -0.00811785 -0.0154295 -0.00811785 6.85337e-05)
(8.44601e-05 -0.0128093 -0.0154227 -0.0128093 3.37211e-05 -0.0081326 -0.0154227 -0.0081326 4.40702e-05)
(-8.75576e-05 -0.0128232 -0.0154598 -0.0128232 8.93713e-05 -0.00810631 -0.0154598 -0.00810631 8.04174e-05)
(6.73885e-05 -0.0127849 -0.0154316 -0.0127849 2.69966e-05 -0.00813362 -0.0154316 -0.00813362 4.6401e-05)
(8.75909e-05 -0.012787 -0.0154278 -0.012787 6.10454e-05 -0.00814742 -0.0154278 -0.00814742 5.26711e-05)
(3.3613e-05 -0.0127918 -0.0154215 -0.0127918 3.21106e-05 -0.00811495 -0.0154215 -0.00811495 8.28994e-05)
(0.000117697 -0.0128369 -0.0154143 -0.0128369 9.75962e-05 -0.00815102 -0.0154143 -0.00815102 5.21463e-05)
(0.00025654 -0.0128379 -0.0154337 -0.0128379 0.000125147 -0.0081454 -0.0154337 -0.0081454 2.79201e-05)
(0.00020889 -0.0128295 -0.0154313 -0.0128295 0.000123701 -0.00814617 -0.0154313 -0.00814617 2.89615e-05)
(4.37663e-05 -0.0127997 -0.0154353 -0.0127997 3.76824e-05 -0.00811345 -0.0154353 -0.00811345 7.36115e-05)
(-2.09883e-05 -0.0128328 -0.0154276 -0.0128328 0.000109346 -0.00810624 -0.0154276 -0.00810624 8.66332e-05)
(6.25095e-05 -0.0127959 -0.0154193 -0.0127959 2.26588e-05 -0.00812633 -0.0154193 -0.00812633 5.88788e-05)
(0.000423092 -0.0128441 -0.0154423 -0.0128441 0.000115839 -0.00814035 -0.0154423 -0.00814035 2.55199e-05)
(-0.000188222 -0.0128365 -0.0154489 -0.0128365 0.000107147 -0.00811061 -0.0154489 -0.00811061 7.55147e-05)
(8.30503e-05 -0.0128027 -0.01542 -0.0128027 2.89457e-05 -0.00813361 -0.01542 -0.00813361 4.0498e-05)
(8.36592e-05 -0.0128059 -0.0154207 -0.0128059 4.57085e-05 -0.00814101 -0.0154207 -0.00814101 6.35567e-05)
(2.64372e-05 -0.0128052 -0.015444 -0.0128052 4.7391e-05 -0.008114 -0.015444 -0.008114 6.78971e-05)
(-4.61222e-05 -0.0128156 -0.0154541 -0.0128156 7.48769e-05 -0.0081099 -0.0154541 -0.0081099 7.15846e-05)
(-7.81829e-06 -0.0128097 -0.0154484 -0.0128097 5.83616e-05 -0.00810566 -0.0154484 -0.00810566 8.0359e-05)
(2.49723e-05 -0.0127985 -0.015433 -0.0127985 3.82483e-05 -0.0081171 -0.015433 -0.0081171 6.50516e-05)
(4.352e-05 -0.0127963 -0.0154276 -0.0127963 3.16947e-05 -0.00811707 -0.0154276 -0.00811707 6.395e-05)
(7.72637e-05 -0.0128038 -0.0154289 -0.0128038 5.83665e-05 -0.00813799 -0.0154289 -0.00813799 2.83293e-05)
(7.69913e-05 -0.012803 -0.0154264 -0.012803 4.88086e-05 -0.0081403 -0.0154264 -0.0081403 4.18676e-05)
(1.14467e-05 -0.0127991 -0.0154384 -0.0127991 4.28841e-05 -0.00811514 -0.0154384 -0.00811514 6.98685e-05)
(9.4301e-05 -0.012798 -0.0154279 -0.012798 6.65339e-05 -0.00814126 -0.0154279 -0.00814126 3.61257e-05)
(0.000116279 -0.0128512 -0.0153669 -0.0128512 0.00011259 -0.00811976 -0.0153669 -0.00811976 9.93773e-05)
(7.55079e-05 -0.0127979 -0.0154183 -0.0127979 3.43902e-05 -0.00813948 -0.0154183 -0.00813948 7.87837e-05)
(0.000175985 -0.012822 -0.0154168 -0.012822 0.000118233 -0.00814827 -0.0154168 -0.00814827 4.50946e-05)
(7.20824e-05 -0.0128024 -0.0154402 -0.0128024 5.67626e-05 -0.00811418 -0.0154402 -0.00811418 7.33805e-05)
(0.000124853 -0.0128042 -0.0154098 -0.0128042 3.44998e-05 -0.00811964 -0.0154098 -0.00811964 0.000101352)
(-0.000132846 -0.0128395 -0.0154291 -0.0128395 0.000106985 -0.0081029 -0.0154291 -0.0081029 9.01619e-05)
(2.59456e-05 -0.012797 -0.015442 -0.012797 2.42565e-05 -0.00812712 -0.015442 -0.00812712 4.14258e-05)
(0.000110006 -0.0128467 -0.015377 -0.0128467 0.000117232 -0.00811857 -0.015377 -0.00811857 9.67795e-05)
(9.68936e-05 -0.0128061 -0.0154182 -0.0128061 5.61534e-05 -0.0081506 -0.0154182 -0.0081506 7.83017e-05)
(2.01381e-05 -0.0127933 -0.0154292 -0.0127933 2.81425e-05 -0.00811869 -0.0154292 -0.00811869 6.26547e-05)
(8.36582e-05 -0.0127975 -0.0154105 -0.0127975 2.99593e-05 -0.00813436 -0.0154105 -0.00813436 8.64272e-05)
(7.42727e-05 -0.0127973 -0.0154167 -0.0127973 3.07196e-05 -0.00813627 -0.0154167 -0.00813627 7.44276e-05)
(9.10217e-05 -0.0128079 -0.0154231 -0.0128079 5.55937e-05 -0.00814285 -0.0154231 -0.00814285 5.03752e-05)
(7.29087e-05 -0.0128033 -0.0154235 -0.0128033 3.69824e-05 -0.00813856 -0.0154235 -0.00813856 4.4141e-05)
(-6.14676e-06 -0.0128032 -0.0154424 -0.0128032 3.93506e-05 -0.00811874 -0.0154424 -0.00811874 5.7532e-05)
(-5.32296e-05 -0.0128042 -0.0154416 -0.0128042 5.29181e-05 -0.00811339 -0.0154416 -0.00811339 7.3793e-05)
(0.000118001 -0.0128368 -0.0154222 -0.0128368 0.000124643 -0.0081528 -0.0154222 -0.0081528 3.50409e-05)
(5.56437e-05 -0.0127948 -0.015423 -0.0127948 2.3735e-05 -0.00812314 -0.015423 -0.00812314 6.92297e-05)
(4.67303e-05 -0.0127861 -0.0154344 -0.0127861 1.85722e-05 -0.00812718 -0.0154344 -0.00812718 4.97002e-05)
(-7.94779e-05 -0.0128109 -0.0154486 -0.0128109 5.76684e-05 -0.00811109 -0.0154486 -0.00811109 7.81586e-05)
(0.000556759 -0.0128687 -0.0152861 -0.0128687 0.000117134 -0.00813374 -0.0152861 -0.00813374 0.000108041)
(0.000115762 -0.012822 -0.0154136 -0.012822 7.98513e-05 -0.00815257 -0.0154136 -0.00815257 6.81759e-05)
(0.000543537 -0.0128563 -0.0154409 -0.0128563 0.000116239 -0.00814141 -0.0154409 -0.00814141 2.68498e-05)
(6.70088e-05 -0.0128004 -0.0154282 -0.0128004 3.48573e-05 -0.00813465 -0.0154282 -0.00813465 3.80612e-05)
(6.4539e-05 -0.0127973 -0.015428 -0.0127973 4.02623e-05 -0.00811123 -0.015428 -0.00811123 8.70535e-05)
(0.000400176 -0.0128547 -0.0153196 -0.0128547 0.00010024 -0.0081243 -0.0153196 -0.0081243 0.000103073)
(-2.25926e-05 -0.0128034 -0.0154416 -0.0128034 4.44087e-05 -0.00811002 -0.0154416 -0.00811002 7.67292e-05)
(0.000730589 -0.0128614 -0.0154401 -0.0128614 0.000108862 -0.00814069 -0.0154401 -0.00814069 3.98341e-05)
(0.000758772 -0.0128714 -0.0152262 -0.0128714 0.000101537 -0.00814453 -0.0152262 -0.00814453 0.000128485)
(-1.6668e-05 -0.0127983 -0.0154387 -0.0127983 4.7362e-05 -0.00812126 -0.0154387 -0.00812126 5.76913e-05)
(6.7912e-05 -0.0127951 -0.0154172 -0.0127951 2.60641e-05 -0.0081289 -0.0154172 -0.0081289 8.90878e-05)
(-6.51325e-06 -0.0128111 -0.0154543 -0.0128111 6.7462e-05 -0.00811733 -0.0154543 -0.00811733 6.79531e-05)
(-1.66871e-05 -0.0128094 -0.0154491 -0.0128094 6.30628e-05 -0.00811155 -0.0154491 -0.00811155 6.94853e-05)
(-0.000168409 -0.0128336 -0.015443 -0.0128336 0.000109819 -0.00810612 -0.015443 -0.00810612 8.55653e-05)
(-5.08683e-05 -0.0128128 -0.0154504 -0.0128128 6.9867e-05 -0.00811708 -0.0154504 -0.00811708 6.64098e-05)
(6.19909e-05 -0.0127965 -0.0154205 -0.0127965 2.40366e-05 -0.00812959 -0.0154205 -0.00812959 5.22741e-05)
(0.00013859 -0.0128217 -0.0154291 -0.0128217 0.000110914 -0.0081448 -0.0154291 -0.0081448 2.89222e-05)
(6.82473e-05 -0.0128005 -0.0154255 -0.0128005 3.21882e-05 -0.00813473 -0.0154255 -0.00813473 4.66814e-05)
(1.80811e-05 -0.0127959 -0.0154327 -0.0127959 3.42044e-05 -0.00811575 -0.0154327 -0.00811575 7.18451e-05)
(0.000377963 -0.0128456 -0.0154449 -0.0128456 0.000120027 -0.0081416 -0.0154449 -0.0081416 2.75967e-05)
(-0.000106141 -0.0128422 -0.0154199 -0.0128422 0.000113805 -0.00811243 -0.0154199 -0.00811243 8.86684e-05)
(-8.99864e-06 -0.0127953 -0.0154319 -0.0127953 3.34888e-05 -0.00811334 -0.0154319 -0.00811334 8.32114e-05)
(-0.000178124 -0.0128194 -0.0154666 -0.0128194 9.52056e-05 -0.00809629 -0.0154666 -0.00809629 8.88303e-05)
(1.15229e-05 -0.0128148 -0.0154506 -0.0128148 9.3601e-05 -0.00811481 -0.0154506 -0.00811481 7.99705e-05)
(0.000139114 -0.0128379 -0.0153994 -0.0128379 0.00011841 -0.00814953 -0.0153994 -0.00814953 7.59471e-05)
(6.30403e-06 -0.0128129 -0.0154532 -0.0128129 5.62414e-05 -0.00810261 -0.0154532 -0.00810261 0.000105531)
(-1.09984e-05 -0.0128115 -0.0154522 -0.0128115 4.6782e-05 -0.00812873 -0.0154522 -0.00812873 4.86911e-05)
(-8.91326e-05 -0.0128405 -0.0154183 -0.0128405 0.000117698 -0.00811534 -0.0154183 -0.00811534 8.86818e-05)
(-7.69197e-05 -0.0128147 -0.0154566 -0.0128147 7.1032e-05 -0.00809918 -0.0154566 -0.00809918 9.18667e-05)
(5.05591e-05 -0.0127918 -0.015419 -0.0127918 2.29254e-05 -0.00812814 -0.015419 -0.00812814 6.71865e-05)
(-8.34457e-05 -0.0128071 -0.0154469 -0.0128071 7.74894e-05 -0.00810621 -0.0154469 -0.00810621 8.55351e-05)
(9.12739e-05 -0.0128054 -0.0154166 -0.0128054 5.94678e-05 -0.00815205 -0.0154166 -0.00815205 7.96606e-05)
(-3.19033e-05 -0.0128048 -0.0154458 -0.0128048 5.42747e-05 -0.00811246 -0.0154458 -0.00811246 7.50702e-05)
(0.000134552 -0.0128325 -0.0154229 -0.0128325 0.000118505 -0.0081508 -0.0154229 -0.0081508 3.49285e-05)
(4.52585e-05 -0.0127931 -0.0154257 -0.0127931 2.15607e-05 -0.00812501 -0.0154257 -0.00812501 5.84091e-05)
(-3.20574e-05 -0.012803 -0.0154424 -0.012803 4.28258e-05 -0.00811391 -0.0154424 -0.00811391 7.04205e-05)
(0.000207971 -0.0128447 -0.0154243 -0.0128447 0.000134439 -0.00814808 -0.0154243 -0.00814808 3.1542e-05)
(0.000101508 -0.012814 -0.0154178 -0.012814 6.93834e-05 -0.00815269 -0.0154178 -0.00815269 6.44772e-05)
(1.42776e-05 -0.0127957 -0.0154395 -0.0127957 2.55424e-05 -0.0081217 -0.0154395 -0.0081217 5.51829e-05)
(-7.0584e-05 -0.0128088 -0.0154478 -0.0128088 6.27506e-05 -0.00811148 -0.0154478 -0.00811148 7.89896e-05)
(0.000281413 -0.0128482 -0.0153594 -0.0128482 0.000111786 -0.00812144 -0.0153594 -0.00812144 9.76152e-05)
(6.1968e-05 -0.012793 -0.0154203 -0.012793 3.03572e-05 -0.0081373 -0.0154203 -0.0081373 7.76822e-05)
(0.000237096 -0.0128368 -0.0154267 -0.0128368 0.00012593 -0.00814665 -0.0154267 -0.00814665 3.11334e-05)
(4.3408e-05 -0.0127939 -0.0154311 -0.0127939 2.53159e-05 -0.00812295 -0.0154311 -0.00812295 5.71012e-05)
(0.000121706 -0.0128162 -0.0154086 -0.0128162 5.43284e-05 -0.00814685 -0.0154086 -0.00814685 8.48808e-05)
(0.000220235 -0.0128445 -0.0153759 -0.0128445 0.00010134 -0.00811648 -0.0153759 -0.00811648 9.66673e-05)
(-0.000225931 -0.012839 -0.0154462 -0.012839 0.000109512 -0.00810761 -0.0154462 -0.00810761 8.25037e-05)
(0.000382351 -0.0128488 -0.0154258 -0.0128488 0.00012242 -0.00814222 -0.0154258 -0.00814222 3.01668e-05)
(0.000361899 -0.0128616 -0.0153475 -0.0128616 0.000110409 -0.00813649 -0.0153475 -0.00813649 0.000106208)
(4.86474e-06 -0.0127907 -0.0154344 -0.0127907 2.42235e-05 -0.00812628 -0.0154344 -0.00812628 4.24992e-05)
(7.04179e-05 -0.0127947 -0.0154144 -0.0127947 2.87539e-05 -0.00813208 -0.0154144 -0.00813208 0.000106794)
(-3.06465e-05 -0.012812 -0.0154546 -0.012812 7.56081e-05 -0.00811478 -0.0154546 -0.00811478 7.37608e-05)
(5.11465e-05 -0.0127955 -0.0154266 -0.0127955 2.39164e-05 -0.00812281 -0.0154266 -0.00812281 5.34137e-05)
(-0.00010575 -0.0128385 -0.0154236 -0.0128385 0.000116742 -0.00811204 -0.0154236 -0.00811204 8.73387e-05)
(-0.000119497 -0.0128274 -0.0154552 -0.0128274 9.22562e-05 -0.00811761 -0.0154552 -0.00811761 6.81705e-05)
(7.02869e-05 -0.0127992 -0.015422 -0.0127992 3.8718e-05 -0.00814167 -0.015422 -0.00814167 5.62691e-05)
(0.000105374 -0.0128139 -0.0154263 -0.0128139 9.14783e-05 -0.00814545 -0.0154263 -0.00814545 3.14494e-05)
(5.72144e-05 -0.012795 -0.0154253 -0.012795 2.30461e-05 -0.00812355 -0.0154253 -0.00812355 6.05212e-05)
(2.36236e-05 -0.0127912 -0.0154277 -0.0127912 2.35571e-05 -0.00812051 -0.0154277 -0.00812051 7.05837e-05)
(0.00052589 -0.0128541 -0.0154507 -0.0128541 0.000114477 -0.00813996 -0.0154507 -0.00813996 3.23636e-05)
(1.92324e-05 -0.0127972 -0.0154329 -0.0127972 4.08342e-05 -0.00811254 -0.0154329 -0.00811254 7.2774e-05)
(-0.000180054 -0.0128247 -0.0154535 -0.0128247 0.00010199 -0.0081086 -0.0154535 -0.0081086 8.07979e-05)
(-0.000162063 -0.0128224 -0.0154733 -0.0128224 9.59274e-05 -0.00809331 -0.0154733 -0.00809331 8.77244e-05)
(-8.04011e-05 -0.0128125 -0.0154522 -0.0128125 9.03109e-05 -0.00810754 -0.0154522 -0.00810754 8.17473e-05)
(0.000102138 -0.0128056 -0.0154076 -0.0128056 5.00841e-05 -0.00815037 -0.0154076 -0.00815037 9.63715e-05)
(6.54965e-05 -0.012797 -0.0154205 -0.012797 2.70146e-05 -0.00812463 -0.0154205 -0.00812463 9.62621e-05)
(-1.53009e-05 -0.012811 -0.0154539 -0.012811 5.11336e-05 -0.00812851 -0.0154539 -0.00812851 5.15644e-05)
(-0.000161495 -0.0128323 -0.0154485 -0.0128323 0.000106716 -0.00811492 -0.0154485 -0.00811492 7.73454e-05)
(-0.000198669 -0.0128323 -0.0154519 -0.0128323 0.000105575 -0.00810198 -0.0154519 -0.00810198 8.67485e-05)
(4.04064e-05 -0.0127914 -0.0154196 -0.0127914 2.50604e-05 -0.00812027 -0.0154196 -0.00812027 8.43456e-05)
(-0.000127091 -0.0128207 -0.0154518 -0.0128207 0.000103908 -0.00810642 -0.0154518 -0.00810642 8.30475e-05)
(9.64796e-05 -0.0128041 -0.0154126 -0.0128041 5.99872e-05 -0.00815393 -0.0154126 -0.00815393 0.000100056)
(-0.000144606 -0.0128195 -0.0154554 -0.0128195 9.2272e-05 -0.008108 -0.0154554 -0.008108 8.05965e-05)
(0.000132967 -0.0128265 -0.0154256 -0.0128265 0.000112484 -0.00814867 -0.0154256 -0.00814867 3.23311e-05)
(5.71217e-05 -0.0127938 -0.0154205 -0.0127938 2.32022e-05 -0.00812609 -0.0154205 -0.00812609 6.80925e-05)
(-8.65988e-06 -0.0127984 -0.0154395 -0.0127984 3.20344e-05 -0.00811616 -0.0154395 -0.00811616 6.78873e-05)
(5.56571e-05 -0.0127912 -0.015413 -0.0127912 2.6302e-05 -0.00813126 -0.015413 -0.00813126 8.03291e-05)
(0.000111622 -0.0128198 -0.0154137 -0.0128198 7.63863e-05 -0.00815445 -0.0154137 -0.00815445 7.16271e-05)
(-5.62636e-05 -0.0128139 -0.0154516 -0.0128139 5.64672e-05 -0.00811884 -0.0154516 -0.00811884 5.95792e-05)
(1.55701e-05 -0.0127917 -0.0154307 -0.0127917 2.67928e-05 -0.00812077 -0.0154307 -0.00812077 6.33005e-05)
(-6.83986e-05 -0.0128079 -0.0154503 -0.0128079 6.60023e-05 -0.00810485 -0.0154503 -0.00810485 8.59085e-05)
(-1.27491e-05 -0.0127971 -0.0154371 -0.0127971 3.3163e-05 -0.00811735 -0.0154371 -0.00811735 6.47962e-05)
(5.3278e-05 -0.0127934 -0.0154265 -0.0127934 2.26351e-05 -0.00812989 -0.0154265 -0.00812989 4.95258e-05)
(2.65938e-06 -0.012799 -0.0154407 -0.012799 4.62004e-05 -0.00811725 -0.0154407 -0.00811725 6.82674e-05)
(0.000131784 -0.0128191 -0.0154038 -0.0128191 6.24334e-05 -0.00815203 -0.0154038 -0.00815203 9.82849e-05)
(6.953e-05 -0.0127944 -0.0154218 -0.0127944 3.35001e-05 -0.00811644 -0.0154218 -0.00811644 8.01612e-05)
(-0.000168865 -0.0128321 -0.0154587 -0.0128321 8.71835e-05 -0.00810588 -0.0154587 -0.00810588 7.79569e-05)
(-0.000116407 -0.0128144 -0.0154616 -0.0128144 7.84861e-05 -0.00809777 -0.0154616 -0.00809777 9.14924e-05)
(6.72471e-05 -0.012798 -0.0154288 -0.012798 2.47268e-05 -0.00813107 -0.0154288 -0.00813107 4.18226e-05)
(6.20297e-05 -0.0127924 -0.0154285 -0.0127924 4.53617e-05 -0.00814194 -0.0154285 -0.00814194 3.93207e-05)
(0.000103573 -0.0128055 -0.0154085 -0.0128055 5.13788e-05 -0.00815065 -0.0154085 -0.00815065 0.000112206)
(3.4146e-05 -0.0127982 -0.0154315 -0.0127982 4.11554e-05 -0.00811056 -0.0154315 -0.00811056 8.70789e-05)
(5.91577e-05 -0.0127963 -0.0154277 -0.0127963 2.36804e-05 -0.00812516 -0.0154277 -0.00812516 5.1411e-05)
(-0.00010122 -0.0128129 -0.0154517 -0.0128129 8.11044e-05 -0.00810699 -0.0154517 -0.00810699 8.08191e-05)
(-5.56012e-05 -0.012816 -0.0154531 -0.012816 6.23698e-05 -0.00811514 -0.0154531 -0.00811514 6.50357e-05)
(3.83483e-05 -0.0127893 -0.0154219 -0.0127893 2.40554e-05 -0.0081265 -0.0154219 -0.0081265 8.41111e-05)
(4.06793e-05 -0.0127904 -0.0154261 -0.0127904 2.17114e-05 -0.0081305 -0.0154261 -0.0081305 4.61333e-05)
(3.96763e-06 -0.0127996 -0.015441 -0.0127996 5.26205e-05 -0.00811295 -0.015441 -0.00811295 7.54969e-05)
(5.12367e-05 -0.0127868 -0.0154262 -0.0127868 2.61384e-05 -0.00813529 -0.0154262 -0.00813529 7.0834e-05)
(0.000213538 -0.0128333 -0.0154319 -0.0128333 0.000123328 -0.00814545 -0.0154319 -0.00814545 2.98547e-05)
(7.54874e-05 -0.0127924 -0.0154142 -0.0127924 3.1528e-05 -0.00811851 -0.0154142 -0.00811851 8.02465e-05)
(-7.92343e-05 -0.0128386 -0.0154221 -0.0128386 0.00011652 -0.00811247 -0.0154221 -0.00811247 8.74635e-05)
(5.44968e-05 -0.0127927 -0.0154198 -0.0127927 2.58933e-05 -0.00812825 -0.0154198 -0.00812825 9.75143e-05)
(-8.21197e-05 -0.0128087 -0.0154483 -0.0128087 7.77842e-05 -0.00810783 -0.0154483 -0.00810783 8.59607e-05)
(6.14332e-05 -0.0127886 -0.0154058 -0.0127886 2.98432e-05 -0.00813369 -0.0154058 -0.00813369 9.16173e-05)
(1.14092e-05 -0.0127993 -0.0154406 -0.0127993 3.92716e-05 -0.00811662 -0.0154406 -0.00811662 6.68378e-05)
(5.8078e-06 -0.0128057 -0.0154504 -0.0128057 4.26547e-05 -0.0081262 -0.0154504 -0.0081262 5.15922e-05)
(-3.84112e-05 -0.01281 -0.0154513 -0.01281 5.74784e-05 -0.00811913 -0.0154513 -0.00811913 6.21891e-05)
(-0.000158288 -0.0128294 -0.0154568 -0.0128294 9.45479e-05 -0.00810655 -0.0154568 -0.00810655 7.9035e-05)
(1.63691e-05 -0.0127938 -0.0154256 -0.0127938 3.23189e-05 -0.0081134 -0.0154256 -0.0081134 8.98834e-05)
(-0.000142251 -0.0128209 -0.0154538 -0.0128209 0.000101584 -0.00810538 -0.0154538 -0.00810538 8.3704e-05)
(7.55885e-05 -0.0127954 -0.0154142 -0.0127954 3.71326e-05 -0.00814362 -0.0154142 -0.00814362 0.000107921)
(-5.36419e-05 -0.0128041 -0.0154435 -0.0128041 5.38786e-05 -0.00810795 -0.0154435 -0.00810795 8.57269e-05)
(6.25445e-05 -0.012799 -0.0154281 -0.012799 3.7056e-05 -0.00813712 -0.0154281 -0.00813712 3.55826e-05)
(6.03203e-05 -0.0127939 -0.0154196 -0.0127939 2.3388e-05 -0.00812762 -0.0154196 -0.00812762 6.14758e-05)
(-8.80995e-06 -0.0127977 -0.0154373 -0.0127977 3.31567e-05 -0.0081156 -0.0154373 -0.0081156 7.38095e-05)
(-0.000160115 -0.0128161 -0.0154624 -0.0128161 9.26172e-05 -0.0080975 -0.0154624 -0.0080975 8.93215e-05)
(8.82255e-05 -0.0128009 -0.0154137 -0.0128009 2.8076e-05 -0.00813147 -0.0154137 -0.00813147 6.79124e-05)
(-2.76971e-05 -0.0128097 -0.015449 -0.0128097 4.72585e-05 -0.00812398 -0.015449 -0.00812398 5.28854e-05)
(3.48412e-05 -0.01279 -0.0154281 -0.01279 2.07119e-05 -0.00812637 -0.0154281 -0.00812637 5.4995e-05)
(5.64517e-06 -0.0127955 -0.0154318 -0.0127955 3.71005e-05 -0.0081111 -0.0154318 -0.0081111 8.79386e-05)
(-0.000117798 -0.0128249 -0.0154562 -0.0128249 8.51418e-05 -0.00812078 -0.0154562 -0.00812078 6.19061e-05)
(7.98613e-06 -0.0127941 -0.0154354 -0.0127941 3.07767e-05 -0.00812362 -0.0154354 -0.00812362 5.43207e-05)
(-8.75915e-05 -0.0128149 -0.0154536 -0.0128149 8.35925e-05 -0.00811479 -0.0154536 -0.00811479 7.30408e-05)
(8.55223e-05 -0.0127936 -0.0154115 -0.0127936 3.85319e-05 -0.00811405 -0.0154115 -0.00811405 0.000109858)
(0.000112119 -0.0128279 -0.0154114 -0.0128279 9.79596e-05 -0.00815557 -0.0154114 -0.00815557 6.58892e-05)
(-5.37495e-05 -0.0128077 -0.0154484 -0.0128077 4.5885e-05 -0.00810657 -0.0154484 -0.00810657 8.60888e-05)
(7.18462e-07 -0.0128348 -0.0154194 -0.0128348 0.00010678 -0.00810637 -0.0154194 -0.00810637 8.85632e-05)
(1.3899e-05 -0.0127986 -0.0154397 -0.0127986 3.54972e-05 -0.00812154 -0.0154397 -0.00812154 5.97632e-05)
(2.16902e-05 -0.0127848 -0.0154269 -0.0127848 2.16569e-05 -0.00812844 -0.0154269 -0.00812844 5.81495e-05)
(8.73408e-05 -0.0127964 -0.0154101 -0.0127964 3.03597e-05 -0.00813166 -0.0154101 -0.00813166 0.000112018)
(7.81611e-05 -0.012796 -0.0154153 -0.012796 2.77015e-05 -0.00811928 -0.0154153 -0.00811928 9.1229e-05)
(2.27142e-05 -0.0128026 -0.0154487 -0.0128026 4.81456e-05 -0.00812493 -0.0154487 -0.00812493 5.6024e-05)
(4.72295e-05 -0.0127911 -0.015418 -0.0127911 2.48052e-05 -0.0081227 -0.015418 -0.0081227 7.57859e-05)
(4.05187e-05 -0.0127902 -0.0154293 -0.0127902 2.03325e-05 -0.00812697 -0.0154293 -0.00812697 5.33819e-05)
(-8.59024e-05 -0.0128126 -0.0154549 -0.0128126 6.47504e-05 -0.00810049 -0.0154549 -0.00810049 9.15777e-05)
(9.173e-06 -0.012792 -0.0154284 -0.012792 2.72591e-05 -0.00811768 -0.0154284 -0.00811768 6.8799e-05)
(-9.15559e-05 -0.0128144 -0.015454 -0.0128144 8.872e-05 -0.00811105 -0.015454 -0.00811105 7.74178e-05)
(9.07014e-05 -0.0127871 -0.015426 -0.0127871 5.53941e-05 -0.00814959 -0.015426 -0.00814959 7.42097e-05)
(5.23731e-05 -0.0127907 -0.0154202 -0.0127907 2.52417e-05 -0.00813233 -0.0154202 -0.00813233 7.345e-05)
(0.000113253 -0.0128041 -0.0154095 -0.0128041 3.39793e-05 -0.00813691 -0.0154095 -0.00813691 6.59304e-05)
(-0.00013906 -0.0128362 -0.015433 -0.0128362 0.000112389 -0.00810755 -0.015433 -0.00810755 8.72201e-05)
(3.84522e-05 -0.0127859 -0.0154213 -0.0127859 2.72082e-05 -0.00813561 -0.0154213 -0.00813561 7.67574e-05)
(5.53961e-06 -0.0127897 -0.0154229 -0.0127897 3.50649e-05 -0.00811788 -0.0154229 -0.00811788 8.22946e-05)
(6.53551e-05 -0.012793 -0.015411 -0.012793 3.22902e-05 -0.00813864 -0.015411 -0.00813864 7.75273e-05)
(2.74958e-05 -0.0127974 -0.0154407 -0.0127974 3.34403e-05 -0.00812198 -0.0154407 -0.00812198 5.82411e-05)
(-6.58983e-05 -0.0128276 -0.0154602 -0.0128276 8.35854e-05 -0.00812075 -0.0154602 -0.00812075 6.4763e-05)
(3.59843e-05 -0.0127972 -0.0154358 -0.0127972 2.4772e-05 -0.00812184 -0.0154358 -0.00812184 5.33616e-05)
(-1.92436e-05 -0.012808 -0.0154483 -0.012808 4.46906e-05 -0.00811522 -0.0154483 -0.00811522 6.00649e-05)
(3.55879e-05 -0.0127908 -0.0154197 -0.0127908 2.60446e-05 -0.00811915 -0.0154197 -0.00811915 8.56956e-05)
(-5.63567e-05 -0.0128044 -0.015445 -0.0128044 6.334e-05 -0.00810797 -0.015445 -0.00810797 8.24968e-05)
(2.99348e-05 -0.0127906 -0.0154216 -0.0127906 2.60678e-05 -0.00812064 -0.0154216 -0.00812064 9.23034e-05)
(3.37147e-05 -0.0127911 -0.0154227 -0.0127911 2.49167e-05 -0.00812097 -0.0154227 -0.00812097 8.68063e-05)
(-6.39215e-05 -0.012812 -0.015453 -0.012812 6.68226e-05 -0.00811578 -0.015453 -0.00811578 6.59893e-05)
(7.90326e-05 -0.0128024 -0.0154189 -0.0128024 3.9152e-05 -0.00814166 -0.0154189 -0.00814166 6.22167e-05)
(-1.99372e-05 -0.0127981 -0.0154369 -0.0127981 3.87621e-05 -0.00811183 -0.0154369 -0.00811183 8.11267e-05)
(-6.44751e-05 -0.0128271 -0.0154398 -0.0128271 0.000111613 -0.00810541 -0.0154398 -0.00810541 8.57149e-05)
(6.06197e-05 -0.0127953 -0.0154231 -0.0127953 2.43259e-05 -0.00812193 -0.0154231 -0.00812193 5.96661e-05)
(-8.17036e-05 -0.0128236 -0.0154541 -0.0128236 7.27885e-05 -0.00812543 -0.0154541 -0.00812543 5.28544e-05)
(-3.57908e-05 -0.0128058 -0.0154471 -0.0128058 5.44839e-05 -0.00811575 -0.0154471 -0.00811575 6.84212e-05)
(1.24967e-05 -0.0127929 -0.015429 -0.0127929 3.52691e-05 -0.00811547 -0.015429 -0.00811547 7.85828e-05)
(-0.000105213 -0.0128171 -0.0154552 -0.0128171 7.29265e-05 -0.00811495 -0.0154552 -0.00811495 6.77774e-05)
(5.79531e-05 -0.0127934 -0.0154246 -0.0127934 3.32885e-05 -0.00813859 -0.0154246 -0.00813859 4.89792e-05)
(-2.62644e-05 -0.0128029 -0.0154449 -0.0128029 5.84472e-05 -0.00811853 -0.0154449 -0.00811853 6.72776e-05)
(-3.7319e-05 -0.0128036 -0.0154435 -0.0128036 7.04169e-05 -0.00810223 -0.0154435 -0.00810223 9.82457e-05)
(0.00011373 -0.0128217 -0.0154115 -0.0128217 8.60695e-05 -0.00815584 -0.0154115 -0.00815584 7.27097e-05)
(-2.88729e-05 -0.0128028 -0.0154418 -0.0128028 4.24765e-05 -0.00810699 -0.0154418 -0.00810699 0.000103347)
(-0.000182308 -0.0128235 -0.0154591 -0.0128235 0.000104178 -0.00809952 -0.0154591 -0.00809952 8.50379e-05)
(3.35094e-05 -0.0127898 -0.0154312 -0.0127898 2.13416e-05 -0.00812801 -0.0154312 -0.00812801 4.9087e-05)
(-1.65325e-05 -0.0127954 -0.0154354 -0.0127954 3.21641e-05 -0.00811674 -0.0154354 -0.00811674 7.07918e-05)
(3.03615e-05 -0.0127962 -0.0154276 -0.0127962 4.30296e-05 -0.00810794 -0.0154276 -0.00810794 0.000100306)
(6.79594e-05 -0.0127943 -0.0154188 -0.0127943 2.69791e-05 -0.00811843 -0.0154188 -0.00811843 7.644e-05)
(2.27904e-05 -0.0128008 -0.0154499 -0.0128008 4.38166e-05 -0.00812853 -0.0154499 -0.00812853 5.23349e-05)
(4.98195e-05 -0.0127915 -0.0154215 -0.0127915 2.30976e-05 -0.00812894 -0.0154215 -0.00812894 6.52459e-05)
(8.53541e-05 -0.0127999 -0.0154254 -0.0127999 5.39138e-05 -0.00814481 -0.0154254 -0.00814481 4.774e-05)
(-0.000114086 -0.0128156 -0.0154595 -0.0128156 7.63413e-05 -0.00809895 -0.0154595 -0.00809895 8.87988e-05)
(2.74639e-05 -0.0127906 -0.0154211 -0.0127906 2.60124e-05 -0.00811839 -0.0154211 -0.00811839 8.84902e-05)
(-2.79526e-05 -0.0127997 -0.0154406 -0.0127997 5.02706e-05 -0.00811543 -0.0154406 -0.00811543 7.11638e-05)
(9.58876e-05 -0.0127866 -0.0154274 -0.0127866 6.67802e-05 -0.00815064 -0.0154274 -0.00815064 6.1491e-05)
(-7.71239e-05 -0.012805 -0.0154488 -0.012805 6.38878e-05 -0.00810409 -0.0154488 -0.00810409 8.99664e-05)
(0.000119872 -0.0128325 -0.0154163 -0.0128325 8.69356e-05 -0.00815144 -0.0154163 -0.00815144 5.52046e-05)
(-1.39601e-05 -0.0127987 -0.0154354 -0.0127987 4.17184e-05 -0.00810975 -0.0154354 -0.00810975 8.37569e-05)
(-4.39739e-05 -0.0128009 -0.0154415 -0.0128009 4.15486e-05 -0.00811123 -0.0154415 -0.00811123 8.17055e-05)
(7.38632e-05 -0.0127962 -0.0154136 -0.0127962 3.54604e-05 -0.00814149 -0.0154136 -0.00814149 8.71981e-05)
(5.58602e-05 -0.0127879 -0.0154154 -0.0127879 2.47256e-05 -0.00812556 -0.0154154 -0.00812556 7.42939e-05)
(6.17267e-05 -0.0127954 -0.0154289 -0.0127954 2.31013e-05 -0.0081296 -0.0154289 -0.0081296 4.64471e-05)
(-3.78756e-05 -0.012817 -0.0154557 -0.012817 6.74521e-05 -0.00811718 -0.0154557 -0.00811718 6.27398e-05)
(6.63974e-05 -0.0127953 -0.0154236 -0.0127953 3.01378e-05 -0.00813581 -0.0154236 -0.00813581 7.1006e-05)
(2.41156e-05 -0.0127934 -0.0154365 -0.0127934 2.05615e-05 -0.00812372 -0.0154365 -0.00812372 4.58108e-05)
(2.91629e-05 -0.0127924 -0.0154241 -0.0127924 2.79807e-05 -0.00811739 -0.0154241 -0.00811739 7.74362e-05)
(5.10669e-05 -0.012791 -0.0154181 -0.012791 2.31898e-05 -0.00812619 -0.0154181 -0.00812619 7.17772e-05)
(1.44531e-05 -0.0127928 -0.0154276 -0.0127928 2.84804e-05 -0.00811612 -0.0154276 -0.00811612 8.47622e-05)
(5.71327e-05 -0.0127916 -0.0154168 -0.0127916 2.57097e-05 -0.0081311 -0.0154168 -0.0081311 8.2917e-05)
(-0.000157047 -0.0128279 -0.0154533 -0.0128279 0.000101188 -0.00811368 -0.0154533 -0.00811368 7.4948e-05)
(7.65857e-05 -0.0127979 -0.0154169 -0.0127979 3.5887e-05 -0.00814111 -0.0154169 -0.00814111 8.08742e-05)
(7.34854e-05 -0.0127952 -0.0154135 -0.0127952 2.9384e-05 -0.00813403 -0.0154135 -0.00813403 0.000101213)
(0.000331391 -0.0128525 -0.0153569 -0.0128525 0.000110632 -0.00812828 -0.0153569 -0.00812828 9.99154e-05)
(7.66753e-05 -0.012806 -0.0154229 -0.012806 4.53773e-05 -0.00814194 -0.0154229 -0.00814194 4.90848e-05)
(2.23489e-05 -0.0127972 -0.01544 -0.0127972 2.54944e-05 -0.00812675 -0.01544 -0.00812675 4.03747e-05)
(-5.22501e-05 -0.0128096 -0.0154515 -0.0128096 5.99899e-05 -0.00811603 -0.0154515 -0.00811603 6.35054e-05)
(2.82147e-05 -0.012788 -0.0154256 -0.012788 2.26281e-05 -0.00812622 -0.0154256 -0.00812622 5.86205e-05)
(-5.3558e-05 -0.0128062 -0.015447 -0.0128062 4.68964e-05 -0.00811403 -0.015447 -0.00811403 7.06856e-05)
(8.02556e-05 -0.012799 -0.0154204 -0.012799 4.79237e-05 -0.00814785 -0.0154204 -0.00814785 7.26993e-05)
(5.71479e-05 -0.0127915 -0.0154204 -0.0127915 2.41231e-05 -0.00812643 -0.0154204 -0.00812643 5.65373e-05)
(3.39245e-06 -0.0127953 -0.0154285 -0.0127953 4.72298e-05 -0.00810822 -0.0154285 -0.00810822 0.00010114)
(0.000103274 -0.01281 -0.0154148 -0.01281 5.38354e-05 -0.0081484 -0.0154148 -0.0081484 7.21591e-05)
(4.41594e-05 -0.0127957 -0.0154255 -0.0127957 3.1906e-05 -0.00812836 -0.0154255 -0.00812836 0.000122922)
(-0.000142033 -0.0128141 -0.0154569 -0.0128141 7.62282e-05 -0.00810134 -0.0154569 -0.00810134 8.99724e-05)
(6.79069e-05 -0.0127936 -0.0154275 -0.0127936 4.38559e-05 -0.00814266 -0.0154275 -0.00814266 4.74532e-05)
(2.70738e-05 -0.0127876 -0.0154244 -0.0127876 2.24338e-05 -0.00812512 -0.0154244 -0.00812512 7.63053e-05)
(6.60981e-05 -0.0127916 -0.0154112 -0.0127916 2.50127e-05 -0.00812364 -0.0154112 -0.00812364 9.42257e-05)
(4.62192e-05 -0.0127924 -0.0154224 -0.0127924 3.40053e-05 -0.00811472 -0.0154224 -0.00811472 8.06975e-05)
(3.4284e-05 -0.0127938 -0.0154378 -0.0127938 2.82876e-05 -0.00812802 -0.0154378 -0.00812802 4.88523e-05)
(4.69986e-05 -0.0127909 -0.0154257 -0.0127909 2.19954e-05 -0.00812821 -0.0154257 -0.00812821 6.32537e-05)
(7.40455e-05 -0.0127982 -0.0154227 -0.0127982 4.07528e-05 -0.00814267 -0.0154227 -0.00814267 5.98451e-05)
(2.08235e-05 -0.0127948 -0.0154278 -0.0127948 2.99965e-05 -0.00811401 -0.0154278 -0.00811401 9.65994e-05)
(5.62207e-05 -0.0127921 -0.0154166 -0.0127921 2.87771e-05 -0.00813203 -0.0154166 -0.00813203 0.000103602)
(8.19418e-05 -0.0128065 -0.0154233 -0.0128065 6.87097e-05 -0.00815066 -0.0154233 -0.00815066 5.22893e-05)
(8.03965e-05 -0.0127876 -0.0154283 -0.0127876 5.12942e-05 -0.00814608 -0.0154283 -0.00814608 5.44627e-05)
(-0.000142599 -0.0128204 -0.0154601 -0.0128204 9.69977e-05 -0.00809972 -0.0154601 -0.00809972 8.63439e-05)
(0.000117295 -0.012802 -0.0154082 -0.012802 3.09247e-05 -0.00813321 -0.0154082 -0.00813321 7.9271e-05)
(0.000116141 -0.012818 -0.015412 -0.012818 9.64993e-05 -0.00815506 -0.015412 -0.00815506 6.93335e-05)
(-0.000150026 -0.0128218 -0.0154584 -0.0128218 8.42224e-05 -0.0081049 -0.0154584 -0.0081049 8.35144e-05)
(8.07633e-05 -0.0128004 -0.0154166 -0.0128004 4.0741e-05 -0.00814422 -0.0154166 -0.00814422 7.81365e-05)
(6.33002e-05 -0.0127884 -0.015413 -0.0127884 2.45842e-05 -0.00812504 -0.015413 -0.00812504 7.46693e-05)
(4.12074e-05 -0.0127913 -0.0154294 -0.0127913 2.71866e-05 -0.00812727 -0.0154294 -0.00812727 5.4865e-05)
(9.58581e-05 -0.0128073 -0.0154261 -0.0128073 8.06935e-05 -0.00814985 -0.0154261 -0.00814985 3.93153e-05)
(0.000106543 -0.0128094 -0.0154187 -0.0128094 8.94633e-05 -0.00815403 -0.0154187 -0.00815403 6.41053e-05)
(2.3395e-05 -0.0127915 -0.0154325 -0.0127915 2.0906e-05 -0.0081237 -0.0154325 -0.0081237 5.16785e-05)
(6.78622e-06 -0.0127958 -0.0154324 -0.0127958 3.55009e-05 -0.00811572 -0.0154324 -0.00811572 7.17148e-05)
