/*--------------------------------*- C++ -*----------------------------------*\
  =========                 |
  \\      /  F ield         | OpenFOAM: The Open Source CFD Toolbox
   \\    /   O peration     | Website:  https://openfoam.org
    \\  /    A nd           | Version:  10
     \\/     M anipulation  |
\*---------------------------------------------------------------------------*/
FoamFile
{
    format      ascii;
    class       volTensorField;
    location    "16";
    object      TauNN;
}
// * * * * * * * * * * * * * * * * * * * * * * * * * * * * * * * * * * * * * //

dimensions      [0 2 -2 0 0 0 0];

internalField   nonuniform List<tensor> 
25600
(
(-0.000618513 -0.00274383 0.00502419 -0.00274383 0.00887443 -0.00250819 0.00502419 -0.00250819 0.00743809)
(0.000603178 -0.00252612 0.00443861 -0.00252612 0.00833062 -0.00283374 0.00443861 -0.00283374 0.00633281)
(0.00218841 -0.00251047 0.00388345 -0.00251047 0.00759776 -0.00297295 0.00388345 -0.00297295 0.00560787)
(0.00262733 -0.0026678 0.00370497 -0.0026678 0.00732152 -0.00305961 0.00370497 -0.00305961 0.00547299)
(0.00176569 -0.00193338 0.00372654 -0.00193338 0.00723258 -0.00268425 0.00372654 -0.00268425 0.00543841)
(-0.00130476 -0.00273859 0.00504342 -0.00273859 0.00922533 -0.00135965 0.00504342 -0.00135965 0.00893213)
(0.000918763 -0.00299886 0.0053406 -0.00299886 0.00928831 -0.0023011 0.0053406 -0.0023011 0.00848057)
(0.000207103 -0.00267689 0.00503411 -0.00267689 0.00855311 -0.00254007 0.00503411 -0.00254007 0.0072606)
(-0.000823527 -0.00279858 0.00524519 -0.00279858 0.00884539 -0.00173633 0.00524519 -0.00173633 0.00844393)
(0.00235953 -0.000485279 0.00304045 -0.000485279 0.00855251 -0.000553861 0.00304045 -0.000553861 0.00353787)
(-0.00171591 -0.00226795 0.00516066 -0.00226795 0.00960762 -0.00128371 0.00516066 -0.00128371 0.00782869)
(-0.0013157 -0.00256135 0.00580327 -0.00256135 0.00974969 -0.00179586 0.00580327 -0.00179586 0.00791268)
(-0.000758558 -0.00348247 0.00582932 -0.00348247 0.00954024 -0.00202367 0.00582932 -0.00202367 0.00858615)
(-0.00125187 -0.0033558 0.00563055 -0.0033558 0.00939248 -0.00159322 0.00563055 -0.00159322 0.00887336)
(-0.000277665 -0.00281201 0.00488032 -0.00281201 0.00864935 -0.00242637 0.00488032 -0.00242637 0.00748335)
(0.00120256 -0.0020712 0.00409782 -0.0020712 0.00776604 -0.00252113 0.00409782 -0.00252113 0.00611491)
(-0.00108511 -0.00265616 0.00520885 -0.00265616 0.00892396 -0.00168695 0.00520885 -0.00168695 0.0081327)
(-0.00139642 -0.00287493 0.00545176 -0.00287493 0.00922379 -0.00155448 0.00545176 -0.00155448 0.00837114)
(-0.00163244 -0.00307213 0.00543078 -0.00307213 0.00937058 -0.00131185 0.00543078 -0.00131185 0.0088438)
(-0.00168378 -0.00242588 0.00473732 -0.00242588 0.00934865 -0.000735223 0.00473732 -0.000735223 0.0086013)
(-0.00156107 -0.00245227 0.00493326 -0.00245227 0.00898288 -0.00102954 0.00493326 -0.00102954 0.00869781)
(-0.00141533 -0.00255668 0.00511214 -0.00255668 0.00896323 -0.0012878 0.00511214 -0.0012878 0.00835207)
(-0.00137434 -0.00224996 0.00539567 -0.00224996 0.00967706 -0.00157095 0.00539567 -0.00157095 0.00763565)
(-0.00131625 -0.00305109 0.00605349 -0.00305109 0.00992355 -0.00186628 0.00605349 -0.00186628 0.00867199)
(-0.000424077 -0.0025474 0.00511429 -0.0025474 0.00876123 -0.00228651 0.00511429 -0.00228651 0.00762903)
(0.00356422 -0.00280479 0.0029536 -0.00280479 0.00679111 -0.00310072 0.0029536 -0.00310072 0.00518765)
(-0.000600092 -0.00125015 0.00431289 -0.00125015 0.00940475 -0.00102801 0.00431289 -0.00102801 0.00656024)
(-0.000904437 -0.00282259 0.00618309 -0.00282259 0.00989918 -0.00205486 0.00618309 -0.00205486 0.00815052)
(-0.000441931 -0.00313702 0.00536454 -0.00313702 0.0090877 -0.00232526 0.00536454 -0.00232526 0.00803347)
(-0.00118681 -0.00264041 0.00521503 -0.00264041 0.00894934 -0.0015935 0.00521503 -0.0015935 0.00819166)
(-0.00185259 -0.00305512 0.00564931 -0.00305512 0.00958144 -0.00151034 0.00564931 -0.00151034 0.00860198)
(-0.00112635 -0.00338169 0.00564196 -0.00338169 0.00948414 -0.00163519 0.00564196 -0.00163519 0.00893236)
(-0.000499581 -0.00265771 0.00512474 -0.00265771 0.00892181 -0.00228587 0.00512474 -0.00228587 0.00779319)
(-0.00107803 -0.00325543 0.00559082 -0.00325543 0.00938625 -0.00180714 0.00559082 -0.00180714 0.00861963)
(-0.000942149 -0.00297348 0.0064144 -0.00297348 0.00991172 -0.00217708 0.0064144 -0.00217708 0.00818808)
(0.00153679 -0.00254272 0.00423373 -0.00254272 0.007948 -0.00290794 0.00423373 -0.00290794 0.00601322)
(-7.6714e-05 -0.00237894 0.00470962 -0.00237894 0.00832867 -0.00260006 0.00470962 -0.00260006 0.00669941)
(-0.00136407 -0.00308985 0.0054798 -0.00308985 0.00925029 -0.00161592 0.0054798 -0.00161592 0.00859873)
(-0.00178716 -0.00292305 0.00595517 -0.00292305 0.00958483 -0.00176 0.00595517 -0.00176 0.00808901)
(-0.000643033 -0.00309089 0.00539578 -0.00309089 0.00923056 -0.00217854 0.00539578 -0.00217854 0.00823097)
(0.000699022 -0.000238265 0.00651765 -0.000238265 0.00783185 -0.00234383 0.00651765 -0.00234383 0.00684881)
(0.00315459 -0.000337716 0.00454726 -0.000337716 0.00627426 -0.00350191 0.00454726 -0.00350191 0.00632683)
(0.0167486 -0.000730708 0.000743488 -0.000730708 0.00525181 -0.00375449 0.000743488 -0.00375449 0.00831265)
(0.0175818 -0.00239929 -0.000360902 -0.00239929 0.00613045 -0.00237675 -0.000360902 -0.00237675 0.00970318)
(0.0143336 -0.00384621 4.79873e-05 -0.00384621 0.00969981 -0.00295712 4.79873e-05 -0.00295712 0.00872511)
(0.012141 -0.00041222 0.00338857 -0.00041222 0.00892405 -0.000746722 0.00338857 -0.000746722 0.0060259)
(0.0025736 -0.0026607 0.00532229 -0.0026607 0.00988062 -0.00197685 0.00532229 -0.00197685 0.00851104)
(0.00235301 -0.00200347 0.00593113 -0.00200347 0.00854191 -0.00284065 0.00593113 -0.00284065 0.00779324)
(-0.00055984 -0.000614119 0.00645853 -0.000614119 0.00856333 -0.00254979 0.00645853 -0.00254979 0.00835738)
(0.00434192 0.0012799 0.00538233 0.0012799 0.00830523 -0.00161468 0.00538233 -0.00161468 0.00656082)
(0.00389037 -0.00121002 0.00424897 -0.00121002 0.00920425 -0.00170999 0.00424897 -0.00170999 0.00763179)
(0.00321245 -0.000405868 0.00337757 -0.000405868 0.00928052 -0.00107636 0.00337757 -0.00107636 0.00596096)
(0.00250985 0.000311741 0.0058472 0.000311741 0.00766627 -0.00207315 0.0058472 -0.00207315 0.00568185)
(0.0010442 -0.00111664 0.00465039 -0.00111664 0.00902716 -0.00163154 0.00465039 -0.00163154 0.0063686)
(0.00347635 0.00120674 0.00495918 0.00120674 0.00527861 -0.00260857 0.00495918 -0.00260857 0.00493455)
(0.00275053 -0.000805777 0.00570226 -0.000805777 0.00772287 -0.00282111 0.00570226 -0.00282111 0.00701413)
(0.00398559 0.00130966 0.00601461 0.00130966 0.00757194 -0.00182549 0.00601461 -0.00182549 0.00594702)
(0.00359766 0.000730982 0.00458595 0.000730982 0.00785389 -0.00123521 0.00458595 -0.00123521 0.00486574)
(0.00208804 -0.000300065 0.00426666 -0.000300065 0.0089236 -0.00132298 0.00426666 -0.00132298 0.00576666)
(0.0028594 0.000773828 0.00261877 0.000773828 0.0085624 -0.000630644 0.00261877 -0.000630644 0.0053109)
(0.000310877 0.000369289 0.00455146 0.000369289 0.00863032 -0.00152207 0.00455146 -0.00152207 0.00662447)
(7.29112e-05 -0.000502924 0.00582529 -0.000502924 0.00874945 -0.00225987 0.00582529 -0.00225987 0.00764444)
(0.0029974 -0.00136286 0.00461409 -0.00136286 0.00937148 -0.00175569 0.00461409 -0.00175569 0.00719628)
(0.00110377 -0.00177866 0.00417536 -0.00177866 0.00980263 -0.00121621 0.00417536 -0.00121621 0.0077814)
(0.00395307 -0.0033761 0.00597927 -0.0033761 0.00962529 -0.002211 0.00597927 -0.002211 0.00923213)
(0.00967645 -0.000944876 0.00229269 -0.000944876 0.00551231 -0.00348706 0.00229269 -0.00348706 0.00818858)
(0.00114004 -0.00178599 0.00415722 -0.00178599 0.00926765 -0.00192789 0.00415722 -0.00192789 0.0085375)
(0.00573908 0.000330552 0.00486112 0.000330552 0.00848726 -0.00184773 0.00486112 -0.00184773 0.00505392)
(0.00475356 0.000877233 0.00493475 0.000877233 0.00465108 -0.0035872 0.00493475 -0.0035872 0.00595025)
(0.00297518 0.000698054 0.00650809 0.000698054 0.00800538 -0.00207947 0.00650809 -0.00207947 0.00707204)
(0.00151104 -0.000739547 0.00470403 -0.000739547 0.00924131 -0.00169226 0.00470403 -0.00169226 0.00693225)
(0.0012624 -0.00126625 0.00484593 -0.00126625 0.00916421 -0.00166078 0.00484593 -0.00166078 0.00625122)
(-0.000162549 -0.00204142 0.00563589 -0.00204142 0.00909354 -0.00243141 0.00563589 -0.00243141 0.00737241)
(0.000184142 -0.00074062 0.00540378 -0.00074062 0.0088601 -0.00191623 0.00540378 -0.00191623 0.00689669)
(0.00371399 -0.000242022 0.00512726 -0.000242022 0.00859006 -0.0018773 0.00512726 -0.0018773 0.00579437)
(0.00274409 0.000253347 0.0040181 0.000253347 0.00422774 -0.00422874 0.0040181 -0.00422874 0.00617923)
(0.00285107 -0.001147 0.00642508 -0.001147 0.00798404 -0.00286824 0.00642508 -0.00286824 0.00810132)
(0.00412598 -0.00137138 0.00616234 -0.00137138 0.00893262 -0.00249377 0.00616234 -0.00249377 0.00874426)
(0.00365377 0.000208363 0.00614855 0.000208363 0.008518 -0.00202157 0.00614855 -0.00202157 0.00737496)
(0.00346126 0.000866749 0.00666504 0.000866749 0.00713461 -0.00217871 0.00666504 -0.00217871 0.00645016)
(0.00475664 -0.0014108 0.00425297 -0.0014108 0.00903476 -0.00276841 0.00425297 -0.00276841 0.00463695)
(0.00812575 -0.00204066 0.00303004 -0.00204066 0.008689 -0.00252441 0.00303004 -0.00252441 0.00533435)
(0.013993 0.0020817 0.00565561 0.0020817 0.00490725 -0.00238646 0.00565561 -0.00238646 0.00494908)
(0.00204899 -0.00105662 0.00316814 -0.00105662 0.00609243 -0.00451553 0.00316814 -0.00451553 0.00598587)
(0.0124025 -0.00428671 0.000138146 -0.00428671 0.0119296 0.000480699 0.000138146 0.000480699 0.00648673)
(0.0152777 -0.00309832 0.00417584 -0.00309832 0.00709761 -0.00254656 0.00417584 -0.00254656 0.0130493)
(0.0100639 -0.00340633 0.00162768 -0.00340633 0.00964742 -0.000464572 0.00162768 -0.000464572 0.00494829)
(0.0104944 -0.00467949 0.00521717 -0.00467949 0.0105374 -0.00199416 0.00521717 -0.00199416 0.00788201)
(0.00714218 -0.00311849 0.00485635 -0.00311849 0.0106767 -0.00188441 0.00485635 -0.00188441 0.00684652)
(0.0123963 -0.00286074 0.00322808 -0.00286074 0.00977862 0.000417168 0.00322808 0.000417168 0.00704786)
(0.0112616 0.00222727 0.00439065 0.00222727 0.00662014 0.000908466 0.00439065 0.000908466 0.00652524)
(0.0165328 -0.00112586 0.00343957 -0.00112586 0.00842914 0.00118449 0.00343957 0.00118449 0.00875471)
(0.0139694 -0.00411465 0.00352447 -0.00411465 0.010116 -0.00190912 0.00352447 -0.00190912 0.00470507)
(0.0139217 -0.00433935 0.00366742 -0.00433935 0.00972723 2.33483e-05 0.00366742 2.33483e-05 0.00909559)
(0.00723496 -0.00206994 0.00466277 -0.00206994 0.0103571 -0.00219405 0.00466277 -0.00219405 0.00623832)
(0.00176454 -0.0027721 0.00457151 -0.0027721 0.00947565 -0.0028762 0.00457151 -0.0028762 0.00538408)
(0.0133468 -0.00307292 0.00399025 -0.00307292 0.00996022 -0.000418504 0.00399025 -0.000418504 0.0066358)
(0.013097 -0.00290165 0.00297714 -0.00290165 0.0101332 0.000182286 0.00297714 0.000182286 0.00647335)
(0.0158621 -0.00367497 0.00346287 -0.00367497 0.0102535 -0.000164957 0.00346287 -0.000164957 0.00636554)
(0.0205977 -0.00440875 0.0018547 -0.00440875 0.00964169 0.00191961 0.0018547 0.00191961 0.00859309)
(0.0181324 -0.00369715 0.00303247 -0.00369715 0.0100251 0.000280178 0.00303247 0.000280178 0.00695865)
(0.00269382 -0.00283971 0.00500252 -0.00283971 0.0101668 -0.00129469 0.00500252 -0.00129469 0.0079096)
(0.00977084 0.00314652 0.00402424 0.00314652 0.00664611 0.000386911 0.00402424 0.000386911 0.00550427)
(0.0101551 -0.00401418 0.00494771 -0.00401418 0.0100066 -0.00089663 0.00494771 -0.00089663 0.00894874)
(0.0215577 -0.00710675 0.00626233 -0.00710675 0.0109017 -0.00306009 0.00626233 -0.00306009 0.0106112)
(0.0031412 -0.0042605 0.00347245 -0.0042605 0.00933436 -0.00328869 0.00347245 -0.00328869 0.00498582)
(0.00935444 0.00225698 0.00411118 0.00225698 0.00722639 -0.000188531 0.00411118 -0.000188531 0.00650736)
(0.00967844 -0.00441472 0.00109513 -0.00441472 0.01031 -0.00261866 0.00109513 -0.00261866 0.00437754)
(0.0160649 -0.00123493 0.00294623 -0.00123493 0.00866376 -0.00366051 0.00294623 -0.00366051 0.00518208)
(0.00733763 -0.00223583 0.00401277 -0.00223583 0.00993943 -0.00061432 0.00401277 -0.00061432 0.00619081)
(0.0132368 0.00227125 0.00462588 0.00227125 0.00688427 0.000935672 0.00462588 0.000935672 0.00598255)
(0.00905105 -0.00369998 0.00490856 -0.00369998 0.0106615 -0.00200885 0.00490856 -0.00200885 0.00738966)
(0.00595933 -0.0040895 0.00404954 -0.0040895 0.0102822 -0.00330321 0.00404954 -0.00330321 0.00614375)
(0.00897197 -0.00255993 0.00433538 -0.00255993 0.0104724 -0.0013603 0.00433538 -0.0013603 0.00634985)
(0.00830882 -0.000364802 0.00446762 -0.000364802 0.00747162 -0.000690813 0.00446762 -0.000690813 0.00612395)
(0.00666223 -0.000619378 0.00378674 -0.000619378 0.00772002 -0.00382713 0.00378674 -0.00382713 0.00608686)
(0.00800145 -0.00330995 0.00294523 -0.00330995 0.00896387 -0.00224271 0.00294523 -0.00224271 0.00526295)
(0.00869721 -0.00150116 0.0040023 -0.00150116 0.00861068 -0.00154427 0.0040023 -0.00154427 0.00622225)
(0.00977328 -0.000341846 0.00365108 -0.000341846 0.00803414 -0.00138465 0.00365108 -0.00138465 0.00606847)
(0.00984134 -0.00321168 0.0030867 -0.00321168 0.00997903 -0.00293854 0.0030867 -0.00293854 0.00478966)
(0.013479 -0.00255998 -0.000251215 -0.00255998 0.00730117 -0.00183088 -0.000251215 -0.00183088 0.0101895)
(0.0134882 -0.00132114 0.00177415 -0.00132114 0.00616093 -0.00366644 0.00177415 -0.00366644 0.0092575)
(0.0124578 0.00209365 0.00554408 0.00209365 0.00442281 -0.00257677 0.00554408 -0.00257677 0.00690528)
(0.00367624 -0.000714733 0.00481495 -0.000714733 0.00697711 -0.00328334 0.00481495 -0.00328334 0.00646294)
(0.00750755 -0.00244088 0.00225082 -0.00244088 0.00939221 -0.00285826 0.00225082 -0.00285826 0.0094179)
(0.0179235 0.000782111 0.0029203 0.000782111 0.00767694 0.000592768 0.0029203 0.000592768 0.00644279)
(0.00961074 -0.000698118 0.00101539 -0.000698118 0.00821613 -0.00138118 0.00101539 -0.00138118 0.00696986)
(0.0142881 -0.00428386 0.00079851 -0.00428386 0.00972912 -0.00202003 0.00079851 -0.00202003 0.008651)
(0.019012 -0.00251802 0.00572752 -0.00251802 0.00905601 -0.00229217 0.00572752 -0.00229217 0.00926701)
(0.00461537 -0.00234833 0.00328112 -0.00234833 0.00928382 -0.0012334 0.00328112 -0.0012334 0.0088036)
(0.0142715 -0.000604154 -0.000274515 -0.000604154 0.00739323 0.00296147 -0.000274515 0.00296147 0.00812977)
(0.0214066 -0.00270326 -0.00318513 -0.00270326 0.00709895 0.00322241 -0.00318513 0.00322241 0.0112822)
(0.00965941 -0.00195941 0.000155119 -0.00195941 0.0104596 -0.0030194 0.000155119 -0.0030194 0.00628857)
(0.011771 0.00203247 0.00196821 0.00203247 0.0056741 0.000181442 0.00196821 0.000181442 0.00658291)
(0.0219846 -0.00282253 0.00407138 -0.00282253 0.00929285 -0.00154509 0.00407138 -0.00154509 0.0103218)
(0.00595294 -0.000555429 0.00518401 -0.000555429 0.00826129 -0.0027689 0.00518401 -0.0027689 0.00600237)
(0.014364 -0.000836593 0.00204051 -0.000836593 0.00853165 -0.00102204 0.00204051 -0.00102204 0.00744276)
(0.021724 -0.0040545 -0.00149406 -0.0040545 0.00726805 0.00117607 -0.00149406 0.00117607 0.00931912)
(0.0238066 -0.00330985 -0.000421946 -0.00330985 0.00884856 0.00100584 -0.000421946 0.00100584 0.00815422)
(0.024024 -0.00239679 -0.00194991 -0.00239679 0.00571255 0.0020098 -0.00194991 0.0020098 0.0106306)
(0.0230487 -0.00138013 0.00165684 -0.00138013 0.00825034 0.00121456 0.00165684 0.00121456 0.00827817)
(0.0139671 -0.0025295 0.00400905 -0.0025295 0.0100022 -0.00224444 0.00400905 -0.00224444 0.00686062)
(0.014808 -0.00114809 0.0024671 -0.00114809 0.00900865 -0.000475367 0.0024671 -0.000475367 0.00848895)
(0.010268 -0.00207839 -0.00159438 -0.00207839 0.0073738 -0.0015431 -0.00159438 -0.0015431 0.00319526)
(0.0284175 -0.00515979 0.00442188 -0.00515979 0.00917724 -0.00247344 0.00442188 -0.00247344 0.00812628)
(0.00392874 -0.00375281 0.00341364 -0.00375281 0.00879411 -0.00295187 0.00341364 -0.00295187 0.00635856)
(0.0140323 0.000875711 0.00119116 0.000875711 0.00524799 0.00231765 0.00119116 0.00231765 0.00762265)
(0.00967904 -0.000637513 -0.000185035 -0.000637513 0.00809851 -0.00182255 -0.000185035 -0.00182255 0.00367982)
(0.018883 -0.00109013 0.0012879 -0.00109013 0.0072388 -0.00262626 0.0012879 -0.00262626 0.00783454)
(0.0125327 -0.000689531 0.004214 -0.000689531 0.00907649 -0.0012749 0.004214 -0.0012749 0.00667237)
(0.0126786 -0.00422094 -0.00220804 -0.00422094 0.0118869 -0.00138805 -0.00220804 -0.00138805 0.00754879)
(0.00961541 -0.00165093 -0.00171113 -0.00165093 0.00788699 -0.00201856 -0.00171113 -0.00201856 0.00309128)
(0.0139833 -0.00514663 0.00210607 -0.00514663 0.00989297 -0.00321344 0.00210607 -0.00321344 0.00605001)
(0.0196785 -0.00153074 0.0057079 -0.00153074 0.00900298 -0.0018888 0.0057079 -0.0018888 0.00860668)
(0.0135196 -0.0013641 0.00115606 -0.0013641 0.00786177 -0.00260557 0.00115606 -0.00260557 0.00712692)
(0.0216603 -0.00344464 0.000568727 -0.00344464 0.00785689 -0.00202258 0.000568727 -0.00202258 0.00879543)
(0.0157093 -0.00350072 -0.000584884 -0.00350072 0.00864078 -0.0033038 -0.000584884 -0.0033038 0.00740724)
(0.0117236 -0.00252454 -0.000587739 -0.00252454 0.00827583 -0.0029955 -0.000587739 -0.0029955 0.00918551)
(0.00720374 -0.000236962 -0.00100868 -0.000236962 0.00610631 -0.00248409 -0.00100868 -0.00248409 0.00869809)
(0.00730161 -0.00101703 -0.000801654 -0.00101703 0.00199537 -0.00184231 -0.000801654 -0.00184231 0.00664987)
(0.00895972 -0.00286813 -0.000477637 -0.00286813 0.00763237 -0.00303693 -0.000477637 -0.00303693 0.00475369)
(0.00754372 -0.00289924 7.67261e-05 -0.00289924 0.0052682 -0.00274236 7.67261e-05 -0.00274236 0.0064757)
(0.00852531 -0.000238347 1.03116e-05 -0.000238347 0.0061336 -0.00169693 1.03116e-05 -0.00169693 0.00344574)
(0.00798586 -0.00428627 -0.00146073 -0.00428627 0.0084084 -0.00311076 -0.00146073 -0.00311076 0.0046331)
(0.00239181 0.000468735 0.00370452 0.000468735 0.00715378 -0.00222544 0.00370452 -0.00222544 0.00400254)
(0.0170763 0.00147813 0.00376948 0.00147813 0.0075364 0.0013073 0.00376948 0.0013073 0.00488167)
(0.00924464 0.00231987 0.00258706 0.00231987 0.00580288 0.00167587 0.00258706 0.00167587 0.00567198)
(0.0112279 -0.00263569 0.00401033 -0.00263569 0.00895264 -0.00155515 0.00401033 -0.00155515 0.00738462)
(0.0100045 -0.00277997 0.00251746 -0.00277997 0.00875398 -0.00205731 0.00251746 -0.00205731 0.00631004)
(0.014044 -0.00365523 0.00423839 -0.00365523 0.0101958 -0.000827312 0.00423839 -0.000827312 0.00853314)
(0.0101715 -0.00176781 0.00275282 -0.00176781 0.0105924 0.000495146 0.00275282 0.000495146 0.00702417)
(0.0149422 0.00118629 -0.00127416 0.00118629 0.00623476 0.00282012 -0.00127416 0.00282012 0.0112204)
(0.0143799 -0.000791525 0.00309762 -0.000791525 0.00928321 -0.0010215 0.00309762 -0.0010215 0.00535384)
(0.0154924 -0.0045464 -0.000757064 -0.0045464 0.00801231 0.00200045 -0.000757064 0.00200045 0.00777414)
(0.0154514 0.000745379 0.000878697 0.000745379 0.00621589 0.00289126 0.000878697 0.00289126 0.00768387)
(0.0169615 0.00133459 0.00460393 0.00133459 0.00785434 -0.0020601 0.00460393 -0.0020601 0.00595786)
(0.00963094 -0.00389478 0.00495669 -0.00389478 0.00999136 -0.00199781 0.00495669 -0.00199781 0.00795986)
(0.0191773 -0.00469412 -0.000505653 -0.00469412 0.00787319 0.00138446 -0.000505653 0.00138446 0.00790234)
(0.0117269 0.00254094 0.00341542 0.00254094 0.00569429 0.00202216 0.00341542 0.00202216 0.0066179)
(0.00510459 0.00147787 -3.58485e-05 0.00147787 0.00523132 0.00194626 -3.58485e-05 0.00194626 0.00446546)
(0.0114792 -0.000293558 0.00403097 -0.000293558 0.00779405 -0.000242194 0.00403097 -0.000242194 0.0072186)
(0.0107119 -0.00540812 0.00286592 -0.00540812 0.0100526 -0.00249214 0.00286592 -0.00249214 0.00651731)
(0.0172368 0.000866999 0.00336291 0.000866999 0.00877307 -0.00049655 0.00336291 -0.00049655 0.00208766)
(0.00618205 -0.00415121 -0.000645472 -0.00415121 0.0108867 0.000606362 -0.000645472 0.000606362 0.00799731)
(0.0209106 -0.00368757 0.00398983 -0.00368757 0.00909992 -0.00228301 0.00398983 -0.00228301 0.00601225)
(0.0162088 -0.00718461 -0.000381406 -0.00718461 0.00989129 -0.00368018 -0.000381406 -0.00368018 0.00427572)
(0.017935 0.00245275 0.00436647 0.00245275 0.00647104 1.09617e-05 0.00436647 1.09617e-05 0.0059637)
(0.0111771 -0.00491049 -0.00458412 -0.00491049 0.0118719 -0.00137259 -0.00458412 -0.00137259 0.0100349)
(0.0109208 -0.00213644 0.000138407 -0.00213644 0.00840399 -0.00323883 0.000138407 -0.00323883 0.00407786)
(0.0189131 -0.00332737 0.00215699 -0.00332737 0.00967145 5.13773e-05 0.00215699 5.13773e-05 0.00501401)
(0.00749615 0.000569122 -0.000290393 0.000569122 0.00647917 -0.00170169 -0.000290393 -0.00170169 0.0035367)
(0.00949303 -0.00358015 -0.000654657 -0.00358015 0.0111373 0.000643017 -0.000654657 0.000643017 0.00879889)
(0.00362583 -0.000266857 0.000919068 -0.000266857 0.00682248 -0.000644118 0.000919068 -0.000644118 0.00502352)
(0.00582859 -0.00197658 0.00063982 -0.00197658 0.00736601 0.000714909 0.00063982 0.000714909 0.00412545)
(0.0163748 -0.00284029 0.00186845 -0.00284029 0.00865237 -0.000368793 0.00186845 -0.000368793 0.00514234)
(0.00932499 -0.00142158 0.00261859 -0.00142158 0.00318105 -0.00278237 0.00261859 -0.00278237 0.0096992)
(0.00667859 -0.00227066 0.00329364 -0.00227066 0.00964118 -0.00332449 0.00329364 -0.00332449 0.00489754)
(0.00900091 -0.00160737 -0.00177896 -0.00160737 0.00427773 0.00028104 -0.00177896 0.00028104 0.00838141)
(0.00690984 -0.00229246 -0.00123018 -0.00229246 0.00565219 0.00173518 -0.00123018 0.00173518 0.00497894)
(0.00821814 -0.00284283 -0.000923008 -0.00284283 0.00793181 -0.00274073 -0.000923008 -0.00274073 0.00441779)
(0.0135476 -0.00317774 -0.00111228 -0.00317774 0.0092596 -0.00306461 -0.00111228 -0.00306461 0.00794342)
(0.0175637 -0.00308294 -0.000206042 -0.00308294 0.0081738 -0.00207503 -0.000206042 -0.00207503 0.00956769)
(0.0157327 -0.00404909 -0.00225423 -0.00404909 0.0117987 -0.00131055 -0.00225423 -0.00131055 0.0111379)
(0.0123167 -0.00179135 -0.000586896 -0.00179135 0.00596008 -0.00430365 -0.000586896 -0.00430365 0.00785124)
(0.00419612 -0.000848041 0.00429367 -0.000848041 0.00785553 -0.00307781 0.00429367 -0.00307781 0.00560771)
(0.0089854 0.000864798 0.00169009 0.000864798 0.00588825 0.00189098 0.00169009 0.00189098 0.00575521)
(0.00356845 -0.000321585 0.00134789 -0.000321585 0.00397219 -0.000315357 0.00134789 -0.000315357 0.00269596)
(0.0166633 -0.0036599 0.00211156 -0.0036599 0.0092036 -0.00170352 0.00211156 -0.00170352 0.00910822)
(0.0130211 -0.00284538 -0.000510212 -0.00284538 0.00909588 -0.00230281 -0.000510212 -0.00230281 0.00690164)
(0.0221401 -0.00426778 0.00203838 -0.00426778 0.00923912 -0.00114162 0.00203838 -0.00114162 0.00861812)
(0.0147568 -0.00354619 0.00234844 -0.00354619 0.00965124 -0.00171327 0.00234844 -0.00171327 0.00780114)
(0.0146762 -0.00135601 0.00114447 -0.00135601 0.00715915 0.000113482 0.00114447 0.000113482 0.0114798)
(0.0137996 -0.002658 0.00236402 -0.002658 0.00963475 -0.00151066 0.00236402 -0.00151066 0.00913675)
(0.0182716 0.00155493 0.00181358 0.00155493 0.010275 -0.00166414 0.00181358 -0.00166414 0.00712755)
(0.0145561 0.00164331 0.000891095 0.00164331 0.00944371 -0.00299455 0.000891095 -0.00299455 0.00758693)
(0.0167071 -0.000617971 0.00382243 -0.000617971 0.00815932 -0.00152989 0.00382243 -0.00152989 0.00957576)
(0.00407549 -6.29025e-05 0.000200123 -6.29025e-05 0.00504113 -0.00131075 0.000200123 -0.00131075 0.00217293)
(0.00521419 -0.0002793 0.00135075 -0.0002793 0.00646443 -0.00146281 0.00135075 -0.00146281 0.0023006)
(0.00897386 -0.00181642 -0.00095413 -0.00181642 0.00683383 -0.000809518 -0.00095413 -0.000809518 0.00216485)
(0.00449494 0.000637361 0.000699388 0.000637361 0.00569835 -0.000224091 0.000699388 -0.000224091 0.00195462)
(0.012965 -0.00215505 0.00319595 -0.00215505 0.0089696 -0.00173927 0.00319595 -0.00173927 0.00771942)
(0.01337 -0.00277318 0.00184972 -0.00277318 0.0090721 -0.00204478 0.00184972 -0.00204478 0.00730385)
(0.0117708 -0.0023311 0.00459356 -0.0023311 0.00949488 -0.00177668 0.00459356 -0.00177668 0.00735332)
(0.0092339 -0.00365405 0.000785954 -0.00365405 0.0107776 -0.00145622 0.000785954 -0.00145622 0.00869638)
(0.0144092 0.00225455 0.00318413 0.00225455 0.00645042 0.00167305 0.00318413 0.00167305 0.00640233)
(0.0195066 -0.00320206 0.00256584 -0.00320206 0.00510505 -0.00212066 0.00256584 -0.00212066 0.00920448)
(0.0184634 -0.00294966 -4.33866e-05 -0.00294966 0.00896823 0.000713897 -4.33866e-05 0.000713897 0.00901162)
(0.0135324 -0.0020399 -0.000781884 -0.0020399 0.0113498 -0.00331898 -0.000781884 -0.00331898 0.00904131)
(0.00635998 -0.000653152 -0.0010689 -0.000653152 0.0022122 -0.000894142 -0.0010689 -0.000894142 0.00548209)
(0.0150017 -0.0013647 0.000853231 -0.0013647 0.00762476 0.00120985 0.000853231 0.00120985 0.0081982)
(0.0140561 -0.00353962 -0.0020948 -0.00353962 0.00969347 -0.00311042 -0.0020948 -0.00311042 0.00705392)
(0.0117568 -0.00420605 0.000220653 -0.00420605 0.0115168 -0.000142973 0.000220653 -0.000142973 0.00791373)
(0.0103523 -0.00386866 9.52315e-05 -0.00386866 0.011258 -0.00141989 9.52315e-05 -0.00141989 0.00846064)
(0.00530252 0.000569751 0.000211917 0.000569751 0.00566406 -3.378e-05 0.000211917 -3.378e-05 0.00208425)
(0.00883189 -0.000996427 -0.000476248 -0.000996427 0.00556507 0.00102306 -0.000476248 0.00102306 0.00242795)
(0.01277 -0.00237717 -0.00103258 -0.00237717 0.0067573 -0.00386151 -0.00103258 -0.00386151 0.00635359)
(0.0122574 -0.00368769 0.00271212 -0.00368769 0.00935464 -0.00257698 0.00271212 -0.00257698 0.00737773)
(0.020403 -0.0041762 -0.000721719 -0.0041762 0.00673593 -0.00207041 -0.000721719 -0.00207041 0.00949326)
(0.00965571 -0.00217808 -0.000325896 -0.00217808 0.00789716 -0.00203204 -0.000325896 -0.00203204 0.00766551)
(0.0110178 -0.00246448 0.000326088 -0.00246448 0.00889846 -0.00229279 0.000326088 -0.00229279 0.00911029)
(0.00480714 -0.00221445 -0.00100411 -0.00221445 0.00607965 -0.00290885 -0.00100411 -0.00290885 0.00500911)
(0.0151811 -0.00449462 -0.0010752 -0.00449462 0.00628759 -0.00281755 -0.0010752 -0.00281755 0.00735792)
(0.01164 -0.00151197 -0.000840251 -0.00151197 0.00791062 -0.00187211 -0.000840251 -0.00187211 0.00841196)
(0.00763429 -0.00373876 -0.00128214 -0.00373876 0.0059196 -0.00265679 -0.00128214 -0.00265679 0.00711245)
(0.0113075 -0.00528791 -0.00167751 -0.00528791 0.00943913 -0.0030547 -0.00167751 -0.0030547 0.00502279)
(0.0112699 0.002633 0.00292873 0.002633 0.00629711 0.000422466 0.00292873 0.000422466 0.00308725)
(0.0106973 0.0029443 0.00370575 0.0029443 0.00620882 0.00087887 0.00370575 0.00087887 0.00540847)
(0.0117893 -0.00301043 0.00326621 -0.00301043 0.00884721 -0.0010394 0.00326621 -0.0010394 0.00692811)
(0.00509042 -0.0011958 0.000411881 -0.0011958 0.00611319 -0.0020913 0.000411881 -0.0020913 0.00352984)
(0.00998281 -0.00273745 0.00181975 -0.00273745 0.0082163 -0.00101448 0.00181975 -0.00101448 0.00604714)
(0.013374 -0.00162794 0.00416777 -0.00162794 0.00895758 -0.00166289 0.00416777 -0.00166289 0.00783005)
(0.0116385 -0.00133184 0.000970881 -0.00133184 0.0098986 -0.00268928 0.000970881 -0.00268928 0.00963521)
(0.0168221 -0.00276422 0.00358336 -0.00276422 0.00937497 -0.00201093 0.00358336 -0.00201093 0.00550119)
(0.0123058 0.00238797 0.00129667 0.00238797 0.00904266 0.000442036 0.00129667 0.000442036 0.00493232)
(0.00919624 -0.0023847 0.000712579 -0.0023847 0.00726851 -0.00235816 0.000712579 -0.00235816 0.00689204)
(0.0112584 -0.00267365 0.002695 -0.00267365 0.0090283 -0.00195754 0.002695 -0.00195754 0.00714301)
(0.0152498 -0.00487484 0.000569047 -0.00487484 0.0114273 0.00108109 0.000569047 0.00108109 0.00775967)
(0.0149456 -0.00056586 0.00131481 -0.00056586 0.0112215 -0.00145608 0.00131481 -0.00145608 0.00656343)
(0.0092131 0.000500768 0.000767346 0.000500768 0.00623443 0.00211656 0.000767346 0.00211656 0.00516459)
(0.0166916 0.000793466 0.00236544 0.000793466 0.00769213 0.000585402 0.00236544 0.000585402 0.00454357)
(0.0093034 -0.00234241 0.00319185 -0.00234241 0.00844623 -0.00126754 0.00319185 -0.00126754 0.0067579)
(0.0115144 -0.00368574 0.00379926 -0.00368574 0.00918106 -0.00243502 0.00379926 -0.00243502 0.0072776)
(0.00838737 -0.00246614 0.0015798 -0.00246614 0.00835458 -0.00223062 0.0015798 -0.00223062 0.00689791)
(0.0108412 -0.00194939 0.00148123 -0.00194939 0.0106743 -0.000808031 0.00148123 -0.000808031 0.00612058)
(0.00972941 -0.00396376 -0.0006605 -0.00396376 0.0106679 1.70358e-05 -0.0006605 1.70358e-05 0.00615804)
(0.0179894 -0.00173586 0.00365241 -0.00173586 0.00903736 -0.00383733 0.00365241 -0.00383733 0.00578479)
(0.0166758 -0.000821223 0.000881216 -0.000821223 0.00753503 0.00182422 0.000881216 0.00182422 0.00758664)
(0.01782 -0.00114701 0.000644093 -0.00114701 0.00825838 0.00172603 0.000644093 0.00172603 0.00475009)
(0.012594 9.3204e-05 0.000741132 9.3204e-05 0.00744946 -0.00210182 0.000741132 -0.00210182 0.00505627)
(0.0104297 0.00134317 0.00417784 0.00134317 0.00676401 0.000189538 0.00417784 0.000189538 0.00672292)
(0.0100089 -0.00262572 -0.000881246 -0.00262572 0.00800599 -0.00313817 -0.000881246 -0.00313817 0.00461999)
(0.00903437 -0.00394833 0.00240024 -0.00394833 0.00925277 -0.00270288 0.00240024 -0.00270288 0.00553889)
(0.00438652 0.000111815 -0.000613137 0.000111815 0.00412899 -0.000699036 -0.000613137 -0.000699036 0.00330145)
(0.0101659 0.00134133 0.00110165 0.00134133 0.00614391 0.00203841 0.00110165 0.00203841 0.00589149)
(0.00920868 -0.00290288 0.0019445 -0.00290288 0.00834223 -0.00165178 0.0019445 -0.00165178 0.00597572)
(0.0122485 -0.00186917 -0.000523184 -0.00186917 0.00657721 -0.00369277 -0.000523184 -0.00369277 0.0057206)
(0.00856771 -0.00505409 -0.00028647 -0.00505409 0.00911031 -0.00310042 -0.00028647 -0.00310042 0.00498887)
(0.0153937 -0.00176296 0.000495365 -0.00176296 0.0081249 -0.00394993 0.000495365 -0.00394993 0.00604861)
(0.00836924 -0.00280231 -0.00165676 -0.00280231 0.00650094 -0.00306529 -0.00165676 -0.00306529 0.00542422)
(0.00586027 -0.000776367 0.000217605 -0.000776367 0.00519583 -0.00130281 0.000217605 -0.00130281 0.00320654)
(0.00707546 -0.00189122 -0.000994979 -0.00189122 0.00535263 -0.00326273 -0.000994979 -0.00326273 0.00664682)
(0.0169053 -0.00440672 -0.000328473 -0.00440672 0.0065543 -0.00322364 -0.000328473 -0.00322364 0.00644591)
(0.011215 -0.00539415 -0.00161747 -0.00539415 0.00945534 -0.00303372 -0.00161747 -0.00303372 0.00478327)
(0.00537305 -0.00115743 -0.00104289 -0.00115743 0.00769581 0.000587799 -0.00104289 0.000587799 0.00581876)
(0.00673355 6.4929e-05 -0.000920607 6.4929e-05 0.00684999 -0.00254055 -0.000920607 -0.00254055 0.00446242)
(0.0138228 0.00123815 -0.000309252 0.00123815 0.00802812 -0.00265809 -0.000309252 -0.00265809 0.00629877)
(0.00774008 0.00192621 0.00245748 0.00192621 0.00663505 0.000396189 0.00245748 0.000396189 0.00473879)
(0.00324382 0.000576292 0.000567073 0.000576292 0.00187258 0.00037821 0.000567073 0.00037821 0.00311165)
(0.0134262 -0.00401088 0.000484884 -0.00401088 0.0105264 0.000516487 0.000484884 0.000516487 0.00881754)
(0.00145058 0.000224512 0.000582438 0.000224512 0.00451643 -7.77822e-05 0.000582438 -7.77822e-05 0.00168137)
(0.0126896 -0.00464561 0.00162177 -0.00464561 0.00922191 -0.00295684 0.00162177 -0.00295684 0.00613592)
(0.0127821 -0.00155453 -0.00112455 -0.00155453 0.0113613 -0.00371689 -0.00112455 -0.00371689 0.0079525)
(0.00317267 -0.000226256 -7.73743e-05 -0.000226256 0.00153399 -0.00100851 -7.73743e-05 -0.00100851 0.0030768)
(0.00699833 -0.00171084 -8.95839e-05 -0.00171084 0.00719257 -0.00121228 -8.95839e-05 -0.00121228 0.00263289)
(0.00844582 0.00106447 0.00184531 0.00106447 0.00487648 0.00281352 0.00184531 0.00281352 0.0074394)
(0.0117069 -0.00275929 0.00107847 -0.00275929 0.00830379 -0.00150474 0.00107847 -0.00150474 0.00733786)
(0.0166537 -0.000367677 -0.00053547 -0.000367677 0.00774432 -0.00254322 -0.00053547 -0.00254322 0.00536476)
(0.0122719 0.000768339 0.00260765 0.000768339 0.00658014 0.000266278 0.00260765 0.000266278 0.00274252)
(0.00642392 -0.0042256 -0.00231371 -0.0042256 0.0112761 -0.0029228 -0.00231371 -0.0029228 0.00780111)
(0.0117362 -0.000833535 0.000852099 -0.000833535 0.00720747 0.00146771 0.000852099 0.00146771 0.00651838)
(0.00194606 0.000707672 0.000252128 0.000707672 0.00189427 -0.000110962 0.000252128 -0.000110962 0.00154907)
(0.00976229 -0.00257444 0.00145056 -0.00257444 0.00831097 -0.0024806 0.00145056 -0.0024806 0.0057357)
(0.00684226 -0.000886099 -0.000421358 -0.000886099 0.00722017 -0.0027682 -0.000421358 -0.0027682 0.00431096)
(0.0102911 -0.00294007 0.00291448 -0.00294007 0.00836574 -0.00173025 0.00291448 -0.00173025 0.00676308)
(0.00741853 -0.00327037 -0.000254274 -0.00327037 0.0095208 0.000195867 -0.000254274 0.000195867 0.00638476)
(0.0199028 -0.00233432 0.00246123 -0.00233432 0.00865303 -0.00313108 0.00246123 -0.00313108 0.00668223)
(0.00425286 0.000452481 0.000214608 0.000452481 0.0018063 -0.000286439 0.000214608 -0.000286439 0.0012187)
(0.0144733 -0.0023955 0.00219687 -0.0023955 0.00899214 -0.00140202 0.00219687 -0.00140202 0.00810362)
(0.0105677 -0.000597838 -0.00141934 -0.000597838 0.00727617 -0.00264427 -0.00141934 -0.00264427 0.00431418)
(0.00133524 0.000556478 0.000131196 0.000556478 0.00394598 0.00160746 0.000131196 0.00160746 0.00345621)
(0.00961956 -0.00266937 -0.00127781 -0.00266937 0.0055449 -0.00317921 -0.00127781 -0.00317921 0.00746486)
(0.00987469 -0.00305782 -0.00160499 -0.00305782 0.00886334 -0.0030988 -0.00160499 -0.0030988 0.00596078)
(0.00941861 0.000442306 0.0019213 0.000442306 0.00763744 -0.00123885 0.0019213 -0.00123885 0.00587397)
(0.0113846 -0.000896737 0.000190904 -0.000896737 0.00604596 0.00188533 0.000190904 0.00188533 0.00714592)
(0.0144403 -0.00313724 0.00168544 -0.00313724 0.00823549 -0.000983473 0.00168544 -0.000983473 0.00714269)
(0.00978372 -0.00161435 -0.00111757 -0.00161435 0.00685441 -0.00398032 -0.00111757 -0.00398032 0.0060757)
(0.0127626 -0.00390438 0.000382153 -0.00390438 0.00916776 -0.00374488 0.000382153 -0.00374488 0.00511506)
(0.0166692 -0.00474671 -0.000188423 -0.00474671 0.00899113 -0.00344873 -0.000188423 -0.00344873 0.00514736)
(0.0124641 -0.00282189 -0.00155867 -0.00282189 0.00688957 -0.00369229 -0.00155867 -0.00369229 0.00542304)
(0.0108198 -0.00444706 0.000475109 -0.00444706 0.0106505 0.000971647 0.000475109 0.000971647 0.00679134)
(0.00391782 -0.000633258 -0.00018369 -0.000633258 0.00228298 -0.00120201 -0.00018369 -0.00120201 0.00699165)
(0.0158919 -0.00433393 -0.000593483 -0.00433393 0.00802642 -0.00321543 -0.000593483 -0.00321543 0.00685806)
(0.0106689 -0.00556376 -0.000456865 -0.00556376 0.00962138 -0.00308062 -0.000456865 -0.00308062 0.00503559)
(0.0097769 7.58013e-05 -0.000783077 7.58013e-05 0.00742292 -0.0020029 -0.000783077 -0.0020029 0.00405697)
(0.00872681 -0.000577993 -8.17226e-05 -0.000577993 0.00822306 -0.00196447 -8.17226e-05 -0.00196447 0.00549095)
(0.00896396 -0.000235926 0.000459895 -0.000235926 0.00819864 -0.00175524 0.000459895 -0.00175524 0.00559383)
(0.00139959 -0.000514768 0.000107266 -0.000514768 0.0042554 0.000466029 0.000107266 0.000466029 0.00352978)
(0.0160599 -0.00117829 0.0014651 -0.00117829 0.010275 -0.000966566 0.0014651 -0.000966566 0.00853783)
(0.00654026 -0.00303593 0.000471452 -0.00303593 0.00941219 7.28993e-05 0.000471452 7.28993e-05 0.00468438)
(0.00264698 0.00058264 0.000391373 0.00058264 0.00511581 0.00142594 0.000391373 0.00142594 0.00213621)
(0.0156047 -0.00269882 0.00237776 -0.00269882 0.00911073 -0.0022317 0.00237776 -0.0022317 0.00483674)
(0.0160581 0.00100965 0.00078929 0.00100965 0.00576686 0.00364233 0.00078929 0.00364233 0.00943636)
(0.00560079 -0.000109969 -0.000677201 -0.000109969 0.00665879 -0.00248659 -0.000677201 -0.00248659 0.00389884)
(0.011681 0.00144253 0.00264517 0.00144253 0.00691166 0.000241367 0.00264517 0.000241367 0.0060802)
(0.0125459 0.00131014 0.00220666 0.00131014 0.00691215 0.00120449 0.00220666 0.00120449 0.00597484)
(0.0141412 -0.000234249 0.00120589 -0.000234249 0.00764456 0.00100799 0.00120589 0.00100799 0.00456157)
(0.0125505 -0.00477443 0.00440508 -0.00477443 0.00983393 -0.00272731 0.00440508 -0.00272731 0.0078336)
(0.0133165 -0.000162277 0.00180803 -0.000162277 0.00809722 -0.000942375 0.00180803 -0.000942375 0.00665762)
(0.01001 -0.002882 -0.00204216 -0.002882 0.0114097 -0.00323606 -0.00204216 -0.00323606 0.00839882)
(0.0106217 0.00208498 0.00236026 0.00208498 0.00581041 0.00280696 0.00236026 0.00280696 0.00663634)
(0.00342766 -0.00167526 0.000460712 -0.00167526 0.00408328 -0.000725663 0.000460712 -0.000725663 0.00235511)
(0.0102961 0.000253676 0.00191476 0.000253676 0.00730755 -0.00184993 0.00191476 -0.00184993 0.00560049)
(0.00124321 -0.00051524 0.000491271 -0.00051524 0.00262922 -0.00159048 0.000491271 -0.00159048 0.00273177)
(0.00623628 -0.00160788 0.00156085 -0.00160788 0.00776875 -0.00183002 0.00156085 -0.00183002 0.00732894)
(0.015519 0.000394232 0.00232842 0.000394232 0.0073518 -0.000343245 0.00232842 -0.000343245 0.00719092)
(0.0117342 -0.0060932 5.64009e-06 -0.0060932 0.00930444 -0.00364308 5.64009e-06 -0.00364308 0.00448581)
(0.010099 -0.000480743 0.000713427 -0.000480743 0.0088285 0.00143925 0.000713427 0.00143925 0.00467772)
(0.0152514 -0.00350975 0.00237087 -0.00350975 0.00930213 -0.00122897 0.00237087 -0.00122897 0.00768277)
(0.0109457 0.00255654 0.00228364 0.00255654 0.00617777 0.0010438 0.00228364 0.0010438 0.00305879)
(0.0113745 -0.00432812 0.000702132 -0.00432812 0.0106511 0.00109828 0.000702132 0.00109828 0.00561942)
(0.00950568 -0.00195392 -0.000792425 -0.00195392 0.00275995 -0.00198337 -0.000792425 -0.00198337 0.01229)
(0.0064993 -0.000374833 -0.00134015 -0.000374833 0.00731579 -0.0037412 -0.00134015 -0.0037412 0.00554476)
(0.00556724 4.09875e-06 -0.00050152 4.09875e-06 0.00660828 0.000716954 -0.00050152 0.000716954 0.00278111)
(0.00929397 0.00158154 0.00178139 0.00158154 0.00634808 0.000917628 0.00178139 0.000917628 0.00474288)
(0.00826159 -0.000663984 0.00119348 -0.000663984 0.00724172 -0.000670755 0.00119348 -0.000670755 0.00515615)
(0.00673303 -0.00270449 -0.0013146 -0.00270449 0.00698441 -0.00344161 -0.0013146 -0.00344161 0.00501911)
(0.00730228 -0.00375524 0.000876624 -0.00375524 0.00907044 -0.00327648 0.000876624 -0.00327648 0.00479124)
(0.01109 -0.00589918 -0.00104096 -0.00589918 0.00899733 -0.00342747 -0.00104096 -0.00342747 0.00468405)
(0.0119374 -0.00484406 -0.00138507 -0.00484406 0.00824091 -0.00307997 -0.00138507 -0.00307997 0.0053496)
(0.00937908 -0.00368665 -0.000179992 -0.00368665 0.0101632 0.00112756 -0.000179992 0.00112756 0.00699357)
(0.00747874 -0.00474058 -0.000344105 -0.00474058 0.0102924 0.00113049 -0.000344105 0.00113049 0.00475928)
(0.00949697 -0.00455603 -0.000665301 -0.00455603 0.00825202 -0.00404348 -0.000665301 -0.00404348 0.00566808)
(0.00946175 -0.00527443 0.000514202 -0.00527443 0.00961104 -0.00360188 0.000514202 -0.00360188 0.00482685)
(0.0111967 -0.00432909 0.00315359 -0.00432909 0.00982067 -0.00285172 0.00315359 -0.00285172 0.00568154)
(0.0152126 -0.000855251 0.00328624 -0.000855251 0.00818 -0.000566053 0.00328624 -0.000566053 0.00647586)
(0.00587544 -0.000532324 0.000136369 -0.000532324 0.00656382 -0.00108452 0.000136369 -0.00108452 0.00459264)
(0.00259715 -0.00146017 1.17896e-05 -0.00146017 0.00746595 0.00072752 1.17896e-05 0.00072752 0.0085594)
(0.00739928 -0.00226893 0.000570916 -0.00226893 0.00897843 0.000898304 0.000570916 0.000898304 0.00427648)
(0.00364643 0.000331815 0.00110046 0.000331815 0.00420339 0.000123153 0.00110046 0.000123153 0.00189571)
(0.00380883 -0.000724166 0.00129164 -0.000724166 0.00766252 -0.00154861 0.00129164 -0.00154861 0.00269845)
(0.0046548 -0.00217936 0.000840554 -0.00217936 0.00785371 -0.00171751 0.000840554 -0.00171751 0.00342907)
(0.0146352 0.000872219 0.00202396 0.000872219 0.00626978 0.00181714 0.00202396 0.00181714 0.00779023)
(0.00308887 -0.000928071 2.47397e-05 -0.000928071 0.00249725 -0.00124004 2.47397e-05 -0.00124004 0.00529663)
(0.00866417 -0.00298836 0.00145157 -0.00298836 0.00850167 -0.00220721 0.00145157 -0.00220721 0.00696223)
(0.0111895 0.00153971 0.00211986 0.00153971 0.00737453 -0.00103721 0.00211986 -0.00103721 0.00588701)
