/*--------------------------------*- C++ -*----------------------------------*\
  =========                 |
  \\      /  F ield         | OpenFOAM: The Open Source CFD Toolbox
   \\    /   O peration     | Website:  https://openfoam.org
    \\  /    A nd           | Version:  10
     \\/     M anipulation  |
\*---------------------------------------------------------------------------*/
FoamFile
{
    format      ascii;
    class       volTensorField;
    location    "2.5";
    object      TauNN;
}
// * * * * * * * * * * * * * * * * * * * * * * * * * * * * * * * * * * * * * //

dimensions      [0 2 -2 0 0 0 0];

internalField   nonuniform List<tensor> 
25600
(
(4.50337e-05 -0.0127893 -0.0154154 -0.0127893 2.61673e-05 -0.00812878 -0.0154154 -0.00812878 9.60713e-05)
(4.50295e-05 -0.0127893 -0.0154154 -0.0127893 2.61664e-05 -0.00812878 -0.0154154 -0.00812878 9.60661e-05)
(4.50268e-05 -0.0127893 -0.0154155 -0.0127893 2.61671e-05 -0.00812878 -0.0154155 -0.00812878 9.60718e-05)
(4.50265e-05 -0.0127893 -0.0154155 -0.0127893 2.61681e-05 -0.00812878 -0.0154155 -0.00812878 9.60788e-05)
(4.50297e-05 -0.0127893 -0.0154154 -0.0127893 2.61683e-05 -0.00812878 -0.0154154 -0.00812878 9.60797e-05)
(4.5032e-05 -0.0127893 -0.0154154 -0.0127893 2.61671e-05 -0.00812878 -0.0154154 -0.00812878 9.60713e-05)
(4.50278e-05 -0.0127893 -0.0154154 -0.0127893 2.61654e-05 -0.00812878 -0.0154154 -0.00812878 9.60609e-05)
(4.50222e-05 -0.0127893 -0.0154155 -0.0127893 2.61659e-05 -0.00812878 -0.0154155 -0.00812878 9.60664e-05)
(4.50235e-05 -0.0127893 -0.0154155 -0.0127893 2.61677e-05 -0.00812878 -0.0154155 -0.00812878 9.60782e-05)
(4.50274e-05 -0.0127893 -0.0154154 -0.0127893 2.61675e-05 -0.00812878 -0.0154154 -0.00812878 9.6077e-05)
(4.50283e-05 -0.0127893 -0.0154154 -0.0127893 2.61667e-05 -0.00812878 -0.0154154 -0.00812878 9.60712e-05)
(4.50264e-05 -0.0127893 -0.0154154 -0.0127893 2.61662e-05 -0.00812878 -0.0154154 -0.00812878 9.6068e-05)
(4.50242e-05 -0.0127893 -0.0154155 -0.0127893 2.61667e-05 -0.00812878 -0.0154155 -0.00812878 9.60723e-05)
(4.50264e-05 -0.0127893 -0.0154155 -0.0127893 2.61687e-05 -0.00812878 -0.0154155 -0.00812878 9.60837e-05)
(4.50315e-05 -0.0127893 -0.0154154 -0.0127893 2.61691e-05 -0.00812878 -0.0154154 -0.00812878 9.60853e-05)
(4.50319e-05 -0.0127893 -0.0154154 -0.0127893 2.61676e-05 -0.00812878 -0.0154154 -0.00812878 9.60756e-05)
(4.50297e-05 -0.0127893 -0.0154154 -0.0127893 2.61666e-05 -0.00812878 -0.0154154 -0.00812878 9.60689e-05)
(4.50262e-05 -0.0127893 -0.0154154 -0.0127893 2.6167e-05 -0.00812878 -0.0154154 -0.00812878 9.60719e-05)
(4.50257e-05 -0.0127893 -0.0154155 -0.0127893 2.61685e-05 -0.00812878 -0.0154155 -0.00812878 9.60828e-05)
(4.5031e-05 -0.0127893 -0.0154154 -0.0127893 2.61691e-05 -0.00812878 -0.0154154 -0.00812878 9.60852e-05)
(4.50331e-05 -0.0127893 -0.0154154 -0.0127893 2.61675e-05 -0.00812878 -0.0154154 -0.00812878 9.60742e-05)
(4.50287e-05 -0.0127893 -0.0154154 -0.0127893 2.61664e-05 -0.00812878 -0.0154154 -0.00812878 9.60681e-05)
(4.50238e-05 -0.0127893 -0.0154155 -0.0127893 2.61667e-05 -0.00812878 -0.0154155 -0.00812878 9.60713e-05)
(4.50248e-05 -0.0127893 -0.0154155 -0.0127893 2.61681e-05 -0.00812878 -0.0154155 -0.00812878 9.60814e-05)
(4.5031e-05 -0.0127893 -0.0154154 -0.0127893 2.6169e-05 -0.00812878 -0.0154154 -0.00812878 9.6085e-05)
(4.50332e-05 -0.0127893 -0.0154154 -0.0127893 2.61677e-05 -0.00812878 -0.0154154 -0.00812878 9.60754e-05)
(4.50301e-05 -0.0127893 -0.0154154 -0.0127893 2.61666e-05 -0.00812878 -0.0154154 -0.00812878 9.60688e-05)
(4.50272e-05 -0.0127893 -0.0154154 -0.0127893 2.61674e-05 -0.00812878 -0.0154154 -0.00812878 9.60747e-05)
(4.50298e-05 -0.0127893 -0.0154155 -0.0127893 2.61693e-05 -0.00812878 -0.0154155 -0.00812878 9.60862e-05)
(4.50362e-05 -0.0127893 -0.0154154 -0.0127893 2.61696e-05 -0.00812878 -0.0154154 -0.00812878 9.60865e-05)
(4.50384e-05 -0.0127893 -0.0154154 -0.0127893 2.61683e-05 -0.00812878 -0.0154154 -0.00812878 9.60769e-05)
(4.50347e-05 -0.0127893 -0.0154154 -0.0127893 2.61672e-05 -0.00812878 -0.0154154 -0.00812878 9.607e-05)
(4.503e-05 -0.0127893 -0.0154154 -0.0127893 2.61676e-05 -0.00812878 -0.0154154 -0.00812878 9.60741e-05)
(4.50318e-05 -0.0127893 -0.0154155 -0.0127893 2.61696e-05 -0.00812878 -0.0154155 -0.00812878 9.60862e-05)
(4.50368e-05 -0.0127894 -0.0154154 -0.0127894 2.617e-05 -0.00812878 -0.0154154 -0.00812878 9.60882e-05)
(4.50385e-05 -0.0127893 -0.0154154 -0.0127893 2.61687e-05 -0.00812878 -0.0154154 -0.00812878 9.60791e-05)
(4.5036e-05 -0.0127893 -0.0154154 -0.0127893 2.61675e-05 -0.00812878 -0.0154154 -0.00812878 9.60705e-05)
(4.50303e-05 -0.0127893 -0.0154154 -0.0127893 2.61677e-05 -0.00812878 -0.0154154 -0.00812878 9.60737e-05)
(4.50312e-05 -0.0127893 -0.0154155 -0.0127893 2.61696e-05 -0.00812878 -0.0154155 -0.00812878 9.6086e-05)
(4.50355e-05 -0.0127893 -0.0154154 -0.0127893 2.61695e-05 -0.00812878 -0.0154154 -0.00812878 9.60852e-05)
(3.12002e-05 -0.0127896 -0.0154197 -0.0127896 2.57676e-05 -0.0081209 -0.0154197 -0.0081209 9.01542e-05)
(3.12022e-05 -0.0127896 -0.0154197 -0.0127896 2.57675e-05 -0.0081209 -0.0154197 -0.0081209 9.01539e-05)
(3.12051e-05 -0.0127896 -0.0154197 -0.0127896 2.57693e-05 -0.0081209 -0.0154197 -0.0081209 9.0165e-05)
(3.12034e-05 -0.0127896 -0.0154197 -0.0127896 2.57706e-05 -0.0081209 -0.0154197 -0.0081209 9.01719e-05)
(3.12018e-05 -0.0127896 -0.0154197 -0.0127896 2.57703e-05 -0.0081209 -0.0154197 -0.0081209 9.01682e-05)
(3.12001e-05 -0.0127896 -0.0154197 -0.0127896 2.57685e-05 -0.0081209 -0.0154197 -0.0081209 9.01582e-05)
(3.11995e-05 -0.0127896 -0.0154197 -0.0127896 2.57671e-05 -0.0081209 -0.0154197 -0.0081209 9.01504e-05)
(3.12022e-05 -0.0127896 -0.0154197 -0.0127896 2.57689e-05 -0.0081209 -0.0154197 -0.0081209 9.01604e-05)
(3.1202e-05 -0.0127896 -0.0154197 -0.0127896 2.57709e-05 -0.0081209 -0.0154197 -0.0081209 9.0171e-05)
(3.11989e-05 -0.0127896 -0.0154197 -0.0127896 2.57699e-05 -0.0081209 -0.0154197 -0.0081209 9.01631e-05)
(3.11976e-05 -0.0127896 -0.0154197 -0.0127896 2.57686e-05 -0.0081209 -0.0154197 -0.0081209 9.01554e-05)
(3.11964e-05 -0.0127896 -0.0154197 -0.0127896 2.57681e-05 -0.0081209 -0.0154197 -0.0081209 9.0153e-05)
(3.11984e-05 -0.0127896 -0.0154197 -0.0127896 2.57693e-05 -0.0081209 -0.0154197 -0.0081209 9.01599e-05)
(3.1201e-05 -0.0127896 -0.0154197 -0.0127896 2.57716e-05 -0.0081209 -0.0154197 -0.0081209 9.0172e-05)
(3.11974e-05 -0.0127896 -0.0154197 -0.0127896 2.5771e-05 -0.0081209 -0.0154197 -0.0081209 9.0167e-05)
(3.11942e-05 -0.0127896 -0.0154197 -0.0127896 2.5769e-05 -0.0081209 -0.0154197 -0.0081209 9.01554e-05)
(3.11957e-05 -0.0127896 -0.0154197 -0.0127896 2.57683e-05 -0.0081209 -0.0154197 -0.0081209 9.01529e-05)
(3.11976e-05 -0.0127896 -0.0154197 -0.0127896 2.57692e-05 -0.0081209 -0.0154197 -0.0081209 9.01582e-05)
(3.11996e-05 -0.0127896 -0.0154197 -0.0127896 2.57715e-05 -0.0081209 -0.0154197 -0.0081209 9.01705e-05)
(3.11976e-05 -0.0127896 -0.0154197 -0.0127896 2.57711e-05 -0.0081209 -0.0154197 -0.0081209 9.01679e-05)
(3.1196e-05 -0.0127896 -0.0154197 -0.0127896 2.57683e-05 -0.0081209 -0.0154197 -0.0081209 9.01516e-05)
(3.1199e-05 -0.0127896 -0.0154197 -0.0127896 2.5768e-05 -0.0081209 -0.0154197 -0.0081209 9.01504e-05)
(3.11991e-05 -0.0127896 -0.0154197 -0.0127896 2.57692e-05 -0.0081209 -0.0154197 -0.0081209 9.01585e-05)
(3.11985e-05 -0.0127896 -0.0154197 -0.0127896 2.57707e-05 -0.0081209 -0.0154197 -0.0081209 9.01667e-05)
(3.11978e-05 -0.0127896 -0.0154197 -0.0127896 2.57708e-05 -0.0081209 -0.0154197 -0.0081209 9.01658e-05)
(3.11944e-05 -0.0127896 -0.0154197 -0.0127896 2.57686e-05 -0.0081209 -0.0154197 -0.0081209 9.01525e-05)
(3.11953e-05 -0.0127896 -0.0154197 -0.0127896 2.57676e-05 -0.0081209 -0.0154197 -0.0081209 9.01481e-05)
(3.11974e-05 -0.0127896 -0.0154197 -0.0127896 2.57694e-05 -0.0081209 -0.0154197 -0.0081209 9.01588e-05)
(3.11964e-05 -0.0127896 -0.0154197 -0.0127896 2.57711e-05 -0.0081209 -0.0154197 -0.0081209 9.01681e-05)
(3.11962e-05 -0.0127896 -0.0154197 -0.0127896 2.57703e-05 -0.0081209 -0.0154197 -0.0081209 9.01629e-05)
(3.11949e-05 -0.0127896 -0.0154197 -0.0127896 2.57683e-05 -0.0081209 -0.0154197 -0.0081209 9.01513e-05)
(3.1195e-05 -0.0127896 -0.0154197 -0.0127896 2.57671e-05 -0.0081209 -0.0154197 -0.0081209 9.01459e-05)
(3.11994e-05 -0.0127896 -0.0154197 -0.0127896 2.57689e-05 -0.0081209 -0.0154197 -0.0081209 9.01568e-05)
(3.12005e-05 -0.0127896 -0.0154197 -0.0127896 2.57711e-05 -0.0081209 -0.0154197 -0.0081209 9.01705e-05)
(3.11983e-05 -0.0127896 -0.0154197 -0.0127896 2.577e-05 -0.0081209 -0.0154197 -0.0081209 9.01638e-05)
(3.11993e-05 -0.0127896 -0.0154197 -0.0127896 2.57685e-05 -0.0081209 -0.0154197 -0.0081209 9.01545e-05)
(3.12004e-05 -0.0127896 -0.0154197 -0.0127896 2.57676e-05 -0.0081209 -0.0154197 -0.0081209 9.01524e-05)
(3.12025e-05 -0.0127896 -0.0154197 -0.0127896 2.57684e-05 -0.0081209 -0.0154197 -0.0081209 9.01595e-05)
(3.12065e-05 -0.0127896 -0.0154197 -0.0127896 2.57711e-05 -0.0081209 -0.0154197 -0.0081209 9.01731e-05)
(3.12045e-05 -0.0127896 -0.0154197 -0.0127896 2.57704e-05 -0.0081209 -0.0154197 -0.0081209 9.01684e-05)
(3.5671e-05 -0.0127884 -0.0154184 -0.0127884 2.36219e-05 -0.00812454 -0.0154184 -0.00812454 8.17977e-05)
(3.56668e-05 -0.0127884 -0.0154184 -0.0127884 2.362e-05 -0.00812454 -0.0154184 -0.00812454 8.17833e-05)
(3.56658e-05 -0.0127884 -0.0154184 -0.0127884 2.3621e-05 -0.00812454 -0.0154184 -0.00812454 8.1795e-05)
(3.56689e-05 -0.0127884 -0.0154184 -0.0127884 2.36233e-05 -0.00812454 -0.0154184 -0.00812454 8.18156e-05)
(3.56764e-05 -0.0127884 -0.0154184 -0.0127884 2.36248e-05 -0.00812454 -0.0154184 -0.00812454 8.18233e-05)
(3.56755e-05 -0.0127884 -0.0154184 -0.0127884 2.36229e-05 -0.00812454 -0.0154184 -0.00812454 8.18047e-05)
(3.56674e-05 -0.0127884 -0.0154184 -0.0127884 2.36189e-05 -0.00812454 -0.0154184 -0.00812454 8.17751e-05)
(3.56661e-05 -0.0127884 -0.0154184 -0.0127884 2.36202e-05 -0.00812454 -0.0154184 -0.00812454 8.17876e-05)
(3.56709e-05 -0.0127884 -0.0154184 -0.0127884 2.36234e-05 -0.00812454 -0.0154184 -0.00812454 8.18153e-05)
(3.56753e-05 -0.0127884 -0.0154184 -0.0127884 2.36236e-05 -0.00812454 -0.0154184 -0.00812454 8.18135e-05)
(3.56747e-05 -0.0127884 -0.0154184 -0.0127884 2.36225e-05 -0.00812454 -0.0154184 -0.00812454 8.18003e-05)
(3.56684e-05 -0.0127884 -0.0154184 -0.0127884 2.36197e-05 -0.00812454 -0.0154184 -0.00812454 8.17814e-05)
(3.56663e-05 -0.0127884 -0.0154184 -0.0127884 2.36202e-05 -0.00812454 -0.0154184 -0.00812454 8.17892e-05)
(3.56723e-05 -0.0127884 -0.0154184 -0.0127884 2.36242e-05 -0.00812454 -0.0154184 -0.00812454 8.18205e-05)
(3.56778e-05 -0.0127884 -0.0154184 -0.0127884 2.36247e-05 -0.00812454 -0.0154184 -0.00812454 8.18222e-05)
(3.56743e-05 -0.0127884 -0.0154184 -0.0127884 2.36226e-05 -0.00812454 -0.0154184 -0.00812454 8.18029e-05)
(3.56677e-05 -0.0127884 -0.0154184 -0.0127884 2.36201e-05 -0.00812454 -0.0154184 -0.00812454 8.17848e-05)
(3.56649e-05 -0.0127884 -0.0154184 -0.0127884 2.36199e-05 -0.00812454 -0.0154184 -0.00812454 8.17862e-05)
(3.56698e-05 -0.0127884 -0.0154184 -0.0127884 2.36239e-05 -0.00812454 -0.0154184 -0.00812454 8.18189e-05)
(3.56755e-05 -0.0127884 -0.0154184 -0.0127884 2.3625e-05 -0.00812454 -0.0154184 -0.00812454 8.18258e-05)
(3.56736e-05 -0.0127884 -0.0154184 -0.0127884 2.3622e-05 -0.00812454 -0.0154184 -0.00812454 8.1798e-05)
(3.56692e-05 -0.0127884 -0.0154184 -0.0127884 2.36201e-05 -0.00812454 -0.0154184 -0.00812454 8.17836e-05)
(3.56645e-05 -0.0127884 -0.0154184 -0.0127884 2.36199e-05 -0.00812454 -0.0154184 -0.00812454 8.17869e-05)
(3.56695e-05 -0.0127884 -0.0154184 -0.0127884 2.3623e-05 -0.00812454 -0.0154184 -0.00812454 8.18132e-05)
(3.56786e-05 -0.0127884 -0.0154184 -0.0127884 2.3625e-05 -0.00812454 -0.0154184 -0.00812454 8.18234e-05)
(3.56746e-05 -0.0127884 -0.0154184 -0.0127884 2.36219e-05 -0.00812454 -0.0154184 -0.00812454 8.17972e-05)
(3.56692e-05 -0.0127884 -0.0154184 -0.0127884 2.36195e-05 -0.00812454 -0.0154184 -0.00812454 8.1779e-05)
(3.56685e-05 -0.0127884 -0.0154184 -0.0127884 2.36205e-05 -0.00812454 -0.0154184 -0.00812454 8.17899e-05)
(3.56711e-05 -0.0127884 -0.0154184 -0.0127884 2.36233e-05 -0.00812454 -0.0154184 -0.00812454 8.18158e-05)
(3.56778e-05 -0.0127884 -0.0154184 -0.0127884 2.36245e-05 -0.00812454 -0.0154184 -0.00812454 8.18206e-05)
(3.56764e-05 -0.0127884 -0.0154184 -0.0127884 2.36223e-05 -0.00812454 -0.0154184 -0.00812454 8.17988e-05)
(3.56675e-05 -0.0127884 -0.0154184 -0.0127884 2.3619e-05 -0.00812454 -0.0154184 -0.00812454 8.17752e-05)
(3.5665e-05 -0.0127884 -0.0154184 -0.0127884 2.36199e-05 -0.00812454 -0.0154184 -0.00812454 8.17852e-05)
(3.56692e-05 -0.0127884 -0.0154184 -0.0127884 2.36235e-05 -0.00812454 -0.0154184 -0.00812454 8.18173e-05)
(3.56737e-05 -0.0127884 -0.0154184 -0.0127884 2.36243e-05 -0.00812454 -0.0154184 -0.00812454 8.182e-05)
(3.56741e-05 -0.0127884 -0.0154184 -0.0127884 2.36229e-05 -0.00812454 -0.0154184 -0.00812454 8.18032e-05)
(3.56666e-05 -0.0127884 -0.0154184 -0.0127884 2.36199e-05 -0.00812454 -0.0154184 -0.00812454 8.17829e-05)
(3.56623e-05 -0.0127884 -0.0154184 -0.0127884 2.362e-05 -0.00812454 -0.0154184 -0.00812454 8.17893e-05)
(3.56714e-05 -0.0127884 -0.0154184 -0.0127884 2.36245e-05 -0.00812454 -0.0154184 -0.00812454 8.18227e-05)
(3.56762e-05 -0.0127884 -0.0154184 -0.0127884 2.3625e-05 -0.00812454 -0.0154184 -0.00812454 8.18246e-05)
(3.87562e-05 -0.0127886 -0.015418 -0.0127886 2.37406e-05 -0.00812583 -0.015418 -0.00812583 8.22046e-05)
(3.87502e-05 -0.0127886 -0.015418 -0.0127886 2.37364e-05 -0.00812583 -0.015418 -0.00812583 8.21699e-05)
(3.87508e-05 -0.0127886 -0.015418 -0.0127886 2.37369e-05 -0.00812583 -0.015418 -0.00812583 8.21758e-05)
(3.87564e-05 -0.0127886 -0.015418 -0.0127886 2.37415e-05 -0.00812582 -0.015418 -0.00812582 8.22149e-05)
(3.87615e-05 -0.0127886 -0.015418 -0.0127886 2.37454e-05 -0.00812582 -0.015418 -0.00812582 8.22437e-05)
(3.87562e-05 -0.0127886 -0.015418 -0.0127886 2.37416e-05 -0.00812583 -0.015418 -0.00812583 8.22134e-05)
(3.87446e-05 -0.0127886 -0.015418 -0.0127886 2.37341e-05 -0.00812583 -0.015418 -0.00812583 8.21522e-05)
(3.87476e-05 -0.0127886 -0.015418 -0.0127886 2.37355e-05 -0.00812582 -0.015418 -0.00812582 8.21632e-05)
(3.87545e-05 -0.0127886 -0.015418 -0.0127886 2.37409e-05 -0.00812582 -0.015418 -0.00812582 8.22095e-05)
(3.87591e-05 -0.0127886 -0.015418 -0.0127886 2.37427e-05 -0.00812582 -0.015418 -0.00812582 8.22215e-05)
(3.87556e-05 -0.0127886 -0.015418 -0.0127886 2.37407e-05 -0.00812582 -0.015418 -0.00812582 8.22033e-05)
(3.87425e-05 -0.0127886 -0.015418 -0.0127886 2.37344e-05 -0.00812583 -0.015418 -0.00812583 8.21568e-05)
(3.87488e-05 -0.0127886 -0.015418 -0.0127886 2.37355e-05 -0.00812582 -0.015418 -0.00812582 8.21636e-05)
(3.87603e-05 -0.0127886 -0.015418 -0.0127886 2.37427e-05 -0.00812582 -0.015418 -0.00812582 8.22214e-05)
(3.87604e-05 -0.0127886 -0.015418 -0.0127886 2.37442e-05 -0.00812582 -0.015418 -0.00812582 8.22352e-05)
(3.87582e-05 -0.0127886 -0.015418 -0.0127886 2.37413e-05 -0.00812583 -0.015418 -0.00812583 8.221e-05)
(3.8748e-05 -0.0127886 -0.015418 -0.0127886 2.37358e-05 -0.00812583 -0.015418 -0.00812583 8.21667e-05)
(3.87477e-05 -0.0127886 -0.015418 -0.0127886 2.37346e-05 -0.00812583 -0.015418 -0.00812583 8.2156e-05)
(3.87605e-05 -0.0127886 -0.015418 -0.0127886 2.37423e-05 -0.00812582 -0.015418 -0.00812582 8.22184e-05)
(3.876e-05 -0.0127886 -0.015418 -0.0127886 2.37444e-05 -0.00812582 -0.015418 -0.00812582 8.22376e-05)
(3.8756e-05 -0.0127886 -0.015418 -0.0127886 2.37398e-05 -0.00812583 -0.015418 -0.00812583 8.21965e-05)
(3.87506e-05 -0.0127886 -0.015418 -0.0127886 2.37362e-05 -0.00812583 -0.015418 -0.00812583 8.21663e-05)
(3.87444e-05 -0.0127886 -0.015418 -0.0127886 2.3734e-05 -0.00812583 -0.015418 -0.00812583 8.21531e-05)
(3.8755e-05 -0.0127886 -0.015418 -0.0127886 2.37402e-05 -0.00812582 -0.015418 -0.00812582 8.22037e-05)
(3.87596e-05 -0.0127886 -0.015418 -0.0127886 2.37441e-05 -0.00812582 -0.015418 -0.00812582 8.22336e-05)
(3.875e-05 -0.0127886 -0.015418 -0.0127886 2.37386e-05 -0.00812582 -0.015418 -0.00812582 8.21901e-05)
(3.87453e-05 -0.0127886 -0.015418 -0.0127886 2.37345e-05 -0.00812583 -0.015418 -0.00812583 8.21542e-05)
(3.87459e-05 -0.0127886 -0.015418 -0.0127886 2.37349e-05 -0.00812582 -0.015418 -0.00812582 8.21591e-05)
(3.87537e-05 -0.0127886 -0.015418 -0.0127886 2.37405e-05 -0.00812582 -0.015418 -0.00812582 8.22071e-05)
(3.87614e-05 -0.0127886 -0.015418 -0.0127886 2.37439e-05 -0.00812582 -0.015418 -0.00812582 8.22317e-05)
(3.87536e-05 -0.0127886 -0.015418 -0.0127886 2.37396e-05 -0.00812582 -0.015418 -0.00812582 8.21962e-05)
(3.87445e-05 -0.0127886 -0.015418 -0.0127886 2.37335e-05 -0.00812583 -0.015418 -0.00812583 8.21465e-05)
(3.87494e-05 -0.0127886 -0.015418 -0.0127886 2.37346e-05 -0.00812583 -0.015418 -0.00812583 8.21545e-05)
(3.87565e-05 -0.0127886 -0.015418 -0.0127886 2.37407e-05 -0.00812582 -0.015418 -0.00812582 8.22089e-05)
(3.87628e-05 -0.0127886 -0.015418 -0.0127886 2.37438e-05 -0.00812582 -0.015418 -0.00812582 8.22298e-05)
(3.87612e-05 -0.0127886 -0.015418 -0.0127886 2.37419e-05 -0.00812583 -0.015418 -0.00812583 8.22113e-05)
(3.87469e-05 -0.0127886 -0.015418 -0.0127886 2.37352e-05 -0.00812583 -0.015418 -0.00812583 8.21621e-05)
(3.87509e-05 -0.0127886 -0.015418 -0.0127886 2.37356e-05 -0.00812583 -0.015418 -0.00812583 8.21646e-05)
(3.87644e-05 -0.0127886 -0.015418 -0.0127886 2.3744e-05 -0.00812582 -0.015418 -0.00812582 8.22306e-05)
(3.87645e-05 -0.0127886 -0.015418 -0.0127886 2.37455e-05 -0.00812582 -0.015418 -0.00812582 8.2245e-05)
(4.01661e-05 -0.0127887 -0.0154177 -0.0127887 2.38629e-05 -0.00812642 -0.0154177 -0.00812642 8.22211e-05)
(4.01566e-05 -0.0127887 -0.0154177 -0.0127887 2.38545e-05 -0.00812642 -0.0154177 -0.00812642 8.21477e-05)
(4.01493e-05 -0.0127887 -0.0154178 -0.0127887 2.38516e-05 -0.00812642 -0.0154178 -0.00812642 8.21296e-05)
(4.01627e-05 -0.0127887 -0.0154177 -0.0127887 2.38589e-05 -0.00812641 -0.0154177 -0.00812641 8.21906e-05)
(4.01775e-05 -0.0127887 -0.0154177 -0.0127887 2.3868e-05 -0.00812641 -0.0154177 -0.00812641 8.22626e-05)
(4.01704e-05 -0.0127887 -0.0154177 -0.0127887 2.38643e-05 -0.00812642 -0.0154177 -0.00812642 8.22331e-05)
(4.01536e-05 -0.0127887 -0.0154178 -0.0127887 2.38519e-05 -0.00812642 -0.0154178 -0.00812642 8.21266e-05)
(4.01487e-05 -0.0127887 -0.0154178 -0.0127887 2.38506e-05 -0.00812642 -0.0154178 -0.00812642 8.21174e-05)
(4.01597e-05 -0.0127887 -0.0154177 -0.0127887 2.38577e-05 -0.00812641 -0.0154177 -0.00812641 8.21821e-05)
(4.017e-05 -0.0127887 -0.0154177 -0.0127887 2.3864e-05 -0.00812641 -0.0154177 -0.00812641 8.22309e-05)
(4.01665e-05 -0.0127887 -0.0154177 -0.0127887 2.38629e-05 -0.00812641 -0.0154177 -0.00812641 8.22194e-05)
(4.01495e-05 -0.0127887 -0.0154178 -0.0127887 2.38515e-05 -0.00812642 -0.0154178 -0.00812642 8.21265e-05)
(4.01465e-05 -0.0127887 -0.0154178 -0.0127887 2.38503e-05 -0.00812642 -0.0154178 -0.00812642 8.21169e-05)
(4.01643e-05 -0.0127887 -0.0154177 -0.0127887 2.38603e-05 -0.00812641 -0.0154177 -0.00812641 8.2201e-05)
(4.01722e-05 -0.0127887 -0.0154177 -0.0127887 2.38654e-05 -0.00812641 -0.0154177 -0.00812641 8.22446e-05)
(4.01673e-05 -0.0127887 -0.0154177 -0.0127887 2.3864e-05 -0.00812641 -0.0154177 -0.00812641 8.22309e-05)
(4.01525e-05 -0.0127887 -0.0154177 -0.0127887 2.38541e-05 -0.00812642 -0.0154177 -0.00812642 8.21473e-05)
(4.01429e-05 -0.0127887 -0.0154178 -0.0127887 2.38487e-05 -0.00812642 -0.0154178 -0.00812642 8.21052e-05)
(4.01642e-05 -0.0127887 -0.0154177 -0.0127887 2.38604e-05 -0.00812641 -0.0154177 -0.00812641 8.22016e-05)
(4.01714e-05 -0.0127887 -0.0154177 -0.0127887 2.3866e-05 -0.00812641 -0.0154177 -0.00812641 8.22516e-05)
(4.01669e-05 -0.0127887 -0.0154177 -0.0127887 2.38624e-05 -0.00812641 -0.0154177 -0.00812641 8.22155e-05)
(4.01616e-05 -0.0127887 -0.0154177 -0.0127887 2.38556e-05 -0.00812642 -0.0154177 -0.00812642 8.21533e-05)
(4.01419e-05 -0.0127887 -0.0154178 -0.0127887 2.38477e-05 -0.00812642 -0.0154178 -0.00812642 8.20998e-05)
(4.01618e-05 -0.0127887 -0.0154177 -0.0127887 2.38585e-05 -0.00812641 -0.0154177 -0.00812641 8.21857e-05)
(4.01773e-05 -0.0127887 -0.0154177 -0.0127887 2.38663e-05 -0.00812641 -0.0154177 -0.00812641 8.2248e-05)
(4.01594e-05 -0.0127887 -0.0154177 -0.0127887 2.38599e-05 -0.00812641 -0.0154177 -0.00812641 8.21986e-05)
(4.01554e-05 -0.0127887 -0.0154178 -0.0127887 2.38533e-05 -0.00812642 -0.0154178 -0.00812642 8.21354e-05)
(4.01467e-05 -0.0127887 -0.0154178 -0.0127887 2.38493e-05 -0.00812642 -0.0154178 -0.00812642 8.21086e-05)
(4.01557e-05 -0.0127887 -0.0154177 -0.0127887 2.38575e-05 -0.00812641 -0.0154177 -0.00812641 8.21833e-05)
(4.01765e-05 -0.0127887 -0.0154177 -0.0127887 2.38666e-05 -0.00812641 -0.0154177 -0.00812641 8.22504e-05)
(4.01643e-05 -0.0127887 -0.0154177 -0.0127887 2.38619e-05 -0.00812641 -0.0154177 -0.00812641 8.22127e-05)
(4.01454e-05 -0.0127887 -0.0154178 -0.0127887 2.38509e-05 -0.00812642 -0.0154178 -0.00812642 8.21214e-05)
(4.01438e-05 -0.0127887 -0.0154178 -0.0127887 2.38488e-05 -0.00812642 -0.0154178 -0.00812642 8.2104e-05)
(4.01545e-05 -0.0127887 -0.0154177 -0.0127887 2.38571e-05 -0.00812641 -0.0154177 -0.00812641 8.21818e-05)
(4.01678e-05 -0.0127887 -0.0154177 -0.0127887 2.3865e-05 -0.00812641 -0.0154177 -0.00812641 8.22403e-05)
(4.01703e-05 -0.0127887 -0.0154177 -0.0127887 2.38645e-05 -0.00812641 -0.0154177 -0.00812641 8.22301e-05)
(4.0145e-05 -0.0127887 -0.0154178 -0.0127887 2.38523e-05 -0.00812642 -0.0154178 -0.00812642 8.21389e-05)
(4.01442e-05 -0.0127887 -0.0154178 -0.0127887 2.38503e-05 -0.00812642 -0.0154178 -0.00812642 8.21188e-05)
(4.01723e-05 -0.0127887 -0.0154177 -0.0127887 2.38622e-05 -0.00812641 -0.0154177 -0.00812641 8.22124e-05)
(4.01744e-05 -0.0127887 -0.0154177 -0.0127887 2.38674e-05 -0.00812641 -0.0154177 -0.00812641 8.22626e-05)
(4.01816e-05 -0.0127887 -0.0154177 -0.0127887 2.3725e-05 -0.00812673 -0.0154177 -0.00812673 8.12751e-05)
(4.01838e-05 -0.0127887 -0.0154177 -0.0127887 2.37129e-05 -0.00812674 -0.0154177 -0.00812674 8.11506e-05)
(4.01742e-05 -0.0127887 -0.0154178 -0.0127887 2.37021e-05 -0.00812674 -0.0154178 -0.00812674 8.10572e-05)
(4.01736e-05 -0.0127887 -0.0154177 -0.0127887 2.37085e-05 -0.00812673 -0.0154177 -0.00812673 8.11277e-05)
(4.01835e-05 -0.0127887 -0.0154177 -0.0127887 2.37246e-05 -0.00812672 -0.0154177 -0.00812672 8.12773e-05)
(4.01831e-05 -0.0127887 -0.0154177 -0.0127887 2.37255e-05 -0.00812673 -0.0154177 -0.00812673 8.12823e-05)
(4.01824e-05 -0.0127887 -0.0154177 -0.0127887 2.37103e-05 -0.00812674 -0.0154177 -0.00812674 8.11261e-05)
(4.01729e-05 -0.0127887 -0.0154178 -0.0127887 2.37005e-05 -0.00812674 -0.0154178 -0.00812674 8.10397e-05)
(4.01696e-05 -0.0127887 -0.0154177 -0.0127887 2.37055e-05 -0.00812673 -0.0154177 -0.00812673 8.11035e-05)
(4.01808e-05 -0.0127887 -0.0154177 -0.0127887 2.37198e-05 -0.00812672 -0.0154177 -0.00812672 8.12321e-05)
(4.01733e-05 -0.0127887 -0.0154177 -0.0127887 2.37228e-05 -0.00812673 -0.0154177 -0.00812673 8.12594e-05)
(4.01672e-05 -0.0127887 -0.0154178 -0.0127887 2.37072e-05 -0.00812674 -0.0154178 -0.00812674 8.11097e-05)
(4.01739e-05 -0.0127887 -0.0154178 -0.0127887 2.37007e-05 -0.00812674 -0.0154178 -0.00812674 8.10412e-05)
(4.01738e-05 -0.0127887 -0.0154177 -0.0127887 2.37096e-05 -0.00812673 -0.0154177 -0.00812673 8.11377e-05)
(4.01802e-05 -0.0127887 -0.0154177 -0.0127887 2.37209e-05 -0.00812672 -0.0154177 -0.00812672 8.12462e-05)
(4.01838e-05 -0.0127887 -0.0154177 -0.0127887 2.37254e-05 -0.00812673 -0.0154177 -0.00812673 8.12791e-05)
(4.01754e-05 -0.0127887 -0.0154177 -0.0127887 2.37117e-05 -0.00812674 -0.0154177 -0.00812674 8.11456e-05)
(4.01726e-05 -0.0127887 -0.0154178 -0.0127887 2.36988e-05 -0.00812674 -0.0154178 -0.00812674 8.10237e-05)
(4.01757e-05 -0.0127887 -0.0154177 -0.0127887 2.37097e-05 -0.00812673 -0.0154177 -0.00812673 8.11377e-05)
(4.01751e-05 -0.0127887 -0.0154177 -0.0127887 2.37204e-05 -0.00812672 -0.0154177 -0.00812672 8.12473e-05)
(4.01821e-05 -0.0127887 -0.0154177 -0.0127887 2.37235e-05 -0.00812673 -0.0154177 -0.00812673 8.12601e-05)
(4.01837e-05 -0.0127887 -0.0154177 -0.0127887 2.37141e-05 -0.00812674 -0.0154177 -0.00812674 8.11612e-05)
(4.01653e-05 -0.0127887 -0.0154178 -0.0127887 2.3696e-05 -0.00812674 -0.0154178 -0.00812674 8.10068e-05)
(4.01752e-05 -0.0127887 -0.0154177 -0.0127887 2.37081e-05 -0.00812673 -0.0154177 -0.00812673 8.11213e-05)
(4.01784e-05 -0.0127887 -0.0154177 -0.0127887 2.37209e-05 -0.00812672 -0.0154177 -0.00812672 8.12472e-05)
(4.0167e-05 -0.0127887 -0.0154177 -0.0127887 2.37181e-05 -0.00812673 -0.0154177 -0.00812673 8.12225e-05)
(4.01783e-05 -0.0127887 -0.0154177 -0.0127887 2.37109e-05 -0.00812674 -0.0154177 -0.00812674 8.11322e-05)
(4.01691e-05 -0.0127887 -0.0154178 -0.0127887 2.36979e-05 -0.00812674 -0.0154178 -0.00812674 8.102e-05)
(4.01671e-05 -0.0127887 -0.0154177 -0.0127887 2.3706e-05 -0.00812673 -0.0154177 -0.00812673 8.11095e-05)
(4.01821e-05 -0.0127887 -0.0154177 -0.0127887 2.37223e-05 -0.00812672 -0.0154177 -0.00812672 8.12565e-05)
(4.01759e-05 -0.0127887 -0.0154177 -0.0127887 2.37218e-05 -0.00812673 -0.0154177 -0.00812673 8.12501e-05)
(4.01745e-05 -0.0127887 -0.0154177 -0.0127887 2.37086e-05 -0.00812674 -0.0154177 -0.00812674 8.11133e-05)
(4.0172e-05 -0.0127887 -0.0154178 -0.0127887 2.36982e-05 -0.00812674 -0.0154178 -0.00812674 8.10183e-05)
(4.01664e-05 -0.0127887 -0.0154178 -0.0127887 2.37047e-05 -0.00812673 -0.0154178 -0.00812673 8.10995e-05)
(4.01777e-05 -0.0127887 -0.0154177 -0.0127887 2.37204e-05 -0.00812672 -0.0154177 -0.00812672 8.12398e-05)
(4.01814e-05 -0.0127887 -0.0154177 -0.0127887 2.37252e-05 -0.00812673 -0.0154177 -0.00812673 8.12762e-05)
(4.01711e-05 -0.0127887 -0.0154177 -0.0127887 2.37096e-05 -0.00812674 -0.0154177 -0.00812674 8.11319e-05)
(4.01739e-05 -0.0127887 -0.0154178 -0.0127887 2.37018e-05 -0.00812674 -0.0154178 -0.00812674 8.10501e-05)
(4.01832e-05 -0.0127887 -0.0154177 -0.0127887 2.37124e-05 -0.00812673 -0.0154177 -0.00812673 8.1158e-05)
(4.01834e-05 -0.0127887 -0.0154177 -0.0127887 2.37244e-05 -0.00812672 -0.0154177 -0.00812672 8.12802e-05)
(4.03839e-05 -0.0127887 -0.0154178 -0.0127887 2.37355e-05 -0.00812669 -0.0154178 -0.00812669 8.10948e-05)
(4.03867e-05 -0.0127887 -0.0154178 -0.0127887 2.37193e-05 -0.00812672 -0.0154178 -0.00812672 8.09184e-05)
(4.03881e-05 -0.0127887 -0.0154178 -0.0127887 2.37008e-05 -0.00812672 -0.0154178 -0.00812672 8.07317e-05)
(4.0404e-05 -0.0127887 -0.0154178 -0.0127887 2.37072e-05 -0.00812671 -0.0154178 -0.00812671 8.07953e-05)
(4.04167e-05 -0.0127887 -0.0154178 -0.0127887 2.37308e-05 -0.00812669 -0.0154178 -0.00812669 8.10287e-05)
(4.03881e-05 -0.0127887 -0.0154178 -0.0127887 2.37357e-05 -0.00812669 -0.0154178 -0.00812669 8.10998e-05)
(4.03921e-05 -0.0127887 -0.0154178 -0.0127887 2.37191e-05 -0.00812672 -0.0154178 -0.00812672 8.0911e-05)
(4.03869e-05 -0.0127887 -0.0154178 -0.0127887 2.36998e-05 -0.00812672 -0.0154178 -0.00812672 8.07178e-05)
(4.03916e-05 -0.0127887 -0.0154178 -0.0127887 2.37021e-05 -0.00812671 -0.0154178 -0.00812671 8.07586e-05)
(4.04132e-05 -0.0127887 -0.0154178 -0.0127887 2.37257e-05 -0.00812669 -0.0154178 -0.00812669 8.09807e-05)
(4.03821e-05 -0.0127887 -0.0154178 -0.0127887 2.37325e-05 -0.00812669 -0.0154178 -0.00812669 8.10684e-05)
(4.03726e-05 -0.0127887 -0.0154178 -0.0127887 2.3713e-05 -0.00812672 -0.0154178 -0.00812672 8.08693e-05)
(4.03889e-05 -0.0127887 -0.0154178 -0.0127887 2.37003e-05 -0.00812672 -0.0154178 -0.00812672 8.07225e-05)
(4.03984e-05 -0.0127887 -0.0154178 -0.0127887 2.37072e-05 -0.00812671 -0.0154178 -0.00812671 8.08018e-05)
(4.04079e-05 -0.0127887 -0.0154178 -0.0127887 2.37252e-05 -0.00812669 -0.0154178 -0.00812669 8.09833e-05)
(4.03906e-05 -0.0127887 -0.0154178 -0.0127887 2.3736e-05 -0.00812669 -0.0154178 -0.00812669 8.10962e-05)
(4.03749e-05 -0.0127887 -0.0154178 -0.0127887 2.37183e-05 -0.00812672 -0.0154178 -0.00812672 8.09194e-05)
(4.03871e-05 -0.0127887 -0.0154178 -0.0127887 2.3698e-05 -0.00812673 -0.0154178 -0.00812673 8.07006e-05)
(4.04085e-05 -0.0127887 -0.0154178 -0.0127887 2.37084e-05 -0.00812671 -0.0154178 -0.00812671 8.08047e-05)
(4.03996e-05 -0.0127887 -0.0154178 -0.0127887 2.37244e-05 -0.00812669 -0.0154178 -0.00812669 8.09845e-05)
(4.03955e-05 -0.0127887 -0.0154178 -0.0127887 2.37355e-05 -0.00812669 -0.0154178 -0.00812669 8.10845e-05)
(4.03923e-05 -0.0127887 -0.0154178 -0.0127887 2.37222e-05 -0.00812672 -0.0154178 -0.00812672 8.09418e-05)
(4.03745e-05 -0.0127887 -0.0154178 -0.0127887 2.36939e-05 -0.00812672 -0.0154178 -0.00812672 8.06761e-05)
(4.04122e-05 -0.0127887 -0.0154178 -0.0127887 2.37088e-05 -0.00812671 -0.0154178 -0.00812671 8.08023e-05)
(4.04075e-05 -0.0127887 -0.0154178 -0.0127887 2.37247e-05 -0.00812669 -0.0154178 -0.00812669 8.09799e-05)
(4.03717e-05 -0.0127887 -0.0154178 -0.0127887 2.37275e-05 -0.00812669 -0.0154178 -0.00812669 8.10275e-05)
(4.03866e-05 -0.0127887 -0.0154178 -0.0127887 2.37191e-05 -0.00812672 -0.0154178 -0.00812672 8.09108e-05)
(4.03766e-05 -0.0127887 -0.0154178 -0.0127887 2.36945e-05 -0.00812672 -0.0154178 -0.00812672 8.06807e-05)
(4.03951e-05 -0.0127887 -0.0154178 -0.0127887 2.37042e-05 -0.00812671 -0.0154178 -0.00812671 8.0775e-05)
(4.04143e-05 -0.0127887 -0.0154178 -0.0127887 2.37279e-05 -0.00812669 -0.0154178 -0.00812669 8.10021e-05)
(4.03776e-05 -0.0127887 -0.0154178 -0.0127887 2.37311e-05 -0.00812669 -0.0154178 -0.00812669 8.10592e-05)
(4.03755e-05 -0.0127887 -0.0154178 -0.0127887 2.37154e-05 -0.00812672 -0.0154178 -0.00812672 8.08866e-05)
(4.03831e-05 -0.0127887 -0.0154178 -0.0127887 2.36959e-05 -0.00812672 -0.0154178 -0.00812672 8.06846e-05)
(4.03888e-05 -0.0127887 -0.0154178 -0.0127887 2.37007e-05 -0.00812671 -0.0154178 -0.00812671 8.07479e-05)
(4.04054e-05 -0.0127887 -0.0154178 -0.0127887 2.37248e-05 -0.00812669 -0.0154178 -0.00812669 8.09765e-05)
(4.03827e-05 -0.0127887 -0.0154178 -0.0127887 2.37334e-05 -0.00812669 -0.0154178 -0.00812669 8.1077e-05)
(4.03661e-05 -0.0127887 -0.0154178 -0.0127887 2.37153e-05 -0.00812671 -0.0154178 -0.00812671 8.09008e-05)
(4.03938e-05 -0.0127887 -0.0154178 -0.0127887 2.37021e-05 -0.00812673 -0.0154178 -0.00812673 8.07337e-05)
(4.04164e-05 -0.0127887 -0.0154178 -0.0127887 2.37102e-05 -0.00812671 -0.0154178 -0.00812671 8.08175e-05)
(4.0409e-05 -0.0127887 -0.0154178 -0.0127887 2.37303e-05 -0.00812669 -0.0154178 -0.00812669 8.10361e-05)
(4.01579e-05 -0.0127887 -0.0154179 -0.0127887 2.36179e-05 -0.00812674 -0.0154179 -0.00812674 8.02196e-05)
(4.01763e-05 -0.0127887 -0.0154179 -0.0127887 2.36036e-05 -0.00812677 -0.0154179 -0.00812677 8.0032e-05)
(4.01949e-05 -0.0127887 -0.0154179 -0.0127887 2.3572e-05 -0.00812679 -0.0154179 -0.00812679 7.96829e-05)
(4.01978e-05 -0.0127887 -0.0154179 -0.0127887 2.35681e-05 -0.00812677 -0.0154179 -0.00812677 7.96634e-05)
(4.01916e-05 -0.0127887 -0.0154179 -0.0127887 2.35977e-05 -0.00812674 -0.0154179 -0.00812674 7.99947e-05)
(4.01569e-05 -0.0127887 -0.0154179 -0.0127887 2.36156e-05 -0.00812674 -0.0154179 -0.00812674 8.02093e-05)
(4.01797e-05 -0.0127887 -0.0154179 -0.0127887 2.36052e-05 -0.00812677 -0.0154179 -0.00812677 8.00454e-05)
(4.01973e-05 -0.0127887 -0.015418 -0.0127887 2.35709e-05 -0.00812679 -0.015418 -0.00812679 7.96674e-05)
(4.01916e-05 -0.0127887 -0.015418 -0.0127887 2.35612e-05 -0.00812677 -0.015418 -0.00812677 7.96017e-05)
(4.01851e-05 -0.0127887 -0.0154179 -0.0127887 2.3593e-05 -0.00812673 -0.0154179 -0.00812673 7.99474e-05)
(4.01326e-05 -0.0127887 -0.0154179 -0.0127887 2.36097e-05 -0.00812673 -0.0154179 -0.00812673 8.01661e-05)
(4.01542e-05 -0.0127887 -0.0154179 -0.0127887 2.35945e-05 -0.00812677 -0.0154179 -0.00812677 7.99606e-05)
(4.02015e-05 -0.0127887 -0.015418 -0.0127887 2.3572e-05 -0.00812678 -0.015418 -0.00812678 7.96747e-05)
(4.0189e-05 -0.0127887 -0.015418 -0.0127887 2.35667e-05 -0.00812676 -0.015418 -0.00812676 7.96601e-05)
(4.01811e-05 -0.0127887 -0.0154179 -0.0127887 2.35911e-05 -0.00812673 -0.0154179 -0.00812673 7.99352e-05)
(4.01594e-05 -0.0127887 -0.0154179 -0.0127887 2.36155e-05 -0.00812673 -0.0154179 -0.00812673 8.01999e-05)
(4.01544e-05 -0.0127887 -0.0154179 -0.0127887 2.36013e-05 -0.00812677 -0.0154179 -0.00812677 8.00305e-05)
(4.01934e-05 -0.0127887 -0.015418 -0.0127887 2.35698e-05 -0.00812679 -0.015418 -0.00812679 7.96575e-05)
(4.01991e-05 -0.0127887 -0.0154179 -0.0127887 2.35673e-05 -0.00812677 -0.0154179 -0.00812677 7.96578e-05)
(4.01706e-05 -0.0127887 -0.0154179 -0.0127887 2.35885e-05 -0.00812673 -0.0154179 -0.00812673 7.99246e-05)
(4.01643e-05 -0.0127887 -0.0154179 -0.0127887 2.36169e-05 -0.00812673 -0.0154179 -0.00812673 8.02039e-05)
(4.017e-05 -0.0127887 -0.0154179 -0.0127887 2.3605e-05 -0.00812677 -0.0154179 -0.00812677 8.00578e-05)
(4.01813e-05 -0.0127887 -0.015418 -0.0127887 2.35635e-05 -0.00812679 -0.015418 -0.00812679 7.96113e-05)
(4.02141e-05 -0.0127887 -0.0154179 -0.0127887 2.35716e-05 -0.00812677 -0.0154179 -0.00812677 7.96813e-05)
(4.0169e-05 -0.0127887 -0.0154179 -0.0127887 2.35882e-05 -0.00812673 -0.0154179 -0.00812673 7.99228e-05)
(4.01378e-05 -0.0127887 -0.0154179 -0.0127887 2.36055e-05 -0.00812673 -0.0154179 -0.00812673 8.01148e-05)
(4.01724e-05 -0.0127887 -0.0154179 -0.0127887 2.36022e-05 -0.00812677 -0.0154179 -0.00812677 8.00188e-05)
(4.01782e-05 -0.0127887 -0.015418 -0.0127887 2.35631e-05 -0.00812678 -0.015418 -0.00812678 7.96109e-05)
(4.01872e-05 -0.0127887 -0.015418 -0.0127887 2.35635e-05 -0.00812677 -0.015418 -0.00812677 7.96289e-05)
(4.01814e-05 -0.0127887 -0.0154179 -0.0127887 2.35926e-05 -0.00812673 -0.0154179 -0.00812673 7.99522e-05)
(4.01405e-05 -0.0127887 -0.0154179 -0.0127887 2.3609e-05 -0.00812673 -0.0154179 -0.00812673 8.01509e-05)
(4.0162e-05 -0.0127887 -0.0154179 -0.0127887 2.35998e-05 -0.00812677 -0.0154179 -0.00812677 8.0002e-05)
(4.01922e-05 -0.0127887 -0.015418 -0.0127887 2.35667e-05 -0.00812679 -0.015418 -0.00812679 7.96289e-05)
(4.01766e-05 -0.0127887 -0.015418 -0.0127887 2.35578e-05 -0.00812676 -0.015418 -0.00812676 7.95815e-05)
(4.01815e-05 -0.0127887 -0.0154179 -0.0127887 2.35901e-05 -0.00812673 -0.0154179 -0.00812673 7.99216e-05)
(4.01458e-05 -0.0127887 -0.0154179 -0.0127887 2.36106e-05 -0.00812673 -0.0154179 -0.00812673 8.01627e-05)
(4.01441e-05 -0.0127887 -0.0154179 -0.0127887 2.35983e-05 -0.00812676 -0.0154179 -0.00812676 8.00099e-05)
(4.0198e-05 -0.0127887 -0.0154179 -0.0127887 2.35751e-05 -0.00812679 -0.0154179 -0.00812679 7.9703e-05)
(4.02084e-05 -0.0127887 -0.0154179 -0.0127887 2.35688e-05 -0.00812677 -0.0154179 -0.00812677 7.967e-05)
(4.01919e-05 -0.0127887 -0.0154179 -0.0127887 2.3599e-05 -0.00812673 -0.0154179 -0.00812673 8.00152e-05)
(3.99665e-05 -0.0127887 -0.015418 -0.0127887 2.35359e-05 -0.00812671 -0.015418 -0.00812671 7.95318e-05)
(4.00303e-05 -0.0127887 -0.015418 -0.0127887 2.35362e-05 -0.00812675 -0.015418 -0.00812675 7.94397e-05)
(4.00825e-05 -0.0127887 -0.0154181 -0.0127887 2.34924e-05 -0.00812678 -0.0154181 -0.00812678 7.89088e-05)
(4.00849e-05 -0.0127887 -0.0154181 -0.0127887 2.34732e-05 -0.00812676 -0.0154181 -0.00812676 7.87234e-05)
(4.00503e-05 -0.0127887 -0.0154181 -0.0127887 2.35018e-05 -0.00812672 -0.0154181 -0.00812672 7.90913e-05)
(3.99872e-05 -0.0127887 -0.015418 -0.0127887 2.35353e-05 -0.00812671 -0.015418 -0.00812671 7.95177e-05)
(4.00513e-05 -0.0127887 -0.015418 -0.0127887 2.35434e-05 -0.00812675 -0.015418 -0.00812675 7.94942e-05)
(4.00783e-05 -0.0127887 -0.0154181 -0.0127887 2.34894e-05 -0.00812679 -0.0154181 -0.00812679 7.88832e-05)
(4.00789e-05 -0.0127887 -0.0154181 -0.0127887 2.34635e-05 -0.00812677 -0.0154181 -0.00812677 7.86336e-05)
(4.00487e-05 -0.0127887 -0.0154181 -0.0127887 2.34977e-05 -0.00812671 -0.0154181 -0.00812671 7.90471e-05)
(3.99666e-05 -0.0127887 -0.0154181 -0.0127887 2.35295e-05 -0.00812671 -0.0154181 -0.00812671 7.94697e-05)
(4.00051e-05 -0.0127887 -0.015418 -0.0127887 2.35264e-05 -0.00812675 -0.015418 -0.00812675 7.93582e-05)
(4.00749e-05 -0.0127887 -0.0154181 -0.0127887 2.34897e-05 -0.00812679 -0.0154181 -0.00812679 7.88904e-05)
(4.0074e-05 -0.0127887 -0.0154181 -0.0127887 2.34689e-05 -0.00812676 -0.0154181 -0.00812676 7.86974e-05)
(4.00248e-05 -0.0127887 -0.0154181 -0.0127887 2.34932e-05 -0.00812671 -0.0154181 -0.00812671 7.90222e-05)
(3.997e-05 -0.0127887 -0.015418 -0.0127887 2.35331e-05 -0.0081267 -0.015418 -0.0081267 7.95006e-05)
(4.00172e-05 -0.0127887 -0.015418 -0.0127887 2.35348e-05 -0.00812676 -0.015418 -0.00812676 7.9441e-05)
(4.0088e-05 -0.0127887 -0.0154181 -0.0127887 2.34924e-05 -0.00812679 -0.0154181 -0.00812679 7.89e-05)
(4.00931e-05 -0.0127887 -0.0154181 -0.0127887 2.34704e-05 -0.00812677 -0.0154181 -0.00812677 7.8691e-05)
(4.00081e-05 -0.0127887 -0.0154181 -0.0127887 2.34893e-05 -0.00812671 -0.0154181 -0.00812671 7.90041e-05)
(3.99884e-05 -0.0127887 -0.015418 -0.0127887 2.35367e-05 -0.00812671 -0.015418 -0.00812671 7.95205e-05)
(4.00289e-05 -0.0127887 -0.015418 -0.0127887 2.35383e-05 -0.00812676 -0.015418 -0.00812676 7.94717e-05)
(4.00673e-05 -0.0127887 -0.0154181 -0.0127887 2.34842e-05 -0.00812679 -0.0154181 -0.00812679 7.88391e-05)
(4.01012e-05 -0.0127887 -0.0154181 -0.0127887 2.34765e-05 -0.00812676 -0.0154181 -0.00812676 7.87439e-05)
(4.00154e-05 -0.0127887 -0.0154181 -0.0127887 2.34895e-05 -0.00812671 -0.0154181 -0.00812671 7.90017e-05)
(3.99551e-05 -0.0127887 -0.0154181 -0.0127887 2.35239e-05 -0.00812671 -0.0154181 -0.00812671 7.94134e-05)
(4.00298e-05 -0.0127887 -0.015418 -0.0127887 2.35346e-05 -0.00812676 -0.015418 -0.00812676 7.94208e-05)
(4.0056e-05 -0.0127887 -0.0154181 -0.0127887 2.34803e-05 -0.00812678 -0.0154181 -0.00812678 7.8815e-05)
(4.00815e-05 -0.0127887 -0.0154181 -0.0127887 2.3469e-05 -0.00812676 -0.0154181 -0.00812676 7.86828e-05)
(4.00329e-05 -0.0127887 -0.0154181 -0.0127887 2.34955e-05 -0.00812671 -0.0154181 -0.00812671 7.90387e-05)
(3.9944e-05 -0.0127887 -0.0154181 -0.0127887 2.35254e-05 -0.0081267 -0.0154181 -0.0081267 7.94433e-05)
(4.00207e-05 -0.0127887 -0.015418 -0.0127887 2.3533e-05 -0.00812676 -0.015418 -0.00812676 7.94134e-05)
(4.0076e-05 -0.0127887 -0.0154181 -0.0127887 2.34869e-05 -0.00812678 -0.0154181 -0.00812678 7.8856e-05)
(4.00701e-05 -0.0127887 -0.0154181 -0.0127887 2.34603e-05 -0.00812677 -0.0154181 -0.00812677 7.86053e-05)
(4.00085e-05 -0.0127887 -0.0154181 -0.0127887 2.34901e-05 -0.00812671 -0.0154181 -0.00812671 7.90011e-05)
(3.99562e-05 -0.0127887 -0.0154181 -0.0127887 2.35248e-05 -0.00812671 -0.0154181 -0.00812671 7.943e-05)
(4.00131e-05 -0.0127887 -0.015418 -0.0127887 2.35328e-05 -0.00812675 -0.015418 -0.00812675 7.94236e-05)
(4.00883e-05 -0.0127887 -0.0154181 -0.0127887 2.34975e-05 -0.00812679 -0.0154181 -0.00812679 7.89523e-05)
(4.00829e-05 -0.0127887 -0.0154181 -0.0127887 2.34694e-05 -0.00812676 -0.0154181 -0.00812676 7.86978e-05)
(4.00258e-05 -0.0127887 -0.0154181 -0.0127887 2.35019e-05 -0.0081267 -0.0154181 -0.0081267 7.91221e-05)
(3.97213e-05 -0.0127886 -0.0154182 -0.0127886 2.34159e-05 -0.00812674 -0.0154182 -0.00812674 7.85283e-05)
(3.99037e-05 -0.0127886 -0.0154182 -0.0127886 2.34474e-05 -0.00812682 -0.0154182 -0.00812682 7.86505e-05)
(3.99392e-05 -0.0127887 -0.0154182 -0.0127887 2.33845e-05 -0.00812684 -0.0154182 -0.00812684 7.79045e-05)
(3.99109e-05 -0.0127887 -0.0154183 -0.0127887 2.33383e-05 -0.00812683 -0.0154183 -0.00812683 7.74402e-05)
(3.979e-05 -0.0127886 -0.0154183 -0.0127886 2.33545e-05 -0.00812676 -0.0154183 -0.00812676 7.77836e-05)
(3.97263e-05 -0.0127886 -0.0154182 -0.0127886 2.34109e-05 -0.00812673 -0.0154182 -0.00812673 7.84934e-05)
(3.9883e-05 -0.0127886 -0.0154182 -0.0127886 2.34541e-05 -0.0081268 -0.0154182 -0.0081268 7.87488e-05)
(3.99194e-05 -0.0127887 -0.0154182 -0.0127887 2.33835e-05 -0.00812683 -0.0154182 -0.00812683 7.7911e-05)
(3.99417e-05 -0.0127887 -0.0154183 -0.0127887 2.33317e-05 -0.00812683 -0.0154183 -0.00812683 7.73306e-05)
(3.98046e-05 -0.0127886 -0.0154183 -0.0127886 2.33526e-05 -0.00812676 -0.0154183 -0.00812676 7.77454e-05)
(3.96839e-05 -0.0127886 -0.0154182 -0.0127886 2.34027e-05 -0.00812673 -0.0154182 -0.00812673 7.84442e-05)
(3.98566e-05 -0.0127886 -0.0154182 -0.0127886 2.34352e-05 -0.0081268 -0.0154182 -0.0081268 7.85644e-05)
(3.99222e-05 -0.0127887 -0.0154182 -0.0127887 2.33816e-05 -0.00812683 -0.0154182 -0.00812683 7.78906e-05)
(3.99099e-05 -0.0127887 -0.0154183 -0.0127887 2.3335e-05 -0.00812682 -0.0154183 -0.00812682 7.74091e-05)
