/*--------------------------------*- C++ -*----------------------------------*\
  =========                 |
  \\      /  F ield         | OpenFOAM: The Open Source CFD Toolbox
   \\    /   O peration     | Website:  https://openfoam.org
    \\  /    A nd           | Version:  10
     \\/     M anipulation  |
\*---------------------------------------------------------------------------*/
FoamFile
{
    format      ascii;
    class       volTensorField;
    location    "9";
    object      TauNN;
}
// * * * * * * * * * * * * * * * * * * * * * * * * * * * * * * * * * * * * * //

dimensions      [0 2 -2 0 0 0 0];

internalField   nonuniform List<tensor> 
25600
(
(0.00023651 -3.11863e-05 0.000154543 -3.11863e-05 0.000258525 2.42637e-05 0.000154543 2.42637e-05 2.70207e-05)
(0.000196229 -5.63543e-06 0.000132418 -5.63543e-06 0.000173832 -4.32134e-06 0.000132418 -4.32134e-06 2.03347e-06)
(0.000133407 -2.89734e-06 0.000115824 -2.89734e-06 0.000131351 5.46779e-06 0.000115824 5.46779e-06 1.60422e-05)
(0.000100622 1.18464e-06 0.00010174 1.18464e-06 0.000140933 -2.20099e-05 0.00010174 -2.20099e-05 0.000104904)
(0.000109471 3.02121e-06 9.09343e-05 3.02121e-06 0.000175582 -6.25653e-05 9.09343e-05 -6.25653e-05 0.000197758)
(0.000122689 9.01986e-06 6.94999e-05 9.01986e-06 0.000190022 -5.71199e-05 6.94999e-05 -5.71199e-05 0.0001572)
(0.000161381 1.24415e-05 7.30231e-05 1.24415e-05 0.000188651 -2.71872e-05 7.30231e-05 -2.71872e-05 3.41773e-05)
(0.000288953 2.17268e-05 0.000136095 2.17268e-05 0.000220814 -4.00618e-05 0.000136095 -4.00618e-05 4.82121e-05)
(0.000432425 5.59799e-05 0.000198444 5.59799e-05 0.000252476 -6.04838e-05 0.000198444 -6.04838e-05 0.000170424)
(0.000422237 5.8162e-05 0.000160675 5.8162e-05 0.000230865 -9.33195e-05 0.000160675 -9.33195e-05 0.000181475)
(0.000300124 6.2705e-05 9.64189e-05 6.2705e-05 0.000193071 -8.38749e-05 9.64189e-05 -8.38749e-05 6.23951e-05)
(0.000252193 8.3182e-05 0.000101691 8.3182e-05 0.000179064 -4.97205e-05 0.000101691 -4.97205e-05 8.20242e-06)
(0.000260681 7.60173e-05 0.000121238 7.60173e-05 0.000173965 -4.81512e-05 0.000121238 -4.81512e-05 5.24551e-05)
(0.000249889 4.23566e-05 0.000150738 4.23566e-05 0.000147716 -3.01581e-05 0.000150738 -3.01581e-05 0.000149419)
(0.000337823 8.546e-05 0.000257429 8.546e-05 0.000193439 5.25257e-05 0.000257429 5.25257e-05 0.000329089)
(0.000421766 0.000143292 0.000295481 0.000143292 0.00021199 8.04253e-05 0.000295481 8.04253e-05 0.00039692)
(0.000323097 6.51749e-05 0.00020455 6.51749e-05 9.54211e-05 1.93873e-05 0.00020455 1.93873e-05 0.000244193)
(0.000199397 -1.41691e-05 0.000114258 -1.41691e-05 5.1153e-05 1.28439e-05 0.000114258 1.28439e-05 0.000119043)
(0.000220677 -9.90275e-06 0.000155221 -9.90275e-06 0.000137778 0.000109715 0.000155221 0.000109715 0.000216069)
(0.000284741 -1.93268e-05 0.000227971 -1.93268e-05 0.00021105 0.000159971 0.000227971 0.000159971 0.000375831)
(0.000238375 -5.81723e-05 0.000224562 -5.81723e-05 0.000178958 8.06749e-05 0.000224562 8.06749e-05 0.000362785)
(0.000180982 -7.14706e-05 0.000156589 -7.14706e-05 0.000185706 -4.47128e-06 0.000156589 -4.47128e-06 0.00027412)
(0.00015356 -4.42807e-05 8.36123e-05 -4.42807e-05 0.00021723 -3.70294e-05 8.36123e-05 -3.70294e-05 0.00023399)
(0.00014339 -6.40564e-06 3.86983e-05 -6.40564e-06 0.000215342 -5.74924e-05 3.86983e-05 -5.74924e-05 0.000243771)
(0.000143725 3.98355e-05 1.39363e-05 3.98355e-05 0.000213569 -6.82147e-05 1.39363e-05 -6.82147e-05 0.00017213)
(0.000173776 6.17905e-05 2.81297e-05 6.17905e-05 0.000220376 -5.03585e-05 2.81297e-05 -5.03585e-05 7.06149e-05)
(0.00026522 9.18787e-05 0.000104744 9.18787e-05 0.000258691 -1.54991e-05 0.000104744 -1.54991e-05 4.73369e-05)
(0.000408723 0.000151886 0.000258254 0.000151886 0.000305892 8.35443e-05 0.000258254 8.35443e-05 0.00026854)
(0.000479034 0.000177062 0.000340044 0.000177062 0.000304967 0.000165687 0.000340044 0.000165687 0.000531807)
(0.000435294 0.000148125 0.000285245 0.000148125 0.00029113 0.000179206 0.000285245 0.000179206 0.000533528)
(0.000313053 9.78494e-05 0.000196282 9.78494e-05 0.000262011 0.000123802 0.000196282 0.000123802 0.000278816)
(0.000215331 8.65897e-05 0.000123795 8.65897e-05 0.000239221 5.24689e-05 0.000123795 5.24689e-05 9.16472e-05)
(0.00017132 9.45283e-05 7.85096e-05 9.45283e-05 0.00021735 3.06033e-06 7.85096e-05 3.06033e-06 3.22431e-05)
(0.00015185 7.72811e-05 8.18493e-05 7.72811e-05 0.000151393 -3.0268e-06 8.18493e-05 -3.0268e-06 1.77693e-05)
(0.000169091 5.45606e-05 0.000116465 5.45606e-05 8.14041e-05 1.22748e-06 0.000116465 1.22748e-06 2.49602e-05)
(0.000192289 3.21185e-05 0.000145691 3.21185e-05 6.18509e-05 -2.03401e-05 0.000145691 -2.03401e-05 2.7675e-05)
(0.000214464 1.56835e-05 0.000155593 1.56835e-05 0.000139857 -4.01596e-05 0.000155593 -4.01596e-05 6.34639e-06)
(0.000238658 3.5204e-07 0.000163985 3.5204e-07 0.000292488 2.15517e-05 0.000163985 2.15517e-05 2.79453e-05)
(0.000253899 -1.23605e-05 0.000170343 -1.23605e-05 0.000359335 9.95919e-05 0.000170343 9.95919e-05 9.13934e-05)
(0.000261881 -3.45651e-05 0.000171746 -3.45651e-05 0.0003513 0.00010087 0.000171746 0.00010087 9.53085e-05)
(0.000600448 -0.000109463 0.000171488 -0.000109463 0.000730208 -0.000342706 0.000171488 -0.000342706 0.000228099)
(0.000460835 -8.59248e-05 0.000163997 -8.59248e-05 0.000559194 -0.000216523 0.000163997 -0.000216523 9.91509e-05)
(0.000289162 -0.000102246 0.000138867 -0.000102246 0.000521748 4.19505e-05 0.000138867 4.19505e-05 3.70252e-05)
(0.000276563 -8.06097e-05 0.000107807 -8.06097e-05 0.000540681 0.000302451 0.000107807 0.000302451 0.000339555)
(0.00031584 -7.1099e-05 0.000139096 -7.1099e-05 0.000478184 0.000353388 0.000139096 0.000353388 0.000516416)
(0.00026997 -6.46813e-05 0.000183109 -6.46813e-05 0.000364376 0.000200209 0.000183109 0.000200209 0.000282483)
(0.0002569 -5.11399e-05 0.000149929 -5.11399e-05 0.000347529 2.44081e-05 0.000149929 2.44081e-05 4.81751e-05)
(0.000344465 -6.46599e-05 0.000126685 -6.46599e-05 0.0003979 -0.000112733 0.000126685 -0.000112733 3.43351e-05)
(0.000434945 -0.000127662 0.000134937 -0.000127662 0.000544634 -0.000166113 0.000134937 -0.000166113 4.60762e-05)
(0.000402087 -0.000148933 0.000143613 -0.000148933 0.000738036 -6.17784e-05 0.000143613 -6.17784e-05 8.49599e-06)
(0.000296823 -6.70971e-05 0.000143276 -6.70971e-05 0.000679998 0.000155543 0.000143276 0.000155543 8.66813e-05)
(0.000255879 -1.81636e-05 0.000149662 -1.81636e-05 0.000428004 0.00022393 0.000149662 0.00022393 0.00025626)
(0.000186644 -1.97152e-05 0.000107608 -1.97152e-05 0.000207813 9.43812e-05 0.000107608 9.43812e-05 0.000225256)
(0.000155409 8.47038e-06 3.50568e-05 8.47038e-06 0.000122651 -2.73213e-05 3.50568e-05 -2.73213e-05 0.000104589)
(0.000185285 2.22791e-05 7.42013e-05 2.22791e-05 8.82289e-05 -3.25395e-05 7.42013e-05 -3.25395e-05 0.000104029)
(0.000185901 1.20932e-05 0.00011746 1.20932e-05 6.07878e-05 8.67061e-07 0.00011746 8.67061e-07 0.000103965)
(0.000211389 1.73496e-05 0.000162047 1.73496e-05 0.000103287 3.70732e-05 0.000162047 3.70732e-05 0.000108468)
(0.000260004 3.21846e-05 0.000195168 3.21846e-05 0.000191812 5.2941e-05 0.000195168 5.2941e-05 0.000114817)
(0.000273427 5.56e-07 0.000169759 5.56e-07 0.000257818 2.60128e-05 0.000169759 2.60128e-05 8.70901e-05)
(0.000280896 -5.12851e-05 0.000135627 -5.12851e-05 0.00028291 -1.81282e-05 0.000135627 -1.81282e-05 6.26283e-05)
(0.000289192 -5.40325e-05 0.000134487 -5.40325e-05 0.00023032 -2.48114e-05 0.000134487 -2.48114e-05 4.51448e-05)
(0.000260333 4.75906e-06 0.000131067 4.75906e-06 0.000168233 6.66641e-06 0.000131067 6.66641e-06 4.82492e-05)
(0.000209626 7.50851e-05 0.000101868 7.50851e-05 0.000222004 4.00534e-05 0.000101868 4.00534e-05 4.8529e-05)
(0.000164736 8.05669e-05 6.72918e-05 8.05669e-05 0.000394087 4.7965e-05 6.72918e-05 4.7965e-05 3.60416e-05)
(0.00020683 7.47591e-05 6.59432e-05 7.47591e-05 0.000392247 2.34013e-05 6.59432e-05 2.34013e-05 5.88751e-05)
(0.000281585 9.38028e-05 0.000110351 9.38028e-05 0.000238122 1.29435e-05 0.000110351 1.29435e-05 0.000107662)
(0.000382851 7.51158e-05 0.000176993 7.51158e-05 0.000230259 -8.85762e-05 0.000176993 -8.85762e-05 0.000218102)
(0.000495927 4.5998e-05 0.000229098 4.5998e-05 0.00031111 -0.000255719 0.000229098 -0.000255719 0.000455285)
(0.000513419 5.15599e-05 0.000243902 5.15599e-05 0.000278027 -0.000260851 0.000243902 -0.000260851 0.000554452)
(0.000384585 4.41475e-05 0.000242095 4.41475e-05 0.000187705 -4.78216e-05 0.000242095 -4.78216e-05 0.000353292)
(0.00032097 7.45906e-05 0.000221331 7.45906e-05 0.000300621 5.78882e-05 0.000221331 5.78882e-05 0.000180139)
(0.000290105 0.000101142 0.000187844 0.000101142 0.000207247 2.95416e-06 0.000187844 2.95416e-06 9.71865e-05)
(0.000308357 4.67906e-05 0.000190506 4.67906e-05 0.000123016 -9.42536e-05 0.000190506 -9.42536e-05 9.18585e-05)
(0.000496474 7.16662e-05 0.000151103 7.16662e-05 0.000518736 -0.000252983 0.000151103 -0.000252983 0.000161441)
(0.000602865 0.000217509 0.000194088 0.000217509 0.00129168 -0.000128974 0.000194088 -0.000128974 0.000196257)
(0.000670936 0.000360661 0.000265153 0.000360661 0.00212279 0.000525619 0.000265153 0.000525619 0.000530931)
(0.000968688 0.000265716 3.29241e-05 0.000265716 0.00271756 0.00124715 3.29241e-05 0.00124715 0.00135209)
(0.000894362 8.60738e-05 -7.48504e-05 8.60738e-05 0.0025443 0.0012365 -7.48504e-05 0.0012365 0.00138991)
(0.000555099 -4.84111e-05 0.000138807 -4.84111e-05 0.00179781 0.000510573 0.000138807 0.000510573 0.00053422)
(0.000534233 -0.000151677 0.000202395 -0.000151677 0.00112683 -0.000170603 0.000202395 -0.000170603 0.000128411)
(0.000734753 -0.000168898 0.000249343 -0.000168898 0.000910063 -0.000591916 0.000249343 -0.000591916 0.000659384)
(0.000601375 -0.00013728 0.000190642 -0.00013728 0.00106797 -0.000544804 0.000190642 -0.000544804 0.000422935)
(0.000557945 -6.6055e-05 0.00014704 -6.6055e-05 0.00103373 -0.000384062 0.00014704 -0.000384062 0.00027682)
(0.00048458 -4.49819e-05 0.000132439 -4.49819e-05 0.000724444 -0.000233347 0.000132439 -0.000233347 0.000191056)
(0.000390513 -4.6961e-05 0.000133371 -4.6961e-05 0.000491947 -0.000127812 0.000133371 -0.000127812 0.000144343)
(0.000323968 2.57231e-06 0.000127682 2.57231e-06 0.000343844 -7.11558e-05 0.000127682 -7.11558e-05 0.000143026)
(0.000334852 4.44632e-05 0.000144994 4.44632e-05 0.000300582 -5.62826e-05 0.000144994 -5.62826e-05 0.000203816)
(0.000369268 2.02414e-05 0.000158964 2.02414e-05 0.000388528 -0.000100438 0.000158964 -0.000100438 0.000219707)
(0.000379093 -3.86983e-05 0.000142125 -3.86983e-05 0.000503713 -0.000110438 0.000142125 -0.000110438 0.000159757)
(0.000382134 -9.48822e-05 0.000136929 -9.48822e-05 0.000469199 -0.000111272 0.000136929 -0.000111272 0.000114715)
(0.000346582 -6.19683e-05 0.000145357 -6.19683e-05 0.000324956 -0.000105632 0.000145357 -0.000105632 8.52437e-05)
(0.000306276 6.45034e-06 0.000164215 6.45034e-06 0.000226944 -5.91055e-05 0.000164215 -5.91055e-05 0.000104694)
(0.000275331 1.63065e-05 0.000186555 1.63065e-05 0.000186498 -1.19153e-05 0.000186555 -1.19153e-05 0.000136285)
(0.00025389 -3.84357e-06 0.000188846 -3.84357e-06 0.000160374 1.352e-05 0.000188846 1.352e-05 0.000134307)
(0.00025811 -6.7763e-06 0.000176566 -6.7763e-06 0.000147092 2.04425e-06 0.000176566 2.04425e-06 0.000103395)
(0.000259029 4.20865e-06 0.000149237 4.20865e-06 0.000172235 -2.85404e-05 0.000149237 -2.85404e-05 5.16759e-05)
(0.000266013 2.58796e-05 0.000125866 2.58796e-05 0.000213056 -4.9755e-05 0.000125866 -4.9755e-05 5.02767e-05)
(0.000320209 6.11236e-05 0.000107477 6.11236e-05 0.000245842 -7.54176e-05 0.000107477 -7.54176e-05 9.42632e-05)
(0.000389793 9.10182e-05 8.71774e-05 9.10182e-05 0.000275289 -9.29041e-05 8.71774e-05 -9.29041e-05 0.000171527)
(0.000354513 5.78258e-05 0.000114541 5.78258e-05 0.000236217 -8.39503e-05 0.000114541 -8.39503e-05 0.000203876)
(0.00025893 -9.68855e-06 0.000146009 -9.68855e-06 0.000208066 -7.43698e-05 0.000146009 -7.43698e-05 0.000109409)
(0.000202205 -5.16372e-05 5.50803e-05 -5.16372e-05 0.000224277 -2.46884e-05 5.50803e-05 -2.46884e-05 5.88257e-05)
(0.000228461 -0.000115087 -4.74006e-05 -0.000115087 0.000251889 7.48467e-05 -4.74006e-05 7.48467e-05 0.000122104)
(0.000181608 -0.000101619 2.00914e-05 -0.000101619 0.000281075 0.000160164 2.00914e-05 0.000160164 0.000131262)
(0.000257544 3.02158e-05 0.000185152 3.02158e-05 0.000378029 0.000137267 0.000185152 0.000137267 0.000119108)
(0.00038796 0.000106772 0.000215612 0.000106772 0.000392801 3.1855e-05 0.000215612 3.1855e-05 0.000143781)
(0.000351894 6.30217e-05 0.00014721 6.30217e-05 0.000293926 -4.08087e-05 0.00014721 -4.08087e-05 0.000156576)
(0.000382407 6.1092e-05 0.000192121 6.1092e-05 0.000270073 -2.68584e-05 0.000192121 -2.68584e-05 0.000282716)
(0.000745933 0.000200675 0.000455678 0.000200675 0.000359812 5.32949e-05 0.000455678 5.32949e-05 0.000559291)
(0.000751998 0.000233125 0.000489186 0.000233125 0.00031624 6.1933e-05 0.000489186 6.1933e-05 0.000495701)
(0.000287364 5.80037e-05 0.000190137 5.80037e-05 0.000138063 -7.40429e-05 0.000190137 -7.40429e-05 7.49017e-05)
(0.000417505 0.000204415 0.000148384 0.000204415 0.000526512 -0.000105921 0.000148384 -0.000105921 6.19506e-05)
(0.000881198 0.000538395 8.57962e-05 0.000538395 0.00120468 -0.00026762 8.57962e-05 -0.00026762 0.000355206)
(0.00109418 0.000510878 -0.000131183 0.000510878 0.00155319 -0.000600799 -0.000131183 -0.000600799 0.000695214)
(0.00109118 0.000352708 -0.000210767 0.000352708 0.00134421 -0.00073488 -0.000210767 -0.00073488 0.000942262)
(0.00103864 0.000260665 -0.000152688 0.000260665 0.00102825 -0.000650499 -0.000152688 -0.000650499 0.00108929)
(0.00108051 0.000195318 -3.72687e-05 0.000195318 0.000957753 -0.00058637 -3.72687e-05 -0.00058637 0.00124321)
(0.00122304 0.000213066 0.000116556 0.000213066 0.00090873 -0.000518618 0.000116556 -0.000518618 0.0015104)
(0.00117069 9.60594e-05 0.000226505 9.60594e-05 0.000864658 -0.000505355 0.000226505 -0.000505355 0.00137168)
(0.000970213 -0.000109745 0.000266874 -0.000109745 0.000885549 -0.000559151 0.000266874 -0.000559151 0.000971397)
(0.000330081 -2.32076e-05 0.000154084 -2.32076e-05 0.000376157 -2.22838e-05 0.000154084 -2.22838e-05 0.000236034)
(0.000372602 -2.59131e-05 0.000155057 -2.59131e-05 0.000399963 -5.16698e-05 0.000155057 -5.16698e-05 0.000218262)
(0.000466869 3.41786e-05 0.000186002 3.41786e-05 0.000439025 -5.18858e-05 0.000186002 -5.18858e-05 0.000298878)
(0.000570335 0.000101686 0.000238588 0.000101686 0.000475392 -3.72687e-05 0.000238588 -3.72687e-05 0.000424562)
(0.000533434 0.000130882 0.000229359 0.000130882 0.00041665 -1.96742e-05 0.000229359 -1.96742e-05 0.000398211)
(0.0003875 0.000156949 0.000164146 0.000156949 0.000384068 3.89833e-05 0.000164146 3.89833e-05 0.00023275)
(0.000315621 0.000137835 5.35101e-05 0.000137835 0.000548883 -0.000116468 5.35101e-05 -0.000116468 0.000250999)
(0.0003255 0.000106362 2.49948e-05 0.000106362 0.000613759 -0.000322127 2.49948e-05 -0.000322127 0.000694156)
(0.000261883 9.54522e-05 -6.56713e-05 9.54522e-05 0.000468217 -0.000310349 -6.56713e-05 -0.000310349 0.00060049)
(0.000274292 0.000108805 8.31233e-05 0.000108805 0.000334599 -4.44744e-05 8.31233e-05 -4.44744e-05 0.000334092)
(0.000404577 0.000114879 0.000292938 0.000114879 0.000317507 9.01008e-05 0.000292938 9.01008e-05 0.00039427)
(0.000414269 9.1129e-05 0.000226246 9.1129e-05 0.000314606 1.48341e-05 0.000226246 1.48341e-05 0.000381138)
(0.000338003 4.06904e-05 0.000149325 4.06904e-05 0.000303246 -3.10754e-05 0.000149325 -3.10754e-05 0.000212156)
(0.000244167 1.60336e-05 0.000137107 1.60336e-05 0.00024172 7.17118e-08 0.000137107 7.17118e-08 7.94273e-05)
(0.000213724 1.4808e-05 0.000132549 1.4808e-05 0.000185532 -6.72042e-06 0.000132549 -6.72042e-06 3.26574e-05)
(0.000325079 3.94927e-05 0.000129047 3.94927e-05 0.000253032 -8.78116e-05 0.000129047 -8.78116e-05 8.62423e-05)
(0.000682165 0.000196238 -1.91703e-05 0.000196238 0.000539311 -0.000323552 -1.91703e-05 -0.000323552 0.000432641)
(0.000937642 0.000301011 -0.000120269 0.000301011 0.000808502 -0.000528001 -0.000120269 -0.000528001 0.000721264)
(0.000660979 0.000163271 2.38912e-05 0.000163271 0.000657145 -0.000400695 2.38912e-05 -0.000400695 0.000459142)
(0.000318095 1.44998e-05 0.000136271 1.44998e-05 0.000348853 -0.00012511 0.000136271 -0.00012511 0.000128913)
(0.000184045 3.64557e-05 7.21589e-05 3.64557e-05 0.000270365 -2.83821e-05 7.21589e-05 -2.83821e-05 8.01886e-05)
(0.000150983 5.34616e-05 3.41823e-05 5.34616e-05 0.000315111 -5.79404e-05 3.41823e-05 -5.79404e-05 0.000122381)
(0.000172665 -1.13025e-05 0.000111775 -1.13025e-05 0.000220845 -5.06081e-06 0.000111775 -5.06081e-06 6.05157e-05)
(0.000336166 5.743e-05 0.000163831 5.743e-05 0.000414374 -6.17933e-05 0.000163831 -6.17933e-05 0.000106509)
(0.000384001 5.51613e-05 0.000150963 5.51613e-05 0.000520493 -0.000159762 0.000150963 -0.000159762 0.000157068)
(0.000373722 3.38368e-05 0.000174242 3.38368e-05 0.000318671 -0.00013377 0.000174242 -0.00013377 0.000228623)
(0.000496205 0.000163614 0.000305593 0.000163614 0.00027843 4.56367e-05 0.000305593 4.56367e-05 0.000401454)
(0.000505537 0.000231508 0.00029039 0.000231508 0.000317925 8.10018e-05 0.00029039 8.10018e-05 0.000370224)
(0.000284274 4.62458e-05 0.0001969 4.62458e-05 0.000138433 -3.34587e-05 0.0001969 -3.34587e-05 0.000138019)
(0.000431926 6.54757e-05 0.000207536 6.54757e-05 0.000609812 -0.000254942 0.000207536 -0.000254942 0.000153788)
(0.00082809 0.000413088 0.000241462 0.000413088 0.00237165 -0.000500182 0.000241462 -0.000500182 0.000566765)
(0.000960313 0.00040475 0.000225877 0.00040475 0.00300244 -0.000502578 0.000225877 -0.000502578 0.000661593)
(0.000713802 0.00022065 0.000195198 0.00022065 0.00191272 -0.000342187 0.000195198 -0.000342187 0.000383406)
(0.000415599 3.15988e-05 0.000171467 3.15988e-05 0.000741823 -0.000218948 0.000171467 -0.000218948 0.000231982)
(0.000346132 4.91086e-06 0.000177266 4.91086e-06 0.000499717 -0.000121286 0.000177266 -0.000121286 0.000360423)
(0.000414345 4.28148e-05 0.000130269 4.28148e-05 0.000831107 -2.27317e-05 0.000130269 -2.27317e-05 0.000393464)
(0.000363948 0.000117638 2.99327e-05 0.000117638 0.000976573 -9.87304e-05 2.99327e-05 -9.87304e-05 0.0003785)
(0.00027053 8.81525e-05 1.21268e-05 8.81525e-05 0.000651576 -0.000137579 1.21268e-05 -0.000137579 0.000387004)
(0.000228999 3.08109e-05 6.23511e-05 3.08109e-05 0.000358942 -6.03152e-05 6.23511e-05 -6.03152e-05 0.000339966)
(0.000275425 -9.26945e-06 0.000119766 -9.26945e-06 0.000362579 -9.45292e-06 0.000119766 -9.45292e-06 0.000289572)
(0.000465232 0.000209926 0.000204725 0.000209926 0.000727336 0.000149412 0.000204725 0.000149412 0.000401248)
(0.000769637 0.000352885 0.000411592 0.000352885 0.000890489 0.000308343 0.000411592 0.000308343 0.000803388)
(0.000891322 0.000354291 0.000499019 0.000354291 0.000762073 0.000299895 0.000499019 0.000299895 0.00108671)
(0.000589275 0.000239522 0.00027637 0.000239522 0.000444866 2.90424e-05 0.00027637 2.90424e-05 0.000639298)
(0.000330092 -4.63845e-05 0.000117534 -4.63845e-05 0.000443343 -6.78971e-05 0.000117534 -6.78971e-05 0.000144593)
(0.000254079 -0.000144542 3.48995e-05 -0.000144542 0.000464829 0.000169779 3.48995e-05 0.000169779 0.000203682)
(0.000332666 -6.80555e-05 6.76867e-05 -6.80555e-05 0.000424596 0.000271583 6.76867e-05 0.000271583 0.000570192)
(0.000279383 -7.17118e-05 8.01422e-05 -7.17118e-05 0.00019327 0.000101935 8.01422e-05 0.000101935 0.000473019)
(0.000306301 -6.97486e-05 0.000184378 -6.97486e-05 0.000174261 8.29715e-05 0.000184378 8.29715e-05 0.000274713)
(0.000470705 3.07709e-06 0.000269882 3.07709e-06 0.00039232 7.79899e-05 0.000269882 7.79899e-05 0.000278355)
(0.00040138 1.01468e-05 0.000202261 1.01468e-05 0.000445019 1.43349e-05 0.000202261 1.43349e-05 0.000189341)
(0.000274064 -5.34095e-05 0.00017008 -5.34095e-05 0.000406068 6.37909e-05 0.00017008 6.37909e-05 0.000169564)
(0.000247635 -0.000122239 0.000125499 -0.000122239 0.000416046 9.52343e-05 0.000125499 9.52343e-05 0.000147976)
(0.000239962 -0.000113794 0.000125192 -0.000113794 0.000307003 -1.59536e-06 0.000125192 -1.59536e-06 3.54174e-05)
(0.000321766 1.0048e-05 0.000138538 1.0048e-05 0.00026221 -0.000103894 0.000138538 -0.000103894 9.72537e-05)
(0.000531112 0.000152531 -5.90552e-06 0.000152531 0.000430788 -0.000195427 -5.90552e-06 -0.000195427 0.00035178)
(0.000673907 0.00020156 3.1542e-05 0.00020156 0.000793766 -0.000240115 3.1542e-05 -0.000240115 0.0003562)
(0.000488453 5.96326e-05 0.000170268 5.96326e-05 0.000794599 -6.71307e-05 0.000170268 -6.71307e-05 0.000197378)
(0.000251777 -7.3215e-05 0.000125505 -7.3215e-05 0.000412828 2.68901e-05 0.000125505 2.68901e-05 0.000116595)
(0.0002563 3.66205e-05 -2.51532e-05 3.66205e-05 0.000333371 -8.52738e-05 -2.51532e-05 -8.52738e-05 0.000194148)
(0.000302075 0.00018 -6.39642e-05 0.00018 0.000400255 -0.000120403 -6.39642e-05 -0.000120403 0.000166374)
(0.000178625 6.46077e-05 3.06219e-05 6.46077e-05 0.000256684 -4.72404e-05 3.06219e-05 -4.72404e-05 2.49122e-05)
(0.00023791 1.4131e-05 9.03932e-05 1.4131e-05 0.000251705 1.51303e-05 9.03932e-05 1.51303e-05 7.44531e-05)
(0.000365986 5.62165e-05 9.58173e-05 5.62165e-05 0.000334404 5.69876e-05 9.58173e-05 5.69876e-05 0.000313326)
(0.000405025 9.25465e-05 0.000155966 9.25465e-05 0.000402456 8.33878e-05 0.000155966 8.33878e-05 0.000390479)
(0.000340889 9.88413e-05 0.000200674 9.88413e-05 0.0003155 5.76312e-05 0.000200674 5.76312e-05 0.000295596)
(0.000265615 -1.5676e-05 0.000146214 -1.5676e-05 0.000239293 2.32477e-05 0.000146214 2.32477e-05 0.000143531)
(0.000306895 -0.000135943 0.000168497 -0.000135943 0.000429609 9.13478e-05 0.000168497 9.13478e-05 0.000238716)
(0.000376745 -8.29436e-05 0.000283401 -8.29436e-05 0.000430959 0.000184492 0.000283401 0.000184492 0.000453597)
(0.00057258 5.59036e-05 0.000407679 5.59036e-05 0.000467628 0.000199929 0.000407679 0.000199929 0.00050389)
(0.000560259 6.7181e-05 0.000328995 6.7181e-05 0.000451293 0.00010184 0.000328995 0.00010184 0.000359062)
(0.000362939 -1.39121e-05 0.000183594 -1.39121e-05 0.0003782 1.85287e-05 0.000183594 1.85287e-05 0.000236017)
(0.000383265 8.89525e-05 8.90661e-05 8.89525e-05 0.000477938 -2.60975e-05 8.90661e-05 -2.60975e-05 0.000221005)
(0.000677986 0.000356902 0.000204051 0.000356902 0.000827865 9.56403e-05 0.000204051 9.56403e-05 0.000457707)
(0.000929844 0.000728704 0.000526516 0.000728704 0.00175597 0.000405136 0.000526516 0.000405136 0.000880691)
(0.000797087 0.000835076 0.000447629 0.000835076 0.00326907 0.000539096 0.000447629 0.000539096 0.000930097)
(0.000648042 0.00040698 0.000233637 0.00040698 0.00369017 0.000318608 0.000233637 0.000318608 0.000804984)
(0.000373062 2.79192e-05 7.56104e-05 2.79192e-05 0.00221309 4.09577e-05 7.56104e-05 4.09577e-05 0.000458347)
(0.000313966 -8.88202e-06 4.64171e-05 -8.88202e-06 0.000835808 -4.05395e-05 4.64171e-05 -4.05395e-05 0.000323678)
(0.000308787 8.65292e-05 9.68343e-05 8.65292e-05 0.000624369 2.87695e-05 9.68343e-05 2.87695e-05 0.000301232)
(0.000551472 0.000188501 0.000206316 0.000188501 0.000529622 -5.89434e-05 0.000206316 -5.89434e-05 0.00042636)
(0.00067809 0.000138492 0.000368709 0.000138492 0.000709994 -6.54487e-05 0.000368709 -6.54487e-05 0.000842623)
(0.000995257 0.000194417 0.000473773 0.000194417 0.000558185 6.57458e-05 0.000473773 6.57458e-05 0.00211417)
(0.00114962 0.000412674 0.000101471 0.000412674 0.00056501 -1.02734e-05 0.000101471 -1.02734e-05 0.00218465)
(0.00073791 0.000194043 6.01625e-05 0.000194043 0.000789137 -0.000262145 6.01625e-05 -0.000262145 0.000612863)
(0.000456972 -0.000155467 -8.4823e-05 -0.000155467 0.00204024 0.000687775 -8.4823e-05 0.000687775 0.000784285)
(0.00122317 -0.000537772 -0.000720168 -0.000537772 0.00301991 0.00183876 -0.000720168 0.00183876 0.00283587)
(0.001283 -0.000621152 -0.000460821 -0.000621152 0.00140739 0.00140284 -0.000460821 0.00140284 0.00271065)
(0.000849229 -0.000206635 0.000213608 -0.000206635 0.000861148 0.000551697 0.000213608 0.000551697 0.000992274)
(0.000600537 -7.19791e-05 0.000269692 -7.19791e-05 0.000765453 0.000208395 0.000269692 0.000208395 0.000475412)
(0.000301888 -0.000124187 8.20924e-05 -0.000124187 0.000476576 0.000213233 8.20924e-05 0.000213233 0.000416419)
(0.000439583 -2.10237e-05 -8.76375e-05 -2.10237e-05 0.00100321 0.000579851 -8.76375e-05 0.000579851 0.000958862)
(0.000513895 -5.59157e-05 -0.000112366 -5.59157e-05 0.00161852 0.000725762 -0.000112366 0.000725762 0.000972237)
(0.000512375 -0.000367161 0.000179586 -0.000367161 0.0015227 3.47868e-05 0.000179586 3.47868e-05 0.000168867)
(0.000751998 -0.000223523 0.000169569 -0.000223523 0.000845671 -0.000439573 0.000169569 -0.000439573 0.000363556)
(0.000730807 0.000153902 -7.20732e-05 0.000153902 0.00047198 -0.000301692 -7.20732e-05 -0.000301692 0.000615409)
(0.000526182 0.000133844 4.79016e-05 0.000133844 0.000380348 -9.78066e-05 4.79016e-05 -9.78066e-05 0.000246772)
(0.000145553 -1.16341e-05 9.32785e-05 -1.16341e-05 0.000240308 -8.19005e-06 9.32785e-05 -8.19005e-06 0.000286804)
(0.000287327 8.16491e-05 -0.000281715 8.16491e-05 0.000275627 -0.000131233 -0.000281715 -0.000131233 0.000961078)
(0.000365324 6.85984e-05 -0.000417751 6.85984e-05 0.000234246 -0.00013137 -0.000417751 -0.00013137 0.00110377)
(0.000198131 -0.000131336 -7.46073e-05 -0.000131336 0.000230817 0.000173102 -7.46073e-05 0.000173102 0.000440489)
(0.000364556 -2.68929e-05 0.000176398 -2.68929e-05 0.000961205 0.000130436 0.000176398 0.000130436 0.000118488)
(0.000445106 0.00010131 0.000162429 0.00010131 0.000772313 -0.000173188 0.000162429 -0.000173188 0.000111124)
(0.000441151 5.44824e-05 0.000172859 5.44824e-05 0.000584249 -0.000183124 0.000172859 -0.000183124 0.00015912)
(0.000380696 -1.84169e-05 0.000212826 -1.84169e-05 0.000433724 -1.94842e-05 0.000212826 -1.94842e-05 0.000148596)
(0.000334659 -2.81539e-06 0.000174108 -2.81539e-06 0.000255205 8.39308e-06 0.000174108 8.39308e-06 0.000157838)
(0.000239964 -1.38674e-05 9.61237e-05 -1.38674e-05 0.000266414 -3.56883e-05 9.61237e-05 -3.56883e-05 0.000105221)
(0.000108324 2.80375e-05 2.56021e-05 2.80375e-05 0.000302109 -5.7891e-05 2.56021e-05 -5.7891e-05 0.000151317)
(0.000133679 6.97924e-05 -9.35961e-05 6.97924e-05 0.000331215 -9.2105e-05 -9.35961e-05 -9.2105e-05 0.000669375)
(0.000321014 1.05239e-06 9.51439e-05 1.05239e-06 0.000469463 -0.000431045 9.51439e-05 -0.000431045 0.00158499)
(0.000242383 -0.000200687 0.000237798 -0.000200687 0.00148284 -0.00106581 0.000237798 -0.00106581 0.00133514)
(0.000115878 2.39192e-05 0.000123967 2.39192e-05 0.00325424 -0.000478975 0.000123967 -0.000478975 0.000641425)
(0.000507794 0.000569142 0.000123788 0.000569142 0.00328152 0.000356009 0.000123788 0.000356009 0.00047686)
(0.000792414 0.000952718 0.000288839 0.000952718 0.00216269 0.00044318 0.000288839 0.00044318 0.0006573)
(0.00110757 0.00104677 0.000582526 0.00104677 0.00185072 0.000597993 0.000582526 0.000597993 0.000967283)
(0.00126492 0.00122836 0.000683123 0.00122836 0.00332641 0.00131401 0.000683123 0.00131401 0.00148089)
(0.00209035 0.000481368 -0.00040443 0.000481368 0.00370235 0.00240398 -0.00040443 0.00240398 0.00379791)
(0.00208827 0.000399708 -0.00114597 0.000399708 0.00157493 0.00134094 -0.00114597 0.00134094 0.00520114)
(0.00178708 0.000753608 -0.000765203 0.000753608 0.000988248 -0.000249699 -0.000765203 -0.000249699 0.0032646)
(0.000828552 0.00031924 0.000102667 0.00031924 0.00056163 -0.000161209 0.000102667 -0.000161209 0.000921277)
(0.000419428 -0.000299261 0.000213915 -0.000299261 0.000875986 -0.000173177 0.000213915 -0.000173177 0.000310679)
(0.000424946 -0.000225901 0.000284553 -0.000225901 0.000569128 -7.47135e-05 0.000284553 -7.47135e-05 0.000260616)
(0.000893741 4.07649e-05 0.00030091 4.07649e-05 0.000979535 -0.000325286 0.00030091 -0.000325286 0.000693661)
(0.000882936 0.000287154 0.000103306 0.000287154 0.00154971 -0.000522732 0.000103306 -0.000522732 0.000785414)
(0.000692209 0.000571673 0.000191361 0.000571673 0.00302404 0.000236553 0.000191361 0.000236553 0.000730634)
(0.000996292 0.000277083 0.00014241 0.000277083 0.00446532 0.000738 0.00014241 0.000738 0.0011561)
(0.000942004 -0.000377497 0.000353074 -0.000377497 0.00401876 -0.000565722 0.000353074 -0.000565722 0.00072904)
(0.0021433 -0.000272837 0.000653049 -0.000272837 0.00193966 -0.0010875 0.000653049 -0.0010875 0.00232932)
(0.00213575 0.000235518 0.000787798 0.000235518 0.00109867 -0.000612287 0.000787798 -0.000612287 0.00316093)
(0.000577519 7.78046e-05 0.000438731 7.78046e-05 0.000427163 -0.000395258 0.000438731 -0.000395258 0.00102089)
(0.000309304 0.00011868 0.000134944 0.00011868 0.000438287 -0.000172836 0.000134944 -0.000172836 0.000609189)
(0.000345433 3.79914e-05 0.000142112 3.79914e-05 0.000435008 -0.000107604 0.000142112 -0.000107604 0.000385009)
(0.000459693 0.000118093 0.000133047 0.000118093 0.00056884 7.95256e-06 0.000133047 7.95256e-06 0.000275777)
(0.000860359 -0.000225747 0.000243081 -0.000225747 0.000917094 -0.000415269 0.000243081 -0.000415269 0.000480177)
(0.000987805 -0.000640427 0.000315346 -0.000640427 0.00233465 -0.000781384 0.000315346 -0.000781384 0.000500837)
(0.000436476 -0.000132804 0.000170428 -0.000132804 0.000860002 2.87639e-05 0.000170428 2.87639e-05 0.000127712)
(0.000297163 -7.47507e-05 7.84937e-05 -7.47507e-05 0.00156494 -0.000556452 7.84937e-05 -0.000556452 0.000571223)
(0.000523441 0.000284278 5.58766e-05 0.000284278 0.00432509 -0.00108229 5.58766e-05 -0.00108229 0.00124625)
(0.000519373 0.000688187 8.32416e-06 0.000688187 0.00261934 -0.000137968 8.32416e-06 -0.000137968 0.00067429)
(0.000350901 1.88565e-05 0.000250939 1.88565e-05 0.000207721 -5.65881e-05 0.000250939 -5.65881e-05 0.000392981)
(0.000502666 0.000247022 0.000344135 0.000247022 0.00271751 1.36038e-05 0.000344135 1.36038e-05 0.000638071)
(0.000832546 -3.31551e-07 0.000290828 -3.31551e-07 0.0040826 0.000135999 0.000290828 0.000135999 0.00075774)
(0.000923767 -5.25462e-05 0.000186286 -5.25462e-05 0.00189124 -0.000418721 0.000186286 -0.000418721 0.000470804)
(0.00127881 3.79151e-05 -1.38963e-05 3.79151e-05 0.0014371 -0.000639303 -1.38963e-05 -0.000639303 0.00126989)
(0.00162169 0.000133771 0.000255844 0.000133771 0.00132737 -0.000581653 0.000255844 -0.000581653 0.00214316)
(0.00137933 0.000205497 0.000741148 0.000205497 0.000458713 -0.000288492 0.000741148 -0.000288492 0.00210951)
(0.000809822 0.000154938 0.00053527 0.000154938 0.000863866 -0.000161656 0.00053527 -0.000161656 0.00106391)
(0.000539807 0.000296112 0.000116638 0.000296112 0.00173703 -0.000127343 0.000116638 -0.000127343 0.000557806)
(0.000373843 9.4628e-05 0.000127048 9.4628e-05 0.000741706 -9.24049e-05 0.000127048 -9.24049e-05 0.000288338)
(0.000343574 8.79839e-05 0.000283642 8.79839e-05 0.000336674 0.000144361 0.000283642 0.000144361 0.000401796)
(0.000495204 0.000228516 0.000383012 0.000228516 0.000711058 0.000357488 0.000383012 0.000357488 0.000565492)
(0.000239279 0.000163182 9.93321e-05 0.000163182 0.000723142 0.000148667 9.93321e-05 0.000148667 0.000146604)
(0.000396961 9.74154e-05 3.71644e-05 9.74154e-05 0.00143542 -3.6045e-05 3.71644e-05 -3.6045e-05 0.00019899)
(0.000293952 0.000205981 -8.68691e-05 0.000205981 0.00108963 -0.00031641 -8.68691e-05 -0.00031641 0.000356236)
(0.000719431 0.000351499 -0.000611242 0.000351499 0.000471585 -0.000373803 -0.000611242 -0.000373803 0.00103535)
(0.000682188 0.000215368 -0.000674837 0.000215368 0.000342976 -0.000189725 -0.000674837 -0.000189725 0.00113525)
(0.000425363 6.31204e-05 0.00027016 6.31204e-05 0.000468167 6.46701e-05 0.00027016 6.46701e-05 0.000275701)
(0.00215313 0.00124674 -0.000390048 0.00124674 0.00276769 -0.000191906 -0.000390048 -0.000191906 0.00133216)
(0.00165782 0.000752597 -0.000190693 0.000752597 0.00459574 -0.000536031 -0.000190693 -0.000536031 0.00161032)
(0.000729705 -0.000164106 0.000249438 -0.000164106 0.0029248 -0.00035197 0.000249438 -0.00035197 0.000581288)
(0.000171175 0.000140478 -0.00044379 0.000140478 0.00322543 -0.00151902 -0.00044379 -0.00151902 0.00278527)
(0.000635456 -0.000234147 0.000112284 -0.000234147 0.00152075 -3.55858e-06 0.000112284 -3.55858e-06 0.00140888)
(0.00195275 0.000836442 0.000452967 0.000836442 0.00516877 0.000238249 0.000452967 0.000238249 0.0014871)
(0.00269855 -0.00171532 -1.31279e-05 -0.00171532 0.00808226 -1.4673e-05 -1.31279e-05 -1.4673e-05 0.00303706)
(0.00333197 -0.00146848 -0.000396071 -0.00146848 0.00732237 0.00158263 -0.000396071 0.00158263 0.00347121)
(0.00109928 -0.000184929 -0.000564097 -0.000184929 0.0039597 0.00171067 -0.000564097 0.00171067 0.00241172)
(0.000785171 -0.000259431 0.000165384 -0.000259431 0.00134749 -0.000219092 0.000165384 -0.000219092 0.000520407)
(0.00156691 0.00033634 0.000665454 0.00033634 0.00133297 -3.21995e-05 0.000665454 -3.21995e-05 0.00181355)
(0.00130761 0.000123341 0.000669742 0.000123341 0.000599976 -0.000195271 0.000669742 -0.000195271 0.00191442)
(0.000432107 -0.000334473 0.000224127 -0.000334473 0.0029727 -8.58121e-06 0.000224127 -8.58121e-06 0.00114147)
(0.00153095 -0.000934638 -0.00118608 -0.000934638 0.0042044 0.0019046 -0.00118608 0.0019046 0.00290805)
(0.000495039 -0.000143627 -0.000175811 -0.000143627 0.0012873 0.00061261 -0.000175811 0.00061261 0.000785757)
(0.000374356 7.7947e-05 0.000161895 7.7947e-05 0.000470102 3.50615e-05 0.000161895 3.50615e-05 0.000180136)
(0.000543829 8.57795e-05 2.77767e-05 8.57795e-05 0.000477261 7.38632e-06 2.77767e-05 7.38632e-06 0.00051473)
(0.000760188 5.91176e-05 0.000230886 5.91176e-05 0.0007536 -0.000154938 0.000230886 -0.000154938 0.000619376)
(0.00106457 -0.000684303 0.000179284 -0.000684303 0.000819411 -8.20225e-05 0.000179284 -8.20225e-05 0.000240104)
(0.00074256 -0.000613064 5.15701e-05 -0.000613064 0.0005138 -7.88458e-06 5.15701e-05 -7.88458e-06 5.03521e-05)
(0.000341664 -6.43553e-05 0.000175412 -6.43553e-05 0.000722828 -9.84324e-05 0.000175412 -9.84324e-05 1.73098e-05)
(0.000918269 0.000543104 2.68836e-05 0.000543104 0.000629356 -0.0002785 2.68836e-05 -0.0002785 0.000509837)
(0.0015183 0.000540697 0.000134268 0.000540697 0.000812776 -9.59989e-05 0.000134268 -9.59989e-05 0.000744743)
(0.000969541 7.15405e-05 0.000465734 7.15405e-05 0.000789338 0.000172264 0.000465734 0.000172264 0.000699744)
(0.000505267 -0.000107417 0.000182497 -0.000107417 0.000758985 3.44999e-05 0.000182497 3.44999e-05 0.000454507)
(0.00118552 -4.52911e-05 0.000149033 -4.52911e-05 0.00117809 -0.000463484 0.000149033 -0.000463484 0.00104087)
(0.00231859 0.000294631 -0.000136661 0.000294631 0.00144417 -0.000313097 -0.000136661 -0.000313097 0.00453327)
(0.00294824 9.5943e-05 -5.4758e-05 9.5943e-05 0.00157563 -0.000667684 -5.4758e-05 -0.000667684 0.00467249)
(0.00161248 -0.000301052 0.000407003 -0.000301052 0.00176099 -0.0012254 0.000407003 -0.0012254 0.00170601)
(0.000409413 -0.000142126 0.000398809 -0.000142126 0.00198701 -0.000605399 0.000398809 -0.000605399 0.000680846)
(0.00021589 -7.85282e-05 0.00023531 -7.85282e-05 0.00207588 -0.000211471 0.00023531 -0.000211471 0.000913868)
(0.000522617 -0.000118298 0.000422617 -0.000118298 0.000779264 -0.000328501 0.000422617 -0.000328501 0.000543225)
(0.000959166 8.47373e-05 0.000416543 8.47373e-05 0.000565706 -0.000166805 0.000416543 -0.000166805 0.000902884)
(0.000882651 -2.00188e-05 0.000281587 -2.00188e-05 0.00103161 -0.000169777 0.000281587 -0.000169777 0.000553985)
(0.000268048 -0.000159401 -3.23784e-05 -0.000159401 0.00021826 0.000255581 -3.23784e-05 0.000255581 0.000578138)
(0.000389743 5.11259e-05 0.000108751 5.11259e-05 0.00121227 -0.00120023 0.000108751 -0.00120023 0.00188624)
(0.000197824 0.000199545 0.000123424 0.000199545 0.00191173 -0.000921493 0.000123424 -0.000921493 0.000935104)
(0.00027456 0.000672955 8.60309e-05 0.000672955 0.00271914 -5.21326e-05 8.60309e-05 -5.21326e-05 0.000307263)
(0.000346099 1.81729e-05 0.000138557 1.81729e-05 0.000194985 -3.76021e-05 0.000138557 -3.76021e-05 1.6558e-05)
(0.00321544 -0.000329552 9.23807e-05 -0.000329552 0.0066761 0.000200073 9.23807e-05 0.000200073 0.00277998)
(0.00456036 -0.00149809 -6.76615e-05 -0.00149809 0.00780566 0.000414083 -6.76615e-05 0.000414083 0.00391164)
(0.00209069 0.000802116 0.000248993 0.000802116 0.00513107 0.00113428 0.000248993 0.00113428 0.00213277)
(0.000382111 0.000116169 -0.00039261 0.000116169 0.000716168 -0.00028994 -0.00039261 -0.00028994 0.00159108)
(0.00304732 0.000889444 0.00100316 0.000889444 0.00537092 0.00119177 0.00100316 0.00119177 0.0025063)
(0.00338785 0.000748739 -0.00176406 0.000748739 0.000978664 -0.000360727 -0.00176406 -0.000360727 0.00244521)
(0.00464024 0.00170597 -0.000101642 0.00170597 0.0034844 -0.000157426 -0.000101642 -0.000157426 0.00209649)
(0.00254329 0.000809939 0.000491925 0.000809939 0.00318972 0.00143552 0.000491925 0.00143552 0.00296425)
(0.00130727 -0.000247396 -0.000739321 -0.000247396 0.00287968 0.0016697 -0.000739321 0.0016697 0.00391166)
(0.000789484 -0.00110047 -0.00153427 -0.00110047 0.00168056 0.00163935 -0.00153427 0.00163935 0.0039182)
(0.00111662 -0.000838676 -0.00141497 -0.000838676 0.000920004 0.00125827 -0.00141497 0.00125827 0.00280244)
(0.000580768 -0.000329027 -0.000462194 -0.000329027 0.000435485 0.00035764 -0.000462194 0.00035764 0.00116266)
(0.000446788 6.82455e-05 0.000158951 6.82455e-05 0.000593636 -5.14695e-05 0.000158951 -5.14695e-05 0.000287948)
(0.000997969 0.000142756 0.000340829 0.000142756 0.00248569 0.000561664 0.000340829 0.000561664 0.000969423)
(0.00272512 -0.00184144 -0.000589736 -0.00184144 0.00689108 0.00168156 -0.000589736 0.00168156 0.00273346)
(0.00415404 -0.00291906 -0.000568945 -0.00291906 0.0081718 0.00164581 -0.000568945 0.00164581 0.00355052)
(0.000978827 -0.000737197 -0.000441075 -0.000737197 0.00287672 0.00109087 -0.000441075 0.00109087 0.00153413)
(0.000694277 0.000375316 0.000270965 0.000375316 0.00208068 0.000349197 0.000270965 0.000349197 0.000482347)
(0.0012947 0.00059962 0.000208566 0.00059962 0.00128113 0.000381914 0.000208566 0.000381914 0.00197046)
(0.00161083 0.000397321 -0.000190389 0.000397321 0.0024303 -0.000963035 -0.000190389 -0.000963035 0.0017021)
(0.00215785 -0.000245674 0.00032316 -0.000245674 0.00662234 -0.000463198 0.00032316 -0.000463198 0.00151428)
(0.00234708 -0.00152882 0.000237841 -0.00152882 0.00784516 -0.000850146 0.000237841 -0.000850146 0.0020562)
(0.00175426 -0.000618339 0.000121941 -0.000618339 0.00241235 -0.00126263 0.000121941 -0.00126263 0.00128926)
(0.00120958 0.000590833 0.000446485 0.000590833 0.00175283 0.000866273 0.000446485 0.000866273 0.00263524)
(0.00363869 0.00032756 0.000153826 0.00032756 0.00558187 0.00166224 0.000153826 0.00166224 0.00281508)
(0.0033232 0.000129207 0.000260131 0.000129207 0.00571914 0.0012465 0.000260131 0.0012465 0.00250782)
(0.00126918 0.000819867 0.000280786 0.000819867 0.00181726 0.000649026 0.000280786 0.000649026 0.00173131)
(0.00242422 0.000362162 -0.000350526 0.000362162 0.00261766 -0.0011654 -0.000350526 -0.0011654 0.00312224)
(0.00255676 0.000241286 3.50364e-05 0.000241286 0.00348917 -0.00191942 3.50364e-05 -0.00191942 0.00339764)
(0.000725822 6.26501e-05 0.000328023 6.26501e-05 0.000625426 -0.000283414 0.000328023 -0.000283414 0.000687647)
(0.000574716 -0.000402134 -3.20245e-05 -0.000402134 0.000994491 0.000474681 -3.20245e-05 0.000474681 0.000721253)
(0.00116511 -0.000553625 0.000322701 -0.000553625 0.00387503 0.000247272 0.000322701 0.000247272 0.000996809)
(0.00112047 -0.000205173 0.00070814 -0.000205173 0.00219783 -0.00144037 0.00070814 -0.00144037 0.00177705)
(0.00210237 -0.000331253 0.000607915 -0.000331253 0.00253079 -0.00227986 0.000607915 -0.00227986 0.00347634)
(0.00163382 -0.000782195 0.000382055 -0.000782195 0.00219152 -0.00129525 0.000382055 -0.00129525 0.0012771)
(0.000801129 -3.09944e-05 -1.48462e-05 -3.09944e-05 0.000836744 1.81515e-05 -1.48462e-05 1.81515e-05 0.000174232)
(0.000484378 0.000276946 -2.07238e-05 0.000276946 0.000911042 -5.77057e-05 -2.07238e-05 -5.77057e-05 0.000337444)
(0.000529187 -1.38404e-05 0.000309184 -1.38404e-05 0.000466966 -0.000433557 0.000309184 -0.000433557 0.000408037)
(0.00258128 0.000346997 0.000378041 0.000346997 0.00132653 -0.000809746 0.000378041 -0.000809746 0.0032354)
(0.00298837 0.000181451 -0.000937451 0.000181451 0.00566729 -0.00198528 -0.000937451 -0.00198528 0.00307365)
