/*--------------------------------*- C++ -*----------------------------------*\
  =========                 |
  \\      /  F ield         | OpenFOAM: The Open Source CFD Toolbox
   \\    /   O peration     | Website:  https://openfoam.org
    \\  /    A nd           | Version:  10
     \\/     M anipulation  |
\*---------------------------------------------------------------------------*/
FoamFile
{
    format      ascii;
    class       volTensorField;
    location    "7.5";
    object      TauNN;
}
// * * * * * * * * * * * * * * * * * * * * * * * * * * * * * * * * * * * * * //

dimensions      [0 2 -2 0 0 0 0];

internalField   nonuniform List<tensor> 
25600
(
(4.51386e-05 -0.012792 -0.0154158 -0.012792 3.0531e-05 -0.00811936 -0.0154158 -0.00811936 0.00010263)
(2.97767e-05 -0.0127908 -0.0154197 -0.0127908 3.10099e-05 -0.00811734 -0.0154197 -0.00811734 8.79574e-05)
(1.40253e-05 -0.0127907 -0.0154245 -0.0127907 2.83579e-05 -0.00811834 -0.0154245 -0.00811834 8.41729e-05)
(2.72427e-05 -0.0127911 -0.0154233 -0.0127911 2.78097e-05 -0.00812204 -0.0154233 -0.00812204 0.000100207)
(4.5047e-05 -0.0127929 -0.0154192 -0.0127929 3.00752e-05 -0.00812544 -0.0154192 -0.00812544 0.000112011)
(4.52588e-05 -0.0127916 -0.0154156 -0.0127916 2.98019e-05 -0.00812018 -0.0154156 -0.00812018 0.000101507)
(2.44319e-05 -0.0127905 -0.0154211 -0.0127905 3.01709e-05 -0.00811804 -0.0154211 -0.00811804 8.35807e-05)
(1.2476e-05 -0.012791 -0.0154256 -0.012791 2.81986e-05 -0.00811848 -0.0154256 -0.00811848 8.25982e-05)
(2.7371e-05 -0.0127914 -0.0154234 -0.0127914 2.80834e-05 -0.00812161 -0.0154234 -0.00812161 0.000100244)
(4.46019e-05 -0.0127928 -0.0154188 -0.0127928 3.00759e-05 -0.00812443 -0.0154188 -0.00812443 0.000110743)
(4.79051e-05 -0.0127925 -0.0154157 -0.0127925 3.07983e-05 -0.00812004 -0.0154157 -0.00812004 0.000105388)
(2.98593e-05 -0.0127905 -0.0154192 -0.0127905 3.01379e-05 -0.00811775 -0.0154192 -0.00811775 8.86042e-05)
(1.09796e-05 -0.0127908 -0.0154257 -0.0127908 2.84173e-05 -0.00811864 -0.0154257 -0.00811864 7.86286e-05)
(2.28152e-05 -0.0127912 -0.0154242 -0.0127912 2.76955e-05 -0.00812041 -0.0154242 -0.00812041 9.5035e-05)
(3.99823e-05 -0.0127924 -0.0154199 -0.0127924 2.95131e-05 -0.00812388 -0.0154199 -0.00812388 0.00010876)
(4.73127e-05 -0.0127926 -0.0154159 -0.0127926 3.08545e-05 -0.00811985 -0.0154159 -0.00811985 0.000105182)
(3.55988e-05 -0.0127906 -0.0154178 -0.0127906 3.05086e-05 -0.0081177 -0.0154178 -0.0081177 9.05718e-05)
(1.10758e-05 -0.0127904 -0.0154254 -0.0127904 2.79772e-05 -0.00811881 -0.0154254 -0.00811881 7.87897e-05)
(2.38216e-05 -0.0127907 -0.0154244 -0.0127907 2.71504e-05 -0.00812128 -0.0154244 -0.00812128 9.48733e-05)
(4.41822e-05 -0.0127925 -0.0154191 -0.0127925 2.96685e-05 -0.00812516 -0.0154191 -0.00812516 0.000110336)
(4.67376e-05 -0.012792 -0.0154155 -0.012792 3.0464e-05 -0.00811946 -0.0154155 -0.00811946 0.000102003)
(2.85534e-05 -0.0127906 -0.0154198 -0.0127906 3.04643e-05 -0.00811761 -0.0154198 -0.00811761 8.76154e-05)
(1.27216e-05 -0.0127906 -0.015425 -0.0127906 2.79667e-05 -0.00811858 -0.015425 -0.00811858 8.29973e-05)
(2.66277e-05 -0.0127911 -0.0154234 -0.0127911 2.78162e-05 -0.00812149 -0.0154234 -0.00812149 9.84485e-05)
(4.40167e-05 -0.0127929 -0.0154194 -0.0127929 3.01286e-05 -0.00812485 -0.0154194 -0.00812485 0.000111642)
(4.71048e-05 -0.0127922 -0.0154156 -0.0127922 3.06071e-05 -0.0081198 -0.0154156 -0.0081198 0.000103984)
(2.85726e-05 -0.0127906 -0.0154199 -0.0127906 3.06703e-05 -0.00811761 -0.0154199 -0.00811761 8.64909e-05)
(1.24921e-05 -0.0127908 -0.0154254 -0.0127908 2.81526e-05 -0.00811864 -0.0154254 -0.00811864 8.07671e-05)
(2.57615e-05 -0.0127912 -0.0154239 -0.0127912 2.77843e-05 -0.00812153 -0.0154239 -0.00812153 9.8997e-05)
(4.4817e-05 -0.0127929 -0.015419 -0.0127929 3.00645e-05 -0.00812496 -0.015419 -0.00812496 0.000111399)
(4.6063e-05 -0.0127919 -0.0154156 -0.0127919 3.02578e-05 -0.00811976 -0.0154156 -0.00811976 0.000102252)
(2.55692e-05 -0.0127905 -0.0154204 -0.0127905 2.99556e-05 -0.0081178 -0.0154204 -0.0081178 8.67899e-05)
(1.54256e-05 -0.0127904 -0.0154243 -0.0127904 2.76188e-05 -0.0081191 -0.0154243 -0.0081191 8.21437e-05)
(2.81857e-05 -0.0127911 -0.0154229 -0.0127911 2.7814e-05 -0.0081219 -0.0154229 -0.0081219 9.93747e-05)
(4.56656e-05 -0.0127929 -0.0154187 -0.0127929 3.00548e-05 -0.00812485 -0.0154187 -0.00812485 0.000111191)
(4.64274e-05 -0.0127918 -0.0154154 -0.0127918 3.03319e-05 -0.00811943 -0.0154154 -0.00811943 0.000101504)
(2.43027e-05 -0.0127908 -0.015421 -0.0127908 3.06219e-05 -0.00811742 -0.015421 -0.00811742 8.62633e-05)
(1.41068e-05 -0.0127904 -0.0154248 -0.0127904 2.75707e-05 -0.00811912 -0.0154248 -0.00811912 8.07612e-05)
(2.59794e-05 -0.0127909 -0.0154233 -0.0127909 2.75676e-05 -0.00812134 -0.0154233 -0.00812134 9.68802e-05)
(4.06621e-05 -0.012793 -0.0154201 -0.012793 3.01505e-05 -0.0081235 -0.0154201 -0.0081235 0.000110361)
(2.68469e-05 -0.0127917 -0.0154208 -0.0127917 3.03633e-05 -0.0081176 -0.0154208 -0.0081176 0.000103685)
(2.65958e-05 -0.0127914 -0.0154215 -0.0127914 2.89254e-05 -0.00812032 -0.0154215 -0.00812032 0.000105927)
(2.66572e-05 -0.0127926 -0.0154236 -0.0127926 2.92655e-05 -0.00812018 -0.0154236 -0.00812018 0.000106812)
(2.81251e-05 -0.0127931 -0.0154229 -0.0127931 3.05027e-05 -0.00811714 -0.0154229 -0.00811714 0.000102543)
(3.10655e-05 -0.0127921 -0.0154204 -0.0127921 3.05315e-05 -0.00811694 -0.0154204 -0.00811694 0.00010139)
(2.53821e-05 -0.0127916 -0.0154211 -0.0127916 2.9954e-05 -0.00811803 -0.0154211 -0.00811803 0.000103796)
(2.45749e-05 -0.0127915 -0.0154224 -0.0127915 2.88396e-05 -0.00812062 -0.0154224 -0.00812062 0.000106731)
(2.53509e-05 -0.0127929 -0.0154241 -0.0127929 2.96471e-05 -0.00811966 -0.0154241 -0.00811966 0.000107018)
(2.3761e-05 -0.0127935 -0.0154241 -0.0127935 3.13578e-05 -0.0081162 -0.0154241 -0.0081162 0.000102664)
(2.87854e-05 -0.0127924 -0.0154212 -0.0127924 3.12808e-05 -0.00811611 -0.0154212 -0.00811611 0.000101533)
(3.0632e-05 -0.0127918 -0.0154199 -0.0127918 3.02632e-05 -0.00811784 -0.0154199 -0.00811784 0.000103233)
(2.61446e-05 -0.0127915 -0.0154218 -0.0127915 2.90187e-05 -0.00812039 -0.0154218 -0.00812039 0.000106251)
(2.42355e-05 -0.0127927 -0.0154243 -0.0127927 2.94422e-05 -0.00812 -0.0154243 -0.00812 0.000107272)
(2.44152e-05 -0.0127936 -0.0154242 -0.0127936 3.10837e-05 -0.00811673 -0.0154242 -0.00811673 0.000103771)
(2.71189e-05 -0.0127923 -0.0154216 -0.0127923 3.09584e-05 -0.0081162 -0.0154216 -0.0081162 0.000101146)
(2.85764e-05 -0.0127918 -0.0154204 -0.0127918 3.05092e-05 -0.00811723 -0.0154204 -0.00811723 0.00010259)
(2.80451e-05 -0.0127913 -0.0154209 -0.0127913 2.88858e-05 -0.00812051 -0.0154209 -0.00812051 0.000105849)
(2.54332e-05 -0.0127923 -0.0154238 -0.0127923 2.89488e-05 -0.00812057 -0.0154238 -0.00812057 0.000106728)
(2.42316e-05 -0.0127936 -0.0154244 -0.0127936 3.09457e-05 -0.00811665 -0.0154244 -0.00811665 0.000102908)
(2.68181e-05 -0.0127925 -0.0154218 -0.0127925 3.12096e-05 -0.00811597 -0.0154218 -0.00811597 0.000101039)
(2.68993e-05 -0.0127916 -0.0154205 -0.0127916 3.0243e-05 -0.00811751 -0.0154205 -0.00811751 0.000103144)
(2.73591e-05 -0.0127913 -0.0154213 -0.0127913 2.86824e-05 -0.00812056 -0.0154213 -0.00812056 0.000105639)
(2.45716e-05 -0.0127928 -0.0154242 -0.0127928 2.96359e-05 -0.00811956 -0.0154242 -0.00811956 0.000106735)
(2.4764e-05 -0.0127935 -0.015424 -0.0127935 3.11689e-05 -0.00811649 -0.015424 -0.00811649 0.000103119)
(2.83844e-05 -0.0127924 -0.0154213 -0.0127924 3.12071e-05 -0.00811607 -0.0154213 -0.00811607 0.000101093)
(2.69534e-05 -0.0127918 -0.0154208 -0.0127918 3.05053e-05 -0.00811748 -0.0154208 -0.00811748 0.000103697)
(2.51169e-05 -0.0127914 -0.015422 -0.0127914 2.88889e-05 -0.00812049 -0.015422 -0.00812049 0.000106399)
(2.54716e-05 -0.0127927 -0.0154239 -0.0127927 2.94292e-05 -0.00811997 -0.0154239 -0.00811997 0.000107058)
(2.60209e-05 -0.0127935 -0.0154238 -0.0127935 3.10118e-05 -0.00811684 -0.0154238 -0.00811684 0.000103622)
(2.70875e-05 -0.0127925 -0.0154217 -0.0127925 3.13632e-05 -0.00811604 -0.0154217 -0.00811604 0.000101648)
(2.92116e-05 -0.0127916 -0.0154201 -0.0127916 3.01237e-05 -0.00811813 -0.0154201 -0.00811813 0.000104085)
(2.42287e-05 -0.0127916 -0.0154226 -0.0127916 2.9048e-05 -0.00812022 -0.0154226 -0.00812022 0.00010644)
(2.2064e-05 -0.0127932 -0.0154252 -0.0127932 3.00743e-05 -0.00811904 -0.0154252 -0.00811904 0.000107185)
(2.73203e-05 -0.0127934 -0.0154232 -0.0127934 3.10936e-05 -0.0081168 -0.0154232 -0.0081168 0.000103605)
(3.00252e-05 -0.0127923 -0.0154207 -0.0127923 3.13104e-05 -0.00811622 -0.0154207 -0.00811622 0.000101763)
(3.07552e-05 -0.0127915 -0.0154196 -0.0127915 2.99563e-05 -0.00811842 -0.0154196 -0.00811842 0.000104032)
(2.51025e-05 -0.0127915 -0.0154223 -0.0127915 2.88802e-05 -0.00812061 -0.0154223 -0.00812061 0.000106545)
(2.26306e-05 -0.012793 -0.015425 -0.012793 2.97778e-05 -0.00811946 -0.015425 -0.00811946 0.000107285)
(2.67161e-05 -0.0127935 -0.0154235 -0.0127935 3.11153e-05 -0.00811681 -0.0154235 -0.00811681 0.000103781)
(2.81835e-05 -0.0127925 -0.0154215 -0.0127925 3.12261e-05 -0.00811619 -0.0154215 -0.00811619 0.000101753)
(2.91888e-05 -0.0127888 -0.0154302 -0.0127888 2.07587e-05 -0.00812945 -0.0154302 -0.00812945 4.20188e-05)
(3.73453e-05 -0.0127899 -0.0154293 -0.0127899 2.15789e-05 -0.00812998 -0.0154293 -0.00812998 4.38606e-05)
(3.46689e-05 -0.0127901 -0.0154324 -0.0127901 2.18314e-05 -0.00813 -0.0154324 -0.00813 4.23774e-05)
(2.33484e-05 -0.0127897 -0.0154359 -0.0127897 2.2661e-05 -0.00812973 -0.0154359 -0.00812973 4.1861e-05)
(2.34118e-05 -0.0127887 -0.015432 -0.0127887 2.13889e-05 -0.00812856 -0.015432 -0.00812856 4.37303e-05)
(3.00797e-05 -0.0127888 -0.0154296 -0.0127888 2.07262e-05 -0.00812941 -0.0154296 -0.00812941 4.28113e-05)
(3.59836e-05 -0.0127898 -0.0154298 -0.0127898 2.14276e-05 -0.00812976 -0.0154298 -0.00812976 4.37741e-05)
(3.46624e-05 -0.0127902 -0.0154323 -0.0127902 2.1959e-05 -0.00812977 -0.0154323 -0.00812977 4.2913e-05)
(2.45448e-05 -0.0127898 -0.0154355 -0.0127898 2.27144e-05 -0.00812969 -0.0154355 -0.00812969 4.21444e-05)
(2.22912e-05 -0.0127889 -0.0154331 -0.0127889 2.17007e-05 -0.00812877 -0.0154331 -0.00812877 4.28166e-05)
(2.94578e-05 -0.0127887 -0.0154298 -0.0127887 2.07989e-05 -0.00812941 -0.0154298 -0.00812941 4.25535e-05)
(3.62665e-05 -0.0127898 -0.0154298 -0.0127898 2.14675e-05 -0.00813007 -0.0154298 -0.00813007 4.32503e-05)
(3.52299e-05 -0.0127902 -0.0154325 -0.0127902 2.19025e-05 -0.00812992 -0.0154325 -0.00812992 4.2813e-05)
(2.42772e-05 -0.0127899 -0.0154359 -0.0127899 2.2708e-05 -0.00812975 -0.0154359 -0.00812975 4.19553e-05)
(2.21613e-05 -0.0127889 -0.0154335 -0.0127889 2.16255e-05 -0.00812903 -0.0154335 -0.00812903 4.19953e-05)
(2.87664e-05 -0.0127888 -0.0154304 -0.0127888 2.08232e-05 -0.00812942 -0.0154304 -0.00812942 4.20176e-05)
(3.67351e-05 -0.0127899 -0.0154299 -0.0127899 2.15379e-05 -0.00813018 -0.0154299 -0.00813018 4.30073e-05)
(3.63404e-05 -0.0127902 -0.0154321 -0.0127902 2.18707e-05 -0.00813005 -0.0154321 -0.00813005 4.27024e-05)
(2.48276e-05 -0.0127898 -0.015436 -0.0127898 2.25458e-05 -0.00812998 -0.015436 -0.00812998 4.14018e-05)
(2.20957e-05 -0.0127888 -0.0154339 -0.0127888 2.15322e-05 -0.00812922 -0.0154339 -0.00812922 4.14289e-05)
(2.87798e-05 -0.0127888 -0.0154307 -0.0127888 2.07728e-05 -0.00812945 -0.0154307 -0.00812945 4.18304e-05)
(3.69446e-05 -0.0127901 -0.0154308 -0.0127901 2.16274e-05 -0.00813034 -0.0154308 -0.00813034 4.19634e-05)
(3.52544e-05 -0.0127902 -0.0154327 -0.0127902 2.19167e-05 -0.0081301 -0.0154327 -0.0081301 4.21636e-05)
(2.44038e-05 -0.0127897 -0.0154362 -0.0127897 2.25282e-05 -0.00813004 -0.0154362 -0.00813004 4.1215e-05)
(2.2719e-05 -0.0127888 -0.0154336 -0.0127888 2.1583e-05 -0.00812917 -0.0154336 -0.00812917 4.18693e-05)
(2.89797e-05 -0.0127887 -0.0154305 -0.0127887 2.07258e-05 -0.00812952 -0.0154305 -0.00812952 4.18066e-05)
(3.6065e-05 -0.0127899 -0.0154303 -0.0127899 2.14296e-05 -0.00813014 -0.0154303 -0.00813014 4.23802e-05)
(3.45077e-05 -0.0127901 -0.0154323 -0.0127901 2.1915e-05 -0.0081298 -0.0154323 -0.0081298 4.304e-05)
(2.42978e-05 -0.0127898 -0.0154362 -0.0127898 2.2658e-05 -0.00813001 -0.0154362 -0.00813001 4.15053e-05)
(2.24771e-05 -0.0127889 -0.0154335 -0.0127889 2.15652e-05 -0.00812906 -0.0154335 -0.00812906 4.18571e-05)
(2.94255e-05 -0.0127887 -0.0154298 -0.0127887 2.07897e-05 -0.00812925 -0.0154298 -0.00812925 4.31161e-05)
(3.72721e-05 -0.01279 -0.0154299 -0.01279 2.15938e-05 -0.00813017 -0.0154299 -0.00813017 4.29324e-05)
(3.37252e-05 -0.0127901 -0.0154331 -0.0127901 2.19105e-05 -0.00812997 -0.0154331 -0.00812997 4.2137e-05)
(2.28659e-05 -0.01279 -0.0154366 -0.01279 2.29543e-05 -0.00812989 -0.0154366 -0.00812989 4.17272e-05)
(2.26857e-05 -0.0127888 -0.0154325 -0.0127888 2.15316e-05 -0.00812864 -0.0154325 -0.00812864 4.3069e-05)
(3.02233e-05 -0.0127888 -0.0154293 -0.0127888 2.07679e-05 -0.00812942 -0.0154293 -0.00812942 4.30195e-05)
(3.79523e-05 -0.01279 -0.015429 -0.01279 2.16164e-05 -0.00813009 -0.015429 -0.00813009 4.40084e-05)
(3.43266e-05 -0.0127901 -0.0154323 -0.0127901 2.18183e-05 -0.00812985 -0.0154323 -0.00812985 4.25825e-05)
(2.37612e-05 -0.0127898 -0.0154358 -0.0127898 2.2607e-05 -0.00812975 -0.0154358 -0.00812975 4.17094e-05)
(2.27239e-05 -0.0127888 -0.0154328 -0.0127888 2.1466e-05 -0.00812881 -0.0154328 -0.00812881 4.26097e-05)
(2.63969e-05 -0.0127883 -0.0154248 -0.0127883 2.26516e-05 -0.00812445 -0.0154248 -0.00812445 6.92526e-05)
(3.97603e-05 -0.0127891 -0.0154208 -0.0127891 2.26653e-05 -0.00812629 -0.0154208 -0.00812629 6.99589e-05)
(5.37864e-05 -0.0127914 -0.0154177 -0.0127914 2.39176e-05 -0.0081299 -0.0154177 -0.0081299 6.63494e-05)
(5.46343e-05 -0.0127918 -0.0154174 -0.0127918 2.61075e-05 -0.00813319 -0.0154174 -0.00813319 7.07407e-05)
(3.13988e-05 -0.0127874 -0.0154228 -0.0127874 2.19231e-05 -0.00812745 -0.0154228 -0.00812745 6.80443e-05)
(2.59574e-05 -0.0127884 -0.0154251 -0.0127884 2.26618e-05 -0.00812428 -0.0154251 -0.00812428 6.86878e-05)
(3.90673e-05 -0.0127891 -0.0154206 -0.0127891 2.27638e-05 -0.00812581 -0.0154206 -0.00812581 7.09771e-05)
(5.09868e-05 -0.0127909 -0.0154183 -0.0127909 2.3372e-05 -0.00812915 -0.0154183 -0.00812915 6.5821e-05)
(5.28465e-05 -0.0127915 -0.0154179 -0.0127915 2.55094e-05 -0.00813263 -0.0154179 -0.00813263 6.90434e-05)
(3.20745e-05 -0.0127874 -0.015422 -0.0127874 2.21672e-05 -0.00812759 -0.015422 -0.00812759 6.99105e-05)
(2.7171e-05 -0.0127882 -0.0154249 -0.0127882 2.23764e-05 -0.00812501 -0.0154249 -0.00812501 6.70086e-05)
(4.0798e-05 -0.0127892 -0.0154211 -0.0127892 2.25665e-05 -0.00812698 -0.0154211 -0.00812698 6.7902e-05)
(5.19723e-05 -0.0127911 -0.0154179 -0.0127911 2.35684e-05 -0.00812948 -0.0154179 -0.00812948 6.65233e-05)
(5.15028e-05 -0.0127913 -0.0154185 -0.0127913 2.52371e-05 -0.00813256 -0.0154185 -0.00813256 6.68677e-05)
(3.12057e-05 -0.0127873 -0.0154222 -0.0127873 2.20681e-05 -0.0081275 -0.0154222 -0.0081275 6.91555e-05)
(2.71236e-05 -0.012788 -0.0154247 -0.012788 2.22794e-05 -0.00812516 -0.0154247 -0.00812516 6.7037e-05)
(3.92355e-05 -0.0127891 -0.0154219 -0.0127891 2.23318e-05 -0.00812697 -0.0154219 -0.00812697 6.60039e-05)
(5.12223e-05 -0.012791 -0.0154184 -0.012791 2.34886e-05 -0.00812942 -0.0154184 -0.00812942 6.6051e-05)
(5.26582e-05 -0.0127915 -0.0154179 -0.0127915 2.54317e-05 -0.00813257 -0.0154179 -0.00813257 6.83552e-05)
(3.27834e-05 -0.0127875 -0.015422 -0.0127875 2.21455e-05 -0.00812795 -0.015422 -0.00812795 6.80868e-05)
(2.65458e-05 -0.0127881 -0.0154251 -0.0127881 2.22334e-05 -0.00812505 -0.0154251 -0.00812505 6.61355e-05)
(3.96649e-05 -0.0127891 -0.0154213 -0.0127891 2.24857e-05 -0.00812677 -0.0154213 -0.00812677 6.80137e-05)
(5.26933e-05 -0.0127912 -0.0154179 -0.0127912 2.38705e-05 -0.00812988 -0.0154179 -0.00812988 6.72375e-05)
(5.27589e-05 -0.0127915 -0.0154181 -0.0127915 2.55286e-05 -0.00813272 -0.0154181 -0.00813272 6.78744e-05)
(3.4143e-05 -0.0127875 -0.0154214 -0.0127875 2.24276e-05 -0.00812822 -0.0154214 -0.00812822 7.04764e-05)
(2.73047e-05 -0.0127881 -0.0154248 -0.0127881 2.22687e-05 -0.00812508 -0.0154248 -0.00812508 6.7264e-05)
(4.02496e-05 -0.0127892 -0.0154209 -0.0127892 2.26924e-05 -0.00812654 -0.0154209 -0.00812654 6.96408e-05)
(5.3607e-05 -0.0127913 -0.0154174 -0.0127913 2.4041e-05 -0.00813004 -0.0154174 -0.00813004 6.76862e-05)
(5.14895e-05 -0.0127912 -0.0154183 -0.0127912 2.5127e-05 -0.00813229 -0.0154183 -0.00813229 6.78722e-05)
(3.2527e-05 -0.0127875 -0.0154221 -0.0127875 2.21268e-05 -0.00812767 -0.0154221 -0.00812767 6.90969e-05)
(2.69211e-05 -0.0127882 -0.0154248 -0.0127882 2.24387e-05 -0.00812474 -0.0154248 -0.00812474 6.82186e-05)
(3.90284e-05 -0.012789 -0.0154212 -0.012789 2.25964e-05 -0.00812635 -0.0154212 -0.00812635 6.94839e-05)
(5.41301e-05 -0.0127915 -0.0154175 -0.0127915 2.40384e-05 -0.0081301 -0.0154175 -0.0081301 6.67729e-05)
(5.32109e-05 -0.0127917 -0.015418 -0.0127917 2.56488e-05 -0.00813288 -0.015418 -0.00813288 6.81114e-05)
(3.14729e-05 -0.0127873 -0.0154224 -0.0127873 2.21285e-05 -0.00812746 -0.0154224 -0.00812746 7.04183e-05)
(2.64323e-05 -0.0127883 -0.0154249 -0.0127883 2.26049e-05 -0.00812449 -0.0154249 -0.00812449 6.90909e-05)
(3.94477e-05 -0.0127891 -0.0154207 -0.0127891 2.27898e-05 -0.008126 -0.0154207 -0.008126 7.1317e-05)
(5.25547e-05 -0.012791 -0.0154176 -0.012791 2.37637e-05 -0.0081295 -0.0154176 -0.0081295 6.78241e-05)
(5.30905e-05 -0.0127914 -0.0154176 -0.0127914 2.54525e-05 -0.00813244 -0.0154176 -0.00813244 7.01021e-05)
(3.20992e-05 -0.0127874 -0.0154223 -0.0127874 2.21035e-05 -0.00812753 -0.0154223 -0.00812753 6.91492e-05)
(3.7273e-05 -0.0127888 -0.0154208 -0.0127888 2.19053e-05 -0.00812618 -0.0154208 -0.00812618 6.49647e-05)
(9.5272e-06 -0.012789 -0.015434 -0.012789 2.19852e-05 -0.00812665 -0.015434 -0.00812665 4.44571e-05)
(1.00614e-05 -0.01279 -0.0154394 -0.01279 2.32988e-05 -0.00812977 -0.0154394 -0.00812977 4.0542e-05)
(3.24994e-05 -0.01279 -0.0154324 -0.01279 2.25979e-05 -0.00812927 -0.0154324 -0.00812927 4.50635e-05)
(6.31037e-05 -0.0127925 -0.0154174 -0.0127925 2.42263e-05 -0.00812891 -0.0154174 -0.00812891 6.36285e-05)
(3.85294e-05 -0.012789 -0.0154215 -0.012789 2.1751e-05 -0.00812718 -0.0154215 -0.00812718 6.09844e-05)
(1.08562e-05 -0.0127888 -0.0154337 -0.0127888 2.16637e-05 -0.00812687 -0.0154337 -0.00812687 4.4004e-05)
(1.1465e-05 -0.0127897 -0.0154395 -0.0127897 2.29171e-05 -0.00813009 -0.0154395 -0.00813009 4.01243e-05)
(3.09159e-05 -0.01279 -0.0154334 -0.01279 2.26267e-05 -0.00812942 -0.0154334 -0.00812942 4.43758e-05)
(5.88083e-05 -0.0127917 -0.0154181 -0.0127917 2.38386e-05 -0.00812775 -0.0154181 -0.00812775 6.4467e-05)
(3.60921e-05 -0.0127885 -0.0154205 -0.0127885 2.20054e-05 -0.00812586 -0.0154205 -0.00812586 6.76056e-05)
(1.03211e-05 -0.012789 -0.0154336 -0.012789 2.20151e-05 -0.0081265 -0.0154336 -0.0081265 4.51412e-05)
(1.33652e-05 -0.0127896 -0.0154407 -0.0127896 2.30976e-05 -0.00813104 -0.0154407 -0.00813104 3.99957e-05)
(3.2276e-05 -0.0127902 -0.0154341 -0.0127902 2.2738e-05 -0.00812999 -0.0154341 -0.00812999 4.32355e-05)
(5.79516e-05 -0.0127917 -0.0154186 -0.0127917 2.375e-05 -0.00812779 -0.0154186 -0.00812779 6.35811e-05)
(3.61799e-05 -0.0127886 -0.0154205 -0.0127886 2.20815e-05 -0.00812569 -0.0154205 -0.00812569 6.81824e-05)
(1.18394e-05 -0.0127886 -0.0154323 -0.0127886 2.17266e-05 -0.00812622 -0.0154323 -0.00812622 4.64993e-05)
(1.35947e-05 -0.0127894 -0.0154401 -0.0127894 2.2785e-05 -0.00813088 -0.0154401 -0.00813088 3.95482e-05)
(3.08137e-05 -0.0127901 -0.0154336 -0.0127901 2.27686e-05 -0.00812947 -0.0154336 -0.00812947 4.42135e-05)
(5.73304e-05 -0.0127914 -0.0154184 -0.0127914 2.37542e-05 -0.00812745 -0.0154184 -0.00812745 6.46457e-05)
(3.74925e-05 -0.0127888 -0.0154209 -0.0127888 2.18853e-05 -0.00812644 -0.0154209 -0.00812644 6.48493e-05)
(1.14883e-05 -0.0127888 -0.0154337 -0.0127888 2.16979e-05 -0.008127 -0.0154337 -0.008127 4.3804e-05)
(1.29679e-05 -0.0127895 -0.0154397 -0.0127895 2.28908e-05 -0.00813053 -0.0154397 -0.00813053 3.98738e-05)
(3.0821e-05 -0.01279 -0.0154327 -0.01279 2.27299e-05 -0.00812901 -0.0154327 -0.00812901 4.53317e-05)
(5.7398e-05 -0.0127915 -0.0154188 -0.0127915 2.37074e-05 -0.0081276 -0.0154188 -0.0081276 6.33984e-05)
(3.84035e-05 -0.0127889 -0.0154207 -0.0127889 2.19593e-05 -0.00812652 -0.0154207 -0.00812652 6.44936e-05)
(9.75699e-06 -0.012789 -0.0154335 -0.012789 2.19995e-05 -0.00812639 -0.0154335 -0.00812639 4.50894e-05)
(1.22263e-05 -0.0127899 -0.015439 -0.0127899 2.31975e-05 -0.00812982 -0.015439 -0.00812982 4.09577e-05)
(3.36625e-05 -0.0127901 -0.0154325 -0.0127901 2.25008e-05 -0.00812954 -0.0154325 -0.00812954 4.42603e-05)
(5.65179e-05 -0.0127915 -0.0154191 -0.0127915 2.35812e-05 -0.00812774 -0.0154191 -0.00812774 6.24215e-05)
(3.72829e-05 -0.0127887 -0.0154207 -0.0127887 2.19849e-05 -0.00812609 -0.0154207 -0.00812609 6.57426e-05)
(1.03158e-05 -0.0127889 -0.0154344 -0.0127889 2.17227e-05 -0.00812721 -0.0154344 -0.00812721 4.28268e-05)
(9.95024e-06 -0.0127903 -0.01544 -0.0127903 2.36687e-05 -0.00813002 -0.01544 -0.00813002 4.07326e-05)
(3.26909e-05 -0.0127903 -0.0154342 -0.0127903 2.27555e-05 -0.00813002 -0.0154342 -0.00813002 4.31493e-05)
(6.16366e-05 -0.0127924 -0.0154177 -0.0127924 2.40777e-05 -0.00812886 -0.0154177 -0.00812886 6.2897e-05)
(3.79183e-05 -0.0127888 -0.0154205 -0.0127888 2.19191e-05 -0.00812628 -0.0154205 -0.00812628 6.5016e-05)
(1.11867e-05 -0.0127887 -0.0154337 -0.0127887 2.15812e-05 -0.00812699 -0.0154337 -0.00812699 4.37047e-05)
(1.16332e-05 -0.0127896 -0.0154388 -0.0127896 2.27079e-05 -0.00812981 -0.0154388 -0.00812981 4.01162e-05)
(3.07024e-05 -0.01279 -0.0154341 -0.01279 2.26197e-05 -0.00812982 -0.0154341 -0.00812982 4.31096e-05)
(5.95212e-05 -0.012792 -0.0154182 -0.012792 2.38367e-05 -0.0081284 -0.0154182 -0.0081284 6.29545e-05)
(4.28068e-05 -0.0127906 -0.0154261 -0.0127906 2.20612e-05 -0.00812972 -0.0154261 -0.00812972 4.79132e-05)
(5.17475e-05 -0.0127921 -0.0154232 -0.0127921 2.42902e-05 -0.0081318 -0.0154232 -0.0081318 4.98752e-05)
(3.26715e-05 -0.0127891 -0.0154291 -0.0127891 2.20229e-05 -0.00812932 -0.0154291 -0.00812932 4.58532e-05)
(1.06822e-05 -0.0127904 -0.0154319 -0.0127904 2.45563e-05 -0.00812381 -0.0154319 -0.00812381 5.50693e-05)
(1.63096e-05 -0.0127895 -0.0154307 -0.0127895 2.24006e-05 -0.00812411 -0.0154307 -0.00812411 5.57942e-05)
(4.22678e-05 -0.0127905 -0.0154265 -0.0127905 2.20536e-05 -0.00812958 -0.0154265 -0.00812958 4.77291e-05)
(5.38911e-05 -0.0127928 -0.0154228 -0.0127928 2.5016e-05 -0.0081325 -0.0154228 -0.0081325 4.97788e-05)
(3.46531e-05 -0.0127891 -0.0154277 -0.0127891 2.1959e-05 -0.00812937 -0.0154277 -0.00812937 4.70092e-05)
(1.60081e-05 -0.0127899 -0.015431 -0.0127899 2.39007e-05 -0.00812482 -0.015431 -0.00812482 5.35102e-05)
(2.2434e-05 -0.0127885 -0.015429 -0.0127885 2.10128e-05 -0.0081258 -0.015429 -0.0081258 5.35706e-05)
(4.01835e-05 -0.0127902 -0.0154263 -0.0127902 2.17333e-05 -0.00812941 -0.0154263 -0.00812941 4.79876e-05)
(4.7384e-05 -0.0127915 -0.0154254 -0.0127915 2.36545e-05 -0.00813164 -0.0154254 -0.00813164 4.65371e-05)
(3.11318e-05 -0.0127886 -0.0154275 -0.0127886 2.18853e-05 -0.00812866 -0.0154275 -0.00812866 4.83898e-05)
(1.62616e-05 -0.0127897 -0.0154305 -0.0127897 2.38379e-05 -0.0081247 -0.0154305 -0.0081247 5.40898e-05)
(2.23992e-05 -0.0127886 -0.0154299 -0.0127886 2.09477e-05 -0.00812635 -0.0154299 -0.00812635 5.05962e-05)
(3.75345e-05 -0.0127898 -0.0154269 -0.0127898 2.15236e-05 -0.0081288 -0.0154269 -0.0081288 4.83353e-05)
(4.44144e-05 -0.0127904 -0.0154244 -0.0127904 2.2936e-05 -0.00813046 -0.0154244 -0.00813046 5.03912e-05)
(3.28369e-05 -0.0127888 -0.015427 -0.0127888 2.20963e-05 -0.00812859 -0.015427 -0.00812859 4.93392e-05)
(2.05433e-05 -0.0127894 -0.0154297 -0.0127894 2.31972e-05 -0.00812541 -0.0154297 -0.00812541 5.32118e-05)
(2.15683e-05 -0.0127884 -0.0154298 -0.0127884 2.07704e-05 -0.00812623 -0.0154298 -0.00812623 5.10118e-05)
(3.54702e-05 -0.0127896 -0.0154278 -0.0127896 2.13855e-05 -0.00812878 -0.0154278 -0.00812878 4.72606e-05)
(4.73612e-05 -0.0127914 -0.0154256 -0.0127914 2.3504e-05 -0.00813138 -0.0154256 -0.00813138 4.67655e-05)
(3.44856e-05 -0.012789 -0.0154263 -0.012789 2.21049e-05 -0.00812857 -0.0154263 -0.00812857 5.02038e-05)
(1.96809e-05 -0.0127895 -0.0154302 -0.0127895 2.31566e-05 -0.00812546 -0.0154302 -0.00812546 5.27139e-05)
(1.99263e-05 -0.0127886 -0.0154295 -0.0127886 2.12029e-05 -0.00812538 -0.0154295 -0.00812538 5.34664e-05)
(3.81154e-05 -0.0127898 -0.0154262 -0.0127898 2.1613e-05 -0.00812859 -0.0154262 -0.00812859 4.98541e-05)
(5.23301e-05 -0.0127927 -0.0154243 -0.0127927 2.47504e-05 -0.00813243 -0.0154243 -0.00813243 4.74767e-05)
(3.07896e-05 -0.0127886 -0.0154271 -0.0127886 2.18121e-05 -0.00812826 -0.0154271 -0.00812826 4.94918e-05)
(1.50738e-05 -0.0127902 -0.0154318 -0.0127902 2.41196e-05 -0.00812491 -0.0154318 -0.00812491 5.27765e-05)
(2.45595e-05 -0.0127886 -0.015429 -0.0127886 2.08674e-05 -0.00812643 -0.015429 -0.00812643 5.18289e-05)
(3.7683e-05 -0.0127897 -0.0154266 -0.0127897 2.15834e-05 -0.00812871 -0.0154266 -0.00812871 4.9294e-05)
(5.05405e-05 -0.012792 -0.0154247 -0.012792 2.40774e-05 -0.00813177 -0.0154247 -0.00813177 4.76179e-05)
(3.31468e-05 -0.0127891 -0.0154281 -0.0127891 2.1978e-05 -0.0081291 -0.0154281 -0.0081291 4.65453e-05)
(9.83151e-06 -0.012791 -0.015434 -0.012791 2.48664e-05 -0.00812492 -0.015434 -0.00812492 5.11253e-05)
(1.78635e-05 -0.0127896 -0.0154301 -0.0127896 2.25732e-05 -0.0081239 -0.0154301 -0.0081239 5.75126e-05)
(4.04095e-05 -0.0127902 -0.0154266 -0.0127902 2.1947e-05 -0.00812869 -0.0154266 -0.00812869 4.96743e-05)
(4.94239e-05 -0.0127915 -0.0154239 -0.0127915 2.37863e-05 -0.00813135 -0.0154239 -0.00813135 4.97635e-05)
(3.2216e-05 -0.0127891 -0.0154286 -0.0127891 2.21725e-05 -0.0081288 -0.0154286 -0.0081288 4.71483e-05)
(1.53588e-05 -0.01279 -0.0154311 -0.01279 2.38767e-05 -0.00812464 -0.0154311 -0.00812464 5.41476e-05)
(2.11529e-05 -0.012789 -0.0154295 -0.012789 2.16458e-05 -0.00812507 -0.0154295 -0.00812507 5.50806e-05)
(1.6125e-05 -0.0127886 -0.0154281 -0.0127886 2.23585e-05 -0.00812343 -0.0154281 -0.00812343 6.22664e-05)
(2.56767e-05 -0.0127877 -0.0154247 -0.0127877 2.1349e-05 -0.0081259 -0.0154247 -0.0081259 6.04687e-05)
(4.91592e-05 -0.0127918 -0.0154245 -0.0127918 2.3246e-05 -0.00813102 -0.0154245 -0.00813102 4.76398e-05)
(5.62443e-05 -0.0127945 -0.0154247 -0.0127945 2.63029e-05 -0.00813358 -0.0154247 -0.00813358 4.50689e-05)
(2.91453e-05 -0.0127888 -0.015426 -0.0127888 2.18132e-05 -0.00812625 -0.015426 -0.00812625 5.47282e-05)
(9.21303e-06 -0.0127893 -0.0154304 -0.0127893 2.31171e-05 -0.00812242 -0.0154304 -0.00812242 6.13427e-05)
(2.07589e-05 -0.0127879 -0.015426 -0.0127879 2.18768e-05 -0.00812454 -0.015426 -0.00812454 6.14555e-05)
(4.69935e-05 -0.0127909 -0.0154247 -0.0127909 2.26246e-05 -0.00812944 -0.0154247 -0.00812944 4.98065e-05)
(4.99985e-05 -0.0127926 -0.015425 -0.0127926 2.44905e-05 -0.0081325 -0.015425 -0.0081325 4.60391e-05)
(2.93611e-05 -0.0127887 -0.0154257 -0.0127887 2.17582e-05 -0.00812621 -0.0154257 -0.00812621 5.56372e-05)
(1.56758e-05 -0.0127885 -0.0154275 -0.0127885 2.26108e-05 -0.00812313 -0.0154275 -0.00812313 6.31454e-05)
(2.53978e-05 -0.0127878 -0.015425 -0.0127878 2.15704e-05 -0.0081257 -0.015425 -0.0081257 6.05643e-05)
(4.59301e-05 -0.0127908 -0.0154247 -0.0127908 2.2559e-05 -0.00812955 -0.0154247 -0.00812955 4.99084e-05)
(4.92305e-05 -0.0127922 -0.0154242 -0.0127922 2.43238e-05 -0.00813238 -0.0154242 -0.00813238 4.79045e-05)
(3.26401e-05 -0.0127889 -0.0154247 -0.0127889 2.18011e-05 -0.00812659 -0.0154247 -0.00812659 5.63665e-05)
(2.27968e-05 -0.0127878 -0.015426 -0.0127878 2.14718e-05 -0.00812532 -0.015426 -0.00812532 5.9991e-05)
(2.53632e-05 -0.0127875 -0.0154245 -0.0127875 2.13859e-05 -0.00812594 -0.0154245 -0.00812594 6.15034e-05)
(3.91355e-05 -0.0127895 -0.0154244 -0.0127895 2.2091e-05 -0.00812788 -0.0154244 -0.00812788 5.40095e-05)
(4.7093e-05 -0.0127914 -0.0154241 -0.0127914 2.34624e-05 -0.00813153 -0.0154241 -0.00813153 4.94774e-05)
(3.61938e-05 -0.0127892 -0.015424 -0.0127892 2.19628e-05 -0.00812702 -0.015424 -0.00812702 5.63373e-05)
(2.09929e-05 -0.0127879 -0.0154263 -0.0127879 2.16294e-05 -0.00812473 -0.0154263 -0.00812473 6.11437e-05)
(2.30207e-05 -0.0127875 -0.0154262 -0.0127875 2.10809e-05 -0.00812609 -0.0154262 -0.00812609 5.78399e-05)
(4.25112e-05 -0.0127901 -0.0154244 -0.0127901 2.22128e-05 -0.00812883 -0.0154244 -0.00812883 5.20735e-05)
(4.95344e-05 -0.0127921 -0.0154241 -0.0127921 2.3862e-05 -0.00813179 -0.0154241 -0.00813179 4.85005e-05)
(3.59434e-05 -0.0127892 -0.0154241 -0.0127892 2.19121e-05 -0.0081271 -0.0154241 -0.0081271 5.59563e-05)
(1.77431e-05 -0.0127878 -0.0154276 -0.0127878 2.14553e-05 -0.00812448 -0.0154276 -0.00812448 6.0322e-05)
(2.25667e-05 -0.0127877 -0.0154256 -0.0127877 2.16326e-05 -0.0081251 -0.0154256 -0.0081251 6.12688e-05)
(5.13269e-05 -0.0127914 -0.0154228 -0.0127914 2.30416e-05 -0.00812942 -0.0154228 -0.00812942 5.28911e-05)
(4.61611e-05 -0.0127919 -0.0154267 -0.0127919 2.37216e-05 -0.00813215 -0.0154267 -0.00813215 4.31114e-05)
(3.18918e-05 -0.0127889 -0.0154263 -0.0127889 2.14357e-05 -0.00812748 -0.0154263 -0.00812748 5.19529e-05)
(2.32419e-05 -0.0127878 -0.015426 -0.0127878 2.14219e-05 -0.00812535 -0.015426 -0.00812535 6.06455e-05)
(2.09062e-05 -0.0127876 -0.0154261 -0.0127876 2.13861e-05 -0.00812518 -0.0154261 -0.00812518 5.93756e-05)
(4.97606e-05 -0.0127916 -0.0154237 -0.0127916 2.31166e-05 -0.00813054 -0.0154237 -0.00813054 4.97178e-05)
(5.71683e-05 -0.0127969 -0.0154279 -0.0127969 2.92947e-05 -0.00813484 -0.0154279 -0.00813484 3.76445e-05)
(3.32626e-05 -0.012789 -0.0154257 -0.012789 2.14491e-05 -0.00812765 -0.0154257 -0.00812765 5.19353e-05)
(1.85489e-05 -0.0127877 -0.0154277 -0.0127877 2.1373e-05 -0.00812471 -0.0154277 -0.00812471 6.01683e-05)
(2.31084e-05 -0.0127875 -0.015425 -0.0127875 2.14254e-05 -0.00812532 -0.015425 -0.00812532 6.11033e-05)
(4.45964e-05 -0.0127906 -0.0154246 -0.0127906 2.24153e-05 -0.00812968 -0.0154246 -0.00812968 4.99578e-05)
(4.86934e-05 -0.0127929 -0.0154263 -0.0127929 2.49516e-05 -0.00813302 -0.0154263 -0.00813302 4.25884e-05)
(3.00179e-05 -0.0127887 -0.015426 -0.0127887 2.13245e-05 -0.00812708 -0.015426 -0.00812708 5.26681e-05)
(4.78705e-05 -0.0127926 -0.0154237 -0.0127926 2.51536e-05 -0.00813331 -0.0154237 -0.00813331 4.69524e-05)
(2.3969e-05 -0.0127882 -0.0154252 -0.0127882 2.20846e-05 -0.00812468 -0.0154252 -0.00812468 6.11801e-05)
(2.5092e-05 -0.0127868 -0.0154274 -0.0127868 2.05559e-05 -0.00812784 -0.0154274 -0.00812784 5.44589e-05)
(4.58438e-05 -0.0127901 -0.0154214 -0.0127901 2.3652e-05 -0.0081311 -0.0154214 -0.0081311 5.91086e-05)
(6.82541e-05 -0.0128006 -0.0154224 -0.0128006 3.69083e-05 -0.00813966 -0.0154224 -0.00813966 4.859e-05)
(5.26177e-05 -0.0127945 -0.0154236 -0.0127945 2.82249e-05 -0.00813541 -0.0154236 -0.00813541 4.6959e-05)
(3.04018e-05 -0.0127882 -0.0154231 -0.0127882 2.19575e-05 -0.00812581 -0.0154231 -0.00812581 6.25134e-05)
(2.54078e-05 -0.0127866 -0.0154277 -0.0127866 2.0368e-05 -0.00812839 -0.0154277 -0.00812839 5.2374e-05)
(4.13953e-05 -0.0127895 -0.015424 -0.0127895 2.27729e-05 -0.00813078 -0.015424 -0.00813078 5.33794e-05)
(6.06871e-05 -0.0127959 -0.015422 -0.0127959 2.95631e-05 -0.00813594 -0.015422 -0.00813594 5.07984e-05)
(4.85474e-05 -0.0127927 -0.0154235 -0.0127927 2.63403e-05 -0.00813435 -0.0154235 -0.00813435 4.88568e-05)
(2.97001e-05 -0.0127881 -0.0154239 -0.0127881 2.15617e-05 -0.00812653 -0.0154239 -0.00812653 5.91124e-05)
(2.53585e-05 -0.0127867 -0.0154266 -0.0127867 2.06084e-05 -0.00812795 -0.0154266 -0.00812795 5.54634e-05)
(3.94617e-05 -0.012789 -0.0154235 -0.012789 2.2296e-05 -0.00812934 -0.0154235 -0.00812934 5.70244e-05)
(5.35325e-05 -0.0127933 -0.0154229 -0.0127933 2.6369e-05 -0.00813394 -0.0154229 -0.00813394 5.04838e-05)
(4.67367e-05 -0.0127919 -0.0154236 -0.0127919 2.53237e-05 -0.00813361 -0.0154236 -0.00813361 4.92754e-05)
(4.10557e-05 -0.0127892 -0.015421 -0.0127892 2.24802e-05 -0.00812891 -0.015421 -0.00812891 6.04648e-05)
(3.13441e-05 -0.0127873 -0.0154248 -0.0127873 2.13623e-05 -0.0081293 -0.0154248 -0.0081293 5.63175e-05)
(3.57033e-05 -0.0127885 -0.0154241 -0.0127885 2.1957e-05 -0.00812813 -0.0154241 -0.00812813 5.84508e-05)
(5.03092e-05 -0.0127923 -0.015423 -0.0127923 2.55034e-05 -0.00813343 -0.015423 -0.00813343 5.13488e-05)
(4.78647e-05 -0.0127927 -0.0154242 -0.0127927 2.64159e-05 -0.00813442 -0.0154242 -0.00813442 4.70388e-05)
(3.7811e-05 -0.0127889 -0.0154227 -0.0127889 2.19805e-05 -0.00812836 -0.0154227 -0.00812836 5.74439e-05)
(2.93584e-05 -0.0127872 -0.0154254 -0.0127872 2.1088e-05 -0.00812864 -0.0154254 -0.00812864 5.57158e-05)
(3.76712e-05 -0.0127888 -0.0154245 -0.0127888 2.20114e-05 -0.00812932 -0.0154245 -0.00812932 5.44523e-05)
(5.38663e-05 -0.0127935 -0.0154227 -0.0127935 2.75641e-05 -0.00813499 -0.0154227 -0.00813499 5.16739e-05)
(5.15152e-05 -0.0127936 -0.0154238 -0.0127936 2.70584e-05 -0.00813462 -0.0154238 -0.00813462 4.74865e-05)
(3.63107e-05 -0.0127887 -0.0154222 -0.0127887 2.20198e-05 -0.00812716 -0.0154222 -0.00812716 6.01191e-05)
(2.69633e-05 -0.0127865 -0.0154261 -0.0127865 2.06719e-05 -0.00812879 -0.0154261 -0.00812879 5.54359e-05)
(3.78099e-05 -0.012789 -0.0154268 -0.012789 2.19084e-05 -0.00813024 -0.0154268 -0.00813024 4.89529e-05)
(5.0822e-05 -0.0127928 -0.0154252 -0.0127928 2.53647e-05 -0.0081332 -0.0154252 -0.0081332 4.57918e-05)
(4.75288e-05 -0.0127923 -0.0154245 -0.0127923 2.46692e-05 -0.00813287 -0.0154245 -0.00813287 4.613e-05)
(3.51651e-05 -0.0127886 -0.0154231 -0.0127886 2.17065e-05 -0.00812776 -0.0154231 -0.00812776 5.74134e-05)
(1.87065e-05 -0.0127863 -0.015429 -0.0127863 1.99489e-05 -0.0081267 -0.015429 -0.0081267 5.42921e-05)
(3.0052e-05 -0.012789 -0.0154282 -0.012789 2.19559e-05 -0.00812714 -0.0154282 -0.00812714 5.33722e-05)
(6.54829e-05 -0.0127982 -0.0154223 -0.0127982 3.21603e-05 -0.00813719 -0.0154223 -0.00813719 4.87967e-05)
(4.95271e-05 -0.0127934 -0.015424 -0.0127934 2.58144e-05 -0.00813373 -0.015424 -0.00813373 4.54214e-05)
(3.28298e-05 -0.0127885 -0.0154229 -0.0127885 2.19077e-05 -0.00812623 -0.0154229 -0.00812623 6.05512e-05)
(2.75004e-05 -0.0127866 -0.0154268 -0.0127866 2.05698e-05 -0.00812914 -0.0154268 -0.00812914 5.32288e-05)
(3.35355e-05 -0.0127885 -0.0154246 -0.0127885 2.19234e-05 -0.00812722 -0.0154246 -0.00812722 5.84666e-05)
(6.01982e-05 -0.012796 -0.0154235 -0.012796 2.90348e-05 -0.00813534 -0.0154235 -0.00813534 4.69064e-05)
(5.25652e-05 -0.0127909 -0.0154193 -0.0127909 2.4076e-05 -0.00813002 -0.0154193 -0.00813002 6.39474e-05)
(5.96488e-05 -0.0127952 -0.0154192 -0.0127952 3.1649e-05 -0.00813847 -0.0154192 -0.00813847 6.41855e-05)
(2.31054e-05 -0.0127882 -0.0154248 -0.0127882 2.2544e-05 -0.00812424 -0.0154248 -0.00812424 6.19249e-05)
(1.69706e-05 -0.0127878 -0.0154271 -0.0127878 2.16463e-05 -0.00812421 -0.0154271 -0.00812421 6.01931e-05)
(2.816e-05 -0.0127877 -0.0154251 -0.0127877 2.15452e-05 -0.00812622 -0.0154251 -0.00812622 6.34361e-05)
(5.76139e-05 -0.0127915 -0.0154166 -0.0127915 2.53861e-05 -0.00813102 -0.0154166 -0.00813102 7.12458e-05)
(6.25294e-05 -0.0127959 -0.0154178 -0.0127959 3.27557e-05 -0.00813938 -0.0154178 -0.00813938 6.89924e-05)
(3.61893e-05 -0.0127886 -0.0154223 -0.0127886 2.17886e-05 -0.00812794 -0.0154223 -0.00812794 5.91166e-05)
(2.29479e-05 -0.0127879 -0.0154269 -0.0127879 2.12232e-05 -0.00812607 -0.0154269 -0.00812607 5.5036e-05)
(2.87758e-05 -0.0127876 -0.0154261 -0.0127876 2.10584e-05 -0.00812767 -0.0154261 -0.00812767 5.61926e-05)
(4.94182e-05 -0.0127901 -0.0154182 -0.0127901 2.39017e-05 -0.00812953 -0.0154182 -0.00812953 6.77297e-05)
(6.01921e-05 -0.0127945 -0.0154175 -0.0127945 3.00305e-05 -0.00813717 -0.0154175 -0.00813717 6.86802e-05)
(4.29533e-05 -0.0127896 -0.0154209 -0.0127896 2.25915e-05 -0.00812928 -0.0154209 -0.00812928 6.02731e-05)
(2.58952e-05 -0.0127879 -0.0154257 -0.0127879 2.13141e-05 -0.00812624 -0.0154257 -0.00812624 5.66169e-05)
(2.65504e-05 -0.0127877 -0.0154269 -0.0127877 2.09863e-05 -0.00812714 -0.0154269 -0.00812714 5.50279e-05)
(4.00327e-05 -0.0127889 -0.0154209 -0.0127889 2.26224e-05 -0.00812826 -0.0154209 -0.00812826 6.45471e-05)
(5.02512e-05 -0.0127909 -0.0154187 -0.0127909 2.57261e-05 -0.00813326 -0.0154187 -0.00813326 6.83857e-05)
(5.0138e-05 -0.0127907 -0.0154189 -0.0127907 2.36842e-05 -0.00813006 -0.0154189 -0.00813006 6.41943e-05)
(3.42688e-05 -0.0127882 -0.015423 -0.0127882 2.158e-05 -0.00812834 -0.015423 -0.00812834 5.85332e-05)
(2.22455e-05 -0.0127875 -0.0154267 -0.0127875 2.13077e-05 -0.00812582 -0.0154267 -0.00812582 5.92935e-05)
(3.91213e-05 -0.0127888 -0.0154211 -0.0127888 2.25245e-05 -0.00812761 -0.0154211 -0.00812761 6.5238e-05)
(5.23325e-05 -0.0127916 -0.0154186 -0.0127916 2.59011e-05 -0.00813337 -0.0154186 -0.00813337 6.65529e-05)
(4.46574e-05 -0.0127898 -0.0154206 -0.0127898 2.26622e-05 -0.00812872 -0.0154206 -0.00812872 6.15408e-05)
(2.80922e-05 -0.012788 -0.0154262 -0.012788 2.10179e-05 -0.00812738 -0.0154262 -0.00812738 5.34683e-05)
(2.49088e-05 -0.0127878 -0.0154265 -0.0127878 2.13717e-05 -0.00812606 -0.0154265 -0.00812606 5.86319e-05)
(4.1865e-05 -0.0127893 -0.0154214 -0.0127893 2.26325e-05 -0.0081286 -0.0154214 -0.0081286 6.16366e-05)
(5.45927e-05 -0.0127923 -0.0154185 -0.0127923 2.74303e-05 -0.00813496 -0.0154185 -0.00813496 6.78286e-05)
(4.78128e-05 -0.0127902 -0.0154198 -0.0127902 2.32649e-05 -0.00812962 -0.0154198 -0.00812962 6.25261e-05)
(3.07876e-05 -0.0127886 -0.0154289 -0.0127886 2.08876e-05 -0.00812937 -0.0154289 -0.00812937 4.4706e-05)
(2.82815e-05 -0.0127882 -0.0154301 -0.0127882 2.09737e-05 -0.00812874 -0.0154301 -0.00812874 4.64979e-05)
(4.17738e-05 -0.0127895 -0.0154232 -0.0127895 2.26782e-05 -0.00812975 -0.0154232 -0.00812975 5.59105e-05)
(5.81115e-05 -0.0127952 -0.0154202 -0.0127952 3.25137e-05 -0.00813912 -0.0154202 -0.00813912 6.15103e-05)
(5.7905e-05 -0.0127924 -0.0154191 -0.0127924 2.46532e-05 -0.0081311 -0.0154191 -0.0081311 5.93011e-05)
(2.50814e-05 -0.0127881 -0.015431 -0.0127881 2.04311e-05 -0.00812882 -0.015431 -0.00812882 4.32396e-05)
(1.7e-05 -0.0127886 -0.0154316 -0.0127886 2.15181e-05 -0.00812562 -0.0154316 -0.00812562 5.22008e-05)
(4.9841e-05 -0.0127904 -0.0154202 -0.0127904 2.37347e-05 -0.00812971 -0.0154202 -0.00812971 6.20007e-05)
(5.5806e-05 -0.0127937 -0.0154197 -0.0127937 3.07885e-05 -0.00813814 -0.0154197 -0.00813814 6.47772e-05)
(4.54603e-05 -0.0127899 -0.0154208 -0.0127899 2.29759e-05 -0.00812938 -0.0154208 -0.00812938 5.98697e-05)
(3.20698e-05 -0.012788 -0.0154249 -0.012788 2.11164e-05 -0.00812896 -0.0154249 -0.00812896 5.33926e-05)
(2.02292e-05 -0.0127878 -0.0154302 -0.0127878 2.07788e-05 -0.00812646 -0.0154302 -0.00812646 5.16639e-05)
(2.21054e-05 -0.012786 -0.0154273 -0.012786 1.99181e-05 -0.00812845 -0.0154273 -0.00812845 5.23395e-05)
(4.59588e-05 -0.0127896 -0.0154191 -0.0127896 2.35378e-05 -0.0081299 -0.0154191 -0.0081299 6.46805e-05)
(5.0612e-05 -0.0127905 -0.0154178 -0.0127905 2.37243e-05 -0.00812974 -0.0154178 -0.00812974 6.42347e-05)
(3.86803e-05 -0.0127886 -0.0154199 -0.0127886 2.32757e-05 -0.00812676 -0.0154199 -0.00812676 7.82806e-05)
(3.24969e-05 -0.012789 -0.0154218 -0.012789 2.34673e-05 -0.00812358 -0.0154218 -0.00812358 7.20602e-05)
(1.58624e-05 -0.0127871 -0.0154251 -0.0127871 2.18759e-05 -0.00812361 -0.0154251 -0.00812361 6.76652e-05)
(3.34281e-05 -0.0127881 -0.0154188 -0.0127881 2.38119e-05 -0.00812355 -0.0154188 -0.00812355 7.65438e-05)
(4.40607e-05 -0.0127892 -0.0154188 -0.0127892 2.29867e-05 -0.00812681 -0.0154188 -0.00812681 6.55503e-05)
(4.64141e-05 -0.0127899 -0.0154208 -0.0127899 2.34063e-05 -0.00813008 -0.0154208 -0.00813008 6.51212e-05)
(3.61119e-05 -0.0127892 -0.0154227 -0.0127892 2.24831e-05 -0.00812559 -0.0154227 -0.00812559 6.38187e-05)
(1.83253e-05 -0.0127868 -0.0154248 -0.0127868 2.12692e-05 -0.00812483 -0.0154248 -0.00812483 6.45687e-05)
(2.61799e-05 -0.0127878 -0.015422 -0.0127878 2.29081e-05 -0.00812376 -0.015422 -0.00812376 7.03414e-05)
(4.10836e-05 -0.0127892 -0.01542 -0.0127892 2.31413e-05 -0.00812559 -0.01542 -0.00812559 6.73064e-05)
(5.43911e-05 -0.0127917 -0.0154192 -0.0127917 2.53906e-05 -0.00813241 -0.0154192 -0.00813241 6.64349e-05)
