/*--------------------------------*- C++ -*----------------------------------*\
  =========                 |
  \\      /  F ield         | OpenFOAM: The Open Source CFD Toolbox
   \\    /   O peration     | Website:  https://openfoam.org
    \\  /    A nd           | Version:  10
     \\/     M anipulation  |
\*---------------------------------------------------------------------------*/
FoamFile
{
    format      ascii;
    class       volTensorField;
    location    "19";
    object      TauNN;
}
// * * * * * * * * * * * * * * * * * * * * * * * * * * * * * * * * * * * * * //

dimensions      [0 2 -2 0 0 0 0];

internalField   nonuniform List<tensor> 
25600
(
(-0.00110875 -0.00296607 0.00636303 -0.00296607 0.0100114 -0.00215136 0.00636303 -0.00215136 0.00838581)
(-0.000181819 -0.00347158 0.00622501 -0.00347158 0.010015 -0.00200816 0.00622501 -0.00200816 0.00918168)
(0.000225865 -0.0028385 0.00504344 -0.0028385 0.00889101 -0.00265665 0.00504344 -0.00265665 0.00737756)
(0.00137007 -0.00243106 0.00443387 -0.00243106 0.00790067 -0.00278425 0.00443387 -0.00278425 0.00618922)
(0.00612916 -0.0031844 0.00208677 -0.0031844 0.00588056 -0.0033718 0.00208677 -0.0033718 0.00537456)
(-0.00096158 -0.00143935 0.00481414 -0.00143935 0.00907012 -0.00152111 0.00481414 -0.00152111 0.00583853)
(-0.000850443 -0.00276377 0.0061202 -0.00276377 0.00986369 -0.00202279 0.0061202 -0.00202279 0.00804224)
(-0.000421373 -0.00358447 0.00587109 -0.00358447 0.0096104 -0.00198398 0.00587109 -0.00198398 0.00884023)
(0.00269667 -0.00249369 0.00411181 -0.00249369 0.00746079 -0.00287839 0.00411181 -0.00287839 0.00582505)
(0.00135023 -0.0016406 0.00374232 -0.0016406 0.00822282 -0.00213142 0.00374232 -0.00213142 0.00645027)
(-0.00114596 -0.00335142 0.0057557 -0.00335142 0.00966877 -0.00173394 0.0057557 -0.00173394 0.00884943)
(-0.0013626 -0.00331621 0.00607242 -0.00331621 0.00972606 -0.00186123 0.00607242 -0.00186123 0.00861436)
(-0.000229653 -0.00336633 0.00556333 -0.00336633 0.00941533 -0.0019084 0.00556333 -0.0019084 0.00889912)
(0.00167433 -0.00258619 0.00418497 -0.00258619 0.00776801 -0.00285936 0.00418497 -0.00285936 0.00610883)
(-0.00102403 -0.00236084 0.00506516 -0.00236084 0.0089037 -0.00132215 0.00506516 -0.00132215 0.00805107)
(-0.000446251 -0.00318864 0.00542097 -0.00318864 0.00933128 -0.00201291 0.00542097 -0.00201291 0.00859708)
(0.00315431 -0.00249816 0.00369241 -0.00249816 0.00709041 -0.00299851 0.00369241 -0.00299851 0.00537366)
(0.000124538 -0.00142149 0.0046404 -0.00142149 0.00828131 -0.00150512 0.0046404 -0.00150512 0.00706898)
(-0.00101128 -0.0026532 0.00594126 -0.0026532 0.00989694 -0.00194131 0.00594126 -0.00194131 0.00807825)
(0.000921346 -0.00332826 0.00552949 -0.00332826 0.00950884 -0.00208154 0.00552949 -0.00208154 0.0090159)
(0.000853346 -0.00262608 0.00456336 -0.00262608 0.00828415 -0.0028447 0.00456336 -0.0028447 0.00644332)
(-0.000420685 -0.00269524 0.00505285 -0.00269524 0.0088041 -0.00247975 0.00505285 -0.00247975 0.00746469)
(-0.000549317 -0.0023755 0.00501857 -0.0023755 0.00864643 -0.00226784 0.00501857 -0.00226784 0.00741739)
(-0.000768485 -0.00204283 0.00490519 -0.00204283 0.00847905 -0.00195729 0.00490519 -0.00195729 0.00739284)
(-0.00182494 -0.00276725 0.00532007 -0.00276725 0.00943964 -0.00120296 0.00532007 -0.00120296 0.00852228)
(-0.00152248 -0.00322092 0.00577302 -0.00322092 0.00953007 -0.00175396 0.00577302 -0.00175396 0.00852213)
(4.80325e-06 -0.00331737 0.00549037 -0.00331737 0.00945171 -0.00195221 0.00549037 -0.00195221 0.00890126)
(0.00144196 -0.00241605 0.00430802 -0.00241605 0.00798415 -0.0028658 0.00430802 -0.0028658 0.00592242)
(0.00342713 -0.00235993 0.00366769 -0.00235993 0.0069641 -0.00297359 0.00366769 -0.00297359 0.00520384)
(0.00349136 -0.00238895 0.00357838 -0.00238895 0.0068835 -0.00299241 0.00357838 -0.00299241 0.00515396)
(0.000285109 -0.00205128 0.00457679 -0.00205128 0.0081415 -0.00252807 0.00457679 -0.00252807 0.00631707)
(-0.0001301 -0.00328469 0.00545894 -0.00328469 0.00945042 -0.00180356 0.00545894 -0.00180356 0.00903756)
(0.000818905 -0.00257022 0.00487055 -0.00257022 0.00857228 -0.0027089 0.00487055 -0.0027089 0.00683259)
(0.00277815 -0.00231118 0.00393687 -0.00231118 0.00733893 -0.00285434 0.00393687 -0.00285434 0.00560189)
(0.00534676 -0.00274146 0.00295612 -0.00274146 0.00609869 -0.00315912 0.00295612 -0.00315912 0.00529301)
(0.00349861 -0.00237948 0.0027836 -0.00237948 0.00725518 -0.0026589 0.0027836 -0.0026589 0.00558485)
(-0.000956731 -0.00141059 0.00484614 -0.00141059 0.0093473 -0.00140843 0.00484614 -0.00140843 0.00642433)
(-0.00143309 -0.00219275 0.00494028 -0.00219275 0.00960627 -0.00117209 0.00494028 -0.00117209 0.00789782)
(0.000957384 -0.00133265 0.00429251 -0.00133265 0.00911303 -0.00134396 0.00429251 -0.00134396 0.0062074)
(-0.000744344 -0.00264701 0.00572625 -0.00264701 0.00994052 -0.00183722 0.00572625 -0.00183722 0.008303)
(-0.000363143 -0.00254898 0.00557106 -0.00254898 0.00967799 -0.00187937 0.00557106 -0.00187937 0.00789635)
(0.000839098 -0.00240923 0.00553396 -0.00240923 0.00979373 -0.00182597 0.00553396 -0.00182597 0.00760269)
(0.00247571 -0.00181567 0.00517553 -0.00181567 0.00878445 -0.00291228 0.00517553 -0.00291228 0.00670224)
(0.00203626 -0.00146049 0.00553348 -0.00146049 0.00802648 -0.00303804 0.00553348 -0.00303804 0.00681389)
(0.00486143 -0.00128023 0.00358682 -0.00128023 0.00570545 -0.00373131 0.00358682 -0.00373131 0.00737208)
(0.0044028 0.000346022 0.00630278 0.000346022 0.00850849 -0.00195278 0.00630278 -0.00195278 0.00778627)
(0.00605901 0.00011042 0.00424439 0.00011042 0.00874879 -0.00143285 0.00424439 -0.00143285 0.00449969)
(0.00193791 -0.000525255 0.00496425 -0.000525255 0.0083342 -0.00179492 0.00496425 -0.00179492 0.0056196)
(0.00371694 -0.000956811 0.00496678 -0.000956811 0.00735854 -0.00333545 0.00496678 -0.00333545 0.00623215)
(0.00806095 0.00204546 0.00587444 0.00204546 0.00606783 -0.00158146 0.00587444 -0.00158146 0.0068825)
(0.00492341 -0.000484082 0.00531733 -0.000484082 0.00899649 -0.00170957 0.00531733 -0.00170957 0.0064198)
(0.00126071 -0.000565115 0.00535629 -0.000565115 0.00885805 -0.00186432 0.00535629 -0.00186432 0.00708067)
(0.00105641 -0.00140201 0.00518346 -0.00140201 0.00903241 -0.0018716 0.00518346 -0.0018716 0.00658553)
(0.00261241 0.000205178 0.00409432 0.000205178 0.00396419 -0.0042456 0.00409432 -0.0042456 0.00615191)
(0.000574884 -4.32413e-05 0.00579748 -4.32413e-05 0.00875916 -0.00206932 0.00579748 -0.00206932 0.00768634)
(-5.46713e-05 -0.00227687 0.00548731 -0.00227687 0.00944657 -0.00224901 0.00548731 -0.00224901 0.00764734)
(0.00275734 -0.00166161 0.00412272 -0.00166161 0.00693443 -0.0036417 0.00412272 -0.0036417 0.00626905)
(0.00404395 -0.00183247 0.00505831 -0.00183247 0.00912598 -0.00223686 0.00505831 -0.00223686 0.00871876)
(0.0110197 -0.00141518 0.0034064 -0.00141518 0.00945062 -0.00101701 0.0034064 -0.00101701 0.00633993)
(0.00208937 -0.00249473 0.00562318 -0.00249473 0.00996555 -0.00234747 0.00562318 -0.00234747 0.00771004)
(0.00274264 -0.000442795 0.00445628 -0.000442795 0.00640743 -0.00373566 0.00445628 -0.00373566 0.00604241)
(0.000994579 -0.000701904 0.00696155 -0.000701904 0.0082915 -0.00276441 0.00696155 -0.00276441 0.00837316)
(-0.00126972 -0.00194504 0.00549346 -0.00194504 0.00903163 -0.00250103 0.00549346 -0.00250103 0.00849062)
(-0.000171865 -0.00161648 0.00586082 -0.00161648 0.00897846 -0.00275564 0.00586082 -0.00275564 0.00895985)
(0.00278454 0.000231202 0.00341186 0.000231202 0.00901237 -0.00107015 0.00341186 -0.00107015 0.00579017)
(0.00218596 -0.000463841 0.00464723 -0.000463841 0.00868535 -0.0014599 0.00464723 -0.0014599 0.0053953)
(0.00230533 -0.00173669 0.00480329 -0.00173669 0.00945303 -0.00168407 0.00480329 -0.00168407 0.00646131)
(0.00225949 -0.000891709 0.00530676 -0.000891709 0.00802357 -0.00307907 0.00530676 -0.00307907 0.00671219)
(0.00325059 -0.00395445 0.00284408 -0.00395445 0.0086211 -0.00313167 0.00284408 -0.00313167 0.0061125)
(0.0100882 -0.00537274 -0.00118737 -0.00537274 0.00883482 -0.00336816 -0.00118737 -0.00336816 0.00579239)
(0.00295094 -0.00424209 0.00192264 -0.00424209 0.0082479 -0.0033225 0.00192264 -0.0033225 0.00672642)
(0.000809672 -0.00239157 0.00476971 -0.00239157 0.00931497 -0.0015997 0.00476971 -0.0015997 0.0085867)
(0.00310294 -0.0040549 0.0033476 -0.0040549 0.009465 -0.00284857 0.0033476 -0.00284857 0.00714061)
(0.00324847 -0.000180874 0.00465146 -0.000180874 0.00632247 -0.00364099 0.00465146 -0.00364099 0.00608731)
(0.00274358 -0.00247271 0.00428901 -0.00247271 0.00770249 -0.00322134 0.00428901 -0.00322134 0.00676739)
(0.00431299 0.000466391 0.0067974 0.000466391 0.0073363 -0.00250633 0.0067974 -0.00250633 0.00786999)
(0.00486009 0.000574053 0.00589562 0.000574053 0.00851074 -0.00175572 0.00589562 -0.00175572 0.00715261)
(0.00133661 -0.000935467 0.00373273 -0.000935467 0.00918415 -0.000882388 0.00373273 -0.000882388 0.00709263)
(0.00425259 -0.00064568 0.00292289 -0.00064568 0.00949172 -0.000815017 0.00292289 -0.000815017 0.00597992)
(0.00426749 -0.00160203 0.00404955 -0.00160203 0.0094954 -0.00106563 0.00404955 -0.00106563 0.00749266)
(0.00912604 0.00166149 0.00348076 0.00166149 0.00695636 -0.000766829 0.00348076 -0.000766829 0.00638581)
(0.0112822 -0.00346835 0.00464398 -0.00346835 0.00925772 -0.000986927 0.00464398 -0.000986927 0.00912026)
(0.00981371 -0.00453539 0.00468152 -0.00453539 0.0103616 -0.00403738 0.00468152 -0.00403738 0.00619101)
(0.00814741 -0.00402452 0.00345976 -0.00402452 0.0101058 -0.00355199 0.00345976 -0.00355199 0.00511003)
(0.000731924 -0.00269876 0.00421918 -0.00269876 0.00821908 -0.00274623 0.00421918 -0.00274623 0.0050283)
(0.0155873 0.000902775 0.00426244 0.000902775 0.00756916 0.00145038 0.00426244 0.00145038 0.00505406)
(0.0153442 -0.0037367 0.00377474 -0.0037367 0.0101438 -0.00089458 0.00377474 -0.00089458 0.00535628)
(0.0137748 -0.00363002 0.00378611 -0.00363002 0.00982412 -0.00142322 0.00378611 -0.00142322 0.00499134)
(0.00671036 -0.00375199 0.00471291 -0.00375199 0.0105989 -0.00308105 0.00471291 -0.00308105 0.00647667)
(0.011046 -0.00189698 0.00213486 -0.00189698 0.00951453 0.000651401 0.00213486 0.000651401 0.00455467)
(0.0144025 -0.00262229 0.0032213 -0.00262229 0.0102768 -0.0013317 0.0032213 -0.0013317 0.00366393)
(0.0123249 -0.00174036 0.00497811 -0.00174036 0.00912987 -0.000295304 0.00497811 -0.000295304 0.00716757)
(0.0112996 -0.00441062 0.00479236 -0.00441062 0.0104377 -0.00231305 0.00479236 -0.00231305 0.00741375)
(0.00661868 0.000466955 0.00444527 0.000466955 0.00591217 -0.00330882 0.00444527 -0.00330882 0.00613088)
(-0.000156678 -0.00272084 0.00485321 -0.00272084 0.00961256 -0.000758301 0.00485321 -0.000758301 0.00826167)
(0.00772702 -0.00488124 0.00485713 -0.00488124 0.0103155 -0.00255743 0.00485713 -0.00255743 0.006868)
(0.00528367 -0.00306148 0.00230438 -0.00306148 0.00915432 -0.00422184 0.00230438 -0.00422184 0.00519824)
(0.00202547 -0.0016702 0.00441923 -0.0016702 0.00876921 -0.000129883 0.00441923 -0.000129883 0.00759228)
(0.00862005 -0.00387488 -0.00107044 -0.00387488 0.0112317 0.000317775 -0.00107044 0.000317775 0.00978207)
(0.0105203 -0.00408371 0.00296077 -0.00408371 0.0101768 -0.00213997 0.00296077 -0.00213997 0.00583937)
(0.00580646 -0.00331713 0.00313148 -0.00331713 0.00990564 -0.00384332 0.00313148 -0.00384332 0.00522945)
(0.00731206 -0.00378727 0.00519803 -0.00378727 0.010199 -0.00188924 0.00519803 -0.00188924 0.00601084)
(0.00543527 -0.00403355 0.0053768 -0.00403355 0.0106271 -0.00240294 0.0053768 -0.00240294 0.0072418)
(0.00413028 -0.00271896 0.00501276 -0.00271896 0.0093955 -0.00151776 0.00501276 -0.00151776 0.00739014)
(0.0123956 -0.00286606 0.00447918 -0.00286606 0.0099012 -4.54746e-05 0.00447918 -4.54746e-05 0.00771763)
(0.00605078 -0.00255133 0.0047494 -0.00255133 0.0104817 -0.00158491 0.0047494 -0.00158491 0.0067373)
(0.0111999 -0.00586044 0.00396631 -0.00586044 0.0102641 -0.00169218 0.00396631 -0.00169218 0.00872294)
(0.0140373 8.39466e-05 0.00519401 8.39466e-05 0.00802556 -0.00282285 0.00519401 -0.00282285 0.00584367)
(0.00200475 -0.00251959 0.00327627 -0.00251959 0.00901791 -0.00435694 0.00327627 -0.00435694 0.0057453)
(0.00262962 -0.00439174 0.0037892 -0.00439174 0.00941857 -0.002873 0.0037892 -0.002873 0.00587501)
(0.00297729 -0.000820324 0.00331156 -0.000820324 0.00727589 -0.00209783 0.00331156 -0.00209783 0.00505118)
(0.0106427 0.0011546 0.00359752 0.0011546 0.00775978 -0.000925157 0.00359752 -0.000925157 0.00693737)
(0.00823283 -0.00464821 0.00170924 -0.00464821 0.00997557 -0.00460535 0.00170924 -0.00460535 0.00492009)
(0.0131271 -0.00465455 0.00129866 -0.00465455 0.0102229 -0.00408276 0.00129866 -0.00408276 0.00483949)
(0.00145633 -0.00361144 0.00452463 -0.00361144 0.00915698 -0.0026181 0.00452463 -0.0026181 0.00563533)
(0.00485472 -0.00124766 0.00353313 -0.00124766 0.00962749 -0.00103063 0.00353313 -0.00103063 0.00448454)
(0.00798387 -0.00236739 0.00433516 -0.00236739 0.00947585 -9.17818e-06 0.00433516 -9.17818e-06 0.0072329)
(0.00804119 -0.000975215 0.00499131 -0.000975215 0.00889676 -0.000412481 0.00499131 -0.000412481 0.00712826)
(0.0164325 -0.00106787 0.00274198 -0.00106787 0.00778835 0.00187339 0.00274198 0.00187339 0.00940765)
(0.00931738 0.000660834 0.00468088 0.000660834 0.00685623 0.000331401 0.00468088 0.000331401 0.00736003)
(0.0118523 -0.00391198 -0.00464012 -0.00391198 0.0114157 -0.00247732 -0.00464012 -0.00247732 0.00911392)
(0.00987209 -0.00377143 -0.00245257 -0.00377143 0.0076738 0.00105685 -0.00245257 0.00105685 0.00740143)
(0.0259102 -0.00196526 0.0023117 -0.00196526 0.00830016 -0.0032418 0.0023117 -0.0032418 0.00674859)
(0.0268517 -0.0033264 0.00154606 -0.0033264 0.00850553 -0.00185932 0.00154606 -0.00185932 0.00959924)
(0.0161458 -0.00329338 0.000612566 -0.00329338 0.00903815 -0.00244947 0.000612566 -0.00244947 0.00962183)
(0.0145017 -0.00265132 -0.000565791 -0.00265132 0.0118047 -0.00312046 -0.000565791 -0.00312046 0.0100856)
(0.00978112 0.000539027 -0.000273351 0.000539027 0.00763433 -0.00191458 -0.000273351 -0.00191458 0.00474398)
(0.0210237 -0.00269828 0.00432691 -0.00269828 0.00904096 -0.0019213 0.00432691 -0.0019213 0.00861904)
(0.020988 -0.00344543 0.00346031 -0.00344543 0.00914944 -0.00257037 0.00346031 -0.00257037 0.00765594)
(0.00782418 -2.57231e-05 0.00318437 -2.57231e-05 0.00866541 -0.000818807 0.00318437 -0.000818807 0.00588507)
(0.014718 0.000819949 0.00486942 0.000819949 0.0084975 -0.00200785 0.00486942 -0.00200785 0.005361)
(0.0154501 -0.00235541 0.00288276 -0.00235541 0.00905356 -0.00151416 0.00288276 -0.00151416 0.00942497)
(0.0164084 -0.00236077 -0.000562143 -0.00236077 0.00837008 -0.000716416 -0.000562143 -0.000716416 0.00835705)
(0.0131282 0.0018482 0.00290693 0.0018482 0.00587828 0.00181926 0.00290693 0.00181926 0.0109227)
(0.00622894 -0.00217808 0.00466669 -0.00217808 0.0102281 -0.00184764 0.00466669 -0.00184764 0.00702741)
(0.0172647 -0.000988626 0.00400541 -0.000988626 0.0084931 -0.00299387 0.00400541 -0.00299387 0.00679577)
(0.0153767 -0.00238256 0.00110313 -0.00238256 0.00267135 -0.00213057 0.00110313 -0.00213057 0.0100449)
(0.00139315 -0.00120632 0.00572923 -0.00120632 0.00907571 -0.00237966 0.00572923 -0.00237966 0.00832377)
(0.0124224 -0.00298844 -0.00204951 -0.00298844 0.0108779 -0.00299104 -0.00204951 -0.00299104 0.00721083)
(0.00624895 -0.00249586 -0.000238093 -0.00249586 0.00617482 -0.00334139 -0.000238093 -0.00334139 0.00437929)
(0.0195009 -0.00336808 0.00126787 -0.00336808 0.00864447 -0.00233687 0.00126787 -0.00233687 0.00795382)
(0.0144689 -0.00196072 0.0018077 -0.00196072 0.00764219 -0.00348249 0.0018077 -0.00348249 0.00872189)
(0.0177478 -0.00240512 0.00139461 -0.00240512 0.00843742 -0.00243 0.00139461 -0.00243 0.00770498)
(0.00965885 -0.00340132 0.00268704 -0.00340132 0.00969808 -0.00259732 0.00268704 -0.00259732 0.00649653)
(0.015916 -0.00023964 0.00131069 -0.00023964 0.0084837 -0.00129947 0.00131069 -0.00129947 0.00845408)
(0.00853847 -0.00177333 0.00149264 -0.00177333 0.00845173 -0.00164253 0.00149264 -0.00164253 0.00744127)
(0.00324591 -0.00137291 0.000781734 -0.00137291 0.00649534 -0.00108023 0.000781734 -0.00108023 0.00247524)
(0.020075 -0.00394395 0.000518018 -0.00394395 0.00938019 -0.0012548 0.000518018 -0.0012548 0.0109264)
(0.00233535 -0.000590542 0.00417152 -0.000590542 0.00789425 -0.00370076 0.00417152 -0.00370076 0.00579978)
(0.00184495 -0.00229808 0.00409291 -0.00229808 0.00985874 -0.00337835 0.00409291 -0.00337835 0.00623431)
(0.00436402 -0.00356151 0.00292902 -0.00356151 0.00949117 -0.00268141 0.00292902 -0.00268141 0.00728073)
(0.0109001 -0.00116967 -0.00013607 -0.00116967 0.0081359 -0.00357005 -0.00013607 -0.00357005 0.0073195)
(0.0161102 -0.00150431 0.00212632 -0.00150431 0.00828791 -0.00354813 0.00212632 -0.00354813 0.00602542)
(0.0205187 -0.00188592 0.000380412 -0.00188592 0.00719842 -0.00342153 0.000380412 -0.00342153 0.0062762)
(0.00929676 -0.00109278 -0.00147452 -0.00109278 0.00442477 -0.00370384 -0.00147452 -0.00370384 0.00846804)
(0.00288501 -0.00256303 0.0038538 -0.00256303 0.00930547 -0.00205248 0.0038538 -0.00205248 0.00841948)
(0.00826836 -0.00102979 0.00377819 -0.00102979 0.00973969 -0.00138887 0.00377819 -0.00138887 0.00572657)
(0.012485 -0.00175009 0.00152093 -0.00175009 0.00873255 -0.00155841 0.00152093 -0.00155841 0.00785604)
(0.0220573 -0.00516253 -0.00659254 -0.00516253 0.00771588 0.000821877 -0.00659254 0.000821877 0.00804515)
(0.0148493 -0.0026263 0.00263937 -0.0026263 0.00938145 -0.00108303 0.00263937 -0.00108303 0.00903543)
(0.00615081 0.00192262 0.000827439 0.00192262 0.00523262 0.000877545 0.000827439 0.000877545 0.00210434)
(0.0070929 -0.00321664 0.000516394 -0.00321664 0.0100794 0.000838477 0.000516394 0.000838477 0.00764863)
(0.00950836 -0.00484748 0.00297169 -0.00484748 0.00704196 -0.00421705 0.00297169 -0.00421705 0.00964617)
(0.0108633 -0.00428849 0.00335511 -0.00428849 0.00687964 -0.00391455 0.00335511 -0.00391455 0.00721913)
(0.00732158 -0.00283966 0.000621552 -0.00283966 0.00720529 -0.000732426 0.000621552 -0.000732426 0.00847349)
(0.0162434 -0.00139256 0.00256675 -0.00139256 0.00851493 0.00195238 0.00256675 0.00195238 0.0058102)
(0.0179559 -0.0051116 -0.000340329 -0.0051116 0.00813426 0.00144512 -0.000340329 0.00144512 0.00825603)
(0.0126638 -0.00385702 0.00342923 -0.00385702 0.0092236 -0.00100162 0.00342923 -0.00100162 0.00820821)
(0.0174105 -0.0044776 0.00108803 -0.0044776 0.00986236 -0.00454484 0.00108803 -0.00454484 0.00507686)
(0.017484 -0.00251129 0.00305493 -0.00251129 0.00940992 0.00100633 0.00305493 0.00100633 0.00800496)
(0.00853786 -0.00130626 0.00388336 -0.00130626 0.00788792 -0.000809648 0.00388336 -0.000809648 0.0054414)
(0.0124155 -0.00155547 0.00303055 -0.00155547 0.00934393 -0.00285559 0.00303055 -0.00285559 0.00459314)
(0.00778294 -0.00421778 -0.00249995 -0.00421778 0.0104716 -0.000871741 -0.00249995 -0.000871741 0.00711258)
(0.00649511 -0.00111189 -0.00134834 -0.00111189 0.00799378 0.00155642 -0.00134834 0.00155642 0.00575296)
(0.0101618 -0.00228628 0.00374274 -0.00228628 0.00862543 -0.000725707 0.00374274 -0.000725707 0.00565464)
(0.0125541 -0.000917763 0.00504645 -0.000917763 0.00893284 -0.00284331 0.00504645 -0.00284331 0.00559148)
(0.0093432 -0.00449482 -0.000131838 -0.00449482 0.00941834 -0.00408431 -0.000131838 -0.00408431 0.00451606)
(0.016779 -0.00239014 0.00332903 -0.00239014 0.0100564 -0.00109815 0.00332903 -0.00109815 0.0043294)
(0.0103532 -0.00116277 0.00327548 -0.00116277 0.0097299 -0.000732653 0.00327548 -0.000732653 0.00438059)
(0.00799687 -0.00328316 0.00133309 -0.00328316 0.00949937 -0.000693431 0.00133309 -0.000693431 0.00809462)
(0.0133922 -0.0064067 -0.00189588 -0.0064067 0.00854647 -0.0029946 -0.00189588 -0.0029946 0.00822632)
(0.00844617 -0.00477665 -0.00163541 -0.00477665 0.00802202 -0.00304229 -0.00163541 -0.00304229 0.00579199)
(0.00495074 -0.002378 0.000479525 -0.002378 0.00708573 -0.00147418 0.000479525 -0.00147418 0.00580059)
(0.0120033 -0.00112886 0.00208511 -0.00112886 0.00898376 -0.00354535 0.00208511 -0.00354535 0.00523163)
(0.00984741 -0.00243995 0.0029831 -0.00243995 0.00843443 -0.000671893 0.0029831 -0.000671893 0.00461418)
(0.00798333 -0.00452196 -0.0010228 -0.00452196 0.0111004 -0.000467988 -0.0010228 -0.000467988 0.00688121)
(0.00469464 -0.00193171 0.00248553 -0.00193171 0.00764303 -0.00130649 0.00248553 -0.00130649 0.00486557)
(0.0120841 -0.00185357 0.00089067 -0.00185357 0.00883599 0.00213413 0.00089067 0.00213413 0.0052549)
(0.00727877 -0.000137398 0.00420026 -0.000137398 0.00787565 -0.00251345 0.00420026 -0.00251345 0.00551682)
(0.0156125 -0.00137331 0.00513404 -0.00137331 0.00883588 -0.00343814 0.00513404 -0.00343814 0.00634173)
(0.019903 -0.00188578 0.0039097 -0.00188578 0.0104887 -0.000339347 0.0039097 -0.000339347 0.00533754)
(0.00835493 -0.000853461 0.00231688 -0.000853461 0.00802098 -0.00163756 0.00231688 -0.00163756 0.00561158)
(0.0107685 -0.00532377 -0.000395459 -0.00532377 0.00869553 -0.00344469 -0.000395459 -0.00344469 0.00547428)
(0.0155526 -0.0068242 4.90379e-05 -0.0068242 0.0103543 -0.00337132 4.90379e-05 -0.00337132 0.00532692)
(0.00988812 -0.00569344 0.000453904 -0.00569344 0.0110389 0.000757369 0.000453904 0.000757369 0.00596664)
(0.0118642 0.00279022 0.00442388 0.00279022 0.00657521 0.0007576 0.00442388 0.0007576 0.00639109)
(0.0138178 -0.00253111 0.00224191 -0.00253111 0.00941987 -0.000456063 0.00224191 -0.000456063 0.00440428)
(0.0111539 -0.00249798 0.00183444 -0.00249798 0.00817517 0.00155245 0.00183444 0.00155245 0.00727505)
(0.0118105 0.00177277 0.00352318 0.00177277 0.00601362 0.0010231 0.00352318 0.0010231 0.00744445)
(0.0116111 -0.00122659 0.0048661 -0.00122659 0.00860926 -0.000965178 0.0048661 -0.000965178 0.00846657)
(0.0125576 -0.00521646 0.00242765 -0.00521646 0.00947985 -0.00294583 0.00242765 -0.00294583 0.0070429)
(0.0097669 -0.0029523 -0.00146024 -0.0029523 0.010909 -0.00276099 -0.00146024 -0.00276099 0.0082366)
(0.0176928 -0.00391658 0.0026805 -0.00391658 0.00991566 0.000953582 0.0026805 0.000953582 0.00781304)
(0.017696 -0.00252997 0.00285876 -0.00252997 0.00632025 -0.00193428 0.00285876 -0.00193428 0.0064725)
(0.00296039 -0.00240328 0.0042653 -0.00240328 0.00888753 -0.00265824 0.0042653 -0.00265824 0.00659892)
(0.000817197 -0.00145381 0.00450219 -0.00145381 0.00888913 -0.000658929 0.00450219 -0.000658929 0.00792863)
(0.0137598 -0.00206208 0.0018956 -0.00206208 0.00673725 0.00121879 0.0018956 0.00121879 0.00634863)
(0.0145368 -0.00422082 -0.00277131 -0.00422082 0.00785439 0.000467704 -0.00277131 0.000467704 0.00614149)
(0.0223535 -0.00145306 0.00421989 -0.00145306 0.00873566 -0.00300917 0.00421989 -0.00300917 0.00684679)
(0.0218113 -0.00260265 3.06517e-05 -0.00260265 0.00876492 0.00184698 3.06517e-05 0.00184698 0.00979627)
(0.0148973 -0.000483112 0.000894409 -0.000483112 0.00697444 -0.000262675 0.000894409 -0.000262675 0.00528509)
(0.00971747 -0.0047612 -8.48882e-05 -0.0047612 0.00889383 -0.00365399 -8.48882e-05 -0.00365399 0.00442825)
(0.0190697 -0.000617556 0.00218066 -0.000617556 0.0101955 -0.000957024 0.00218066 -0.000957024 0.00760341)
(0.012112 -0.0014377 0.00420038 -0.0014377 0.00901176 -0.00192396 0.00420038 -0.00192396 0.00968468)
(0.00579071 -0.00272209 0.000775663 -0.00272209 0.00960703 0.000322279 0.000775663 0.000322279 0.00559993)
(0.0135111 -0.00379811 0.00337705 -0.00379811 0.00882762 -0.0030298 0.00337705 -0.0030298 0.00693406)
(0.0065167 0.000517699 0.00505185 0.000517699 0.00742862 -0.00292967 0.00505185 -0.00292967 0.00556102)
(0.0172314 -0.00231403 0.00323169 -0.00231403 0.00900791 -0.0015706 0.00323169 -0.0015706 0.00559763)
(0.012627 -0.00279138 0.00447507 -0.00279138 0.00956168 -0.00226287 0.00447507 -0.00226287 0.0072837)
(0.0152943 -0.0046619 -0.00118309 -0.0046619 0.0116143 -0.000526252 -0.00118309 -0.000526252 0.00868285)
(0.0175695 -0.00412417 0.00209566 -0.00412417 0.0108186 -7.43018e-05 0.00209566 -7.43018e-05 0.00974879)
(0.00523956 -0.000464019 -0.000214624 -0.000464019 0.00191377 -0.00141602 -0.000214624 -0.00141602 0.00664269)
(0.00753894 -0.00224507 -0.00100918 -0.00224507 0.0073133 -0.00276774 -0.00100918 -0.00276774 0.00568931)
(0.0114786 -0.005321 -0.00168926 -0.005321 0.00905157 -0.00294204 -0.00168926 -0.00294204 0.00523259)
(0.0125636 -0.000219185 0.00234906 -0.000219185 0.00642344 -0.00198318 0.00234906 -0.00198318 0.00752214)
(0.0118714 -0.00199869 0.00154593 -0.00199869 0.0112183 -0.00172199 0.00154593 -0.00172199 0.00736237)
(0.0117401 -0.00159422 0.00355477 -0.00159422 0.00769409 -0.00141283 0.00355477 -0.00141283 0.00943888)
(0.0115675 -0.00158465 -0.000270398 -0.00158465 0.0066526 -0.00231319 -0.000270398 -0.00231319 0.00777203)
(0.0111799 -0.00120589 0.00311713 -0.00120589 0.00888214 -0.00332352 0.00311713 -0.00332352 0.00554998)
(0.0211651 -0.00109631 0.00241773 -0.00109631 0.00674164 -0.00307892 0.00241773 -0.00307892 0.00853745)
(0.0105435 -0.00225447 0.00104716 -0.00225447 0.00703087 0.00181808 0.00104716 0.00181808 0.00837333)
(0.000960735 -0.00234372 -0.000363011 -0.00234372 0.00836751 -0.000773302 -0.000363011 -0.000773302 0.00987496)
(0.00876802 -0.000738469 0.00122664 -0.000738469 0.00762762 -0.00219742 0.00122664 -0.00219742 0.00364661)
(0.0212301 -0.00462331 0.00116273 -0.00462331 0.00872434 -0.00293031 0.00116273 -0.00293031 0.00560013)
(0.0144561 0.00257675 0.00129093 0.00257675 0.00556329 0.00412646 0.00129093 0.00412646 0.00661659)
(0.00799274 -0.00469575 -0.00337435 -0.00469575 0.0115143 -0.00290987 -0.00337435 -0.00290987 0.00841096)
(0.0129981 -0.00438177 -0.00628195 -0.00438177 0.0116362 -0.00189065 -0.00628195 -0.00189065 0.010581)
(0.0103913 -0.00330788 -0.0015283 -0.00330788 0.0114729 -0.00108822 -0.0015283 -0.00108822 0.00767782)
(0.0134533 0.000337641 0.00250516 0.000337641 0.00689764 0.00171398 0.00250516 0.00171398 0.00786983)
(0.00870021 0.00251575 0.0017207 0.00251575 0.00548196 -0.000196239 0.0017207 -0.000196239 0.00454511)
(0.0139092 -0.00172619 0.000724463 -0.00172619 0.010583 -0.000802442 0.000724463 -0.000802442 0.00761357)
(0.00474167 -8.27359e-05 0.000216754 -8.27359e-05 0.00518324 -0.000430706 0.000216754 -0.000430706 0.00581154)
(0.0130216 -0.00551705 -0.00151543 -0.00551705 0.011239 0.00058533 -0.00151543 0.00058533 0.00886666)
(0.0123496 -0.0014126 0.000560377 -0.0014126 0.00642396 -0.00219877 0.000560377 -0.00219877 0.00789682)
(0.000707402 -0.00267831 0.00537381 -0.00267831 0.00986568 -0.00200021 0.00537381 -0.00200021 0.00744885)
(0.00643658 -0.00363771 0.00533117 -0.00363771 0.0104053 -0.00205887 0.00533117 -0.00205887 0.00868083)
(0.0161798 -0.00356069 0.0027348 -0.00356069 0.00930212 -0.0010213 0.0027348 -0.0010213 0.00642072)
(0.0124641 -0.00367301 -0.00188629 -0.00367301 0.00787887 4.38783e-05 -0.00188629 4.38783e-05 0.00744773)
(0.0104073 -0.00255246 0.00198684 -0.00255246 0.0082675 -0.0011394 0.00198684 -0.0011394 0.00502281)
(0.0188805 -0.00204187 0.00197895 -0.00204187 0.00864284 0.00133945 0.00197895 0.00133945 0.00970804)
(0.0139368 -0.0017615 0.00179958 -0.0017615 0.00788787 0.000578889 0.00179958 0.000578889 0.00744502)
(0.00915384 -0.00250345 8.79932e-05 -0.00250345 0.00734871 0.0011609 8.79932e-05 0.0011609 0.00473928)
(0.010427 -0.00166776 -0.000895195 -0.00166776 0.00785368 -0.000465046 -0.000895195 -0.000465046 0.00337293)
(0.0123972 -0.00348585 0.00364426 -0.00348585 0.00993684 -0.00182204 0.00364426 -0.00182204 0.00692695)
(0.00873184 -0.00538561 -0.00298239 -0.00538561 0.0118587 -0.000683045 -0.00298239 -0.000683045 0.00859947)
(0.00449719 -0.00409935 0.000121845 -0.00409935 0.00951377 0.000692792 0.000121845 0.000692792 0.00427567)
(0.0133619 -0.00332474 0.00370856 -0.00332474 0.0094111 -0.00316718 0.00370856 -0.00316718 0.00582321)
(0.011088 -0.00346667 -0.00130794 -0.00346667 0.010986 -0.00084208 -0.00130794 -0.00084208 0.00800091)
(0.00657468 0.000729185 0.000744749 0.000729185 0.00671878 -0.000156922 0.000744749 -0.000156922 0.00324258)
(0.00460829 8.90195e-05 -0.000657081 8.90195e-05 0.00320327 -0.00197717 -0.000657081 -0.00197717 0.00376457)
(0.0116193 -0.00530834 -0.0012177 -0.00530834 0.0117161 0.000206169 -0.0012177 0.000206169 0.00815601)
(0.0086945 -0.00099393 -0.00151034 -0.00099393 0.00813258 -0.00345749 -0.00151034 -0.00345749 0.0057507)
(0.0107012 -0.000353678 0.00163404 -0.000353678 0.00821321 -0.00174005 0.00163404 -0.00174005 0.00655962)
(0.00880851 -0.00474343 0.00126714 -0.00474343 0.00938717 -0.00282452 0.00126714 -0.00282452 0.00590353)
(0.00317249 -0.00050306 -0.000161869 -0.00050306 0.00328383 0.00167976 -0.000161869 0.00167976 0.00427999)
(0.0082869 -0.000177359 2.99616e-05 -0.000177359 0.00699044 0.00163315 2.99616e-05 0.00163315 0.00418263)
(0.00525004 -0.000135011 0.0015777 -0.000135011 0.0066085 0.000515489 0.0015777 0.000515489 0.00406784)
(0.0127136 -0.00334336 0.00117272 -0.00334336 0.00896423 -0.00281082 0.00117272 -0.00281082 0.00646981)
(0.00693001 -0.00208774 0.00206626 -0.00208774 0.00704819 -0.0015932 0.00206626 -0.0015932 0.00844392)
(0.0127802 -0.00267521 0.0036546 -0.00267521 0.00415896 -0.00283817 0.0036546 -0.00283817 0.0104006)
(0.00875617 -0.00201737 0.000799928 -0.00201737 0.00698811 -0.00256964 0.000799928 -0.00256964 0.00779755)
(0.0173716 -0.00245366 0.00311727 -0.00245366 0.0100867 0.00138254 0.00311727 0.00138254 0.00680442)
(0.0113561 -0.00213068 -0.000471026 -0.00213068 0.0082075 -0.00180683 -0.000471026 -0.00180683 0.00509028)
(0.0186218 -0.00656655 -0.000500164 -0.00656655 0.00935755 -0.00330056 -0.000500164 -0.00330056 0.00511932)
(0.00717178 0.000478061 0.00416778 0.000478061 0.00557561 -0.00359393 0.00416778 -0.00359393 0.00559072)
(0.0160606 -0.000666157 0.000450516 -0.000666157 0.011498 -0.00172121 0.000450516 -0.00172121 0.00738866)
(0.0161812 -0.003487 -0.000219023 -0.003487 0.00713253 0.00246444 -0.000219023 0.00246444 0.00752182)
(0.00920299 -0.00390712 -0.0024869 -0.00390712 0.0117584 -0.00138208 -0.0024869 -0.00138208 0.00780004)
(0.00868989 -0.00249865 -0.000765891 -0.00249865 0.00997726 -6.36205e-05 -0.000765891 -6.36205e-05 0.0109537)
(0.00847427 -0.00419312 -0.0032884 -0.00419312 0.0109208 -0.000953129 -0.0032884 -0.000953129 0.0077204)
(0.0152971 -0.000635704 0.00283269 -0.000635704 0.0105583 -0.000760458 0.00283269 -0.000760458 0.00699593)
(0.0133949 -0.00321686 0.00215175 -0.00321686 0.00839857 -0.000711903 0.00215175 -0.000711903 0.00586586)
(0.0190062 -0.00385301 -0.000360823 -0.00385301 0.00804934 0.000915066 -0.000360823 0.000915066 0.00623768)
(0.00805343 -0.00273249 -0.000829772 -0.00273249 0.0077057 0.00230335 -0.000829772 0.00230335 0.00467766)
(0.00987722 -0.00171301 0.00295506 -0.00171301 0.0098474 -0.00309202 0.00295506 -0.00309202 0.00480249)
(0.00714418 -0.00458464 0.000243094 -0.00458464 0.00883286 -0.00353463 0.000243094 -0.00353463 0.00458737)
(0.0140104 -0.000181901 0.00412614 -0.000181901 0.00711594 -0.000591367 0.00412614 -0.000591367 0.0072207)
(0.00649343 0.00141561 0.000896273 0.00141561 0.00380626 0.000292237 0.000896273 0.000292237 0.00608617)
(0.0128062 0.00196061 0.00260045 0.00196061 0.00664667 0.000599025 0.00260045 0.000599025 0.00657805)
(0.0166597 -0.000553618 0.00158758 -0.000553618 0.0075242 0.00159475 0.00158758 0.00159475 0.00889621)
(0.0139393 -0.00274269 0.000542201 -0.00274269 0.00798716 -0.000806041 0.000542201 -0.000806041 0.00758242)
(0.00793867 -0.000121752 -0.000683711 -0.000121752 0.00511697 0.00183055 -0.000683711 0.00183055 0.00529953)
(0.0199876 -0.00298946 0.00242374 -0.00298946 0.0086365 -0.000701134 0.00242374 -0.000701134 0.00632645)
(0.010656 -0.0015021 0.00083879 -0.0015021 0.00779668 -0.000338383 0.00083879 -0.000338383 0.00480445)
(0.0146337 -0.00141571 0.00313702 -0.00141571 0.010189 0.00035737 0.00313702 0.00035737 0.00653174)
(0.00714492 -0.00546654 -0.00184258 -0.00546654 0.0113231 -0.000334362 -0.00184258 -0.000334362 0.00755393)
(0.00470876 0.000825089 0.00104591 0.000825089 0.00520193 -0.000346851 0.00104591 -0.000346851 0.00271387)
(0.0154539 -0.003933 -0.00299456 -0.003933 0.0113195 8.37641e-05 -0.00299456 8.37641e-05 0.010584)
(0.00936448 0.000759404 0.00244541 0.000759404 0.00730964 -0.000493822 0.00244541 -0.000493822 0.00588054)
(0.00958185 -0.00143146 0.0019614 -0.00143146 0.00713835 -0.00209129 0.0019614 -0.00209129 0.00653581)
(0.00840642 -0.00118374 -0.000957599 -0.00118374 0.00594967 -0.00231937 -0.000957599 -0.00231937 0.00364169)
(0.0101425 0.000330286 -0.00179268 0.000330286 0.0076598 -0.0029454 -0.00179268 -0.0029454 0.00493159)
(0.00799846 0.00020162 -0.00130863 0.00020162 0.00757574 -0.002939 -0.00130863 -0.002939 0.00507659)
(0.00845865 -0.00417378 0.000439567 -0.00417378 0.00890214 -0.00273465 0.000439567 -0.00273465 0.0065232)
(0.0148306 -0.00257822 0.00206243 -0.00257822 0.0102557 -0.00040013 0.00206243 -0.00040013 0.00827158)
(0.0102218 -0.0017493 0.00104029 -0.0017493 0.00842191 0.000609523 0.00104029 0.000609523 0.00420013)
(0.00315216 -0.00485126 -0.000915711 -0.00485126 0.009981 2.40095e-05 -0.000915711 2.40095e-05 0.00540703)
(0.0105041 -0.00498316 -0.00169941 -0.00498316 0.0085433 -0.00326628 -0.00169941 -0.00326628 0.00473548)
(0.0103864 -0.00260259 0.00207618 -0.00260259 0.0083954 -0.000410577 0.00207618 -0.000410577 0.00892172)
(0.00853677 -0.000425187 0.00334077 -0.000425187 0.00363545 -0.000982177 0.00334077 -0.000982177 0.0113634)
(0.0202686 -0.000856494 0.00424021 -0.000856494 0.00802966 -0.00201019 0.00424021 -0.00201019 0.00888042)
(0.0119197 0.000693329 0.0010228 0.000693329 0.00765376 0.00268026 0.0010228 0.00268026 0.00501899)
(0.00456066 -0.000651215 -0.000918071 -0.000651215 0.00716049 -0.00283844 -0.000918071 -0.00283844 0.00387469)
(0.00826747 -0.000985673 0.000721671 -0.000985673 0.00640346 -0.000916586 0.000721671 -0.000916586 0.00260573)
(0.0260483 -0.00154247 0.00250028 -0.00154247 0.00824753 -0.00372147 0.00250028 -0.00372147 0.00647662)
(0.00811683 -0.00124709 0.0023065 -0.00124709 0.00468571 -0.00035438 0.0023065 -0.00035438 0.00251767)
(0.0149816 0.00125138 0.00174269 0.00125138 0.00550214 0.00357595 0.00174269 0.00357595 0.00891227)
(0.0144512 -0.00277753 0.00199198 -0.00277753 0.00845125 0.000944706 0.00199198 0.000944706 0.00678814)
(0.00732578 0.00203946 0.000926495 0.00203946 0.00632035 0.00147887 0.000926495 0.00147887 0.00558758)
(0.0165785 -0.000244595 0.00308195 -0.000244595 0.0100004 -0.000204746 0.00308195 -0.000204746 0.00603128)
(0.00703923 -0.000812962 0.0014311 -0.000812962 0.00709298 -0.00127575 0.0014311 -0.00127575 0.00518498)
(0.0081446 0.000462127 0.00140483 0.000462127 0.00628245 0.00103064 0.00140483 0.00103064 0.00533614)
(0.0205854 -0.0050604 0.00168001 -0.0050604 0.00914715 -0.000540537 0.00168001 -0.000540537 0.00933204)
(0.00841382 -0.00150533 0.000763835 -0.00150533 0.00640615 4.33158e-05 0.000763835 4.33158e-05 0.00192849)
(0.00739841 -0.00375884 0.000807285 -0.00375884 0.00900123 -0.00248682 0.000807285 -0.00248682 0.00544671)
(0.00931948 -0.00129944 0.00116865 -0.00129944 0.00633055 -0.00328633 0.00116865 -0.00328633 0.0051998)
(0.00315492 0.000114739 0.00107433 0.000114739 0.00330057 0.000552944 0.00107433 0.000552944 0.00229048)
(0.00710771 0.000279632 -0.000904925 0.000279632 0.00620744 0.003079 -0.000904925 0.003079 0.00737026)
(0.0100589 0.00103375 0.00143797 0.00103375 0.00628842 0.000511959 0.00143797 0.000511959 0.00460772)
(0.00945192 -0.000424493 0.000351388 -0.000424493 0.00498824 0.00233277 0.000351388 0.00233277 0.0116626)
(0.00346433 -0.000131089 -0.00125226 -0.000131089 0.00349014 0.00179322 -0.00125226 0.00179322 0.00452561)
(0.0109164 -0.00241688 0.00107448 -0.00241688 0.0076063 0.000146793 0.00107448 0.000146793 0.00534806)
(0.0162165 -0.0034844 -0.000617315 -0.0034844 0.00768777 0.001521 -0.000617315 0.001521 0.00647408)
(0.0111329 -0.000390267 0.000839883 -0.000390267 0.00943509 -0.000369937 0.000839883 -0.000369937 0.00487477)
(0.014372 0.000902035 0.00342522 0.000902035 0.00770687 0.000153659 0.00342522 0.000153659 0.0049083)
(0.0067466 -0.00496995 -0.00076411 -0.00496995 0.0106599 0.00031448 -0.00076411 0.00031448 0.00561119)
(0.0102598 -0.00462147 -8.36169e-05 -0.00462147 0.0107589 0.000529966 -8.36169e-05 0.000529966 0.00767016)
(0.0109625 -8.3698e-05 0.00267952 -8.3698e-05 0.00791583 -0.000863584 0.00267952 -0.000863584 0.00660883)
(0.00934613 0.000475742 0.00241623 0.000475742 0.00666871 0.000858784 0.00241623 0.000858784 0.00575753)
(0.00390984 -3.62638e-05 0.00114442 -3.62638e-05 0.00240343 0.000304952 0.00114442 0.000304952 0.00238831)
(0.0153011 -0.00253887 0.0018783 -0.00253887 0.00880881 -0.00260321 0.0018783 -0.00260321 0.00593448)
(0.00477965 7.24038e-05 0.000333395 7.24038e-05 0.00620522 -0.000782454 0.000333395 -0.000782454 0.00259009)
(0.00458007 -0.000349197 -0.000914277 -0.000349197 0.00706863 -0.00273311 -0.000914277 -0.00273311 0.00409664)
(0.00758577 -0.00485887 -0.000532615 -0.00485887 0.0106024 -0.000152412 -0.000532615 -0.000152412 0.00697684)
(0.0127283 -0.00482111 -0.00355525 -0.00482111 0.0111172 -0.00154367 -0.00355525 -0.00154367 0.00956182)
(0.0147511 0.000896855 0.00369402 0.000896855 0.00751118 0.000732601 0.00369402 0.000732601 0.00668196)
(0.00639643 -0.00559139 -0.00131781 -0.00559139 0.0111272 0.000310249 -0.00131781 0.000310249 0.00644899)
(0.00206227 -0.000959016 -0.000140766 -0.000959016 0.00615195 -0.00276915 -0.000140766 -0.00276915 0.0036431)
(0.00946778 -0.00241499 0.000654127 -0.00241499 0.00868659 0.00182323 0.000654127 0.00182323 0.00591735)
(0.00840275 -0.000704755 0.00227991 -0.000704755 0.00694582 0.000956064 0.00227991 0.000956064 0.00925746)
(0.00227952 -0.000268826 0.000640178 -0.000268826 0.00154449 -0.00070049 0.000640178 -0.00070049 0.00295657)
(0.0142825 -0.000450741 0.00300605 -0.000450741 0.00880315 -0.00251381 0.00300605 -0.00251381 0.00543627)
(0.00174951 -0.000140183 -0.00129423 -0.000140183 0.00426135 0.00176143 -0.00129423 0.00176143 0.00486628)
(0.0113904 -0.000744 0.00187849 -0.000744 0.0066042 0.000949623 0.00187849 0.000949623 0.0044671)
(0.0173904 -0.00583913 0.000927247 -0.00583913 0.0100142 -0.00270912 0.000927247 -0.00270912 0.00636505)
(0.0161851 -0.000660103 0.00263208 -0.000660103 0.00813956 0.00185925 0.00263208 0.00185925 0.00674685)
(0.0142719 -8.14172e-05 -0.00101398 -8.14172e-05 0.00601747 0.00379561 -0.00101398 0.00379561 0.0100259)
(0.0110082 -0.00106199 0.00173208 -0.00106199 0.00758318 0.000539259 0.00173208 0.000539259 0.00570917)
(0.00727951 -0.000389275 0.00327172 -0.000389275 0.00743489 -0.00114164 0.00327172 -0.00114164 0.00627357)
(0.00383351 -0.00415649 0.00139139 -0.00415649 0.00856741 -0.00334548 0.00139139 -0.00334548 0.00465252)
(0.00984162 -0.00210284 0.00169647 -0.00210284 0.00812862 -0.00128592 0.00169647 -0.00128592 0.00724933)
(0.00244723 -0.00199175 0.000725996 -0.00199175 0.0063839 -0.00280362 0.000725996 -0.00280362 0.00484701)
(0.0224472 -0.00494894 -0.0010602 -0.00494894 0.0085655 0.00139196 -0.0010602 0.00139196 0.00854617)
(0.0143072 0.000561845 -0.000536455 0.000561845 0.00789615 -0.00211701 -0.000536455 -0.00211701 0.00561451)
(0.0117339 0.00326148 0.00299449 0.00326148 0.00700854 -0.000901314 0.00299449 -0.000901314 0.0059019)
(0.00153326 -0.00106813 0.00168457 -0.00106813 0.00433269 -0.00304707 0.00168457 -0.00304707 0.00593841)
(0.00185754 -3.01562e-06 0.000105849 -3.01562e-06 0.00240509 0.000398298 0.000105849 0.000398298 0.000860031)
(0.00806872 0.000629 -0.000466025 0.000629 0.00654932 0.000647792 -0.000466025 0.000647792 0.003768)
(0.00174951 -0.00121469 0.000946702 -0.00121469 0.0050043 -0.00179335 0.000946702 -0.00179335 0.00176363)
(0.0107771 -0.00015394 0.00207202 -0.00015394 0.00338995 -0.00107144 0.00207202 -0.00107144 0.0113461)
(0.0037678 0.000668711 -0.000391871 0.000668711 0.00338147 0.000413417 -0.000391871 0.000413417 0.00453034)
(0.00526676 -0.000523693 -5.56074e-05 -0.000523693 0.00574716 0.00173265 -5.56074e-05 0.00173265 0.0031643)
(0.00691414 0.000399699 -0.00220481 0.000399699 0.00187185 0.000796205 -0.00220481 0.000796205 0.00682102)
(0.0136706 -0.00082695 -0.00110285 -0.00082695 0.0069213 0.0031158 -0.00110285 0.0031158 0.00613121)
(0.0151208 -0.000261 0.00300221 -0.000261 0.00813842 0.000105879 0.00300221 0.000105879 0.00628067)
