/*--------------------------------*- C++ -*----------------------------------*\
  =========                 |
  \\      /  F ield         | OpenFOAM: The Open Source CFD Toolbox
   \\    /   O peration     | Website:  https://openfoam.org
    \\  /    A nd           | Version:  10
     \\/     M anipulation  |
\*---------------------------------------------------------------------------*/
FoamFile
{
    format      ascii;
    class       volTensorField;
    location    "45";
    object      TauNN;
}
// * * * * * * * * * * * * * * * * * * * * * * * * * * * * * * * * * * * * * //

dimensions      [0 2 -2 0 0 0 0];

internalField   nonuniform List<tensor> 
25600
(
(1.10068e-05 -0.0127876 -0.0154281 -0.0127876 2.23981e-05 -0.00812309 -0.0154281 -0.00812309 6.64143e-05)
(8.07681e-05 -0.0127944 -0.0154091 -0.0127944 2.804e-05 -0.00813246 -0.0154091 -0.00813246 7.83031e-05)
(7.49732e-05 -0.0127947 -0.015414 -0.0127947 3.20349e-05 -0.00813661 -0.015414 -0.00813661 9.68128e-05)
(-3.60796e-05 -0.0127958 -0.0154364 -0.0127958 3.57798e-05 -0.00811326 -0.0154364 -0.00811326 7.41619e-05)
(3.01339e-05 -0.0127884 -0.0154209 -0.0127884 2.44168e-05 -0.00812313 -0.0154209 -0.00812313 6.53629e-05)
(3.16527e-05 -0.0127898 -0.0154294 -0.0127898 2.47866e-05 -0.00812818 -0.0154294 -0.00812818 5.19478e-05)
(-3.21433e-05 -0.0127971 -0.0154399 -0.0127971 4.66401e-05 -0.00811934 -0.0154399 -0.00811934 6.66092e-05)
(6.31623e-05 -0.0127854 -0.0154103 -0.0127854 2.9891e-05 -0.00811988 -0.0154103 -0.00811988 8.47306e-05)
(4.67424e-06 -0.0127862 -0.0154277 -0.0127862 2.1958e-05 -0.00812336 -0.0154277 -0.00812336 6.62963e-05)
(8.02209e-06 -0.0127898 -0.0154314 -0.0127898 2.51911e-05 -0.0081203 -0.0154314 -0.0081203 7.65046e-05)
(4.76329e-05 -0.0127922 -0.0154305 -0.0127922 2.51154e-05 -0.00813309 -0.0154305 -0.00813309 3.92086e-05)
(5.99431e-05 -0.0127956 -0.0154291 -0.0127956 2.54269e-05 -0.00813311 -0.0154291 -0.00813311 3.93051e-05)
(3.6604e-05 -0.0127904 -0.0154257 -0.0127904 2.42127e-05 -0.00813319 -0.0154257 -0.00813319 4.10166e-05)
(3.96024e-06 -0.0127901 -0.0154363 -0.0127901 2.36233e-05 -0.00812599 -0.0154363 -0.00812599 4.32158e-05)
(-4.83287e-06 -0.0127983 -0.0154305 -0.0127983 4.96645e-05 -0.00810818 -0.0154305 -0.00810818 9.99998e-05)
(2.48407e-05 -0.0127879 -0.0154179 -0.0127879 2.71624e-05 -0.0081182 -0.0154179 -0.0081182 8.06194e-05)
(1.44354e-06 -0.0127968 -0.0154409 -0.0127968 3.98955e-05 -0.00812656 -0.0154409 -0.00812656 5.66024e-05)
(6.60055e-06 -0.0127915 -0.0154396 -0.0127915 3.04175e-05 -0.00812966 -0.0154396 -0.00812966 4.79756e-05)
(-1.87315e-05 -0.0127935 -0.0154345 -0.0127935 3.02358e-05 -0.00811676 -0.0154345 -0.00811676 6.78294e-05)
(3.17883e-05 -0.0127881 -0.0154251 -0.0127881 2.20584e-05 -0.00812714 -0.0154251 -0.00812714 5.97944e-05)
(4.29558e-05 -0.0127917 -0.0154348 -0.0127917 2.53009e-05 -0.00813372 -0.0154348 -0.00813372 3.96605e-05)
(-3.30869e-06 -0.0127899 -0.0154415 -0.0127899 2.97865e-05 -0.00813099 -0.0154415 -0.00813099 4.07325e-05)
(6.93466e-08 -0.0127977 -0.0154337 -0.0127977 3.49446e-05 -0.00811637 -0.0154337 -0.00811637 7.64243e-05)
(1.84172e-05 -0.012796 -0.0154238 -0.012796 3.63291e-05 -0.00811351 -0.0154238 -0.00811351 0.000107071)
(2.95644e-05 -0.0127856 -0.0154251 -0.0127856 2.53661e-05 -0.0081314 -0.0154251 -0.0081314 9.42253e-05)
(1.27037e-05 -0.0127861 -0.0154261 -0.0127861 2.20087e-05 -0.00812566 -0.0154261 -0.00812566 5.86394e-05)
(7.67997e-05 -0.0127921 -0.0154137 -0.0127921 2.64766e-05 -0.00812914 -0.0154137 -0.00812914 6.66337e-05)
(1.13894e-05 -0.0127872 -0.0154275 -0.0127872 2.25542e-05 -0.00812327 -0.0154275 -0.00812327 6.92343e-05)
(4.46995e-05 -0.0127866 -0.0154222 -0.0127866 2.78439e-05 -0.00812588 -0.0154222 -0.00812588 6.04561e-05)
(0.000105096 -0.0127913 -0.015419 -0.0127913 3.03279e-05 -0.00812807 -0.015419 -0.00812807 6.3737e-05)
(3.77411e-06 -0.0127947 -0.0154391 -0.0127947 2.49745e-05 -0.00812275 -0.0154391 -0.00812275 4.60427e-05)
(-2.6447e-05 -0.0128012 -0.0154419 -0.0128012 3.64535e-05 -0.00811737 -0.0154419 -0.00811737 5.85595e-05)
(6.4527e-05 -0.0127916 -0.0154202 -0.0127916 2.54439e-05 -0.00812718 -0.0154202 -0.00812718 5.9244e-05)
(7.55238e-05 -0.0128036 -0.0154348 -0.0128036 3.60765e-05 -0.00813641 -0.0154348 -0.00813641 3.8438e-05)
(1.98163e-05 -0.0127869 -0.0154328 -0.0127869 2.05149e-05 -0.00813037 -0.0154328 -0.00813037 3.75209e-05)
(2.72565e-05 -0.0127852 -0.0154271 -0.0127852 2.10536e-05 -0.00813073 -0.0154271 -0.00813073 4.97502e-05)
(2.07976e-05 -0.0127862 -0.0154308 -0.0127862 1.98672e-05 -0.00813083 -0.0154308 -0.00813083 3.49564e-05)
(-1.9106e-05 -0.0127963 -0.015436 -0.0127963 3.76244e-05 -0.00811638 -0.015436 -0.00811638 6.76222e-05)
(4.49332e-05 -0.0127917 -0.0154175 -0.0127917 3.28598e-05 -0.00811553 -0.0154175 -0.00811553 8.88459e-05)
(2.45703e-05 -0.0127894 -0.0154219 -0.0127894 2.4964e-05 -0.00812007 -0.0154219 -0.00812007 8.26327e-05)
(5.97599e-06 -0.0127926 -0.0154291 -0.0127926 2.86398e-05 -0.00811571 -0.0154291 -0.00811571 8.30185e-05)
(3.67336e-06 -0.0127936 -0.0154371 -0.0127936 2.74752e-05 -0.00812351 -0.0154371 -0.00812351 5.12712e-05)
(9.65474e-05 -0.012811 -0.0154277 -0.012811 4.32112e-05 -0.00813864 -0.0154277 -0.00813864 3.87988e-05)
(5.65486e-05 -0.0127934 -0.015423 -0.0127934 2.63872e-05 -0.00813368 -0.015423 -0.00813368 5.2613e-05)
(1.64021e-05 -0.0127867 -0.0154367 -0.0127867 1.97902e-05 -0.0081247 -0.0154367 -0.0081247 4.80849e-05)
(0.000112445 -0.0128029 -0.0154056 -0.0128029 3.51456e-05 -0.00813857 -0.0154056 -0.00813857 8.40733e-05)
(5.8125e-05 -0.012792 -0.0154142 -0.012792 2.68879e-05 -0.0081256 -0.0154142 -0.0081256 0.000100406)
(3.43681e-05 -0.0127866 -0.0154358 -0.0127866 2.47562e-05 -0.00812616 -0.0154358 -0.00812616 9.85566e-05)
(6.25407e-05 -0.0127954 -0.0154202 -0.0127954 3.54763e-05 -0.00814137 -0.0154202 -0.00814137 6.74656e-05)
(1.50838e-05 -0.0127933 -0.0154283 -0.0127933 2.90241e-05 -0.00811718 -0.0154283 -0.00811718 9.75851e-05)
(-3.56795e-06 -0.012793 -0.0154327 -0.012793 2.79321e-05 -0.00811601 -0.0154327 -0.00811601 7.91408e-05)
(4.76161e-05 -0.0127901 -0.0154205 -0.0127901 2.34806e-05 -0.00813114 -0.0154205 -0.00813114 6.21731e-05)
(6.65323e-05 -0.0127977 -0.0154254 -0.0127977 3.05892e-05 -0.00813588 -0.0154254 -0.00813588 4.48503e-05)
(0.000116569 -0.0127986 -0.0154026 -0.0127986 2.95255e-05 -0.0081305 -0.0154026 -0.0081305 8.39439e-05)
(9.33168e-05 -0.0127994 -0.0154086 -0.0127994 3.67245e-05 -0.00814216 -0.0154086 -0.00814216 0.000112737)
(2.60777e-05 -0.0127876 -0.0154228 -0.0127876 2.19596e-05 -0.00812542 -0.0154228 -0.00812542 6.53075e-05)
(3.59551e-05 -0.0127891 -0.015427 -0.0127891 2.16738e-05 -0.00813052 -0.015427 -0.00813052 4.66151e-05)
(6.69532e-05 -0.0127927 -0.0154193 -0.0127927 3.73128e-05 -0.00814466 -0.0154193 -0.00814466 0.000106858)
(9.04804e-06 -0.012801 -0.0154351 -0.012801 3.82579e-05 -0.00811475 -0.0154351 -0.00811475 0.00011447)
(3.12546e-05 -0.0127812 -0.0154363 -0.0127812 1.94737e-05 -0.00812706 -0.0154363 -0.00812706 6.1456e-05)
(2.01394e-05 -0.0127905 -0.0154277 -0.0127905 2.79234e-05 -0.00812182 -0.0154277 -0.00812182 7.04316e-05)
(0.000158674 -0.01281 -0.0154076 -0.01281 3.66801e-05 -0.00813667 -0.0154076 -0.00813667 7.01871e-05)
(3.72868e-05 -0.0127892 -0.0154229 -0.0127892 2.15809e-05 -0.00812986 -0.0154229 -0.00812986 6.12693e-05)
(2.84156e-05 -0.0127865 -0.0154375 -0.0127865 2.16805e-05 -0.00812337 -0.0154375 -0.00812337 8.79336e-05)
(3.61043e-05 -0.0127876 -0.0154298 -0.0127876 2.27099e-05 -0.00813206 -0.0154298 -0.00813206 4.67263e-05)
(3.61687e-05 -0.0127903 -0.0154202 -0.0127903 2.77373e-05 -0.00812076 -0.0154202 -0.00812076 7.45593e-05)
(4.51487e-05 -0.0127893 -0.0154171 -0.0127893 2.36949e-05 -0.00812636 -0.0154171 -0.00812636 8.10287e-05)
(5.1964e-05 -0.0127903 -0.0154176 -0.0127903 2.47502e-05 -0.00812392 -0.0154176 -0.00812392 7.76274e-05)
(5.77014e-05 -0.012792 -0.015414 -0.012792 2.91947e-05 -0.00811963 -0.015414 -0.00811963 9.80573e-05)
(6.82981e-05 -0.012796 -0.0154225 -0.012796 3.32395e-05 -0.008138 -0.0154225 -0.008138 5.4361e-05)
(5.28068e-05 -0.0127905 -0.0154189 -0.0127905 3.07639e-05 -0.00813836 -0.0154189 -0.00813836 9.32535e-05)
(2.73939e-05 -0.0127866 -0.01542 -0.0127866 2.21553e-05 -0.00812599 -0.01542 -0.00812599 6.22823e-05)
(5.36097e-06 -0.0127903 -0.0154357 -0.0127903 2.29512e-05 -0.00812205 -0.0154357 -0.00812205 5.9124e-05)
(8.06945e-05 -0.0127878 -0.0154255 -0.0127878 4.24454e-05 -0.0081463 -0.0154255 -0.0081463 8.44103e-05)
(9.4529e-05 -0.0128082 -0.0154157 -0.0128082 5.22143e-05 -0.00814776 -0.0154157 -0.00814776 7.12358e-05)
(7.04193e-05 -0.0127969 -0.0154158 -0.0127969 3.89391e-05 -0.00814521 -0.0154158 -0.00814521 9.81701e-05)
(8.0381e-05 -0.0128003 -0.0154121 -0.0128003 4.01079e-05 -0.00814478 -0.0154121 -0.00814478 8.97691e-05)
(9.51006e-05 -0.0128019 -0.0154284 -0.0128019 3.00456e-05 -0.00813419 -0.0154284 -0.00813419 4.82884e-05)
(6.13181e-05 -0.0127941 -0.0154198 -0.0127941 2.42906e-05 -0.00813 -0.0154198 -0.00813 6.02318e-05)
(4.6885e-05 -0.0127908 -0.0154177 -0.0127908 2.37429e-05 -0.00813088 -0.0154177 -0.00813088 6.7876e-05)
(9.3598e-05 -0.0127987 -0.0154074 -0.0127987 3.41913e-05 -0.00813856 -0.0154074 -0.00813856 8.83319e-05)
(2.22582e-05 -0.0127834 -0.0154339 -0.0127834 1.8941e-05 -0.00812644 -0.0154339 -0.00812644 5.19912e-05)
(2.35249e-05 -0.0127921 -0.0154376 -0.0127921 2.49121e-05 -0.00811916 -0.0154376 -0.00811916 7.81394e-05)
(0.000101715 -0.0128147 -0.0154125 -0.0128147 5.79384e-05 -0.00815159 -0.0154125 -0.00815159 7.6661e-05)
(2.85419e-05 -0.0127875 -0.0154188 -0.0127875 2.32502e-05 -0.00812422 -0.0154188 -0.00812422 8.36567e-05)
(-4.20029e-06 -0.0127979 -0.0154373 -0.0127979 3.68919e-05 -0.00811661 -0.0154373 -0.00811661 7.37275e-05)
(7.92899e-05 -0.012807 -0.0154238 -0.012807 4.23742e-05 -0.00814065 -0.0154238 -0.00814065 4.23569e-05)
(1.62498e-06 -0.0127929 -0.0154303 -0.0127929 2.91779e-05 -0.00811663 -0.0154303 -0.00811663 8.01015e-05)
(6.39511e-05 -0.012794 -0.0154148 -0.012794 3.00607e-05 -0.0081369 -0.0154148 -0.0081369 8.41943e-05)
(0.000105942 -0.0128012 -0.0154071 -0.0128012 3.26315e-05 -0.00813622 -0.0154071 -0.00813622 8.14392e-05)
(7.8983e-06 -0.0127928 -0.0154316 -0.0127928 2.66066e-05 -0.00811666 -0.0154316 -0.00811666 8.88558e-05)
(1.44561e-05 -0.0127883 -0.0154307 -0.0127883 2.2104e-05 -0.00812204 -0.0154307 -0.00812204 7.27674e-05)
(3.71417e-05 -0.0127883 -0.0154219 -0.0127883 2.2591e-05 -0.00812886 -0.0154219 -0.00812886 5.88695e-05)
(1.24593e-05 -0.0127871 -0.0154343 -0.0127871 1.94867e-05 -0.00812789 -0.0154343 -0.00812789 3.71452e-05)
(7.32068e-05 -0.0127993 -0.0154225 -0.0127993 3.1167e-05 -0.00813621 -0.0154225 -0.00813621 4.7591e-05)
(6.83543e-05 -0.0127917 -0.0154097 -0.0127917 2.58297e-05 -0.00813057 -0.0154097 -0.00813057 7.89019e-05)
(9.78696e-06 -0.0127895 -0.0154379 -0.0127895 2.08211e-05 -0.00812562 -0.0154379 -0.00812562 4.24272e-05)
(0.000104414 -0.0128071 -0.0154255 -0.0128071 3.65742e-05 -0.00813748 -0.0154255 -0.00813748 4.38876e-05)
(5.60293e-05 -0.0127906 -0.0154115 -0.0127906 2.63828e-05 -0.00813022 -0.0154115 -0.00813022 8.39395e-05)
(-2.22862e-05 -0.0127952 -0.0154372 -0.0127952 3.50522e-05 -0.00811957 -0.0154372 -0.00811957 5.4813e-05)
(2.8786e-05 -0.0127923 -0.0154212 -0.0127923 2.91638e-05 -0.00811703 -0.0154212 -0.00811703 9.21295e-05)
(3.69215e-05 -0.0127838 -0.0154294 -0.0127838 2.18054e-05 -0.00813066 -0.0154294 -0.00813066 6.82482e-05)
(4.24538e-05 -0.0127948 -0.0154418 -0.0127948 2.55346e-05 -0.0081324 -0.0154418 -0.0081324 3.03846e-05)
(3.00355e-05 -0.012789 -0.0154207 -0.012789 2.40651e-05 -0.00812231 -0.0154207 -0.00812231 7.65786e-05)
(-3.50013e-05 -0.0128042 -0.0154437 -0.0128042 5.12658e-05 -0.00811457 -0.0154437 -0.00811457 7.34282e-05)
(2.84261e-05 -0.0127926 -0.0154223 -0.0127926 3.0187e-05 -0.00811546 -0.0154223 -0.00811546 8.95788e-05)
(6.80863e-05 -0.0127936 -0.0154136 -0.0127936 2.69889e-05 -0.00813271 -0.0154136 -0.00813271 7.76581e-05)
(3.45221e-05 -0.01279 -0.0154299 -0.01279 2.21122e-05 -0.00812925 -0.0154299 -0.00812925 4.38858e-05)
(2.80227e-05 -0.0127886 -0.0154242 -0.0127886 2.28941e-05 -0.0081242 -0.0154242 -0.0081242 7.5096e-05)
(3.80695e-05 -0.0127914 -0.015433 -0.0127914 2.26545e-05 -0.0081318 -0.015433 -0.0081318 3.2969e-05)
(3.2533e-05 -0.0127886 -0.0154193 -0.0127886 2.44305e-05 -0.00812357 -0.0154193 -0.00812357 8.23383e-05)
(5.49267e-05 -0.0127892 -0.0154116 -0.0127892 2.59918e-05 -0.00812625 -0.0154116 -0.00812625 8.52437e-05)
(1.84351e-05 -0.0127866 -0.0154326 -0.0127866 2.06871e-05 -0.00812453 -0.0154326 -0.00812453 6.09682e-05)
(-2.12153e-05 -0.0128062 -0.0154472 -0.0128062 3.91156e-05 -0.0081147 -0.0154472 -0.0081147 6.94017e-05)
(9.86428e-06 -0.0127943 -0.0154366 -0.0127943 3.38833e-05 -0.00812332 -0.0154366 -0.00812332 6.09812e-05)
(1.73611e-05 -0.0127926 -0.0154252 -0.0127926 2.98363e-05 -0.00811829 -0.0154252 -0.00811829 0.000103853)
(5.24473e-05 -0.0127891 -0.0154129 -0.0127891 2.54748e-05 -0.00812085 -0.0154129 -0.00812085 8.46275e-05)
(6.8166e-05 -0.0127902 -0.0154107 -0.0127902 2.49948e-05 -0.00812594 -0.0154107 -0.00812594 7.34004e-05)
(4.70614e-05 -0.0127923 -0.0154439 -0.0127923 2.56453e-05 -0.00813422 -0.0154439 -0.00813422 4.31746e-05)
(7.97552e-05 -0.0128048 -0.0154434 -0.0128048 3.80647e-05 -0.00813532 -0.0154434 -0.00813532 3.7974e-05)
(7.71492e-05 -0.0128039 -0.0154167 -0.0128039 4.41786e-05 -0.00814551 -0.0154167 -0.00814551 6.54685e-05)
(8.40559e-05 -0.0128056 -0.0154225 -0.0128056 4.68333e-05 -0.00814302 -0.0154225 -0.00814302 5.16279e-05)
(3.01439e-05 -0.0127903 -0.0154255 -0.0127903 2.88424e-05 -0.00812984 -0.0154255 -0.00812984 0.000114752)
(3.04491e-06 -0.0127888 -0.0154254 -0.0127888 2.65502e-05 -0.00811717 -0.0154254 -0.00811717 7.81199e-05)
(0.000137233 -0.0127956 -0.0153974 -0.0127956 2.86838e-05 -0.00812409 -0.0153974 -0.00812409 9.19466e-05)
(4.71255e-05 -0.012793 -0.0154217 -0.012793 2.98491e-05 -0.00812945 -0.0154217 -0.00812945 0.000114682)
(2.7576e-05 -0.0127868 -0.0154224 -0.0127868 2.17124e-05 -0.00812789 -0.0154224 -0.00812789 6.37484e-05)
(-4.60904e-06 -0.0127937 -0.0154324 -0.0127937 2.96196e-05 -0.00811351 -0.0154324 -0.00811351 9.72409e-05)
(4.55122e-06 -0.012793 -0.0154392 -0.012793 2.37018e-05 -0.00811988 -0.0154392 -0.00811988 5.70136e-05)
(8.24706e-05 -0.0127944 -0.0154184 -0.0127944 2.64731e-05 -0.00813025 -0.0154184 -0.00813025 5.96154e-05)
(6.34966e-05 -0.0128002 -0.0154235 -0.0128002 3.98681e-05 -0.00814132 -0.0154235 -0.00814132 4.65238e-05)
(2.62094e-05 -0.0127857 -0.0154316 -0.0127857 2.0015e-05 -0.00813081 -0.0154316 -0.00813081 3.82759e-05)
(5.93764e-05 -0.0127938 -0.0154208 -0.0127938 2.55006e-05 -0.00813258 -0.0154208 -0.00813258 5.41198e-05)
(6.66079e-05 -0.0127923 -0.0154125 -0.0127923 2.6588e-05 -0.00813102 -0.0154125 -0.00813102 7.97715e-05)
(2.55944e-05 -0.0127938 -0.0154226 -0.0127938 3.31293e-05 -0.00811449 -0.0154226 -0.00811449 0.000103272)
(9.87166e-05 -0.0128057 -0.015411 -0.0128057 4.39058e-05 -0.00814512 -0.015411 -0.00814512 7.84036e-05)
(2.03863e-05 -0.0127869 -0.0154271 -0.0127869 2.54728e-05 -0.00812562 -0.0154271 -0.00812562 8.97319e-05)
(-9.67492e-06 -0.0127985 -0.0154419 -0.0127985 3.15806e-05 -0.00812433 -0.0154419 -0.00812433 4.68494e-05)
(0.000146904 -0.0128187 -0.015402 -0.0128187 6.17829e-05 -0.00815217 -0.015402 -0.00815217 9.59697e-05)
(4.50298e-05 -0.0127898 -0.0154236 -0.0127898 2.77145e-05 -0.00813119 -0.0154236 -0.00813119 0.000103166)
(6.07576e-05 -0.0127821 -0.0154346 -0.0127821 4.6017e-05 -0.00814291 -0.0154346 -0.00814291 3.98316e-05)
(6.0287e-05 -0.0127903 -0.0154125 -0.0127903 2.51704e-05 -0.0081299 -0.0154125 -0.0081299 7.40776e-05)
(5.62892e-05 -0.0127925 -0.0154252 -0.0127925 2.34428e-05 -0.00813029 -0.0154252 -0.00813029 5.07337e-05)
(9.47054e-05 -0.0127968 -0.0154063 -0.0127968 2.80262e-05 -0.00813063 -0.0154063 -0.00813063 8.21348e-05)
(4.11249e-05 -0.0127905 -0.0154175 -0.0127905 2.78926e-05 -0.00811843 -0.0154175 -0.00811843 7.86536e-05)
(4.28541e-05 -0.0127848 -0.0154403 -0.0127848 1.86911e-05 -0.00812375 -0.0154403 -0.00812375 5.22067e-05)
(1.98576e-05 -0.0127874 -0.0154251 -0.0127874 2.22887e-05 -0.00812373 -0.0154251 -0.00812373 7.91003e-05)
(7.96563e-05 -0.0127954 -0.015418 -0.0127954 2.6121e-05 -0.00813103 -0.015418 -0.00813103 5.77077e-05)
(3.21157e-05 -0.0127878 -0.0154221 -0.0127878 2.14939e-05 -0.00812733 -0.0154221 -0.00812733 6.61439e-05)
(5.02762e-05 -0.0127921 -0.0154193 -0.0127921 2.93638e-05 -0.00813737 -0.0154193 -0.00813737 6.55257e-05)
(3.06354e-05 -0.0127909 -0.0154318 -0.0127909 2.54566e-05 -0.00812623 -0.0154318 -0.00812623 5.62645e-05)
(2.69195e-05 -0.0127889 -0.0154184 -0.0127889 2.68219e-05 -0.00811968 -0.0154184 -0.00811968 9.26372e-05)
(6.64889e-05 -0.0127953 -0.0154156 -0.0127953 3.17362e-05 -0.00813813 -0.0154156 -0.00813813 7.46672e-05)
(2.06965e-05 -0.0127935 -0.0154259 -0.0127935 3.11822e-05 -0.00811652 -0.0154259 -0.00811652 7.95608e-05)
(1.375e-05 -0.0127962 -0.0154282 -0.0127962 3.41759e-05 -0.00811501 -0.0154282 -0.00811501 0.000106572)
(-1.04112e-05 -0.0127936 -0.0154353 -0.0127936 2.84943e-05 -0.00811812 -0.0154353 -0.00811812 6.64153e-05)
(6.15469e-06 -0.0127911 -0.015426 -0.0127911 3.06785e-05 -0.00811614 -0.015426 -0.00811614 8.14767e-05)
(4.43397e-05 -0.0127927 -0.0154175 -0.0127927 3.62738e-05 -0.00811433 -0.0154175 -0.00811433 0.000100279)
(8.67938e-06 -0.0127907 -0.0154356 -0.0127907 2.43756e-05 -0.00812536 -0.0154356 -0.00812536 5.01337e-05)
(4.24477e-05 -0.0127892 -0.0154287 -0.0127892 3.2386e-05 -0.00813767 -0.0154287 -0.00813767 3.8328e-05)
(6.78554e-05 -0.0127929 -0.0154157 -0.0127929 2.44887e-05 -0.00812721 -0.0154157 -0.00812721 6.80998e-05)
(4.30807e-05 -0.0127924 -0.0154276 -0.0127924 2.49435e-05 -0.00813317 -0.0154276 -0.00813317 3.81543e-05)
(6.77616e-05 -0.0128002 -0.015418 -0.0128002 3.39314e-05 -0.00813904 -0.015418 -0.00813904 5.65669e-05)
(0.000107918 -0.0128095 -0.0154103 -0.0128095 4.53905e-05 -0.00814446 -0.0154103 -0.00814446 7.7369e-05)
(4.00954e-05 -0.012788 -0.0154329 -0.012788 2.0058e-05 -0.00812893 -0.0154329 -0.00812893 4.34782e-05)
(5.92857e-05 -0.0127956 -0.0154263 -0.0127956 4.57537e-05 -0.0081461 -0.0154263 -0.0081461 5.49686e-05)
(0.000108053 -0.0127953 -0.0154033 -0.0127953 2.68784e-05 -0.00812808 -0.0154033 -0.00812808 8.09602e-05)
(5.85481e-05 -0.0127918 -0.0154139 -0.0127918 2.63825e-05 -0.00812804 -0.0154139 -0.00812804 9.69607e-05)
(1.47404e-05 -0.0127911 -0.0154285 -0.0127911 2.42405e-05 -0.00811923 -0.0154285 -0.00811923 7.26136e-05)
(1.76581e-06 -0.0127935 -0.0154319 -0.0127935 2.77658e-05 -0.00811691 -0.0154319 -0.00811691 6.99078e-05)
(4.01513e-05 -0.0127842 -0.0154274 -0.0127842 2.86807e-05 -0.00813918 -0.0154274 -0.00813918 8.5596e-05)
(1.8246e-05 -0.0127882 -0.0154228 -0.0127882 2.41867e-05 -0.00812076 -0.0154228 -0.00812076 7.63373e-05)
(2.23182e-05 -0.0127949 -0.015443 -0.0127949 3.28517e-05 -0.00812968 -0.015443 -0.00812968 5.19965e-05)
(5.84408e-05 -0.0127976 -0.0154316 -0.0127976 2.77792e-05 -0.00813369 -0.0154316 -0.00813369 3.53875e-05)
(3.85788e-05 -0.0127891 -0.015421 -0.0127891 2.23676e-05 -0.00812692 -0.015421 -0.00812692 7.05848e-05)
(6.00735e-05 -0.0127923 -0.0154161 -0.0127923 3.02987e-05 -0.00813411 -0.0154161 -0.00813411 0.000110231)
(0.000100293 -0.0128194 -0.0154133 -0.0128194 6.77391e-05 -0.00815344 -0.0154133 -0.00815344 7.2775e-05)
(2.52075e-05 -0.0127884 -0.0154226 -0.0127884 2.20485e-05 -0.00812328 -0.0154226 -0.00812328 8.52891e-05)
(4.20704e-05 -0.0127866 -0.0154282 -0.0127866 2.14732e-05 -0.0081289 -0.0154282 -0.0081289 6.28018e-05)
(6.89479e-05 -0.012795 -0.0154266 -0.012795 4.97351e-05 -0.00814566 -0.0154266 -0.00814566 5.20039e-05)
(2.66048e-05 -0.0127895 -0.0154207 -0.0127895 2.54704e-05 -0.00812078 -0.0154207 -0.00812078 9.49155e-05)
(5.09006e-05 -0.0127881 -0.015413 -0.0127881 2.52052e-05 -0.00812323 -0.015413 -0.00812323 7.82929e-05)
(5.34629e-05 -0.012795 -0.0154253 -0.012795 2.96763e-05 -0.00813597 -0.0154253 -0.00813597 4.61097e-05)
(6.94943e-05 -0.0127913 -0.0154134 -0.0127913 2.63886e-05 -0.00812345 -0.0154134 -0.00812345 7.55964e-05)
(7.08275e-05 -0.0128048 -0.0154238 -0.0128048 4.92922e-05 -0.00814509 -0.0154238 -0.00814509 4.46822e-05)
(3.32276e-05 -0.0127858 -0.0154246 -0.0127858 2.28491e-05 -0.00813185 -0.0154246 -0.00813185 6.76057e-05)
(-5.36603e-05 -0.0128047 -0.0154435 -0.0128047 6.20749e-05 -0.00810702 -0.0154435 -0.00810702 8.84553e-05)
(4.48776e-05 -0.0127902 -0.0154194 -0.0127902 2.41542e-05 -0.00813126 -0.0154194 -0.00813126 6.73752e-05)
(1.97041e-05 -0.0127855 -0.0154325 -0.0127855 1.95645e-05 -0.00812516 -0.0154325 -0.00812516 6.29635e-05)
(6.8053e-05 -0.0127914 -0.0154138 -0.0127914 2.58172e-05 -0.00812567 -0.0154138 -0.00812567 8.23672e-05)
(0.000109208 -0.0128004 -0.0154028 -0.0128004 3.46839e-05 -0.00813855 -0.0154028 -0.00813855 9.71722e-05)
(2.2783e-05 -0.0127853 -0.0154282 -0.0127853 2.10344e-05 -0.0081267 -0.0154282 -0.0081267 6.98679e-05)
(3.67994e-05 -0.0127881 -0.0154237 -0.0127881 2.26264e-05 -0.00813101 -0.0154237 -0.00813101 6.23458e-05)
(6.3421e-05 -0.0128017 -0.0154191 -0.0128017 3.74249e-05 -0.00814149 -0.0154191 -0.00814149 5.34647e-05)
(5.84858e-05 -0.0127962 -0.0154209 -0.0127962 3.6437e-05 -0.00814202 -0.0154209 -0.00814202 6.27992e-05)
(5.80674e-05 -0.0127927 -0.0154191 -0.0127927 3.15274e-05 -0.00813922 -0.0154191 -0.00813922 8.24498e-05)
(4.54324e-05 -0.0127887 -0.0154215 -0.0127887 2.65442e-05 -0.00812429 -0.0154215 -0.00812429 6.15703e-05)
(5.51474e-05 -0.0127895 -0.0154127 -0.0127895 2.46869e-05 -0.00812704 -0.0154127 -0.00812704 8.0218e-05)
(5.96012e-06 -0.0127957 -0.0154423 -0.0127957 2.63015e-05 -0.00811672 -0.0154423 -0.00811672 6.80676e-05)
(-1.25445e-05 -0.0128047 -0.0154461 -0.0128047 3.81726e-05 -0.00812654 -0.0154461 -0.00812654 4.632e-05)
(-1.68449e-05 -0.0127963 -0.0154398 -0.0127963 3.19559e-05 -0.00811356 -0.0154398 -0.00811356 0.000105839)
(2.6119e-05 -0.0127876 -0.0154219 -0.0127876 2.24788e-05 -0.00812449 -0.0154219 -0.00812449 7.95211e-05)
(-6.31109e-05 -0.012805 -0.0154476 -0.012805 4.6799e-05 -0.00810593 -0.0154476 -0.00810593 9.5796e-05)
(8.01055e-05 -0.0128033 -0.0154176 -0.0128033 4.11118e-05 -0.0081425 -0.0154176 -0.0081425 6.23985e-05)
(9.89898e-05 -0.0128153 -0.0154283 -0.0128153 5.32162e-05 -0.00814085 -0.0154283 -0.00814085 3.69175e-05)
(-2.2959e-05 -0.0127992 -0.0154445 -0.0127992 4.0943e-05 -0.0081251 -0.0154445 -0.0081251 5.06397e-05)
(9.82969e-05 -0.0127989 -0.0154205 -0.0127989 2.73141e-05 -0.0081314 -0.0154205 -0.0081314 5.71865e-05)
(5.94449e-05 -0.0127995 -0.0154241 -0.0127995 4.48223e-05 -0.00814497 -0.0154241 -0.00814497 5.20689e-05)
(-2.17996e-05 -0.0128008 -0.0154462 -0.0128008 3.9013e-05 -0.0081322 -0.0154462 -0.0081322 4.20986e-05)
(2.82976e-05 -0.012789 -0.0154281 -0.012789 2.10277e-05 -0.00812552 -0.0154281 -0.00812552 5.93495e-05)
(5.667e-05 -0.0127938 -0.0154266 -0.0127938 3.4167e-05 -0.00813827 -0.0154266 -0.00813827 4.8301e-05)
(7.56608e-05 -0.0127934 -0.0154287 -0.0127934 3.04248e-05 -0.00812847 -0.0154287 -0.00812847 5.47988e-05)
(1.38246e-05 -0.0127905 -0.0154247 -0.0127905 2.84614e-05 -0.00812082 -0.0154247 -0.00812082 0.000106256)
(3.00953e-05 -0.0127859 -0.0154231 -0.0127859 2.23218e-05 -0.0081299 -0.0154231 -0.0081299 7.18169e-05)
(4.96897e-05 -0.0127908 -0.015422 -0.0127908 2.36299e-05 -0.00813143 -0.015422 -0.00813143 5.67334e-05)
(-5.56619e-06 -0.0127928 -0.0154335 -0.0127928 2.74751e-05 -0.00811628 -0.0154335 -0.00811628 7.81329e-05)
(8.08684e-06 -0.0127905 -0.0154368 -0.0127905 2.26875e-05 -0.00812817 -0.0154368 -0.00812817 3.75967e-05)
(6.96219e-05 -0.0128102 -0.015435 -0.0128102 4.9551e-05 -0.00813513 -0.015435 -0.00813513 2.65658e-05)
(5.50163e-05 -0.0127936 -0.0154193 -0.0127936 2.57712e-05 -0.00813301 -0.0154193 -0.00813301 6.1917e-05)
(1.61303e-05 -0.0127917 -0.0154323 -0.0127917 2.48927e-05 -0.00812345 -0.0154323 -0.00812345 5.33053e-05)
(5.18866e-06 -0.012802 -0.01545 -0.012802 4.79322e-05 -0.00812876 -0.01545 -0.00812876 5.62992e-05)
(4.38214e-06 -0.0127922 -0.0154288 -0.0127922 2.82422e-05 -0.00811568 -0.0154288 -0.00811568 8.18739e-05)
(4.96302e-05 -0.0127914 -0.0154302 -0.0127914 2.43108e-05 -0.00812985 -0.0154302 -0.00812985 4.88646e-05)
(6.91113e-05 -0.0127929 -0.015411 -0.0127929 2.92117e-05 -0.00813238 -0.015411 -0.00813238 0.00010471)
(3.34317e-05 -0.0127892 -0.0154211 -0.0127892 2.65017e-05 -0.008129 -0.0154211 -0.008129 0.000105482)
(0.000117195 -0.012802 -0.0154026 -0.012802 3.55442e-05 -0.00813903 -0.0154026 -0.00813903 9.50154e-05)
(3.95648e-05 -0.0127889 -0.0154197 -0.0127889 2.85249e-05 -0.00813436 -0.0154197 -0.00813436 0.00010517)
(2.72149e-05 -0.0127814 -0.0154335 -0.0127814 1.91832e-05 -0.00813047 -0.0154335 -0.00813047 3.29169e-05)
(5.85734e-05 -0.0127922 -0.0154163 -0.0127922 2.79559e-05 -0.00813496 -0.0154163 -0.00813496 7.45002e-05)
(7.76245e-06 -0.0127911 -0.0154425 -0.0127911 2.38782e-05 -0.00813214 -0.0154425 -0.00813214 3.69223e-05)
(1.5944e-05 -0.012792 -0.0154401 -0.012792 2.78811e-05 -0.00813041 -0.0154401 -0.00813041 4.24906e-05)
(7.20068e-05 -0.012795 -0.0154135 -0.012795 3.30345e-05 -0.00813946 -0.0154135 -0.00813946 9.57584e-05)
(2.02275e-06 -0.0127932 -0.0154463 -0.0127932 2.88067e-05 -0.00813767 -0.0154463 -0.00813767 5.52958e-05)
(2.10633e-05 -0.0127872 -0.0154351 -0.0127872 2.00477e-05 -0.00813019 -0.0154351 -0.00813019 3.35433e-05)
(5.1461e-05 -0.0127952 -0.0154299 -0.0127952 3.11397e-05 -0.0081347 -0.0154299 -0.0081347 3.65163e-05)
(6.48764e-05 -0.0127922 -0.0154206 -0.0127922 2.41463e-05 -0.00812541 -0.0154206 -0.00812541 6.18976e-05)
(7.37356e-05 -0.0127969 -0.0154196 -0.0127969 2.74295e-05 -0.00813329 -0.0154196 -0.00813329 5.18833e-05)
(6.37627e-05 -0.0127964 -0.0154324 -0.0127964 2.74563e-05 -0.00813394 -0.0154324 -0.00813394 4.06309e-05)
(6.77212e-05 -0.0127977 -0.0154187 -0.0127977 3.00599e-05 -0.00813612 -0.0154187 -0.00813612 5.93537e-05)
(-2.20938e-05 -0.0128027 -0.0154437 -0.0128027 3.56227e-05 -0.00811989 -0.0154437 -0.00811989 4.87028e-05)
(4.95469e-05 -0.0127873 -0.0154261 -0.0127873 2.70166e-05 -0.00813581 -0.0154261 -0.00813581 6.07779e-05)
(4.74855e-05 -0.0127898 -0.0154186 -0.0127898 2.58278e-05 -0.00812317 -0.0154186 -0.00812317 7.3515e-05)
(-1.58929e-05 -0.0127972 -0.0154347 -0.0127972 3.57452e-05 -0.00811085 -0.0154347 -0.00811085 9.61789e-05)
(-0.000155062 -0.012823 -0.0154603 -0.012823 7.82802e-05 -0.00810234 -0.0154603 -0.00810234 9.05821e-05)
(0.000117562 -0.0127941 -0.0154072 -0.0127941 2.90048e-05 -0.00812558 -0.0154072 -0.00812558 7.48809e-05)
(4.09099e-05 -0.0127913 -0.0154248 -0.0127913 3.02825e-05 -0.0081217 -0.0154248 -0.0081217 6.43306e-05)
(2.17605e-05 -0.0127842 -0.0154356 -0.0127842 1.86347e-05 -0.00812945 -0.0154356 -0.00812945 3.83987e-05)
(0.000116629 -0.012809 -0.0154074 -0.012809 4.68907e-05 -0.00814696 -0.0154074 -0.00814696 8.50762e-05)
(7.44683e-05 -0.0127955 -0.0154153 -0.0127955 2.6507e-05 -0.00813161 -0.0154153 -0.00813161 6.27053e-05)
(7.63084e-05 -0.0127776 -0.0154405 -0.0127776 1.69725e-05 -0.00812618 -0.0154405 -0.00812618 4.49646e-05)
(-1.96524e-05 -0.0128046 -0.0154534 -0.0128046 4.43427e-05 -0.00813809 -0.0154534 -0.00813809 5.54074e-05)
(7.55262e-05 -0.0127984 -0.0154681 -0.0127984 3.16067e-05 -0.00813807 -0.0154681 -0.00813807 6.25043e-05)
(1.09599e-05 -0.0127906 -0.0154315 -0.0127906 2.37738e-05 -0.0081214 -0.0154315 -0.0081214 6.44725e-05)
(1.88001e-05 -0.0127913 -0.0154268 -0.0127913 2.72268e-05 -0.00812034 -0.0154268 -0.00812034 7.32533e-05)
(8.53891e-05 -0.0128001 -0.0154124 -0.0128001 3.24608e-05 -0.00813733 -0.0154124 -0.00813733 7.25391e-05)
(4.96495e-05 -0.012792 -0.015429 -0.012792 2.34958e-05 -0.00812912 -0.015429 -0.00812912 4.37921e-05)
(-7.86602e-05 -0.0128111 -0.0154502 -0.0128111 5.53017e-05 -0.00810677 -0.0154502 -0.00810677 8.18955e-05)
(2.00804e-05 -0.0127872 -0.0154323 -0.0127872 2.16759e-05 -0.0081229 -0.0154323 -0.0081229 7.68999e-05)
(7.62651e-05 -0.0127969 -0.0154385 -0.0127969 2.63549e-05 -0.00813338 -0.0154385 -0.00813338 4.66966e-05)
(0.000106057 -0.0127954 -0.0154031 -0.0127954 2.81728e-05 -0.00812595 -0.0154031 -0.00812595 8.84095e-05)
(3.58229e-05 -0.0127899 -0.0154249 -0.0127899 2.16885e-05 -0.00813068 -0.0154249 -0.00813068 4.41373e-05)
(-1.67951e-05 -0.0127954 -0.0154365 -0.0127954 3.26197e-05 -0.00811546 -0.0154365 -0.00811546 7.33587e-05)
(-8.96885e-06 -0.0127961 -0.0154349 -0.0127961 3.32906e-05 -0.00811488 -0.0154349 -0.00811488 8.19767e-05)
(5.2213e-05 -0.0127921 -0.0154259 -0.0127921 2.43126e-05 -0.00813212 -0.0154259 -0.00813212 4.83516e-05)
(6.76643e-06 -0.012793 -0.015433 -0.012793 2.91014e-05 -0.00812069 -0.015433 -0.00812069 6.15927e-05)
(1.06307e-05 -0.0127889 -0.0154282 -0.0127889 2.22107e-05 -0.00812051 -0.0154282 -0.00812051 7.22789e-05)
(7.81847e-05 -0.0128008 -0.0154132 -0.0128008 4.55673e-05 -0.00814893 -0.0154132 -0.00814893 9.94316e-05)
(4.43683e-06 -0.0127945 -0.015431 -0.0127945 3.19233e-05 -0.00811628 -0.015431 -0.00811628 8.81403e-05)
(1.28931e-05 -0.0127891 -0.0154288 -0.0127891 2.40113e-05 -0.0081227 -0.0154288 -0.0081227 6.18543e-05)
(0.000118173 -0.0128012 -0.0154107 -0.0128012 3.0431e-05 -0.00813387 -0.0154107 -0.00813387 6.71291e-05)
(3.65076e-05 -0.0127914 -0.0154262 -0.0127914 2.38374e-05 -0.00812373 -0.0154262 -0.00812373 6.26314e-05)
(1.3261e-05 -0.0127859 -0.0154286 -0.0127859 1.94316e-05 -0.00812502 -0.0154286 -0.00812502 5.91295e-05)
(1.91821e-05 -0.0127915 -0.0154454 -0.0127915 2.74263e-05 -0.008134 -0.0154454 -0.008134 4.41876e-05)
(1.5908e-05 -0.0127868 -0.0154372 -0.0127868 1.86849e-05 -0.00812755 -0.0154372 -0.00812755 4.03736e-05)
(-1.62417e-05 -0.0127997 -0.0154371 -0.0127997 5.0054e-05 -0.00811091 -0.0154371 -0.00811091 8.67094e-05)
(-9.29878e-06 -0.0127996 -0.0154401 -0.0127996 4.88346e-05 -0.0081173 -0.0154401 -0.0081173 7.41004e-05)
(5.67296e-05 -0.0127927 -0.0154193 -0.0127927 3.0426e-05 -0.00813796 -0.0154193 -0.00813796 7.19854e-05)
(1.15597e-05 -0.0127925 -0.0154308 -0.0127925 3.36117e-05 -0.00812029 -0.0154308 -0.00812029 7.12091e-05)
(3.33203e-05 -0.0127879 -0.0154265 -0.0127879 2.19421e-05 -0.00813016 -0.0154265 -0.00813016 4.89897e-05)
(6.94391e-05 -0.0128057 -0.015444 -0.0128057 6.2114e-05 -0.00812928 -0.015444 -0.00812928 3.49105e-05)
(7.29307e-05 -0.0127948 -0.0154127 -0.0127948 2.86145e-05 -0.0081345 -0.0154127 -0.0081345 8.47091e-05)
(7.6138e-05 -0.0128053 -0.0154389 -0.0128053 3.26136e-05 -0.00813374 -0.0154389 -0.00813374 3.27083e-05)
(7.61447e-05 -0.0128145 -0.0154316 -0.0128145 6.36261e-05 -0.00813905 -0.0154316 -0.00813905 2.82398e-05)
(3.26356e-05 -0.0127909 -0.0154196 -0.0127909 2.82641e-05 -0.00812089 -0.0154196 -0.00812089 9.99444e-05)
(3.74194e-05 -0.0127908 -0.0154261 -0.0127908 2.23386e-05 -0.00813156 -0.0154261 -0.00813156 4.06029e-05)
(9.14286e-06 -0.0127877 -0.0154355 -0.0127877 1.91577e-05 -0.0081288 -0.0154355 -0.0081288 3.26476e-05)
(-6.2513e-05 -0.0128105 -0.0154484 -0.0128105 5.80267e-05 -0.00811694 -0.0154484 -0.00811694 6.59497e-05)
(1.95688e-05 -0.0127896 -0.0154322 -0.0127896 2.25701e-05 -0.00812719 -0.0154322 -0.00812719 4.56111e-05)
(8.02192e-05 -0.0128215 -0.0154293 -0.0128215 9.41438e-05 -0.00814335 -0.0154293 -0.00814335 2.70736e-05)
(7.54747e-05 -0.0128113 -0.015437 -0.0128113 5.61302e-05 -0.008135 -0.015437 -0.008135 2.85045e-05)
(-0.000124257 -0.0128271 -0.0154527 -0.0128271 9.91064e-05 -0.00812022 -0.0154527 -0.00812022 7.06259e-05)
(6.5342e-05 -0.0127957 -0.0154256 -0.0127957 2.87228e-05 -0.00813475 -0.0154256 -0.00813475 4.81044e-05)
(4.03877e-05 -0.0127909 -0.0154382 -0.0127909 2.22939e-05 -0.00813158 -0.0154382 -0.00813158 3.61814e-05)
(-0.000109977 -0.0128173 -0.0154574 -0.0128173 6.47512e-05 -0.00810447 -0.0154574 -0.00810447 8.31578e-05)
(3.67641e-05 -0.0127896 -0.015417 -0.0127896 2.66607e-05 -0.00812227 -0.015417 -0.00812227 0.000100542)
(9.3096e-05 -0.0128009 -0.0154211 -0.0128009 2.81426e-05 -0.008133 -0.0154211 -0.008133 4.73324e-05)
(5.72994e-05 -0.0127906 -0.0154241 -0.0127906 2.96425e-05 -0.00813753 -0.0154241 -0.00813753 6.81773e-05)
(-2.61275e-05 -0.0128033 -0.0154439 -0.0128033 3.91423e-05 -0.00811341 -0.0154439 -0.00811341 7.4e-05)
(2.72955e-06 -0.012794 -0.0154312 -0.012794 3.61758e-05 -0.00811682 -0.0154312 -0.00811682 7.50342e-05)
(4.71184e-05 -0.012792 -0.0154255 -0.012792 2.96828e-05 -0.00813702 -0.0154255 -0.00813702 4.7312e-05)
(0.000109211 -0.0128074 -0.0154075 -0.0128074 4.48657e-05 -0.00814675 -0.0154075 -0.00814675 9.50836e-05)
(6.49211e-05 -0.0127915 -0.0154134 -0.0127915 2.57494e-05 -0.0081245 -0.0154134 -0.0081245 8.43092e-05)
(-1.17787e-05 -0.0128008 -0.0154443 -0.0128008 3.76526e-05 -0.00812649 -0.0154443 -0.00812649 5.05394e-05)
(4.70486e-05 -0.0127896 -0.0154174 -0.0127896 2.36282e-05 -0.00812743 -0.0154174 -0.00812743 6.63543e-05)
(4.43751e-05 -0.0127924 -0.0154277 -0.0127924 2.4508e-05 -0.00813286 -0.0154277 -0.00813286 3.96575e-05)
(6.58129e-06 -0.0127931 -0.01544 -0.0127931 2.55943e-05 -0.00812724 -0.01544 -0.00812724 4.48796e-05)
(6.01873e-05 -0.0127963 -0.0154246 -0.0127963 3.33073e-05 -0.00813797 -0.0154246 -0.00813797 4.86299e-05)
(6.19351e-05 -0.0128001 -0.0154268 -0.0128001 2.97626e-05 -0.00813445 -0.0154268 -0.00813445 3.57892e-05)
(-2.21951e-05 -0.0128064 -0.0154482 -0.0128064 4.19965e-05 -0.00812815 -0.0154482 -0.00812815 4.57553e-05)
(-2.51029e-05 -0.0128029 -0.0154468 -0.0128029 4.48008e-05 -0.0081251 -0.0154468 -0.0081251 5.42572e-05)
(5.26807e-05 -0.0127975 -0.0154342 -0.0127975 3.08806e-05 -0.00813393 -0.0154342 -0.00813393 3.20392e-05)
(4.05558e-05 -0.0127911 -0.015426 -0.0127911 2.3757e-05 -0.0081252 -0.015426 -0.0081252 6.00607e-05)
(3.48802e-05 -0.0127861 -0.0154346 -0.0127861 2.0578e-05 -0.00813071 -0.0154346 -0.00813071 3.76511e-05)
(4.59027e-05 -0.0127915 -0.0154291 -0.0127915 2.32464e-05 -0.00813169 -0.0154291 -0.00813169 4.3104e-05)
(7.97247e-05 -0.0127947 -0.0154321 -0.0127947 3.65459e-05 -0.00812765 -0.0154321 -0.00812765 5.73426e-05)
(3.52139e-05 -0.012781 -0.0154327 -0.012781 2.1384e-05 -0.00813134 -0.0154327 -0.00813134 3.1653e-05)
(4.03497e-05 -0.0127887 -0.015422 -0.0127887 2.21775e-05 -0.00812758 -0.015422 -0.00812758 6.36825e-05)
(9.54178e-05 -0.0127972 -0.0154118 -0.0127972 2.71381e-05 -0.00813041 -0.0154118 -0.00813041 6.91075e-05)
(-2.45455e-05 -0.0128104 -0.0154499 -0.0128104 4.06852e-05 -0.00811649 -0.0154499 -0.00811649 5.70588e-05)
(3.13593e-05 -0.0127821 -0.015432 -0.0127821 2.09817e-05 -0.00812823 -0.015432 -0.00812823 6.96564e-05)
(-5.99711e-06 -0.0127926 -0.015434 -0.0127926 2.72621e-05 -0.00811795 -0.015434 -0.00811795 7.18931e-05)
(2.12902e-05 -0.0127877 -0.0154304 -0.0127877 2.21109e-05 -0.00812639 -0.0154304 -0.00812639 5.90884e-05)
(7.56871e-05 -0.0128038 -0.0154228 -0.0128038 4.71093e-05 -0.00814451 -0.0154228 -0.00814451 5.18225e-05)
(-6.41976e-06 -0.0127897 -0.015429 -0.0127897 2.94719e-05 -0.00811901 -0.015429 -0.00811901 6.57234e-05)
(9.18879e-05 -0.0127957 -0.01543 -0.0127957 2.81957e-05 -0.00813203 -0.01543 -0.00813203 5.68509e-05)
(0.000125229 -0.0128276 -0.0154295 -0.0128276 7.06243e-05 -0.0081431 -0.0154295 -0.0081431 4.03083e-05)
(1.04702e-05 -0.0127905 -0.0154305 -0.0127905 2.3175e-05 -0.00812117 -0.0154305 -0.00812117 6.0301e-05)
(2.36733e-05 -0.0127884 -0.0154407 -0.0127884 1.87427e-05 -0.00812211 -0.0154407 -0.00812211 4.51887e-05)
(-4.04885e-05 -0.0127984 -0.0154377 -0.0127984 3.8994e-05 -0.00811197 -0.0154377 -0.00811197 8.4498e-05)
(0.000120506 -0.0128031 -0.0154554 -0.0128031 3.314e-05 -0.00813825 -0.0154554 -0.00813825 5.42834e-05)
(3.8366e-05 -0.0127922 -0.015429 -0.0127922 2.10727e-05 -0.00813051 -0.015429 -0.00813051 3.3905e-05)
(1.71087e-05 -0.0127829 -0.0154333 -0.0127829 1.91042e-05 -0.00812684 -0.0154333 -0.00812684 5.21841e-05)
(8.18651e-05 -0.012809 -0.0154582 -0.012809 4.6608e-05 -0.00813232 -0.0154582 -0.00813232 4.69807e-05)
(2.18731e-05 -0.0127909 -0.0154244 -0.0127909 2.89137e-05 -0.00811742 -0.0154244 -0.00811742 7.6433e-05)
(-2.93367e-05 -0.0128023 -0.0154431 -0.0128023 3.86678e-05 -0.00811343 -0.0154431 -0.00811343 7.94347e-05)
(4.90027e-05 -0.0127912 -0.0154259 -0.0127912 2.91299e-05 -0.00813621 -0.0154259 -0.00813621 4.7855e-05)
(7.57091e-05 -0.0128078 -0.0154231 -0.0128078 5.91362e-05 -0.00814764 -0.0154231 -0.00814764 4.86255e-05)
(4.08476e-05 -0.0127888 -0.0154179 -0.0127888 2.39175e-05 -0.00812389 -0.0154179 -0.00812389 7.2478e-05)
(2.72858e-05 -0.0127892 -0.015424 -0.0127892 2.83651e-05 -0.00812954 -0.015424 -0.00812954 0.00011206)
(2.59078e-05 -0.0127864 -0.0154365 -0.0127864 1.95283e-05 -0.00813019 -0.0154365 -0.00813019 3.84696e-05)
(5.63766e-05 -0.0127934 -0.0154366 -0.0127934 2.66847e-05 -0.00813123 -0.0154366 -0.00813123 4.21063e-05)
(8.0289e-05 -0.0128155 -0.0154495 -0.0128155 5.9727e-05 -0.00813039 -0.0154495 -0.00813039 3.56299e-05)
(1.08684e-05 -0.0127897 -0.01544 -0.0127897 2.19604e-05 -0.00813091 -0.01544 -0.00813091 3.53952e-05)
(-4.0899e-06 -0.0127949 -0.0154434 -0.0127949 2.79939e-05 -0.00813131 -0.0154434 -0.00813131 3.96567e-05)
(4.93037e-05 -0.0127932 -0.0154317 -0.0127932 2.5434e-05 -0.0081331 -0.0154317 -0.0081331 3.90929e-05)
(2.67581e-05 -0.0127841 -0.0154312 -0.0127841 1.91131e-05 -0.00812842 -0.0154312 -0.00812842 5.07201e-05)
(1.0862e-06 -0.0127897 -0.0154339 -0.0127897 2.3191e-05 -0.00812341 -0.0154339 -0.00812341 5.28825e-05)
(9.52181e-05 -0.0128005 -0.0154246 -0.0128005 2.76404e-05 -0.00813291 -0.0154246 -0.00813291 4.43095e-05)
(0.000108002 -0.0128013 -0.015408 -0.0128013 3.11821e-05 -0.00813468 -0.015408 -0.00813468 7.22728e-05)
(4.03415e-05 -0.0127885 -0.0154209 -0.0127885 2.31671e-05 -0.0081292 -0.0154209 -0.0081292 6.80382e-05)
(2.27095e-05 -0.0127862 -0.0154293 -0.0127862 1.9898e-05 -0.00812741 -0.0154293 -0.00812741 5.15495e-05)
(-9.04195e-07 -0.0127923 -0.0154291 -0.0127923 2.97608e-05 -0.00811539 -0.0154291 -0.00811539 7.95678e-05)
(1.82715e-05 -0.0127865 -0.0154339 -0.0127865 1.93437e-05 -0.00813019 -0.0154339 -0.00813019 3.42808e-05)
(6.7822e-06 -0.0127961 -0.0154428 -0.0127961 3.55135e-05 -0.00812731 -0.0154428 -0.00812731 5.03165e-05)
(2.85847e-05 -0.0127896 -0.0154332 -0.0127896 2.04574e-05 -0.00813017 -0.0154332 -0.00813017 3.56184e-05)
(5.51576e-05 -0.0127898 -0.015431 -0.0127898 4.33911e-05 -0.00813765 -0.015431 -0.00813765 3.23096e-05)
(2.90077e-05 -0.0127938 -0.0154367 -0.0127938 3.49839e-05 -0.00812574 -0.0154367 -0.00812574 5.93239e-05)
(9.09474e-05 -0.0128242 -0.015437 -0.0128242 7.92525e-05 -0.00813815 -0.015437 -0.00813815 3.37476e-05)
(3.48957e-05 -0.0127895 -0.0154394 -0.0127895 2.72542e-05 -0.00813034 -0.0154394 -0.00813034 2.97009e-05)
(-4.45956e-05 -0.0128102 -0.015449 -0.0128102 4.7066e-05 -0.00812398 -0.015449 -0.00812398 4.72602e-05)
(3.97001e-05 -0.0127867 -0.0154262 -0.0127867 2.28381e-05 -0.00813097 -0.0154262 -0.00813097 5.77917e-05)
(-2.97789e-05 -0.0127991 -0.015439 -0.0127991 4.15674e-05 -0.00811871 -0.015439 -0.00811871 6.71561e-05)
(8.22082e-05 -0.0127917 -0.01541 -0.0127917 2.65698e-05 -0.00812383 -0.01541 -0.00812383 7.6611e-05)
(9.92122e-05 -0.0127989 -0.0154081 -0.0127989 3.03048e-05 -0.00813392 -0.0154081 -0.00813392 7.73203e-05)
(-5.90739e-05 -0.0128249 -0.0154512 -0.0128249 6.1185e-05 -0.00813078 -0.0154512 -0.00813078 4.80364e-05)
(4.69447e-05 -0.0127922 -0.0154338 -0.0127922 4.41952e-05 -0.00813539 -0.0154338 -0.00813539 3.2212e-05)
(8.22013e-05 -0.0128138 -0.0154512 -0.0128138 7.20656e-05 -0.00812822 -0.0154512 -0.00812822 4.362e-05)
(4.22537e-05 -0.0127906 -0.0154272 -0.0127906 2.22149e-05 -0.00812878 -0.0154272 -0.00812878 5.07122e-05)
(2.92138e-06 -0.0127909 -0.0154247 -0.0127909 3.29865e-05 -0.00811601 -0.0154247 -0.00811601 8.24784e-05)
(3.5849e-06 -0.012789 -0.0154234 -0.012789 2.84902e-05 -0.00811716 -0.0154234 -0.00811716 8.81938e-05)
(6.70827e-05 -0.0127959 -0.0154319 -0.0127959 4.48077e-05 -0.00813708 -0.0154319 -0.00813708 3.59501e-05)
(-2.66736e-05 -0.0128031 -0.0154408 -0.0128031 4.70312e-05 -0.0081141 -0.0154408 -0.0081141 7.68372e-05)
(1.3419e-05 -0.0127947 -0.015429 -0.0127947 4.43028e-05 -0.00811391 -0.015429 -0.00811391 8.00289e-05)
(4.1346e-05 -0.0127924 -0.0154369 -0.0127924 2.41895e-05 -0.00813261 -0.0154369 -0.00813261 3.34811e-05)
