/*--------------------------------*- C++ -*----------------------------------*\
  =========                 |
  \\      /  F ield         | OpenFOAM: The Open Source CFD Toolbox
   \\    /   O peration     | Website:  https://openfoam.org
    \\  /    A nd           | Version:  10
     \\/     M anipulation  |
\*---------------------------------------------------------------------------*/
FoamFile
{
    format      ascii;
    class       volTensorField;
    location    "7.5";
    object      TauNN;
}
// * * * * * * * * * * * * * * * * * * * * * * * * * * * * * * * * * * * * * //

dimensions      [0 2 -2 0 0 0 0];

internalField   nonuniform List<tensor> 
25600
(
(4.52371e-05 -0.0127918 -0.0154159 -0.0127918 2.98264e-05 -0.00812084 -0.0154159 -0.00812084 0.000103834)
(2.87807e-05 -0.0127905 -0.0154197 -0.0127905 3.03001e-05 -0.00811794 -0.0154197 -0.00811794 8.6133e-05)
(1.28781e-05 -0.0127903 -0.0154252 -0.0127903 2.75124e-05 -0.0081194 -0.0154252 -0.0081194 7.7633e-05)
(2.60061e-05 -0.0127907 -0.0154237 -0.0127907 2.71801e-05 -0.00812182 -0.0154237 -0.00812182 9.60582e-05)
(4.54191e-05 -0.0127932 -0.0154195 -0.0127932 3.03284e-05 -0.00812509 -0.0154195 -0.00812509 0.000112313)
(4.63449e-05 -0.0127924 -0.0154159 -0.0127924 3.10313e-05 -0.00811897 -0.0154159 -0.00811897 0.000103336)
(2.72332e-05 -0.0127908 -0.0154205 -0.0127908 3.15951e-05 -0.0081172 -0.0154205 -0.0081172 8.58238e-05)
(1.18318e-05 -0.0127908 -0.0154254 -0.0127908 2.84882e-05 -0.00811838 -0.0154254 -0.00811838 8.11813e-05)
(2.61636e-05 -0.0127913 -0.0154242 -0.0127913 2.79519e-05 -0.00812172 -0.0154242 -0.00812172 0.00010034)
(4.40562e-05 -0.0127928 -0.0154195 -0.0127928 2.9932e-05 -0.00812535 -0.0154195 -0.00812535 0.000111523)
(4.62362e-05 -0.0127921 -0.0154157 -0.0127921 3.05665e-05 -0.0081196 -0.0154157 -0.0081196 0.000103196)
(2.79646e-05 -0.0127905 -0.01542 -0.0127905 3.06063e-05 -0.00811769 -0.01542 -0.00811769 8.59841e-05)
(1.1597e-05 -0.0127907 -0.0154256 -0.0127907 2.8079e-05 -0.00811871 -0.0154256 -0.00811871 8.0158e-05)
(2.77197e-05 -0.0127916 -0.0154238 -0.0127916 2.82684e-05 -0.00812184 -0.0154238 -0.00812184 0.000101638)
(4.59461e-05 -0.012793 -0.0154192 -0.012793 3.01735e-05 -0.00812583 -0.0154192 -0.00812583 0.000112714)
(4.61858e-05 -0.0127921 -0.0154157 -0.0127921 3.06017e-05 -0.00811954 -0.0154157 -0.00811954 0.000103124)
(2.95749e-05 -0.0127907 -0.0154198 -0.0127907 3.08441e-05 -0.00811757 -0.0154198 -0.00811757 8.67856e-05)
(9.8382e-06 -0.0127907 -0.0154261 -0.0127907 2.80001e-05 -0.00811874 -0.0154261 -0.00811874 7.88746e-05)
(2.63905e-05 -0.0127912 -0.015424 -0.0127912 2.77751e-05 -0.00812166 -0.015424 -0.00812166 9.88515e-05)
(4.6088e-05 -0.012793 -0.0154192 -0.012793 3.0188e-05 -0.00812571 -0.0154192 -0.00812571 0.000112511)
(4.42305e-05 -0.0127921 -0.0154162 -0.0127921 3.05959e-05 -0.00811943 -0.0154162 -0.00811943 0.000103275)
(3.21037e-05 -0.0127908 -0.0154193 -0.0127908 3.12699e-05 -0.0081175 -0.0154193 -0.0081175 8.68262e-05)
(1.131e-05 -0.0127909 -0.0154255 -0.0127909 2.87515e-05 -0.00811835 -0.0154255 -0.00811835 8.01796e-05)
(2.33328e-05 -0.0127917 -0.0154253 -0.0127917 2.82868e-05 -0.00812099 -0.0154253 -0.00812099 0.00010058)
(4.75938e-05 -0.0127932 -0.0154194 -0.0127932 3.04206e-05 -0.00812675 -0.0154194 -0.00812675 0.000114113)
(4.7312e-05 -0.0127919 -0.0154153 -0.0127919 3.00823e-05 -0.00812038 -0.0154153 -0.00812038 0.00010324)
(3.01426e-05 -0.0127906 -0.0154195 -0.0127906 3.06206e-05 -0.0081177 -0.0154195 -0.0081177 8.71445e-05)
(1.20992e-05 -0.0127904 -0.0154254 -0.0127904 2.77851e-05 -0.00811918 -0.0154254 -0.00811918 7.77415e-05)
(2.34356e-05 -0.0127912 -0.0154247 -0.0127912 2.76439e-05 -0.008121 -0.0154247 -0.008121 9.67323e-05)
(4.55005e-05 -0.0127937 -0.0154201 -0.0127937 3.07494e-05 -0.00812552 -0.0154201 -0.00812552 0.000114216)
(4.77032e-05 -0.0127922 -0.0154154 -0.0127922 3.06941e-05 -0.0081194 -0.0154154 -0.0081194 0.000103033)
(3.00559e-05 -0.0127909 -0.0154197 -0.0127909 3.14711e-05 -0.00811716 -0.0154197 -0.00811716 8.76993e-05)
(1.30446e-05 -0.0127904 -0.0154247 -0.0127904 2.80127e-05 -0.00811869 -0.0154247 -0.00811869 8.16208e-05)
(2.45242e-05 -0.0127904 -0.0154239 -0.0127904 2.69263e-05 -0.00812174 -0.0154239 -0.00812174 9.489e-05)
(4.3046e-05 -0.0127928 -0.0154202 -0.0127928 2.98985e-05 -0.00812563 -0.0154202 -0.00812563 0.000111843)
(4.63572e-05 -0.0127921 -0.0154156 -0.0127921 3.05093e-05 -0.00811976 -0.0154156 -0.00811976 0.000103351)
(2.68447e-05 -0.0127909 -0.0154211 -0.0127909 3.19307e-05 -0.00811744 -0.0154211 -0.00811744 8.37261e-05)
(1.15533e-05 -0.0127913 -0.0154255 -0.0127913 2.9034e-05 -0.00811782 -0.0154255 -0.00811782 8.40907e-05)
(2.7969e-05 -0.0127922 -0.0154241 -0.0127922 2.90263e-05 -0.00812184 -0.0154241 -0.00812184 0.000104822)
(4.58916e-05 -0.0127934 -0.0154197 -0.0127934 3.05497e-05 -0.00812595 -0.0154197 -0.00812595 0.000114134)
(2.61722e-05 -0.0127917 -0.015421 -0.0127917 3.01275e-05 -0.00811783 -0.015421 -0.00811783 0.000103471)
(2.12882e-05 -0.0127916 -0.0154233 -0.0127916 2.90704e-05 -0.00812009 -0.0154233 -0.00812009 0.000106674)
(2.36971e-05 -0.0127926 -0.0154245 -0.0127926 2.92375e-05 -0.00812006 -0.0154245 -0.00812006 0.000106907)
(2.68816e-05 -0.0127936 -0.0154236 -0.0127936 3.11282e-05 -0.00811672 -0.0154236 -0.00811672 0.000103403)
(3.18048e-05 -0.0127923 -0.0154204 -0.0127923 3.12672e-05 -0.00811617 -0.0154204 -0.00811617 0.00010122)
(2.91454e-05 -0.0127915 -0.0154198 -0.0127915 3.02437e-05 -0.00811772 -0.0154198 -0.00811772 0.00010323)
(2.41027e-05 -0.0127914 -0.0154223 -0.0127914 2.89956e-05 -0.00812054 -0.0154223 -0.00812054 0.000107027)
(2.56955e-05 -0.0127924 -0.0154238 -0.0127924 2.90485e-05 -0.00812029 -0.0154238 -0.00812029 0.000106588)
(2.73175e-05 -0.0127935 -0.0154235 -0.0127935 3.09336e-05 -0.00811686 -0.0154235 -0.00811686 0.000102861)
(2.79763e-05 -0.0127924 -0.0154214 -0.0127924 3.11057e-05 -0.00811625 -0.0154214 -0.00811625 0.00010151)
(2.69953e-05 -0.0127914 -0.0154204 -0.0127914 3.00082e-05 -0.00811778 -0.0154204 -0.00811778 0.000103004)
(2.48662e-05 -0.0127914 -0.0154222 -0.0127914 2.88629e-05 -0.0081207 -0.0154222 -0.0081207 0.000106817)
(2.51138e-05 -0.0127926 -0.0154241 -0.0127926 2.91713e-05 -0.00812002 -0.0154241 -0.00812002 0.000106563)
(2.849e-05 -0.0127933 -0.015423 -0.0127933 3.08695e-05 -0.00811675 -0.015423 -0.00811675 0.000102246)
(3.07161e-05 -0.0127922 -0.0154205 -0.0127922 3.08177e-05 -0.00811663 -0.0154205 -0.00811663 0.000101416)
(2.70847e-05 -0.0127916 -0.0154205 -0.0127916 3.01678e-05 -0.00811773 -0.0154205 -0.00811773 0.000103348)
(2.56689e-05 -0.0127913 -0.0154218 -0.0127913 2.8735e-05 -0.00812083 -0.0154218 -0.00812083 0.000106509)
(2.52846e-05 -0.0127925 -0.0154241 -0.0127925 2.9111e-05 -0.00812044 -0.0154241 -0.00812044 0.000107125)
(2.55669e-05 -0.0127936 -0.0154239 -0.0127936 3.11651e-05 -0.00811642 -0.0154239 -0.00811642 0.000102544)
(2.99403e-05 -0.0127923 -0.0154209 -0.0127923 3.10606e-05 -0.00811638 -0.0154209 -0.00811638 0.00010147)
(2.63375e-05 -0.0127918 -0.0154208 -0.0127918 3.04665e-05 -0.00811748 -0.0154208 -0.00811748 0.000103624)
(2.39159e-05 -0.0127914 -0.0154222 -0.0127914 2.90617e-05 -0.00812009 -0.0154222 -0.00812009 0.000106341)
(2.82135e-05 -0.0127923 -0.015423 -0.0127923 2.89361e-05 -0.00812103 -0.015423 -0.00812103 0.000107501)
(2.85766e-05 -0.0127933 -0.0154231 -0.0127933 3.06687e-05 -0.00811701 -0.0154231 -0.00811701 0.000102484)
(2.79637e-05 -0.0127923 -0.0154214 -0.0127923 3.10811e-05 -0.00811621 -0.0154214 -0.00811621 0.000100932)
(2.65374e-05 -0.0127916 -0.0154207 -0.0127916 3.01332e-05 -0.00811787 -0.0154207 -0.00811787 0.000103669)
(2.44669e-05 -0.0127914 -0.0154221 -0.0127914 2.89682e-05 -0.00812029 -0.0154221 -0.00812029 0.000106252)
(2.56903e-05 -0.0127925 -0.0154239 -0.0127925 2.91406e-05 -0.00812061 -0.0154239 -0.00812061 0.000107517)
(2.82808e-05 -0.0127934 -0.0154232 -0.0127934 3.08237e-05 -0.00811698 -0.0154232 -0.00811698 0.000103267)
(3.08057e-05 -0.0127923 -0.0154207 -0.0127923 3.11521e-05 -0.00811622 -0.0154207 -0.00811622 0.00010101)
(2.67532e-05 -0.0127915 -0.0154204 -0.0127915 3.02769e-05 -0.00811765 -0.0154204 -0.00811765 0.000103566)
(2.55766e-05 -0.0127912 -0.0154217 -0.0127912 2.87333e-05 -0.00812056 -0.0154217 -0.00812056 0.00010597)
(2.62608e-05 -0.0127924 -0.0154237 -0.0127924 2.90227e-05 -0.00812069 -0.0154237 -0.00812069 0.000107087)
(2.71785e-05 -0.0127933 -0.0154234 -0.0127933 3.0529e-05 -0.00811729 -0.0154234 -0.00811729 0.000103246)
(2.86756e-05 -0.0127924 -0.0154214 -0.0127924 3.10142e-05 -0.00811623 -0.0154214 -0.00811623 0.000100815)
(2.5112e-05 -0.0127917 -0.0154211 -0.0127917 3.05263e-05 -0.00811729 -0.0154211 -0.00811729 0.000103561)
(2.56193e-05 -0.0127912 -0.0154216 -0.0127912 2.87376e-05 -0.00812069 -0.0154216 -0.00812069 0.00010646)
(2.66849e-05 -0.0127924 -0.0154234 -0.0127924 2.89798e-05 -0.00812026 -0.0154234 -0.00812026 0.000106311)
(2.87225e-05 -0.0127933 -0.0154229 -0.0127933 3.0931e-05 -0.00811682 -0.0154229 -0.00811682 0.000102625)
(3.33963e-05 -0.0127919 -0.0154198 -0.0127919 3.03624e-05 -0.00811704 -0.0154198 -0.00811704 0.000100476)
(3.07393e-05 -0.0127888 -0.015429 -0.0127888 2.0866e-05 -0.00812927 -0.015429 -0.00812927 4.42777e-05)
(3.68397e-05 -0.0127899 -0.0154293 -0.0127899 2.14356e-05 -0.00812995 -0.0154293 -0.00812995 4.37132e-05)
(3.42937e-05 -0.0127901 -0.0154322 -0.0127901 2.17462e-05 -0.00812981 -0.0154322 -0.00812981 4.24631e-05)
(2.30161e-05 -0.01279 -0.0154363 -0.01279 2.30938e-05 -0.00812969 -0.0154363 -0.00812969 4.21412e-05)
(2.19439e-05 -0.012789 -0.0154331 -0.012789 2.18291e-05 -0.00812868 -0.0154331 -0.00812868 4.30761e-05)
(3.06505e-05 -0.0127888 -0.0154289 -0.0127888 2.08626e-05 -0.0081293 -0.0154289 -0.0081293 4.39383e-05)
(3.79998e-05 -0.01279 -0.0154289 -0.01279 2.15964e-05 -0.00813016 -0.0154289 -0.00813016 4.37622e-05)
(3.63162e-05 -0.0127903 -0.015432 -0.0127903 2.18638e-05 -0.00813015 -0.015432 -0.00813015 4.20936e-05)
(2.49262e-05 -0.0127897 -0.0154357 -0.0127897 2.25142e-05 -0.00812989 -0.0154357 -0.00812989 4.15634e-05)
(2.15109e-05 -0.0127888 -0.015433 -0.0127888 2.15458e-05 -0.00812863 -0.015433 -0.00812863 4.30229e-05)
(2.8984e-05 -0.0127886 -0.0154294 -0.0127886 2.07494e-05 -0.00812905 -0.0154294 -0.00812905 4.38708e-05)
(3.73031e-05 -0.0127899 -0.015429 -0.0127899 2.15083e-05 -0.00812991 -0.015429 -0.00812991 4.4271e-05)
(3.48747e-05 -0.0127902 -0.0154327 -0.0127902 2.19268e-05 -0.00812999 -0.0154327 -0.00812999 4.23165e-05)
(2.35558e-05 -0.0127899 -0.0154359 -0.0127899 2.28475e-05 -0.00812973 -0.0154359 -0.00812973 4.20248e-05)
(2.27307e-05 -0.0127887 -0.0154322 -0.0127887 2.14481e-05 -0.00812853 -0.0154322 -0.00812853 4.35816e-05)
(3.01749e-05 -0.0127888 -0.0154292 -0.0127888 2.07802e-05 -0.00812925 -0.0154292 -0.00812925 4.36163e-05)
(3.72833e-05 -0.0127899 -0.015429 -0.0127899 2.15195e-05 -0.00812994 -0.015429 -0.00812994 4.43256e-05)
(3.53731e-05 -0.0127901 -0.0154317 -0.0127901 2.18132e-05 -0.00812981 -0.0154317 -0.00812981 4.30399e-05)
(2.42567e-05 -0.0127898 -0.0154359 -0.0127898 2.27549e-05 -0.00812982 -0.0154359 -0.00812982 4.17778e-05)
(2.26106e-05 -0.0127889 -0.0154327 -0.0127889 2.16174e-05 -0.00812867 -0.0154327 -0.00812867 4.31711e-05)
(3.02228e-05 -0.0127888 -0.0154289 -0.0127888 2.07569e-05 -0.00812921 -0.0154289 -0.00812921 4.37428e-05)
(3.64617e-05 -0.0127898 -0.0154292 -0.0127898 2.14206e-05 -0.00812995 -0.0154292 -0.00812995 4.35536e-05)
(3.52789e-05 -0.0127901 -0.0154319 -0.0127901 2.18837e-05 -0.00812979 -0.0154319 -0.00812979 4.32298e-05)
(2.54806e-05 -0.0127899 -0.0154357 -0.0127899 2.26944e-05 -0.00812989 -0.0154357 -0.00812989 4.19616e-05)
(2.3107e-05 -0.0127887 -0.0154322 -0.0127887 2.14613e-05 -0.00812858 -0.0154322 -0.00812858 4.35786e-05)
(2.97524e-05 -0.0127887 -0.015429 -0.0127887 2.07342e-05 -0.00812909 -0.015429 -0.00812909 4.40141e-05)
(3.71004e-05 -0.0127898 -0.0154286 -0.0127898 2.14562e-05 -0.00812992 -0.0154286 -0.00812992 4.42838e-05)
(3.42316e-05 -0.01279 -0.015432 -0.01279 2.17451e-05 -0.0081297 -0.015432 -0.0081297 4.31071e-05)
(2.3345e-05 -0.0127901 -0.0154365 -0.0127901 2.31396e-05 -0.00812984 -0.0154365 -0.00812984 4.21533e-05)
(2.28904e-05 -0.0127888 -0.0154325 -0.0127888 2.16041e-05 -0.0081287 -0.0154325 -0.0081287 4.30763e-05)
(3.09366e-05 -0.0127888 -0.0154289 -0.0127888 2.08252e-05 -0.0081294 -0.0154289 -0.0081294 4.35426e-05)
(3.80582e-05 -0.01279 -0.015429 -0.01279 2.16416e-05 -0.00813022 -0.015429 -0.00813022 4.35893e-05)
(3.55734e-05 -0.01279 -0.0154314 -0.01279 2.17384e-05 -0.00812987 -0.0154314 -0.00812987 4.29611e-05)
(2.50283e-05 -0.0127897 -0.0154354 -0.0127897 2.24608e-05 -0.00812973 -0.0154354 -0.00812973 4.18078e-05)
(2.28828e-05 -0.0127889 -0.0154327 -0.0127889 2.15901e-05 -0.00812869 -0.0154327 -0.00812869 4.32166e-05)
(2.81928e-05 -0.0127886 -0.0154297 -0.0127886 2.06702e-05 -0.00812898 -0.0154297 -0.00812898 4.3592e-05)
(3.66275e-05 -0.0127898 -0.015429 -0.0127898 2.13946e-05 -0.00812985 -0.015429 -0.00812985 4.38546e-05)
(3.62672e-05 -0.0127903 -0.0154319 -0.0127903 2.20226e-05 -0.00812996 -0.0154319 -0.00812996 4.29121e-05)
(2.4276e-05 -0.0127898 -0.015436 -0.0127898 2.27873e-05 -0.00812987 -0.015436 -0.00812987 4.19213e-05)
(2.28438e-05 -0.0127887 -0.0154322 -0.0127887 2.14813e-05 -0.00812857 -0.0154322 -0.00812857 4.37464e-05)
(2.56643e-05 -0.0127882 -0.0154254 -0.0127882 2.23703e-05 -0.00812461 -0.0154254 -0.00812461 6.79388e-05)
(3.45348e-05 -0.0127888 -0.0154221 -0.0127888 2.25928e-05 -0.00812515 -0.0154221 -0.00812515 6.99382e-05)
(5.33588e-05 -0.0127911 -0.0154173 -0.0127911 2.36661e-05 -0.00812897 -0.0154173 -0.00812897 6.8203e-05)
(5.58047e-05 -0.0127923 -0.0154174 -0.0127923 2.59676e-05 -0.008133 -0.0154174 -0.008133 6.83559e-05)
(3.29164e-05 -0.0127874 -0.0154221 -0.0127874 2.21578e-05 -0.00812816 -0.0154221 -0.00812816 6.93773e-05)
(2.41706e-05 -0.0127882 -0.0154254 -0.0127882 2.25764e-05 -0.00812417 -0.0154254 -0.00812417 6.93674e-05)
(3.41605e-05 -0.0127888 -0.0154222 -0.0127888 2.27041e-05 -0.00812492 -0.0154222 -0.00812492 7.05844e-05)
(5.27305e-05 -0.0127909 -0.0154174 -0.0127909 2.36507e-05 -0.00812898 -0.0154174 -0.00812898 6.85108e-05)
(5.80026e-05 -0.0127929 -0.0154172 -0.0127929 2.66829e-05 -0.00813371 -0.0154172 -0.00813371 6.85257e-05)
(3.5065e-05 -0.0127877 -0.0154216 -0.0127877 2.23794e-05 -0.00812855 -0.0154216 -0.00812855 6.90043e-05)
(2.52071e-05 -0.0127882 -0.0154251 -0.0127882 2.25351e-05 -0.00812438 -0.0154251 -0.00812438 6.90915e-05)
(3.59492e-05 -0.0127889 -0.0154219 -0.0127889 2.25648e-05 -0.00812543 -0.0154219 -0.00812543 6.95835e-05)
(5.3086e-05 -0.0127911 -0.0154173 -0.0127911 2.37054e-05 -0.0081293 -0.0154173 -0.0081293 6.78208e-05)
(5.51078e-05 -0.012792 -0.0154173 -0.012792 2.60784e-05 -0.00813316 -0.0154173 -0.00813316 6.98743e-05)
(3.27506e-05 -0.0127874 -0.0154224 -0.0127874 2.21193e-05 -0.00812788 -0.0154224 -0.00812788 6.89889e-05)
(2.5677e-05 -0.0127883 -0.015425 -0.0127883 2.2569e-05 -0.00812437 -0.015425 -0.00812437 6.90739e-05)
(3.72236e-05 -0.012789 -0.0154213 -0.012789 2.26593e-05 -0.00812563 -0.0154213 -0.00812563 7.04576e-05)
(5.18971e-05 -0.0127908 -0.0154174 -0.0127908 2.35674e-05 -0.00812875 -0.0154174 -0.00812875 6.9067e-05)
(5.47298e-05 -0.0127918 -0.0154172 -0.0127918 2.5694e-05 -0.0081326 -0.0154172 -0.0081326 7.01053e-05)
(3.28938e-05 -0.0127874 -0.0154221 -0.0127874 2.21181e-05 -0.008128 -0.0154221 -0.008128 6.91383e-05)
(2.42057e-05 -0.0127883 -0.0154253 -0.0127883 2.27554e-05 -0.00812399 -0.0154253 -0.00812399 6.96283e-05)
(3.84805e-05 -0.012789 -0.015421 -0.012789 2.28229e-05 -0.00812575 -0.015421 -0.00812575 7.09551e-05)
(5.32614e-05 -0.0127912 -0.0154175 -0.0127912 2.37713e-05 -0.00812942 -0.0154175 -0.00812942 6.77924e-05)
(5.40104e-05 -0.0127918 -0.0154178 -0.0127918 2.56755e-05 -0.0081328 -0.0154178 -0.0081328 6.84524e-05)
(3.34357e-05 -0.0127875 -0.0154218 -0.0127875 2.22706e-05 -0.00812798 -0.0154218 -0.00812798 7.0391e-05)
(2.45612e-05 -0.0127882 -0.0154256 -0.0127882 2.24902e-05 -0.00812438 -0.0154256 -0.00812438 6.7842e-05)
(3.78979e-05 -0.012789 -0.0154213 -0.012789 2.27602e-05 -0.0081257 -0.0154213 -0.0081257 7.06213e-05)
(5.57887e-05 -0.0127916 -0.0154169 -0.0127916 2.41023e-05 -0.00812972 -0.0154169 -0.00812972 6.8255e-05)
(5.38543e-05 -0.0127918 -0.0154174 -0.0127918 2.56195e-05 -0.00813269 -0.0154174 -0.00813269 6.92345e-05)
(3.15347e-05 -0.0127872 -0.0154224 -0.0127872 2.21228e-05 -0.00812772 -0.0154224 -0.00812772 7.06886e-05)
(2.38822e-05 -0.0127883 -0.0154256 -0.0127883 2.26369e-05 -0.00812405 -0.0154256 -0.00812405 6.91959e-05)
(3.66472e-05 -0.012789 -0.0154213 -0.012789 2.28381e-05 -0.00812522 -0.0154213 -0.00812522 7.11549e-05)
(5.3062e-05 -0.012791 -0.0154174 -0.012791 2.37534e-05 -0.00812916 -0.0154174 -0.00812916 6.87158e-05)
(5.46969e-05 -0.0127919 -0.0154177 -0.0127919 2.55332e-05 -0.00813251 -0.0154177 -0.00813251 6.82285e-05)
(3.57035e-05 -0.0127878 -0.0154211 -0.0127878 2.25383e-05 -0.00812842 -0.0154211 -0.00812842 7.0616e-05)
(2.46411e-05 -0.0127881 -0.0154252 -0.0127881 2.2495e-05 -0.00812437 -0.0154252 -0.00812437 6.86421e-05)
(3.46153e-05 -0.0127889 -0.0154219 -0.0127889 2.28602e-05 -0.00812476 -0.0154219 -0.00812476 7.14126e-05)
(5.44461e-05 -0.0127914 -0.0154172 -0.0127914 2.3966e-05 -0.00812965 -0.0154172 -0.00812965 6.79019e-05)
(5.53588e-05 -0.0127924 -0.0154179 -0.0127924 2.61578e-05 -0.00813339 -0.0154179 -0.00813339 6.68537e-05)
(3.50866e-05 -0.0127877 -0.0154218 -0.0127877 2.23634e-05 -0.00812847 -0.0154218 -0.00812847 6.90847e-05)
(4.46245e-05 -0.0127899 -0.0154203 -0.0127899 2.22943e-05 -0.00812796 -0.0154203 -0.00812796 6.08413e-05)
(1.39889e-05 -0.0127883 -0.0154321 -0.0127883 2.09934e-05 -0.00812672 -0.0154321 -0.00812672 4.51619e-05)
(8.27503e-06 -0.0127902 -0.0154404 -0.0127902 2.3354e-05 -0.00813018 -0.0154404 -0.00813018 3.98165e-05)
(2.78947e-05 -0.0127899 -0.0154348 -0.0127899 2.25452e-05 -0.00812963 -0.0154348 -0.00812963 4.32393e-05)
(6.27564e-05 -0.0127926 -0.0154182 -0.0127926 2.41547e-05 -0.00812896 -0.0154182 -0.00812896 6.18772e-05)
(4.63862e-05 -0.0127899 -0.0154189 -0.0127899 2.26327e-05 -0.00812758 -0.0154189 -0.00812758 6.53691e-05)
(1.41739e-05 -0.0127882 -0.0154319 -0.0127882 2.08534e-05 -0.00812671 -0.0154319 -0.00812671 4.5221e-05)
(7.83092e-06 -0.01279 -0.0154399 -0.01279 2.30366e-05 -0.00812992 -0.0154399 -0.00812992 3.94652e-05)
(2.53833e-05 -0.01279 -0.0154361 -0.01279 2.30218e-05 -0.00812981 -0.0154361 -0.00812981 4.31532e-05)
(6.16192e-05 -0.0127923 -0.0154185 -0.0127923 2.40162e-05 -0.0081286 -0.0154185 -0.0081286 6.18827e-05)
(4.42584e-05 -0.0127896 -0.0154193 -0.0127896 2.23903e-05 -0.00812729 -0.0154193 -0.00812729 6.50719e-05)
(1.31894e-05 -0.0127883 -0.0154328 -0.0127883 2.09128e-05 -0.00812703 -0.0154328 -0.00812703 4.39145e-05)
(9.11748e-06 -0.0127903 -0.0154403 -0.0127903 2.35056e-05 -0.0081301 -0.0154403 -0.0081301 4.02798e-05)
(3.0221e-05 -0.0127899 -0.0154337 -0.0127899 2.25606e-05 -0.00812952 -0.0154337 -0.00812952 4.39999e-05)
(6.15108e-05 -0.0127922 -0.0154177 -0.0127922 2.40136e-05 -0.00812852 -0.0154177 -0.00812852 6.34041e-05)
(4.05993e-05 -0.0127892 -0.0154205 -0.0127892 2.20568e-05 -0.0081268 -0.0154205 -0.0081268 6.34542e-05)
(1.34522e-05 -0.0127884 -0.0154323 -0.0127884 2.12728e-05 -0.00812667 -0.0154323 -0.00812667 4.544e-05)
(1.11261e-05 -0.0127896 -0.0154394 -0.0127896 2.27696e-05 -0.00813 -0.0154394 -0.00813 3.9894e-05)
(2.8203e-05 -0.0127898 -0.0154345 -0.0127898 2.24728e-05 -0.00812964 -0.0154345 -0.00812964 4.3152e-05)
(6.09505e-05 -0.0127924 -0.0154187 -0.0127924 2.39604e-05 -0.00812887 -0.0154187 -0.00812887 6.08343e-05)
(4.26212e-05 -0.0127893 -0.0154193 -0.0127893 2.2345e-05 -0.00812701 -0.0154193 -0.00812701 6.64546e-05)
(1.07995e-05 -0.0127885 -0.0154324 -0.0127885 2.13474e-05 -0.008126 -0.0154324 -0.008126 4.64485e-05)
(1.03793e-05 -0.0127899 -0.0154394 -0.0127899 2.30645e-05 -0.00812982 -0.0154394 -0.00812982 4.03718e-05)
(3.01566e-05 -0.01279 -0.0154346 -0.01279 2.27235e-05 -0.00812989 -0.0154346 -0.00812989 4.32581e-05)
(6.02933e-05 -0.0127922 -0.0154187 -0.0127922 2.38984e-05 -0.00812873 -0.0154187 -0.00812873 6.10867e-05)
(4.23282e-05 -0.0127893 -0.0154196 -0.0127893 2.22756e-05 -0.00812712 -0.0154196 -0.00812712 6.56288e-05)
(1.03616e-05 -0.0127885 -0.0154321 -0.0127885 2.14214e-05 -0.00812572 -0.0154321 -0.00812572 4.72943e-05)
(8.61149e-06 -0.0127904 -0.0154404 -0.0127904 2.37428e-05 -0.00813013 -0.0154404 -0.00813013 4.04561e-05)
(3.20659e-05 -0.0127902 -0.015435 -0.0127902 2.25751e-05 -0.00813037 -0.015435 -0.00813037 4.21705e-05)
(6.31634e-05 -0.0127928 -0.0154178 -0.0127928 2.42911e-05 -0.00812938 -0.0154178 -0.00812938 6.18797e-05)
(4.33327e-05 -0.0127896 -0.0154199 -0.0127896 2.22627e-05 -0.00812721 -0.0154199 -0.00812721 6.37329e-05)
(1.25816e-05 -0.0127884 -0.015432 -0.0127884 2.12864e-05 -0.00812621 -0.015432 -0.00812621 4.666e-05)
(9.85998e-06 -0.0127896 -0.0154389 -0.0127896 2.26235e-05 -0.00812957 -0.0154389 -0.00812957 3.99988e-05)
(2.69643e-05 -0.0127899 -0.0154361 -0.0127899 2.27495e-05 -0.0081301 -0.0154361 -0.0081301 4.234e-05)
(5.85652e-05 -0.0127919 -0.0154194 -0.0127919 2.37525e-05 -0.00812838 -0.0154194 -0.00812838 6.07949e-05)
(4.65077e-05 -0.0127899 -0.0154188 -0.0127899 2.26401e-05 -0.00812757 -0.0154188 -0.00812757 6.58969e-05)
(1.26264e-05 -0.0127881 -0.0154316 -0.0127881 2.08788e-05 -0.00812618 -0.0154316 -0.00812618 4.64548e-05)
(7.51548e-06 -0.0127904 -0.01544 -0.0127904 2.35403e-05 -0.00812971 -0.01544 -0.00812971 4.03048e-05)
(2.92234e-05 -0.0127899 -0.0154337 -0.0127899 2.26572e-05 -0.0081292 -0.0154337 -0.0081292 4.47567e-05)
(6.09313e-05 -0.0127923 -0.0154183 -0.0127923 2.39218e-05 -0.0081287 -0.0154183 -0.0081287 6.17234e-05)
(3.69246e-05 -0.0127896 -0.0154263 -0.0127896 2.16863e-05 -0.00812811 -0.0154263 -0.00812811 5.16709e-05)
(5.31855e-05 -0.0127928 -0.015424 -0.0127928 2.45567e-05 -0.00813213 -0.015424 -0.00813213 4.76782e-05)
(3.98715e-05 -0.01279 -0.0154274 -0.01279 2.24921e-05 -0.00813031 -0.0154274 -0.00813031 4.53341e-05)
(1.30293e-05 -0.0127902 -0.0154328 -0.0127902 2.40236e-05 -0.00812535 -0.0154328 -0.00812535 5.06667e-05)
(1.32922e-05 -0.0127902 -0.0154327 -0.0127902 2.29618e-05 -0.0081242 -0.0154327 -0.0081242 5.35486e-05)
(3.50065e-05 -0.0127894 -0.0154264 -0.0127894 2.16425e-05 -0.00812749 -0.0154264 -0.00812749 5.23344e-05)
(5.12309e-05 -0.0127924 -0.0154247 -0.0127924 2.41606e-05 -0.0081319 -0.0154247 -0.0081319 4.67398e-05)
(4.10185e-05 -0.0127903 -0.0154277 -0.0127903 2.26789e-05 -0.00813036 -0.0154277 -0.00813036 4.52077e-05)
(1.70147e-05 -0.0127896 -0.0154315 -0.0127896 2.32635e-05 -0.00812574 -0.0154315 -0.00812574 5.07838e-05)
(1.46721e-05 -0.0127898 -0.0154317 -0.0127898 2.24968e-05 -0.00812413 -0.0154317 -0.00812413 5.45831e-05)
(3.45752e-05 -0.0127894 -0.0154268 -0.0127894 2.15685e-05 -0.00812764 -0.0154268 -0.00812764 5.1447e-05)
(5.24703e-05 -0.0127925 -0.0154239 -0.0127925 2.43393e-05 -0.00813192 -0.0154239 -0.00813192 4.79016e-05)
(3.81474e-05 -0.0127898 -0.0154281 -0.0127898 2.23538e-05 -0.0081302 -0.0154281 -0.0081302 4.46842e-05)
(1.12384e-05 -0.0127906 -0.0154328 -0.0127906 2.47573e-05 -0.00812455 -0.0154328 -0.00812455 5.27396e-05)
(1.71376e-05 -0.0127895 -0.0154304 -0.0127895 2.24127e-05 -0.00812415 -0.0154304 -0.00812415 5.62232e-05)
(3.86694e-05 -0.0127899 -0.0154267 -0.0127899 2.16709e-05 -0.00812884 -0.0154267 -0.00812884 4.91896e-05)
(4.92473e-05 -0.0127914 -0.0154233 -0.0127914 2.36611e-05 -0.00813113 -0.0154233 -0.00813113 5.08207e-05)
(3.65708e-05 -0.0127894 -0.0154272 -0.0127894 2.21766e-05 -0.00812951 -0.0154272 -0.00812951 4.70964e-05)
(1.57224e-05 -0.0127898 -0.0154315 -0.0127898 2.35333e-05 -0.00812531 -0.0154315 -0.00812531 5.18831e-05)
(1.48867e-05 -0.0127898 -0.0154309 -0.0127898 2.28022e-05 -0.0081236 -0.0154309 -0.0081236 5.70877e-05)
(3.92943e-05 -0.0127899 -0.0154257 -0.0127899 2.17378e-05 -0.00812836 -0.0154257 -0.00812836 5.13807e-05)
(5.31167e-05 -0.0127928 -0.0154241 -0.0127928 2.45302e-05 -0.00813212 -0.0154241 -0.00813212 4.7689e-05)
(3.43001e-05 -0.0127892 -0.015428 -0.0127892 2.21153e-05 -0.00812919 -0.015428 -0.00812919 4.67372e-05)
(1.26363e-05 -0.0127902 -0.0154325 -0.0127902 2.42193e-05 -0.00812503 -0.0154325 -0.00812503 5.16406e-05)
(1.73362e-05 -0.0127893 -0.0154303 -0.0127893 2.22029e-05 -0.00812415 -0.0154303 -0.00812415 5.66625e-05)
(3.91239e-05 -0.01279 -0.0154264 -0.01279 2.16986e-05 -0.00812864 -0.0154264 -0.00812864 4.99861e-05)
(5.48796e-05 -0.0127928 -0.0154231 -0.0127928 2.4622e-05 -0.00813195 -0.0154231 -0.00813195 4.95337e-05)
(3.38809e-05 -0.0127892 -0.0154286 -0.0127892 2.21058e-05 -0.00812953 -0.0154286 -0.00812953 4.55612e-05)
(7.30648e-06 -0.012791 -0.0154342 -0.012791 2.51111e-05 -0.00812483 -0.0154342 -0.00812483 5.08065e-05)
(1.43041e-05 -0.0127901 -0.0154312 -0.0127901 2.33111e-05 -0.0081234 -0.0154312 -0.0081234 5.74608e-05)
(3.96394e-05 -0.0127902 -0.0154272 -0.0127902 2.18005e-05 -0.00812891 -0.0154272 -0.00812891 4.84636e-05)
(5.223e-05 -0.0127925 -0.0154233 -0.0127925 2.45458e-05 -0.00813218 -0.0154233 -0.00813218 4.89818e-05)
(3.71031e-05 -0.0127895 -0.0154271 -0.0127895 2.22704e-05 -0.00812941 -0.0154271 -0.00812941 4.74977e-05)
(1.81979e-05 -0.0127897 -0.015432 -0.0127897 2.31608e-05 -0.00812636 -0.015432 -0.00812636 4.93381e-05)
(1.68233e-05 -0.0127893 -0.0154298 -0.0127893 2.22522e-05 -0.00812377 -0.0154298 -0.00812377 5.81176e-05)
(3.39904e-05 -0.0127894 -0.0154272 -0.0127894 2.1486e-05 -0.0081277 -0.0154272 -0.0081277 5.07424e-05)
(5.50171e-05 -0.0127934 -0.015424 -0.0127934 2.50828e-05 -0.00813257 -0.015424 -0.00813257 4.71298e-05)
(3.91409e-05 -0.0127898 -0.015427 -0.0127898 2.2427e-05 -0.00812985 -0.015427 -0.00812985 4.658e-05)
(1.15979e-05 -0.0127906 -0.0154338 -0.0127906 2.44039e-05 -0.00812555 -0.0154338 -0.00812555 4.96574e-05)
(1.54435e-05 -0.0127899 -0.015432 -0.0127899 2.25843e-05 -0.0081244 -0.015432 -0.0081244 5.41093e-05)
(1.38548e-05 -0.0127888 -0.0154293 -0.0127888 2.24103e-05 -0.00812367 -0.0154293 -0.00812367 5.84955e-05)
(1.32981e-05 -0.0127887 -0.0154278 -0.0127887 2.30461e-05 -0.00812257 -0.0154278 -0.00812257 6.42786e-05)
(4.40942e-05 -0.0127904 -0.0154241 -0.0127904 2.2328e-05 -0.00812941 -0.0154241 -0.00812941 5.10255e-05)
(5.9602e-05 -0.0127971 -0.0154271 -0.0127971 2.89951e-05 -0.00813477 -0.0154271 -0.00813477 3.93039e-05)
(4.04607e-05 -0.0127902 -0.0154263 -0.0127902 2.20446e-05 -0.00812948 -0.0154263 -0.00812948 4.78725e-05)
(1.45798e-05 -0.0127888 -0.0154288 -0.0127888 2.25047e-05 -0.0081234 -0.0154288 -0.0081234 6.05196e-05)
(1.40738e-05 -0.0127883 -0.0154279 -0.0127883 2.24217e-05 -0.00812325 -0.0154279 -0.00812325 6.26673e-05)
(3.73728e-05 -0.0127894 -0.0154256 -0.0127894 2.17943e-05 -0.0081285 -0.0154256 -0.0081285 5.07935e-05)
(5.45756e-05 -0.0127949 -0.0154278 -0.0127949 2.64631e-05 -0.00813361 -0.0154278 -0.00813361 3.9783e-05)
(4.31729e-05 -0.0127906 -0.0154252 -0.0127906 2.23341e-05 -0.0081297 -0.0154252 -0.0081297 4.87176e-05)
(1.71901e-05 -0.0127882 -0.0154282 -0.0127882 2.17479e-05 -0.00812423 -0.0154282 -0.00812423 5.95861e-05)
(1.25378e-05 -0.0127886 -0.0154287 -0.0127886 2.27879e-05 -0.00812295 -0.0154287 -0.00812295 6.23249e-05)
(4.62314e-05 -0.0127908 -0.015424 -0.0127908 2.25747e-05 -0.00812974 -0.015424 -0.00812974 5.0321e-05)
(5.79344e-05 -0.0127962 -0.0154261 -0.0127962 2.79588e-05 -0.00813444 -0.0154261 -0.00813444 4.1021e-05)
(3.35886e-05 -0.0127889 -0.0154253 -0.0127889 2.15022e-05 -0.00812769 -0.0154253 -0.00812769 5.32488e-05)
(1.4748e-05 -0.0127887 -0.0154287 -0.0127887 2.24249e-05 -0.00812363 -0.0154287 -0.00812363 5.95566e-05)
(1.93555e-05 -0.0127881 -0.0154261 -0.0127881 2.2297e-05 -0.00812378 -0.0154261 -0.00812378 6.33957e-05)
(4.28367e-05 -0.0127901 -0.0154236 -0.0127901 2.2207e-05 -0.00812905 -0.0154236 -0.00812905 5.26288e-05)
(5.52769e-05 -0.0127951 -0.0154264 -0.0127951 2.66689e-05 -0.00813379 -0.0154264 -0.00813379 4.12968e-05)
(3.87778e-05 -0.0127898 -0.015426 -0.0127898 2.18274e-05 -0.00812921 -0.015426 -0.00812921 4.88425e-05)
(1.33966e-05 -0.0127887 -0.015429 -0.0127887 2.24489e-05 -0.00812311 -0.015429 -0.00812311 6.16942e-05)
(1.87266e-05 -0.012788 -0.0154263 -0.012788 2.22072e-05 -0.00812384 -0.0154263 -0.00812384 6.35619e-05)
(4.62691e-05 -0.0127907 -0.015424 -0.0127907 2.25832e-05 -0.00812944 -0.015424 -0.00812944 5.09741e-05)
(5.25274e-05 -0.0127941 -0.0154268 -0.0127941 2.57718e-05 -0.00813335 -0.0154268 -0.00813335 4.13775e-05)
(3.57537e-05 -0.0127892 -0.0154258 -0.0127892 2.14797e-05 -0.00812877 -0.0154258 -0.00812877 4.98945e-05)
(1.35808e-05 -0.0127888 -0.015429 -0.0127888 2.26148e-05 -0.00812328 -0.015429 -0.00812328 6.00733e-05)
(1.81616e-05 -0.012788 -0.0154257 -0.012788 2.24669e-05 -0.0081233 -0.0154257 -0.0081233 6.63203e-05)
(5.10125e-05 -0.0127918 -0.0154224 -0.0127918 2.34555e-05 -0.00813077 -0.0154224 -0.00813077 5.17722e-05)
(6.01282e-05 -0.0127973 -0.0154264 -0.0127973 2.95707e-05 -0.00813515 -0.0154264 -0.00813515 4.01952e-05)
(3.39645e-05 -0.0127889 -0.0154256 -0.0127889 2.14391e-05 -0.00812813 -0.0154256 -0.00812813 5.17169e-05)
(1.12009e-05 -0.0127891 -0.0154306 -0.0127891 2.26705e-05 -0.00812343 -0.0154306 -0.00812343 5.79687e-05)
(1.65311e-05 -0.0127885 -0.015427 -0.0127885 2.28985e-05 -0.00812309 -0.015427 -0.00812309 6.40634e-05)
(4.18136e-05 -0.0127898 -0.0154237 -0.0127898 2.21581e-05 -0.00812847 -0.0154237 -0.00812847 5.34307e-05)
(5.13403e-05 -0.0127939 -0.0154283 -0.0127939 2.55035e-05 -0.00813317 -0.0154283 -0.00813317 3.96671e-05)
(4.20378e-05 -0.0127902 -0.0154246 -0.0127902 2.21977e-05 -0.00812912 -0.0154246 -0.00812912 5.0648e-05)
(1.70372e-05 -0.0127883 -0.0154279 -0.0127883 2.19171e-05 -0.00812398 -0.0154279 -0.00812398 6.05786e-05)
(1.20503e-05 -0.0127886 -0.0154281 -0.0127886 2.30982e-05 -0.00812234 -0.0154281 -0.00812234 6.52775e-05)
(4.6816e-05 -0.0127908 -0.0154234 -0.0127908 2.26656e-05 -0.00812969 -0.0154234 -0.00812969 5.17417e-05)
(5.69443e-05 -0.0127963 -0.0154277 -0.0127963 2.82361e-05 -0.00813442 -0.0154277 -0.00813442 3.8646e-05)
(3.6497e-05 -0.0127895 -0.0154268 -0.0127895 2.15643e-05 -0.00812918 -0.0154268 -0.00812918 4.75016e-05)
(6.14158e-05 -0.0127979 -0.015423 -0.0127979 3.15683e-05 -0.00813692 -0.015423 -0.00813692 4.59365e-05)
(3.52881e-05 -0.0127885 -0.0154229 -0.0127885 2.16469e-05 -0.00812885 -0.0154229 -0.00812885 5.62854e-05)
(1.47083e-05 -0.0127871 -0.0154298 -0.0127871 2.06393e-05 -0.00812507 -0.0154298 -0.00812507 5.68793e-05)
(3.29858e-05 -0.0127881 -0.0154268 -0.0127881 2.12889e-05 -0.00812893 -0.0154268 -0.00812893 5.23392e-05)
(6.54193e-05 -0.0127993 -0.0154236 -0.0127993 3.37996e-05 -0.00813773 -0.0154236 -0.00813773 4.50476e-05)
(6.14466e-05 -0.0127994 -0.015424 -0.0127994 3.47482e-05 -0.00813835 -0.015424 -0.00813835 4.33543e-05)
(3.68002e-05 -0.0127889 -0.0154229 -0.0127889 2.17533e-05 -0.00812878 -0.0154229 -0.00812878 5.55122e-05)
(2.30597e-05 -0.0127867 -0.0154274 -0.0127867 2.03864e-05 -0.00812726 -0.0154274 -0.00812726 5.57478e-05)
(2.93459e-05 -0.0127878 -0.0154274 -0.0127878 2.10495e-05 -0.0081281 -0.0154274 -0.0081281 5.29811e-05)
(5.67146e-05 -0.0127949 -0.0154234 -0.0127949 2.8257e-05 -0.00813511 -0.0154234 -0.00813511 4.79552e-05)
(6.25396e-05 -0.0127994 -0.0154234 -0.0127994 3.37226e-05 -0.00813786 -0.0154234 -0.00813786 4.39562e-05)
(3.63047e-05 -0.0127889 -0.0154233 -0.0127889 2.16502e-05 -0.00812879 -0.0154233 -0.00812879 5.47326e-05)
(1.3337e-05 -0.0127879 -0.0154307 -0.0127879 2.12852e-05 -0.00812472 -0.0154307 -0.00812472 5.59851e-05)
(3.81645e-05 -0.0127886 -0.0154249 -0.0127886 2.21225e-05 -0.00812983 -0.0154249 -0.00812983 5.48783e-05)
(6.68436e-05 -0.0127985 -0.0154215 -0.0127985 3.23507e-05 -0.00813737 -0.0154215 -0.00813737 5.03619e-05)
(5.475e-05 -0.0127951 -0.0154238 -0.0127951 2.82078e-05 -0.00813513 -0.0154238 -0.00813513 4.54351e-05)
(3.37017e-05 -0.0127882 -0.0154232 -0.0127882 2.152e-05 -0.00812865 -0.0154232 -0.00812865 5.6885e-05)
(1.96275e-05 -0.0127868 -0.0154283 -0.0127868 2.04271e-05 -0.00812624 -0.0154283 -0.00812624 5.63791e-05)
(3.19839e-05 -0.0127881 -0.0154257 -0.0127881 2.14992e-05 -0.00812797 -0.0154257 -0.00812797 5.63755e-05)
(6.26423e-05 -0.012798 -0.0154231 -0.012798 3.24029e-05 -0.00813733 -0.0154231 -0.00813733 4.6788e-05)
(6.02641e-05 -0.0127982 -0.0154241 -0.0127982 3.20563e-05 -0.00813696 -0.0154241 -0.00813696 4.31965e-05)
(3.48316e-05 -0.0127886 -0.0154232 -0.0127886 2.16145e-05 -0.00812803 -0.0154232 -0.00812803 5.66285e-05)
(2.25531e-05 -0.0127865 -0.0154276 -0.0127865 2.03102e-05 -0.0081272 -0.0154276 -0.0081272 5.58327e-05)
(3.50881e-05 -0.012788 -0.015426 -0.012788 2.1646e-05 -0.00812951 -0.015426 -0.00812951 5.38805e-05)
(5.9779e-05 -0.012795 -0.015422 -0.012795 2.77575e-05 -0.00813461 -0.015422 -0.00813461 5.11307e-05)
(5.86906e-05 -0.0127966 -0.0154234 -0.0127966 2.95235e-05 -0.00813574 -0.0154234 -0.00813574 4.52354e-05)
(2.99653e-05 -0.0127879 -0.0154238 -0.0127879 2.12942e-05 -0.0081271 -0.0154238 -0.0081271 5.84545e-05)
(1.21452e-05 -0.0127875 -0.0154301 -0.0127875 2.11494e-05 -0.00812426 -0.0154301 -0.00812426 5.85933e-05)
(3.47009e-05 -0.0127883 -0.0154243 -0.0127883 2.18044e-05 -0.00812832 -0.0154243 -0.00812832 5.82044e-05)
(7.13458e-05 -0.0128007 -0.0154209 -0.0128007 3.52147e-05 -0.00813887 -0.0154209 -0.00813887 5.07619e-05)
(6.04486e-05 -0.0127985 -0.0154244 -0.0127985 3.23792e-05 -0.00813699 -0.0154244 -0.00813699 4.21855e-05)
(3.51771e-05 -0.0127884 -0.0154223 -0.0127884 2.17348e-05 -0.00812834 -0.0154223 -0.00812834 5.8734e-05)
(2.25919e-05 -0.0127865 -0.0154272 -0.0127865 2.03833e-05 -0.00812703 -0.0154272 -0.00812703 5.76094e-05)
(3.13327e-05 -0.0127881 -0.0154267 -0.0127881 2.1273e-05 -0.00812831 -0.0154267 -0.00812831 5.33261e-05)
(5.77043e-05 -0.0127949 -0.0154221 -0.0127949 2.84412e-05 -0.00813535 -0.0154221 -0.00813535 5.13414e-05)
(5.94921e-05 -0.0127979 -0.0154241 -0.0127979 3.15191e-05 -0.00813667 -0.0154241 -0.00813667 4.28258e-05)
(3.50249e-05 -0.0127886 -0.0154225 -0.0127886 2.1735e-05 -0.00812743 -0.0154225 -0.00812743 5.84534e-05)
(1.54186e-05 -0.0127872 -0.0154291 -0.0127872 2.09405e-05 -0.0081248 -0.0154291 -0.0081248 5.94787e-05)
(3.42671e-05 -0.0127883 -0.0154278 -0.0127883 2.13177e-05 -0.00812967 -0.0154278 -0.00812967 4.88956e-05)
(6.41536e-05 -0.0127979 -0.0154237 -0.0127979 3.14598e-05 -0.00813653 -0.0154237 -0.00813653 4.56647e-05)
(4.5064e-05 -0.0127896 -0.0154211 -0.0127896 2.32877e-05 -0.00812963 -0.0154211 -0.00812963 6.26543e-05)
(6.5289e-05 -0.0127959 -0.0154175 -0.0127959 3.10855e-05 -0.00813753 -0.0154175 -0.00813753 6.51966e-05)
(4.92993e-05 -0.0127908 -0.01542 -0.0127908 2.37066e-05 -0.00813071 -0.01542 -0.00813071 5.99227e-05)
(1.21802e-05 -0.0127889 -0.015432 -0.0127889 2.21169e-05 -0.00812565 -0.015432 -0.00812565 4.85942e-05)
(1.38337e-05 -0.0127891 -0.0154324 -0.0127891 2.21521e-05 -0.00812543 -0.0154324 -0.00812543 5.12023e-05)
(4.55885e-05 -0.0127899 -0.0154215 -0.0127899 2.30724e-05 -0.00812887 -0.0154215 -0.00812887 6.07335e-05)
(6.13509e-05 -0.0127948 -0.0154181 -0.0127948 2.96127e-05 -0.0081365 -0.0154181 -0.0081365 6.34407e-05)
(4.88863e-05 -0.0127909 -0.0154199 -0.0127909 2.43606e-05 -0.00813187 -0.0154199 -0.00813187 5.9939e-05)
(2.55262e-05 -0.0127883 -0.0154283 -0.0127883 2.09404e-05 -0.00812738 -0.0154283 -0.00812738 4.90275e-05)
(1.75354e-05 -0.0127884 -0.0154313 -0.0127884 2.13766e-05 -0.00812597 -0.0154313 -0.00812597 5.12199e-05)
(3.78145e-05 -0.0127888 -0.0154225 -0.0127888 2.24933e-05 -0.00812722 -0.0154225 -0.00812722 6.33517e-05)
(7.05087e-05 -0.0127989 -0.0154179 -0.0127989 3.45716e-05 -0.00813964 -0.0154179 -0.00813964 6.17805e-05)
(4.91474e-05 -0.0127915 -0.015421 -0.0127915 2.4504e-05 -0.00813231 -0.015421 -0.00813231 5.57291e-05)
(1.26056e-05 -0.0127888 -0.015431 -0.0127888 2.20908e-05 -0.00812487 -0.015431 -0.00812487 5.18727e-05)
(2.19617e-05 -0.0127883 -0.0154284 -0.0127883 2.16769e-05 -0.00812547 -0.0154284 -0.00812547 5.71392e-05)
(4.90692e-05 -0.0127904 -0.0154201 -0.0127904 2.41564e-05 -0.00813099 -0.0154201 -0.00813099 6.3283e-05)
(6.29391e-05 -0.0127955 -0.0154179 -0.0127955 3.1121e-05 -0.00813778 -0.0154179 -0.00813778 6.53362e-05)
(4.89301e-05 -0.0127906 -0.0154197 -0.0127906 2.35392e-05 -0.00813027 -0.0154197 -0.00813027 6.02102e-05)
(1.50205e-05 -0.0127882 -0.0154289 -0.0127882 2.17218e-05 -0.00812477 -0.0154289 -0.00812477 5.44407e-05)
(1.23889e-05 -0.0127894 -0.0154319 -0.0127894 2.28124e-05 -0.0081243 -0.0154319 -0.0081243 5.51331e-05)
(4.53222e-05 -0.0127899 -0.0154221 -0.0127899 2.29729e-05 -0.00812928 -0.0154221 -0.00812928 5.93412e-05)
(6.20723e-05 -0.012795 -0.015418 -0.012795 2.95762e-05 -0.00813642 -0.015418 -0.00813642 6.35786e-05)
(4.95539e-05 -0.0127912 -0.0154201 -0.0127912 2.45731e-05 -0.00813216 -0.0154201 -0.00813216 5.90304e-05)
(2.70051e-05 -0.0127882 -0.0154271 -0.0127882 2.08766e-05 -0.0081274 -0.0154271 -0.0081274 5.06719e-05)
(1.94465e-05 -0.0127884 -0.0154295 -0.0127884 2.15183e-05 -0.00812548 -0.0154295 -0.00812548 5.43107e-05)
(4.61306e-05 -0.01279 -0.0154214 -0.01279 2.37779e-05 -0.00813111 -0.0154214 -0.00813111 6.09029e-05)
(7.07738e-05 -0.0127988 -0.0154175 -0.0127988 3.54199e-05 -0.0081405 -0.0154175 -0.0081405 6.5418e-05)
(4.8223e-05 -0.0127902 -0.015419 -0.0127902 2.34124e-05 -0.00812944 -0.015419 -0.00812944 6.3915e-05)
(7.29477e-06 -0.0127892 -0.0154304 -0.0127892 2.33498e-05 -0.00812279 -0.0154304 -0.00812279 5.75947e-05)
(1.10197e-05 -0.0127891 -0.0154308 -0.0127891 2.27343e-05 -0.00812314 -0.0154308 -0.00812314 5.96244e-05)
(4.50237e-05 -0.0127897 -0.0154211 -0.0127897 2.31061e-05 -0.00812891 -0.0154211 -0.00812891 6.27169e-05)
(6.61276e-05 -0.0127961 -0.0154172 -0.0127961 3.18542e-05 -0.0081382 -0.0154172 -0.0081382 6.71839e-05)
(5.05492e-05 -0.0127909 -0.0154188 -0.0127909 2.41071e-05 -0.0081309 -0.0154188 -0.0081309 6.32083e-05)
(2.40423e-05 -0.0127879 -0.0154274 -0.0127879 2.08634e-05 -0.0081268 -0.0154274 -0.0081268 5.16815e-05)
(2.07521e-05 -0.0127879 -0.0154292 -0.0127879 2.11508e-05 -0.00812595 -0.0154292 -0.00812595 5.46544e-05)
(4.1544e-05 -0.0127894 -0.0154224 -0.0127894 2.27743e-05 -0.00812771 -0.0154224 -0.00812771 6.1891e-05)
(6.78822e-05 -0.0127972 -0.0154174 -0.0127972 3.36477e-05 -0.00813951 -0.0154174 -0.00813951 6.69139e-05)
(4.598e-05 -0.01279 -0.0154195 -0.01279 2.35877e-05 -0.00813072 -0.0154195 -0.00813072 6.25955e-05)
(1.5072e-05 -0.0127884 -0.0154315 -0.0127884 2.13653e-05 -0.00812648 -0.0154315 -0.00812648 4.70987e-05)
(1.92413e-05 -0.0127885 -0.0154315 -0.0127885 2.13226e-05 -0.00812651 -0.0154315 -0.00812651 4.96927e-05)
(1.79127e-05 -0.0127876 -0.0154285 -0.0127876 2.11921e-05 -0.00812616 -0.0154285 -0.00812616 5.19122e-05)
(3.13794e-05 -0.0127877 -0.0154221 -0.0127877 2.20202e-05 -0.00812685 -0.0154221 -0.00812685 6.40254e-05)
(3.91927e-05 -0.0127885 -0.015419 -0.0127885 2.27758e-05 -0.00812641 -0.015419 -0.00812641 6.80812e-05)
(5.1189e-05 -0.0127919 -0.0154236 -0.0127919 2.43565e-05 -0.00813202 -0.0154236 -0.00813202 5.1246e-05)
(3.95761e-05 -0.01279 -0.0154281 -0.01279 2.21821e-05 -0.00813094 -0.0154281 -0.00813094 4.43772e-05)
(1.17772e-05 -0.0127878 -0.0154305 -0.0127878 2.15887e-05 -0.00812573 -0.0154305 -0.00812573 4.97928e-05)
(2.74816e-05 -0.0127874 -0.0154231 -0.0127874 2.18896e-05 -0.0081262 -0.0154231 -0.0081262 6.38531e-05)
(3.33588e-05 -0.0127885 -0.0154203 -0.0127885 2.35405e-05 -0.00812364 -0.0154203 -0.00812364 7.14711e-05)
(5.15761e-05 -0.0127917 -0.0154211 -0.0127917 2.47754e-05 -0.00813229 -0.0154211 -0.00813229 5.75917e-05)
(4.71778e-05 -0.0127919 -0.0154249 -0.0127919 2.47141e-05 -0.00813297 -0.0154249 -0.00813297 4.67935e-05)
(1.5366e-05 -0.0127872 -0.0154297 -0.0127872 2.05996e-05 -0.0081264 -0.0154297 -0.0081264 4.99438e-05)
(1.23639e-05 -0.0127886 -0.0154269 -0.0127886 2.40981e-05 -0.00812196 -0.0154269 -0.00812196 6.57915e-05)
(4.64863e-05 -0.0127894 -0.0154181 -0.0127894 2.32571e-05 -0.00812732 -0.0154181 -0.00812732 6.80241e-05)
(5.63556e-05 -0.0127925 -0.0154205 -0.0127925 2.50019e-05 -0.00813193 -0.0154205 -0.00813193 5.83166e-05)
