/*--------------------------------*- C++ -*----------------------------------*\
  =========                 |
  \\      /  F ield         | OpenFOAM: The Open Source CFD Toolbox
   \\    /   O peration     | Website:  https://openfoam.org
    \\  /    A nd           | Version:  10
     \\/     M anipulation  |
\*---------------------------------------------------------------------------*/
FoamFile
{
    format      ascii;
    class       volTensorField;
    location    "13";
    object      TauNN;
}
// * * * * * * * * * * * * * * * * * * * * * * * * * * * * * * * * * * * * * //

dimensions      [0 2 -2 0 0 0 0];

internalField   nonuniform List<tensor> 
25600
(
(6.16619e-07 -0.00102916 0.00458536 -0.00102916 0.00815153 -0.00166852 0.00458536 -0.00166852 0.00641262)
(-0.000848445 -0.00331596 0.00595602 -0.00331596 0.00990832 -0.00176704 0.00595602 -0.00176704 0.0090949)
(0.000840224 -0.00334212 0.00554535 -0.00334212 0.009478 -0.00208403 0.00554535 -0.00208403 0.00898146)
(-0.000225874 -0.0031791 0.00543508 -0.0031791 0.00923264 -0.0022007 0.00543508 -0.0022007 0.00837411)
(0.000223738 -0.002377 0.00474217 -0.002377 0.00832546 -0.00262322 0.00474217 -0.00262322 0.00664061)
(0.00107851 -0.0019883 0.00418931 -0.0019883 0.00779017 -0.00246543 0.00418931 -0.00246543 0.00615791)
(0.00207041 -0.00159397 0.00377595 -0.00159397 0.00747396 -0.00243282 0.00377595 -0.00243282 0.0055813)
(0.00250274 -0.00253733 0.00368346 -0.00253733 0.00734911 -0.00301043 0.00368346 -0.00301043 0.00544157)
(-0.000703843 -0.00254453 0.00488666 -0.00254453 0.00854951 -0.00237574 0.00488666 -0.00237574 0.00731769)
(-0.00121643 -0.00289762 0.00532944 -0.00289762 0.00904329 -0.0019946 0.00532944 -0.0019946 0.00814904)
(0.00203436 -0.00194105 0.00377463 -0.00194105 0.00731309 -0.00269735 0.00377463 -0.00269735 0.00548158)
(-0.0013162 -0.00249753 0.00509456 -0.00249753 0.00895667 -0.00197983 0.00509456 -0.00197983 0.00792161)
(0.000495294 -0.00320461 0.00543295 -0.00320461 0.00942366 -0.00207036 0.00543295 -0.00207036 0.00882122)
(-0.000586179 -0.00325439 0.00545888 -0.00325439 0.00926495 -0.00171253 0.00545888 -0.00171253 0.0089792)
(-0.000689176 -0.00301191 0.005365 -0.00301191 0.0090624 -0.00209202 0.005365 -0.00209202 0.00826581)
(0.00184391 -0.00219525 0.00391352 -0.00219525 0.00753669 -0.00273894 0.00391352 -0.00273894 0.00574079)
(-0.000306506 -0.00243206 0.00468508 -0.00243206 0.00834762 -0.00244367 0.00468508 -0.00244367 0.00697291)
(-0.00140663 -0.00255165 0.00526662 -0.00255165 0.00917713 -0.00137332 0.00526662 -0.00137332 0.0081944)
(-0.00175578 -0.00282766 0.00593546 -0.00282766 0.00984261 -0.00181716 0.00593546 -0.00181716 0.00832758)
(-0.0014397 -0.0033012 0.00565533 -0.0033012 0.00954556 -0.00149367 0.00565533 -0.00149367 0.00894296)
(-0.00123204 -0.00333378 0.00566345 -0.00333378 0.00943685 -0.00163019 0.00566345 -0.00163019 0.00883948)
(-0.00093572 -0.00291074 0.0053282 -0.00291074 0.00894199 -0.00202621 0.0053282 -0.00202621 0.00816063)
(-0.000715538 -0.0015217 0.00428368 -0.0015217 0.00902302 -0.000625483 0.00428368 -0.000625483 0.00746201)
(-0.00143864 -0.00314968 0.00591164 -0.00314968 0.00986584 -0.00177297 0.00591164 -0.00177297 0.0087749)
(0.000491121 -0.00348903 0.00568283 -0.00348903 0.00965023 -0.00206874 0.00568283 -0.00206874 0.00898587)
(0.000672659 -0.00296674 0.00524908 -0.00296674 0.00923966 -0.00244863 0.00524908 -0.00244863 0.00813221)
(0.000348236 -0.00285045 0.00507452 -0.00285045 0.00895622 -0.00261337 0.00507452 -0.00261337 0.00752532)
(0.00177075 -0.00243893 0.00435913 -0.00243893 0.00778833 -0.002837 0.00435913 -0.002837 0.00600975)
(0.00390645 -0.00229823 0.00296083 -0.00229823 0.00715675 -0.00273508 0.00296083 -0.00273508 0.00543161)
(-0.000997824 -0.0025317 0.0051916 -0.0025317 0.0089978 -0.00154042 0.0051916 -0.00154042 0.00779452)
(-0.000413104 -0.00255071 0.00476803 -0.00255071 0.008511 -0.0022978 0.00476803 -0.0022978 0.00718715)
(0.00110627 -0.000427841 0.00345604 -0.000427841 0.00931306 -0.00101592 0.00345604 -0.00101592 0.00577467)
(-0.000221413 -0.00276645 0.00644344 -0.00276645 0.0102138 -0.00229438 0.00644344 -0.00229438 0.00866266)
(0.000816815 -0.003095 0.00533348 -0.003095 0.00927161 -0.00247228 0.00533348 -0.00247228 0.00820266)
(-0.000357165 -0.00258631 0.00511401 -0.00258631 0.00877403 -0.00236213 0.00511401 -0.00236213 0.00757341)
(-0.000783814 -0.00268796 0.0052366 -0.00268796 0.00890287 -0.00201375 0.0052366 -0.00201375 0.00816199)
(-0.000685179 -0.0023558 0.00501237 -0.0023558 0.00887027 -0.00137104 0.00501237 -0.00137104 0.00776676)
(-0.00147294 -0.00306839 0.00550985 -0.00306839 0.00947745 -0.0016343 0.00550985 -0.0016343 0.00861793)
(0.000349544 -0.00348647 0.00564352 -0.00348647 0.00962475 -0.001874 0.00564352 -0.001874 0.00922729)
(0.00079622 -0.00262587 0.00496495 -0.00262587 0.00864737 -0.00268726 0.00496495 -0.00268726 0.00700319)
(-0.000390772 -0.00196801 0.00418672 -0.00196801 0.00924453 -0.00212109 0.00418672 -0.00212109 0.00887914)
(0.00638059 -0.00104884 0.00386615 -0.00104884 0.00907518 -0.000485457 0.00386615 -0.000485457 0.0073474)
(0.000755679 -0.0031286 0.00637077 -0.0031286 0.00986961 -0.00242959 0.00637077 -0.00242959 0.0083987)
(0.000612336 -0.00282198 0.00590041 -0.00282198 0.00932741 -0.0025142 0.00590041 -0.0025142 0.00788677)
(-0.000447424 -0.00231088 0.00576862 -0.00231088 0.00896938 -0.00260705 0.00576862 -0.00260705 0.0075789)
(0.00217057 -0.00062284 0.00695547 -0.00062284 0.00827862 -0.00284319 0.00695547 -0.00284319 0.00836756)
(0.00496913 -0.000878762 0.00472586 -0.000878762 0.00865609 -0.00233543 0.00472586 -0.00233543 0.00914603)
(0.0132322 3.98308e-05 0.00190016 3.98308e-05 0.00472763 -0.00391542 0.00190016 -0.00391542 0.00776452)
(0.00618918 0.00113786 0.00676992 0.00113786 0.00618873 -0.00229237 0.00676992 -0.00229237 0.00746955)
(0.000884378 6.87744e-05 0.00622075 6.87744e-05 0.00844417 -0.00214905 0.00622075 -0.00214905 0.00742075)
(0.00237679 0.000379697 0.00680718 0.000379697 0.00753642 -0.00250479 0.00680718 -0.00250479 0.00742749)
(0.00230125 -0.00037842 0.00584145 -0.00037842 0.00887156 -0.00199906 0.00584145 -0.00199906 0.00765596)
(-0.000407879 -0.00240501 0.00571978 -0.00240501 0.00976865 -0.00207127 0.00571978 -0.00207127 0.00760884)
(0.0011277 -0.00291051 0.00517806 -0.00291051 0.00922932 -0.00183619 0.00517806 -0.00183619 0.00900827)
(-0.000794863 -0.00184357 0.00588394 -0.00184357 0.00882941 -0.00222742 0.00588394 -0.00222742 0.00733045)
(0.000240346 -0.000893055 0.00607144 -0.000893055 0.00813532 -0.00268222 0.00607144 -0.00268222 0.00697528)
(0.00185479 -3.37828e-05 0.00667497 -3.37828e-05 0.00797638 -0.00243422 0.00667497 -0.00243422 0.00736831)
(0.00632075 0.00104199 0.00434701 0.00104199 0.00864667 -0.0011303 0.00434701 -0.0011303 0.00586909)
(0.00283296 -0.00116222 0.00390488 -0.00116222 0.00966547 -0.00121323 0.00390488 -0.00121323 0.0064979)
(0.00103293 -0.0014476 0.00446421 -0.0014476 0.00915214 -0.00135134 0.00446421 -0.00135134 0.00642667)
(-0.000150382 -0.00176879 0.00526123 -0.00176879 0.0090784 -0.0016663 0.00526123 -0.0016663 0.00676523)
(-0.000686621 -0.00221786 0.00601624 -0.00221786 0.00907837 -0.00225775 0.00601624 -0.00225775 0.00746006)
(0.00592713 0.00102832 0.00312314 0.00102832 0.00876002 -0.000769279 0.00312314 -0.000769279 0.00493075)
(0.00528296 -0.000687463 0.00362654 -0.000687463 0.00951314 -0.00115152 0.00362654 -0.00115152 0.00597978)
(0.000709391 -0.00171185 0.00591661 -0.00171185 0.00897101 -0.00232494 0.00591661 -0.00232494 0.00716564)
(0.00102915 -0.00210042 0.00568899 -0.00210042 0.009215 -0.00251481 0.00568899 -0.00251481 0.00714092)
(0.00296653 -0.000135624 0.00480767 -0.000135624 0.00622394 -0.00323758 0.00480767 -0.00323758 0.00549926)
(0.00260205 -0.00214082 0.00485377 -0.00214082 0.00825195 -0.00312139 0.00485377 -0.00312139 0.00651953)
(0.00334919 1.40863e-05 0.00601772 1.40863e-05 0.00699267 -0.00287247 0.00601772 -0.00287247 0.00689567)
(0.00375905 0.00191408 0.00495099 0.00191408 0.00695621 -0.00143528 0.00495099 -0.00143528 0.00463477)
(0.00539203 0.000907778 0.00540193 0.000907778 0.00533171 -0.00298473 0.00540193 -0.00298473 0.00677133)
(0.0193478 0.00133329 0.00376497 0.00133329 0.00793308 0.000117287 0.00376497 0.000117287 0.00391169)
(0.0113849 -0.00205781 0.00431016 -0.00205781 0.010267 -0.00179002 0.00431016 -0.00179002 0.00659203)
(0.00623967 -0.000848909 0.00436398 -0.000848909 0.00812165 -0.00373217 0.00436398 -0.00373217 0.00597487)
(0.00262944 -0.00210391 0.00587968 -0.00210391 0.00886044 -0.00284503 0.00587968 -0.00284503 0.00845651)
(-0.000399329 -0.00279329 0.00545363 -0.00279329 0.00922919 -0.00202452 0.00545363 -0.00202452 0.00872844)
(-0.000894397 -0.000281134 0.00479656 -0.000281134 0.00889648 -0.00180495 0.00479656 -0.00180495 0.00693715)
(0.0121068 0.00101814 0.00612639 0.00101814 0.00791851 -0.00105355 0.00612639 -0.00105355 0.00733132)
(0.00316236 -0.00174124 0.00478826 -0.00174124 0.00977198 -0.00183607 0.00478826 -0.00183607 0.00725158)
(0.00142918 -0.00334468 0.00483586 -0.00334468 0.00948364 -0.00274909 0.00483586 -0.00274909 0.00780418)
(0.00857608 -0.00201856 0.00437982 -0.00201856 0.00942949 -0.000244553 0.00437982 -0.000244553 0.00692788)
(0.0108534 0.0021392 0.00341789 0.0021392 0.00488467 0.00288985 0.00341789 0.00288985 0.00799072)
(0.0110818 -0.00647056 0.00497258 -0.00647056 0.01059 -0.00312052 0.00497258 -0.00312052 0.00820352)
(0.00947205 -0.00488536 0.00600375 -0.00488536 0.0110249 -0.00238659 0.00600375 -0.00238659 0.00954413)
(0.00595429 -0.00420586 0.00561289 -0.00420586 0.0110782 -0.00306533 0.00561289 -0.00306533 0.00808061)
(0.0114325 -0.00352636 0.00410031 -0.00352636 0.0103547 -0.000831468 0.00410031 -0.000831468 0.00664792)
(0.000260358 -0.00190607 0.00501383 -0.00190607 0.00928926 -0.00185082 0.00501383 -0.00185082 0.00569469)
(0.0114027 -0.00486089 0.00115445 -0.00486089 0.0109513 0.000822411 0.00115445 0.000822411 0.00599381)
(0.0124015 -0.00103346 0.00470446 -0.00103346 0.00854646 0.000617895 0.00470446 0.000617895 0.00604167)
(0.0156542 -0.00257828 0.00374043 -0.00257828 0.0095039 0.000291741 0.00374043 0.000291741 0.0053927)
(0.00644463 0.000158624 0.00323408 0.000158624 0.00839311 -0.00131399 0.00323408 -0.00131399 0.00273393)
(0.0106331 -0.00102746 0.00451176 -0.00102746 0.00881722 -0.000204011 0.00451176 -0.000204011 0.00591355)
(0.0098025 -0.00394991 0.00401337 -0.00394991 0.0093004 -0.000912951 0.00401337 -0.000912951 0.0055779)
(0.0103453 -0.00335967 0.00526789 -0.00335967 0.00968159 -0.00163595 0.00526789 -0.00163595 0.00835962)
(0.00348707 -0.00335582 0.00600029 -0.00335582 0.0106632 -0.00224009 0.00600029 -0.00224009 0.00837767)
(0.00178184 -0.00291558 0.00564283 -0.00291558 0.00996389 -0.00232234 0.00564283 -0.00232234 0.00681747)
(0.00371719 -0.00276502 0.00509919 -0.00276502 0.0099864 -0.00163049 0.00509919 -0.00163049 0.00627808)
(0.0198748 -0.0023492 0.00222503 -0.0023492 0.00913703 0.00198187 0.00222503 0.00198187 0.00471469)
(0.0148252 -0.00126281 0.00423383 -0.00126281 0.00875139 0.000686909 0.00423383 0.000686909 0.00747608)
(0.00896399 -0.0037436 0.00453231 -0.0037436 0.010518 -0.000460841 0.00453231 -0.000460841 0.00937265)
(0.00410863 -0.00344516 0.00543593 -0.00344516 0.0105741 -0.00141603 0.00543593 -0.00141603 0.00896661)
(-0.00063249 -0.00312804 0.00634772 -0.00312804 0.00994693 -0.00209096 0.00634772 -0.00209096 0.0082181)
(0.0124872 -0.00359891 0.00166971 -0.00359891 0.00967903 0.00179963 0.00166971 0.00179963 0.00840642)
(0.017092 -0.00321203 0.00351693 -0.00321203 0.0100067 -7.35307e-05 0.00351693 -7.35307e-05 0.00647214)
(0.0093678 -0.00507743 0.00317024 -0.00507743 0.0101734 -0.0035391 0.00317024 -0.0035391 0.00531201)
(0.00567194 -0.00461943 0.00199063 -0.00461943 0.00768342 -0.00391225 0.00199063 -0.00391225 0.00842295)
(0.010858 -0.00287514 0.00376643 -0.00287514 0.00938393 -0.00413721 0.00376643 -0.00413721 0.00634709)
(0.00373865 -0.00256922 0.00335983 -0.00256922 0.00930172 -0.00427331 0.00335983 -0.00427331 0.00583513)
(0.00402851 -0.00239593 0.00419172 -0.00239593 0.00948375 -0.00212834 0.00419172 -0.00212834 0.00433423)
(0.00996041 -0.00014802 0.00321521 -0.00014802 0.00913271 -0.00081274 0.00321521 -0.00081274 0.00279046)
(0.00162075 -0.00232104 0.0047583 -0.00232104 0.00923593 -0.00241753 0.0047583 -0.00241753 0.00498275)
(0.0182313 0.0019183 0.00376149 0.0019183 0.00594918 0.00334474 0.00376149 0.00334474 0.00753731)
(0.00758978 -0.00535903 -0.00447656 -0.00535903 0.0109265 -0.00233155 -0.00447656 -0.00233155 0.0084675)
(0.021933 -0.000313395 0.00579523 -0.000313395 0.00847141 -0.00295656 0.00579523 -0.00295656 0.00593217)
(0.00758551 -0.00456427 0.00301796 -0.00456427 0.00992827 -0.00270724 0.00301796 -0.00270724 0.00587424)
(0.0039757 -0.00277675 0.00527405 -0.00277675 0.00971471 -0.00165856 0.00527405 -0.00165856 0.0083944)
(0.00948821 -0.00385714 0.00488822 -0.00385714 0.0103395 -0.000678215 0.00488822 -0.000678215 0.00954747)
(0.0105622 -0.00356278 0.00114353 -0.00356278 0.010636 -0.000460525 0.00114353 -0.000460525 0.00625066)
(0.0124361 0.00241993 0.00442605 0.00241993 0.00607175 0.00236028 0.00442605 0.00236028 0.00667581)
(0.010449 -0.00245466 0.0039392 -0.00245466 0.00949095 -0.00371841 0.0039392 -0.00371841 0.00544882)
(0.01164 -0.00166963 0.00352472 -0.00166963 0.00951148 -0.00134288 0.00352472 -0.00134288 0.00732472)
(0.00312637 -0.000675905 0.00123053 -0.000675905 0.00632687 -0.00323816 0.00123053 -0.00323816 0.00415429)
(0.00468563 -0.00297259 0.00134844 -0.00297259 0.00740933 -0.00250312 0.00134844 -0.00250312 0.00517852)
(0.0174122 -0.00473256 0.00319641 -0.00473256 0.0096032 -0.00264516 0.00319641 -0.00264516 0.00801308)
(0.0176951 -0.00710345 0.000271857 -0.00710345 0.0101432 -0.00354115 0.000271857 -0.00354115 0.00501511)
(0.0188827 -0.00169315 0.00370201 -0.00169315 0.00889573 -0.000650527 0.00370201 -0.000650527 0.00882528)
(0.00155206 -0.00114633 0.00525097 -0.00114633 0.0086615 -0.00231319 0.00525097 -0.00231319 0.00602713)
(0.0135422 -0.000874167 0.00246494 -0.000874167 0.00923617 0.00180382 0.00246494 0.00180382 0.00642783)
(0.0134784 -0.00113161 0.0010743 -0.00113161 0.00836773 -0.0016732 0.0010743 -0.0016732 0.00247791)
(0.0151835 0.000186045 0.000836594 0.000186045 0.00546157 -0.00151669 0.000836594 -0.00151669 0.00380823)
(0.0122286 0.000321805 0.00654581 0.000321805 0.0077618 -0.00139826 0.00654581 -0.00139826 0.0104517)
(0.0157112 0.000842547 0.00220502 0.000842547 0.00431401 0.00175484 0.00220502 0.00175484 0.00882916)
(0.00882348 -0.00258064 0.00171241 -0.00258064 0.0104609 -0.00136211 0.00171241 -0.00136211 0.00736218)
(0.00996392 -0.000731371 -0.00055961 -0.000731371 0.00831795 -0.00246047 -0.00055961 -0.00246047 0.00598747)
(0.0180402 -0.00456404 0.00272385 -0.00456404 0.00935196 -0.00264534 0.00272385 -0.00264534 0.00745259)
(0.0152825 -0.00159771 0.00550831 -0.00159771 0.00893376 -0.00251732 0.00550831 -0.00251732 0.00749438)
(0.0130163 -0.00338319 0.00330079 -0.00338319 0.00960083 -0.00244027 0.00330079 -0.00244027 0.00855543)
(0.0217725 0.00194088 0.00234189 0.00194088 0.00997354 -0.00165545 0.00234189 -0.00165545 0.0120785)
(0.00922714 -0.00471055 -0.00375956 -0.00471055 0.0114035 -0.00364246 -0.00375956 -0.00364246 0.00832206)
(0.00951222 0.00231876 0.00241095 0.00231876 0.00589764 -8.67732e-05 0.00241095 -8.67732e-05 0.00562306)
(0.0152574 0.000385378 0.00105541 0.000385378 0.00756922 -0.00136024 0.00105541 -0.00136024 0.00629292)
(0.0204678 -0.00651352 0.00402485 -0.00651352 0.0108001 -0.00300619 0.00402485 -0.00300619 0.00924683)
(0.0120721 -0.00180651 0.00243739 -0.00180651 0.00929107 -0.00086702 0.00243739 -0.00086702 0.0077393)
(0.0198689 -0.000671825 0.00549968 -0.000671825 0.00899339 -0.00149676 0.00549968 -0.00149676 0.00645924)
(0.0196081 -0.00299062 0.00267449 -0.00299062 0.00863083 -0.00241253 0.00267449 -0.00241253 0.00815037)
(0.0143047 -0.00197346 0.00097644 -0.00197346 0.00955921 -0.00373673 0.00097644 -0.00373673 0.00815657)
(0.0194099 -0.00522096 0.00210921 -0.00522096 0.0106887 0.000348596 0.00210921 0.000348596 0.0088971)
(0.0207027 -0.00417362 0.00080695 -0.00417362 0.008623 -0.00267694 0.00080695 -0.00267694 0.00654815)
(0.0121989 -0.002258 0.00207845 -0.002258 0.00816667 -0.00200679 0.00207845 -0.00200679 0.00895931)
(0.0192993 -0.000288303 0.00333695 -0.000288303 0.00817189 0.000633431 0.00333695 0.000633431 0.00780214)
(0.00173143 -0.00171592 0.00518191 -0.00171592 0.00903632 -0.00251403 0.00518191 -0.00251403 0.00621104)
(0.0157028 0.000919541 0.000396946 0.000919541 0.0059396 0.00299864 0.000396946 0.00299864 0.00850619)
(0.0119501 -0.00399177 -0.00447143 -0.00399177 0.0106077 -0.00371015 -0.00447143 -0.00371015 0.00872605)
(0.0124115 -0.00497039 0.000691297 -0.00497039 0.00939085 -0.00271218 0.000691297 -0.00271218 0.00609279)
(0.00748055 -0.00225963 0.00359342 -0.00225963 0.00929733 -0.0027455 0.00359342 -0.0027455 0.00613667)
(0.015508 -0.00508398 0.00242388 -0.00508398 0.010132 -0.00285035 0.00242388 -0.00285035 0.00729844)
(0.0259984 -0.00491758 -0.00154187 -0.00491758 0.00933806 0.000273179 -0.00154187 0.000273179 0.0112913)
(0.0137475 0.0013385 0.00480454 0.0013385 0.00781625 -0.000267281 0.00480454 -0.000267281 0.00578184)
(0.0146448 -1.1269e-05 0.00351364 -1.1269e-05 0.00817825 6.85174e-05 0.00351364 6.85174e-05 0.00881531)
(0.0147417 -0.0022804 0.00532279 -0.0022804 0.00915182 -0.00249164 0.00532279 -0.00249164 0.00753409)
(0.0137118 -0.00334406 0.00406257 -0.00334406 0.0101651 -0.00205272 0.00406257 -0.00205272 0.00571959)
(0.00824152 -0.00240397 0.000606759 -0.00240397 0.0100782 -0.000863081 0.000606759 -0.000863081 0.00797037)
(0.00481728 -0.00459558 0.000608964 -0.00459558 0.00973608 0.000145937 0.000608964 0.000145937 0.00247975)
(0.0113233 -0.000347631 0.00310451 -0.000347631 0.00846174 -0.00205678 0.00310451 -0.00205678 0.00410056)
(0.0172462 -0.00735859 0.0024822 -0.00735859 0.0106995 -0.00361253 0.0024822 -0.00361253 0.00658499)
(0.0177208 -0.00259542 0.00290502 -0.00259542 0.009052 0.00100333 0.00290502 0.00100333 0.00886506)
(0.0105962 -0.00433062 0.00545388 -0.00433062 0.0110251 -0.00295709 0.00545388 -0.00295709 0.008443)
(0.00314198 0.000515598 0.003679 0.000515598 0.00666713 -0.00205107 0.003679 -0.00205107 0.00400112)
(0.00859342 -0.00446578 -0.000437791 -0.00446578 0.0114015 -4.34639e-05 -0.000437791 -4.34639e-05 0.00530716)
(0.0163601 -0.00291703 0.00171722 -0.00291703 0.00980342 0.000900847 0.00171722 0.000900847 0.00577185)
(0.0115346 -0.00209919 0.00324175 -0.00209919 0.00896797 -0.00167379 0.00324175 -0.00167379 0.00632566)
(0.0100302 -0.000836059 -0.0020345 -0.000836059 0.00664045 -3.75016e-05 -0.0020345 -3.75016e-05 0.0087273)
(0.007216 -0.00449774 -0.00150162 -0.00449774 0.0110385 -0.000497992 -0.00150162 -0.000497992 0.00628205)
(0.00865578 -0.00015183 0.00267361 -0.00015183 0.0077791 -0.00130763 0.00267361 -0.00130763 0.00587092)
(0.00674065 -0.00059498 0.00124299 -0.00059498 0.00663191 -0.00179553 0.00124299 -0.00179553 0.00462373)
(0.0190369 -0.000765506 0.00388484 -0.000765506 0.00896421 -0.00199662 0.00388484 -0.00199662 0.00519839)
(0.0124653 -0.00341855 0.00331296 -0.00341855 0.00940119 -0.00203913 0.00331296 -0.00203913 0.00718613)
(0.0165361 0.000450828 0.00374332 0.000450828 0.00754202 0.00173925 0.00374332 0.00173925 0.00681581)
(0.00778881 -0.00503266 -0.00349508 -0.00503266 0.0116153 -0.00211501 -0.00349508 -0.00211501 0.0104949)
(0.00982592 -0.00333511 -0.00288561 -0.00333511 0.0111057 -0.00167098 -0.00288561 -0.00167098 0.0074041)
(0.00815702 -0.00512549 -0.00330527 -0.00512549 0.0115507 0.000380619 -0.00330527 0.000380619 0.0101763)
(0.00863207 -0.00382282 0.000888241 -0.00382282 0.00827762 0.000836759 0.000888241 0.000836759 0.0064004)
(0.014889 -0.00338823 0.00356377 -0.00338823 0.00953792 -3.47681e-05 0.00356377 -3.47681e-05 0.00877038)
(0.0124375 -0.00374414 0.00330812 -0.00374414 0.00949967 -0.00217952 0.00330812 -0.00217952 0.00541727)
(0.0153831 -0.00420928 0.00143498 -0.00420928 0.00926123 -0.00417015 0.00143498 -0.00417015 0.00529826)
(0.0161186 -0.00374537 0.00193965 -0.00374537 0.00687652 -0.00334551 0.00193965 -0.00334551 0.00583238)
(0.0120846 -0.00589677 0.000270072 -0.00589677 0.0107509 0.000363673 0.000270072 0.000363673 0.00721414)
(0.0132182 -0.00732334 -0.00146407 -0.00732334 0.00950716 -0.00328432 -0.00146407 -0.00328432 0.00493569)
(0.00471877 -0.0031502 0.00427867 -0.0031502 0.00927002 -0.0020987 0.00427867 -0.0020987 0.00711396)
(0.0104003 0.00272503 0.00365735 0.00272503 0.00551231 0.000707116 0.00365735 0.000707116 0.00641183)
(0.0062052 -0.00297398 0.00429192 -0.00297398 0.0105489 -0.00326731 0.00429192 -0.00326731 0.00579241)
(0.0098325 -9.00682e-06 0.000329059 -9.00682e-06 0.0102603 -0.000712289 0.000329059 -0.000712289 0.00422515)
(0.00819176 -0.00515869 -0.00425216 -0.00515869 0.0113428 -0.00266494 -0.00425216 -0.00266494 0.00862216)
(0.0130483 0.000399705 0.00304829 0.000399705 0.00784363 -0.00128184 0.00304829 -0.00128184 0.00681077)
(0.0157827 0.00128696 0.00427114 0.00128696 0.00819528 -0.0016818 0.00427114 -0.0016818 0.00429983)
(0.0130944 -0.00690705 0.00310028 -0.00690705 0.0105423 -0.00367665 0.00310028 -0.00367665 0.00664854)
(0.0175766 -0.000534349 0.00205129 -0.000534349 0.00703326 0.0020216 0.00205129 0.0020216 0.0090831)
(0.0161527 -0.00119807 0.00244782 -0.00119807 0.00953716 -2.81436e-05 0.00244782 -2.81436e-05 0.00411026)
(0.0152873 0.000399854 0.00277029 0.000399854 0.00907518 -0.000671592 0.00277029 -0.000671592 0.00309168)
(0.00908114 -0.00270532 0.00365263 -0.00270532 0.00859026 -0.00218307 0.00365263 -0.00218307 0.00688339)
(0.0170125 -0.00277536 0.00385145 -0.00277536 0.0085534 -0.00212136 0.00385145 -0.00212136 0.00808976)
(0.019991 -0.00226383 -0.000320826 -0.00226383 0.00781519 0.00180993 -0.000320826 0.00180993 0.00582126)
(0.00905242 -0.00441116 -0.00167421 -0.00441116 0.011242 -0.00189586 -0.00167421 -0.00189586 0.00855126)
(0.00342451 -0.00365822 -0.000946173 -0.00365822 0.00924141 0.000631168 -0.000946173 0.000631168 0.0057702)
(0.0170107 -0.00534391 0.00188741 -0.00534391 0.00922541 -0.00371388 0.00188741 -0.00371388 0.0052912)
(0.015633 -0.00341009 0.0027275 -0.00341009 0.00951639 -0.000974268 0.0027275 -0.000974268 0.00808748)
(0.0160402 -0.003468 0.00257032 -0.003468 0.00922853 -0.00148934 0.00257032 -0.00148934 0.00847455)
(0.0122239 -0.00119462 0.00536066 -0.00119462 0.00951423 -0.00235057 0.00536066 -0.00235057 0.00648347)
(0.0156221 -0.000502358 0.00300064 -0.000502358 0.00871721 2.14232e-05 0.00300064 2.14232e-05 0.00548477)
(0.0135483 -0.00167648 0.00169035 -0.00167648 0.00900168 -0.000268267 0.00169035 -0.000268267 0.00499461)
(0.0135254 -1.88714e-05 -0.00237959 -1.88714e-05 0.00791749 -0.00350266 -0.00237959 -0.00350266 0.00576211)
(0.0201156 -0.00182778 0.00169735 -0.00182778 0.00887498 0.000509816 0.00169735 0.000509816 0.00724433)
(0.0204095 0.00247807 0.00196149 0.00247807 0.00669419 0.00167918 0.00196149 0.00167918 0.00373172)
(0.00482762 0.000618653 0.00158764 0.000618653 0.00644077 0.000332301 0.00158764 0.000332301 0.0069913)
(0.00812314 -0.00152956 -0.000271324 -0.00152956 0.00682825 -0.00269874 -0.000271324 -0.00269874 0.00446048)
(0.0217139 0.000312583 0.00543053 0.000312583 0.00832283 -0.00178593 0.00543053 -0.00178593 0.00782804)
(0.0148311 -0.00345069 -0.00019771 -0.00345069 0.00947353 -0.00239916 -0.00019771 -0.00239916 0.00809054)
(0.0141023 -0.00233474 0.00133137 -0.00233474 0.00876347 -0.00218875 0.00133137 -0.00218875 0.00677898)
(0.00955644 -0.00463173 -0.00318692 -0.00463173 0.0113878 -0.00332903 -0.00318692 -0.00332903 0.00795507)
(0.0160165 -0.000421166 -3.73358e-05 -0.000421166 0.0112603 -0.00297415 -3.73358e-05 -0.00297415 0.00841161)
(0.0100779 -6.37183e-05 0.0018737 -6.37183e-05 0.0103268 -0.00223925 0.0018737 -0.00223925 0.00656082)
(0.00500353 -0.00476266 -0.000940316 -0.00476266 0.0107729 -0.00133341 -0.000940316 -0.00133341 0.00765917)
(0.0174816 -0.00259992 -0.000166735 -0.00259992 0.00771737 0.00116773 -0.000166735 0.00116773 0.00542959)
(0.00353003 -0.00115351 0.000291973 -0.00115351 0.00383884 -0.000319897 0.000291973 -0.000319897 0.00105595)
(0.0186329 -0.00234906 0.00215237 -0.00234906 0.00723299 -0.00242655 0.00215237 -0.00242655 0.00816189)
(0.0266119 -0.00115772 0.00150719 -0.00115772 0.00749834 -0.00341254 0.00150719 -0.00341254 0.00725115)
(0.00559851 -0.000980453 -0.000143636 -0.000980453 0.00282066 -0.00227089 -0.000143636 -0.00227089 0.00504183)
(0.00815628 -0.00564657 -0.000229683 -0.00564657 0.0101081 -0.0040785 -0.000229683 -0.0040785 0.00434711)
(0.00684759 -0.00271485 0.00406796 -0.00271485 0.00906247 -0.00219351 0.00406796 -0.00219351 0.00754053)
(0.014579 0.000981335 0.00214616 0.000981335 0.00728909 0.000246057 0.00214616 0.000246057 0.00840525)
(0.0139224 -0.00637081 -0.000629312 -0.00637081 0.00931887 -0.00349522 -0.000629312 -0.00349522 0.0046408)
(0.016611 -0.000835105 0.0013298 -0.000835105 0.00708507 -0.000502876 0.0013298 -0.000502876 0.00558231)
(0.012411 -0.0031949 0.00200678 -0.0031949 0.0117398 -0.000759928 0.00200678 -0.000759928 0.0070125)
(0.0076662 0.00183279 -0.000688151 0.00183279 0.00695116 -0.00129016 -0.000688151 -0.00129016 0.00398361)
(0.0157197 -0.00184655 0.00408089 -0.00184655 0.00868091 -0.00224121 0.00408089 -0.00224121 0.0076885)
(0.0133023 -0.00403657 0.000747811 -0.00403657 0.00890808 -0.00328694 0.000747811 -0.00328694 0.0053613)
(0.0199152 -0.0018206 -0.00214796 -0.0018206 0.00719583 0.00159862 -0.00214796 0.00159862 0.00731134)
(0.0196651 -0.00278102 0.00178379 -0.00278102 0.00937643 -0.000213753 0.00178379 -0.000213753 0.00889924)
(0.0177971 -0.00200504 0.000533776 -0.00200504 0.00836879 0.000923213 0.000533776 0.000923213 0.00527862)
(0.00729106 -0.00407377 -0.000900887 -0.00407377 0.0103969 -0.00147138 -0.000900887 -0.00147138 0.00805393)
(0.00652124 0.000320964 0.00180423 0.000320964 0.00706407 0.0007925 0.00180423 0.0007925 0.00244074)
(0.012934 -0.0034146 0.00323812 -0.0034146 0.00917159 -0.00164798 0.00323812 -0.00164798 0.00574827)
(0.00527218 -0.000808422 0.000526218 -0.000808422 0.00798856 -0.000182849 0.000526218 -0.000182849 0.00279126)
(0.00979308 -0.00417153 0.000208572 -0.00417153 0.00819011 0.000971322 0.000208572 0.000971322 0.00616635)
(1.40099e-05 -0.0012166 0.00107591 -0.0012166 0.00438786 -0.00243575 0.00107591 -0.00243575 0.00354796)
(0.0166914 -0.00320285 0.00348875 -0.00320285 0.00916503 -0.00206559 0.00348875 -0.00206559 0.00652913)
(0.013098 -0.00420192 -0.00163121 -0.00420192 0.00796581 0.000542952 -0.00163121 0.000542952 0.00551938)
(0.0227801 -0.00533073 0.000965161 -0.00533073 0.00912822 -0.000121379 0.000965161 -0.000121379 0.00817236)
(0.0192934 -0.000871181 0.00289893 -0.000871181 0.00927286 8.44011e-05 0.00289893 8.44011e-05 0.00402178)
(0.0162961 -0.000949931 0.00318973 -0.000949931 0.00939752 -0.00147204 0.00318973 -0.00147204 0.00424978)
(0.00882582 -0.00517845 -0.00333835 -0.00517845 0.011507 -0.00235195 -0.00333835 -0.00235195 0.00825427)
(0.0201369 -0.00285837 0.00119808 -0.00285837 0.00957717 0.000666239 0.00119808 0.000666239 0.0050361)
(0.0193861 -0.00148362 0.000935271 -0.00148362 0.00873948 0.000928408 0.000935271 0.000928408 0.0036114)
(0.00459979 -0.00146436 0.00173876 -0.00146436 0.00927956 -6.40331e-05 0.00173876 -6.40331e-05 0.00505143)
(0.00823304 -0.00101102 0.00169908 -0.00101102 0.00776108 -0.00175289 0.00169908 -0.00175289 0.00568524)
(0.0164337 -0.0041297 0.00162567 -0.0041297 0.00890964 -0.000394643 0.00162567 -0.000394643 0.0064941)
(0.0180904 0.00158607 0.00436542 0.00158607 0.00752879 -0.00130222 0.00436542 -0.00130222 0.00609989)
(0.01222 -0.00527232 0.000575554 -0.00527232 0.00977421 -0.00290482 0.000575554 -0.00290482 0.00623007)
(0.0100661 -0.00084077 0.00275966 -0.00084077 0.00318568 -0.00154771 0.00275966 -0.00154771 0.00718947)
(0.0142064 0.0014068 0.00159391 0.0014068 0.00580111 0.00319076 0.00159391 0.00319076 0.00948137)
(0.0134798 -0.00171059 -0.0014824 -0.00171059 0.0069838 0.00340109 -0.0014824 0.00340109 0.00770664)
(0.00914726 -0.000628005 0.00087529 -0.000628005 0.0105273 -0.00261843 0.00087529 -0.00261843 0.00650191)
(0.00734763 8.8769e-05 0.000229651 8.8769e-05 0.00718686 0.000924087 0.000229651 0.000924087 0.00461763)
(0.0075754 0.000532614 0.00119179 0.000532614 0.00660079 -0.0010114 0.00119179 -0.0010114 0.00410908)
(0.0106155 -0.00227823 0.00206738 -0.00227823 0.00598268 -0.00310225 0.00206738 -0.00310225 0.00618138)
(0.0193744 -0.00122924 0.00247389 -0.00122924 0.00795387 -0.00354748 0.00247389 -0.00354748 0.0068634)
(0.00874901 -0.00259238 0.00449905 -0.00259238 0.0101989 -0.00167963 0.00449905 -0.00167963 0.00695917)
(0.00378479 -0.00152183 0.000991456 -0.00152183 0.00654504 -0.00185644 0.000991456 -0.00185644 0.00774873)
(0.015409 -0.00297235 0.00394802 -0.00297235 0.00948458 -0.00224854 0.00394802 -0.00224854 0.00788962)
(0.0159397 -0.00423017 0.00220655 -0.00423017 0.00930714 -0.000702068 0.00220655 -0.000702068 0.00660818)
(0.0128521 -0.00268901 0.000842454 -0.00268901 0.00783762 -0.00106847 0.000842454 -0.00106847 0.00783131)
(0.0202725 -0.00582438 0.0016279 -0.00582438 0.0100329 -0.00252134 0.0016279 -0.00252134 0.00759356)
(0.00787754 -0.00081333 0.00355041 -0.00081333 0.00903774 -0.0010226 0.00355041 -0.0010226 0.00352016)
(0.00694326 -0.00519049 -0.000830778 -0.00519049 0.0112762 0.000284098 -0.000830778 0.000284098 0.00534814)
(0.00967305 0.00244784 0.00288233 0.00244784 0.00625565 0.000761718 0.00288233 0.000761718 0.00504383)
(0.0087303 -0.00362201 0.000310596 -0.00362201 0.0105973 0.000167212 0.000310596 0.000167212 0.00474226)
(0.0125476 -0.00179018 -0.000573216 -0.00179018 0.00695308 0.00241807 -0.000573216 0.00241807 0.00665184)
(0.0116869 0.000825981 0.00409446 0.000825981 0.00726644 0.00016636 0.00409446 0.00016636 0.00746199)
(0.0124443 0.000171635 0.00200348 0.000171635 0.00631084 0.00190154 0.00200348 0.00190154 0.00759497)
(0.0113821 -0.00326348 2.46894e-06 -0.00326348 0.0108208 -0.000841244 2.46894e-06 -0.000841244 0.00845305)
(0.00894109 -0.000136803 0.00224294 -0.000136803 0.00752491 0.000377229 0.00224294 0.000377229 0.00440145)
(0.0103017 -0.00142119 0.00270004 -0.00142119 0.00820649 -0.00184908 0.00270004 -0.00184908 0.00469832)
(0.0103606 0.000198647 0.00107546 0.000198647 0.00678344 0.000244787 0.00107546 0.000244787 0.00331509)
(0.0032545 0.000479115 0.00185867 0.000479115 0.00142961 0.00025286 0.00185867 0.00025286 0.00304865)
(0.00205729 -8.78423e-05 -0.000722794 -8.78423e-05 0.00527501 0.00120149 -0.000722794 0.00120149 0.00540714)
(0.0116694 -0.00374593 0.00291621 -0.00374593 0.0088985 -0.00259446 0.00291621 -0.00259446 0.00679993)
(0.0136609 -0.0032349 -0.00341161 -0.0032349 0.00703515 -0.000588956 -0.00341161 -0.000588956 0.00287045)
(0.0128434 -0.00208459 -0.000362539 -0.00208459 0.00900009 -0.00023786 -0.000362539 -0.00023786 0.00819858)
(0.022931 -0.00285432 0.00102467 -0.00285432 0.00922521 0.000485228 0.00102467 0.000485228 0.00644673)
(0.0128265 -0.00236548 6.40564e-06 -0.00236548 0.00848604 -0.00110358 6.40564e-06 -0.00110358 0.00375436)
(0.0100991 -0.00352973 -0.000251385 -0.00352973 0.0117028 -0.00208772 -0.000251385 -0.00208772 0.00799402)
(0.0196964 -0.00256288 -0.00343685 -0.00256288 0.00820525 0.00307435 -0.00343685 0.00307435 0.00761014)
(0.013193 -0.000351613 0.000646593 -0.000351613 0.0049344 0.00137109 0.000646593 0.00137109 0.0103365)
(0.0121243 -0.000493586 0.00233455 -0.000493586 0.00766976 0.000150346 0.00233455 0.000150346 0.00583512)
(0.00889553 -0.00025083 0.00200716 -0.00025083 0.00694929 2.09538e-05 0.00200716 2.09538e-05 0.00592294)
(0.019778 -0.00362131 -0.00377166 -0.00362131 0.00698953 0.000788447 -0.00377166 0.000788447 0.00820073)
(0.0199098 0.00326795 0.00518008 0.00326795 0.0064997 9.96226e-05 0.00518008 9.96226e-05 0.00618258)
(0.0157043 -0.00212391 0.00359585 -0.00212391 0.00862316 -0.00277685 0.00359585 -0.00277685 0.00669505)
(0.0143688 -0.00065444 0.00142778 -0.00065444 0.00813022 0.000870802 0.00142778 0.000870802 0.00617238)
(0.0101726 -0.00030756 0.000854339 -0.00030756 0.00653891 -0.000306579 0.000854339 -0.000306579 0.00435257)
(0.0139988 -0.00224461 9.65297e-05 -0.00224461 0.00633908 0.000820562 9.65297e-05 0.000820562 0.00986155)
(0.00533556 -0.000994013 0.00166574 -0.000994013 0.00261686 -0.00114222 0.00166574 -0.00114222 0.00662659)
(0.0102724 0.0022355 0.00271045 0.0022355 0.00528082 0.0016231 0.00271045 0.0016231 0.00606338)
(0.00154769 -0.000697998 0.00149036 -0.000697998 0.00425018 -0.00106631 0.00149036 -0.00106631 0.00211312)
(0.00872325 -0.00106819 0.00296202 -0.00106819 0.00514874 -0.00177102 0.00296202 -0.00177102 0.00889213)
(0.00600411 -0.00108991 0.00117818 -0.00108991 0.00802001 -0.00324709 0.00117818 -0.00324709 0.00574602)
(0.0241081 -0.00182298 0.0019524 -0.00182298 0.00827101 0.000385063 0.0019524 0.000385063 0.00684949)
(0.0126186 -0.005035 -0.00176602 -0.005035 0.0120577 -0.000361417 -0.00176602 -0.000361417 0.00807584)
(0.0046032 -0.00492655 -0.00071208 -0.00492655 0.0102744 0.000703112 -0.00071208 0.000703112 0.00467772)
(0.00254996 -6.33113e-05 -3.13288e-05 -6.33113e-05 0.00501573 0.00205002 -3.13288e-05 0.00205002 0.00255669)
(0.015123 -0.00290092 0.000159882 -0.00290092 0.00805847 -0.00112994 0.000159882 -0.00112994 0.00494764)
(0.0256492 -0.000989376 0.00497327 -0.000989376 0.00866679 -0.00139313 0.00497327 -0.00139313 0.00781687)
(0.00460395 -0.00266902 0.00464071 -0.00266902 0.00975173 -0.00175443 0.00464071 -0.00175443 0.00797973)
(0.0120004 -0.00326797 0.0011943 -0.00326797 0.0110797 -0.000504806 0.0011943 -0.000504806 0.00783196)
(0.00766774 -0.0016058 -0.00020504 -0.0016058 0.00742374 -0.0035123 -0.00020504 -0.0035123 0.00684413)
(0.016531 0.000104036 0.00296352 0.000104036 0.0102192 -0.000487497 0.00296352 -0.000487497 0.00666844)
(0.00908198 0.00134538 0.00217002 0.00134538 0.00666283 0.000538206 0.00217002 0.000538206 0.00511213)
(0.00836453 -0.00138889 0.0028968 -0.00138889 0.00803191 -0.00151939 0.0028968 -0.00151939 0.00662346)
(0.00465764 -0.000525726 -0.000650595 -0.000525726 0.00579345 0.000796574 -0.000650595 0.000796574 0.00197379)
(0.0100436 -0.00254755 -0.00014379 -0.00254755 0.0108597 -0.0018872 -0.00014379 -0.0018872 0.00697312)
(0.00532872 -0.00213706 0.000579322 -0.00213706 0.00784336 0.000329325 0.000579322 0.000329325 0.00214004)
(0.00732625 -0.00508293 0.000422917 -0.00508293 0.0102663 0.00115365 0.000422917 0.00115365 0.00477077)
(0.00245076 0.000747846 0.000633998 0.000747846 0.00294686 0.00110278 0.000633998 0.00110278 0.00265796)
(0.00194598 -0.000369337 0.000544684 -0.000369337 0.00282508 0.000564931 0.000544684 0.000564931 0.00156596)
(0.00605066 -0.00433987 -0.000272396 -0.00433987 0.00954013 0.00118652 -0.000272396 0.00118652 0.00671004)
(0.000192184 -0.00248333 0.00135397 -0.00248333 0.00633701 -0.00307803 0.00135397 -0.00307803 0.00428596)
(0.0027732 -3.92571e-05 -0.00064843 -3.92571e-05 0.00174727 0.000507887 -0.00064843 0.000507887 0.00171795)
(0.00946991 -4.24311e-06 -0.00102778 -4.24311e-06 0.0076495 -0.00100303 -0.00102778 -0.00100303 0.00444383)
(0.0136626 -0.000847845 -0.00147957 -0.000847845 0.00631363 0.00425027 -0.00147957 0.00425027 0.00895536)
(0.0119758 -0.000677783 1.77305e-05 -0.000677783 0.00676814 0.00196055 1.77305e-05 0.00196055 0.00717341)
(0.00916278 0.00109107 0.00256593 0.00109107 0.00355681 0.00137831 0.00256593 0.00137831 0.00298993)
(0.00953086 -0.00134263 -0.00358768 -0.00134263 0.0070312 0.00275311 -0.00358768 0.00275311 0.00865891)
(0.0141313 0.00177011 0.00247355 0.00177011 0.00604516 0.00193086 0.00247355 0.00193086 0.00825212)
(0.0101654 0.00263957 0.00363794 0.00263957 0.00577464 0.00114862 0.00363794 0.00114862 0.0059527)
(0.00541487 7.15805e-05 -0.00194916 7.15805e-05 0.00506875 0.00368406 -0.00194916 0.00368406 0.00774265)
(0.0142813 -0.00113501 -0.00142464 -0.00113501 0.00638483 0.00144668 -0.00142464 0.00144668 0.00653905)
(0.0116395 -0.000905377 0.00261661 -0.000905377 0.00765915 -0.000365014 0.00261661 -0.000365014 0.00669251)
(0.0198768 0.00150028 0.00443649 0.00150028 0.00743119 -0.0023305 0.00443649 -0.0023305 0.00798202)
(0.0106458 -0.00411711 0.00287829 -0.00411711 0.00972463 -0.00260831 0.00287829 -0.00260831 0.00654922)
(0.00936786 0.00146694 0.00154269 0.00146694 0.00649994 0.000307776 0.00154269 0.000307776 0.00428858)
(0.0114232 3.25032e-06 0.00239871 3.25032e-06 0.0100946 -0.00360043 0.00239871 -0.00360043 0.00780559)
(0.0101342 0.00178068 0.00206752 0.00178068 0.0059848 0.00202282 0.00206752 0.00202282 0.00647534)
(0.0132009 -0.00382123 -0.00123109 -0.00382123 0.0076933 0.000476687 -0.00123109 0.000476687 0.00696371)
(0.00293932 -0.00391399 -0.000986854 -0.00391399 0.00895018 0.000490942 -0.000986854 0.000490942 0.0059648)
(0.0113735 -0.00293014 0.000783311 -0.00293014 0.00567936 -0.00210777 0.000783311 -0.00210777 0.00949791)
(0.006386 -0.00132476 0.0018592 -0.00132476 0.00711957 -0.000722185 0.0018592 -0.000722185 0.00639694)
(0.00888539 -0.000182531 -0.000669705 -0.000182531 0.00666865 0.000340306 -0.000669705 0.000340306 0.00388475)
(0.00769761 -0.000952289 0.000377709 -0.000952289 0.00561212 0.00276779 0.000377709 0.00276779 0.00835658)
(0.0162231 -0.00293775 0.00271716 -0.00293775 0.010499 0.000552205 0.00271716 0.000552205 0.00751979)
(0.0128482 -0.0044973 0.00022064 -0.0044973 0.00846908 0.00220924 0.00022064 0.00220924 0.00768257)
(0.0104907 -0.00258038 -0.000653069 -0.00258038 0.00753872 0.000461861 -0.000653069 0.000461861 0.00570842)
(0.0121634 -0.00233834 0.00323059 -0.00233834 0.00871684 -0.00116297 0.00323059 -0.00116297 0.00755671)
(0.0144462 -0.00320364 0.00303535 -0.00320364 0.00956995 -0.00135573 0.00303535 -0.00135573 0.00809824)
(0.0029579 -0.000189662 0.000811612 -0.000189662 0.00604137 -0.00192107 0.000811612 -0.00192107 0.00585681)
(0.00604521 0.000842795 0.000407793 0.000842795 0.00358123 0.000899981 0.000407793 0.000899981 0.00632671)
(0.00350144 0.000412781 -0.00161299 0.000412781 0.00499656 0.00285309 -0.00161299 0.00285309 0.00567378)
(0.00681606 -0.00245077 0.00102618 -0.00245077 0.00859916 0.00120225 0.00102618 0.00120225 0.00404314)
(0.00588463 -0.00359761 0.000740988 -0.00359761 0.00911853 0.00105657 0.000740988 0.00105657 0.00452433)
(0.00839302 -0.00379656 0.000887113 -0.00379656 0.00957896 0.00103953 0.000887113 0.00103953 0.00485438)
(0.00767253 0.000111876 0.000695044 0.000111876 0.00626338 0.000677724 0.000695044 0.000677724 0.00289956)
(0.006918 -0.00508325 -0.0012357 -0.00508325 0.0113499 -0.000820057 -0.0012357 -0.000820057 0.0069407)
(0.0139825 -0.004555 0.00142031 -0.004555 0.0106321 -0.000229605 0.00142031 -0.000229605 0.00830859)
(0.0021395 0.000663941 0.000289612 0.000663941 0.00367071 0.00157024 0.000289612 0.00157024 0.00319414)
(0.00563148 0.00128938 0.00138241 0.00128938 0.00583555 0.00164715 0.00138241 0.00164715 0.00323886)
(0.00596285 -0.00309305 3.30349e-05 -0.00309305 0.00904797 0.00124056 3.30349e-05 0.00124056 0.00564782)
(0.011012 -0.00297526 0.00164311 -0.00297526 0.00946067 0.00116039 0.00164311 0.00116039 0.0065686)
(0.00481985 0.00109495 -0.000214849 0.00109495 0.00169879 7.86027e-05 -0.000214849 7.86027e-05 0.00279661)
(0.00966342 -0.0010011 -0.0014245 -0.0010011 0.00730788 -0.00190538 -0.0014245 -0.00190538 0.00371712)
(0.00638468 0.00118739 0.00030566 0.00118739 0.00413825 0.00124 0.00030566 0.00124 0.00840298)
(0.011955 -0.00112504 0.000898682 -0.00112504 0.00730888 -0.000834768 0.000898682 -0.000834768 0.00471959)
(0.0152961 -2.03559e-05 0.00136325 -2.03559e-05 0.00797761 0.00156237 0.00136325 0.00156237 0.00370386)
(0.00467075 0.000409609 -0.000442808 0.000409609 0.00443902 0.00210305 -0.000442808 0.00210305 0.00880565)
(0.0103067 0.000468847 0.00183991 0.000468847 0.00479516 0.000856835 0.00183991 0.000856835 0.00938293)
(0.00716749 -0.000715985 0.0037167 -0.000715985 0.00451618 -0.00316987 0.0037167 -0.00316987 0.00883713)
(0.00312621 0.000858402 -0.00096328 0.000858402 0.00356948 0.00167754 -0.00096328 0.00167754 0.00673985)
(0.00408656 -0.000576187 0.000558797 -0.000576187 0.00208724 0.000319417 0.000558797 0.000319417 0.00496668)
