/*--------------------------------*- C++ -*----------------------------------*\
  =========                 |
  \\      /  F ield         | OpenFOAM: The Open Source CFD Toolbox
   \\    /   O peration     | Website:  https://openfoam.org
    \\  /    A nd           | Version:  10
     \\/     M anipulation  |
\*---------------------------------------------------------------------------*/
FoamFile
{
    format      ascii;
    class       volTensorField;
    location    "16";
    object      TauNN;
}
// * * * * * * * * * * * * * * * * * * * * * * * * * * * * * * * * * * * * * //

dimensions      [0 2 -2 0 0 0 0];

internalField   nonuniform List<tensor> 
25600
(
(0.000293801 5.56195e-05 0.000164901 5.56195e-05 0.000162692 -1.72202e-05 0.000164901 -1.72202e-05 0.000214405)
(0.000384438 7.8002e-05 0.000175157 7.8002e-05 0.000192349 -4.58295e-05 0.000175157 -4.58295e-05 0.000355492)
(0.000409891 9.90899e-05 0.00015243 9.90899e-05 0.000222605 -2.67318e-05 0.00015243 -2.67318e-05 0.000368605)
(0.000328094 7.7365e-05 0.000115886 7.7365e-05 0.000230718 -2.93115e-05 0.000115886 -2.93115e-05 0.000166446)
(0.00014703 1.96705e-05 9.56031e-05 1.96705e-05 0.000190995 -1.7046e-05 9.56031e-05 -1.7046e-05 -7.15599e-07)
(8.1488e-05 -7.51298e-06 9.72105e-05 -7.51298e-06 0.000175775 -7.83056e-06 9.72105e-05 -7.83056e-06 0.000115903)
(8.82085e-05 -5.65872e-06 5.94705e-05 -5.65872e-06 0.000169338 5.31506e-06 5.94705e-05 5.31506e-06 0.000178169)
(0.000113208 4.75915e-05 1.84188e-05 4.75915e-05 0.000143551 -2.77013e-05 1.84188e-05 -2.77013e-05 1.51999e-05)
(0.000258747 0.0001282 0.000138525 0.0001282 0.000147349 4.16953e-06 0.000138525 4.16953e-06 5.96049e-05)
(0.000333371 0.000141223 0.000266783 0.000141223 0.000104856 3.60161e-05 0.000266783 3.60161e-05 0.000240709)
(0.000219036 7.92658e-05 0.000203576 7.92658e-05 4.98184e-05 5.10924e-06 0.000203576 5.10924e-06 0.000146793)
(0.000157762 4.89298e-05 0.000128418 4.89298e-05 7.22811e-05 -1.72984e-05 0.000128418 -1.72984e-05 -1.00301e-05)
(0.000163862 1.24853e-05 0.00013986 1.24853e-05 0.000104206 -3.51667e-06 0.00013986 -3.51667e-06 1.18571e-06)
(0.000169282 -1.77063e-05 0.000119464 -1.77063e-05 0.000172843 6.94487e-06 0.000119464 6.94487e-06 5.46527e-05)
(0.000280636 2.18414e-05 0.000180678 2.18414e-05 0.000322614 0.000101783 0.000180678 0.000101783 0.000267367)
(0.000441269 8.27881e-05 0.000311233 8.27881e-05 0.000433748 0.000217849 0.000311233 0.000217849 0.000590508)
(0.000475812 0.000133179 0.000303671 0.000133179 0.000290999 0.000139 0.000303671 0.000139 0.000634072)
(0.000411807 0.000108261 0.000189602 0.000108261 0.000228881 -3.79644e-05 0.000189602 -3.79644e-05 0.000391148)
(0.000325728 2.44305e-05 0.00013213 2.44305e-05 0.000293443 -0.000104352 0.00013213 -0.000104352 0.000140044)
(0.000282899 -2.82349e-05 0.000149742 -2.82349e-05 0.000338278 -4.9049e-05 0.000149742 -4.9049e-05 5.53208e-05)
(0.000219673 -1.52346e-05 0.000139108 -1.52346e-05 0.000221027 -9.27038e-06 0.000139108 -9.27038e-06 4.82862e-05)
(0.000207375 2.55546e-05 8.24416e-05 2.55546e-05 0.000243815 -2.4057e-05 8.24416e-05 -2.4057e-05 6.83651e-05)
(0.000227004 9.90564e-05 5.11408e-05 9.90564e-05 0.00040528 -3.48203e-05 5.11408e-05 -3.48203e-05 7.49909e-05)
(0.000216511 0.000152249 3.58801e-05 0.000152249 0.000370376 -4.47715e-05 3.58801e-05 -4.47715e-05 4.58376e-05)
(0.000145852 6.77565e-05 4.27263e-05 6.77565e-05 0.00018181 -3.71635e-05 4.27263e-05 -3.71635e-05 -9.99989e-06)
(0.000142327 -3.56985e-05 9.78718e-05 -3.56985e-05 0.00017627 1.14879e-05 9.78718e-05 1.14879e-05 -4.19928e-05)
(0.000257649 -1.29547e-06 0.000138335 -1.29547e-06 0.00035332 2.73529e-06 0.000138335 2.73529e-06 -1.12482e-05)
(0.000384079 8.83229e-05 8.05464e-05 8.83229e-05 0.000363559 -0.000129072 8.05464e-05 -0.000129072 9.20697e-05)
(0.000519941 0.000136838 3.30415e-05 0.000136838 0.000302618 -0.000202452 3.30415e-05 -0.000202452 0.000498812)
(0.00075097 0.00017841 0.000273254 0.00017841 0.000306826 -0.000144978 0.000273254 -0.000144978 0.00105049)
(0.00100896 0.000199818 0.00059836 0.000199818 0.00030071 -6.25914e-05 0.00059836 -6.25914e-05 0.00125646)
(0.000914546 0.000110315 0.000593208 0.000110315 0.000228942 -6.51637e-05 0.000593208 -6.51637e-05 0.000833636)
(0.000571648 -2.17753e-05 0.000364445 -2.17753e-05 0.000178855 -9.77637e-05 0.000364445 -9.77637e-05 0.000289276)
(0.000356505 2.61795e-05 0.000204934 2.61795e-05 0.000226469 -8.10353e-05 0.000204934 -8.10353e-05 5.7078e-05)
(0.000360005 0.000141591 0.000134788 0.000141591 0.000262027 -7.36509e-05 0.000134788 -7.36509e-05 7.03734e-05)
(0.000361228 0.000136049 9.62913e-05 0.000136049 0.000217399 -7.05356e-05 9.62913e-05 -7.05356e-05 0.000116567)
(0.000263766 6.32722e-05 0.000104482 6.32722e-05 0.000165805 -2.46931e-05 0.000104482 -2.46931e-05 0.000109209)
(0.000234475 6.00591e-05 0.000129896 6.00591e-05 0.000171905 7.30064e-06 0.000129896 7.30064e-06 0.000110411)
(0.000228466 5.90533e-05 0.000142832 5.90533e-05 0.000159864 6.86571e-06 0.000142832 6.86571e-06 0.000104512)
(0.000221565 4.33316e-05 0.00014596 4.33316e-05 0.000150603 5.7891e-06 0.00014596 5.7891e-06 0.000101038)
(0.000603474 0.000194734 4.93275e-05 0.000194734 0.000305864 -0.000148115 4.93275e-05 -0.000148115 0.000746352)
(0.000534292 9.20212e-05 7.48262e-05 9.20212e-05 0.000350566 -0.000124285 7.48262e-05 -0.000124285 0.000404485)
(0.00045393 6.32796e-05 0.000111297 6.32796e-05 0.000343671 -3.58503e-05 0.000111297 -3.58503e-05 0.00023044)
(0.000320471 7.28816e-05 9.34321e-05 7.28816e-05 0.000324011 -2.59094e-06 9.34321e-05 -2.59094e-06 8.61655e-05)
(0.000191913 6.2068e-05 8.5298e-05 6.2068e-05 0.00023698 -2.1169e-06 8.5298e-05 -2.1169e-06 -1.63485e-05)
(0.000249663 9.28948e-05 9.86457e-05 9.28948e-05 0.000236429 1.82074e-05 9.86457e-05 1.82074e-05 2.94254e-05)
(0.000370107 0.000133739 0.00013882 0.000133739 0.000248193 1.01654e-05 0.00013882 1.01654e-05 0.000162841)
(0.000469098 0.000145113 0.000215657 0.000145113 0.000213166 -2.10935e-05 0.000215657 -2.10935e-05 0.000326587)
(0.000302288 5.02579e-05 0.000136773 5.02579e-05 0.000166506 -7.20713e-05 0.000136773 -7.20713e-05 0.000124308)
(0.000216697 1.11945e-06 0.000163571 1.11945e-06 0.000231896 1.78982e-05 0.000163571 1.78982e-05 -1.69643e-06)
(0.000334772 -1.79755e-05 0.000236081 -1.79755e-05 0.000375282 0.000260917 0.000236081 0.000260917 0.000426282)
(0.000402648 -0.00014803 8.37995e-05 -0.00014803 0.000440958 0.000408525 8.37995e-05 0.000408525 0.000889655)
(0.000271654 -0.000131954 -0.000111392 -0.000131954 0.000176947 0.000176983 -0.000111392 0.000176983 0.000604518)
(0.000253051 5.13084e-05 -9.43197e-05 5.13084e-05 9.33153e-05 -5.03184e-05 -9.43197e-05 -5.03184e-05 0.000185042)
(0.000219344 8.85818e-05 0.000162325 8.85818e-05 0.000222518 7.13356e-05 0.000162325 7.13356e-05 0.00013009)
(0.000416725 6.85602e-05 0.000230921 6.85602e-05 0.000528507 0.000418105 0.000230921 0.000418105 0.000747098)
(0.000805006 0.000184746 -5.80503e-05 0.000184746 0.000548452 0.000409898 -5.80503e-05 0.000409898 0.00158089)
(0.000961077 0.000326906 -9.78746e-05 0.000326906 0.000450066 8.94265e-05 -9.78746e-05 8.94265e-05 0.0015042)
(0.000784832 0.000262221 3.33749e-05 0.000262221 0.000447232 -0.000131725 3.33749e-05 -0.000131725 0.000917477)
(0.000560079 0.000118024 0.000169026 0.000118024 0.000384286 -9.80916e-05 0.000169026 -9.80916e-05 0.000394635)
(0.000432459 0.000230143 0.000173116 0.000230143 0.000391458 1.55624e-05 0.000173116 1.55624e-05 0.000195423)
(0.000336085 0.000412917 4.51878e-05 0.000412917 0.000876707 3.62955e-05 4.51878e-05 3.62955e-05 0.000151334)
(0.000149676 0.000207405 -1.03377e-06 0.000207405 0.00106753 -7.61393e-05 -1.03377e-06 -7.61393e-05 0.000111579)
(0.000164646 -9.87481e-05 9.7339e-05 -9.87481e-05 0.000450495 -6.4862e-05 9.7339e-05 -6.4862e-05 4.93768e-05)
(0.000308591 -2.29767e-05 0.000125586 -2.29767e-05 0.000189778 2.41306e-06 0.000125586 2.41306e-06 7.11814e-05)
(0.000522965 0.000172312 -1.85994e-05 0.000172312 0.000352457 -0.000174741 -1.85994e-05 -0.000174741 0.000396745)
(0.00100249 0.000287084 -0.000111915 0.000287084 0.000646394 -0.000458116 -0.000111915 -0.000458116 0.00126883)
(0.00174802 0.000410521 0.00015193 0.000410521 0.00074698 -0.000418814 0.00015193 -0.000418814 0.00299633)
(0.00247218 0.000498122 0.000549717 0.000498122 0.000787815 -0.000135778 0.000549717 -0.000135778 0.00476796)
(0.00279346 0.000501652 0.000729578 0.000501652 0.000816491 3.02102e-05 0.000729578 3.02102e-05 0.00549816)
(0.00246901 0.000461312 0.000759464 0.000461312 0.000678915 -4.19281e-05 0.000759464 -4.19281e-05 0.00474683)
(0.00144604 0.000310511 0.00046549 0.000310511 0.000470363 -0.000303193 0.00046549 -0.000303193 0.00244577)
(0.000745954 0.000112451 0.00018358 0.000112451 0.000576365 -0.000406548 0.00018358 -0.000406548 0.000609712)
(0.000508087 4.54448e-05 0.000171509 4.54448e-05 0.000816553 -0.000178188 0.000171509 -0.000178188 0.000130304)
(0.000401811 5.06006e-05 0.000134355 5.06006e-05 0.000557814 -9.77097e-05 0.000134355 -9.77097e-05 6.78054e-05)
(0.000344135 8.54749e-05 9.98452e-05 8.54749e-05 0.00026311 -9.92315e-05 9.98452e-05 -9.92315e-05 0.000137804)
(0.000477086 0.000169095 0.000214851 0.000169095 0.000221603 2.53702e-05 0.000214851 2.53702e-05 0.0005832)
(0.000676204 0.000247594 0.000363588 0.000247594 0.000283198 0.00014145 0.000363588 0.00014145 0.00119353)
(0.000731607 0.000252069 0.000341531 0.000252069 0.000273012 7.38623e-05 0.000341531 7.38623e-05 0.00132324)
(0.000693961 0.000245647 0.000193274 0.000245647 0.000272097 -4.44753e-05 0.000193274 -4.44753e-05 0.00112218)
(0.000600423 0.000232167 0.000219155 0.000232167 0.00050218 0.000218843 0.000219155 0.000218843 0.000704179)
(0.000623552 0.000216305 0.000320291 0.000216305 0.000427738 0.000102278 0.000320291 0.000102278 0.000608234)
(0.00039689 2.27308e-05 0.000201967 2.27308e-05 0.000300577 -6.49691e-05 0.000201967 -6.49691e-05 0.000184695)
(0.000181098 -7.11083e-05 6.26855e-05 -7.11083e-05 0.000275863 -2.3989e-05 6.26855e-05 -2.3989e-05 -1.87396e-05)
(0.000108466 2.26777e-06 5.25871e-05 2.26777e-06 0.000163824 2.70363e-06 5.25871e-05 2.70363e-06 4.96566e-05)
(0.000147607 3.46489e-05 8.97562e-05 3.46489e-05 0.000148406 -6.08526e-06 8.97562e-05 -6.08526e-06 9.49861e-05)
(0.000194826 2.19708e-05 0.000140286 2.19708e-05 0.000151785 -4.4628e-05 0.000140286 -4.4628e-05 8.64495e-05)
(0.000328529 -9.75654e-06 0.000204271 -9.75654e-06 0.000314627 -0.000196459 0.000204271 -0.000196459 0.000182561)
(0.000407941 -8.07513e-05 0.000190284 -8.07513e-05 0.000554105 -0.000242848 0.000190284 -0.000242848 0.000133532)
(0.00026779 -1.62777e-05 0.000166425 -1.62777e-05 0.000286472 -6.70636e-05 0.000166425 -6.70636e-05 2.55227e-05)
(0.000112139 -1.76812e-05 0.00011657 -1.76812e-05 0.000108528 7.22334e-06 0.00011657 7.22334e-06 8.45454e-05)
(0.00011545 2.18423e-05 3.67593e-05 2.18423e-05 0.000195937 -0.00011568 3.67593e-05 -0.00011568 0.000202942)
(0.000172196 7.43801e-05 1.10269e-06 7.43801e-05 0.000190804 -6.63344e-05 1.10269e-06 -6.63344e-05 0.000122255)
(0.00035189 5.05522e-06 0.000218529 5.05522e-06 0.000115762 -3.27826e-06 0.000218529 -3.27826e-06 0.000122528)
(0.000497819 4.76185e-06 0.000313491 4.76185e-06 0.000201307 -0.000109063 0.000313491 -0.000109063 0.000276037)
(0.0006271 0.000227458 3.61474e-05 0.000227458 0.000429446 -0.000317886 3.61474e-05 -0.000317886 0.000456091)
(0.0010255 0.000466199 -0.000355719 0.000466199 0.000564362 -0.000425697 -0.000355719 -0.000425697 0.00095256)
(0.00121888 0.000506239 -0.00034842 0.000506239 0.000500477 -0.000272213 -0.00034842 -0.000272213 0.00140481)
(0.00104047 0.000428435 7.26571e-05 0.000428435 0.00049307 -9.48468e-05 7.26571e-05 -9.48468e-05 0.00153899)
(0.000875854 0.000304498 0.000520509 0.000304498 0.000452824 8.88053e-05 0.000520509 8.88053e-05 0.00101961)
(0.00079748 0.000164139 0.000361426 0.000164139 0.000363777 -6.43358e-06 0.000361426 -6.43358e-06 0.000375411)
(0.00045203 -4.40935e-05 5.23226e-05 -4.40935e-05 0.000237049 -6.5729e-05 5.23226e-05 -6.5729e-05 8.97349e-05)
(0.000100253 1.03367e-05 7.9412e-05 1.03367e-05 9.6053e-05 -2.99886e-06 7.9412e-05 -2.99886e-06 1.00146e-05)
(0.000160381 -1.23093e-05 0.000144614 -1.23093e-05 0.000115733 2.27671e-05 0.000144614 2.27671e-05 1.06881e-05)
(0.00032028 -0.000178813 9.19132e-05 -0.000178813 0.000371212 7.18292e-05 9.19132e-05 7.18292e-05 8.10268e-05)
(0.000441331 -6.82678e-05 4.87817e-05 -6.82678e-05 0.000527403 0.000131695 4.87817e-05 0.000131695 0.000202922)
(0.000758082 0.000284869 6.52606e-05 0.000284869 0.000571133 0.000167245 6.52606e-05 0.000167245 0.000951816)
(0.00140034 0.000582605 0.000224693 0.000582605 0.000683833 0.000135767 0.000224693 0.000135767 0.00246372)
(0.00184309 0.000679329 0.000334078 0.000679329 0.000816897 0.000238403 0.000334078 0.000238403 0.00382165)
(0.00181286 0.000629465 0.000397705 0.000629465 0.000909773 0.000345521 0.000397705 0.000345521 0.00401926)
(0.00145297 0.000503884 0.000457155 0.000503884 0.000760931 0.000246396 0.000457155 0.000246396 0.00291684)
(0.000951178 0.000300202 0.000325635 0.000300202 0.000472871 4.1361e-05 0.000325635 4.1361e-05 0.0015476)
(0.00055982 0.000104362 0.00020591 0.000104362 0.000289808 -0.000141776 0.00020591 -0.000141776 0.000534972)
(0.000444196 8.42847e-07 0.000198515 8.42847e-07 0.000340133 -0.000212669 0.000198515 -0.000212669 0.000253675)
(0.000434069 -5.71758e-05 0.000215853 -5.71758e-05 0.00033064 -0.000205472 0.000215853 -0.000205472 0.000218342)
(0.000475645 -9.08775e-05 0.00022481 -9.08775e-05 0.000339937 -0.000193976 0.00022481 -0.000193976 0.000212043)
(0.00051335 -3.17357e-05 0.000202404 -3.17357e-05 0.000379083 -0.000199395 0.000202404 -0.000199395 0.000255897)
(0.000478712 4.18676e-05 0.000142502 4.18676e-05 0.000373228 -0.000178446 0.000142502 -0.000178446 0.000260745)
(0.000432785 0.00011604 9.92753e-05 0.00011604 0.000246719 -7.81007e-05 9.92753e-05 -7.81007e-05 0.000380187)
(0.00052015 0.000157527 0.000140173 0.000157527 0.000372003 0.000156517 0.000140173 0.000156517 0.000662708)
(0.000292295 0.000118447 0.000112631 0.000118447 0.00036121 1.06171e-07 0.000112631 1.06171e-07 8.37155e-05)
(0.000271293 7.9697e-05 0.000156889 7.9697e-05 0.000350166 -5.62062e-05 0.000156889 -5.62062e-05 0.000165669)
(0.000235418 3.27248e-05 0.000122844 3.27248e-05 0.000220725 -3.8838e-05 0.000122844 -3.8838e-05 0.000142365)
(0.000441108 0.000164244 0.000317175 0.000164244 0.000295647 9.85265e-05 0.000317175 9.85265e-05 0.000461889)
(0.00030261 2.48365e-05 0.000213051 2.48365e-05 0.000156185 -4.45917e-06 0.000213051 -4.45917e-06 0.000121703)
(0.00023811 -6.55651e-05 0.000154048 -6.55651e-05 0.000370264 0.000162533 0.000154048 0.000162533 0.000130125)
(0.000704468 0.000153131 0.000332654 0.000153131 0.000913291 0.000542112 0.000332654 0.000542112 0.000770377)
(0.000680638 0.000169653 0.000303594 0.000169653 0.00101798 0.000518257 0.000303594 0.000518257 0.000714986)
(0.000322648 -6.64843e-05 0.000166326 -6.64843e-05 0.000484307 0.0001333 0.000166326 0.0001333 0.000349481)
(0.000244094 -0.000110351 1.63689e-05 -0.000110351 0.000189814 -2.21888e-05 1.63689e-05 -2.21888e-05 0.000258021)
(0.00024479 -9.57642e-05 5.90831e-06 -9.57642e-05 0.000139363 -6.66734e-06 5.90831e-06 -6.66734e-06 0.000105944)
(0.000285139 -1.8388e-05 0.000187371 -1.8388e-05 0.000109945 -9.73977e-06 0.000187371 -9.73977e-06 0.00012637)
(0.000572302 0.000132288 0.000400793 0.000132288 0.000274603 0.000114556 0.000400793 0.000114556 0.000741375)
(0.000800723 0.000274464 0.00028464 0.000274464 0.000428202 0.000122425 0.00028464 0.000122425 0.00143141)
(0.000730603 0.00029579 -7.23451e-05 0.00029579 0.000382359 -0.000140762 -7.23451e-05 -0.000140762 0.000952073)
(0.000783726 0.000294785 -0.000182474 0.000294785 0.000640269 -0.00037935 -0.000182474 -0.00037935 0.000598204)
(0.000958637 0.00023544 -0.000105 0.00023544 0.000952617 -0.000566734 -0.000105 -0.000566734 0.000714641)
(0.00108383 0.000181875 4.73829e-05 0.000181875 0.000748445 -0.000590383 4.73829e-05 -0.000590383 0.00110247)
(0.00105309 0.00019479 0.000371853 0.00019479 0.000565777 -0.000260494 0.000371853 -0.000260494 0.00126125)
(0.000924845 0.000212977 0.000608688 0.000212977 0.000423937 9.76501e-05 0.000608688 9.76501e-05 0.00104891)
(0.000682631 7.03633e-05 0.000494884 7.03633e-05 0.000245236 -0.000110974 0.000494884 -0.000110974 0.000714696)
(0.000732775 -8.34186e-05 0.000451788 -8.34186e-05 0.000706928 -0.00063314 0.000451788 -0.00063314 0.000888549)
(0.00128356 -7.87079e-05 0.000450339 -7.87079e-05 0.000964858 -0.000931645 0.000450339 -0.000931645 0.00169663)
(0.00165115 0.000328931 0.000250679 0.000328931 0.000617535 -0.000581533 0.000250679 -0.000581533 0.00267295)
(0.00118331 0.000516162 -5.31459e-05 0.000516162 0.000340545 -0.000144797 -5.31459e-05 -0.000144797 0.00233214)
(0.000807177 0.000352065 -0.000210894 0.000352065 0.00027817 -0.000109769 -0.000210894 -0.000109769 0.00100185)
(0.000796008 0.000318408 -0.000104454 0.000318408 0.000378215 -8.41031e-05 -0.000104454 -8.41031e-05 0.000912736)
(0.00124757 0.000508786 0.000192633 0.000508786 0.000559915 -7.89938e-05 0.000192633 -7.89938e-05 0.00220272)
(0.00237755 0.000603989 0.000497987 0.000603989 0.000867742 -7.70204e-05 0.000497987 -7.70204e-05 0.00435044)
(0.00281842 0.000392347 0.000476023 0.000392347 0.00101036 -0.000281031 0.000476023 -0.000281031 0.00487763)
(0.00187101 0.000300764 0.000214418 0.000300764 0.000690938 -0.000405733 0.000214418 -0.000405733 0.00306431)
(0.000876553 0.000275346 2.36724e-05 0.000275346 0.000357641 -0.000231904 2.36724e-05 -0.000231904 0.00139685)
(0.000481078 0.000185304 7.60313e-05 0.000185304 0.000282688 -5.0189e-05 7.60313e-05 -5.0189e-05 0.00060644)
(0.000464045 0.000148415 0.000112527 0.000148415 0.000268333 -0.000136329 0.000112527 -0.000136329 0.000510417)
(0.000674523 7.53729e-05 7.46669e-05 7.53729e-05 0.000658804 -0.000425515 7.46669e-05 -0.000425515 0.000524728)
(0.000831435 -8.69837e-05 0.000170924 -8.69837e-05 0.00154867 -0.000589225 0.000170924 -0.000589225 0.000460223)
(0.000700826 -0.000184992 0.000253443 -0.000184992 0.00155344 -0.000440876 0.000253443 -0.000440876 0.000311333)
(0.000605693 -0.000206947 0.000258023 -0.000206947 0.000517538 -0.000270901 0.000258023 -0.000270901 0.000231864)
(0.000970254 0.000298761 0.000622435 0.000298761 0.000399034 0.000143935 0.000622435 0.000143935 0.000938969)
(0.000741884 0.000338293 0.00043213 0.000338293 0.000485982 0.000251628 0.00043213 0.000251628 0.000758528)
(0.000480722 0.000121663 0.000254335 0.000121663 0.000667067 0.000266616 0.000254335 0.000266616 0.000296804)
(0.000226125 -3.48845e-05 0.000176325 -3.48845e-05 0.000175547 -4.47296e-05 0.000176325 -4.47296e-05 0.000122632)
(0.000583967 0.000178478 0.000513982 0.000178478 0.000264924 0.000165387 0.000513982 0.000165387 0.000625074)
(0.000174049 -2.34824e-05 0.000118983 -2.34824e-05 9.86137e-05 3.02903e-05 0.000118983 3.02903e-05 9.88354e-05)
(0.000995697 9.14959e-05 0.00017698 9.14959e-05 0.00118919 0.000998249 0.00017698 0.000998249 0.001813)
(0.0016876 0.00049787 0.000108145 0.00049787 0.00254422 0.00168175 0.000108145 0.00168175 0.00250774)
(0.00079401 0.000226567 0.00025771 0.000226567 0.0013327 0.00068365 0.00025771 0.00068365 0.000986779)
(0.000266231 -9.22354e-05 8.27415e-05 -9.22354e-05 0.000275697 0.000103482 8.27415e-05 0.000103482 0.000315206)
(0.000381998 0.000177445 -0.000164115 0.000177445 0.000339613 -8.91462e-05 -0.000164115 -8.91462e-05 0.00048984)
(0.00023716 5.80028e-05 4.78607e-06 5.80028e-05 0.000188136 -2.4748e-05 4.78607e-06 -2.4748e-05 0.000204398)
(0.000555094 -3.2682e-05 0.000156644 -3.2682e-05 0.000639968 -0.00027556 0.000156644 -0.00027556 0.000214793)
(0.00158142 2.1575e-05 7.66292e-05 2.1575e-05 0.00128454 -0.000920603 7.66292e-05 -0.000920603 0.00172744)
(0.00194147 0.000166808 0.000352684 0.000166808 0.00092748 -0.000400686 0.000352684 -0.000400686 0.00331921)
(0.000935533 0.000367926 0.000459593 0.000367926 0.000719196 0.000388278 0.000459593 0.000388278 0.00181188)
(0.00027669 0.000185049 0.000101563 0.000185049 0.0014688 0.000472893 0.000101563 0.000472893 0.000342783)
(0.000628498 1.91508e-05 -5.89285e-05 1.91508e-05 0.00210755 0.000507489 -5.89285e-05 0.000507489 0.000376994)
(0.00120793 5.5478e-05 7.31861e-05 5.5478e-05 0.00155645 0.00078893 7.31861e-05 0.00078893 0.00140074)
(0.00135686 0.000493286 0.000261314 0.000493286 0.000752605 0.00022191 0.000261314 0.00022191 0.00249167)
(0.00126946 0.000168445 0.000346107 0.000168445 0.000843029 -0.000463065 0.000346107 -0.000463065 0.00163931)
(0.000878525 -0.000474974 0.000253508 -0.000474974 0.00144466 -0.00055804 0.000253508 -0.00055804 0.000433517)
(0.000666847 -0.000323514 0.000189573 -0.000323514 0.0019651 -0.000222859 0.000189573 -0.000222859 0.000247258)
(0.000460192 -8.63913e-05 0.00018638 -8.63913e-05 0.000890484 -0.000230424 0.00018638 -0.000230424 0.000178144)
(0.000422686 -5.15487e-06 0.00019143 -5.15487e-06 0.000331568 -0.000115757 0.00019143 -0.000115757 0.000223932)
(0.000398961 7.02525e-05 0.000157892 7.02525e-05 0.000245055 -7.02944e-05 0.000157892 -7.02944e-05 0.000253371)
(0.000326822 0.000109642 0.000103488 0.000109642 0.000232461 -1.68858e-05 0.000103488 -1.68858e-05 0.000280502)
(0.000365859 8.86712e-06 9.11821e-05 8.86712e-06 0.000316041 7.12192e-05 9.11821e-05 7.12192e-05 0.000247947)
(0.000617913 7.47442e-05 0.000143982 7.47442e-05 0.000832818 0.000273976 0.000143982 0.000273976 0.000509251)
(0.00123388 0.000601414 0.000422766 0.000601414 0.00202106 0.00106217 0.000422766 0.00106217 0.00191235)
(0.00184091 0.000828016 0.000395074 0.000828016 0.00244686 0.00149844 0.000395074 0.00149844 0.00382983)
(0.00199703 0.000812139 0.000619464 0.000812139 0.0013345 0.000793457 0.000619464 0.000793457 0.00420218)
(0.00189996 0.000540211 0.000827588 0.000540211 0.000658751 8.67425e-05 0.000827588 8.67425e-05 0.00331808)
(0.00175658 0.000376842 0.000753962 0.000376842 0.000541305 -6.33625e-05 0.000753962 -6.33625e-05 0.00302724)
(0.00144543 0.000413693 0.00024862 0.000413693 0.000509231 -3.82699e-05 0.00024862 -3.82699e-05 0.00289469)
(0.00147565 0.000510099 -0.000475943 0.000510099 0.000669449 -0.000350497 -0.000475943 -0.000350497 0.00248658)
(0.000975751 0.000348818 -0.000270657 0.000348818 0.00080975 -0.000440561 -0.000270657 -0.000440561 0.000952673)
(0.000508004 -1.4659e-05 0.000117287 -1.4659e-05 0.000677266 -0.000143247 0.000117287 -0.000143247 0.000305806)
(0.000763613 -4.87156e-05 0.000341214 -4.87156e-05 0.000518949 -9.28342e-05 0.000341214 -9.28342e-05 0.000391502)
(0.00200373 0.000458686 0.00123467 0.000458686 0.000700703 0.000225025 0.00123467 0.000225025 0.00186643)
(0.00151648 0.00050264 0.000901684 0.00050264 0.000524736 0.000336627 0.000901684 0.000336627 0.00184496)
(0.000363344 0.000128748 9.73409e-05 0.000128748 0.000389259 4.1483e-05 9.73409e-05 4.1483e-05 0.000120718)
(0.00124181 -0.000444443 -0.000352447 -0.000444443 0.001928 0.00150592 -0.000352447 0.00150592 0.00230132)
(0.00055387 -0.000336263 -0.000135065 -0.000336263 0.000386332 0.000400294 -0.000135065 0.000400294 0.00105036)
(0.000734003 -0.000284065 -0.000115616 -0.000284065 0.000881565 0.000838061 -0.000115616 0.000838061 0.00147202)
(0.00155981 0.000176762 -0.000116432 0.000176762 0.0022991 0.00169275 -0.000116432 0.00169275 0.00284658)
(0.00188914 0.000244207 -0.000169028 0.000244207 0.0029857 0.00201492 -0.000169028 0.00201492 0.00342683)
(0.000811156 -8.19229e-05 -4.58527e-05 -8.19229e-05 0.00176093 0.00108595 -4.58527e-05 0.00108595 0.00158236)
(0.000251395 -0.000102797 -3.92627e-05 -0.000102797 0.000330867 9.55584e-05 -3.92627e-05 9.55584e-05 0.000373136)
(0.000435853 0.000289302 -0.00023435 0.000289302 0.000499963 -0.000228642 -0.00023435 -0.000228642 0.000526678)
(0.000351678 9.41474e-05 4.66872e-06 9.41474e-05 0.000203671 -5.78137e-05 4.66872e-06 -5.78137e-05 0.000532522)
(0.000394319 4.35263e-05 0.000219902 4.35263e-05 0.000292755 4.12073e-05 0.000219902 4.12073e-05 0.00027089)
(0.00108235 0.000451043 -0.000119014 0.000451043 0.000750239 -0.000378806 -0.000119014 -0.000378806 0.00124796)
(0.00226461 0.000291842 0.000610581 0.000291842 0.000856621 -0.000501479 0.000610581 -0.000501479 0.0040586)
(0.00322876 -0.000606627 0.00142585 -0.000606627 0.00124863 -0.000892153 0.00142585 -0.000892153 0.00416224)
(0.00186201 -0.00082523 0.000684006 -0.00082523 0.0011248 -0.000521483 0.000684006 -0.000521483 0.000802127)
(0.000364838 0.000109622 0.000112678 0.000109622 0.000161889 6.21192e-06 0.000112678 6.21192e-06 -7.0046e-05)
(2.67521e-05 -0.000130989 3.59025e-06 -0.000130989 0.000593043 3.93316e-05 3.59025e-06 3.93316e-05 -3.90723e-05)
(0.000563572 -0.000742035 0.000136632 -0.000742035 0.00126197 3.89749e-05 0.000136632 3.89749e-05 0.000172171)
(0.000805427 -0.000387018 1.43098e-05 -0.000387018 0.000707262 1.78274e-05 1.43098e-05 1.78274e-05 0.00027879)
(0.000728595 0.000195772 7.55861e-06 0.000195772 0.000603785 -2.74433e-05 7.55861e-06 -2.74433e-05 0.000572546)
(0.000814262 0.000304522 0.000126163 0.000304522 0.000921264 -0.0001833 0.000126163 -0.0001833 0.000649572)
(0.00121057 -0.000776199 0.000296336 -0.000776199 0.00375245 -0.000634625 0.000296336 -0.000634625 0.000778207)
(0.00206073 -0.0017557 0.000525286 -0.0017557 0.00468326 -0.00140828 0.000525286 -0.00140828 0.00142155)
(0.00228284 -0.00125234 0.000557715 -0.00125234 0.00283366 -0.0014283 0.000557715 -0.0014283 0.00201702)
(0.000753814 -9.62913e-05 0.000551827 -9.62913e-05 0.000391139 -0.000470238 0.000551827 -0.000470238 0.00101149)
(0.000307989 0.000160383 5.24763e-05 0.000160383 0.000840198 -9.20938e-05 5.24763e-05 -9.20938e-05 0.000287099)
(0.000138956 9.73297e-05 2.90014e-05 9.73297e-05 0.000553197 -0.000428174 2.90014e-05 -0.000428174 0.000569381)
(0.000223425 -1.82204e-05 6.70739e-05 -1.82204e-05 0.000169166 5.57518e-05 6.70739e-05 5.57518e-05 0.000665731)
(0.000162466 -5.84852e-05 8.44896e-05 -5.84852e-05 6.32412e-05 3.79877e-05 8.44896e-05 3.79877e-05 8.49803e-05)
(0.00027307 5.44637e-05 0.000158032 5.44637e-05 0.000518939 0.000152757 0.000158032 0.000152757 0.000239164)
(0.00085969 0.000158546 -9.12976e-06 0.000158546 0.00300949 0.000642695 -9.12976e-06 0.000642695 0.000466089)
(0.000830343 0.000269734 9.58685e-05 0.000269734 0.00157549 0.000731915 9.58685e-05 0.000731915 0.000952106)
(0.00129478 0.000416297 -0.000168994 0.000416297 0.000624465 -0.000411536 -0.000168994 -0.000411536 0.00195588)
(0.00274038 0.000170677 -0.000460688 0.000170677 0.00193697 -0.00133493 -0.000460688 -0.00133493 0.00374038)
(0.00244258 0.000485074 -0.000576974 0.000485074 0.00127045 -0.000977848 -0.000576974 -0.000977848 0.0038175)
(0.000999866 0.00026844 0.000160437 0.00026844 0.00078345 0.000269584 0.000160437 0.000269584 0.00152633)
(0.000927582 0.000437305 0.000494007 0.000437305 0.0012575 0.000473467 0.000494007 0.000473467 0.00101862)
(0.00107949 0.000231356 0.000720786 0.000231356 0.00046089 6.78664e-05 0.000720786 6.78664e-05 0.00118699)
(0.00143453 -0.000573529 0.000744443 -0.000573529 0.00170879 -0.00107276 0.000744443 -0.00107276 0.00149079)
(0.0010623 -0.000890452 0.000215536 -0.000890452 0.00579889 -0.00034919 0.000215536 -0.00034919 0.00150246)
(0.00295901 -0.00104244 -0.000386815 -0.00104244 0.00608609 0.00201061 -0.000386815 0.00201061 0.00310977)
(0.000672911 -0.000247663 -1.67694e-05 -0.000247663 0.000414863 3.76292e-05 -1.67694e-05 3.76292e-05 0.000546715)
(0.000386518 3.6126e-06 0.000206565 3.6126e-06 0.000302912 8.51369e-05 0.000206565 8.51369e-05 0.000296797)
(0.000398336 3.9327e-05 0.000168866 3.9327e-05 0.000624164 -9.21991e-05 0.000168866 -9.21991e-05 0.000159823)
(0.00043333 0.000118853 0.000236044 0.000118853 0.000789902 0.00014319 0.000236044 0.00014319 0.000345504)
(0.000319951 -4.32283e-05 0.000167839 -4.32283e-05 0.000325462 -0.000104751 0.000167839 -0.000104751 0.000697052)
(0.000554524 0.000388988 0.000190549 0.000388988 0.00131707 0.000123166 0.000190549 0.000123166 0.000700168)
(0.000932314 0.000582259 0.000590609 0.000582259 0.000952336 0.000421244 0.000590609 0.000421244 0.000955627)
(0.000690758 1.25803e-05 0.000270421 1.25803e-05 0.000572115 -0.000166116 0.000270421 -0.000166116 0.00059276)
(0.000858625 6.84876e-05 2.56095e-05 6.84876e-05 0.000566215 -0.000380103 2.56095e-05 -0.000380103 0.00101077)
(0.000542384 0.000124124 6.92187e-05 0.000124124 0.000325764 7.74162e-05 6.92187e-05 7.74162e-05 0.000759362)
(0.000535929 2.01371e-05 0.00024806 2.01371e-05 0.000722914 0.000288823 0.00024806 0.000288823 0.00062382)
(0.00048871 0.000145547 0.000187181 0.000145547 0.000797613 0.000185608 0.000187181 0.000185608 0.000503756)
(0.00058976 0.00014564 0.00024049 0.00014564 0.000402606 -2.85627e-05 0.00024049 -2.85627e-05 0.000474745)
(0.00160833 -0.000840973 0.000768967 -0.000840973 0.00217811 -0.00152818 0.000768967 -0.00152818 0.00183451)
(0.00158049 -0.00164681 0.000750044 -0.00164681 0.00468278 -0.00223589 0.000750044 -0.00223589 0.00257054)
(0.00111506 -0.000625229 0.000288179 -0.000625229 0.00314621 -0.000904814 0.000288179 -0.000904814 0.00101315)
(0.000885698 0.000555808 -0.000161178 0.000555808 0.00086617 -0.000339114 -0.000161178 -0.000339114 0.000496801)
(0.00159445 0.000697422 -0.000703538 0.000697422 0.00108651 -0.000724235 -0.000703538 -0.000724235 0.00149627)
(0.00169271 0.000732589 -0.000347944 0.000732589 0.00121821 -0.000801852 -0.000347944 -0.000801852 0.00215383)
(0.00124186 0.000645418 -0.000192244 0.000645418 0.000862584 -0.000590925 -0.000192244 -0.000590925 0.00162619)
(0.00112465 0.000648487 0.000203939 0.000648487 0.00176997 -0.000365681 0.000203939 -0.000365681 0.000948505)
(0.000740293 -0.000313553 8.93027e-05 -0.000313553 0.00318914 0.000310434 8.93027e-05 0.000310434 0.000821403)
(0.00135466 -0.00150936 7.16038e-05 -0.00150936 0.00245567 -3.60673e-05 7.16038e-05 -3.60673e-05 0.000424551)
(0.00156739 0.000614698 -0.00083184 0.000614698 0.00135611 -0.000515981 -0.00083184 -0.000515981 0.00111919)
(-0.000218702 0.000155744 0.00027499 0.000155744 0.00365036 -0.00186675 0.00027499 -0.00186675 0.00210549)
(0.000740352 6.06412e-05 0.000787843 6.06412e-05 0.000775028 -0.000118905 0.000787843 -0.000118905 0.00146379)
(0.00107578 0.000610027 0.00035988 0.000610027 0.00354455 0.000494627 0.00035988 0.000494627 0.000774249)
(0.00206364 -0.000807772 0.000393266 -0.000807772 0.00706611 -0.000488878 0.000393266 -0.000488878 0.00186355)
(0.00257983 -0.00144773 -0.000704434 -0.00144773 0.00604781 0.00156026 -0.000704434 0.00156026 0.00270766)
(0.000785877 -4.5957e-05 -0.000487766 -4.5957e-05 0.00118428 0.00107935 -0.000487766 0.00107935 0.00179668)
(0.00100471 0.000606852 0.000397582 0.000606852 0.000938747 -0.000162668 0.000397582 -0.000162668 0.000591773)
(0.00170444 0.00088581 -0.000487941 0.00088581 0.00199785 -0.00113281 -0.000487941 -0.00113281 0.00169315)
(0.0013358 6.81058e-05 -9.31611e-05 6.81058e-05 0.00249356 -0.00101942 -9.31611e-05 -0.00101942 0.00109708)
(0.00058695 -0.000425256 0.000183872 -0.000425256 0.000887175 -9.94494e-05 0.000183872 -9.94494e-05 0.000170503)
(0.000575459 0.000519474 -0.000187321 0.000519474 0.000976308 -0.000240704 -0.000187321 -0.000240704 0.000579081)
(0.000634205 0.000186229 7.21263e-05 0.000186229 0.0030838 0.000359184 7.21263e-05 0.000359184 0.000586039)
(0.000539662 -0.00059692 0.000230154 -0.00059692 0.00229402 -0.000241107 0.000230154 -0.000241107 0.00073843)
(0.00111085 -0.000334215 0.000472648 -0.000334215 0.000601935 -0.000445884 0.000472648 -0.000445884 0.00245306)
(0.00141746 -3.65376e-05 -0.00105283 -3.65376e-05 0.00320231 0.00203612 -0.00105283 0.00203612 0.00559549)
(0.00114569 -0.000760105 -0.00157203 -0.000760105 0.00406114 0.00189659 -0.00157203 0.00189659 0.00392954)
(0.00147708 0.000899679 0.00103368 0.000899679 0.0018515 0.000293347 0.00103368 0.000293347 0.00152732)
(0.000226206 2.11662e-05 1.26828e-05 2.11662e-05 0.00046429 -0.000321171 1.26828e-05 -0.000321171 0.00053009)
(0.000338718 3.78788e-05 9.06829e-06 3.78788e-05 0.000764355 -0.000383961 9.06829e-06 -0.000383961 0.000527239)
(0.000423339 0.000189376 -5.78314e-05 0.000189376 0.00124212 -0.000285893 -5.78314e-05 -0.000285893 0.000459419)
(0.000411574 0.000344734 -7.8327e-05 0.000344734 0.00153783 -0.000342029 -7.8327e-05 -0.000342029 0.000679875)
(0.000526336 5.56074e-05 0.000444148 5.56074e-05 0.00107527 0.000322899 0.000444148 0.000322899 0.000849457)
(0.000845952 0.000106438 0.000220785 0.000106438 0.000656363 0.000423669 0.000220785 0.000423669 0.00121054)
(0.000362645 0.00021544 0.00010309 0.00021544 0.000701802 2.26563e-05 0.00010309 2.26563e-05 0.000344507)
(0.000649806 5.8339e-05 -0.000751037 5.8339e-05 0.000457105 -0.000171632 -0.000751037 -0.000171632 0.00193432)
(0.00139028 -0.000495701 -0.000929233 -0.000495701 0.000714417 0.00030428 -0.000929233 0.00030428 0.00522513)
(0.000512405 -2.42423e-06 -7.53226e-05 -2.42423e-06 0.00037525 -0.000267683 -7.53226e-05 -0.000267683 0.00185065)
(0.000163777 4.64357e-06 7.0353e-05 4.64357e-06 0.00022294 -2.21431e-05 7.0353e-05 -2.21431e-05 8.59995e-05)
(0.000633463 9.33241e-05 4.54718e-05 9.33241e-05 0.000983594 -0.000342506 4.54718e-05 -0.000342506 0.000379362)
(0.000778821 0.000244359 0.00031111 0.000244359 0.00301487 -0.00141209 0.00031111 -0.00141209 0.00157341)
(0.000270761 -0.00147245 0.00043585 -0.00147245 0.006478 -0.00233699 0.00043585 -0.00233699 0.00315725)
(0.000730603 -0.00107746 0.000492735 -0.00107746 0.00496313 -0.00198884 0.000492735 -0.00198884 0.00184653)
(0.00131943 0.000446856 -0.000637676 0.000446856 0.000496953 -0.000311474 -0.000637676 -0.000311474 0.00207775)
(0.00158339 -7.24662e-05 -0.000570664 -7.24662e-05 0.000763644 0.000316706 -0.000570664 0.000316706 0.00219703)
(0.000585241 6.17094e-05 0.000150374 6.17094e-05 0.000534393 -0.000201934 0.000150374 -0.000201934 0.000970371)
(0.00148455 -0.000128262 -0.00023222 -0.000128262 0.0012019 -0.00138056 -0.00023222 -0.00138056 0.00484534)
(0.00153363 -0.000136531 -0.000270983 -0.000136531 0.0036072 -0.00299352 -0.000270983 -0.00299352 0.00468091)
(0.00132577 0.00113691 -0.000527737 0.00113691 0.00504752 -0.00195776 -0.000527737 -0.00195776 0.00309332)
(0.00378841 0.00232226 0.00148631 0.00232226 0.00533756 0.000373278 0.00148631 0.000373278 0.00331673)
(0.00403624 0.00198598 0.00103213 0.00198598 0.0039563 0.0011417 0.00103213 0.0011417 0.00288533)
(0.00117018 0.00010028 0.000295756 0.00010028 0.00171842 -0.000342433 0.000295756 -0.000342433 0.000706482)
(0.00431976 0.0021144 0.00110581 0.0021144 0.00330088 0.000775382 0.00110581 0.000775382 0.00127272)
(0.00263798 0.000141814 -4.62309e-06 0.000141814 0.00080806 -1.31577e-05 -4.62309e-06 -1.31577e-05 0.000843634)
(0.00237461 0.000801085 0.000328997 0.000801085 0.001436 0.000525663 0.000328997 0.000525663 0.00404565)
(0.00225851 -0.000839455 0.000812804 -0.000839455 0.00240246 -0.00110514 0.000812804 -0.00110514 0.00193292)
(0.00185035 -0.000851015 0.000454487 -0.000851015 0.00271795 -0.00123906 0.000454487 -0.00123906 0.00147823)
(0.00161146 0.000557787 -0.000497129 0.000557787 0.000626909 -0.000303189 -0.000497129 -0.000303189 0.00275932)
(0.00177609 0.000273108 -7.26674e-05 0.000273108 0.000812431 0.000169875 -7.26674e-05 0.000169875 0.00350071)
(0.00111384 0.000221892 0.000530612 0.000221892 0.00108208 5.13634e-05 0.000530612 5.13634e-05 0.00133237)
(0.000858708 0.000371877 3.52673e-05 0.000371877 0.000693083 -0.00010461 3.52673e-05 -0.00010461 0.000651097)
(0.00127204 0.000612507 0.000405656 0.000612507 0.000773996 0.000238864 0.000405656 0.000238864 0.000799531)
(0.00111301 0.000476794 0.000833187 0.000476794 0.000688224 0.000408081 0.000833187 0.000408081 0.00135592)
(0.000274652 8.07364e-06 0.000107063 8.07364e-06 0.000324932 4.08422e-05 0.000107063 4.08422e-05 0.000225252)
(0.000876003 -0.000449346 0.00115295 -0.000449346 0.000624764 -0.000789336 0.00115295 -0.000789336 0.00256474)
(0.00295548 -0.000928778 0.00149721 -0.000928778 0.00327465 -0.00289416 0.00149721 -0.00289416 0.00454762)
(0.000712808 0.000573643 9.40431e-05 0.000573643 0.00490256 -0.00117807 9.40431e-05 -0.00117807 0.00180224)
(0.000342508 -4.54299e-05 0.000245744 -4.54299e-05 0.00132557 -4.55184e-05 0.000245744 -4.55184e-05 0.000351665)
(0.000464508 0.000112236 4.73633e-05 0.000112236 0.00224666 0.000216375 4.73633e-05 0.000216375 0.000883707)
(0.000372862 -6.99982e-05 0.000227129 -6.99982e-05 0.00050124 -0.000331193 0.000227129 -0.000331193 0.000250125)
(0.00101614 0.000413786 0.000406021 0.000413786 0.00146984 0.000820887 0.000406021 0.000820887 0.00190455)
(0.000849052 0.000412236 0.000117974 0.000412236 0.00166223 0.000837226 0.000117974 0.000837226 0.00167992)
(0.000453711 5.7512e-05 0.000207445 5.7512e-05 0.000329198 -0.000313462 0.000207445 -0.000313462 0.000939903)
(0.000328168 -5.13401e-05 0.000184056 -5.13401e-05 0.000905083 -0.000348769 0.000184056 -0.000348769 0.000566235)
(0.000390163 0.000652899 -7.64113e-05 0.000652899 0.0035481 -0.000910561 -7.64113e-05 -0.000910561 0.00114934)
(0.000711293 -0.000238967 0.000108649 -0.000238967 0.00164402 -0.00186488 0.000108649 -0.00186488 0.0032866)
(0.00234786 -7.49752e-05 -0.000826477 -7.49752e-05 0.00248332 0.00220241 -0.000826477 0.00220241 0.00529924)
(0.000349862 2.85693e-05 0.000199405 2.85693e-05 0.000295865 7.93003e-05 0.000199405 7.93003e-05 0.000385022)
(0.000982665 -6.43311e-05 0.000468086 -6.43311e-05 0.000501687 -6.61584e-05 0.000468086 -6.61584e-05 0.00144838)
(0.00120686 0.000437245 0.000274507 0.000437245 0.000791039 -0.000618987 0.000274507 -0.000618987 0.00155468)
(0.00118041 0.000366686 -2.78074e-05 0.000366686 0.000625758 -0.000233614 -2.78074e-05 -0.000233614 0.00153428)
(0.00178213 0.000544054 0.000857411 0.000544054 0.0012317 0.000318699 0.000857411 0.000318699 0.00215581)
(0.00228861 -0.000266843 0.00103189 -0.000266843 0.00107322 -0.000152892 0.00103189 -0.000152892 0.00112936)
(0.00135571 -0.000695687 0.000317391 -0.000695687 0.00156264 -0.000690524 0.000317391 -0.000690524 0.000559047)
(0.000766278 0.000362291 0.000268081 0.000362291 0.00119947 0.000234244 0.000268081 0.000234244 0.000368785)
(0.00295023 -0.000469213 0.00120546 -0.000469213 0.00217835 -0.00053633 0.00120546 -0.00053633 0.00819871)
(0.00713038 -0.00105316 0.00130115 -0.00105316 0.0020598 -0.00178799 0.00130115 -0.00178799 0.0116893)
(0.00345114 -0.00125257 0.000728413 -0.00125257 0.00368504 -0.0030862 0.000728413 -0.0030862 0.00665863)
(0.000639211 0.000968226 -0.000261268 0.000968226 0.00369776 -0.0010014 -0.000261268 -0.0010014 0.00221419)
(0.00225507 0.000785573 0.0011981 0.000785573 0.00119898 0.000427417 0.0011981 0.000427417 0.00263638)
(0.00515807 0.000575474 0.00150128 0.000575474 0.0036648 -0.00177844 0.00150128 -0.00177844 0.00537821)
(0.00783342 -0.000117083 0.000781432 -0.000117083 0.00559889 -0.00249113 0.000781432 -0.00249113 0.00748843)
(0.00336122 0.000247612 -0.00106078 0.000247612 0.00172033 -5.17601e-05 -0.00106078 -5.17601e-05 0.00693331)
(0.00239473 0.000986536 -6.3302e-06 0.000986536 0.00396002 0.00167112 -6.3302e-06 0.00167112 0.00404646)
(0.00286815 0.000410791 -0.000370827 0.000410791 0.00425271 0.00215863 -0.000370827 0.00215863 0.00356012)
(0.000379746 0.000234379 9.33148e-05 0.000234379 0.000900431 2.77497e-05 9.33148e-05 2.77497e-05 0.000496477)
(0.000505483 -0.000501499 -0.00108815 -0.000501499 0.00156154 0.00108109 -0.00108815 0.00108109 0.00233145)
(0.000646795 7.70371e-05 -8.90261e-05 7.70371e-05 0.00145791 0.00076386 -8.90261e-05 0.00076386 0.00229049)
(0.000593013 -1.94134e-05 0.000264892 -1.94134e-05 0.000787166 -5.8976e-05 0.000264892 -5.8976e-05 0.000353402)
(0.00195762 0.00053984 0.000650071 0.00053984 0.00314342 0.00120262 0.000650071 0.00120262 0.00307144)
(0.00228531 0.000499722 0.00148461 0.000499722 0.00109679 0.000400571 0.00148461 0.000400571 0.00376931)
(0.000911993 -0.000997162 8.5488e-05 -0.000997162 0.002941 0.000180409 8.5488e-05 0.000180409 0.000453586)
(0.000683066 7.42627e-05 0.000155923 7.42627e-05 0.00141292 0.000737453 0.000155923 0.000737453 0.00104207)
(0.000605817 -7.56048e-06 0.000392677 -7.56048e-06 0.000443171 -6.57141e-06 0.000392677 -6.57141e-06 0.000672881)
(0.000945723 -0.00023567 -0.000459542 -0.00023567 0.000622122 0.000465716 -0.000459542 0.000465716 0.00318966)
