/*--------------------------------*- C++ -*----------------------------------*\
  =========                 |
  \\      /  F ield         | OpenFOAM: The Open Source CFD Toolbox
   \\    /   O peration     | Website:  https://openfoam.org
    \\  /    A nd           | Version:  10
     \\/     M anipulation  |
\*---------------------------------------------------------------------------*/
FoamFile
{
    format      ascii;
    class       volTensorField;
    location    "47.5";
    object      TauNN;
}
// * * * * * * * * * * * * * * * * * * * * * * * * * * * * * * * * * * * * * //

dimensions      [0 2 -2 0 0 0 0];

internalField   nonuniform List<tensor> 
25600
(
(2.07004e-05 -0.0127845 -0.0154285 -0.0127845 1.98784e-05 -0.00812827 -0.0154285 -0.00812827 5.06647e-05)
(-6.11367e-06 -0.0127912 -0.015435 -0.0127912 2.36374e-05 -0.00812143 -0.015435 -0.00812143 5.07655e-05)
(1.01459e-05 -0.0127895 -0.0154259 -0.0127895 2.67036e-05 -0.00812022 -0.0154259 -0.00812022 7.40576e-05)
(3.51009e-05 -0.0127898 -0.0154291 -0.0127898 3.28767e-05 -0.00812535 -0.0154291 -0.00812535 6.27845e-05)
(1.40028e-05 -0.0127874 -0.015423 -0.0127874 2.40047e-05 -0.00812084 -0.015423 -0.00812084 7.29584e-05)
(3.28809e-05 -0.0127867 -0.0154243 -0.0127867 2.25435e-05 -0.00813247 -0.0154243 -0.00813247 5.67648e-05)
(8.96291e-05 -0.0128009 -0.01541 -0.0128009 4.43181e-05 -0.00814999 -0.01541 -0.00814999 0.000125236)
(2.20777e-05 -0.012788 -0.0154257 -0.012788 2.19228e-05 -0.0081255 -0.0154257 -0.0081255 5.52648e-05)
(2.03064e-05 -0.0127889 -0.0154301 -0.0127889 2.37513e-05 -0.00812713 -0.0154301 -0.00812713 4.65598e-05)
(2.54019e-05 -0.012788 -0.0154292 -0.012788 2.10161e-05 -0.00813007 -0.0154292 -0.00813007 3.845e-05)
(8.40694e-05 -0.0127939 -0.015415 -0.0127939 3.84341e-05 -0.00811606 -0.015415 -0.00811606 9.23033e-05)
(0.00010539 -0.0128015 -0.0154047 -0.0128015 4.1528e-05 -0.00814621 -0.0154047 -0.00814621 0.0001154)
(3.89225e-07 -0.012792 -0.0154392 -0.012792 2.51163e-05 -0.0081268 -0.0154392 -0.0081268 4.47693e-05)
(2.39839e-06 -0.0127916 -0.0154386 -0.0127916 2.68724e-05 -0.00812724 -0.0154386 -0.00812724 4.80567e-05)
(3.26188e-05 -0.0127863 -0.0154288 -0.0127863 2.11981e-05 -0.00812816 -0.0154288 -0.00812816 5.93164e-05)
(4.11794e-05 -0.0127892 -0.0154197 -0.0127892 2.52568e-05 -0.00812274 -0.0154197 -0.00812274 6.94537e-05)
(6.95439e-05 -0.0127944 -0.0154122 -0.0127944 3.33708e-05 -0.00813918 -0.0154122 -0.00813918 0.000106945)
(2.73047e-05 -0.012788 -0.0154205 -0.012788 2.32493e-05 -0.00812387 -0.0154205 -0.00812387 8.06371e-05)
(2.07458e-05 -0.012786 -0.0154175 -0.012786 2.24806e-05 -0.00812212 -0.0154175 -0.00812212 8.0942e-05)
(7.07624e-06 -0.0127933 -0.0154485 -0.0127933 3.32757e-05 -0.00813372 -0.0154485 -0.00813372 4.85916e-05)
(-1.5398e-05 -0.0128014 -0.0154534 -0.0128014 4.80421e-05 -0.00813494 -0.0154534 -0.00813494 5.26613e-05)
(1.99827e-05 -0.012786 -0.0154224 -0.012786 2.20438e-05 -0.00812565 -0.0154224 -0.00812565 8.16996e-05)
(1.06318e-05 -0.0127927 -0.0154338 -0.0127927 3.9581e-05 -0.00812275 -0.0154338 -0.00812275 6.34886e-05)
(9.36328e-05 -0.012793 -0.0154077 -0.012793 2.83269e-05 -0.00812983 -0.0154077 -0.00812983 7.74052e-05)
(4.46648e-05 -0.0127891 -0.0154208 -0.0127891 2.79079e-05 -0.00813256 -0.0154208 -0.00813256 0.000106989)
(-5.81826e-06 -0.0127903 -0.0154264 -0.0127903 2.86777e-05 -0.0081169 -0.0154264 -0.0081169 7.86557e-05)
(1.53893e-05 -0.012791 -0.0154239 -0.012791 3.21247e-05 -0.00811901 -0.0154239 -0.00811901 7.702e-05)
(3.33969e-05 -0.0127917 -0.0154346 -0.0127917 3.08007e-05 -0.00812725 -0.0154346 -0.00812725 5.86581e-05)
(3.17586e-05 -0.0127869 -0.0154198 -0.0127869 2.17626e-05 -0.00812783 -0.0154198 -0.00812783 6.06007e-05)
(7.47098e-06 -0.0127881 -0.0154334 -0.0127881 1.96965e-05 -0.00812243 -0.0154334 -0.00812243 5.04577e-05)
(3.00256e-05 -0.012792 -0.0154435 -0.012792 2.56675e-05 -0.00813366 -0.0154435 -0.00813366 4.2119e-05)
(2.63783e-05 -0.012794 -0.0154348 -0.012794 3.4199e-05 -0.00812518 -0.0154348 -0.00812518 6.15858e-05)
(2.18938e-05 -0.0127899 -0.015438 -0.0127899 2.30752e-05 -0.00813049 -0.015438 -0.00813049 4.15306e-05)
(3.16904e-05 -0.0127903 -0.0154219 -0.0127903 3.08377e-05 -0.00811925 -0.0154219 -0.00811925 7.52026e-05)
(2.58807e-05 -0.0127852 -0.015415 -0.0127852 2.45452e-05 -0.00812254 -0.015415 -0.00812254 8.28343e-05)
(-2.25923e-06 -0.0127913 -0.0154258 -0.0127913 3.07301e-05 -0.00811496 -0.0154258 -0.00811496 8.50873e-05)
(4.3931e-05 -0.0127898 -0.0154145 -0.0127898 2.64811e-05 -0.00812292 -0.0154145 -0.00812292 9.7431e-05)
(-3.77042e-06 -0.0127896 -0.0154297 -0.0127896 2.7522e-05 -0.00812079 -0.0154297 -0.00812079 6.35746e-05)
(-3.0668e-05 -0.0128051 -0.0154513 -0.0128051 6.21577e-05 -0.00812667 -0.0154513 -0.00812667 6.2828e-05)
(4.30073e-05 -0.0127923 -0.0154375 -0.0127923 2.91292e-05 -0.00813141 -0.0154375 -0.00813141 5.18521e-05)
(2.92024e-05 -0.012787 -0.0154245 -0.012787 2.43131e-05 -0.00812865 -0.0154245 -0.00812865 9.64333e-05)
(0.000102444 -0.0127914 -0.0154009 -0.0127914 2.92427e-05 -0.00812311 -0.0154009 -0.00812311 9.83385e-05)
(4.64301e-05 -0.01279 -0.015421 -0.01279 2.52174e-05 -0.00812653 -0.015421 -0.00812653 6.47381e-05)
(1.22578e-05 -0.0127917 -0.0154266 -0.0127917 2.76275e-05 -0.00811722 -0.0154266 -0.00811722 8.86901e-05)
(3.89392e-05 -0.0127878 -0.0154282 -0.0127878 2.51012e-05 -0.00813018 -0.0154282 -0.00813018 0.000100089)
(6.39395e-06 -0.0127917 -0.0154345 -0.0127917 2.4065e-05 -0.00811902 -0.0154345 -0.00811902 6.8952e-05)
(4.39973e-05 -0.0127906 -0.0154331 -0.0127906 2.56876e-05 -0.00813129 -0.0154331 -0.00813129 4.47349e-05)
(5.10768e-05 -0.0127916 -0.0154308 -0.0127916 2.81229e-05 -0.00812881 -0.0154308 -0.00812881 5.3598e-05)
(2.36792e-05 -0.0127866 -0.0154356 -0.0127866 1.83322e-05 -0.00812661 -0.0154356 -0.00812661 4.28905e-05)
(0.00010297 -0.0128035 -0.0154116 -0.0128035 3.51277e-05 -0.00813827 -0.0154116 -0.00813827 6.98193e-05)
(3.47156e-05 -0.0127888 -0.0154199 -0.0127888 2.26637e-05 -0.00812423 -0.0154199 -0.00812423 7.65543e-05)
(5.23053e-05 -0.0127889 -0.0154241 -0.0127889 3.62239e-05 -0.00814288 -0.0154241 -0.00814288 7.2544e-05)
(0.000120526 -0.0128064 -0.0154105 -0.0128064 3.97474e-05 -0.00814091 -0.0154105 -0.00814091 7.09454e-05)
(5.37985e-05 -0.0127868 -0.015427 -0.0127868 2.66603e-05 -0.00813504 -0.015427 -0.00813504 5.78763e-05)
(3.85181e-05 -0.0127891 -0.0154216 -0.0127891 2.26692e-05 -0.00812611 -0.0154216 -0.00812611 7.06083e-05)
(-3.01876e-06 -0.0127927 -0.0154324 -0.0127927 2.98005e-05 -0.00811705 -0.0154324 -0.00811705 7.55816e-05)
(1.77607e-05 -0.0127895 -0.0154296 -0.0127895 2.20085e-05 -0.00812374 -0.0154296 -0.00812374 5.63426e-05)
(7.89856e-05 -0.0128023 -0.0154156 -0.0128023 3.90542e-05 -0.00814247 -0.0154156 -0.00814247 6.78164e-05)
(3.59507e-05 -0.012789 -0.0154208 -0.012789 2.30246e-05 -0.00812561 -0.0154208 -0.00812561 6.5332e-05)
(7.23566e-05 -0.0127954 -0.015418 -0.0127954 2.84942e-05 -0.00813389 -0.015418 -0.00813389 5.11454e-05)
(1.62773e-05 -0.0127913 -0.0154283 -0.0127913 2.57524e-05 -0.00811929 -0.0154283 -0.00811929 7.82736e-05)
(2.63648e-05 -0.0127881 -0.0154372 -0.0127881 2.00554e-05 -0.00813003 -0.0154372 -0.00813003 3.69321e-05)
(2.2669e-05 -0.0127886 -0.0154347 -0.0127886 2.23884e-05 -0.00813013 -0.0154347 -0.00813013 4.11334e-05)
(3.03822e-05 -0.0127872 -0.0154309 -0.0127872 1.90697e-05 -0.00812877 -0.0154309 -0.00812877 4.79118e-05)
(5.24042e-05 -0.0127899 -0.0154177 -0.0127899 2.33462e-05 -0.00812897 -0.0154177 -0.00812897 7.48431e-05)
(5.23044e-05 -0.012792 -0.0154197 -0.012792 2.50109e-05 -0.00813189 -0.0154197 -0.00813189 5.73449e-05)
(9.25648e-05 -0.0128012 -0.0154093 -0.0128012 4.28565e-05 -0.00814724 -0.0154093 -0.00814724 0.000105178)
(4.85629e-05 -0.0127892 -0.0154162 -0.0127892 2.43769e-05 -0.00812724 -0.0154162 -0.00812724 7.36027e-05)
(7.66472e-05 -0.0127963 -0.0154159 -0.0127963 3.10452e-05 -0.00813647 -0.0154159 -0.00813647 8.48551e-05)
(2.94198e-05 -0.0127849 -0.0154263 -0.0127849 2.24488e-05 -0.00812953 -0.0154263 -0.00812953 7.54694e-05)
(3.23614e-05 -0.012788 -0.0154205 -0.012788 2.39447e-05 -0.00813264 -0.0154205 -0.00813264 5.86402e-05)
(9.84844e-05 -0.0127964 -0.0154068 -0.0127964 3.1692e-05 -0.00813009 -0.0154068 -0.00813009 0.000115887)
(1.3041e-05 -0.0127938 -0.0154331 -0.0127938 3.07545e-05 -0.00811963 -0.0154331 -0.00811963 6.40631e-05)
(3.33624e-05 -0.0127889 -0.0154271 -0.0127889 2.14913e-05 -0.00813056 -0.0154271 -0.00813056 4.33555e-05)
(8.82763e-05 -0.0128054 -0.0154142 -0.0128054 4.61003e-05 -0.00814717 -0.0154142 -0.00814717 7.98979e-05)
(7.96295e-05 -0.0127981 -0.0154139 -0.0127981 3.00364e-05 -0.00813525 -0.0154139 -0.00813525 6.87273e-05)
(2.16803e-05 -0.0127823 -0.015433 -0.0127823 1.762e-05 -0.00812857 -0.015433 -0.00812857 3.5027e-05)
(7.95954e-05 -0.0128035 -0.0154311 -0.0128035 3.16656e-05 -0.00813512 -0.0154311 -0.00813512 3.2904e-05)
(9.96455e-05 -0.0127964 -0.0154091 -0.0127964 2.73168e-05 -0.00812837 -0.0154091 -0.00812837 7.45642e-05)
(7.84379e-05 -0.0127862 -0.0154463 -0.0127862 1.999e-05 -0.00812218 -0.0154463 -0.00812218 5.37503e-05)
(-7.96218e-06 -0.0127953 -0.0154349 -0.0127953 3.15011e-05 -0.00811526 -0.0154349 -0.00811526 7.51535e-05)
(3.97033e-05 -0.0127881 -0.0154177 -0.0127881 2.61791e-05 -0.00813235 -0.0154177 -0.00813235 8.99938e-05)
(3.77894e-05 -0.0127897 -0.0154167 -0.0127897 2.6363e-05 -0.0081203 -0.0154167 -0.0081203 8.8412e-05)
(2.56873e-05 -0.01279 -0.0154257 -0.01279 2.36384e-05 -0.0081228 -0.0154257 -0.0081228 6.11457e-05)
(1.02903e-05 -0.0127896 -0.0154281 -0.0127896 2.43672e-05 -0.00812095 -0.0154281 -0.00812095 6.54273e-05)
(3.84416e-05 -0.0127896 -0.0154227 -0.0127896 2.33458e-05 -0.00812519 -0.0154227 -0.00812519 6.01234e-05)
(4.97793e-05 -0.0127898 -0.0154186 -0.0127898 2.43615e-05 -0.00812432 -0.0154186 -0.00812432 7.35706e-05)
(2.27667e-05 -0.012786 -0.0154255 -0.012786 2.02028e-05 -0.00812765 -0.0154255 -0.00812765 5.8614e-05)
(3.58245e-06 -0.0128008 -0.0154439 -0.0128008 2.93213e-05 -0.00812499 -0.0154439 -0.00812499 3.92515e-05)
(9.2719e-06 -0.0127969 -0.0154462 -0.0127969 3.49165e-05 -0.00813073 -0.0154462 -0.00813073 5.0763e-05)
(6.49829e-05 -0.0127972 -0.0154193 -0.0127972 3.22887e-05 -0.00813815 -0.0154193 -0.00813815 5.89796e-05)
(-1.86015e-05 -0.0128026 -0.0154407 -0.0128026 4.11753e-05 -0.00811116 -0.0154407 -0.00811116 0.000109674)
(7.57817e-05 -0.0127953 -0.0154107 -0.0127953 3.51325e-05 -0.00814101 -0.0154107 -0.00814101 9.90361e-05)
(6.33168e-05 -0.0127903 -0.0154106 -0.0127903 2.5323e-05 -0.00812637 -0.0154106 -0.00812637 7.90769e-05)
(6.17897e-05 -0.0127889 -0.0154162 -0.0127889 3.31326e-05 -0.00811704 -0.0154162 -0.00811704 7.76556e-05)
(5.99934e-05 -0.0127894 -0.0154124 -0.0127894 2.57799e-05 -0.00812341 -0.0154124 -0.00812341 7.92233e-05)
(1.60947e-05 -0.0128023 -0.0154486 -0.0128023 2.9806e-05 -0.00811672 -0.0154486 -0.00811672 5.69434e-05)
(3.63818e-05 -0.0127874 -0.0154296 -0.0127874 2.08195e-05 -0.00812894 -0.0154296 -0.00812894 5.26484e-05)
(9.12532e-05 -0.0127955 -0.0154056 -0.0127955 3.22689e-05 -0.00813548 -0.0154056 -0.00813548 0.000107807)
(7.95612e-05 -0.0127975 -0.0154094 -0.0127975 3.4876e-05 -0.00814043 -0.0154094 -0.00814043 8.58697e-05)
(8.33716e-05 -0.0127976 -0.0154086 -0.0127976 3.95774e-05 -0.00814648 -0.0154086 -0.00814648 0.000124293)
(6.89524e-06 -0.0127874 -0.0154304 -0.0127874 2.33009e-05 -0.0081222 -0.0154304 -0.0081222 7.58028e-05)
(3.64006e-05 -0.0127893 -0.0154179 -0.0127893 2.58509e-05 -0.00812197 -0.0154179 -0.00812197 8.59534e-05)
(4.86889e-05 -0.0127883 -0.0154145 -0.0127883 2.59755e-05 -0.0081203 -0.0154145 -0.0081203 8.24202e-05)
(1.64759e-06 -0.0127921 -0.0154368 -0.0127921 2.61528e-05 -0.00812395 -0.0154368 -0.00812395 5.37464e-05)
(1.59258e-05 -0.0127969 -0.0154436 -0.0127969 2.74657e-05 -0.00812461 -0.0154436 -0.00812461 4.86966e-05)
(7.21597e-05 -0.012795 -0.0154181 -0.012795 2.62331e-05 -0.00813195 -0.0154181 -0.00813195 5.91502e-05)
(8.7658e-05 -0.0127919 -0.0154046 -0.0127919 2.80811e-05 -0.00812283 -0.0154046 -0.00812283 9.29602e-05)
(3.53748e-05 -0.012789 -0.0154248 -0.012789 2.1979e-05 -0.00813092 -0.0154248 -0.00813092 4.9232e-05)
(4.43313e-05 -0.0127851 -0.015428 -0.0127851 2.78764e-05 -0.00813784 -0.015428 -0.00813784 7.7892e-05)
(1.59474e-06 -0.0127934 -0.0154293 -0.0127934 3.46845e-05 -0.00811469 -0.0154293 -0.00811469 7.79292e-05)
(0.000155923 -0.0128072 -0.0153989 -0.0128072 3.71607e-05 -0.00813888 -0.0153989 -0.00813888 8.62825e-05)
(3.4967e-05 -0.0127909 -0.0154233 -0.0127909 2.93492e-05 -0.00813005 -0.0154233 -0.00813005 0.000114467)
(5.24695e-05 -0.0127842 -0.0154439 -0.0127842 2.38147e-05 -0.00812555 -0.0154439 -0.00812555 8.08448e-05)
(4.00771e-05 -0.0127893 -0.0154257 -0.0127893 2.20748e-05 -0.0081286 -0.0154257 -0.0081286 5.75094e-05)
(9.9887e-05 -0.0127992 -0.0154057 -0.0127992 3.30043e-05 -0.00813753 -0.0154057 -0.00813753 9.68576e-05)
(5.76822e-05 -0.0127921 -0.0154157 -0.0127921 3.06931e-05 -0.0081372 -0.0154157 -0.0081372 0.000102622)
(4.4708e-05 -0.0127896 -0.0154175 -0.0127896 2.3795e-05 -0.00812406 -0.0154175 -0.00812406 7.64747e-05)
(0.000108297 -0.0128303 -0.0154174 -0.0128303 9.01519e-05 -0.00815341 -0.0154174 -0.00815341 5.2499e-05)
(6.15416e-05 -0.0127947 -0.0154198 -0.0127947 3.09399e-05 -0.00813785 -0.0154198 -0.00813785 6.7714e-05)
(5.08646e-05 -0.0127916 -0.01542 -0.0127916 2.7787e-05 -0.00813591 -0.01542 -0.00813591 7.91022e-05)
(6.39773e-05 -0.0127908 -0.0154117 -0.0127908 2.59167e-05 -0.0081246 -0.0154117 -0.0081246 9.28349e-05)
(0.000115386 -0.0127965 -0.0154032 -0.0127965 3.18699e-05 -0.00812319 -0.0154032 -0.00812319 0.000108116)
(6.77387e-05 -0.0127949 -0.0154169 -0.0127949 3.63447e-05 -0.00814343 -0.0154169 -0.00814343 0.00010907)
(-6.34771e-06 -0.0127911 -0.0154342 -0.0127911 2.52593e-05 -0.00811705 -0.0154342 -0.00811705 7.80366e-05)
(2.42751e-05 -0.0127891 -0.0154345 -0.0127891 2.47519e-05 -0.00812348 -0.0154345 -0.00812348 9.76178e-05)
(6.01376e-05 -0.0127955 -0.0154221 -0.0127955 3.06623e-05 -0.00813693 -0.0154221 -0.00813693 5.7172e-05)
(0.000115897 -0.012806 -0.0154058 -0.012806 4.05962e-05 -0.00814304 -0.0154058 -0.00814304 8.89146e-05)
(5.29118e-05 -0.0127903 -0.0154184 -0.0127903 2.47409e-05 -0.00812914 -0.0154184 -0.00812914 7.71131e-05)
(1.62997e-05 -0.0127858 -0.0154283 -0.0127858 2.02247e-05 -0.00812559 -0.0154283 -0.00812559 6.26221e-05)
(4.51029e-05 -0.0127896 -0.0154164 -0.0127896 2.38805e-05 -0.00812847 -0.0154164 -0.00812847 8.10765e-05)
(1.03888e-05 -0.0127928 -0.0154332 -0.0127928 2.61217e-05 -0.00812152 -0.0154332 -0.00812152 5.97112e-05)
(4.85609e-05 -0.0127948 -0.0154235 -0.0127948 2.79987e-05 -0.00813542 -0.0154235 -0.00813542 4.31362e-05)
(9.17747e-05 -0.0127904 -0.0154101 -0.0127904 3.36217e-05 -0.00811643 -0.0154101 -0.00811643 8.45758e-05)
(4.84042e-05 -0.0127911 -0.0154165 -0.0127911 2.59326e-05 -0.00812003 -0.0154165 -0.00812003 8.64353e-05)
(4.38354e-05 -0.0127901 -0.0154207 -0.0127901 2.76191e-05 -0.00813586 -0.0154207 -0.00813586 7.66207e-05)
(4.49327e-05 -0.0127864 -0.0154267 -0.0127864 2.78837e-05 -0.0081359 -0.0154267 -0.0081359 9.45597e-05)
(9.62044e-07 -0.0127961 -0.0154398 -0.0127961 2.87224e-05 -0.00812025 -0.0154398 -0.00812025 6.25467e-05)
(8.67982e-06 -0.0127875 -0.0154325 -0.0127875 2.07933e-05 -0.00812467 -0.0154325 -0.00812467 5.48906e-05)
(4.06407e-06 -0.0127921 -0.0154295 -0.0127921 3.89326e-05 -0.00811421 -0.0154295 -0.00811421 7.89417e-05)
(0.00010316 -0.0128019 -0.0154068 -0.0128019 4.00566e-05 -0.00814404 -0.0154068 -0.00814404 9.92959e-05)
(8.13193e-05 -0.0127931 -0.0154074 -0.0127931 3.00089e-05 -0.00812324 -0.0154074 -0.00812324 0.000107663)
(3.34762e-05 -0.0127917 -0.015424 -0.0127917 2.51924e-05 -0.00812107 -0.015424 -0.00812107 5.81868e-05)
(5.14376e-05 -0.0127908 -0.0154155 -0.0127908 2.64293e-05 -0.00813208 -0.0154155 -0.00813208 8.96763e-05)
(5.70056e-05 -0.0127924 -0.0154229 -0.0127924 2.35793e-05 -0.00812874 -0.0154229 -0.00812874 5.26326e-05)
(8.02922e-06 -0.0128009 -0.015446 -0.0128009 3.21289e-05 -0.00812998 -0.015446 -0.00812998 4.50535e-05)
(-1.2249e-05 -0.0127991 -0.0154404 -0.0127991 4.45107e-05 -0.00811836 -0.0154404 -0.00811836 6.5707e-05)
(5.72906e-05 -0.0127908 -0.0154135 -0.0127908 2.53083e-05 -0.00812881 -0.0154135 -0.00812881 8.41064e-05)
(2.4886e-05 -0.01279 -0.0154325 -0.01279 2.81468e-05 -0.00812597 -0.0154325 -0.00812597 0.00010986)
(8.1708e-05 -0.0127938 -0.0154076 -0.0127938 2.83504e-05 -0.0081304 -0.0154076 -0.0081304 9.91482e-05)
(3.27525e-05 -0.012792 -0.0154199 -0.012792 2.98208e-05 -0.00811868 -0.0154199 -0.00811868 0.000105393)
(1.99698e-05 -0.0127879 -0.0154206 -0.0127879 2.52811e-05 -0.00812193 -0.0154206 -0.00812193 8.71498e-05)
(7.70731e-05 -0.0128088 -0.0154244 -0.0128088 4.93296e-05 -0.00814305 -0.0154244 -0.00814305 4.04401e-05)
(2.82251e-05 -0.0127874 -0.0154257 -0.0127874 2.14305e-05 -0.00812622 -0.0154257 -0.00812622 6.74404e-05)
(8.7383e-06 -0.0128006 -0.0154336 -0.0128006 3.99305e-05 -0.00811695 -0.0154336 -0.00811695 0.000118731)
(6.46322e-06 -0.0127921 -0.0154303 -0.0127921 3.23013e-05 -0.00811875 -0.0154303 -0.00811875 6.77442e-05)
(5.51686e-06 -0.0127927 -0.0154275 -0.0127927 3.03818e-05 -0.00811553 -0.0154275 -0.00811553 9.9889e-05)
(7.87286e-06 -0.0127877 -0.0154333 -0.0127877 2.18976e-05 -0.00812362 -0.0154333 -0.00812362 6.0949e-05)
(3.51461e-05 -0.0127878 -0.0154213 -0.0127878 2.33286e-05 -0.00812648 -0.0154213 -0.00812648 7.19184e-05)
(0.000103535 -0.0128167 -0.0154195 -0.0128167 5.41364e-05 -0.00814461 -0.0154195 -0.00814461 4.72353e-05)
(8.99684e-05 -0.0127993 -0.0154113 -0.0127993 2.96604e-05 -0.00813447 -0.0154113 -0.00813447 6.53251e-05)
(7.27477e-05 -0.0128016 -0.015436 -0.0128016 3.15912e-05 -0.00813469 -0.015436 -0.00813469 3.67737e-05)
(3.31024e-05 -0.0127856 -0.0154344 -0.0127856 1.92932e-05 -0.00812992 -0.0154344 -0.00812992 3.79129e-05)
(6.23099e-05 -0.0127988 -0.0154215 -0.0127988 3.90852e-05 -0.00814245 -0.0154215 -0.00814245 5.73273e-05)
(6.92233e-05 -0.012816 -0.0154363 -0.012816 7.6161e-05 -0.00813493 -0.0154363 -0.00813493 2.78895e-05)
(5.9405e-06 -0.0128 -0.0154433 -0.0128 3.00369e-05 -0.0081189 -0.0154433 -0.0081189 6.05216e-05)
(-1.19472e-05 -0.0127983 -0.0154381 -0.0127983 3.45367e-05 -0.00811666 -0.0154381 -0.00811666 7.03607e-05)
(5.71113e-05 -0.012794 -0.0154231 -0.012794 2.49915e-05 -0.00813223 -0.0154231 -0.00813223 4.7622e-05)
(3.90269e-05 -0.0127878 -0.0154287 -0.0127878 2.53511e-05 -0.00813439 -0.0154287 -0.00813439 4.04374e-05)
(3.04603e-05 -0.0127885 -0.0154415 -0.0127885 2.26075e-05 -0.0081323 -0.0154415 -0.0081323 3.67147e-05)
(9.30917e-05 -0.0127932 -0.0154089 -0.0127932 2.65196e-05 -0.00812572 -0.0154089 -0.00812572 8.23849e-05)
(5.41064e-06 -0.0127884 -0.0154342 -0.0127884 1.96423e-05 -0.00812399 -0.0154342 -0.00812399 4.51501e-05)
(8.12801e-05 -0.0127961 -0.0154085 -0.0127961 3.00298e-05 -0.00813488 -0.0154085 -0.00813488 9.09823e-05)
(0.000134063 -0.0128179 -0.0154107 -0.0128179 5.01252e-05 -0.00814371 -0.0154107 -0.00814371 6.39286e-05)
(5.48167e-05 -0.0127851 -0.0154387 -0.0127851 3.59553e-05 -0.0081282 -0.0154387 -0.0081282 3.32218e-05)
(4.26804e-05 -0.0127878 -0.0154268 -0.0127878 2.34359e-05 -0.00813244 -0.0154268 -0.00813244 5.38161e-05)
(3.88973e-05 -0.0127882 -0.0154231 -0.0127882 2.67905e-05 -0.0081359 -0.0154231 -0.0081359 7.45623e-05)
(3.61815e-05 -0.0127899 -0.0154275 -0.0127899 2.22141e-05 -0.00812861 -0.0154275 -0.00812861 4.46694e-05)
(5.90369e-05 -0.0127935 -0.0154243 -0.0127935 4.56887e-05 -0.00811359 -0.0154243 -0.00811359 8.87906e-05)
(-1.1684e-05 -0.0127989 -0.0154358 -0.0127989 3.74747e-05 -0.00811 -0.0154358 -0.00811 9.8221e-05)
(-9.8553e-06 -0.0127945 -0.0154314 -0.0127945 3.30243e-05 -0.00811161 -0.0154314 -0.00811161 8.92575e-05)
(5.75066e-05 -0.0127924 -0.015416 -0.0127924 3.26184e-05 -0.00811388 -0.015416 -0.00811388 9.0392e-05)
(7.28018e-05 -0.0127946 -0.0154207 -0.0127946 4.21165e-05 -0.00814694 -0.0154207 -0.00814694 9.57525e-05)
(4.47007e-05 -0.0127897 -0.0154197 -0.0127897 2.33962e-05 -0.00813103 -0.0154197 -0.00813103 6.60635e-05)
(7.52723e-05 -0.012806 -0.0154296 -0.012806 4.06354e-05 -0.0081379 -0.0154296 -0.0081379 3.4031e-05)
(4.92118e-05 -0.012793 -0.0154274 -0.012793 2.47689e-05 -0.0081327 -0.0154274 -0.0081327 4.03077e-05)
(1.71492e-05 -0.0127902 -0.0154307 -0.0127902 2.14216e-05 -0.00812391 -0.0154307 -0.00812391 4.99435e-05)
(5.88845e-05 -0.0127929 -0.0154285 -0.0127929 4.10642e-05 -0.00814043 -0.0154285 -0.00814043 4.16887e-05)
(2.11333e-05 -0.0127905 -0.0154244 -0.0127905 2.53968e-05 -0.00811934 -0.0154244 -0.00811934 8.45908e-05)
(-3.06325e-05 -0.0127982 -0.015437 -0.0127982 3.93526e-05 -0.00810967 -0.015437 -0.00810967 8.45412e-05)
(7.23669e-05 -0.0127929 -0.01541 -0.0127929 2.98644e-05 -0.00813162 -0.01541 -0.00813162 0.000106476)
(2.28251e-05 -0.0127908 -0.0154225 -0.0127908 2.76309e-05 -0.00811777 -0.0154225 -0.00811777 8.53431e-05)
(2.56876e-05 -0.0127879 -0.0154254 -0.0127879 2.25772e-05 -0.00812453 -0.0154254 -0.00812453 8.39283e-05)
(5.35113e-05 -0.0127971 -0.0154262 -0.0127971 3.1322e-05 -0.00813632 -0.0154262 -0.00813632 3.88267e-05)
(8.83686e-05 -0.0127957 -0.0154112 -0.0127957 2.68913e-05 -0.00813006 -0.0154112 -0.00813006 6.82872e-05)
(8.71765e-05 -0.0127981 -0.0154079 -0.0127981 3.53662e-05 -0.00814084 -0.0154079 -0.00814084 9.83259e-05)
(2.46216e-05 -0.0127842 -0.0154304 -0.0127842 1.94127e-05 -0.00812948 -0.0154304 -0.00812948 4.75463e-05)
(5.23468e-05 -0.0127896 -0.0154227 -0.0127896 2.8634e-05 -0.00813712 -0.0154227 -0.00813712 7.33403e-05)
(7.07476e-06 -0.0127907 -0.0154273 -0.0127907 2.63418e-05 -0.00811758 -0.0154273 -0.00811758 8.62606e-05)
(9.2406e-06 -0.0127879 -0.0154248 -0.0127879 2.46438e-05 -0.00812102 -0.0154248 -0.00812102 9.1212e-05)
(-1.50534e-05 -0.0127942 -0.0154366 -0.0127942 2.92985e-05 -0.00811712 -0.0154366 -0.00811712 7.13956e-05)
(8.31111e-05 -0.012799 -0.0154137 -0.012799 3.30278e-05 -0.00813807 -0.0154137 -0.00813807 6.85839e-05)
(6.48048e-05 -0.0127947 -0.0154289 -0.0127947 2.63062e-05 -0.00813307 -0.0154289 -0.00813307 4.79533e-05)
(-6.62303e-06 -0.0128036 -0.0154485 -0.0128036 3.4058e-05 -0.00811508 -0.0154485 -0.00811508 6.59795e-05)
(0.000105156 -0.0128127 -0.0154098 -0.0128127 6.09591e-05 -0.00815289 -0.0154098 -0.00815289 8.73491e-05)
(0.000110471 -0.0128122 -0.0154291 -0.0128122 3.77535e-05 -0.00813646 -0.0154291 -0.00813646 3.52077e-05)
(-6.8425e-05 -0.0128081 -0.0154488 -0.0128081 5.04381e-05 -0.0081089 -0.0154488 -0.0081089 7.99678e-05)
(4.1086e-06 -0.0127892 -0.0154332 -0.0127892 2.34256e-05 -0.00812309 -0.0154332 -0.00812309 6.04208e-05)
(2.68274e-05 -0.0127904 -0.0154241 -0.0127904 2.71685e-05 -0.00812055 -0.0154241 -0.00812055 7.14665e-05)
(3.08188e-05 -0.0127917 -0.0154216 -0.0127917 2.90702e-05 -0.00811774 -0.0154216 -0.00811774 8.79012e-05)
(6.09225e-05 -0.0127898 -0.0154106 -0.0127898 2.64676e-05 -0.00812418 -0.0154106 -0.00812418 9.41132e-05)
(-3.90558e-06 -0.0127876 -0.015433 -0.0127876 2.10264e-05 -0.00812201 -0.015433 -0.00812201 5.47582e-05)
(-3.87066e-05 -0.0128057 -0.0154473 -0.0128057 4.21188e-05 -0.00811576 -0.0154473 -0.00811576 6.81348e-05)
(9.28035e-05 -0.0128072 -0.0154113 -0.0128072 5.34714e-05 -0.00815069 -0.0154113 -0.00815069 8.7535e-05)
(8.36812e-05 -0.012813 -0.0154351 -0.012813 6.01076e-05 -0.00813844 -0.0154351 -0.00813844 3.24434e-05)
(3.71975e-05 -0.0127907 -0.0154375 -0.0127907 2.45897e-05 -0.0081329 -0.0154375 -0.0081329 3.31492e-05)
(1.2545e-05 -0.0127877 -0.0154258 -0.0127877 2.23258e-05 -0.00812228 -0.0154258 -0.00812228 6.70484e-05)
(8.47118e-05 -0.0127952 -0.0154323 -0.0127952 3.13624e-05 -0.00812955 -0.0154323 -0.00812955 5.55108e-05)
(6.17886e-05 -0.0127969 -0.0154249 -0.0127969 2.86097e-05 -0.00813467 -0.0154249 -0.00813467 4.1782e-05)
(5.60981e-05 -0.012791 -0.0154188 -0.012791 3.25085e-05 -0.0081403 -0.0154188 -0.0081403 8.54965e-05)
(4.62573e-05 -0.0127911 -0.0154225 -0.0127911 2.74326e-05 -0.00812215 -0.0154225 -0.00812215 5.83183e-05)
(9.00203e-06 -0.0127892 -0.0154347 -0.0127892 2.18055e-05 -0.00812064 -0.0154347 -0.00812064 6.47059e-05)
(6.41557e-05 -0.0127755 -0.0154384 -0.0127755 3.42944e-05 -0.00812761 -0.0154384 -0.00812761 3.85941e-05)
(4.58272e-05 -0.0127893 -0.0154257 -0.0127893 2.43453e-05 -0.00813241 -0.0154257 -0.00813241 5.52508e-05)
(8.12425e-05 -0.0127986 -0.0154116 -0.0127986 3.80087e-05 -0.00814321 -0.0154116 -0.00814321 8.88778e-05)
(5.30377e-05 -0.0127901 -0.0154137 -0.0127901 2.66024e-05 -0.00811953 -0.0154137 -0.00811953 8.31873e-05)
(7.10925e-06 -0.0127885 -0.0154289 -0.0127885 2.33353e-05 -0.00812049 -0.0154289 -0.00812049 7.88384e-05)
(7.67683e-05 -0.0127997 -0.0154174 -0.0127997 3.58665e-05 -0.00814034 -0.0154174 -0.00814034 6.85423e-05)
(0.000109704 -0.0127958 -0.0154074 -0.0127958 2.69357e-05 -0.0081227 -0.0154074 -0.0081227 7.61264e-05)
(6.8756e-05 -0.0127949 -0.0154146 -0.0127949 3.38634e-05 -0.00814063 -0.0154146 -0.00814063 0.000106939)
(3.44959e-05 -0.0127867 -0.0154226 -0.0127867 2.40013e-05 -0.0081321 -0.0154226 -0.0081321 7.26713e-05)
(2.45116e-05 -0.0127875 -0.0154229 -0.0127875 2.15657e-05 -0.00812485 -0.0154229 -0.00812485 6.19709e-05)
(1.81976e-05 -0.0127866 -0.0154276 -0.0127866 2.28856e-05 -0.00812518 -0.0154276 -0.00812518 8.7742e-05)
(-1.27353e-05 -0.0127987 -0.0154381 -0.0127987 3.64057e-05 -0.00811451 -0.0154381 -0.00811451 0.000111143)
(2.9118e-05 -0.0127905 -0.0154291 -0.0127905 2.53442e-05 -0.00812445 -0.0154291 -0.00812445 5.80358e-05)
(6.20697e-05 -0.0127998 -0.0154241 -0.0127998 4.40462e-05 -0.00814311 -0.0154241 -0.00814311 5.13794e-05)
(3.75671e-05 -0.0127866 -0.0154246 -0.0127866 2.23091e-05 -0.00812955 -0.0154246 -0.00812955 6.98864e-05)
(5.05204e-05 -0.0127913 -0.0154231 -0.0127913 2.45417e-05 -0.0081324 -0.0154231 -0.0081324 5.81453e-05)
(9.13341e-05 -0.0128178 -0.0154191 -0.0128178 6.20654e-05 -0.008149 -0.0154191 -0.008149 5.33449e-05)
(-2.41363e-05 -0.0127971 -0.0154329 -0.0127971 4.45345e-05 -0.00811027 -0.0154329 -0.00811027 9.48618e-05)
(-5.35782e-08 -0.0127893 -0.0154354 -0.0127893 2.10333e-05 -0.0081245 -0.0154354 -0.0081245 4.34435e-05)
(-6.46908e-05 -0.0128171 -0.0154562 -0.0128171 7.67353e-05 -0.00812572 -0.0154562 -0.00812572 6.39532e-05)
(6.46963e-05 -0.0127968 -0.0154304 -0.0127968 2.5979e-05 -0.00813314 -0.0154304 -0.00813314 3.79314e-05)
(1.08115e-05 -0.0127877 -0.0154357 -0.0127877 2.02375e-05 -0.00812452 -0.0154357 -0.00812452 4.76705e-05)
(-8.2497e-05 -0.0128135 -0.0154511 -0.0128135 5.81451e-05 -0.00810991 -0.0154511 -0.00810991 7.96052e-05)
(0.000128065 -0.0127984 -0.015401 -0.0127984 3.08437e-05 -0.00813272 -0.015401 -0.00813272 7.93373e-05)
(8.20326e-05 -0.0128081 -0.0154217 -0.0128081 5.27969e-05 -0.00814631 -0.0154217 -0.00814631 5.13923e-05)
(1.17005e-05 -0.01279 -0.0154308 -0.01279 2.31367e-05 -0.00812202 -0.0154308 -0.00812202 6.21881e-05)
(1.30871e-05 -0.0127884 -0.0154299 -0.0127884 2.20352e-05 -0.00812461 -0.0154299 -0.00812461 5.42209e-05)
(6.48649e-06 -0.0127902 -0.0154278 -0.0127902 2.5853e-05 -0.00811799 -0.0154278 -0.00811799 8.45842e-05)
(8.20315e-05 -0.0127934 -0.0154063 -0.0127934 2.87324e-05 -0.00813114 -0.0154063 -0.00813114 0.000105064)
(5.03322e-05 -0.0127902 -0.0154165 -0.0127902 2.94618e-05 -0.00813648 -0.0154165 -0.00813648 0.000103029)
(-3.49217e-05 -0.0128074 -0.0154481 -0.0128074 4.40697e-05 -0.00811179 -0.0154481 -0.00811179 8.13793e-05)
(-4.84907e-05 -0.0128083 -0.0154496 -0.0128083 5.03272e-05 -0.00812042 -0.0154496 -0.00812042 6.45747e-05)
(5.06281e-05 -0.0127903 -0.0154174 -0.0127903 2.39604e-05 -0.00812883 -0.0154174 -0.00812883 6.06598e-05)
(0.000120145 -0.0128071 -0.0154035 -0.0128071 4.18156e-05 -0.00814476 -0.0154035 -0.00814476 0.000100606)
(7.03538e-05 -0.012795 -0.0154135 -0.012795 3.13994e-05 -0.0081378 -0.0154135 -0.0081378 8.36898e-05)
(8.00351e-06 -0.0127898 -0.0154322 -0.0127898 2.2968e-05 -0.00812359 -0.0154322 -0.00812359 5.2098e-05)
(3.67485e-05 -0.012788 -0.0154359 -0.012788 2.33693e-05 -0.00813223 -0.0154359 -0.00813223 3.66584e-05)
(8.92265e-05 -0.0128021 -0.0154112 -0.0128021 4.04469e-05 -0.00814434 -0.0154112 -0.00814434 8.49978e-05)
(5.86272e-05 -0.0127945 -0.0154193 -0.0127945 2.62218e-05 -0.00813326 -0.0154193 -0.00813326 5.00901e-05)
(3.32868e-05 -0.0127822 -0.015428 -0.0127822 2.54586e-05 -0.00813605 -0.015428 -0.00813605 7.64441e-05)
(9.30256e-06 -0.0127868 -0.0154304 -0.0127868 2.41488e-05 -0.00812371 -0.0154304 -0.00812371 9.30245e-05)
(5.1264e-05 -0.0127893 -0.0154125 -0.0127893 2.65032e-05 -0.00812685 -0.0154125 -0.00812685 9.60053e-05)
(9.42207e-05 -0.0127891 -0.0154108 -0.0127891 4.13237e-05 -0.0081145 -0.0154108 -0.0081145 8.88285e-05)
(7.69285e-05 -0.0127926 -0.0154238 -0.0127926 2.95475e-05 -0.00812583 -0.0154238 -0.00812583 5.59323e-05)
(-1.44309e-05 -0.0128032 -0.0154462 -0.0128032 3.38204e-05 -0.00811792 -0.0154462 -0.00811792 5.67085e-05)
(-2.70889e-05 -0.0127998 -0.0154397 -0.0127998 4.04256e-05 -0.00811726 -0.0154397 -0.00811726 6.62525e-05)
(5.79118e-05 -0.0127943 -0.0154321 -0.0127943 3.2546e-05 -0.00813512 -0.0154321 -0.00813512 3.75506e-05)
(5.67e-05 -0.0127794 -0.0154341 -0.0127794 2.97305e-05 -0.00813283 -0.0154341 -0.00813283 3.54589e-05)
(8.77184e-05 -0.0127966 -0.0154104 -0.0127966 2.82795e-05 -0.00813339 -0.0154104 -0.00813339 7.16221e-05)
(7.28792e-05 -0.0127974 -0.0154147 -0.0127974 3.8406e-05 -0.00814374 -0.0154147 -0.00814374 8.56127e-05)
(3.82731e-05 -0.0127874 -0.0154221 -0.0127874 2.29008e-05 -0.0081307 -0.0154221 -0.0081307 6.66654e-05)
(5.86498e-05 -0.0127922 -0.0154223 -0.0127922 2.39443e-05 -0.00812766 -0.0154223 -0.00812766 5.69044e-05)
(8.09814e-06 -0.0127889 -0.0154335 -0.0127889 2.16557e-05 -0.00812267 -0.0154335 -0.00812267 5.93285e-05)
(1.05329e-05 -0.0127958 -0.0154443 -0.0127958 3.21622e-05 -0.00812948 -0.0154443 -0.00812948 4.88704e-05)
(3.87083e-05 -0.0127908 -0.0154256 -0.0127908 2.16803e-05 -0.00812655 -0.0154256 -0.00812655 5.31185e-05)
(-2.16645e-05 -0.0128015 -0.0154474 -0.0128015 3.39856e-05 -0.008111 -0.0154474 -0.008111 8.3492e-05)
(6.27451e-05 -0.0127947 -0.0154337 -0.0127947 4.98479e-05 -0.00812063 -0.0154337 -0.00812063 7.95132e-05)
(0.000103751 -0.0128238 -0.0154342 -0.0128238 6.79915e-05 -0.00813938 -0.0154342 -0.00813938 3.38358e-05)
(0.000108126 -0.0128254 -0.015457 -0.0128254 6.46259e-05 -0.00813093 -0.015457 -0.00813093 4.10869e-05)
(3.831e-05 -0.0127924 -0.0154383 -0.0127924 2.42381e-05 -0.00813152 -0.0154383 -0.00813152 4.0575e-05)
(3.3046e-05 -0.012782 -0.0154331 -0.012782 1.92971e-05 -0.00813061 -0.0154331 -0.00813061 3.59296e-05)
(6.79195e-05 -0.0128014 -0.0154303 -0.0128014 5.90843e-05 -0.00814016 -0.0154303 -0.00814016 3.3165e-05)
(-2.56567e-05 -0.0128022 -0.0154452 -0.0128022 5.92926e-05 -0.00811838 -0.0154452 -0.00811838 6.61126e-05)
(-6.53225e-05 -0.0128055 -0.0154452 -0.0128055 4.96717e-05 -0.00811159 -0.0154452 -0.00811159 7.27641e-05)
(3.88916e-05 -0.0127874 -0.0154213 -0.0127874 2.36242e-05 -0.0081309 -0.0154213 -0.0081309 7.39375e-05)
(6.01396e-05 -0.01279 -0.0154146 -0.01279 2.89817e-05 -0.00811896 -0.0154146 -0.00811896 7.85072e-05)
(1.20196e-05 -0.0127962 -0.0154366 -0.0127962 3.58127e-05 -0.00812321 -0.0154366 -0.00812321 5.8404e-05)
(1.01415e-05 -0.0127936 -0.0154303 -0.0127936 2.85671e-05 -0.00811685 -0.0154303 -0.00811685 7.58495e-05)
(5.51845e-05 -0.0127932 -0.015428 -0.0127932 3.22313e-05 -0.00813664 -0.015428 -0.00813664 4.5036e-05)
(7.90132e-05 -0.0127988 -0.0154272 -0.0127988 4.1248e-05 -0.0081396 -0.0154272 -0.0081396 4.60938e-05)
(7.76035e-05 -0.0127997 -0.0154147 -0.0127997 3.21707e-05 -0.00813742 -0.0154147 -0.00813742 6.90058e-05)
(-5.88755e-05 -0.0128097 -0.0154491 -0.0128097 5.6041e-05 -0.00811441 -0.0154491 -0.00811441 6.9341e-05)
(-4.40396e-05 -0.0128097 -0.0154483 -0.0128097 4.63427e-05 -0.00812215 -0.0154483 -0.00812215 5.14439e-05)
(8.088e-05 -0.0128077 -0.0154313 -0.0128077 8.17739e-05 -0.00813787 -0.0154313 -0.00813787 2.87723e-05)
(7.10414e-05 -0.0127941 -0.0154157 -0.0127941 2.45033e-05 -0.00812972 -0.0154157 -0.00812972 6.43371e-05)
(8.51196e-05 -0.0127939 -0.0154222 -0.0127939 2.86375e-05 -0.00812642 -0.0154222 -0.00812642 6.06042e-05)
(1.48321e-05 -0.012792 -0.0154394 -0.012792 2.35952e-05 -0.00812746 -0.0154394 -0.00812746 4.29276e-05)
(5.49269e-05 -0.012793 -0.0154177 -0.012793 2.73375e-05 -0.00813415 -0.0154177 -0.00813415 8.82214e-05)
(0.000105057 -0.0128076 -0.0154101 -0.0128076 4.63363e-05 -0.00814632 -0.0154101 -0.00814632 8.65359e-05)
(6.11628e-05 -0.0127845 -0.0154264 -0.0127845 3.27733e-05 -0.0081407 -0.0154264 -0.0081407 7.00523e-05)
(5.88617e-06 -0.0127907 -0.0154354 -0.0127907 2.38298e-05 -0.00812513 -0.0154354 -0.00812513 4.82528e-05)
(-2.41832e-06 -0.0128022 -0.0154396 -0.0128022 7.0158e-05 -0.00810326 -0.0154396 -0.00810326 9.57666e-05)
(9.01127e-05 -0.0127916 -0.0154053 -0.0127916 3.1345e-05 -0.00811737 -0.0154053 -0.00811737 0.000102415)
(5.52011e-05 -0.0127948 -0.0154249 -0.0127948 2.70634e-05 -0.00813415 -0.0154249 -0.00813415 4.35127e-05)
(3.89868e-05 -0.0127887 -0.0154239 -0.0127887 2.21797e-05 -0.00812865 -0.0154239 -0.00812865 6.78505e-05)
(-6.09476e-05 -0.0128079 -0.0154482 -0.0128079 4.68503e-05 -0.00811149 -0.0154482 -0.00811149 7.3722e-05)
(8.52975e-05 -0.012791 -0.0154198 -0.012791 5.66267e-05 -0.00815297 -0.0154198 -0.00815297 9.20953e-05)
(3.94458e-05 -0.0127944 -0.0154381 -0.0127944 2.85712e-05 -0.00813006 -0.0154381 -0.00813006 5.00394e-05)
(-1.24733e-05 -0.0127961 -0.0154374 -0.0127961 3.53149e-05 -0.00811801 -0.0154374 -0.00811801 6.4726e-05)
(6.96041e-05 -0.0128035 -0.0154265 -0.0128035 5.27836e-05 -0.00814269 -0.0154265 -0.00814269 4.25703e-05)
(-4.10837e-05 -0.0128047 -0.0154443 -0.0128047 5.64108e-05 -0.00811105 -0.0154443 -0.00811105 8.16329e-05)
(1.85234e-05 -0.0127899 -0.0154322 -0.0127899 2.42234e-05 -0.00812728 -0.0154322 -0.00812728 4.60118e-05)
(6.55939e-05 -0.0127912 -0.015416 -0.0127912 2.57965e-05 -0.00812698 -0.015416 -0.00812698 6.93588e-05)
(-3.97539e-05 -0.0128 -0.0154369 -0.0128 4.73937e-05 -0.00810768 -0.0154369 -0.00810768 9.27018e-05)
(2.39223e-05 -0.012787 -0.0154272 -0.012787 2.04903e-05 -0.00813076 -0.0154272 -0.00813076 4.1047e-05)
(4.50012e-05 -0.0128054 -0.0154589 -0.0128054 5.76364e-05 -0.00813655 -0.0154589 -0.00813655 6.67617e-05)
(-0.000154183 -0.0128471 -0.0154447 -0.0128471 0.00010701 -0.00812883 -0.0154447 -0.00812883 6.43079e-05)
(2.16572e-05 -0.0127864 -0.015438 -0.0127864 1.85698e-05 -0.00813011 -0.015438 -0.00813011 3.02161e-05)
(4.50624e-05 -0.0127919 -0.0154345 -0.0127919 3.74157e-05 -0.00813324 -0.0154345 -0.00813324 2.82612e-05)
(8.18427e-05 -0.01282 -0.0154366 -0.01282 8.43508e-05 -0.00813854 -0.0154366 -0.00813854 3.14822e-05)
(2.55513e-05 -0.0127835 -0.0154348 -0.0127835 1.98404e-05 -0.00813044 -0.0154348 -0.00813044 3.66241e-05)
(6.18037e-05 -0.0127938 -0.015426 -0.0127938 2.58518e-05 -0.00812686 -0.015426 -0.00812686 5.86218e-05)
(0.000118102 -0.0127954 -0.0154095 -0.0127954 2.87583e-05 -0.00812413 -0.0154095 -0.00812413 7.32765e-05)
(4.94759e-05 -0.0127922 -0.0154222 -0.0127922 2.61508e-05 -0.00813431 -0.0154222 -0.00813431 5.69669e-05)
(-9.40026e-05 -0.012808 -0.0154512 -0.012808 6.55132e-05 -0.00810032 -0.0154512 -0.00810032 9.73914e-05)
(4.02556e-05 -0.0127898 -0.0154147 -0.0127898 3.3397e-05 -0.00811601 -0.0154147 -0.00811601 9.52137e-05)
(-4.58131e-06 -0.0127933 -0.0154331 -0.0127933 3.06776e-05 -0.00811851 -0.0154331 -0.00811851 6.37753e-05)
(1.88506e-05 -0.0127925 -0.015438 -0.0127925 2.17162e-05 -0.00812761 -0.015438 -0.00812761 3.13677e-05)
(-4.69728e-07 -0.0127974 -0.0154486 -0.0127974 3.31791e-05 -0.00813558 -0.0154486 -0.00813558 4.902e-05)
(1.87302e-06 -0.0127911 -0.0154272 -0.0127911 3.30649e-05 -0.0081157 -0.0154272 -0.0081157 7.51483e-05)
(7.7561e-05 -0.0127983 -0.0154305 -0.0127983 2.69401e-05 -0.00813334 -0.0154305 -0.00813334 3.85283e-05)
(7.68266e-05 -0.0128057 -0.0154551 -0.0128057 3.87116e-05 -0.00813235 -0.0154551 -0.00813235 4.23381e-05)
(5.95783e-05 -0.0127888 -0.0154525 -0.0127888 2.63464e-05 -0.00812154 -0.0154525 -0.00812154 9.74233e-05)
(5.3902e-05 -0.0127909 -0.0154187 -0.0127909 3.16235e-05 -0.00813945 -0.0154187 -0.00813945 7.6975e-05)
(0.00021285 -0.012795 -0.0154231 -0.012795 4.84313e-05 -0.00812549 -0.0154231 -0.00812549 7.55885e-05)
(6.78516e-05 -0.0127981 -0.0154165 -0.0127981 3.54077e-05 -0.00814116 -0.0154165 -0.00814116 7.2529e-05)
(2.33945e-05 -0.0127819 -0.0154319 -0.0127819 1.88859e-05 -0.00813025 -0.0154319 -0.00813025 3.72257e-05)
(-9.9221e-06 -0.0128021 -0.0154456 -0.0128021 3.70616e-05 -0.00812232 -0.0154456 -0.00812232 5.28394e-05)
(8.48152e-05 -0.0128095 -0.0154233 -0.0128095 5.87539e-05 -0.00814549 -0.0154233 -0.00814549 4.8191e-05)
(4.9966e-05 -0.012792 -0.0154209 -0.012792 2.67143e-05 -0.00813471 -0.0154209 -0.00813471 5.85319e-05)
(7.33276e-05 -0.0127961 -0.0154533 -0.0127961 4.16097e-05 -0.00813762 -0.0154533 -0.00813762 5.78324e-05)
(2.85496e-05 -0.0127939 -0.0154453 -0.0127939 3.16592e-05 -0.00813215 -0.0154453 -0.00813215 4.35275e-05)
(6.32526e-05 -0.0127934 -0.0154253 -0.0127934 4.28689e-05 -0.00814441 -0.0154253 -0.00814441 6.14627e-05)
(8.33789e-05 -0.0128024 -0.015418 -0.0128024 4.30078e-05 -0.00814378 -0.015418 -0.00814378 6.48325e-05)
(6.29042e-05 -0.0128028 -0.015429 -0.0128028 5.58866e-05 -0.00814138 -0.015429 -0.00814138 3.24779e-05)
(3.51986e-05 -0.0127812 -0.0154359 -0.0127812 1.67167e-05 -0.00812842 -0.0154359 -0.00812842 3.16941e-05)
(-1.49562e-05 -0.0127947 -0.0154332 -0.0127947 3.25157e-05 -0.00811492 -0.0154332 -0.00811492 7.88912e-05)
(6.84573e-05 -0.0127931 -0.0154225 -0.0127931 2.59573e-05 -0.0081284 -0.0154225 -0.0081284 4.74569e-05)
(3.41146e-05 -0.0127873 -0.0154312 -0.0127873 2.67687e-05 -0.00813325 -0.0154312 -0.00813325 2.8949e-05)
(5.63064e-05 -0.0127889 -0.0154156 -0.0127889 2.74586e-05 -0.0081208 -0.0154156 -0.0081208 7.43945e-05)
(7.72789e-05 -0.0127958 -0.0154397 -0.0127958 4.26143e-05 -0.00812942 -0.0154397 -0.00812942 5.69483e-05)
(3.57515e-05 -0.012788 -0.0154238 -0.012788 2.38804e-05 -0.00812917 -0.0154238 -0.00812917 8.47804e-05)
(2.96478e-05 -0.0127893 -0.0154181 -0.0127893 2.65954e-05 -0.00811951 -0.0154181 -0.00811951 9.40577e-05)
(5.61362e-05 -0.0127921 -0.0154192 -0.0127921 3.90847e-05 -0.00814754 -0.0154192 -0.00814754 0.00012574)
(3.13159e-05 -0.0127881 -0.0154218 -0.0127881 2.48617e-05 -0.00812529 -0.0154218 -0.00812529 6.82224e-05)
(7.38736e-05 -0.0127928 -0.0154276 -0.0127928 3.31058e-05 -0.00812708 -0.0154276 -0.00812708 5.71754e-05)
(6.28048e-05 -0.0127989 -0.0154282 -0.0127989 5.33293e-05 -0.00814331 -0.0154282 -0.00814331 3.6101e-05)
(-7.10962e-05 -0.0128246 -0.0154566 -0.0128246 5.97556e-05 -0.00811298 -0.0154566 -0.00811298 6.15076e-05)
(2.85893e-05 -0.0127841 -0.015439 -0.0127841 2.10157e-05 -0.00813107 -0.015439 -0.00813107 3.5148e-05)
(7.55743e-05 -0.0127961 -0.0154233 -0.0127961 2.73045e-05 -0.0081334 -0.0154233 -0.0081334 5.19615e-05)
(6.36565e-05 -0.0127909 -0.0154134 -0.0127909 2.48862e-05 -0.00812625 -0.0154134 -0.00812625 7.23042e-05)
(-7.44492e-06 -0.0127975 -0.0154441 -0.0127975 4.88309e-05 -0.00812726 -0.0154441 -0.00812726 4.69174e-05)
(3.2055e-05 -0.0127879 -0.015425 -0.0127879 2.15794e-05 -0.00813045 -0.015425 -0.00813045 5.09751e-05)
(8.42419e-05 -0.0128068 -0.0154209 -0.0128068 5.74991e-05 -0.00814845 -0.0154209 -0.00814845 5.94137e-05)
(5.33696e-05 -0.0127906 -0.0154133 -0.0127906 3.06695e-05 -0.00811674 -0.0154133 -0.00811674 9.63943e-05)
(6.21132e-05 -0.0127959 -0.0154178 -0.0127959 3.46225e-05 -0.00813669 -0.0154178 -0.00813669 0.000130315)
(2.50219e-05 -0.0127879 -0.0154279 -0.0127879 1.92883e-05 -0.00812866 -0.0154279 -0.00812866 4.30494e-05)
(1.06058e-05 -0.0127903 -0.0154378 -0.0127903 2.36658e-05 -0.00812798 -0.0154378 -0.00812798 4.52994e-05)
(-1.02133e-05 -0.0127996 -0.0154438 -0.0127996 4.64552e-05 -0.0081248 -0.0154438 -0.0081248 5.60092e-05)
(-4.99059e-06 -0.0127905 -0.0154308 -0.0127905 2.6635e-05 -0.00811901 -0.0154308 -0.00811901 6.20147e-05)
(-4.56712e-05 -0.012801 -0.0154402 -0.012801 4.32041e-05 -0.0081121 -0.0154402 -0.0081121 7.93971e-05)
(8.44531e-05 -0.0128097 -0.0154317 -0.0128097 8.58283e-05 -0.00813701 -0.0154317 -0.00813701 2.66927e-05)
