/*--------------------------------*- C++ -*----------------------------------*\
  =========                 |
  \\      /  F ield         | OpenFOAM: The Open Source CFD Toolbox
   \\    /   O peration     | Website:  https://openfoam.org
    \\  /    A nd           | Version:  10
     \\/     M anipulation  |
\*---------------------------------------------------------------------------*/
FoamFile
{
    format      ascii;
    class       volTensorField;
    location    "25";
    object      TauNN;
}
// * * * * * * * * * * * * * * * * * * * * * * * * * * * * * * * * * * * * * //

dimensions      [0 2 -2 0 0 0 0];

internalField   nonuniform List<tensor> 
25600
(
(0.00150068 -0.0129805 -0.015133 -0.0129805 0.000159179 -0.00815255 -0.015133 -0.00815255 0.000115381)
(0.00146404 -0.01298 -0.0151387 -0.01298 0.000160942 -0.0081525 -0.0151387 -0.0081525 0.000114692)
(0.00147959 -0.0129828 -0.0151354 -0.0129828 0.000160666 -0.00815404 -0.0151354 -0.00815404 0.00011419)
(0.00149806 -0.0129803 -0.0151333 -0.0129803 0.000159299 -0.00815247 -0.0151333 -0.00815247 0.000115147)
(0.0014922 -0.0129761 -0.0151339 -0.0129761 0.000158162 -0.00814979 -0.0151339 -0.00814979 0.000116523)
(0.00141503 -0.0129735 -0.0151523 -0.0129735 0.000163097 -0.00814918 -0.0151523 -0.00814918 0.000115679)
(0.00147156 -0.0129806 -0.0151346 -0.0129806 0.000160247 -0.00815288 -0.0151346 -0.00815288 0.000113716)
(0.001468 -0.0129822 -0.0151354 -0.0129822 0.000160841 -0.00815384 -0.0151354 -0.00815384 0.000113289)
(0.0014988 -0.0129759 -0.0151308 -0.0129759 0.000156991 -0.0081495 -0.0151308 -0.0081495 0.000117935)
(0.00149736 -0.0129766 -0.0151333 -0.0129766 0.000157699 -0.00814983 -0.0151333 -0.00814983 0.000118045)
(0.00148633 -0.0129802 -0.0151351 -0.0129802 0.000159783 -0.00815239 -0.0151351 -0.00815239 0.000115139)
(0.00148027 -0.0129827 -0.015134 -0.0129827 0.000160512 -0.00815409 -0.015134 -0.00815409 0.000113102)
(0.00147192 -0.0129806 -0.0151353 -0.0129806 0.000160459 -0.0081529 -0.0151353 -0.0081529 0.00011342)
(0.00147991 -0.0129792 -0.0151361 -0.0129792 0.00015988 -0.00815186 -0.0151361 -0.00815186 0.000115178)
(0.00147223 -0.0129748 -0.0151389 -0.0129748 0.000159241 -0.00814918 -0.0151389 -0.00814918 0.000116717)
(0.00146802 -0.0129659 -0.0151396 -0.0129659 0.000156038 -0.00814337 -0.0151396 -0.00814337 0.000120254)
(0.00142091 -0.0129653 -0.0151555 -0.0129653 0.000160606 -0.00814381 -0.0151555 -0.00814381 0.000119135)
(0.00142777 -0.0129657 -0.0151486 -0.0129657 0.000158966 -0.00814388 -0.0151486 -0.00814388 0.00011933)
(0.00147258 -0.0129765 -0.0151374 -0.0129765 0.000159133 -0.00815007 -0.0151374 -0.00815007 0.000117314)
(0.0014789 -0.0129801 -0.0151377 -0.0129801 0.000160488 -0.00815246 -0.0151377 -0.00815246 0.00011513)
(0.00146403 -0.0129765 -0.0151396 -0.0129765 0.000160227 -0.00815036 -0.0151396 -0.00815036 0.000115391)
(0.00147712 -0.0129755 -0.0151329 -0.0129755 0.000158117 -0.00814956 -0.0151329 -0.00814956 0.000115991)
(0.00150419 -0.0129797 -0.0151313 -0.0129797 0.000158511 -0.00815209 -0.0151313 -0.00815209 0.000115746)
(0.00150734 -0.0129791 -0.0151318 -0.0129791 0.000158307 -0.00815162 -0.0151318 -0.00815162 0.000116267)
(0.00146959 -0.0129746 -0.0151409 -0.0129746 0.000159351 -0.00814891 -0.0151409 -0.00814891 0.000117835)
(0.00146471 -0.0129774 -0.0151386 -0.0129774 0.000160097 -0.00815083 -0.0151386 -0.00815083 0.000115745)
(0.00149142 -0.012979 -0.0151332 -0.012979 0.000158968 -0.00815164 -0.0151332 -0.00815164 0.000115431)
(0.00146917 -0.0129804 -0.0151368 -0.0129804 0.000160564 -0.00815269 -0.0151368 -0.00815269 0.000114395)
(0.00147829 -0.0129812 -0.0151355 -0.0129812 0.000160306 -0.00815308 -0.0151355 -0.00815308 0.000114588)
(0.00148551 -0.012978 -0.0151355 -0.012978 0.000159143 -0.00815098 -0.0151355 -0.00815098 0.000116182)
(0.00148221 -0.0129768 -0.0151359 -0.0129768 0.000158951 -0.00815026 -0.0151359 -0.00815026 0.000116396)
(0.001464 -0.0129791 -0.0151386 -0.0129791 0.000160643 -0.00815189 -0.0151386 -0.00815189 0.000115023)
(0.0014717 -0.0129805 -0.0151363 -0.0129805 0.000160505 -0.00815276 -0.0151363 -0.00815276 0.000114166)
(0.00149207 -0.012976 -0.0151326 -0.012976 0.000157711 -0.00814963 -0.0151326 -0.00814963 0.000117058)
(0.00149143 -0.0129764 -0.0151342 -0.0129764 0.000158074 -0.00814978 -0.0151342 -0.00814978 0.000117394)
(0.00141653 -0.0129806 -0.0151482 -0.0129806 0.000163602 -0.00815305 -0.0151482 -0.00815305 0.000115429)
(0.00147615 -0.0129813 -0.0151357 -0.0129813 0.000160548 -0.00815325 -0.0151357 -0.00815325 0.00011389)
(0.00150136 -0.0129753 -0.015131 -0.0129753 0.000156847 -0.00814904 -0.015131 -0.00814904 0.000117813)
(0.0014585 -0.012973 -0.015143 -0.012973 0.000159558 -0.00814803 -0.015143 -0.00814803 0.000117956)
(0.0014859 -0.0129799 -0.0151339 -0.0129799 0.00015939 -0.00815218 -0.0151339 -0.00815218 0.000115482)
(-4.33093e-05 -0.0128446 -0.0154183 -0.0128446 0.000116007 -0.00812084 -0.0154183 -0.00812084 8.46778e-05)
(5.91108e-05 -0.0127992 -0.0154249 -0.0127992 2.34187e-05 -0.00812587 -0.0154249 -0.00812587 5.38724e-05)
(-0.000100259 -0.0128263 -0.0154557 -0.0128263 9.84558e-05 -0.00810978 -0.0154557 -0.00810978 7.77572e-05)
(-0.000103875 -0.0128223 -0.0154577 -0.0128223 8.40075e-05 -0.00811406 -0.0154577 -0.00811406 6.98857e-05)
(9.40027e-05 -0.0127965 -0.0154256 -0.0127965 5.65059e-05 -0.00814217 -0.0154256 -0.00814217 5.14117e-05)
(0.000289845 -0.0128503 -0.0154217 -0.0128503 0.000129886 -0.00814609 -0.0154217 -0.00814609 3.96228e-05)
(0.000396614 -0.012861 -0.0153183 -0.012861 9.57774e-05 -0.00812415 -0.0153183 -0.00812415 0.000106627)
(-9.17855e-06 -0.0128146 -0.0154527 -0.0128146 6.69041e-05 -0.00810621 -0.0154527 -0.00810621 7.38123e-05)
(9.94849e-05 -0.0128099 -0.0154273 -0.0128099 7.69594e-05 -0.0081441 -0.0154273 -0.0081441 2.948e-05)
(2.34658e-05 -0.0127935 -0.0154374 -0.0127935 2.44084e-05 -0.00812621 -0.0154374 -0.00812621 4.54635e-05)
(6.66e-05 -0.0128009 -0.01543 -0.0128009 2.61427e-05 -0.00812203 -0.01543 -0.00812203 5.93788e-05)
(0.000137005 -0.0128497 -0.0153797 -0.0128497 0.000101711 -0.00811486 -0.0153797 -0.00811486 9.79649e-05)
(2.48532e-05 -0.0127988 -0.0154322 -0.0127988 3.21755e-05 -0.0081115 -0.0154322 -0.0081115 8.70628e-05)
(8.8606e-05 -0.012804 -0.0154252 -0.012804 6.00886e-05 -0.00814446 -0.0154252 -0.00814446 4.47285e-05)
(0.000524762 -0.0128529 -0.0154364 -0.0128529 0.000117617 -0.00814091 -0.0154364 -0.00814091 2.53901e-05)
(0.000720721 -0.0128637 -0.0154336 -0.0128637 0.00011323 -0.00814222 -0.0154336 -0.00814222 3.93046e-05)
(0.000663409 -0.0128655 -0.0154342 -0.0128655 0.000117778 -0.00814423 -0.0154342 -0.00814423 4.05434e-05)
(9.353e-05 -0.012814 -0.0154177 -0.012814 4.66898e-05 -0.00814251 -0.0154177 -0.00814251 5.26733e-05)
(8.26051e-05 -0.0128186 -0.0154246 -0.0128186 5.95924e-05 -0.00814144 -0.0154246 -0.00814144 2.74806e-05)
(0.000118161 -0.0128254 -0.0154251 -0.0128254 0.000102765 -0.00814477 -0.0154251 -0.00814477 3.12776e-05)
(0.000111469 -0.0128143 -0.0154183 -0.0128143 6.72309e-05 -0.00814409 -0.0154183 -0.00814409 6.15177e-05)
(9.66373e-05 -0.0128009 -0.0154127 -0.0128009 2.80898e-05 -0.00811965 -0.0154127 -0.00811965 8.08119e-05)
(-8.68622e-05 -0.0128359 -0.015436 -0.0128359 0.000110861 -0.00811318 -0.015436 -0.00811318 8.46594e-05)
(-0.000116445 -0.0128515 -0.0154256 -0.0128515 0.000114625 -0.00812294 -0.0154256 -0.00812294 7.99608e-05)
(-1.06712e-05 -0.0128029 -0.0154437 -0.0128029 3.81984e-05 -0.00812026 -0.0154437 -0.00812026 5.266e-05)
(0.000118095 -0.0128317 -0.0154187 -0.0128317 0.00011438 -0.00815379 -0.0154187 -0.00815379 4.28434e-05)
(3.03316e-05 -0.0128001 -0.0154366 -0.0128001 3.8568e-05 -0.00811417 -0.0154366 -0.00811417 6.9955e-05)
(2.91683e-05 -0.0128034 -0.0154388 -0.0128034 4.10977e-05 -0.00811074 -0.0154388 -0.00811074 7.28997e-05)
(5.73237e-05 -0.0127981 -0.0154266 -0.0127981 2.28406e-05 -0.00812355 -0.0154266 -0.00812355 5.71439e-05)
(0.000106173 -0.0128116 -0.0154239 -0.0128116 7.87218e-05 -0.00814525 -0.0154239 -0.00814525 3.99945e-05)
(8.53082e-05 -0.0128056 -0.0154228 -0.0128056 4.41704e-05 -0.00813819 -0.0154228 -0.00813819 5.49701e-05)
(3.64698e-05 -0.0127991 -0.0154323 -0.0127991 3.55197e-05 -0.00811259 -0.0154323 -0.00811259 7.50614e-05)
(-3.37505e-05 -0.0128122 -0.0154533 -0.0128122 6.97443e-05 -0.00810334 -0.0154533 -0.00810334 8.43386e-05)
(0.000218688 -0.0128359 -0.0154288 -0.0128359 0.000125732 -0.00814704 -0.0154288 -0.00814704 2.99495e-05)
(5.56184e-05 -0.0127933 -0.0154285 -0.0127933 2.30363e-05 -0.00812962 -0.0154285 -0.00812962 5.04967e-05)
(0.000145813 -0.0128329 -0.0154219 -0.0128329 0.00011272 -0.00814696 -0.0154219 -0.00814696 3.7391e-05)
(-8.55847e-05 -0.0128255 -0.01546 -0.0128255 9.49751e-05 -0.00810253 -0.01546 -0.00810253 8.4204e-05)
(3.7876e-05 -0.0127963 -0.0154377 -0.0127963 2.24263e-05 -0.00812173 -0.0154377 -0.00812173 5.57398e-05)
(0.000293358 -0.0128469 -0.0154348 -0.0128469 0.000125476 -0.008145 -0.0154348 -0.008145 2.72032e-05)
(-1.6277e-05 -0.0128051 -0.0154436 -0.0128051 7.17913e-05 -0.00811236 -0.0154436 -0.00811236 7.38845e-05)
(-0.000126048 -0.0128278 -0.015454 -0.0128278 9.59889e-05 -0.008122 -0.015454 -0.008122 6.59113e-05)
(5.0034e-05 -0.0127988 -0.0154277 -0.0127988 2.67801e-05 -0.00811688 -0.0154277 -0.00811688 7.21413e-05)
(6.13345e-05 -0.0127972 -0.0154237 -0.0127972 2.34696e-05 -0.00812955 -0.0154237 -0.00812955 4.19338e-05)
(1.7268e-05 -0.012795 -0.0154376 -0.012795 2.41761e-05 -0.00812283 -0.0154376 -0.00812283 4.9407e-05)
(0.000113638 -0.0127992 -0.0154221 -0.0127992 7.6895e-05 -0.00814672 -0.0154221 -0.00814672 5.81408e-05)
(0.00012652 -0.0128274 -0.01541 -0.0128274 9.48085e-05 -0.00815076 -0.01541 -0.00815076 6.85028e-05)
(-3.61378e-06 -0.0128354 -0.0154415 -0.0128354 0.000100942 -0.00810342 -0.0154415 -0.00810342 8.69187e-05)
(3.86999e-05 -0.012795 -0.0154325 -0.012795 2.08151e-05 -0.00812395 -0.0154325 -0.00812395 4.79095e-05)
(0.00029783 -0.0128439 -0.0154407 -0.0128439 0.000129399 -0.00814535 -0.0154407 -0.00814535 2.64628e-05)
(1.22564e-05 -0.0128001 -0.0154462 -0.0128001 3.9018e-05 -0.00812571 -0.0154462 -0.00812571 5.10176e-05)
(0.000102897 -0.0128224 -0.0154259 -0.0128224 8.30345e-05 -0.00814184 -0.0154259 -0.00814184 3.71778e-05)
(3.04962e-06 -0.0128037 -0.0154413 -0.0128037 4.82009e-05 -0.00810778 -0.0154413 -0.00810778 8.2832e-05)
(0.00012512 -0.0128036 -0.0154142 -0.0128036 8.19204e-05 -0.00815477 -0.0154142 -0.00815477 0.000102381)
(6.98577e-05 -0.0127937 -0.0154282 -0.0127937 4.48798e-05 -0.00814219 -0.0154282 -0.00814219 4.28985e-05)
(0.000464498 -0.0128474 -0.0154336 -0.0128474 0.000121215 -0.00814127 -0.0154336 -0.00814127 2.55879e-05)
(0.000261607 -0.0128353 -0.0154262 -0.0128353 0.000128047 -0.00814653 -0.0154262 -0.00814653 3.09254e-05)
(5.33784e-05 -0.012794 -0.0154214 -0.012794 3.18616e-05 -0.0081165 -0.0154214 -0.0081165 7.10623e-05)
(0.000598344 -0.0128681 -0.0152606 -0.0128681 0.000103071 -0.0081372 -0.0152606 -0.0081372 0.00011586)
(-0.00013813 -0.0128338 -0.0154442 -0.0128338 0.000112 -0.00811478 -0.0154442 -0.00811478 7.51052e-05)
(8.5217e-05 -0.0128114 -0.0154261 -0.0128114 7.10442e-05 -0.00814131 -0.0154261 -0.00814131 3.27553e-05)
(0.000124229 -0.012821 -0.0154154 -0.012821 9.08695e-05 -0.00814996 -0.0154154 -0.00814996 5.90553e-05)
(0.000119527 -0.0128145 -0.0154088 -0.0128145 4.63586e-05 -0.00814399 -0.0154088 -0.00814399 9.39378e-05)
(9.47481e-05 -0.0128111 -0.0154183 -0.0128111 4.45495e-05 -0.0081411 -0.0154183 -0.0081411 5.55308e-05)
(-1.2494e-05 -0.0128126 -0.0154535 -0.0128126 4.91885e-05 -0.00812408 -0.0154535 -0.00812408 5.08431e-05)
(8.96148e-05 -0.0128576 -0.0153634 -0.0128576 0.000120598 -0.00812574 -0.0153634 -0.00812574 9.83556e-05)
(6.98202e-05 -0.0127956 -0.0154147 -0.0127956 3.40056e-05 -0.00813906 -0.0154147 -0.00813906 8.01286e-05)
(7.23097e-05 -0.0127991 -0.0154206 -0.0127991 2.69374e-05 -0.00813224 -0.0154206 -0.00813224 5.27749e-05)
(2.55297e-05 -0.0127933 -0.0154254 -0.0127933 2.8213e-05 -0.00811627 -0.0154254 -0.00811627 7.63866e-05)
(0.000212585 -0.0128318 -0.0154229 -0.0128318 0.000130645 -0.00814906 -0.0154229 -0.00814906 3.48766e-05)
(0.000116466 -0.0128148 -0.0154234 -0.0128148 9.37783e-05 -0.00814827 -0.0154234 -0.00814827 3.85677e-05)
(0.000148613 -0.0128309 -0.0154146 -0.0128309 0.000115768 -0.00815 -0.0154146 -0.00815 4.93583e-05)
(-7.04327e-05 -0.0128089 -0.0154513 -0.0128089 7.6689e-05 -0.00810132 -0.0154513 -0.00810132 8.6976e-05)
(1.91102e-05 -0.0127961 -0.0154298 -0.0127961 3.08065e-05 -0.00811343 -0.0154298 -0.00811343 9.33941e-05)
(0.000505765 -0.0128542 -0.0154492 -0.0128542 0.000117586 -0.00814086 -0.0154492 -0.00814086 2.99421e-05)
(-4.19345e-05 -0.0128053 -0.0154463 -0.0128053 5.71972e-05 -0.00811379 -0.0154463 -0.00811379 7.22304e-05)
(-7.21201e-05 -0.012807 -0.0154464 -0.012807 7.31972e-05 -0.00811264 -0.0154464 -0.00811264 7.46999e-05)
(-6.70398e-05 -0.0128128 -0.0154553 -0.0128128 8.18921e-05 -0.00810216 -0.0154553 -0.00810216 8.47048e-05)
(4.9023e-05 -0.012793 -0.015437 -0.012793 1.9465e-05 -0.00812519 -0.015437 -0.00812519 4.41687e-05)
(-7.1592e-05 -0.0128166 -0.0154558 -0.0128166 8.35992e-05 -0.00812108 -0.0154558 -0.00812108 6.67614e-05)
(9.2936e-05 -0.0128026 -0.0154134 -0.0128026 3.04695e-05 -0.00813394 -0.0154134 -0.00813394 5.21687e-05)
(4.94859e-05 -0.012791 -0.0154303 -0.012791 3.15627e-05 -0.00813552 -0.0154303 -0.00813552 3.67702e-05)
(2.77977e-05 -0.0127999 -0.0154357 -0.0127999 3.21773e-05 -0.008112 -0.0154357 -0.008112 8.2043e-05)
(0.000147453 -0.0128374 -0.0154197 -0.0128374 0.000123663 -0.00815129 -0.0154197 -0.00815129 3.90343e-05)
(6.43079e-05 -0.0127951 -0.0154287 -0.0127951 3.73541e-05 -0.00813634 -0.0154287 -0.00813634 3.74109e-05)
(0.000156199 -0.0128067 -0.0154169 -0.0128067 0.000106787 -0.00814774 -0.0154169 -0.00814774 5.5745e-05)
(9.60044e-05 -0.0127995 -0.0154117 -0.0127995 2.78928e-05 -0.00812934 -0.0154117 -0.00812934 8.41524e-05)
(7.56289e-05 -0.0127994 -0.0154269 -0.0127994 4.59122e-05 -0.00810758 -0.0154269 -0.00810758 9.35105e-05)
(2.78213e-05 -0.012792 -0.015437 -0.012792 1.97975e-05 -0.00812581 -0.015437 -0.00812581 3.93572e-05)
(0.000138656 -0.0128248 -0.0154248 -0.0128248 0.000106688 -0.00814654 -0.0154248 -0.00814654 3.2102e-05)
(1.87938e-05 -0.0127981 -0.0154425 -0.0127981 3.56458e-05 -0.00812443 -0.0154425 -0.00812443 5.23998e-05)
(9.91883e-05 -0.0128193 -0.0154284 -0.0128193 9.15513e-05 -0.00814427 -0.0154284 -0.00814427 3.33221e-05)
(0.000127945 -0.0128172 -0.0154127 -0.0128172 9.73597e-05 -0.0081528 -0.0154127 -0.0081528 6.63404e-05)
(-2.21257e-05 -0.0128069 -0.0154465 -0.0128069 4.72586e-05 -0.00810475 -0.0154465 -0.00810475 9.13609e-05)
(-5.39025e-05 -0.0128177 -0.0154519 -0.0128177 6.01985e-05 -0.00812054 -0.0154519 -0.00812054 5.3591e-05)
(0.000172418 -0.0128125 -0.0154196 -0.0128125 0.00011453 -0.00814905 -0.0154196 -0.00814905 4.51019e-05)
(-4.91064e-05 -0.0128144 -0.0154532 -0.0128144 7.47207e-05 -0.00812068 -0.0154532 -0.00812068 6.44442e-05)
(0.00028991 -0.0128441 -0.0153742 -0.0128441 0.000108302 -0.00812096 -0.0153742 -0.00812096 9.5582e-05)
(0.000680491 -0.0128683 -0.0152411 -0.0128683 9.68698e-05 -0.00814168 -0.0152411 -0.00814168 0.000124703)
(0.00038379 -0.0128629 -0.01531 -0.0128629 0.0001089 -0.0081291 -0.01531 -0.0081291 0.000107335)
(3.65792e-05 -0.012788 -0.0154306 -0.012788 1.94557e-05 -0.0081295 -0.0154306 -0.0081295 4.32504e-05)
(0.000117098 -0.012818 -0.0154152 -0.012818 8.4839e-05 -0.00815097 -0.0154152 -0.00815097 6.49924e-05)
(9.72999e-05 -0.0128006 -0.0154162 -0.0128006 3.242e-05 -0.00811456 -0.0154162 -0.00811456 8.63202e-05)
(0.000133691 -0.0128297 -0.0154083 -0.0128297 0.000106681 -0.00815259 -0.0154083 -0.00815259 6.74209e-05)
(8.3636e-05 -0.0128024 -0.0154333 -0.0128024 5.57754e-05 -0.00813285 -0.0154333 -0.00813285 2.95769e-05)
(-0.00016969 -0.0128291 -0.0154555 -0.0128291 9.58881e-05 -0.00810954 -0.0154555 -0.00810954 7.63257e-05)
(-0.000195419 -0.0128284 -0.0154511 -0.0128284 0.000111227 -0.00810311 -0.0154511 -0.00810311 8.55127e-05)
(1.63689e-05 -0.0127977 -0.0154363 -0.0127977 4.04962e-05 -0.00811927 -0.0154363 -0.00811927 6.23803e-05)
(4.31155e-05 -0.0127876 -0.0154193 -0.0127876 2.79387e-05 -0.00813349 -0.0154193 -0.00813349 8.42177e-05)
(0.000582003 -0.0128552 -0.0154336 -0.0128552 0.000120123 -0.00814048 -0.0154336 -0.00814048 3.04704e-05)
(6.61646e-05 -0.0127967 -0.0154239 -0.0127967 3.25841e-05 -0.00813725 -0.0154239 -0.00813725 5.23125e-05)
(0.000463374 -0.0128584 -0.0154249 -0.0128584 0.000123807 -0.0081429 -0.0154249 -0.0081429 3.66505e-05)
(4.89913e-05 -0.0127981 -0.0154263 -0.0127981 4.05943e-05 -0.00810853 -0.0154263 -0.00810853 9.18419e-05)
(0.000168713 -0.012808 -0.0154053 -0.012808 0.000110048 -0.00814857 -0.0154053 -0.00814857 8.7301e-05)
(8.06287e-05 -0.0128043 -0.0154371 -0.0128043 6.59389e-05 -0.00813037 -0.0154371 -0.00813037 2.997e-05)
(-7.44923e-05 -0.0128111 -0.0154495 -0.0128111 8.49114e-05 -0.00811218 -0.0154495 -0.00811218 7.93411e-05)
(0.000326468 -0.0128553 -0.0153504 -0.0128553 0.000121031 -0.00812443 -0.0153504 -0.00812443 9.77441e-05)
(-0.000131785 -0.0128172 -0.0154579 -0.0128172 9.0886e-05 -0.00810148 -0.0154579 -0.00810148 8.42157e-05)
(6.38071e-05 -0.0127924 -0.0154312 -0.0127924 2.61975e-05 -0.00813143 -0.0154312 -0.00813143 4.17381e-05)
(0.000680999 -0.0128755 -0.0152701 -0.0128755 0.000112662 -0.008145 -0.0152701 -0.008145 0.000127863)
(0.000100893 -0.0128116 -0.0154163 -0.0128116 4.98316e-05 -0.00814552 -0.0154163 -0.00814552 6.1451e-05)
(0.000333372 -0.0128448 -0.0154341 -0.0128448 0.000125519 -0.00814419 -0.0154341 -0.00814419 2.59693e-05)
(-3.49915e-05 -0.0128013 -0.015441 -0.0128013 4.47361e-05 -0.00810732 -0.015441 -0.00810732 9.11839e-05)
(0.000158563 -0.012824 -0.0153972 -0.012824 0.000113407 -0.00814779 -0.0153972 -0.00814779 9.06136e-05)
(0.000123166 -0.0128134 -0.0154243 -0.0128134 9.7802e-05 -0.00814683 -0.0154243 -0.00814683 3.64816e-05)
(8.50742e-05 -0.0127907 -0.015425 -0.0127907 5.66369e-05 -0.0081486 -0.015425 -0.0081486 6.70552e-05)
(6.52285e-05 -0.0127981 -0.0154337 -0.0127981 5.78119e-05 -0.00810801 -0.0154337 -0.00810801 9.16962e-05)
(8.64645e-05 -0.0127948 -0.0154125 -0.0127948 2.70715e-05 -0.00812105 -0.0154125 -0.00812105 8.56537e-05)
(5.05036e-05 -0.0127849 -0.0154327 -0.0127849 2.10148e-05 -0.00813056 -0.0154327 -0.00813056 3.75447e-05)
(6.09334e-05 -0.0127984 -0.0154271 -0.0127984 2.32103e-05 -0.00812489 -0.0154271 -0.00812489 5.84575e-05)
(1.23762e-05 -0.0127954 -0.0154367 -0.0127954 3.41869e-05 -0.00812142 -0.0154367 -0.00812142 5.63891e-05)
(2.0997e-05 -0.0127883 -0.0154276 -0.0127883 2.55558e-05 -0.00812805 -0.0154276 -0.00812805 5.00347e-05)
(0.000129185 -0.012819 -0.0154031 -0.012819 9.73152e-05 -0.00815377 -0.0154031 -0.00815377 8.96626e-05)
(0.000157147 -0.0128516 -0.0153704 -0.0128516 0.000109885 -0.00812222 -0.0153704 -0.00812222 9.70498e-05)
(1.82346e-05 -0.0128737 -0.0153684 -0.0128737 0.000129677 -0.008139 -0.0153684 -0.008139 8.69198e-05)
(2.65982e-05 -0.0127921 -0.015433 -0.0127921 2.11744e-05 -0.00812245 -0.015433 -0.00812245 5.714e-05)
(5.43187e-05 -0.0128424 -0.0154192 -0.0128424 0.000115434 -0.00812374 -0.0154192 -0.00812374 8.49804e-05)
(3.11855e-05 -0.0128118 -0.0154489 -0.0128118 9.53451e-05 -0.00811111 -0.0154489 -0.00811111 7.86054e-05)
(0.000116963 -0.0128461 -0.0154108 -0.0128461 0.000105057 -0.00811689 -0.0154108 -0.00811689 9.0663e-05)
(-1.04588e-05 -0.0128508 -0.0153824 -0.0128508 0.000112031 -0.00811373 -0.0153824 -0.00811373 9.85143e-05)
(4.02482e-05 -0.0127829 -0.0154306 -0.0127829 2.10344e-05 -0.00813217 -0.0154306 -0.00813217 5.35438e-05)
(6.35397e-06 -0.0128045 -0.0154427 -0.0128045 5.46533e-05 -0.00810472 -0.0154427 -0.00810472 8.78918e-05)
(-6.25507e-05 -0.0128259 -0.0154493 -0.0128259 0.000103129 -0.00810569 -0.0154493 -0.00810569 8.40577e-05)
(9.67269e-05 -0.0128026 -0.0154135 -0.0128026 3.49703e-05 -0.00813812 -0.0154135 -0.00813812 0.000100335)
(0.000142133 -0.0128229 -0.0154377 -0.0128229 0.000110903 -0.00813877 -0.0154377 -0.00813877 3.27918e-05)
(6.7675e-05 -0.0127969 -0.0154242 -0.0127969 3.91133e-05 -0.00814152 -0.0154242 -0.00814152 5.41853e-05)
(-4.59431e-05 -0.0128377 -0.0154202 -0.0128377 0.000114619 -0.00811283 -0.0154202 -0.00811283 8.72214e-05)
(-0.000113678 -0.012836 -0.0154408 -0.012836 0.000113901 -0.00811948 -0.0154408 -0.00811948 7.57333e-05)
(4.80791e-05 -0.012784 -0.0154252 -0.012784 3.22088e-05 -0.00814008 -0.0154252 -0.00814008 0.00010151)
(9.02054e-05 -0.0128033 -0.0154236 -0.0128033 6.75622e-05 -0.00815235 -0.0154236 -0.00815235 5.67575e-05)
(2.0402e-05 -0.0127936 -0.0154278 -0.0127936 2.82165e-05 -0.00811669 -0.0154278 -0.00811669 7.3843e-05)
(0.000158757 -0.012831 -0.0154016 -0.012831 0.000121327 -0.00814802 -0.0154016 -0.00814802 7.14198e-05)
(8.55646e-05 -0.0127973 -0.0154123 -0.0127973 2.80152e-05 -0.00813164 -0.0154123 -0.00813164 7.65452e-05)
(0.00017679 -0.0128109 -0.0154043 -0.0128109 0.000114127 -0.00814778 -0.0154043 -0.00814778 8.23697e-05)
(-3.17321e-05 -0.0128247 -0.0154625 -0.0128247 9.01353e-05 -0.00814058 -0.0154625 -0.00814058 6.70565e-05)
(-1.85815e-05 -0.0128041 -0.0154442 -0.0128041 7.39139e-05 -0.0081142 -0.0154442 -0.0081142 7.89905e-05)
(0.000340776 -0.0128513 -0.015347 -0.0128513 0.000113022 -0.00812322 -0.015347 -0.00812322 9.87091e-05)
(-0.00020458 -0.0128304 -0.0154503 -0.0128304 0.000109905 -0.00810417 -0.0154503 -0.00810417 8.41962e-05)
(5.38463e-05 -0.0127924 -0.0154263 -0.0127924 2.30666e-05 -0.00812992 -0.0154263 -0.00812992 5.29903e-05)
(0.000507874 -0.0128699 -0.0153253 -0.0128699 0.000117527 -0.00814437 -0.0153253 -0.00814437 0.000111682)
(7.39062e-05 -0.0127952 -0.0154172 -0.0127952 3.10531e-05 -0.00813666 -0.0154172 -0.00813666 8.32602e-05)
(0.000441599 -0.0128523 -0.0154213 -0.0128523 0.000126647 -0.00814194 -0.0154213 -0.00814194 4.15863e-05)
(-9.78038e-05 -0.0128091 -0.0154533 -0.0128091 7.07842e-05 -0.0081 -0.0154533 -0.0081 9.42339e-05)
(0.000103764 -0.0128048 -0.0154206 -0.0128048 4.2292e-05 -0.00814564 -0.0154206 -0.00814564 0.000131888)
(0.000146254 -0.0128185 -0.0154207 -0.0128185 0.00011144 -0.00815023 -0.0154207 -0.00815023 4.14651e-05)
(-1.22128e-05 -0.0127941 -0.0154338 -0.0127941 3.15083e-05 -0.00811875 -0.0154338 -0.00811875 6.80476e-05)
(5.36372e-05 -0.0127944 -0.0154291 -0.0127944 5.44529e-05 -0.00811077 -0.0154291 -0.00811077 8.9137e-05)
(9.1193e-05 -0.012807 -0.0154156 -0.012807 4.53505e-05 -0.00814458 -0.0154156 -0.00814458 7.08095e-05)
(8.84232e-05 -0.0127891 -0.0154294 -0.0127891 5.42528e-05 -0.00814185 -0.0154294 -0.00814185 3.86955e-05)
(4.55241e-05 -0.0127973 -0.0154294 -0.0127973 2.81691e-05 -0.00811832 -0.0154294 -0.00811832 6.87738e-05)
(-1.77115e-05 -0.0128041 -0.0154468 -0.0128041 5.66057e-05 -0.00811766 -0.0154468 -0.00811766 6.31121e-05)
(-3.30455e-05 -0.0127981 -0.0154356 -0.0127981 4.50669e-05 -0.00811961 -0.0154356 -0.00811961 6.49368e-05)
(7.71117e-05 -0.0127928 -0.0154082 -0.0127928 2.80807e-05 -0.00812943 -0.0154082 -0.00812943 9.52492e-05)
(-9.75842e-05 -0.0128286 -0.0154459 -0.0128286 0.000104997 -0.00810688 -0.0154459 -0.00810688 8.4484e-05)
(-9.28984e-05 -0.0128654 -0.0153844 -0.0128654 0.000125105 -0.00812915 -0.0153844 -0.00812915 8.76043e-05)
(-0.000179779 -0.0128451 -0.0154377 -0.0128451 0.000114249 -0.00812056 -0.0154377 -0.00812056 7.37808e-05)
(2.07157e-05 -0.0128421 -0.0154259 -0.0128421 0.000112743 -0.00812231 -0.0154259 -0.00812231 8.43594e-05)
(9.84819e-05 -0.0127972 -0.0154175 -0.0127972 2.73978e-05 -0.00812454 -0.0154175 -0.00812454 5.71884e-05)
(0.00010295 -0.0128146 -0.0154212 -0.0128146 3.8978e-05 -0.00813508 -0.0154212 -0.00813508 4.16663e-05)
(-0.000202113 -0.0128295 -0.0154647 -0.0128295 9.68081e-05 -0.00809675 -0.0154647 -0.00809675 8.7194e-05)
(1.65271e-05 -0.012788 -0.0154317 -0.012788 2.32796e-05 -0.00812281 -0.0154317 -0.00812281 9.21204e-05)
(-2.74395e-05 -0.0128274 -0.0154386 -0.0128274 0.000106759 -0.00810698 -0.0154386 -0.00810698 8.45338e-05)
(-3.05842e-05 -0.0128268 -0.0154375 -0.0128268 0.000107493 -0.00810672 -0.0154375 -0.00810672 8.50811e-05)
(8.8276e-05 -0.0128009 -0.015418 -0.0128009 4.24265e-05 -0.00814527 -0.015418 -0.00814527 9.65762e-05)
(8.07802e-05 -0.0128038 -0.0154324 -0.0128038 6.64518e-05 -0.0081343 -0.0154324 -0.0081343 2.80621e-05)
(5.31086e-05 -0.0127926 -0.0154248 -0.0127926 2.65335e-05 -0.00813407 -0.0154248 -0.00813407 4.89924e-05)
(-1.17801e-05 -0.0128028 -0.0154441 -0.0128028 5.70393e-05 -0.00811532 -0.0154441 -0.00811532 7.02572e-05)
(-6.8403e-05 -0.0128101 -0.0154506 -0.0128101 6.26115e-05 -0.00811444 -0.0154506 -0.00811444 6.9849e-05)
(3.33755e-06 -0.0127929 -0.0154339 -0.0127929 2.88674e-05 -0.00811808 -0.0154339 -0.00811808 9.69325e-05)
(0.000447014 -0.0128688 -0.0153149 -0.0128688 0.000119256 -0.00813769 -0.0153149 -0.00813769 0.000106885)
(-1.74123e-05 -0.0127979 -0.0154354 -0.0127979 3.83584e-05 -0.00811304 -0.0154354 -0.00811304 7.58875e-05)
(-0.000102971 -0.0128243 -0.0154511 -0.0128243 0.000105243 -0.00810133 -0.0154511 -0.00810133 8.40804e-05)
(8.75879e-05 -0.0128064 -0.0154183 -0.0128064 4.54934e-05 -0.00814391 -0.0154183 -0.00814391 6.33082e-05)
(2.24544e-05 -0.0127912 -0.0154261 -0.0127912 2.44941e-05 -0.00811935 -0.0154261 -0.00811935 8.05029e-05)
(-1.61916e-05 -0.0128203 -0.0154624 -0.0128203 8.837e-05 -0.00813424 -0.0154624 -0.00813424 6.45804e-05)
(7.13045e-05 -0.0127934 -0.0154234 -0.0127934 3.27657e-05 -0.00812061 -0.0154234 -0.00812061 6.78616e-05)
(-9.13007e-05 -0.0128235 -0.0154473 -0.0128235 0.000107005 -0.00810831 -0.0154473 -0.00810831 8.28322e-05)
(-0.00014887 -0.012822 -0.015457 -0.012822 8.47064e-05 -0.00810711 -0.015457 -0.00810711 7.90521e-05)
(-1.57805e-05 -0.0127996 -0.0154367 -0.0127996 4.13245e-05 -0.0081172 -0.0154367 -0.0081172 6.66502e-05)
(-3.00706e-05 -0.0128106 -0.0154562 -0.0128106 6.29018e-05 -0.00812884 -0.0154562 -0.00812884 5.69667e-05)
(8.81776e-06 -0.0127994 -0.0154358 -0.0127994 3.34456e-05 -0.00811229 -0.0154358 -0.00811229 9.60446e-05)
(0.000133485 -0.0128207 -0.0154064 -0.0128207 0.000108558 -0.00815275 -0.0154064 -0.00815275 7.61474e-05)
(-5.54743e-05 -0.0128032 -0.0154431 -0.0128032 6.35958e-05 -0.00810458 -0.0154431 -0.00810458 9.05115e-05)
(5.54562e-06 -0.0127983 -0.0154373 -0.0127983 3.32735e-05 -0.00811152 -0.0154373 -0.00811152 9.16791e-05)
(8.01859e-05 -0.0128004 -0.0154216 -0.0128004 5.38715e-05 -0.00815063 -0.0154216 -0.00815063 7.2361e-05)
(-0.000100768 -0.0128155 -0.0154502 -0.0128155 7.34506e-05 -0.00811973 -0.0154502 -0.00811973 6.43475e-05)
(4.15936e-05 -0.0127911 -0.0154219 -0.0127911 4.06373e-05 -0.008115 -0.0154219 -0.008115 8.53914e-05)
(9.25464e-05 -0.0128072 -0.015414 -0.0128072 5.13868e-05 -0.00814871 -0.015414 -0.00814871 8.38448e-05)
(5.15222e-05 -0.0127859 -0.0154294 -0.0127859 2.69295e-05 -0.00813501 -0.0154294 -0.00813501 4.31202e-05)
(5.86637e-05 -0.0127935 -0.01542 -0.0127935 2.33226e-05 -0.00812523 -0.01542 -0.00812523 6.19953e-05)
(1.17915e-06 -0.012803 -0.0154465 -0.012803 5.02198e-05 -0.00812033 -0.0154465 -0.00812033 5.70922e-05)
(1.788e-05 -0.0127874 -0.0154225 -0.0127874 2.45321e-05 -0.00812363 -0.0154225 -0.00812363 6.71027e-05)
(5.98537e-05 -0.0127904 -0.0154144 -0.0127904 2.84948e-05 -0.00811941 -0.0154144 -0.00811941 8.01505e-05)
(-1.06794e-06 -0.0128014 -0.0154404 -0.0128014 5.55565e-05 -0.00810733 -0.0154404 -0.00810733 8.32682e-05)
(-5.5037e-05 -0.0128153 -0.0154546 -0.0128153 5.48151e-05 -0.00810727 -0.0154546 -0.00810727 7.54944e-05)
(-0.000177989 -0.0128298 -0.0154545 -0.0128298 9.67571e-05 -0.00811092 -0.0154545 -0.00811092 7.58853e-05)
(-5.26673e-05 -0.0128407 -0.0154461 -0.0128407 0.000110797 -0.00812699 -0.0154461 -0.00812699 7.33541e-05)
(5.32956e-05 -0.0127983 -0.0154364 -0.0127983 4.01331e-05 -0.00812212 -0.0154364 -0.00812212 6.38504e-05)
(0.000173739 -0.0128544 -0.0154318 -0.0128544 0.000132235 -0.00814906 -0.0154318 -0.00814906 3.09794e-05)
(-3.21932e-05 -0.0128084 -0.0154517 -0.0128084 4.8788e-05 -0.00810326 -0.0154517 -0.00810326 9.35441e-05)
(-0.000104269 -0.0128152 -0.0154607 -0.0128152 6.31649e-05 -0.0081011 -0.0154607 -0.0081011 0.000103676)
(-7.37859e-06 -0.0128243 -0.0154391 -0.0128243 0.000111016 -0.0081081 -0.0154391 -0.0081081 8.34195e-05)
(-0.000136836 -0.0128134 -0.0154565 -0.0128134 8.61609e-05 -0.00810194 -0.0154565 -0.00810194 8.75362e-05)
(0.000143966 -0.0128128 -0.0154154 -0.0128128 0.000103955 -0.00815096 -0.0154154 -0.00815096 5.86388e-05)
(4.09435e-05 -0.0127931 -0.0154369 -0.0127931 2.21986e-05 -0.00812944 -0.0154369 -0.00812944 4.24443e-05)
(1.59932e-05 -0.0127944 -0.0154424 -0.0127944 3.34909e-05 -0.00812844 -0.0154424 -0.00812844 5.31367e-05)
(4.22927e-05 -0.0127937 -0.0154311 -0.0127937 2.487e-05 -0.00812507 -0.0154311 -0.00812507 5.29438e-05)
(5.79676e-05 -0.0127923 -0.0154219 -0.0127923 2.74379e-05 -0.00813488 -0.0154219 -0.00813488 6.92122e-05)
(-3.32632e-05 -0.0128029 -0.015442 -0.0128029 4.6975e-05 -0.00811116 -0.015442 -0.00811116 7.92765e-05)
(0.000333091 -0.0128675 -0.0153502 -0.0128675 0.000123031 -0.00814044 -0.0153502 -0.00814044 9.80857e-05)
(-9.49572e-05 -0.0128123 -0.0154494 -0.0128123 6.5491e-05 -0.0081107 -0.0154494 -0.0081107 7.60914e-05)
(0.00038697 -0.0128529 -0.0153298 -0.0128529 0.000107478 -0.00812351 -0.0153298 -0.00812351 0.000100093)
(5.12468e-05 -0.012794 -0.0154221 -0.012794 2.49379e-05 -0.00811984 -0.0154221 -0.00811984 8.10048e-05)
(-0.000119314 -0.0128184 -0.0154554 -0.0128184 8.46776e-05 -0.00811084 -0.0154554 -0.00811084 7.47209e-05)
(2.06763e-06 -0.012803 -0.0154503 -0.012803 5.40228e-05 -0.00812718 -0.0154503 -0.00812718 5.6273e-05)
(0.000117905 -0.0128411 -0.0154208 -0.0128411 0.000119606 -0.00815195 -0.0154208 -0.00815195 3.85642e-05)
(3.85992e-05 -0.0127899 -0.0154227 -0.0127899 2.97021e-05 -0.00812346 -0.0154227 -0.00812346 6.51874e-05)
(-3.3563e-05 -0.0128033 -0.0154448 -0.0128033 4.19383e-05 -0.00811856 -0.0154448 -0.00811856 6.38495e-05)
(-8.2888e-05 -0.0128137 -0.0154494 -0.0128137 6.78801e-05 -0.00811632 -0.0154494 -0.00811632 6.63902e-05)
(4.20749e-05 -0.0127923 -0.015437 -0.0127923 2.17316e-05 -0.00813041 -0.015437 -0.00813041 4.09482e-05)
(-0.000141878 -0.0128231 -0.0154613 -0.0128231 8.18559e-05 -0.00810116 -0.0154613 -0.00810116 8.57571e-05)
(1.54789e-05 -0.0127927 -0.0154251 -0.0127927 3.08397e-05 -0.00811456 -0.0154251 -0.00811456 8.30368e-05)
(2.30117e-05 -0.012787 -0.0154185 -0.012787 2.82237e-05 -0.00812201 -0.0154185 -0.00812201 7.20534e-05)
(-2.48176e-05 -0.0128023 -0.015446 -0.0128023 4.11539e-05 -0.00811436 -0.015446 -0.00811436 7.02811e-05)
(4.80367e-06 -0.012794 -0.0154296 -0.012794 3.2726e-05 -0.0081146 -0.0154296 -0.0081146 8.14238e-05)
(-8.13065e-05 -0.0128123 -0.0154492 -0.0128123 6.87379e-05 -0.00812284 -0.0154492 -0.00812284 5.93035e-05)
(2.68171e-05 -0.0127913 -0.0154258 -0.0127913 3.74529e-05 -0.00811946 -0.0154258 -0.00811946 7.37511e-05)
(6.41683e-05 -0.0127933 -0.0154162 -0.0127933 2.5597e-05 -0.00813138 -0.0154162 -0.00813138 7.40965e-05)
(6.5267e-06 -0.0127917 -0.0154328 -0.0127917 2.53777e-05 -0.00812133 -0.0154328 -0.00812133 5.97809e-05)
(4.12238e-05 -0.0127916 -0.0154219 -0.0127916 2.86307e-05 -0.00811867 -0.0154219 -0.00811867 7.10986e-05)
(3.90833e-05 -0.0127946 -0.0154312 -0.0127946 2.57561e-05 -0.00812315 -0.0154312 -0.00812315 4.98216e-05)
(-4.16228e-05 -0.0128015 -0.0154402 -0.0128015 4.85825e-05 -0.00810884 -0.0154402 -0.00810884 8.4956e-05)
(7.06623e-05 -0.0127922 -0.0154121 -0.0127922 3.03513e-05 -0.00811718 -0.0154121 -0.00811718 9.27017e-05)
(6.50581e-05 -0.0127951 -0.0154181 -0.0127951 2.32232e-05 -0.00812753 -0.0154181 -0.00812753 6.18671e-05)
(2.47648e-05 -0.0127912 -0.0154351 -0.0127912 2.18384e-05 -0.00812059 -0.0154351 -0.00812059 7.42341e-05)
(-7.16888e-05 -0.0128076 -0.015446 -0.0128076 5.41848e-05 -0.00810855 -0.015446 -0.00810855 8.28641e-05)
(2.27953e-05 -0.0128047 -0.0154481 -0.0128047 4.73728e-05 -0.00812224 -0.0154481 -0.00812224 6.05411e-05)
(2.32945e-05 -0.012797 -0.015438 -0.012797 3.39932e-05 -0.0081204 -0.015438 -0.0081204 5.89327e-05)
(0.000228934 -0.0128567 -0.0154309 -0.0128567 0.000131919 -0.00814655 -0.0154309 -0.00814655 2.84644e-05)
(6.31807e-05 -0.0127951 -0.0154208 -0.0127951 2.86975e-05 -0.00813433 -0.0154208 -0.00813433 9.22696e-05)
(-0.00022529 -0.0128253 -0.0154691 -0.0128253 0.000106985 -0.00809627 -0.0154691 -0.00809627 8.42988e-05)
(-6.44197e-05 -0.0128188 -0.0154495 -0.0128188 0.00010572 -0.00810467 -0.0154495 -0.00810467 8.48046e-05)
(-5.31972e-05 -0.0128049 -0.0154452 -0.0128049 5.1293e-05 -0.00810826 -0.0154452 -0.00810826 8.42359e-05)
(5.59411e-05 -0.0127913 -0.0154249 -0.0127913 2.48935e-05 -0.00813211 -0.0154249 -0.00813211 6.89471e-05)
(2.75632e-05 -0.0127965 -0.0154396 -0.0127965 3.41622e-05 -0.00812525 -0.0154396 -0.00812525 5.41762e-05)
(4.17294e-05 -0.0127919 -0.015442 -0.0127919 2.24399e-05 -0.00813167 -0.015442 -0.00813167 4.26285e-05)
(5.61386e-05 -0.0127952 -0.0154287 -0.0127952 2.6206e-05 -0.0081328 -0.0154287 -0.0081328 4.22691e-05)
(4.21457e-05 -0.0127912 -0.0154224 -0.0127912 2.24924e-05 -0.00812405 -0.0154224 -0.00812405 7.47236e-05)
(3.23426e-05 -0.0127907 -0.0154241 -0.0127907 2.3623e-05 -0.0081219 -0.0154241 -0.0081219 7.08491e-05)
(4.7322e-05 -0.0127914 -0.0154284 -0.0127914 2.27355e-05 -0.00813111 -0.0154284 -0.00813111 4.36606e-05)
(-8.76381e-05 -0.0128094 -0.0154488 -0.0128094 6.88479e-05 -0.00810621 -0.0154488 -0.00810621 8.40469e-05)
(0.00020822 -0.0128439 -0.0153776 -0.0128439 0.000113204 -0.00811624 -0.0153776 -0.00811624 9.32128e-05)
(-0.000138282 -0.0128197 -0.0154597 -0.0128197 8.97317e-05 -0.00810182 -0.0154597 -0.00810182 8.57562e-05)
(-0.000145247 -0.0128312 -0.0154523 -0.0128312 0.00010284 -0.00811843 -0.0154523 -0.00811843 7.01942e-05)
(3.46986e-05 -0.012789 -0.0154314 -0.012789 2.1297e-05 -0.0081306 -0.0154314 -0.0081306 3.99073e-05)
(0.000153252 -0.0128481 -0.0154167 -0.0128481 0.000133093 -0.00815031 -0.0154167 -0.00815031 4.13015e-05)
(9.72232e-05 -0.012826 -0.0154226 -0.012826 8.74906e-05 -0.00815105 -0.0154226 -0.00815105 4.24554e-05)
(2.93816e-05 -0.0127865 -0.0154288 -0.0127865 2.03231e-05 -0.0081283 -0.0154288 -0.0081283 5.68815e-05)
(-4.38304e-05 -0.0128101 -0.0154479 -0.0128101 5.53555e-05 -0.00811892 -0.0154479 -0.00811892 5.94977e-05)
(5.74804e-05 -0.0127969 -0.0154301 -0.0127969 3.28779e-05 -0.00813512 -0.0154301 -0.00813512 3.53436e-05)
(-8.55139e-05 -0.0128196 -0.015457 -0.0128196 6.75001e-05 -0.00810877 -0.015457 -0.00810877 7.31559e-05)
(-8.1184e-05 -0.0128118 -0.015452 -0.0128118 7.02603e-05 -0.00810286 -0.015452 -0.00810286 8.71276e-05)
(3.08112e-05 -0.0127864 -0.0154182 -0.0127864 2.45206e-05 -0.00812761 -0.0154182 -0.00812761 6.24598e-05)
(-2.88257e-05 -0.012798 -0.0154386 -0.012798 3.89974e-05 -0.00811109 -0.0154386 -0.00811109 8.69051e-05)
(1.03352e-06 -0.0127991 -0.0154366 -0.0127991 3.88619e-05 -0.00811167 -0.0154366 -0.00811167 8.19183e-05)
(-2.93664e-05 -0.0128014 -0.015442 -0.0128014 4.51786e-05 -0.00811971 -0.015442 -0.00811971 6.00689e-05)
(4.07396e-05 -0.0127889 -0.0154236 -0.0127889 2.59286e-05 -0.00812714 -0.0154236 -0.00812714 5.83225e-05)
(6.45166e-05 -0.0127932 -0.0154145 -0.0127932 2.66079e-05 -0.00813257 -0.0154145 -0.00813257 7.81183e-05)
(-5.2203e-05 -0.0128079 -0.0154473 -0.0128079 5.1009e-05 -0.00811375 -0.0154473 -0.00811375 6.74001e-05)
(-8.38925e-05 -0.0128101 -0.0154515 -0.0128101 8.07886e-05 -0.00810732 -0.0154515 -0.00810732 8.10171e-05)
(4.29797e-05 -0.0127919 -0.0154239 -0.0127919 2.36844e-05 -0.0081228 -0.0154239 -0.0081228 5.38091e-05)
(-0.000146039 -0.0128175 -0.0154573 -0.0128175 8.96126e-05 -0.00810386 -0.0154573 -0.00810386 8.36244e-05)
(5.1029e-05 -0.0127908 -0.015416 -0.0127908 2.70883e-05 -0.00811882 -0.015416 -0.00811882 8.55721e-05)
(6.6417e-05 -0.0127988 -0.0154218 -0.0127988 2.7922e-05 -0.00813376 -0.0154218 -0.00813376 4.86645e-05)
(6.11299e-05 -0.0127868 -0.015429 -0.0127868 3.17219e-05 -0.00813867 -0.015429 -0.00813867 5.31165e-05)
(-0.000109591 -0.0128177 -0.0154524 -0.0128177 7.19851e-05 -0.00811531 -0.0154524 -0.00811531 6.77393e-05)
(4.66902e-05 -0.0127944 -0.015432 -0.0127944 2.22209e-05 -0.00812593 -0.015432 -0.00812593 5.05094e-05)
(-3.66924e-05 -0.0128029 -0.0154445 -0.0128029 5.05044e-05 -0.00810844 -0.0154445 -0.00810844 7.92595e-05)
(0.000122758 -0.012841 -0.0154127 -0.012841 0.000130436 -0.00815306 -0.0154127 -0.00815306 4.67211e-05)
(0.00010921 -0.0128235 -0.0154128 -0.0128235 9.25359e-05 -0.00815442 -0.0154128 -0.00815442 6.62169e-05)
(-0.000192639 -0.0128242 -0.0154672 -0.0128242 0.000105417 -0.00809638 -0.0154672 -0.00809638 8.3038e-05)
(-0.00010264 -0.0128123 -0.0154545 -0.0128123 8.98621e-05 -0.00810244 -0.0154545 -0.00810244 8.81172e-05)
(-6.5767e-05 -0.0128089 -0.0154495 -0.0128089 5.60352e-05 -0.00811057 -0.0154495 -0.00811057 7.72926e-05)
(-4.74326e-05 -0.0128079 -0.0154475 -0.0128079 5.1351e-05 -0.00810969 -0.0154475 -0.00810969 7.6272e-05)
(2.88593e-05 -0.0127912 -0.0154329 -0.0127912 2.32626e-05 -0.00812685 -0.0154329 -0.00812685 4.75366e-05)
(5.2361e-05 -0.0127939 -0.0154354 -0.0127939 3.23183e-05 -0.00813328 -0.0154354 -0.00813328 3.68073e-05)
(7.31404e-05 -0.012803 -0.0154237 -0.012803 4.15537e-05 -0.00813994 -0.0154237 -0.00813994 5.07259e-05)
(1.44876e-05 -0.0127952 -0.0154326 -0.0127952 3.11908e-05 -0.00811605 -0.0154326 -0.00811605 7.07714e-05)
(4.50831e-05 -0.0127893 -0.0154223 -0.0127893 2.39806e-05 -0.00812945 -0.0154223 -0.00812945 7.79891e-05)
(7.09331e-05 -0.0127991 -0.0154253 -0.0127991 3.81458e-05 -0.00813898 -0.0154253 -0.00813898 4.53838e-05)
(3.5744e-05 -0.0127967 -0.0154279 -0.0127967 4.1808e-05 -0.00810895 -0.0154279 -0.00810895 8.99365e-05)
(-0.000134218 -0.0128175 -0.0154536 -0.0128175 9.60447e-05 -0.00810657 -0.0154536 -0.00810657 8.18976e-05)
(-0.000155476 -0.012823 -0.015457 -0.012823 9.52979e-05 -0.00810521 -0.015457 -0.00810521 8.2514e-05)
(-0.000162235 -0.0128386 -0.0154482 -0.0128386 0.000106733 -0.00812036 -0.0154482 -0.00812036 6.90003e-05)
(5.68497e-05 -0.0127891 -0.0154297 -0.0127891 2.96727e-05 -0.00813527 -0.0154297 -0.00813527 4.02651e-05)
(7.74253e-05 -0.0127948 -0.0154116 -0.0127948 2.5332e-05 -0.00812763 -0.0154116 -0.00812763 7.40998e-05)
(0.000111848 -0.0128394 -0.0154155 -0.0128394 0.000113204 -0.00815289 -0.0154155 -0.00815289 4.85877e-05)
(4.78931e-05 -0.0127915 -0.0154262 -0.0127915 2.16277e-05 -0.00812841 -0.0154262 -0.00812841 5.7577e-05)
(5.54008e-06 -0.0128026 -0.0154412 -0.0128026 3.61464e-05 -0.00811774 -0.0154412 -0.00811774 5.79571e-05)
(5.8285e-05 -0.0127968 -0.0154249 -0.0127968 2.76615e-05 -0.00813388 -0.0154249 -0.00813388 4.51202e-05)
(-3.76106e-05 -0.012814 -0.0154536 -0.012814 5.45603e-05 -0.00811895 -0.0154536 -0.00811895 5.89348e-05)
(-0.000123715 -0.0128165 -0.0154576 -0.0128165 8.14852e-05 -0.00810214 -0.0154576 -0.00810214 8.4627e-05)
(3.26135e-05 -0.0127867 -0.0154181 -0.0127867 2.36841e-05 -0.00812803 -0.0154181 -0.00812803 6.51671e-05)
(-2.69794e-05 -0.0127993 -0.0154371 -0.0127993 4.02111e-05 -0.00811032 -0.0154371 -0.00811032 0.000100643)
(3.94243e-05 -0.0127943 -0.0154262 -0.0127943 2.59752e-05 -0.00811913 -0.0154262 -0.00811913 8.11283e-05)
(2.04442e-05 -0.0127895 -0.0154275 -0.0127895 2.26172e-05 -0.00812379 -0.0154275 -0.00812379 5.66675e-05)
(1.6431e-05 -0.0127905 -0.0154249 -0.0127905 3.27408e-05 -0.00812106 -0.0154249 -0.00812106 6.92754e-05)
(8.73036e-05 -0.0128002 -0.0154104 -0.0128002 4.03014e-05 -0.00814485 -0.0154104 -0.00814485 9.24565e-05)
(-0.000136941 -0.0128205 -0.0154563 -0.0128205 8.75942e-05 -0.00810973 -0.0154563 -0.00810973 7.61468e-05)
(-0.00013985 -0.0128199 -0.0154556 -0.0128199 9.81048e-05 -0.00810477 -0.0154556 -0.00810477 8.34466e-05)
(3.97528e-05 -0.0127903 -0.0154196 -0.0127903 2.55069e-05 -0.00811973 -0.0154196 -0.00811973 7.10735e-05)
(-1.91798e-05 -0.0127994 -0.0154392 -0.0127994 4.22047e-05 -0.00811215 -0.0154392 -0.00811215 7.53574e-05)
(5.20218e-05 -0.0127903 -0.015416 -0.0127903 2.35064e-05 -0.00812705 -0.015416 -0.00812705 7.73373e-05)
(3.21801e-05 -0.0127906 -0.0154276 -0.0127906 2.25293e-05 -0.00812479 -0.0154276 -0.00812479 4.88455e-05)
(6.2467e-05 -0.0127879 -0.0154295 -0.0127879 4.36132e-05 -0.00814268 -0.0154295 -0.00814268 4.15912e-05)
