/*--------------------------------*- C++ -*----------------------------------*\
  =========                 |
  \\      /  F ield         | OpenFOAM: The Open Source CFD Toolbox
   \\    /   O peration     | Website:  https://openfoam.org
    \\  /    A nd           | Version:  10
     \\/     M anipulation  |
\*---------------------------------------------------------------------------*/
FoamFile
{
    format      ascii;
    class       volTensorField;
    location    "20";
    object      TauNN;
}
// * * * * * * * * * * * * * * * * * * * * * * * * * * * * * * * * * * * * * //

dimensions      [0 2 -2 0 0 0 0];

internalField   nonuniform List<tensor> 
25600
(
(-8.37539e-06 -0.0127914 -0.0154261 -0.0127914 3.98766e-05 -0.00811352 -0.0154261 -0.00811352 8.78918e-05)
(-2.34147e-06 -0.0127912 -0.0154279 -0.0127912 3.61464e-05 -0.00811586 -0.0154279 -0.00811586 7.95816e-05)
(8.66659e-06 -0.0127895 -0.0154269 -0.0127895 2.86128e-05 -0.00812098 -0.0154269 -0.00812098 6.25303e-05)
(2.83338e-05 -0.0127889 -0.0154244 -0.0127889 2.33948e-05 -0.00812573 -0.0154244 -0.00812573 5.58536e-05)
(4.12118e-05 -0.0127894 -0.0154223 -0.0127894 2.30777e-05 -0.00813043 -0.0154223 -0.00813043 5.87239e-05)
(2.42821e-05 -0.0127871 -0.0154223 -0.0127871 2.16779e-05 -0.00812491 -0.0154223 -0.00812491 5.62959e-05)
(4.14364e-05 -0.0127903 -0.0154221 -0.0127903 2.38124e-05 -0.00813236 -0.0154221 -0.00813236 5.11057e-05)
(2.56275e-05 -0.0127872 -0.0154238 -0.0127872 2.18742e-05 -0.00812659 -0.0154238 -0.00812659 6.0274e-05)
(3.60899e-06 -0.0127863 -0.0154263 -0.0127863 2.1954e-05 -0.00812349 -0.0154263 -0.00812349 5.36641e-05)
(7.20426e-05 -0.0127985 -0.0154242 -0.0127985 3.16894e-05 -0.00813617 -0.0154242 -0.00813617 4.30425e-05)
(4.40766e-05 -0.0127916 -0.015439 -0.0127916 2.53454e-05 -0.00813327 -0.015439 -0.00813327 3.83784e-05)
(4.89385e-06 -0.0127837 -0.0154351 -0.0127837 1.81295e-05 -0.00812976 -0.0154351 -0.00812976 3.39585e-05)
(2.72866e-05 -0.0127898 -0.0154238 -0.0127898 2.58811e-05 -0.00812305 -0.0154238 -0.00812305 6.67324e-05)
(2.02795e-05 -0.0127912 -0.0154299 -0.0127912 2.78683e-05 -0.00812449 -0.0154299 -0.00812449 5.55062e-05)
(2.79001e-05 -0.0127878 -0.0154194 -0.0127878 2.34723e-05 -0.00812465 -0.0154194 -0.00812465 9.2155e-05)
(5.98217e-05 -0.0127904 -0.0154104 -0.0127904 2.71581e-05 -0.00812228 -0.0154104 -0.00812228 9.49608e-05)
(3.92656e-05 -0.0127909 -0.0154324 -0.0127909 2.4626e-05 -0.008131 -0.0154324 -0.008131 4.09853e-05)
(1.79015e-05 -0.0127892 -0.0154349 -0.0127892 2.31142e-05 -0.0081292 -0.0154349 -0.0081292 4.19373e-05)
(1.98033e-05 -0.0127875 -0.0154222 -0.0127875 2.44561e-05 -0.00812341 -0.0154222 -0.00812341 6.60339e-05)
(2.70202e-05 -0.0127883 -0.0154258 -0.0127883 2.09311e-05 -0.0081266 -0.0154258 -0.0081266 5.27319e-05)
(2.326e-05 -0.0127878 -0.0154286 -0.0127878 2.05738e-05 -0.0081282 -0.0154286 -0.0081282 4.51397e-05)
(3.13165e-05 -0.0127867 -0.0154154 -0.0127867 2.34931e-05 -0.00812312 -0.0154154 -0.00812312 7.99926e-05)
(4.54835e-06 -0.0127877 -0.0154311 -0.0127877 2.47582e-05 -0.00812562 -0.0154311 -0.00812562 4.59514e-05)
(2.09715e-05 -0.0127908 -0.0154355 -0.0127908 3.27612e-05 -0.00812741 -0.0154355 -0.00812741 5.63255e-05)
(1.24831e-05 -0.0127916 -0.0154302 -0.0127916 2.94587e-05 -0.00812172 -0.0154302 -0.00812172 6.5115e-05)
(-1.12617e-05 -0.0127971 -0.0154422 -0.0127971 3.69366e-05 -0.00812777 -0.0154422 -0.00812777 4.63524e-05)
(4.694e-05 -0.0127917 -0.0154203 -0.0127917 2.62956e-05 -0.00812255 -0.0154203 -0.00812255 7.07336e-05)
(1.80262e-05 -0.0127895 -0.0154303 -0.0127895 2.30557e-05 -0.00812455 -0.0154303 -0.00812455 5.71479e-05)
(1.38023e-05 -0.0127919 -0.0154397 -0.0127919 2.8379e-05 -0.00812942 -0.0154397 -0.00812942 4.8999e-05)
(4.97031e-05 -0.0127915 -0.0154423 -0.0127915 2.65089e-05 -0.00813367 -0.0154423 -0.00813367 4.80759e-05)
(3.4676e-06 -0.0127891 -0.0154343 -0.0127891 2.56265e-05 -0.00812652 -0.0154343 -0.00812652 4.78595e-05)
(2.64499e-06 -0.0127929 -0.0154347 -0.0127929 3.16221e-05 -0.00812401 -0.0154347 -0.00812401 5.83387e-05)
(2.41667e-05 -0.0127882 -0.0154304 -0.0127882 2.20217e-05 -0.00812896 -0.0154304 -0.00812896 4.28969e-05)
(4.23285e-06 -0.0127917 -0.015436 -0.0127917 2.60197e-05 -0.00812639 -0.015436 -0.00812639 4.56945e-05)
(1.51194e-05 -0.0127926 -0.0154342 -0.0127926 2.99284e-05 -0.00812631 -0.0154342 -0.00812631 5.24923e-05)
(5.81172e-05 -0.0127879 -0.0154141 -0.0127879 3.21009e-05 -0.00811855 -0.0154141 -0.00811855 8.41066e-05)
(-3.83434e-05 -0.0127959 -0.0154392 -0.0127959 5.29548e-05 -0.0081167 -0.0154392 -0.0081167 7.34233e-05)
(-6.54464e-06 -0.0127884 -0.015436 -0.0127884 2.17393e-05 -0.00812598 -0.015436 -0.00812598 3.71795e-05)
(3.18813e-05 -0.0127868 -0.0154233 -0.0127868 2.25903e-05 -0.00813007 -0.0154233 -0.00813007 7.27662e-05)
(2.79287e-05 -0.0127877 -0.0154165 -0.0127877 2.54887e-05 -0.00812022 -0.0154165 -0.00812022 8.90396e-05)
(0.000103871 -0.0127956 -0.0154027 -0.0127956 2.90481e-05 -0.00812907 -0.0154027 -0.00812907 9.63617e-05)
(8.31256e-05 -0.0127971 -0.0154125 -0.0127971 3.33024e-05 -0.00813509 -0.0154125 -0.00813509 0.000120385)
(3.91008e-05 -0.0127874 -0.0154251 -0.0127874 2.55634e-05 -0.00813111 -0.0154251 -0.00813111 9.68621e-05)
(2.62314e-05 -0.012783 -0.0154352 -0.012783 1.70554e-05 -0.00812596 -0.0154352 -0.00812596 4.7096e-05)
(7.34402e-05 -0.0127946 -0.0154114 -0.0127946 3.03511e-05 -0.00813568 -0.0154114 -0.00813568 8.21723e-05)
(0.000107022 -0.0128059 -0.0154106 -0.0128059 3.85286e-05 -0.00814073 -0.0154106 -0.00814073 7.02194e-05)
(2.90507e-05 -0.0127862 -0.0154254 -0.0127862 2.17408e-05 -0.00812933 -0.0154254 -0.00812933 6.88709e-05)
(2.67812e-05 -0.0127906 -0.015424 -0.0127906 2.56165e-05 -0.00812061 -0.015424 -0.00812061 8.96193e-05)
(2.41741e-05 -0.0127879 -0.015426 -0.0127879 2.23099e-05 -0.00812456 -0.015426 -0.00812456 7.32049e-05)
(3.0969e-05 -0.0127866 -0.0154212 -0.0127866 2.36293e-05 -0.00813006 -0.0154212 -0.00813006 8.64522e-05)
(3.8302e-05 -0.0127899 -0.0154297 -0.0127899 2.10333e-05 -0.00812928 -0.0154297 -0.00812928 4.73133e-05)
(4.50635e-05 -0.0127913 -0.0154383 -0.0127913 2.48954e-05 -0.00813223 -0.0154383 -0.00813223 4.55916e-05)
(8.43194e-05 -0.0127931 -0.0154141 -0.0127931 2.60131e-05 -0.00812702 -0.0154141 -0.00812702 6.66817e-05)
(1.13119e-05 -0.0127911 -0.0154286 -0.0127911 2.55809e-05 -0.00811872 -0.0154286 -0.00811872 7.5027e-05)
(3.13059e-05 -0.0127898 -0.015433 -0.0127898 2.28368e-05 -0.008129 -0.015433 -0.008129 4.80459e-05)
(5.85244e-05 -0.0127904 -0.0154115 -0.0127904 2.689e-05 -0.00812575 -0.0154115 -0.00812575 9.23448e-05)
(3.10324e-05 -0.0127871 -0.0154217 -0.0127871 2.65105e-05 -0.0081335 -0.0154217 -0.0081335 9.69046e-05)
(3.83304e-05 -0.0127894 -0.0154245 -0.0127894 2.12775e-05 -0.0081283 -0.0154245 -0.0081283 5.48389e-05)
(3.41354e-05 -0.0127882 -0.0154186 -0.0127882 2.34687e-05 -0.00812646 -0.0154186 -0.00812646 9.11467e-05)
(5.12704e-05 -0.0127934 -0.015421 -0.0127934 2.77287e-05 -0.00813548 -0.015421 -0.00813548 5.44419e-05)
(5.36722e-05 -0.0127909 -0.0154162 -0.0127909 2.52281e-05 -0.00812582 -0.0154162 -0.00812582 8.51809e-05)
(4.2074e-05 -0.0127885 -0.015415 -0.0127885 2.43559e-05 -0.00812476 -0.015415 -0.00812476 8.42444e-05)
(9.04509e-05 -0.0127972 -0.0154146 -0.0127972 2.78232e-05 -0.0081318 -0.0154146 -0.0081318 6.09052e-05)
(5.47399e-05 -0.0127931 -0.0154174 -0.0127931 2.83808e-05 -0.00812659 -0.0154174 -0.00812659 0.000108818)
(1.78664e-05 -0.0127924 -0.015427 -0.0127924 2.76367e-05 -0.00811746 -0.015427 -0.00811746 9.4179e-05)
(4.26263e-05 -0.0127894 -0.0154254 -0.0127894 2.773e-05 -0.00813052 -0.0154254 -0.00813052 0.000104795)
(6.9337e-05 -0.0127958 -0.0154167 -0.0127958 3.89348e-05 -0.00814636 -0.0154167 -0.00814636 0.000119827)
(8.70229e-05 -0.0127986 -0.0154112 -0.0127986 2.89801e-05 -0.0081335 -0.0154112 -0.0081335 7.64463e-05)
(3.97906e-07 -0.012791 -0.0154368 -0.012791 2.21768e-05 -0.00812561 -0.0154368 -0.00812561 3.84562e-05)
(4.1244e-06 -0.0127896 -0.015441 -0.0127896 2.46693e-05 -0.00813058 -0.015441 -0.00813058 4.19876e-05)
(7.33582e-05 -0.0127955 -0.0154278 -0.0127955 2.6103e-05 -0.00813222 -0.0154278 -0.00813222 5.11791e-05)
(9.25605e-06 -0.0127902 -0.0154332 -0.0127902 2.2677e-05 -0.00812028 -0.0154332 -0.00812028 6.63469e-05)
(1.43738e-05 -0.0127876 -0.015429 -0.0127876 2.03238e-05 -0.00812377 -0.015429 -0.00812377 6.00565e-05)
(9.46415e-05 -0.0127984 -0.0154088 -0.0127984 3.02858e-05 -0.00813413 -0.0154088 -0.00813413 8.73533e-05)
(6.90291e-05 -0.0127926 -0.0154108 -0.0127926 2.73664e-05 -0.00812585 -0.0154108 -0.00812585 0.000102176)
(0.000110419 -0.0127971 -0.0154019 -0.0127971 3.16574e-05 -0.00813218 -0.0154019 -0.00813218 0.00010956)
(7.25758e-05 -0.0127949 -0.0154201 -0.0127949 3.77757e-05 -0.00814443 -0.0154201 -0.00814443 0.000109243)
(7.27392e-05 -0.0127803 -0.0154409 -0.0127803 2.77464e-05 -0.00813618 -0.0154409 -0.00813618 9.29516e-05)
(-3.71882e-06 -0.0127948 -0.0154321 -0.0127948 3.13813e-05 -0.00811349 -0.0154321 -0.00811349 9.15069e-05)
(7.22167e-05 -0.0127902 -0.015411 -0.0127902 2.59933e-05 -0.00812519 -0.015411 -0.00812519 7.96485e-05)
(2.15423e-05 -0.0127892 -0.0154317 -0.0127892 2.11334e-05 -0.00812764 -0.0154317 -0.00812764 4.25611e-05)
(4.76644e-05 -0.0127902 -0.0154197 -0.0127902 2.44664e-05 -0.00813186 -0.0154197 -0.00813186 6.95018e-05)
(4.87477e-05 -0.0127903 -0.0154153 -0.0127903 2.51971e-05 -0.00812642 -0.0154153 -0.00812642 9.51284e-05)
(2.24124e-05 -0.0127883 -0.0154267 -0.0127883 1.98088e-05 -0.0081256 -0.0154267 -0.0081256 5.2397e-05)
(-3.9374e-06 -0.0127947 -0.0154386 -0.0127947 2.8262e-05 -0.00812233 -0.0154386 -0.00812233 5.41683e-05)
(6.47865e-05 -0.012794 -0.0154132 -0.012794 3.34011e-05 -0.00814033 -0.0154132 -0.00814033 8.52747e-05)
(0.000120128 -0.0127993 -0.0154039 -0.0127993 2.90371e-05 -0.00813175 -0.0154039 -0.00813175 7.61396e-05)
(4.90739e-05 -0.0127895 -0.0154162 -0.0127895 2.34727e-05 -0.00812808 -0.0154162 -0.00812808 6.76644e-05)
(1.92481e-05 -0.0127852 -0.015437 -0.0127852 1.82649e-05 -0.00812766 -0.015437 -0.00812766 3.93129e-05)
(1.49551e-05 -0.0127925 -0.0154371 -0.0127925 3.00771e-05 -0.00812679 -0.0154371 -0.00812679 5.02963e-05)
(5.44655e-05 -0.0127944 -0.0154187 -0.0127944 4.07923e-05 -0.00811172 -0.0154187 -0.00811172 0.00010352)
(-6.02236e-05 -0.0128093 -0.01545 -0.0128093 5.82553e-05 -0.00810266 -0.01545 -0.00810266 0.000103614)
(6.17579e-05 -0.012796 -0.0154194 -0.012796 2.86722e-05 -0.00813516 -0.0154194 -0.00813516 5.05523e-05)
(5.81712e-05 -0.0128005 -0.0154306 -0.0128005 4.08267e-05 -0.00813607 -0.0154306 -0.00813607 2.62833e-05)
(1.07422e-05 -0.0127894 -0.0154341 -0.0127894 2.09431e-05 -0.00812654 -0.0154341 -0.00812654 3.68319e-05)
(2.68322e-05 -0.0127857 -0.0154341 -0.0127857 2.11221e-05 -0.00813163 -0.0154341 -0.00813163 3.89961e-05)
(4.20785e-05 -0.0127892 -0.0154174 -0.0127892 2.54619e-05 -0.00812624 -0.0154174 -0.00812624 9.38209e-05)
(6.93049e-05 -0.0127942 -0.0154138 -0.0127942 2.89033e-05 -0.00813248 -0.0154138 -0.00813248 0.000103088)
(2.01813e-05 -0.0127856 -0.0154283 -0.0127856 1.90931e-05 -0.00812763 -0.0154283 -0.00812763 5.31871e-05)
(1.55746e-05 -0.0127898 -0.0154233 -0.0127898 2.78797e-05 -0.00811898 -0.0154233 -0.00811898 8.2988e-05)
(7.6141e-05 -0.0128002 -0.0154179 -0.0128002 3.36451e-05 -0.00813834 -0.0154179 -0.00813834 5.9174e-05)
(4.0103e-05 -0.0127887 -0.0154193 -0.0127887 2.47373e-05 -0.00813057 -0.0154193 -0.00813057 8.5898e-05)
(7.19745e-05 -0.0127955 -0.0154143 -0.0127955 3.43553e-05 -0.00814086 -0.0154143 -0.00814086 0.000114143)
(9.43782e-05 -0.0128187 -0.0154256 -0.0128187 5.67809e-05 -0.00814172 -0.0154256 -0.00814172 3.53245e-05)
(3.00866e-05 -0.0127894 -0.0154283 -0.0127894 2.16736e-05 -0.00813139 -0.0154283 -0.00813139 3.46493e-05)
(4.625e-05 -0.0127801 -0.015438 -0.0127801 1.71701e-05 -0.00812677 -0.015438 -0.00812677 4.09538e-05)
(2.87393e-05 -0.0127896 -0.0154227 -0.0127896 2.47075e-05 -0.00812198 -0.0154227 -0.00812198 8.35224e-05)
(0.000120184 -0.0128015 -0.0154029 -0.0128015 3.29999e-05 -0.00813605 -0.0154029 -0.00813605 8.52815e-05)
(0.000103785 -0.0128005 -0.0154074 -0.0128005 3.33772e-05 -0.00813734 -0.0154074 -0.00813734 8.06447e-05)
(4.76653e-05 -0.0127943 -0.0154214 -0.0127943 3.05279e-05 -0.00812614 -0.0154214 -0.00812614 0.000114988)
(4.97004e-05 -0.0127905 -0.0154165 -0.0127905 2.60199e-05 -0.00813144 -0.0154165 -0.00813144 9.27607e-05)
(5.88797e-05 -0.012793 -0.0154157 -0.012793 2.7492e-05 -0.00813432 -0.0154157 -0.00813432 7.51227e-05)
(2.37557e-05 -0.012785 -0.0154284 -0.012785 2.14799e-05 -0.00812686 -0.0154284 -0.00812686 7.29557e-05)
(1.56541e-05 -0.0127872 -0.0154338 -0.0127872 2.01039e-05 -0.00812951 -0.0154338 -0.00812951 3.4947e-05)
(3.84912e-05 -0.0127897 -0.015434 -0.0127897 2.36125e-05 -0.00813231 -0.015434 -0.00813231 4.20107e-05)
(4.4731e-05 -0.0127878 -0.0154246 -0.0127878 2.63221e-05 -0.00813481 -0.0154246 -0.00813481 6.13959e-05)
(8.21251e-05 -0.0127958 -0.0154201 -0.0127958 5.42462e-05 -0.00815068 -0.0154201 -0.00815068 8.3566e-05)
(7.08188e-05 -0.0127967 -0.0154231 -0.0127967 2.59289e-05 -0.00813228 -0.0154231 -0.00813228 4.64557e-05)
(6.10109e-05 -0.0127923 -0.0154162 -0.0127923 2.41997e-05 -0.00812761 -0.0154162 -0.00812761 6.7236e-05)
(3.33301e-06 -0.0127913 -0.0154367 -0.0127913 2.2609e-05 -0.00812414 -0.0154367 -0.00812414 4.43355e-05)
(2.67773e-05 -0.0127902 -0.0154216 -0.0127902 2.70849e-05 -0.008121 -0.0154216 -0.008121 9.90169e-05)
(3.73087e-05 -0.0127883 -0.0154188 -0.0127883 2.20427e-05 -0.0081269 -0.0154188 -0.0081269 6.97481e-05)
(2.07964e-05 -0.0127887 -0.0154266 -0.0127887 2.07189e-05 -0.00812506 -0.0154266 -0.00812506 4.75879e-05)
(1.36217e-05 -0.0127899 -0.0154322 -0.0127899 2.2504e-05 -0.00812475 -0.0154322 -0.00812475 4.95877e-05)
(-5.23712e-07 -0.012795 -0.0154359 -0.012795 2.91615e-05 -0.00811961 -0.0154359 -0.00811961 6.26844e-05)
(3.64129e-05 -0.0127879 -0.0154215 -0.0127879 2.18996e-05 -0.00812834 -0.0154215 -0.00812834 6.71999e-05)
(4.27378e-05 -0.0127919 -0.0154279 -0.0127919 2.43894e-05 -0.00813296 -0.0154279 -0.00813296 3.96805e-05)
(5.47177e-05 -0.0127923 -0.0154185 -0.0127923 2.78604e-05 -0.00813518 -0.0154185 -0.00813518 6.36624e-05)
(5.1629e-05 -0.0127915 -0.0154159 -0.0127915 2.90979e-05 -0.00811975 -0.0154159 -0.00811975 9.53199e-05)
(6.09314e-05 -0.0127969 -0.0154202 -0.0127969 4.23821e-05 -0.00811153 -0.0154202 -0.00811153 0.000110548)
(0.000127539 -0.0128015 -0.0153993 -0.0128015 3.43467e-05 -0.00813722 -0.0153993 -0.00813722 0.000108274)
(2.54678e-05 -0.0127851 -0.0154355 -0.0127851 1.87566e-05 -0.00812513 -0.0154355 -0.00812513 5.46141e-05)
(4.90103e-05 -0.0127993 -0.0154497 -0.0127993 2.79747e-05 -0.00811697 -0.0154497 -0.00811697 6.42136e-05)
(7.94852e-05 -0.0127984 -0.0154155 -0.0127984 3.14541e-05 -0.00813662 -0.0154155 -0.00813662 6.49157e-05)
(8.57798e-05 -0.012796 -0.0154135 -0.012796 2.62953e-05 -0.00813033 -0.0154135 -0.00813033 6.81802e-05)
(5.21529e-05 -0.0127909 -0.0154176 -0.0127909 2.51744e-05 -0.00813087 -0.0154176 -0.00813087 7.99774e-05)
(2.63242e-05 -0.0127872 -0.0154241 -0.0127872 2.01977e-05 -0.00812581 -0.0154241 -0.00812581 6.79332e-05)
(3.15698e-05 -0.0127879 -0.0154204 -0.0127879 2.27452e-05 -0.00812539 -0.0154204 -0.00812539 8.19448e-05)
(2.14807e-05 -0.0127953 -0.0154273 -0.0127953 4.85283e-05 -0.00810899 -0.0154273 -0.00810899 9.83861e-05)
(-7.18799e-05 -0.0128083 -0.0154508 -0.0128083 5.50988e-05 -0.00810373 -0.0154508 -0.00810373 0.000103762)
(-5.47166e-06 -0.0127928 -0.0154373 -0.0127928 2.64976e-05 -0.00812352 -0.0154373 -0.00812352 5.09793e-05)
(4.40743e-05 -0.0127929 -0.0154555 -0.0127929 2.65434e-05 -0.00813435 -0.0154555 -0.00813435 5.07239e-05)
(2.77086e-05 -0.0127881 -0.0154292 -0.0127881 1.97679e-05 -0.00812724 -0.0154292 -0.00812724 5.19318e-05)
(5.60137e-05 -0.01279 -0.0154117 -0.01279 2.73701e-05 -0.00812426 -0.0154117 -0.00812426 9.75416e-05)
(0.00011315 -0.0128161 -0.0154111 -0.0128161 5.95827e-05 -0.00815121 -0.0154111 -0.00815121 7.55109e-05)
(2.12492e-05 -0.0127897 -0.0154222 -0.0127897 2.66966e-05 -0.0081185 -0.0154222 -0.0081185 8.42177e-05)
(-2.51454e-05 -0.0127976 -0.0154379 -0.0127976 3.71568e-05 -0.00811317 -0.0154379 -0.00811317 7.98425e-05)
(3.02617e-05 -0.0127878 -0.0154297 -0.0127878 2.10757e-05 -0.00812976 -0.0154297 -0.00812976 4.56103e-05)
(5.22303e-05 -0.012797 -0.0154255 -0.012797 3.1272e-05 -0.00813651 -0.0154255 -0.00813651 3.93333e-05)
(2.02812e-05 -0.0127917 -0.0154234 -0.0127917 2.96425e-05 -0.00811353 -0.0154234 -0.00811353 9.39895e-05)
(1.26387e-05 -0.0127904 -0.0154298 -0.0127904 2.63251e-05 -0.00812299 -0.0154298 -0.00812299 5.58753e-05)
(2.80244e-05 -0.0127857 -0.0154286 -0.0127857 2.03621e-05 -0.00813029 -0.0154286 -0.00813029 4.77451e-05)
(5.47305e-05 -0.0127914 -0.0154161 -0.0127914 2.83951e-05 -0.00813519 -0.0154161 -0.00813519 9.37369e-05)
(8.98274e-05 -0.0127952 -0.0154052 -0.0127952 3.25886e-05 -0.00813626 -0.0154052 -0.00813626 0.000107784)
(5.02816e-05 -0.0127898 -0.0154168 -0.0127898 3.0668e-05 -0.00813809 -0.0154168 -0.00813809 0.000100299)
(4.32912e-05 -0.0127913 -0.0154294 -0.0127913 2.97733e-05 -0.00813299 -0.0154294 -0.00813299 0.000121199)
(2.06238e-06 -0.0127975 -0.0154324 -0.0127975 3.61354e-05 -0.00811312 -0.0154324 -0.00811312 0.000103248)
(-2.01646e-06 -0.012793 -0.0154346 -0.012793 3.30698e-05 -0.00812349 -0.0154346 -0.00812349 5.5347e-05)
(5.26236e-05 -0.0127958 -0.0154232 -0.0127958 2.72621e-05 -0.0081342 -0.0154232 -0.0081342 3.87616e-05)
(6.03272e-05 -0.0127925 -0.0154424 -0.0127925 3.18809e-05 -0.00813206 -0.0154424 -0.00813206 5.3055e-05)
(4.70112e-05 -0.0127807 -0.015435 -0.0127807 2.6488e-05 -0.00812901 -0.015435 -0.00812901 2.81115e-05)
(-9.31469e-06 -0.0128003 -0.0154468 -0.0128003 4.10954e-05 -0.00812971 -0.0154468 -0.00812971 4.94765e-05)
(3.5178e-05 -0.0127914 -0.0154309 -0.0127914 3.04958e-05 -0.00812544 -0.0154309 -0.00812544 5.75605e-05)
(3.27445e-05 -0.0127915 -0.0154211 -0.0127915 2.85579e-05 -0.00811801 -0.0154211 -0.00811801 7.9056e-05)
(1.17813e-06 -0.012798 -0.0154447 -0.012798 3.14405e-05 -0.00811479 -0.0154447 -0.00811479 0.000105069)
(-1.41837e-06 -0.0127936 -0.0154346 -0.0127936 2.79615e-05 -0.00811565 -0.0154346 -0.00811565 9.42249e-05)
(9.06144e-05 -0.0128028 -0.0154114 -0.0128028 3.74069e-05 -0.00814131 -0.0154114 -0.00814131 7.22854e-05)
(9.32587e-05 -0.0127971 -0.0154239 -0.0127971 2.70724e-05 -0.00813287 -0.0154239 -0.00813287 5.08292e-05)
(4.88378e-05 -0.0127919 -0.0154297 -0.0127919 2.43147e-05 -0.00812961 -0.0154297 -0.00812961 4.12522e-05)
(-6.17187e-05 -0.0128054 -0.015446 -0.0128054 4.92244e-05 -0.00810529 -0.015446 -0.00810529 8.86873e-05)
(4.39386e-05 -0.012792 -0.0154303 -0.012792 3.02527e-05 -0.0081349 -0.0154303 -0.0081349 3.08054e-05)
(8.99876e-05 -0.0128159 -0.0154243 -0.0128159 6.43853e-05 -0.0081464 -0.0154243 -0.0081464 3.94851e-05)
(-2.22891e-05 -0.0127993 -0.0154374 -0.0127993 4.00229e-05 -0.00811012 -0.0154374 -0.00811012 8.89609e-05)
(4.91198e-06 -0.0127911 -0.0154295 -0.0127911 2.70508e-05 -0.00811866 -0.0154295 -0.00811866 9.99255e-05)
(1.71171e-05 -0.0127872 -0.0154287 -0.0127872 2.14736e-05 -0.00812694 -0.0154287 -0.00812694 4.98394e-05)
(1.51645e-05 -0.0127895 -0.0154375 -0.0127895 2.31379e-05 -0.00812963 -0.0154375 -0.00812963 4.1527e-05)
(6.22415e-05 -0.0128038 -0.0154274 -0.0128038 4.42141e-05 -0.00813973 -0.0154274 -0.00813973 3.41483e-05)
(0.000113173 -0.0128021 -0.0154299 -0.0128021 3.0308e-05 -0.00813448 -0.0154299 -0.00813448 4.42104e-05)
(8.51822e-05 -0.0127939 -0.0154096 -0.0127939 2.65279e-05 -0.00812876 -0.0154096 -0.00812876 7.36022e-05)
(4.36295e-05 -0.0127852 -0.0154278 -0.0127852 2.37965e-05 -0.00813335 -0.0154278 -0.00813335 6.42911e-05)
(-8.7247e-05 -0.0128186 -0.0154538 -0.0128186 6.2155e-05 -0.00811094 -0.0154538 -0.00811094 7.05868e-05)
(-6.52221e-07 -0.0127912 -0.0154353 -0.0127912 2.48986e-05 -0.0081226 -0.0154353 -0.0081226 5.4725e-05)
(5.44988e-05 -0.0127932 -0.0154336 -0.0127932 2.77552e-05 -0.00813432 -0.0154336 -0.00813432 4.11376e-05)
(3.30843e-05 -0.0127881 -0.0154234 -0.0127881 2.1926e-05 -0.00812743 -0.0154234 -0.00812743 6.45742e-05)
(5.10841e-05 -0.012792 -0.0154218 -0.012792 2.41339e-05 -0.00813175 -0.0154218 -0.00813175 5.44311e-05)
(9.1821e-05 -0.0128021 -0.0154146 -0.0128021 3.52075e-05 -0.00813872 -0.0154146 -0.00813872 6.51808e-05)
(7.24877e-05 -0.0127888 -0.0154237 -0.0127888 4.57447e-05 -0.00814893 -0.0154237 -0.00814893 9.15805e-05)
(5.00366e-06 -0.012787 -0.015431 -0.012787 2.03307e-05 -0.00812307 -0.015431 -0.00812307 5.92989e-05)
(0.000115315 -0.0128109 -0.0154445 -0.0128109 3.57647e-05 -0.00813562 -0.0154445 -0.00813562 4.13616e-05)
(0.00011652 -0.0128077 -0.0154138 -0.0128077 3.44704e-05 -0.00813632 -0.0154138 -0.00813632 5.58026e-05)
(-7.58864e-06 -0.0127992 -0.0154447 -0.0127992 3.53641e-05 -0.00812078 -0.0154447 -0.00812078 0.000122778)
(-2.87576e-05 -0.0127977 -0.0154391 -0.0127977 3.38831e-05 -0.00811111 -0.0154391 -0.00811111 8.552e-05)
(-7.28574e-06 -0.0127965 -0.0154401 -0.0127965 2.968e-05 -0.00811992 -0.0154401 -0.00811992 6.00822e-05)
(2.90721e-05 -0.0127878 -0.0154321 -0.0127878 2.03445e-05 -0.00812771 -0.0154321 -0.00812771 5.306e-05)
(6.97825e-05 -0.0127935 -0.0154107 -0.0127935 2.69953e-05 -0.00813259 -0.0154107 -0.00813259 8.69268e-05)
(8.71475e-05 -0.0127954 -0.015425 -0.0127954 2.58008e-05 -0.00812982 -0.015425 -0.00812982 4.96344e-05)
(-8.74816e-06 -0.0127981 -0.0154377 -0.0127981 6.4075e-05 -0.00810789 -0.0154377 -0.00810789 8.30251e-05)
(-5.34841e-05 -0.0128084 -0.0154511 -0.0128084 4.9062e-05 -0.00810553 -0.0154511 -0.00810553 0.000104516)
(2.89384e-05 -0.0127935 -0.0154211 -0.0127935 3.25151e-05 -0.00811809 -0.0154211 -0.00811809 0.000110091)
(6.77646e-05 -0.0128017 -0.0154251 -0.0128017 4.42722e-05 -0.00814152 -0.0154251 -0.00814152 4.05238e-05)
(0.000158525 -0.0128062 -0.0154017 -0.0128062 3.45018e-05 -0.00813549 -0.0154017 -0.00813549 7.18383e-05)
(0.000130172 -0.012795 -0.0153986 -0.012795 2.97781e-05 -0.00812525 -0.0153986 -0.00812525 9.20763e-05)
(1.12788e-05 -0.0127887 -0.015429 -0.0127887 2.21273e-05 -0.00812192 -0.015429 -0.00812192 6.43209e-05)
(1.54167e-05 -0.0127857 -0.0154288 -0.0127857 1.82444e-05 -0.00812748 -0.0154288 -0.00812748 4.57857e-05)
(3.16111e-05 -0.012785 -0.0154255 -0.012785 2.31383e-05 -0.00813225 -0.0154255 -0.00813225 7.59221e-05)
(-0.000120735 -0.0128216 -0.0154599 -0.0128216 6.88361e-05 -0.00810414 -0.0154599 -0.00810414 8.66823e-05)
(-8.99764e-05 -0.0128136 -0.0154574 -0.0128136 6.56829e-05 -0.00810318 -0.0154574 -0.00810318 0.000105002)
(0.000125751 -0.012795 -0.0153983 -0.012795 3.23627e-05 -0.00812562 -0.0153983 -0.00812562 0.000113218)
(0.000141457 -0.0128068 -0.0154106 -0.0128068 3.30902e-05 -0.00813492 -0.0154106 -0.00813492 5.99082e-05)
(4.34521e-05 -0.0127883 -0.0154199 -0.0127883 2.67604e-05 -0.00813262 -0.0154199 -0.00813262 8.87454e-05)
(9.28063e-06 -0.0127942 -0.0154434 -0.0127942 2.64931e-05 -0.00811617 -0.0154434 -0.00811617 8.0645e-05)
(7.33507e-05 -0.0127967 -0.0154173 -0.0127967 2.72752e-05 -0.00813315 -0.0154173 -0.00813315 5.70786e-05)
(4.72236e-05 -0.0127951 -0.0154253 -0.0127951 3.22487e-05 -0.00813802 -0.0154253 -0.00813802 4.26071e-05)
(2.60957e-05 -0.0127862 -0.0154214 -0.0127862 2.24886e-05 -0.00812844 -0.0154214 -0.00812844 7.65933e-05)
(7.58015e-05 -0.0127907 -0.0154068 -0.0127907 2.93084e-05 -0.00812853 -0.0154068 -0.00812853 9.83375e-05)
(2.45031e-05 -0.012785 -0.0154343 -0.012785 2.11404e-05 -0.00812459 -0.0154343 -0.00812459 6.76694e-05)
(2.9801e-05 -0.0127858 -0.0154234 -0.0127858 2.52908e-05 -0.00813299 -0.0154234 -0.00813299 9.35278e-05)
(0.000111868 -0.0128039 -0.015406 -0.0128039 3.74632e-05 -0.00814068 -0.015406 -0.00814068 8.64278e-05)
(0.000104969 -0.0128161 -0.0154152 -0.0128161 8.49432e-05 -0.00815437 -0.0154152 -0.00815437 6.71068e-05)
(0.000119678 -0.0128271 -0.0154069 -0.0128271 8.68557e-05 -0.00815609 -0.0154069 -0.00815609 8.003e-05)
(5.55129e-05 -0.0127987 -0.0154261 -0.0127987 3.31465e-05 -0.00813677 -0.0154261 -0.00813677 3.39506e-05)
(2.69239e-05 -0.0127934 -0.0154454 -0.0127934 2.60361e-05 -0.0081175 -0.0154454 -0.0081175 7.74827e-05)
(2.24802e-05 -0.0127837 -0.0154275 -0.0127837 2.19645e-05 -0.00812899 -0.0154275 -0.00812899 8.01642e-05)
(4.22776e-05 -0.0127909 -0.0154297 -0.0127909 2.19347e-05 -0.008131 -0.0154297 -0.008131 4.12882e-05)
(4.70768e-05 -0.0127907 -0.0154259 -0.0127907 2.36762e-05 -0.00812786 -0.0154259 -0.00812786 5.41678e-05)
(6.64124e-05 -0.0127885 -0.0154296 -0.0127885 4.87957e-05 -0.00814246 -0.0154296 -0.00814246 4.05279e-05)
(4.14165e-05 -0.0127896 -0.0154223 -0.0127896 2.26907e-05 -0.00812577 -0.0154223 -0.00812577 5.59064e-05)
(8.27563e-06 -0.0127938 -0.0154269 -0.0127938 4.37698e-05 -0.00810936 -0.0154269 -0.00810936 9.4729e-05)
(-6.02515e-06 -0.0127917 -0.0154305 -0.0127917 2.86131e-05 -0.00811657 -0.0154305 -0.00811657 8.91938e-05)
(9.18744e-05 -0.0128271 -0.0154262 -0.0128271 8.91299e-05 -0.00814886 -0.0154262 -0.00814886 3.80529e-05)
(0.000117713 -0.0128098 -0.01541 -0.0128098 4.61169e-05 -0.00814515 -0.01541 -0.00814515 7.76805e-05)
(3.5644e-05 -0.0127868 -0.0154208 -0.0127868 2.50001e-05 -0.00813113 -0.0154208 -0.00813113 8.53406e-05)
(1.53714e-05 -0.0127853 -0.0154298 -0.0127853 2.09059e-05 -0.00812516 -0.0154298 -0.00812516 6.61458e-05)
(-3.92542e-06 -0.0127936 -0.0154342 -0.0127936 2.96605e-05 -0.00811812 -0.0154342 -0.00811812 7.26436e-05)
(2.47838e-05 -0.0127871 -0.0154178 -0.0127871 2.48773e-05 -0.00812172 -0.0154178 -0.00812172 9.17432e-05)
(0.000133283 -0.0127912 -0.0153968 -0.0127912 2.96688e-05 -0.00812296 -0.0153968 -0.00812296 9.50875e-05)
(8.46873e-05 -0.0127984 -0.015419 -0.0127984 2.8654e-05 -0.00813391 -0.015419 -0.00813391 5.53603e-05)
(6.16685e-05 -0.0127801 -0.0154326 -0.0127801 3.37001e-05 -0.00813907 -0.0154326 -0.00813907 4.6556e-05)
(3.64509e-05 -0.0127891 -0.0154438 -0.0127891 2.18407e-05 -0.00812007 -0.0154438 -0.00812007 7.82011e-05)
(4.27216e-05 -0.0127872 -0.0154273 -0.0127872 3.00543e-05 -0.00813816 -0.0154273 -0.00813816 5.22611e-05)
(1.56843e-06 -0.0127913 -0.0154276 -0.0127913 3.70643e-05 -0.0081157 -0.0154276 -0.0081157 8.33786e-05)
(8.75562e-05 -0.0128225 -0.0154198 -0.0128225 8.74323e-05 -0.0081527 -0.0154198 -0.0081527 5.21524e-05)
(8.02063e-05 -0.0128076 -0.015424 -0.0128076 7.38512e-05 -0.008149 -0.015424 -0.008149 4.88806e-05)
(5.21298e-05 -0.0127851 -0.0154281 -0.0127851 2.57451e-05 -0.00813469 -0.0154281 -0.00813469 6.09464e-05)
(7.97691e-05 -0.0128049 -0.0154203 -0.0128049 4.65892e-05 -0.00814492 -0.0154203 -0.00814492 5.74374e-05)
(7.8785e-05 -0.0127934 -0.0154185 -0.0127934 2.63289e-05 -0.00812732 -0.0154185 -0.00812732 6.1667e-05)
(-3.33709e-05 -0.012804 -0.0154442 -0.012804 4.3193e-05 -0.00811264 -0.0154442 -0.00811264 7.61799e-05)
(3.72479e-05 -0.01279 -0.0154235 -0.01279 3.07096e-05 -0.00813722 -0.0154235 -0.00813722 0.000121585)
(5.8575e-05 -0.0127912 -0.0154139 -0.0127912 2.58273e-05 -0.00812959 -0.0154139 -0.00812959 8.40135e-05)
(0.000100232 -0.0128163 -0.0154223 -0.0128163 8.98694e-05 -0.00815138 -0.0154223 -0.00815138 4.38251e-05)
(1.4915e-05 -0.01279 -0.0154256 -0.01279 2.53611e-05 -0.0081194 -0.0154256 -0.0081194 8.50354e-05)
(-3.91906e-06 -0.012793 -0.0154305 -0.012793 2.99318e-05 -0.00811496 -0.0154305 -0.00811496 8.79082e-05)
(8.20562e-05 -0.012799 -0.0154206 -0.012799 5.09355e-05 -0.00814826 -0.0154206 -0.00814826 7.29197e-05)
(4.00348e-05 -0.0127944 -0.0154215 -0.0127944 3.23789e-05 -0.00812017 -0.0154215 -0.00812017 0.000109977)
(5.94179e-05 -0.0127925 -0.0154178 -0.0127925 2.91527e-05 -0.00813329 -0.0154178 -0.00813329 0.000108409)
(1.01414e-05 -0.0127903 -0.0154299 -0.0127903 2.31031e-05 -0.00811924 -0.0154299 -0.00811924 7.31969e-05)
(-0.000136812 -0.0128183 -0.0154556 -0.0128183 8.14335e-05 -0.00810705 -0.0154556 -0.00810705 8.06073e-05)
(4.09024e-05 -0.0127882 -0.0154224 -0.0127882 2.26586e-05 -0.00812922 -0.0154224 -0.00812922 6.75477e-05)
(2.30124e-05 -0.0127919 -0.0154367 -0.0127919 2.34515e-05 -0.0081259 -0.0154367 -0.0081259 5.2563e-05)
(5.83444e-05 -0.0127905 -0.0154129 -0.0127905 2.54603e-05 -0.00812429 -0.0154129 -0.00812429 8.57791e-05)
(0.000113702 -0.0128277 -0.0154044 -0.0128277 9.17589e-05 -0.00815676 -0.0154044 -0.00815676 8.67688e-05)
(1.77866e-05 -0.0127867 -0.0154233 -0.0127867 2.21158e-05 -0.00812392 -0.0154233 -0.00812392 8.04875e-05)
(6.59925e-06 -0.0127919 -0.0154283 -0.0127919 2.83531e-05 -0.0081169 -0.0154283 -0.0081169 8.08471e-05)
(1.52124e-05 -0.0127912 -0.0154252 -0.0127912 3.14924e-05 -0.00811748 -0.0154252 -0.00811748 8.02894e-05)
(1.76419e-05 -0.0127854 -0.0154315 -0.0127854 2.06278e-05 -0.00812541 -0.0154315 -0.00812541 6.31163e-05)
(6.53217e-05 -0.0127901 -0.0154088 -0.0127901 2.79455e-05 -0.0081239 -0.0154088 -0.0081239 0.000101314)
(0.000122081 -0.01279 -0.0154217 -0.01279 5.09229e-05 -0.00811993 -0.0154217 -0.00811993 7.8225e-05)
(3.17363e-05 -0.0127872 -0.0154306 -0.0127872 2.18116e-05 -0.00813178 -0.0154306 -0.00813178 3.87465e-05)
(4.17736e-06 -0.0127997 -0.0154449 -0.0127997 3.04554e-05 -0.00811787 -0.0154449 -0.00811787 6.48164e-05)
(3.67297e-05 -0.0127897 -0.0154424 -0.0127897 2.40035e-05 -0.00813295 -0.0154424 -0.00813295 3.92742e-05)
(8.86564e-05 -0.0128218 -0.0154236 -0.0128218 8.13742e-05 -0.00815013 -0.0154236 -0.00815013 4.28484e-05)
(7.6967e-05 -0.0127965 -0.0154213 -0.0127965 4.33509e-05 -0.00814456 -0.0154213 -0.00814456 6.737e-05)
(6.15685e-05 -0.0127935 -0.0154301 -0.0127935 3.26659e-05 -0.00813575 -0.0154301 -0.00813575 3.87833e-05)
(3.42973e-05 -0.0127886 -0.0154226 -0.0127886 2.24231e-05 -0.00813062 -0.0154226 -0.00813062 5.70704e-05)
(2.83208e-05 -0.0127884 -0.0154193 -0.0127884 2.5389e-05 -0.00812012 -0.0154193 -0.00812012 7.53963e-05)
(8.62701e-05 -0.0127997 -0.0154122 -0.0127997 3.54513e-05 -0.00814002 -0.0154122 -0.00814002 7.52216e-05)
(6.14486e-05 -0.0127865 -0.0154247 -0.0127865 3.14043e-05 -0.00813933 -0.0154247 -0.00813933 7.18768e-05)
(4.21746e-05 -0.012787 -0.0154297 -0.012787 2.31947e-05 -0.00813239 -0.0154297 -0.00813239 4.32014e-05)
(8.96836e-05 -0.0128047 -0.0154141 -0.0128047 5.13503e-05 -0.00815047 -0.0154141 -0.00815047 8.98626e-05)
(2.7126e-06 -0.0127897 -0.0154293 -0.0127897 2.58779e-05 -0.00812003 -0.0154293 -0.00812003 7.00324e-05)
(5.56078e-05 -0.0127902 -0.0154261 -0.0127902 2.80743e-05 -0.00813542 -0.0154261 -0.00813542 5.71083e-05)
(5.0412e-05 -0.0127863 -0.0154328 -0.0127863 2.12766e-05 -0.00812675 -0.0154328 -0.00812675 6.93303e-05)
(9.72815e-05 -0.0128033 -0.0154132 -0.0128033 4.30486e-05 -0.00814426 -0.0154132 -0.00814426 7.85456e-05)
(1.44663e-05 -0.0127909 -0.0154428 -0.0127909 2.56536e-05 -0.00813245 -0.0154428 -0.00813245 4.1673e-05)
(-4.41391e-06 -0.0127978 -0.0154444 -0.0127978 3.97063e-05 -0.00812797 -0.0154444 -0.00812797 5.13893e-05)
(6.59534e-05 -0.0127942 -0.0154223 -0.0127942 2.47925e-05 -0.00813104 -0.0154223 -0.00813104 5.05054e-05)
(3.86969e-05 -0.0127841 -0.0154327 -0.0127841 2.99329e-05 -0.00813114 -0.0154327 -0.00813114 2.45068e-05)
(5.2853e-05 -0.0127942 -0.0154221 -0.0127942 2.72156e-05 -0.00813484 -0.0154221 -0.00813484 5.26337e-05)
(6.79421e-05 -0.0127942 -0.0154143 -0.0127942 2.76724e-05 -0.0081335 -0.0154143 -0.0081335 7.55694e-05)
(7.57425e-05 -0.0128029 -0.0154214 -0.0128029 4.64432e-05 -0.00814515 -0.0154214 -0.00814515 5.78546e-05)
(7.45297e-05 -0.0127975 -0.015416 -0.0127975 2.77961e-05 -0.00813369 -0.015416 -0.00813369 5.84485e-05)
(-5.71763e-06 -0.0127902 -0.0154322 -0.0127902 2.4526e-05 -0.0081183 -0.0154322 -0.0081183 7.12636e-05)
(2.5623e-05 -0.0127893 -0.0154234 -0.0127893 2.27292e-05 -0.00812175 -0.0154234 -0.00812175 7.50269e-05)
(6.85895e-05 -0.0127943 -0.0154121 -0.0127943 2.73896e-05 -0.00813352 -0.0154121 -0.00813352 7.59774e-05)
(4.5243e-05 -0.0127887 -0.0154163 -0.0127887 2.82664e-05 -0.00811788 -0.0154163 -0.00811788 8.27754e-05)
(7.34196e-05 -0.0127946 -0.015417 -0.0127946 3.46039e-05 -0.00811459 -0.015417 -0.00811459 8.82543e-05)
(1.15108e-06 -0.0127911 -0.0154343 -0.0127911 2.42728e-05 -0.00811813 -0.0154343 -0.00811813 7.27122e-05)
(7.6062e-06 -0.012785 -0.0154276 -0.012785 2.01469e-05 -0.00812625 -0.0154276 -0.00812625 5.29898e-05)
(2.40366e-05 -0.0127949 -0.0154506 -0.0127949 3.70006e-05 -0.00813495 -0.0154506 -0.00813495 5.26933e-05)
(-6.2858e-05 -0.0128126 -0.0154519 -0.0128126 5.4135e-05 -0.00811937 -0.0154519 -0.00811937 5.48103e-05)
(-3.59794e-06 -0.012797 -0.0154317 -0.012797 4.46883e-05 -0.0081079 -0.0154317 -0.0081079 9.73157e-05)
(3.02036e-05 -0.0127944 -0.0154259 -0.0127944 3.81749e-05 -0.00811497 -0.0154259 -0.00811497 8.2454e-05)
(2.67229e-05 -0.0127891 -0.0154337 -0.0127891 2.05552e-05 -0.0081303 -0.0154337 -0.0081303 3.30024e-05)
(9.02386e-05 -0.0128063 -0.0154174 -0.0128063 6.45685e-05 -0.00815408 -0.0154174 -0.00815408 8.11232e-05)
(5.11516e-05 -0.0127899 -0.0154191 -0.0127899 2.66635e-05 -0.00813387 -0.0154191 -0.00813387 7.93125e-05)
(4.13714e-05 -0.0127901 -0.0154189 -0.0127901 2.89581e-05 -0.00811931 -0.0154189 -0.00811931 7.55668e-05)
(5.50598e-05 -0.012791 -0.0154147 -0.012791 3.15355e-05 -0.00813871 -0.0154147 -0.00813871 0.000100093)
(6.61484e-05 -0.0127934 -0.0154232 -0.0127934 4.29183e-05 -0.00814478 -0.0154232 -0.00814478 6.24565e-05)
(2.38265e-05 -0.0127877 -0.0154225 -0.0127877 2.56317e-05 -0.00812667 -0.0154225 -0.00812667 0.000100276)
(-1.77431e-05 -0.0127968 -0.0154427 -0.0127968 3.26846e-05 -0.00811532 -0.0154427 -0.00811532 0.000105463)
(6.20361e-05 -0.0127935 -0.0154311 -0.0127935 2.53818e-05 -0.00813244 -0.0154311 -0.00813244 5.24179e-05)
(7.11321e-05 -0.0127926 -0.0154147 -0.0127926 2.50196e-05 -0.00812619 -0.0154147 -0.00812619 7.42021e-05)
(2.75466e-05 -0.0127892 -0.0154205 -0.0127892 2.4043e-05 -0.00812086 -0.0154205 -0.00812086 8.85016e-05)
(4.66917e-05 -0.0127916 -0.015425 -0.0127916 2.7544e-05 -0.00812181 -0.015425 -0.00812181 6.15285e-05)
(5.8458e-05 -0.0127916 -0.0154185 -0.0127916 3.02546e-05 -0.0081367 -0.0154185 -0.0081367 0.000102549)
(0.000116969 -0.0128104 -0.0154049 -0.0128104 5.96975e-05 -0.00815571 -0.0154049 -0.00815571 0.000123166)
(8.96593e-05 -0.0128082 -0.01542 -0.0128082 4.03174e-05 -0.00813995 -0.01542 -0.00813995 4.43651e-05)
(-8.40666e-06 -0.0128048 -0.0154441 -0.0128048 3.35733e-05 -0.008124 -0.0154441 -0.008124 3.91651e-05)
(-8.29789e-06 -0.0127905 -0.0154327 -0.0127905 2.60994e-05 -0.00811874 -0.0154327 -0.00811874 7.00689e-05)
(0.00011266 -0.0128076 -0.0154104 -0.0128076 4.11426e-05 -0.00814237 -0.0154104 -0.00814237 6.91828e-05)
(8.44568e-05 -0.0128018 -0.0154224 -0.0128018 2.82346e-05 -0.00813296 -0.0154224 -0.00813296 4.51279e-05)
(2.91189e-05 -0.0127924 -0.0154291 -0.0127924 3.03658e-05 -0.008121 -0.0154291 -0.008121 5.27749e-05)
(-7.90101e-06 -0.0127951 -0.0154324 -0.0127951 5.24517e-05 -0.00810448 -0.0154324 -0.00810448 9.33189e-05)
(7.60746e-05 -0.0127892 -0.0154081 -0.0127892 2.88342e-05 -0.0081188 -0.0154081 -0.0081188 8.60024e-05)
(1.25471e-05 -0.0127913 -0.0154271 -0.0127913 2.93275e-05 -0.00811859 -0.0154271 -0.00811859 7.23516e-05)
(2.15442e-05 -0.0127851 -0.0154287 -0.0127851 1.89242e-05 -0.00812892 -0.0154287 -0.00812892 4.78413e-05)
(-3.82183e-05 -0.0128061 -0.0154464 -0.0128061 4.20697e-05 -0.00812073 -0.0154464 -0.00812073 5.28173e-05)
(8.01398e-06 -0.0127981 -0.0154408 -0.0127981 3.56596e-05 -0.00812339 -0.0154408 -0.00812339 5.69059e-05)
(5.04516e-05 -0.0127911 -0.0154298 -0.0127911 2.59177e-05 -0.00813338 -0.0154298 -0.00813338 4.27869e-05)
(4.01463e-05 -0.0127904 -0.0154174 -0.0127904 2.89374e-05 -0.00812853 -0.0154174 -0.00812853 0.000112009)
(8.60517e-05 -0.0127973 -0.0154103 -0.0127973 2.94317e-05 -0.00813467 -0.0154103 -0.00813467 7.50996e-05)
(5.63825e-05 -0.012791 -0.0154169 -0.012791 2.89416e-05 -0.00813629 -0.0154169 -0.00813629 8.97795e-05)
(2.36809e-06 -0.0127933 -0.0154426 -0.0127933 2.58473e-05 -0.00812954 -0.0154426 -0.00812954 4.11313e-05)
(4.40512e-05 -0.0127918 -0.0154418 -0.0127918 2.55207e-05 -0.00813302 -0.0154418 -0.00813302 4.56152e-05)
(9.99089e-05 -0.0127968 -0.0154043 -0.0127968 3.01575e-05 -0.00813298 -0.0154043 -0.00813298 8.96526e-05)
(7.79486e-06 -0.0127898 -0.0154271 -0.0127898 2.56228e-05 -0.00811846 -0.0154271 -0.00811846 9.42126e-05)
(2.93005e-05 -0.0127813 -0.0154308 -0.0127813 2.39299e-05 -0.00813538 -0.0154308 -0.00813538 4.78402e-05)
(5.78624e-05 -0.0127915 -0.0154182 -0.0127915 2.617e-05 -0.00813275 -0.0154182 -0.00813275 6.32469e-05)
(7.08248e-05 -0.0127956 -0.0154213 -0.0127956 2.5793e-05 -0.00813214 -0.0154213 -0.00813214 4.8896e-05)
(5.22347e-05 -0.0127945 -0.0154356 -0.0127945 2.55799e-05 -0.00813324 -0.0154356 -0.00813324 3.68919e-05)
(8.29094e-05 -0.0127959 -0.0154178 -0.0127959 2.60817e-05 -0.00812902 -0.0154178 -0.00812902 6.378e-05)
(3.27754e-06 -0.0127885 -0.0154342 -0.0127885 2.15306e-05 -0.00811991 -0.0154342 -0.00811991 7.19869e-05)
(1.52535e-05 -0.0128004 -0.0154481 -0.0128004 2.75571e-05 -0.00811804 -0.0154481 -0.00811804 4.88751e-05)
(8.66579e-05 -0.0128014 -0.0154172 -0.0128014 5.34844e-05 -0.0081504 -0.0154172 -0.0081504 8.80211e-05)
(9.0957e-05 -0.012801 -0.0154112 -0.012801 3.40878e-05 -0.00813859 -0.0154112 -0.00813859 8.00176e-05)
(6.21483e-05 -0.0127999 -0.015429 -0.0127999 3.01411e-05 -0.00813465 -0.015429 -0.00813465 3.51928e-05)
(7.33804e-05 -0.0128032 -0.01542 -0.0128032 4.30843e-05 -0.00814403 -0.01542 -0.00814403 5.93183e-05)
(4.19553e-05 -0.0127898 -0.0154206 -0.0127898 2.21345e-05 -0.00812807 -0.0154206 -0.00812807 5.86578e-05)
(3.55926e-05 -0.012788 -0.0154251 -0.012788 2.29149e-05 -0.00813011 -0.0154251 -0.00813011 5.26132e-05)
(3.0626e-05 -0.012788 -0.015421 -0.012788 2.49377e-05 -0.00812535 -0.015421 -0.00812535 8.55071e-05)
(-7.81104e-06 -0.0127974 -0.0154334 -0.0127974 4.95412e-05 -0.00811068 -0.0154334 -0.00811068 8.50828e-05)
(4.09038e-05 -0.0127905 -0.0154261 -0.0127905 2.23497e-05 -0.00813019 -0.0154261 -0.00813019 4.25272e-05)
(2.91628e-06 -0.0127938 -0.0154259 -0.0127938 4.05821e-05 -0.00811028 -0.0154259 -0.00811028 9.51658e-05)
(-4.14018e-06 -0.0127951 -0.015439 -0.0127951 2.8223e-05 -0.00812364 -0.015439 -0.00812364 4.85815e-05)
(5.44968e-06 -0.0127978 -0.0154433 -0.0127978 2.71294e-05 -0.00812785 -0.0154433 -0.00812785 3.80747e-05)
(-1.29543e-05 -0.0127981 -0.0154379 -0.0127981 5.06647e-05 -0.00811514 -0.0154379 -0.00811514 7.64063e-05)
(0.000123498 -0.0128053 -0.0154016 -0.0128053 4.06993e-05 -0.00814407 -0.0154016 -0.00814407 0.000101654)
(6.74713e-05 -0.0127998 -0.015426 -0.0127998 3.19111e-05 -0.00813599 -0.015426 -0.00813599 3.93493e-05)
(-2.3831e-05 -0.0128055 -0.0154461 -0.0128055 3.86039e-05 -0.00812209 -0.0154461 -0.00812209 5.16348e-05)
(-1.58693e-05 -0.0127993 -0.015442 -0.0127993 3.49141e-05 -0.00811384 -0.015442 -0.00811384 0.000105528)
(9.27124e-07 -0.0127923 -0.0154255 -0.0127923 3.4981e-05 -0.00811146 -0.0154255 -0.00811146 8.90199e-05)
(5.93861e-05 -0.0128022 -0.0154494 -0.0128022 4.26482e-05 -0.00813035 -0.0154494 -0.00813035 3.76161e-05)
(4.75564e-05 -0.0127939 -0.015438 -0.0127939 2.6942e-05 -0.00813097 -0.015438 -0.00813097 4.52174e-05)
(3.16086e-05 -0.0127866 -0.0154348 -0.0127866 2.06071e-05 -0.00813047 -0.0154348 -0.00813047 3.808e-05)
(4.44293e-05 -0.0127887 -0.0154223 -0.0127887 2.59718e-05 -0.00813257 -0.0154223 -0.00813257 9.28144e-05)
(0.000113001 -0.0128159 -0.0154141 -0.0128159 5.97279e-05 -0.00814876 -0.0154141 -0.00814876 6.82903e-05)
(5.25767e-05 -0.0127933 -0.0154302 -0.0127933 2.60656e-05 -0.00813291 -0.0154302 -0.00813291 3.56265e-05)
(2.47663e-05 -0.0127821 -0.0154298 -0.0127821 2.01083e-05 -0.00813046 -0.0154298 -0.00813046 6.06477e-05)
(3.42132e-05 -0.0127874 -0.0154353 -0.0127874 2.26959e-05 -0.00813175 -0.0154353 -0.00813175 3.33337e-05)
(3.10646e-05 -0.0127906 -0.0154258 -0.0127906 2.59094e-05 -0.00812252 -0.0154258 -0.00812252 6.75261e-05)
(8.0745e-05 -0.0127959 -0.0154104 -0.0127959 3.42929e-05 -0.00814001 -0.0154104 -0.00814001 0.000111677)
(9.46357e-05 -0.0127996 -0.0154136 -0.0127996 5.01751e-05 -0.00815141 -0.0154136 -0.00815141 0.000113213)
(4.73385e-05 -0.0127913 -0.0154277 -0.0127913 2.31661e-05 -0.0081291 -0.0154277 -0.0081291 5.22781e-05)
(-6.82354e-05 -0.0128124 -0.0154522 -0.0128124 7.04273e-05 -0.00811621 -0.0154522 -0.00811621 7.16306e-05)
