/*--------------------------------*- C++ -*----------------------------------*\
  =========                 |
  \\      /  F ield         | OpenFOAM: The Open Source CFD Toolbox
   \\    /   O peration     | Website:  https://openfoam.org
    \\  /    A nd           | Version:  10
     \\/     M anipulation  |
\*---------------------------------------------------------------------------*/
FoamFile
{
    format      ascii;
    class       volTensorField;
    location    "32.5";
    object      TauNN;
}
// * * * * * * * * * * * * * * * * * * * * * * * * * * * * * * * * * * * * * //

dimensions      [0 2 -2 0 0 0 0];

internalField   nonuniform List<tensor> 
25600
(
(1.15489e-05 -0.0127875 -0.0154284 -0.0127875 2.26942e-05 -0.00812552 -0.0154284 -0.00812552 5.25953e-05)
(3.02703e-05 -0.0127875 -0.0154212 -0.0127875 2.30839e-05 -0.00812698 -0.0154212 -0.00812698 6.4208e-05)
(6.20487e-05 -0.0127878 -0.0154073 -0.0127878 2.63014e-05 -0.00812107 -0.0154073 -0.00812107 8.73394e-05)
(2.86762e-05 -0.0127928 -0.0154223 -0.0127928 3.06028e-05 -0.00812254 -0.0154223 -0.00812254 0.000114282)
(4.08302e-05 -0.0127909 -0.0154184 -0.0127909 2.73617e-05 -0.00812133 -0.0154184 -0.00812133 9.06186e-05)
(2.7874e-05 -0.0127874 -0.0154196 -0.0127874 2.25875e-05 -0.00812414 -0.0154196 -0.00812414 6.91115e-05)
(2.57567e-06 -0.0127932 -0.0154361 -0.0127932 3.08609e-05 -0.00812407 -0.0154361 -0.00812407 5.37538e-05)
(-3.71276e-05 -0.0128094 -0.0154545 -0.0128094 5.84352e-05 -0.00813407 -0.0154545 -0.00813407 5.3582e-05)
(-1.13163e-05 -0.012791 -0.0154345 -0.012791 2.61851e-05 -0.00812264 -0.0154345 -0.00812264 5.17144e-05)
(6.99754e-06 -0.0127947 -0.0154307 -0.0127947 3.14797e-05 -0.00811854 -0.0154307 -0.00811854 6.92847e-05)
(2.25077e-05 -0.0127919 -0.0154304 -0.0127919 2.79519e-05 -0.00812475 -0.0154304 -0.00812475 5.67744e-05)
(5.52343e-05 -0.0127923 -0.0154231 -0.0127923 2.44402e-05 -0.00813076 -0.0154231 -0.00813076 4.97744e-05)
(4.34797e-05 -0.0127886 -0.0154164 -0.0127886 2.40793e-05 -0.00812733 -0.0154164 -0.00812733 7.79966e-05)
(1.43943e-05 -0.012788 -0.0154258 -0.012788 2.23209e-05 -0.00812251 -0.0154258 -0.00812251 6.61309e-05)
(6.00532e-05 -0.0127907 -0.0154118 -0.0127907 3.14932e-05 -0.00811711 -0.0154118 -0.00811711 9.82682e-05)
(-2.91689e-05 -0.0127923 -0.0154291 -0.0127923 4.23291e-05 -0.0081123 -0.0154291 -0.0081123 8.62584e-05)
(2.86309e-05 -0.0127878 -0.0154256 -0.0127878 2.26785e-05 -0.00812753 -0.0154256 -0.00812753 5.65736e-05)
(5.15996e-05 -0.0127918 -0.0154199 -0.0127918 2.91233e-05 -0.00813687 -0.0154199 -0.00813687 6.26316e-05)
(5.85689e-06 -0.0127917 -0.0154416 -0.0127917 2.72032e-05 -0.00813063 -0.0154416 -0.00813063 4.27324e-05)
(6.24225e-05 -0.0127898 -0.015415 -0.0127898 2.88547e-05 -0.00812242 -0.015415 -0.00812242 8.24743e-05)
(1.95625e-05 -0.0127887 -0.015423 -0.0127887 3.52793e-05 -0.00811752 -0.015423 -0.00811752 7.62244e-05)
(-4.4704e-06 -0.0127928 -0.0154386 -0.0127928 2.77294e-05 -0.00812811 -0.0154386 -0.00812811 4.1047e-05)
(2.99558e-06 -0.0127973 -0.0154402 -0.0127973 3.08652e-05 -0.00812644 -0.0154402 -0.00812644 4.62604e-05)
(-2.07125e-05 -0.0127989 -0.0154375 -0.0127989 3.77737e-05 -0.00811532 -0.0154375 -0.00811532 7.18012e-05)
(-1.28284e-06 -0.0127873 -0.0154219 -0.0127873 2.7023e-05 -0.00811694 -0.0154219 -0.00811694 8.63388e-05)
(4.68948e-05 -0.0127909 -0.0154237 -0.0127909 2.67968e-05 -0.0081254 -0.0154237 -0.0081254 6.08325e-05)
(2.54873e-05 -0.0127911 -0.0154318 -0.0127911 2.46741e-05 -0.00812751 -0.0154318 -0.00812751 4.62822e-05)
(3.63044e-05 -0.0127884 -0.0154228 -0.0127884 2.18157e-05 -0.0081286 -0.0154228 -0.0081286 5.87429e-05)
(-6.86613e-06 -0.0127937 -0.0154386 -0.0127937 3.41867e-05 -0.00812496 -0.0154386 -0.00812496 5.56116e-05)
(3.79218e-05 -0.0127944 -0.0154274 -0.0127944 3.56451e-05 -0.00812008 -0.0154274 -0.00812008 7.47778e-05)
(0.000104931 -0.012808 -0.0154111 -0.012808 4.19985e-05 -0.00814279 -0.0154111 -0.00814279 6.78663e-05)
(9.10522e-06 -0.0127863 -0.0154214 -0.0127863 2.39822e-05 -0.00812218 -0.0154214 -0.00812218 9.02933e-05)
(7.96908e-06 -0.0127888 -0.0154332 -0.0127888 2.25334e-05 -0.00812286 -0.0154332 -0.00812286 5.6958e-05)
(2.52061e-05 -0.0127903 -0.0154272 -0.0127903 2.48158e-05 -0.00812387 -0.0154272 -0.00812387 6.31745e-05)
(0.000102072 -0.0127969 -0.0154059 -0.0127969 3.09125e-05 -0.00813195 -0.0154059 -0.00813195 9.03411e-05)
(8.46293e-05 -0.0128014 -0.0154109 -0.0128014 4.39425e-05 -0.00814717 -0.0154109 -0.00814717 9.42811e-05)
(2.41944e-05 -0.0127855 -0.015433 -0.0127855 2.02589e-05 -0.00813024 -0.015433 -0.00813024 3.93036e-05)
(9.5307e-06 -0.0127924 -0.0154345 -0.0127924 2.74924e-05 -0.00812639 -0.0154345 -0.00812639 4.74126e-05)
(2.35132e-05 -0.0127878 -0.0154206 -0.0127878 2.53868e-05 -0.00812312 -0.0154206 -0.00812312 8.24413e-05)
(5.14689e-05 -0.0127906 -0.0154271 -0.0127906 2.46387e-05 -0.00813048 -0.0154271 -0.00813048 5.23681e-05)
(5.47603e-05 -0.0127912 -0.0154154 -0.0127912 2.67586e-05 -0.00813239 -0.0154154 -0.00813239 9.10528e-05)
(5.38936e-05 -0.0127949 -0.0154183 -0.0127949 3.16602e-05 -0.00812167 -0.0154183 -0.00812167 0.000111976)
(3.62353e-05 -0.0127879 -0.015417 -0.0127879 2.31313e-05 -0.00812547 -0.015417 -0.00812547 7.93017e-05)
(5.27145e-05 -0.012792 -0.0154164 -0.012792 2.97418e-05 -0.00813712 -0.0154164 -0.00813712 7.41552e-05)
(5.71124e-05 -0.0127935 -0.0154156 -0.0127935 3.19308e-05 -0.0081197 -0.0154156 -0.0081197 0.000106944)
(2.35837e-05 -0.0127876 -0.0154253 -0.0127876 2.27523e-05 -0.00812552 -0.0154253 -0.00812552 6.24528e-05)
(5.67705e-05 -0.0127892 -0.0154102 -0.0127892 2.86785e-05 -0.00812065 -0.0154102 -0.00812065 9.55564e-05)
(5.30121e-05 -0.0127969 -0.0154244 -0.0127969 3.18357e-05 -0.00812649 -0.0154244 -0.00812649 0.000118393)
(3.71945e-05 -0.0127904 -0.0154211 -0.0127904 2.39294e-05 -0.00812324 -0.0154211 -0.00812324 8.69934e-05)
(5.46301e-05 -0.0127911 -0.0154162 -0.0127911 2.48588e-05 -0.00812991 -0.0154162 -0.00812991 7.04077e-05)
(7.19857e-06 -0.0127898 -0.0154311 -0.0127898 2.36996e-05 -0.00812074 -0.0154311 -0.00812074 6.92574e-05)
(-1.027e-05 -0.0127958 -0.015437 -0.0127958 3.10143e-05 -0.00811515 -0.015437 -0.00811515 7.62386e-05)
(3.59577e-05 -0.0127863 -0.015427 -0.0127863 2.13617e-05 -0.00813101 -0.015427 -0.00813101 5.70042e-05)
(4.9497e-05 -0.0127886 -0.0154146 -0.0127886 2.43695e-05 -0.00812459 -0.0154146 -0.00812459 7.3838e-05)
(7.66909e-05 -0.0127909 -0.015407 -0.0127909 2.78766e-05 -0.008125 -0.015407 -0.008125 9.58752e-05)
(2.45168e-05 -0.0127912 -0.0154275 -0.0127912 2.49903e-05 -0.00812072 -0.0154275 -0.00812072 8.85653e-05)
(2.12503e-05 -0.0127927 -0.0154362 -0.0127927 2.52466e-05 -0.00811845 -0.0154362 -0.00811845 8.25029e-05)
(4.51575e-05 -0.0127932 -0.0154247 -0.0127932 3.5354e-05 -0.00814064 -0.0154247 -0.00814064 4.80416e-05)
(7.72172e-05 -0.0127915 -0.0154082 -0.0127915 2.65019e-05 -0.00812736 -0.0154082 -0.00812736 7.22797e-05)
(0.000124185 -0.0127989 -0.0154036 -0.0127989 2.95419e-05 -0.00813057 -0.0154036 -0.00813057 8.42207e-05)
(8.17965e-05 -0.0127974 -0.0154139 -0.0127974 3.49395e-05 -0.00814039 -0.0154139 -0.00814039 9.25504e-05)
(3.954e-05 -0.0127817 -0.0154292 -0.0127817 2.46588e-05 -0.00813472 -0.0154292 -0.00813472 7.21096e-05)
(3.42077e-05 -0.0127871 -0.0154152 -0.0127871 2.46163e-05 -0.00812473 -0.0154152 -0.00812473 9.17083e-05)
(4.03646e-05 -0.0127898 -0.015419 -0.0127898 2.70603e-05 -0.00812034 -0.015419 -0.00812034 8.56155e-05)
(9.20108e-06 -0.0127908 -0.0154274 -0.0127908 2.65626e-05 -0.008118 -0.0154274 -0.008118 7.94085e-05)
(4.22773e-05 -0.0127936 -0.0154187 -0.0127936 3.24208e-05 -0.00811516 -0.0154187 -0.00811516 0.000100945)
(3.01734e-05 -0.0127897 -0.0154255 -0.0127897 2.548e-05 -0.0081258 -0.0154255 -0.0081258 0.000102528)
(5.07039e-05 -0.0127897 -0.015413 -0.0127897 2.8206e-05 -0.00811928 -0.015413 -0.00811928 0.000100793)
(9.22516e-05 -0.0127951 -0.0154126 -0.0127951 2.72693e-05 -0.00812801 -0.0154126 -0.00812801 6.94687e-05)
(1.78916e-05 -0.0128 -0.0154459 -0.0128 2.88083e-05 -0.00811962 -0.0154459 -0.00811962 5.57964e-05)
(3.10431e-05 -0.0127865 -0.0154362 -0.0127865 2.03351e-05 -0.00813024 -0.0154362 -0.00813024 2.97897e-05)
(7.58247e-05 -0.0128057 -0.0154234 -0.0128057 4.09456e-05 -0.00814003 -0.0154234 -0.00814003 3.97023e-05)
(1.70087e-05 -0.0127907 -0.015422 -0.0127907 3.04259e-05 -0.00811627 -0.015422 -0.00811627 8.51274e-05)
(4.07122e-05 -0.0127897 -0.0154226 -0.0127897 2.27267e-05 -0.00812746 -0.0154226 -0.00812746 6.11691e-05)
(3.64526e-05 -0.0127906 -0.0154294 -0.0127906 2.61622e-05 -0.00812672 -0.0154294 -0.00812672 0.000102863)
(6.09723e-05 -0.0127911 -0.0154344 -0.0127911 4.08949e-05 -0.00813431 -0.0154344 -0.00813431 3.4972e-05)
(0.000116295 -0.0127971 -0.0154002 -0.0127971 3.11153e-05 -0.00813205 -0.0154002 -0.00813205 9.81689e-05)
(4.31895e-05 -0.0127892 -0.0154204 -0.0127892 2.57801e-05 -0.00813217 -0.0154204 -0.00813217 9.02611e-05)
(3.52821e-05 -0.0127849 -0.0154281 -0.0127849 2.57862e-05 -0.00813568 -0.0154281 -0.00813568 4.86267e-05)
(6.73223e-05 -0.0127933 -0.0154126 -0.0127933 3.30006e-05 -0.00812027 -0.0154126 -0.00812027 0.000111903)
(2.82007e-05 -0.0127874 -0.0154256 -0.0127874 2.09009e-05 -0.0081272 -0.0154256 -0.0081272 6.02899e-05)
(5.45429e-05 -0.0127909 -0.0154181 -0.0127909 2.4305e-05 -0.00812637 -0.0154181 -0.00812637 6.921e-05)
(5.23247e-05 -0.0127882 -0.0154232 -0.0127882 2.96895e-05 -0.00813848 -0.0154232 -0.00813848 8.38499e-05)
(6.13986e-05 -0.0127897 -0.0154096 -0.0127897 2.51771e-05 -0.00812622 -0.0154096 -0.00812622 8.5078e-05)
(9.42342e-05 -0.0127966 -0.0154139 -0.0127966 2.72394e-05 -0.00813121 -0.0154139 -0.00813121 6.05112e-05)
(3.98274e-05 -0.0127886 -0.0154222 -0.0127886 2.35876e-05 -0.00813056 -0.0154222 -0.00813056 6.38711e-05)
(1.48769e-05 -0.0127917 -0.0154301 -0.0127917 2.72622e-05 -0.00812133 -0.0154301 -0.00812133 6.4575e-05)
(3.50941e-05 -0.0127873 -0.0154215 -0.0127873 2.33118e-05 -0.00813046 -0.0154215 -0.00813046 8.02792e-05)
(1.75375e-05 -0.0127843 -0.01543 -0.0127843 1.92354e-05 -0.00812704 -0.01543 -0.00812704 6.13039e-05)
(4.44834e-05 -0.0127914 -0.0154355 -0.0127914 2.3171e-05 -0.008132 -0.0154355 -0.008132 4.15781e-05)
(9.94761e-05 -0.0127958 -0.0154077 -0.0127958 2.66823e-05 -0.0081292 -0.0154077 -0.0081292 7.56956e-05)
(2.28384e-05 -0.0127875 -0.0154284 -0.0127875 2.11873e-05 -0.00812502 -0.0154284 -0.00812502 6.27945e-05)
(3.1713e-06 -0.0127944 -0.0154362 -0.0127944 2.71241e-05 -0.00812077 -0.0154362 -0.00812077 5.86467e-05)
(3.81505e-05 -0.012789 -0.0154201 -0.012789 2.44609e-05 -0.00812279 -0.0154201 -0.00812279 6.39464e-05)
(5.84348e-05 -0.0127896 -0.0154172 -0.0127896 2.88721e-05 -0.00812045 -0.0154172 -0.00812045 8.21568e-05)
(7.14048e-05 -0.0127954 -0.0154138 -0.0127954 2.80501e-05 -0.00813351 -0.0154138 -0.00813351 7.66948e-05)
(4.39042e-05 -0.0127806 -0.0154352 -0.0127806 1.73989e-05 -0.00812748 -0.0154352 -0.00812748 2.89426e-05)
(3.39791e-06 -0.0127975 -0.0154362 -0.0127975 3.16892e-05 -0.00811814 -0.0154362 -0.00811814 6.8186e-05)
(6.77014e-05 -0.0127904 -0.01541 -0.0127904 3.42164e-05 -0.00811536 -0.01541 -0.00811536 9.95746e-05)
(3.53274e-05 -0.012789 -0.0154242 -0.012789 2.25514e-05 -0.00813159 -0.0154242 -0.00813159 4.85599e-05)
(5.33123e-05 -0.0127976 -0.0154279 -0.0127976 3.67029e-05 -0.00813788 -0.0154279 -0.00813788 3.46615e-05)
(5.32509e-05 -0.0127907 -0.0154179 -0.0127907 2.33306e-05 -0.0081272 -0.0154179 -0.0081272 6.58505e-05)
(5.03521e-05 -0.0127917 -0.0154278 -0.0127917 3.01657e-05 -0.00812508 -0.0154278 -0.00812508 6.33413e-05)
(4.71775e-05 -0.0127913 -0.0154264 -0.0127913 2.52895e-05 -0.00813335 -0.0154264 -0.00813335 4.5431e-05)
(5.61312e-05 -0.0127922 -0.0154181 -0.0127922 2.57004e-05 -0.0081325 -0.0154181 -0.0081325 7.05172e-05)
(5.43968e-05 -0.0127916 -0.0154173 -0.0127916 2.89274e-05 -0.00813426 -0.0154173 -0.00813426 0.000102619)
(2.39785e-05 -0.0127865 -0.0154277 -0.0127865 2.02918e-05 -0.00812791 -0.0154277 -0.00812791 5.31814e-05)
(1.37836e-05 -0.0127899 -0.0154257 -0.0127899 2.86711e-05 -0.008119 -0.0154257 -0.008119 7.45953e-05)
(6.65527e-05 -0.0127975 -0.0154196 -0.0127975 3.18584e-05 -0.00813743 -0.0154196 -0.00813743 5.37832e-05)
(2.58978e-05 -0.0127866 -0.0154266 -0.0127866 2.02569e-05 -0.00812974 -0.0154266 -0.00812974 4.80687e-05)
(-2.29221e-06 -0.0127973 -0.0154411 -0.0127973 2.95306e-05 -0.00811371 -0.0154411 -0.00811371 8.42032e-05)
(9.90008e-05 -0.0127991 -0.0154164 -0.0127991 2.67476e-05 -0.00812963 -0.0154164 -0.00812963 5.55348e-05)
(5.60494e-05 -0.0127904 -0.0154117 -0.0127904 2.7467e-05 -0.00812105 -0.0154117 -0.00812105 0.000100318)
(1.66305e-05 -0.0127851 -0.0154341 -0.0127851 1.89846e-05 -0.00812592 -0.0154341 -0.00812592 4.58601e-05)
(3.84751e-05 -0.0127856 -0.0154272 -0.0127856 2.3355e-05 -0.00813305 -0.0154272 -0.00813305 5.82476e-05)
(4.47431e-05 -0.0127903 -0.0154154 -0.0127903 2.62192e-05 -0.00812215 -0.0154154 -0.00812215 9.96763e-05)
(5.7935e-05 -0.0127888 -0.0154115 -0.0127888 2.44092e-05 -0.00812556 -0.0154115 -0.00812556 7.86596e-05)
(3.98585e-05 -0.0127795 -0.015432 -0.0127795 2.47303e-05 -0.00813465 -0.015432 -0.00813465 3.9566e-05)
(6.50256e-05 -0.0127914 -0.0154238 -0.0127914 2.80197e-05 -0.00812607 -0.0154238 -0.00812607 5.96144e-05)
(0.000101792 -0.0127947 -0.0154036 -0.0127947 2.78984e-05 -0.00812726 -0.0154036 -0.00812726 9.15011e-05)
(2.85159e-05 -0.0127916 -0.0154231 -0.0127916 2.9137e-05 -0.0081188 -0.0154231 -0.0081188 8.57468e-05)
(5.28589e-05 -0.0127887 -0.0154213 -0.0127887 3.07921e-05 -0.00813945 -0.0154213 -0.00813945 8.72567e-05)
(4.32748e-05 -0.0127903 -0.0154246 -0.0127903 2.43239e-05 -0.00813318 -0.0154246 -0.00813318 5.14007e-05)
(7.16402e-05 -0.0127933 -0.0154182 -0.0127933 2.46706e-05 -0.00812735 -0.0154182 -0.00812735 6.23287e-05)
(5.62514e-05 -0.012793 -0.0154185 -0.012793 2.75966e-05 -0.00813463 -0.0154185 -0.00813463 5.98404e-05)
(7.99211e-05 -0.0128106 -0.0154226 -0.0128106 4.86544e-05 -0.00814315 -0.0154226 -0.00814315 4.06983e-05)
(6.79255e-05 -0.0128069 -0.0154316 -0.0128069 5.05452e-05 -0.00813781 -0.0154316 -0.00813781 3.10675e-05)
(1.05232e-05 -0.0127855 -0.0154322 -0.0127855 1.98396e-05 -0.00812395 -0.0154322 -0.00812395 6.26824e-05)
(4.40179e-05 -0.0127877 -0.0154219 -0.0127877 2.65895e-05 -0.00813536 -0.0154219 -0.00813536 6.94438e-05)
(4.78923e-05 -0.0127932 -0.0154203 -0.0127932 2.9197e-05 -0.00811922 -0.0154203 -0.00811922 8.88178e-05)
(2.31315e-05 -0.0127915 -0.0154241 -0.0127915 2.67779e-05 -0.00811744 -0.0154241 -0.00811744 7.00273e-05)
(7.39259e-05 -0.0127958 -0.0154119 -0.0127958 3.08315e-05 -0.00813562 -0.0154119 -0.00813562 9.25606e-05)
(-3.28874e-05 -0.0128005 -0.0154384 -0.0128005 4.49297e-05 -0.00810656 -0.0154384 -0.00810656 0.000100231)
(3.50545e-05 -0.0127887 -0.0154244 -0.0127887 2.45497e-05 -0.00812419 -0.0154244 -0.00812419 6.04754e-05)
(3.53518e-05 -0.0127893 -0.0154202 -0.0127893 2.49406e-05 -0.00812436 -0.0154202 -0.00812436 8.99453e-05)
(4.31372e-05 -0.0127792 -0.015433 -0.0127792 2.41437e-05 -0.0081353 -0.015433 -0.0081353 4.98838e-05)
(7.69733e-05 -0.0127962 -0.0154124 -0.0127962 3.34612e-05 -0.00813955 -0.0154124 -0.00813955 0.00010532)
(8.10318e-05 -0.0127929 -0.0154117 -0.0127929 2.49071e-05 -0.00812663 -0.0154117 -0.00812663 7.61075e-05)
(3.79169e-05 -0.0127867 -0.0154225 -0.0127867 2.54636e-05 -0.00813351 -0.0154225 -0.00813351 9.24461e-05)
(-5.61449e-05 -0.0128079 -0.0154487 -0.0128079 4.8794e-05 -0.00810852 -0.0154487 -0.00810852 8.45743e-05)
(6.39687e-05 -0.0127907 -0.015412 -0.0127907 2.69321e-05 -0.00812092 -0.015412 -0.00812092 8.441e-05)
(9.5825e-05 -0.0127934 -0.0154031 -0.0127934 2.79332e-05 -0.00812641 -0.0154031 -0.00812641 9.41213e-05)
(2.40574e-05 -0.012788 -0.0154236 -0.012788 2.17618e-05 -0.00812463 -0.0154236 -0.00812463 6.34253e-05)
(3.86323e-05 -0.0127836 -0.0154298 -0.0127836 2.34191e-05 -0.00813363 -0.0154298 -0.00813363 4.61043e-05)
(4.20122e-05 -0.0127892 -0.0154249 -0.0127892 2.57408e-05 -0.00813467 -0.0154249 -0.00813467 5.22989e-05)
(7.93664e-05 -0.0127978 -0.0154129 -0.0127978 3.41259e-05 -0.00813971 -0.0154129 -0.00813971 8.02833e-05)
(7.69687e-05 -0.0127945 -0.0154089 -0.0127945 2.82464e-05 -0.00813272 -0.0154089 -0.00813272 8.90803e-05)
(3.34427e-05 -0.0127883 -0.0154199 -0.0127883 2.32253e-05 -0.0081255 -0.0154199 -0.0081255 8.48881e-05)
(3.23551e-05 -0.0127887 -0.0154233 -0.0127887 2.20587e-05 -0.00812518 -0.0154233 -0.00812518 6.863e-05)
(5.57896e-05 -0.0127918 -0.0154148 -0.0127918 2.61413e-05 -0.00812942 -0.0154148 -0.00812942 8.93175e-05)
(2.63023e-05 -0.0127871 -0.0154276 -0.0127871 2.13113e-05 -0.00812789 -0.0154276 -0.00812789 5.41355e-05)
(2.25956e-05 -0.0127911 -0.0154254 -0.0127911 3.03635e-05 -0.00811887 -0.0154254 -0.00811887 7.70844e-05)
(6.62523e-05 -0.0128003 -0.0154226 -0.0128003 3.8533e-05 -0.0081409 -0.0154226 -0.0081409 5.09928e-05)
(1.17763e-05 -0.0127893 -0.0154331 -0.0127893 2.35639e-05 -0.00812093 -0.0154331 -0.00812093 7.97221e-05)
(1.22321e-05 -0.0127883 -0.0154318 -0.0127883 2.13972e-05 -0.00812394 -0.0154318 -0.00812394 5.88135e-05)
(3.46067e-05 -0.0127885 -0.0154209 -0.0127885 2.71087e-05 -0.00812034 -0.0154209 -0.00812034 7.3699e-05)
(4.22956e-05 -0.0127926 -0.0154205 -0.0127926 2.95022e-05 -0.00812444 -0.0154205 -0.00812444 0.000108159)
(3.83805e-05 -0.0127908 -0.0154236 -0.0127908 2.39924e-05 -0.00812313 -0.0154236 -0.00812313 7.01845e-05)
(2.5705e-05 -0.012789 -0.0154197 -0.012789 3.04156e-05 -0.00811501 -0.0154197 -0.00811501 8.31083e-05)
(4.30649e-05 -0.012792 -0.0154306 -0.012792 2.79561e-05 -0.0081344 -0.0154306 -0.0081344 3.56947e-05)
(5.04822e-05 -0.0127923 -0.0154302 -0.0127923 3.68829e-05 -0.0081365 -0.0154302 -0.0081365 3.14664e-05)
(1.48597e-05 -0.0127895 -0.0154297 -0.0127895 2.35127e-05 -0.00812078 -0.0154297 -0.00812078 8.86859e-05)
(9.0707e-06 -0.0127923 -0.015426 -0.0127923 3.75859e-05 -0.00811323 -0.015426 -0.00811323 8.52923e-05)
(6.23048e-05 -0.0127933 -0.0154192 -0.0127933 2.40391e-05 -0.0081304 -0.0154192 -0.0081304 5.64401e-05)
(2.35793e-05 -0.0127881 -0.0154295 -0.0127881 2.01176e-05 -0.00812755 -0.0154295 -0.00812755 4.58972e-05)
(2.47106e-05 -0.0127876 -0.0154315 -0.0127876 2.15192e-05 -0.00812398 -0.0154315 -0.00812398 6.40108e-05)
(0.000139924 -0.0128143 -0.0154013 -0.0128143 5.49249e-05 -0.00815222 -0.0154013 -0.00815222 0.000108556)
(7.12005e-05 -0.0128024 -0.0154199 -0.0128024 3.96047e-05 -0.00814207 -0.0154199 -0.00814207 5.4294e-05)
(1.78369e-05 -0.0127915 -0.0154261 -0.0127915 2.66747e-05 -0.00811848 -0.0154261 -0.00811848 9.0662e-05)
(0.000110742 -0.0127999 -0.0154053 -0.0127999 2.89043e-05 -0.00813158 -0.0154053 -0.00813158 6.99955e-05)
(3.69065e-05 -0.0127885 -0.015423 -0.0127885 2.22833e-05 -0.00812901 -0.015423 -0.00812901 5.85051e-05)
(4.80064e-05 -0.0127943 -0.0154303 -0.0127943 2.95265e-05 -0.00813478 -0.0154303 -0.00813478 3.35412e-05)
(8.09366e-05 -0.0128181 -0.015422 -0.0128181 7.69048e-05 -0.00815236 -0.015422 -0.00815236 4.74697e-05)
(2.21069e-05 -0.0127876 -0.0154278 -0.0127876 2.36943e-05 -0.00812505 -0.0154278 -0.00812505 9.32222e-05)
(6.8773e-05 -0.0127905 -0.0154245 -0.0127905 4.44142e-05 -0.00814691 -0.0154245 -0.00814691 7.13046e-05)
(4.33288e-05 -0.012787 -0.0154232 -0.012787 2.64187e-05 -0.00813577 -0.0154232 -0.00813577 7.94391e-05)
(3.42224e-06 -0.0127923 -0.0154348 -0.0127923 2.43127e-05 -0.00811954 -0.0154348 -0.00811954 6.29053e-05)
(5.04543e-05 -0.0127918 -0.0154209 -0.0127918 2.68125e-05 -0.00813447 -0.0154209 -0.00813447 6.55767e-05)
(0.000161697 -0.0128217 -0.0154002 -0.0128217 6.0453e-05 -0.00815114 -0.0154002 -0.00815114 9.05858e-05)
(5.59819e-05 -0.0127883 -0.0154117 -0.0127883 2.83657e-05 -0.00811948 -0.0154117 -0.00811948 8.80973e-05)
(2.0866e-06 -0.012796 -0.0154421 -0.012796 2.74021e-05 -0.0081194 -0.0154421 -0.0081194 6.05071e-05)
(5.70178e-05 -0.0127924 -0.0154207 -0.0127924 2.83443e-05 -0.00813559 -0.0154207 -0.00813559 6.11716e-05)
(5.66443e-05 -0.0127933 -0.0154211 -0.0127933 3.01289e-05 -0.00813745 -0.0154211 -0.00813745 6.32757e-05)
(2.44133e-05 -0.0127865 -0.0154283 -0.0127865 1.93174e-05 -0.00812733 -0.0154283 -0.00812733 5.33347e-05)
(3.38222e-05 -0.012788 -0.0154209 -0.012788 2.22277e-05 -0.00812696 -0.0154209 -0.00812696 6.47913e-05)
(-3.10907e-06 -0.0127936 -0.0154291 -0.0127936 3.83403e-05 -0.00811289 -0.0154291 -0.00811289 8.28487e-05)
(4.86106e-05 -0.0127894 -0.015416 -0.0127894 2.36095e-05 -0.0081251 -0.015416 -0.0081251 7.42944e-05)
(8.01061e-05 -0.0128007 -0.015416 -0.0128007 3.82843e-05 -0.00814199 -0.015416 -0.00814199 6.94252e-05)
(4.9286e-05 -0.0127903 -0.0154164 -0.0127903 2.41443e-05 -0.00812935 -0.0154164 -0.00812935 7.2737e-05)
(3.32514e-05 -0.0127873 -0.0154267 -0.0127873 2.39595e-05 -0.00813385 -0.0154267 -0.00813385 4.76041e-05)
(5.6641e-05 -0.0127931 -0.0154234 -0.0127931 3.68938e-05 -0.00814237 -0.0154234 -0.00814237 6.09917e-05)
(4.38986e-05 -0.0127893 -0.0154185 -0.0127893 2.64136e-05 -0.0081349 -0.0154185 -0.0081349 7.18981e-05)
(3.82492e-05 -0.0127879 -0.0154224 -0.0127879 2.32692e-05 -0.00813173 -0.0154224 -0.00813173 6.11418e-05)
(3.49224e-05 -0.0127904 -0.015432 -0.0127904 2.26255e-05 -0.00812951 -0.015432 -0.00812951 4.37206e-05)
(1.21694e-05 -0.0127897 -0.0154293 -0.0127897 2.27154e-05 -0.00812229 -0.0154293 -0.00812229 5.78265e-05)
(1.19606e-05 -0.012792 -0.0154299 -0.012792 3.16892e-05 -0.00811981 -0.0154299 -0.00811981 6.89826e-05)
(3.70483e-05 -0.012793 -0.015431 -0.012793 2.73339e-05 -0.00812474 -0.015431 -0.00812474 5.50319e-05)
(-3.02328e-05 -0.0128012 -0.0154413 -0.0128012 4.21897e-05 -0.00811207 -0.0154413 -0.00811207 7.0191e-05)
(2.45833e-05 -0.0127868 -0.0154232 -0.0127868 2.20889e-05 -0.00812597 -0.0154232 -0.00812597 7.22771e-05)
(8.54772e-05 -0.0128014 -0.0154137 -0.0128014 3.81142e-05 -0.00814192 -0.0154137 -0.00814192 7.2985e-05)
(8.80429e-05 -0.0128052 -0.0154254 -0.0128052 3.67549e-05 -0.00813761 -0.0154254 -0.00813761 4.47854e-05)
(0.000118753 -0.0127938 -0.0154206 -0.0127938 3.19666e-05 -0.00812641 -0.0154206 -0.00812641 6.50004e-05)
(9.20171e-07 -0.0127954 -0.0154325 -0.0127954 3.15434e-05 -0.00811432 -0.0154325 -0.00811432 9.35066e-05)
(-7.3186e-06 -0.0127955 -0.0154317 -0.0127955 3.49615e-05 -0.00811209 -0.0154317 -0.00811209 9.43687e-05)
(6.5695e-05 -0.0127922 -0.0154152 -0.0127922 2.46723e-05 -0.00812592 -0.0154152 -0.00812592 7.48488e-05)
(-1.63032e-05 -0.0128028 -0.0154411 -0.0128028 4.02646e-05 -0.00810894 -0.0154411 -0.00810894 9.59153e-05)
(-3.27939e-05 -0.0128012 -0.015441 -0.0128012 4.19319e-05 -0.00810747 -0.015441 -0.00810747 0.000102273)
(8.7237e-05 -0.0128099 -0.0154151 -0.0128099 5.28181e-05 -0.00814889 -0.0154151 -0.00814889 7.22875e-05)
(1.54291e-05 -0.0127946 -0.0154274 -0.0127946 4.28195e-05 -0.00810922 -0.0154274 -0.00810922 9.03487e-05)
(1.35222e-05 -0.0127921 -0.0154451 -0.0127921 2.65808e-05 -0.00813291 -0.0154451 -0.00813291 4.23999e-05)
(6.07278e-05 -0.0127905 -0.0154344 -0.0127905 5.11092e-05 -0.00813194 -0.0154344 -0.00813194 2.95848e-05)
(-3.70117e-05 -0.0128108 -0.0154512 -0.0128108 4.37022e-05 -0.00811433 -0.0154512 -0.00811433 6.48922e-05)
(7.07507e-05 -0.0128036 -0.0154245 -0.0128036 4.69464e-05 -0.00814255 -0.0154245 -0.00814255 5.00366e-05)
(9.2439e-05 -0.012813 -0.0154222 -0.012813 5.2314e-05 -0.00814432 -0.0154222 -0.00814432 4.65201e-05)
(6.76315e-06 -0.0127907 -0.0154369 -0.0127907 2.3197e-05 -0.0081264 -0.0154369 -0.0081264 4.30683e-05)
(5.61809e-05 -0.0127913 -0.0154158 -0.0127913 2.33646e-05 -0.00812778 -0.0154158 -0.00812778 7.06118e-05)
(2.30979e-05 -0.012792 -0.0154325 -0.012792 2.91003e-05 -0.00812536 -0.0154325 -0.00812536 5.17774e-05)
(-2.73855e-05 -0.0128106 -0.015449 -0.0128106 4.43936e-05 -0.00812717 -0.015449 -0.00812717 4.65079e-05)
(6.11896e-05 -0.0127889 -0.0154104 -0.0127889 2.75526e-05 -0.00811975 -0.0154104 -0.00811975 9.04238e-05)
(0.000101479 -0.012816 -0.015421 -0.012816 5.75716e-05 -0.00814608 -0.015421 -0.00814608 4.99555e-05)
(3.81521e-05 -0.0127856 -0.0154252 -0.0127856 2.30262e-05 -0.00813096 -0.0154252 -0.00813096 7.21122e-05)
(3.37455e-05 -0.0127876 -0.0154207 -0.0127876 2.34661e-05 -0.0081277 -0.0154207 -0.0081277 8.66125e-05)
(2.67179e-05 -0.0127911 -0.0154347 -0.0127911 2.36668e-05 -0.00812884 -0.0154347 -0.00812884 4.11755e-05)
(1.90123e-05 -0.01279 -0.0154429 -0.01279 2.21759e-05 -0.00813239 -0.0154429 -0.00813239 3.71277e-05)
(7.64526e-05 -0.0127926 -0.0154194 -0.0127926 2.64846e-05 -0.00812581 -0.0154194 -0.00812581 6.1688e-05)
(5.79367e-05 -0.0127908 -0.0154189 -0.0127908 2.56675e-05 -0.00812377 -0.0154189 -0.00812377 6.28512e-05)
(3.80371e-05 -0.0127806 -0.0154321 -0.0127806 2.07218e-05 -0.00813128 -0.0154321 -0.00813128 6.08335e-05)
(2.11679e-05 -0.012787 -0.0154235 -0.012787 2.20846e-05 -0.00812437 -0.0154235 -0.00812437 7.82262e-05)
(3.87567e-05 -0.0127891 -0.0154186 -0.0127891 2.34286e-05 -0.00812303 -0.0154186 -0.00812303 7.71465e-05)
(4.58275e-05 -0.0127853 -0.0154264 -0.0127853 2.57123e-05 -0.00813517 -0.0154264 -0.00813517 7.10166e-05)
(2.34591e-05 -0.0127878 -0.0154319 -0.0127878 2.02604e-05 -0.00812926 -0.0154319 -0.00812926 4.07067e-05)
(8.15859e-05 -0.0128046 -0.0154196 -0.0128046 3.77077e-05 -0.00813961 -0.0154196 -0.00813961 5.18283e-05)
(6.63328e-05 -0.0127917 -0.0154216 -0.0127917 2.60969e-05 -0.00812802 -0.0154216 -0.00812802 5.77938e-05)
(1.92435e-05 -0.0127878 -0.015423 -0.0127878 2.31918e-05 -0.0081226 -0.015423 -0.0081226 6.98332e-05)
(4.9938e-05 -0.0127958 -0.015422 -0.0127958 3.15648e-05 -0.00813842 -0.015422 -0.00813842 5.22029e-05)
(4.51489e-05 -0.0127936 -0.0154187 -0.0127936 3.71352e-05 -0.00811372 -0.0154187 -0.00811372 9.69909e-05)
(5.73554e-05 -0.0127918 -0.015417 -0.0127918 2.4595e-05 -0.00812966 -0.015417 -0.00812966 6.15304e-05)
(4.24584e-05 -0.0127875 -0.0154337 -0.0127875 3.66667e-05 -0.00813263 -0.0154337 -0.00813263 2.78247e-05)
(1.79887e-05 -0.0128009 -0.0154475 -0.0128009 3.02481e-05 -0.00811684 -0.0154475 -0.00811684 6.55319e-05)
(-7.78743e-05 -0.0128127 -0.0154526 -0.0128127 5.53116e-05 -0.00810676 -0.0154526 -0.00810676 8.57589e-05)
(-5.34879e-05 -0.0128088 -0.0154489 -0.0128088 4.69486e-05 -0.00811289 -0.0154489 -0.00811289 7.0524e-05)
(7.62614e-05 -0.0127926 -0.0154072 -0.0127926 2.74456e-05 -0.0081306 -0.0154072 -0.0081306 9.21196e-05)
(5.16862e-05 -0.0127933 -0.0154319 -0.0127933 2.29074e-05 -0.0081311 -0.0154319 -0.0081311 4.25191e-05)
(-3.4914e-05 -0.0128015 -0.0154421 -0.0128015 5.0445e-05 -0.00811442 -0.0154421 -0.00811442 7.41674e-05)
(4.38827e-05 -0.012791 -0.0154345 -0.012791 2.9108e-05 -0.00813356 -0.0154345 -0.00813356 3.23391e-05)
(3.47384e-05 -0.0127892 -0.0154272 -0.0127892 2.22348e-05 -0.00813166 -0.0154272 -0.00813166 4.1876e-05)
(-2.96923e-06 -0.0127938 -0.0154359 -0.0127938 2.95997e-05 -0.00811749 -0.0154359 -0.00811749 0.000103355)
(7.23077e-05 -0.0127927 -0.0154113 -0.0127927 2.7283e-05 -0.0081303 -0.0154113 -0.0081303 9.35634e-05)
(0.000115935 -0.0127961 -0.0154013 -0.0127961 2.83309e-05 -0.00812654 -0.0154013 -0.00812654 8.98993e-05)
(3.01486e-05 -0.0127833 -0.0154334 -0.0127833 1.80134e-05 -0.00812824 -0.0154334 -0.00812824 4.03884e-05)
(5.3113e-05 -0.0127934 -0.0154312 -0.0127934 2.40929e-05 -0.00813183 -0.0154312 -0.00813183 4.00932e-05)
(1.76029e-05 -0.0127971 -0.0154381 -0.0127971 3.62417e-05 -0.00812511 -0.0154381 -0.00812511 5.23626e-05)
(2.15026e-07 -0.012806 -0.015453 -0.012806 3.65882e-05 -0.00811047 -0.015453 -0.00811047 8.44724e-05)
(8.84317e-05 -0.0127988 -0.0154085 -0.0127988 3.42479e-05 -0.00813959 -0.0154085 -0.00813959 8.63895e-05)
(6.02157e-05 -0.0127915 -0.0154144 -0.0127915 2.42202e-05 -0.0081277 -0.0154144 -0.0081277 7.13642e-05)
(1.53434e-05 -0.0127886 -0.0154272 -0.0127886 2.26215e-05 -0.00812333 -0.0154272 -0.00812333 5.78899e-05)
(4.33029e-05 -0.0127889 -0.0154225 -0.0127889 2.54507e-05 -0.00812644 -0.0154225 -0.00812644 5.85383e-05)
(-1.77957e-05 -0.0128 -0.0154414 -0.0128 3.67733e-05 -0.00811905 -0.0154414 -0.00811905 6.34568e-05)
(-2.00072e-05 -0.0127999 -0.0154381 -0.0127999 4.27004e-05 -0.00810944 -0.0154381 -0.00810944 8.72881e-05)
(3.87008e-05 -0.0127891 -0.0154194 -0.0127891 2.24553e-05 -0.00812438 -0.0154194 -0.00812438 6.55087e-05)
(3.06428e-05 -0.0127883 -0.0154238 -0.0127883 2.05393e-05 -0.00812745 -0.0154238 -0.00812745 5.67638e-05)
(6.38728e-05 -0.0127916 -0.0154176 -0.0127916 2.50729e-05 -0.00812359 -0.0154176 -0.00812359 6.68793e-05)
(4.37678e-05 -0.0127893 -0.0154172 -0.0127893 2.31305e-05 -0.00812677 -0.0154172 -0.00812677 6.71891e-05)
(3.1289e-05 -0.0127836 -0.0154343 -0.0127836 2.09453e-05 -0.00813114 -0.0154343 -0.00813114 3.40591e-05)
(3.07983e-05 -0.0127905 -0.0154409 -0.0127905 2.42633e-05 -0.00813167 -0.0154409 -0.00813167 4.58005e-05)
(4.7134e-05 -0.0127861 -0.0154339 -0.0127861 3.06976e-05 -0.00813325 -0.0154339 -0.00813325 3.45522e-05)
(4.09504e-05 -0.0127898 -0.0154344 -0.0127898 2.52537e-05 -0.0081327 -0.0154344 -0.0081327 3.56348e-05)
(6.7775e-05 -0.0127944 -0.0154379 -0.0127944 3.46873e-05 -0.00813064 -0.0154379 -0.00813064 5.51857e-05)
(6.99617e-06 -0.0127935 -0.0154445 -0.0127935 2.72801e-05 -0.00813249 -0.0154445 -0.00813249 4.20815e-05)
(-2.24944e-05 -0.0127998 -0.0154418 -0.0127998 3.57582e-05 -0.00812058 -0.0154418 -0.00812058 5.56019e-05)
(-6.54678e-05 -0.012811 -0.0154501 -0.012811 5.77699e-05 -0.0081132 -0.0154501 -0.0081132 7.14918e-05)
(1.87218e-05 -0.0127978 -0.0154305 -0.0127978 4.18236e-05 -0.00811103 -0.0154305 -0.00811103 9.28505e-05)
(8.9915e-05 -0.0127988 -0.0154152 -0.0127988 2.76741e-05 -0.0081324 -0.0154152 -0.0081324 5.87899e-05)
(2.87844e-05 -0.0127851 -0.0154282 -0.0127851 2.08434e-05 -0.00812834 -0.0154282 -0.00812834 7.11064e-05)
(6.17942e-05 -0.0127917 -0.0154152 -0.0127917 2.63272e-05 -0.00813101 -0.0154152 -0.00813101 8.23776e-05)
(6.46938e-05 -0.0127924 -0.0154221 -0.0127924 3.03184e-05 -0.00812283 -0.0154221 -0.00812283 6.3824e-05)
(-1.76858e-05 -0.0127991 -0.0154473 -0.0127991 3.33934e-05 -0.00811304 -0.0154473 -0.00811304 0.000105761)
(7.24151e-05 -0.0128037 -0.0154262 -0.0128037 5.38151e-05 -0.0081439 -0.0154262 -0.0081439 4.47785e-05)
(0.000135638 -0.0128054 -0.01545 -0.0128054 3.36872e-05 -0.00813796 -0.01545 -0.00813796 4.9859e-05)
(-3.42193e-05 -0.0128028 -0.0154426 -0.0128028 4.14102e-05 -0.00811576 -0.0154426 -0.00811576 6.38249e-05)
(-3.28859e-05 -0.0128013 -0.0154415 -0.0128013 4.55417e-05 -0.00811408 -0.0154415 -0.00811408 7.51399e-05)
(6.14932e-05 -0.0127917 -0.0154131 -0.0127917 2.5706e-05 -0.00813061 -0.0154131 -0.00813061 8.24467e-05)
(8.30736e-05 -0.012809 -0.0154283 -0.012809 4.00281e-05 -0.00813717 -0.0154283 -0.00813717 3.15602e-05)
(1.1823e-05 -0.0127897 -0.0154333 -0.0127897 2.16686e-05 -0.00812417 -0.0154333 -0.00812417 5.01924e-05)
(2.45585e-05 -0.0127871 -0.0154335 -0.0127871 2.0152e-05 -0.00812587 -0.0154335 -0.00812587 4.94875e-05)
(6.94635e-05 -0.0127947 -0.0154152 -0.0127947 2.80468e-05 -0.00813378 -0.0154152 -0.00813378 6.93349e-05)
(5.01633e-05 -0.0127888 -0.0154213 -0.0127888 2.68244e-05 -0.00813459 -0.0154213 -0.00813459 8.97553e-05)
(3.71671e-05 -0.012793 -0.0154193 -0.012793 3.26596e-05 -0.00811613 -0.0154193 -0.00811613 0.00010892)
(6.4268e-05 -0.0127946 -0.0154165 -0.0127946 2.80675e-05 -0.00813467 -0.0154165 -0.00813467 6.21469e-05)
(3.66059e-05 -0.0127884 -0.0154301 -0.0127884 2.41637e-05 -0.0081332 -0.0154301 -0.0081332 3.78882e-05)
(5.72002e-05 -0.0127918 -0.0154226 -0.0127918 2.38341e-05 -0.00812952 -0.0154226 -0.00812952 5.41217e-05)
(7.46428e-05 -0.012798 -0.0154305 -0.012798 7.52002e-05 -0.00813704 -0.0154305 -0.00813704 2.85081e-05)
(3.72988e-05 -0.0127832 -0.0154299 -0.0127832 2.39905e-05 -0.0081353 -0.0154299 -0.0081353 6.38737e-05)
(5.65242e-05 -0.0127919 -0.0154162 -0.0127919 2.47784e-05 -0.00813057 -0.0154162 -0.00813057 7.83767e-05)
(5.67446e-05 -0.0128009 -0.0154306 -0.0128009 4.34325e-05 -0.00813726 -0.0154306 -0.00813726 3.31594e-05)
(5.83265e-05 -0.0127892 -0.0154123 -0.0127892 2.46282e-05 -0.00812687 -0.0154123 -0.00812687 7.69024e-05)
(8.31279e-05 -0.012797 -0.0154107 -0.012797 3.03082e-05 -0.0081356 -0.0154107 -0.0081356 7.52239e-05)
(1.29193e-06 -0.0127912 -0.0154338 -0.0127912 2.66738e-05 -0.00812296 -0.0154338 -0.00812296 5.47934e-05)
(-1.31178e-05 -0.0128013 -0.0154479 -0.0128013 4.36107e-05 -0.0081277 -0.0154479 -0.0081277 5.29376e-05)
(3.75568e-05 -0.0127901 -0.0154256 -0.0127901 2.15693e-05 -0.00812669 -0.0154256 -0.00812669 5.39898e-05)
(3.25934e-05 -0.0127894 -0.0154213 -0.0127894 2.50923e-05 -0.00812501 -0.0154213 -0.00812501 9.66882e-05)
(-8.04686e-05 -0.0128093 -0.0154502 -0.0128093 6.46142e-05 -0.00810206 -0.0154502 -0.00810206 9.53651e-05)
(4.64625e-05 -0.012791 -0.0154221 -0.012791 3.08588e-05 -0.00813705 -0.0154221 -0.00813705 0.000116594)
(5.61167e-05 -0.0127932 -0.0154177 -0.0127932 3.12045e-05 -0.00813908 -0.0154177 -0.00813908 8.15753e-05)
(8.18908e-05 -0.012801 -0.015415 -0.012801 3.67318e-05 -0.0081409 -0.015415 -0.0081409 7.35975e-05)
(4.61773e-05 -0.0127893 -0.0154175 -0.0127893 2.60775e-05 -0.0081313 -0.0154175 -0.0081313 9.1348e-05)
(9.87346e-06 -0.0127921 -0.0154254 -0.0127921 3.56352e-05 -0.00811434 -0.0154254 -0.00811434 8.15332e-05)
(8.51571e-05 -0.0128086 -0.0154158 -0.0128086 4.82896e-05 -0.00814724 -0.0154158 -0.00814724 6.62361e-05)
(3.77532e-05 -0.0127913 -0.0154374 -0.0127913 2.28766e-05 -0.00813228 -0.0154374 -0.00813228 3.492e-05)
(3.28324e-05 -0.0127907 -0.0154247 -0.0127907 2.41068e-05 -0.00812278 -0.0154247 -0.00812278 6.13255e-05)
(4.6014e-05 -0.0127932 -0.0154287 -0.0127932 2.6596e-05 -0.0081335 -0.0154287 -0.0081335 3.43696e-05)
(-7.57571e-06 -0.0127936 -0.0154381 -0.0127936 2.72012e-05 -0.00812253 -0.0154381 -0.00812253 5.26265e-05)
(2.3993e-05 -0.0127866 -0.0154273 -0.0127866 2.11322e-05 -0.00812864 -0.0154273 -0.00812864 5.16344e-05)
(2.56143e-05 -0.0127884 -0.0154359 -0.0127884 2.01918e-05 -0.00813073 -0.0154359 -0.00813073 3.51238e-05)
(7.36871e-05 -0.012791 -0.0154117 -0.012791 2.76758e-05 -0.0081205 -0.0154117 -0.0081205 7.97991e-05)
(9.51284e-05 -0.0128172 -0.0154271 -0.0128172 4.90509e-05 -0.00813872 -0.0154271 -0.00813872 3.0827e-05)
(-7.81654e-06 -0.0128019 -0.0154456 -0.0128019 3.10456e-05 -0.00812156 -0.0154456 -0.00812156 4.65145e-05)
(-5.36494e-05 -0.0128078 -0.0154467 -0.0128078 4.77462e-05 -0.00811105 -0.0154467 -0.00811105 7.65912e-05)
(6.13838e-05 -0.0127962 -0.0154251 -0.0127962 2.5783e-05 -0.00813287 -0.0154251 -0.00813287 3.79538e-05)
(4.10745e-05 -0.0127915 -0.0154379 -0.0127915 2.99615e-05 -0.00813254 -0.0154379 -0.00813254 3.29764e-05)
(2.71221e-05 -0.0127872 -0.0154227 -0.0127872 2.47008e-05 -0.00812929 -0.0154227 -0.00812929 9.95893e-05)
(-5.54578e-05 -0.0128058 -0.0154475 -0.0128058 4.50751e-05 -0.00810782 -0.0154475 -0.00810782 9.23752e-05)
(9.19548e-05 -0.0127936 -0.0154041 -0.0127936 2.99923e-05 -0.00813129 -0.0154041 -0.00813129 0.000100911)
(9.97558e-05 -0.012823 -0.0154233 -0.012823 8.58366e-05 -0.00815005 -0.0154233 -0.00815005 3.98407e-05)
(-1.93688e-05 -0.0128086 -0.0154484 -0.0128086 4.38283e-05 -0.00813035 -0.0154484 -0.00813035 4.46171e-05)
(4.63329e-05 -0.0127889 -0.015422 -0.0127889 2.61878e-05 -0.00813462 -0.015422 -0.00813462 8.33605e-05)
(7.71642e-05 -0.0128071 -0.0154297 -0.0128071 7.56514e-05 -0.00813969 -0.0154297 -0.00813969 2.9434e-05)
(2.49501e-05 -0.0127936 -0.0154381 -0.0127936 3.56983e-05 -0.00812622 -0.0154381 -0.00812622 5.42023e-05)
(7.48521e-05 -0.0127961 -0.0154137 -0.0127961 3.26697e-05 -0.00813842 -0.0154137 -0.00813842 7.96851e-05)
(1.20314e-05 -0.0127869 -0.0154388 -0.0127869 2.06414e-05 -0.00813075 -0.0154388 -0.00813075 3.53833e-05)
(6.94914e-05 -0.0127919 -0.0154316 -0.0127919 6.06524e-05 -0.00813688 -0.0154316 -0.00813688 3.21157e-05)
(0.000116684 -0.0128023 -0.0154208 -0.0128023 8.87385e-05 -0.00815093 -0.0154208 -0.00815093 5.54766e-05)
(-1.80867e-05 -0.012802 -0.0154444 -0.012802 3.90297e-05 -0.00812589 -0.0154444 -0.00812589 5.28342e-05)
(4.4748e-05 -0.0127923 -0.0154309 -0.0127923 2.65309e-05 -0.00812702 -0.0154309 -0.00812702 5.80756e-05)
(5.8545e-05 -0.0127935 -0.0154349 -0.0127935 2.60489e-05 -0.00813082 -0.0154349 -0.00813082 5.05549e-05)
(3.2584e-05 -0.0127896 -0.0154226 -0.0127896 2.85483e-05 -0.00812048 -0.0154226 -0.00812048 7.22366e-05)
(7.64028e-05 -0.0127999 -0.0154375 -0.0127999 2.89798e-05 -0.00813454 -0.0154375 -0.00813454 3.88883e-05)
(4.9954e-05 -0.0127911 -0.0154177 -0.0127911 3.43538e-05 -0.00811642 -0.0154177 -0.00811642 8.27159e-05)
(-1.95084e-06 -0.0127921 -0.0154359 -0.0127921 2.64463e-05 -0.00812357 -0.0154359 -0.00812357 5.27662e-05)
(2.88246e-05 -0.0127852 -0.015447 -0.0127852 2.16137e-05 -0.00813189 -0.015447 -0.00813189 4.70837e-05)
(9.19356e-05 -0.0127984 -0.0154169 -0.0127984 2.63834e-05 -0.00813029 -0.0154169 -0.00813029 5.31014e-05)
(5.28676e-05 -0.0127915 -0.0154176 -0.0127915 2.37281e-05 -0.00812905 -0.0154176 -0.00812905 6.1096e-05)
(2.81059e-05 -0.0127881 -0.0154418 -0.0127881 2.53613e-05 -0.0081237 -0.0154418 -0.0081237 0.000102526)
(-7.02921e-06 -0.0127921 -0.0154346 -0.0127921 2.69634e-05 -0.00811654 -0.0154346 -0.00811654 8.64466e-05)
(6.6907e-05 -0.0127981 -0.0154315 -0.0127981 2.79657e-05 -0.00813367 -0.0154315 -0.00813367 4.01937e-05)
(7.9514e-05 -0.0127963 -0.0154145 -0.0127963 2.68884e-05 -0.00813191 -0.0154145 -0.00813191 6.09064e-05)
(2.52237e-06 -0.0127878 -0.0154312 -0.0127878 2.1066e-05 -0.00812254 -0.0154312 -0.00812254 5.64173e-05)
(7.43025e-05 -0.0127968 -0.0154147 -0.0127968 3.41127e-05 -0.00813974 -0.0154147 -0.00813974 0.000123007)
(9.16631e-05 -0.0127973 -0.0154086 -0.0127973 2.76754e-05 -0.00813071 -0.0154086 -0.00813071 7.83914e-05)
(2.445e-05 -0.0127849 -0.0154353 -0.0127849 1.70931e-05 -0.00812875 -0.0154353 -0.00812875 2.98604e-05)
(3.68044e-05 -0.0127889 -0.0154327 -0.0127889 2.58115e-05 -0.00813306 -0.0154327 -0.00813306 3.21986e-05)
(6.85903e-05 -0.0127966 -0.0154285 -0.0127966 2.89225e-05 -0.00813495 -0.0154285 -0.00813495 4.5468e-05)
(4.0311e-05 -0.0127889 -0.0154158 -0.0127889 2.64134e-05 -0.00812026 -0.0154158 -0.00812026 8.46462e-05)
(1.95608e-05 -0.0127862 -0.0154285 -0.0127862 1.9021e-05 -0.00812765 -0.0154285 -0.00812765 4.80494e-05)
(-3.72285e-06 -0.0127915 -0.0154344 -0.0127915 2.59538e-05 -0.00812237 -0.0154344 -0.00812237 5.18823e-05)
(0.000108221 -0.0128277 -0.01542 -0.0128277 8.76567e-05 -0.00815172 -0.01542 -0.00815172 4.81477e-05)
(9.44457e-05 -0.0128079 -0.0154294 -0.0128079 6.69835e-05 -0.00814352 -0.0154294 -0.00814352 4.10479e-05)
(1.58486e-05 -0.0127852 -0.0154339 -0.0127852 1.87065e-05 -0.00812944 -0.0154339 -0.00812944 3.36744e-05)
(7.33118e-05 -0.0128044 -0.0154298 -0.0128044 4.63507e-05 -0.00813836 -0.0154298 -0.00813836 3.3802e-05)
(9.74451e-05 -0.0128063 -0.0154165 -0.0128063 4.64483e-05 -0.00814479 -0.0154165 -0.00814479 6.70979e-05)
(9.7023e-05 -0.0128119 -0.0154282 -0.0128119 4.32807e-05 -0.00813805 -0.0154282 -0.00813805 3.53817e-05)
(5.07174e-05 -0.012791 -0.0154186 -0.012791 2.46775e-05 -0.00812385 -0.0154186 -0.00812385 7.59719e-05)
(-6.98933e-05 -0.0128193 -0.0154527 -0.0128193 5.8841e-05 -0.00811997 -0.0154527 -0.00811997 5.70468e-05)
(6.73513e-05 -0.0128016 -0.0154242 -0.0128016 4.18811e-05 -0.00814139 -0.0154242 -0.00814139 4.25201e-05)
(4.32157e-05 -0.012794 -0.0154413 -0.012794 3.27843e-05 -0.00813087 -0.0154413 -0.00813087 3.08112e-05)
(6.65662e-05 -0.0127742 -0.0154352 -0.0127742 1.73248e-05 -0.00812853 -0.0154352 -0.00812853 3.5437e-05)
(7.46022e-05 -0.0127989 -0.0154198 -0.0127989 3.20643e-05 -0.00813687 -0.0154198 -0.00813687 5.32339e-05)
(8.42418e-05 -0.0127952 -0.0154356 -0.0127952 2.97213e-05 -0.00813278 -0.0154356 -0.00813278 4.82979e-05)
(5.35813e-05 -0.0127945 -0.0154234 -0.0127945 3.3276e-05 -0.00813941 -0.0154234 -0.00813941 5.2807e-05)
(6.85439e-05 -0.0127792 -0.0154314 -0.0127792 3.23994e-05 -0.00813687 -0.0154314 -0.00813687 4.17736e-05)
(4.18207e-05 -0.0127833 -0.0154381 -0.0127833 1.96233e-05 -0.00812986 -0.0154381 -0.00812986 3.75534e-05)
(9.24228e-05 -0.0127987 -0.0154315 -0.0127987 2.83969e-05 -0.00813318 -0.0154315 -0.00813318 4.25495e-05)
(-2.46724e-05 -0.012805 -0.0154479 -0.012805 7.70773e-05 -0.00812055 -0.0154479 -0.00812055 6.68852e-05)
(-9.27019e-05 -0.0128132 -0.0154519 -0.0128132 7.06527e-05 -0.00811355 -0.0154519 -0.00811355 7.28459e-05)
