/*--------------------------------*- C++ -*----------------------------------*\
  =========                 |
  \\      /  F ield         | OpenFOAM: The Open Source CFD Toolbox
   \\    /   O peration     | Website:  https://openfoam.org
    \\  /    A nd           | Version:  10
     \\/     M anipulation  |
\*---------------------------------------------------------------------------*/
FoamFile
{
    format      ascii;
    class       volTensorField;
    location    "1";
    object      TauNN;
}
// * * * * * * * * * * * * * * * * * * * * * * * * * * * * * * * * * * * * * //

dimensions      [0 2 -2 0 0 0 0];

internalField   nonuniform List<tensor> 
25600
(
(0.00127499 -0.00233531 0.00457515 -0.00233531 0.00819131 -0.00276039 0.00457515 -0.00276039 0.00617191)
(0.00150293 -0.00210457 0.00460472 -0.00210457 0.00794795 -0.00262693 0.00460472 -0.00262693 0.0060682)
(-0.000684014 -0.00294889 0.00530733 -0.00294889 0.00915937 -0.00196308 0.00530733 -0.00196308 0.00845169)
(-0.000203169 -0.0031901 0.00542616 -0.0031901 0.00932205 -0.00214162 0.00542616 -0.00214162 0.00848711)
(-0.000188297 -0.00249535 0.00492329 -0.00249535 0.00870399 -0.0025449 0.00492329 -0.0025449 0.00711302)
(-0.000132467 -0.00212176 0.00484856 -0.00212176 0.00852733 -0.00237979 0.00484856 -0.00237979 0.00689218)
(-0.00061479 -0.00279867 0.00520923 -0.00279867 0.00915093 -0.00190549 0.00520923 -0.00190549 0.00853334)
(-0.000189753 -0.0030169 0.00531251 -0.0030169 0.0092685 -0.00196885 0.00531251 -0.00196885 0.00870317)
(-0.0002273 -0.0024591 0.00502794 -0.0024591 0.0088926 -0.00235181 0.00502794 -0.00235181 0.00755199)
(0.000121059 -0.00232418 0.00494748 -0.00232418 0.00876558 -0.00240068 0.00494748 -0.00240068 0.0072512)
(0.00068692 -0.0027692 0.00517962 -0.0027692 0.00907782 -0.00243089 0.00517962 -0.00243089 0.00792875)
(0.000395763 -0.0028118 0.00520938 -0.0028118 0.0090452 -0.00241364 0.00520938 -0.00241364 0.0079358)
(-0.000294621 -0.00238592 0.00500932 -0.00238592 0.00865074 -0.00237468 0.00500932 -0.00237468 0.00726631)
(-0.000973211 -0.00231274 0.00505201 -0.00231274 0.00869541 -0.00207639 0.00505201 -0.00207639 0.00761375)
(-0.00149988 -0.00287735 0.00524906 -0.00287735 0.00917023 -0.00131704 0.00524906 -0.00131704 0.00882365)
(-0.00185675 -0.00256287 0.00536213 -0.00256287 0.00957948 -0.00132028 0.00536213 -0.00132028 0.00822734)
(-0.00143255 -0.00323487 0.00554292 -0.00323487 0.00943533 -0.00152141 0.00554292 -0.00152141 0.00886901)
(-0.000848884 -0.00297747 0.00533022 -0.00297747 0.00911792 -0.00205971 0.00533022 -0.00205971 0.00827856)
(-0.000768996 -0.00268515 0.00507633 -0.00268515 0.00877981 -0.00239908 0.00507633 -0.00239908 0.00747798)
(0.000389825 -0.00245016 0.00449137 -0.00245016 0.00819195 -0.00271236 0.00449137 -0.00271236 0.00647647)
(0.0026983 -0.0025222 0.00354037 -0.0025222 0.00722416 -0.00299888 0.00354037 -0.00299888 0.00535633)
(0.00371738 -0.00258368 0.0032067 -0.00258368 0.0067792 -0.00306193 0.0032067 -0.00306193 0.00509589)
(0.00301873 -0.00256165 0.00337311 -0.00256165 0.00703908 -0.00301533 0.00337311 -0.00301533 0.0052456)
(0.00206931 -0.00259272 0.00357125 -0.00259272 0.0073868 -0.00296226 0.00357125 -0.00296226 0.00554949)
(0.00178313 -0.00231928 0.00384475 -0.00231928 0.00747318 -0.00285386 0.00384475 -0.00285386 0.00563931)
(0.00210615 -0.00241322 0.00377585 -0.00241322 0.00731871 -0.0029236 0.00377585 -0.0029236 0.00554612)
(0.00294057 -0.00242341 0.00342641 -0.00242341 0.00699571 -0.00293265 0.00342641 -0.00293265 0.00534301)
(0.00346907 -0.00201872 0.00315291 -0.00201872 0.00688092 -0.00275658 0.00315291 -0.00275658 0.00520665)
(0.00106171 -0.00171573 0.00414792 -0.00171573 0.00774417 -0.00232151 0.00414792 -0.00232151 0.00610501)
(-0.000648718 -0.00200919 0.00481625 -0.00200919 0.00844112 -0.00192923 0.00481625 -0.00192923 0.00737531)
(-0.000259799 -0.00179527 0.00469327 -0.00179527 0.00825591 -0.00202837 0.00469327 -0.00202837 0.00693988)
(-0.000891019 -0.00200486 0.00487758 -0.00200486 0.0085716 -0.0016751 0.00487758 -0.0016751 0.00764928)
(-0.00160983 -0.00294492 0.00534307 -0.00294492 0.009238 -0.00148168 0.00534307 -0.00148168 0.0086015)
(-0.000535968 -0.00285472 0.00522763 -0.00285472 0.00912888 -0.00218653 0.00522763 -0.00218653 0.00815925)
(0.000314759 -0.00234145 0.0048102 -0.00234145 0.00841303 -0.00257775 0.0048102 -0.00257775 0.00674433)
(0.000234132 -0.00197513 0.00478727 -0.00197513 0.00826308 -0.00233784 0.00478727 -0.00233784 0.00667396)
(-0.000982562 -0.00234425 0.00505294 -0.00234425 0.00878765 -0.00198351 0.00505294 -0.00198351 0.00782562)
(-0.00107317 -0.00251776 0.00510924 -0.00251776 0.00889501 -0.00204352 0.00510924 -0.00204352 0.00791012)
(-0.0012227 -0.00276925 0.00520614 -0.00276925 0.0090945 -0.00182086 0.00520614 -0.00182086 0.0083924)
(-0.000334544 -0.00274677 0.00514645 -0.00274677 0.00910094 -0.0022951 0.00514645 -0.0022951 0.00797833)
(-0.000138699 -0.00341595 0.00487413 -0.00341595 0.00956744 -0.0027597 0.00487413 -0.0027597 0.00782426)
(0.00253801 -0.00454784 0.00288006 -0.00454784 0.00892268 -0.00283469 0.00288006 -0.00283469 0.0076526)
(0.000635581 -0.00285647 0.00464475 -0.00285647 0.00892857 -0.00185996 0.00464475 -0.00185996 0.00884846)
(-0.000658918 -0.0027125 0.00598568 -0.0027125 0.00969714 -0.00228778 0.00598568 -0.00228778 0.0078699)
(-0.000393601 -0.0027144 0.00564199 -0.0027144 0.00939253 -0.00254788 0.00564199 -0.00254788 0.00799449)
(9.96165e-05 -0.00315014 0.00456102 -0.00315014 0.0092328 -0.00220573 0.00456102 -0.00220573 0.00867595)
(0.000649748 -0.00208956 0.00472081 -0.00208956 0.00886349 -0.00137636 0.00472081 -0.00137636 0.00856579)
(-0.00126737 -0.00233994 0.00577351 -0.00233994 0.0097721 -0.00195579 0.00577351 -0.00195579 0.00783453)
(-0.00117369 -0.00274459 0.00605922 -0.00274459 0.00981299 -0.00217254 0.00605922 -0.00217254 0.00817038)
(3.99119e-05 -0.00239164 0.00501812 -0.00239164 0.00913537 -0.00161897 0.00501812 -0.00161897 0.00859316)
(0.000923636 -0.00252291 0.00514355 -0.00252291 0.00923353 -0.00149654 0.00514355 -0.00149654 0.00882673)
(0.00256255 -0.00350825 0.00595261 -0.00350825 0.00935751 -0.00203935 0.00595261 -0.00203935 0.00934437)
(0.00239969 -0.00378177 0.00568339 -0.00378177 0.00934148 -0.00222999 0.00568339 -0.00222999 0.00928284)
(-0.00103429 -0.00252206 0.00532979 -0.00252206 0.00929757 -0.00211053 0.00532979 -0.00211053 0.00841479)
(0.00061249 -0.000357289 0.00420303 -0.000357289 0.00909005 -0.00139191 0.00420303 -0.00139191 0.00646121)
(0.00306178 0.000146921 0.00278887 0.000146921 0.00904791 -0.000768069 0.00278887 -0.000768069 0.00561005)
(0.000332339 -0.00146466 0.00463203 -0.00146466 0.00947658 -0.00146334 0.00463203 -0.00146334 0.0069454)
(-0.000369653 -0.00285269 0.00634239 -0.00285269 0.0097878 -0.00232934 0.00634239 -0.00232934 0.00799427)
(-0.000279311 -0.00273182 0.00583924 -0.00273182 0.00933726 -0.0025687 0.00583924 -0.0025687 0.00780524)
(0.00240502 -0.000139532 0.00487186 -0.000139532 0.00648445 -0.0033578 0.00487186 -0.0033578 0.00590607)
(0.00352652 -0.000138663 0.00325209 -0.000138663 0.00404949 -0.00471656 0.00325209 -0.00471656 0.00652516)
(0.00344939 -0.000235806 0.0032535 -0.000235806 0.00430926 -0.00462892 0.0032535 -0.00462892 0.00644139)
(0.00324249 0.000123313 0.00371788 0.000123313 0.00405347 -0.00439156 0.00371788 -0.00439156 0.00635525)
(0.00417913 0.000965117 0.004262 0.000965117 0.00363646 -0.00378712 0.004262 -0.00378712 0.00592418)
(0.00509313 0.000812932 0.00427716 0.000812932 0.0043927 -0.00382774 0.00427716 -0.00382774 0.00659452)
(0.00236525 -0.00162333 0.00526117 -0.00162333 0.00756553 -0.00313692 0.00526117 -0.00313692 0.00768445)
(0.000887252 -0.00163462 0.00623348 -0.00163462 0.00866977 -0.00314816 0.00623348 -0.00314816 0.00872989)
(-3.93882e-05 -0.000770461 0.00664226 -0.000770461 0.00851097 -0.00277761 0.00664226 -0.00277761 0.00842602)
(-5.65028e-05 -5.77113e-05 0.00631815 -5.77113e-05 0.00849619 -0.00231398 0.00631815 -0.00231398 0.00780754)
(0.000762345 0.000336906 0.00591691 0.000336906 0.00854129 -0.00206081 0.00591691 -0.00206081 0.00741772)
(0.00127588 0.00023242 0.00627801 0.00023242 0.00854635 -0.0022696 0.00627801 -0.0022696 0.00781026)
(0.000773094 -3.01348e-05 0.00556828 -3.01348e-05 0.00882514 -0.00210841 0.00556828 -0.00210841 0.00767584)
(0.00163132 -0.000355061 0.0047235 -0.000355061 0.00911012 -0.00173964 0.0047235 -0.00173964 0.00693935)
(-0.000211897 -0.00172589 0.00537611 -0.00172589 0.00927045 -0.00223758 0.00537611 -0.00223758 0.00787331)
(-0.00019765 -0.00279258 0.00476969 -0.00279258 0.00912238 -0.00262779 0.00476969 -0.00262779 0.00830859)
(-0.000524999 -0.00270522 0.00461287 -0.00270522 0.00918515 -0.00246985 0.00461287 -0.00246985 0.00869387)
(-0.000804988 -0.00240118 0.00501723 -0.00240118 0.0092694 -0.00225904 0.00501723 -0.00225904 0.00848222)
(-0.000449928 -0.00287601 0.004987 -0.00287601 0.00935823 -0.00215093 0.004987 -0.00215093 0.0085959)
(-0.000162414 -0.00225036 0.00471018 -0.00225036 0.00937351 -0.00187621 0.00471018 -0.00187621 0.0085268)
(9.95315e-05 -0.00233618 0.0052468 -0.00233618 0.00955293 -0.00212392 0.0052468 -0.00212392 0.0079919)
(0.00424501 -0.0019507 0.00284865 -0.0019507 0.00861203 -0.00378995 0.00284865 -0.00378995 0.00556779)
(0.00103467 -0.00424963 0.00417623 -0.00424963 0.00960355 -0.00308042 0.00417623 -0.00308042 0.0061046)
(0.003633 -0.00173002 0.00466018 -0.00173002 0.00901804 -0.00180336 0.00466018 -0.00180336 0.00698545)
(0.00801569 -0.00295792 0.00510158 -0.00295792 0.00986647 -0.00184177 0.00510158 -0.00184177 0.00833105)
(0.00370126 -0.00418411 0.00538255 -0.00418411 0.010432 -0.00252169 0.00538255 -0.00252169 0.00787628)
(0.00181941 -0.00319167 0.00545571 -0.00319167 0.0098748 -0.00195198 0.00545571 -0.00195198 0.00798319)
(0.00768141 -0.000141901 0.00455708 -0.000141901 0.00856927 -0.00106421 0.00455708 -0.00106421 0.00680905)
(0.0080426 -0.00308879 0.00534069 -0.00308879 0.00989661 -0.00144596 0.00534069 -0.00144596 0.00852603)
(0.00456351 -0.00380754 0.00581372 -0.00380754 0.0106194 -0.00178907 0.00581372 -0.00178907 0.00905117)
(0.00403625 -0.00322393 0.00546193 -0.00322393 0.0101161 -0.00141513 0.00546193 -0.00141513 0.00901437)
(0.0086031 -0.00378233 0.00505642 -0.00378233 0.00975762 -0.00151726 0.00505642 -0.00151726 0.00782536)
(0.00906081 -0.00436474 0.00557593 -0.00436474 0.0106886 -0.00216566 0.00557593 -0.00216566 0.0094226)
(0.00347863 -0.0032075 0.00530222 -0.0032075 0.00962799 -0.00239566 0.00530222 -0.00239566 0.00813986)
(0.00258675 -0.00236516 0.00525987 -0.00236516 0.00927372 -0.00157624 0.00525987 -0.00157624 0.00817588)
(0.0144438 -0.00304549 0.00354591 -0.00304549 0.00952809 0.00098612 0.00354591 0.00098612 0.00881164)
(0.0189692 -0.00355248 0.00254448 -0.00355248 0.00934213 0.00172662 0.00254448 0.00172662 0.00894416)
(0.00991097 -0.0034118 0.00401461 -0.0034118 0.00996566 0.000106739 0.00401461 0.000106739 0.00888486)
(0.000176938 -0.00348593 0.00575872 -0.00348593 0.00978116 -0.00162817 0.00575872 -0.00162817 0.00877786)
(0.000478172 -0.00371556 0.00599233 -0.00371556 0.00965712 -0.00199861 0.00599233 -0.00199861 0.00879537)
(0.00243479 -0.00399548 0.00543354 -0.00399548 0.0101748 -0.00268633 0.00543354 -0.00268633 0.007291)
(0.00404868 -0.0010719 0.00261911 -0.0010719 0.00688898 -0.00421014 0.00261911 -0.00421014 0.0056474)
(0.00544719 -0.00142405 0.0017189 -0.00142405 0.00677591 -0.00438315 0.0017189 -0.00438315 0.00588921)
(0.00325213 -0.000999945 0.00317688 -0.000999945 0.00724311 -0.00372478 0.00317688 -0.00372478 0.00518583)
(0.00435855 0.000473461 0.00379998 0.000473461 0.00699696 -0.00220565 0.00379998 -0.00220565 0.00391626)
(0.0135831 0.00129325 0.00320105 0.00129325 0.00717577 -0.00102615 0.00320105 -0.00102615 0.00299056)
(0.00586155 -0.00185922 0.00257118 -0.00185922 0.00789732 -0.00316109 0.00257118 -0.00316109 0.00511041)
(-0.000653878 -0.00356265 0.0054705 -0.00356265 0.00829912 -0.00277978 0.0054705 -0.00277978 0.0054765)
(-0.000198294 -0.00256077 0.00561876 -0.00256077 0.00908218 -0.00199196 0.00561876 -0.00199196 0.00568324)
(0.00735002 -0.00172302 0.00345273 -0.00172302 0.00993199 -0.000639682 0.00345273 -0.000639682 0.00557527)
(0.0140545 -0.00294871 0.00284145 -0.00294871 0.00997811 0.000500029 0.00284145 0.000500029 0.00669965)
(0.0127015 -0.00288775 0.00346378 -0.00288775 0.00997097 0.000175763 0.00346378 0.000175763 0.00673593)
(0.00858281 -0.00222827 0.00398714 -0.00222827 0.00933379 0.000404795 0.00398714 0.000404795 0.00764216)
(0.0115399 -0.00183418 0.0045718 -0.00183418 0.00919457 0.00010608 0.0045718 0.00010608 0.00740864)
(0.0112394 -0.00338053 0.0046605 -0.00338053 0.00989403 -0.00161495 0.0046605 -0.00161495 0.00653145)
(0.0088066 -0.00394015 0.00412466 -0.00394015 0.00997435 -0.00229674 0.00412466 -0.00229674 0.0060404)
(0.00951252 -0.00352236 0.00409097 -0.00352236 0.00984446 -0.00194654 0.00409097 -0.00194654 0.00589444)
(0.0057475 -0.00360849 0.00514149 -0.00360849 0.010207 -0.00188601 0.00514149 -0.00188601 0.00762001)
(0.00282074 -0.00294604 0.00528035 -0.00294604 0.00971877 -0.00173439 0.00528035 -0.00173439 0.00816009)
(0.00724849 -0.00158936 0.00506734 -0.00158936 0.00914844 -0.00103529 0.00506734 -0.00103529 0.00751326)
(0.0120978 -0.00131417 0.00387023 -0.00131417 0.00884299 -0.0012896 0.00387023 -0.0012896 0.00656468)
(0.0131173 -0.00325417 -0.000509075 -0.00325417 0.00894925 -0.0024526 -0.000509075 -0.0024526 0.00895141)
(0.00554626 1.6368e-05 0.00340664 1.6368e-05 0.00586938 -0.00391068 0.00340664 -0.00391068 0.00643376)
(0.0128903 -0.00187031 0.00437494 -0.00187031 0.00868379 -0.00229625 0.00437494 -0.00229625 0.00837742)
(0.0137215 -0.00453396 -8.94694e-05 -0.00453396 0.00960136 -0.0027031 -8.94694e-05 -0.0027031 0.00667764)
(0.0123052 -0.00552122 -0.00112004 -0.00552122 0.00981822 -0.00299127 -0.00112004 -0.00299127 0.0057901)
(0.0109844 -0.00299183 0.00322418 -0.00299183 0.00904182 -0.00249897 0.00322418 -0.00249897 0.00756494)
(0.0111494 -0.0035467 0.00312599 -0.0035467 0.00954861 -0.00222839 0.00312599 -0.00222839 0.00847639)
(0.00724448 0.000562182 -0.00156199 0.000562182 0.00737312 -0.00221081 -0.00156199 -0.00221081 0.00373724)
(0.00894245 -0.00298417 0.0016951 -0.00298417 0.00855759 -0.00235942 0.0016951 -0.00235942 0.00702717)
(0.0142877 -0.00403703 0.00390266 -0.00403703 0.00928571 -0.00290924 0.00390266 -0.00290924 0.00734046)
(0.017754 -0.00178881 0.00475251 -0.00178881 0.00842298 -0.00193362 0.00475251 -0.00193362 0.00737389)
(0.0150097 -0.000638179 0.00435049 -0.000638179 0.00768664 -0.00242329 0.00435049 -0.00242329 0.00717541)
(0.0158405 -0.00656131 0.000601351 -0.00656131 0.0104589 -0.00327599 0.000601351 -0.00327599 0.00634845)
(0.0148294 -0.00543565 0.00180404 -0.00543565 0.0102415 -0.00262409 0.00180404 -0.00262409 0.00784784)
(0.0191022 -0.00190718 -0.00311148 -0.00190718 0.00717623 0.00281843 -0.00311148 0.00281843 0.00953262)
(0.0222311 -0.00132868 -0.00229113 -0.00132868 0.00747867 0.00295563 -0.00229113 0.00295563 0.00967206)
(0.0146964 -0.000286996 0.00378382 -0.000286996 0.00851196 -0.000376896 0.00378382 -0.000376896 0.00844577)
(0.0130661 -0.00388891 0.00400789 -0.00388891 0.00986311 -0.00211048 0.00400789 -0.00211048 0.00883908)
(0.0231269 -0.00612448 0.00419898 -0.00612448 0.0104835 -0.0023138 0.00419898 -0.0023138 0.0107717)
(0.0211009 -0.00595141 0.00407394 -0.00595141 0.0104264 -0.00192901 0.00407394 -0.00192901 0.0110087)
(0.00502371 -0.00524681 0.00186906 -0.00524681 0.00888348 -0.00299837 0.00186906 -0.00299837 0.00643157)
(0.00966676 -0.00581385 -0.0010045 -0.00581385 0.00873823 -0.003197 -0.0010045 -0.003197 0.00492375)
(0.0124588 -0.00439402 -0.00212558 -0.00439402 0.00865437 -0.00303986 -0.00212558 -0.00303986 0.00555973)
(0.0124092 -0.00224181 0.00170426 -0.00224181 0.0089551 -0.00211658 0.00170426 -0.00211658 0.00969794)
(0.00970454 -0.000437336 0.00368804 -0.000437336 0.00841927 -0.00104685 0.00368804 -0.00104685 0.00881745)
(0.00772513 -0.00164666 -0.000248862 -0.00164666 0.00394422 -0.00216887 -0.000248862 -0.00216887 0.00979543)
(0.0159162 -0.00321642 6.68177e-05 -0.00321642 0.00883619 -0.0023125 6.68177e-05 -0.0023125 0.00957443)
(0.0160763 -0.0037986 9.1292e-05 -0.0037986 0.00949963 -0.0025129 9.1292e-05 -0.0025129 0.00899408)
(0.013282 -0.003168 0.00219388 -0.003168 0.00958136 -0.00155004 0.00219388 -0.00155004 0.00963447)
(0.0116065 -0.00206688 0.00204931 -0.00206688 0.00921412 -0.000629515 0.00204931 -0.000629515 0.00835506)
(0.00808788 -0.000521188 0.00281817 -0.000521188 0.0091165 -0.000931574 0.00281817 -0.000931574 0.00632857)
(0.0128755 -0.00141911 0.0031127 -0.00141911 0.00920325 -0.000926734 0.0031127 -0.000926734 0.0072304)
(0.0189041 -0.00261021 0.00108417 -0.00261021 0.00922585 0.000115299 0.00108417 0.000115299 0.00863919)
(0.0151567 -0.00153121 0.00336403 -0.00153121 0.0089186 -0.00176776 0.00336403 -0.00176776 0.0108629)
(0.0169758 -0.00313639 0.000725448 -0.00313639 0.00963259 -0.00271813 0.000725448 -0.00271813 0.00995149)
(0.0125915 -0.0030559 -0.0005632 -0.0030559 0.00959505 -0.00280439 -0.0005632 -0.00280439 0.00810118)
(0.0123631 -0.00278488 -0.000363201 -0.00278488 0.00939772 -0.00251836 -0.000363201 -0.00251836 0.00714539)
(0.0112025 -0.0045107 1.4401e-05 -0.0045107 0.00976057 -0.00266828 1.4401e-05 -0.00266828 0.00679412)
(0.0140896 -0.00394285 0.000359839 -0.00394285 0.00959553 -0.00253975 0.000359839 -0.00253975 0.00843851)
(0.0128081 -0.000693265 -0.00133009 -0.000693265 0.00798135 -0.00397161 -0.00133009 -0.00397161 0.00707474)
(0.00720325 0.000139571 -0.000242698 0.000139571 0.0070635 -0.0026492 -0.000242698 -0.0026492 0.00494632)
(0.00659232 -0.0033102 -0.00123815 -0.0033102 0.00672798 -0.002509 -0.00123815 -0.002509 0.00793833)
(0.012299 0.000494191 0.00324932 0.000494191 0.00831297 -0.00165009 0.00324932 -0.00165009 0.00425933)
(0.00728759 -0.00364849 0.00284294 -0.00364849 0.00903279 -0.00308174 0.00284294 -0.00308174 0.00606902)
(0.00797406 -0.00488092 -0.00130324 -0.00488092 0.00837163 -0.0030494 -0.00130324 -0.0030494 0.00583606)
(0.00538058 -0.00172547 0.000165571 -0.00172547 0.00671299 -0.00315958 0.000165571 -0.00315958 0.00465329)
(0.00915339 -0.00322576 0.00361074 -0.00322576 0.00913997 -0.00188451 0.00361074 -0.00188451 0.00518102)
(0.00880322 0.000374978 0.000596657 0.000374978 0.00625324 0.001506 0.000596657 0.001506 0.00417726)
(0.00895673 -0.0033915 -1.47987e-06 -0.0033915 0.00813616 -0.00123442 -1.47987e-06 -0.00123442 0.00627326)
(0.00154414 -0.00119125 0.000140602 -0.00119125 0.00511191 -0.00202485 0.000140602 -0.00202485 0.00295852)
(0.0110327 0.000137202 0.00297493 0.000137202 0.0064932 0.00170566 0.00297493 0.00170566 0.00733403)
(0.006191 -0.000320869 0.0030722 -0.000320869 0.00674058 0.000393374 0.0030722 0.000393374 0.00512275)
(0.00492814 -0.00282944 0.000811916 -0.00282944 0.00757337 -0.00403803 0.000811916 -0.00403803 0.00561738)
(0.00769609 -0.00415851 0.00209004 -0.00415851 0.00919577 -0.00248541 0.00209004 -0.00248541 0.00466279)
(0.012877 0.00107664 0.00315717 0.00107664 0.00629525 0.00167843 0.00315717 0.00167843 0.0079583)
(0.0116979 0.0021061 0.00350062 0.0021061 0.00558617 0.00154724 0.00350062 0.00154724 0.00754092)
(0.0113826 0.0015299 0.00368269 0.0015299 0.00585295 0.00178603 0.00368269 0.00178603 0.00763126)
(0.00838651 0.00154396 0.00416259 0.00154396 0.00614985 0.00045777 0.00416259 0.00045777 0.00608679)
(0.00397653 -0.00154358 -0.000606739 -0.00154358 0.00721819 -0.000554161 -0.000606739 -0.000554161 0.00299939)
(0.0165607 -0.0057113 0.00489943 -0.0057113 0.0102336 -0.00263723 0.00489943 -0.00263723 0.00925211)
(0.00369983 -0.00368516 0.00521634 -0.00368516 0.00968773 -0.00253841 0.00521634 -0.00253841 0.0081794)
(0.00169018 -0.00349455 0.00473266 -0.00349455 0.00921296 -0.0027584 0.00473266 -0.0027584 0.00729697)
(0.00994666 -0.00382399 0.00329221 -0.00382399 0.00978289 -0.0022633 0.00329221 -0.0022633 0.00703411)
(0.0146256 0.000410399 0.00296283 0.000410399 0.00754826 0.000818362 0.00296283 0.000818362 0.0059107)
(0.0128417 -0.000572545 0.00310001 -0.000572545 0.00836913 0.000124286 0.00310001 0.000124286 0.00538153)
(0.00880941 -0.00161498 0.00171047 -0.00161498 0.00837612 -0.00140564 0.00171047 -0.00140564 0.00395867)
(0.0111908 -0.0032601 -0.000460512 -0.0032601 0.00376452 -0.00258085 -0.000460512 -0.00258085 0.00877214)
(0.0118752 -0.00189575 -0.00164972 -0.00189575 0.00622348 -0.00358788 -0.00164972 -0.00358788 0.00585817)
(0.00931133 0.00274477 0.00173418 0.00274477 0.00710136 -0.00100861 0.00173418 -0.00100861 0.0054372)
(0.0114966 0.000425865 0.00450087 0.000425865 0.00801221 -0.000484142 0.00450087 -0.000484142 0.00788111)
(0.0159333 -0.00358967 0.00326246 -0.00358967 0.00943621 0.000173243 0.00326246 0.000173243 0.00902987)
(0.0230521 -0.00446419 -0.000286145 -0.00446419 0.00959136 0.00203393 -0.000286145 0.00203393 0.00732784)
(0.0194842 -0.00353216 -0.00275468 -0.00353216 0.00827367 0.00342341 -0.00275468 0.00342341 0.00769129)
(0.0117126 -0.00126922 0.00250524 -0.00126922 0.00791615 0.000627933 0.00250524 0.000627933 0.00431963)
(0.010197 -0.00254529 0.00259084 -0.00254529 0.00913886 -0.0021161 0.00259084 -0.0021161 0.0061395)
(0.00943368 -0.00108329 0.00292356 -0.00108329 0.00838733 -0.00183123 0.00292356 -0.00183123 0.00628038)
(0.010931 3.56119e-05 0.00282738 3.56119e-05 0.00811968 -0.00153372 0.00282738 -0.00153372 0.00643893)
(0.00319389 -0.00379958 0.000857318 -0.00379958 0.00818071 -0.00311651 0.000857318 -0.00311651 0.00420424)
(0.00621281 -0.00277201 0.00230817 -0.00277201 0.00834535 -0.00190174 0.00230817 -0.00190174 0.00485146)
(0.0117718 -0.0002302 0.00341738 -0.0002302 0.00832172 -0.00121167 0.00341738 -0.00121167 0.00656331)
(0.00830303 -0.00183549 -0.000759819 -0.00183549 0.00751669 -0.00393391 -0.000759819 -0.00393391 0.00628125)
(0.00503481 -0.00158784 6.84801e-06 -0.00158784 0.00600144 -0.00320337 6.84801e-06 -0.00320337 0.00816162)
(0.00175487 0.000220846 -0.000359316 0.000220846 0.00503064 -0.00227551 -0.000359316 -0.00227551 0.00321309)
(0.000610042 -0.000736821 0.000663809 -0.000736821 0.00277669 -0.00235416 0.000663809 -0.00235416 0.00422353)
(0.00631602 -0.00151335 0.000974124 -0.00151335 0.00438209 -0.000680805 0.000974124 -0.000680805 0.0123721)
(0.00883701 -0.00272126 -0.00171927 -0.00272126 0.00853676 -0.0033476 -0.00171927 -0.0033476 0.00584989)
(0.0094287 0.000579713 0.000351012 0.000579713 0.00765777 -0.00215699 0.000351012 -0.00215699 0.00561115)
(0.00714474 -0.00242725 0.00252596 -0.00242725 0.00802293 -0.00205893 0.00252596 -0.00205893 0.00782928)
(0.00110508 -0.000235438 -0.000121525 -0.000235438 0.00169533 -0.00148223 -0.000121525 -0.00148223 0.00378381)
(0.00558 -0.000466001 -0.000360152 -0.000466001 0.0074378 -0.00279005 -0.000360152 -0.00279005 0.00509022)
(0.00972917 0.000473658 0.00217177 0.000473658 0.00642652 0.000446457 0.00217177 0.000446457 0.00658774)
(0.00963621 0.000954404 0.00197182 0.000954404 0.00639406 -0.000122796 0.00197182 -0.000122796 0.00587466)
(0.00891806 -0.00344568 0.000874996 -0.00344568 0.00784514 -0.00281754 0.000874996 -0.00281754 0.0071304)
(0.0105951 -0.00198257 0.00296208 -0.00198257 0.00763616 -0.00156901 0.00296208 -0.00156901 0.00720182)
(0.0114948 0.000820586 0.00301888 0.000820586 0.00673577 0.000343365 0.00301888 0.000343365 0.00734716)
(0.0167896 -0.00400984 -0.00113333 -0.00400984 0.00749645 0.000954664 -0.00113333 0.000954664 0.00930767)
(0.0129119 -0.0034091 -0.00128261 -0.0034091 0.00719019 0.00052115 -0.00128261 0.00052115 0.00682169)
(0.00473766 -0.000565419 1.18222e-05 -0.000565419 0.00674002 -0.00200996 1.18222e-05 -0.00200996 0.00357517)
(0.00641901 -0.00124979 -0.000383176 -0.00124979 0.00637576 7.0408e-06 -0.000383176 7.0408e-06 0.00215618)
(0.00869183 -0.00354141 0.0011307 -0.00354141 0.00849978 -0.00246475 0.0011307 -0.00246475 0.00650412)
(0.00933727 -0.00468009 0.00302421 -0.00468009 0.0102606 -0.00277043 0.00302421 -0.00277043 0.00746242)
(0.0136526 -0.00577372 0.00159509 -0.00577372 0.0104416 -0.00302757 0.00159509 -0.00302757 0.00712027)
(0.0198588 -0.00572976 0.0012911 -0.00572976 0.0102876 -0.00252242 0.0012911 -0.00252242 0.00785627)
(0.018217 -0.00268214 3.05492e-05 -0.00268214 0.00873141 0.000318625 3.05492e-05 0.000318625 0.00911512)
(0.0146675 -0.00216589 0.00135455 -0.00216589 0.00892378 -0.000136632 0.00135455 -0.000136632 0.00826777)
(0.00944052 -0.000859439 0.00197143 -0.000859439 0.00834705 -0.000503988 0.00197143 -0.000503988 0.00626852)
(0.00815336 -0.00134131 -0.00201838 -0.00134131 0.0043593 -0.0027185 -0.00201838 -0.0027185 0.0113265)
(0.0141598 -0.00247619 -0.00280856 -0.00247619 0.00675676 -0.00517574 -0.00280856 -0.00517574 0.0074061)
(0.0103296 -0.000644474 -0.00240215 -0.000644474 0.00784108 -0.00405818 -0.00240215 -0.00405818 0.00595429)
(0.00588218 -0.00288291 -0.000171179 -0.00288291 0.00782189 0.00024926 -0.000171179 0.00024926 0.00443378)
(0.0127335 -0.00107268 -0.00167175 -0.00107268 0.00533402 0.00367807 -0.00167175 0.00367807 0.0101543)
(0.0261007 -0.00379755 -0.00570129 -0.00379755 0.00758537 0.00440012 -0.00570129 0.00440012 0.00928399)
(0.0273077 -0.00227749 -0.00186914 -0.00227749 0.0083352 0.00273033 -0.00186914 0.00273033 0.00752665)
(0.0177826 -0.000823326 0.00403753 -0.000823326 0.00849226 -0.000728 0.00403753 -0.000728 0.00988896)
(0.0136395 -0.00349158 0.000886016 -0.00349158 0.00966885 -0.00257141 0.000886016 -0.00257141 0.00885204)
(0.0136634 -0.00325471 -0.000168585 -0.00325471 0.00987449 -0.00281207 -0.000168585 -0.00281207 0.00913103)
(0.0114223 -0.00171931 -0.00158853 -0.00171931 0.00895823 -0.00337866 -0.00158853 -0.00337866 0.00706988)
(0.0089025 -0.00327861 -0.00154549 -0.00327861 0.00860552 -0.00320152 -0.00154549 -0.00320152 0.00563034)
(0.0091802 -0.00322535 -0.000730229 -0.00322535 0.0089218 -0.00284201 -0.000730229 -0.00284201 0.00649111)
(0.0106509 -0.00286448 0.000194719 -0.00286448 0.00916028 -0.00267578 0.000194719 -0.00267578 0.00851234)
(0.00328151 -0.00151588 -0.000442243 -0.00151588 0.00343566 -0.00289249 -0.000442243 -0.00289249 0.00725159)
(0.0067406 -0.00364202 -0.00124698 -0.00364202 0.0073814 -0.00342198 -0.00124698 -0.00342198 0.00484639)
(0.00938018 -0.00540567 -0.000169318 -0.00540567 0.0109841 0.000595905 -0.000169318 0.000595905 0.00657151)
(0.0129842 -0.0049028 0.00142218 -0.0049028 0.0104237 0.000536563 0.00142218 0.000536563 0.00738542)
(0.00246691 -0.00125206 -0.000340536 -0.00125206 0.00719843 0.000536858 -0.000340536 0.000536858 0.00833208)
(0.00342082 -0.00196088 -0.000672183 -0.00196088 0.00729613 -0.00302903 -0.000672183 -0.00302903 0.00481202)
(0.00434148 0.00147779 0.000809157 0.00147779 0.00625829 -9.50107e-05 0.000809157 -9.50107e-05 0.00281199)
(0.00581149 -0.00300863 0.00267441 -0.00300863 0.00838888 -0.00204324 0.00267441 -0.00204324 0.00600861)
(0.00232269 -0.00123077 0.000695523 -0.00123077 0.00304601 -0.000993551 0.000695523 -0.000993551 0.00240325)
(0.00826644 0.00261537 0.00289461 0.00261537 0.00559124 0.000996219 0.00289461 0.000996219 0.00432785)
(0.00882072 -0.00119063 0.00264397 -0.00119063 0.00724363 -0.000330244 0.00264397 -0.000330244 0.00667122)
(0.00655993 0.00015093 -0.00015506 0.00015093 0.00543386 0.00272999 -0.00015506 0.00272999 0.00490774)
(0.00282135 -0.000654548 0.000381747 -0.000654548 0.00543285 -0.000551268 0.000381747 -0.000551268 0.00239256)
(0.0087216 -0.00174411 0.00282776 -0.00174411 0.00778316 -0.0014644 0.00282776 -0.0014644 0.00658146)
(0.00910203 0.000959494 0.000242455 0.000959494 0.00496964 0.00312099 0.000242455 0.00312099 0.00923606)
(0.00876759 -0.00451022 -0.00399865 -0.00451022 0.0113421 -0.00161146 -0.00399865 -0.00161146 0.0111432)
(0.0114932 0.000337039 0.00221859 0.000337039 0.00557915 0.0021935 0.00221859 0.0021935 0.0077554)
(0.00211435 -0.000673456 0.000280179 -0.000673456 0.00481865 -0.000346581 0.000280179 -0.000346581 0.00113466)
(0.00793562 -0.00185024 -0.00134386 -0.00185024 0.00694662 0.000409678 -0.00134386 0.000409678 0.00289273)
(0.00926404 -0.000274034 0.00308461 -0.000274034 0.00741327 -0.00136083 0.00308461 -0.00136083 0.00636481)
(0.00837764 -0.00232924 9.0735e-05 -0.00232924 0.00745988 -0.00335212 9.0735e-05 -0.00335212 0.00487223)
(0.0108113 -0.00528269 -0.000811375 -0.00528269 0.0085213 -0.00342607 -0.000811375 -0.00342607 0.00515717)
(0.0180115 -0.00519567 0.00266623 -0.00519567 0.00974546 -0.00241642 0.00266623 -0.00241642 0.00799893)
(0.015162 -0.00114727 0.00250544 -0.00114727 0.00796993 0.000284597 0.00250544 0.000284597 0.00775361)
(0.0146085 -0.00225133 0.00246287 -0.00225133 0.00865435 0.000130271 0.00246287 0.000130271 0.00668246)
(0.0115279 -0.00123975 0.0021603 -0.00123975 0.00859881 -0.000574782 0.0021603 -0.000574782 0.00548252)
(0.0121991 -0.00200506 -0.00168741 -0.00200506 0.00457996 -0.00353683 -0.00168741 -0.00353683 0.00960188)
(0.0124079 -0.00295136 -0.00212066 -0.00295136 0.00677638 -0.00417663 -0.00212066 -0.00417663 0.0076832)
(0.00546248 -0.00233911 -0.000407708 -0.00233911 0.0083617 0.000854112 -0.000407708 0.000854112 0.00512765)
(0.0101371 -0.00172589 0.000128298 -0.00172589 0.011236 -0.00235856 0.000128298 -0.00235856 0.00601877)
(0.00519549 -0.0026705 -0.000609506 -0.0026705 0.00887729 -0.00225459 -0.000609506 -0.00225459 0.00750585)
(0.0188281 -0.00359805 -0.00314338 -0.00359805 0.00758792 0.00363933 -0.00314338 0.00363933 0.00818415)
(0.0225278 -0.00284228 7.00662e-05 -0.00284228 0.00878422 0.00164955 7.00662e-05 0.00164955 0.00519847)
(0.0198892 -0.000925892 0.003331 -0.000925892 0.00865914 -0.000558489 0.003331 -0.000558489 0.00456537)
(0.00830784 -0.0020238 -0.000134763 -0.0020238 0.00724838 -0.00322418 -0.000134763 -0.00322418 0.00620695)
(0.0036293 -0.0008639 -0.000414032 -0.0008639 0.00409628 -0.00104678 -0.000414032 -0.00104678 0.0024129)
(0.00533012 -0.000142439 -1.62665e-05 -0.000142439 0.0074372 -0.0022665 -1.62665e-05 -0.0022665 0.00490786)
(0.00426949 -0.0015356 -0.000427105 -0.0015356 0.00662588 -0.0032552 -0.000427105 -0.0032552 0.00429405)
(0.00241211 -0.00355212 0.000672784 -0.00355212 0.00791611 -0.00337034 0.000672784 -0.00337034 0.00419136)
(0.00166444 -0.00159463 0.000553623 -0.00159463 0.00418643 -0.00244279 0.000553623 -0.00244279 0.00469742)
(0.00258812 -0.000894788 -0.000661525 -0.000894788 0.00290813 -0.00154258 -0.000661525 -0.00154258 0.00658765)
(0.0095958 -0.00302171 6.26873e-06 -0.00302171 0.00815037 -0.00290763 6.26873e-06 -0.00290763 0.00793981)
(0.012913 -0.00313224 0.00186642 -0.00313224 0.00964858 0.000484753 0.00186642 0.000484753 0.00807655)
(0.0146583 -0.00318385 0.00262942 -0.00318385 0.0104855 0.000264227 0.00262942 0.000264227 0.00784344)
(0.00560714 -0.00173546 -0.000400316 -0.00173546 0.00504272 -0.00243615 -0.000400316 -0.00243615 0.00937966)
(0.00382609 -0.00127427 -0.000766749 -0.00127427 0.00604333 -0.00350515 -0.000766749 -0.00350515 0.00556946)
(0.00501039 0.000453357 0.00148816 0.000453357 0.00817705 -0.000373016 0.00148816 -0.000373016 0.00406698)
(0.00337306 -0.000135091 -0.000259365 -0.000135091 0.00558437 -7.43223e-05 -0.000259365 -7.43223e-05 0.00179052)
(0.00254258 0.00108915 0.00113386 0.00108915 0.00388099 0.0013801 0.00113386 0.0013801 0.00244612)
(0.00581768 -0.000619499 0.000947794 -0.000619499 0.00955524 -0.00174308 0.000947794 -0.00174308 0.00391898)
(0.00443656 0.000948537 0.000515787 0.000948537 0.00481801 0.00169263 0.000515787 0.00169263 0.00349866)
(0.0049562 0.000280789 0.000849899 0.000280789 0.00856481 -0.00138684 0.000849899 -0.00138684 0.00433137)
(0.00139664 -0.00059031 0.000140938 -0.00059031 0.00410644 -0.00133907 0.000140938 -0.00133907 0.00136168)
(0.00833358 -0.00133619 0.000819216 -0.00133619 0.00723431 -0.000869834 0.000819216 -0.000869834 0.00594418)
(0.0112825 -0.00123758 -0.00143213 -0.00123758 0.00619491 0.00249925 -0.00143213 0.00249925 0.00694306)
(0.00994034 0.00181633 0.00198917 0.00181633 0.00332686 -1.00303e-05 0.00198917 -1.00303e-05 0.00848297)
(0.00729362 -0.00221644 0.00234302 -0.00221644 0.00408433 -0.00209266 0.00234302 -0.00209266 0.00738915)
(0.00206511 0.000293545 -1.53668e-06 0.000293545 0.00238278 -0.000318255 -1.53668e-06 -0.000318255 0.00438896)
(0.00122418 -0.000230199 -0.000104575 -0.000230199 0.00224803 0.000316255 -0.000104575 0.000316255 0.000766097)
(0.00273657 -0.000568137 0.000391241 -0.000568137 0.00666486 -0.00196837 0.000391241 -0.00196837 0.00330299)
(0.00374563 -0.00118634 0.00125587 -0.00118634 0.00359253 -0.00286769 0.00125587 -0.00286769 0.00644626)
(0.0112045 -0.00359446 -0.000971152 -0.00359446 0.00814061 -0.00339311 -0.000971152 -0.00339311 0.00565297)
(0.01845 -0.00514093 0.00245722 -0.00514093 0.00989677 -0.00247288 0.00245722 -0.00247288 0.00831402)
(0.0177238 -0.00434192 0.0029311 -0.00434192 0.00947167 -0.00167223 0.0029311 -0.00167223 0.008783)
(0.0128473 -0.00318789 0.000535063 -0.00318789 0.00903784 -0.00181849 0.000535063 -0.00181849 0.00624867)
(0.00733269 0.000959881 -2.97502e-05 0.000959881 0.00445842 -0.000221925 -2.97502e-05 -0.000221925 0.00146572)
(0.00864379 -0.00116071 -0.00114394 -0.00116071 0.00372339 -0.00177959 -0.00114394 -0.00177959 0.0104741)
(0.0126879 -0.00329101 -0.000729255 -0.00329101 0.00593231 -0.00333218 -0.000729255 -0.00333218 0.00702844)
(0.0119316 -6.20298e-05 -0.00111328 -6.20298e-05 0.00703623 -0.00304188 -0.00111328 -0.00304188 0.00516774)
(0.00998419 0.00208437 0.00139928 0.00208437 0.00739881 -0.00130725 0.00139928 -0.00130725 0.00575588)
(0.0102371 0.00178576 0.00175249 0.00178576 0.00626861 0.000965329 0.00175249 0.000965329 0.00561928)
(0.0143999 -0.00052638 -0.000997869 -0.00052638 0.00608828 0.00416034 -0.000997869 0.00416034 0.00925812)
(0.019712 -0.00373484 -0.00631106 -0.00373484 0.00696189 0.0048581 -0.00631106 0.0048581 0.00854194)
(0.0210294 -0.00151962 0.00154649 -0.00151962 0.00773417 0.000732037 0.00154649 0.000732037 0.005349)
(0.00321158 -0.00208916 0.000754792 -0.00208916 0.00557397 -0.00240043 0.000754792 -0.00240043 0.00555096)
(0.0023604 -0.00077738 -0.000314663 -0.00077738 0.00263445 -0.00143561 -0.000314663 -0.00143561 0.00427051)
(0.00268571 -0.000423326 0.000302786 -0.000423326 0.00633264 -0.00204639 0.000302786 -0.00204639 0.0065549)
(0.00271984 -0.0012731 0.00017745 -0.0012731 0.00414993 -0.00254403 0.00017745 -0.00254403 0.00649005)
(0.00520925 -0.00164748 0.000666074 -0.00164748 0.00664214 -0.00293959 0.000666074 -0.00293959 0.00543478)
(0.00335144 -0.0012875 8.88342e-05 -0.0012875 0.00689778 -0.00271325 8.88342e-05 -0.00271325 0.00356496)
(0.00274515 -0.00170898 -0.000626752 -0.00170898 0.00442993 -0.00246054 -0.000626752 -0.00246054 0.00712657)
(0.00286293 -0.000695388 0.000495277 -0.000695388 0.00249386 -0.00252563 0.000495277 -0.00252563 0.00718408)
(0.00837072 -0.00321139 7.39554e-05 -0.00321139 0.00625853 -0.00282579 7.39554e-05 -0.00282579 0.00720035)
(0.0050857 1.33486e-05 -0.000337256 1.33486e-05 0.00328386 -0.000710816 -0.000337256 -0.000710816 0.00242074)
(0.00111845 -0.00163023 0.00057872 -0.00163023 0.00677012 -0.00237832 0.00057872 -0.00237832 0.00392512)
(0.000934464 -0.00111536 -0.000668792 -0.00111536 0.00361523 -0.0020425 -0.000668792 -0.0020425 0.00526763)
(0.00541541 -0.000699808 0.00104438 -0.000699808 0.00860857 0.000251951 0.00104438 0.000251951 0.00408574)
(0.00231017 5.33108e-05 -0.000373693 5.33108e-05 0.0051521 -0.000385654 -0.000373693 -0.000385654 0.000944559)
(0.00428186 -0.000821676 0.00115819 -0.000821676 0.00675755 -0.000607882 0.00115819 -0.000607882 0.00380914)
(0.00754766 0.000245602 0.00126912 0.000245602 0.00979899 -0.0012757 0.00126912 -0.0012757 0.00436498)
(0.00125478 -0.000978226 0.000389973 -0.000978226 0.00158541 -0.000536999 0.000389973 -0.000536999 0.000597337)
(0.00263173 0.00149353 0.000295643 0.00149353 0.00508736 0.000799654 0.000295643 0.000799654 0.00321338)
(0.00410993 -0.00101535 -6.59451e-05 -0.00101535 0.00924418 -0.000174187 -6.59451e-05 -0.000174187 0.00299159)
(0.00123448 0.000867642 -0.000144716 0.000867642 0.00178983 0.000216943 -0.000144716 0.000216943 0.000806668)
(0.00611236 -0.000106739 -0.000536678 -0.000106739 0.00562452 0.00129057 -0.000536678 0.00129057 0.00331842)
(0.0100674 -0.000524676 3.18829e-05 -0.000524676 0.0063215 0.00270502 3.18829e-05 0.00270502 0.00664133)
(0.00416921 -0.00242299 0.000206213 -0.00242299 0.0108254 -0.00388557 0.000206213 -0.00388557 0.00759125)
(0.00607346 -0.000840348 0.000717705 -0.000840348 0.0100076 -0.0013211 0.000717705 -0.0013211 0.00464855)
(0.0021888 0.000598097 0.000534428 0.000598097 0.00418575 0.00113214 0.000534428 0.00113214 0.00196537)
(0.00204451 0.000156395 9.05655e-05 0.000156395 0.00563827 -0.00120341 9.05655e-05 -0.00120341 0.00220916)
(0.00139283 -0.000964458 -4.64115e-05 -0.000964458 0.00141253 0.000197677 -4.64115e-05 0.000197677 0.00375152)
(0.00532782 -0.00187892 -0.000284906 -0.00187892 0.00706151 -0.00331614 -0.000284906 -0.00331614 0.00457528)
(0.0164108 -0.00339742 0.00217419 -0.00339742 0.00905924 -0.00242367 0.00217419 -0.00242367 0.00745622)
(0.0175221 -0.00528191 0.00314878 -0.00528191 0.00974378 -0.00245355 0.00314878 -0.00245355 0.00832273)
(0.0159676 -0.00538476 0.00168726 -0.00538476 0.00962542 -0.00319484 0.00168726 -0.00319484 0.00578029)
(0.00878514 -0.00257746 -0.000717298 -0.00257746 0.00815158 -0.00220809 -0.000717298 -0.00220809 0.00460296)
(0.0105607 -0.00186974 -0.0015548 -0.00186974 0.00530143 -0.0035078 -0.0015548 -0.0035078 0.00624812)
(0.0127454 -0.0038705 -0.00103021 -0.0038705 0.00579969 -0.00326864 -0.00103021 -0.00326864 0.00669505)
(0.00997574 -0.00230745 0.00118273 -0.00230745 0.00893425 -0.00263744 0.00118273 -0.00263744 0.00583483)
(0.0105708 5.29662e-05 0.00361835 5.29662e-05 0.00779176 -0.0011586 0.00361835 -0.0011586 0.00724183)
(0.0105392 0.00145216 0.00253179 0.00145216 0.00646741 0.000248393 0.00253179 0.000248393 0.00610924)
(0.0134793 0.00083543 0.000591233 0.00083543 0.00552468 0.00371189 0.000591233 0.00371189 0.00909075)
(0.0130568 -0.00047724 -0.00182392 -0.00047724 0.00528203 0.00374125 -0.00182392 0.00374125 0.0109691)
(0.0112421 -0.000399943 -0.0017991 -0.000399943 0.00567833 0.00316379 -0.0017991 0.00316379 0.00841168)
(0.0100676 -0.000444052 0.00235383 -0.000444052 0.00725678 -0.00102941 0.00235383 -0.00102941 0.00587691)
(0.0187865 0.00212914 0.00450764 0.00212914 0.00753681 -0.00101161 0.00450764 -0.00101161 0.00660187)
(0.0112282 0.00192042 0.00294953 0.00192042 0.006608 0.000223611 0.00294953 0.000223611 0.00483873)
(0.0019246 -0.000876852 -0.000573476 -0.000876852 0.00294275 -0.00210163 -0.000573476 -0.00210163 0.0054211)
(0.0022556 -0.00152145 0.00125247 -0.00152145 0.00457351 -0.0031668 0.00125247 -0.0031668 0.00509642)
(0.00236972 -0.00204769 -0.000228438 -0.00204769 0.00599751 -0.00287349 -0.000228438 -0.00287349 0.00529002)
(0.00300081 -0.00148792 -0.000193843 -0.00148792 0.00466859 -0.0033061 -0.000193843 -0.0033061 0.00548478)
(0.00154239 -0.000379522 0.000579368 -0.000379522 0.00117215 -0.000691607 0.000579368 -0.000691607 0.00434826)
(0.0112066 -0.0013531 0.00199723 -0.0013531 0.00706053 -0.00227324 0.00199723 -0.00227324 0.00746285)
(0.0109477 -0.00299943 0.00237939 -0.00299943 0.00870721 -0.00230895 0.00237939 -0.00230895 0.00833095)
(0.00119407 -0.000315911 4.70141e-05 -0.000315911 0.00123907 -0.000552623 4.70141e-05 -0.000552623 0.00128732)
(0.00155383 -0.000344388 -0.00116258 -0.000344388 0.00150598 0.00143838 -0.00116258 0.00143838 0.00378764)
(0.00196112 0.000668972 -0.00101254 0.000668972 0.00112032 -0.000233449 -0.00101254 -0.000233449 0.00189987)
(0.000549386 -0.000524431 0.000403157 -0.000524431 0.00116237 -0.00078852 0.000403157 -0.00078852 0.000606633)
(0.00548088 -0.000148281 -0.000641047 -0.000148281 0.00584107 0.000423026 -0.000641047 0.000423026 0.0026219)
(0.00116833 8.84738e-05 0.000587003 8.84738e-05 0.000813623 -0.000223197 0.000587003 -0.000223197 0.00137673)
(0.00276165 -0.00112669 0.000530466 -0.00112669 0.00802613 -0.000879622 0.000530466 -0.000879622 0.00338699)
(0.00611236 0.000277631 0.00043425 0.000277631 0.00567145 0.00153491 0.00043425 0.00153491 0.00403656)
(0.00239516 0.000653554 -0.000742371 0.000653554 0.00138698 -0.00041976 -0.000742371 -0.00041976 0.00435003)
