/*--------------------------------*- C++ -*----------------------------------*\
  =========                 |
  \\      /  F ield         | OpenFOAM: The Open Source CFD Toolbox
   \\    /   O peration     | Website:  https://openfoam.org
    \\  /    A nd           | Version:  10
     \\/     M anipulation  |
\*---------------------------------------------------------------------------*/
FoamFile
{
    format      ascii;
    class       volTensorField;
    location    "45";
    object      TauNN;
}
// * * * * * * * * * * * * * * * * * * * * * * * * * * * * * * * * * * * * * //

dimensions      [0 2 -2 0 0 0 0];

internalField   nonuniform List<tensor> 
25600
(
(5.60869e-05 -0.0127906 -0.0154159 -0.0127906 2.45979e-05 -0.0081279 -0.0154159 -0.0081279 6.66531e-05)
(2.9393e-05 -0.0127881 -0.0154242 -0.0127881 2.13971e-05 -0.00812569 -0.0154242 -0.00812569 5.67413e-05)
(9.26459e-05 -0.0127978 -0.0154061 -0.0127978 3.18193e-05 -0.00813626 -0.0154061 -0.00813626 9.55842e-05)
(-3.17911e-06 -0.0127993 -0.0154381 -0.0127993 3.76465e-05 -0.00812012 -0.0154381 -0.00812012 0.000122175)
(-8.08445e-05 -0.0128126 -0.0154495 -0.0128126 5.58585e-05 -0.00810897 -0.0154495 -0.00810897 7.85701e-05)
(2.64639e-05 -0.0127991 -0.0154312 -0.0127991 3.56964e-05 -0.00812064 -0.0154312 -0.00812064 0.000121124)
(7.75999e-05 -0.012792 -0.0154209 -0.012792 2.7113e-05 -0.00812993 -0.0154209 -0.00812993 6.04902e-05)
(6.77404e-05 -0.0127923 -0.0154222 -0.0127923 2.54199e-05 -0.00813132 -0.0154222 -0.00813132 5.12744e-05)
(2.81632e-05 -0.0127919 -0.015431 -0.0127919 2.95346e-05 -0.00812775 -0.015431 -0.00812775 0.00011832)
(1.34671e-05 -0.0127839 -0.0154263 -0.0127839 2.18027e-05 -0.00812718 -0.0154263 -0.00812718 7.89995e-05)
(1.96494e-05 -0.012787 -0.015424 -0.012787 2.44684e-05 -0.00812427 -0.015424 -0.00812427 5.80022e-05)
(7.1791e-05 -0.0127945 -0.0154376 -0.0127945 2.94661e-05 -0.00813394 -0.0154376 -0.00813394 5.04643e-05)
(-6.14994e-06 -0.01279 -0.015426 -0.01279 2.88015e-05 -0.0081165 -0.015426 -0.0081165 9.22242e-05)
(-1.46512e-05 -0.0127936 -0.0154327 -0.0127936 3.09792e-05 -0.00811567 -0.0154327 -0.00811567 7.65167e-05)
(7.00407e-05 -0.0127919 -0.0154109 -0.0127919 2.62928e-05 -0.00812709 -0.0154109 -0.00812709 7.73283e-05)
(3.9246e-05 -0.0127891 -0.0154191 -0.0127891 2.3556e-05 -0.00812536 -0.0154191 -0.00812536 6.2499e-05)
(1.24245e-05 -0.0127862 -0.0154327 -0.0127862 2.17125e-05 -0.00812916 -0.0154327 -0.00812916 4.57887e-05)
(6.25288e-06 -0.0127875 -0.0154276 -0.0127875 2.44409e-05 -0.00812264 -0.0154276 -0.00812264 6.71777e-05)
(3.41723e-05 -0.0127897 -0.0154205 -0.0127897 2.51532e-05 -0.0081233 -0.0154205 -0.0081233 8.75291e-05)
(5.38008e-05 -0.0127896 -0.0154102 -0.0127896 2.74867e-05 -0.00813064 -0.0154102 -0.00813064 0.000106055)
(1.61396e-05 -0.0127857 -0.0154303 -0.0127857 1.95088e-05 -0.00812924 -0.0154303 -0.00812924 4.46946e-05)
(3.88234e-05 -0.0127901 -0.0154198 -0.0127901 2.85641e-05 -0.0081301 -0.0154198 -0.0081301 0.000110614)
(-3.58742e-05 -0.0127986 -0.0154358 -0.0127986 4.53866e-05 -0.00810824 -0.0154358 -0.00810824 0.000100906)
(-2.60822e-06 -0.0127917 -0.0154298 -0.0127917 2.95666e-05 -0.0081178 -0.0154298 -0.0081178 7.6597e-05)
(5.55549e-05 -0.0127906 -0.0154148 -0.0127906 2.52643e-05 -0.00812873 -0.0154148 -0.00812873 8.25851e-05)
(4.91033e-05 -0.0127913 -0.0154157 -0.0127913 2.93906e-05 -0.0081177 -0.0154157 -0.0081177 8.85184e-05)
(6.06567e-05 -0.012791 -0.0154163 -0.012791 2.50303e-05 -0.00812878 -0.0154163 -0.00812878 6.60947e-05)
(2.73143e-05 -0.0127873 -0.0154276 -0.0127873 2.34833e-05 -0.00812928 -0.0154276 -0.00812928 5.12817e-05)
(-6.35021e-06 -0.0127921 -0.0154361 -0.0127921 2.69653e-05 -0.00812033 -0.0154361 -0.00812033 6.39179e-05)
(2.84725e-05 -0.0127857 -0.0154278 -0.0127857 2.10851e-05 -0.00812935 -0.0154278 -0.00812935 5.0777e-05)
(6.22817e-05 -0.0127959 -0.0154297 -0.0127959 2.69848e-05 -0.00813378 -0.0154297 -0.00813378 3.85156e-05)
(1.14676e-05 -0.0127886 -0.0154385 -0.0127886 2.25063e-05 -0.00813122 -0.0154385 -0.00813122 3.61435e-05)
(3.46431e-05 -0.0127883 -0.0154197 -0.0127883 2.14495e-05 -0.00812462 -0.0154197 -0.00812462 7.29488e-05)
(7.63867e-05 -0.0127911 -0.0154264 -0.0127911 3.56836e-05 -0.00812442 -0.0154264 -0.00812442 6.75251e-05)
(5.49941e-06 -0.0127894 -0.0154327 -0.0127894 3.588e-05 -0.00812499 -0.0154327 -0.00812499 5.55023e-05)
(3.43736e-05 -0.0127894 -0.0154231 -0.0127894 2.33699e-05 -0.00813111 -0.0154231 -0.00813111 4.32587e-05)
(3.29118e-05 -0.0127873 -0.0154164 -0.0127873 2.39665e-05 -0.00812515 -0.0154164 -0.00812515 7.6629e-05)
(-1.24736e-05 -0.0127963 -0.0154348 -0.0127963 3.34672e-05 -0.00811295 -0.0154348 -0.00811295 9.97918e-05)
(2.11678e-05 -0.0127841 -0.0154306 -0.0127841 1.79511e-05 -0.00812774 -0.0154306 -0.00812774 5.00137e-05)
(3.66096e-05 -0.0127903 -0.0154362 -0.0127903 2.47234e-05 -0.00813268 -0.0154362 -0.00813268 3.68798e-05)
(8.72051e-05 -0.0128024 -0.0154153 -0.0128024 3.59269e-05 -0.00813932 -0.0154153 -0.00813932 6.51825e-05)
(4.2098e-05 -0.0127894 -0.0154189 -0.0127894 2.28807e-05 -0.00812512 -0.0154189 -0.00812512 7.11955e-05)
(5.13553e-05 -0.0127911 -0.0154179 -0.0127911 2.48975e-05 -0.00813103 -0.0154179 -0.00813103 6.09625e-05)
(0.000140292 -0.0128099 -0.0154002 -0.0128099 4.80641e-05 -0.00814949 -0.0154002 -0.00814949 0.000112722)
(3.10177e-05 -0.0127893 -0.0154238 -0.0127893 2.27528e-05 -0.00812357 -0.0154238 -0.00812357 7.27945e-05)
(3.03073e-06 -0.0127878 -0.0154335 -0.0127878 2.17693e-05 -0.00812498 -0.0154335 -0.00812498 4.77958e-05)
(1.37267e-05 -0.0127869 -0.0154294 -0.0127869 2.58683e-05 -0.00812627 -0.0154294 -0.00812627 0.000101774)
(6.08379e-05 -0.0127932 -0.0154131 -0.0127932 2.77127e-05 -0.00813471 -0.0154131 -0.00813471 8.59295e-05)
(4.9281e-05 -0.0127924 -0.0154214 -0.0127924 2.53282e-05 -0.00813339 -0.0154214 -0.00813339 5.57652e-05)
(1.03406e-05 -0.0127905 -0.0154285 -0.0127905 2.53464e-05 -0.00811912 -0.0154285 -0.00811912 8.25365e-05)
(4.82379e-05 -0.0127893 -0.0154254 -0.0127893 2.42376e-05 -0.00812808 -0.0154254 -0.00812808 5.21637e-05)
(3.10223e-05 -0.0127904 -0.0154231 -0.0127904 2.57696e-05 -0.00812056 -0.0154231 -0.00812056 7.50865e-05)
(4.65105e-05 -0.0127905 -0.015422 -0.0127905 2.26732e-05 -0.00812927 -0.015422 -0.00812927 5.45442e-05)
(3.48485e-05 -0.0127907 -0.0154204 -0.0127907 2.70409e-05 -0.00811972 -0.0154204 -0.00811972 8.06315e-05)
(-1.32658e-05 -0.0127947 -0.0154348 -0.0127947 3.06025e-05 -0.00811368 -0.0154348 -0.00811368 8.29789e-05)
(4.86116e-05 -0.0127903 -0.0154275 -0.0127903 2.53919e-05 -0.00813358 -0.0154275 -0.00813358 4.94503e-05)
(6.09974e-05 -0.0127912 -0.0154152 -0.0127912 2.64555e-05 -0.0081309 -0.0154152 -0.0081309 8.50786e-05)
(3.85274e-05 -0.0127881 -0.0154246 -0.0127881 2.35351e-05 -0.00813236 -0.0154246 -0.00813236 5.3834e-05)
(4.14085e-05 -0.0127902 -0.0154215 -0.0127902 2.17122e-05 -0.0081294 -0.0154215 -0.0081294 5.60946e-05)
(6.15649e-05 -0.0127923 -0.0154171 -0.0127923 2.40515e-05 -0.00812984 -0.0154171 -0.00812984 6.30646e-05)
(5.70207e-05 -0.0127915 -0.0154184 -0.0127915 2.52447e-05 -0.00812864 -0.0154184 -0.00812864 8.18461e-05)
(2.26388e-05 -0.01279 -0.0154324 -0.01279 2.27613e-05 -0.0081271 -0.0154324 -0.0081271 4.70416e-05)
(3.46287e-05 -0.0127909 -0.0154209 -0.0127909 2.89264e-05 -0.00811938 -0.0154209 -0.00811938 8.82963e-05)
(2.23368e-05 -0.0127897 -0.0154239 -0.0127897 2.51471e-05 -0.00812028 -0.0154239 -0.00812028 8.44298e-05)
(5.14668e-05 -0.0127927 -0.0154285 -0.0127927 2.3062e-05 -0.00813103 -0.0154285 -0.00813103 4.51541e-05)
(2.35881e-05 -0.0127857 -0.0154291 -0.0127857 2.02339e-05 -0.00812957 -0.0154291 -0.00812957 4.42291e-05)
(-6.71937e-06 -0.0127905 -0.015437 -0.0127905 2.4107e-05 -0.00812256 -0.015437 -0.00812256 5.11257e-05)
(9.52252e-05 -0.0127984 -0.0154119 -0.0127984 2.91863e-05 -0.00813386 -0.0154119 -0.00813386 6.71073e-05)
(8.12438e-05 -0.0127934 -0.0154083 -0.0127934 2.81274e-05 -0.00812516 -0.0154083 -0.00812516 9.79934e-05)
(-1.64538e-06 -0.0127951 -0.0154341 -0.0127951 2.9688e-05 -0.00811467 -0.0154341 -0.00811467 8.88056e-05)
(2.13585e-05 -0.0127882 -0.0154232 -0.0127882 2.43448e-05 -0.00812182 -0.0154232 -0.00812182 7.19994e-05)
(4.94073e-05 -0.012791 -0.0154153 -0.012791 2.67787e-05 -0.00812517 -0.0154153 -0.00812517 0.000102243)
(3.28919e-05 -0.0127894 -0.0154218 -0.0127894 2.79395e-05 -0.00812091 -0.0154218 -0.00812091 6.44775e-05)
(1.93846e-05 -0.0127883 -0.0154214 -0.0127883 2.71667e-05 -0.00812105 -0.0154214 -0.00812105 7.54048e-05)
(5.74531e-05 -0.0127801 -0.0154381 -0.0127801 2.06165e-05 -0.00812919 -0.0154381 -0.00812919 6.56926e-05)
(4.3263e-05 -0.0127859 -0.0154261 -0.0127859 3.12843e-05 -0.00814027 -0.0154261 -0.00814027 6.35129e-05)
(0.000133095 -0.0128087 -0.0154044 -0.0128087 4.00463e-05 -0.00814124 -0.0154044 -0.00814124 7.64976e-05)
(0.000115604 -0.012809 -0.0154058 -0.012809 4.56718e-05 -0.00814696 -0.0154058 -0.00814696 9.58216e-05)
(-2.54696e-05 -0.012796 -0.0154389 -0.012796 3.13278e-05 -0.00811617 -0.0154389 -0.00811617 6.57289e-05)
(-2.23119e-05 -0.0128047 -0.015445 -0.0128047 3.81496e-05 -0.00812368 -0.015445 -0.00812368 4.72118e-05)
(-5.43466e-07 -0.0127917 -0.0154335 -0.0127917 2.65623e-05 -0.0081184 -0.0154335 -0.0081184 7.80349e-05)
(8.43824e-05 -0.0128059 -0.0154186 -0.0128059 4.06135e-05 -0.0081416 -0.0154186 -0.0081416 5.2573e-05)
(2.46294e-05 -0.0127874 -0.0154285 -0.0127874 2.07061e-05 -0.0081257 -0.0154285 -0.0081257 6.08748e-05)
(4.81879e-05 -0.0127897 -0.0154191 -0.0127897 2.33221e-05 -0.00812848 -0.0154191 -0.00812848 7.11209e-05)
(5.62773e-05 -0.0127967 -0.0154335 -0.0127967 2.68302e-05 -0.00813369 -0.0154335 -0.00813369 3.46188e-05)
(3.38308e-05 -0.0127875 -0.015425 -0.0127875 2.55018e-05 -0.00812982 -0.015425 -0.00812982 9.6559e-05)
(4.20761e-05 -0.0127905 -0.0154306 -0.0127905 2.1439e-05 -0.00812862 -0.0154306 -0.00812862 4.94034e-05)
(2.51097e-05 -0.012793 -0.0154267 -0.012793 3.1932e-05 -0.00811697 -0.0154267 -0.00811697 7.77146e-05)
(7.28543e-05 -0.0127997 -0.0154176 -0.0127997 3.53744e-05 -0.00813998 -0.0154176 -0.00813998 6.24289e-05)
(3.93386e-05 -0.01279 -0.015417 -0.01279 2.64326e-05 -0.00812057 -0.015417 -0.00812057 9.0931e-05)
(6.48078e-05 -0.0127928 -0.0154116 -0.0127928 2.98857e-05 -0.00813485 -0.0154116 -0.00813485 0.00010733)
(4.92589e-05 -0.0127901 -0.0154169 -0.0127901 2.51323e-05 -0.00812091 -0.0154169 -0.00812091 8.00071e-05)
(3.35099e-05 -0.0127949 -0.0154263 -0.0127949 3.10792e-05 -0.00812364 -0.0154263 -0.00812364 0.000116121)
(6.24397e-05 -0.0127962 -0.0154218 -0.0127962 2.8414e-05 -0.00813499 -0.0154218 -0.00813499 5.03163e-05)
(1.09657e-05 -0.012787 -0.0154292 -0.012787 2.1163e-05 -0.00812282 -0.0154292 -0.00812282 7.18333e-05)
(1.22147e-05 -0.0127896 -0.0154331 -0.0127896 2.37066e-05 -0.00812058 -0.0154331 -0.00812058 8.03255e-05)
(3.80002e-05 -0.0127893 -0.0154187 -0.0127893 2.35897e-05 -0.00812264 -0.0154187 -0.00812264 7.90962e-05)
(1.59002e-05 -0.012788 -0.0154212 -0.012788 2.46292e-05 -0.00811985 -0.0154212 -0.00811985 8.74051e-05)
(3.56291e-05 -0.0127898 -0.0154274 -0.0127898 2.28473e-05 -0.00812755 -0.0154274 -0.00812755 5.26686e-05)
(5.37369e-05 -0.0127925 -0.0154311 -0.0127925 2.40545e-05 -0.00813213 -0.0154311 -0.00813213 4.58069e-05)
(6.57894e-05 -0.0128029 -0.0154259 -0.0128029 3.85873e-05 -0.00813881 -0.0154259 -0.00813881 3.6242e-05)
(6.52238e-05 -0.0128066 -0.0154332 -0.0128066 4.32635e-05 -0.00813582 -0.0154332 -0.00813582 2.54673e-05)
(3.84817e-05 -0.0127891 -0.0154211 -0.0127891 2.31583e-05 -0.00812788 -0.0154211 -0.00812788 6.09565e-05)
(3.77582e-05 -0.0127829 -0.0154303 -0.0127829 2.52249e-05 -0.00813427 -0.0154303 -0.00813427 7.698e-05)
(4.13604e-05 -0.012787 -0.0154236 -0.012787 2.44643e-05 -0.00813246 -0.0154236 -0.00813246 7.23407e-05)
(0.000119215 -0.0128123 -0.0154071 -0.0128123 4.97402e-05 -0.00814814 -0.0154071 -0.00814814 8.70315e-05)
(2.73568e-05 -0.0127932 -0.015422 -0.0127932 3.15969e-05 -0.00811574 -0.015422 -0.00811574 9.58085e-05)
(1.88317e-05 -0.0127901 -0.0154217 -0.0127901 2.79834e-05 -0.00811929 -0.0154217 -0.00811929 9.52714e-05)
(6.84338e-05 -0.0127937 -0.0154143 -0.0127937 2.66599e-05 -0.00813206 -0.0154143 -0.00813206 7.1403e-05)
(4.56808e-05 -0.0127905 -0.0154292 -0.0127905 2.69231e-05 -0.00813424 -0.0154292 -0.00813424 3.82444e-05)
(1.28317e-05 -0.0127878 -0.0154404 -0.0127878 2.12417e-05 -0.00813135 -0.0154404 -0.00813135 3.74701e-05)
(2.01782e-05 -0.0127898 -0.0154322 -0.0127898 2.463e-05 -0.0081262 -0.0154322 -0.0081262 5.43967e-05)
(8.42314e-05 -0.0127978 -0.0154096 -0.0127978 3.51158e-05 -0.00814045 -0.0154096 -0.00814045 9.60179e-05)
(5.3847e-05 -0.0127912 -0.0154163 -0.0127912 3.26854e-05 -0.00814023 -0.0154163 -0.00814023 0.000105467)
(4.74248e-05 -0.0127782 -0.0154349 -0.0127782 1.83932e-05 -0.00812989 -0.0154349 -0.00812989 4.0123e-05)
(-2.76554e-05 -0.0128022 -0.0154425 -0.0128022 4.08092e-05 -0.00811313 -0.0154425 -0.00811313 7.59207e-05)
(-2.17139e-05 -0.0128002 -0.0154418 -0.0128002 4.66892e-05 -0.008117 -0.0154418 -0.008117 7.40639e-05)
(0.000131764 -0.0127959 -0.0153977 -0.0127959 2.94891e-05 -0.00812884 -0.0153977 -0.00812884 9.76864e-05)
(0.000188971 -0.0128101 -0.0153983 -0.0128101 4.43841e-05 -0.0081483 -0.0153983 -0.0081483 0.000140496)
(2.97511e-05 -0.0127871 -0.0154383 -0.0127871 1.89045e-05 -0.00812629 -0.0154383 -0.00812629 3.47712e-05)
(1.86384e-05 -0.0127893 -0.0154271 -0.0127893 2.58628e-05 -0.00812359 -0.0154271 -0.00812359 0.000101752)
(1.01376e-05 -0.012788 -0.0154237 -0.012788 2.45509e-05 -0.00811995 -0.0154237 -0.00811995 8.57358e-05)
(0.000116377 -0.0128084 -0.0154067 -0.0128084 4.33241e-05 -0.00814444 -0.0154067 -0.00814444 8.67189e-05)
(2.62249e-05 -0.0127914 -0.0154279 -0.0127914 3.91158e-05 -0.00811696 -0.0154279 -0.00811696 7.64465e-05)
(1.74499e-05 -0.0127895 -0.0154286 -0.0127895 2.30678e-05 -0.00812372 -0.0154286 -0.00812372 5.56837e-05)
(6.82674e-05 -0.0127975 -0.0154205 -0.0127975 4.37166e-05 -0.00814744 -0.0154205 -0.00814744 8.11802e-05)
(2.23773e-05 -0.0127908 -0.0154267 -0.0127908 2.96126e-05 -0.00811943 -0.0154267 -0.00811943 6.34925e-05)
(2.57314e-05 -0.0127849 -0.0154359 -0.0127849 1.93789e-05 -0.00813035 -0.0154359 -0.00813035 3.47369e-05)
(2.59055e-05 -0.0127857 -0.0154312 -0.0127857 2.06815e-05 -0.00812957 -0.0154312 -0.00812957 4.58308e-05)
(3.47161e-05 -0.0127919 -0.0154327 -0.0127919 2.44651e-05 -0.00813238 -0.0154327 -0.00813238 2.82611e-05)
(7.19659e-05 -0.0127919 -0.01541 -0.0127919 2.60504e-05 -0.00812953 -0.01541 -0.00812953 8.55122e-05)
(7.65239e-05 -0.0127941 -0.0154234 -0.0127941 2.58852e-05 -0.00813052 -0.0154234 -0.00813052 5.80595e-05)
(2.1105e-05 -0.0127858 -0.0154315 -0.0127858 1.93725e-05 -0.00812695 -0.0154315 -0.00812695 4.93269e-05)
(4.94967e-05 -0.0127906 -0.0154195 -0.0127906 2.40584e-05 -0.00813072 -0.0154195 -0.00813072 6.81329e-05)
(5.33013e-05 -0.0127958 -0.015441 -0.0127958 3.22473e-05 -0.00813288 -0.015441 -0.00813288 3.5723e-05)
(3.51795e-05 -0.0127883 -0.0154186 -0.0127883 2.36349e-05 -0.00812519 -0.0154186 -0.00812519 8.21743e-05)
(5.16995e-05 -0.0127905 -0.0154176 -0.0127905 2.36876e-05 -0.0081276 -0.0154176 -0.0081276 7.36365e-05)
(1.41483e-05 -0.0127886 -0.0154298 -0.0127886 2.20321e-05 -0.00812439 -0.0154298 -0.00812439 5.50029e-05)
(2.33585e-05 -0.0127893 -0.015426 -0.0127893 2.27064e-05 -0.00812269 -0.015426 -0.00812269 6.92378e-05)
(2.40095e-05 -0.0127851 -0.0154271 -0.0127851 2.18154e-05 -0.00812732 -0.0154271 -0.00812732 7.5947e-05)
(1.53145e-05 -0.0127853 -0.0154334 -0.0127853 2.01946e-05 -0.00812588 -0.0154334 -0.00812588 5.01551e-05)
(9.22334e-05 -0.012803 -0.0154229 -0.012803 3.51299e-05 -0.00813767 -0.0154229 -0.00813767 5.23458e-05)
(8.27613e-05 -0.012803 -0.0154231 -0.012803 3.25252e-05 -0.0081363 -0.0154231 -0.0081363 4.29291e-05)
(2.70051e-05 -0.0127865 -0.0154257 -0.0127865 2.01403e-05 -0.00812897 -0.0154257 -0.00812897 6.15927e-05)
(-3.67876e-05 -0.0128003 -0.0154394 -0.0128003 4.30266e-05 -0.00810719 -0.0154394 -0.00810719 9.5914e-05)
(6.08835e-05 -0.0127903 -0.0154204 -0.0127903 3.0124e-05 -0.00812126 -0.0154204 -0.00812126 6.72015e-05)
(7.32586e-05 -0.0127987 -0.015423 -0.0127987 2.89217e-05 -0.00813449 -0.015423 -0.00813449 4.16631e-05)
(3.71819e-05 -0.0127886 -0.0154171 -0.0127886 2.42524e-05 -0.0081278 -0.0154171 -0.0081278 7.95912e-05)
(2.28032e-05 -0.0127872 -0.0154251 -0.0127872 2.32256e-05 -0.0081256 -0.0154251 -0.0081256 9.27992e-05)
(3.73993e-05 -0.012789 -0.0154191 -0.012789 2.62441e-05 -0.00812802 -0.0154191 -0.00812802 0.000102284)
(0.00010184 -0.012809 -0.0154273 -0.012809 3.71429e-05 -0.00813673 -0.0154273 -0.00813673 4.22866e-05)
(3.1869e-05 -0.0127858 -0.0154343 -0.0127858 1.9117e-05 -0.00812959 -0.0154343 -0.00812959 3.3263e-05)
(1.72908e-05 -0.0127874 -0.0154305 -0.0127874 2.07324e-05 -0.00812472 -0.0154305 -0.00812472 5.62249e-05)
(3.99353e-05 -0.01279 -0.0154257 -0.01279 2.20027e-05 -0.00812887 -0.0154257 -0.00812887 4.87174e-05)
(5.74518e-05 -0.0127909 -0.0154128 -0.0127909 2.50744e-05 -0.00812754 -0.0154128 -0.00812754 8.99109e-05)
(0.000121517 -0.0127926 -0.0154022 -0.0127926 3.14437e-05 -0.00811819 -0.0154022 -0.00811819 9.07261e-05)
(2.81648e-05 -0.0127934 -0.0154223 -0.0127934 3.26116e-05 -0.00811442 -0.0154223 -0.00811442 9.89945e-05)
(1.24889e-05 -0.0127933 -0.0154409 -0.0127933 2.4619e-05 -0.00812563 -0.0154409 -0.00812563 4.86114e-05)
(3.32392e-05 -0.0127864 -0.0154307 -0.0127864 2.12963e-05 -0.00813165 -0.0154307 -0.00813165 3.93861e-05)
(8.80833e-05 -0.0127999 -0.0154149 -0.0127999 4.63356e-05 -0.00815001 -0.0154149 -0.00815001 0.000115665)
(8.64723e-05 -0.012804 -0.0154172 -0.012804 3.67626e-05 -0.00813948 -0.0154172 -0.00813948 5.71514e-05)
(5.04919e-05 -0.0127868 -0.0154271 -0.0127868 2.84283e-05 -0.00813657 -0.0154271 -0.00813657 5.54868e-05)
(5.04049e-05 -0.0127908 -0.0154251 -0.0127908 2.47234e-05 -0.00813233 -0.0154251 -0.00813233 5.24545e-05)
(0.000141161 -0.0128015 -0.0153964 -0.0128015 3.27441e-05 -0.0081339 -0.0153964 -0.0081339 9.66772e-05)
(5.69377e-05 -0.0127729 -0.0154339 -0.0127729 2.00628e-05 -0.0081301 -0.0154339 -0.0081301 3.14752e-05)
(2.5328e-05 -0.0127869 -0.0154318 -0.0127869 2.04943e-05 -0.00813012 -0.0154318 -0.00813012 4.33613e-05)
(6.15665e-05 -0.0127909 -0.0154247 -0.0127909 2.59529e-05 -0.00812853 -0.0154247 -0.00812853 5.51486e-05)
(4.69074e-05 -0.0127849 -0.0154308 -0.0127849 3.40157e-05 -0.00813743 -0.0154308 -0.00813743 3.73022e-05)
(1.67773e-05 -0.0127896 -0.0154269 -0.0127896 2.53178e-05 -0.00812197 -0.0154269 -0.00812197 6.57834e-05)
(2.79076e-05 -0.012789 -0.0154481 -0.012789 2.30011e-05 -0.00813328 -0.0154481 -0.00813328 4.44603e-05)
(7.28506e-05 -0.0127927 -0.0154269 -0.0127927 2.55305e-05 -0.00813071 -0.0154269 -0.00813071 5.58338e-05)
(5.74759e-05 -0.0127962 -0.0154283 -0.0127962 2.8161e-05 -0.00813464 -0.0154283 -0.00813464 3.81895e-05)
(1.49362e-05 -0.0127878 -0.0154377 -0.0127878 2.09076e-05 -0.00812999 -0.0154377 -0.00812999 3.63157e-05)
(1.27917e-05 -0.0127934 -0.0154271 -0.0127934 2.98486e-05 -0.00811612 -0.0154271 -0.00811612 9.47393e-05)
(3.07938e-05 -0.0127867 -0.015442 -0.0127867 2.50136e-05 -0.00813083 -0.015442 -0.00813083 3.46784e-05)
(2.6506e-05 -0.0127886 -0.0154293 -0.0127886 2.23267e-05 -0.00812664 -0.0154293 -0.00812664 5.73018e-05)
(6.12958e-05 -0.0127925 -0.0154175 -0.0127925 2.62728e-05 -0.00813254 -0.0154175 -0.00813254 6.56889e-05)
(2.8321e-05 -0.0127902 -0.0154247 -0.0127902 2.3871e-05 -0.00812291 -0.0154247 -0.00812291 5.95252e-05)
(3.03862e-05 -0.0127876 -0.0154276 -0.0127876 2.05765e-05 -0.00813003 -0.0154276 -0.00813003 4.72112e-05)
(4.48262e-05 -0.0127902 -0.0154237 -0.0127902 2.29028e-05 -0.00812984 -0.0154237 -0.00812984 5.2945e-05)
(-4.67186e-06 -0.0127948 -0.0154309 -0.0127948 3.40337e-05 -0.00811396 -0.0154309 -0.00811396 8.80135e-05)
(-7.50992e-06 -0.0128015 -0.015452 -0.0128015 4.18891e-05 -0.00813403 -0.015452 -0.00813403 5.26302e-05)
(3.52443e-05 -0.0127892 -0.0154234 -0.0127892 2.64971e-05 -0.00812194 -0.0154234 -0.00812194 6.54305e-05)
(6.74179e-05 -0.0127941 -0.015432 -0.0127941 2.51676e-05 -0.00813028 -0.015432 -0.00813028 5.27781e-05)
(3.82773e-05 -0.0127944 -0.0154465 -0.0127944 3.39345e-05 -0.00813311 -0.0154465 -0.00813311 5.26466e-05)
(1.68765e-05 -0.0127903 -0.0154377 -0.0127903 2.2832e-05 -0.00812877 -0.0154377 -0.00812877 4.10792e-05)
(4.68857e-05 -0.0127862 -0.0154297 -0.0127862 2.99654e-05 -0.00813667 -0.0154297 -0.00813667 3.92515e-05)
(3.89201e-05 -0.0127889 -0.0154172 -0.0127889 2.43052e-05 -0.00812128 -0.0154172 -0.00812128 7.95467e-05)
(6.05481e-05 -0.0127944 -0.0154211 -0.0127944 2.37747e-05 -0.00813055 -0.0154211 -0.00813055 4.98598e-05)
(-1.6137e-05 -0.0127955 -0.0154375 -0.0127955 3.09948e-05 -0.00811283 -0.0154375 -0.00811283 9.6005e-05)
(1.84373e-05 -0.0127869 -0.0154222 -0.0127869 2.21755e-05 -0.00812283 -0.0154222 -0.00812283 7.57703e-05)
(6.98907e-05 -0.0127913 -0.015418 -0.0127913 2.49583e-05 -0.00812661 -0.015418 -0.00812661 6.49445e-05)
(5.01225e-05 -0.0127913 -0.0154257 -0.0127913 2.67052e-05 -0.0081249 -0.0154257 -0.0081249 6.32341e-05)
(5.01633e-05 -0.0127891 -0.0154221 -0.0127891 3.10117e-05 -0.00813962 -0.0154221 -0.00813962 7.43039e-05)
(-1.77073e-05 -0.0127979 -0.0154384 -0.0127979 3.32076e-05 -0.00811472 -0.0154384 -0.00811472 7.33052e-05)
(4.68663e-05 -0.0127928 -0.0154404 -0.0127928 2.53697e-05 -0.00813369 -0.0154404 -0.00813369 3.89445e-05)
(3.70605e-05 -0.0127879 -0.0154179 -0.0127879 2.4087e-05 -0.00813128 -0.0154179 -0.00813128 7.459e-05)
(3.03063e-05 -0.0127892 -0.0154318 -0.0127892 2.18577e-05 -0.00813019 -0.0154318 -0.00813019 4.09852e-05)
(4.59286e-05 -0.0127897 -0.0154325 -0.0127897 2.61656e-05 -0.00813334 -0.0154325 -0.00813334 3.94e-05)
(1.80356e-05 -0.012785 -0.015435 -0.012785 1.74236e-05 -0.00812841 -0.015435 -0.00812841 3.42631e-05)
(-7.89467e-05 -0.0128164 -0.0154545 -0.0128164 5.77796e-05 -0.00810754 -0.0154545 -0.00810754 8.10049e-05)
(6.79681e-05 -0.012799 -0.0154298 -0.012799 4.03992e-05 -0.00813807 -0.0154298 -0.00813807 3.55557e-05)
(0.000109168 -0.0127949 -0.0154291 -0.0127949 3.01925e-05 -0.00813195 -0.0154291 -0.00813195 5.72208e-05)
(5.35887e-05 -0.0128 -0.0154285 -0.0128 4.09572e-05 -0.00813883 -0.0154285 -0.00813883 3.56841e-05)
(4.36674e-05 -0.0127894 -0.0154291 -0.0127894 2.38209e-05 -0.00813212 -0.0154291 -0.00813212 4.21274e-05)
(7.12815e-05 -0.0127924 -0.0154162 -0.0127924 2.58938e-05 -0.00812503 -0.0154162 -0.00812503 6.63007e-05)
(1.58529e-05 -0.0127871 -0.0154278 -0.0127871 2.19003e-05 -0.00812387 -0.0154278 -0.00812387 6.94459e-05)
(1.91987e-05 -0.0127909 -0.0154262 -0.0127909 2.71501e-05 -0.00812092 -0.0154262 -0.00812092 9.86348e-05)
(7.82577e-05 -0.0128056 -0.0154211 -0.0128056 4.30568e-05 -0.00814225 -0.0154211 -0.00814225 4.86112e-05)
(5.0453e-05 -0.0127918 -0.0154272 -0.0127918 3.41583e-05 -0.00813887 -0.0154272 -0.00813887 4.50413e-05)
(3.5709e-05 -0.0127886 -0.0154236 -0.0127886 2.36609e-05 -0.00812587 -0.0154236 -0.00812587 6.46388e-05)
(8.15538e-05 -0.0127948 -0.0154171 -0.0127948 2.62312e-05 -0.00813053 -0.0154171 -0.00813053 6.12954e-05)
(8.5739e-05 -0.0128028 -0.0154136 -0.0128028 4.53812e-05 -0.00814808 -0.0154136 -0.00814808 9.33241e-05)
(1.83977e-07 -0.0127905 -0.0154332 -0.0127905 2.40215e-05 -0.00812093 -0.0154332 -0.00812093 6.08029e-05)
(1.08376e-05 -0.0127888 -0.0154252 -0.0127888 2.51263e-05 -0.00812003 -0.0154252 -0.00812003 7.16068e-05)
(4.97121e-05 -0.0127921 -0.0154217 -0.0127921 2.50961e-05 -0.00812392 -0.0154217 -0.00812392 6.83652e-05)
(4.19436e-05 -0.0127902 -0.0154186 -0.0127902 2.7897e-05 -0.00811924 -0.0154186 -0.00811924 7.72207e-05)
(2.78103e-06 -0.0127885 -0.0154286 -0.0127885 2.4161e-05 -0.00812098 -0.0154286 -0.00812098 6.07472e-05)
(-4.56412e-05 -0.0128065 -0.0154466 -0.0128065 4.52728e-05 -0.00811096 -0.0154466 -0.00811096 8.28176e-05)
(2.98584e-06 -0.0127989 -0.0154406 -0.0127989 4.67918e-05 -0.00812179 -0.0154406 -0.00812179 6.37618e-05)
(3.25451e-05 -0.0127895 -0.0154192 -0.0127895 2.62323e-05 -0.00811906 -0.0154192 -0.00811906 8.25294e-05)
(5.25189e-05 -0.0127939 -0.0154332 -0.0127939 3.10215e-05 -0.00812723 -0.0154332 -0.00812723 5.86454e-05)
(5.8819e-05 -0.0127918 -0.0154165 -0.0127918 2.98654e-05 -0.008137 -0.0154165 -0.008137 8.56661e-05)
(6.10761e-06 -0.0127881 -0.0154214 -0.0127881 2.76052e-05 -0.00811825 -0.0154214 -0.00811825 9.05121e-05)
(3.54447e-05 -0.0127879 -0.0154174 -0.0127879 2.64315e-05 -0.00813018 -0.0154174 -0.00813018 9.83921e-05)
(3.68649e-05 -0.0127807 -0.015434 -0.0127807 2.09048e-05 -0.00813153 -0.015434 -0.00813153 3.86601e-05)
(7.18915e-05 -0.0127939 -0.0154156 -0.0127939 2.5159e-05 -0.0081292 -0.0154156 -0.0081292 6.66326e-05)
(8.9483e-05 -0.0127987 -0.0154124 -0.0127987 3.48759e-05 -0.00813704 -0.0154124 -0.00813704 0.000127489)
(4.25107e-05 -0.0127891 -0.0154258 -0.0127891 2.4804e-05 -0.00813378 -0.0154258 -0.00813378 4.96016e-05)
(6.94492e-05 -0.0127943 -0.0154143 -0.0127943 3.08564e-05 -0.0081358 -0.0154143 -0.0081358 0.000108464)
(6.62684e-05 -0.0127905 -0.01541 -0.0127905 2.94997e-05 -0.0081205 -0.01541 -0.0081205 9.61362e-05)
(-1.39737e-06 -0.0127944 -0.0154314 -0.0127944 3.2037e-05 -0.00811572 -0.0154314 -0.00811572 8.2602e-05)
(4.72917e-05 -0.0127796 -0.015436 -0.0127796 1.73272e-05 -0.00812824 -0.015436 -0.00812824 4.43036e-05)
(8.14175e-05 -0.0128034 -0.0154157 -0.0128034 4.20504e-05 -0.00814432 -0.0154157 -0.00814432 6.97588e-05)
(6.90329e-05 -0.0127913 -0.0154153 -0.0127913 3.67363e-05 -0.00811587 -0.0154153 -0.00811587 8.41179e-05)
(4.97879e-05 -0.0127925 -0.015424 -0.0127925 2.63762e-05 -0.00813423 -0.015424 -0.00813423 4.85293e-05)
(5.24479e-05 -0.0127898 -0.0154201 -0.0127898 2.54738e-05 -0.00813247 -0.0154201 -0.00813247 7.01836e-05)
(-2.78479e-05 -0.012802 -0.0154431 -0.012802 3.68009e-05 -0.00811512 -0.0154431 -0.00811512 6.7798e-05)
(4.09475e-05 -0.0127873 -0.0154249 -0.0127873 3.11623e-05 -0.00814045 -0.0154249 -0.00814045 6.91485e-05)
(-4.59213e-05 -0.0128056 -0.0154477 -0.0128056 5.03089e-05 -0.00812229 -0.0154477 -0.00812229 5.85545e-05)
(-6.79938e-05 -0.0128182 -0.0154539 -0.0128182 5.43802e-05 -0.00811294 -0.0154539 -0.00811294 6.15124e-05)
(-0.000172791 -0.0128415 -0.0154501 -0.0128415 9.88143e-05 -0.00812021 -0.0154501 -0.00812021 6.29094e-05)
(2.15188e-05 -0.0127925 -0.0154376 -0.0127925 3.15283e-05 -0.00812607 -0.0154376 -0.00812607 5.79391e-05)
(6.47099e-05 -0.0127903 -0.0154229 -0.0127903 2.50041e-05 -0.00812846 -0.0154229 -0.00812846 6.17608e-05)
(-1.65213e-05 -0.0127957 -0.015434 -0.0127957 3.62461e-05 -0.00811439 -0.015434 -0.00811439 7.17248e-05)
(7.45033e-05 -0.0128015 -0.0154167 -0.0128015 4.07728e-05 -0.00814445 -0.0154167 -0.00814445 7.3985e-05)
(7.99674e-05 -0.0128058 -0.015419 -0.0128058 4.20606e-05 -0.00814253 -0.015419 -0.00814253 5.53486e-05)
(-3.5809e-05 -0.0128088 -0.0154529 -0.0128088 4.1021e-05 -0.00810835 -0.0154529 -0.00810835 7.80695e-05)
(4.46363e-05 -0.0127824 -0.0154296 -0.0127824 2.47978e-05 -0.00813489 -0.0154296 -0.00813489 7.98062e-05)
(0.000108375 -0.0128128 -0.0154107 -0.0128128 5.2325e-05 -0.00814851 -0.0154107 -0.00814851 7.77722e-05)
(0.000122992 -0.0128082 -0.0154169 -0.0128082 3.45481e-05 -0.00813637 -0.0154169 -0.00813637 5.39508e-05)
(6.43795e-06 -0.0127911 -0.0154331 -0.0127911 2.37473e-05 -0.00812205 -0.0154331 -0.00812205 5.58973e-05)
(5.28833e-05 -0.012794 -0.0154192 -0.012794 3.26152e-05 -0.00814054 -0.0154192 -0.00814054 7.70156e-05)
(8.30088e-05 -0.0128129 -0.0154425 -0.0128129 5.08786e-05 -0.00813343 -0.0154425 -0.00813343 3.32686e-05)
(-1.07946e-06 -0.0127907 -0.0154315 -0.0127907 2.60513e-05 -0.00812031 -0.0154315 -0.00812031 6.11841e-05)
(9.02768e-06 -0.012789 -0.0154362 -0.012789 2.47632e-05 -0.00812907 -0.0154362 -0.00812907 4.06687e-05)
(5.17887e-05 -0.0127939 -0.0154313 -0.0127939 2.3372e-05 -0.00813158 -0.0154313 -0.00813158 3.76657e-05)
(6.09343e-05 -0.0127954 -0.015428 -0.0127954 2.51714e-05 -0.0081325 -0.015428 -0.0081325 4.1758e-05)
(3.61271e-05 -0.0127913 -0.0154363 -0.0127913 2.63609e-05 -0.008131 -0.0154363 -0.008131 4.4236e-05)
(8.30988e-06 -0.0127907 -0.0154305 -0.0127907 2.41737e-05 -0.00812153 -0.0154305 -0.00812153 5.78191e-05)
(3.01369e-05 -0.0127881 -0.0154267 -0.0127881 2.18613e-05 -0.00812556 -0.0154267 -0.00812556 7.6451e-05)
(3.17836e-05 -0.0127853 -0.0154272 -0.0127853 2.42254e-05 -0.00813362 -0.0154272 -0.00813362 8.29762e-05)
(3.56117e-05 -0.0127896 -0.0154354 -0.0127896 2.18538e-05 -0.00813114 -0.0154354 -0.00813114 4.37849e-05)
(8.43264e-05 -0.0127928 -0.0154126 -0.0127928 2.66013e-05 -0.00812866 -0.0154126 -0.00812866 7.07249e-05)
(6.87693e-05 -0.0127956 -0.0154192 -0.0127956 4.34674e-05 -0.00814856 -0.0154192 -0.00814856 9.75021e-05)
(2.86642e-05 -0.0127875 -0.0154272 -0.0127875 2.03044e-05 -0.00812791 -0.0154272 -0.00812791 5.23676e-05)
(2.97764e-05 -0.0127888 -0.0154317 -0.0127888 1.89369e-05 -0.00812886 -0.0154317 -0.00812886 3.95468e-05)
(7.75033e-05 -0.0128079 -0.0154243 -0.0128079 7.37135e-05 -0.00814787 -0.0154243 -0.00814787 4.55329e-05)
(6.58918e-05 -0.0127945 -0.0154204 -0.0127945 3.07604e-05 -0.00813693 -0.0154204 -0.00813693 6.38603e-05)
(2.43031e-05 -0.0127901 -0.0154303 -0.0127901 2.33935e-05 -0.00812587 -0.0154303 -0.00812587 5.17511e-05)
(0.000114454 -0.0128157 -0.0154078 -0.0128157 6.44616e-05 -0.0081545 -0.0154078 -0.0081545 9.59932e-05)
(4.55276e-05 -0.0127892 -0.0154159 -0.0127892 2.50908e-05 -0.00812757 -0.0154159 -0.00812757 8.66449e-05)
(-4.42502e-05 -0.0128055 -0.0154473 -0.0128055 4.1689e-05 -0.00810984 -0.0154473 -0.00810984 8.09479e-05)
(8.27338e-05 -0.0127934 -0.0154091 -0.0127934 3.16137e-05 -0.00811915 -0.0154091 -0.00811915 0.000107014)
(3.40954e-05 -0.0127877 -0.0154198 -0.0127877 2.24358e-05 -0.00812869 -0.0154198 -0.00812869 7.69317e-05)
(4.22585e-05 -0.0127848 -0.0154266 -0.0127848 2.49196e-05 -0.00813475 -0.0154266 -0.00813475 6.60126e-05)
(0.000115277 -0.0128177 -0.0154161 -0.0128177 5.67652e-05 -0.00814653 -0.0154161 -0.00814653 5.72583e-05)
(1.07919e-05 -0.012789 -0.015433 -0.012789 2.04945e-05 -0.00812545 -0.015433 -0.00812545 4.42523e-05)
(1.60882e-05 -0.0127968 -0.0154265 -0.0127968 3.90443e-05 -0.0081112 -0.0154265 -0.0081112 0.000101907)
(0.000117817 -0.0127985 -0.015403 -0.0127985 2.85313e-05 -0.00812807 -0.015403 -0.00812807 7.92589e-05)
(8.12644e-05 -0.0128249 -0.0154336 -0.0128249 8.1938e-05 -0.00813963 -0.0154336 -0.00813963 2.72512e-05)
(-1.80553e-05 -0.0127995 -0.0154399 -0.0127995 3.67295e-05 -0.00811355 -0.0154399 -0.00811355 7.91037e-05)
(-2.41353e-05 -0.0128042 -0.0154441 -0.0128042 4.23126e-05 -0.00811162 -0.0154441 -0.00811162 8.64083e-05)
(3.85408e-05 -0.0127907 -0.0154226 -0.0127907 2.94973e-05 -0.008119 -0.0154226 -0.008119 7.22385e-05)
(-5.62615e-05 -0.0128048 -0.0154478 -0.0128048 4.36558e-05 -0.00810747 -0.0154478 -0.00810747 8.10284e-05)
(-5.5148e-05 -0.0128121 -0.0154572 -0.0128121 5.09883e-05 -0.00810925 -0.0154572 -0.00810925 0.000113135)
(0.000104282 -0.0127947 -0.0154023 -0.0127947 2.83458e-05 -0.00812993 -0.0154023 -0.00812993 9.31367e-05)
(1.14329e-05 -0.0127894 -0.015431 -0.0127894 2.33785e-05 -0.00812417 -0.015431 -0.00812417 5.31155e-05)
(-8.3093e-05 -0.0128324 -0.0154539 -0.0128324 7.1344e-05 -0.00812332 -0.0154539 -0.00812332 5.36734e-05)
(6.15313e-06 -0.0127905 -0.0154271 -0.0127905 2.77057e-05 -0.00811883 -0.0154271 -0.00811883 7.94184e-05)
(0.000120993 -0.0128023 -0.0154283 -0.0128023 2.92421e-05 -0.00813415 -0.0154283 -0.00813415 4.85512e-05)
(5.72298e-05 -0.0128019 -0.0154412 -0.0128019 3.30195e-05 -0.00813227 -0.0154412 -0.00813227 2.94944e-05)
(-2.71858e-05 -0.0128069 -0.0154467 -0.0128069 4.00019e-05 -0.00812264 -0.0154467 -0.00812264 4.94426e-05)
(5.144e-05 -0.0127927 -0.0154317 -0.0127927 2.52478e-05 -0.00813334 -0.0154317 -0.00813334 4.25699e-05)
(8.79594e-05 -0.0128094 -0.0154385 -0.0128094 4.2611e-05 -0.00813618 -0.0154385 -0.00813618 3.70075e-05)
(3.72254e-05 -0.0127881 -0.0154215 -0.0127881 2.31858e-05 -0.00812896 -0.0154215 -0.00812896 7.67004e-05)
(4.61932e-05 -0.0127892 -0.0154168 -0.0127892 2.78045e-05 -0.00813502 -0.0154168 -0.00813502 9.20174e-05)
(5.50012e-05 -0.0127903 -0.0154135 -0.0127903 2.63363e-05 -0.00813045 -0.0154135 -0.00813045 8.59458e-05)
(5.25191e-05 -0.0127952 -0.0154251 -0.0127952 3.71582e-05 -0.00814113 -0.0154251 -0.00814113 4.87992e-05)
(8.21796e-05 -0.0128068 -0.0154189 -0.0128068 6.73826e-05 -0.00815351 -0.0154189 -0.00815351 7.24181e-05)
(4.773e-05 -0.012789 -0.015429 -0.012789 3.51127e-05 -0.00813881 -0.015429 -0.00813881 4.03586e-05)
(4.3824e-05 -0.0127946 -0.015444 -0.0127946 2.90521e-05 -0.00813203 -0.015444 -0.00813203 4.81267e-05)
(6.04576e-05 -0.0127976 -0.0154366 -0.0127976 2.60937e-05 -0.00813285 -0.0154366 -0.00813285 3.51288e-05)
(3.52042e-05 -0.0127818 -0.0154336 -0.0127818 2.43671e-05 -0.00813138 -0.0154336 -0.00813138 2.92874e-05)
(3.33187e-05 -0.0127881 -0.0154209 -0.0127881 2.55571e-05 -0.00812752 -0.0154209 -0.00812752 9.70213e-05)
(6.09764e-05 -0.0127937 -0.0154158 -0.0127937 3.43738e-05 -0.0081417 -0.0154158 -0.0081417 0.00010329)
(3.46204e-05 -0.0127836 -0.0154314 -0.0127836 1.93655e-05 -0.00813017 -0.0154314 -0.00813017 4.37987e-05)
(3.19735e-05 -0.01279 -0.0154294 -0.01279 2.4229e-05 -0.00812631 -0.0154294 -0.00812631 5.93498e-05)
(0.000125898 -0.012804 -0.0154153 -0.012804 3.21056e-05 -0.00813484 -0.0154153 -0.00813484 5.78897e-05)
(1.8862e-05 -0.0127842 -0.0154322 -0.0127842 1.93098e-05 -0.00813054 -0.0154322 -0.00813054 3.15365e-05)
(6.69556e-05 -0.0128154 -0.0154321 -0.0128154 7.42405e-05 -0.00813984 -0.0154321 -0.00813984 2.88799e-05)
(0.000138812 -0.0128035 -0.0154155 -0.0128035 3.08642e-05 -0.00813322 -0.0154155 -0.00813322 5.90055e-05)
(-3.43564e-05 -0.012801 -0.0154433 -0.012801 3.68638e-05 -0.00811091 -0.0154433 -0.00811091 8.60409e-05)
(3.65015e-05 -0.0127868 -0.0154298 -0.0127868 2.15512e-05 -0.00813162 -0.0154298 -0.00813162 4.15255e-05)
(6.8731e-05 -0.0127967 -0.0154239 -0.0127967 3.45238e-05 -0.0081386 -0.0154239 -0.0081386 5.11595e-05)
(8.79663e-06 -0.0127885 -0.0154336 -0.0127885 2.07708e-05 -0.00812508 -0.0154336 -0.00812508 4.72034e-05)
(9.18732e-05 -0.0128088 -0.0154169 -0.0128088 3.93644e-05 -0.00813976 -0.0154169 -0.00813976 5.12416e-05)
(8.07267e-05 -0.0128161 -0.0154432 -0.0128161 6.38724e-05 -0.00813168 -0.0154432 -0.00813168 3.17014e-05)
(-3.4026e-05 -0.0128097 -0.0154493 -0.0128097 4.66628e-05 -0.00812861 -0.0154493 -0.00812861 4.53362e-05)
(4.5481e-05 -0.0127932 -0.0154218 -0.0127932 2.52112e-05 -0.00813339 -0.0154218 -0.00813339 4.55165e-05)
(8.16923e-05 -0.0128022 -0.0154147 -0.0128022 7.43286e-05 -0.00815345 -0.0154147 -0.00815345 8.67071e-05)
(7.74992e-05 -0.0127943 -0.0154294 -0.0127943 2.65235e-05 -0.00812905 -0.0154294 -0.00812905 5.98159e-05)
(1.32141e-05 -0.0127927 -0.0154364 -0.0127927 2.91018e-05 -0.00812646 -0.0154364 -0.00812646 4.96072e-05)
(0.000102341 -0.0128275 -0.0154157 -0.0128275 9.2079e-05 -0.00815415 -0.0154157 -0.00815415 5.69763e-05)
(6.75747e-05 -0.0127963 -0.0154273 -0.0127963 3.96125e-05 -0.00813968 -0.0154273 -0.00813968 4.30803e-05)
(-4.35624e-06 -0.0127928 -0.0154345 -0.0127928 2.76238e-05 -0.00811794 -0.0154345 -0.00811794 7.45131e-05)
(2.15374e-05 -0.0127893 -0.0154229 -0.0127893 2.83327e-05 -0.00811851 -0.0154229 -0.00811851 7.47868e-05)
(4.30276e-05 -0.0127896 -0.0154188 -0.0127896 2.45326e-05 -0.00812682 -0.0154188 -0.00812682 8.4308e-05)
(-2.8036e-05 -0.0128057 -0.0154468 -0.0128057 3.96687e-05 -0.00811349 -0.0154468 -0.00811349 6.99754e-05)
(-0.000156589 -0.012827 -0.0154542 -0.012827 9.58264e-05 -0.00811236 -0.0154542 -0.00811236 7.82383e-05)
(3.17013e-05 -0.0127944 -0.0154217 -0.0127944 4.23192e-05 -0.00811134 -0.0154217 -0.00811134 0.000101467)
(6.05283e-05 -0.0128009 -0.0154336 -0.0128009 3.87703e-05 -0.00813611 -0.0154336 -0.00813611 3.6738e-05)
(1.5902e-05 -0.0127931 -0.0154316 -0.0127931 3.19857e-05 -0.00812168 -0.0154316 -0.00812168 6.31717e-05)
(-2.52436e-05 -0.0128013 -0.0154391 -0.0128013 4.0286e-05 -0.00811143 -0.0154391 -0.00811143 0.000106265)
(2.70229e-05 -0.0127884 -0.0154346 -0.0127884 2.07956e-05 -0.00812909 -0.0154346 -0.00812909 4.6031e-05)
(5.35589e-05 -0.0127945 -0.0154333 -0.0127945 2.51466e-05 -0.00813273 -0.0154333 -0.00813273 3.6906e-05)
(4.79906e-05 -0.0127893 -0.0154139 -0.0127893 2.6966e-05 -0.00812026 -0.0154139 -0.00812026 8.72607e-05)
(7.5438e-05 -0.0128038 -0.0154222 -0.0128038 5.37988e-05 -0.00814744 -0.0154222 -0.00814744 5.74823e-05)
(2.87858e-06 -0.0127956 -0.0154376 -0.0127956 2.83784e-05 -0.00811803 -0.0154376 -0.00811803 7.10278e-05)
(1.4951e-05 -0.0127895 -0.0154341 -0.0127895 2.23117e-05 -0.00812659 -0.0154341 -0.00812659 4.73362e-05)
(9.09851e-05 -0.0128018 -0.015426 -0.0128018 3.20235e-05 -0.00813551 -0.015426 -0.00813551 4.5241e-05)
(-4.77338e-06 -0.0127953 -0.0154377 -0.0127953 3.2411e-05 -0.00812371 -0.0154377 -0.00812371 5.00807e-05)
(3.56098e-05 -0.0127816 -0.0154344 -0.0127816 2.10213e-05 -0.00813107 -0.0154344 -0.00813107 3.3586e-05)
(9.70347e-05 -0.0128125 -0.015435 -0.0128125 4.65934e-05 -0.00813659 -0.015435 -0.00813659 3.89851e-05)
(2.13e-05 -0.0127906 -0.0154311 -0.0127906 2.08332e-05 -0.00812467 -0.0154311 -0.00812467 4.69456e-05)
(-9.31879e-05 -0.0128117 -0.0154533 -0.0128117 5.97818e-05 -0.00810212 -0.0154533 -0.00810212 9.66407e-05)
(1.70408e-05 -0.0127923 -0.0154213 -0.0127923 3.75806e-05 -0.00811145 -0.0154213 -0.00811145 0.000100491)
(-0.00017423 -0.012816 -0.0154624 -0.012816 9.41831e-05 -0.0080986 -0.0154624 -0.0080986 8.80662e-05)
(-1.43046e-05 -0.0127974 -0.0154329 -0.0127974 4.03099e-05 -0.00811008 -0.0154329 -0.00811008 9.19924e-05)
(5.44811e-05 -0.0127817 -0.0154311 -0.0127817 3.21888e-05 -0.00814168 -0.0154311 -0.00814168 7.30133e-05)
(9.05938e-05 -0.0127928 -0.0154095 -0.0127928 2.78799e-05 -0.00812291 -0.0154095 -0.00812291 8.41107e-05)
(0.000152549 -0.0128281 -0.0154105 -0.0128281 6.87729e-05 -0.00814905 -0.0154105 -0.00814905 6.70075e-05)
(4.49065e-05 -0.0127791 -0.0154333 -0.0127791 2.37705e-05 -0.00813527 -0.0154333 -0.00813527 5.82649e-05)
(2.75669e-05 -0.0127866 -0.015426 -0.0127866 2.07478e-05 -0.0081266 -0.015426 -0.0081266 6.57931e-05)
(5.78268e-05 -0.0128041 -0.0154437 -0.0128041 4.96865e-05 -0.00813021 -0.0154437 -0.00813021 3.1746e-05)
(1.86893e-05 -0.0127853 -0.0154338 -0.0127853 1.78643e-05 -0.00812822 -0.0154338 -0.00812822 3.90897e-05)
(3.83326e-05 -0.0127881 -0.0154222 -0.0127881 2.25351e-05 -0.00812906 -0.0154222 -0.00812906 6.36113e-05)
(0.000100721 -0.0128283 -0.0154234 -0.0128283 8.4397e-05 -0.00814977 -0.0154234 -0.00814977 4.23965e-05)
(7.48074e-05 -0.0127977 -0.0154416 -0.0127977 2.72053e-05 -0.00813318 -0.0154416 -0.00813318 4.69523e-05)
(2.59122e-05 -0.0127864 -0.015436 -0.0127864 2.055e-05 -0.0081254 -0.015436 -0.0081254 5.25736e-05)
(7.68584e-05 -0.0127905 -0.0154116 -0.0127905 2.94009e-05 -0.00812191 -0.0154116 -0.00812191 8.9098e-05)
(0.000105571 -0.0127934 -0.0154189 -0.0127934 3.50886e-05 -0.00812341 -0.0154189 -0.00812341 7.26638e-05)
(-0.000103583 -0.0128423 -0.015451 -0.0128423 8.06213e-05 -0.00812219 -0.015451 -0.00812219 5.00541e-05)
(3.54745e-05 -0.0127856 -0.0154298 -0.0127856 2.19853e-05 -0.00812854 -0.0154298 -0.00812854 6.03737e-05)
(0.000129919 -0.0128326 -0.0154416 -0.0128326 0.000118736 -0.00814405 -0.0154416 -0.00814405 4.02468e-05)
(4.4592e-05 -0.0127943 -0.015436 -0.0127943 2.95229e-05 -0.00813307 -0.015436 -0.00813307 3.19368e-05)
(8.25916e-05 -0.0128022 -0.0154195 -0.0128022 3.42638e-05 -0.00813745 -0.0154195 -0.00813745 5.5441e-05)
(5.02509e-05 -0.0127967 -0.0154276 -0.0127967 2.80332e-05 -0.00813392 -0.0154276 -0.00813392 3.2676e-05)
(4.33957e-05 -0.0127933 -0.0154491 -0.0127933 2.54948e-05 -0.00813447 -0.0154491 -0.00813447 4.52182e-05)
(-9.68945e-05 -0.0128321 -0.0154565 -0.0128321 9.50945e-05 -0.0081341 -0.0154565 -0.0081341 5.99873e-05)
(7.50861e-06 -0.012796 -0.0154461 -0.012796 2.9277e-05 -0.0081361 -0.0154461 -0.0081361 5.05878e-05)
(2.65688e-05 -0.0127979 -0.0154518 -0.0127979 3.89511e-05 -0.00813547 -0.0154518 -0.00813547 5.56233e-05)
(4.03372e-05 -0.0127923 -0.0154423 -0.0127923 2.38978e-05 -0.00813305 -0.0154423 -0.00813305 3.89463e-05)
(5.13986e-05 -0.0127983 -0.0154326 -0.0127983 4.37697e-05 -0.00813459 -0.0154326 -0.00813459 2.72545e-05)
