/*--------------------------------*- C++ -*----------------------------------*\
  =========                 |
  \\      /  F ield         | OpenFOAM: The Open Source CFD Toolbox
   \\    /   O peration     | Website:  https://openfoam.org
    \\  /    A nd           | Version:  10
     \\/     M anipulation  |
\*---------------------------------------------------------------------------*/
FoamFile
{
    format      ascii;
    class       volTensorField;
    location    "9";
    object      TauNN;
}
// * * * * * * * * * * * * * * * * * * * * * * * * * * * * * * * * * * * * * //

dimensions      [0 2 -2 0 0 0 0];

internalField   nonuniform List<tensor> 
25600
(
(-0.000142431 -0.00289234 0.00649469 -0.00289234 0.0101858 -0.00227816 0.00649469 -0.00227816 0.00860716)
(0.000606956 -0.00299782 0.00526319 -0.00299782 0.00918742 -0.0024933 0.00526319 -0.0024933 0.00803644)
(-5.2033e-05 -0.00261659 0.00486003 -0.00261659 0.00859756 -0.00262906 0.00486003 -0.00262906 0.00703932)
(-0.00033611 -0.00298296 0.00528105 -0.00298296 0.00920889 -0.00228315 0.00528105 -0.00228315 0.00813505)
(-0.000134269 -0.00300147 0.0052953 -0.00300147 0.00914806 -0.00232612 0.0052953 -0.00232612 0.00811149)
(-0.000268023 -0.00278457 0.00498397 -0.00278457 0.00866948 -0.00256317 0.00498397 -0.00256317 0.00730188)
(-0.000476803 -0.00254088 0.00472857 -0.00254088 0.00843243 -0.00244816 0.00472857 -0.00244816 0.00710724)
(-0.00175356 -0.00280694 0.00558707 -0.00280694 0.00943075 -0.00145513 0.00558707 -0.00145513 0.00818639)
(-0.0018627 -0.002359 0.00537496 -0.002359 0.0097014 -0.00147225 0.00537496 -0.00147225 0.00790142)
(-0.0010178 -0.00276797 0.00627226 -0.00276797 0.0101167 -0.0021799 0.00627226 -0.0021799 0.00860523)
(-0.000470916 -0.00278091 0.00648632 -0.00278091 0.0101873 -0.00233096 0.00648632 -0.00233096 0.00870471)
(0.00113211 -0.00271638 0.00501634 -0.00271638 0.00860434 -0.00271771 0.00501634 -0.00271771 0.00704218)
(0.011057 -0.00325429 0.000981243 -0.00325429 0.00498505 -0.00366571 0.000981243 -0.00366571 0.00590328)
(-0.00092097 -0.0030198 0.00557159 -0.0030198 0.00915578 -0.00199506 0.00557159 -0.00199506 0.0078573)
(-0.00138616 -0.00320517 0.00584526 -0.00320517 0.009342 -0.0019249 0.00584526 -0.0019249 0.00803862)
(0.0100907 -0.000962849 -0.000599701 -0.000962849 0.00499189 -0.00317511 -0.000599701 -0.00317511 0.00462591)
(-0.00201581 -0.00268442 0.00555565 -0.00268442 0.00973646 -0.00151605 0.00555565 -0.00151605 0.0083385)
(-0.000813423 -0.00290348 0.00641994 -0.00290348 0.0100805 -0.00222001 0.00641994 -0.00222001 0.00840129)
(0.00098527 -0.00338752 0.00557613 -0.00338752 0.00956144 -0.00202752 0.00557613 -0.00202752 0.00914905)
(0.000958747 -0.00257862 0.00491804 -0.00257862 0.00862247 -0.00268871 0.00491804 -0.00268871 0.00691877)
(-0.000909489 -0.00274783 0.00522613 -0.00274783 0.00900413 -0.00201864 0.00522613 -0.00201864 0.00816035)
(0.000528746 -0.00334807 0.00554164 -0.00334807 0.00949049 -0.00202338 0.00554164 -0.00202338 0.00895349)
(-0.000794909 -0.00295838 0.00534219 -0.00295838 0.00907822 -0.00199274 0.00534219 -0.00199274 0.00836187)
(-0.00152612 -0.00316357 0.00539744 -0.00316357 0.00955954 -0.00124312 0.00539744 -0.00124312 0.00913555)
(-0.00153188 -0.00278661 0.0057228 -0.00278661 0.00988142 -0.0016788 0.0057228 -0.0016788 0.00859457)
(-0.00173529 -0.00287786 0.00570057 -0.00287786 0.00965986 -0.00153877 0.00570057 -0.00153877 0.00845166)
(-0.00103905 -0.00268419 0.00518388 -0.00268419 0.00882111 -0.00183698 0.00518388 -0.00183698 0.00812185)
(-0.000448429 -0.00238043 0.00489631 -0.00238043 0.0086761 -0.00163557 0.00489631 -0.00163557 0.00794045)
(-0.00082026 -0.00225488 0.00494033 -0.00225488 0.00895094 -0.00144966 0.00494033 -0.00144966 0.00739482)
(-0.000951927 -0.00139308 0.00450795 -0.00139308 0.00925433 -0.00104058 0.00450795 -0.00104058 0.0065494)
(-0.0012216 -0.00200007 0.00493479 -0.00200007 0.00970032 -0.00133006 0.00493479 -0.00133006 0.00761615)
(-0.00135733 -0.00273766 0.00610893 -0.00273766 0.00995525 -0.00202378 0.00610893 -0.00202378 0.00820425)
(0.00040855 -0.00355314 0.00573853 -0.00355314 0.00971437 -0.00187991 0.00573853 -0.00187991 0.0093027)
(0.00107692 -0.00265219 0.00491981 -0.00265219 0.00872899 -0.00272346 0.00491981 -0.00272346 0.00700235)
(0.00176907 -0.00233328 0.00464421 -0.00233328 0.00791917 -0.00272612 0.00464421 -0.00272612 0.00617566)
(9.7624e-05 -0.00227993 0.00470105 -0.00227993 0.00824245 -0.00248082 0.00470105 -0.00248082 0.00676236)
(0.00279647 -0.00207959 0.00353468 -0.00207959 0.00699195 -0.00281896 0.00353468 -0.00281896 0.00523957)
(-0.00117759 -0.00252124 0.00511284 -0.00252124 0.00897425 -0.00191651 0.00511284 -0.00191651 0.00811204)
(-0.00137292 -0.0032741 0.00553754 -0.0032741 0.00943996 -0.00147621 0.00553754 -0.00147621 0.00891317)
(8.21745e-05 -0.00221099 0.00541941 -0.00221099 0.00927726 -0.00170223 0.00541941 -0.00170223 0.00682552)
(-0.000671078 -0.00213506 0.00560552 -0.00213506 0.00987337 -0.00189228 0.00560552 -0.00189228 0.00737354)
(0.00271327 -0.00323638 0.00657967 -0.00323638 0.00986091 -0.0024765 0.00657967 -0.0024765 0.00858571)
(0.000970229 -0.00105029 0.00627769 -0.00105029 0.00820392 -0.00274251 0.00627769 -0.00274251 0.00727351)
(0.000813073 -0.000943777 0.00660654 -0.000943777 0.00839826 -0.00255089 0.00660654 -0.00255089 0.0078268)
(0.000547091 -0.00113186 0.00607516 -0.00113186 0.00854128 -0.00244732 0.00607516 -0.00244732 0.00717853)
(0.00199221 -0.000607844 0.00555492 -0.000607844 0.00745915 -0.00300123 0.00555492 -0.00300123 0.00620882)
(0.00514152 0.000439841 0.00664599 0.000439841 0.00684755 -0.00246009 0.00664599 -0.00246009 0.00786234)
(0.00223461 0.000138463 0.00554181 0.000138463 0.00874452 -0.00184968 0.00554181 -0.00184968 0.0072859)
(0.00485067 -0.000298786 0.0035412 -0.000298786 0.00950434 -0.00115999 0.0035412 -0.00115999 0.00552876)
(0.00267092 -0.00206859 0.00502734 -0.00206859 0.00967377 -0.00125437 0.00502734 -0.00125437 0.00781943)
(0.00642943 -0.00318907 0.0060503 -0.00318907 0.0105395 -0.00234945 0.0060503 -0.00234945 0.00890439)
(0.0222558 -0.00363836 0.00348472 -0.00363836 0.00942782 -0.00276361 0.00348472 -0.00276361 0.00640213)
(0.0133524 -0.0015665 -0.00103363 -0.0015665 0.00769268 -0.00334333 -0.00103363 -0.00334333 0.0107401)
(0.00169453 0.000276959 0.00632436 0.000276959 0.0078112 -0.00196467 0.00632436 -0.00196467 0.00655448)
(-1.15788e-05 -0.00184121 0.00572889 -0.00184121 0.00878758 -0.00211043 0.00572889 -0.00211043 0.00671409)
(0.0146055 -0.00171934 0.00317392 -0.00171934 0.00980829 0.000821773 0.00317392 0.000821773 0.0079143)
(0.014101 -0.00158649 0.00245365 -0.00158649 0.00911001 -0.000365939 0.00245365 -0.000365939 0.00594406)
(0.0063376 -0.00124278 0.00452599 -0.00124278 0.00966326 -0.00167333 0.00452599 -0.00167333 0.00613249)
(0.00251963 -0.00200342 0.00517893 -0.00200342 0.00957313 -0.00189259 0.00517893 -0.00189259 0.00672415)
(0.00174946 -0.00343642 0.00595259 -0.00343642 0.00990843 -0.0026507 0.00595259 -0.0026507 0.00845168)
(-0.000878541 -0.00171296 0.00539345 -0.00171296 0.00907456 -0.00235805 0.00539345 -0.00235805 0.00823179)
(3.19491e-05 -0.00249592 0.00580625 -0.00249592 0.0097007 -0.00223238 0.00580625 -0.00223238 0.00765829)
(-0.000509303 -0.00289149 0.00593284 -0.00289149 0.00962302 -0.00236395 0.00593284 -0.00236395 0.00801883)
(0.00161411 -0.00160245 0.00445319 -0.00160245 0.00888462 -0.00066698 0.00445319 -0.00066698 0.00844035)
(0.00343929 -0.00107457 0.00219683 -0.00107457 0.00853322 0.000415275 0.00219683 0.000415275 0.00836454)
(0.00122352 -0.00164907 0.00392266 -0.00164907 0.0090713 -0.00105407 0.00392266 -0.00105407 0.00785273)
(-0.00119968 -0.00156495 0.00564023 -0.00156495 0.00878528 -0.00206702 0.00564023 -0.00206702 0.00715898)
(-0.000741413 -0.000559975 0.00623932 -0.000559975 0.00879617 -0.002572 0.00623932 -0.002572 0.00868498)
(-0.00127662 -0.000633269 0.00476171 -0.000633269 0.00904219 -0.0017056 0.00476171 -0.0017056 0.00697479)
(0.00212647 5.06425e-05 0.00344444 5.06425e-05 0.00919768 -0.00110602 0.00344444 -0.00110602 0.00568938)
(0.00966193 0.000709367 0.00280904 0.000709367 0.00876819 -0.000570458 0.00280904 -0.000570458 0.00438829)
(0.0112446 0.000649413 0.00448787 0.000649413 0.0087431 -0.00105929 0.00448787 -0.00105929 0.00478838)
(0.00483373 -0.00266169 0.00465616 -0.00266169 0.00992944 -0.00205857 0.00465616 -0.00205857 0.00819118)
(0.0028955 -0.00436045 0.0032576 -0.00436045 0.00952856 -0.00284154 0.0032576 -0.00284154 0.00749437)
(0.0075055 -0.0043724 0.00271909 -0.0043724 0.00914584 -0.00290665 0.00271909 -0.00290665 0.00660568)
(0.00322575 -0.0012713 0.0063144 -0.0012713 0.00847757 -0.00281065 0.0063144 -0.00281065 0.00788379)
(0.00348014 -0.000511628 0.00680215 -0.000511628 0.00822509 -0.00260816 0.00680215 -0.00260816 0.00883561)
(0.000661736 -0.000623683 0.00524947 -0.000623683 0.00898268 -0.00180351 0.00524947 -0.00180351 0.0067976)
(0.000390695 -0.00199827 0.004864 -0.00199827 0.00941264 -0.00177144 0.004864 -0.00177144 0.00787217)
(0.0126927 -0.00129619 0.0047577 -0.00129619 0.00893319 -0.00131408 0.0047577 -0.00131408 0.00884357)
(0.00934048 0.00127289 0.00264022 0.00127289 0.00515624 0.00198222 0.00264022 0.00198222 0.0067849)
(0.0138392 -0.00534492 0.0053151 -0.00534492 0.0102608 -0.00356238 0.0053151 -0.00356238 0.00717957)
(0.00914728 -0.00438678 0.00426999 -0.00438678 0.0106042 -0.00332043 0.00426999 -0.00332043 0.00584282)
(0.00721935 -0.00362245 0.00511983 -0.00362245 0.0101388 -0.00185085 0.00511983 -0.00185085 0.00694124)
(0.00813633 -0.00324872 0.00394075 -0.00324872 0.0102103 -0.00306773 0.00394075 -0.00306773 0.00497769)
(0.00239347 -0.00221966 0.00406416 -0.00221966 0.00903335 -0.00374896 0.00406416 -0.00374896 0.00639179)
(0.00675906 -0.00234606 0.00379871 -0.00234606 0.00989133 -0.00139618 0.00379871 -0.00139618 0.00396163)
(0.0122454 0.000569069 0.00464774 0.000569069 0.00789625 0.000404208 0.00464774 0.000404208 0.00717722)
(0.01118 -0.00139996 0.00409734 -0.00139996 0.00885048 0.000736784 0.00409734 0.000736784 0.00751657)
(0.00785221 -0.00359774 0.000741143 -0.00359774 0.0101629 0.000373639 0.000741143 0.000373639 0.00679254)
(0.0127032 -0.00415615 0.000971776 -0.00415615 0.011483 0.000560272 0.000971776 0.000560272 0.00590375)
(0.0276798 -0.00619043 0.00261785 -0.00619043 0.0106524 -0.00546058 0.00261785 -0.00546058 0.00698889)
(0.00507795 -0.00390346 -0.000420449 -0.00390346 0.00663278 -0.00337789 -0.000420449 -0.00337789 0.00628967)
(0.0107759 -0.00162031 0.00437233 -0.00162031 0.00898493 -0.00058617 0.00437233 -0.00058617 0.00460142)
(0.00293501 -0.00336855 0.00627465 -0.00336855 0.0104835 -0.00212589 0.00627465 -0.00212589 0.00883953)
(0.00211487 -9.52836e-06 0.00288019 -9.52836e-06 0.00457357 -0.00336447 0.00288019 -0.00336447 0.00452572)
(0.0108374 -0.0042184 0.000560962 -0.0042184 0.0106806 -0.000105906 0.000560962 -0.000105906 0.0164788)
(0.0124683 0.00221379 0.00372747 0.00221379 0.00545822 0.00319151 0.00372747 0.00319151 0.00843544)
(0.0133512 -0.00322566 0.00325313 -0.00322566 0.00947095 -0.000622105 0.00325313 -0.000622105 0.00485594)
(0.0103969 -0.00544527 0.00492386 -0.00544527 0.0105347 -0.0037057 0.00492386 -0.0037057 0.00693672)
(0.00535616 -0.00327632 0.00534148 -0.00327632 0.0102313 -0.00150661 0.00534148 -0.00150661 0.00802065)
(0.012572 -0.000758417 0.00375531 -0.000758417 0.00917182 -0.00172279 0.00375531 -0.00172279 0.00365003)
(0.00180673 -0.00401796 0.00369468 -0.00401796 0.0105501 -0.00407427 0.00369468 -0.00407427 0.00651146)
(0.00834949 -0.0014993 0.00489942 -0.0014993 0.00909828 -0.00132285 0.00489942 -0.00132285 0.00724857)
(0.0110901 0.000450894 0.0037711 0.000450894 0.00677003 0.000443674 0.0037711 0.000443674 0.00786814)
(0.0183744 -0.00442328 0.00291494 -0.00442328 0.00911084 0.00095681 0.00291494 0.00095681 0.00985545)
(0.00304996 -0.00309457 0.00552371 -0.00309457 0.0104836 -0.00175449 0.00552371 -0.00175449 0.00890623)
(0.00205573 -0.00227664 0.00506096 -0.00227664 0.0091536 -0.000824702 0.00506096 -0.000824702 0.00830768)
(-3.31737e-05 -0.00292486 0.00455905 -0.00292486 0.00947153 -0.000352068 0.00455905 -0.000352068 0.00898665)
(0.0112155 -0.00372603 0.00277985 -0.00372603 0.00992145 0.00107355 0.00277985 0.00107355 0.00912644)
(0.0213661 -0.00297871 -0.000685608 -0.00297871 0.00857907 0.00339801 -0.000685608 0.00339801 0.00853235)
(0.0100608 -0.00423639 -0.00144524 -0.00423639 0.0110289 -0.00163106 -0.00144524 -0.00163106 0.012399)
(0.0114206 -0.00290134 0.000793025 -0.00290134 0.0109145 0.000543489 0.000793025 0.000543489 0.00781243)
(0.00454183 -0.00228885 0.00065632 -0.00228885 0.00673109 -0.00307413 0.00065632 -0.00307413 0.00458211)
(0.00881956 -0.00415882 0.000339942 -0.00415882 0.00803376 -0.00366524 0.000339942 -0.00366524 0.00525126)
(0.0102359 -0.00219024 0.00233077 -0.00219024 0.00860901 -0.00215073 0.00233077 -0.00215073 0.00560456)
(0.00959405 -0.00106382 0.00300119 -0.00106382 0.00888043 9.97176e-05 0.00300119 9.97176e-05 0.00264226)
(0.0170508 -0.0027017 0.00323109 -0.0027017 0.0101699 -0.000445206 0.00323109 -0.000445206 0.0037425)
(0.01183 -0.00534967 0.00519345 -0.00534967 0.0101858 -0.00198968 0.00519345 -0.00198968 0.00886606)
(0.0215852 -0.00495385 0.000565683 -0.00495385 0.00956448 0.00154144 0.000565683 0.00154144 0.00838545)
(0.0105061 -0.00432179 -0.00453571 -0.00432179 0.0112012 -0.00368088 -0.00453571 -0.00368088 0.0083762)
(0.0113705 -0.000112116 0.00227989 -0.000112116 0.00447462 -0.000331708 0.00227989 -0.000331708 0.00489747)
(0.0161033 -0.00131414 0.00535268 -0.00131414 0.00859109 -0.00255689 0.00535268 -0.00255689 0.00769978)
(0.0147217 -0.00228317 0.00449034 -0.00228317 0.00911395 -0.00221803 0.00449034 -0.00221803 0.00927682)
(0.00663544 -0.000226451 -0.000610209 -0.000226451 0.00745921 -0.00240095 -0.000610209 -0.00240095 0.00874181)
(0.0191496 -0.00544684 0.000144303 -0.00544684 0.0090235 -0.00307942 0.000144303 -0.00307942 0.00540228)
(0.00379058 -0.000561645 0.00529329 -0.000561645 0.00876288 -0.0023828 0.00529329 -0.0023828 0.00633601)
(0.0109761 0.00227764 0.00180426 0.00227764 0.00735932 -0.000821489 0.00180426 -0.000821489 0.00596233)
(0.0106128 0.00010408 0.00118582 0.00010408 0.00625748 0.000792956 0.00118582 0.000792956 0.00541821)
(0.0074524 0.000672222 0.00169648 0.000672222 0.00899296 -0.00208351 0.00169648 -0.00208351 0.00685129)
(0.019893 -0.00347554 0.00100641 -0.00347554 0.0103658 -0.000531323 0.00100641 -0.000531323 0.00978754)
(0.0292412 -0.00438723 0.00170877 -0.00438723 0.00863426 -0.00282475 0.00170877 -0.00282475 0.00623429)
(0.00708099 0.00145211 0.00512584 0.00145211 0.00424403 -0.00313277 0.00512584 -0.00313277 0.00649432)
(0.0115569 -0.00220297 0.0026898 -0.00220297 0.0110332 -0.00178951 0.0026898 -0.00178951 0.00845164)
(0.0158515 -0.0052779 0.00190919 -0.0052779 0.00968228 -0.00254123 0.00190919 -0.00254123 0.0076505)
(0.00264115 0.000403101 0.00595857 0.000403101 0.00629513 -0.0028504 0.00595857 -0.0028504 0.00584371)
(0.0183188 -0.000309698 0.00138769 -0.000309698 0.00865338 0.000781094 0.00138769 0.000781094 0.00348648)
(0.0151484 -0.000204168 0.00355729 -0.000204168 0.0084774 -0.000263169 0.00355729 -0.000263169 0.00789536)
(0.0145985 -0.0029513 0.00267524 -0.0029513 0.00872236 -0.00149573 0.00267524 -0.00149573 0.00701025)
(0.0186638 -0.000498247 0.00592689 -0.000498247 0.00824747 -0.00266445 0.00592689 -0.00266445 0.00659913)
(0.0108054 -0.00416361 0.00303858 -0.00416361 0.00991183 -0.00225547 0.00303858 -0.00225547 0.00835329)
(0.0162352 -0.00132344 0.0063197 -0.00132344 0.00872528 -0.00197674 0.0063197 -0.00197674 0.00863128)
(0.0141057 -0.00278881 7.92854e-05 -0.00278881 0.00601014 -0.0016435 7.92854e-05 -0.0016435 0.0109278)
(0.0154938 -0.00225488 0.00264891 -0.00225488 0.00992507 0.00121731 0.00264891 0.00121731 0.00674132)
(0.00938262 -0.00450458 -0.00550782 -0.00450458 0.0109669 -0.00269853 -0.00550782 -0.00269853 0.00912728)
(0.016104 -0.00270971 -0.00247067 -0.00270971 0.00511554 0.00324574 -0.00247067 0.00324574 0.011267)
(0.0236486 -0.0035553 0.00281593 -0.0035553 0.00905786 -0.00147402 0.00281593 -0.00147402 0.00850112)
(0.0117422 -0.00386708 0.00243027 -0.00386708 0.00982619 -0.00208421 0.00243027 -0.00208421 0.0081798)
(0.00947203 -0.00334546 0.00495635 -0.00334546 0.0102629 -0.00193969 0.00495635 -0.00193969 0.00868786)
(0.0239922 -0.00447315 0.00041418 -0.00447315 0.00958678 0.000215804 0.00041418 0.000215804 0.0103079)
(0.0209859 -0.00162002 -0.0021807 -0.00162002 0.00645163 0.00271734 -0.0021807 0.00271734 0.010829)
(0.0187808 0.000469601 0.000748809 0.000469601 0.00366422 0.00144571 0.000748809 0.00144571 0.0101441)
(0.0110309 -0.00206014 0.00145712 -0.00206014 0.0105695 -0.0011729 0.00145712 -0.0011729 0.00711362)
(0.0159062 -0.00162507 0.00374816 -0.00162507 0.0085942 -0.00194816 0.00374816 -0.00194816 0.0113384)
(0.0194404 -0.00310079 0.000670657 -0.00310079 0.00866787 -0.00219405 0.000670657 -0.00219405 0.00938529)
(0.014894 -0.00387216 -0.00220067 -0.00387216 0.0091122 -0.00333233 -0.00220067 -0.00333233 0.00599901)
(0.00598124 4.30401e-05 -0.000485762 4.30401e-05 0.00586229 -0.000417833 -0.000485762 -0.000417833 0.00544462)
(0.0154139 -0.00135044 0.00374904 -0.00135044 0.0090618 -0.00117763 0.00374904 -0.00117763 0.0100073)
(0.0180562 -0.00196347 -0.000196132 -0.00196347 0.00866301 -0.0021128 -0.000196132 -0.0021128 0.00690787)
(0.014143 -0.000511713 0.000589149 -0.000511713 0.0074332 0.00276327 0.000589149 0.00276327 0.00802137)
(0.00794905 -0.00524716 -0.00436102 -0.00524716 0.0115703 -0.00273916 -0.00436102 -0.00273916 0.00907064)
(0.00579848 -0.00246968 0.000189191 -0.00246968 0.0081084 0.000901283 0.000189191 0.000901283 0.00566363)
(0.0132311 -0.0035923 0.00336894 -0.0035923 0.00972122 -0.00315605 0.00336894 -0.00315605 0.00527127)
(0.0139812 -0.00177546 0.00284638 -0.00177546 0.00927278 -0.00287256 0.00284638 -0.00287256 0.00475248)
(0.010313 -0.00566937 -0.000549186 -0.00566937 0.0112946 0.000499796 -0.000549186 0.000499796 0.00709973)
(0.0130911 -0.000233335 -0.000988569 -0.000233335 0.00830476 -0.00211521 -0.000988569 -0.00211521 0.00782173)
(0.00816453 -0.00395982 0.00525225 -0.00395982 0.0106262 -0.00205812 0.00525225 -0.00205812 0.00858817)
(0.00594624 -0.00351497 0.00531421 -0.00351497 0.0102027 -0.00165017 0.00531421 -0.00165017 0.00849588)
(0.0099156 -0.00328378 -0.00317839 -0.00328378 0.0113278 -0.00156115 -0.00317839 -0.00156115 0.007532)
(0.0071676 0.000523734 0.00223326 0.000523734 0.00664419 0.00156515 0.00223326 0.00156515 0.00405479)
(0.00114477 -0.00308481 0.00286875 -0.00308481 0.0073502 -0.00174585 0.00286875 -0.00174585 0.00598457)
(0.016986 -0.00644829 0.00150386 -0.00644829 0.0103583 -0.0047397 0.00150386 -0.0047397 0.00496802)
(0.00162453 -0.00139935 0.00528437 -0.00139935 0.00776846 -0.00279058 0.00528437 -0.00279058 0.00567448)
(0.0081426 -0.00417023 -0.0010197 -0.00417023 0.0115294 -0.00133854 -0.0010197 -0.00133854 0.00723673)
(0.0173577 -0.00491151 -0.000238623 -0.00491151 0.00837204 -0.000470628 -0.000238623 -0.000470628 0.00921841)
(0.00133487 -0.00330033 0.00555167 -0.00330033 0.00976872 -0.00191213 0.00555167 -0.00191213 0.00808589)
(0.0168403 -0.00220713 0.001664 -0.00220713 0.00901241 0.00165823 0.001664 0.00165823 0.00596155)
(0.0138396 -0.00273445 0.00388367 -0.00273445 0.00975981 -0.00147587 0.00388367 -0.00147587 0.00622805)
(0.0123501 -0.00497169 -0.000533282 -0.00497169 0.00803799 0.00199344 -0.000533282 0.00199344 0.00786979)
(0.0119244 -0.00182492 0.00291979 -0.00182492 0.00900445 -0.00315466 0.00291979 -0.00315466 0.00433527)
(0.0109329 -0.00374735 0.00460647 -0.00374735 0.00951862 -0.00197364 0.00460647 -0.00197364 0.00800735)
(0.00691727 -0.00189969 0.00231484 -0.00189969 0.00793212 -0.00202978 0.00231484 -0.00202978 0.00647747)
(0.0113663 -0.00255753 0.000252659 -0.00255753 0.00635883 -0.00361704 0.000252659 -0.00361704 0.00561401)
(0.0107612 -0.00300864 0.00125513 -0.00300864 0.0110833 -0.000249482 0.00125513 -0.000249482 0.00378935)
(0.0178433 2.79024e-06 4.74043e-05 2.79024e-06 0.0109277 -0.00111107 4.74043e-05 -0.00111107 0.00764592)
(0.018642 -0.00309144 0.00110164 -0.00309144 0.00789319 0.000616496 0.00110164 0.000616496 0.0125273)
(0.0176156 -0.00386532 0.00061908 -0.00386532 0.00840684 0.00175355 0.00061908 0.00175355 0.00900576)
(0.0117987 -0.00205248 0.000686729 -0.00205248 0.00866183 -0.00390895 0.000686729 -0.00390895 0.00457945)
(0.0114925 -0.00320859 0.00431525 -0.00320859 0.00919074 -0.00211534 0.00431525 -0.00211534 0.00772421)
(0.0182168 -0.00561522 0.00159741 -0.00561522 0.00955027 0.000364082 0.00159741 0.000364082 0.00957174)
(0.0166758 0.00136918 0.00114756 0.00136918 0.00626906 0.00364325 0.00114756 0.00364325 0.00962694)
(0.0133111 -0.0026339 -0.000329258 -0.0026339 0.00632441 -0.00117575 -0.000329258 -0.00117575 0.0111014)
(0.0197474 0.00292423 0.00523008 0.00292423 0.00620417 -0.000115437 0.00523008 -0.000115437 0.00262809)
(0.00554686 -0.00185253 0.00123462 -0.00185253 0.00795191 -0.00260349 0.00123462 -0.00260349 0.00371256)
(0.0107146 -0.00487281 0.00310207 -0.00487281 0.0100495 -0.00317646 0.00310207 -0.00317646 0.00542952)
(0.0117253 -0.00263155 0.00240032 -0.00263155 0.00950124 -0.00352077 0.00240032 -0.00352077 0.0051353)
(0.00782889 -0.000275137 1.63354e-06 -0.000275137 0.00474401 0.000323955 1.63354e-06 0.000323955 0.00259605)
(0.0120928 -0.000581183 0.00461867 -0.000581183 0.00859462 -0.000685557 0.00461867 -0.000685557 0.00665915)
(0.0121698 0.000403592 0.0032509 0.000403592 0.00707474 -0.000365 0.0032509 -0.000365 0.00655508)
(0.00589215 -0.00246911 0.00419519 -0.00246911 0.00971295 -0.00166902 0.00419519 -0.00166902 0.00623848)
(0.00744435 -0.00168013 0.000928238 -0.00168013 0.00765309 -0.00204387 0.000928238 -0.00204387 0.00194429)
(0.00954086 -0.00326436 -0.00372169 -0.00326436 0.00763225 -0.000629733 -0.00372169 -0.000629733 0.00656009)
(0.00834579 -0.00237115 0.000240097 -0.00237115 0.00816977 -0.00182647 0.000240097 -0.00182647 0.00515131)
(0.0200171 -0.00461696 0.00160315 -0.00461696 0.00901387 -0.00341125 0.00160315 -0.00341125 0.00537368)
(0.00939511 -0.000157776 0.000109678 -0.000157776 0.008464 0.00133799 0.000109678 0.00133799 0.00257638)
(0.0109853 -0.000541847 -0.000293703 -0.000541847 0.00775657 -0.00179468 -0.000293703 -0.00179468 0.00379472)
(0.0147053 0.000689203 0.00277099 0.000689203 0.00768041 -0.00108258 0.00277099 -0.00108258 0.006833)
(0.0143753 -0.00459849 0.00507399 -0.00459849 0.0100007 -0.0028416 0.00507399 -0.0028416 0.00851038)
(0.0133384 0.000359744 -0.00120463 0.000359744 0.00550248 0.00345113 -0.00120463 0.00345113 0.0081301)
(0.00822222 -0.000781969 0.0021853 -0.000781969 0.00631682 0.000402546 0.0021853 0.000402546 0.00515454)
(0.0112416 -0.00368772 0.00123251 -0.00368772 0.00874976 -0.0022295 0.00123251 -0.0022295 0.00759678)
(0.0228054 -0.00389564 0.00202471 -0.00389564 0.00862271 -0.00357751 0.00202471 -0.00357751 0.00560585)
(0.0158923 -0.00206569 0.00378085 -0.00206569 0.00839153 -0.00325796 0.00378085 -0.00325796 0.00610921)
(0.00912812 -9.98527e-05 0.00287957 -9.98527e-05 0.0087896 -0.000338148 0.00287957 -0.000338148 0.00432989)
(0.00918932 -0.00448198 -0.00381572 -0.00448198 0.0118344 -0.000630495 -0.00381572 -0.000630495 0.00998213)
(0.0151141 -0.00031079 0.00222773 -0.00031079 0.00789757 -0.0015974 0.00222773 -0.0015974 0.00655668)
(0.0232879 -0.00208129 0.000986826 -0.00208129 0.00931409 0.000616174 0.000986826 0.000616174 0.00547054)
(0.0134174 -0.00290953 0.003218 -0.00290953 0.008551 -0.00163876 0.003218 -0.00163876 0.00672072)
(0.0199496 -0.00429009 -0.00255588 -0.00429009 0.0101193 0.000865202 -0.00255588 0.000865202 0.0114073)
(0.0100629 -0.00500379 -0.000805655 -0.00500379 0.0106903 -0.000403909 -0.000805655 -0.000403909 0.00848757)
(0.0108736 -0.00350859 0.00196334 -0.00350859 0.00864336 -0.00209781 0.00196334 -0.00209781 0.00709147)
(0.0113055 -0.00482572 -0.00461335 -0.00482572 0.0107157 -0.00155335 -0.00461335 -0.00155335 0.00861098)
(0.0143655 -0.00460444 -0.00044893 -0.00460444 0.00877731 -0.00263986 -0.00044893 -0.00263986 0.00692788)
(0.0102573 -0.00433305 0.00332354 -0.00433305 0.00942972 -0.00291085 0.00332354 -0.00291085 0.00649284)
(0.0115954 -0.00111608 0.00197531 -0.00111608 0.0106487 -0.00160314 0.00197531 -0.00160314 0.00750506)
(0.0108361 -0.000288607 -0.000335008 -0.000288607 0.00511293 0.00345081 -0.000335008 0.00345081 0.010662)
(0.0115854 -0.00147406 -0.00224026 -0.00147406 0.00601627 0.00207714 -0.00224026 0.00207714 0.00457074)
(0.0100787 -0.00209248 -0.000124399 -0.00209248 0.00736206 -0.0024587 -0.000124399 -0.0024587 0.00732071)
(0.00823266 0.00211525 0.000863241 0.00211525 0.00655701 -0.00103847 0.000863241 -0.00103847 0.00431892)
(0.0232327 -0.00319544 -0.00050999 -0.00319544 0.00808504 0.00086147 -0.00050999 0.00086147 0.00895275)
(0.02208 -0.00297031 -0.00428029 -0.00297031 0.00680859 0.004004 -0.00428029 0.004004 0.00972299)
(0.0162362 -0.00241767 -0.000209098 -0.00241767 0.0107648 -0.00296798 -0.000209098 -0.00296798 0.0104536)
(0.0181228 0.0017871 0.00480616 0.0017871 0.00782172 -0.000578899 0.00480616 -0.000578899 0.00537503)
(0.0155978 0.000730116 0.00317586 0.000730116 0.00746729 -0.00204255 0.00317586 -0.00204255 0.00744102)
(0.0171987 -0.00338116 0.00348731 -0.00338116 0.00921017 -0.00263069 0.00348731 -0.00263069 0.00736875)
(0.0193271 -0.00361896 0.00236402 -0.00361896 0.00907032 -0.00304949 0.00236402 -0.00304949 0.00625749)
(0.00830745 -0.000867116 0.0018538 -0.000867116 0.00860112 -0.00156361 0.0018538 -0.00156361 0.00716807)
(0.0142552 -0.00315604 3.87738e-05 -0.00315604 0.00853512 -0.00071195 3.87738e-05 -0.00071195 0.00350008)
(0.00982063 -0.00135352 -0.000543526 -0.00135352 0.00641716 0.0015016 -0.000543526 0.0015016 0.00379121)
(0.00692894 -0.00247001 0.00424515 -0.00247001 0.00933013 -0.00263003 0.00424515 -0.00263003 0.0087819)
(0.00360931 -0.00244716 -0.000216697 -0.00244716 0.0053402 0.00111879 -0.000216697 0.00111879 0.00337871)
(0.0146545 -0.00276066 -0.000831529 -0.00276066 0.00753369 0.000364989 -0.000831529 0.000364989 0.00585907)
(0.0112215 0.00174934 -0.000288107 0.00174934 0.00701459 -0.00145038 -0.000288107 -0.00145038 0.00472558)
(0.00762519 -0.0021002 0.000710389 -0.0021002 0.00719031 -0.00175055 0.000710389 -0.00175055 0.00369176)
(0.0138872 0.000225163 0.0042729 0.000225163 0.0088397 -0.00178433 0.0042729 -0.00178433 0.00395331)
(0.00978188 -0.00293287 -0.00169385 -0.00293287 0.0114295 -0.00205701 -0.00169385 -0.00205701 0.00782555)
(0.0153657 -0.00552837 0.000206955 -0.00552837 0.00923119 -0.00142846 0.000206955 -0.00142846 0.00914439)
(0.00704233 0.000758094 0.000604557 0.000758094 0.0059134 0.00092443 0.000604557 0.00092443 0.00420015)
(0.0147607 -0.000903163 0.0019878 -0.000903163 0.00691169 0.00169267 0.0019878 0.00169267 0.00816607)
(0.00508427 -0.00530791 -0.00304167 -0.00530791 0.0111663 -0.00109959 -0.00304167 -0.00109959 0.00922316)
(0.00617628 0.000187143 -0.000538675 0.000187143 0.00644277 0.000165903 -0.000538675 0.000165903 0.00331935)
(0.0123616 -0.00145531 0.00319817 -0.00145531 0.00708955 -0.00144431 0.00319817 -0.00144431 0.00682017)
(0.0217409 -0.00442275 0.00177165 -0.00442275 0.00676528 -0.00295228 0.00177165 -0.00295228 0.00841129)
(0.012224 -0.00202606 0.00336574 -0.00202606 0.00952102 -0.000343535 0.00336574 -0.000343535 0.00623177)
(0.0177139 0.000505249 0.00230758 0.000505249 0.0106603 -0.000801859 0.00230758 -0.000801859 0.00702852)
(0.0114789 0.00186985 0.00186336 0.00186985 0.00699283 -0.00100058 0.00186336 -0.00100058 0.00488095)
(0.0118359 0.00245117 0.00349631 0.00245117 0.00508131 0.00231806 0.00349631 0.00231806 0.00719024)
(0.00329886 0.00085343 -0.0003994 0.00085343 0.00480885 0.00113263 -0.0003994 0.00113263 0.0018625)
(0.0117594 -0.00315061 0.0017301 -0.00315061 0.00748464 -0.000337598 0.0017301 -0.000337598 0.00754359)
(0.0136861 -0.00509792 -0.00240961 -0.00509792 0.0117074 0.000626287 -0.00240961 0.000626287 0.0100942)
(0.00162441 -0.000633718 -1.04653e-05 -0.000633718 0.00309968 0.000572241 -1.04653e-05 0.000572241 0.00276581)
(0.00995967 -0.00358822 0.00062396 -0.00358822 0.00816678 -0.00106671 0.00062396 -0.00106671 0.00553355)
(0.00712081 -0.00449456 0.00102688 -0.00449456 0.00912189 -0.00334015 0.00102688 -0.00334015 0.0057704)
(0.00963001 -0.00448814 0.00399774 -0.00448814 0.00952582 -0.00300897 0.00399774 -0.00300897 0.00646972)
(0.0122821 0.0021665 0.00310444 0.0021665 0.00492457 0.00293695 0.00310444 0.00293695 0.00775843)
(0.0118389 0.00174295 0.00285199 0.00174295 0.00544899 0.001967 0.00285199 0.001967 0.00763252)
(0.00799688 -0.00202608 -0.00171404 -0.00202608 0.00656804 -0.000119673 -0.00171404 -0.000119673 0.00648671)
(0.0101869 0.00154334 0.0030168 0.00154334 0.00678651 0.000337553 0.0030168 0.000337553 0.00551844)
(0.00285239 -0.00489034 -0.00183186 -0.00489034 0.0107401 -0.00170202 -0.00183186 -0.00170202 0.00731086)
(0.0144554 -0.000151162 -0.000955379 -0.000151162 0.00578086 0.00316156 -0.000955379 0.00316156 0.00750763)
(0.021385 -0.00218206 -0.00507862 -0.00218206 0.00645982 0.00468863 -0.00507862 0.00468863 0.00997665)
(0.018948 0.000616148 0.00130633 0.000616148 0.0068087 0.00226576 0.00130633 0.00226576 0.00930807)
(0.00978135 0.00228365 0.00342926 0.00228365 0.00652158 0.000730777 0.00342926 0.000730777 0.00306253)
(0.00451978 -0.000138052 0.000883723 -0.000138052 0.00627649 -0.00130534 0.000883723 -0.00130534 0.00324698)
(0.0133556 -0.00391555 0.00160195 -0.00391555 0.00947274 -0.00256235 0.00160195 -0.00256235 0.00482337)
(0.0117462 -0.00479357 -0.000579131 -0.00479357 0.0088447 -0.00296632 -0.000579131 -0.00296632 0.00477898)
(0.012648 0.00133383 0.00348806 0.00133383 0.00768608 -0.00151973 0.00348806 -0.00151973 0.00448527)
(0.0136171 -0.00174957 0.000683278 -0.00174957 0.0115 -0.00111286 0.000683278 -0.00111286 0.00695604)
(0.00472163 0.00108822 9.76417e-05 0.00108822 0.00324171 0.000808966 9.76417e-05 0.000808966 0.00553054)
(0.00540242 -0.000195399 0.00107703 -0.000195399 0.00625183 -4.94877e-05 0.00107703 -4.94877e-05 0.00177133)
(0.00946483 0.000313525 0.000952803 0.000313525 0.00810449 0.00244735 0.000952803 0.00244735 0.00490689)
(0.00308943 -0.00202706 0.00152863 -0.00202706 0.00527595 -0.00299108 0.00152863 -0.00299108 0.00400427)
(0.00344738 -0.000920965 0.000751164 -0.000920965 0.00681104 -0.000673435 0.000751164 -0.000673435 0.00328515)
(0.00512743 -0.00114777 -0.0011251 -0.00114777 0.00593304 0.00151534 -0.0011251 0.00151534 0.00239164)
(0.0186341 -0.00443523 0.00173089 -0.00443523 0.00940965 -0.0014051 0.00173089 -0.0014051 0.00894429)
(0.0108219 0.00162331 0.000523716 0.00162331 0.00634051 0.00010568 0.000523716 0.00010568 0.00561735)
(0.0100903 -0.00379254 0.000978265 -0.00379254 0.0109118 0.000136717 0.000978265 0.000136717 0.00585727)
(0.0101866 -0.00469163 -0.00454438 -0.00469163 0.0107908 -0.00248805 -0.00454438 -0.00248805 0.00902477)
(0.0176195 -0.000923076 -0.00297724 -0.000923076 0.00571311 0.00366205 -0.00297724 0.00366205 0.0102435)
(0.0163856 0.000151218 0.00141095 0.000151218 0.0113235 -0.00312544 0.00141095 -0.00312544 0.00836439)
(0.00840064 -0.00552324 -0.00472341 -0.00552324 0.0113448 -0.00116571 -0.00472341 -0.00116571 0.00976308)
(0.00846343 -0.000876422 0.00284334 -0.000876422 0.00651436 -0.000102468 0.00284334 -0.000102468 0.00594353)
(0.0147335 -0.00351837 0.00282519 -0.00351837 0.00470331 -0.00321395 0.00282519 -0.00321395 0.00852358)
(0.0139085 -0.00267211 0.00153299 -0.00267211 0.00920094 -0.00178004 0.00153299 -0.00178004 0.00768911)
(0.0139915 0.00280745 0.00552887 0.00280745 0.0062676 0.00162589 0.00552887 0.00162589 0.00397777)
(0.0138057 -0.00139431 0.00330877 -0.00139431 0.00975873 -0.00186539 0.00330877 -0.00186539 0.00437302)
(0.00473433 -0.00121043 0.00200566 -0.00121043 0.00569083 -0.00252183 0.00200566 -0.00252183 0.00816458)
(0.0129789 -0.00463601 0.000740245 -0.00463601 0.0105596 -0.000308057 0.000740245 -0.000308057 0.00850937)
(0.0190503 0.000132469 0.00465747 0.000132469 0.0073122 -0.00315093 0.00465747 -0.00315093 0.00603821)
(0.00855442 -0.00402592 0.00258444 -0.00402592 0.0090414 -0.00262394 0.00258444 -0.00262394 0.00610065)
(0.00202519 -0.000753414 0.000261249 -0.000753414 0.00422965 0.000518064 0.000261249 0.000518064 0.00146623)
(0.00780552 0.000243704 0.000257583 0.000243704 0.00745909 -0.00204404 0.000257583 -0.00204404 0.00465837)
(0.0096018 -0.00285784 -0.000307656 -0.00285784 0.00829366 -0.00293942 -0.000307656 -0.00293942 0.00521705)
(0.00772849 0.00115565 0.00220948 0.00115565 0.0066318 -0.000979194 0.00220948 -0.000979194 0.00475793)
(0.0132933 -0.000294106 0.00236865 -0.000294106 0.0055692 0.00191585 0.00236865 0.00191585 0.00971917)
(0.0111447 0.00124914 0.00249205 0.00124914 0.00606442 0.000725289 0.00249205 0.000725289 0.00702977)
(0.0174416 -0.00118325 -0.00115239 -0.00118325 0.00737415 -0.00120316 -0.00115239 -0.00120316 0.00579093)
(0.0144418 -0.00152386 -0.00158015 -0.00152386 0.00693108 0.00297205 -0.00158015 0.00297205 0.00642729)
(0.0159901 0.000612253 0.000853481 0.000612253 0.0105197 -0.0022507 0.000853481 -0.0022507 0.00756793)
(0.00443506 0.000346715 -0.00143991 0.000346715 0.00182834 0.000929413 -0.00143991 0.000929413 0.00430988)
(0.0180683 -0.00157949 -0.00321899 -0.00157949 0.00564976 0.00262087 -0.00321899 0.00262087 0.0103329)
(0.0176276 0.00104436 0.00211695 0.00104436 0.00666649 0.00199037 0.00211695 0.00199037 0.00688035)
(0.00635847 -0.00248866 0.0013048 -0.00248866 0.010285 -0.00193532 0.0013048 -0.00193532 0.00656248)
(0.00922045 -0.00165505 0.00180753 -0.00165505 0.0100057 -0.00101753 0.00180753 -0.00101753 0.0069523)
(0.0111107 -0.0019179 -0.000170417 -0.0019179 0.00726295 0.00154727 -0.000170417 0.00154727 0.00584644)
(0.015682 -0.00323347 0.000837013 -0.00323347 0.00883727 -0.00233524 0.000837013 -0.00233524 0.00803038)
(0.0130879 -0.00230281 0.00111094 -0.00230281 0.00844646 -0.0022769 0.00111094 -0.0022769 0.00700104)
(0.0120111 6.56107e-05 0.00229277 6.56107e-05 0.0107597 -0.00171578 0.00229277 -0.00171578 0.00379902)
(0.0100993 -0.000601037 0.00165179 -0.000601037 0.00533196 -0.00222585 0.00165179 -0.00222585 0.00819948)
(0.01444 -0.00345566 -0.00112726 -0.00345566 0.0114425 -0.000647663 -0.00112726 -0.000647663 0.00842604)
(0.00860677 -0.00530689 -0.000884463 -0.00530689 0.0116373 0.000389736 -0.000884463 0.000389736 0.0064099)
(0.00559833 -0.0021771 -0.000473402 -0.0021771 0.0102146 -0.0029567 -0.000473402 -0.0029567 0.00545906)
(0.0162724 0.000669172 0.00314397 0.000669172 0.0100402 -0.000273372 0.00314397 -0.000273372 0.00568108)
(0.00227526 0.000340916 -0.000347956 0.000340916 0.00392265 -0.00014999 -0.000347956 -0.00014999 0.00214277)
(0.0103368 -0.00114498 -0.00175606 -0.00114498 0.00613254 0.00204249 -0.00175606 0.00204249 0.00585524)
(0.0125104 -0.000386218 0.000976201 -0.000386218 0.00730954 0.00153315 0.000976201 0.00153315 0.00536779)
(0.00757233 0.00229269 0.00149627 0.00229269 0.00615241 0.00147026 0.00149627 0.00147026 0.0043149)
(0.0143382 -0.000368024 0.000315329 -0.000368024 0.0112159 -0.00292332 0.000315329 -0.00292332 0.00699825)
(0.0160271 -0.000665524 -0.00299181 -0.000665524 0.00634083 0.00346017 -0.00299181 0.00346017 0.00737715)
(0.0114888 0.00141594 -0.00161256 0.00141594 0.00498226 0.00185126 -0.00161256 0.00185126 0.0088568)
(0.0109852 -0.00425438 -0.00393775 -0.00425438 0.0115062 -0.00277075 -0.00393775 -0.00277075 0.00908438)
(0.00838768 -0.00538176 -0.00113038 -0.00538176 0.0109957 -5.42281e-05 -0.00113038 -5.42281e-05 0.00744481)
(0.00668146 -0.00172225 0.000268165 -0.00172225 0.004948 -0.00270208 0.000268165 -0.00270208 0.00429403)
(0.00974344 -0.000459699 -0.000108994 -0.000459699 0.00792914 -0.00244862 -0.000108994 -0.00244862 0.0052606)
(0.0127516 -0.00319218 0.00335671 -0.00319218 0.00964824 -0.00161718 0.00335671 -0.00161718 0.00761297)
(0.0184949 0.00229564 0.0043837 0.00229564 0.00762049 -0.000124096 0.0043837 -0.000124096 0.00472886)
(0.0104851 -0.00185805 -0.00193944 -0.00185805 0.0108474 -0.00260971 -0.00193944 -0.00260971 0.0071029)
(0.0104117 -0.00515685 0.00040921 -0.00515685 0.0106484 0.000654729 0.00040921 0.000654729 0.00676909)
(0.00106217 -0.00112424 0.000537068 -0.00112424 0.00514296 -0.000736531 0.000537068 -0.000736531 0.00542748)
(0.0140419 -0.00418842 0.00369243 -0.00418842 0.00952758 -0.00254549 0.00369243 -0.00254549 0.00721665)
(0.00617121 0.000676593 0.000600675 0.000676593 0.00659415 -9.09334e-05 0.000600675 -9.09334e-05 0.00335876)
(0.00158222 -0.000367469 -0.000231668 -0.000367469 0.00290349 -0.000603862 -0.000231668 -0.000603862 0.00139747)
(0.0114001 -0.00262534 0.00203996 -0.00262534 0.00865129 -0.00258235 0.00203996 -0.00258235 0.00606403)
(0.00886616 -0.00259612 -2.05152e-05 -0.00259612 0.00728901 0.000339383 -2.05152e-05 0.000339383 0.00374144)
(0.0137313 -0.00119212 0.00029799 -0.00119212 0.0107981 -0.00156103 0.00029799 -0.00156103 0.0102503)
(0.00319272 -0.00354188 -0.00203363 -0.00354188 0.0101204 -0.00091488 -0.00203363 -0.00091488 0.00565479)
(0.0131957 -0.00231304 0.00038651 -0.00231304 0.00734879 -0.00171185 0.00038651 -0.00171185 0.00478026)
(0.0205146 0.00137876 0.00235376 0.00137876 0.00603344 0.00162243 0.00235376 0.00162243 0.00480821)
(0.00792788 -0.00484802 -0.00379428 -0.00484802 0.0112364 -0.00262076 -0.00379428 -0.00262076 0.00875678)
(0.0134535 -0.00018162 -0.000544483 -0.00018162 0.00575645 0.00389536 -0.000544483 0.00389536 0.00869424)
(0.0222621 -0.00384017 -0.00456487 -0.00384017 0.0072938 0.00395661 -0.00456487 0.00395661 0.00998199)
(0.0154813 0.000835738 0.00205885 0.000835738 0.00697241 0.00195923 0.00205885 0.00195923 0.00703507)
(0.00798323 -0.00234259 0.000475526 -0.00234259 0.010684 -0.00301263 0.000475526 -0.00301263 0.00645857)
(0.00648711 -0.00197129 0.000884971 -0.00197129 0.00865548 -0.00261572 0.000884971 -0.00261572 0.00482178)
(0.00991551 0.000830865 0.00125899 0.000830865 0.00664416 0.000993149 0.00125899 0.000993149 0.0052483)
(0.00397409 0.000657723 0.00033953 0.000657723 0.00199189 -3.97293e-05 0.00033953 -3.97293e-05 0.00139336)
(0.0137833 -0.00309105 -0.00178815 -0.00309105 0.00887008 -0.00319367 -0.00178815 -0.00319367 0.00607436)
(0.0119371 0.0011865 0.00393118 0.0011865 0.00769977 -0.000421239 0.00393118 -0.000421239 0.00695121)
(0.00924092 -0.00178847 0.000109923 -0.00178847 0.00764223 -0.00330195 0.000109923 -0.00330195 0.00715232)
(0.0154616 -0.00169679 -0.0017605 -0.00169679 0.00946532 -0.0040633 -0.0017605 -0.0040633 0.00630417)
(0.0145836 -0.0043534 0.000427425 -0.0043534 0.00934055 -0.00334069 0.000427425 -0.00334069 0.00710939)
(0.00491156 -0.00252911 -0.000336541 -0.00252911 0.00852787 -0.0028917 -0.000336541 -0.0028917 0.00649178)
(0.00539439 0.00161656 0.000342079 0.00161656 0.0049477 0.0013035 0.000342079 0.0013035 0.00439686)
(0.0114434 0.000622449 0.000698917 0.000622449 0.0062394 0.00329379 0.000698917 0.00329379 0.00800292)
(0.0128953 -0.00128665 -0.00106349 -0.00128665 0.00662917 0.00259476 -0.00106349 0.00259476 0.00685916)
(0.0146104 0.00159361 0.00148772 0.00159361 0.00691896 0.00203713 0.00148772 0.00203713 0.00456625)
(0.0115818 0.00200053 0.00288027 0.00200053 0.00564088 0.00246669 0.00288027 0.00246669 0.00713082)
(0.00432536 0.0011825 -8.57748e-05 0.0011825 0.0049771 0.00139681 -8.57748e-05 0.00139681 0.00520468)
(0.0078833 -0.000163735 0.00045505 -0.000163735 0.0042217 0.00121497 0.00045505 0.00121497 0.00998599)
(0.0204956 -0.00322708 -0.0046852 -0.00322708 0.00699229 0.00455108 -0.0046852 0.00455108 0.00913598)
(0.0117811 0.0012744 0.00151572 0.0012744 0.00247023 -0.00140101 0.00151572 -0.00140101 0.00835078)
(0.0136458 -0.00395335 0.00221727 -0.00395335 0.0106122 0.000101872 0.00221727 0.000101872 0.00784452)
(0.004894 -0.000364275 0.000587201 -0.000364275 0.00343139 0.000566073 0.000587201 0.000566073 0.0026011)
(0.00524216 -0.00133685 -0.000789101 -0.00133685 0.00652539 -0.00278663 -0.000789101 -0.00278663 0.00409331)
(0.0106204 0.00119834 0.00036115 0.00119834 0.00757249 -0.00193659 0.00036115 -0.00193659 0.00468636)
(0.00961059 0.00151232 0.00181528 0.00151232 0.00615545 -2.11503e-05 0.00181528 -2.11503e-05 0.00480738)
