/*--------------------------------*- C++ -*----------------------------------*\
  =========                 |
  \\      /  F ield         | OpenFOAM: The Open Source CFD Toolbox
   \\    /   O peration     | Website:  https://openfoam.org
    \\  /    A nd           | Version:  10
     \\/     M anipulation  |
\*---------------------------------------------------------------------------*/
FoamFile
{
    format      ascii;
    class       volTensorField;
    location    "47.5";
    object      TauNN;
}
// * * * * * * * * * * * * * * * * * * * * * * * * * * * * * * * * * * * * * //

dimensions      [0 2 -2 0 0 0 0];

internalField   nonuniform List<tensor> 
25600
(
(0.00149286 -0.0129773 -0.0151321 -0.0129773 0.000158154 -0.00815053 -0.0151321 -0.00815053 0.000116004)
(0.00146939 -0.0129799 -0.0151375 -0.0129799 0.000160532 -0.00815235 -0.0151375 -0.00815235 0.000114732)
(0.00146286 -0.0129759 -0.0151415 -0.0129759 0.000160277 -0.00814993 -0.0151415 -0.00814993 0.000116427)
(0.00146209 -0.0129722 -0.0151417 -0.0129722 0.000158899 -0.00814749 -0.0151417 -0.00814749 0.000118387)
(0.0014738 -0.0129809 -0.0151371 -0.0129809 0.000160442 -0.00815278 -0.0151371 -0.00815278 0.000115502)
(0.00148032 -0.0129818 -0.0151373 -0.0129818 0.000160733 -0.00815341 -0.0151373 -0.00815341 0.000115034)
(0.00147264 -0.0129764 -0.0151396 -0.0129764 0.000159821 -0.00815015 -0.0151396 -0.00815015 0.000116475)
(0.0014818 -0.0129727 -0.0151336 -0.0129727 0.000156989 -0.00814761 -0.0151336 -0.00814761 0.000117999)
(0.00149333 -0.0129764 -0.0151318 -0.0129764 0.00015766 -0.00814991 -0.0151318 -0.00814991 0.000116865)
(0.00149141 -0.0129783 -0.0151339 -0.0129783 0.000158755 -0.00815112 -0.0151339 -0.00815112 0.000116328)
(0.00149006 -0.0129785 -0.015135 -0.0129785 0.000159124 -0.00815129 -0.015135 -0.00815129 0.000116206)
(0.00147621 -0.0129792 -0.0151373 -0.0129792 0.000160213 -0.00815188 -0.0151373 -0.00815188 0.00011504)
(0.00146422 -0.0129749 -0.0151392 -0.0129749 0.000159476 -0.00814929 -0.0151392 -0.00814929 0.000116466)
(0.00148095 -0.0129794 -0.0151354 -0.0129794 0.000159611 -0.00815181 -0.0151354 -0.00815181 0.000115667)
(0.00150122 -0.0129784 -0.0151318 -0.0129784 0.00015821 -0.00815116 -0.0151318 -0.00815116 0.000116288)
(0.00147296 -0.0129784 -0.0151382 -0.0129784 0.000160063 -0.0081513 -0.0151382 -0.0081513 0.000115972)
(0.00149384 -0.0129798 -0.0151333 -0.0129798 0.000159204 -0.00815212 -0.0151333 -0.00815212 0.000115229)
(0.00149491 -0.0129751 -0.0151337 -0.0129751 0.000157534 -0.008149 -0.0151337 -0.008149 0.000117724)
(0.00142499 -0.0129711 -0.0151552 -0.0129711 0.000162616 -0.00814752 -0.0151552 -0.00814752 0.000117165)
(0.00140903 -0.0129624 -0.0151567 -0.0129624 0.000160228 -0.00814229 -0.0151567 -0.00814229 0.000119344)
(0.00146839 -0.0129703 -0.0151355 -0.0129703 0.000156604 -0.00814615 -0.0151355 -0.00814615 0.000119319)
(0.00147835 -0.012979 -0.0151366 -0.012979 0.000159689 -0.00815156 -0.0151366 -0.00815156 0.000116196)
(0.00147068 -0.012979 -0.0151368 -0.012979 0.00016013 -0.00815178 -0.0151368 -0.00815178 0.000114961)
(0.00148387 -0.0129799 -0.0151346 -0.0129799 0.000159671 -0.00815226 -0.0151346 -0.00815226 0.000115004)
(0.00149244 -0.0129795 -0.0151346 -0.0129795 0.000159294 -0.0081519 -0.0151346 -0.0081519 0.000115869)
(0.0014939 -0.0129758 -0.0151322 -0.0129758 0.0001576 -0.00814954 -0.0151322 -0.00814954 0.000116907)
(0.00148867 -0.0129773 -0.0151346 -0.0129773 0.000158485 -0.00815038 -0.0151346 -0.00815038 0.000117173)
(0.00148066 -0.0129812 -0.0151365 -0.0129812 0.000160384 -0.00815299 -0.0151365 -0.00815299 0.000115118)
(0.00150097 -0.0129768 -0.0151312 -0.0129768 0.000157602 -0.00815017 -0.0151312 -0.00815017 0.000116609)
(0.00146897 -0.0129762 -0.0151373 -0.0129762 0.000159429 -0.00815008 -0.0151373 -0.00815008 0.000115935)
(0.00150305 -0.0129784 -0.015131 -0.0129784 0.000158049 -0.00815122 -0.015131 -0.00815122 0.000116045)
(0.00147847 -0.0129764 -0.0151398 -0.0129764 0.000159546 -0.0081499 -0.0151398 -0.0081499 0.000117295)
(0.00147012 -0.01298 -0.0151365 -0.01298 0.000160485 -0.00815257 -0.0151365 -0.00815257 0.000114206)
(0.00148564 -0.0129828 -0.0151338 -0.0129828 0.000160473 -0.00815425 -0.0151338 -0.00815425 0.000113089)
(0.00147554 -0.0129802 -0.0151362 -0.0129802 0.000160328 -0.00815252 -0.0151362 -0.00815252 0.000114272)
(0.00147039 -0.0129766 -0.0151357 -0.0129766 0.000159262 -0.00815039 -0.0151357 -0.00815039 0.00011543)
(0.00149064 -0.0129757 -0.0151325 -0.0129757 0.000157386 -0.00814935 -0.0151325 -0.00814935 0.000117947)
(0.00149342 -0.0129796 -0.0151336 -0.0129796 0.000159134 -0.00815199 -0.0151336 -0.00815199 0.0001156)
(0.0014515 -0.0129822 -0.0151415 -0.0129822 0.000162153 -0.00815384 -0.0151415 -0.00815384 0.000114523)
(0.00147556 -0.0129779 -0.0151376 -0.0129779 0.000159755 -0.00815101 -0.0151376 -0.00815101 0.00011619)
(8.20814e-06 -0.0128044 -0.0154426 -0.0128044 4.81964e-05 -0.00810928 -0.0154426 -0.00810928 8.02565e-05)
(-3.80122e-06 -0.0128104 -0.0154496 -0.0128104 5.1828e-05 -0.00810835 -0.0154496 -0.00810835 7.47143e-05)
(0.000280762 -0.0128396 -0.0154298 -0.0128396 0.000125617 -0.00814564 -0.0154298 -0.00814564 2.89818e-05)
(0.000227875 -0.0128459 -0.015427 -0.0128459 0.000127657 -0.0081473 -0.015427 -0.0081473 3.24256e-05)
(5.99419e-05 -0.0128083 -0.0154454 -0.0128083 5.23868e-05 -0.00811317 -0.0154454 -0.00811317 6.6771e-05)
(5.20799e-05 -0.012801 -0.0154372 -0.012801 2.52582e-05 -0.00812295 -0.0154372 -0.00812295 4.57912e-05)
(0.00023592 -0.0128356 -0.0154288 -0.0128356 0.000122929 -0.0081455 -0.0154288 -0.0081455 3.07057e-05)
(0.000120347 -0.0128227 -0.0154178 -0.0128227 9.68805e-05 -0.00815188 -0.0154178 -0.00815188 5.03131e-05)
(5.81643e-05 -0.0127943 -0.0154216 -0.0127943 2.33148e-05 -0.00812401 -0.0154216 -0.00812401 6.43374e-05)
(4.03802e-05 -0.0127967 -0.0154326 -0.0127967 2.47632e-05 -0.00812145 -0.0154326 -0.00812145 5.44797e-05)
(2.28942e-05 -0.0127993 -0.0154398 -0.0127993 3.23408e-05 -0.00811763 -0.0154398 -0.00811763 5.93127e-05)
(5.56241e-05 -0.0127949 -0.0154272 -0.0127949 2.38094e-05 -0.00812992 -0.0154272 -0.00812992 5.21123e-05)
(0.000152315 -0.0128264 -0.0154166 -0.0128264 0.000115691 -0.00815095 -0.0154166 -0.00815095 4.63135e-05)
(8.96593e-05 -0.0128059 -0.0154206 -0.0128059 2.88354e-05 -0.00812667 -0.0154206 -0.00812667 6.32254e-05)
(-8.17081e-05 -0.012819 -0.0154571 -0.012819 8.05194e-05 -0.00811339 -0.0154571 -0.00811339 7.22098e-05)
(6.82945e-05 -0.0128001 -0.0154256 -0.0128001 2.84514e-05 -0.00813147 -0.0154256 -0.00813147 4.98341e-05)
(-5.40227e-05 -0.0128132 -0.0154546 -0.0128132 7.1305e-05 -0.00811074 -0.0154546 -0.00811074 7.37668e-05)
(0.000259999 -0.0128296 -0.0154301 -0.0128296 0.000121049 -0.00814433 -0.0154301 -0.00814433 2.98576e-05)
(0.000441993 -0.0128503 -0.0154331 -0.0128503 0.000122324 -0.00814294 -0.0154331 -0.00814294 2.71502e-05)
(0.000104268 -0.0128226 -0.0154212 -0.0128226 9.05191e-05 -0.00815448 -0.0154212 -0.00815448 4.70309e-05)
(8.18202e-05 -0.0128054 -0.0154194 -0.0128054 3.56488e-05 -0.00813732 -0.0154194 -0.00813732 4.13917e-05)
(6.5683e-05 -0.0127999 -0.0154272 -0.0127999 2.36387e-05 -0.00812435 -0.0154272 -0.00812435 5.38172e-05)
(5.49242e-05 -0.0128004 -0.0154294 -0.0128004 3.10157e-05 -0.00811472 -0.0154294 -0.00811472 7.30248e-05)
(8.17996e-06 -0.0128085 -0.0154474 -0.0128085 5.70968e-05 -0.00810788 -0.0154474 -0.00810788 7.76631e-05)
(4.53088e-05 -0.0127965 -0.0154333 -0.0127965 2.23743e-05 -0.0081234 -0.0154333 -0.0081234 5.27198e-05)
(3.04123e-05 -0.0127953 -0.0154311 -0.0127953 2.63829e-05 -0.00811835 -0.0154311 -0.00811835 6.83502e-05)
(0.000168014 -0.0128332 -0.015426 -0.0128332 0.000118457 -0.00814696 -0.015426 -0.00814696 3.31957e-05)
(5.90239e-05 -0.0128011 -0.015433 -0.0128011 2.58062e-05 -0.00812189 -0.015433 -0.00812189 5.21983e-05)
(-0.000123084 -0.0128236 -0.0154566 -0.0128236 9.09635e-05 -0.00811212 -0.0154566 -0.00811212 7.5904e-05)
(5.9127e-05 -0.012796 -0.0154212 -0.012796 2.36053e-05 -0.00812207 -0.0154212 -0.00812207 6.55842e-05)
(2.78611e-05 -0.0127926 -0.0154315 -0.0127926 2.26091e-05 -0.00812322 -0.0154315 -0.00812322 5.34642e-05)
(0.000147612 -0.0128217 -0.01542 -0.0128217 0.000103046 -0.00814515 -0.01542 -0.00814515 4.48635e-05)
(3.8921e-06 -0.0128528 -0.0154236 -0.0128528 0.000105243 -0.00811039 -0.0154236 -0.00811039 8.90846e-05)
(0.000523662 -0.012869 -0.0152698 -0.012869 9.55405e-05 -0.00813235 -0.0152698 -0.00813235 0.000115195)
(-9.57475e-05 -0.0128236 -0.0154607 -0.0128236 8.1716e-05 -0.00810402 -0.0154607 -0.00810402 8.1209e-05)
(7.21708e-05 -0.0128045 -0.0154226 -0.0128045 3.16044e-05 -0.00813397 -0.0154226 -0.00813397 4.79612e-05)
(8.56114e-05 -0.0128112 -0.0154254 -0.0128112 5.41951e-05 -0.00814081 -0.0154254 -0.00814081 3.31787e-05)
(-0.000129282 -0.0128345 -0.0154445 -0.0128345 0.000107301 -0.00811124 -0.0154445 -0.00811124 8.10351e-05)
(4.15367e-05 -0.0128006 -0.0154386 -0.0128006 2.67532e-05 -0.00812007 -0.0154386 -0.00812007 5.12428e-05)
(0.000131234 -0.0128265 -0.0154241 -0.0128265 0.00010599 -0.00814723 -0.0154241 -0.00814723 3.4749e-05)
(8.37121e-05 -0.0128006 -0.0154172 -0.0128006 2.79309e-05 -0.00812939 -0.0154172 -0.00812939 7.82753e-05)
(-0.000158196 -0.0128424 -0.0154257 -0.0128424 0.000113316 -0.00811059 -0.0154257 -0.00811059 8.87946e-05)
(5.5361e-05 -0.0127901 -0.0154272 -0.0127901 2.87237e-05 -0.00813612 -0.0154272 -0.00813612 5.07804e-05)
(7.24875e-05 -0.0127962 -0.0154184 -0.0127962 2.36016e-05 -0.00812548 -0.0154184 -0.00812548 6.41754e-05)
(-2.29528e-05 -0.0128111 -0.015452 -0.0128111 7.64709e-05 -0.00811243 -0.015452 -0.00811243 7.26539e-05)
(5.37525e-05 -0.0127949 -0.0154326 -0.0127949 2.42764e-05 -0.00812844 -0.0154326 -0.00812844 3.92428e-05)
(0.00020421 -0.0128302 -0.0154248 -0.0128302 0.00012194 -0.00814662 -0.0154248 -0.00814662 3.35937e-05)
(9.35689e-05 -0.0128087 -0.0154178 -0.0128087 4.55907e-05 -0.00814265 -0.0154178 -0.00814265 6.51041e-05)
(9.43619e-05 -0.0128091 -0.0154182 -0.0128091 5.50912e-05 -0.00814783 -0.0154182 -0.00814783 6.42657e-05)
(6.79078e-05 -0.0127998 -0.0154249 -0.0127998 3.60258e-05 -0.00813781 -0.0154249 -0.00813781 4.3563e-05)
(-1.08252e-05 -0.0128064 -0.0154492 -0.0128064 5.22879e-05 -0.00811207 -0.0154492 -0.00811207 6.84646e-05)
(8.15956e-05 -0.0127999 -0.0154259 -0.0127999 5.33557e-05 -0.0081431 -0.0154259 -0.0081431 4.7055e-05)
(7.81743e-05 -0.012799 -0.0154174 -0.012799 4.24212e-05 -0.00814586 -0.0154174 -0.00814586 7.92027e-05)
(5.62637e-05 -0.0127974 -0.015426 -0.0127974 3.94162e-05 -0.00811087 -0.015426 -0.00811087 8.46561e-05)
(3.21018e-05 -0.0127966 -0.0154371 -0.0127966 2.5755e-05 -0.00812304 -0.0154371 -0.00812304 5.18463e-05)
(9.21247e-06 -0.0127982 -0.015437 -0.0127982 3.64241e-05 -0.00811573 -0.015437 -0.00811573 6.80244e-05)
(3.88492e-05 -0.0127947 -0.0154314 -0.0127947 2.19371e-05 -0.00812232 -0.0154314 -0.00812232 5.76741e-05)
(0.000214153 -0.0128199 -0.0154265 -0.0128199 0.000119127 -0.00814532 -0.0154265 -0.00814532 3.34954e-05)
(7.23009e-05 -0.0127982 -0.0154197 -0.0127982 3.56537e-05 -0.00814084 -0.0154197 -0.00814084 8.01619e-05)
(-0.000109325 -0.0128228 -0.0154543 -0.0128228 0.000100664 -0.0081078 -0.0154543 -0.0081078 7.96301e-05)
(-7.38864e-05 -0.0128153 -0.0154522 -0.0128153 8.95976e-05 -0.00811154 -0.0154522 -0.00811154 7.15447e-05)
(-8.02622e-05 -0.0128141 -0.0154537 -0.0128141 8.12246e-05 -0.00810856 -0.0154537 -0.00810856 7.8298e-05)
(-8.21992e-05 -0.0128097 -0.0154512 -0.0128097 7.55147e-05 -0.00810223 -0.0154512 -0.00810223 8.68085e-05)
(-6.853e-05 -0.0128105 -0.0154511 -0.0128105 7.09632e-05 -0.00810461 -0.0154511 -0.00810461 8.38378e-05)
(6.45267e-05 -0.0127977 -0.0154287 -0.0127977 3.10592e-05 -0.00813347 -0.0154287 -0.00813347 4.21343e-05)
(4.00756e-05 -0.012793 -0.0154274 -0.012793 2.19813e-05 -0.00812208 -0.0154274 -0.00812208 7.11889e-05)
(0.00036789 -0.0128518 -0.0154375 -0.0128518 0.000123694 -0.0081444 -0.0154375 -0.0081444 2.65492e-05)
(6.72864e-05 -0.0127982 -0.0154268 -0.0127982 2.35636e-05 -0.00812494 -0.0154268 -0.00812494 5.14387e-05)
(-4.93059e-05 -0.0128144 -0.015456 -0.0128144 6.81574e-05 -0.00811464 -0.015456 -0.00811464 6.9803e-05)
(-7.65795e-06 -0.0127989 -0.0154353 -0.0127989 4.06195e-05 -0.00811574 -0.0154353 -0.00811574 6.83699e-05)
(0.000327453 -0.0128432 -0.0154354 -0.0128432 0.000124029 -0.00814365 -0.0154354 -0.00814365 2.59473e-05)
(-9.32825e-05 -0.0128241 -0.0154609 -0.0128241 9.27302e-05 -0.00809984 -0.0154609 -0.00809984 8.60454e-05)
(0.000103639 -0.0128066 -0.0154244 -0.0128066 2.76789e-05 -0.00812514 -0.0154244 -0.00812514 5.03036e-05)
(-2.55618e-05 -0.0128432 -0.0154052 -0.0128432 0.000110353 -0.00811231 -0.0154052 -0.00811231 9.26322e-05)
(-0.000131336 -0.0128236 -0.0154596 -0.0128236 7.96209e-05 -0.00810425 -0.0154596 -0.00810425 8.29679e-05)
(0.000153303 -0.0128288 -0.0154236 -0.0128288 0.000122957 -0.0081523 -0.0154236 -0.0081523 3.59835e-05)
(0.000116678 -0.0128315 -0.0154243 -0.0128315 0.000110092 -0.00815007 -0.0154243 -0.00815007 3.23476e-05)
(5.64466e-05 -0.012844 -0.0153988 -0.012844 0.000112213 -0.00811578 -0.0153988 -0.00811578 9.13129e-05)
(-8.1003e-05 -0.0128146 -0.0154536 -0.0128146 6.47148e-05 -0.0081148 -0.0154536 -0.0081148 6.34338e-05)
(0.000113143 -0.0128207 -0.0154238 -0.0128207 9.52903e-05 -0.0081483 -0.0154238 -0.0081483 3.70955e-05)
(0.000134086 -0.0128298 -0.0154081 -0.0128298 0.000101762 -0.00815066 -0.0154081 -0.00815066 6.89227e-05)
(-0.000176833 -0.0128368 -0.0154434 -0.0128368 0.000109618 -0.00811085 -0.0154434 -0.00811085 8.14781e-05)
(-0.000198109 -0.0128318 -0.0154529 -0.0128318 0.000102463 -0.00811124 -0.0154529 -0.00811124 7.59559e-05)
(-9.53979e-05 -0.0128134 -0.0154496 -0.0128134 9.23953e-05 -0.00811036 -0.0154496 -0.00811036 8.06992e-05)
(5.82754e-05 -0.0127934 -0.0154172 -0.0127934 2.78074e-05 -0.00813243 -0.0154172 -0.00813243 5.1945e-05)
(3.56635e-05 -0.0127876 -0.0154317 -0.0127876 1.84689e-05 -0.00812801 -0.0154317 -0.00812801 4.56061e-05)
(8.58196e-05 -0.0128022 -0.0154237 -0.0128022 5.52999e-05 -0.00814652 -0.0154237 -0.00814652 5.77259e-05)
(7.75878e-05 -0.0127977 -0.0154172 -0.0127977 2.61454e-05 -0.0081299 -0.0154172 -0.0081299 7.10815e-05)
(0.000139607 -0.0128248 -0.0154115 -0.0128248 0.000109745 -0.00815163 -0.0154115 -0.00815163 5.87191e-05)
(8.48925e-05 -0.0128074 -0.0154211 -0.0128074 5.23847e-05 -0.00814516 -0.0154211 -0.00814516 5.42769e-05)
(-9.55564e-05 -0.0128175 -0.015458 -0.0128175 8.13958e-05 -0.00810658 -0.015458 -0.00810658 7.77665e-05)
(0.000177647 -0.0128204 -0.0154231 -0.0128204 0.00011707 -0.00814747 -0.0154231 -0.00814747 3.65797e-05)
(0.000103091 -0.0128097 -0.0154136 -0.0128097 6.82329e-05 -0.00815589 -0.0154136 -0.00815589 8.7292e-05)
(7.19557e-06 -0.0127999 -0.0154329 -0.0127999 5.58901e-05 -0.00810518 -0.0154329 -0.00810518 9.39265e-05)
(7.32927e-05 -0.0128001 -0.015429 -0.0128001 4.58125e-05 -0.00813785 -0.015429 -0.00813785 3.46168e-05)
(-4.82814e-05 -0.0128059 -0.0154462 -0.0128059 5.83813e-05 -0.00810982 -0.0154462 -0.00810982 7.83954e-05)
(8.04945e-05 -0.0127976 -0.015426 -0.0127976 4.49509e-05 -0.00814067 -0.015426 -0.00814067 5.04074e-05)
(7.06573e-05 -0.0127867 -0.0154287 -0.0127867 3.49753e-05 -0.00813895 -0.0154287 -0.00813895 5.48779e-05)
(-7.51967e-05 -0.0128112 -0.0154558 -0.0128112 7.47319e-05 -0.00809873 -0.0154558 -0.00809873 9.31244e-05)
(-2.57375e-05 -0.0128096 -0.0154519 -0.0128096 7.81327e-05 -0.00810533 -0.0154519 -0.00810533 8.32186e-05)
(1.01156e-05 -0.0128062 -0.0154457 -0.0128062 6.48556e-05 -0.00811198 -0.0154457 -0.00811198 6.81191e-05)
(-2.03115e-05 -0.0128018 -0.0154383 -0.0128018 5.2386e-05 -0.00810918 -0.0154383 -0.00810918 8.25109e-05)
(-0.000183715 -0.0128239 -0.0154549 -0.0128239 0.000108109 -0.00810283 -0.0154549 -0.00810283 8.4142e-05)
(-9.72529e-06 -0.0127992 -0.0154338 -0.0127992 4.14814e-05 -0.00810873 -0.0154338 -0.00810873 9.06405e-05)
(8.23418e-05 -0.012802 -0.0154271 -0.012802 5.59118e-05 -0.00814101 -0.0154271 -0.00814101 3.97646e-05)
(7.38177e-05 -0.0127939 -0.015424 -0.0127939 3.59939e-05 -0.00814037 -0.015424 -0.00814037 7.40628e-05)
(7.2884e-05 -0.0128 -0.0154209 -0.0128 3.61012e-05 -0.00813942 -0.0154209 -0.00813942 5.84146e-05)
(4.5362e-05 -0.0127959 -0.0154326 -0.0127959 4.59961e-05 -0.00811634 -0.0154326 -0.00811634 7.17469e-05)
(6.34412e-05 -0.0127977 -0.0154299 -0.0127977 2.88499e-05 -0.0081319 -0.0154299 -0.0081319 4.23253e-05)
(-5.15638e-06 -0.0127949 -0.0154387 -0.0127949 3.17532e-05 -0.00812745 -0.0154387 -0.00812745 4.73707e-05)
(0.000110125 -0.0128181 -0.0154236 -0.0128181 9.94e-05 -0.00815004 -0.0154236 -0.00815004 3.77259e-05)
(-3.70783e-05 -0.0128279 -0.0154466 -0.0128279 0.000100672 -0.00810109 -0.0154466 -0.00810109 8.50355e-05)
(8.46957e-05 -0.0128118 -0.0154244 -0.0128118 4.98524e-05 -0.00814238 -0.0154244 -0.00814238 3.78405e-05)
(-2.85525e-06 -0.0127963 -0.0154318 -0.0127963 3.98883e-05 -0.00811128 -0.0154318 -0.00811128 8.4942e-05)
(-2.83129e-05 -0.0128054 -0.0154471 -0.0128054 3.95338e-05 -0.0081114 -0.0154471 -0.0081114 8.05397e-05)
(6.04667e-05 -0.0127954 -0.015427 -0.0127954 3.90606e-05 -0.00814132 -0.015427 -0.00814132 4.50745e-05)
(0.000114198 -0.0128402 -0.0154224 -0.0128402 0.000121035 -0.00815262 -0.0154224 -0.00815262 3.55128e-05)
(-0.000120965 -0.0128258 -0.0154527 -0.0128258 0.000102783 -0.00810538 -0.0154527 -0.00810538 8.23303e-05)
(-5.83787e-05 -0.0128072 -0.0154455 -0.0128072 4.72183e-05 -0.00811696 -0.0154455 -0.00811696 6.04518e-05)
(4.41302e-05 -0.0127914 -0.015424 -0.0127914 2.19136e-05 -0.00812598 -0.015424 -0.00812598 6.26647e-05)
(9.08888e-05 -0.0127976 -0.0154114 -0.0127976 2.68467e-05 -0.00812494 -0.0154114 -0.00812494 8.93264e-05)
(5.43368e-05 -0.0127939 -0.0154221 -0.0127939 2.2917e-05 -0.00812802 -0.0154221 -0.00812802 5.75836e-05)
(-2.67588e-05 -0.0128009 -0.0154383 -0.0128009 3.96957e-05 -0.00811238 -0.0154383 -0.00811238 7.59554e-05)
(-0.000155858 -0.0128267 -0.0154487 -0.0128267 0.000111805 -0.00811125 -0.0154487 -0.00811125 7.95181e-05)
(0.000325218 -0.0128493 -0.0154284 -0.0128493 0.000135635 -0.00814494 -0.0154284 -0.00814494 3.09948e-05)
(1.71401e-05 -0.0127868 -0.0154259 -0.0127868 2.20534e-05 -0.00812431 -0.0154259 -0.00812431 6.89967e-05)
(-1.31312e-05 -0.0128012 -0.0154393 -0.0128012 4.1774e-05 -0.00810959 -0.0154393 -0.00810959 8.10393e-05)
(7.10469e-05 -0.0127959 -0.0154176 -0.0127959 2.607e-05 -0.00813089 -0.0154176 -0.00813089 7.0313e-05)
(0.000105606 -0.0128146 -0.0154186 -0.0128146 7.49777e-05 -0.00814906 -0.0154186 -0.00814906 5.8719e-05)
(8.26278e-05 -0.0127993 -0.0154149 -0.0127993 2.67966e-05 -0.0081299 -0.0154149 -0.0081299 7.36652e-05)
(-0.000163932 -0.012825 -0.0154568 -0.012825 9.7369e-05 -0.00810526 -0.0154568 -0.00810526 8.05754e-05)
(0.000181161 -0.012815 -0.0154235 -0.012815 0.000117028 -0.00814692 -0.0154235 -0.00814692 3.73611e-05)
(0.000126144 -0.012829 -0.0154069 -0.012829 0.000111746 -0.00815386 -0.0154069 -0.00815386 6.96186e-05)
(8.94265e-05 -0.012796 -0.0154079 -0.012796 2.76862e-05 -0.00812615 -0.0154079 -0.00812615 9.37803e-05)
(0.000132917 -0.0128199 -0.0154273 -0.0128199 0.000107172 -0.00814629 -0.0154273 -0.00814629 3.25465e-05)
(-2.78823e-05 -0.0127996 -0.0154374 -0.0127996 4.67681e-05 -0.00811011 -0.0154374 -0.00811011 8.40071e-05)
(9.47071e-05 -0.0128008 -0.0154249 -0.0128008 6.62641e-05 -0.00814636 -0.0154249 -0.00814636 4.87772e-05)
(-4.08884e-05 -0.0128056 -0.0154457 -0.0128056 4.6807e-05 -0.00811296 -0.0154457 -0.00811296 7.40434e-05)
(-5.75059e-05 -0.0128281 -0.015438 -0.0128281 0.000108218 -0.00810515 -0.015438 -0.00810515 8.55168e-05)
(-1.28956e-05 -0.0128085 -0.0154494 -0.0128085 6.91129e-05 -0.00810541 -0.0154494 -0.00810541 8.52474e-05)
(6.95837e-05 -0.012799 -0.0154229 -0.012799 2.6497e-05 -0.00811976 -0.0154229 -0.00811976 6.08407e-05)
(0.000109409 -0.0128172 -0.0154144 -0.0128172 7.84718e-05 -0.00815453 -0.0154144 -0.00815453 7.16909e-05)
(-3.17855e-05 -0.0128349 -0.015422 -0.0128349 0.000115224 -0.00811157 -0.015422 -0.00811157 8.76431e-05)
(8.19944e-05 -0.0127951 -0.0154205 -0.0127951 4.37554e-05 -0.00814801 -0.0154205 -0.00814801 0.000102561)
(6.22802e-05 -0.012794 -0.0154264 -0.012794 3.25727e-05 -0.00813699 -0.0154264 -0.00813699 5.04285e-05)
(0.000124515 -0.0128131 -0.0154152 -0.0128131 9.29104e-05 -0.00815158 -0.0154152 -0.00815158 6.44827e-05)
(0.000298922 -0.0128493 -0.0153541 -0.0128493 0.000111478 -0.00812128 -0.0153541 -0.00812128 9.74914e-05)
(-0.000100208 -0.012816 -0.0154529 -0.012816 9.59489e-05 -0.00810871 -0.0154529 -0.00810871 8.04467e-05)
(0.000165539 -0.0128245 -0.015424 -0.0128245 0.000113335 -0.00814669 -0.015424 -0.00814669 3.64481e-05)
(3.62685e-05 -0.0127873 -0.0154369 -0.0127873 2.39357e-05 -0.00813241 -0.0154369 -0.00813241 3.52981e-05)
(-0.000119297 -0.012819 -0.0154537 -0.012819 9.47755e-05 -0.00811101 -0.0154537 -0.00811101 7.56464e-05)
(-2.3261e-05 -0.0127987 -0.0154346 -0.0127987 5.06894e-05 -0.00810588 -0.0154346 -0.00810588 9.87572e-05)
(3.85529e-05 -0.0127921 -0.0154301 -0.0127921 3.99883e-05 -0.00811967 -0.0154301 -0.00811967 6.51624e-05)
(7.43348e-05 -0.0127997 -0.0154174 -0.0127997 3.98898e-05 -0.00814419 -0.0154174 -0.00814419 8.00541e-05)
(7.5464e-06 -0.0127941 -0.0154383 -0.0127941 2.64888e-05 -0.00811875 -0.0154383 -0.00811875 6.89232e-05)
(-0.000172149 -0.0128456 -0.0154256 -0.0128456 0.000122535 -0.00811832 -0.0154256 -0.00811832 8.17723e-05)
(0.000102092 -0.0128256 -0.0154198 -0.0128256 8.08222e-05 -0.008151 -0.0154198 -0.008151 4.42603e-05)
(8.27373e-05 -0.0128004 -0.0154157 -0.0128004 2.5297e-05 -0.00812504 -0.0154157 -0.00812504 6.94026e-05)
(7.72475e-06 -0.0127864 -0.0154316 -0.0127864 2.15499e-05 -0.00812486 -0.0154316 -0.00812486 5.16845e-05)
(-1.96188e-06 -0.0127966 -0.0154332 -0.0127966 3.45724e-05 -0.0081126 -0.0154332 -0.0081126 8.40228e-05)
(-9.10264e-05 -0.0128224 -0.0154503 -0.0128224 0.000107454 -0.0081027 -0.0154503 -0.0081027 8.36636e-05)
(0.000154689 -0.0128177 -0.0154121 -0.0128177 0.000113781 -0.00815173 -0.0154121 -0.00815173 6.15524e-05)
(0.000207951 -0.0128301 -0.0154172 -0.0128301 0.00012968 -0.00814871 -0.0154172 -0.00814871 4.43788e-05)
(-3.62169e-05 -0.0128047 -0.0154437 -0.0128047 5.41968e-05 -0.00810871 -0.0154437 -0.00810871 7.74386e-05)
(0.00031037 -0.0128442 -0.0154235 -0.0128442 0.000134612 -0.00814496 -0.0154235 -0.00814496 3.46893e-05)
(4.37873e-05 -0.0127891 -0.0154135 -0.0127891 2.94589e-05 -0.00812947 -0.0154135 -0.00812947 0.000102171)
(-0.000153457 -0.01282 -0.0154583 -0.01282 8.85691e-05 -0.00810377 -0.0154583 -0.00810377 8.20388e-05)
(4.90892e-05 -0.012792 -0.0154206 -0.012792 2.37367e-05 -0.00812356 -0.0154206 -0.00812356 7.27983e-05)
(6.31472e-05 -0.012797 -0.0154272 -0.012797 2.30899e-05 -0.00812747 -0.0154272 -0.00812747 5.45385e-05)
(0.000100458 -0.0128079 -0.0154134 -0.0128079 3.54231e-05 -0.00813545 -0.0154134 -0.00813545 7.11617e-05)
(-6.48925e-05 -0.0128082 -0.0154494 -0.0128082 5.71888e-05 -0.00810796 -0.0154494 -0.00810796 7.6639e-05)
(4.87178e-05 -0.0127819 -0.0154311 -0.0127819 2.3812e-05 -0.0081346 -0.0154311 -0.0081346 6.47374e-05)
(8.05028e-05 -0.0127967 -0.0154146 -0.0127967 2.47495e-05 -0.00812434 -0.0154146 -0.00812434 7.26966e-05)
(0.000101763 -0.0128107 -0.0154138 -0.0128107 4.62937e-05 -0.00814398 -0.0154138 -0.00814398 7.33326e-05)
(0.000124951 -0.0128209 -0.0154263 -0.0128209 0.00010331 -0.00814671 -0.0154263 -0.00814671 3.34877e-05)
(4.12527e-05 -0.0127886 -0.0154173 -0.0127886 2.43901e-05 -0.00812658 -0.0154173 -0.00812658 8.27628e-05)
(8.18072e-05 -0.0127984 -0.0154252 -0.0127984 5.46458e-05 -0.00814545 -0.0154252 -0.00814545 5.28199e-05)
(-9.78816e-05 -0.0128133 -0.0154523 -0.0128133 7.39342e-05 -0.00810999 -0.0154523 -0.00810999 7.92915e-05)
(-7.74466e-05 -0.0128272 -0.0154425 -0.0128272 0.000109049 -0.00811109 -0.0154425 -0.00811109 8.20762e-05)
(-7.63121e-05 -0.012819 -0.0154571 -0.012819 8.66003e-05 -0.00811293 -0.0154571 -0.00811293 7.48457e-05)
(4.99214e-05 -0.0127959 -0.0154257 -0.0127959 2.47624e-05 -0.00812069 -0.0154257 -0.00812069 6.4669e-05)
(0.000113686 -0.0128205 -0.0154122 -0.0128205 7.8458e-05 -0.00815435 -0.0154122 -0.00815435 7.48282e-05)
(-0.000111303 -0.0128141 -0.0154544 -0.0128141 8.5509e-05 -0.00810519 -0.0154544 -0.00810519 8.43801e-05)
(0.000118008 -0.0127966 -0.0154175 -0.0127966 7.24007e-05 -0.00815329 -0.0154175 -0.00815329 9.61326e-05)
(-9.13043e-07 -0.0127968 -0.0154336 -0.0127968 3.30806e-05 -0.00811328 -0.0154336 -0.00811328 8.25865e-05)
(9.94708e-05 -0.0128123 -0.0154169 -0.0128123 5.98609e-05 -0.00814831 -0.0154169 -0.00814831 6.9393e-05)
(0.000337114 -0.0128487 -0.0153519 -0.0128487 0.000109262 -0.00812266 -0.0153519 -0.00812266 9.81424e-05)
(-0.000152705 -0.0128174 -0.0154573 -0.0128174 8.75752e-05 -0.00810322 -0.0154573 -0.00810322 8.32434e-05)
(0.000105752 -0.0128024 -0.0154245 -0.0128024 7.55015e-05 -0.00814683 -0.0154245 -0.00814683 4.70954e-05)
(6.93334e-05 -0.0128007 -0.0154304 -0.0128007 3.18975e-05 -0.00813369 -0.0154304 -0.00813369 3.66357e-05)
(-3.38574e-05 -0.0128042 -0.015445 -0.0128042 6.17838e-05 -0.00810761 -0.015445 -0.00810761 8.10873e-05)
(7.57356e-05 -0.0128014 -0.0154171 -0.0128014 5.18914e-05 -0.0081508 -0.0154171 -0.0081508 7.94369e-05)
(-1.98511e-05 -0.0128034 -0.0154456 -0.0128034 6.89998e-05 -0.00811838 -0.0154456 -0.00811838 7.17063e-05)
(0.00014872 -0.0128189 -0.0154026 -0.0128189 0.000112735 -0.008149 -0.0154026 -0.008149 7.73889e-05)
(2.94673e-05 -0.0127899 -0.0154335 -0.0127899 2.1276e-05 -0.00812587 -0.0154335 -0.00812587 5.05044e-05)
(-8.01539e-05 -0.0128528 -0.015397 -0.0128528 0.000123329 -0.00812285 -0.015397 -0.00812285 9.16884e-05)
(8.31629e-05 -0.0127998 -0.0154148 -0.0127998 2.97293e-05 -0.00813414 -0.0154148 -0.00813414 6.84554e-05)
(0.000122198 -0.0128323 -0.0154117 -0.0128323 0.000107899 -0.00815318 -0.0154117 -0.00815318 5.87962e-05)
(4.80922e-05 -0.0127867 -0.0154284 -0.0127867 3.03604e-05 -0.00813872 -0.0154284 -0.00813872 5.42036e-05)
(2.81504e-05 -0.0127931 -0.0154242 -0.0127931 2.86505e-05 -0.00811734 -0.0154242 -0.00811734 9.77902e-05)
(-0.000159855 -0.0128215 -0.0154587 -0.0128215 0.000106697 -0.00809987 -0.0154587 -0.00809987 8.47311e-05)
(9.5425e-05 -0.0127889 -0.0154227 -0.0127889 5.15394e-05 -0.00815063 -0.0154227 -0.00815063 0.000109087)
(0.000134589 -0.012824 -0.0154246 -0.012824 0.000111369 -0.00814874 -0.0154246 -0.00814874 3.37941e-05)
(6.97633e-05 -0.0127979 -0.0154183 -0.0127979 2.56524e-05 -0.00812809 -0.0154183 -0.00812809 7.68366e-05)
(2.70123e-05 -0.0127949 -0.0154239 -0.0127949 3.22213e-05 -0.0081144 -0.0154239 -0.0081144 9.08758e-05)
(9.14285e-05 -0.0128039 -0.0154108 -0.0128039 5.18036e-05 -0.00815353 -0.0154108 -0.00815353 0.00011497)
(-0.000104447 -0.0128122 -0.0154533 -0.0128122 7.28775e-05 -0.00810616 -0.0154533 -0.00810616 8.01049e-05)
(2.90807e-05 -0.0127911 -0.0154249 -0.0127911 2.50149e-05 -0.00812094 -0.0154249 -0.00812094 6.97277e-05)
(5.79879e-06 -0.012801 -0.0154426 -0.012801 4.36123e-05 -0.00811578 -0.0154426 -0.00811578 6.93682e-05)
(9.69162e-05 -0.0128032 -0.0154118 -0.0128032 2.99404e-05 -0.00813197 -0.0154118 -0.00813197 7.70311e-05)
(6.03391e-05 -0.0127951 -0.0154235 -0.0127951 3.32757e-05 -0.00813925 -0.0154235 -0.00813925 6.10203e-05)
(-0.000121542 -0.0128186 -0.0154586 -0.0128186 7.0842e-05 -0.00810404 -0.0154586 -0.00810404 8.39935e-05)
(-2.16222e-05 -0.0128327 -0.0154392 -0.0128327 0.000108846 -0.00811723 -0.0154392 -0.00811723 8.16613e-05)
(5.33124e-05 -0.0127933 -0.0154235 -0.0127933 2.29224e-05 -0.00812453 -0.0154235 -0.00812453 5.88036e-05)
(7.70787e-05 -0.0128034 -0.0154274 -0.0128034 4.98104e-05 -0.00814055 -0.0154274 -0.00814055 3.84773e-05)
(8.59162e-05 -0.0128035 -0.015417 -0.0128035 5.61441e-05 -0.00815094 -0.015417 -0.00815094 8.06631e-05)
(5.47541e-05 -0.0127917 -0.0154238 -0.0127917 2.45661e-05 -0.00813186 -0.0154238 -0.00813186 6.56911e-05)
(3.85537e-05 -0.0127911 -0.0154244 -0.0127911 2.28215e-05 -0.00812378 -0.0154244 -0.00812378 6.22765e-05)
(3.10843e-06 -0.0127923 -0.0154314 -0.0127923 3.54255e-05 -0.00811901 -0.0154314 -0.00811901 6.66495e-05)
(-6.55778e-05 -0.0128165 -0.0154568 -0.0128165 7.94766e-05 -0.0081199 -0.0154568 -0.0081199 6.37791e-05)
(6.38747e-05 -0.0127954 -0.0154249 -0.0127954 3.04747e-05 -0.00813599 -0.0154249 -0.00813599 4.92001e-05)
(4.37883e-05 -0.0127946 -0.015424 -0.0127946 3.96153e-05 -0.00811182 -0.015424 -0.00811182 8.52363e-05)
(7.99756e-05 -0.0127983 -0.0154155 -0.0127983 3.22916e-05 -0.00813719 -0.0154155 -0.00813719 9.63939e-05)
(1.8961e-05 -0.012793 -0.0154315 -0.012793 2.38747e-05 -0.00811837 -0.0154315 -0.00811837 7.34009e-05)
(-0.000171257 -0.0128178 -0.0154614 -0.0128178 8.79709e-05 -0.00809842 -0.0154614 -0.00809842 9.09172e-05)
(-9.53017e-05 -0.0128208 -0.0154517 -0.0128208 0.00010135 -0.00810906 -0.0154517 -0.00810906 8.05649e-05)
(-1.71328e-05 -0.0128029 -0.0154441 -0.0128029 7.12782e-05 -0.00811281 -0.0154441 -0.00811281 7.74414e-05)
(6.88575e-05 -0.0127932 -0.0154223 -0.0127932 3.99416e-05 -0.00814535 -0.0154223 -0.00814535 8.36308e-05)
(4.50317e-05 -0.0127869 -0.0154285 -0.0127869 2.53497e-05 -0.00813457 -0.0154285 -0.00813457 4.94193e-05)
(-1.38457e-05 -0.0128088 -0.0154507 -0.0128088 5.98653e-05 -0.00811825 -0.0154507 -0.00811825 6.64323e-05)
(6.84564e-05 -0.0127971 -0.0154185 -0.0127971 2.90791e-05 -0.00813484 -0.0154185 -0.00813484 7.24162e-05)
(7.11617e-05 -0.012802 -0.0154209 -0.012802 5.09132e-05 -0.00814812 -0.0154209 -0.00814812 5.80417e-05)
(4.68767e-05 -0.0127911 -0.0154312 -0.0127911 2.50408e-05 -0.0081302 -0.0154312 -0.0081302 4.71884e-05)
(0.000142166 -0.0128116 -0.0153974 -0.0128116 0.000104045 -0.00814854 -0.0153974 -0.00814854 9.90318e-05)
(1.89209e-05 -0.0127945 -0.0154366 -0.0127945 2.6537e-05 -0.00812488 -0.0154366 -0.00812488 4.97795e-05)
(-0.0001363 -0.0128304 -0.0154555 -0.0128304 8.96227e-05 -0.00811507 -0.0154555 -0.00811507 7.07205e-05)
(-7.5639e-05 -0.0128105 -0.0154517 -0.0128105 7.10438e-05 -0.00810165 -0.0154517 -0.00810165 9.12264e-05)
(0.000113049 -0.0128172 -0.0154114 -0.0128172 7.52259e-05 -0.00815472 -0.0154114 -0.00815472 8.34203e-05)
(0.00016537 -0.0128203 -0.0154178 -0.0128203 0.00011954 -0.00815028 -0.0154178 -0.00815028 4.83523e-05)
(5.80385e-06 -0.0128004 -0.0154343 -0.0128004 4.8628e-05 -0.00810631 -0.0154343 -0.00810631 9.98741e-05)
(-4.25427e-05 -0.0128049 -0.0154433 -0.0128049 6.0202e-05 -0.00810298 -0.0154433 -0.00810298 9.69873e-05)
(-0.000160425 -0.0128236 -0.0154653 -0.0128236 8.1554e-05 -0.00809859 -0.0154653 -0.00809859 9.2416e-05)
(4.23286e-06 -0.0128023 -0.0154493 -0.0128023 3.84523e-05 -0.00812822 -0.0154493 -0.00812822 4.80656e-05)
(7.53617e-05 -0.0127972 -0.0154154 -0.0127972 2.53112e-05 -0.00812435 -0.0154154 -0.00812435 8.10934e-05)
(-0.000175486 -0.0128232 -0.0154617 -0.0128232 9.89729e-05 -0.00809877 -0.0154617 -0.00809877 8.70015e-05)
(8.52644e-05 -0.012803 -0.0154133 -0.012803 5.14963e-05 -0.00815246 -0.0154133 -0.00815246 0.000105322)
(2.72953e-05 -0.0127894 -0.0154234 -0.0127894 2.30481e-05 -0.00812193 -0.0154234 -0.00812193 7.20108e-05)
(6.55471e-05 -0.0127957 -0.0154212 -0.0127957 3.45114e-05 -0.00813991 -0.0154212 -0.00813991 6.1686e-05)
(-2.05343e-05 -0.0128018 -0.0154423 -0.0128018 5.26937e-05 -0.00811045 -0.0154423 -0.00811045 8.02184e-05)
(-5.22848e-05 -0.0128078 -0.0154501 -0.0128078 7.58776e-05 -0.00810408 -0.0154501 -0.00810408 8.71987e-05)
(8.53794e-05 -0.0128045 -0.015421 -0.0128045 5.6576e-05 -0.00814857 -0.015421 -0.00814857 6.7243e-05)
(-0.000161962 -0.0128209 -0.0154596 -0.0128209 8.8866e-05 -0.00810306 -0.0154596 -0.00810306 8.43818e-05)
(-1.1606e-05 -0.0128364 -0.015439 -0.0128364 0.000113188 -0.0081249 -0.015439 -0.0081249 7.84829e-05)
(6.81164e-06 -0.0127934 -0.0154352 -0.0127934 3.00432e-05 -0.00812401 -0.0154352 -0.00812401 5.26626e-05)
(5.18915e-05 -0.0127917 -0.0154264 -0.0127917 2.63097e-05 -0.00813409 -0.0154264 -0.00813409 4.90482e-05)
(7.78661e-05 -0.0128 -0.0154167 -0.0128 4.45988e-05 -0.00814657 -0.0154167 -0.00814657 8.18264e-05)
(9.00264e-06 -0.0127973 -0.0154354 -0.0127973 3.30407e-05 -0.00811497 -0.0154354 -0.00811497 7.3998e-05)
(6.61301e-05 -0.0127982 -0.0154214 -0.0127982 3.00303e-05 -0.00813572 -0.0154214 -0.00813572 5.68859e-05)
(6.49551e-05 -0.0127942 -0.0154161 -0.0127942 2.7451e-05 -0.00813393 -0.0154161 -0.00813393 6.49782e-05)
(-0.000103901 -0.0128304 -0.0154545 -0.0128304 0.000100587 -0.00812526 -0.0154545 -0.00812526 6.46685e-05)
(9.17386e-05 -0.0128074 -0.0154238 -0.0128074 6.98614e-05 -0.00814862 -0.0154238 -0.00814862 4.78359e-05)
(-2.22786e-07 -0.0128007 -0.0154376 -0.0128007 5.95084e-05 -0.00810768 -0.0154376 -0.00810768 8.78361e-05)
(9.50398e-05 -0.012804 -0.015415 -0.012804 4.486e-05 -0.00814546 -0.015415 -0.00814546 9.74481e-05)
(7.22027e-06 -0.012795 -0.015437 -0.012795 2.82653e-05 -0.00812286 -0.015437 -0.00812286 5.17044e-05)
(-0.000176163 -0.0128177 -0.0154623 -0.0128177 9.54466e-05 -0.00809798 -0.0154623 -0.00809798 8.78582e-05)
(0.000369082 -0.0128549 -0.0153375 -0.0128549 0.000110553 -0.00812861 -0.0153375 -0.00812861 0.000103058)
(2.28293e-05 -0.0127918 -0.0154298 -0.0127918 2.72939e-05 -0.00812333 -0.0154298 -0.00812333 6.00776e-05)
(0.000128807 -0.0128065 -0.0154209 -0.0128065 0.00010121 -0.00815202 -0.0154209 -0.00815202 4.97404e-05)
(6.25656e-05 -0.0127927 -0.0154242 -0.0127927 3.30179e-05 -0.00813868 -0.0154242 -0.00813868 5.49781e-05)
(-2.61201e-05 -0.0128081 -0.0154504 -0.0128081 6.26528e-05 -0.00812011 -0.0154504 -0.00812011 6.35253e-05)
(3.67384e-05 -0.0127903 -0.0154214 -0.0127903 2.29468e-05 -0.00812299 -0.0154214 -0.00812299 8.28284e-05)
(3.74081e-05 -0.0127878 -0.0154185 -0.0127878 2.88764e-05 -0.00813446 -0.0154185 -0.00813446 5.91782e-05)
(7.04188e-05 -0.0128052 -0.0154304 -0.0128052 4.96538e-05 -0.00813929 -0.0154304 -0.00813929 3.65351e-05)
(9.60951e-05 -0.0128063 -0.0154145 -0.0128063 6.60806e-05 -0.00815363 -0.0154145 -0.00815363 8.83277e-05)
(3.56821e-07 -0.0128003 -0.0154403 -0.0128003 4.23772e-05 -0.00811711 -0.0154403 -0.00811711 6.71843e-05)
(2.91028e-06 -0.0128005 -0.015444 -0.0128005 3.23192e-05 -0.00812458 -0.015444 -0.00812458 4.84539e-05)
(5.62873e-05 -0.0128388 -0.0154032 -0.0128388 0.000110438 -0.00811094 -0.0154032 -0.00811094 9.10237e-05)
(3.83073e-05 -0.0127912 -0.0154187 -0.0127912 2.84409e-05 -0.0081234 -0.0154187 -0.0081234 0.000104863)
(0.000153651 -0.0128145 -0.015403 -0.0128145 0.000109847 -0.00814852 -0.015403 -0.00814852 8.7028e-05)
(5.18347e-05 -0.0127956 -0.0154259 -0.0127956 4.56666e-05 -0.00810876 -0.0154259 -0.00810876 9.19147e-05)
(6.92664e-05 -0.0127938 -0.0154128 -0.0127938 2.69461e-05 -0.00813202 -0.0154128 -0.00813202 7.63493e-05)
(-0.00014877 -0.0128221 -0.0154603 -0.0128221 7.8632e-05 -0.00810264 -0.0154603 -0.00810264 8.60544e-05)
(-0.000105685 -0.0128473 -0.0154473 -0.0128473 0.000110806 -0.00813465 -0.0154473 -0.00813465 6.45635e-05)
(4.36295e-05 -0.0127959 -0.0154259 -0.0127959 3.41194e-05 -0.00811345 -0.0154259 -0.00811345 8.20625e-05)
(-9.19226e-05 -0.0128135 -0.0154582 -0.0128135 7.38747e-05 -0.00809795 -0.0154582 -0.00809795 9.44049e-05)
(3.9042e-05 -0.0127885 -0.0154184 -0.0127885 2.39184e-05 -0.00812835 -0.0154184 -0.00812835 8.55586e-05)
(3.41425e-05 -0.0127881 -0.0154238 -0.0127881 2.14933e-05 -0.00812847 -0.0154238 -0.00812847 6.13038e-05)
(6.84504e-05 -0.0127964 -0.01542 -0.0127964 3.21909e-05 -0.00813787 -0.01542 -0.00813787 6.28192e-05)
(5.40907e-05 -0.0127918 -0.0154186 -0.0127918 2.89854e-05 -0.00811699 -0.0154186 -0.00811699 8.55396e-05)
(-7.64745e-05 -0.0128089 -0.0154503 -0.0128089 7.84691e-05 -0.0081099 -0.0154503 -0.0081099 7.89395e-05)
(6.23755e-05 -0.0127939 -0.0154194 -0.0127939 3.42501e-05 -0.00814166 -0.0154194 -0.00814166 9.28877e-05)
(-0.00013066 -0.0128179 -0.0154574 -0.0128179 8.495e-05 -0.00810648 -0.0154574 -0.00810648 8.1367e-05)
(-6.6201e-06 -0.0128022 -0.0154467 -0.0128022 4.9204e-05 -0.0081252 -0.0154467 -0.0081252 6.03429e-05)
(3.52727e-05 -0.0127874 -0.0154284 -0.0127874 2.21115e-05 -0.00813138 -0.0154284 -0.00813138 4.43093e-05)
(4.5424e-05 -0.0127902 -0.0154241 -0.0127902 2.23626e-05 -0.00812789 -0.0154241 -0.00812789 6.80405e-05)
(4.7754e-05 -0.0127896 -0.0154176 -0.0127896 2.36973e-05 -0.00812436 -0.0154176 -0.00812436 7.81175e-05)
(-2.06613e-05 -0.0127997 -0.0154406 -0.0127997 4.27776e-05 -0.00811394 -0.0154406 -0.00811394 7.15511e-05)
(4.29094e-07 -0.0128002 -0.0154379 -0.0128002 4.05214e-05 -0.00811245 -0.0154379 -0.00811245 7.20615e-05)
(8.67356e-05 -0.0127975 -0.0154102 -0.0127975 2.96692e-05 -0.00813435 -0.0154102 -0.00813435 8.0859e-05)
(-7.26951e-05 -0.0128226 -0.0154576 -0.0128226 8.25126e-05 -0.00812996 -0.0154576 -0.00812996 5.81734e-05)
(5.6433e-05 -0.0127911 -0.0154217 -0.0127911 2.7939e-05 -0.00813571 -0.0154217 -0.00813571 7.44725e-05)
(7.91004e-05 -0.0127931 -0.0154109 -0.0127931 2.68953e-05 -0.00812241 -0.0154109 -0.00812241 8.71536e-05)
(5.12846e-05 -0.0127925 -0.0154228 -0.0127925 2.22569e-05 -0.00812721 -0.0154228 -0.00812721 6.62814e-05)
(6.77109e-05 -0.0127963 -0.0154238 -0.0127963 3.91279e-05 -0.00814173 -0.0154238 -0.00814173 5.46534e-05)
(2.03615e-05 -0.0127965 -0.0154307 -0.0127965 4.65793e-05 -0.00810956 -0.0154307 -0.00810956 8.53197e-05)
(-0.000125198 -0.0128284 -0.0154487 -0.0128284 0.000106734 -0.00811425 -0.0154487 -0.00811425 7.6591e-05)
(2.78626e-05 -0.0127851 -0.0154293 -0.0127851 2.08695e-05 -0.00812987 -0.0154293 -0.00812987 4.96403e-05)
(5.50396e-05 -0.0127869 -0.0154276 -0.0127869 3.42237e-05 -0.0081406 -0.0154276 -0.0081406 5.43311e-05)
(4.06885e-05 -0.0127885 -0.015419 -0.0127885 2.46849e-05 -0.00812887 -0.015419 -0.00812887 6.63013e-05)
(5.16023e-05 -0.0127939 -0.0154257 -0.0127939 2.35096e-05 -0.00812444 -0.0154257 -0.00812444 5.51507e-05)
(2.50901e-05 -0.0127907 -0.0154236 -0.0127907 2.55162e-05 -0.00811959 -0.0154236 -0.00811959 9.10778e-05)
(2.65331e-05 -0.0127853 -0.0154172 -0.0127853 2.59743e-05 -0.00812999 -0.0154172 -0.00812999 6.96635e-05)
(6.64109e-05 -0.0127998 -0.0154291 -0.0127998 3.921e-05 -0.00813762 -0.0154291 -0.00813762 4.2768e-05)
(8.67314e-05 -0.0128035 -0.0154155 -0.0128035 4.86494e-05 -0.00814829 -0.0154155 -0.00814829 8.46067e-05)
(2.25588e-05 -0.0127962 -0.0154326 -0.0127962 3.45747e-05 -0.00811624 -0.0154326 -0.00811624 7.17508e-05)
(4.83441e-05 -0.0127916 -0.0154399 -0.0127916 2.59534e-05 -0.00813136 -0.0154399 -0.00813136 3.44138e-05)
(-9.44105e-05 -0.0128338 -0.0154331 -0.0128338 0.000110569 -0.00810926 -0.0154331 -0.00810926 8.61361e-05)
(1.72467e-06 -0.0127954 -0.0154339 -0.0127954 3.25704e-05 -0.00811853 -0.0154339 -0.00811853 0.000114333)
(2.3178e-05 -0.0127991 -0.0154355 -0.0127991 3.45476e-05 -0.00812288 -0.0154355 -0.00812288 0.000123182)
(0.000104125 -0.0127971 -0.015406 -0.0127971 2.75154e-05 -0.00812592 -0.015406 -0.00812592 8.94934e-05)
(0.00011489 -0.0128268 -0.0154123 -0.0128268 0.000108961 -0.00815519 -0.0154123 -0.00815519 5.91047e-05)
(2.81938e-05 -0.0127872 -0.0154256 -0.0127872 2.23355e-05 -0.00812581 -0.0154256 -0.00812581 7.82051e-05)
(2.58213e-06 -0.0128638 -0.0154181 -0.0128638 0.000124193 -0.00814202 -0.0154181 -0.00814202 7.6178e-05)
(-2.2182e-05 -0.0128046 -0.0154452 -0.0128046 5.65394e-05 -0.00811157 -0.0154452 -0.00811157 7.85016e-05)
(-0.000104947 -0.0128142 -0.0154555 -0.0128142 7.402e-05 -0.00810131 -0.0154555 -0.00810131 8.95687e-05)
(2.06494e-05 -0.0127886 -0.0154251 -0.0127886 2.2128e-05 -0.0081227 -0.0154251 -0.0081227 6.57185e-05)
(-3.51418e-06 -0.0127944 -0.0154361 -0.0127944 3.17669e-05 -0.00812078 -0.0154361 -0.00812078 5.8029e-05)
(2.49525e-05 -0.0127926 -0.0154278 -0.0127926 2.88242e-05 -0.00811867 -0.0154278 -0.00811867 7.13892e-05)
(5.81534e-05 -0.0127909 -0.0154158 -0.0127909 2.76034e-05 -0.00811827 -0.0154158 -0.00811827 8.70478e-05)
(3.18934e-05 -0.0127887 -0.0154235 -0.0127887 2.41548e-05 -0.00812476 -0.0154235 -0.00812476 6.04035e-05)
(7.20282e-05 -0.0127968 -0.0154166 -0.0127968 4.72065e-05 -0.00815051 -0.0154166 -0.00815051 0.00010061)
(-4.10843e-05 -0.0128018 -0.015445 -0.0128018 5.09293e-05 -0.00811388 -0.015445 -0.00811388 7.17084e-05)
(3.2656e-05 -0.0127892 -0.015431 -0.0127892 2.12536e-05 -0.00812888 -0.015431 -0.00812888 4.76266e-05)
