/*--------------------------------*- C++ -*----------------------------------*\
  =========                 |
  \\      /  F ield         | OpenFOAM: The Open Source CFD Toolbox
   \\    /   O peration     | Website:  https://openfoam.org
    \\  /    A nd           | Version:  10
     \\/     M anipulation  |
\*---------------------------------------------------------------------------*/
FoamFile
{
    format      ascii;
    class       volTensorField;
    location    "40";
    object      TauNN;
}
// * * * * * * * * * * * * * * * * * * * * * * * * * * * * * * * * * * * * * //

dimensions      [0 2 -2 0 0 0 0];

internalField   nonuniform List<tensor> 
25600
(
(0.00142634 -0.0129662 -0.0151478 -0.0129662 0.000159788 -0.00814472 -0.0151478 -0.00814472 0.000116846)
(0.00147046 -0.0129766 -0.0151371 -0.0129766 0.000159203 -0.00815011 -0.0151371 -0.00815011 0.000116862)
(0.00149396 -0.0129789 -0.0151332 -0.0129789 0.000158984 -0.00815166 -0.0151332 -0.00815166 0.000115253)
(0.00146446 -0.0129753 -0.0151415 -0.0129753 0.000160039 -0.00814953 -0.0151415 -0.00814953 0.000116696)
(0.0014661 -0.0129784 -0.0151382 -0.0129784 0.000160305 -0.00815143 -0.0151382 -0.00815143 0.000115308)
(0.0014967 -0.0129775 -0.0151329 -0.0129775 0.000157943 -0.0081504 -0.0151329 -0.0081504 0.000117628)
(0.0014961 -0.0129779 -0.0151336 -0.0129779 0.000158484 -0.00815081 -0.0151336 -0.00815081 0.000116566)
(0.00147122 -0.0129792 -0.0151377 -0.0129792 0.000160489 -0.00815197 -0.0151377 -0.00815197 0.00011449)
(0.00145179 -0.0129749 -0.0151424 -0.0129749 0.000160428 -0.00814943 -0.0151424 -0.00814943 0.000116296)
(0.00146225 -0.0129812 -0.0151382 -0.0129812 0.000161118 -0.00815317 -0.0151382 -0.00815317 0.000114361)
(0.00143607 -0.0129759 -0.015147 -0.0129759 0.000162147 -0.00815034 -0.015147 -0.00815034 0.000115527)
(0.00146488 -0.0129744 -0.0151393 -0.0129744 0.000159147 -0.00814888 -0.0151393 -0.00814888 0.00011731)
(0.00147624 -0.0129798 -0.0151369 -0.0129798 0.00016016 -0.00815219 -0.0151369 -0.00815219 0.000115418)
(0.00147609 -0.0129766 -0.0151371 -0.0129766 0.000159197 -0.00815018 -0.0151371 -0.00815018 0.000116696)
(0.00146637 -0.0129799 -0.0151377 -0.0129799 0.000160608 -0.00815236 -0.0151377 -0.00815236 0.000114843)
(0.00147913 -0.0129793 -0.0151372 -0.0129793 0.000160029 -0.00815187 -0.0151372 -0.00815187 0.000115834)
(0.00149141 -0.0129776 -0.0151333 -0.0129776 0.000158544 -0.00815076 -0.0151333 -0.00815076 0.000115974)
(0.00149375 -0.0129725 -0.0151309 -0.0129725 0.000156018 -0.00814737 -0.0151309 -0.00814737 0.000118545)
(0.00146024 -0.0129754 -0.0151402 -0.0129754 0.0001599 -0.00814964 -0.0151402 -0.00814964 0.000116441)
(0.00147162 -0.0129809 -0.0151368 -0.0129809 0.000160649 -0.00815295 -0.0151368 -0.00815295 0.000114386)
(0.00147346 -0.0129774 -0.0151371 -0.0129774 0.000159739 -0.00815083 -0.0151371 -0.00815083 0.000115288)
(0.00145881 -0.0129753 -0.015141 -0.0129753 0.000160034 -0.00814957 -0.015141 -0.00814957 0.000116553)
(0.0014594 -0.0129779 -0.0151405 -0.0129779 0.000160736 -0.00815117 -0.0151405 -0.00815117 0.00011568)
(0.00147817 -0.0129751 -0.0151355 -0.0129751 0.000158271 -0.00814915 -0.0151355 -0.00814915 0.000117342)
(0.00149286 -0.0129793 -0.0151334 -0.0129793 0.000158949 -0.00815171 -0.0151334 -0.00815171 0.000115922)
(0.00149252 -0.0129787 -0.0151339 -0.0129787 0.000158926 -0.00815139 -0.0151339 -0.00815139 0.000115896)
(0.00149817 -0.0129725 -0.0151309 -0.0129725 0.000155804 -0.00814722 -0.0151309 -0.00814722 0.000119046)
(0.001465 -0.0129705 -0.0151382 -0.0129705 0.000157646 -0.00814645 -0.0151382 -0.00814645 0.000118181)
(0.00147844 -0.0129757 -0.0151349 -0.0129757 0.000158341 -0.00814953 -0.0151349 -0.00814953 0.000117005)
(0.00149771 -0.0129767 -0.0151321 -0.0129767 0.000157807 -0.00815015 -0.0151321 -0.00815015 0.000116706)
(0.00144994 -0.0129762 -0.0151441 -0.0129762 0.000161231 -0.00815028 -0.0151441 -0.00815028 0.000116019)
(0.00147458 -0.0129799 -0.0151351 -0.0129799 0.000160019 -0.00815234 -0.0151351 -0.00815234 0.000114337)
(0.00147937 -0.0129802 -0.015135 -0.0129802 0.000159891 -0.00815242 -0.015135 -0.00815242 0.000114889)
(0.00147929 -0.012982 -0.0151354 -0.012982 0.000160506 -0.00815359 -0.0151354 -0.00815359 0.000114213)
(0.00149596 -0.0129801 -0.015133 -0.0129801 0.000159342 -0.00815241 -0.015133 -0.00815241 0.000114495)
(0.00143625 -0.0129772 -0.0151466 -0.0129772 0.000162321 -0.00815107 -0.0151466 -0.00815107 0.000115546)
(0.0014981 -0.0129796 -0.0151331 -0.0129796 0.000159143 -0.00815209 -0.0151331 -0.00815209 0.000114858)
(0.00141256 -0.0129593 -0.0151618 -0.0129593 0.000160101 -0.0081402 -0.0151618 -0.0081402 0.000120279)
(0.00146608 -0.0129702 -0.0151369 -0.0129702 0.000156957 -0.00814609 -0.0151369 -0.00814609 0.000119227)
(0.0014721 -0.0129828 -0.0151365 -0.0129828 0.000161016 -0.00815408 -0.0151365 -0.00815408 0.00011396)
(0.000439637 -0.0128437 -0.0154132 -0.0128437 0.000131315 -0.00813828 -0.0154132 -0.00813828 6.23641e-05)
(9.54062e-05 -0.0128155 -0.0154203 -0.0128155 5.3387e-05 -0.00814322 -0.0154203 -0.00814322 4.53657e-05)
(2.43327e-06 -0.0128008 -0.0154415 -0.0128008 4.13325e-05 -0.00811369 -0.0154415 -0.00811369 6.58155e-05)
(0.000157878 -0.0128245 -0.0154253 -0.0128245 0.000114911 -0.00814718 -0.0154253 -0.00814718 3.32535e-05)
(6.15539e-05 -0.0127988 -0.0154266 -0.0127988 2.93027e-05 -0.00811678 -0.0154266 -0.00811678 7.20754e-05)
(5.08131e-05 -0.0127935 -0.0154282 -0.0127935 2.28029e-05 -0.00812745 -0.0154282 -0.00812745 5.13888e-05)
(4.16411e-05 -0.0127927 -0.0154298 -0.0127927 2.06362e-05 -0.0081247 -0.0154298 -0.0081247 5.70103e-05)
(-9.50334e-05 -0.0128242 -0.0154621 -0.0128242 8.51007e-05 -0.00810212 -0.0154621 -0.00810212 8.37485e-05)
(0.000399315 -0.0128537 -0.015432 -0.0128537 0.000127209 -0.00814458 -0.015432 -0.00814458 2.90577e-05)
(-0.000101873 -0.012828 -0.01546 -0.012828 9.35639e-05 -0.00810352 -0.01546 -0.00810352 8.21561e-05)
(0.000147416 -0.0128217 -0.0154191 -0.0128217 0.000110643 -0.00815043 -0.0154191 -0.00815043 4.42827e-05)
(0.000183732 -0.0128456 -0.0154259 -0.0128456 0.000130579 -0.00815 -0.0154259 -0.00815 3.24768e-05)
(-9.085e-05 -0.0128221 -0.0154578 -0.0128221 9.05229e-05 -0.00810892 -0.0154578 -0.00810892 7.64132e-05)
(5.55805e-05 -0.0127952 -0.0154255 -0.0127952 2.75601e-05 -0.00813414 -0.0154255 -0.00813414 4.08629e-05)
(9.42843e-05 -0.012815 -0.0154215 -0.012815 5.94353e-05 -0.00814234 -0.0154215 -0.00814234 4.50006e-05)
(7.59618e-05 -0.0128073 -0.0154285 -0.0128073 3.36136e-05 -0.00812968 -0.0154285 -0.00812968 3.99571e-05)
(5.31787e-05 -0.0128004 -0.0154326 -0.0128004 2.65005e-05 -0.00811933 -0.0154326 -0.00811933 6.18985e-05)
(0.000112868 -0.0128096 -0.015422 -0.0128096 7.96268e-05 -0.00814756 -0.015422 -0.00814756 4.75068e-05)
(6.33733e-05 -0.0127991 -0.0154234 -0.0127991 2.53926e-05 -0.00811968 -0.0154234 -0.00811968 6.99803e-05)
(5.65508e-05 -0.0128006 -0.0154304 -0.0128006 2.92197e-05 -0.00811681 -0.0154304 -0.00811681 6.64273e-05)
(8.70858e-05 -0.0128043 -0.0154231 -0.0128043 4.30298e-05 -0.00813836 -0.0154231 -0.00813836 6.08142e-05)
(3.56676e-05 -0.0127933 -0.0154251 -0.0127933 2.45189e-05 -0.00812069 -0.0154251 -0.00812069 6.04891e-05)
(8.46996e-05 -0.0128084 -0.0154233 -0.0128084 5.10848e-05 -0.00814248 -0.0154233 -0.00814248 4.50632e-05)
(9.97382e-05 -0.0128165 -0.015422 -0.0128165 6.77189e-05 -0.00814584 -0.015422 -0.00814584 4.35619e-05)
(1.43464e-05 -0.012805 -0.0154447 -0.012805 5.12372e-05 -0.00811279 -0.0154447 -0.00811279 7.10639e-05)
(4.33038e-05 -0.0127944 -0.0154304 -0.0127944 2.12891e-05 -0.00812415 -0.0154304 -0.00812415 5.43687e-05)
(5.76855e-05 -0.0127918 -0.0154298 -0.0127918 2.33769e-05 -0.00813027 -0.0154298 -0.00813027 5.09825e-05)
(0.000206548 -0.0128327 -0.0154164 -0.0128327 0.000131315 -0.00814919 -0.0154164 -0.00814919 4.41222e-05)
(0.00015131 -0.0128425 -0.0154223 -0.0128425 0.000129906 -0.00815219 -0.0154223 -0.00815219 3.54375e-05)
(1.78421e-05 -0.0127934 -0.0154339 -0.0127934 2.45817e-05 -0.0081213 -0.0154339 -0.0081213 5.40308e-05)
(0.000381978 -0.0128531 -0.0154343 -0.0128531 0.000122958 -0.00814449 -0.0154343 -0.00814449 2.8298e-05)
(-9.31694e-05 -0.0128274 -0.0154573 -0.0128274 9.86917e-05 -0.00810356 -0.0154573 -0.00810356 8.25148e-05)
(1.71683e-06 -0.012807 -0.0154458 -0.012807 5.6622e-05 -0.00810982 -0.0154458 -0.00810982 7.10855e-05)
(-9.37589e-05 -0.0128177 -0.0154556 -0.0128177 8.64826e-05 -0.00810955 -0.0154556 -0.00810955 7.37422e-05)
(-0.000154213 -0.0128376 -0.0154365 -0.0128376 0.000111281 -0.00811178 -0.0154365 -0.00811178 8.37046e-05)
(0.000403838 -0.0128539 -0.0154331 -0.0128539 0.000123715 -0.00814444 -0.0154331 -0.00814444 2.86453e-05)
(4.1019e-05 -0.0127906 -0.0154295 -0.0127906 2.00782e-05 -0.00812743 -0.0154295 -0.00812743 5.60485e-05)
(0.000347403 -0.0128394 -0.0154276 -0.0128394 0.000125759 -0.00814315 -0.0154276 -0.00814315 2.81763e-05)
(-3.33687e-05 -0.0128053 -0.0154418 -0.0128053 8.38062e-05 -0.00811306 -0.0154418 -0.00811306 7.71782e-05)
(3.99696e-05 -0.0128498 -0.0153889 -0.0128498 0.000107177 -0.00811523 -0.0153889 -0.00811523 9.61822e-05)
(2.84854e-05 -0.0127991 -0.0154346 -0.0127991 3.26464e-05 -0.00811788 -0.0154346 -0.00811788 0.000111115)
(9.11845e-05 -0.0127992 -0.0154129 -0.0127992 2.59039e-05 -0.00812816 -0.0154129 -0.00812816 6.19437e-05)
(6.23344e-05 -0.0128 -0.0154244 -0.0128 2.89793e-05 -0.00813255 -0.0154244 -0.00813255 5.18415e-05)
(2.87024e-05 -0.0127903 -0.0154326 -0.0127903 2.08372e-05 -0.00812737 -0.0154326 -0.00812737 4.5492e-05)
(-3.73929e-06 -0.0127982 -0.0154335 -0.0127982 4.97824e-05 -0.00811133 -0.0154335 -0.00811133 8.27875e-05)
(3.56865e-05 -0.0127916 -0.0154293 -0.0127916 2.44949e-05 -0.00812722 -0.0154293 -0.00812722 4.97393e-05)
(6.41883e-05 -0.0127982 -0.0154246 -0.0127982 2.87087e-05 -0.00813274 -0.0154246 -0.00813274 5.36978e-05)
(-0.000174572 -0.0128341 -0.0154438 -0.0128341 0.000106856 -0.00810598 -0.0154438 -0.00810598 8.63816e-05)
(0.000305712 -0.0128451 -0.0154303 -0.0128451 0.000130377 -0.00814498 -0.0154303 -0.00814498 2.75267e-05)
(-0.000133011 -0.012828 -0.0154531 -0.012828 0.000102984 -0.00810264 -0.0154531 -0.00810264 8.45524e-05)
(-0.000148143 -0.0128429 -0.0154159 -0.0128429 0.000119125 -0.00811005 -0.0154159 -0.00811005 9.21684e-05)
(9.30982e-05 -0.0128153 -0.0154206 -0.0128153 5.08103e-05 -0.00814154 -0.0154206 -0.00814154 4.39131e-05)
(4.29997e-05 -0.0128406 -0.0154049 -0.0128406 0.000114326 -0.00811489 -0.0154049 -0.00811489 8.95297e-05)
(-0.000125205 -0.0128245 -0.0154538 -0.0128245 8.78619e-05 -0.00811713 -0.0154538 -0.00811713 6.40687e-05)
(7.10438e-05 -0.0128017 -0.0154216 -0.0128017 3.87316e-05 -0.00814097 -0.0154216 -0.00814097 5.30392e-05)
(5.85655e-05 -0.0128017 -0.0154346 -0.0128017 2.56009e-05 -0.00812288 -0.0154346 -0.00812288 4.76762e-05)
(9.42908e-05 -0.0128083 -0.0154232 -0.0128083 5.78114e-05 -0.00814275 -0.0154232 -0.00814275 4.9967e-05)
(0.000207128 -0.0128312 -0.0154194 -0.0128312 0.000124721 -0.00814789 -0.0154194 -0.00814789 3.9095e-05)
(-0.000138368 -0.0128272 -0.015456 -0.0128272 0.000102868 -0.0080995 -0.015456 -0.0080995 8.50927e-05)
(6.5396e-05 -0.0127971 -0.0154207 -0.0127971 2.55267e-05 -0.00812972 -0.0154207 -0.00812972 7.1132e-05)
(4.49387e-05 -0.0127943 -0.0154242 -0.0127943 2.40924e-05 -0.00812043 -0.0154242 -0.00812043 7.34563e-05)
(1.63922e-05 -0.0128482 -0.0153892 -0.0128482 0.000119554 -0.0081178 -0.0153892 -0.0081178 9.40161e-05)
(2.33179e-05 -0.0127925 -0.0154287 -0.0127925 2.5416e-05 -0.00812153 -0.0154287 -0.00812153 5.86301e-05)
(7.53399e-05 -0.0128014 -0.0154204 -0.0128014 3.37788e-05 -0.00813752 -0.0154204 -0.00813752 4.92045e-05)
(4.17748e-05 -0.0127933 -0.0154257 -0.0127933 2.62534e-05 -0.00812158 -0.0154257 -0.00812158 6.1638e-05)
(7.48998e-05 -0.0127996 -0.0154265 -0.0127996 4.45819e-05 -0.00814016 -0.0154265 -0.00814016 4.27348e-05)
(6.3241e-05 -0.0127925 -0.0154304 -0.0127925 2.7109e-05 -0.00813174 -0.0154304 -0.00813174 4.5741e-05)
(7.5879e-05 -0.0127982 -0.0154199 -0.0127982 3.12027e-05 -0.00813537 -0.0154199 -0.00813537 9.04521e-05)
(0.000164392 -0.0128466 -0.0154219 -0.0128466 0.000132646 -0.00815198 -0.0154219 -0.00815198 3.70948e-05)
(7.31767e-05 -0.0128044 -0.0154269 -0.0128044 5.31181e-05 -0.00813903 -0.0154269 -0.00813903 3.42504e-05)
(0.000150883 -0.0128303 -0.0154199 -0.0128303 0.000116452 -0.00814921 -0.0154199 -0.00814921 4.06104e-05)
(-6.87701e-05 -0.0128193 -0.0154539 -0.0128193 9.77187e-05 -0.00810714 -0.0154539 -0.00810714 8.23841e-05)
(-7.47918e-06 -0.0128056 -0.0154443 -0.0128056 5.35338e-05 -0.00810953 -0.0154443 -0.00810953 7.44294e-05)
(4.11554e-05 -0.0127944 -0.0154264 -0.0127944 2.75786e-05 -0.0081201 -0.0154264 -0.0081201 5.70703e-05)
(-0.000189036 -0.0128305 -0.0154543 -0.0128305 9.99131e-05 -0.0081089 -0.0154543 -0.0081089 7.7685e-05)
(0.000159316 -0.0128213 -0.0154159 -0.0128213 0.000115222 -0.00815003 -0.0154159 -0.00815003 4.93145e-05)
(0.000145273 -0.012824 -0.0154206 -0.012824 0.000111273 -0.00814839 -0.0154206 -0.00814839 4.15899e-05)
(0.00022486 -0.0128579 -0.0153636 -0.0128579 0.000119415 -0.00813227 -0.0153636 -0.00813227 9.64923e-05)
(0.000206346 -0.0128423 -0.0154021 -0.0128423 0.000120314 -0.00812194 -0.0154021 -0.00812194 8.74259e-05)
(-9.32801e-05 -0.012843 -0.0154099 -0.012843 0.000119338 -0.00811114 -0.0154099 -0.00811114 9.26934e-05)
(-5.3178e-05 -0.0128508 -0.0153858 -0.0128508 0.000119264 -0.00811741 -0.0153858 -0.00811741 9.7852e-05)
(6.25447e-05 -0.0127996 -0.0154253 -0.0127996 4.03342e-05 -0.00810857 -0.0154253 -0.00810857 9.26718e-05)
(7.08775e-05 -0.0128026 -0.0154219 -0.0128026 3.09301e-05 -0.00813269 -0.0154219 -0.00813269 6.14987e-05)
(-7.64239e-05 -0.0128174 -0.0154557 -0.0128174 7.76339e-05 -0.00812534 -0.0154557 -0.00812534 6.13613e-05)
(5.79626e-05 -0.0127909 -0.0154144 -0.0127909 2.56006e-05 -0.00812598 -0.0154144 -0.00812598 8.28658e-05)
(2.26064e-05 -0.0127957 -0.0154325 -0.0127957 2.98124e-05 -0.0081212 -0.0154325 -0.0081212 5.95699e-05)
(0.000122351 -0.0128245 -0.0154188 -0.0128245 0.000102957 -0.00814947 -0.0154188 -0.00814947 4.64845e-05)
(-0.000175737 -0.0128272 -0.0154568 -0.0128272 9.48402e-05 -0.00810701 -0.0154568 -0.00810701 8.01635e-05)
(5.01829e-05 -0.0127908 -0.0154263 -0.0127908 3.24121e-05 -0.00813751 -0.0154263 -0.00813751 4.42588e-05)
(8.97392e-05 -0.0127941 -0.0154079 -0.0127941 2.72161e-05 -0.0081212 -0.0154079 -0.0081212 8.6783e-05)
(0.00023697 -0.0128594 -0.0153266 -0.0128594 0.000109379 -0.00812243 -0.0153266 -0.00812243 0.000105964)
(-3.75163e-05 -0.0128108 -0.0154525 -0.0128108 7.47713e-05 -0.00811182 -0.0154525 -0.00811182 7.47004e-05)
(-0.000111913 -0.0128153 -0.0154553 -0.0128153 9.3421e-05 -0.00810348 -0.0154553 -0.00810348 8.27272e-05)
(-0.000159052 -0.0128494 -0.0154289 -0.0128494 0.000116614 -0.00812089 -0.0154289 -0.00812089 7.76177e-05)
(4.11341e-05 -0.0127883 -0.0154176 -0.0127883 2.60436e-05 -0.00813052 -0.0154176 -0.00813052 7.33217e-05)
(6.68431e-05 -0.0128005 -0.0154255 -0.0128005 3.3615e-05 -0.0081358 -0.0154255 -0.0081358 4.33659e-05)
(0.000285491 -0.0128362 -0.0154261 -0.0128362 0.000127544 -0.00814488 -0.0154261 -0.00814488 3.01952e-05)
(0.000264538 -0.0128437 -0.0154217 -0.0128437 0.000128166 -0.00814536 -0.0154217 -0.00814536 3.47978e-05)
(-0.000119083 -0.0128219 -0.0154614 -0.0128219 9.83839e-05 -0.00809768 -0.0154614 -0.00809768 8.59093e-05)
(7.03021e-05 -0.012796 -0.0154198 -0.012796 3.23114e-05 -0.00813834 -0.0154198 -0.00813834 8.4503e-05)
(4.39349e-06 -0.0127998 -0.0154359 -0.0127998 4.72651e-05 -0.00811068 -0.0154359 -0.00811068 7.86052e-05)
(-6.40226e-05 -0.0128121 -0.0154512 -0.0128121 7.09703e-05 -0.00810708 -0.0154512 -0.00810708 7.7757e-05)
(3.94885e-05 -0.0127887 -0.015427 -0.0127887 2.11341e-05 -0.00812854 -0.015427 -0.00812854 5.64596e-05)
(7.50357e-05 -0.0127989 -0.0154176 -0.0127989 3.37867e-05 -0.00813867 -0.0154176 -0.00813867 6.33787e-05)
(8.60477e-05 -0.0128087 -0.0154226 -0.0128087 6.35978e-05 -0.00814971 -0.0154226 -0.00814971 4.95355e-05)
(0.000131713 -0.0128152 -0.0154224 -0.0128152 0.000100439 -0.0081487 -0.0154224 -0.0081487 4.00159e-05)
(0.000125819 -0.0128099 -0.0154245 -0.0128099 9.25976e-05 -0.00814593 -0.0154245 -0.00814593 3.95252e-05)
(-5.05367e-05 -0.0128105 -0.0154511 -0.0128105 5.99545e-05 -0.00810335 -0.0154511 -0.00810335 8.97221e-05)
(8.34801e-05 -0.0128037 -0.0154195 -0.0128037 2.82798e-05 -0.00813048 -0.0154195 -0.00813048 5.80453e-05)
(0.000105193 -0.0128169 -0.0154271 -0.0128169 9.34669e-05 -0.00814309 -0.0154271 -0.00814309 2.95273e-05)
(6.40407e-05 -0.0127928 -0.0154171 -0.0127928 2.41228e-05 -0.00812809 -0.0154171 -0.00812809 7.17675e-05)
(8.80025e-07 -0.0128034 -0.0154433 -0.0128034 7.01521e-05 -0.00811364 -0.0154433 -0.00811364 8.12165e-05)
(-4.9857e-05 -0.0128093 -0.0154488 -0.0128093 6.14549e-05 -0.00810857 -0.0154488 -0.00810857 7.90918e-05)
(6.33133e-05 -0.0127976 -0.0154224 -0.0127976 2.27498e-05 -0.00812578 -0.0154224 -0.00812578 5.48503e-05)
(-1.15608e-05 -0.0127991 -0.0154414 -0.0127991 3.20522e-05 -0.00811469 -0.0154414 -0.00811469 7.03846e-05)
(-1.66545e-05 -0.0128012 -0.0154402 -0.0128012 3.80732e-05 -0.00810959 -0.0154402 -0.00810959 8.48455e-05)
(0.000388885 -0.0128537 -0.0154286 -0.0128537 0.000120671 -0.00814227 -0.0154286 -0.00814227 2.84607e-05)
(0.000534655 -0.012869 -0.0153031 -0.012869 0.000110024 -0.00814282 -0.0153031 -0.00814282 0.000118044)
(8.69266e-05 -0.0128023 -0.0154232 -0.0128023 2.61652e-05 -0.00813064 -0.0154232 -0.00813064 3.91419e-05)
(-7.03401e-05 -0.01281 -0.0154507 -0.01281 5.65174e-05 -0.00810324 -0.0154507 -0.00810324 8.89479e-05)
(-0.000134921 -0.0128239 -0.0154589 -0.0128239 8.3531e-05 -0.00810345 -0.0154589 -0.00810345 8.38541e-05)
(-1.2288e-05 -0.0128077 -0.0154474 -0.0128077 6.30462e-05 -0.0080994 -0.0154474 -0.0080994 0.000100025)
(8.37997e-06 -0.0128027 -0.0154414 -0.0128027 4.6758e-05 -0.00810771 -0.0154414 -0.00810771 7.67286e-05)
(-3.21976e-06 -0.0127984 -0.0154462 -0.0127984 3.74802e-05 -0.00812825 -0.0154462 -0.00812825 5.03622e-05)
(7.03245e-05 -0.012795 -0.0154156 -0.012795 2.74538e-05 -0.00812821 -0.0154156 -0.00812821 0.000100285)
(3.55161e-05 -0.0127946 -0.0154285 -0.0127946 2.46353e-05 -0.00811979 -0.0154285 -0.00811979 6.84594e-05)
(0.000151329 -0.0128315 -0.0154161 -0.0128315 0.00011914 -0.00814986 -0.0154161 -0.00814986 4.56539e-05)
(-3.15123e-05 -0.0128047 -0.0154455 -0.0128047 4.69288e-05 -0.0081116 -0.0154455 -0.0081116 7.49638e-05)
(-0.000112399 -0.0128394 -0.0154406 -0.0128394 0.000115342 -0.00812399 -0.0154406 -0.00812399 7.47641e-05)
(0.000104582 -0.012814 -0.0154117 -0.012814 6.31831e-05 -0.00815446 -0.0154117 -0.00815446 7.69254e-05)
(2.96027e-05 -0.0127968 -0.0154298 -0.0127968 2.92216e-05 -0.00811463 -0.0154298 -0.00811463 9.45859e-05)
(-9.21012e-05 -0.0128172 -0.0154554 -0.0128172 8.74342e-05 -0.00811439 -0.0154554 -0.00811439 7.35783e-05)
(8.37883e-05 -0.0127987 -0.0154125 -0.0127987 2.62496e-05 -0.00812663 -0.0154125 -0.00812663 7.98794e-05)
(-0.000168505 -0.0128426 -0.0154421 -0.0128426 0.000109889 -0.00811731 -0.0154421 -0.00811731 7.50161e-05)
(5.13388e-05 -0.0127877 -0.0154221 -0.0127877 2.90944e-05 -0.00813701 -0.0154221 -0.00813701 7.51205e-05)
(0.000209487 -0.0128295 -0.0154249 -0.0128295 0.000129144 -0.00814777 -0.0154249 -0.00814777 3.2284e-05)
(0.000237263 -0.0128301 -0.015422 -0.0128301 0.000129653 -0.00814696 -0.015422 -0.00814696 3.58555e-05)
(0.000116338 -0.0128176 -0.015412 -0.0128176 5.91738e-05 -0.00814454 -0.015412 -0.00814454 7.95359e-05)
(-1.52357e-06 -0.0128039 -0.0154441 -0.0128039 6.62068e-05 -0.00810138 -0.0154441 -0.00810138 9.24242e-05)
(2.00263e-05 -0.0127944 -0.0154279 -0.0127944 2.94303e-05 -0.00811497 -0.0154279 -0.00811497 9.15893e-05)
(-9.47659e-05 -0.012815 -0.0154553 -0.012815 8.35819e-05 -0.00810642 -0.0154553 -0.00810642 7.99856e-05)
(0.000178937 -0.012825 -0.0154106 -0.012825 0.000123862 -0.00814995 -0.0154106 -0.00814995 5.99721e-05)
(0.000129824 -0.0128087 -0.0154178 -0.0128087 9.74392e-05 -0.0081512 -0.0154178 -0.0081512 5.58654e-05)
(8.96929e-05 -0.0128014 -0.0154148 -0.0128014 4.04721e-05 -0.00814385 -0.0154148 -0.00814385 8.91595e-05)
(0.000179358 -0.0128313 -0.0154165 -0.0128313 0.000126904 -0.00814986 -0.0154165 -0.00814986 4.25604e-05)
(0.000212198 -0.0128284 -0.0154177 -0.0128284 0.000124897 -0.00814747 -0.0154177 -0.00814747 4.19586e-05)
(0.000178742 -0.0128277 -0.0154267 -0.0128277 0.000120733 -0.00814755 -0.0154267 -0.00814755 3.30078e-05)
(2.10086e-05 -0.01279 -0.0154209 -0.01279 2.8426e-05 -0.00811947 -0.0154209 -0.00811947 9.04471e-05)
(-0.000119906 -0.0128168 -0.0154549 -0.0128168 8.92004e-05 -0.00810758 -0.0154549 -0.00810758 7.87352e-05)
(4.82552e-05 -0.0127948 -0.0154308 -0.0127948 2.84368e-05 -0.00813278 -0.0154308 -0.00813278 3.18105e-05)
(-4.49226e-05 -0.0128057 -0.0154472 -0.0128057 7.60546e-05 -0.00810628 -0.0154472 -0.00810628 8.70037e-05)
(7.20867e-05 -0.0127937 -0.0154241 -0.0127937 2.85575e-05 -0.00812425 -0.0154241 -0.00812425 6.25716e-05)
(-3.61257e-05 -0.0128045 -0.0154437 -0.0128045 5.12861e-05 -0.00811065 -0.0154437 -0.00811065 7.77368e-05)
(5.89791e-05 -0.0127949 -0.015421 -0.0127949 2.29519e-05 -0.00812573 -0.015421 -0.00812573 6.88482e-05)
(6.86346e-05 -0.0127896 -0.0154264 -0.0127896 4.01273e-05 -0.00814288 -0.0154264 -0.00814288 6.52367e-05)
(-0.00022575 -0.0128342 -0.0154474 -0.0128342 0.000111778 -0.00810432 -0.0154474 -0.00810432 8.65348e-05)
(0.000267668 -0.0128503 -0.0154218 -0.0128503 0.000125419 -0.00814394 -0.0154218 -0.00814394 3.54981e-05)
(-5.95983e-05 -0.0128345 -0.0154504 -0.0128345 0.000108409 -0.00812423 -0.0154504 -0.00812423 7.32405e-05)
(0.000294053 -0.0128572 -0.015433 -0.0128572 0.000133345 -0.0081474 -0.015433 -0.0081474 2.97395e-05)
(0.000113416 -0.0128135 -0.0154136 -0.0128135 8.66508e-05 -0.00815423 -0.0154136 -0.00815423 7.9779e-05)
(7.75235e-05 -0.0127959 -0.0154217 -0.0127959 3.35948e-05 -0.00813874 -0.0154217 -0.00813874 8.40099e-05)
(-3.69445e-05 -0.0128096 -0.015449 -0.0128096 6.91216e-05 -0.00810013 -0.015449 -0.00810013 0.000103789)
(-6.00796e-05 -0.0128091 -0.0154506 -0.0128091 6.52602e-05 -0.00810872 -0.0154506 -0.00810872 7.24737e-05)
(4.98317e-05 -0.0127917 -0.0154319 -0.0127917 2.7282e-05 -0.00813317 -0.0154319 -0.00813317 3.74536e-05)
(4.4046e-05 -0.0128007 -0.0154306 -0.0128007 3.91653e-05 -0.00811268 -0.0154306 -0.00811268 0.000109477)
(4.4675e-05 -0.0127935 -0.0154266 -0.0127935 2.30537e-05 -0.00812227 -0.0154266 -0.00812227 7.73028e-05)
(6.88753e-05 -0.0127968 -0.0154166 -0.0127968 3.48304e-05 -0.00814053 -0.0154166 -0.00814053 7.41525e-05)
(7.67939e-05 -0.0128003 -0.0154221 -0.0128003 4.24811e-05 -0.00814283 -0.0154221 -0.00814283 6.16231e-05)
(-8.13053e-05 -0.012846 -0.0154307 -0.012846 0.000116175 -0.00812578 -0.0154307 -0.00812578 7.81982e-05)
(6.45418e-05 -0.0127904 -0.0154094 -0.0127904 2.89858e-05 -0.00813144 -0.0154094 -0.00813144 8.66908e-05)
(0.000103845 -0.0128057 -0.0154162 -0.0128057 7.74039e-05 -0.00815481 -0.0154162 -0.00815481 8.09124e-05)
(-7.09282e-06 -0.0127995 -0.0154414 -0.0127995 5.03652e-05 -0.00811739 -0.0154414 -0.00811739 7.01602e-05)
(7.86026e-05 -0.0127955 -0.0154134 -0.0127955 2.80129e-05 -0.00811726 -0.0154134 -0.00811726 8.88072e-05)
(-0.000113292 -0.012823 -0.0154576 -0.012823 7.99099e-05 -0.00810965 -0.0154576 -0.00810965 7.26256e-05)
(8.34866e-06 -0.0127947 -0.0154368 -0.0127947 2.54213e-05 -0.00811737 -0.0154368 -0.00811737 6.94361e-05)
(0.000115939 -0.0128129 -0.0154209 -0.0128129 0.000111317 -0.0081554 -0.0154209 -0.0081554 4.84172e-05)
(3.05008e-05 -0.0127903 -0.0154236 -0.0127903 2.39009e-05 -0.00812295 -0.0154236 -0.00812295 6.4173e-05)
(3.93718e-05 -0.0128069 -0.0154473 -0.0128069 6.99237e-05 -0.00810043 -0.0154473 -0.00810043 9.64801e-05)
(2.18222e-05 -0.0127971 -0.015432 -0.0127971 5.02278e-05 -0.00810641 -0.015432 -0.00810641 9.25994e-05)
(-2.77684e-05 -0.0128007 -0.0154387 -0.0128007 4.68183e-05 -0.00810782 -0.0154387 -0.00810782 8.79844e-05)
(-0.000120561 -0.0128189 -0.0154593 -0.0128189 8.46203e-05 -0.0081022 -0.0154593 -0.0081022 8.57076e-05)
(0.000144438 -0.0128003 -0.0154081 -0.0128003 8.22383e-05 -0.00815126 -0.0154081 -0.00815126 0.000109229)
(0.000123812 -0.0128109 -0.0154132 -0.0128109 9.43949e-05 -0.00815222 -0.0154132 -0.00815222 6.91623e-05)
(7.72447e-05 -0.0127964 -0.0154158 -0.0127964 2.9261e-05 -0.00813177 -0.0154158 -0.00813177 0.000102276)
(0.000217705 -0.0128294 -0.0154106 -0.0128294 0.000127795 -0.00814634 -0.0154106 -0.00814634 5.20131e-05)
(0.000187794 -0.0128161 -0.0153949 -0.0128161 0.000117294 -0.00814371 -0.0153949 -0.00814371 9.19758e-05)
(4.85582e-05 -0.012793 -0.0154305 -0.012793 2.29142e-05 -0.00813109 -0.0154305 -0.00813109 3.9118e-05)
(6.84921e-05 -0.0127922 -0.0154122 -0.0127922 2.77207e-05 -0.00813076 -0.0154122 -0.00813076 8.78436e-05)
(-0.000150284 -0.0128224 -0.0154531 -0.0128224 0.000104598 -0.00810526 -0.0154531 -0.00810526 8.22923e-05)
(-1.56826e-05 -0.0128006 -0.0154446 -0.0128006 4.25301e-05 -0.00811848 -0.0154446 -0.00811848 5.68023e-05)
(-7.16444e-05 -0.0128169 -0.0154524 -0.0128169 9.91719e-05 -0.00810402 -0.0154524 -0.00810402 8.50148e-05)
(7.56671e-05 -0.0127974 -0.0154252 -0.0127974 2.51618e-05 -0.0081309 -0.0154252 -0.0081309 4.89558e-05)
(-0.000133595 -0.0128191 -0.0154558 -0.0128191 8.71303e-05 -0.00810819 -0.0154558 -0.00810819 7.88423e-05)
(4.97343e-05 -0.0127909 -0.0154191 -0.0127909 2.46035e-05 -0.00812789 -0.0154191 -0.00812789 8.87123e-05)
(0.000173094 -0.012816 -0.0154134 -0.012816 0.000114974 -0.00814768 -0.0154134 -0.00814768 5.32593e-05)
(-0.000175073 -0.0128245 -0.0154597 -0.0128245 8.56684e-05 -0.00810261 -0.0154597 -0.00810261 8.55718e-05)
(7.47561e-05 -0.0128012 -0.0154186 -0.0128012 3.36726e-05 -0.00813702 -0.0154186 -0.00813702 7.15964e-05)
(5.03912e-05 -0.0127992 -0.0154395 -0.0127992 2.80509e-05 -0.00812408 -0.0154395 -0.00812408 5.27743e-05)
(0.000123857 -0.012816 -0.0154102 -0.012816 7.62786e-05 -0.00815288 -0.0154102 -0.00815288 8.60131e-05)
(0.000161455 -0.0128302 -0.0154059 -0.0128302 0.000124407 -0.00814954 -0.0154059 -0.00814954 6.55003e-05)
(6.45312e-05 -0.0127985 -0.0154274 -0.0127985 2.73178e-05 -0.00813208 -0.0154274 -0.00813208 4.25591e-05)
(-5.49425e-05 -0.012811 -0.0154512 -0.012811 7.61056e-05 -0.00809985 -0.0154512 -0.00809985 0.000101433)
(8.66533e-06 -0.0127906 -0.0154305 -0.0127906 2.39986e-05 -0.00812276 -0.0154305 -0.00812276 5.16186e-05)
(7.54481e-05 -0.0127997 -0.0154273 -0.0127997 5.13141e-05 -0.00814178 -0.0154273 -0.00814178 4.17265e-05)
(2.73119e-05 -0.0128012 -0.0154344 -0.0128012 4.56041e-05 -0.00810864 -0.0154344 -0.00810864 0.000107888)
(4.93234e-05 -0.0127923 -0.0154242 -0.0127923 2.373e-05 -0.0081265 -0.0154242 -0.0081265 8.43398e-05)
(-1.43485e-05 -0.012795 -0.0154328 -0.012795 4.19049e-05 -0.00811148 -0.0154328 -0.00811148 8.46918e-05)
(0.000129429 -0.0128224 -0.0154156 -0.0128224 0.000106719 -0.00815169 -0.0154156 -0.00815169 5.30475e-05)
(1.62733e-05 -0.0128009 -0.0154451 -0.0128009 3.55941e-05 -0.00812472 -0.0154451 -0.00812472 5.15951e-05)
(5.66483e-05 -0.0127907 -0.0154152 -0.0127907 2.53214e-05 -0.00812669 -0.0154152 -0.00812669 8.79374e-05)
(3.23846e-05 -0.0127896 -0.0154224 -0.0127896 2.35057e-05 -0.00812297 -0.0154224 -0.00812297 7.99822e-05)
(-8.74577e-05 -0.0128166 -0.0154533 -0.0128166 9.33946e-05 -0.00810943 -0.0154533 -0.00810943 8.10921e-05)
(-2.83922e-05 -0.0128058 -0.0154475 -0.0128058 7.19635e-05 -0.00810039 -0.0154475 -0.00810039 9.18172e-05)
(1.15777e-05 -0.0127964 -0.0154353 -0.0127964 2.77526e-05 -0.00811493 -0.0154353 -0.00811493 7.56766e-05)
(-0.000203605 -0.0128376 -0.0154472 -0.0128376 0.000105784 -0.00810738 -0.0154472 -0.00810738 8.30685e-05)
(-0.000160817 -0.012816 -0.0154525 -0.012816 8.30238e-05 -0.00810388 -0.0154525 -0.00810388 8.64681e-05)
(-9.54817e-05 -0.0128144 -0.0154517 -0.0128144 8.01689e-05 -0.00811449 -0.0154517 -0.00811449 7.1381e-05)
(6.3362e-05 -0.012792 -0.0154157 -0.012792 3.28848e-05 -0.00811565 -0.0154157 -0.00811565 0.000101821)
(-7.34462e-05 -0.0128082 -0.0154515 -0.0128082 8.16036e-05 -0.00810219 -0.0154515 -0.00810219 8.96618e-05)
(-5.01236e-05 -0.0128055 -0.0154451 -0.0128055 5.78878e-05 -0.00810613 -0.0154451 -0.00810613 8.49774e-05)
(-3.91711e-05 -0.0128074 -0.0154486 -0.0128074 5.46389e-05 -0.00810347 -0.0154486 -0.00810347 9.70173e-05)
(1.56262e-05 -0.0127982 -0.015439 -0.0127982 3.23915e-05 -0.00811966 -0.015439 -0.00811966 0.000114266)
(5.4761e-05 -0.0127917 -0.0154197 -0.0127917 2.63529e-05 -0.00813074 -0.0154197 -0.00813074 9.45009e-05)
(4.89442e-05 -0.0127925 -0.0154205 -0.0127925 2.45392e-05 -0.00812243 -0.0154205 -0.00812243 8.70506e-05)
(0.000102404 -0.0128013 -0.0154153 -0.0128013 6.32344e-05 -0.00815304 -0.0154153 -0.00815304 9.73781e-05)
(0.000115591 -0.0128079 -0.0154148 -0.0128079 5.00771e-05 -0.00815327 -0.0154148 -0.00815327 0.000143522)
(-6.67183e-05 -0.0128166 -0.0154557 -0.0128166 8.44705e-05 -0.00812194 -0.0154557 -0.00812194 6.43615e-05)
(-3.45962e-05 -0.0128085 -0.0154486 -0.0128085 6.9717e-05 -0.00811233 -0.0154486 -0.00811233 7.897e-05)
(-0.000118069 -0.0128163 -0.0154573 -0.0128163 9.17632e-05 -0.00810128 -0.0154573 -0.00810128 8.63109e-05)
(-8.52707e-05 -0.0128111 -0.015454 -0.0128111 7.15979e-05 -0.00810946 -0.015454 -0.00810946 7.26128e-05)
(-0.000101671 -0.0128123 -0.0154546 -0.0128123 8.92954e-05 -0.00810217 -0.0154546 -0.00810217 8.86511e-05)
(8.17108e-05 -0.0128032 -0.0154263 -0.0128032 3.47116e-05 -0.00813657 -0.0154263 -0.00813657 4.4094e-05)
(-0.000157791 -0.0128288 -0.0154509 -0.0128288 0.000104637 -0.0081121 -0.0154509 -0.0081121 7.75669e-05)
(1.00414e-05 -0.0127931 -0.0154308 -0.0127931 2.94371e-05 -0.00811978 -0.0154308 -0.00811978 0.000106474)
(0.000400946 -0.0128415 -0.0154154 -0.0128415 0.000122513 -0.00813867 -0.0154154 -0.00813867 4.34773e-05)
(1.46669e-05 -0.0127861 -0.0154257 -0.0127861 2.31126e-05 -0.00812461 -0.0154257 -0.00812461 7.23142e-05)
(2.53361e-05 -0.0127922 -0.0154259 -0.0127922 3.11076e-05 -0.00811473 -0.0154259 -0.00811473 8.26145e-05)
(6.71175e-05 -0.0127992 -0.0154365 -0.0127992 2.50208e-05 -0.00812993 -0.0154365 -0.00812993 4.50369e-05)
(-6.28348e-05 -0.0128126 -0.0154547 -0.0128126 7.38616e-05 -0.00810033 -0.0154547 -0.00810033 9.19735e-05)
(8.21324e-05 -0.0128016 -0.015416 -0.0128016 4.82481e-05 -0.00815004 -0.015416 -0.00815004 9.93192e-05)
(5.23893e-05 -0.012797 -0.0154338 -0.012797 2.24591e-05 -0.00812638 -0.0154338 -0.00812638 4.62069e-05)
(-4.10494e-06 -0.0128087 -0.0154477 -0.0128087 6.62732e-05 -0.00810124 -0.0154477 -0.00810124 0.000104458)
(2.0665e-05 -0.0127854 -0.0154271 -0.0127854 2.1221e-05 -0.00812844 -0.0154271 -0.00812844 5.1304e-05)
(6.52482e-05 -0.0127963 -0.0154255 -0.0127963 2.90755e-05 -0.00813432 -0.0154255 -0.00813432 4.94338e-05)
(2.99895e-05 -0.012797 -0.0154282 -0.012797 4.13633e-05 -0.00810967 -0.0154282 -0.00810967 0.000102314)
(8.01566e-05 -0.0127962 -0.0154212 -0.0127962 3.96004e-05 -0.00814352 -0.0154212 -0.00814352 8.59017e-05)
(-1.25151e-05 -0.0127952 -0.0154338 -0.0127952 3.85498e-05 -0.00811106 -0.0154338 -0.00811106 8.56607e-05)
(0.000101434 -0.0128103 -0.0154169 -0.0128103 8.11484e-05 -0.00815292 -0.0154169 -0.00815292 6.81223e-05)
(8.55992e-05 -0.0128079 -0.0154255 -0.0128079 5.80525e-05 -0.00814352 -0.0154255 -0.00814352 4.04763e-05)
(8.02982e-05 -0.0128 -0.0154148 -0.0128 3.74858e-05 -0.00814161 -0.0154148 -0.00814161 8.09353e-05)
(6.03409e-05 -0.0127939 -0.0154201 -0.0127939 2.49953e-05 -0.00813126 -0.0154201 -0.00813126 6.86706e-05)
(-8.23179e-05 -0.0128174 -0.0154538 -0.0128174 9.73504e-05 -0.00810445 -0.0154538 -0.00810445 8.43922e-05)
(-0.000106958 -0.0128145 -0.0154587 -0.0128145 8.58977e-05 -0.00809891 -0.0154587 -0.00809891 9.05565e-05)
(7.15932e-05 -0.0127941 -0.015423 -0.0127941 3.80649e-05 -0.00814309 -0.015423 -0.00814309 7.93391e-05)
(-7.99965e-05 -0.0128182 -0.0154596 -0.0128182 6.99412e-05 -0.00810052 -0.0154596 -0.00810052 8.833e-05)
(-9.20795e-05 -0.0128435 -0.0154082 -0.0128435 0.000120545 -0.00811042 -0.0154082 -0.00811042 9.31234e-05)
(-9.68687e-05 -0.0128144 -0.0154521 -0.0128144 7.16766e-05 -0.00811209 -0.0154521 -0.00811209 7.05986e-05)
(0.000102023 -0.0128032 -0.015409 -0.0128032 4.08104e-05 -0.00814358 -0.015409 -0.00814358 8.81472e-05)
(3.68005e-06 -0.0127978 -0.0154348 -0.0127978 5.954e-05 -0.00810569 -0.0154348 -0.00810569 9.31582e-05)
(-0.000132207 -0.0128187 -0.0154578 -0.0128187 8.55597e-05 -0.00810384 -0.0154578 -0.00810384 8.10691e-05)
(-8.10223e-05 -0.0128088 -0.0154522 -0.0128088 6.06502e-05 -0.00810262 -0.0154522 -0.00810262 9.73927e-05)
(1.17007e-05 -0.0127923 -0.0154332 -0.0127923 2.71542e-05 -0.00811944 -0.0154332 -0.00811944 9.76091e-05)
(-3.77925e-05 -0.0128065 -0.0154458 -0.0128065 5.37039e-05 -0.00810499 -0.0154458 -0.00810499 9.0106e-05)
(4.42097e-05 -0.0127925 -0.0154231 -0.0127925 2.35226e-05 -0.0081218 -0.0154231 -0.0081218 7.70464e-05)
(-5.37943e-06 -0.0127975 -0.0154339 -0.0127975 3.60619e-05 -0.00811092 -0.0154339 -0.00811092 9.00112e-05)
(-5.47658e-06 -0.0128017 -0.0154379 -0.0128017 5.09501e-05 -0.00810503 -0.0154379 -0.00810503 0.00010351)
(-6.11823e-06 -0.012804 -0.0154442 -0.012804 6.23276e-05 -0.00811317 -0.0154442 -0.00811317 7.41215e-05)
(7.63713e-06 -0.0128006 -0.0154411 -0.0128006 4.99784e-05 -0.00811771 -0.0154411 -0.00811771 7.07247e-05)
(-6.45883e-05 -0.0128118 -0.0154564 -0.0128118 7.54713e-05 -0.00809883 -0.0154564 -0.00809883 9.4121e-05)
(-7.69083e-05 -0.0128069 -0.0154504 -0.0128069 6.38151e-05 -0.00810544 -0.0154504 -0.00810544 8.17361e-05)
(-6.21089e-05 -0.0128048 -0.015445 -0.0128048 6.3477e-05 -0.00810404 -0.015445 -0.00810404 9.53471e-05)
(9.69623e-05 -0.0128155 -0.0154215 -0.0128155 6.29069e-05 -0.00814697 -0.0154215 -0.00814697 5.16639e-05)
(-2.35916e-05 -0.0128036 -0.0154433 -0.0128036 5.0405e-05 -0.00811577 -0.0154433 -0.00811577 6.70784e-05)
(-7.96137e-06 -0.0127998 -0.0154457 -0.0127998 3.41538e-05 -0.00811532 -0.0154457 -0.00811532 0.000110432)
(0.000211301 -0.0128218 -0.0154063 -0.0128218 0.000123193 -0.00814357 -0.0154063 -0.00814357 6.19745e-05)
(3.67116e-06 -0.0127909 -0.0154256 -0.0127909 2.97495e-05 -0.0081175 -0.0154256 -0.0081175 7.5282e-05)
(-2.7666e-05 -0.0127973 -0.0154359 -0.0127973 5.04209e-05 -0.00810714 -0.0154359 -0.00810714 9.04118e-05)
(6.53409e-05 -0.012798 -0.0154344 -0.012798 2.65172e-05 -0.00813219 -0.0154344 -0.00813219 4.24486e-05)
(-1.34921e-05 -0.0128039 -0.0154423 -0.0128039 5.44417e-05 -0.00810776 -0.0154423 -0.00810776 8.64742e-05)
(1.43001e-05 -0.0127916 -0.0154245 -0.0127916 2.89989e-05 -0.00811702 -0.0154245 -0.00811702 0.000100791)
(1.48839e-05 -0.012798 -0.0154392 -0.012798 3.67946e-05 -0.00812007 -0.0154392 -0.00812007 6.24053e-05)
(3.77666e-05 -0.0128059 -0.0154391 -0.0128059 5.34387e-05 -0.00810623 -0.0154391 -0.00810623 0.000109045)
(-3.02422e-05 -0.0127957 -0.0154348 -0.0127957 3.47283e-05 -0.00811346 -0.0154348 -0.00811346 7.7161e-05)
(-8.11052e-06 -0.0128054 -0.0154458 -0.0128054 4.97895e-05 -0.0081149 -0.0154458 -0.0081149 6.43688e-05)
(-1.76968e-05 -0.0128018 -0.0154408 -0.0128018 5.58825e-05 -0.00810453 -0.0154408 -0.00810453 9.55873e-05)
(8.53361e-05 -0.0127966 -0.0154213 -0.0127966 4.37106e-05 -0.00814551 -0.0154213 -0.00814551 8.37977e-05)
(4.08113e-05 -0.0127898 -0.0154201 -0.0127898 2.31022e-05 -0.00812494 -0.0154201 -0.00812494 8.64711e-05)
(5.03527e-05 -0.0127899 -0.0154205 -0.0127899 2.67377e-05 -0.00813462 -0.0154205 -0.00813462 8.22121e-05)
(5.68184e-05 -0.0127938 -0.0154213 -0.0127938 2.30059e-05 -0.00812764 -0.0154213 -0.00812764 6.23286e-05)
(7.58049e-05 -0.0127967 -0.0154127 -0.0127967 3.25962e-05 -0.00813863 -0.0154127 -0.00813863 8.71078e-05)
(7.74846e-05 -0.0128013 -0.0154196 -0.0128013 3.42371e-05 -0.00813709 -0.0154196 -0.00813709 6.39063e-05)
(4.02816e-05 -0.0127972 -0.0154325 -0.0127972 5.4459e-05 -0.00810748 -0.0154325 -0.00810748 9.04261e-05)
(4.42625e-06 -0.0127994 -0.0154342 -0.0127994 3.98928e-05 -0.0081095 -0.0154342 -0.0081095 0.000101067)
(6.07386e-05 -0.0127889 -0.015426 -0.0127889 3.33855e-05 -0.00814089 -0.015426 -0.00814089 7.10103e-05)
(7.52888e-05 -0.0127976 -0.0154188 -0.0127976 3.14605e-05 -0.00813643 -0.0154188 -0.00813643 9.19879e-05)
(-0.000178021 -0.0128254 -0.0154574 -0.0128254 9.94419e-05 -0.00810328 -0.0154574 -0.00810328 8.21137e-05)
(-4.38369e-05 -0.0128047 -0.0154437 -0.0128047 4.33151e-05 -0.00811275 -0.0154437 -0.00811275 7.00087e-05)
(7.78048e-05 -0.012795 -0.0154134 -0.012795 2.60854e-05 -0.00813087 -0.0154134 -0.00813087 7.13799e-05)
(0.000109175 -0.0128174 -0.0154104 -0.0128174 6.68119e-05 -0.00815462 -0.0154104 -0.00815462 8.05718e-05)
(1.71989e-05 -0.0127924 -0.0154256 -0.0127924 2.91237e-05 -0.00811488 -0.0154256 -0.00811488 7.92197e-05)
(-0.000139059 -0.0128142 -0.015457 -0.0128142 7.4345e-05 -0.00810271 -0.015457 -0.00810271 8.95086e-05)
(-6.68001e-05 -0.0128116 -0.0154518 -0.0128116 5.47803e-05 -0.00810886 -0.0154518 -0.00810886 7.89151e-05)
(-0.000114328 -0.0128164 -0.0154553 -0.0128164 8.10759e-05 -0.00810956 -0.0154553 -0.00810956 7.47436e-05)
(1.45547e-05 -0.0127958 -0.0154311 -0.0127958 3.34055e-05 -0.00811314 -0.0154311 -0.00811314 8.51015e-05)
(3.41157e-05 -0.0127907 -0.0154228 -0.0127907 2.39955e-05 -0.00812135 -0.0154228 -0.00812135 8.12891e-05)
(2.05992e-06 -0.0127967 -0.0154305 -0.0127967 4.22198e-05 -0.00810927 -0.0154305 -0.00810927 9.92308e-05)
(-2.01563e-06 -0.0128007 -0.0154405 -0.0128007 5.09543e-05 -0.00811522 -0.0154405 -0.00811522 6.90612e-05)
(7.5411e-05 -0.0127967 -0.0154154 -0.0127967 2.97151e-05 -0.00813526 -0.0154154 -0.00813526 6.96048e-05)
(-3.22863e-05 -0.0128069 -0.0154483 -0.0128069 6.50934e-05 -0.008101 -0.0154483 -0.008101 0.000100404)
(1.26774e-05 -0.0127908 -0.0154258 -0.0127908 2.68742e-05 -0.00811686 -0.0154258 -0.00811686 8.94398e-05)
(-2.98041e-05 -0.0127988 -0.0154365 -0.0127988 4.52768e-05 -0.00810917 -0.0154365 -0.00810917 9.23041e-05)
(0.000101442 -0.0128063 -0.0154109 -0.0128063 4.68408e-05 -0.00814679 -0.0154109 -0.00814679 8.88288e-05)
(5.02885e-05 -0.0127914 -0.0154197 -0.0127914 2.32927e-05 -0.0081261 -0.0154197 -0.0081261 6.72546e-05)
(3.51748e-05 -0.0127894 -0.0154379 -0.0127894 2.69071e-05 -0.00812781 -0.0154379 -0.00812781 0.000111587)
(3.20806e-05 -0.0127886 -0.0154239 -0.0127886 2.2142e-05 -0.00812594 -0.0154239 -0.00812594 8.1935e-05)
(-0.000145716 -0.0128203 -0.0154544 -0.0128203 9.79186e-05 -0.00810751 -0.0154544 -0.00810751 8.0008e-05)
(-0.000163196 -0.0128166 -0.0154606 -0.0128166 9.56344e-05 -0.00809912 -0.0154606 -0.00809912 8.68589e-05)
(4.09406e-05 -0.0127927 -0.0154389 -0.0127927 2.556e-05 -0.00812965 -0.0154389 -0.00812965 4.93093e-05)
(2.54269e-05 -0.0127949 -0.0154308 -0.0127949 3.37255e-05 -0.00811737 -0.0154308 -0.00811737 7.42802e-05)
(-7.67581e-06 -0.0127928 -0.0154299 -0.0127928 3.19721e-05 -0.00811343 -0.0154299 -0.00811343 8.90895e-05)
(-1.41575e-05 -0.0128014 -0.0154464 -0.0128014 4.97532e-05 -0.0081225 -0.0154464 -0.0081225 6.21047e-05)
(5.04562e-05 -0.0127982 -0.0154248 -0.0127982 3.94165e-05 -0.00811274 -0.0154248 -0.00811274 0.000109158)
(-6.22729e-05 -0.0128046 -0.015444 -0.0128046 4.95125e-05 -0.00810603 -0.015444 -0.00810603 9.09397e-05)
(-5.53065e-05 -0.0128069 -0.0154487 -0.0128069 6.33202e-05 -0.00811443 -0.0154487 -0.00811443 6.63332e-05)
(-3.61149e-05 -0.0128035 -0.0154441 -0.0128035 5.52408e-05 -0.0081042 -0.0154441 -0.0081042 9.47947e-05)
(1.95929e-05 -0.0127934 -0.0154308 -0.0127934 2.62899e-05 -0.00811803 -0.0154308 -0.00811803 9.25854e-05)
(4.79302e-05 -0.0127905 -0.0154182 -0.0127905 2.3902e-05 -0.00812661 -0.0154182 -0.00812661 8.7994e-05)
(-5.0111e-06 -0.0127972 -0.0154356 -0.0127972 3.89449e-05 -0.00811293 -0.0154356 -0.00811293 8.07412e-05)
(-7.39575e-05 -0.0128127 -0.0154534 -0.0128127 7.51364e-05 -0.00810608 -0.0154534 -0.00810608 8.20605e-05)
(5.25299e-05 -0.0127898 -0.0154137 -0.0127898 2.57365e-05 -0.00812631 -0.0154137 -0.00812631 9.33869e-05)
(6.46465e-05 -0.0127936 -0.0154195 -0.0127936 2.34073e-05 -0.00812771 -0.0154195 -0.00812771 6.7674e-05)
(8.79284e-05 -0.0127944 -0.01541 -0.0127944 2.61781e-05 -0.00812421 -0.01541 -0.00812421 8.87552e-05)
(5.62725e-05 -0.0127913 -0.0154178 -0.0127913 3.01798e-05 -0.0081379 -0.0154178 -0.0081379 9.59733e-05)
