/*--------------------------------*- C++ -*----------------------------------*\
  =========                 |
  \\      /  F ield         | OpenFOAM: The Open Source CFD Toolbox
   \\    /   O peration     | Website:  https://openfoam.org
    \\  /    A nd           | Version:  10
     \\/     M anipulation  |
\*---------------------------------------------------------------------------*/
FoamFile
{
    format      ascii;
    class       volTensorField;
    location    "20";
    object      TauNN;
}
// * * * * * * * * * * * * * * * * * * * * * * * * * * * * * * * * * * * * * //

dimensions      [0 2 -2 0 0 0 0];

internalField   nonuniform List<tensor> 
25600
(
(0.000149548 4.74155e-05 -2.84491e-05 4.74155e-05 0.000545829 -0.000251532 -2.84491e-05 -0.000251532 0.000346369)
(0.000137578 2.90852e-06 3.53977e-05 2.90852e-06 0.000208965 -6.51944e-05 3.53977e-05 -6.51944e-05 0.00019394)
(0.000178702 -3.59491e-05 0.000110795 -3.59491e-05 0.000167972 9.59821e-06 0.000110795 9.59821e-06 6.96903e-05)
(0.000265015 -4.65652e-05 0.000156993 -4.65652e-05 0.000230229 -3.16529e-05 0.000156993 -3.16529e-05 5.7827e-05)
(0.000366078 -1.64434e-05 0.000190467 -1.64434e-05 0.000250653 -0.000106717 0.000190467 -0.000106717 0.000157216)
(0.000383529 3.56985e-05 0.000217566 3.56985e-05 0.00020316 -8.02893e-05 0.000217566 -8.02893e-05 0.000247409)
(0.000353394 9.55509e-05 0.000226304 9.55509e-05 0.000202712 2.08346e-05 0.000226304 2.08346e-05 0.000249738)
(0.000274243 0.000117176 0.000154749 0.000117176 0.00026856 6.00321e-05 0.000154749 6.00321e-05 0.000151405)
(0.000158649 5.08549e-05 7.52341e-05 5.08549e-05 0.000277179 7.88178e-06 7.52341e-05 7.88178e-06 4.05905e-05)
(0.000137953 3.66606e-05 6.13313e-05 3.66606e-05 0.000268929 -2.23415e-05 6.13313e-05 -2.23415e-05 3.95451e-05)
(0.0001408 4.41605e-05 6.24862e-05 4.41605e-05 0.000228439 -1.95513e-05 6.24862e-05 -1.95513e-05 5.34976e-05)
(0.000165659 6.99712e-05 5.89397e-05 6.99712e-05 0.000196339 -1.40034e-05 5.89397e-05 -1.40034e-05 0.000110208)
(0.000185864 7.47945e-05 5.79068e-05 7.47945e-05 0.000166759 6.39912e-06 5.79068e-05 6.39912e-06 0.000161076)
(0.000144264 7.84826e-06 5.13e-05 7.84826e-06 8.68706e-05 9.52836e-06 5.13e-05 9.52836e-06 0.000141099)
(0.000127741 -3.64464e-05 7.89547e-05 -3.64464e-05 5.94512e-05 2.23145e-05 7.89547e-05 2.23145e-05 0.000132723)
(0.000122374 -3.40268e-05 8.82186e-05 -3.40268e-05 6.68267e-05 1.03554e-05 8.82186e-05 1.03554e-05 0.000170929)
(0.000129535 8.3819e-07 4.92008e-05 8.3819e-07 0.000107069 -2.07033e-05 4.92008e-05 -2.07033e-05 0.0002869)
(0.000103766 4.73345e-05 -3.6343e-05 4.73345e-05 0.000146454 -0.000112914 -3.6343e-05 -0.000112914 0.000271122)
(0.000105764 8.93557e-05 -2.55369e-05 8.93557e-05 0.000212282 -0.000116437 -2.55369e-05 -0.000116437 0.000118304)
(0.000136254 6.77556e-05 7.21281e-05 6.77556e-05 0.000177329 -2.28258e-05 7.21281e-05 -2.28258e-05 -1.80413e-05)
(0.000183593 4.88227e-05 0.000124988 4.88227e-05 0.000125882 -2.89269e-06 0.000124988 -2.89269e-06 -4.26031e-06)
(0.00019194 2.44351e-05 0.000110238 2.44351e-05 0.000154631 -2.11624e-05 0.000110238 -2.11624e-05 -2.9135e-05)
(0.000153142 -9.76026e-06 0.000118525 -9.76026e-06 0.00016629 2.58312e-05 0.000118525 2.58312e-05 -2.6416e-06)
(0.000147849 -3.54927e-05 3.30368e-05 -3.54927e-05 0.000106108 9.96981e-05 3.30368e-05 9.96981e-05 0.000278136)
(0.00016946 -4.03291e-05 -3.48613e-05 -4.03291e-05 6.8877e-05 2.97343e-05 -3.48613e-05 2.97343e-05 0.000635124)
(0.000129896 -3.96334e-05 2.01631e-05 -3.96334e-05 7.21354e-05 -6.77593e-05 2.01631e-05 -6.77593e-05 0.000511772)
(9.97651e-05 -4.97038e-05 0.000102225 -4.97038e-05 9.91025e-05 -4.92381e-05 0.000102225 -4.92381e-05 0.0002151)
(0.000132745 -3.60366e-05 0.000126685 -3.60366e-05 0.000134336 -7.72439e-06 0.000126685 -7.72439e-06 6.47587e-05)
(0.000166808 -3.34224e-05 0.000120504 -3.34224e-05 0.000172023 1.57021e-06 0.000120504 1.57021e-06 2.50906e-05)
(0.000175388 -6.2732e-05 0.000108181 -6.2732e-05 0.000191948 2.64924e-05 0.000108181 2.64924e-05 3.6652e-05)
(0.000177651 -5.94445e-05 0.000102744 -5.94445e-05 0.000166163 2.20537e-05 0.000102744 2.20537e-05 2.99467e-05)
(0.000180222 -8.6613e-06 0.000130876 -8.6613e-06 0.000115837 -1.30385e-05 0.000130876 -1.30385e-05 1.48501e-05)
(0.000218012 3.75398e-05 0.000138197 3.75398e-05 0.000127068 -1.57468e-05 0.000138197 -1.57468e-05 7.63545e-05)
(0.000294971 6.76634e-05 0.000133152 6.76634e-05 0.000173537 4.17139e-06 0.000133152 4.17139e-06 0.000213907)
(0.000265231 5.03222e-05 0.000132749 5.03222e-05 0.000200987 3.73032e-05 0.000132749 3.73032e-05 0.00014964)
(0.000192152 4.0913e-05 0.000101225 4.0913e-05 0.000237091 1.79084e-05 0.000101225 1.79084e-05 4.92478e-05)
(0.000149021 5.61411e-05 2.34898e-05 5.61411e-05 0.000330506 -7.99894e-05 2.34898e-05 -7.99894e-05 0.000115533)
(0.000159709 8.28151e-05 -6.36624e-05 8.28151e-05 0.000668097 -0.000295396 -6.36624e-05 -0.000295396 0.000333681)
(0.000162391 4.60651e-05 -4.96814e-05 4.60651e-05 0.00102759 -0.000425441 -4.96814e-05 -0.000425441 0.0005011)
(0.000143771 3.26224e-05 -2.99662e-05 3.26224e-05 0.000964032 -0.000358292 -2.99662e-05 -0.000358292 0.000443807)
(0.000268165 6.64126e-06 0.000258774 6.64126e-06 0.000129593 2.79471e-05 0.000258774 2.79471e-05 9.05402e-05)
(0.000436819 4.78979e-06 0.000379963 4.78979e-06 0.000245047 7.10143e-05 0.000379963 7.10143e-05 0.000308417)
(0.000388646 -1.01747e-05 0.000348058 -1.01747e-05 0.000329781 0.000119353 0.000348058 0.000119353 0.000406703)
(0.000186701 -4.58071e-05 0.000164768 -4.58071e-05 0.000206194 1.80472e-05 0.000164768 1.80472e-05 0.000254729)
(0.000218339 5.03976e-05 5.08139e-05 5.03976e-05 0.000281268 -4.72832e-05 5.08139e-05 -4.72832e-05 0.000149987)
(0.000516254 0.000192004 0.00036977 0.000192004 0.000454789 0.000131747 0.00036977 0.000131747 0.000465712)
(0.00103231 0.00038342 0.000851763 0.00038342 0.000557791 0.000355394 0.000851763 0.000355394 0.00131149)
(0.00106019 0.000340794 0.000738442 0.000340794 0.000341207 0.000257172 0.000738442 0.000257172 0.00163165)
(0.000571478 0.000195221 0.000312638 0.000195221 0.000161418 2.8559e-05 0.000312638 2.8559e-05 0.000688447)
(0.000155301 5.06639e-05 0.000119879 5.06639e-05 7.08027e-05 -1.23521e-05 0.000119879 -1.23521e-05 -3.58554e-05)
(0.000105222 1.36532e-06 9.13702e-05 1.36532e-06 6.73161e-05 7.05151e-05 9.13702e-05 7.05151e-05 0.000236819)
(0.000140455 -1.35433e-05 9.68762e-06 -1.35433e-05 5.45028e-05 1.21016e-05 9.68762e-06 1.21016e-05 0.000477812)
(0.00014121 -2.04863e-05 3.43788e-05 -2.04863e-05 4.7386e-05 -3.39001e-07 3.43788e-05 -3.39001e-07 0.000346803)
(0.000164249 -1.9148e-05 0.000102749 -1.9148e-05 6.78739e-05 3.40128e-05 0.000102749 3.40128e-05 0.000328863)
(0.000188835 -1.30143e-05 5.64381e-05 -1.30143e-05 8.42785e-05 5.76889e-05 5.64381e-05 5.76889e-05 0.000564869)
(0.000245039 -7.15535e-06 -4.53787e-05 -7.15535e-06 0.00014595 0.000135122 -4.53787e-05 0.000135122 0.000829235)
(0.00021371 -5.6671e-06 -7.91093e-05 -5.6671e-06 0.000162377 0.000140129 -7.91093e-05 0.000140129 0.000572345)
(0.000135281 -9.68203e-06 7.91326e-05 -9.68203e-06 0.000130076 4.54113e-05 7.91326e-05 4.54113e-05 2.63416e-05)
(0.000345876 8.19974e-05 0.000114867 8.19974e-05 0.000360716 -0.000137717 0.000114867 -0.000137717 4.50666e-05)
(0.00064815 0.000261444 -6.2949e-05 0.000261444 0.000625936 -0.000323161 -6.2949e-05 -0.000323161 0.000353377)
(0.000668928 0.000305309 3.88697e-05 0.000305309 0.000934111 -0.000218445 3.88697e-05 -0.000218445 0.000248321)
(0.000525145 0.000160005 0.000252355 0.000160005 0.00122297 0.000215967 0.000252355 0.000215967 0.000347882)
(0.000502602 -0.000194195 2.82153e-05 -0.000194195 0.0011349 0.000689751 2.82153e-05 0.000689751 0.00104464)
(0.000577264 -0.000464456 -0.000307777 -0.000464456 0.000994854 0.000832122 -0.000307777 0.000832122 0.00129779)
(0.000377173 -0.000319706 -9.35514e-05 -0.000319706 0.00053337 0.000367512 -9.35514e-05 0.000367512 0.000504326)
(0.000289827 -0.00013232 8.92133e-05 -0.00013232 0.000321499 0.000134276 8.92133e-05 0.000134276 0.000210112)
(0.00029003 -4.00003e-06 0.000143292 -4.00003e-06 0.00036509 0.000218368 0.000143292 0.000218368 0.000335847)
(0.000463319 -4.32003e-05 0.0001821 -4.32003e-05 0.000379686 0.000373586 0.0001821 0.000373586 0.00116373)
(0.000629903 -0.000215306 8.25189e-05 -0.000215306 0.000403346 0.00034613 8.25189e-05 0.00034613 0.00216654)
(0.000465956 -0.000177996 -5.35659e-05 -0.000177996 0.000278081 0.000272213 -5.35659e-05 0.000272213 0.00156821)
(0.000233417 -9.48384e-05 2.77385e-05 -9.48384e-05 0.000185133 0.00011988 2.77385e-05 0.00011988 0.000328608)
(0.00039038 -2.38298e-05 0.000163415 -2.38298e-05 0.000323508 -0.00011413 0.000163415 -0.00011413 0.000106622)
(0.000749344 0.000204929 2.52174e-05 0.000204929 0.000424819 -0.00026466 2.52174e-05 -0.00026466 0.000823482)
(0.000709324 0.000270872 0.000139579 0.000270872 0.000344833 1.34856e-06 0.000139579 1.34856e-06 0.00103994)
(0.000549333 0.000222671 0.00027572 0.000222671 0.000373284 0.000155445 0.00027572 0.000155445 0.000634393)
(0.000393512 0.000233104 0.000196351 0.000233104 0.000448386 8.64388e-05 0.000196351 8.64388e-05 0.000246454)
(0.000349477 0.000210865 9.26293e-05 0.000210865 0.00027707 -3.43537e-05 9.26293e-05 -3.43537e-05 0.000107261)
(0.000298712 7.79787e-05 8.02074e-05 7.79787e-05 0.000123743 -5.08381e-05 8.02074e-05 -5.08381e-05 -2.2486e-05)
(0.000132681 8.90475e-05 5.04525e-05 8.90475e-05 7.32804e-05 -4.37256e-05 5.04525e-05 -4.37256e-05 -7.56841e-05)
(6.65782e-05 4.19384e-05 0.000105269 4.19384e-05 4.79521e-05 -1.30665e-05 0.000105269 -1.30665e-05 -7.60599e-05)
(0.000496264 0.00014255 8.1772e-05 0.00014255 0.00055604 -0.000198663 8.1772e-05 -0.000198663 0.00017942)
(0.0002766 2.83327e-05 0.000125596 2.83327e-05 0.000285159 -1.64751e-05 0.000125596 -1.64751e-05 7.88209e-05)
(0.000157617 -3.1244e-05 7.99112e-05 -3.1244e-05 0.00023114 -1.04345e-05 7.99112e-05 -1.04345e-05 0.000108463)
(0.000282386 5.95227e-05 -0.000110287 5.95227e-05 0.000184877 -4.43067e-05 -0.000110287 -4.43067e-05 0.000242142)
(0.000415705 0.000249585 -6.15753e-05 0.000249585 0.000367491 -4.98537e-05 -6.15753e-05 -4.98537e-05 0.000257412)
(0.000424602 0.000350407 0.000269108 0.000350407 0.000813415 0.000266576 0.000269108 0.000266576 0.000348308)
(0.000348192 0.000163415 0.000215815 0.000163415 0.000539701 0.000279717 0.000215815 0.000279717 0.000358309)
(0.000342878 0.000101767 4.76018e-05 0.000101767 0.000197657 -1.56648e-06 4.76018e-05 -1.56648e-06 0.000210395)
(0.000405379 0.000139612 0.000101287 0.000139612 0.000494669 -0.000160482 0.000101287 -0.000160482 0.000114595)
(0.000382842 4.74537e-05 0.000172575 4.74537e-05 0.000664472 -0.0002253 0.000172575 -0.0002253 0.000115968)
(0.000543384 -5.02272e-05 0.000207832 -5.02272e-05 0.000458281 -0.000353367 0.000207832 -0.000353367 0.000355192)
(0.000821384 1.75992e-05 0.000261024 1.75992e-05 0.000423233 -0.000369418 0.000261024 -0.000369418 0.000785895)
(0.000718976 4.31621e-05 9.56012e-05 4.31621e-05 0.000566457 -0.000399432 9.56012e-05 -0.000399432 0.000461695)
(0.000444669 8.22311e-05 0.000131476 8.22311e-05 0.00078399 -0.000129527 0.000131476 -0.000129527 4.64329e-05)
(0.000359671 0.000212797 0.000185224 0.000212797 0.00101981 0.000238366 0.000185224 0.000238366 0.000226098)
(0.000433292 0.000164912 0.000193749 0.000164912 0.00104006 0.000387089 0.000193749 0.000387089 0.000403356)
(0.000352894 2.95574e-05 0.000221044 2.95574e-05 0.000496182 1.805e-05 0.000221044 1.805e-05 0.000129007)
(0.000458527 8.77138e-05 0.000134866 8.77138e-05 0.000409852 -9.85032e-05 0.000134866 -9.85032e-05 0.000273113)
(0.000498231 9.89363e-05 6.12317e-05 9.89363e-05 0.000535179 -5.69746e-05 6.12317e-05 -5.69746e-05 0.000450109)
(0.000452826 5.56055e-05 0.000122103 5.56055e-05 0.000493399 8.18819e-06 0.000122103 8.18819e-06 0.000381742)
(0.000422723 3.41376e-05 0.000167952 3.41376e-05 0.000407796 2.77534e-07 0.000167952 2.77534e-07 0.000317977)
(0.000525839 0.000120544 0.000215678 0.000120544 0.000412856 3.28477e-06 0.000215678 3.28477e-06 0.000541724)
(0.000561788 0.000175077 0.000275766 0.000175077 0.000405209 7.38539e-07 0.000275766 7.38539e-07 0.000643023)
(0.000605604 0.00018223 0.00033389 0.00018223 0.000397159 -5.36144e-05 0.00033389 -5.36144e-05 0.000681079)
(0.000664423 0.000106192 0.000378462 0.000106192 0.000381185 -0.000180948 0.000378462 -0.000180948 0.000832053)
(0.000531011 4.46765e-05 0.00026946 4.46765e-05 0.0003764 -0.000272863 0.00026946 -0.000272863 0.000702656)
(0.000489547 6.34063e-05 0.000228576 6.34063e-05 0.000343844 -0.000232914 0.000228576 -0.000232914 0.000595745)
(0.000320565 1.27358e-05 0.000199074 1.27358e-05 0.000232277 -9.59104e-05 0.000199074 -9.59104e-05 0.000226453)
(0.000235018 -1.31121e-05 0.000157678 -1.31121e-05 0.000179502 -1.79736e-05 0.000157678 -1.79736e-05 0.000104797)
(0.000273261 1.00378e-05 0.000168124 1.00378e-05 0.000194619 -2.15136e-07 0.000168124 -2.15136e-07 0.000143192)
(0.000363208 5.89872e-05 0.000129183 5.89872e-05 0.000249329 -4.61228e-05 0.000129183 -4.61228e-05 0.000244815)
(0.00059297 0.000149443 8.43806e-05 0.000149443 0.000386037 -0.000177397 8.43806e-05 -0.000177397 0.000549277)
(0.000841218 5.98868e-05 0.00030263 5.98868e-05 0.000450145 -0.000264658 0.00030263 -0.000264658 0.0008158)
(0.000972425 -2.74489e-05 0.000508692 -2.74489e-05 0.00036973 -0.000280945 0.000508692 -0.000280945 0.000899419)
(0.00075208 0.000121402 0.000447033 0.000121402 0.000196584 -0.000126953 0.000447033 -0.000126953 0.000733879)
(0.000269331 0.000132566 0.000140913 0.000132566 0.000202373 1.70842e-05 0.000140913 1.70842e-05 9.3661e-05)
(0.000142072 -5.48083e-06 0.000106682 -5.48083e-06 0.000241757 -7.93133e-05 0.000106682 -7.93133e-05 4.8765e-05)
(0.000153887 -3.03546e-05 0.000147455 -3.03546e-05 0.000141628 1.58399e-05 0.000147455 1.58399e-05 9.81468e-05)
(0.000341371 -5.1436e-05 0.000202244 -5.1436e-05 0.000572035 -3.10233e-05 0.000202244 -3.10233e-05 6.68219e-05)
(0.000572026 6.00386e-05 0.000160336 6.00386e-05 0.000907898 -0.000288326 0.000160336 -0.000288326 0.000207693)
(0.00132673 0.000508669 0.000328572 0.000508669 0.000589927 0.000364915 0.000328572 0.000364915 0.00259716)
(0.00100895 0.000389786 6.01634e-05 0.000389786 0.000424777 3.09348e-05 6.01634e-05 3.09348e-05 0.0016826)
(0.000496651 0.000159335 7.74357e-05 0.000159335 0.000321878 -5.44926e-05 7.74357e-05 -5.44926e-05 0.000476054)
(0.000290248 -4.00906e-05 0.000173078 -4.00906e-05 0.000239705 -5.48223e-05 0.000173078 -5.48223e-05 0.000115431)
(0.000625842 -0.000274302 0.000314401 -0.000274302 0.00039764 -0.000113204 0.000314401 -0.000113204 0.000150419)
(0.000611145 -0.000158439 0.000310108 -0.000158439 0.00034643 -0.00015872 0.000310108 -0.00015872 0.00016058)
(0.000380346 7.39656e-05 0.000130855 7.39656e-05 0.000408441 -0.000141939 0.000130855 -0.000141939 4.22558e-05)
(0.000438474 0.000240002 0.000140483 0.000240002 0.000486789 -9.6662e-06 0.000140483 -9.6662e-06 8.82534e-05)
(0.000390892 0.000165367 0.000162722 0.000165367 0.000386509 -1.22273e-05 0.000162722 -1.22273e-05 9.86077e-05)
(0.000302081 3.5625e-05 0.000140419 3.5625e-05 0.000220616 -3.14293e-05 0.000140419 -3.14293e-05 0.000203948)
(0.000502565 0.000155378 0.000314545 0.000155378 0.000566166 0.00024569 0.000314545 0.00024569 0.000616086)
(0.000290754 3.0553e-05 0.000167986 3.0553e-05 0.000361483 0.000103016 0.000167986 0.000103016 0.000280683)
(0.000274652 -4.349e-05 0.000144434 -4.349e-05 0.000209913 0.000170133 0.000144434 0.000170133 0.000520909)
(0.000831613 -6.51274e-06 2.37403e-05 -6.51274e-06 0.000854197 0.000736797 2.37403e-05 0.000736797 0.00185194)
(0.000698231 6.0482e-05 6.98892e-05 6.0482e-05 0.000857764 0.000544772 6.98892e-05 0.000544772 0.001257)
(0.000437982 -0.000194007 0.000173212 -0.000194007 0.000623915 -4.34583e-05 0.000173212 -4.34583e-05 0.000107434)
(0.000935345 -0.00015856 0.000361439 -0.00015856 0.000477436 -0.000258939 0.000361439 -0.000258939 0.000778652)
(0.00121624 -1.20727e-05 0.000407906 -1.20727e-05 0.000458613 -0.000197656 0.000407906 -0.000197656 0.00105942)
(0.000553797 0.000115815 0.000116972 0.000115815 0.000256965 -7.92425e-05 0.000116972 -7.92425e-05 0.000322687)
(0.000324918 1.77454e-05 6.417e-05 1.77454e-05 0.000219931 4.58146e-05 6.417e-05 4.58146e-05 9.88011e-05)
(0.000415613 -0.000108478 9.67206e-05 -0.000108478 0.00051378 0.000110246 9.67206e-05 0.000110246 0.000236219)
(0.000550348 -1.7982e-05 0.000195628 -1.7982e-05 0.00179218 0.000168734 0.000195628 0.000168734 0.000603263)
(0.000508657 0.000443128 0.000233291 0.000443128 0.00343893 -3.65172e-05 0.000233291 -3.65172e-05 0.00104156)
(0.000336743 0.000627063 0.000181845 0.000627063 0.00367743 -0.000297397 0.000181845 -0.000297397 0.00127319)
(0.000285856 0.000520739 -5.9586e-05 0.000520739 0.0022694 -0.000332387 -5.9586e-05 -0.000332387 0.000938892)
(0.000345568 0.00029257 -2.13403e-05 0.00029257 0.000904797 -5.61122e-05 -2.13403e-05 -5.61122e-05 0.000404993)
(0.000326298 0.000126363 0.000125387 0.000126363 0.000524915 7.0666e-05 0.000125387 7.0666e-05 0.000248693)
(0.000342885 5.53122e-05 0.000104213 5.53122e-05 0.000374995 1.65515e-05 0.000104213 1.65515e-05 0.000252948)
(0.000365338 3.10605e-05 0.000125083 3.10605e-05 0.000290351 -4.8331e-05 0.000125083 -4.8331e-05 0.000216041)
(0.000373174 3.24287e-06 0.000154351 3.24287e-06 0.000271807 -0.000101206 0.000154351 -0.000101206 0.000195152)
(0.00037908 5.92964e-05 0.000148254 5.92964e-05 0.000242746 -9.95556e-05 0.000148254 -9.95556e-05 0.000307082)
(0.000489509 9.25306e-05 0.000171461 9.25306e-05 0.000329996 3.03313e-05 0.000171461 3.03313e-05 0.000561125)
(0.000529707 8.84961e-05 0.000160936 8.84961e-05 0.000510209 6.98632e-05 0.000160936 6.98632e-05 0.000472416)
(0.000508827 7.29505e-06 0.000218596 7.29505e-06 0.000403755 -0.000145092 0.000218596 -0.000145092 0.000298878)
(0.000695375 -0.000281563 0.000367824 -0.000281563 0.000464997 -0.000289909 0.000367824 -0.000289909 0.000254937)
(0.00060472 -0.000294197 0.000361295 -0.000294197 0.000316477 -0.000239662 0.000361295 -0.000239662 0.000192917)
(0.000298577 2.79825e-05 0.000264453 2.79825e-05 5.33522e-05 -4.99459e-05 0.000264453 -4.99459e-05 0.00019153)
(0.000349558 -5.60395e-05 0.000158874 -5.60395e-05 0.000261788 0.000180937 0.000158874 0.000180937 0.000328674)
(0.000491771 3.62322e-05 0.000101644 3.62322e-05 0.000676915 0.000392728 0.000101644 0.000392728 0.000709335)
(0.000955726 0.000443718 0.000300404 0.000443718 0.000798789 0.000539631 0.000300404 0.000539631 0.00202116)
(0.000352368 -0.000158558 0.000397114 -0.000158558 0.000200018 -0.000114162 0.000397114 -0.000114162 0.000527621)
(0.000255461 -2.84677e-05 0.000179688 -2.84677e-05 0.000184872 -1.21286e-05 0.000179688 -1.21286e-05 0.000206159)
(0.000248274 1.09337e-06 0.000102049 1.09337e-06 0.000311237 -4.08944e-05 0.000102049 -4.08944e-05 0.00021963)
(0.000296717 9.80031e-06 0.000165771 9.80031e-06 0.000334376 3.01804e-05 0.000165771 3.01804e-05 0.000224031)
(0.000338838 -0.00015809 0.000145653 -0.00015809 0.000355868 -5.58281e-05 0.000145653 -5.58281e-05 4.49486e-05)
(0.000504929 -0.00025682 6.33113e-06 -0.00025682 0.00146247 0.000455369 6.33113e-06 0.000455369 0.000446785)
(0.000906331 1.1933e-05 -0.000316196 1.1933e-05 0.00273834 0.0014177 -0.000316196 0.0014177 0.00166261)
(0.000983884 -1.84197e-05 -0.000302318 -1.84197e-05 0.00214568 0.00147575 -0.000302318 0.00147575 0.0022391)
(0.000299488 -0.000130973 5.0989e-05 -0.000130973 0.000381752 0.000269237 5.0989e-05 0.000269237 0.00061924)
(0.000475773 0.000179256 0.000223624 0.000179256 0.000366172 4.21954e-05 0.000223624 4.21954e-05 0.000269829)
(0.000898888 0.000520975 0.00068661 0.000520975 0.00104543 0.000573754 0.00068661 0.000573754 0.00114384)
(0.000401403 -4.78169e-05 0.000152725 -4.78169e-05 0.000661708 0.000368407 0.000152725 0.000368407 0.000459241)
(0.000305066 -0.00019508 0.000405338 -0.00019508 0.000227765 -0.000135458 0.000405338 -0.000135458 0.000665482)
(0.000817072 -0.000375533 0.000621596 -0.000375533 0.000430619 -0.000414178 0.000621596 -0.000414178 0.00299036)
(0.00068583 -0.000233384 0.000520382 -0.000233384 0.000796328 -0.000990869 0.000520382 -0.000990869 0.00290653)
(0.000355192 8.12355e-05 0.000196295 8.12355e-05 0.00121215 -0.000828007 0.000196295 -0.000828007 0.00125189)
(0.000239249 0.000100896 1.54926e-05 0.000100896 0.00078651 -0.000110502 1.54926e-05 -0.000110502 0.000220493)
(0.000301155 -0.000118764 6.19302e-05 -0.000118764 0.000648901 5.18272e-05 6.19302e-05 5.18272e-05 8.3625e-05)
(0.000740015 -0.000278506 0.000145126 -0.000278506 0.00192522 -0.000346182 0.000145126 -0.000346182 0.000307552)
(0.000894914 -0.000405477 0.000208441 -0.000405477 0.00187642 -0.000768695 0.000208441 -0.000768695 0.000597504)
(0.000887252 -0.00021231 0.000396293 -0.00021231 0.000621866 -0.000525501 0.000396293 -0.000525501 0.000906185)
(0.000946824 0.000160499 0.000718094 0.000160499 0.000363342 7.17919e-05 0.000718094 7.17919e-05 0.000960406)
(0.000715805 0.000507116 0.00043094 0.000507116 0.00113803 0.000420324 0.00043094 0.000420324 0.000460182)
(0.000311266 0.000249141 5.90766e-05 0.000249141 0.00151129 0.000235414 5.90766e-05 0.000235414 1.6355e-05)
(0.000186637 -0.000194331 5.61643e-05 -0.000194331 0.0012405 -1.21268e-05 5.61643e-05 -1.21268e-05 3.67974e-05)
(0.000264005 -0.000169759 -1.1499e-05 -0.000169759 0.000910501 5.32083e-05 -1.1499e-05 5.32083e-05 0.000110512)
(0.000381437 4.70588e-05 -4.03328e-05 4.70588e-05 0.00077199 4.89326e-05 -4.03328e-05 4.89326e-05 0.000294655)
(0.000508832 9.56487e-05 2.94112e-06 9.56487e-05 0.000805969 0.00016986 2.94112e-06 0.00016986 0.000415602)
(0.000462792 3.46145e-05 8.03499e-05 3.46145e-05 0.000918796 0.000234641 8.03499e-05 0.000234641 0.000331365)
(0.000346792 0.000156021 7.51242e-05 0.000156021 0.000906884 8.33534e-05 7.51242e-05 8.33534e-05 0.00022326)
(0.000257387 0.000250196 -1.18595e-05 0.000250196 0.000916357 -0.000107558 -1.18595e-05 -0.000107558 0.000200013)
(0.000228162 0.000280052 -0.00010432 0.000280052 0.000689009 -0.000246316 -0.00010432 -0.000246316 0.000282373)
(0.000266625 0.000205394 -2.34963e-05 0.000205394 0.000638157 -0.000194074 -2.34963e-05 -0.000194074 0.000228783)
(0.00036373 8.2585e-05 0.000150727 8.2585e-05 0.000410618 5.27231e-05 0.000150727 5.27231e-05 0.000277933)
(0.000669398 0.000116195 0.000350587 0.000116195 0.000299308 -0.000230783 0.000350587 -0.000230783 0.000987158)
(0.00118797 -0.000143623 0.000390874 -0.000143623 0.00091764 -0.000750775 0.000390874 -0.000750775 0.0013012)
(0.000825461 -0.000389254 0.000354076 -0.000389254 0.00114692 -0.000412454 0.000354076 -0.000412454 0.000287295)
(0.000299026 -0.000137879 -4.56478e-05 -0.000137879 0.000216252 0.000161557 -4.56478e-05 0.000161557 0.000206192)
(4.47054e-05 5.08456e-05 -2.02656e-06 5.08456e-05 0.00033878 -0.00038897 -2.02656e-06 -0.00038897 0.000819749)
(0.000133465 -0.000184736 0.00038703 -0.000184736 0.000506035 -0.000579624 0.00038703 -0.000579624 0.00108034)
(0.000312818 -3.83491e-05 0.000292232 -3.83491e-05 0.000369608 -0.000242298 0.000292232 -0.000242298 0.000690926)
(0.000277301 4.31957e-05 1.67796e-05 4.31957e-05 0.0010081 -0.000176516 1.67796e-05 -0.000176516 0.000226346)
(0.000890798 0.000474666 0.000487128 0.000474666 0.00178519 0.00065275 0.000487128 0.00065275 0.00109459)
(0.001127 0.000343091 0.000461843 0.000343091 0.00230835 0.00100059 0.000461843 0.00100059 0.00173389)
(0.000486507 -7.62008e-06 0.000160299 -7.62008e-06 0.00118358 0.000229509 0.000160299 0.000229509 0.00043116)
(0.000191085 -4.19291e-05 0.000126365 -4.19291e-05 0.000231362 5.49285e-05 0.000126365 5.49285e-05 0.000441036)
(0.000457243 -0.000111068 7.30371e-05 -0.000111068 0.000616415 0.000482678 7.30371e-05 0.000482678 0.00107154)
(0.000419423 -0.000226364 5.44284e-05 -0.000226364 0.000714196 0.000405747 5.44284e-05 0.000405747 0.000611683)
(0.000573134 -0.000127215 0.00036907 -0.000127215 0.000306908 -0.000144695 0.00036907 -0.000144695 0.000331068)
(0.00147332 0.000293829 0.00110122 0.000293829 0.000351956 0.00013047 0.00110122 0.00013047 0.00208556)
(0.000831721 -1.64509e-05 0.000352677 -1.64509e-05 0.000363743 -0.000394861 0.000352677 -0.000394861 0.000790072)
(0.000573171 0.00035435 0.000260957 0.00035435 0.000998664 0.000134779 0.000260957 0.000134779 0.000202824)
(0.000982969 9.73027e-05 0.000290226 9.73027e-05 0.00130671 0.000993562 0.000290226 0.000993562 0.00231445)
(0.00110408 -0.000566637 -6.71223e-05 -0.000566637 0.00111612 0.000999532 -6.71223e-05 0.000999532 0.00392529)
(0.000590886 -0.000346599 -0.000236236 -0.000346599 0.000443777 0.000495908 -0.000236236 0.000495908 0.00194838)
(0.000147312 1.61817e-05 -5.73415e-06 1.61817e-05 0.000141431 -8.97823e-05 -5.73415e-06 -8.97823e-05 0.000338364)
(0.000223035 -7.40262e-05 0.000177311 -7.40262e-05 0.00016495 2.58163e-06 0.000177311 2.58163e-06 0.000113892)
(0.000391874 -2.28863e-05 0.000106362 -2.28863e-05 0.000268588 6.95698e-06 0.000106362 6.95698e-06 0.000131671)
(0.000634606 0.000175571 -6.71931e-05 0.000175571 0.000442093 -3.81609e-05 -6.71931e-05 -3.81609e-05 0.000549645)
(0.000710065 0.000185674 8.62461e-05 0.000185674 0.000530071 -0.000205197 8.62461e-05 -0.000205197 0.000757019)
(0.000556342 6.68839e-05 0.000276202 6.68839e-05 0.000373166 -4.09391e-05 0.000276202 -4.09391e-05 0.00035637)
(0.000384208 -0.000230285 3.76813e-06 -0.000230285 0.00033342 -1.68392e-05 3.76813e-06 -1.68392e-05 0.000143129)
(0.000500369 -0.000460821 0.000199363 -0.000460821 0.00065657 -0.000206062 0.000199363 -0.000206062 6.93158e-05)
(0.000518404 -0.000133539 0.000321351 -0.000133539 0.000314281 -0.000288692 0.000321351 -0.000288692 0.00038371)
(0.000232251 7.40774e-06 0.000195932 7.40774e-06 0.000113359 2.44239e-05 0.000195932 2.44239e-05 0.000155625)
(0.000127355 -8.1311e-05 4.52558e-05 -8.1311e-05 0.000269624 -0.00010414 4.52558e-05 -0.00010414 0.000303198)
(0.000136695 -4.66257e-05 -2.86466e-05 -4.66257e-05 0.000100242 -0.000135865 -2.86466e-05 -0.000135865 0.000766759)
(8.89729e-05 4.49531e-05 -4.2473e-05 4.49531e-05 0.00024408 -0.000129452 -4.2473e-05 -0.000129452 0.000237517)
(0.000269336 0.000378716 7.70837e-05 0.000378716 0.00161996 0.000184703 7.70837e-05 0.000184703 0.000326427)
(0.000233474 0.000583867 0.00018836 0.000583867 0.00366381 8.25152e-05 0.00018836 8.25152e-05 0.000695527)
(6.27419e-05 0.000263274 0.000132731 0.000263274 0.00315135 -0.000232156 0.000132731 -0.000232156 0.000631718)
(0.000144763 5.25452e-06 4.90872e-05 5.25452e-06 0.000390865 -8.5176e-05 4.90872e-05 -8.5176e-05 8.21736e-05)
(0.000399419 0.00011637 3.63449e-05 0.00011637 0.000351696 -0.000133071 3.63449e-05 -0.000133071 0.00017362)
(0.000926494 0.000405572 -0.000251723 0.000405572 0.000447223 -0.00027009 -0.000251723 -0.00027009 0.00140561)
(0.00122739 0.000448379 -7.78651e-05 0.000448379 0.000573476 -0.000271705 -7.78651e-05 -0.000271705 0.00229206)
(0.00119124 0.000377838 0.000339899 0.000377838 0.000613808 -6.80713e-05 0.000339899 -6.80713e-05 0.00195743)
(0.000715657 9.09492e-05 0.000320353 9.09492e-05 0.000400442 -7.52071e-05 0.000320353 -7.52071e-05 0.000415448)
(0.00055175 -0.000439458 0.000183096 -0.000439458 0.00051314 -0.000124135 0.000183096 -0.000124135 -2.70156e-05)
(0.000457333 -0.000213218 0.000142435 -0.000213218 0.00108727 3.68701e-05 0.000142435 3.68701e-05 0.000121766)
(0.00044857 0.000255207 0.000179261 0.000255207 0.000561115 0.000279829 0.000179261 0.000279829 0.000620765)
(0.000138062 -1.85976e-05 9.42163e-05 -1.85976e-05 0.000189311 3.78424e-05 9.42163e-05 3.78424e-05 -6.41677e-06)
(0.000674165 0.000234681 0.000254113 0.000234681 0.000238379 1.86572e-05 0.000254113 1.86572e-05 0.001132)
(0.00134094 0.000386511 0.000637474 0.000386511 0.000428296 0.000224375 0.000637474 0.000224375 0.00319343)
(0.00098147 0.000479671 0.000230616 0.000479671 0.00197008 0.00127486 0.000230616 0.00127486 0.00295746)
(0.0012303 0.000100628 -0.000520463 0.000100628 0.00282991 0.00140906 -0.000520463 0.00140906 0.00209197)
(0.000846153 0.000175651 -0.000347463 0.000175651 0.000734896 0.000188943 -0.000347463 0.000188943 0.00115095)
(0.000618801 0.000185653 -8.45985e-05 0.000185653 0.000752748 0.000102209 -8.45985e-05 0.000102209 0.000825548)
(0.000491123 0.000112158 0.000160977 0.000112158 0.000547439 -6.31716e-06 0.000160977 -6.31716e-06 0.000447974)
(0.000815042 0.000106787 0.000445526 0.000106787 0.000378835 6.86385e-06 0.000445526 6.86385e-06 0.000544401)
(0.000572908 0.000156526 0.000345115 0.000156526 0.000280464 2.61944e-05 0.000345115 2.61944e-05 0.000386568)
(0.000628139 5.1423e-05 5.22481e-05 5.1423e-05 0.000700921 -0.000244823 5.22481e-05 -0.000244823 0.000246748)
(0.000815171 0.000123009 0.000165793 0.000123009 0.00110054 -0.00010533 0.000165793 -0.00010533 0.000601038)
(0.000660061 -4.00674e-05 0.000489602 -4.00674e-05 0.00104955 0.00038415 0.000489602 0.00038415 0.00134999)
(0.00116412 -8.13603e-06 -0.00060389 -8.13603e-06 0.00267285 0.00182672 -0.00060389 0.00182672 0.00364202)
(0.00121434 -0.00046056 -0.00128276 -0.00046056 0.00287435 0.00187668 -0.00128276 0.00187668 0.00338546)
(0.000649929 -0.000179476 -0.000186972 -0.000179476 0.000287823 0.000379454 -0.000186972 0.000379454 0.00110595)
(0.000710681 -0.000191881 0.000119421 -0.000191881 0.000469795 0.000341134 0.000119421 0.000341134 0.00122776)
(0.000566318 -0.000135721 1.55224e-05 -0.000135721 0.000249462 0.000120108 1.55224e-05 0.000120108 0.00132735)
(0.000238297 6.33858e-06 -3.46126e-05 6.33858e-06 0.000252282 -7.92816e-05 -3.46126e-05 -7.92816e-05 0.00082137)
(0.000235103 2.10218e-05 3.6478e-05 2.10218e-05 0.000418459 -9.45916e-05 3.6478e-05 -9.45916e-05 0.000163702)
(0.000348891 0.000164232 0.000140795 0.000164232 0.000587702 -5.91855e-06 0.000140795 -5.91855e-06 0.000214513)
(0.000390533 0.000108755 0.000284201 0.000108755 0.000207101 -3.26829e-05 0.000284201 -3.26829e-05 0.000378796)
(0.00141821 0.00031463 0.00104042 0.00031463 0.000320525 6.8211e-05 0.00104042 6.8211e-05 0.00232152)
(0.00253113 0.000464085 0.00106566 0.000464085 0.000636029 0.00011261 0.00106566 0.00011261 0.00451837)
(0.0017182 0.000446441 0.000686891 0.000446441 0.00048024 0.000314796 0.000686891 0.000314796 0.00373975)
(0.000454109 -7.61822e-06 0.000109081 -7.61822e-06 0.000786996 0.000417803 0.000109081 0.000417803 0.000541571)
(0.000167808 -0.000107409 0.000129841 -0.000107409 0.000182732 -0.000137455 0.000129841 -0.000137455 0.000505956)
(0.000116595 -7.27093e-05 -0.000119741 -7.27093e-05 6.00792e-05 8.26595e-05 -0.000119741 8.26595e-05 0.000516527)
(0.00033143 -0.000113593 -0.000188564 -0.000113593 0.000176384 4.36008e-05 -0.000188564 4.36008e-05 0.000275234)
(0.000181394 4.73112e-06 -0.000159608 4.73112e-06 0.000171989 -6.77835e-05 -0.000159608 -6.77835e-05 0.000439132)
(0.000135612 -8.42558e-05 0.000355337 -8.42558e-05 0.000132853 -5.83315e-05 0.000355337 -5.83315e-05 0.000470528)
(0.000547076 -0.000199817 0.000156582 -0.000199817 0.000402798 -1.48024e-05 0.000156582 -1.48024e-05 0.000130713)
(0.000736531 0.000334606 -0.000151437 0.000334606 0.000471048 -0.00015368 -0.000151437 -0.00015368 0.000674719)
(0.0017238 0.000653201 0.000104701 0.000653201 0.00106024 0.000884715 0.000104701 0.000884715 0.00438965)
(0.002086 0.00105607 0.000282092 0.00105607 0.00271771 0.00171965 0.000282092 0.00171965 0.00520765)
(0.00178522 0.000692884 0.0010756 0.000692884 0.00101306 0.000591469 0.0010756 0.000591469 0.00276512)
(0.000361223 -1.6652e-06 0.000203423 -1.6652e-06 0.000138916 -4.24031e-05 0.000203423 -4.24031e-05 0.000406382)
(0.00127531 -1.44541e-05 -0.000307365 -1.44541e-05 0.00113045 0.00119661 -0.000307365 0.00119661 0.002271)
(0.00201656 -0.000512289 -0.00117044 -0.000512289 0.00268472 0.00233089 -0.00117044 0.00233089 0.00421144)
(0.00111166 -0.000525189 -0.000737024 -0.000525189 0.000938126 0.00110401 -0.000737024 0.00110401 0.00272228)
(0.000306179 -0.000117561 0.000182093 -0.000117561 0.000584333 0.000214907 0.000182093 0.000214907 0.000243684)
(0.000651151 2.48207e-05 0.000241183 2.48207e-05 0.000608519 -0.000340955 0.000241183 -0.000340955 0.000566337)
(0.00150612 2.99625e-05 0.000901271 2.99625e-05 0.000568486 -0.000392863 0.000901271 -0.000392863 0.00193965)
(0.00122677 0.000346906 0.000541352 0.000346906 0.000817078 4.83934e-05 0.000541352 4.83934e-05 0.00170323)
(0.00121093 0.000466903 -0.000611093 0.000466903 0.000719694 -0.000421535 -0.000611093 -0.000421535 0.00138204)
(0.00110992 0.000458488 -0.000295848 0.000458488 0.000670133 -0.000535372 -0.000295848 -0.000535372 0.00121844)
(0.000380882 -7.2022e-05 0.0001657 -7.2022e-05 0.000547829 0.00011907 0.0001657 0.00011907 0.000429885)
(3.62968e-05 5.79748e-06 2.6511e-05 5.79748e-06 0.00250623 -0.000874931 2.6511e-05 -0.000874931 0.00113897)
(0.000507263 0.000933179 -8.55997e-05 0.000933179 0.00221162 -0.000175775 -8.55997e-05 -0.000175775 0.000493218)
(0.000381336 -0.000214899 0.000139279 -0.000214899 0.000401695 -0.000107937 0.000139279 -0.000107937 -4.84897e-05)
(0.000778215 0.000276889 0.000197578 0.000276889 0.00205048 -0.000117572 0.000197578 -0.000117572 0.000293054)
(0.000414499 4.07668e-05 0.000165611 4.07668e-05 0.000705589 2.42274e-05 0.000165611 2.42274e-05 0.000366257)
(0.00064298 -0.000132087 0.000764707 -0.000132087 0.000781896 9.44827e-06 0.000764707 9.44827e-06 0.00170809)
(0.000648497 -2.05105e-05 0.00049107 -2.05105e-05 0.000618312 0.000177058 0.00049107 0.000177058 0.00104797)
(0.00101893 0.000491329 0.000315715 0.000491329 0.0009064 7.50553e-05 0.000315715 7.50553e-05 0.000586807)
(0.00126739 0.000291509 0.000686118 0.000291509 0.000640588 0.000215457 0.000686118 0.000215457 0.000790932)
(0.000348733 -7.70856e-06 -9.11094e-05 -7.70856e-06 0.000362468 -0.000213843 -9.11094e-05 -0.000213843 0.000664933)
(0.000796836 -0.000275509 0.000326367 -0.000275509 0.00133578 -0.00137475 0.000326367 -0.00137475 0.00233425)
(0.00075702 0.000133234 0.000325374 0.000133234 0.000574483 -0.000206602 0.000325374 -0.000206602 0.00100523)
(0.000788408 0.000142569 0.000338785 0.000142569 0.000470488 -0.000147462 0.000338785 -0.000147462 0.000911841)
(0.0011384 0.000213049 0.000425369 0.000213049 0.000498556 -7.90311e-05 0.000425369 -7.90311e-05 0.00132857)
(0.00165474 -0.000237146 0.000289461 -0.000237146 0.00116494 -0.000902128 0.000289461 -0.000902128 0.0022532)
(0.00230986 -0.000422722 0.000835015 -0.000422722 0.00148358 -0.00127045 0.000835015 -0.00127045 0.00325058)
(0.00158861 -0.000610868 0.000610691 -0.000610868 0.0018987 -0.00132554 0.000610691 -0.00132554 0.00179638)
(0.00140661 -0.000908916 0.000396604 -0.000908916 0.00292082 -0.000903137 0.000396604 -0.000903137 0.000769812)
(0.000952681 4.59915e-05 0.000122222 4.59915e-05 0.00269951 0.000639164 0.000122222 0.000639164 0.000489342)
(0.000920586 0.000554308 0.000325281 0.000554308 0.00159568 0.0008143 0.000325281 0.0008143 0.000927202)
(0.000865763 0.00036642 -0.000186668 0.00036642 0.00232812 0.0011903 -0.000186668 0.0011903 0.00162723)
(0.00174362 -0.00079136 -0.000886573 -0.00079136 0.00518243 0.00185713 -0.000886573 0.00185713 0.00290446)
(0.00279275 -0.00182191 -0.00077088 -0.00182191 0.00653795 0.00180905 -0.00077088 0.00180905 0.00319267)
(0.00130275 -0.000241964 -0.000509058 -0.000241964 0.00352972 0.001725 -0.000509058 0.001725 0.00196679)
(0.000276179 -4.68092e-05 0.000358449 -4.68092e-05 0.000125983 5.92498e-05 0.000358449 5.92498e-05 0.000418801)
(0.000239311 -4.98611e-05 0.000112496 -4.98611e-05 0.000344541 -0.000109773 0.000112496 -0.000109773 0.000220276)
(0.00139063 0.00118675 0.00063489 0.00118675 0.00376514 0.00126326 0.00063489 0.00126326 0.0014607)
(0.00144362 0.000662534 0.000152373 0.000662534 0.00365805 0.00149554 0.000152373 0.00149554 0.00181289)
(0.0010112 0.000253627 -0.000153066 0.000253627 0.000691947 0.000358383 -0.000153066 0.000358383 0.00193051)
(0.00123245 0.000365954 -8.82214e-05 0.000365954 0.000673254 -0.000386073 -8.82214e-05 -0.000386073 0.00228709)
(0.000869994 -7.49798e-05 0.000232551 -7.49798e-05 0.00121341 -0.000173819 0.000232551 -0.000173819 0.000452966)
(0.000929061 -0.000806654 -0.000334973 -0.000806654 0.00192466 0.0010075 -0.000334973 0.0010075 0.00140099)
(0.00047108 -0.000507668 -0.000288221 -0.000507668 0.000621341 0.000549671 -0.000288221 0.000549671 0.00137455)
(0.00123865 0.000296596 7.49938e-05 0.000296596 0.00425997 0.000909093 7.49938e-05 0.000909093 0.00208025)
(0.000410625 2.97157e-05 0.000458656 2.97157e-05 0.00120625 -0.000438767 0.000458656 -0.000438767 0.000858039)
(0.00057278 -9.09744e-05 0.00030354 -9.09744e-05 0.000367305 -0.00036865 0.00030354 -0.00036865 0.000767316)
(0.000253662 2.37795e-05 9.63975e-05 2.37795e-05 0.000271896 2.42423e-06 9.63975e-05 2.42423e-06 -3.7872e-05)
(0.00186567 0.000443402 0.000317886 0.000443402 0.00433758 0.000792021 0.000317886 0.000792021 0.00133851)
(0.000368644 1.47643e-05 0.000359405 1.47643e-05 0.0015874 -0.000738529 0.000359405 -0.000738529 0.000618731)
(0.000952619 0.00108098 0.000358704 0.00108098 0.00259553 0.000149653 0.000358704 0.000149653 0.000789599)
(7.25042e-05 0.000719712 0.000162162 0.000719712 0.00416517 -0.000356934 0.000162162 -0.000356934 0.000912298)
(0.000354645 9.19122e-06 6.85705e-05 9.19122e-06 0.000453402 -7.5778e-05 6.85705e-05 -7.5778e-05 0.000230532)
(0.000744712 0.000466846 0.000423752 0.000466846 0.0011368 -3.50857e-05 0.000423752 -3.50857e-05 0.000504871)
(0.000324463 -3.87523e-05 0.000237944 -3.87523e-05 0.000575304 -0.000214389 0.000237944 -0.000214389 0.000353901)
(0.000344269 7.03437e-05 -0.000199063 7.03437e-05 0.00138441 0.000301466 -0.000199063 0.000301466 0.000816257)
(0.00138759 0.000390848 -0.000397443 0.000390848 0.00347889 0.00179393 -0.000397443 0.00179393 0.00409512)
(0.000610041 -0.000142114 -0.000261582 -0.000142114 0.000362169 -0.000191447 -0.000261582 -0.000191447 0.00262032)
(0.00209046 0.00108386 0.000877477 0.00108386 0.00529689 0.000706487 0.000877477 0.000706487 0.0020657)
(0.00123626 0.000646975 0.000814792 0.000646975 0.00112819 0.000654759 0.000814792 0.000654759 0.00185665)
(0.000278796 -2.04472e-05 9.2051e-05 -2.04472e-05 0.000429444 -0.000133045 9.2051e-05 -0.000133045 9.62756e-05)
(0.000289908 0.000152549 0.000297695 0.000152549 0.000675072 2.89651e-05 0.000297695 2.89651e-05 0.00043024)
(0.000670548 0.000198102 0.000236792 0.000198102 0.000462373 3.13837e-05 0.000236792 3.13837e-05 0.000239603)
(0.00050179 0.000183777 0.000147332 0.000183777 0.000681737 9.55537e-06 0.000147332 9.55537e-06 0.000488899)
(0.000182678 4.75673e-05 -0.000173921 4.75673e-05 0.00116481 -0.000681684 -0.000173921 -0.000681684 0.00113396)
(0.000649038 -0.000156249 3.336e-06 -0.000156249 0.000686476 -0.000385497 3.336e-06 -0.000385497 0.00183011)
(0.000891228 -0.000513402 -4.69927e-05 -0.000513402 0.0017526 0.000814233 -4.69927e-05 0.000814233 0.00103427)
(0.00226529 -0.00153874 -0.000366021 -0.00153874 0.00681464 0.00108664 -0.000366021 0.00108664 0.00309609)
(0.0025698 -0.00213357 -5.96885e-05 -0.00213357 0.00775463 0.000403708 -5.96885e-05 0.000403708 0.00395499)
(0.0035491 -0.00239706 -3.8337e-05 -0.00239706 0.00804938 0.000754393 -3.8337e-05 0.000754393 0.00389696)
(0.00182145 -0.00127189 4.15444e-05 -0.00127189 0.00661283 0.000381905 4.15444e-05 0.000381905 0.00207282)
(0.00102562 0.000737473 0.000359012 0.000737473 0.00417325 0.00075805 0.000359012 0.00075805 0.00164642)
(0.00232366 0.000460793 -0.000528251 0.000460793 0.00514869 0.00185683 -0.000528251 0.00185683 0.00507587)
(0.000568402 -2.52081e-05 -0.00145746 -2.52081e-05 0.00360124 0.00112759 -0.00145746 0.00112759 0.00476774)
(0.00119815 -0.000550819 -0.00165002 -0.000550819 0.00373982 0.00147016 -0.00165002 0.00147016 0.00420287)
(0.000648143 -0.000101659 -0.000230452 -0.000101659 0.001714 0.000790363 -0.000230452 0.000790363 0.000966096)
(0.000377187 0.000160727 0.000134557 0.000160727 0.000625637 -6.61444e-05 0.000134557 -6.61444e-05 0.000362285)
(0.00152865 -6.24442e-05 0.000644149 -6.24442e-05 0.000723316 -0.000791014 0.000644149 -0.000791014 0.00203287)
(0.00165965 0.000198615 -0.000449775 0.000198615 0.00158332 -0.000821627 -0.000449775 -0.000821627 0.00221357)
(0.00158617 0.000315828 -0.000660341 0.000315828 0.00112183 0.000370953 -0.000660341 0.000370953 0.00264115)
