/*--------------------------------*- C++ -*----------------------------------*\
  =========                 |
  \\      /  F ield         | OpenFOAM: The Open Source CFD Toolbox
   \\    /   O peration     | Website:  https://openfoam.org
    \\  /    A nd           | Version:  10
     \\/     M anipulation  |
\*---------------------------------------------------------------------------*/
FoamFile
{
    format      ascii;
    class       volTensorField;
    location    "20";
    object      TauNN;
}
// * * * * * * * * * * * * * * * * * * * * * * * * * * * * * * * * * * * * * //

dimensions      [0 2 -2 0 0 0 0];

internalField   nonuniform List<tensor> 
25600
(
(-8.89486e-06 -0.0127935 -0.0154355 -0.0127935 3.60267e-05 -0.00812087 -0.0154355 -0.00812087 6.14981e-05)
(2.34251e-05 -0.0127915 -0.0154333 -0.0127915 3.05874e-05 -0.00812528 -0.0154333 -0.00812528 5.95789e-05)
(5.1606e-05 -0.012791 -0.015426 -0.012791 2.59942e-05 -0.00813354 -0.015426 -0.00813354 4.64497e-05)
(5.34868e-05 -0.0127922 -0.0154176 -0.0127922 2.72034e-05 -0.00813438 -0.0154176 -0.00813438 6.42527e-05)
(6.28747e-05 -0.0127902 -0.0154099 -0.0127902 2.51804e-05 -0.00812572 -0.0154099 -0.00812572 8.03611e-05)
(7.96051e-06 -0.0128009 -0.0154357 -0.0128009 3.81105e-05 -0.00811468 -0.0154357 -0.00811468 0.000114692)
(3.57758e-05 -0.0127902 -0.0154223 -0.0127902 2.76005e-05 -0.0081267 -0.0154223 -0.0081267 0.00010356)
(8.25285e-05 -0.0128028 -0.0154418 -0.0128028 3.43215e-05 -0.00813602 -0.0154418 -0.00813602 4.13866e-05)
(4.24294e-05 -0.0127861 -0.0154146 -0.0127861 2.49172e-05 -0.00812392 -0.0154146 -0.00812392 7.80221e-05)
(-7.33303e-06 -0.0127895 -0.0154304 -0.0127895 2.54648e-05 -0.00811976 -0.0154304 -0.00811976 6.43573e-05)
(3.17351e-05 -0.0127876 -0.0154192 -0.0127876 2.36798e-05 -0.00812858 -0.0154192 -0.00812858 8.9589e-05)
(1.65273e-05 -0.0127873 -0.0154209 -0.0127873 2.47672e-05 -0.00812111 -0.0154209 -0.00812111 8.13309e-05)
(1.94222e-05 -0.0127936 -0.0154508 -0.0127936 3.17282e-05 -0.00813706 -0.0154508 -0.00813706 5.20841e-05)
(8.87869e-06 -0.0127893 -0.0154369 -0.0127893 2.14528e-05 -0.00812888 -0.0154369 -0.00812888 3.50911e-05)
(2.59112e-05 -0.0127868 -0.0154226 -0.0127868 2.18041e-05 -0.00812827 -0.0154226 -0.00812827 5.7136e-05)
(8.73703e-05 -0.0127986 -0.0154195 -0.0127986 2.95463e-05 -0.00813448 -0.0154195 -0.00813448 4.92999e-05)
(3.39063e-05 -0.0127896 -0.0154272 -0.0127896 2.13954e-05 -0.00813105 -0.0154272 -0.00813105 4.17711e-05)
(4.32588e-05 -0.0127877 -0.0154224 -0.0127877 3.01617e-05 -0.0081393 -0.0154224 -0.0081393 0.000104171)
(4.37209e-05 -0.0127885 -0.0154152 -0.0127885 2.60776e-05 -0.0081229 -0.0154152 -0.0081229 7.59409e-05)
(2.37305e-05 -0.0127949 -0.0154624 -0.0127949 3.88109e-05 -0.00814165 -0.0154624 -0.00814165 6.80746e-05)
(1.7401e-05 -0.0127896 -0.0154286 -0.0127896 2.80576e-05 -0.00812291 -0.0154286 -0.00812291 5.96398e-05)
(1.03099e-05 -0.0127866 -0.0154251 -0.0127866 2.19753e-05 -0.00812302 -0.0154251 -0.00812302 6.50527e-05)
(1.28384e-05 -0.0127898 -0.0154378 -0.0127898 2.1493e-05 -0.00812607 -0.0154378 -0.00812607 4.06862e-05)
(-4.17317e-05 -0.0128012 -0.0154388 -0.0128012 4.43047e-05 -0.00810631 -0.0154388 -0.00810631 9.32419e-05)
(3.31487e-05 -0.0127906 -0.0154206 -0.0127906 3.19863e-05 -0.00811754 -0.0154206 -0.00811754 7.61122e-05)
(2.31927e-05 -0.0127906 -0.0154372 -0.0127906 3.10799e-05 -0.00812883 -0.0154372 -0.00812883 5.39021e-05)
(3.79912e-05 -0.0127893 -0.0154304 -0.0127893 2.40385e-05 -0.00812978 -0.0154304 -0.00812978 4.62439e-05)
(5.75927e-05 -0.0127943 -0.0154265 -0.0127943 2.55584e-05 -0.00813289 -0.0154265 -0.00813289 4.09201e-05)
(1.98256e-05 -0.01279 -0.0154249 -0.01279 2.61812e-05 -0.0081213 -0.0154249 -0.0081213 7.23223e-05)
(2.95655e-05 -0.0127915 -0.0154202 -0.0127915 2.85839e-05 -0.00811863 -0.0154202 -0.00811863 0.000102278)
(3.52581e-05 -0.012788 -0.0154195 -0.012788 2.11851e-05 -0.008127 -0.0154195 -0.008127 6.66807e-05)
(-1.3229e-05 -0.0127984 -0.0154429 -0.0127984 3.1761e-05 -0.00812703 -0.0154429 -0.00812703 4.0297e-05)
(-1.04133e-05 -0.0128019 -0.0154377 -0.0128019 4.01382e-05 -0.00811027 -0.0154377 -0.00811027 8.63398e-05)
(7.48599e-06 -0.0127985 -0.0154287 -0.0127985 4.13942e-05 -0.00811139 -0.0154287 -0.00811139 0.000110317)
(-2.45952e-05 -0.012795 -0.0154363 -0.012795 3.25513e-05 -0.00811856 -0.0154363 -0.00811856 6.33942e-05)
(2.64132e-05 -0.0127913 -0.0154336 -0.0127913 2.61077e-05 -0.00812884 -0.0154336 -0.00812884 4.65974e-05)
(0.000101329 -0.0127941 -0.0154238 -0.0127941 3.01309e-05 -0.0081291 -0.0154238 -0.0081291 6.35825e-05)
(2.71677e-05 -0.0127891 -0.0154229 -0.0127891 2.44653e-05 -0.00812189 -0.0154229 -0.00812189 7.02597e-05)
(2.49595e-05 -0.0127875 -0.0154266 -0.0127875 2.34572e-05 -0.00812423 -0.0154266 -0.00812423 8.84042e-05)
(2.86265e-05 -0.0127899 -0.0154222 -0.0127899 2.75849e-05 -0.00812428 -0.0154222 -0.00812428 0.000102198)
(8.82313e-05 -0.0127943 -0.0154218 -0.0127943 3.57607e-05 -0.00812234 -0.0154218 -0.00812234 7.34474e-05)
(3.94541e-05 -0.0127832 -0.0154323 -0.0127832 2.04407e-05 -0.00813084 -0.0154323 -0.00813084 3.68872e-05)
(2.54901e-05 -0.0127856 -0.0154369 -0.0127856 1.74154e-05 -0.00812678 -0.0154369 -0.00812678 3.88395e-05)
(6.19808e-06 -0.0127921 -0.0154325 -0.0127921 3.01307e-05 -0.00812037 -0.0154325 -0.00812037 6.34769e-05)
(4.61182e-05 -0.012789 -0.0154211 -0.012789 2.49613e-05 -0.00812412 -0.0154211 -0.00812412 6.15139e-05)
(5.83977e-05 -0.0127917 -0.0154168 -0.0127917 2.43509e-05 -0.00812864 -0.0154168 -0.00812864 6.4945e-05)
(-5.58399e-06 -0.0127951 -0.0154396 -0.0127951 2.72385e-05 -0.00811692 -0.0154396 -0.00811692 6.67299e-05)
(-6.42609e-06 -0.0127918 -0.0154369 -0.0127918 2.45108e-05 -0.0081226 -0.0154369 -0.0081226 4.9205e-05)
(0.00010697 -0.0128194 -0.0154345 -0.0128194 5.3611e-05 -0.00813749 -0.0154345 -0.00813749 3.75835e-05)
(9.04956e-05 -0.0128001 -0.0154197 -0.0128001 2.90902e-05 -0.0081337 -0.0154197 -0.0081337 5.57694e-05)
(5.51004e-05 -0.012793 -0.0154225 -0.012793 2.75862e-05 -0.00813491 -0.0154225 -0.00813491 5.43715e-05)
(3.38591e-05 -0.0127889 -0.0154263 -0.0127889 2.1636e-05 -0.00813035 -0.0154263 -0.00813035 4.46638e-05)
(1.64484e-05 -0.0127872 -0.0154251 -0.0127872 2.16476e-05 -0.00812355 -0.0154251 -0.00812355 6.61354e-05)
(1.62241e-05 -0.0127899 -0.015432 -0.0127899 2.47873e-05 -0.00812418 -0.015432 -0.00812418 5.72619e-05)
(-1.59338e-05 -0.0127964 -0.0154386 -0.0127964 3.17688e-05 -0.00811728 -0.0154386 -0.00811728 6.6493e-05)
(9.95611e-06 -0.0127913 -0.015431 -0.0127913 2.57111e-05 -0.00812079 -0.015431 -0.00812079 6.56139e-05)
(4.74043e-05 -0.0127909 -0.0154275 -0.0127909 2.24153e-05 -0.00813061 -0.0154275 -0.00813061 5.16654e-05)
(4.79819e-05 -0.012789 -0.0154134 -0.012789 2.52878e-05 -0.00812455 -0.0154134 -0.00812455 9.34894e-05)
(0.000111524 -0.0127922 -0.0154014 -0.0127922 3.24461e-05 -0.00812019 -0.0154014 -0.00812019 0.000102257)
(7.90314e-05 -0.012796 -0.0154116 -0.012796 3.32502e-05 -0.00813694 -0.0154116 -0.00813694 0.000120461)
(-2.54189e-05 -0.0127981 -0.0154388 -0.0127981 3.60034e-05 -0.00811192 -0.0154388 -0.00811192 0.000100736)
(2.63202e-05 -0.0127849 -0.0154283 -0.0127849 2.00495e-05 -0.00812845 -0.0154283 -0.00812845 6.21731e-05)
(8.90796e-05 -0.012798 -0.0154158 -0.012798 2.58472e-05 -0.00812949 -0.0154158 -0.00812949 6.17024e-05)
(7.08408e-05 -0.0127931 -0.0154147 -0.0127931 2.49163e-05 -0.00812405 -0.0154147 -0.00812405 7.26659e-05)
(2.18047e-05 -0.0127858 -0.0154247 -0.0127858 2.12601e-05 -0.00812768 -0.0154247 -0.00812768 6.42489e-05)
(4.61118e-05 -0.0127895 -0.0154184 -0.0127895 2.42671e-05 -0.00812999 -0.0154184 -0.00812999 7.07612e-05)
(-5.85293e-06 -0.0127901 -0.0154317 -0.0127901 2.50883e-05 -0.00811844 -0.0154317 -0.00811844 7.11928e-05)
(2.21843e-05 -0.0127873 -0.0154215 -0.0127873 2.35328e-05 -0.00812348 -0.0154215 -0.00812348 7.02156e-05)
(0.000101232 -0.0128004 -0.0154062 -0.0128004 3.37289e-05 -0.00813805 -0.0154062 -0.00813805 8.96669e-05)
(4.47904e-05 -0.0127903 -0.0154169 -0.0127903 2.94859e-05 -0.00813766 -0.0154169 -0.00813766 0.000108671)
(5.57863e-05 -0.0127951 -0.0154221 -0.0127951 2.80189e-05 -0.0081347 -0.0154221 -0.0081347 4.38777e-05)
(7.08314e-05 -0.0127993 -0.0154375 -0.0127993 2.98176e-05 -0.00813447 -0.0154375 -0.00813447 3.57178e-05)
(1.0425e-05 -0.0127956 -0.0154466 -0.0127956 2.8852e-05 -0.00813327 -0.0154466 -0.00813327 4.45097e-05)
(1.2739e-05 -0.0127908 -0.0154409 -0.0127908 2.55395e-05 -0.00813074 -0.0154409 -0.00813074 4.33341e-05)
(1.94814e-05 -0.0127874 -0.0154271 -0.0127874 2.11022e-05 -0.00812564 -0.0154271 -0.00812564 5.62445e-05)
(6.43072e-06 -0.0127891 -0.0154321 -0.0127891 2.12289e-05 -0.00812202 -0.0154321 -0.00812202 5.5427e-05)
(3.40182e-05 -0.012788 -0.0154194 -0.012788 2.14253e-05 -0.00812756 -0.0154194 -0.00812756 7.10189e-05)
(4.42375e-05 -0.0127915 -0.0154275 -0.0127915 2.24874e-05 -0.00813125 -0.0154275 -0.00813125 4.44152e-05)
(2.76739e-05 -0.0127878 -0.0154293 -0.0127878 1.99255e-05 -0.00813002 -0.0154293 -0.00813002 4.06186e-05)
(7.35525e-05 -0.0127907 -0.015412 -0.0127907 2.46938e-05 -0.00812654 -0.015412 -0.00812654 6.54237e-05)
(5.01075e-05 -0.0127875 -0.015424 -0.0127875 2.91863e-05 -0.00813804 -0.015424 -0.00813804 7.69964e-05)
(3.93702e-05 -0.0127851 -0.0154281 -0.0127851 2.53892e-05 -0.00813243 -0.0154281 -0.00813243 9.07227e-05)
(0.000122339 -0.0127938 -0.0154016 -0.0127938 3.05098e-05 -0.00812129 -0.0154016 -0.00812129 9.56709e-05)
(4.65545e-05 -0.0127934 -0.0154209 -0.0127934 3.59842e-05 -0.0081147 -0.0154209 -0.0081147 8.94558e-05)
(2.92321e-05 -0.0127869 -0.015425 -0.0127869 2.18859e-05 -0.00812753 -0.015425 -0.00812753 6.77534e-05)
(4.09236e-05 -0.0127882 -0.0154193 -0.0127882 2.42903e-05 -0.00813095 -0.0154193 -0.00813095 7.19794e-05)
(5.46996e-05 -0.0127919 -0.0154147 -0.0127919 2.82934e-05 -0.00812216 -0.0154147 -0.00812216 0.000102358)
(4.47257e-08 -0.0127982 -0.0154439 -0.0127982 3.11072e-05 -0.00811375 -0.0154439 -0.00811375 9.90215e-05)
(-2.59057e-05 -0.0127975 -0.0154366 -0.0127975 3.68301e-05 -0.0081123 -0.0154366 -0.0081123 8.36168e-05)
(5.09486e-05 -0.0127901 -0.0154201 -0.0127901 2.47678e-05 -0.00812538 -0.0154201 -0.00812538 6.49134e-05)
(3.66746e-05 -0.0127887 -0.0154211 -0.0127887 2.22241e-05 -0.00812711 -0.0154211 -0.00812711 6.91799e-05)
(8.15893e-05 -0.0128013 -0.0154157 -0.0128013 3.10795e-05 -0.00813611 -0.0154157 -0.00813611 5.76858e-05)
(8.45328e-05 -0.0127918 -0.0154073 -0.0127918 2.85557e-05 -0.00812069 -0.0154073 -0.00812069 9.41483e-05)
(6.72719e-05 -0.012794 -0.0154135 -0.012794 3.17132e-05 -0.00813466 -0.0154135 -0.00813466 0.000116307)
(5.1541e-05 -0.0127902 -0.0154193 -0.0127902 2.59433e-05 -0.00813285 -0.0154193 -0.00813285 8.15381e-05)
(6.52923e-06 -0.0127929 -0.0154318 -0.0127929 2.69054e-05 -0.00811915 -0.0154318 -0.00811915 6.74935e-05)
(-1.79212e-06 -0.0127906 -0.0154333 -0.0127906 2.52344e-05 -0.00812231 -0.0154333 -0.00812231 5.52167e-05)
(4.05266e-05 -0.0127917 -0.0154269 -0.0127917 2.94355e-05 -0.00812314 -0.0154269 -0.00812314 6.46897e-05)
(6.84227e-05 -0.0127951 -0.015416 -0.0127951 3.45767e-05 -0.0081413 -0.015416 -0.0081413 9.02425e-05)
(7.22006e-05 -0.0127976 -0.0154212 -0.0127976 2.82667e-05 -0.00813423 -0.0154212 -0.00813423 4.7087e-05)
(7.44592e-05 -0.0128055 -0.0154209 -0.0128055 4.9069e-05 -0.00814682 -0.0154209 -0.00814682 5.57013e-05)
(2.71978e-05 -0.012792 -0.0154443 -0.012792 3.01565e-05 -0.00812779 -0.0154443 -0.00812779 0.000122636)
(-2.08566e-05 -0.0127966 -0.0154336 -0.0127966 3.72254e-05 -0.00810985 -0.0154336 -0.00810985 0.000101978)
(3.28258e-05 -0.012788 -0.0154242 -0.012788 2.54188e-05 -0.00813539 -0.0154242 -0.00813539 5.66645e-05)
(1.94384e-05 -0.0127893 -0.0154409 -0.0127893 2.36783e-05 -0.00813138 -0.0154409 -0.00813138 4.4341e-05)
(0.000112419 -0.0127978 -0.015403 -0.0127978 3.01195e-05 -0.00813142 -0.015403 -0.00813142 9.04149e-05)
(0.000105473 -0.0128037 -0.0154082 -0.0128037 3.70551e-05 -0.00814043 -0.0154082 -0.00814043 8.42294e-05)
(1.63767e-05 -0.0127935 -0.0154329 -0.0127935 2.91377e-05 -0.0081212 -0.0154329 -0.0081212 0.000109455)
(3.84056e-05 -0.0127941 -0.0154368 -0.0127941 3.4393e-05 -0.00813754 -0.0154368 -0.00813754 0.000136063)
(6.07367e-05 -0.0127953 -0.0154175 -0.0127953 3.69935e-05 -0.00814347 -0.0154175 -0.00814347 7.96206e-05)
(6.68316e-05 -0.0127951 -0.0154197 -0.0127951 3.2475e-05 -0.00813835 -0.0154197 -0.00813835 6.26701e-05)
(0.00010165 -0.0128116 -0.0154158 -0.0128116 5.45528e-05 -0.00814842 -0.0154158 -0.00814842 6.39517e-05)
(8.63235e-05 -0.0128048 -0.0154135 -0.0128048 4.26666e-05 -0.00814504 -0.0154135 -0.00814504 7.23955e-05)
(2.47435e-05 -0.0127861 -0.0154299 -0.0127861 1.99414e-05 -0.00812973 -0.0154299 -0.00812973 3.97807e-05)
(3.96019e-05 -0.0127837 -0.0154312 -0.0127837 2.43185e-05 -0.00813325 -0.0154312 -0.00813325 3.578e-05)
(2.52955e-05 -0.0127864 -0.015423 -0.0127864 2.05431e-05 -0.00812919 -0.015423 -0.00812919 6.6693e-05)
(1.0597e-05 -0.0127938 -0.0154269 -0.0127938 3.85005e-05 -0.00811212 -0.0154269 -0.00811212 9.23114e-05)
(4.26821e-05 -0.0127889 -0.0154229 -0.0127889 2.36457e-05 -0.00813145 -0.0154229 -0.00813145 5.79796e-05)
(3.17958e-05 -0.0127881 -0.015434 -0.0127881 2.42956e-05 -0.00813267 -0.015434 -0.00813267 3.24816e-05)
(0.000100133 -0.0127976 -0.0154159 -0.0127976 2.71638e-05 -0.00813088 -0.0154159 -0.00813088 6.10386e-05)
(9.28697e-05 -0.0128081 -0.0154126 -0.0128081 4.74579e-05 -0.00814736 -0.0154126 -0.00814736 8.13423e-05)
(2.62125e-05 -0.0127909 -0.0154263 -0.0127909 2.88314e-05 -0.00811917 -0.0154263 -0.00811917 6.52126e-05)
(4.51544e-05 -0.0127912 -0.0154164 -0.0127912 3.31108e-05 -0.00811408 -0.0154164 -0.00811408 9.09806e-05)
(2.67383e-05 -0.012787 -0.0154253 -0.012787 2.13118e-05 -0.00812986 -0.0154253 -0.00812986 5.57833e-05)
(1.12708e-05 -0.0127868 -0.0154288 -0.0127868 2.12223e-05 -0.00812291 -0.0154288 -0.00812291 7.87736e-05)
(9.01664e-05 -0.0127981 -0.0154086 -0.0127981 3.17179e-05 -0.00813658 -0.0154086 -0.00813658 8.26778e-05)
(4.4862e-05 -0.012791 -0.0154221 -0.012791 2.87318e-05 -0.0081372 -0.0154221 -0.0081372 5.95029e-05)
(2.68791e-05 -0.0127881 -0.0154195 -0.0127881 2.42011e-05 -0.00812132 -0.0154195 -0.00812132 8.30937e-05)
(7.02729e-05 -0.0127915 -0.0154152 -0.0127915 3.5165e-05 -0.00811614 -0.0154152 -0.00811614 8.7221e-05)
(3.54977e-05 -0.0127883 -0.0154222 -0.0127883 2.246e-05 -0.00813055 -0.0154222 -0.00813055 6.29628e-05)
(-1.4197e-05 -0.0128005 -0.015444 -0.0128005 3.19856e-05 -0.0081177 -0.015444 -0.0081177 5.93095e-05)
(5.43448e-05 -0.0127915 -0.0154164 -0.0127915 2.80962e-05 -0.00812201 -0.0154164 -0.00812201 9.70317e-05)
(6.9705e-05 -0.0127941 -0.0154158 -0.0127941 2.9917e-05 -0.00813607 -0.0154158 -0.00813607 7.81309e-05)
(4.29625e-05 -0.012784 -0.0154302 -0.012784 2.58639e-05 -0.00813521 -0.0154302 -0.00813521 4.40217e-05)
(6.67326e-05 -0.0128065 -0.0154239 -0.0128065 4.83838e-05 -0.00814393 -0.0154239 -0.00814393 4.17472e-05)
(9.9264e-05 -0.0128123 -0.0154138 -0.0128123 5.4146e-05 -0.00815006 -0.0154138 -0.00815006 7.18014e-05)
(6.65674e-05 -0.0127943 -0.0154151 -0.0127943 3.38243e-05 -0.00813849 -0.0154151 -0.00813849 0.000118335)
(1.54188e-05 -0.0127855 -0.0154327 -0.0127855 2.08589e-05 -0.00812407 -0.0154327 -0.00812407 7.30864e-05)
(5.47371e-05 -0.0127923 -0.0154255 -0.0127923 2.87132e-05 -0.00813582 -0.0154255 -0.00813582 5.13547e-05)
(3.71156e-05 -0.0127898 -0.0154203 -0.0127898 2.56547e-05 -0.00812498 -0.0154203 -0.00812498 9.40931e-05)
(5.96442e-05 -0.0127938 -0.0154195 -0.0127938 3.83587e-05 -0.00814443 -0.0154195 -0.00814443 7.92058e-05)
(0.000149258 -0.0128001 -0.0153948 -0.0128001 3.18254e-05 -0.00813159 -0.0153948 -0.00813159 9.86792e-05)
(2.18329e-05 -0.0127928 -0.0154217 -0.0127928 3.30243e-05 -0.00811563 -0.0154217 -0.00811563 0.000107115)
(4.29532e-05 -0.0127873 -0.0154188 -0.0127873 2.73947e-05 -0.00813494 -0.0154188 -0.00813494 9.05226e-05)
(2.37288e-05 -0.012788 -0.0154238 -0.012788 2.3412e-05 -0.00812327 -0.0154238 -0.00812327 6.83746e-05)
(-2.805e-05 -0.0128002 -0.0154431 -0.0128002 3.50411e-05 -0.00811695 -0.0154431 -0.00811695 6.1882e-05)
(5.4805e-05 -0.0127934 -0.0154239 -0.0127934 3.14208e-05 -0.0081379 -0.0154239 -0.0081379 5.33858e-05)
(7.14565e-05 -0.0127975 -0.0154146 -0.0127975 3.01332e-05 -0.00813629 -0.0154146 -0.00813629 7.22773e-05)
(-7.77162e-06 -0.0127941 -0.015434 -0.0127941 2.96609e-05 -0.00811426 -0.015434 -0.00811426 8.65248e-05)
(1.99409e-05 -0.0127912 -0.0154292 -0.0127912 2.91778e-05 -0.00812598 -0.0154292 -0.00812598 0.00011386)
(1.42201e-05 -0.0127923 -0.0154262 -0.0127923 3.08436e-05 -0.00811746 -0.0154262 -0.00811746 8.3538e-05)
(1.19481e-05 -0.0127923 -0.0154314 -0.0127923 3.44933e-05 -0.00811977 -0.0154314 -0.00811977 6.77683e-05)
(9.38488e-05 -0.0128016 -0.0154091 -0.0128016 3.54713e-05 -0.0081401 -0.0154091 -0.0081401 8.32133e-05)
(4.62497e-05 -0.0127901 -0.0154178 -0.0127901 2.36611e-05 -0.00812677 -0.0154178 -0.00812677 8.39134e-05)
(1.47919e-05 -0.0127884 -0.0154302 -0.0127884 2.08985e-05 -0.00812331 -0.0154302 -0.00812331 5.98955e-05)
(9.77559e-05 -0.0127989 -0.0154328 -0.0127989 2.86694e-05 -0.00813407 -0.0154328 -0.00813407 4.97323e-05)
(3.357e-05 -0.0127904 -0.0154274 -0.0127904 2.1969e-05 -0.00812731 -0.0154274 -0.00812731 4.67861e-05)
(-9.97371e-06 -0.0128008 -0.0154475 -0.0128008 3.16785e-05 -0.00811343 -0.0154475 -0.00811343 7.07441e-05)
(-2.39427e-05 -0.0127981 -0.0154339 -0.0127981 4.247e-05 -0.00810972 -0.0154339 -0.00810972 9.72721e-05)
(7.9876e-05 -0.0127927 -0.0154082 -0.0127927 3.10504e-05 -0.00812203 -0.0154082 -0.00812203 0.000110212)
(-1.06183e-05 -0.0127922 -0.015433 -0.0127922 3.26206e-05 -0.00811903 -0.015433 -0.00811903 6.97863e-05)
(9.1326e-05 -0.0127964 -0.0154242 -0.0127964 2.69434e-05 -0.00813182 -0.0154242 -0.00813182 5.37714e-05)
(7.03253e-05 -0.0127943 -0.0154132 -0.0127943 3.17718e-05 -0.00813519 -0.0154132 -0.00813519 0.000115314)
(4.57039e-05 -0.0127891 -0.0154189 -0.0127891 2.57938e-05 -0.00813219 -0.0154189 -0.00813219 9.00345e-05)
(1.05051e-06 -0.012794 -0.015436 -0.012794 2.63272e-05 -0.00811981 -0.015436 -0.00811981 5.97416e-05)
(-9.19028e-07 -0.012792 -0.0154324 -0.012792 2.68434e-05 -0.00811697 -0.0154324 -0.00811697 8.34374e-05)
(0.00011029 -0.0127972 -0.0154009 -0.0127972 3.14256e-05 -0.00813448 -0.0154009 -0.00813448 0.000104446)
(2.2787e-05 -0.0127937 -0.0154296 -0.0127937 3.76751e-05 -0.00811816 -0.0154296 -0.00811816 7.23344e-05)
(1.14415e-05 -0.0127873 -0.0154339 -0.0127873 2.0684e-05 -0.00812501 -0.0154339 -0.00812501 4.82103e-05)
(7.26717e-05 -0.0128085 -0.0154308 -0.0128085 6.22578e-05 -0.00814078 -0.0154308 -0.00814078 3.28657e-05)
(4.43202e-05 -0.0127908 -0.0154336 -0.0127908 2.4443e-05 -0.00813157 -0.0154336 -0.00813157 4.40806e-05)
(-2.90008e-05 -0.0128004 -0.0154392 -0.0128004 3.94857e-05 -0.00811287 -0.0154392 -0.00811287 7.69461e-05)
(4.27558e-05 -0.0127894 -0.0154192 -0.0127894 2.67893e-05 -0.00813189 -0.0154192 -0.00813189 9.71891e-05)
(-1.51135e-05 -0.0127946 -0.0154379 -0.0127946 2.91445e-05 -0.00811782 -0.0154379 -0.00811782 6.49801e-05)
(-1.67774e-05 -0.0128003 -0.0154407 -0.0128003 3.64951e-05 -0.00811607 -0.0154407 -0.00811607 7.43268e-05)
(8.56177e-05 -0.0128004 -0.0154155 -0.0128004 3.42444e-05 -0.00813836 -0.0154155 -0.00813836 6.52691e-05)
(9.48541e-05 -0.0128215 -0.0154186 -0.0128215 7.41394e-05 -0.00815169 -0.0154186 -0.00815169 5.30376e-05)
(4.5635e-05 -0.0127893 -0.0154156 -0.0127893 2.62447e-05 -0.00813369 -0.0154156 -0.00813369 8.86677e-05)
(1.47042e-05 -0.0127934 -0.0154364 -0.0127934 3.09647e-05 -0.00812347 -0.0154364 -0.00812347 6.29339e-05)
(6.98598e-05 -0.0127956 -0.0154179 -0.0127956 3.11921e-05 -0.00813736 -0.0154179 -0.00813736 7.17824e-05)
(-2.19242e-05 -0.0128027 -0.0154397 -0.0128027 4.70822e-05 -0.00810762 -0.0154397 -0.00810762 0.000106381)
(-2.23395e-05 -0.0128004 -0.01544 -0.0128004 5.74148e-05 -0.00811406 -0.01544 -0.00811406 7.6209e-05)
(6.44983e-05 -0.0127933 -0.0154248 -0.0127933 4.80282e-05 -0.00814941 -0.0154248 -0.00814941 7.70521e-05)
(4.2652e-05 -0.0127875 -0.0154239 -0.0127875 2.80961e-05 -0.00813609 -0.0154239 -0.00813609 0.000103587)
(9.85807e-05 -0.0127909 -0.0154124 -0.0127909 3.03991e-05 -0.00812313 -0.0154124 -0.00812313 7.5171e-05)
(4.05762e-05 -0.0127887 -0.0154261 -0.0127887 2.35346e-05 -0.00813217 -0.0154261 -0.00813217 4.96123e-05)
(-4.42652e-05 -0.0128048 -0.015445 -0.0128048 4.38779e-05 -0.00810805 -0.015445 -0.00810805 9.51909e-05)
(8.13128e-05 -0.0127924 -0.0154067 -0.0127924 2.61781e-05 -0.00812667 -0.0154067 -0.00812667 8.67325e-05)
(3.54543e-05 -0.0127898 -0.0154392 -0.0127898 2.64827e-05 -0.00813092 -0.0154392 -0.00813092 3.0227e-05)
(9.6748e-06 -0.0127946 -0.0154354 -0.0127946 3.41748e-05 -0.0081228 -0.0154354 -0.0081228 5.65413e-05)
(6.69539e-05 -0.0127949 -0.0154257 -0.0127949 5.22366e-05 -0.00811385 -0.0154257 -0.00811385 8.17287e-05)
(-3.83097e-05 -0.0128042 -0.0154453 -0.0128042 4.18386e-05 -0.00811994 -0.0154453 -0.00811994 5.61745e-05)
(1.0045e-05 -0.0127882 -0.0154312 -0.0127882 2.24092e-05 -0.00812506 -0.0154312 -0.00812506 5.40516e-05)
(6.29103e-05 -0.0127967 -0.0154227 -0.0127967 2.64207e-05 -0.00813305 -0.0154227 -0.00813305 4.31438e-05)
(6.56824e-06 -0.0127896 -0.0154353 -0.0127896 2.19495e-05 -0.00812576 -0.0154353 -0.00812576 4.2563e-05)
(3.53078e-05 -0.0127895 -0.0154203 -0.0127895 2.89596e-05 -0.0081318 -0.0154203 -0.0081318 0.000113283)
(9.81356e-05 -0.0128054 -0.0154111 -0.0128054 3.82548e-05 -0.00814093 -0.0154111 -0.00814093 6.59852e-05)
(7.26199e-05 -0.0127915 -0.0154139 -0.0127915 2.77368e-05 -0.00812175 -0.0154139 -0.00812175 7.41344e-05)
(1.3514e-05 -0.012792 -0.0154286 -0.012792 2.7487e-05 -0.00811891 -0.0154286 -0.00811891 9.9466e-05)
(1.00437e-05 -0.0127861 -0.0154359 -0.0127861 1.98204e-05 -0.00812447 -0.0154359 -0.00812447 5.23583e-05)
(3.93814e-05 -0.0127897 -0.0154191 -0.0127897 2.87805e-05 -0.00812132 -0.0154191 -0.00812132 7.2717e-05)
(2.5025e-05 -0.0127841 -0.0154275 -0.0127841 2.10851e-05 -0.00813035 -0.0154275 -0.00813035 5.72168e-05)
(8.13115e-05 -0.0127997 -0.0154181 -0.0127997 3.72955e-05 -0.00814109 -0.0154181 -0.00814109 0.000133584)
(4.28775e-05 -0.0127895 -0.0154238 -0.0127895 2.28301e-05 -0.00812887 -0.0154238 -0.00812887 5.56475e-05)
(3.31089e-05 -0.0127894 -0.0154337 -0.0127894 2.5817e-05 -0.00813308 -0.0154337 -0.00813308 3.03727e-05)
(5.40731e-06 -0.0127925 -0.0154341 -0.0127925 2.8161e-05 -0.00812292 -0.0154341 -0.00812292 5.45787e-05)
(5.08374e-05 -0.012791 -0.0154154 -0.012791 2.94903e-05 -0.00811714 -0.0154154 -0.00811714 9.24154e-05)
(6.05445e-05 -0.0127964 -0.0154343 -0.0127964 2.57628e-05 -0.00813299 -0.0154343 -0.00813299 3.60787e-05)
(5.35046e-05 -0.0127761 -0.0154362 -0.0127761 1.82123e-05 -0.00813018 -0.0154362 -0.00813018 4.29734e-05)
(1.76234e-05 -0.0127864 -0.0154244 -0.0127864 2.12519e-05 -0.00812469 -0.0154244 -0.00812469 6.705e-05)
(0.000121376 -0.0128051 -0.0154131 -0.0128051 3.3474e-05 -0.00813588 -0.0154131 -0.00813588 5.64171e-05)
(4.41536e-05 -0.0127892 -0.0154182 -0.0127892 2.65052e-05 -0.00813419 -0.0154182 -0.00813419 7.44206e-05)
(2.19065e-05 -0.0127905 -0.0154204 -0.0127905 2.96861e-05 -0.00812138 -0.0154204 -0.00812138 0.000111769)
(4.91936e-05 -0.01279 -0.0154189 -0.01279 2.41053e-05 -0.00812883 -0.0154189 -0.00812883 6.09562e-05)
(-1.42896e-07 -0.012792 -0.0154369 -0.012792 2.44923e-05 -0.00811952 -0.0154369 -0.00811952 6.40793e-05)
(-4.03643e-05 -0.0128221 -0.0154545 -0.0128221 5.3358e-05 -0.00812028 -0.0154545 -0.00812028 5.0853e-05)
(4.1574e-05 -0.0127887 -0.0154202 -0.0127887 2.42956e-05 -0.00812514 -0.0154202 -0.00812514 7.62169e-05)
(0.000144836 -0.0128062 -0.0153988 -0.0128062 4.01433e-05 -0.00814332 -0.0153988 -0.00814332 0.00011515)
(-1.72744e-05 -0.0127934 -0.0154312 -0.0127934 3.48029e-05 -0.008114 -0.0154312 -0.008114 8.2715e-05)
(4.25234e-05 -0.0127889 -0.0154166 -0.0127889 2.42234e-05 -0.00812373 -0.0154166 -0.00812373 8.23081e-05)
(0.000179491 -0.0128 -0.0153916 -0.0128 3.12991e-05 -0.0081235 -0.0153916 -0.0081235 0.000100381)
(-1.05258e-05 -0.0127952 -0.0154364 -0.0127952 2.97476e-05 -0.00811459 -0.0154364 -0.00811459 8.06934e-05)
(7.08851e-05 -0.0127738 -0.01544 -0.0127738 2.3962e-05 -0.00813552 -0.01544 -0.00813552 7.31535e-05)
(0.000125653 -0.0127943 -0.0154273 -0.0127943 5.28654e-05 -0.00812121 -0.0154273 -0.00812121 7.73874e-05)
(3.19435e-05 -0.0127913 -0.0154186 -0.0127913 3.18533e-05 -0.00811592 -0.0154186 -0.00811592 9.53791e-05)
(9.45765e-05 -0.012812 -0.0154199 -0.012812 9.2911e-05 -0.00815507 -0.0154199 -0.00815507 6.02279e-05)
(8.21897e-05 -0.0128076 -0.0154192 -0.0128076 5.33754e-05 -0.00814885 -0.0154192 -0.00814885 6.42134e-05)
(4.51999e-05 -0.0127838 -0.0154332 -0.0127838 2.74594e-05 -0.00813583 -0.0154332 -0.00813583 0.000109405)
(4.29039e-05 -0.0127891 -0.0154206 -0.0127891 2.31944e-05 -0.00812696 -0.0154206 -0.00812696 6.26848e-05)
(0.000128269 -0.0127926 -0.015403 -0.0127926 3.72396e-05 -0.00811416 -0.015403 -0.00811416 9.2525e-05)
(7.87482e-05 -0.0127966 -0.015412 -0.0127966 3.01142e-05 -0.00813496 -0.015412 -0.00813496 8.60574e-05)
(8.03424e-05 -0.0127863 -0.0154297 -0.0127863 5.21873e-05 -0.00814453 -0.0154297 -0.00814453 4.73629e-05)
(-1.62552e-05 -0.0127948 -0.0154363 -0.0127948 3.04066e-05 -0.00811398 -0.0154363 -0.00811398 8.31197e-05)
(8.01501e-05 -0.0127997 -0.0154156 -0.0127997 5.08093e-05 -0.00815064 -0.0154156 -0.00815064 9.13074e-05)
(7.17084e-05 -0.0127956 -0.0154224 -0.0127956 5.05288e-05 -0.00814936 -0.0154224 -0.00814936 7.45505e-05)
(2.90561e-05 -0.0127906 -0.0154202 -0.0127906 2.79742e-05 -0.00811942 -0.0154202 -0.00811942 0.000101945)
(5.03843e-05 -0.0127896 -0.0154209 -0.0127896 2.90751e-05 -0.00812173 -0.0154209 -0.00812173 7.46137e-05)
(4.759e-05 -0.0127865 -0.0154248 -0.0127865 2.49783e-05 -0.0081335 -0.0154248 -0.0081335 6.84e-05)
(7.34005e-05 -0.0127947 -0.0154214 -0.0127947 4.66384e-05 -0.00814863 -0.0154214 -0.00814863 8.63055e-05)
(0.000102011 -0.0128045 -0.0154126 -0.0128045 3.62816e-05 -0.00813898 -0.0154126 -0.00813898 6.36146e-05)
(4.68024e-05 -0.0127888 -0.0154147 -0.0127888 2.37967e-05 -0.0081283 -0.0154147 -0.0081283 7.79287e-05)
(4.83873e-05 -0.0127943 -0.0154322 -0.0127943 2.69764e-05 -0.00813352 -0.0154322 -0.00813352 3.38703e-05)
(9.1696e-05 -0.0128092 -0.0154165 -0.0128092 5.29306e-05 -0.00814842 -0.0154165 -0.00814842 6.92878e-05)
(3.85479e-05 -0.0127884 -0.0154209 -0.0127884 3.00056e-05 -0.00813981 -0.0154209 -0.00813981 9.48605e-05)
(3.64875e-05 -0.0127914 -0.0154204 -0.0127914 2.91317e-05 -0.00812628 -0.0154204 -0.00812628 0.000112083)
(6.84064e-05 -0.0127946 -0.0154167 -0.0127946 2.98198e-05 -0.00813614 -0.0154167 -0.00813614 7.30925e-05)
(9.19162e-05 -0.0128009 -0.0154113 -0.0128009 4.18227e-05 -0.00814823 -0.0154113 -0.00814823 0.000129142)
(6.7711e-05 -0.0127996 -0.0154262 -0.0127996 6.38908e-05 -0.00815017 -0.0154262 -0.00815017 5.15668e-05)
(3.63876e-05 -0.0127823 -0.0154375 -0.0127823 2.04627e-05 -0.00813013 -0.0154375 -0.00813013 3.34794e-05)
(-6.11931e-06 -0.0127998 -0.0154433 -0.0127998 5.22601e-05 -0.0081176 -0.0154433 -0.0081176 7.0983e-05)
(6.18797e-05 -0.0127973 -0.0154227 -0.0127973 3.42879e-05 -0.00813918 -0.0154227 -0.00813918 5.35157e-05)
(6.7282e-05 -0.0127997 -0.0154254 -0.0127997 4.33073e-05 -0.00814182 -0.0154254 -0.00814182 4.69089e-05)
(6.57057e-05 -0.0127925 -0.015416 -0.0127925 3.31484e-05 -0.00814022 -0.015416 -0.00814022 9.44038e-05)
(3.9959e-05 -0.0127855 -0.0154226 -0.0127855 2.64286e-05 -0.00813513 -0.0154226 -0.00813513 8.45742e-05)
(8.62809e-05 -0.0128031 -0.0154152 -0.0128031 3.97094e-05 -0.00814235 -0.0154152 -0.00814235 7.16298e-05)
(4.58594e-05 -0.0127897 -0.0154192 -0.0127897 2.50576e-05 -0.00812552 -0.0154192 -0.00812552 8.1157e-05)
(-5.30894e-05 -0.0128104 -0.015449 -0.0128104 4.9281e-05 -0.00811945 -0.015449 -0.00811945 5.56138e-05)
(6.01359e-05 -0.0127949 -0.0154342 -0.0127949 2.45798e-05 -0.0081326 -0.0154342 -0.0081326 3.87422e-05)
(2.31454e-06 -0.0127966 -0.0154315 -0.0127966 5.60106e-05 -0.00810835 -0.0154315 -0.00810835 9.17341e-05)
(-1.93555e-05 -0.0127956 -0.015434 -0.0127956 3.71367e-05 -0.00811152 -0.015434 -0.00811152 7.85331e-05)
(8.89514e-05 -0.0128053 -0.0154156 -0.0128053 4.36633e-05 -0.00814437 -0.0154156 -0.00814437 6.92687e-05)
(0.000145186 -0.0128101 -0.0154117 -0.0128101 0.000108551 -0.00815044 -0.0154117 -0.00815044 6.5868e-05)
(2.77372e-05 -0.0127883 -0.0154245 -0.0127883 2.16462e-05 -0.00812501 -0.0154245 -0.00812501 6.07959e-05)
(5.60843e-05 -0.0127889 -0.0154147 -0.0127889 2.86454e-05 -0.00811899 -0.0154147 -0.00811899 8.10846e-05)
(9.02306e-05 -0.0127736 -0.0154397 -0.0127736 5.5364e-05 -0.0081499 -0.0154397 -0.0081499 7.17668e-05)
(5.79181e-05 -0.0127844 -0.0154419 -0.0127844 1.83394e-05 -0.00812327 -0.0154419 -0.00812327 5.92417e-05)
(8.97454e-05 -0.0128103 -0.0154214 -0.0128103 4.97206e-05 -0.00814321 -0.0154214 -0.00814321 5.41105e-05)
(0.000126042 -0.0128321 -0.0154155 -0.0128321 8.34337e-05 -0.00815193 -0.0154155 -0.00815193 5.81982e-05)
(7.61663e-05 -0.0127897 -0.0154081 -0.0127897 3.54407e-05 -0.00811488 -0.0154081 -0.00811488 9.66552e-05)
(6.48373e-06 -0.0127896 -0.0154317 -0.0127896 2.42521e-05 -0.00812349 -0.0154317 -0.00812349 5.11238e-05)
(0.000103816 -0.0127876 -0.0154246 -0.0127876 6.38802e-05 -0.00815002 -0.0154246 -0.00815002 7.06404e-05)
(9.27809e-05 -0.0128027 -0.0154158 -0.0128027 4.73501e-05 -0.00814744 -0.0154158 -0.00814744 8.28953e-05)
(4.532e-05 -0.0127908 -0.0154269 -0.0127908 2.70427e-05 -0.00813507 -0.0154269 -0.00813507 4.47481e-05)
(4.4656e-05 -0.0127817 -0.0154336 -0.0127817 2.21659e-05 -0.00812918 -0.0154336 -0.00812918 7.61795e-05)
(8.05691e-05 -0.012793 -0.0154081 -0.012793 2.83168e-05 -0.00812852 -0.0154081 -0.00812852 9.58973e-05)
(0.00012119 -0.0127965 -0.0154025 -0.0127965 2.77967e-05 -0.00812724 -0.0154025 -0.00812724 8.29549e-05)
(6.93414e-05 -0.0127935 -0.0154123 -0.0127935 2.91041e-05 -0.00813475 -0.0154123 -0.00813475 9.44405e-05)
(4.87486e-05 -0.0127851 -0.0154264 -0.0127851 2.94053e-05 -0.00813886 -0.0154264 -0.00813886 9.37798e-05)
(2.34248e-05 -0.0127856 -0.015426 -0.0127856 2.16542e-05 -0.00812836 -0.015426 -0.00812836 7.19754e-05)
(4.98774e-05 -0.0127902 -0.015422 -0.0127902 2.57108e-05 -0.00812357 -0.015422 -0.00812357 6.34051e-05)
(1.90748e-05 -0.0127898 -0.0154256 -0.0127898 2.47197e-05 -0.00812052 -0.0154256 -0.00812052 8.17888e-05)
(5.69099e-05 -0.0127801 -0.0154343 -0.0127801 2.70578e-05 -0.0081359 -0.0154343 -0.0081359 9.57462e-05)
(5.18796e-05 -0.0127923 -0.0154323 -0.0127923 2.89855e-05 -0.00813451 -0.0154323 -0.00813451 4.06783e-05)
(0.000128258 -0.0128039 -0.0154031 -0.0128039 3.52331e-05 -0.00813767 -0.0154031 -0.00813767 9.18984e-05)
(5.38411e-05 -0.0127922 -0.0154168 -0.0127922 2.55904e-05 -0.00813221 -0.0154168 -0.00813221 7.79163e-05)
(7.11875e-06 -0.0127915 -0.0154342 -0.0127915 2.35878e-05 -0.0081188 -0.0154342 -0.0081188 7.1818e-05)
(5.19883e-05 -0.0127888 -0.0154207 -0.0127888 3.32088e-05 -0.00814161 -0.0154207 -0.00814161 0.000114279)
(8.11471e-05 -0.0128007 -0.0154147 -0.0128007 3.74456e-05 -0.0081415 -0.0154147 -0.0081415 6.821e-05)
(9.42804e-05 -0.0127995 -0.0154137 -0.0127995 2.91762e-05 -0.00813309 -0.0154137 -0.00813309 6.29979e-05)
(-1.71591e-06 -0.0127941 -0.015434 -0.0127941 2.87435e-05 -0.00811722 -0.015434 -0.00811722 6.99342e-05)
(-6.46407e-06 -0.012796 -0.0154409 -0.012796 2.9594e-05 -0.00812354 -0.0154409 -0.00812354 5.13182e-05)
(4.22907e-05 -0.0127919 -0.0154418 -0.0127919 2.34933e-05 -0.00813259 -0.0154418 -0.00813259 3.94394e-05)
(6.18076e-05 -0.0128009 -0.0154465 -0.0128009 3.81824e-05 -0.00813136 -0.0154465 -0.00813136 3.64392e-05)
(4.66791e-05 -0.0127911 -0.0154249 -0.0127911 2.26091e-05 -0.0081306 -0.0154249 -0.0081306 5.11119e-05)
(1.8348e-05 -0.0127899 -0.0154318 -0.0127899 2.31883e-05 -0.00812515 -0.0154318 -0.00812515 5.423e-05)
(3.80618e-05 -0.0127887 -0.0154186 -0.0127887 2.2849e-05 -0.00812497 -0.0154186 -0.00812497 7.11066e-05)
(-1.56785e-05 -0.0127953 -0.0154323 -0.0127953 4.02895e-05 -0.0081089 -0.0154323 -0.0081089 9.02997e-05)
(0.000110981 -0.0127941 -0.0154158 -0.0127941 5.22139e-05 -0.0081115 -0.0154158 -0.0081115 9.72585e-05)
(7.19448e-05 -0.0127942 -0.0154168 -0.0127942 2.51922e-05 -0.00813046 -0.0154168 -0.00813046 5.84834e-05)
(-6.1576e-06 -0.0128018 -0.015453 -0.0128018 3.4403e-05 -0.0081115 -0.015453 -0.0081115 0.000102639)
(5.13854e-05 -0.0127798 -0.0154294 -0.0127798 2.76296e-05 -0.00813771 -0.0154294 -0.00813771 7.87088e-05)
(8.08727e-05 -0.0128001 -0.0154207 -0.0128001 5.1515e-05 -0.008148 -0.0154207 -0.008148 6.80307e-05)
(8.4741e-05 -0.0127932 -0.0154056 -0.0127932 2.84191e-05 -0.00813011 -0.0154056 -0.00813011 0.000102815)
(8.21953e-05 -0.0128125 -0.0154235 -0.0128125 7.67451e-05 -0.00814961 -0.0154235 -0.00814961 4.67143e-05)
(6.078e-05 -0.012793 -0.0154216 -0.012793 3.21843e-05 -0.00813868 -0.0154216 -0.00813868 0.000116171)
(-3.58259e-05 -0.0128074 -0.015445 -0.0128074 5.43461e-05 -0.00810813 -0.015445 -0.00810813 8.92961e-05)
(-0.000166668 -0.0128377 -0.0154513 -0.0128377 9.68145e-05 -0.00811515 -0.0154513 -0.00811515 7.36226e-05)
(3.15536e-05 -0.0127929 -0.0154412 -0.0127929 3.45714e-05 -0.00812963 -0.0154412 -0.00812963 5.33802e-05)
(0.00015879 -0.0128108 -0.0154096 -0.0128108 3.68266e-05 -0.00813771 -0.0154096 -0.00813771 6.22573e-05)
(5.57898e-05 -0.0127875 -0.015425 -0.0127875 3.40091e-05 -0.0081415 -0.015425 -0.0081415 6.78283e-05)
(7.3829e-05 -0.0127828 -0.0154319 -0.0127828 5.93972e-05 -0.00812859 -0.0154319 -0.00812859 2.97478e-05)
(2.69753e-05 -0.012789 -0.0154388 -0.012789 2.17239e-05 -0.00813186 -0.0154388 -0.00813186 3.1854e-05)
(3.98263e-05 -0.0127895 -0.0154228 -0.0127895 2.39753e-05 -0.00813165 -0.0154228 -0.00813165 5.16646e-05)
(-5.17912e-06 -0.0127971 -0.0154328 -0.0127971 5.06736e-05 -0.00811116 -0.0154328 -0.00811116 8.12549e-05)
(-3.69675e-05 -0.0127989 -0.0154395 -0.0127989 4.84569e-05 -0.00811263 -0.0154395 -0.00811263 6.98331e-05)
(3.27401e-05 -0.0127868 -0.015421 -0.0127868 2.26708e-05 -0.00813042 -0.015421 -0.00813042 6.98811e-05)
(7.26458e-05 -0.0127992 -0.0154209 -0.0127992 4.55865e-05 -0.00814539 -0.0154209 -0.00814539 6.82257e-05)
(3.75672e-05 -0.0127885 -0.0154239 -0.0127885 2.30757e-05 -0.00813199 -0.0154239 -0.00813199 5.73556e-05)
(5.62043e-05 -0.0127926 -0.0154134 -0.0127926 3.22608e-05 -0.00812269 -0.0154134 -0.00812269 0.000116202)
(9.36987e-05 -0.0127932 -0.0154105 -0.0127932 2.64999e-05 -0.0081261 -0.0154105 -0.0081261 7.53479e-05)
(4.12245e-05 -0.0127907 -0.01543 -0.0127907 2.88267e-05 -0.00813482 -0.01543 -0.00813482 3.35576e-05)
(6.52096e-05 -0.0127925 -0.0154208 -0.0127925 4.34069e-05 -0.00815071 -0.0154208 -0.00815071 0.000133662)
(3.08123e-05 -0.0127913 -0.0154307 -0.0127913 3.14089e-05 -0.00812409 -0.0154307 -0.00812409 5.60088e-05)
(2.80495e-05 -0.0127893 -0.0154352 -0.0127893 1.99085e-05 -0.00813045 -0.0154352 -0.00813045 3.41056e-05)
(8.98425e-05 -0.0128088 -0.0154129 -0.0128088 5.54861e-05 -0.00815199 -0.0154129 -0.00815199 8.53073e-05)
(2.86001e-05 -0.0127885 -0.0154253 -0.0127885 2.32587e-05 -0.00812662 -0.0154253 -0.00812662 5.56301e-05)
(-6.12742e-05 -0.0128085 -0.0154481 -0.0128085 5.23748e-05 -0.00811723 -0.0154481 -0.00811723 6.07775e-05)
(-1.46073e-06 -0.0127927 -0.0154271 -0.0127927 3.23787e-05 -0.0081136 -0.0154271 -0.0081136 8.96765e-05)
(7.57669e-05 -0.0128105 -0.0154214 -0.0128105 5.6934e-05 -0.0081478 -0.0154214 -0.0081478 5.11294e-05)
(8.54662e-05 -0.0128012 -0.0154361 -0.0128012 3.10936e-05 -0.00813542 -0.0154361 -0.00813542 4.11228e-05)
(-1.16799e-06 -0.0128011 -0.0154482 -0.0128011 3.80696e-05 -0.00813949 -0.0154482 -0.00813949 5.59436e-05)
(1.73612e-05 -0.0127853 -0.0154348 -0.0127853 1.81195e-05 -0.00812862 -0.0154348 -0.00812862 2.97511e-05)
(-3.56032e-05 -0.0128093 -0.015453 -0.0128093 6.12734e-05 -0.00813655 -0.015453 -0.00813655 5.13497e-05)
(2.58891e-05 -0.0127911 -0.0154259 -0.0127911 3.41326e-05 -0.00811593 -0.0154259 -0.00811593 7.02269e-05)
(2.61926e-05 -0.0127943 -0.015436 -0.0127943 4.51015e-05 -0.00812303 -0.015436 -0.00812303 5.95463e-05)
(5.34497e-05 -0.0127922 -0.0154167 -0.0127922 3.51449e-05 -0.00811303 -0.0154167 -0.00811303 9.52184e-05)
(6.2113e-05 -0.0127921 -0.0154186 -0.0127921 2.51854e-05 -0.00812931 -0.0154186 -0.00812931 7.66896e-05)
(-1.65292e-05 -0.012799 -0.0154341 -0.012799 4.36273e-05 -0.00810854 -0.0154341 -0.00810854 0.000104473)
(8.17155e-05 -0.0128005 -0.0154139 -0.0128005 4.31065e-05 -0.00814793 -0.0154139 -0.00814793 0.000104733)
(1.04739e-05 -0.0127853 -0.0154268 -0.0127853 2.28812e-05 -0.00812482 -0.0154268 -0.00812482 7.66923e-05)
(-2.73805e-05 -0.0128001 -0.0154417 -0.0128001 3.60094e-05 -0.00811733 -0.0154417 -0.00811733 6.69469e-05)
(1.03079e-06 -0.0127943 -0.0154314 -0.0127943 3.32465e-05 -0.00811516 -0.0154314 -0.00811516 7.59149e-05)
(1.1226e-05 -0.0127872 -0.0154231 -0.0127872 2.54727e-05 -0.00812379 -0.0154231 -0.00812379 9.9688e-05)
(6.2232e-05 -0.0127937 -0.0154228 -0.0127937 2.83496e-05 -0.00813494 -0.0154228 -0.00813494 5.42323e-05)
(5.77906e-05 -0.0127912 -0.015416 -0.0127912 2.3339e-05 -0.00812573 -0.015416 -0.00812573 6.41156e-05)
(3.62824e-05 -0.0127919 -0.0154287 -0.0127919 3.17104e-05 -0.00812441 -0.0154287 -0.00812441 5.29681e-05)
(-1.10036e-05 -0.0127966 -0.015444 -0.0127966 4.56978e-05 -0.00812799 -0.015444 -0.00812799 4.77266e-05)
(-0.000118756 -0.0128336 -0.0154556 -0.0128336 9.20789e-05 -0.00812724 -0.0154556 -0.00812724 6.22816e-05)
(-4.65187e-05 -0.0128166 -0.0154576 -0.0128166 6.78944e-05 -0.00812922 -0.0154576 -0.00812922 5.92575e-05)
(3.49223e-05 -0.0127819 -0.0154317 -0.0127819 1.98825e-05 -0.00813047 -0.0154317 -0.00813047 4.20891e-05)
(1.12361e-05 -0.0127914 -0.0154278 -0.0127914 2.83761e-05 -0.00811975 -0.0154278 -0.00811975 9.92444e-05)
(9.4156e-05 -0.0128036 -0.0154293 -0.0128036 3.08505e-05 -0.00813484 -0.0154293 -0.00813484 4.1804e-05)
(8.44277e-05 -0.0127959 -0.0154313 -0.0127959 2.90079e-05 -0.00812971 -0.0154313 -0.00812971 5.1028e-05)
(3.06954e-05 -0.0127901 -0.0154223 -0.0127901 2.39536e-05 -0.00811956 -0.0154223 -0.00811956 7.42828e-05)
(2.6697e-05 -0.0127849 -0.0154372 -0.0127849 1.82069e-05 -0.0081297 -0.0154372 -0.0081297 3.39596e-05)
(2.40037e-05 -0.0127869 -0.0154267 -0.0127869 2.30273e-05 -0.0081253 -0.0154267 -0.0081253 7.39056e-05)
(3.40985e-05 -0.012789 -0.0154238 -0.012789 2.38367e-05 -0.00812489 -0.0154238 -0.00812489 6.07734e-05)
(-5.05647e-05 -0.0128176 -0.0154586 -0.0128176 8.25781e-05 -0.00813437 -0.0154586 -0.00813437 5.79587e-05)
(-7.69554e-05 -0.0128196 -0.0154554 -0.0128196 7.44469e-05 -0.00812405 -0.0154554 -0.00812405 6.06332e-05)
(6.92173e-05 -0.0127916 -0.0154128 -0.0127916 2.57225e-05 -0.00812554 -0.0154128 -0.00812554 7.77163e-05)
(7.41693e-05 -0.0127769 -0.0154329 -0.0127769 2.99264e-05 -0.00813147 -0.0154329 -0.00813147 3.30827e-05)
(-9.56287e-06 -0.0127965 -0.015434 -0.0127965 3.46315e-05 -0.00811233 -0.015434 -0.00811233 8.78835e-05)
(7.38899e-05 -0.0127928 -0.0154113 -0.0127928 2.63411e-05 -0.00813109 -0.0154113 -0.00813109 7.63465e-05)
(6.2957e-05 -0.0127919 -0.0154176 -0.0127919 3.84998e-05 -0.00814605 -0.0154176 -0.00814605 0.000109123)
(5.53798e-05 -0.0127898 -0.0154123 -0.0127898 2.70313e-05 -0.00812887 -0.0154123 -0.00812887 9.45722e-05)
(0.000104062 -0.0128165 -0.0154179 -0.0128165 6.1639e-05 -0.00814939 -0.0154179 -0.00814939 5.51816e-05)
(-6.22175e-05 -0.012806 -0.0154443 -0.012806 5.91836e-05 -0.00810586 -0.0154443 -0.00810586 8.76513e-05)
(5.98076e-05 -0.0127765 -0.0154328 -0.0127765 2.45213e-05 -0.00813175 -0.0154328 -0.00813175 3.32739e-05)
(4.90004e-05 -0.0127901 -0.015414 -0.0127901 2.76674e-05 -0.0081278 -0.015414 -0.0081278 0.000103553)
(0.00011435 -0.0127965 -0.0153996 -0.0127965 3.11723e-05 -0.00813238 -0.0153996 -0.00813238 9.89168e-05)
(3.87511e-05 -0.0127884 -0.0154254 -0.0127884 2.59554e-05 -0.00813528 -0.0154254 -0.00813528 5.21659e-05)
(5.89208e-05 -0.0127936 -0.0154193 -0.0127936 2.30941e-05 -0.0081289 -0.0154193 -0.0081289 5.20098e-05)
(8.39949e-05 -0.0128077 -0.0154316 -0.0128077 3.79762e-05 -0.00813595 -0.0154316 -0.00813595 3.29341e-05)
(3.53224e-05 -0.0127896 -0.015435 -0.0127896 2.13926e-05 -0.0081309 -0.015435 -0.0081309 3.72581e-05)
