/*--------------------------------*- C++ -*----------------------------------*\
  =========                 |
  \\      /  F ield         | OpenFOAM: The Open Source CFD Toolbox
   \\    /   O peration     | Website:  https://openfoam.org
    \\  /    A nd           | Version:  10
     \\/     M anipulation  |
\*---------------------------------------------------------------------------*/
FoamFile
{
    format      ascii;
    class       volTensorField;
    location    "12.5";
    object      TauNN;
}
// * * * * * * * * * * * * * * * * * * * * * * * * * * * * * * * * * * * * * //

dimensions      [0 2 -2 0 0 0 0];

internalField   nonuniform List<tensor> 
25600
(
(0.00149598 -0.0129731 -0.0151311 -0.0129731 0.000156097 -0.00814763 -0.0151311 -0.00814763 0.000118848)
(0.00148957 -0.0129773 -0.0151348 -0.0129773 0.000158609 -0.00815044 -0.0151348 -0.00815044 0.000116848)
(0.00147875 -0.0129815 -0.0151358 -0.0129815 0.000160445 -0.00815321 -0.0151358 -0.00815321 0.000114336)
(0.00148219 -0.0129809 -0.0151354 -0.0129809 0.000160101 -0.00815279 -0.0151354 -0.00815279 0.00011476)
(0.00146484 -0.0129789 -0.01514 -0.0129789 0.000160708 -0.00815165 -0.01514 -0.00815165 0.000115776)
(0.00145229 -0.0129756 -0.0151441 -0.0129756 0.000160667 -0.00814966 -0.0151441 -0.00814966 0.000117456)
(0.00150175 -0.0129793 -0.0151316 -0.0129793 0.000158558 -0.00815182 -0.0151316 -0.00815182 0.00011547)
(0.00149057 -0.0129733 -0.015132 -0.0129733 0.000156665 -0.00814788 -0.015132 -0.00814788 0.000117872)
(0.00149656 -0.0129758 -0.0151318 -0.0129758 0.000157138 -0.00814934 -0.0151318 -0.00814934 0.000118118)
(0.00149692 -0.0129778 -0.0151335 -0.0129778 0.0001583 -0.00815064 -0.0151335 -0.00815064 0.000116955)
(0.00143796 -0.0129722 -0.0151497 -0.0129722 0.000161538 -0.00814806 -0.0151497 -0.00814806 0.000116746)
(0.00143186 -0.0129672 -0.0151495 -0.0129672 0.000159939 -0.00814506 -0.0151495 -0.00814506 0.000118131)
(0.00146993 -0.0129663 -0.0151345 -0.0129663 0.000154786 -0.00814352 -0.0151345 -0.00814352 0.000120764)
(0.00149424 -0.0129767 -0.0151323 -0.0129767 0.000157591 -0.00814995 -0.0151323 -0.00814995 0.000117909)
(0.00148769 -0.012978 -0.0151337 -0.012978 0.000158823 -0.00815102 -0.0151337 -0.00815102 0.000115688)
(0.00144149 -0.0129734 -0.0151484 -0.0129734 0.000161271 -0.00814859 -0.0151484 -0.00814859 0.000117509)
(0.00143629 -0.0129759 -0.015147 -0.0129759 0.000162032 -0.00815026 -0.015147 -0.00815026 0.000115997)
(0.00147731 -0.0129759 -0.0151375 -0.0129759 0.000158899 -0.00814958 -0.0151375 -0.00814958 0.000117465)
(0.00148494 -0.0129772 -0.0151355 -0.0129772 0.000158742 -0.00815034 -0.0151355 -0.00815034 0.000117086)
(0.00146213 -0.0129807 -0.0151404 -0.0129807 0.000161265 -0.00815275 -0.0151404 -0.00815275 0.000115504)
(0.00138771 -0.0129759 -0.01516 -0.0129759 0.000165718 -0.0081509 -0.01516 -0.0081509 0.000115677)
(0.00145238 -0.0129731 -0.0151432 -0.0129731 0.000160114 -0.00814837 -0.0151432 -0.00814837 0.000116605)
(0.00146325 -0.0129717 -0.0151405 -0.0129717 0.000158295 -0.008147 -0.0151405 -0.008147 0.000118912)
(0.0014715 -0.0129802 -0.0151395 -0.0129802 0.000160558 -0.00815224 -0.0151395 -0.00815224 0.000116801)
(0.00147425 -0.0129799 -0.0151389 -0.0129799 0.000160617 -0.00815225 -0.0151389 -0.00815225 0.000115588)
(0.00144774 -0.0129712 -0.0151478 -0.0129712 0.000160268 -0.00814711 -0.0151478 -0.00814711 0.000118305)
(0.00143213 -0.0129691 -0.0151514 -0.0129691 0.000160583 -0.00814593 -0.0151514 -0.00814593 0.000118931)
(0.00146952 -0.0129758 -0.0151377 -0.0129758 0.000159261 -0.00814973 -0.0151377 -0.00814973 0.000116463)
(0.00146931 -0.0129743 -0.0151395 -0.0129743 0.000158916 -0.00814863 -0.0151395 -0.00814863 0.000117936)
(0.00146645 -0.0129763 -0.0151416 -0.0129763 0.000160224 -0.00815008 -0.0151416 -0.00815008 0.000116775)
(0.00131639 -0.0129706 -0.0151769 -0.0129706 0.00016981 -0.008149 -0.0151769 -0.008149 0.000114798)
(0.00138045 -0.0129647 -0.0151603 -0.0129647 0.000163198 -0.00814446 -0.0151603 -0.00814446 0.00011638)
(0.00149081 -0.0129733 -0.0151309 -0.0129733 0.000156116 -0.00814778 -0.0151309 -0.00814778 0.000119088)
(0.00144401 -0.0129723 -0.0151483 -0.0129723 0.000160665 -0.00814772 -0.0151483 -0.00814772 0.000118374)
(0.00139276 -0.0129786 -0.0151528 -0.0129786 0.000164827 -0.00815235 -0.0151528 -0.00815235 0.000114685)
(0.00141574 -0.0129829 -0.0151437 -0.0129829 0.000163407 -0.0081546 -0.0151437 -0.0081546 0.000113632)
(0.00145417 -0.012981 -0.0151398 -0.012981 0.000161723 -0.00815326 -0.0151398 -0.00815326 0.000113714)
(0.00146489 -0.0129723 -0.0151392 -0.0129723 0.000158608 -0.00814766 -0.0151392 -0.00814766 0.000117286)
(0.00147138 -0.0129754 -0.0151373 -0.0129754 0.000158825 -0.00814939 -0.0151373 -0.00814939 0.000117408)
(0.00147032 -0.0129797 -0.0151391 -0.0129797 0.000160624 -0.00815215 -0.0151391 -0.00815215 0.000115879)
(0.000134549 -0.0128228 -0.0154238 -0.0128228 0.000109948 -0.00814915 -0.0154238 -0.00814915 3.66533e-05)
(5.67844e-05 -0.0127956 -0.0154249 -0.0127956 2.22176e-05 -0.00812725 -0.0154249 -0.00812725 5.62705e-05)
(1.22366e-05 -0.0128027 -0.0154423 -0.0128027 4.72188e-05 -0.00810942 -0.0154423 -0.00810942 7.96582e-05)
(6.6781e-05 -0.0127983 -0.0154284 -0.0127983 2.518e-05 -0.00812635 -0.0154284 -0.00812635 6.23277e-05)
(9.33162e-05 -0.0128026 -0.0154261 -0.0128026 5.29319e-05 -0.00813705 -0.0154261 -0.00813705 4.23206e-05)
(0.000591129 -0.0128644 -0.0154406 -0.0128644 0.000117832 -0.00814402 -0.0154406 -0.00814402 3.58872e-05)
(-9.57474e-05 -0.0128274 -0.0154525 -0.0128274 0.000101087 -0.00811056 -0.0154525 -0.00811056 8.14189e-05)
(7.90115e-05 -0.0127961 -0.0154227 -0.0127961 3.32084e-05 -0.00813734 -0.0154227 -0.00813734 7.19266e-05)
(6.74258e-05 -0.0127974 -0.0154248 -0.0127974 2.71839e-05 -0.00813251 -0.0154248 -0.00813251 5.10743e-05)
(0.000224311 -0.0128252 -0.015422 -0.0128252 0.00011879 -0.00814501 -0.015422 -0.00814501 3.82115e-05)
(0.000252644 -0.0128359 -0.0154239 -0.0128359 0.000128674 -0.00814781 -0.0154239 -0.00814781 3.5225e-05)
(-2.01914e-05 -0.0128085 -0.0154465 -0.0128085 6.35107e-05 -0.00810852 -0.0154465 -0.00810852 7.4598e-05)
(0.000102433 -0.0128222 -0.0154205 -0.0128222 8.77392e-05 -0.00815533 -0.0154205 -0.00815533 4.87004e-05)
(7.28969e-05 -0.0128025 -0.0154249 -0.0128025 3.60379e-05 -0.00813722 -0.0154249 -0.00813722 3.73216e-05)
(0.000134419 -0.0128111 -0.0154208 -0.0128111 9.53471e-05 -0.00814873 -0.0154208 -0.00814873 4.66149e-05)
(0.000168368 -0.0128251 -0.0154243 -0.0128251 0.00011892 -0.0081489 -0.0154243 -0.0081489 3.37416e-05)
(0.000252772 -0.0128463 -0.0154241 -0.0128463 0.000130882 -0.00814692 -0.0154241 -0.00814692 3.35174e-05)
(0.000364116 -0.0128514 -0.0154319 -0.0128514 0.000121537 -0.00814306 -0.0154319 -0.00814306 2.77017e-05)
(0.000146187 -0.0128275 -0.0154194 -0.0128275 0.000106373 -0.00814646 -0.0154194 -0.00814646 4.37609e-05)
(8.85564e-05 -0.0128035 -0.0154255 -0.0128035 5.12195e-05 -0.00813564 -0.0154255 -0.00813564 4.40694e-05)
(0.000744755 -0.0128672 -0.0154335 -0.0128672 0.000112355 -0.0081442 -0.0154335 -0.0081442 4.47954e-05)
(0.000310008 -0.0128486 -0.0154263 -0.0128486 0.000127802 -0.00814504 -0.0154263 -0.00814504 3.19057e-05)
(0.000526147 -0.0128605 -0.0154363 -0.0128605 0.000120252 -0.00814352 -0.0154363 -0.00814352 2.98898e-05)
(0.00011719 -0.0128288 -0.0154265 -0.0128288 9.8975e-05 -0.00814266 -0.0154265 -0.00814266 3.09007e-05)
(0.000197104 -0.0128303 -0.0154293 -0.0128303 0.000120342 -0.00814575 -0.0154293 -0.00814575 3.04433e-05)
(0.000517166 -0.0128532 -0.0154394 -0.0128532 0.00011877 -0.00814129 -0.0154394 -0.00814129 2.57468e-05)
(0.000706529 -0.0128646 -0.0154371 -0.0128646 0.000116314 -0.00814336 -0.0154371 -0.00814336 4.67078e-05)
(0.000158016 -0.0128329 -0.0154155 -0.0128329 0.000119967 -0.00815035 -0.0154155 -0.00815035 4.63986e-05)
(0.000823308 -0.0128704 -0.0154329 -0.0128704 0.000112931 -0.00814624 -0.0154329 -0.00814624 5.84378e-05)
(0.000159441 -0.0128241 -0.0154173 -0.0128241 0.000111674 -0.0081482 -0.0154173 -0.0081482 4.61132e-05)
(3.73483e-05 -0.0128066 -0.0154406 -0.0128066 4.22824e-05 -0.00810713 -0.0154406 -0.00810713 9.26457e-05)
(0.000297051 -0.012851 -0.0154092 -0.012851 0.000139075 -0.0081423 -0.0154092 -0.0081423 6.54536e-05)
(0.000353407 -0.0128494 -0.0154421 -0.0128494 0.000128605 -0.00814424 -0.0154421 -0.00814424 2.66515e-05)
(0.000918669 -0.0128753 -0.0154327 -0.0128753 0.000114396 -0.00814822 -0.0154327 -0.00814822 7.87515e-05)
(0.000113052 -0.0128325 -0.015414 -0.0128325 9.54106e-05 -0.0081505 -0.015414 -0.0081505 5.47022e-05)
(-3.51518e-05 -0.0128464 -0.0154204 -0.0128464 0.000103968 -0.00810711 -0.0154204 -0.00810711 9.02711e-05)
(5.46511e-05 -0.0127987 -0.0154299 -0.0127987 2.44713e-05 -0.0081218 -0.0154299 -0.0081218 6.81671e-05)
(0.000408361 -0.0128504 -0.0154299 -0.0128504 0.000126027 -0.00814365 -0.0154299 -0.00814365 2.94087e-05)
(0.000167999 -0.0128416 -0.0154258 -0.0128416 0.000127498 -0.00815023 -0.0154258 -0.00815023 3.18859e-05)
(7.43149e-05 -0.0128068 -0.0154275 -0.0128068 3.70992e-05 -0.00813359 -0.0154275 -0.00813359 3.48685e-05)
(0.000156863 -0.0128282 -0.0154233 -0.0128282 0.000120304 -0.00814974 -0.0154233 -0.00814974 3.52561e-05)
(-2.5536e-05 -0.0128035 -0.0154459 -0.0128035 6.2749e-05 -0.0081129 -0.0154459 -0.0081129 7.42429e-05)
(3.19995e-05 -0.0127924 -0.0154251 -0.0127924 2.61521e-05 -0.00811794 -0.0154251 -0.00811794 8.06851e-05)
(0.000140056 -0.0128143 -0.0154171 -0.0128143 9.90776e-05 -0.00814831 -0.0154171 -0.00814831 5.32923e-05)
(-4.25651e-05 -0.0128123 -0.0154517 -0.0128123 5.32133e-05 -0.00811476 -0.0154517 -0.00811476 6.54247e-05)
(0.000101017 -0.0128242 -0.0154192 -0.0128242 9.41108e-05 -0.00815494 -0.0154192 -0.00815494 4.89136e-05)
(8.3076e-05 -0.012801 -0.0154179 -0.012801 2.7665e-05 -0.00813158 -0.0154179 -0.00813158 6.07833e-05)
(3.70618e-05 -0.0127921 -0.0154263 -0.0127921 2.37304e-05 -0.00812189 -0.0154263 -0.00812189 8.36999e-05)
(7.08231e-05 -0.0127969 -0.0154245 -0.0127969 3.07584e-05 -0.00813456 -0.0154245 -0.00813456 5.87302e-05)
(0.000582697 -0.0128551 -0.0154251 -0.0128551 0.000116209 -0.00813957 -0.0154251 -0.00813957 3.63867e-05)
(3.84059e-05 -0.0127955 -0.0154286 -0.0127955 2.77025e-05 -0.00811837 -0.0154286 -0.00811837 6.20272e-05)
(-7.86889e-05 -0.0128418 -0.0154201 -0.0128418 0.000115595 -0.00811556 -0.0154201 -0.00811556 8.57136e-05)
(5.86791e-05 -0.0127961 -0.0154219 -0.0127961 2.32199e-05 -0.00812344 -0.0154219 -0.00812344 6.30975e-05)
(0.000168913 -0.0128339 -0.015424 -0.0128339 0.000125008 -0.00814976 -0.015424 -0.00814976 3.33941e-05)
(0.000293985 -0.0128387 -0.0154227 -0.0128387 0.000130309 -0.00814621 -0.0154227 -0.00814621 3.62898e-05)
(-7.65728e-05 -0.012844 -0.0154087 -0.012844 0.000121356 -0.00811462 -0.0154087 -0.00811462 9.07076e-05)
(5.59159e-05 -0.0127913 -0.0154165 -0.0127913 3.04811e-05 -0.00813635 -0.0154165 -0.00813635 8.84057e-05)
(0.000292587 -0.0128463 -0.0154243 -0.0128463 0.000123798 -0.00814384 -0.0154243 -0.00814384 3.33811e-05)
(0.0001473 -0.0128329 -0.0154148 -0.0128329 0.000110163 -0.00814748 -0.0154148 -0.00814748 5.14042e-05)
(-1.53333e-05 -0.0128084 -0.0154498 -0.0128084 4.68682e-05 -0.00810952 -0.0154498 -0.00810952 7.34926e-05)
(0.000182615 -0.0128185 -0.0154109 -0.0128185 0.000119616 -0.00814701 -0.0154109 -0.00814701 5.54406e-05)
(7.21923e-05 -0.0127988 -0.0154187 -0.0127988 3.30527e-05 -0.00813829 -0.0154187 -0.00813829 6.37388e-05)
(0.000115742 -0.0128205 -0.0154128 -0.0128205 9.62839e-05 -0.00815596 -0.0154128 -0.00815596 6.77155e-05)
(0.00011199 -0.0128282 -0.0154243 -0.0128282 0.00010829 -0.00815003 -0.0154243 -0.00815003 3.4411e-05)
(8.57593e-05 -0.0128025 -0.0154255 -0.0128025 6.45746e-05 -0.00814744 -0.0154255 -0.00814744 4.73057e-05)
(2.38746e-05 -0.0127879 -0.015431 -0.0127879 2.11545e-05 -0.00812725 -0.015431 -0.00812725 4.58975e-05)
(7.59899e-05 -0.0128106 -0.0154248 -0.0128106 6.2067e-05 -0.00814739 -0.0154248 -0.00814739 3.87991e-05)
(8.89099e-05 -0.012803 -0.0154177 -0.012803 4.6476e-05 -0.00814619 -0.0154177 -0.00814619 8.11341e-05)
(0.000752558 -0.0128664 -0.0154328 -0.0128664 0.000113255 -0.00814416 -0.0154328 -0.00814416 4.50063e-05)
(3.89936e-05 -0.0128029 -0.0154383 -0.0128029 5.70407e-05 -0.00810271 -0.0154383 -0.00810271 9.18025e-05)
(-9.34186e-05 -0.0128375 -0.0154231 -0.0128375 0.000109683 -0.008105 -0.0154231 -0.008105 9.01089e-05)
(3.23253e-05 -0.0128003 -0.015431 -0.0128003 3.60782e-05 -0.00811355 -0.015431 -0.00811355 0.000107453)
(0.000570219 -0.012854 -0.0154425 -0.012854 0.000119086 -0.00813983 -0.0154425 -0.00813983 2.97404e-05)
(0.000165055 -0.0128319 -0.0154233 -0.0128319 0.000124181 -0.00815017 -0.0154233 -0.00815017 3.3966e-05)
(0.000117161 -0.0127972 -0.0153993 -0.0127972 2.94779e-05 -0.00812863 -0.0153993 -0.00812863 8.09852e-05)
(9.39887e-06 -0.0127983 -0.0154338 -0.0127983 5.08478e-05 -0.00810359 -0.0154338 -0.00810359 9.24858e-05)
(2.62346e-05 -0.0127943 -0.0154347 -0.0127943 2.41205e-05 -0.0081185 -0.0154347 -0.0081185 8.24794e-05)
(5.99785e-05 -0.0127933 -0.0154208 -0.0127933 2.67571e-05 -0.00813223 -0.0154208 -0.00813223 7.9765e-05)
(8.76289e-05 -0.0128169 -0.0154232 -0.0128169 5.5132e-05 -0.00814073 -0.0154232 -0.00814073 3.30828e-05)
(6.10399e-05 -0.0127991 -0.0154272 -0.0127991 3.17315e-05 -0.00813536 -0.0154272 -0.00813536 3.57593e-05)
(3.96899e-05 -0.0127938 -0.015427 -0.0127938 2.77337e-05 -0.00812125 -0.015427 -0.00812125 6.03395e-05)
(-5.19308e-05 -0.0128272 -0.015445 -0.0128272 0.000107009 -0.0081142 -0.015445 -0.0081142 7.85942e-05)
(2.65934e-06 -0.0127941 -0.0154315 -0.0127941 3.07708e-05 -0.0081136 -0.0154315 -0.0081136 8.65056e-05)
(0.000308043 -0.0128374 -0.0154156 -0.0128374 0.000122599 -0.00814139 -0.0154156 -0.00814139 4.13666e-05)
(-0.000139382 -0.0128195 -0.0154562 -0.0128195 8.28655e-05 -0.00810603 -0.0154562 -0.00810603 8.33199e-05)
(-7.61431e-05 -0.0128333 -0.0154306 -0.0128333 0.000121311 -0.00810839 -0.0154306 -0.00810839 8.62871e-05)
(0.000139981 -0.0128288 -0.0154046 -0.0128288 0.000115574 -0.00815215 -0.0154046 -0.00815215 7.17923e-05)
(7.56754e-05 -0.0127943 -0.0154199 -0.0127943 3.75802e-05 -0.00814316 -0.0154199 -0.00814316 8.91587e-05)
(4.7625e-05 -0.0127918 -0.0154293 -0.0127918 2.22195e-05 -0.00812412 -0.0154293 -0.00812412 7.70388e-05)
(0.000268084 -0.0128239 -0.0153974 -0.0128239 0.00012647 -0.00813871 -0.0153974 -0.00813871 7.85016e-05)
(2.02474e-05 -0.012796 -0.0154357 -0.012796 4.52829e-05 -0.00812151 -0.0154357 -0.00812151 6.03963e-05)
(4.09958e-05 -0.0127919 -0.0154211 -0.0127919 2.50989e-05 -0.00812136 -0.0154211 -0.00812136 6.70549e-05)
(2.38079e-05 -0.012802 -0.0154422 -0.012802 3.3257e-05 -0.00812028 -0.0154422 -0.00812028 5.63815e-05)
(0.000202794 -0.0128295 -0.0154148 -0.0128295 0.000124294 -0.00814768 -0.0154148 -0.00814768 4.53356e-05)
(0.000221935 -0.0128423 -0.0154217 -0.0128423 0.000134238 -0.00814862 -0.0154217 -0.00814862 3.60463e-05)
(0.000111483 -0.0128465 -0.0153841 -0.0128465 0.000120607 -0.00811893 -0.0153841 -0.00811893 9.38593e-05)
(-0.000137525 -0.0128181 -0.0154583 -0.0128181 7.61414e-05 -0.00810104 -0.0154583 -0.00810104 9.02644e-05)
(0.000177045 -0.0128284 -0.0154145 -0.0128284 0.000115931 -0.00814686 -0.0154145 -0.00814686 5.03258e-05)
(0.000136607 -0.012832 -0.0154092 -0.012832 0.000105965 -0.00814976 -0.0154092 -0.00814976 6.43671e-05)
(-4.90441e-05 -0.0128104 -0.0154511 -0.0128104 5.57533e-05 -0.00810671 -0.0154511 -0.00810671 8.2035e-05)
(-9.17681e-05 -0.0128089 -0.0154487 -0.0128089 6.01812e-05 -0.00810661 -0.0154487 -0.00810661 9.02145e-05)
(-3.68952e-05 -0.0128013 -0.0154375 -0.0128013 5.62379e-05 -0.00810888 -0.0154375 -0.00810888 8.73868e-05)
(2.25605e-05 -0.0127958 -0.015423 -0.0127958 3.68001e-05 -0.00811538 -0.015423 -0.00811538 0.000109739)
(3.19409e-05 -0.0127906 -0.0154155 -0.0127906 3.34992e-05 -0.00811494 -0.0154155 -0.00811494 9.41361e-05)
(-3.30972e-06 -0.0127953 -0.0154312 -0.0127953 3.57818e-05 -0.00811432 -0.0154312 -0.00811432 7.46312e-05)
(-0.000108713 -0.0128493 -0.0154178 -0.0128493 0.000123996 -0.00812493 -0.0154178 -0.00812493 8.18619e-05)
(0.000402085 -0.0128584 -0.0153276 -0.0128584 0.000115142 -0.00812936 -0.0153276 -0.00812936 0.000103835)
(7.54507e-05 -0.0127927 -0.0154202 -0.0127927 4.39665e-05 -0.00814824 -0.0154202 -0.00814824 9.41036e-05)
(5.60935e-05 -0.0127938 -0.0154205 -0.0127938 2.35495e-05 -0.00812295 -0.0154205 -0.00812295 7.2331e-05)
(8.88719e-05 -0.0127961 -0.0154151 -0.0127961 3.86033e-05 -0.00811114 -0.0154151 -0.00811114 9.91454e-05)
(5.15882e-07 -0.0127919 -0.0154283 -0.0127919 2.95045e-05 -0.00811586 -0.0154283 -0.00811586 8.97025e-05)
(0.000158153 -0.0128591 -0.0153612 -0.0128591 0.000120497 -0.00813095 -0.0153612 -0.00813095 9.6224e-05)
(0.000203048 -0.012829 -0.0154188 -0.012829 0.000132047 -0.00814971 -0.0154188 -0.00814971 4.13174e-05)
(0.000658847 -0.012881 -0.0152567 -0.012881 0.00012136 -0.0081395 -0.0152567 -0.0081395 0.00011379)
(3.2312e-05 -0.0128269 -0.0154371 -0.0128269 0.000118568 -0.00810935 -0.0154371 -0.00810935 8.26195e-05)
(0.000358634 -0.0128498 -0.0154145 -0.0128498 0.00013445 -0.00814073 -0.0154145 -0.00814073 5.09318e-05)
(7.07296e-05 -0.0127937 -0.0154217 -0.0127937 3.51204e-05 -0.00814201 -0.0154217 -0.00814201 0.000104738)
(8.92198e-06 -0.0128408 -0.0154013 -0.0128408 0.000109887 -0.008111 -0.0154013 -0.008111 9.33596e-05)
(5.73775e-05 -0.0127985 -0.0154291 -0.0127985 2.5365e-05 -0.00812213 -0.0154291 -0.00812213 5.49576e-05)
(6.50147e-05 -0.0128017 -0.015428 -0.0128017 4.34628e-05 -0.00813897 -0.015428 -0.00813897 3.20734e-05)
(-8.57092e-05 -0.0128272 -0.015449 -0.0128272 0.000108382 -0.00811867 -0.015449 -0.00811867 7.27434e-05)
(-0.000113013 -0.0128228 -0.0154519 -0.0128228 0.000102463 -0.00810864 -0.0154519 -0.00810864 7.91583e-05)
(1.65974e-05 -0.0127912 -0.0154315 -0.0127912 2.56051e-05 -0.00812082 -0.0154315 -0.00812082 9.99698e-05)
(0.000272816 -0.0128313 -0.0154045 -0.0128313 0.000123623 -0.00813937 -0.0154045 -0.00813937 5.82412e-05)
(0.000115459 -0.0128104 -0.0154074 -0.0128104 7.21084e-05 -0.00815674 -0.0154074 -0.00815674 0.000110073)
(0.000225389 -0.0128501 -0.0153587 -0.0128501 0.000115544 -0.00812065 -0.0153587 -0.00812065 9.78503e-05)
(0.000123331 -0.0128123 -0.0154076 -0.0128123 8.58029e-05 -0.00815479 -0.0154076 -0.00815479 0.000100365)
(7.15109e-05 -0.0127942 -0.0154166 -0.0127942 3.33911e-05 -0.0081397 -0.0154166 -0.0081397 0.000104551)
(7.64215e-05 -0.0127934 -0.0154239 -0.0127934 4.19624e-05 -0.00814295 -0.0154239 -0.00814295 6.78796e-05)
(-0.000154809 -0.0128235 -0.0154565 -0.0128235 9.33763e-05 -0.0081074 -0.0154565 -0.0081074 7.95973e-05)
(-3.69161e-05 -0.0128067 -0.0154436 -0.0128067 6.96512e-05 -0.00811442 -0.0154436 -0.00811442 7.75482e-05)
(-6.01478e-06 -0.0128017 -0.0154365 -0.0128017 4.79398e-05 -0.00811028 -0.0154365 -0.00811028 8.10494e-05)
(-1.44018e-05 -0.0128238 -0.0154645 -0.0128238 6.90202e-05 -0.0081309 -0.0154645 -0.0081309 6.03351e-05)
(5.75008e-05 -0.012792 -0.0154226 -0.012792 2.57682e-05 -0.00813186 -0.0154226 -0.00813186 8.4309e-05)
(0.000130522 -0.0128369 -0.0154225 -0.0128369 0.000130667 -0.00815328 -0.0154225 -0.00815328 3.46233e-05)
(4.56186e-05 -0.0127907 -0.0154223 -0.0127907 2.3788e-05 -0.00812643 -0.0154223 -0.00812643 5.70784e-05)
(-0.000172396 -0.0128264 -0.0154588 -0.0128264 8.92863e-05 -0.00810471 -0.0154588 -0.00810471 8.17671e-05)
(0.000127064 -0.0128133 -0.0154179 -0.0128133 9.77033e-05 -0.00814874 -0.0154179 -0.00814874 5.34599e-05)
(0.000117356 -0.0128245 -0.0154064 -0.0128245 9.23857e-05 -0.00815522 -0.0154064 -0.00815522 8.14163e-05)
(-4.40719e-06 -0.0127942 -0.0154291 -0.0127942 3.45799e-05 -0.00811351 -0.0154291 -0.00811351 8.63957e-05)
(6.37791e-05 -0.0128424 -0.0154015 -0.0128424 0.000117613 -0.00812006 -0.0154015 -0.00812006 8.95863e-05)
(-0.000141674 -0.012815 -0.0154559 -0.012815 8.80077e-05 -0.00810279 -0.0154559 -0.00810279 8.87658e-05)
(-3.99594e-05 -0.0128064 -0.0154441 -0.0128064 6.15473e-05 -0.00810327 -0.0154441 -0.00810327 9.94889e-05)
(0.00017478 -0.0128373 -0.0153995 -0.0128373 0.000110847 -0.00811043 -0.0153995 -0.00811043 8.65196e-05)
(1.58703e-05 -0.0127888 -0.0154231 -0.0127888 2.57682e-05 -0.0081208 -0.0154231 -0.0081208 6.75181e-05)
(-5.80378e-05 -0.0128458 -0.0154261 -0.0128458 0.000120077 -0.00812701 -0.0154261 -0.00812701 7.87135e-05)
(0.000555144 -0.012864 -0.0152783 -0.012864 0.000102152 -0.00813579 -0.0152783 -0.00813579 0.000116693)
(6.94737e-05 -0.0127878 -0.0154213 -0.0127878 4.15407e-05 -0.008148 -0.0154213 -0.008148 0.000104228)
(0.000299068 -0.0128485 -0.0153541 -0.0128485 0.000109292 -0.00812204 -0.0153541 -0.00812204 9.88145e-05)
(7.07709e-05 -0.0127913 -0.0154081 -0.0127913 2.79789e-05 -0.00812937 -0.0154081 -0.00812937 8.50607e-05)
(-2.18436e-05 -0.0127985 -0.0154351 -0.0127985 4.45462e-05 -0.00810837 -0.0154351 -0.00810837 9.2295e-05)
(0.000365555 -0.0128739 -0.0153311 -0.0128739 0.000116823 -0.00814456 -0.0153311 -0.00814456 0.000104165)
(1.22082e-05 -0.012801 -0.0154341 -0.012801 4.44809e-05 -0.00810591 -0.0154341 -0.00810591 9.73031e-05)
(0.000380146 -0.0128558 -0.0153494 -0.0128558 0.000122412 -0.00812532 -0.0153494 -0.00812532 9.79534e-05)
(0.000201267 -0.0128458 -0.0153742 -0.0128458 0.000115998 -0.00811844 -0.0153742 -0.00811844 9.50834e-05)
(0.000111858 -0.0128023 -0.0154074 -0.0128023 8.01208e-05 -0.00815656 -0.0154074 -0.00815656 0.000111918)
(0.000116432 -0.0128097 -0.0154076 -0.0128097 6.52166e-05 -0.00815596 -0.0154076 -0.00815596 0.000119926)
(-2.47117e-05 -0.0128363 -0.0154177 -0.0128363 0.000109691 -0.00811021 -0.0154177 -0.00811021 8.99784e-05)
(3.94394e-05 -0.0127974 -0.0154314 -0.0127974 2.62924e-05 -0.00811771 -0.0154314 -0.00811771 7.02659e-05)
(4.41566e-05 -0.0127921 -0.0154235 -0.0127921 2.18887e-05 -0.00812602 -0.0154235 -0.00812602 5.21975e-05)
(6.73844e-05 -0.0127979 -0.0154285 -0.0127979 2.5375e-05 -0.008132 -0.0154285 -0.008132 3.79165e-05)
(4.49717e-05 -0.0127939 -0.0154207 -0.0127939 2.84908e-05 -0.00811429 -0.0154207 -0.00811429 8.81066e-05)
(8.08608e-06 -0.0127995 -0.0154441 -0.0127995 3.29438e-05 -0.00811738 -0.0154441 -0.00811738 0.000113958)
(4.80671e-05 -0.0127911 -0.0154221 -0.0127911 3.12909e-05 -0.00813762 -0.0154221 -0.00813762 0.000120357)
(0.000154312 -0.0128284 -0.0153861 -0.0128284 0.000122837 -0.00814418 -0.0153861 -0.00814418 9.87988e-05)
(-6.00395e-05 -0.0128086 -0.0154488 -0.0128086 7.10729e-05 -0.00810926 -0.0154488 -0.00810926 7.84724e-05)
(8.37117e-05 -0.0127996 -0.0154192 -0.0127996 4.52741e-05 -0.00814751 -0.0154192 -0.00814751 9.08964e-05)
(-2.02756e-05 -0.012801 -0.0154364 -0.012801 4.40787e-05 -0.00810785 -0.0154364 -0.00810785 9.53332e-05)
(9.7496e-05 -0.012803 -0.0154157 -0.012803 6.10452e-05 -0.00815056 -0.0154157 -0.00815056 8.87095e-05)
(-5.4732e-05 -0.0128419 -0.0154214 -0.0128419 0.000119667 -0.00812062 -0.0154214 -0.00812062 8.54363e-05)
(-4.86873e-05 -0.0128034 -0.0154417 -0.0128034 6.61086e-05 -0.00811019 -0.0154417 -0.00811019 8.16863e-05)
(-1.30463e-05 -0.0128036 -0.0154453 -0.0128036 5.01025e-05 -0.00812103 -0.0154453 -0.00812103 5.60006e-05)
(-3.25393e-05 -0.0128232 -0.0154638 -0.0128232 7.17216e-05 -0.00812136 -0.0154638 -0.00812136 6.27179e-05)
(-1.36225e-05 -0.0127997 -0.0154415 -0.0127997 3.55036e-05 -0.00811225 -0.0154415 -0.00811225 8.38168e-05)
(6.15367e-05 -0.0127962 -0.015422 -0.0127962 3.85756e-05 -0.00814 -0.015422 -0.00814 4.43201e-05)
(0.000103556 -0.0128253 -0.0154232 -0.0128253 9.24418e-05 -0.00814944 -0.0154232 -0.00814944 3.92446e-05)
(-0.000145157 -0.0128291 -0.0154565 -0.0128291 8.77055e-05 -0.00811263 -0.0154565 -0.00811263 7.20843e-05)
(5.87917e-05 -0.0127871 -0.0154291 -0.0127871 3.98479e-05 -0.00814029 -0.0154291 -0.00814029 4.55018e-05)
(7.93091e-05 -0.0127887 -0.0154027 -0.0127887 3.18661e-05 -0.00812143 -0.0154027 -0.00812143 9.74448e-05)
(0.000106023 -0.0128233 -0.0154187 -0.0128233 0.000113261 -0.00815638 -0.0154187 -0.00815638 4.74139e-05)
(-2.55968e-05 -0.0128428 -0.015426 -0.0128428 0.000118717 -0.00812564 -0.015426 -0.00812564 7.79822e-05)
(-0.000147908 -0.0128207 -0.0154558 -0.0128207 9.72546e-05 -0.00810516 -0.0154558 -0.00810516 8.43701e-05)
(7.5289e-05 -0.0128299 -0.0154264 -0.0128299 0.000104829 -0.00811187 -0.0154264 -0.00811187 8.70818e-05)
(0.000189046 -0.0128424 -0.0153821 -0.0128424 0.000108075 -0.00811633 -0.0153821 -0.00811633 9.37003e-05)
(1.62184e-05 -0.0127878 -0.0154224 -0.0127878 2.50662e-05 -0.00812213 -0.0154224 -0.00812213 8.02292e-05)
(-7.04693e-05 -0.0128232 -0.015456 -0.0128232 9.58553e-05 -0.00812436 -0.015456 -0.00812436 6.80012e-05)
(-0.000123277 -0.0128307 -0.015455 -0.0128307 9.78276e-05 -0.00811357 -0.015455 -0.00811357 7.46234e-05)
(-0.0001253 -0.0128149 -0.0154572 -0.0128149 7.10545e-05 -0.00810169 -0.0154572 -0.00810169 9.38328e-05)
(8.28372e-05 -0.0128361 -0.0154089 -0.0128361 0.000111027 -0.00811391 -0.0154089 -0.00811391 8.97958e-05)
(6.52403e-05 -0.0127924 -0.0154129 -0.0127924 2.8123e-05 -0.00813247 -0.0154129 -0.00813247 7.17267e-05)
(-0.000126313 -0.0128158 -0.0154551 -0.0128158 9.61355e-05 -0.00810356 -0.0154551 -0.00810356 8.54512e-05)
(-0.000135606 -0.0128467 -0.0154233 -0.0128467 0.000111917 -0.00811498 -0.0154233 -0.00811498 8.83599e-05)
(0.000312046 -0.012855 -0.0153295 -0.012855 0.000102084 -0.00812143 -0.0153295 -0.00812143 0.000102261)
(8.79424e-05 -0.0128024 -0.0154183 -0.0128024 3.48331e-05 -0.00813782 -0.0154183 -0.00813782 5.20509e-05)
(3.34319e-05 -0.0127904 -0.0154212 -0.0127904 2.48972e-05 -0.00812001 -0.0154212 -0.00812001 8.30413e-05)
(-0.000170067 -0.0128299 -0.0154481 -0.0128299 0.000112278 -0.00810146 -0.0154481 -0.00810146 8.6199e-05)
(9.31884e-05 -0.0128015 -0.0154112 -0.0128015 4.59225e-05 -0.00815105 -0.0154112 -0.00815105 0.00012692)
(-1.47182e-05 -0.0128025 -0.0154427 -0.0128025 4.67967e-05 -0.00811373 -0.0154427 -0.00811373 7.28753e-05)
(-2.98075e-05 -0.0128047 -0.0154447 -0.0128047 5.01049e-05 -0.00810525 -0.0154447 -0.00810525 8.9728e-05)
(-4.3238e-05 -0.0128033 -0.0154413 -0.0128033 6.18767e-05 -0.00811 -0.0154413 -0.00811 8.05614e-05)
(0.000226 -0.0128452 -0.0154322 -0.0128452 0.000129427 -0.0081471 -0.0154322 -0.0081471 2.85615e-05)
(6.73051e-05 -0.0127959 -0.015416 -0.0127959 3.3657e-05 -0.00811229 -0.015416 -0.00811229 9.89909e-05)
(8.11003e-05 -0.0127919 -0.0154265 -0.0127919 3.98569e-05 -0.00814598 -0.0154265 -0.00814598 0.000120931)
(4.10213e-05 -0.0127912 -0.0154269 -0.0127912 3.04131e-05 -0.00813444 -0.0154269 -0.00813444 0.000120825)
(7.51439e-05 -0.0127935 -0.0154113 -0.0127935 2.63142e-05 -0.0081267 -0.0154113 -0.0081267 8.83423e-05)
(9.15835e-05 -0.0128016 -0.0154134 -0.0128016 3.63903e-05 -0.0081405 -0.0154134 -0.0081405 9.76961e-05)
(0.000116441 -0.0128123 -0.0154146 -0.0128123 8.50503e-05 -0.00815466 -0.0154146 -0.00815466 7.73053e-05)
(2.55482e-05 -0.0127929 -0.0154257 -0.0127929 2.73475e-05 -0.00811933 -0.0154257 -0.00811933 7.12244e-05)
(7.76944e-05 -0.0127971 -0.0154201 -0.0127971 3.79287e-05 -0.0081413 -0.0154201 -0.0081413 7.43997e-05)
(-1.4528e-05 -0.0127998 -0.0154395 -0.0127998 4.60362e-05 -0.00812235 -0.0154395 -0.00812235 5.86681e-05)
(-0.000151576 -0.0128201 -0.0154532 -0.0128201 0.000102759 -0.00810731 -0.0154532 -0.00810731 8.09667e-05)
(-6.40443e-05 -0.0128184 -0.0154559 -0.0128184 8.16222e-05 -0.00812075 -0.0154559 -0.00812075 5.99353e-05)
(1.86746e-05 -0.0127912 -0.0154282 -0.0127912 2.51107e-05 -0.00811915 -0.0154282 -0.00811915 8.56829e-05)
(1.67623e-05 -0.0127897 -0.0154304 -0.0127897 2.49513e-05 -0.0081219 -0.0154304 -0.0081219 8.63269e-05)
(-8.03348e-05 -0.0128112 -0.0154479 -0.0128112 7.48117e-05 -0.008114 -0.0154479 -0.008114 7.24725e-05)
(7.27586e-05 -0.012798 -0.0154211 -0.012798 2.54206e-05 -0.0081314 -0.0154211 -0.0081314 4.91211e-05)
(-2.29857e-05 -0.0128047 -0.0154473 -0.0128047 3.88976e-05 -0.00811961 -0.0154473 -0.00811961 5.52951e-05)
(-5.01659e-05 -0.0128138 -0.0154515 -0.0128138 5.8062e-05 -0.00813085 -0.0154515 -0.00813085 5.49172e-05)
(-9.35739e-05 -0.0128111 -0.0154492 -0.0128111 8.9182e-05 -0.00810615 -0.0154492 -0.00810615 8.71244e-05)
(0.00053256 -0.012853 -0.0154308 -0.012853 0.000123697 -0.00814041 -0.0154308 -0.00814041 2.95114e-05)
(-8.10236e-06 -0.0128043 -0.0154507 -0.0128043 5.48976e-05 -0.00813024 -0.0154507 -0.00813024 5.76795e-05)
(1.8226e-06 -0.0128002 -0.0154438 -0.0128002 4.4943e-05 -0.00811711 -0.0154438 -0.00811711 6.87527e-05)
(0.000165164 -0.0128338 -0.0154098 -0.0128338 0.000102185 -0.00811422 -0.0154098 -0.00811422 9.15406e-05)
(-5.23003e-05 -0.0128071 -0.0154478 -0.0128071 5.9823e-05 -0.00810355 -0.0154478 -0.00810355 9.21298e-05)
(-9.36139e-05 -0.0128136 -0.0154514 -0.0128136 6.7416e-05 -0.0081138 -0.0154514 -0.0081138 6.80701e-05)
(-5.61984e-05 -0.0128131 -0.015453 -0.0128131 7.63668e-05 -0.00811515 -0.015453 -0.00811515 7.15794e-05)
(4.51258e-05 -0.0127904 -0.0154238 -0.0127904 2.21847e-05 -0.00812869 -0.0154238 -0.00812869 7.13208e-05)
(-6.83394e-05 -0.0128094 -0.0154524 -0.0128094 5.78104e-05 -0.0081035 -0.0154524 -0.0081035 0.000102798)
(-4.17702e-05 -0.0128314 -0.0154294 -0.0128314 0.000108485 -0.00810747 -0.0154294 -0.00810747 8.81144e-05)
(1.84651e-05 -0.0127946 -0.0154287 -0.0127946 3.88736e-05 -0.00811717 -0.0154287 -0.00811717 7.19766e-05)
(3.08808e-05 -0.0127902 -0.0154287 -0.0127902 3.01913e-05 -0.00812158 -0.0154287 -0.00812158 6.68917e-05)
(5.55065e-05 -0.0127986 -0.0154317 -0.0127986 2.32005e-05 -0.00812363 -0.0154317 -0.00812363 5.36991e-05)
(0.000319594 -0.0128615 -0.0153137 -0.0128615 0.000102403 -0.00812616 -0.0153137 -0.00812616 0.000108989)
(-1.88926e-05 -0.0128025 -0.0154436 -0.0128025 4.95087e-05 -0.0081132 -0.0154436 -0.0081132 7.21171e-05)
(2.03433e-05 -0.0127956 -0.0154306 -0.0127956 4.28986e-05 -0.00811118 -0.0154306 -0.00811118 8.59664e-05)
(-0.000111123 -0.0128134 -0.0154571 -0.0128134 7.37618e-05 -0.00810056 -0.0154571 -0.00810056 9.02482e-05)
(7.64218e-05 -0.0127992 -0.0154163 -0.0127992 5.51681e-05 -0.00815449 -0.0154163 -0.00815449 0.000100102)
(5.05636e-05 -0.0127943 -0.0154266 -0.0127943 2.19032e-05 -0.00812463 -0.0154266 -0.00812463 5.68349e-05)
(-7.36663e-05 -0.0128326 -0.0154288 -0.0128326 0.00011136 -0.00810783 -0.0154288 -0.00810783 8.82774e-05)
(-0.000162069 -0.0128273 -0.015452 -0.0128273 0.000104248 -0.00811644 -0.015452 -0.00811644 7.3518e-05)
(0.000223493 -0.012841 -0.0154232 -0.012841 0.000129291 -0.00814745 -0.0154232 -0.00814745 3.35107e-05)
(-5.08703e-05 -0.0128035 -0.0154407 -0.0128035 7.18391e-05 -0.00810217 -0.0154407 -0.00810217 9.11991e-05)
(0.000209961 -0.0128064 -0.0154169 -0.0128064 0.000123565 -0.00814802 -0.0154169 -0.00814802 6.02986e-05)
(9.5941e-05 -0.0128011 -0.0154184 -0.0128011 6.04642e-05 -0.00815286 -0.0154184 -0.00815286 8.35354e-05)
(3.39588e-05 -0.0127985 -0.015437 -0.0127985 5.05294e-05 -0.00811427 -0.015437 -0.00811427 7.38373e-05)
(4.25529e-05 -0.0127987 -0.0154284 -0.0127987 3.24694e-05 -0.00811576 -0.0154284 -0.00811576 0.000105529)
(0.000101849 -0.0128097 -0.0154184 -0.0128097 6.73002e-05 -0.00815328 -0.0154184 -0.00815328 7.65934e-05)
(5.44779e-05 -0.012794 -0.0154249 -0.012794 2.35658e-05 -0.00813062 -0.0154249 -0.00813062 4.67202e-05)
(8.34166e-05 -0.0128039 -0.0154241 -0.0128039 5.68588e-05 -0.0081453 -0.0154241 -0.0081453 4.91184e-05)
(7.49183e-05 -0.0127996 -0.0154216 -0.0127996 3.26296e-05 -0.008137 -0.0154216 -0.008137 4.85652e-05)
(-3.10696e-05 -0.0128265 -0.0154392 -0.0128265 0.0001126 -0.00811201 -0.0154392 -0.00811201 8.28534e-05)
(-3.59001e-05 -0.01285 -0.0153997 -0.01285 0.000116796 -0.00811899 -0.0153997 -0.00811899 9.03779e-05)
(8.54548e-05 -0.0127896 -0.0154253 -0.0127896 4.83588e-05 -0.00814809 -0.0154253 -0.00814809 7.0831e-05)
(5.44679e-05 -0.0127887 -0.0154243 -0.0127887 3.10593e-05 -0.00813895 -0.0154243 -0.00813895 6.50596e-05)
(1.95566e-05 -0.0128007 -0.0154379 -0.0128007 4.21324e-05 -0.00811547 -0.0154379 -0.00811547 6.81492e-05)
(7.33766e-05 -0.0128036 -0.0154239 -0.0128036 3.4769e-05 -0.00813658 -0.0154239 -0.00813658 3.98541e-05)
(5.37919e-05 -0.0127877 -0.0154279 -0.0127877 2.3107e-05 -0.00813146 -0.0154279 -0.00813146 6.18906e-05)
(-0.00014059 -0.0128218 -0.015454 -0.0128218 8.91988e-05 -0.00811238 -0.015454 -0.00811238 7.74429e-05)
(-0.000170686 -0.0128205 -0.0154574 -0.0128205 9.78115e-05 -0.00810318 -0.0154574 -0.00810318 8.50052e-05)
(8.7801e-05 -0.0128075 -0.0154198 -0.0128075 6.56071e-05 -0.00815417 -0.0154198 -0.00815417 6.72792e-05)
(7.64448e-05 -0.012801 -0.0154359 -0.012801 3.14594e-05 -0.00813498 -0.0154359 -0.00813498 3.52098e-05)
(4.22606e-05 -0.0127947 -0.0154365 -0.0127947 2.7117e-05 -0.00812507 -0.0154365 -0.00812507 5.44369e-05)
(-1.80245e-05 -0.0128059 -0.0154482 -0.0128059 7.03902e-05 -0.00810851 -0.0154482 -0.00810851 8.55461e-05)
(4.98051e-05 -0.0127919 -0.0154195 -0.0127919 2.87864e-05 -0.00813047 -0.0154195 -0.00813047 0.000110629)
(-1.17919e-05 -0.0128023 -0.0154443 -0.0128023 4.06983e-05 -0.00812162 -0.0154443 -0.00812162 5.35118e-05)
(-2.42753e-05 -0.0128095 -0.0154492 -0.0128095 6.34578e-05 -0.00810793 -0.0154492 -0.00810793 7.45515e-05)
(-2.72453e-05 -0.0128017 -0.0154417 -0.0128017 4.1712e-05 -0.00810859 -0.0154417 -0.00810859 8.56292e-05)
(7.02065e-05 -0.0127949 -0.0154179 -0.0127949 2.9556e-05 -0.0081349 -0.0154179 -0.0081349 9.27063e-05)
(0.000155999 -0.0128399 -0.01539 -0.0128399 0.000106522 -0.00811512 -0.01539 -0.00811512 9.3633e-05)
(-0.000172065 -0.0128218 -0.0154559 -0.0128218 9.90475e-05 -0.00810492 -0.0154559 -0.00810492 8.22255e-05)
(1.78943e-05 -0.0127888 -0.0154307 -0.0127888 2.47788e-05 -0.00812411 -0.0154307 -0.00812411 5.89727e-05)
(7.41988e-05 -0.0128042 -0.0154348 -0.0128042 3.71293e-05 -0.00813238 -0.0154348 -0.00813238 3.4885e-05)
(-8.45643e-05 -0.0128234 -0.0154595 -0.0128234 8.79802e-05 -0.00811097 -0.0154595 -0.00811097 7.33387e-05)
(-0.00010299 -0.0128314 -0.0154443 -0.0128314 0.000107156 -0.00811277 -0.0154443 -0.00811277 8.07557e-05)
(0.000352819 -0.0128539 -0.0153419 -0.0128539 0.000105898 -0.00812753 -0.0153419 -0.00812753 0.000103929)
(7.83924e-05 -0.0127879 -0.0154272 -0.0127879 4.51725e-05 -0.00814473 -0.0154272 -0.00814473 6.57507e-05)
(6.59535e-05 -0.0127983 -0.0154207 -0.0127983 4.80411e-05 -0.00814892 -0.0154207 -0.00814892 6.77911e-05)
(7.00544e-05 -0.0127944 -0.0154221 -0.0127944 2.79534e-05 -0.00811951 -0.0154221 -0.00811951 6.81307e-05)
(1.68804e-05 -0.0128381 -0.0154139 -0.0128381 0.00011275 -0.00811617 -0.0154139 -0.00811617 8.93973e-05)
(-0.000107085 -0.0128297 -0.0154554 -0.0128297 7.95464e-05 -0.00812338 -0.0154554 -0.00812338 5.92729e-05)
(7.96134e-05 -0.0128007 -0.0154193 -0.0128007 2.7985e-05 -0.00813205 -0.0154193 -0.00813205 5.94204e-05)
(8.46415e-05 -0.0128152 -0.0154162 -0.0128152 6.03145e-05 -0.00815282 -0.0154162 -0.00815282 7.20244e-05)
(-2.50585e-05 -0.0128018 -0.0154446 -0.0128018 3.48062e-05 -0.00811132 -0.0154446 -0.00811132 7.64752e-05)
(9.8775e-05 -0.0128473 -0.0153847 -0.0128473 0.00012049 -0.00812055 -0.0153847 -0.00812055 9.49124e-05)
(-5.709e-06 -0.0128093 -0.0154492 -0.0128093 7.82577e-05 -0.00811891 -0.0154492 -0.00811891 7.37949e-05)
(-2.68793e-05 -0.012804 -0.015443 -0.012804 4.91237e-05 -0.00810757 -0.015443 -0.00810757 8.66225e-05)
(-0.000134116 -0.0128208 -0.0154559 -0.0128208 8.78747e-05 -0.00810892 -0.0154559 -0.00810892 7.44653e-05)
(6.89002e-05 -0.0128017 -0.0154274 -0.0128017 3.76953e-05 -0.0081357 -0.0154274 -0.0081357 3.49063e-05)
(7.81954e-05 -0.0128007 -0.0154188 -0.0128007 4.66398e-05 -0.00814697 -0.0154188 -0.00814697 8.2501e-05)
(0.00010829 -0.0128157 -0.0154177 -0.0128157 5.86113e-05 -0.00814699 -0.0154177 -0.00814699 5.98603e-05)
(4.45425e-05 -0.012794 -0.0154248 -0.012794 5.27911e-05 -0.00810817 -0.0154248 -0.00810817 8.99757e-05)
(-0.000205352 -0.0128347 -0.0154474 -0.0128347 0.000111341 -0.00810989 -0.0154474 -0.00810989 7.85634e-05)
(4.72953e-05 -0.0127847 -0.0154333 -0.0127847 1.94169e-05 -0.00812927 -0.0154333 -0.00812927 3.71592e-05)
(9.18389e-05 -0.0128051 -0.0154246 -0.0128051 7.04929e-05 -0.00814901 -0.0154246 -0.00814901 4.67874e-05)
(-0.000106753 -0.0128318 -0.0154454 -0.0128318 0.000106782 -0.00811267 -0.0154454 -0.00811267 8.22719e-05)
(8.05324e-05 -0.0128047 -0.0154196 -0.0128047 3.61659e-05 -0.00813823 -0.0154196 -0.00813823 5.12337e-05)
(6.66167e-05 -0.012794 -0.0154213 -0.012794 3.06907e-05 -0.0081373 -0.0154213 -0.0081373 8.3219e-05)
(-8.80305e-05 -0.0128091 -0.0154509 -0.0128091 7.29209e-05 -0.00810518 -0.0154509 -0.00810518 8.53794e-05)
(-2.46116e-05 -0.0128071 -0.0154497 -0.0128071 5.67878e-05 -0.0081179 -0.0154497 -0.0081179 6.53338e-05)
(-6.50428e-05 -0.0128174 -0.0154525 -0.0128174 6.9739e-05 -0.00812685 -0.0154525 -0.00812685 5.03505e-05)
(7.82462e-05 -0.0128189 -0.0154265 -0.0128189 7.32451e-05 -0.00814545 -0.0154265 -0.00814545 2.94846e-05)
(4.65357e-05 -0.0127923 -0.0154281 -0.0127923 2.73102e-05 -0.0081231 -0.0154281 -0.0081231 5.97822e-05)
(1.58221e-05 -0.0127954 -0.0154369 -0.0127954 4.18007e-05 -0.00812134 -0.0154369 -0.00812134 6.47175e-05)
(3.76927e-05 -0.0127879 -0.0154241 -0.0127879 2.23344e-05 -0.00813028 -0.0154241 -0.00813028 6.07956e-05)
(4.88946e-05 -0.012792 -0.0154261 -0.012792 2.35307e-05 -0.00813175 -0.0154261 -0.00813175 4.76436e-05)
(6.26283e-05 -0.0127985 -0.0154284 -0.0127985 2.34811e-05 -0.00812986 -0.0154284 -0.00812986 3.84791e-05)
(3.10862e-05 -0.0127885 -0.0154324 -0.0127885 1.8488e-05 -0.00812895 -0.0154324 -0.00812895 3.70306e-05)
(3.33533e-05 -0.0128017 -0.01545 -0.0128017 3.74763e-05 -0.00812516 -0.01545 -0.00812516 5.40409e-05)
(-5.8598e-05 -0.012828 -0.0154431 -0.012828 0.000105205 -0.00810763 -0.0154431 -0.00810763 8.5226e-05)
(-0.000159654 -0.0128195 -0.0154591 -0.0128195 8.8894e-05 -0.00810151 -0.0154591 -0.00810151 8.54873e-05)
(1.17837e-05 -0.012789 -0.0154273 -0.012789 2.5947e-05 -0.00812306 -0.0154273 -0.00812306 6.46629e-05)
(-4.15242e-05 -0.0128069 -0.01545 -0.0128069 6.78044e-05 -0.00811382 -0.01545 -0.00811382 7.49282e-05)
(1.33203e-05 -0.0128066 -0.0154473 -0.0128066 5.0647e-05 -0.00811264 -0.0154473 -0.00811264 7.39311e-05)
(-5.25199e-05 -0.0128114 -0.0154532 -0.0128114 8.24877e-05 -0.0081091 -0.0154532 -0.0081091 8.06169e-05)
(-7.08801e-05 -0.0128442 -0.0154423 -0.0128442 0.000112219 -0.00812903 -0.0154423 -0.00812903 7.12262e-05)
(2.6796e-05 -0.012788 -0.0154376 -0.012788 2.03976e-05 -0.00812206 -0.0154376 -0.00812206 6.88716e-05)
(-0.000148634 -0.0128239 -0.0154517 -0.0128239 0.000105637 -0.00811059 -0.0154517 -0.00811059 7.60427e-05)
(7.24811e-05 -0.0127906 -0.0154162 -0.0127906 3.16956e-05 -0.00811643 -0.0154162 -0.00811643 7.93006e-05)
(-0.000122039 -0.0128169 -0.0154546 -0.0128169 8.94718e-05 -0.00811048 -0.0154546 -0.00811048 7.7501e-05)
(6.29612e-05 -0.0127765 -0.0154339 -0.0127765 2.22291e-05 -0.00813095 -0.0154339 -0.00813095 3.47756e-05)
(-0.000123381 -0.012833 -0.0154476 -0.012833 0.000105721 -0.00811003 -0.0154476 -0.00811003 8.06702e-05)
(0.000142062 -0.0128301 -0.0153913 -0.0128301 0.000107566 -0.00814839 -0.0153913 -0.00814839 0.000104141)
(-0.00016666 -0.0128187 -0.0154603 -0.0128187 9.57215e-05 -0.00810021 -0.0154603 -0.00810021 8.25909e-05)
(0.000536327 -0.0128655 -0.0152815 -0.0128655 0.000110152 -0.00813271 -0.0152815 -0.00813271 0.000108085)
(-0.000135283 -0.0128212 -0.0154533 -0.0128212 9.42647e-05 -0.0081174 -0.0154533 -0.0081174 6.67563e-05)
(3.51737e-05 -0.0127895 -0.0154228 -0.0127895 2.14589e-05 -0.00812543 -0.0154228 -0.00812543 5.95202e-05)
(-0.000150254 -0.0128407 -0.0154302 -0.0128407 0.000115989 -0.00811465 -0.0154302 -0.00811465 8.29025e-05)
(0.000157715 -0.0128146 -0.0154309 -0.0128146 0.000110393 -0.0081421 -0.0154309 -0.0081421 2.90707e-05)
(8.10651e-05 -0.0127971 -0.0154165 -0.0127971 3.89062e-05 -0.00814527 -0.0154165 -0.00814527 0.000119235)
(0.000111497 -0.0128085 -0.0154103 -0.0128085 4.3873e-05 -0.0081441 -0.0154103 -0.0081441 7.98825e-05)
(0.000131758 -0.0127995 -0.0154099 -0.0127995 3.73373e-05 -0.00811275 -0.0154099 -0.00811275 9.60028e-05)
(3.97182e-05 -0.0127873 -0.0154293 -0.0127873 2.3817e-05 -0.00813314 -0.0154293 -0.00813314 4.1404e-05)
(7.42194e-06 -0.0127933 -0.01544 -0.0127933 2.27475e-05 -0.00812375 -0.01544 -0.00812375 3.83358e-05)
