/*--------------------------------*- C++ -*----------------------------------*\
  =========                 |
  \\      /  F ield         | OpenFOAM: The Open Source CFD Toolbox
   \\    /   O peration     | Website:  https://openfoam.org
    \\  /    A nd           | Version:  10
     \\/     M anipulation  |
\*---------------------------------------------------------------------------*/
FoamFile
{
    format      ascii;
    class       volTensorField;
    location    "35";
    object      TauNN;
}
// * * * * * * * * * * * * * * * * * * * * * * * * * * * * * * * * * * * * * //

dimensions      [0 2 -2 0 0 0 0];

internalField   nonuniform List<tensor> 
25600
(
(0.000111212 -0.0127939 -0.0154299 -0.0127939 4.19838e-05 -0.00812786 -0.0154299 -0.00812786 7.3718e-05)
(-3.70297e-05 -0.0128043 -0.0154433 -0.0128043 4.50931e-05 -0.00812244 -0.0154433 -0.00812244 5.66865e-05)
(6.05221e-06 -0.0127931 -0.0154329 -0.0127931 2.76764e-05 -0.00811657 -0.0154329 -0.00811657 9.36008e-05)
(4.3543e-05 -0.0127907 -0.0154137 -0.0127907 3.31734e-05 -0.00811554 -0.0154137 -0.00811554 0.000103024)
(-5.58012e-06 -0.0127968 -0.0154424 -0.0127968 3.7402e-05 -0.00812947 -0.0154424 -0.00812947 4.96475e-05)
(1.08534e-05 -0.0127888 -0.0154377 -0.0127888 2.33303e-05 -0.00813016 -0.0154377 -0.00813016 3.94168e-05)
(3.92541e-05 -0.0127904 -0.0154336 -0.0127904 2.31696e-05 -0.00813064 -0.0154336 -0.00813064 4.55763e-05)
(7.94954e-05 -0.0127957 -0.0154125 -0.0127957 3.27638e-05 -0.00813794 -0.0154125 -0.00813794 9.52949e-05)
(2.53163e-06 -0.0127863 -0.0154281 -0.0127863 2.16362e-05 -0.00812288 -0.0154281 -0.00812288 6.25138e-05)
(1.25736e-05 -0.0127892 -0.015434 -0.0127892 2.15829e-05 -0.00812632 -0.015434 -0.00812632 4.13356e-05)
(4.37837e-05 -0.0127908 -0.0154163 -0.0127908 3.1436e-05 -0.00811776 -0.0154163 -0.00811776 8.65947e-05)
(1.56783e-05 -0.0127908 -0.0154363 -0.0127908 3.41829e-05 -0.00812792 -0.0154363 -0.00812792 5.42068e-05)
(-4.70257e-06 -0.0127923 -0.0154365 -0.0127923 2.63883e-05 -0.00812255 -0.0154365 -0.00812255 5.30019e-05)
(8.4231e-06 -0.0127919 -0.0154275 -0.0127919 2.70142e-05 -0.008117 -0.0154275 -0.008117 8.12622e-05)
(8.07974e-05 -0.0127937 -0.0154121 -0.0127937 2.61639e-05 -0.00813027 -0.0154121 -0.00813027 6.72124e-05)
(3.07151e-05 -0.0127944 -0.0154404 -0.0127944 3.49856e-05 -0.00812905 -0.0154404 -0.00812905 5.78872e-05)
(2.67147e-05 -0.0127894 -0.0154278 -0.0127894 2.31669e-05 -0.00812539 -0.0154278 -0.00812539 5.64634e-05)
(5.2002e-05 -0.012791 -0.0154126 -0.012791 2.77077e-05 -0.00812306 -0.0154126 -0.00812306 0.00010174)
(2.45081e-05 -0.0127906 -0.0154382 -0.0127906 3.01178e-05 -0.00813087 -0.0154382 -0.00813087 4.8353e-05)
(3.52883e-05 -0.012789 -0.0154244 -0.012789 2.54662e-05 -0.00813502 -0.0154244 -0.00813502 5.1658e-05)
(3.39632e-05 -0.0127901 -0.0154324 -0.0127901 2.0896e-05 -0.00813019 -0.0154324 -0.00813019 3.75151e-05)
(1.6269e-05 -0.012788 -0.0154269 -0.012788 2.64583e-05 -0.00812436 -0.0154269 -0.00812436 5.73983e-05)
(-1.06665e-05 -0.0128052 -0.0154423 -0.0128052 4.67973e-05 -0.00811787 -0.0154423 -0.00811787 0.000125018)
(1.96519e-05 -0.0127875 -0.0154195 -0.0127875 2.50674e-05 -0.00812155 -0.0154195 -0.00812155 8.36223e-05)
(-6.9012e-06 -0.0127896 -0.0154384 -0.0127896 2.62568e-05 -0.00812996 -0.0154384 -0.00812996 3.95251e-05)
(3.34995e-05 -0.0127884 -0.0154218 -0.0127884 2.39571e-05 -0.00812784 -0.0154218 -0.00812784 5.90927e-05)
(6.595e-05 -0.0127951 -0.0154232 -0.0127951 2.65468e-05 -0.00813298 -0.0154232 -0.00813298 4.6679e-05)
(6.0468e-05 -0.0127897 -0.0154117 -0.0127897 2.56734e-05 -0.00812516 -0.0154117 -0.00812516 8.57341e-05)
(6.04603e-05 -0.0127904 -0.0154107 -0.0127904 2.57562e-05 -0.00812735 -0.0154107 -0.00812735 8.76964e-05)
(-1.24867e-06 -0.0127924 -0.0154351 -0.0127924 2.68627e-05 -0.00812432 -0.0154351 -0.00812432 4.74223e-05)
(-2.1364e-05 -0.0127967 -0.0154355 -0.0127967 3.56123e-05 -0.00811617 -0.0154355 -0.00811617 7.16562e-05)
(5.48989e-05 -0.0127897 -0.0154092 -0.0127897 2.73071e-05 -0.00813119 -0.0154092 -0.00813119 0.000107225)
(5.07454e-05 -0.0127891 -0.0154183 -0.0127891 2.41537e-05 -0.00812553 -0.0154183 -0.00812553 6.52928e-05)
(3.5073e-05 -0.0127897 -0.0154362 -0.0127897 2.52164e-05 -0.00813227 -0.0154362 -0.00813227 4.44267e-05)
(2.71789e-05 -0.0127861 -0.0154422 -0.0127861 2.25547e-05 -0.00813258 -0.0154422 -0.00813258 4.07323e-05)
(8.08921e-06 -0.0127945 -0.0154301 -0.0127945 3.24127e-05 -0.00811817 -0.0154301 -0.00811817 7.5043e-05)
(8.84982e-05 -0.012797 -0.0154086 -0.012797 3.37877e-05 -0.00813638 -0.0154086 -0.00813638 0.000121568)
(8.28075e-05 -0.012796 -0.0154172 -0.012796 3.96336e-05 -0.00814445 -0.0154172 -0.00814445 9.45732e-05)
(7.07945e-06 -0.0127903 -0.0154287 -0.0127903 2.71323e-05 -0.00811962 -0.0154287 -0.00811962 8.76789e-05)
(4.72917e-05 -0.0127899 -0.0154195 -0.0127899 2.40548e-05 -0.00812651 -0.0154195 -0.00812651 6.75124e-05)
(9.57782e-05 -0.0127942 -0.0154069 -0.0127942 2.9081e-05 -0.00812406 -0.0154069 -0.00812406 9.77942e-05)
(3.72922e-05 -0.0127884 -0.0154211 -0.0127884 2.39082e-05 -0.00812894 -0.0154211 -0.00812894 9.1273e-05)
(1.12304e-05 -0.0127891 -0.0154272 -0.0127891 2.3401e-05 -0.00812019 -0.0154272 -0.00812019 7.36442e-05)
(1.30245e-05 -0.0127873 -0.0154255 -0.0127873 2.17624e-05 -0.00812275 -0.0154255 -0.00812275 6.70599e-05)
(3.40137e-05 -0.0127867 -0.0154217 -0.0127867 2.36508e-05 -0.00812975 -0.0154217 -0.00812975 7.60681e-05)
(4.8518e-05 -0.0127914 -0.015417 -0.0127914 2.93881e-05 -0.00811838 -0.015417 -0.00811838 9.2091e-05)
(2.75743e-05 -0.0127893 -0.0154252 -0.0127893 2.26209e-05 -0.00812429 -0.0154252 -0.00812429 5.94292e-05)
(3.36324e-05 -0.0127853 -0.0154239 -0.0127853 2.38634e-05 -0.00813279 -0.0154239 -0.00813279 7.48705e-05)
(7.25771e-05 -0.0127918 -0.0154135 -0.0127918 2.49592e-05 -0.00812819 -0.0154135 -0.00812819 6.98185e-05)
(5.56036e-05 -0.0127917 -0.0154152 -0.0127917 2.89222e-05 -0.00811888 -0.0154152 -0.00811888 8.90666e-05)
(-1.21524e-05 -0.0127953 -0.0154332 -0.0127953 3.33174e-05 -0.00811264 -0.0154332 -0.00811264 9.68153e-05)
(3.78502e-05 -0.0127886 -0.0154166 -0.0127886 2.48875e-05 -0.00812414 -0.0154166 -0.00812414 8.66078e-05)
(7.79707e-05 -0.012798 -0.0154161 -0.012798 3.46497e-05 -0.00812549 -0.0154161 -0.00812549 0.000120404)
(5.93443e-06 -0.0127903 -0.0154323 -0.0127903 2.28747e-05 -0.00811906 -0.0154323 -0.00811906 7.29648e-05)
(2.50745e-05 -0.0127916 -0.0154192 -0.0127916 3.31925e-05 -0.008115 -0.0154192 -0.008115 0.000102399)
(6.75934e-05 -0.0127978 -0.0154185 -0.0127978 3.75518e-05 -0.00812711 -0.0154185 -0.00812711 0.000127564)
(-7.23279e-06 -0.0127973 -0.0154387 -0.0127973 3.03753e-05 -0.00811247 -0.0154387 -0.00811247 8.34779e-05)
(4.84896e-05 -0.0127978 -0.015424 -0.0127978 3.48408e-05 -0.00812538 -0.015424 -0.00812538 0.000124524)
(3.09468e-05 -0.0127858 -0.0154238 -0.0127858 2.51381e-05 -0.00813208 -0.0154238 -0.00813208 8.76082e-05)
(1.37881e-05 -0.0127891 -0.0154255 -0.0127891 2.51442e-05 -0.00812017 -0.0154255 -0.00812017 7.3461e-05)
(6.12993e-05 -0.0127927 -0.0154188 -0.0127927 2.46032e-05 -0.00813138 -0.0154188 -0.00813138 5.59318e-05)
(0.000100312 -0.0127992 -0.0154092 -0.0127992 2.97294e-05 -0.00813312 -0.0154092 -0.00813312 7.51412e-05)
(5.04856e-05 -0.0127908 -0.0154174 -0.0127908 2.57625e-05 -0.00812809 -0.0154174 -0.00812809 9.36091e-05)
(3.33273e-05 -0.0127827 -0.0154286 -0.0127827 2.63319e-05 -0.00813656 -0.0154286 -0.00813656 8.57096e-05)
(2.69729e-05 -0.0127909 -0.0154234 -0.0127909 2.83893e-05 -0.00812357 -0.0154234 -0.00812357 0.000106089)
(3.17514e-05 -0.012789 -0.0154192 -0.012789 2.47024e-05 -0.00812175 -0.0154192 -0.00812175 7.72782e-05)
(7.8923e-05 -0.0127945 -0.0154107 -0.0127945 3.22395e-05 -0.00812418 -0.0154107 -0.00812418 0.00011599)
(2.89051e-05 -0.0127915 -0.0154225 -0.0127915 2.64247e-05 -0.00811817 -0.0154225 -0.00811817 9.00443e-05)
(5.7598e-05 -0.0127926 -0.0154169 -0.0127926 2.45795e-05 -0.00812994 -0.0154169 -0.00812994 6.52952e-05)
(9.76989e-05 -0.0127988 -0.0154064 -0.0127988 3.60146e-05 -0.00814076 -0.0154064 -0.00814076 0.000110907)
(2.33698e-05 -0.0127894 -0.0154235 -0.0127894 2.58105e-05 -0.00812403 -0.0154235 -0.00812403 0.000102922)
(-1.54266e-05 -0.0128026 -0.0154388 -0.0128026 4.31717e-05 -0.0081104 -0.0154388 -0.0081104 0.000111645)
(3.79817e-05 -0.0127877 -0.0154211 -0.0127877 2.99592e-05 -0.00813648 -0.0154211 -0.00813648 0.0001071)
(4.2038e-05 -0.0127892 -0.0154231 -0.0127892 2.96579e-05 -0.00813886 -0.0154231 -0.00813886 6.70068e-05)
(0.000134312 -0.0128096 -0.0154142 -0.0128096 3.58575e-05 -0.00813643 -0.0154142 -0.00813643 6.03112e-05)
(7.72243e-05 -0.0127946 -0.0154128 -0.0127946 2.61117e-05 -0.00812645 -0.0154128 -0.00812645 8.526e-05)
(2.68961e-05 -0.0127866 -0.01544 -0.0127866 1.81445e-05 -0.00812365 -0.01544 -0.00812365 4.33948e-05)
(2.83046e-05 -0.0127888 -0.0154338 -0.0127888 2.29352e-05 -0.00813169 -0.0154338 -0.00813169 3.70535e-05)
(5.60599e-05 -0.0127934 -0.0154169 -0.0127934 2.66832e-05 -0.00813352 -0.0154169 -0.00813352 6.00068e-05)
(3.91374e-05 -0.0127886 -0.0154204 -0.0127886 2.22779e-05 -0.00812938 -0.0154204 -0.00812938 5.64135e-05)
(0.000130271 -0.0128041 -0.0154026 -0.0128041 3.60531e-05 -0.00813841 -0.0154026 -0.00813841 8.94088e-05)
(4.98342e-05 -0.0127932 -0.0154274 -0.0127932 3.24305e-05 -0.0081373 -0.0154274 -0.0081373 3.85136e-05)
(3.39929e-05 -0.0127874 -0.0154222 -0.0127874 2.29873e-05 -0.00812869 -0.0154222 -0.00812869 7.71473e-05)
(3.06911e-05 -0.0127898 -0.0154214 -0.0127898 2.56034e-05 -0.00812355 -0.0154214 -0.00812355 9.8901e-05)
(6.50104e-05 -0.0127918 -0.015412 -0.0127918 2.62564e-05 -0.00812657 -0.015412 -0.00812657 9.30777e-05)
(5.43968e-05 -0.0127917 -0.0154186 -0.0127917 2.59946e-05 -0.0081327 -0.0154186 -0.0081327 6.23115e-05)
(3.9341e-05 -0.0127828 -0.0154319 -0.0127828 2.71351e-05 -0.00813262 -0.0154319 -0.00813262 2.65835e-05)
(2.52189e-05 -0.0127882 -0.0154277 -0.0127882 2.07618e-05 -0.0081281 -0.0154277 -0.0081281 4.49528e-05)
(5.8987e-05 -0.0127914 -0.0154206 -0.0127914 2.43955e-05 -0.00812915 -0.0154206 -0.00812915 5.70433e-05)
(6.21848e-05 -0.0127994 -0.0154275 -0.0127994 3.75607e-05 -0.00813811 -0.0154275 -0.00813811 3.75326e-05)
(3.7795e-05 -0.0127914 -0.0154299 -0.0127914 2.68464e-05 -0.00813423 -0.0154299 -0.00813423 3.43252e-05)
(4.06647e-05 -0.0127897 -0.015423 -0.0127897 2.2858e-05 -0.00813066 -0.015423 -0.00813066 5.51035e-05)
(5.60232e-05 -0.012791 -0.0154221 -0.012791 3.07618e-05 -0.0081385 -0.0154221 -0.0081385 7.43592e-05)
(6.46655e-05 -0.0127962 -0.0154177 -0.0127962 3.62819e-05 -0.00814302 -0.0154177 -0.00814302 8.82892e-05)
(8.18157e-05 -0.0127923 -0.0154104 -0.0127923 2.88945e-05 -0.00812084 -0.0154104 -0.00812084 9.07529e-05)
(9.19966e-05 -0.0128015 -0.0154096 -0.0128015 4.00079e-05 -0.00814475 -0.0154096 -0.00814475 0.000100245)
(3.60597e-05 -0.01279 -0.0154229 -0.01279 2.73448e-05 -0.00813023 -0.0154229 -0.00813023 0.000108726)
(3.15464e-05 -0.0127823 -0.0154344 -0.0127823 1.8247e-05 -0.00812894 -0.0154344 -0.00812894 3.6784e-05)
(5.86572e-05 -0.0127941 -0.0154243 -0.0127941 2.52733e-05 -0.00813236 -0.0154243 -0.00813236 4.54085e-05)
(2.76604e-05 -0.0127884 -0.0154254 -0.0127884 2.05782e-05 -0.00812649 -0.0154254 -0.00812649 5.21699e-05)
(1.54195e-05 -0.0127911 -0.0154378 -0.0127911 2.1832e-05 -0.00812492 -0.0154378 -0.00812492 4.52807e-05)
(5.93291e-05 -0.0127925 -0.0154177 -0.0127925 2.34162e-05 -0.00812847 -0.0154177 -0.00812847 6.13544e-05)
(2.76156e-05 -0.0127865 -0.0154246 -0.0127865 2.13859e-05 -0.00813005 -0.0154246 -0.00813005 6.34799e-05)
(4.35218e-05 -0.0127905 -0.0154185 -0.0127905 2.55345e-05 -0.00812167 -0.0154185 -0.00812167 8.42097e-05)
(5.94858e-05 -0.0127905 -0.0154132 -0.0127905 2.38239e-05 -0.00812777 -0.0154132 -0.00812777 7.3179e-05)
(-3.94736e-05 -0.0127993 -0.0154389 -0.0127993 4.86116e-05 -0.00810975 -0.0154389 -0.00810975 8.62365e-05)
(7.95101e-05 -0.0127957 -0.0154123 -0.0127957 3.45482e-05 -0.00812306 -0.0154123 -0.00812306 0.000118968)
(4.09541e-05 -0.012789 -0.0154191 -0.012789 2.45756e-05 -0.00813244 -0.0154191 -0.00813244 7.08993e-05)
(3.77041e-05 -0.0127852 -0.015432 -0.0127852 2.68522e-05 -0.00813239 -0.015432 -0.00813239 2.55695e-05)
(5.06033e-05 -0.012794 -0.0154309 -0.012794 3.36939e-05 -0.0081357 -0.0154309 -0.0081357 3.26301e-05)
(0.00012094 -0.012798 -0.0154038 -0.012798 2.90523e-05 -0.00813137 -0.0154038 -0.00813137 7.97936e-05)
(3.60263e-05 -0.0127881 -0.0154202 -0.0127881 2.53017e-05 -0.00813335 -0.0154202 -0.00813335 8.28623e-05)
(2.05501e-05 -0.0127918 -0.0154441 -0.0127918 2.48478e-05 -0.00811789 -0.0154441 -0.00811789 8.40026e-05)
(1.49179e-05 -0.0128016 -0.0154341 -0.0128016 4.06581e-05 -0.00811337 -0.0154341 -0.00811337 0.000114443)
(4.27139e-05 -0.01279 -0.0154276 -0.01279 2.32641e-05 -0.00812897 -0.0154276 -0.00812897 4.67077e-05)
(8.58929e-05 -0.0128049 -0.0154188 -0.0128049 3.85427e-05 -0.00814024 -0.0154188 -0.00814024 5.28742e-05)
(5.95886e-05 -0.0127962 -0.0154288 -0.0127962 2.89127e-05 -0.00813463 -0.0154288 -0.00813463 3.96734e-05)
(-1.31786e-06 -0.0127937 -0.0154378 -0.0127937 2.60276e-05 -0.00812223 -0.0154378 -0.00812223 5.24172e-05)
(4.25979e-05 -0.0127869 -0.0154258 -0.0127869 2.61114e-05 -0.00813411 -0.0154258 -0.00813411 8.83861e-05)
(9.81095e-05 -0.0127983 -0.0154112 -0.0127983 2.86273e-05 -0.00813281 -0.0154112 -0.00813281 6.69492e-05)
(7.68281e-05 -0.0127976 -0.0154125 -0.0127976 3.58529e-05 -0.00814211 -0.0154125 -0.00814211 9.7651e-05)
(6.86649e-05 -0.0128001 -0.0154193 -0.0128001 4.41966e-05 -0.00814624 -0.0154193 -0.00814624 7.06593e-05)
(8.62793e-05 -0.0128041 -0.0154137 -0.0128041 4.01789e-05 -0.00814276 -0.0154137 -0.00814276 6.99286e-05)
(2.71076e-05 -0.0127878 -0.0154327 -0.0127878 2.01762e-05 -0.00812958 -0.0154327 -0.00812958 4.25122e-05)
(1.7145e-05 -0.0127892 -0.0154334 -0.0127892 2.06462e-05 -0.00812687 -0.0154334 -0.00812687 3.70856e-05)
(3.99871e-05 -0.0127872 -0.0154302 -0.0127872 2.95222e-05 -0.00813535 -0.0154302 -0.00813535 3.23539e-05)
(4.02538e-05 -0.0127921 -0.0154401 -0.0127921 2.8225e-05 -0.00813333 -0.0154401 -0.00813333 3.8553e-05)
(5.57799e-05 -0.0127892 -0.015413 -0.0127892 2.50555e-05 -0.00812301 -0.015413 -0.00812301 8.05343e-05)
(4.29044e-05 -0.0127913 -0.0154269 -0.0127913 3.12469e-05 -0.00813768 -0.0154269 -0.00813768 4.16834e-05)
(3.36927e-05 -0.0127865 -0.0154255 -0.0127865 2.26649e-05 -0.00813243 -0.0154255 -0.00813243 5.5908e-05)
(4.95278e-05 -0.0127895 -0.0154171 -0.0127895 2.38134e-05 -0.00812901 -0.0154171 -0.00812901 7.23655e-05)
(4.74885e-05 -0.01279 -0.0154206 -0.01279 2.43931e-05 -0.008132 -0.0154206 -0.008132 6.27114e-05)
(6.19012e-05 -0.0127931 -0.0154206 -0.0127931 3.67931e-05 -0.00814318 -0.0154206 -0.00814318 7.8822e-05)
(4.37589e-05 -0.0127885 -0.0154187 -0.0127885 2.53434e-05 -0.00812287 -0.0154187 -0.00812287 7.21828e-05)
(3.69741e-05 -0.012791 -0.01543 -0.012791 2.69955e-05 -0.00812703 -0.01543 -0.00812703 5.63359e-05)
(4.35602e-05 -0.0127914 -0.0154316 -0.0127914 2.91974e-05 -0.00813412 -0.0154316 -0.00813412 3.18405e-05)
(4.8812e-05 -0.0127929 -0.0154203 -0.0127929 3.08523e-05 -0.00813913 -0.0154203 -0.00813913 6.99402e-05)
(3.51822e-05 -0.0127889 -0.0154196 -0.0127889 2.45633e-05 -0.00812551 -0.0154196 -0.00812551 9.1108e-05)
(-1.00215e-05 -0.0127954 -0.0154387 -0.0127954 3.32151e-05 -0.00812089 -0.0154387 -0.00812089 5.83308e-05)
(7.74427e-05 -0.0128102 -0.0154249 -0.0128102 5.09918e-05 -0.00814234 -0.0154249 -0.00814234 3.84563e-05)
(3.25252e-05 -0.0127906 -0.015421 -0.0127906 2.9068e-05 -0.00811737 -0.015421 -0.00811737 7.93011e-05)
(2.78744e-05 -0.0127892 -0.0154278 -0.0127892 2.37986e-05 -0.00812571 -0.0154278 -0.00812571 5.65774e-05)
(6.15136e-05 -0.0127926 -0.0154183 -0.0127926 2.44773e-05 -0.00812956 -0.0154183 -0.00812956 6.4156e-05)
(-1.10376e-05 -0.0127949 -0.015436 -0.0127949 2.97683e-05 -0.00811528 -0.015436 -0.00811528 7.71357e-05)
(8.27026e-05 -0.0127942 -0.0154143 -0.0127942 2.61394e-05 -0.00813036 -0.0154143 -0.00813036 6.86733e-05)
(5.73913e-05 -0.0127908 -0.0154227 -0.0127908 2.41058e-05 -0.00812748 -0.0154227 -0.00812748 6.05593e-05)
(2.15718e-05 -0.0127869 -0.0154362 -0.0127869 2.06373e-05 -0.00812277 -0.0154362 -0.00812277 6.68111e-05)
(1.20865e-05 -0.0127902 -0.0154392 -0.0127902 2.34117e-05 -0.00811971 -0.0154392 -0.00811971 6.74649e-05)
(-3.67638e-05 -0.0128005 -0.0154387 -0.0128005 4.22944e-05 -0.00811058 -0.0154387 -0.00811058 8.9549e-05)
(0.000107294 -0.0127919 -0.0154081 -0.0127919 3.25602e-05 -0.00811853 -0.0154081 -0.00811853 9.01019e-05)
(5.90261e-05 -0.0127914 -0.0154119 -0.0127914 2.71766e-05 -0.00812695 -0.0154119 -0.00812695 0.000104709)
(5.84963e-05 -0.0127942 -0.0154154 -0.0127942 3.07895e-05 -0.00813843 -0.0154154 -0.00813843 7.80901e-05)
(5.58967e-05 -0.012794 -0.0154397 -0.012794 3.76291e-05 -0.00812917 -0.0154397 -0.00812917 5.95243e-05)
(-3.76253e-06 -0.0127994 -0.0154417 -0.0127994 3.41916e-05 -0.00812346 -0.0154417 -0.00812346 5.18826e-05)
(-3.75931e-07 -0.012796 -0.0154324 -0.012796 3.27093e-05 -0.0081138 -0.0154324 -0.0081138 8.78594e-05)
(3.27684e-05 -0.0127877 -0.0154195 -0.0127877 2.47587e-05 -0.00812808 -0.0154195 -0.00812808 9.02433e-05)
(3.16722e-05 -0.0127882 -0.0154207 -0.0127882 2.08918e-05 -0.00812616 -0.0154207 -0.00812616 5.59383e-05)
(2.73974e-05 -0.0127916 -0.0154225 -0.0127916 3.16128e-05 -0.00811493 -0.0154225 -0.00811493 8.54415e-05)
(-4.06705e-05 -0.0128051 -0.015446 -0.0128051 4.34797e-05 -0.00810843 -0.015446 -0.00810843 8.71899e-05)
(3.33088e-05 -0.0127913 -0.0154226 -0.0127913 2.85839e-05 -0.00811853 -0.0154226 -0.00811853 7.7757e-05)
(3.71647e-05 -0.0127855 -0.0154296 -0.0127855 2.23221e-05 -0.00813249 -0.0154296 -0.00813249 4.48509e-05)
(2.0266e-05 -0.0127877 -0.0154262 -0.0127877 2.32853e-05 -0.00812379 -0.0154262 -0.00812379 8.32143e-05)
(9.8496e-05 -0.0127964 -0.0154035 -0.0127964 3.316e-05 -0.00813702 -0.0154035 -0.00813702 0.000108788)
(9.29151e-05 -0.0128069 -0.0154155 -0.0128069 4.24405e-05 -0.00814299 -0.0154155 -0.00814299 5.92658e-05)
(4.34508e-06 -0.0127894 -0.0154303 -0.0127894 2.39825e-05 -0.00812128 -0.0154303 -0.00812128 6.44878e-05)
(-2.19483e-05 -0.0128024 -0.015443 -0.0128024 3.92663e-05 -0.00811083 -0.015443 -0.00811083 0.000107003)
(1.49283e-05 -0.0127939 -0.0154253 -0.0127939 3.81698e-05 -0.00811133 -0.0154253 -0.00811133 9.24189e-05)
(-2.19005e-05 -0.0127986 -0.0154371 -0.0127986 3.97253e-05 -0.00811148 -0.0154371 -0.00811148 8.15106e-05)
(4.95538e-05 -0.01279 -0.0154202 -0.01279 2.8099e-05 -0.00813653 -0.0154202 -0.00813653 7.50968e-05)
(8.86893e-05 -0.0127923 -0.0154088 -0.0127923 2.6478e-05 -0.00812665 -0.0154088 -0.00812665 7.89857e-05)
(1.54139e-05 -0.0127904 -0.0154291 -0.0127904 2.78541e-05 -0.00812242 -0.0154291 -0.00812242 6.24801e-05)
(-2.63067e-05 -0.0128056 -0.0154464 -0.0128056 3.94784e-05 -0.00812001 -0.0154464 -0.00812001 5.55283e-05)
(2.12084e-05 -0.0127918 -0.0154268 -0.0127918 3.31641e-05 -0.00811829 -0.0154268 -0.00811829 7.35124e-05)
(0.000110651 -0.0127919 -0.0154182 -0.0127919 3.35102e-05 -0.00812502 -0.0154182 -0.00812502 7.2751e-05)
(3.41047e-05 -0.0127877 -0.0154257 -0.0127877 2.18821e-05 -0.00813125 -0.0154257 -0.00813125 5.30419e-05)
(1.38741e-05 -0.0127845 -0.0154275 -0.0127845 2.01898e-05 -0.00812625 -0.0154275 -0.00812625 7.92683e-05)
(2.83718e-05 -0.0127895 -0.0154244 -0.0127895 2.84311e-05 -0.00812096 -0.0154244 -0.00812096 7.3266e-05)
(9.86393e-05 -0.0128007 -0.0154093 -0.0128007 3.64646e-05 -0.00814065 -0.0154093 -0.00814065 9.35223e-05)
(3.66735e-05 -0.0127826 -0.015429 -0.0127826 2.35303e-05 -0.00813461 -0.015429 -0.00813461 6.78475e-05)
(-6.54932e-05 -0.0128077 -0.0154473 -0.0128077 5.81234e-05 -0.00811182 -0.0154473 -0.00811182 7.74254e-05)
(7.4714e-05 -0.0128036 -0.0154306 -0.0128036 3.51682e-05 -0.00813622 -0.0154306 -0.00813622 3.64902e-05)
(2.78083e-05 -0.0127865 -0.0154213 -0.0127865 2.41733e-05 -0.00812919 -0.0154213 -0.00812919 9.08152e-05)
(3.54512e-05 -0.012788 -0.0154227 -0.012788 2.209e-05 -0.00813001 -0.0154227 -0.00813001 5.9406e-05)
(4.70767e-05 -0.0127905 -0.0154275 -0.0127905 2.38891e-05 -0.0081314 -0.0154275 -0.0081314 4.84052e-05)
(4.19193e-06 -0.0127959 -0.0154292 -0.0127959 3.75136e-05 -0.00811092 -0.0154292 -0.00811092 9.39448e-05)
(5.93407e-05 -0.0128003 -0.0154268 -0.0128003 3.76485e-05 -0.00813828 -0.0154268 -0.00813828 3.97016e-05)
(6.77871e-05 -0.0127917 -0.0154177 -0.0127917 2.53119e-05 -0.00812675 -0.0154177 -0.00812675 6.69882e-05)
(8.0293e-05 -0.0127944 -0.0154151 -0.0127944 2.64148e-05 -0.00812991 -0.0154151 -0.00812991 6.37109e-05)
(-8.00175e-05 -0.0128073 -0.015449 -0.0128073 5.89475e-05 -0.00810343 -0.015449 -0.00810343 9.67812e-05)
(2.95952e-06 -0.0127901 -0.0154349 -0.0127901 2.41185e-05 -0.00811864 -0.0154349 -0.00811864 9.15381e-05)
(7.5165e-05 -0.0128042 -0.0154231 -0.0128042 6.34421e-05 -0.00815118 -0.0154231 -0.00815118 5.74853e-05)
(6.51141e-05 -0.0127912 -0.0154192 -0.0127912 2.63511e-05 -0.0081267 -0.0154192 -0.0081267 6.33671e-05)
(4.1067e-05 -0.0127905 -0.0154214 -0.0127905 2.2459e-05 -0.00812789 -0.0154214 -0.00812789 4.90784e-05)
(4.02742e-05 -0.0127905 -0.0154258 -0.0127905 2.73552e-05 -0.00813518 -0.0154258 -0.00813518 4.16964e-05)
(1.317e-05 -0.0127865 -0.0154332 -0.0127865 1.94954e-05 -0.00812777 -0.0154332 -0.00812777 3.93206e-05)
(3.95416e-05 -0.0127885 -0.0154164 -0.0127885 2.54164e-05 -0.00813212 -0.0154164 -0.00813212 8.7743e-05)
(0.000103801 -0.0127938 -0.0154046 -0.0127938 2.75678e-05 -0.00812459 -0.0154046 -0.00812459 8.15122e-05)
(7.83593e-05 -0.0128013 -0.0154188 -0.0128013 3.51958e-05 -0.00813879 -0.0154188 -0.00813879 5.51325e-05)
(-9.18282e-07 -0.0127935 -0.0154385 -0.0127935 2.42791e-05 -0.00812305 -0.0154385 -0.00812305 4.55402e-05)
(-5.31819e-05 -0.0128098 -0.0154491 -0.0128098 4.84974e-05 -0.0081125 -0.0154491 -0.0081125 6.71076e-05)
(3.01845e-05 -0.0127832 -0.0154358 -0.0127832 1.84234e-05 -0.00812952 -0.0154358 -0.00812952 3.24106e-05)
(2.67013e-05 -0.0127923 -0.0154439 -0.0127923 2.73604e-05 -0.00813258 -0.0154439 -0.00813258 4.67514e-05)
(-1.16543e-06 -0.0127923 -0.0154306 -0.0127923 2.97804e-05 -0.00811791 -0.0154306 -0.00811791 7.2213e-05)
(6.68373e-05 -0.0127904 -0.0154088 -0.0127904 2.57805e-05 -0.00812625 -0.0154088 -0.00812625 8.82525e-05)
(8.0041e-05 -0.0127922 -0.0154173 -0.0127922 2.64144e-05 -0.00812606 -0.0154173 -0.00812606 6.56832e-05)
(2.86425e-05 -0.0127897 -0.0154211 -0.0127897 2.52538e-05 -0.00812017 -0.0154211 -0.00812017 8.4762e-05)
(6.23067e-05 -0.0127912 -0.0154109 -0.0127912 2.83197e-05 -0.00812242 -0.0154109 -0.00812242 0.000101191)
(5.02224e-05 -0.0127829 -0.0154308 -0.0127829 2.99381e-05 -0.00813827 -0.0154308 -0.00813827 4.8932e-05)
(2.71312e-05 -0.0127858 -0.0154341 -0.0127858 1.87347e-05 -0.00812515 -0.0154341 -0.00812515 5.78046e-05)
(0.0001008 -0.0127955 -0.0154034 -0.0127955 3.06252e-05 -0.00813013 -0.0154034 -0.00813013 0.000106857)
(0.000134751 -0.0128017 -0.0154007 -0.0128017 3.74112e-05 -0.00813911 -0.0154007 -0.00813911 0.000128324)
(6.0976e-05 -0.0127922 -0.0154138 -0.0127922 2.55056e-05 -0.00812869 -0.0154138 -0.00812869 8.67891e-05)
(2.70045e-05 -0.0127895 -0.0154246 -0.0127895 2.58781e-05 -0.00812515 -0.0154246 -0.00812515 0.000100818)
(4.9439e-05 -0.0127886 -0.0154223 -0.0127886 3.30286e-05 -0.00814224 -0.0154223 -0.00814224 0.00010908)
(5.98862e-05 -0.0127873 -0.0154318 -0.0127873 3.82917e-05 -0.00813543 -0.0154318 -0.00813543 3.56368e-05)
(7.92066e-05 -0.012795 -0.0154178 -0.012795 2.73915e-05 -0.00813239 -0.0154178 -0.00813239 6.73913e-05)
(5.4843e-05 -0.0127869 -0.0154256 -0.0127869 3.46508e-05 -0.00814191 -0.0154256 -0.00814191 6.64549e-05)
(3.91692e-05 -0.0127811 -0.0154346 -0.0127811 1.79239e-05 -0.00812852 -0.0154346 -0.00812852 4.13738e-05)
(0.000129147 -0.0128325 -0.0154141 -0.0128325 8.48599e-05 -0.00815241 -0.0154141 -0.00815241 5.82459e-05)
(4.61575e-05 -0.0127898 -0.015417 -0.0127898 2.4572e-05 -0.00812168 -0.015417 -0.00812168 7.23943e-05)
(2.11626e-05 -0.0127859 -0.0154369 -0.0127859 1.86692e-05 -0.00812402 -0.0154369 -0.00812402 5.2809e-05)
(6.07245e-05 -0.012793 -0.01543 -0.012793 2.47427e-05 -0.00813129 -0.01543 -0.00813129 5.06563e-05)
(5.25921e-05 -0.01279 -0.0154164 -0.01279 2.41746e-05 -0.00812589 -0.0154164 -0.00812589 7.16074e-05)
(3.97003e-05 -0.012791 -0.0154183 -0.012791 3.30697e-05 -0.0081138 -0.0154183 -0.0081138 8.73101e-05)
(-2.33635e-05 -0.0127989 -0.0154384 -0.0127989 4.58918e-05 -0.00811495 -0.0154384 -0.00811495 7.02013e-05)
(2.82322e-05 -0.0127901 -0.0154377 -0.0127901 2.21954e-05 -0.00813045 -0.0154377 -0.00813045 4.11998e-05)
(2.70198e-05 -0.0127905 -0.0154337 -0.0127905 2.1309e-05 -0.00812835 -0.0154337 -0.00812835 4.06308e-05)
(4.10039e-05 -0.0127897 -0.0154217 -0.0127897 2.34478e-05 -0.00813166 -0.0154217 -0.00813166 5.629e-05)
(5.2896e-05 -0.0127923 -0.0154165 -0.0127923 3.31949e-05 -0.00814184 -0.0154165 -0.00814184 0.000101486)
(5.92101e-05 -0.0127824 -0.0154432 -0.0127824 2.19343e-05 -0.00812632 -0.0154432 -0.00812632 8.37195e-05)
(6.80661e-05 -0.0127973 -0.015422 -0.0127973 3.30039e-05 -0.0081379 -0.015422 -0.0081379 5.11311e-05)
(0.000133038 -0.0128082 -0.0154167 -0.0128082 3.18826e-05 -0.00813409 -0.0154167 -0.00813409 5.08342e-05)
(4.54064e-05 -0.0127921 -0.0154232 -0.0127921 2.36384e-05 -0.00813178 -0.0154232 -0.00813178 4.97916e-05)
(7.30097e-05 -0.0128073 -0.0154264 -0.0128073 7.15569e-05 -0.00815093 -0.0154264 -0.00815093 4.37434e-05)
(4.61661e-05 -0.0127898 -0.0154202 -0.0127898 2.67548e-05 -0.0081354 -0.0154202 -0.0081354 7.32468e-05)
(-2.91528e-05 -0.012803 -0.0154405 -0.012803 4.66705e-05 -0.00810904 -0.0154405 -0.00810904 9.54137e-05)
(6.51956e-05 -0.0128002 -0.0154264 -0.0128002 5.10555e-05 -0.00814417 -0.0154264 -0.00814417 4.15125e-05)
(7.55425e-05 -0.0128141 -0.0154253 -0.0128141 6.09455e-05 -0.00814454 -0.0154253 -0.00814454 3.66315e-05)
(9.82594e-05 -0.0127995 -0.0154166 -0.0127995 2.79659e-05 -0.00813266 -0.0154166 -0.00813266 5.89586e-05)
(3.56383e-05 -0.0127821 -0.0154343 -0.0127821 2.39439e-05 -0.00813011 -0.0154343 -0.00813011 2.69316e-05)
(6.28432e-05 -0.0127914 -0.0154138 -0.0127914 2.56324e-05 -0.00812467 -0.0154138 -0.00812467 8.40696e-05)
(4.37386e-05 -0.012791 -0.0154282 -0.012791 2.24942e-05 -0.00812914 -0.0154282 -0.00812914 4.76321e-05)
(3.54161e-06 -0.0127967 -0.0154356 -0.0127967 4.44729e-05 -0.00811532 -0.0154356 -0.00811532 7.48324e-05)
(5.38076e-05 -0.0127906 -0.0154205 -0.0127906 2.58789e-05 -0.00812307 -0.0154205 -0.00812307 6.7934e-05)
(2.27249e-05 -0.0127878 -0.0154373 -0.0127878 2.10589e-05 -0.00813117 -0.0154373 -0.00813117 3.89048e-05)
(1.46213e-05 -0.0127877 -0.0154311 -0.0127877 2.03766e-05 -0.00812476 -0.0154311 -0.00812476 5.27289e-05)
(4.90669e-05 -0.0127858 -0.0154267 -0.0127858 2.72721e-05 -0.00813681 -0.0154267 -0.00813681 7.01154e-05)
(5.62616e-05 -0.0127854 -0.0154313 -0.0127854 3.74997e-05 -0.00813584 -0.0154313 -0.00813584 3.41538e-05)
(3.59645e-05 -0.0127937 -0.0154437 -0.0127937 3.14753e-05 -0.00813078 -0.0154437 -0.00813078 5.51424e-05)
(5.71972e-05 -0.0127908 -0.0154263 -0.0127908 3.28302e-05 -0.00812191 -0.0154263 -0.00812191 6.95014e-05)
(6.09966e-05 -0.012793 -0.0154135 -0.012793 2.86732e-05 -0.00813368 -0.0154135 -0.00813368 0.000105666)
(4.28248e-05 -0.0127879 -0.0154278 -0.0127879 2.88015e-05 -0.00813693 -0.0154278 -0.00813693 4.61339e-05)
(1.38773e-05 -0.0127911 -0.0154255 -0.0127911 2.75111e-05 -0.00811825 -0.0154255 -0.00811825 8.58184e-05)
(5.81584e-05 -0.0127917 -0.0154139 -0.0127917 2.85993e-05 -0.00813057 -0.0154139 -0.00813057 0.000108423)
(5.49613e-05 -0.0127909 -0.0154164 -0.0127909 2.72477e-05 -0.00812909 -0.0154164 -0.00812909 9.52476e-05)
(4.57743e-05 -0.0127884 -0.0154226 -0.0127884 2.92815e-05 -0.0081377 -0.0154226 -0.0081377 9.13599e-05)
(2.7521e-05 -0.0127911 -0.0154327 -0.0127911 2.71923e-05 -0.00812586 -0.0154327 -0.00812586 5.47854e-05)
(-7.47035e-05 -0.0128083 -0.0154471 -0.0128083 6.09519e-05 -0.00811054 -0.0154471 -0.00811054 7.70303e-05)
(2.75296e-05 -0.0127885 -0.0154316 -0.0127885 2.13158e-05 -0.0081313 -0.0154316 -0.0081313 3.05127e-05)
(9.07301e-05 -0.0128484 -0.0154357 -0.0128484 0.000121904 -0.00814798 -0.0154357 -0.00814798 3.23271e-05)
(1.47303e-05 -0.012796 -0.0154349 -0.012796 4.00819e-05 -0.00811982 -0.0154349 -0.00811982 7.03784e-05)
(9.84349e-06 -0.0127923 -0.0154441 -0.0127923 2.63143e-05 -0.00813184 -0.0154441 -0.00813184 4.29407e-05)
(5.90304e-05 -0.0127932 -0.0154319 -0.0127932 2.52021e-05 -0.00813088 -0.0154319 -0.00813088 4.5811e-05)
(9.17375e-05 -0.012799 -0.0154294 -0.012799 2.73699e-05 -0.00813231 -0.0154294 -0.00813231 4.21285e-05)
(6.15546e-05 -0.0127971 -0.0154295 -0.0127971 6.10044e-05 -0.00814091 -0.0154295 -0.00814091 3.03911e-05)
(-4.92231e-05 -0.0128092 -0.0154494 -0.0128092 4.91999e-05 -0.00812624 -0.0154494 -0.00812624 4.86177e-05)
(4.51696e-05 -0.0127929 -0.0154558 -0.0127929 3.28532e-05 -0.0081313 -0.0154558 -0.0081313 5.00825e-05)
(4.15654e-05 -0.012792 -0.0154295 -0.012792 2.17971e-05 -0.00813087 -0.0154295 -0.00813087 3.8046e-05)
(5.12193e-05 -0.0127915 -0.0154219 -0.0127915 2.45913e-05 -0.00813221 -0.0154219 -0.00813221 6.33541e-05)
(8.03847e-06 -0.012789 -0.0154365 -0.012789 2.04725e-05 -0.00812397 -0.0154365 -0.00812397 4.51556e-05)
(-8.75203e-05 -0.0128127 -0.015456 -0.0128127 6.57884e-05 -0.00810039 -0.015456 -0.00810039 0.000102184)
(0.000119952 -0.012803 -0.0154032 -0.012803 3.44928e-05 -0.00813737 -0.0154032 -0.00813737 9.87442e-05)
(5.83241e-05 -0.0127834 -0.0154314 -0.0127834 3.26163e-05 -0.00813891 -0.0154314 -0.00813891 4.72713e-05)
(4.51506e-05 -0.0127891 -0.0154223 -0.0127891 2.71014e-05 -0.00813217 -0.0154223 -0.00813217 0.000101816)
(0.000166823 -0.0128134 -0.0154007 -0.0128134 4.34675e-05 -0.00814196 -0.0154007 -0.00814196 8.68895e-05)
(8.08838e-06 -0.0127881 -0.0154294 -0.0127881 2.14581e-05 -0.00812066 -0.0154294 -0.00812066 7.74758e-05)
(-7.53073e-06 -0.0128002 -0.015446 -0.0128002 3.17473e-05 -0.00811216 -0.015446 -0.00811216 8.49858e-05)
(0.000117765 -0.0127923 -0.0154122 -0.0127923 3.27976e-05 -0.00812202 -0.0154122 -0.00812202 7.92804e-05)
(3.86889e-05 -0.0127914 -0.0154295 -0.0127914 2.92277e-05 -0.00813529 -0.0154295 -0.00813529 3.38138e-05)
(5.88461e-05 -0.0127845 -0.0154288 -0.0127845 3.54829e-05 -0.00814169 -0.0154288 -0.00814169 5.82665e-05)
(4.30267e-05 -0.0127891 -0.0154163 -0.0127891 2.42394e-05 -0.00812947 -0.0154163 -0.00812947 8.61655e-05)
(8.86064e-05 -0.0127961 -0.0154203 -0.0127961 2.55893e-05 -0.00812945 -0.0154203 -0.00812945 5.79161e-05)
(2.00202e-05 -0.0127934 -0.0154361 -0.0127934 2.88428e-05 -0.00812488 -0.0154361 -0.00812488 5.48286e-05)
(3.08936e-05 -0.012787 -0.0154346 -0.012787 2.09937e-05 -0.00813101 -0.0154346 -0.00813101 3.2317e-05)
(5.62528e-05 -0.0127937 -0.0154385 -0.0127937 2.80472e-05 -0.00813187 -0.0154385 -0.00813187 5.01025e-05)
(6.72455e-06 -0.0127906 -0.015438 -0.0127906 2.2903e-05 -0.00812812 -0.015438 -0.00812812 3.94949e-05)
(-1.22536e-05 -0.0127956 -0.0154395 -0.0127956 2.92659e-05 -0.00812086 -0.0154395 -0.00812086 5.07538e-05)
(-6.14899e-05 -0.0128045 -0.0154451 -0.0128045 6.07208e-05 -0.00810448 -0.0154451 -0.00810448 9.33408e-05)
(7.82938e-07 -0.0127966 -0.0154368 -0.0127966 4.77164e-05 -0.00811878 -0.0154368 -0.00811878 7.28913e-05)
(9.56919e-06 -0.0127924 -0.015439 -0.0127924 2.96354e-05 -0.00812799 -0.015439 -0.00812799 4.95435e-05)
(5.2865e-05 -0.0127909 -0.0154204 -0.0127909 2.60111e-05 -0.00813336 -0.0154204 -0.00813336 7.63551e-05)
(0.000107039 -0.0128118 -0.0154135 -0.0128118 5.15869e-05 -0.00814736 -0.0154135 -0.00814736 7.13931e-05)
(3.63095e-05 -0.0127889 -0.0154228 -0.0127889 2.21271e-05 -0.00812758 -0.0154228 -0.00812758 5.70914e-05)
(1.25836e-05 -0.0127874 -0.0154305 -0.0127874 2.32018e-05 -0.00812302 -0.0154305 -0.00812302 9.04295e-05)
(1.58755e-06 -0.0127855 -0.0154289 -0.0127855 2.03165e-05 -0.00812253 -0.0154289 -0.00812253 7.20042e-05)
(9.18941e-05 -0.0127953 -0.0154134 -0.0127953 2.58766e-05 -0.00812901 -0.0154134 -0.00812901 6.42715e-05)
(9.45474e-05 -0.0127911 -0.0154194 -0.0127911 3.97524e-05 -0.00811956 -0.0154194 -0.00811956 7.36215e-05)
(-3.13264e-05 -0.0128079 -0.0154507 -0.0128079 3.82575e-05 -0.00811401 -0.0154507 -0.00811401 5.51485e-05)
(-0.000188623 -0.0128312 -0.015467 -0.0128312 9.10553e-05 -0.00809739 -0.015467 -0.00809739 9.53592e-05)
(0.0001424 -0.0127945 -0.0154172 -0.0127945 2.97479e-05 -0.00812883 -0.0154172 -0.00812883 7.53186e-05)
(0.000109176 -0.0127991 -0.0154339 -0.0127991 2.91139e-05 -0.00813438 -0.0154339 -0.00813438 5.032e-05)
(-3.87793e-05 -0.0128034 -0.0154419 -0.0128034 4.92091e-05 -0.00811242 -0.0154419 -0.00811242 7.92417e-05)
(1.84841e-05 -0.0127927 -0.0154345 -0.0127927 2.86446e-05 -0.00812499 -0.0154345 -0.00812499 5.16156e-05)
(4.32188e-05 -0.0127804 -0.0154307 -0.0127804 2.38665e-05 -0.00813452 -0.0154307 -0.00813452 4.96315e-05)
(0.000100712 -0.0128111 -0.0154222 -0.0128111 5.36239e-05 -0.00814466 -0.0154222 -0.00814466 5.32409e-05)
(6.80283e-05 -0.0127915 -0.0154129 -0.0127915 2.60767e-05 -0.00812249 -0.0154129 -0.00812249 8.1843e-05)
(2.087e-05 -0.0127904 -0.0154403 -0.0127904 2.3981e-05 -0.00812035 -0.0154403 -0.00812035 6.97229e-05)
(3.67371e-05 -0.0127906 -0.0154257 -0.0127906 2.51259e-05 -0.00812396 -0.0154257 -0.00812396 6.68352e-05)
(6.16391e-05 -0.0127939 -0.0154169 -0.0127939 2.37434e-05 -0.00812899 -0.0154169 -0.00812899 6.62781e-05)
(2.76865e-05 -0.0127882 -0.0154264 -0.0127882 2.07242e-05 -0.00812671 -0.0154264 -0.00812671 5.64147e-05)
(-2.91696e-05 -0.0127993 -0.0154388 -0.0127993 4.04568e-05 -0.00811236 -0.0154388 -0.00811236 8.42519e-05)
(4.75958e-07 -0.0127906 -0.0154302 -0.0127906 2.68702e-05 -0.00811968 -0.0154302 -0.00811968 7.46539e-05)
(3.98765e-05 -0.0127908 -0.0154341 -0.0127908 2.4381e-05 -0.00813269 -0.0154341 -0.00813269 3.50411e-05)
(-6.90964e-05 -0.0128045 -0.0154456 -0.0128045 5.74999e-05 -0.00810502 -0.0154456 -0.00810502 9.22331e-05)
(1.87469e-05 -0.0127954 -0.0154239 -0.0127954 4.00773e-05 -0.00811259 -0.0154239 -0.00811259 0.000110915)
(8.74737e-05 -0.0128039 -0.0154241 -0.0128039 3.25315e-05 -0.00813561 -0.0154241 -0.00813561 4.28604e-05)
(-1.18917e-05 -0.0128019 -0.0154428 -0.0128019 4.95042e-05 -0.00811665 -0.0154428 -0.00811665 6.99586e-05)
(-1.18635e-05 -0.0127992 -0.0154467 -0.0127992 3.54849e-05 -0.00813112 -0.0154467 -0.00813112 4.41962e-05)
(2.49326e-05 -0.0127863 -0.0154316 -0.0127863 2.22221e-05 -0.00813066 -0.0154316 -0.00813066 4.2475e-05)
(-3.15755e-05 -0.0128001 -0.0154386 -0.0128001 4.57614e-05 -0.00811301 -0.0154386 -0.00811301 7.69036e-05)
(1.10226e-05 -0.012788 -0.0154289 -0.012788 2.10643e-05 -0.00812304 -0.0154289 -0.00812304 5.93571e-05)
(9.78765e-05 -0.0127956 -0.0154042 -0.0127956 2.74415e-05 -0.00812974 -0.0154042 -0.00812974 8.6648e-05)
(3.80773e-05 -0.0127883 -0.0154217 -0.0127883 2.50059e-05 -0.00813397 -0.0154217 -0.00813397 6.10106e-05)
(2.37142e-05 -0.0127961 -0.0154511 -0.0127961 3.63931e-05 -0.00813579 -0.0154511 -0.00813579 5.3382e-05)
(4.53489e-05 -0.0127934 -0.0154365 -0.0127934 2.89276e-05 -0.00812962 -0.0154365 -0.00812962 4.52706e-05)
(2.50324e-05 -0.0127878 -0.0154304 -0.0127878 1.84018e-05 -0.00812822 -0.0154304 -0.00812822 4.00996e-05)
(2.57753e-05 -0.0127974 -0.0154492 -0.0127974 3.33397e-05 -0.00813396 -0.0154492 -0.00813396 4.96558e-05)
(2.79203e-05 -0.0127894 -0.0154236 -0.0127894 2.40628e-05 -0.00812307 -0.0154236 -0.00812307 7.18802e-05)
(-6.90782e-06 -0.012797 -0.0154322 -0.012797 3.73349e-05 -0.00811074 -0.0154322 -0.00811074 9.98187e-05)
(3.91442e-05 -0.0127886 -0.0154221 -0.0127886 2.50509e-05 -0.00813232 -0.0154221 -0.00813232 9.03988e-05)
(2.93926e-06 -0.0127938 -0.0154394 -0.0127938 2.75652e-05 -0.00811674 -0.0154394 -0.00811674 9.91695e-05)
(8.43492e-06 -0.0127927 -0.0154394 -0.0127927 2.8133e-05 -0.00812822 -0.0154394 -0.00812822 4.79046e-05)
(7.51168e-05 -0.0128101 -0.01543 -0.0128101 5.29877e-05 -0.00814001 -0.01543 -0.00814001 3.63173e-05)
(6.36347e-05 -0.0128 -0.015427 -0.0128 4.2121e-05 -0.00813987 -0.015427 -0.00813987 3.99079e-05)
(-3.07965e-05 -0.0128101 -0.0154506 -0.0128101 5.57239e-05 -0.00812587 -0.0154506 -0.00812587 5.86315e-05)
(-3.35515e-05 -0.0128061 -0.0154482 -0.0128061 6.36748e-05 -0.00811972 -0.0154482 -0.00811972 7.02638e-05)
(9.83577e-05 -0.012821 -0.0154176 -0.012821 6.50793e-05 -0.00814996 -0.0154176 -0.00814996 5.34465e-05)
(9.2586e-05 -0.0127988 -0.0154104 -0.0127988 3.0227e-05 -0.00813388 -0.0154104 -0.00813388 8.02175e-05)
(-0.000116355 -0.0128279 -0.0154551 -0.0128279 7.99402e-05 -0.00811741 -0.0154551 -0.00811741 6.87649e-05)
(-0.000110521 -0.0128241 -0.0154556 -0.0128241 8.58831e-05 -0.00812264 -0.0154556 -0.00812264 6.48131e-05)
(8.72166e-05 -0.0128093 -0.0154438 -0.0128093 3.91197e-05 -0.00813457 -0.0154438 -0.00813457 3.32078e-05)
(5.87664e-06 -0.0127931 -0.0154265 -0.0127931 3.71799e-05 -0.00811251 -0.0154265 -0.00811251 8.26952e-05)
(-1.24563e-06 -0.0127961 -0.0154419 -0.0127961 2.73971e-05 -0.0081285 -0.0154419 -0.0081285 3.86586e-05)
(4.12796e-05 -0.0127879 -0.0154372 -0.0127879 2.34902e-05 -0.0081319 -0.0154372 -0.0081319 3.45159e-05)
(2.55418e-05 -0.012791 -0.0154183 -0.012791 3.29329e-05 -0.00811498 -0.0154183 -0.00811498 9.92272e-05)
(8.96984e-05 -0.0128273 -0.0154484 -0.0128273 0.000109245 -0.00812888 -0.0154484 -0.00812888 3.83009e-05)
(4.99371e-05 -0.0127922 -0.015428 -0.0127922 2.34628e-05 -0.00812948 -0.015428 -0.00812948 4.93562e-05)
(-6.20488e-05 -0.0128084 -0.015447 -0.0128084 5.54486e-05 -0.00811421 -0.015447 -0.00811421 6.93602e-05)
(1.69084e-05 -0.0127886 -0.0154341 -0.0127886 2.12663e-05 -0.00812838 -0.0154341 -0.00812838 4.06124e-05)
(-4.39179e-06 -0.0128016 -0.0154391 -0.0128016 4.11657e-05 -0.00811784 -0.0154391 -0.00811784 6.86701e-05)
(3.62028e-05 -0.0127915 -0.0154351 -0.0127915 2.17955e-05 -0.00813036 -0.0154351 -0.00813036 3.79939e-05)
(1.41785e-05 -0.0127923 -0.0154249 -0.0127923 3.02311e-05 -0.00811804 -0.0154249 -0.00811804 0.000105747)
(-9.39716e-05 -0.0128124 -0.0154517 -0.0128124 7.0789e-05 -0.00811641 -0.0154517 -0.00811641 6.5976e-05)
(4.77428e-05 -0.012793 -0.0154369 -0.012793 2.74529e-05 -0.00813098 -0.0154369 -0.00813098 4.50965e-05)
(6.60275e-05 -0.0127927 -0.0154131 -0.0127927 2.57616e-05 -0.00812893 -0.0154131 -0.00812893 8.57322e-05)
(1.60123e-05 -0.0127875 -0.0154308 -0.0127875 2.05992e-05 -0.00812771 -0.0154308 -0.00812771 4.34259e-05)
(3.19233e-05 -0.0127875 -0.0154286 -0.0127875 2.36185e-05 -0.00813322 -0.0154286 -0.00813322 4.23358e-05)
(6.30776e-05 -0.0127966 -0.0154237 -0.0127966 3.23543e-05 -0.00813771 -0.0154237 -0.00813771 5.22745e-05)
(-1.0474e-06 -0.0127957 -0.0154307 -0.0127957 4.29437e-05 -0.00810856 -0.0154307 -0.00810856 8.92817e-05)
(-5.20336e-05 -0.0128064 -0.0154464 -0.0128064 4.56381e-05 -0.00811925 -0.0154464 -0.00811925 5.2215e-05)
(-1.84072e-05 -0.0128061 -0.0154463 -0.0128061 3.91237e-05 -0.00813129 -0.0154463 -0.00813129 4.28126e-05)
(1.51645e-05 -0.0127981 -0.0154401 -0.0127981 4.85975e-05 -0.00812476 -0.0154401 -0.00812476 6.36624e-05)
(6.02589e-05 -0.0127929 -0.0154195 -0.0127929 3.54737e-05 -0.00811743 -0.0154195 -0.00811743 8.06124e-05)
(3.87023e-05 -0.0127889 -0.0154143 -0.0127889 2.85744e-05 -0.00811759 -0.0154143 -0.00811759 9.52684e-05)
(3.66854e-05 -0.0127878 -0.0154211 -0.0127878 2.27986e-05 -0.00813045 -0.0154211 -0.00813045 6.2983e-05)
(6.04989e-06 -0.0127929 -0.0154338 -0.0127929 2.61561e-05 -0.00812184 -0.0154338 -0.00812184 5.58794e-05)
(6.19856e-05 -0.0128004 -0.0154307 -0.0128004 5.89252e-05 -0.0081372 -0.0154307 -0.0081372 2.38263e-05)
(4.93993e-05 -0.0127946 -0.0154254 -0.0127946 2.88478e-05 -0.0081357 -0.0154254 -0.0081357 4.10786e-05)
(3.45278e-05 -0.0127893 -0.015428 -0.0127893 2.08412e-05 -0.0081289 -0.015428 -0.0081289 4.64108e-05)
(5.38558e-05 -0.0127896 -0.015445 -0.0127896 4.00313e-05 -0.00812541 -0.015445 -0.00812541 3.95655e-05)
(4.41673e-05 -0.0127957 -0.0154594 -0.0127957 3.11789e-05 -0.00813819 -0.0154594 -0.00813819 6.04101e-05)
(-9.74441e-05 -0.0128218 -0.0154549 -0.0128218 7.71759e-05 -0.00812172 -0.0154549 -0.00812172 6.35131e-05)
(1.25918e-05 -0.0127943 -0.0154412 -0.0127943 2.4648e-05 -0.00812363 -0.0154412 -0.00812363 5.06744e-05)
