/*--------------------------------*- C++ -*----------------------------------*\
  =========                 |
  \\      /  F ield         | OpenFOAM: The Open Source CFD Toolbox
   \\    /   O peration     | Website:  https://openfoam.org
    \\  /    A nd           | Version:  10
     \\/     M anipulation  |
\*---------------------------------------------------------------------------*/
FoamFile
{
    format      ascii;
    class       volTensorField;
    location    "27.5";
    object      TauNN;
}
// * * * * * * * * * * * * * * * * * * * * * * * * * * * * * * * * * * * * * //

dimensions      [0 2 -2 0 0 0 0];

internalField   nonuniform List<tensor> 
25600
(
(0.0014988 -0.0129769 -0.0151315 -0.0129769 0.000157565 -0.00815014 -0.0151315 -0.00815014 0.000117225)
(0.0014982 -0.0129773 -0.0151314 -0.0129773 0.000157892 -0.00815052 -0.0151314 -0.00815052 0.000116227)
(0.00148578 -0.012976 -0.0151336 -0.012976 0.000158205 -0.00814979 -0.0151336 -0.00814979 0.000116287)
(0.00147969 -0.0129776 -0.0151362 -0.0129776 0.000159269 -0.00815075 -0.0151362 -0.00815075 0.000116303)
(0.00147422 -0.0129797 -0.0151373 -0.0129797 0.00016028 -0.00815212 -0.0151373 -0.00815212 0.000115212)
(0.00148048 -0.0129801 -0.015136 -0.0129801 0.000160016 -0.00815232 -0.015136 -0.00815232 0.000115186)
(0.00147963 -0.0129819 -0.0151349 -0.0129819 0.000160457 -0.00815356 -0.0151349 -0.00815356 0.000113808)
(0.00148561 -0.0129793 -0.0151351 -0.0129793 0.000159545 -0.00815182 -0.0151351 -0.00815182 0.000115321)
(0.00145707 -0.0129743 -0.0151441 -0.0129743 0.000160273 -0.00814887 -0.0151441 -0.00814887 0.000117502)
(0.00146058 -0.0129796 -0.0151388 -0.0129796 0.000160701 -0.00815209 -0.0151388 -0.00815209 0.000115543)
(0.00146514 -0.0129825 -0.0151379 -0.0129825 0.000161245 -0.0081539 -0.0151379 -0.0081539 0.000114517)
(0.00149419 -0.0129796 -0.0151339 -0.0129796 0.000159341 -0.00815204 -0.0151339 -0.00815204 0.000114958)
(0.00143597 -0.0129681 -0.0151467 -0.0129681 0.000159638 -0.00814555 -0.0151467 -0.00814555 0.000117569)
(0.00148487 -0.0129785 -0.0151328 -0.0129785 0.000158757 -0.00815131 -0.0151328 -0.00815131 0.000115695)
(0.00149853 -0.0129811 -0.0151324 -0.0129811 0.000159474 -0.00815308 -0.0151324 -0.00815308 0.000114181)
(0.00147478 -0.0129784 -0.0151382 -0.0129784 0.000160107 -0.00815138 -0.0151382 -0.00815138 0.000115787)
(0.00147731 -0.0129781 -0.0151376 -0.0129781 0.000159881 -0.00815117 -0.0151376 -0.00815117 0.000115676)
(0.00146261 -0.0129724 -0.0151393 -0.0129724 0.000158659 -0.00814773 -0.0151393 -0.00814773 0.000117433)
(0.00147231 -0.0129801 -0.0151372 -0.0129801 0.000160323 -0.00815235 -0.0151372 -0.00815235 0.000115474)
(0.00148321 -0.0129814 -0.0151358 -0.0129814 0.000160365 -0.00815321 -0.0151358 -0.00815321 0.000114565)
(0.0014565 -0.0129806 -0.0151413 -0.0129806 0.000161501 -0.00815271 -0.0151413 -0.00815271 0.000115574)
(0.0014797 -0.0129815 -0.015137 -0.0129815 0.000160693 -0.00815326 -0.015137 -0.00815326 0.000114562)
(0.00145341 -0.0129761 -0.0151428 -0.0129761 0.000161156 -0.00815039 -0.0151428 -0.00815039 0.000114938)
(0.00146651 -0.012973 -0.0151379 -0.012973 0.000158469 -0.00814805 -0.0151379 -0.00814805 0.000117266)
(0.00147025 -0.0129746 -0.0151375 -0.0129746 0.000158578 -0.00814886 -0.0151375 -0.00814886 0.000117814)
(0.00148216 -0.0129806 -0.015136 -0.0129806 0.000159994 -0.00815257 -0.015136 -0.00815257 0.000115713)
(0.0014846 -0.0129787 -0.0151374 -0.0129787 0.000159667 -0.00815136 -0.0151374 -0.00815136 0.000116586)
(0.00147621 -0.0129764 -0.0151376 -0.0129764 0.000159307 -0.00815009 -0.0151376 -0.00815009 0.000116497)
(0.00147275 -0.0129804 -0.0151371 -0.0129804 0.000160542 -0.00815265 -0.0151371 -0.00815265 0.000114704)
(0.00149286 -0.0129795 -0.015133 -0.0129795 0.000159131 -0.00815198 -0.015133 -0.00815198 0.000114932)
(0.0014982 -0.0129771 -0.0151318 -0.0129771 0.000157692 -0.00815023 -0.0151318 -0.00815023 0.000117084)
(0.00147259 -0.0129803 -0.0151384 -0.0129803 0.000160601 -0.00815243 -0.0151384 -0.00815243 0.000115593)
(0.00148755 -0.0129804 -0.0151342 -0.0129804 0.000159788 -0.00815262 -0.0151342 -0.00815262 0.000114385)
(0.00149576 -0.0129734 -0.0151306 -0.0129734 0.000156176 -0.00814786 -0.0151306 -0.00814786 0.000118381)
(0.00149256 -0.0129773 -0.0151327 -0.0129773 0.000158217 -0.00815051 -0.0151327 -0.00815051 0.000116302)
(0.00146145 -0.0129787 -0.0151391 -0.0129787 0.000160679 -0.00815167 -0.0151391 -0.00815167 0.000115068)
(0.00148172 -0.0129764 -0.015135 -0.0129764 0.000158596 -0.00814998 -0.015135 -0.00814998 0.000116655)
(0.00150177 -0.0129757 -0.0151306 -0.0129757 0.000156888 -0.0081493 -0.0151306 -0.0081493 0.000117618)
(0.00146857 -0.0129716 -0.0151383 -0.0129716 0.000158117 -0.00814719 -0.0151383 -0.00814719 0.000117488)
(0.001488 -0.0129762 -0.0151327 -0.0129762 0.00015786 -0.00814978 -0.0151327 -0.00814978 0.000116879)
(-3.00331e-05 -0.0128089 -0.01545 -0.0128089 6.36087e-05 -0.00811617 -0.01545 -0.00811617 6.65265e-05)
(-1.35807e-05 -0.0128032 -0.0154434 -0.0128032 4.45735e-05 -0.00811505 -0.0154434 -0.00811505 6.7024e-05)
(-3.2292e-05 -0.0128118 -0.0154517 -0.0128118 6.09969e-05 -0.00810457 -0.0154517 -0.00810457 8.38872e-05)
(-2.91204e-05 -0.0128129 -0.0154538 -0.0128129 6.79368e-05 -0.00810669 -0.0154538 -0.00810669 7.83386e-05)
(-8.4507e-05 -0.0128233 -0.01546 -0.0128233 9.0275e-05 -0.00810403 -0.01546 -0.00810403 8.34164e-05)
(-7.7749e-05 -0.0128267 -0.0154581 -0.0128267 9.50964e-05 -0.00810525 -0.0154581 -0.00810525 8.41449e-05)
(5.32071e-05 -0.012848 -0.0154 -0.012848 0.000102532 -0.00811204 -0.0154 -0.00811204 9.54175e-05)
(0.000106263 -0.0128021 -0.0154236 -0.0128021 6.57173e-05 -0.00814363 -0.0154236 -0.00814363 5.1892e-05)
(0.000562418 -0.01286 -0.0154401 -0.01286 0.000116471 -0.00814263 -0.0154401 -0.00814263 3.00055e-05)
(8.81835e-05 -0.0128094 -0.0154205 -0.0128094 4.11758e-05 -0.00813912 -0.0154205 -0.00813912 4.61357e-05)
(-2.96358e-05 -0.0128164 -0.0154568 -0.0128164 7.76267e-05 -0.00810957 -0.0154568 -0.00810957 7.31528e-05)
(-0.000101051 -0.0128275 -0.0154612 -0.0128275 8.49634e-05 -0.00810764 -0.0154612 -0.00810764 7.75178e-05)
(0.000448027 -0.0128563 -0.0154274 -0.0128563 0.000128683 -0.00814453 -0.0154274 -0.00814453 3.72787e-05)
(8.08717e-05 -0.0128027 -0.0154343 -0.0128027 5.36886e-05 -0.00811202 -0.0154343 -0.00811202 6.76732e-05)
(0.000277864 -0.0128584 -0.0153343 -0.0128584 0.000105842 -0.00812531 -0.0153343 -0.00812531 0.000104895)
(9.22055e-05 -0.0128033 -0.0154255 -0.0128033 6.10282e-05 -0.0081414 -0.0154255 -0.0081414 4.08948e-05)
(6.09544e-05 -0.0127979 -0.0154282 -0.0127979 2.53316e-05 -0.00812885 -0.0154282 -0.00812885 5.15485e-05)
(0.000446468 -0.012853 -0.0154313 -0.012853 0.000125662 -0.00814287 -0.0154313 -0.00814287 2.88341e-05)
(7.95573e-05 -0.0128021 -0.0154221 -0.0128021 2.50583e-05 -0.00812485 -0.0154221 -0.00812485 5.6822e-05)
(2.40222e-05 -0.0128013 -0.0154408 -0.0128013 3.52635e-05 -0.0081161 -0.0154408 -0.0081161 5.98384e-05)
(0.000143771 -0.0128251 -0.0154229 -0.0128251 0.000106294 -0.00814568 -0.0154229 -0.00814568 3.68565e-05)
(1.61869e-05 -0.0128064 -0.0154495 -0.0128064 4.62343e-05 -0.00811408 -0.0154495 -0.00811408 6.4085e-05)
(0.000237755 -0.0128348 -0.0154182 -0.0128348 0.000125632 -0.00814637 -0.0154182 -0.00814637 4.24658e-05)
(6.22519e-05 -0.0127971 -0.0154235 -0.0127971 2.31249e-05 -0.00812715 -0.0154235 -0.00812715 5.47619e-05)
(8.49996e-05 -0.0128081 -0.0154231 -0.0128081 4.31197e-05 -0.00813919 -0.0154231 -0.00813919 4.16977e-05)
(4.34916e-05 -0.0128045 -0.0154417 -0.0128045 3.92158e-05 -0.00811783 -0.0154417 -0.00811783 5.68871e-05)
(0.000116209 -0.0128161 -0.0154277 -0.0128161 9.64426e-05 -0.00814277 -0.0154277 -0.00814277 3.13831e-05)
(0.000114212 -0.0128202 -0.0154223 -0.0128202 9.98444e-05 -0.00814997 -0.0154223 -0.00814997 4.00109e-05)
(8.34737e-05 -0.0128069 -0.0154221 -0.0128069 3.15757e-05 -0.00812975 -0.0154221 -0.00812975 5.57841e-05)
(-5.28393e-05 -0.0128202 -0.01546 -0.0128202 8.32796e-05 -0.00810464 -0.01546 -0.00810464 8.18101e-05)
(-0.000106613 -0.0128247 -0.0154562 -0.0128247 8.78844e-05 -0.00811474 -0.0154562 -0.00811474 7.18083e-05)
(6.63975e-05 -0.0128007 -0.0154273 -0.0128007 2.81406e-05 -0.00813048 -0.0154273 -0.00813048 4.59972e-05)
(-0.000128697 -0.0128251 -0.015457 -0.0128251 9.65769e-05 -0.00810655 -0.015457 -0.00810655 8.08944e-05)
(7.19671e-05 -0.012798 -0.0154245 -0.012798 3.34482e-05 -0.00813677 -0.0154245 -0.00813677 5.19372e-05)
(-5.03062e-05 -0.012818 -0.0154575 -0.012818 7.57439e-05 -0.00810732 -0.0154575 -0.00810732 7.75618e-05)
(3.91834e-05 -0.0128067 -0.0154419 -0.0128067 4.00248e-05 -0.00811218 -0.0154419 -0.00811218 6.871e-05)
(0.000141019 -0.0128297 -0.0154177 -0.0128297 0.000110569 -0.00814982 -0.0154177 -0.00814982 4.49009e-05)
(5.88312e-05 -0.012793 -0.0154257 -0.012793 2.54456e-05 -0.00813236 -0.0154257 -0.00813236 5.73036e-05)
(0.000696463 -0.0128661 -0.0154282 -0.0128661 0.000116635 -0.00814398 -0.0154282 -0.00814398 4.32309e-05)
(9.16887e-05 -0.0128047 -0.0154185 -0.0128047 2.75346e-05 -0.00812643 -0.0154185 -0.00812643 6.45916e-05)
(-9.94937e-06 -0.0128063 -0.0154478 -0.0128063 5.66184e-05 -0.00811874 -0.0154478 -0.00811874 6.1245e-05)
(0.000163275 -0.0128267 -0.0154265 -0.0128267 0.000119359 -0.00814802 -0.0154265 -0.00814802 3.22746e-05)
(-0.000149228 -0.0128214 -0.0154623 -0.0128214 9.44449e-05 -0.00809825 -0.0154623 -0.00809825 8.73054e-05)
(0.000304153 -0.012852 -0.0153435 -0.012852 0.000100621 -0.0081203 -0.0153435 -0.0081203 0.000101138)
(0.000264276 -0.0128469 -0.0153593 -0.0128469 0.000104706 -0.00811896 -0.0153593 -0.00811896 9.79095e-05)
(2.69478e-05 -0.0128335 -0.015423 -0.0128335 0.000106302 -0.00811038 -0.015423 -0.00811038 8.79174e-05)
(9.91884e-06 -0.0128433 -0.0153995 -0.0128433 0.000107864 -0.00811184 -0.0153995 -0.00811184 9.42658e-05)
(0.000113165 -0.0127909 -0.0154241 -0.0127909 6.77915e-05 -0.00814979 -0.0154241 -0.00814979 7.45846e-05)
(7.08759e-05 -0.0128012 -0.0154238 -0.0128012 3.68903e-05 -0.00813842 -0.0154238 -0.00813842 4.90907e-05)
(8.73436e-05 -0.0128014 -0.0154149 -0.0128014 3.12592e-05 -0.0081351 -0.0154149 -0.0081351 5.2237e-05)
(-0.000109299 -0.0128205 -0.0154541 -0.0128205 9.77027e-05 -0.00811009 -0.0154541 -0.00811009 7.71243e-05)
(-9.56076e-05 -0.0128241 -0.0154606 -0.0128241 7.6483e-05 -0.008108 -0.0154606 -0.008108 7.44413e-05)
(2.38313e-05 -0.0128042 -0.0154397 -0.0128042 4.27705e-05 -0.00810806 -0.0154397 -0.00810806 8.49066e-05)
(0.000111898 -0.0128104 -0.0154205 -0.0128104 2.87628e-05 -0.00812556 -0.0154205 -0.00812556 4.34473e-05)
(-0.000160109 -0.0128407 -0.0154363 -0.0128407 0.000112296 -0.00811326 -0.0154363 -0.00811326 8.18219e-05)
(2.78097e-05 -0.0127913 -0.0154314 -0.0127913 2.00502e-05 -0.00812225 -0.0154314 -0.00812225 6.01061e-05)
(1.11718e-05 -0.0127974 -0.0154383 -0.0127974 2.8703e-05 -0.00811773 -0.0154383 -0.00811773 6.2255e-05)
(0.000177147 -0.012832 -0.015415 -0.012832 0.000128147 -0.00815049 -0.015415 -0.00815049 4.64879e-05)
(7.45852e-05 -0.0127937 -0.0154139 -0.0127937 2.48206e-05 -0.00812371 -0.0154139 -0.00812371 6.72606e-05)
(6.16535e-05 -0.0127981 -0.0154266 -0.0127981 3.61912e-05 -0.00813735 -0.0154266 -0.00813735 4.11271e-05)
(6.0533e-05 -0.0127961 -0.0154246 -0.0127961 2.3724e-05 -0.00812914 -0.0154246 -0.00812914 5.66838e-05)
(5.11785e-05 -0.0127963 -0.0154314 -0.0127963 2.24562e-05 -0.00812671 -0.0154314 -0.00812671 4.83914e-05)
(0.000163168 -0.0128226 -0.0154147 -0.0128226 0.000115464 -0.00814959 -0.0154147 -0.00814959 5.1307e-05)
(-5.28651e-05 -0.0128106 -0.0154505 -0.0128106 7.28582e-05 -0.00811438 -0.0154505 -0.00811438 7.16547e-05)
(-8.26854e-05 -0.0128147 -0.0154515 -0.0128147 8.26173e-05 -0.00811662 -0.0154515 -0.00811662 6.9772e-05)
(6.85368e-06 -0.012807 -0.0154478 -0.012807 4.80944e-05 -0.00812036 -0.0154478 -0.00812036 5.35535e-05)
(0.000120595 -0.0128137 -0.0154293 -0.0128137 9.87347e-05 -0.00814125 -0.0154293 -0.00814125 3.0096e-05)
(9.17672e-05 -0.0128134 -0.0154226 -0.0128134 7.45069e-05 -0.00814859 -0.0154226 -0.00814859 4.64862e-05)
(9.44976e-05 -0.0128125 -0.0154177 -0.0128125 4.60932e-05 -0.0081402 -0.0154177 -0.0081402 5.86572e-05)
(7.25311e-05 -0.0128016 -0.0154256 -0.0128016 2.74088e-05 -0.00812003 -0.0154256 -0.00812003 6.98012e-05)
(1.65856e-05 -0.0127983 -0.0154391 -0.0127983 2.95303e-05 -0.00812269 -0.0154391 -0.00812269 5.19107e-05)
(3.76184e-05 -0.0127921 -0.0154291 -0.0127921 2.14482e-05 -0.00812453 -0.0154291 -0.00812453 5.38595e-05)
(-3.31769e-05 -0.0128055 -0.0154458 -0.0128055 5.65473e-05 -0.00810847 -0.0154458 -0.00810847 8.02209e-05)
(8.1701e-05 -0.0128021 -0.0154241 -0.0128021 4.49843e-05 -0.00814125 -0.0154241 -0.00814125 5.04236e-05)
(-7.93488e-05 -0.0128169 -0.0154561 -0.0128169 8.23472e-05 -0.00810762 -0.0154561 -0.00810762 7.84455e-05)
(-0.00017217 -0.0128309 -0.015453 -0.0128309 0.000101949 -0.00810769 -0.015453 -0.00810769 8.04042e-05)
(0.000107313 -0.0128127 -0.0154177 -0.0128127 6.72312e-05 -0.00814907 -0.0154177 -0.00814907 6.89495e-05)
(0.000103283 -0.0128003 -0.0154208 -0.0128003 6.21873e-05 -0.00814775 -0.0154208 -0.00814775 7.25325e-05)
(0.000503325 -0.0128553 -0.0154155 -0.0128553 0.00012382 -0.00814012 -0.0154155 -0.00814012 5.4562e-05)
(0.000122245 -0.0128173 -0.0154092 -0.0128173 4.90162e-05 -0.00814242 -0.0154092 -0.00814242 8.19648e-05)
(3.69473e-05 -0.0127958 -0.0154322 -0.0127958 2.41553e-05 -0.00812265 -0.0154322 -0.00812265 5.13659e-05)
(0.000405892 -0.0128501 -0.015446 -0.0128501 0.000121458 -0.00814214 -0.015446 -0.00814214 2.77741e-05)
(0.000102494 -0.0128003 -0.0154112 -0.0128003 3.10807e-05 -0.00812531 -0.0154112 -0.00812531 0.000109375)
(-0.00011209 -0.0128274 -0.0154534 -0.0128274 0.000102071 -0.00810072 -0.0154534 -0.00810072 8.52842e-05)
(-0.000123416 -0.0128149 -0.015457 -0.0128149 8.25834e-05 -0.00810158 -0.015457 -0.00810158 8.67899e-05)
(1.22981e-05 -0.0127934 -0.0154264 -0.0127934 3.42926e-05 -0.00811364 -0.0154264 -0.00811364 8.65635e-05)
(-3.95345e-05 -0.0128055 -0.0154453 -0.0128055 4.68413e-05 -0.00810622 -0.0154453 -0.00810622 9.08215e-05)
(5.08602e-05 -0.0127898 -0.0154338 -0.0127898 2.85396e-05 -0.00813187 -0.0154338 -0.00813187 0.000112209)
(0.000125499 -0.012845 -0.015387 -0.012845 0.00011185 -0.00811952 -0.015387 -0.00811952 9.35703e-05)
(8.11218e-05 -0.0127941 -0.0154144 -0.0127941 2.54098e-05 -0.00812463 -0.0154144 -0.00812463 6.81078e-05)
(-7.36502e-05 -0.0128099 -0.0154502 -0.0128099 8.19067e-05 -0.0081099 -0.0154502 -0.0081099 7.88161e-05)
(-3.70391e-05 -0.0128101 -0.0154517 -0.0128101 4.99041e-05 -0.00810891 -0.0154517 -0.00810891 7.56903e-05)
(0.000335012 -0.0128511 -0.0153434 -0.0128511 0.000108114 -0.00812584 -0.0153434 -0.00812584 0.000103034)
(0.000100174 -0.0128053 -0.0154248 -0.0128053 2.64195e-05 -0.0081282 -0.0154248 -0.0081282 4.62695e-05)
(4.36578e-05 -0.0127929 -0.0154293 -0.0127929 2.07213e-05 -0.00812795 -0.0154293 -0.00812795 4.2867e-05)
(-0.000118113 -0.0128182 -0.0154564 -0.0128182 7.24575e-05 -0.00810402 -0.0154564 -0.00810402 8.23793e-05)
(-1.81832e-05 -0.0128015 -0.0154433 -0.0128015 3.78347e-05 -0.00811654 -0.0154433 -0.00811654 6.31307e-05)
(-1.48504e-05 -0.0128055 -0.0154437 -0.0128055 5.31694e-05 -0.00810869 -0.0154437 -0.00810869 8.12706e-05)
(4.81279e-05 -0.0127928 -0.0154202 -0.0127928 3.76033e-05 -0.00811292 -0.0154202 -0.00811292 8.52358e-05)
(6.63679e-05 -0.0128004 -0.0154267 -0.0128004 4.79569e-05 -0.00814166 -0.0154267 -0.00814166 3.90317e-05)
(-6.45538e-05 -0.0128099 -0.0154508 -0.0128099 6.80273e-05 -0.00810565 -0.0154508 -0.00810565 8.44763e-05)
(0.000109639 -0.0128099 -0.0154243 -0.0128099 8.98209e-05 -0.00814604 -0.0154243 -0.00814604 4.12996e-05)
(8.07484e-05 -0.0128067 -0.0154245 -0.0128067 5.35598e-05 -0.00814392 -0.0154245 -0.00814392 4.50832e-05)
(3.2217e-05 -0.0127989 -0.0154368 -0.0127989 4.62306e-05 -0.00811508 -0.0154368 -0.00811508 7.19854e-05)
(-0.000106446 -0.0128153 -0.0154517 -0.0128153 8.66473e-05 -0.00811085 -0.0154517 -0.00811085 7.81131e-05)
(4.02646e-05 -0.0127943 -0.0154341 -0.0127943 1.98632e-05 -0.00812783 -0.0154341 -0.00812783 3.46518e-05)
(7.17275e-05 -0.0127972 -0.0154298 -0.0127972 4.752e-05 -0.008135 -0.0154298 -0.008135 3.03767e-05)
(5.46458e-05 -0.0127937 -0.0154223 -0.0127937 2.22415e-05 -0.00812498 -0.0154223 -0.00812498 6.78331e-05)
(0.000123871 -0.0128345 -0.0154152 -0.0128345 0.000114534 -0.00815234 -0.0154152 -0.00815234 4.80674e-05)
(0.000176512 -0.0128381 -0.0154165 -0.0128381 0.000124523 -0.00814864 -0.0154165 -0.00814864 4.37817e-05)
(8.3218e-05 -0.0128018 -0.0154261 -0.0128018 5.20613e-05 -0.00814213 -0.0154261 -0.00814213 4.2551e-05)
(4.3469e-06 -0.0127957 -0.015437 -0.0127957 3.67762e-05 -0.00811961 -0.015437 -0.00811961 6.28118e-05)
(0.000108619 -0.0128105 -0.0154182 -0.0128105 7.98831e-05 -0.00815158 -0.0154182 -0.00815158 6.34556e-05)
(7.76687e-05 -0.0127997 -0.0154224 -0.0127997 3.91905e-05 -0.00814071 -0.0154224 -0.00814071 5.73842e-05)
(-0.000101855 -0.0128175 -0.0154539 -0.0128175 9.2316e-05 -0.00810925 -0.0154539 -0.00810925 7.90217e-05)
(-0.000193557 -0.0128354 -0.0154409 -0.0128354 0.000115353 -0.00810974 -0.0154409 -0.00810974 8.43075e-05)
(1.94971e-05 -0.0127992 -0.0154325 -0.0127992 3.4875e-05 -0.00811138 -0.0154325 -0.00811138 9.84255e-05)
(7.84553e-05 -0.0127928 -0.0154239 -0.0127928 3.50763e-05 -0.00814078 -0.0154239 -0.00814078 9.80906e-05)
(1.32953e-05 -0.0128034 -0.0154412 -0.0128034 4.54005e-05 -0.00810646 -0.0154412 -0.00810646 9.12854e-05)
(0.000144559 -0.0128088 -0.015408 -0.0128088 3.69884e-05 -0.00812753 -0.015408 -0.00812753 0.000112132)
(7.80312e-05 -0.0127995 -0.0154254 -0.0127995 4.50058e-05 -0.00814253 -0.0154254 -0.00814253 5.14032e-05)
(7.12734e-05 -0.0128007 -0.015428 -0.0128007 4.43315e-05 -0.00813786 -0.015428 -0.00813786 3.47626e-05)
(0.000146621 -0.0128312 -0.0153902 -0.0128312 0.000116912 -0.00814739 -0.0153902 -0.00814739 9.48751e-05)
(0.000127035 -0.0128252 -0.0154101 -0.0128252 0.000105816 -0.00815239 -0.0154101 -0.00815239 6.46238e-05)
(0.000127039 -0.0128136 -0.0154142 -0.0128136 9.72657e-05 -0.00815256 -0.0154142 -0.00815256 6.50354e-05)
(0.000115979 -0.0128156 -0.0154106 -0.0128156 9.15977e-05 -0.00815465 -0.0154106 -0.00815465 7.76251e-05)
(9.90205e-05 -0.0127998 -0.0154189 -0.0127998 6.79135e-05 -0.00815339 -0.0154189 -0.00815339 8.13654e-05)
(-9.32455e-05 -0.0128158 -0.0154581 -0.0128158 6.62651e-05 -0.00809997 -0.0154581 -0.00809997 9.57414e-05)
(0.000279266 -0.0128505 -0.0153572 -0.0128505 0.000113711 -0.00812478 -0.0153572 -0.00812478 9.86392e-05)
(-2.5822e-05 -0.0128027 -0.0154413 -0.0128027 6.51285e-05 -0.00810916 -0.0154413 -0.00810916 8.63302e-05)
(5.18844e-05 -0.0127897 -0.0154156 -0.0127897 2.46874e-05 -0.00812291 -0.0154156 -0.00812291 7.44534e-05)
(-6.53157e-05 -0.0128109 -0.0154524 -0.0128109 5.97027e-05 -0.00810491 -0.0154524 -0.00810491 8.42712e-05)
(0.000292916 -0.0128504 -0.0153541 -0.0128504 0.000112246 -0.0081255 -0.0153541 -0.0081255 0.000100687)
(2.16041e-05 -0.0128034 -0.0154436 -0.0128034 6.08174e-05 -0.00811335 -0.0154436 -0.00811335 7.63327e-05)
(0.000143208 -0.0128239 -0.015429 -0.0128239 0.000115768 -0.00814671 -0.015429 -0.00814671 2.97897e-05)
(-0.000176647 -0.0128219 -0.0154589 -0.0128219 8.91072e-05 -0.00810236 -0.0154589 -0.00810236 8.45394e-05)
(-2.93284e-05 -0.0128035 -0.0154448 -0.0128035 4.32231e-05 -0.00811735 -0.0154448 -0.00811735 6.17643e-05)
(1.23249e-05 -0.012839 -0.0154156 -0.012839 0.000111016 -0.00811653 -0.0154156 -0.00811653 8.97534e-05)
(-9.86245e-05 -0.0128131 -0.0154563 -0.0128131 8.81951e-05 -0.00810052 -0.0154563 -0.00810052 8.79586e-05)
(3.58357e-05 -0.0127897 -0.0154271 -0.0127897 2.02692e-05 -0.00812913 -0.0154271 -0.00812913 4.6715e-05)
(-8.04436e-05 -0.0128108 -0.0154526 -0.0128108 6.86452e-05 -0.00810207 -0.0154526 -0.00810207 9.13026e-05)
(8.25861e-05 -0.0127964 -0.0154234 -0.0127964 5.865e-05 -0.00814869 -0.0154234 -0.00814869 6.649e-05)
(-3.26584e-05 -0.0128092 -0.0154503 -0.0128092 6.47215e-05 -0.00811369 -0.0154503 -0.00811369 6.86398e-05)
(1.92232e-05 -0.0128067 -0.0154492 -0.0128067 6.6777e-05 -0.0081102 -0.0154492 -0.0081102 7.78558e-05)
(-3.93474e-05 -0.0128082 -0.0154483 -0.0128082 6.43599e-05 -0.00810268 -0.0154483 -0.00810268 9.08897e-05)
(8.96467e-05 -0.0128018 -0.0154273 -0.0128018 7.10308e-05 -0.00814503 -0.0154273 -0.00814503 3.41558e-05)
(6.78465e-05 -0.0127991 -0.0154278 -0.0127991 3.75083e-05 -0.0081356 -0.0154278 -0.0081356 3.95486e-05)
(-5.71758e-05 -0.012809 -0.0154523 -0.012809 6.7881e-05 -0.00810373 -0.0154523 -0.00810373 8.59652e-05)
(0.000127752 -0.0128266 -0.0154155 -0.0128266 0.000113768 -0.00815368 -0.0154155 -0.00815368 5.06869e-05)
(0.000273613 -0.0128484 -0.0154232 -0.0128484 0.000127694 -0.00814463 -0.0154232 -0.00814463 3.33011e-05)
(6.87243e-05 -0.0127976 -0.0154219 -0.0127976 2.60876e-05 -0.00813103 -0.0154219 -0.00813103 6.16072e-05)
(3.30336e-05 -0.0127891 -0.0154271 -0.0127891 2.10777e-05 -0.00812755 -0.0154271 -0.00812755 5.17817e-05)
(0.000347903 -0.012843 -0.0154258 -0.012843 0.0001236 -0.00814254 -0.0154258 -0.00814254 2.92978e-05)
(7.45603e-05 -0.0127976 -0.0154182 -0.0127976 2.84854e-05 -0.0081339 -0.0154182 -0.0081339 6.35969e-05)
(-6.5453e-05 -0.012812 -0.015451 -0.012812 8.68659e-05 -0.00811163 -0.015451 -0.00811163 7.82547e-05)
(-0.000195658 -0.0128355 -0.0154392 -0.0128355 0.000116739 -0.00810807 -0.0154392 -0.00810807 8.64686e-05)
(-0.000146365 -0.0128177 -0.0154598 -0.0128177 8.06165e-05 -0.00809927 -0.0154598 -0.00809927 9.19866e-05)
(2.95114e-05 -0.0127904 -0.0154254 -0.0127904 2.41388e-05 -0.00812209 -0.0154254 -0.00812209 8.80185e-05)
(4.15303e-05 -0.0128374 -0.015416 -0.0128374 0.000105058 -0.00811141 -0.015416 -0.00811141 9.03751e-05)
(2.87144e-05 -0.012814 -0.0154554 -0.012814 7.7658e-05 -0.00809798 -0.0154554 -0.00809798 9.79328e-05)
(7.07546e-05 -0.0127953 -0.015424 -0.0127953 3.70909e-05 -0.00814149 -0.015424 -0.00814149 6.67526e-05)
(-1.26304e-05 -0.0127997 -0.0154386 -0.0127997 3.90481e-05 -0.00811363 -0.0154386 -0.00811363 7.33343e-05)
(0.000135593 -0.0128253 -0.0153991 -0.0128253 0.000116314 -0.00815074 -0.0153991 -0.00815074 7.94215e-05)
(0.000183114 -0.0128353 -0.015412 -0.0128353 0.000128629 -0.00814805 -0.015412 -0.00814805 4.66817e-05)
(8.8709e-05 -0.0128022 -0.0154184 -0.0128022 5.25333e-05 -0.00814918 -0.0154184 -0.00814918 7.93558e-05)
(7.83115e-05 -0.0127964 -0.0154127 -0.0127964 3.25011e-05 -0.00813732 -0.0154127 -0.00813732 0.000109689)
(5.77162e-05 -0.0127917 -0.0154174 -0.0127917 3.02084e-05 -0.00813727 -0.0154174 -0.00813727 8.76497e-05)
(-0.000161439 -0.0128339 -0.0154371 -0.0128339 0.000113142 -0.00810765 -0.0154371 -0.00810765 8.70944e-05)
(-0.00014752 -0.0128287 -0.0154468 -0.0128287 0.000110591 -0.00811249 -0.0154468 -0.00811249 7.99346e-05)
(-0.000121773 -0.0128219 -0.0154509 -0.0128219 0.000102649 -0.00810867 -0.0154509 -0.00810867 8.35795e-05)
(8.66247e-05 -0.0128024 -0.0154126 -0.0128024 4.21249e-05 -0.00814554 -0.0154126 -0.00814554 8.75964e-05)
(-3.57246e-05 -0.0128032 -0.0154421 -0.0128032 5.06655e-05 -0.00810618 -0.0154421 -0.00810618 8.92764e-05)
(-9.74948e-05 -0.0128338 -0.0154389 -0.0128338 0.000111089 -0.00811592 -0.0154389 -0.00811592 8.18614e-05)
(-9.41959e-05 -0.0128308 -0.0154409 -0.0128308 0.000106495 -0.00810666 -0.0154409 -0.00810666 8.66036e-05)
(0.000208355 -0.012834 -0.0154381 -0.012834 0.000127156 -0.00814483 -0.0154381 -0.00814483 2.96778e-05)
(-0.000107837 -0.012813 -0.0154522 -0.012813 7.25558e-05 -0.0081056 -0.0154522 -0.0081056 8.2024e-05)
(-2.48321e-05 -0.0128021 -0.0154439 -0.0128021 4.2305e-05 -0.00812079 -0.0154439 -0.00812079 5.65431e-05)
(-8.76549e-05 -0.0128232 -0.0154537 -0.0128232 9.67428e-05 -0.00811609 -0.0154537 -0.00811609 7.76512e-05)
(-0.000119942 -0.0128235 -0.015456 -0.0128235 0.000102318 -0.00809975 -0.015456 -0.00809975 8.48744e-05)
(1.26028e-05 -0.01279 -0.0154311 -0.01279 2.31939e-05 -0.00812266 -0.0154311 -0.00812266 5.76433e-05)
(-2.05493e-05 -0.0128039 -0.0154425 -0.0128039 4.81089e-05 -0.00810566 -0.0154425 -0.00810566 0.000103842)
(-9.02817e-05 -0.0128098 -0.0154531 -0.0128098 6.45016e-05 -0.00810187 -0.0154531 -0.00810187 9.26665e-05)
(-1.36435e-05 -0.0128333 -0.0154268 -0.0128333 0.000112795 -0.00811415 -0.0154268 -0.00811415 8.53643e-05)
(-4.15622e-05 -0.0128291 -0.0154498 -0.0128291 0.000101501 -0.00811015 -0.0154498 -0.00811015 8.46654e-05)
(-5.396e-05 -0.0128139 -0.0154562 -0.0128139 6.9199e-05 -0.00810094 -0.0154562 -0.00810094 8.94657e-05)
(4.16245e-05 -0.0127849 -0.0154253 -0.0127849 3.05177e-05 -0.00813848 -0.0154253 -0.00813848 5.92653e-05)
(5.02236e-05 -0.012794 -0.0154229 -0.012794 2.20671e-05 -0.00812491 -0.0154229 -0.00812491 6.91083e-05)
(-0.000101493 -0.012814 -0.0154599 -0.012814 8.00513e-05 -0.0080984 -0.0154599 -0.0080984 9.09047e-05)
(2.06031e-05 -0.0127884 -0.0154194 -0.0127884 2.78415e-05 -0.00812233 -0.0154194 -0.00812233 8.91654e-05)
(0.000133212 -0.0128345 -0.0154155 -0.0128345 0.000116992 -0.0081515 -0.0154155 -0.0081515 4.79506e-05)
(-1.09078e-06 -0.0128057 -0.0154474 -0.0128057 5.84426e-05 -0.00811139 -0.0154474 -0.00811139 7.67788e-05)
(0.000193224 -0.0128238 -0.0154234 -0.0128238 0.000123262 -0.00814763 -0.0154234 -0.00814763 3.48288e-05)
(0.000295879 -0.0128409 -0.0154279 -0.0128409 0.000125305 -0.00814425 -0.0154279 -0.00814425 2.8566e-05)
(9.30529e-05 -0.0127991 -0.0154134 -0.0127991 2.61029e-05 -0.00812724 -0.0154134 -0.00812724 7.34751e-05)
(7.87197e-05 -0.0127953 -0.0154176 -0.0127953 2.49607e-05 -0.00812897 -0.0154176 -0.00812897 5.95722e-05)
(-0.000183525 -0.0128259 -0.0154563 -0.0128259 9.57218e-05 -0.00810653 -0.0154563 -0.00810653 8.07123e-05)
(-9.59998e-05 -0.0128137 -0.0154518 -0.0128137 6.37464e-05 -0.00810609 -0.0154518 -0.00810609 8.31592e-05)
(2.88386e-05 -0.0127885 -0.0154248 -0.0127885 2.18693e-05 -0.00812458 -0.0154248 -0.00812458 6.8912e-05)
(-0.000116987 -0.0128187 -0.0154546 -0.0128187 9.76354e-05 -0.00810357 -0.0154546 -0.00810357 8.4765e-05)
(-5.36193e-05 -0.0128078 -0.0154518 -0.0128078 7.69594e-05 -0.00810056 -0.0154518 -0.00810056 9.34533e-05)
(5.0081e-05 -0.0127914 -0.0154251 -0.0127914 2.37357e-05 -0.00812931 -0.0154251 -0.00812931 7.8554e-05)
(-5.64195e-05 -0.0128058 -0.0154451 -0.0128058 5.26299e-05 -0.00810868 -0.0154451 -0.00810868 8.39011e-05)
(6.8324e-05 -0.0127926 -0.0154117 -0.0127926 3.44305e-05 -0.00814044 -0.0154117 -0.00814044 9.56519e-05)
(0.000106721 -0.0128201 -0.01541 -0.0128201 9.8641e-05 -0.00815701 -0.01541 -0.00815701 7.28866e-05)
(4.83814e-05 -0.0127897 -0.0154155 -0.0127897 2.5531e-05 -0.00812504 -0.0154155 -0.00812504 8.8e-05)
(6.7357e-05 -0.0127966 -0.0154178 -0.0127966 3.14154e-05 -0.0081233 -0.0154178 -0.0081233 0.000114332)
(6.19336e-05 -0.0127927 -0.0154137 -0.0127927 2.85901e-05 -0.00812949 -0.0154137 -0.00812949 0.000105045)
(-0.000173507 -0.0128308 -0.0154466 -0.0128308 0.000109452 -0.00810871 -0.0154466 -0.00810871 8.27475e-05)
(-1.58906e-05 -0.0127981 -0.015435 -0.0127981 4.16818e-05 -0.00811322 -0.015435 -0.00811322 7.76437e-05)
(-9.7682e-05 -0.012813 -0.015451 -0.012813 7.67874e-05 -0.00811028 -0.015451 -0.00811028 8.04776e-05)
(7.85623e-05 -0.0127963 -0.0154128 -0.0127963 3.08969e-05 -0.00813418 -0.0154128 -0.00813418 0.000110672)
(6.98633e-05 -0.0127966 -0.0154169 -0.0127966 3.55195e-05 -0.00814169 -0.0154169 -0.00814169 8.31828e-05)
(-1.44174e-05 -0.0128001 -0.0154409 -0.0128001 4.6486e-05 -0.00811862 -0.0154409 -0.00811862 6.86344e-05)
(-0.000160401 -0.0128295 -0.015448 -0.0128295 0.000107054 -0.00810257 -0.015448 -0.00810257 8.65702e-05)
(0.00013091 -0.0128172 -0.0154326 -0.0128172 0.000108244 -0.00814024 -0.0154326 -0.00814024 2.79227e-05)
(-2.63799e-05 -0.0128015 -0.0154404 -0.0128015 5.03765e-05 -0.00811106 -0.0154404 -0.00811106 7.63752e-05)
(-1.16761e-05 -0.012799 -0.0154432 -0.012799 3.55868e-05 -0.00812538 -0.0154432 -0.00812538 4.76428e-05)
(4.94558e-05 -0.0127923 -0.0154292 -0.0127923 2.4116e-05 -0.00812677 -0.0154292 -0.00812677 5.77969e-05)
(-0.000144098 -0.0128202 -0.0154639 -0.0128202 9.68845e-05 -0.00809718 -0.0154639 -0.00809718 8.66733e-05)
(-1.52129e-05 -0.0127964 -0.0154383 -0.0127964 3.3694e-05 -0.00811775 -0.0154383 -0.00811775 6.55807e-05)
(1.11888e-06 -0.0128048 -0.0154407 -0.0128048 4.77835e-05 -0.00810998 -0.0154407 -0.00810998 0.00011403)
(-0.000183055 -0.0128234 -0.0154616 -0.0128234 0.000104203 -0.00809817 -0.0154616 -0.00809817 8.46208e-05)
(-0.00012032 -0.0128212 -0.0154499 -0.0128212 0.000106419 -0.00810931 -0.0154499 -0.00810931 8.10746e-05)
(-9.99659e-05 -0.0128203 -0.0154544 -0.0128203 9.77563e-05 -0.00810592 -0.0154544 -0.00810592 8.38594e-05)
(-3.70539e-07 -0.0128057 -0.0154446 -0.0128057 4.35278e-05 -0.00810857 -0.0154446 -0.00810857 8.24018e-05)
(-6.38519e-05 -0.012803 -0.0154394 -0.012803 4.701e-05 -0.00810997 -0.0154394 -0.00810997 8.74598e-05)
(-0.000179024 -0.0128196 -0.0154592 -0.0128196 0.000100056 -0.00810064 -0.0154592 -0.00810064 8.44238e-05)
(-3.33478e-05 -0.0128076 -0.0154488 -0.0128076 5.98827e-05 -0.00810192 -0.0154488 -0.00810192 0.000102866)
(-0.000163889 -0.0128171 -0.0154552 -0.0128171 8.16642e-05 -0.00810328 -0.0154552 -0.00810328 8.79174e-05)
(7.63616e-05 -0.0127951 -0.0154139 -0.0127951 2.48949e-05 -0.00812666 -0.0154139 -0.00812666 7.70985e-05)
(1.05689e-06 -0.0128038 -0.0154459 -0.0128038 4.68277e-05 -0.00811729 -0.0154459 -0.00811729 6.54279e-05)
(0.000337218 -0.0128344 -0.0154215 -0.0128344 0.000127294 -0.00814234 -0.0154215 -0.00814234 3.72163e-05)
(7.95559e-05 -0.0128065 -0.0154223 -0.0128065 4.77737e-05 -0.00814308 -0.0154223 -0.00814308 5.13202e-05)
(7.56281e-05 -0.0127978 -0.0154253 -0.0127978 4.35895e-05 -0.00810994 -0.0154253 -0.00810994 9.02286e-05)
(0.000122006 -0.0128374 -0.0154158 -0.0128374 0.000116627 -0.00815278 -0.0154158 -0.00815278 4.81836e-05)
(-7.9074e-06 -0.0127969 -0.0154347 -0.0127969 3.4582e-05 -0.00811758 -0.0154347 -0.00811758 6.69971e-05)
(5.33521e-06 -0.012793 -0.0154344 -0.012793 2.61921e-05 -0.00812033 -0.0154344 -0.00812033 6.25696e-05)
(6.42022e-05 -0.0127922 -0.0154245 -0.0127922 3.44501e-05 -0.00813972 -0.0154245 -0.00813972 5.68507e-05)
(-7.18695e-05 -0.0128051 -0.0154455 -0.0128051 7.00379e-05 -0.00810433 -0.0154455 -0.00810433 8.9857e-05)
(-4.3043e-05 -0.0128009 -0.0154401 -0.0128009 6.08879e-05 -0.00810606 -0.0154401 -0.00810606 9.16616e-05)
(3.51416e-05 -0.0127935 -0.0154287 -0.0127935 2.40214e-05 -0.0081204 -0.0154287 -0.0081204 8.30827e-05)
(-8.54915e-05 -0.0128101 -0.0154503 -0.0128101 6.39529e-05 -0.00810904 -0.0154503 -0.00810904 8.13024e-05)
(1.92163e-05 -0.0127944 -0.0154253 -0.0127944 3.25604e-05 -0.00811656 -0.0154253 -0.00811656 0.000102541)
(8.39492e-05 -0.0127976 -0.0154097 -0.0127976 3.91333e-05 -0.00814449 -0.0154097 -0.00814449 0.00010073)
(5.83149e-05 -0.0127908 -0.0154144 -0.0127908 2.61683e-05 -0.0081312 -0.0154144 -0.0081312 7.81744e-05)
(2.93747e-05 -0.0127988 -0.0154288 -0.0127988 3.89036e-05 -0.00811057 -0.0154288 -0.00811057 0.000106306)
(0.000115601 -0.0128132 -0.0154079 -0.0128132 6.92731e-05 -0.00815497 -0.0154079 -0.00815497 0.000108005)
(3.16306e-05 -0.0127909 -0.0154252 -0.0127909 2.29457e-05 -0.0081219 -0.0154252 -0.0081219 6.85532e-05)
(3.56225e-05 -0.0127902 -0.0154222 -0.0127902 2.37949e-05 -0.00812314 -0.0154222 -0.00812314 7.83299e-05)
(4.95929e-05 -0.0127895 -0.0154173 -0.0127895 2.54753e-05 -0.0081308 -0.0154173 -0.0081308 7.67421e-05)
(-1.74518e-05 -0.0128011 -0.015439 -0.0128011 4.87677e-05 -0.00810531 -0.015439 -0.00810531 9.29133e-05)
(9.06679e-05 -0.0128108 -0.0154196 -0.0128108 7.59528e-05 -0.00815437 -0.0154196 -0.00815437 6.30675e-05)
(2.87468e-05 -0.0127951 -0.0154338 -0.0127951 3.71913e-05 -0.00812233 -0.0154338 -0.00812233 6.50315e-05)
(1.20442e-05 -0.0127964 -0.0154314 -0.0127964 3.18494e-05 -0.00811293 -0.0154314 -0.00811293 9.73939e-05)
(4.78209e-05 -0.0127916 -0.0154338 -0.0127916 2.72366e-05 -0.00813108 -0.0154338 -0.00813108 2.57968e-05)
(3.00552e-05 -0.0127909 -0.0154245 -0.0127909 2.67484e-05 -0.00811992 -0.0154245 -0.00811992 6.69292e-05)
(-8.9155e-06 -0.0128001 -0.0154449 -0.0128001 3.4429e-05 -0.00812802 -0.0154449 -0.00812802 4.33431e-05)
(8.25993e-05 -0.0128047 -0.0154258 -0.0128047 4.42001e-05 -0.00813966 -0.0154258 -0.00813966 4.63824e-05)
(5.26244e-06 -0.0128017 -0.0154386 -0.0128017 5.08939e-05 -0.00810432 -0.0154386 -0.00810432 9.82636e-05)
(-8.37534e-05 -0.0128116 -0.0154526 -0.0128116 6.29773e-05 -0.00811128 -0.0154526 -0.00811128 7.31107e-05)
(7.18999e-06 -0.0128031 -0.0154363 -0.0128031 4.67582e-05 -0.00811089 -0.0154363 -0.00811089 0.000114138)
(-0.000175952 -0.0128177 -0.015466 -0.0128177 9.45461e-05 -0.00809651 -0.015466 -0.00809651 8.79108e-05)
(-4.53957e-05 -0.0128001 -0.0154389 -0.0128001 5.67323e-05 -0.00811227 -0.0154389 -0.00811227 7.9629e-05)
(-9.81369e-05 -0.0128098 -0.0154516 -0.0128098 8.12714e-05 -0.008106 -0.0154516 -0.008106 8.45077e-05)
(3.6893e-05 -0.0127929 -0.01543 -0.0127929 2.18901e-05 -0.00812225 -0.01543 -0.00812225 6.8175e-05)
(-7.46087e-05 -0.0128077 -0.0154463 -0.0128077 5.82136e-05 -0.00810347 -0.0154463 -0.00810347 9.64173e-05)
(7.2072e-05 -0.0128374 -0.0154106 -0.0128374 0.000116872 -0.00810959 -0.0154106 -0.00810959 8.75491e-05)
(-2.00868e-05 -0.0128039 -0.0154417 -0.0128039 4.77211e-05 -0.00810856 -0.0154417 -0.00810856 0.000111307)
(-0.000166124 -0.0128169 -0.0154565 -0.0128169 8.2753e-05 -0.00810229 -0.0154565 -0.00810229 8.85613e-05)
(-0.000108376 -0.0128121 -0.0154556 -0.0128121 8.85149e-05 -0.00810047 -0.0154556 -0.00810047 8.82914e-05)
(3.21976e-05 -0.0127919 -0.0154331 -0.0127919 2.05597e-05 -0.00812578 -0.0154331 -0.00812578 4.82337e-05)
(2.39927e-05 -0.0127889 -0.0154271 -0.0127889 2.64036e-05 -0.0081262 -0.0154271 -0.0081262 0.000103941)
(-3.80064e-06 -0.0127981 -0.0154359 -0.0127981 5.80774e-05 -0.00810841 -0.0154359 -0.00810841 8.53991e-05)
(-5.68463e-05 -0.0128091 -0.0154513 -0.0128091 8.20281e-05 -0.00810641 -0.0154513 -0.00810641 8.4276e-05)
(0.000113427 -0.012819 -0.0154109 -0.012819 7.50922e-05 -0.00815416 -0.0154109 -0.00815416 7.93817e-05)
(3.96142e-05 -0.0127895 -0.0154248 -0.0127895 2.30877e-05 -0.00812965 -0.0154248 -0.00812965 5.04645e-05)
(5.26446e-05 -0.0127827 -0.0154291 -0.0127827 2.79638e-05 -0.00813691 -0.0154291 -0.00813691 5.49015e-05)
(7.16794e-05 -0.0127969 -0.0154223 -0.0127969 3.92376e-05 -0.00814206 -0.0154223 -0.00814206 6.38593e-05)
(1.7644e-05 -0.0127952 -0.0154257 -0.0127952 4.48224e-05 -0.0081086 -0.0154257 -0.0081086 9.57241e-05)
(-2.00752e-05 -0.0127985 -0.0154352 -0.0127985 4.98027e-05 -0.00810937 -0.0154352 -0.00810937 8.76087e-05)
(1.40912e-05 -0.0127912 -0.015429 -0.0127912 2.51416e-05 -0.00811897 -0.015429 -0.00811897 8.15515e-05)
(4.25819e-05 -0.0127885 -0.0154224 -0.0127885 2.40866e-05 -0.00813022 -0.0154224 -0.00813022 8.24439e-05)
(5.54056e-05 -0.0127934 -0.0154195 -0.0127934 2.92748e-05 -0.00813078 -0.0154195 -0.00813078 0.000113435)
(5.30844e-05 -0.0127933 -0.0154171 -0.0127933 3.02169e-05 -0.00811788 -0.0154171 -0.00811788 0.000102903)
(9.24784e-05 -0.0128043 -0.0154128 -0.0128043 4.34711e-05 -0.00814552 -0.0154128 -0.00814552 8.6184e-05)
(-0.000106951 -0.0128109 -0.0154549 -0.0128109 7.6531e-05 -0.00809967 -0.0154549 -0.00809967 9.23833e-05)
(7.21708e-05 -0.0127967 -0.0154164 -0.0127967 3.19133e-05 -0.00813794 -0.0154164 -0.00813794 9.27778e-05)
(7.18628e-05 -0.0127984 -0.0154201 -0.0127984 3.39893e-05 -0.00813873 -0.0154201 -0.00813873 6.83344e-05)
(4.14342e-05 -0.0127916 -0.0154238 -0.0127916 2.24285e-05 -0.00812395 -0.0154238 -0.00812395 7.103e-05)
(8.28934e-05 -0.0127995 -0.0154147 -0.0127995 4.12052e-05 -0.00814512 -0.0154147 -0.00814512 8.61887e-05)
(-4.43143e-05 -0.0128043 -0.015444 -0.0128043 5.70488e-05 -0.00810694 -0.015444 -0.00810694 8.49831e-05)
(8.21405e-05 -0.0128058 -0.0154239 -0.0128058 6.8161e-05 -0.00815097 -0.0154239 -0.00815097 5.09489e-05)
(4.50243e-05 -0.0127927 -0.0154336 -0.0127927 2.62357e-05 -0.00812849 -0.0154336 -0.00812849 4.90825e-05)
(0.000138297 -0.0128152 -0.0154153 -0.0128152 0.00011188 -0.00815171 -0.0154153 -0.00815171 5.65884e-05)
(5.00258e-05 -0.0127927 -0.0154341 -0.0127927 2.75501e-05 -0.00813136 -0.0154341 -0.00813136 2.75582e-05)
(6.45942e-05 -0.0127988 -0.0154223 -0.0127988 3.51175e-05 -0.0081392 -0.0154223 -0.0081392 5.04851e-05)
(7.28154e-06 -0.0127918 -0.0154395 -0.0127918 2.34592e-05 -0.0081287 -0.0154395 -0.0081287 3.84278e-05)
(8.0327e-05 -0.012805 -0.015427 -0.012805 4.71021e-05 -0.00813979 -0.015427 -0.00813979 4.43786e-05)
(8.63074e-05 -0.0128062 -0.0154172 -0.0128062 3.9763e-05 -0.00814004 -0.0154172 -0.00814004 6.41157e-05)
(-9.83886e-05 -0.0128128 -0.0154549 -0.0128128 6.95943e-05 -0.00810895 -0.0154549 -0.00810895 7.60141e-05)
(-3.38303e-05 -0.0128061 -0.0154444 -0.0128061 5.87543e-05 -0.00810381 -0.0154444 -0.00810381 0.000104597)
(-0.000124746 -0.0128125 -0.0154576 -0.0128125 7.90866e-05 -0.0080991 -0.0154576 -0.0080991 9.2878e-05)
(1.21318e-05 -0.0127921 -0.01543 -0.0127921 3.37244e-05 -0.00811979 -0.01543 -0.00811979 6.79177e-05)
(-9.57192e-05 -0.0128085 -0.0154493 -0.0128085 7.48174e-05 -0.00810547 -0.0154493 -0.00810547 8.70025e-05)
(5.04388e-05 -0.012789 -0.0154277 -0.012789 2.31721e-05 -0.00813154 -0.0154277 -0.00813154 5.75721e-05)
(-4.07895e-05 -0.0128093 -0.0154505 -0.0128093 6.4435e-05 -0.00810026 -0.0154505 -0.00810026 9.92476e-05)
(-0.000138462 -0.0128275 -0.0154475 -0.0128275 0.000111839 -0.00810314 -0.0154475 -0.00810314 8.45052e-05)
(2.31869e-05 -0.0127942 -0.0154281 -0.0127942 3.09848e-05 -0.00812307 -0.0154281 -0.00812307 0.000115132)
(-4.83264e-05 -0.0128008 -0.0154355 -0.0128008 4.75914e-05 -0.008108 -0.0154355 -0.008108 9.99405e-05)
(-0.000158304 -0.0128188 -0.0154597 -0.0128188 0.000103781 -0.00809947 -0.0154597 -0.00809947 8.48621e-05)
(3.88889e-05 -0.0127911 -0.0154289 -0.0127911 2.08307e-05 -0.00812579 -0.0154289 -0.00812579 5.79918e-05)
(-0.000169829 -0.0128354 -0.0154352 -0.0128354 0.000114529 -0.00810799 -0.0154352 -0.00810799 8.74207e-05)
(4.55244e-06 -0.0127961 -0.0154307 -0.0127961 5.02915e-05 -0.00810841 -0.0154307 -0.00810841 8.91138e-05)
(-2.069e-05 -0.0128003 -0.0154408 -0.0128003 5.78206e-05 -0.00811073 -0.0154408 -0.00811073 7.99479e-05)
(1.62534e-05 -0.0127954 -0.0154295 -0.0127954 4.49307e-05 -0.00811218 -0.0154295 -0.00811218 8.52494e-05)
(5.2866e-05 -0.0127919 -0.0154259 -0.0127919 2.94816e-05 -0.00813617 -0.0154259 -0.00813617 4.45369e-05)
(7.24624e-05 -0.0127858 -0.0154284 -0.0127858 4.25102e-05 -0.00814537 -0.0154284 -0.00814537 6.26112e-05)
(5.29513e-05 -0.0127928 -0.0154198 -0.0127928 2.38268e-05 -0.00812508 -0.0154198 -0.00812508 8.65802e-05)
(7.50972e-05 -0.012792 -0.0154078 -0.012792 2.65515e-05 -0.00812701 -0.0154078 -0.00812701 9.12503e-05)
(3.83014e-05 -0.0127889 -0.0154179 -0.0127889 2.46985e-05 -0.00812172 -0.0154179 -0.00812172 8.03387e-05)
(8.3007e-06 -0.0127911 -0.015429 -0.0127911 2.67753e-05 -0.00811875 -0.015429 -0.00811875 8.54674e-05)
(5.29219e-05 -0.0127902 -0.0154224 -0.0127902 2.70059e-05 -0.00813302 -0.0154224 -0.00813302 9.60852e-05)
(4.09069e-05 -0.012796 -0.0154246 -0.012796 3.14049e-05 -0.00811687 -0.0154246 -0.00811687 0.000104938)
(2.87031e-05 -0.0127969 -0.0154282 -0.0127969 3.90147e-05 -0.00810951 -0.0154282 -0.00810951 9.77288e-05)
(0.000105971 -0.0128087 -0.0154103 -0.0128087 4.97414e-05 -0.00814867 -0.0154103 -0.00814867 9.444e-05)
(3.18952e-05 -0.0127923 -0.0154205 -0.0127923 3.14799e-05 -0.00811476 -0.0154205 -0.00811476 9.36684e-05)
(-3.16518e-06 -0.0127976 -0.0154349 -0.0127976 3.7568e-05 -0.00811162 -0.0154349 -0.00811162 8.00854e-05)
(2.29033e-05 -0.012798 -0.0154312 -0.012798 3.48937e-05 -0.008112 -0.0154312 -0.008112 8.87193e-05)
(5.01578e-05 -0.0127921 -0.0154235 -0.0127921 2.28177e-05 -0.00812795 -0.0154235 -0.00812795 6.77216e-05)
(6.46953e-05 -0.0127942 -0.0154179 -0.0127942 2.44493e-05 -0.0081292 -0.0154179 -0.0081292 6.69497e-05)
(4.62212e-05 -0.0127893 -0.0154179 -0.0127893 2.52402e-05 -0.00813114 -0.0154179 -0.00813114 8.41428e-05)
(5.17279e-05 -0.0127916 -0.015424 -0.0127916 3.206e-05 -0.00813898 -0.015424 -0.00813898 5.52475e-05)
(6.45789e-05 -0.0127988 -0.0154251 -0.0127988 2.99303e-05 -0.0081346 -0.0154251 -0.0081346 4.38395e-05)
