/*--------------------------------*- C++ -*----------------------------------*\
  =========                 |
  \\      /  F ield         | OpenFOAM: The Open Source CFD Toolbox
   \\    /   O peration     | Website:  https://openfoam.org
    \\  /    A nd           | Version:  10
     \\/     M anipulation  |
\*---------------------------------------------------------------------------*/
FoamFile
{
    format      ascii;
    class       volTensorField;
    location    "8";
    object      TauNN;
}
// * * * * * * * * * * * * * * * * * * * * * * * * * * * * * * * * * * * * * //

dimensions      [0 2 -2 0 0 0 0];

internalField   nonuniform List<tensor> 
25600
(
(0.00012268 2.85497e-05 4.23016e-05 2.85497e-05 0.000126804 -3.45679e-05 4.23016e-05 -3.45679e-05 7.99815e-05)
(9.71816e-05 3.88445e-05 6.15511e-06 3.88445e-05 0.000136599 -6.38235e-05 6.15511e-06 -6.38235e-05 0.000122227)
(9.49485e-05 2.68202e-05 3.618e-05 2.68202e-05 0.000123266 -4.94421e-05 3.618e-05 -4.94421e-05 7.698e-05)
(0.000130885 6.21937e-06 9.57847e-05 6.21937e-06 0.000116404 -1.84784e-05 9.57847e-05 -1.84784e-05 2.40796e-05)
(0.000204503 1.08192e-05 0.000133237 1.08192e-05 0.000137544 -7.14697e-06 0.000133237 -7.14697e-06 6.4269e-05)
(0.000254833 3.18671e-05 0.000132426 3.18671e-05 0.000168439 -2.07052e-05 0.000132426 -2.07052e-05 0.000107223)
(0.000222538 1.41822e-05 0.00012847 1.41822e-05 0.000182713 -2.83411e-05 0.00012847 -2.83411e-05 6.51771e-05)
(0.000179003 -2.88812e-05 0.000125086 -2.88812e-05 0.00018455 2.28174e-06 0.000125086 2.28174e-06 6.13484e-05)
(0.000170651 -4.3937e-05 9.15164e-05 -4.3937e-05 0.000151933 1.06338e-05 9.15164e-05 1.06338e-05 6.99743e-05)
(0.00021652 7.73836e-06 0.000106006 7.73836e-06 0.000131976 -1.77491e-05 0.000106006 -1.77491e-05 4.7256e-05)
(0.000343791 0.000124007 0.000256488 0.000124007 0.000243015 7.57342e-05 0.000256488 7.57342e-05 0.000243281)
(0.000409691 0.000192622 0.000319019 0.000192622 0.000523457 0.000262629 0.000319019 0.000262629 0.000463614)
(0.00031931 8.90307e-05 0.00014165 8.90307e-05 0.000582774 0.000184683 0.00014165 0.000184683 0.000202697)
(0.00018305 1.65403e-06 9.59439e-05 1.65403e-06 0.000288244 -4.22057e-05 9.59439e-05 -4.22057e-05 4.57278e-05)
(0.000194679 -6.57514e-07 0.000175783 -6.57514e-07 0.000211343 4.71575e-05 0.000175783 4.71575e-05 0.000270757)
(0.000249217 -4.49494e-05 0.000159853 -4.49494e-05 0.000443455 0.000189577 0.000159853 0.000189577 0.000330869)
(0.000301844 -7.31908e-05 0.000176169 -7.31908e-05 0.000597283 7.97193e-05 0.000176169 7.97193e-05 0.000147326)
(0.000408213 -7.53645e-05 0.00016527 -7.53645e-05 0.000604732 -0.000119642 0.00016527 -0.000119642 0.000104051)
(0.000466189 -1.36914e-05 0.00013514 -1.36914e-05 0.000508361 -0.000188659 0.00013514 -0.000188659 0.000177947)
(0.000445398 1.37398e-05 0.000106802 1.37398e-05 0.000461987 -0.000179972 0.000106802 -0.000179972 0.000157224)
(0.000361955 -3.63421e-05 0.000101291 -3.63421e-05 0.000439683 -0.000103859 0.000101291 -0.000103859 7.48359e-05)
(0.000284209 -6.85882e-05 0.00011528 -6.85882e-05 0.000409675 -6.11227e-06 0.00011528 -6.11227e-06 4.09896e-05)
(0.000241132 -8.23326e-05 0.000119293 -8.23326e-05 0.000414775 6.43311e-05 0.000119293 6.43311e-05 6.81237e-05)
(0.000203458 -9.37143e-05 9.84175e-05 -9.37143e-05 0.000366995 7.95806e-05 9.84175e-05 7.95806e-05 8.13944e-05)
(0.000196475 -6.64545e-05 0.00010894 -6.64545e-05 0.00027237 9.95025e-06 0.00010894 9.95025e-06 1.0625e-05)
(0.000264353 -2.6064e-05 0.000164182 -2.6064e-05 0.000205911 -7.3228e-05 0.000164182 -7.3228e-05 5.0573e-05)
(0.000384465 6.39819e-05 0.000280686 6.39819e-05 0.000147992 -7.81137e-05 0.000280686 -7.81137e-05 0.00032525)
(0.000410519 0.000131002 0.00033775 0.000131002 0.000128081 -2.32924e-05 0.00033775 -2.32924e-05 0.000523441)
(0.000294976 9.35951e-05 0.000233477 9.35951e-05 0.000140129 -4.25614e-06 0.000233477 -4.25614e-06 0.000333482)
(0.00021764 3.03807e-05 0.000143801 3.03807e-05 0.000150222 -2.40207e-05 0.000143801 -2.40207e-05 0.000125923)
(0.000204307 6.16815e-06 0.000129272 6.16815e-06 0.000152762 -3.68804e-05 0.000129272 -3.68804e-05 5.95582e-05)
(0.0002322 2.91504e-06 0.000148026 2.91504e-06 0.000187381 -3.57749e-05 0.000148026 -3.57749e-05 8.66868e-05)
(0.000268876 -1.35135e-06 0.000166682 -1.35135e-06 0.000217583 -3.06815e-05 0.000166682 -3.06815e-05 0.000137819)
(0.000267648 -1.48797e-05 0.000163748 -1.48797e-05 0.000210604 -1.70963e-05 0.000163748 -1.70963e-05 0.000156613)
(0.000252282 -1.31214e-05 0.000139909 -1.31214e-05 0.00018976 -6.04242e-06 0.000139909 -6.04242e-06 0.00014487)
(0.000260919 1.59601e-05 0.000133623 1.59601e-05 0.000179599 -4.95464e-06 0.000133623 -4.95464e-06 0.000121742)
(0.000247405 2.03382e-05 0.00015529 2.03382e-05 0.000154304 -1.09831e-05 0.00015529 -1.09831e-05 9.56172e-05)
(0.000234505 1.4809e-05 0.000158325 1.4809e-05 0.000144815 -2.36491e-05 0.000158325 -2.36491e-05 8.4614e-05)
(0.000216855 9.56561e-06 0.000151643 9.56561e-06 0.000137675 -1.8944e-05 0.000151643 -1.8944e-05 7.47961e-05)
(0.000164994 5.9735e-06 0.00011566 5.9735e-06 0.000116981 -9.26666e-06 0.00011566 -9.26666e-06 5.49984e-05)
(0.000261419 1.38106e-05 0.000158098 1.38106e-05 0.000154969 -5.34952e-05 0.000158098 -5.34952e-05 4.46372e-05)
(0.000165948 4.32208e-05 0.000111394 4.32208e-05 0.000125755 -1.06292e-05 0.000111394 -1.06292e-05 3.14874e-06)
(8.87323e-05 1.91228e-05 6.43134e-05 1.91228e-05 0.000144297 -4.7761e-05 6.43134e-05 -4.7761e-05 3.25668e-05)
(0.000101959 1.59536e-06 8.41897e-05 1.59536e-06 0.000144171 -6.84233e-05 8.41897e-05 -6.84233e-05 0.000236045)
(0.000123584 -3.79048e-07 7.60313e-05 -3.79048e-07 0.000139885 -1.60504e-05 7.60313e-05 -1.60504e-05 0.000295262)
(0.000115085 4.97792e-06 6.23558e-05 4.97792e-06 0.0001338 -1.20131e-05 6.23558e-05 -1.20131e-05 0.000144132)
(0.000119086 1.22916e-05 6.46617e-05 1.22916e-05 0.00012008 -3.3495e-05 6.46617e-05 -3.3495e-05 6.97671e-05)
(0.000122926 2.39508e-05 4.90071e-05 2.39508e-05 0.000152907 -4.61154e-05 4.90071e-05 -4.61154e-05 7.34051e-05)
(0.000117722 3.65386e-05 3.28822e-05 3.65386e-05 0.000180988 -5.27017e-05 3.28822e-05 -5.27017e-05 6.3723e-05)
(0.000145563 5.2494e-05 2.98489e-05 5.2494e-05 0.000163135 -4.73466e-05 2.98489e-05 -4.73466e-05 1.58968e-05)
(0.000210161 2.72216e-05 8.07093e-05 2.72216e-05 0.000149505 -3.03145e-05 8.07093e-05 -3.03145e-05 -5.52142e-05)
(0.000205185 4.83943e-05 0.000102238 4.83943e-05 0.00018819 -1.5798e-05 0.000102238 -1.5798e-05 -9.70758e-05)
(9.15086e-05 0.000124237 7.13114e-05 0.000124237 0.000313831 -7.94698e-06 7.13114e-05 -7.94698e-06 -7.94208e-05)
(0.000130691 -5.51976e-05 0.000162342 -5.51976e-05 0.000508668 -0.000142151 0.000162342 -0.000142151 7.51994e-05)
(0.000315679 -0.000238899 0.000281697 -0.000238899 0.000379567 -0.000162017 0.000281697 -0.000162017 0.000233818)
(0.000342494 -9.81782e-05 0.000223564 -9.81782e-05 0.000210052 1.00303e-05 0.000223564 1.00303e-05 0.000195001)
(0.000387648 4.62653e-05 0.000192409 4.62653e-05 0.000378775 -1.33384e-05 0.000192409 -1.33384e-05 0.000200131)
(0.000441071 -5.07981e-05 0.000184142 -5.07981e-05 0.00067065 -9.40664e-05 0.000184142 -9.40664e-05 0.000182347)
(0.000424325 -0.00012727 0.000169012 -0.00012727 0.000736209 -7.5968e-05 0.000169012 -7.5968e-05 0.00011001)
(0.000343103 -9.09353e-05 0.000154853 -9.09353e-05 0.000774358 0.000101661 0.000154853 0.000101661 0.000136527)
(0.000335172 -1.13277e-05 0.000144667 -1.13277e-05 0.000833274 0.000382104 0.000144667 0.000382104 0.000470885)
(0.000508494 1.38879e-05 9.95016e-05 1.38879e-05 0.00100388 0.000656654 9.95016e-05 0.000656654 0.0011847)
(0.000651381 -7.82479e-05 -7.7405e-05 -7.82479e-05 0.00118044 0.000893396 -7.7405e-05 0.000893396 0.00192553)
(0.000579067 -0.000204768 -0.00025714 -0.000204768 0.00100577 0.00086855 -0.00025714 0.00086855 0.00194982)
(0.000455319 -0.000245381 -0.000215545 -0.000245381 0.000629054 0.000590384 -0.000215545 0.000590384 0.00128341)
(0.000337441 -0.000187221 -8.58931e-05 -0.000187221 0.000313343 0.000233931 -8.58931e-05 0.000233931 0.00057188)
(0.000328126 -4.64469e-05 1.2421e-05 -4.64469e-05 0.000172182 2.35513e-05 1.2421e-05 2.35513e-05 0.000249406)
(0.000375451 8.763e-05 0.000119841 8.763e-05 0.000179027 -7.05943e-07 0.000119841 -7.05943e-07 0.000205307)
(0.000292064 0.000139896 0.000111779 0.000139896 0.000212251 7.45896e-06 0.000111779 7.45896e-06 0.000161592)
(0.000163679 4.56497e-05 7.58944e-05 4.56497e-05 0.000193207 -6.9933e-06 7.58944e-05 -6.9933e-06 0.000120927)
(0.000174848 -6.41542e-05 0.000117301 -6.41542e-05 0.000157805 -3.3048e-05 0.000117301 -3.3048e-05 0.000209797)
(0.000209028 -9.21469e-05 0.000127721 -9.21469e-05 0.000187683 -6.57719e-05 0.000127721 -6.57719e-05 0.000312775)
(0.000167455 -3.39486e-05 5.82086e-05 -3.39486e-05 0.000219039 -7.44537e-05 5.82086e-05 -7.44537e-05 0.000224848)
(0.000161492 3.80306e-05 3.64976e-05 3.80306e-05 0.000246885 -5.22705e-05 3.64976e-05 -5.22705e-05 9.84376e-05)
(0.000189052 8.33012e-05 4.62281e-05 8.33012e-05 0.00027308 -2.66256e-05 4.62281e-05 -2.66256e-05 4.30391e-05)
(0.000152586 5.41229e-05 6.18706e-05 5.41229e-05 0.000224819 -1.22888e-05 6.18706e-05 -1.22888e-05 9.71277e-06)
(0.000129109 1.29947e-05 8.81795e-05 1.29947e-05 0.000173678 -5.33648e-06 8.81795e-05 -5.33648e-06 1.70162e-05)
(0.000161124 7.72253e-06 0.000104312 7.72253e-06 0.000176355 4.86244e-06 0.000104312 4.86244e-06 4.73493e-05)
(0.000186557 -8.64919e-06 0.000117724 -8.64919e-06 0.000191718 -7.45337e-06 0.000117724 -7.45337e-06 2.10273e-05)
(0.000240964 -2.2592e-05 0.000144481 -2.2592e-05 0.000201937 -6.06067e-05 0.000144481 -6.06067e-05 7.63862e-06)
(0.000245136 -0.000160092 4.53684e-05 -0.000160092 0.000213782 5.08074e-05 4.53684e-05 5.08074e-05 0.000110712)
(0.000241449 -0.000146267 -8.10586e-05 -0.000146267 0.000135391 0.000108241 -8.10586e-05 0.000108241 0.000242909)
(0.000188288 -7.32392e-05 -7.07805e-08 -7.32392e-05 0.000171943 0.000175673 -7.07805e-08 0.000175673 0.00035792)
(0.000234268 2.04928e-05 0.000196625 2.04928e-05 0.00026564 0.000152945 0.000196625 0.000152945 0.000227024)
(0.000255281 5.23487e-05 0.000169224 5.23487e-05 0.000238553 -8.03173e-06 0.000169224 -8.03173e-06 2.89892e-05)
(0.000290627 4.75086e-05 0.00016789 4.75086e-05 0.00016375 -6.50482e-05 0.00016789 -6.50482e-05 0.000203801)
(0.000352602 5.28228e-05 0.00029566 5.28228e-05 0.000157366 1.12383e-05 0.00029566 1.12383e-05 0.00038962)
(0.000263573 4.18015e-05 0.000163128 4.18015e-05 0.000141184 -2.45031e-06 0.000163128 -2.45031e-06 0.000213287)
(9.34675e-05 1.00359e-05 2.997e-06 1.00359e-05 7.33986e-05 -4.27207e-05 2.997e-06 -4.27207e-05 0.000164662)
(9.40072e-05 -3.41125e-05 5.82272e-05 -3.41125e-05 0.00014448 5.91818e-05 5.82272e-05 5.91818e-05 0.00038196)
(0.000150465 -4.11933e-05 7.67447e-05 -4.11933e-05 0.000220017 0.000111677 7.67447e-05 0.000111677 0.000154184)
(0.000304979 -0.000111246 0.00011985 -0.000111246 0.00027615 -1.42138e-05 0.00011985 -1.42138e-05 -4.54306e-05)
(0.000485654 -0.000139203 0.000251932 -0.000139203 0.000256847 -0.000171714 0.000251932 -0.000171714 0.000144391)
(0.000329205 1.30506e-05 0.00013042 1.30506e-05 0.000234042 -0.000142958 0.00013042 -0.000142958 2.25527e-05)
(0.000496103 0.000108613 0.000196155 0.000108613 0.000249429 2.09119e-05 0.000196155 2.09119e-05 7.33639e-05)
(0.00083187 -5.23198e-05 0.000378622 -5.23198e-05 0.000316917 2.65809e-05 0.000378622 2.65809e-05 0.000300253)
(0.000674422 -2.44938e-05 0.000325415 -2.44938e-05 0.000345282 2.36696e-05 0.000325415 2.36696e-05 0.000372072)
(0.000371617 4.64506e-05 0.000214264 4.64506e-05 0.000366233 4.81373e-05 0.000214264 4.81373e-05 0.000359204)
(0.000248661 -3.6451e-05 9.14e-05 -3.6451e-05 0.000501411 0.000195305 9.14e-05 0.000195305 0.000453137)
(0.000326905 -0.000192808 -7.308e-05 -0.000192808 0.000822475 0.000527656 -7.308e-05 0.000527656 0.00083865)
(0.000434798 -0.000217298 -0.000121371 -0.000217298 0.000852391 0.000668892 -0.000121371 0.000668892 0.00126002)
(0.000440885 -0.00021495 6.6217e-07 -0.00021495 0.000532527 0.000441524 6.6217e-07 0.000441524 0.00131147)
(0.000302429 -0.000105742 1.41934e-06 -0.000105742 0.000304483 6.67991e-05 1.41934e-06 6.67991e-05 0.000871868)
(0.000279176 5.25136e-05 -0.000112275 5.25136e-05 0.000398315 -0.000196752 -0.000112275 -0.000196752 0.000589808)
(0.000435851 0.000264004 -0.000157985 0.000264004 0.000707073 -0.000243783 -0.000157985 -0.000243783 0.000502455)
(0.000607468 0.000447012 -4.69983e-05 0.000447012 0.000817584 -0.000132389 -4.69983e-05 -0.000132389 0.000449787)
(0.000658682 0.000472226 0.000133078 0.000472226 0.000683889 1.37752e-05 0.000133078 1.37752e-05 0.00038203)
(0.0005675 0.000358731 0.000232248 0.000358731 0.000420814 8.09906e-05 0.000232248 8.09906e-05 0.00029999)
(0.000274153 0.000120672 0.000150391 0.000120672 0.000170646 2.92035e-05 0.000150391 2.92035e-05 9.57722e-05)
(0.000158116 1.65869e-06 0.000127916 1.65869e-06 9.60051e-05 2.01371e-05 0.000127916 2.01371e-05 8.02135e-06)
(0.000219231 3.42475e-05 0.000174709 3.42475e-05 0.00015481 4.37582e-05 0.000174709 4.37582e-05 5.97914e-05)
(0.000208952 5.33946e-05 0.000137408 5.33946e-05 0.000163102 -6.23334e-06 0.000137408 -6.23334e-06 1.76733e-05)
(0.000294031 8.91779e-05 8.65236e-05 8.91779e-05 0.000194249 -4.3571e-05 8.65236e-05 -4.3571e-05 0.000126164)
(0.000364073 0.000103174 7.71452e-05 0.000103174 0.000246629 -6.36075e-05 7.71452e-05 -6.36075e-05 0.000205961)
(0.000285853 -1.31428e-05 0.000102618 -1.31428e-05 0.000296866 -7.03e-05 0.000102618 -7.03e-05 3.87509e-05)
(0.000225939 -0.000102972 0.000113947 -0.000102972 0.000384839 2.69823e-05 0.000113947 2.69823e-05 1.30094e-06)
(0.000257684 -5.3959e-05 0.000147002 -5.3959e-05 0.000503296 0.000175958 0.000147002 0.000175958 0.000163942)
(0.000301546 2.79406e-05 0.000211619 2.79406e-05 0.000497667 0.000187671 0.000211619 0.000187671 0.000221286)
(0.000282841 2.29804e-05 0.000201859 2.29804e-05 0.000377258 8.28188e-05 0.000201859 8.28188e-05 0.000128061)
(0.000223211 -8.44887e-05 0.000138817 -8.44887e-05 0.000295352 2.78195e-05 0.000138817 2.78195e-05 6.30316e-05)
(0.000384102 -8.81981e-05 0.000201358 -8.81981e-05 0.000344506 -0.000169526 0.000201358 -0.000169526 0.000133786)
(0.000465658 -2.86652e-05 0.000209885 -2.86652e-05 0.000432153 -0.000291924 0.000209885 -0.000291924 0.000253523)
(0.000590371 7.69924e-05 0.000138361 7.69924e-05 0.00068719 -0.000470994 0.000138361 -0.000470994 0.00045128)
(0.000732341 0.00013806 0.000101276 0.00013806 0.000909302 -0.000570151 0.000101276 -0.000570151 0.000605414)
(0.000743514 4.67291e-05 0.000191957 4.67291e-05 0.000632134 -0.000477119 0.000191957 -0.000477119 0.000709055)
(0.00083192 9.57055e-05 0.00040362 9.57055e-05 0.000330326 -0.000250934 0.00040362 -0.000250934 0.00110928)
(0.000949264 0.000245867 0.000471706 0.000245867 0.000301085 -6.31697e-05 0.000471706 -6.31697e-05 0.00144411)
(0.000655472 0.000212434 0.000258148 0.000212434 0.000255245 -5.55944e-05 0.000258148 -5.55944e-05 0.000832237)
(0.000273013 3.19509e-05 0.000128681 3.19509e-05 0.00022131 -8.00388e-05 0.000128681 -8.00388e-05 3.19084e-05)
(0.000225038 -3.80781e-05 0.000117544 -3.80781e-05 0.000426735 0.000182318 0.000117544 0.000182318 0.0001673)
(0.00029429 -4.64134e-05 1.56919e-05 -4.64134e-05 0.000663162 0.000356315 1.56919e-05 0.000356315 0.000435136)
(0.000363139 -0.00011164 2.90526e-05 -0.00011164 0.000903577 0.000443988 2.90526e-05 0.000443988 0.000426861)
(0.000530463 -7.26627e-05 0.00015738 -7.26627e-05 0.00147925 0.000511663 0.00015738 0.000511663 0.000451252)
(0.000785672 7.91224e-05 0.000272181 7.91224e-05 0.00217696 0.000421172 0.000272181 0.000421172 0.000492275)
(0.000773103 0.00020882 0.000172445 0.00020882 0.00146286 -0.000111237 0.000172445 -0.000111237 0.000278339)
(0.000743894 0.000285216 -0.000198532 0.000285216 0.00048081 -0.000232431 -0.000198532 -0.000232431 0.000608059)
(0.000771047 0.000171244 -0.000137694 0.000171244 0.000459713 0.000243288 -0.000137694 0.000243288 0.00128302)
(0.000767312 1.30506e-05 0.000141332 1.30506e-05 0.000833733 0.000441032 0.000141332 0.000441032 0.0009794)
(0.000528897 9.61591e-06 0.00016255 9.61591e-06 0.00073097 0.000129665 0.00016255 0.000129665 0.00043701)
(0.000335653 9.26768e-05 9.4329e-05 9.26768e-05 0.000454026 -4.59785e-05 9.4329e-05 -4.59785e-05 0.000322384)
(0.000274618 9.22633e-05 6.05304e-05 9.22633e-05 0.000366679 -3.78462e-05 6.05304e-05 -3.78462e-05 0.000329733)
(0.000317272 0.00012621 5.964e-05 0.00012621 0.00036557 -1.10557e-05 5.964e-05 -1.10557e-05 0.000303392)
(0.000401456 0.000186948 8.60887e-05 0.000186948 0.000419036 1.74791e-05 8.60887e-05 1.74791e-05 0.000333157)
(0.000421966 0.000279049 5.39469e-05 0.000279049 0.000500487 2.42377e-05 5.39469e-05 2.42377e-05 0.000364867)
(0.000447105 0.000390055 5.7972e-05 0.000390055 0.00067433 1.07344e-05 5.7972e-05 1.07344e-05 0.000298972)
(0.000439972 0.000314206 0.00018025 0.000314206 0.000600854 9.51383e-05 0.00018025 9.51383e-05 0.000272543)
(0.000423243 0.00015609 0.000307018 0.00015609 0.00028691 0.000107601 0.000307018 0.000107601 0.000343267)
(0.000382964 5.24791e-05 0.000248503 5.24791e-05 0.000131837 -5.88344e-05 0.000248503 -5.88344e-05 0.000275473)
(0.000262336 5.37373e-05 0.000175061 5.37373e-05 0.000158387 -2.45068e-05 0.000175061 -2.45068e-05 6.35597e-05)
(0.000185862 3.65162e-05 0.000185064 3.65162e-05 0.000107523 6.88611e-05 0.000185064 6.88611e-05 0.000172709)
(0.000191547 5.99492e-06 0.000222124 5.99492e-06 0.000172518 2.32821e-05 0.000222124 2.32821e-05 0.000335033)
(0.00017829 -2.98582e-06 0.000174092 -2.98582e-06 0.000217564 3.698e-05 0.000174092 3.698e-05 0.000205454)
(0.000192402 -1.0848e-05 0.000132071 -1.0848e-05 0.00019635 -1.89878e-05 0.000132071 -1.89878e-05 7.96797e-05)
(0.000232281 5.7146e-06 0.000122365 5.7146e-06 0.000235005 -1.46376e-05 0.000122365 -1.46376e-05 0.000136055)
(0.000225525 1.13752e-05 0.000128101 1.13752e-05 0.000260779 6.02193e-06 0.000128101 6.02193e-06 0.000150374)
(0.00019553 -8.77585e-06 0.000132407 -8.77585e-06 0.00023399 1.36094e-05 0.000132407 1.36094e-05 0.000107362)
(0.000266694 -0.000106297 0.000166728 -0.000106297 0.000441691 8.60272e-05 0.000166728 8.60272e-05 0.000148505)
(0.000422647 -0.000146813 0.000209555 -0.000146813 0.000703041 6.73197e-05 0.000209555 6.73197e-05 0.000198115)
(0.00046953 -0.000145079 0.000200661 -0.000145079 0.000637319 -2.93218e-05 0.000200661 -2.93218e-05 0.000170374)
(0.000386181 -0.000148841 0.000176541 -0.000148841 0.000435407 -8.91993e-05 0.000176541 -8.91993e-05 0.000101181)
(0.000560403 0.000157532 0.000334835 0.000157532 0.000374588 1.06255e-05 0.000334835 1.06255e-05 0.000489338)
(0.000528426 0.000106237 0.000346487 0.000106237 0.00029319 -2.65026e-05 0.000346487 -2.65026e-05 0.000699266)
(0.000455342 9.70289e-05 0.000113361 9.70289e-05 0.000273289 -9.43299e-05 0.000113361 -9.43299e-05 0.000563595)
(0.000377902 3.07756e-05 0.000109997 3.07756e-05 0.000315877 -7.93152e-05 0.000109997 -7.93152e-05 0.000220856)
(0.000390694 3.74429e-05 0.000190698 3.74429e-05 0.000297083 -3.95216e-05 0.000190698 -3.95216e-05 0.000235982)
(0.00104564 0.000260884 0.000662576 0.000260884 0.00038137 4.48171e-05 0.000662576 4.48171e-05 0.00140875)
(0.00211718 0.000453333 0.000855392 0.000453333 0.000616741 -9.93628e-06 0.000855392 -9.93628e-06 0.0039384)
(0.00178468 0.000497415 0.000369204 0.000497415 0.000616872 -7.75373e-05 0.000369204 -7.75373e-05 0.00337632)
(0.000569112 0.000192574 -1.69892e-05 0.000192574 0.000417641 -0.000175935 -1.69892e-05 -0.000175935 0.000525518)
(0.000293221 -5.08875e-06 0.000207478 -5.08875e-06 0.000384343 7.27577e-05 0.000207478 7.27577e-05 0.000249966)
(0.00037724 -4.32907e-05 0.000218725 -4.32907e-05 0.000579332 0.0002248 0.000218725 0.0002248 0.000274096)
(0.000506378 -2.50535e-05 0.000309939 -2.50535e-05 0.00099443 -0.000235415 0.000309939 -0.000235415 0.000324772)
(0.00112297 6.65896e-05 0.000347877 6.65896e-05 0.0014182 -0.00072812 0.000347877 -0.00072812 0.00110401)
(0.00109338 9.75979e-05 0.000167327 9.75979e-05 0.00151077 -0.000519235 0.000167327 -0.000519235 0.000745264)
(0.000548251 -9.60473e-06 0.000192756 -9.60473e-06 0.00108838 -8.43685e-06 0.000192756 -8.43685e-06 0.000346757)
(0.000331587 -0.000153301 0.000112349 -0.000153301 0.000685189 0.000347658 0.000112349 0.000347658 0.000660674)
(0.000414617 -0.000238391 1.93687e-05 -0.000238391 0.000520048 0.00050132 1.93687e-05 0.00050132 0.00165437)
(0.000708897 -0.000325648 0.000176041 -0.000325648 0.00056694 0.000187116 0.000176041 0.000187116 0.00314343)
(0.000804903 -0.000232377 0.00041455 -0.000232377 0.000717819 -0.000298857 0.00041455 -0.000298857 0.00322972)
(0.000406343 -7.31461e-06 0.000170165 -7.31461e-06 0.000685662 -0.000437222 0.000170165 -0.000437222 0.00135064)
(0.000420612 4.66593e-06 0.000156526 4.66593e-06 0.000924516 -0.00010117 0.000156526 -0.00010117 0.000510785)
(0.00090913 0.000358243 0.000628887 0.000358243 0.00128053 0.000538094 0.000628887 0.000538094 0.00132007)
(0.00107165 0.000495499 0.000756273 0.000495499 0.00113055 0.000563568 0.000756273 0.000563568 0.00155396)
(0.000916594 0.000334217 0.000629297 0.000334217 0.000603845 0.000279655 0.000629297 0.000279655 0.00105204)
(0.00063932 -1.27023e-05 0.000373602 -1.27023e-05 0.000352821 -5.71869e-05 0.000373602 -5.71869e-05 0.000449924)
(0.000551387 -0.000166703 0.000255436 -0.000166703 0.000684719 -0.000184626 0.000255436 -0.000184626 0.000195491)
(0.000542798 -4.72171e-05 0.000251353 -4.72171e-05 0.00125161 -0.000181323 0.000251353 -0.000181323 0.000212115)
(0.000571342 -0.000102705 0.000246523 -0.000102705 0.00120542 -0.000355399 0.000246523 -0.000355399 0.000247779)
(0.000504062 -0.000120799 0.000247056 -0.000120799 0.000466524 -0.000286658 0.000247056 -0.000286658 0.000191772)
(0.000188236 8.22768e-05 0.00011959 8.22768e-05 0.00015834 -2.04127e-05 0.00011959 -2.04127e-05 -3.99736e-05)
(0.000113024 6.62031e-05 0.000121139 6.62031e-05 0.000424134 -0.000167568 0.000121139 -0.000167568 0.000219674)
(0.000204951 -0.000100086 0.000210762 -0.000100086 0.000575902 -0.000396657 0.000210762 -0.000396657 0.000585456)
(0.000148816 -8.18465e-05 3.92245e-05 -8.18465e-05 0.000637884 -0.000368226 3.92245e-05 -0.000368226 0.000442582)
(0.000144484 3.91304e-05 -3.82168e-05 3.91304e-05 0.000692261 -0.000228563 -3.82168e-05 -0.000228563 0.000314415)
(0.00014596 6.68876e-06 1.91815e-05 6.68876e-06 0.000509855 -8.50726e-05 1.91815e-05 -8.50726e-05 0.000237513)
(0.000202175 -5.62984e-05 0.000110838 -5.62984e-05 0.000258894 -1.21128e-05 0.000110838 -1.21128e-05 0.000149866)
(0.000324548 -1.20578e-05 0.000145485 -1.20578e-05 0.000296205 -1.02101e-05 0.000145485 -1.02101e-05 0.000193921)
(0.000341496 5.12134e-06 0.000125686 5.12134e-06 0.000361502 -6.82194e-06 0.000125686 -6.82194e-06 0.000228591)
(0.000283011 4.16711e-05 0.000117712 4.16711e-05 0.000332203 2.55089e-06 0.000117712 2.55089e-06 0.000200411)
(0.00041099 0.000149367 0.000149479 0.000149367 0.000369117 -4.49829e-06 0.000149479 -4.49829e-06 0.000274204)
(0.000909116 0.000282123 0.000597794 0.000282123 0.000385571 0.000160179 0.000597794 0.000160179 0.0013101)
(0.000694525 0.000185783 0.00033172 0.000185783 0.000352314 -9.88506e-05 0.00033172 -9.88506e-05 0.000989044)
(0.000448823 0.000115764 8.11098e-05 0.000115764 0.000326215 -0.000130481 8.11098e-05 -0.000130481 0.000431285)
(0.000436888 0.00011087 8.77595e-05 0.00011087 0.000357153 9.69414e-06 8.77595e-05 9.69414e-06 0.000388082)
(0.00113799 0.00041913 0.000500763 0.00041913 0.000811332 0.000499634 0.000500763 0.000499634 0.00201066)
(0.00183944 0.000573019 0.00060316 0.000573019 0.00132794 0.000990443 0.00060316 0.000990443 0.00505447)
(0.00166095 0.000546951 0.000595471 0.000546951 0.00157772 0.00103985 0.000595471 0.00103985 0.00473091)
(0.00101646 0.000556479 0.000651745 0.000556479 0.00139354 0.00074939 0.000651745 0.00074939 0.00161699)
(0.000386222 0.000183052 0.000109978 0.000183052 0.000571598 8.98223e-05 0.000109978 8.98223e-05 0.000246904)
(0.000356815 7.64253e-05 0.000141013 7.64253e-05 0.000318548 -3.8662e-05 0.000141013 -3.8662e-05 0.000181306)
(0.00074898 0.000262873 6.81868e-05 0.000262873 0.000849052 -0.000263142 6.81868e-05 -0.000263142 0.000564842)
(0.00088011 0.000244856 3.41414e-05 0.000244856 0.00074142 -0.000328256 3.41414e-05 -0.000328256 0.0010197)
(0.000743238 0.000174863 0.000321044 0.000174863 0.000454166 2.23219e-05 0.000321044 2.23219e-05 0.00111678)
(0.000495211 0.000104407 0.000306152 0.000104407 0.00042353 0.000147347 0.000306152 0.000147347 0.000517649)
(0.000210518 1.11191e-05 0.000107222 1.11191e-05 0.000246221 4.51971e-06 0.000107222 4.51971e-06 0.000126705)
(0.000181035 -2.60724e-05 0.000119234 -2.60724e-05 0.000323484 7.73221e-05 0.000119234 7.73221e-05 0.000196153)
(0.00021098 -6.68084e-05 0.000112353 -6.68084e-05 0.000448397 0.000233015 0.000112353 0.000233015 0.000518106)
(0.000326631 -0.000124536 8.26735e-06 -0.000124536 0.000487136 0.000365942 8.26735e-06 0.000365942 0.0011776)
(0.000420932 -0.000134937 -3.68813e-05 -0.000134937 0.000446169 0.000293856 -3.68813e-05 0.000293856 0.00143275)
(0.000273195 7.54977e-05 -0.000100099 7.54977e-05 0.000332383 -0.000147185 -0.000100099 -0.000147185 0.000559047)
(0.00050698 0.000411432 0.000132013 0.000411432 0.00118897 2.15638e-05 0.000132013 2.15638e-05 0.000509143)
(0.000724274 0.000839943 0.000384949 0.000839943 0.0027079 0.000524106 0.000384949 0.000524106 0.000797539)
(0.000554744 0.000603609 0.000200991 0.000603609 0.00251259 0.000358625 0.000200991 0.000358625 0.000581399)
(0.000230379 7.64336e-05 4.51123e-05 7.64336e-05 0.000408851 -4.68949e-05 4.51123e-05 -4.68949e-05 0.000140365)
(0.000431751 0.000119882 0.000195021 0.000119882 0.00119235 0.000201058 0.000195021 0.000201058 0.000282796)
(0.000677237 0.000105979 0.000236779 0.000105979 0.00328316 0.000392043 0.000236779 0.000392043 0.000584499)
(0.000786284 -0.000358673 0.000265634 -0.000358673 0.00278443 -0.000166959 0.000265634 -0.000166959 0.00032691)
(0.0008156 -0.000421822 0.000253962 -0.000421822 0.000867563 -0.000381721 0.000253962 -0.000381721 0.000282068)
(0.000726392 -6.92904e-05 0.000375455 -6.92904e-05 0.000331148 -0.000106793 0.000375455 -0.000106793 0.000290878)
(0.000342823 -0.000125522 0.000151313 -0.000125522 0.000255371 -6.12782e-05 0.000151313 -6.12782e-05 -6.63504e-05)
(0.000240238 -7.20872e-05 0.000154721 -7.20872e-05 0.000418729 0.000144497 0.000154721 0.000144497 7.02582e-05)
(0.000258353 -4.65298e-05 0.000174409 -4.65298e-05 0.000268288 0.000167076 0.000174409 0.000167076 0.000212538)
(0.000174831 -3.59081e-05 8.63234e-05 -3.59081e-05 9.48582e-05 1.26027e-05 8.63234e-05 1.26027e-05 0.000286265)
(0.000155322 -4.47705e-05 8.687e-05 -4.47705e-05 0.000246159 -0.00024757 8.687e-05 -0.00024757 0.000608179)
(0.000270916 -9.1224e-05 0.000244211 -9.1224e-05 0.000244552 -0.000217585 0.000244211 -0.000217585 0.000849298)
(0.000412664 -7.23917e-06 0.000296706 -7.23917e-06 0.000238914 0.000102992 0.000296706 0.000102992 0.000695785)
(0.000260421 -2.24477e-05 0.000175714 -2.24477e-05 0.000256445 6.31232e-05 0.000175714 6.31232e-05 0.000204225)
(0.000321089 4.75245e-05 0.000151331 4.75245e-05 0.000313704 4.97969e-05 0.000151331 4.97969e-05 0.000221431)
(0.000588005 0.000324689 0.000291191 0.000324689 0.00086024 0.000292818 0.000291191 0.000292818 0.000556087)
(0.000851757 0.00043194 0.000503829 0.00043194 0.000826848 0.000377267 0.000503829 0.000377267 0.000987913)
(0.000509436 4.20045e-05 0.000146672 4.20045e-05 0.000743117 -0.000209511 0.000146672 -0.000209511 0.00022901)
(0.00054551 -5.37215e-05 0.000141303 -5.37215e-05 0.000782103 -0.000196801 0.000141303 -0.000196801 0.000214335)
(0.000354959 -7.88011e-05 0.000164662 -7.88011e-05 0.000529901 -3.82727e-05 0.000164662 -3.82727e-05 0.000199585)
(0.000324663 -0.000109053 0.000134225 -0.000109053 0.000403992 -6.09551e-06 0.000134225 -6.09551e-06 0.000177384)
(0.00075503 -0.000355814 0.000290846 -0.000355814 0.000883271 -0.000367686 0.000290846 -0.000367686 0.000272214)
(0.00191168 -0.000678671 0.000369463 -0.000678671 0.00176195 -0.00112076 0.000369463 -0.00112076 0.00158796)
(0.00259618 -0.000216912 0.000211705 -0.000216912 0.00130532 -0.000873765 0.000211705 -0.000873765 0.0030801)
(0.00190366 0.000601431 -7.07973e-05 0.000601431 0.000769856 0.000357072 -7.07973e-05 0.000357072 0.00400201)
(0.00148722 0.00010432 -0.000480984 0.00010432 0.00227669 0.00123878 -0.000480984 0.00123878 0.00222589)
(0.001069 -0.000546656 7.04173e-06 -0.000546656 0.00308171 0.000340388 7.04173e-06 0.000340388 0.000589489)
(0.000837897 -2.95732e-05 0.000318607 -2.95732e-05 0.00481304 1.25747e-05 0.000318607 1.25747e-05 0.00128092)
(0.0038394 0.000841642 0.000816755 0.000841642 0.0055401 0.00161803 0.000816755 0.00161803 0.00294613)
(0.00471964 0.00100551 0.000286879 0.00100551 0.00518618 0.00268803 0.000286879 0.00268803 0.00486933)
(0.00181216 0.000890401 0.000425249 0.000890401 0.00321816 0.00171996 0.000425249 0.00171996 0.00296195)
(0.00044151 -4.37694e-05 0.000122279 -4.37694e-05 0.000532493 0.000133936 0.000122279 0.000133936 0.000371456)
(0.000176358 -4.19272e-05 0.000131155 -4.19272e-05 0.000214975 -2.4097e-05 0.000131155 -2.4097e-05 0.000478228)
(0.000232757 -0.000106138 4.37442e-05 -0.000106138 0.000278594 -0.000149271 4.37442e-05 -0.000149271 0.00145413)
(0.000344145 -8.3115e-05 0.000238631 -8.3115e-05 0.000792332 -0.000856634 0.000238631 -0.000856634 0.00210579)
(0.000353028 5.40884e-05 9.30419e-05 5.40884e-05 0.00102491 -0.000964411 9.30419e-05 -0.000964411 0.00175282)
(0.000340337 0.000242544 -0.000238796 0.000242544 0.000581173 -0.000270759 -0.000238796 -0.000270759 0.000590996)
(0.000521666 -1.56434e-05 0.000171883 -1.56434e-05 0.000260058 1.96286e-05 0.000171883 1.96286e-05 0.000225652)
(0.000477857 -0.000273686 0.000217058 -0.000273686 0.000479731 -0.000134082 0.000217058 -0.000134082 6.36297e-05)
(0.000436748 0.000143185 0.000137627 0.000143185 0.000424422 -0.00013457 0.000137627 -0.00013457 0.00012682)
(0.000684874 3.48212e-05 0.000196328 3.48212e-05 0.000351245 -3.12896e-05 0.000196328 -3.12896e-05 0.000269892)
(0.000606997 -0.000191647 0.00028713 -0.000191647 0.000542239 -0.000115578 0.00028713 -0.000115578 0.000440914)
(0.000313236 6.59283e-06 0.000104545 6.59283e-06 0.000502195 -9.91439e-05 0.000104545 -9.91439e-05 0.000381394)
(0.000427975 -4.81717e-05 0.000107223 -4.81717e-05 0.000466603 -4.88395e-05 0.000107223 -4.88395e-05 0.000175768)
(0.000998467 -0.000420009 0.000475453 -0.000420009 0.000698005 -0.000246148 0.000475453 -0.000246148 0.000418844)
(0.000915249 -0.000163219 0.000391781 -0.000163219 0.00049894 -0.000188879 0.000391781 -0.000188879 0.000540339)
(0.00064777 6.58995e-05 2.15052e-05 6.58995e-05 0.000491311 -0.000260903 2.15052e-05 -0.000260903 0.000445438)
(0.000969671 0.000200877 -0.000134692 0.000200877 0.00128868 -0.000570439 -0.000134692 -0.000570439 0.000655556)
(0.001273 -1.69352e-05 9.63872e-05 -1.69352e-05 0.00204808 -0.000749807 9.63872e-05 -0.000749807 0.000784021)
(0.000944761 -0.000305039 0.000305723 -0.000305039 0.00110771 -0.000526608 0.000305723 -0.000526608 0.000469619)
(0.000289087 3.18792e-06 0.000179701 3.18792e-06 0.000142565 -8.60142e-05 0.000179701 -8.60142e-05 7.8146e-05)
(0.000240371 -0.000122695 8.41999e-05 -0.000122695 0.000404679 4.60362e-05 8.41999e-05 4.60362e-05 1.73893e-05)
(0.000481241 -0.000421786 0.000119937 -0.000421786 0.00102322 1.38003e-05 0.000119937 1.38003e-05 0.000159861)
(0.00031282 -8.1744e-05 5.74226e-05 -8.1744e-05 0.00108144 -8.92282e-05 5.74226e-05 -8.92282e-05 0.0003589)
(0.000310387 0.000224642 -0.000127228 0.000224642 0.000568592 -0.000180127 -0.000127228 -0.000180127 0.000478083)
(0.000210635 9.94755e-05 -9.60622e-05 9.94755e-05 0.000206317 -7.74404e-05 -9.60622e-05 -7.74404e-05 0.000262246)
(0.000244982 -3.538e-05 0.000153736 -3.538e-05 0.00032303 -4.38653e-06 0.000153736 -4.38653e-06 9.91564e-05)
(0.000446841 0.000100193 0.000185192 0.000100193 0.000478527 3.30713e-05 0.000185192 3.30713e-05 0.000389326)
(0.000672612 3.6831e-05 0.00020184 3.6831e-05 0.000549863 -0.000268747 0.00020184 -0.000268747 0.000536606)
(0.000759483 7.36807e-05 7.52611e-05 7.36807e-05 0.000950142 -0.000386145 7.52611e-05 -0.000386145 0.000457485)
(0.000638202 0.00018874 0.000155106 0.00018874 0.00085517 -0.000162256 0.000155106 -0.000162256 0.000382315)
(0.000621222 0.000119584 0.000270722 0.000119584 0.00075719 9.02545e-06 0.000270722 9.02545e-06 0.000426631)
(0.000534927 -6.29919e-05 0.000263028 -6.29919e-05 0.000591844 -5.19911e-05 0.000263028 -5.19911e-05 0.000351953)
(0.00169651 0.000132522 0.000957636 0.000132522 0.000637176 -5.7118e-05 0.000957636 -5.7118e-05 0.00145819)
(0.00331689 0.00048302 0.00157737 0.00048302 0.000730582 5.76312e-05 0.00157737 5.76312e-05 0.00351202)
(0.0025958 0.000944488 0.00112947 0.000944488 0.0011133 0.000773266 0.00112947 0.000773266 0.0038872)
(0.00332642 0.00113353 0.000148167 0.00113353 0.00423406 0.00246208 0.000148167 0.00246208 0.00453922)
(0.00688417 0.000143777 -0.000663209 0.000143777 0.00535094 0.00314324 -0.000663209 0.00314324 0.00595924)
(0.00652177 -6.29574e-05 -0.00134162 -6.29574e-05 0.00519573 0.00348234 -0.00134162 0.00348234 0.0065313)
(0.00197885 0.000389816 -0.000390854 0.000389816 0.00290809 0.00193964 -0.000390854 0.00193964 0.00366656)
(0.000571319 -0.000112615 -3.23141e-05 -0.000112615 0.000395767 6.61667e-05 -3.23141e-05 6.61667e-05 0.000289526)
(0.000439178 5.87106e-06 0.000140257 5.87106e-06 0.000658854 -7.194e-05 0.000140257 -7.194e-05 0.000182169)
(0.000235671 5.84628e-05 8.33869e-05 5.84628e-05 0.000783275 -7.78791e-05 8.33869e-05 -7.78791e-05 0.000228685)
(0.000164424 1.78171e-05 -0.000117612 1.78171e-05 0.000467439 6.15576e-05 -0.000117612 6.15576e-05 0.000471996)
(0.000254782 -0.000260868 -0.000193151 -0.000260868 0.000403859 0.000322431 -0.000193151 0.000322431 0.000639226)
(0.000448929 -0.000218769 2.31108e-05 -0.000218769 0.000580573 0.000556411 2.31108e-05 0.000556411 0.00102005)
(0.000917408 -5.06165e-05 0.000126293 -5.06165e-05 0.000803284 0.000791833 0.000126293 0.000791833 0.00176956)
(0.00145981 2.79881e-05 -0.000402565 2.79881e-05 0.0018795 0.00166491 -0.000402565 0.00166491 0.00319728)
(0.0017038 -0.00028195 -0.00105152 -0.00028195 0.0040888 0.00238413 -0.00105152 0.00238413 0.00369179)
(0.000924409 -0.000544596 -0.000417858 -0.000544596 0.0031314 0.00108092 -0.000417858 0.00108092 0.00150549)
(0.000442101 -0.000236146 0.000203291 -0.000236146 0.000448501 -3.08044e-05 0.000203291 -3.08044e-05 0.000185321)
(0.000215696 -1.13202e-05 5.79599e-05 -1.13202e-05 0.00032991 9.63174e-06 5.79599e-05 9.63174e-06 0.000310563)
(0.000315509 -0.000282824 0.000222676 -0.000282824 0.000997692 -0.000605324 0.000222676 -0.000605324 0.000992184)
(0.00045989 -2.72021e-05 0.00023808 -2.72021e-05 0.000376472 -0.000182725 0.00023808 -0.000182725 0.000900828)
(0.000443187 -0.000247145 0.000207704 -0.000247145 0.000854208 -0.000180453 0.000207704 -0.000180453 0.000165828)
(0.00180207 -0.00082447 0.000897661 -0.00082447 0.00224711 -0.00179586 0.000897661 -0.00179586 0.00261943)
(0.00223222 -0.00047397 0.000577219 -0.00047397 0.00325484 -0.00231789 0.000577219 -0.00231789 0.00361445)
(0.00118933 0.000246218 -4.94262e-05 0.000246218 0.00254852 -0.0011478 -4.94262e-05 -0.0011478 0.00118102)
(0.0005383 -5.24316e-05 0.000183343 -5.24316e-05 0.00105822 -0.000132261 0.000183343 -0.000132261 0.000201245)
(0.000519748 -0.000481718 0.000155798 -0.000481718 0.000683584 -4.84977e-05 0.000155798 -4.84977e-05 1.97433e-05)
(0.000699855 -0.000585424 0.000234559 -0.000585424 0.000786794 -0.000181718 0.000234559 -0.000181718 -9.13566e-06)
(0.000439537 -0.00015036 0.000146725 -0.00015036 0.000519377 -0.000115355 0.000146725 -0.000115355 -4.38201e-05)
(0.000191103 1.57617e-05 0.000118558 1.57617e-05 0.000246023 3.51025e-05 0.000118558 3.51025e-05 -2.26945e-05)
(0.000239945 -0.000117397 0.000140718 -0.000117397 0.000643922 -0.000124951 0.000140718 -0.000124951 0.000132057)
(0.000213094 -8.44691e-05 0.000133589 -8.44691e-05 0.000451754 -0.000215733 0.000133589 -0.000215733 0.000338219)
(0.00024996 -2.42032e-05 0.000164635 -2.42032e-05 0.000273558 -5.78975e-05 0.000164635 -5.78975e-05 0.000242243)
(0.000341974 -2.29515e-05 0.000126865 -2.29515e-05 0.000402457 -4.56721e-05 0.000126865 -4.56721e-05 0.000228021)
(0.000724334 -0.000139348 0.000123621 -0.000139348 0.00173598 0.000635449 0.000123621 0.000635449 0.000786441)
(0.000648186 5.80009e-05 0.000134613 5.80009e-05 0.000399287 2.09175e-06 0.000134613 2.09175e-06 0.000661218)
(0.000529337 -3.01041e-05 0.000201669 -3.01041e-05 0.000543702 -0.000278975 0.000201669 -0.000278975 0.00046317)
(0.00108375 0.000159671 0.000615092 0.000159671 0.000690722 -5.72233e-05 0.000615092 -5.72233e-05 0.00140859)
(0.0020377 0.0012672 0.00117514 0.0012672 0.00269128 0.00123988 0.00117514 0.00123988 0.00270473)
(0.00183183 0.00165687 0.000994409 0.00165687 0.0034128 0.00122497 0.000994409 0.00122497 0.00170057)
(0.00112718 0.000552299 0.000594966 0.000552299 0.000826015 0.000517095 0.000594966 0.000517095 0.00105763)
(0.00126687 -0.000269267 0.000651997 -0.000269267 0.00138997 -0.000144741 0.000651997 -0.000144741 0.0010363)
(0.00163334 -0.000336193 0.000824865 -0.000336193 0.00271025 -0.00102695 0.000824865 -0.00102695 0.00179578)
(0.00154606 -0.000183479 0.000695365 -0.000183479 0.000961783 -0.000877523 0.000695365 -0.000877523 0.00175979)
(0.00159341 -0.000167159 0.000242651 -0.000167159 0.00215118 -0.0014022 0.000242651 -0.0014022 0.00230969)
(0.00129444 -0.000914786 -0.000427516 -0.000914786 0.00600189 -0.00227941 -0.000427516 -0.00227941 0.00330403)
(0.00159501 -0.000672817 -0.000242104 -0.000672817 0.00690226 -0.00200017 -0.000242104 -0.00200017 0.00330855)
(0.00113816 0.000479758 8.86768e-05 0.000479758 0.00425841 -0.00146224 8.86768e-05 -0.00146224 0.00173879)
(0.000947224 0.000326629 -9.79695e-05 0.000326629 0.000846062 -0.000645978 -9.79695e-05 -0.000645978 0.000898396)
(0.000629018 8.28374e-05 0.000109608 8.28374e-05 0.000580679 8.05985e-05 0.000109608 8.05985e-05 0.000685474)
(0.000446928 3.63467e-05 0.000125414 3.63467e-05 0.000599024 -6.10007e-05 0.000125414 -6.10007e-05 0.000333592)
(0.000711611 0.000426236 -9.21385e-05 0.000426236 0.00281362 0.00120433 -9.21385e-05 0.00120433 0.00159574)
(0.00249252 -0.00030394 -0.000812163 -0.00030394 0.00489773 0.00261977 -0.000812163 0.00261977 0.00388699)
(0.00150042 -0.000378404 -0.000474936 -0.000378404 0.00321642 0.0017461 -0.000474936 0.0017461 0.00219709)
(0.000754092 -0.000165267 0.000370363 -0.000165267 0.00110544 4.56134e-05 0.000370363 4.56134e-05 0.000567207)
(0.000704468 2.21375e-06 0.000466714 2.21375e-06 0.000510706 -3.3333e-05 0.000466714 -3.3333e-05 0.000822357)
(0.000524236 -4.62402e-06 0.00038885 -4.62402e-06 0.000333263 3.20245e-05 0.00038885 3.20245e-05 0.000621645)
(0.000258252 -0.000204932 -3.74382e-05 -0.000204932 0.000474769 0.000149526 -3.74382e-05 0.000149526 0.000371538)
(0.000676651 -9.93321e-05 -0.000480263 -9.93321e-05 0.00131905 0.000977895 -0.000480263 0.000977895 0.00212984)
(0.000682811 -3.15048e-05 9.24263e-05 -3.15048e-05 0.000760545 0.000551549 9.24263e-05 0.000551549 0.00182764)
(0.000443432 -7.96393e-05 0.000317294 -7.96393e-05 0.000432859 0.000189754 0.000317294 0.000189754 0.00063547)
(0.000406093 -2.11298e-05 0.000169279 -2.11298e-05 0.000590101 -2.36984e-05 0.000169279 -2.36984e-05 0.000212412)
(0.000825818 -8.94628e-06 0.000177695 -8.94628e-06 0.00119952 -0.000407929 0.000177695 -0.000407929 0.000530157)
(0.000959651 -0.000120332 0.000340352 -0.000120332 0.00328587 -0.00096126 0.000340352 -0.00096126 0.000915137)
(0.000719978 -0.000324304 0.000321709 -0.000324304 0.00166568 -0.000617547 0.000321709 -0.000617547 0.000442223)
(0.000473232 -2.94233e-05 0.000265408 -2.94233e-05 0.000328722 -5.26905e-05 0.000265408 -5.26905e-05 0.000274454)
(0.00036657 0.000142548 0.000100609 0.000142548 0.000364912 -5.86072e-05 0.000100609 -5.86072e-05 0.000231827)
(0.000210311 -0.000152961 5.11715e-05 -0.000152961 0.000458476 2.27522e-06 5.11715e-05 2.27522e-06 8.28403e-05)
(0.000486133 -4.23724e-05 4.39323e-05 -4.23724e-05 0.00214768 0.000523489 4.39323e-05 0.000523489 0.00049996)
