/*--------------------------------*- C++ -*----------------------------------*\
  =========                 |
  \\      /  F ield         | OpenFOAM: The Open Source CFD Toolbox
   \\    /   O peration     | Website:  https://openfoam.org
    \\  /    A nd           | Version:  10
     \\/     M anipulation  |
\*---------------------------------------------------------------------------*/
FoamFile
{
    format      ascii;
    class       volTensorField;
    location    "22.5";
    object      TauNN;
}
// * * * * * * * * * * * * * * * * * * * * * * * * * * * * * * * * * * * * * //

dimensions      [0 2 -2 0 0 0 0];

internalField   nonuniform List<tensor> 
25600
(
(3.95839e-05 -0.0127901 -0.0154223 -0.0127901 2.21978e-05 -0.0081299 -0.0154223 -0.0081299 4.6729e-05)
(2.86536e-05 -0.0127888 -0.0154283 -0.0127888 2.26006e-05 -0.00812792 -0.0154283 -0.00812792 4.90062e-05)
(2.40118e-05 -0.0127879 -0.0154271 -0.0127879 2.1884e-05 -0.00812642 -0.0154271 -0.00812642 5.68515e-05)
(3.42404e-05 -0.0127884 -0.0154218 -0.0127884 2.30246e-05 -0.00812608 -0.0154218 -0.00812608 7.84297e-05)
(2.26875e-05 -0.0127909 -0.0154289 -0.0127909 2.43965e-05 -0.008124 -0.0154289 -0.008124 5.74106e-05)
(2.24379e-05 -0.0127894 -0.0154353 -0.0127894 2.4903e-05 -0.00813104 -0.0154353 -0.00813104 4.01176e-05)
(6.04376e-05 -0.0127901 -0.0154169 -0.0127901 2.62774e-05 -0.00812541 -0.0154169 -0.00812541 7.08144e-05)
(-1.52425e-06 -0.0127935 -0.0154302 -0.0127935 3.74451e-05 -0.00811707 -0.0154302 -0.00811707 7.8098e-05)
(1.45611e-05 -0.0127886 -0.0154306 -0.0127886 2.51615e-05 -0.00812779 -0.0154306 -0.00812779 4.70973e-05)
(8.36941e-05 -0.0127989 -0.0154213 -0.0127989 3.2516e-05 -0.00813635 -0.0154213 -0.00813635 5.08721e-05)
(6.00624e-05 -0.0127914 -0.0154155 -0.0127914 2.79001e-05 -0.00813214 -0.0154155 -0.00813214 9.34136e-05)
(2.41036e-05 -0.0127921 -0.0154267 -0.0127921 2.89256e-05 -0.00812326 -0.0154267 -0.00812326 0.000110906)
(5.86185e-05 -0.012799 -0.0154224 -0.012799 3.74133e-05 -0.00812423 -0.0154224 -0.00812423 0.000123577)
(3.79526e-06 -0.012791 -0.0154321 -0.012791 2.76704e-05 -0.00812113 -0.0154321 -0.00812113 5.96035e-05)
(3.37665e-05 -0.0127818 -0.0154304 -0.0127818 2.32631e-05 -0.00813341 -0.0154304 -0.00813341 3.88577e-05)
(2.50711e-05 -0.0127858 -0.0154266 -0.0127858 2.04485e-05 -0.00812796 -0.0154266 -0.00812796 5.92856e-05)
(3.03298e-05 -0.012794 -0.0154521 -0.012794 3.01347e-05 -0.00813627 -0.0154521 -0.00813627 5.22662e-05)
(5.33951e-05 -0.0127906 -0.0154176 -0.0127906 2.44441e-05 -0.00812933 -0.0154176 -0.00812933 6.27194e-05)
(2.99574e-05 -0.0127886 -0.0154194 -0.0127886 2.52763e-05 -0.00812098 -0.0154194 -0.00812098 7.21322e-05)
(3.63813e-05 -0.0127898 -0.015426 -0.0127898 2.33466e-05 -0.00813195 -0.015426 -0.00813195 4.01246e-05)
(2.99122e-05 -0.012789 -0.0154238 -0.012789 2.67102e-05 -0.00812479 -0.0154238 -0.00812479 6.12655e-05)
(-8.76941e-06 -0.012796 -0.015444 -0.012796 3.64224e-05 -0.00813004 -0.015444 -0.00813004 4.80611e-05)
(3.20857e-05 -0.0127938 -0.0154285 -0.0127938 2.76115e-05 -0.0081215 -0.0154285 -0.0081215 7.15101e-05)
(5.55897e-05 -0.0127921 -0.0154151 -0.0127921 2.79742e-05 -0.00811933 -0.0154151 -0.00811933 8.88992e-05)
(2.48516e-05 -0.0127911 -0.0154197 -0.0127911 2.92801e-05 -0.00811776 -0.0154197 -0.00811776 9.29883e-05)
(-1.23204e-05 -0.012794 -0.0154292 -0.012794 3.8841e-05 -0.00811371 -0.0154292 -0.00811371 8.64321e-05)
(4.05856e-06 -0.0127918 -0.0154361 -0.0127918 2.87344e-05 -0.0081264 -0.0154361 -0.0081264 4.85321e-05)
(3.3926e-05 -0.0127887 -0.0154189 -0.0127887 2.5173e-05 -0.00812499 -0.0154189 -0.00812499 9.06579e-05)
(9.91109e-06 -0.0127911 -0.0154386 -0.0127911 2.85289e-05 -0.0081287 -0.0154386 -0.0081287 4.67732e-05)
(1.13886e-05 -0.0127884 -0.015434 -0.0127884 2.18021e-05 -0.00812759 -0.015434 -0.00812759 4.30349e-05)
(1.91559e-05 -0.0127863 -0.0154212 -0.0127863 2.27664e-05 -0.00812483 -0.0154212 -0.00812483 8.30254e-05)
(7.4766e-06 -0.0127925 -0.0154356 -0.0127925 3.56458e-05 -0.00812392 -0.0154356 -0.00812392 5.74313e-05)
(5.45577e-05 -0.0127895 -0.0154182 -0.0127895 3.00815e-05 -0.00812146 -0.0154182 -0.00812146 7.37711e-05)
(2.9699e-05 -0.0127868 -0.0154213 -0.0127868 2.22958e-05 -0.00812833 -0.0154213 -0.00812833 6.2411e-05)
(2.45752e-05 -0.0127866 -0.0154455 -0.0127866 2.65551e-05 -0.00813029 -0.0154455 -0.00813029 3.87971e-05)
(5.21667e-05 -0.0127924 -0.0154489 -0.0127924 2.6947e-05 -0.00813528 -0.0154489 -0.00813528 4.75973e-05)
(1.49906e-05 -0.0127967 -0.0154417 -0.0127967 3.52371e-05 -0.00812895 -0.0154417 -0.00812895 5.17461e-05)
(-1.38431e-05 -0.0127967 -0.0154371 -0.0127967 3.10993e-05 -0.00811833 -0.0154371 -0.00811833 5.96941e-05)
(1.36924e-05 -0.0127949 -0.0154379 -0.0127949 2.74744e-05 -0.00812715 -0.0154379 -0.00812715 4.3842e-05)
(4.59659e-05 -0.0127914 -0.0154306 -0.0127914 2.36347e-05 -0.00812931 -0.0154306 -0.00812931 4.55751e-05)
(5.32395e-05 -0.012788 -0.0154322 -0.012788 3.4602e-05 -0.00813422 -0.0154322 -0.00813422 2.92258e-05)
(8.57783e-05 -0.0128006 -0.0154131 -0.0128006 3.3711e-05 -0.00813807 -0.0154131 -0.00813807 6.7777e-05)
(0.000110051 -0.0127992 -0.0154032 -0.0127992 3.16593e-05 -0.00813469 -0.0154032 -0.00813469 9.31972e-05)
(9.68813e-05 -0.0128021 -0.0154094 -0.0128021 3.72487e-05 -0.00814124 -0.0154094 -0.00814124 8.66219e-05)
(2.08269e-05 -0.0127855 -0.015434 -0.0127855 1.85583e-05 -0.00812844 -0.015434 -0.00812844 3.51254e-05)
(2.02596e-05 -0.0127872 -0.015434 -0.0127872 2.00185e-05 -0.00812502 -0.015434 -0.00812502 5.11261e-05)
(9.33573e-05 -0.0127983 -0.0154107 -0.0127983 3.0601e-05 -0.00813515 -0.0154107 -0.00813515 7.77293e-05)
(4.68402e-05 -0.0127898 -0.0154183 -0.0127898 2.35493e-05 -0.00812785 -0.0154183 -0.00812785 7.32841e-05)
(2.17423e-05 -0.0127847 -0.0154319 -0.0127847 2.02035e-05 -0.00812598 -0.0154319 -0.00812598 6.69175e-05)
(3.31908e-05 -0.0127883 -0.0154226 -0.0127883 2.39049e-05 -0.00812775 -0.0154226 -0.00812775 9.46048e-05)
(5.73449e-05 -0.0127912 -0.0154147 -0.0127912 2.36251e-05 -0.0081278 -0.0154147 -0.0081278 7.78745e-05)
(5.02238e-05 -0.0127912 -0.0154222 -0.0127912 2.26042e-05 -0.00812857 -0.0154222 -0.00812857 5.35731e-05)
(8.58363e-05 -0.0127923 -0.015407 -0.0127923 2.76532e-05 -0.00812743 -0.015407 -0.00812743 9.15215e-05)
(4.39086e-05 -0.0127889 -0.0154244 -0.0127889 2.44503e-05 -0.00813338 -0.0154244 -0.00813338 6.12323e-05)
(3.38423e-05 -0.0127827 -0.0154314 -0.0127827 1.9915e-05 -0.00813109 -0.0154314 -0.00813109 3.87415e-05)
(8.41049e-05 -0.0127967 -0.0154082 -0.0127967 3.19589e-05 -0.00813536 -0.0154082 -0.00813536 8.55368e-05)
(1.72334e-05 -0.0127914 -0.0154305 -0.0127914 2.52651e-05 -0.0081246 -0.0154305 -0.0081246 5.02565e-05)
(4.08063e-05 -0.0127909 -0.0154304 -0.0127909 2.18541e-05 -0.00813031 -0.0154304 -0.00813031 4.23175e-05)
(5.91193e-05 -0.0127987 -0.0154235 -0.0127987 3.68818e-05 -0.00814038 -0.0154235 -0.00814038 4.72407e-05)
(3.15385e-05 -0.0127884 -0.0154222 -0.0127884 2.57437e-05 -0.00812802 -0.0154222 -0.00812802 9.84153e-05)
(7.56326e-05 -0.0127952 -0.0154117 -0.0127952 3.1435e-05 -0.00813617 -0.0154117 -0.00813617 0.000105568)
(7.29124e-05 -0.0128005 -0.0154173 -0.0128005 3.4209e-05 -0.00813887 -0.0154173 -0.00813887 5.7398e-05)
(3.66402e-05 -0.0127893 -0.0154218 -0.0127893 2.09997e-05 -0.00812551 -0.0154218 -0.00812551 6.19701e-05)
(1.0655e-05 -0.0127917 -0.0154392 -0.0127917 2.26805e-05 -0.00812585 -0.0154392 -0.00812585 4.63656e-05)
(3.14052e-05 -0.0127879 -0.0154249 -0.0127879 2.15822e-05 -0.00812809 -0.0154249 -0.00812809 5.65874e-05)
(4.64003e-05 -0.01279 -0.0154169 -0.01279 2.54189e-05 -0.0081212 -0.0154169 -0.0081212 7.61522e-05)
(4.78537e-05 -0.0127899 -0.0154171 -0.0127899 2.39328e-05 -0.00812659 -0.0154171 -0.00812659 6.94826e-05)
(4.7294e-05 -0.0127925 -0.0154202 -0.0127925 2.76405e-05 -0.00813529 -0.0154202 -0.00813529 5.41807e-05)
(3.61543e-05 -0.0127889 -0.0154252 -0.0127889 2.28918e-05 -0.00813 -0.0154252 -0.00813 4.84017e-05)
(4.01929e-05 -0.0127885 -0.0154233 -0.0127885 2.27236e-05 -0.00813013 -0.0154233 -0.00813013 6.06448e-05)
(6.76706e-05 -0.0127913 -0.0154208 -0.0127913 2.43421e-05 -0.00812745 -0.0154208 -0.00812745 6.06959e-05)
(1.48237e-05 -0.0127895 -0.0154258 -0.0127895 2.57931e-05 -0.00811991 -0.0154258 -0.00811991 7.52227e-05)
(-7.50099e-06 -0.0127963 -0.0154415 -0.0127963 2.95981e-05 -0.00811448 -0.0154415 -0.00811448 8.7166e-05)
(5.09942e-05 -0.0127829 -0.0154308 -0.0127829 2.38752e-05 -0.00813343 -0.0154308 -0.00813343 4.53429e-05)
(3.18943e-05 -0.0127869 -0.0154283 -0.0127869 2.06271e-05 -0.00812887 -0.0154283 -0.00812887 4.92551e-05)
(0.000115202 -0.0128027 -0.0154059 -0.0128027 3.32234e-05 -0.008136 -0.0154059 -0.008136 7.647e-05)
(0.000106191 -0.0128056 -0.015409 -0.0128056 3.66242e-05 -0.00813954 -0.015409 -0.00813954 7.09904e-05)
(6.11239e-05 -0.0127943 -0.0154155 -0.0127943 2.80441e-05 -0.00813473 -0.0154155 -0.00813473 6.69178e-05)
(5.96964e-05 -0.0127937 -0.0154167 -0.0127937 3.16662e-05 -0.00813538 -0.0154167 -0.00813538 0.000119237)
(1.73173e-05 -0.0127898 -0.0154399 -0.0127898 2.00467e-05 -0.00812749 -0.0154399 -0.00812749 3.71044e-05)
(-1.27496e-05 -0.0128018 -0.0154436 -0.0128018 3.49792e-05 -0.00811251 -0.0154436 -0.00811251 8.15844e-05)
(7.26986e-05 -0.0127929 -0.0154162 -0.0127929 2.63441e-05 -0.00812185 -0.0154162 -0.00812185 7.55955e-05)
(2.7281e-05 -0.0127879 -0.0154194 -0.0127879 2.32029e-05 -0.00812354 -0.0154194 -0.00812354 8.75006e-05)
(5.55009e-05 -0.0127906 -0.0154125 -0.0127906 2.82802e-05 -0.00813074 -0.0154125 -0.00813074 0.000104434)
(9.14369e-05 -0.0127998 -0.0154079 -0.0127998 3.4558e-05 -0.00813943 -0.0154079 -0.00813943 8.53191e-05)
(3.97067e-06 -0.0127887 -0.0154294 -0.0127887 2.35647e-05 -0.00812141 -0.0154294 -0.00812141 6.54279e-05)
(5.17878e-05 -0.0127916 -0.0154254 -0.0127916 2.34643e-05 -0.0081309 -0.0154254 -0.0081309 5.11421e-05)
(8.67335e-05 -0.0128033 -0.0154141 -0.0128033 3.68901e-05 -0.00814055 -0.0154141 -0.00814055 6.77901e-05)
(3.12404e-05 -0.0127899 -0.0154236 -0.0127899 2.32929e-05 -0.00812274 -0.0154236 -0.00812274 7.70217e-05)
(7.2827e-05 -0.0127937 -0.0154103 -0.0127937 2.71604e-05 -0.00813169 -0.0154103 -0.00813169 8.89481e-05)
(4.41707e-05 -0.0127889 -0.0154152 -0.0127889 2.333e-05 -0.00812623 -0.0154152 -0.00812623 7.59402e-05)
(1.64304e-05 -0.0127882 -0.0154287 -0.0127882 2.23329e-05 -0.00812579 -0.0154287 -0.00812579 5.10215e-05)
(1.82864e-05 -0.0127887 -0.0154246 -0.0127887 2.46713e-05 -0.00812199 -0.0154246 -0.00812199 7.61916e-05)
(5.1885e-05 -0.0127831 -0.0154273 -0.0127831 2.74386e-05 -0.00813734 -0.0154273 -0.00813734 7.82762e-05)
(1.93825e-05 -0.0127873 -0.0154297 -0.0127873 2.22391e-05 -0.00812375 -0.0154297 -0.00812375 7.36737e-05)
(9.30339e-05 -0.0127989 -0.0154107 -0.0127989 2.99804e-05 -0.00813372 -0.0154107 -0.00813372 6.58731e-05)
(8.33289e-05 -0.012798 -0.0154082 -0.012798 3.5081e-05 -0.00814109 -0.0154082 -0.00814109 0.000107968)
(1.99763e-06 -0.0127967 -0.015444 -0.0127967 2.94817e-05 -0.00811428 -0.015444 -0.00811428 9.526e-05)
(6.20976e-05 -0.0127945 -0.0154218 -0.0127945 2.67946e-05 -0.00813341 -0.0154218 -0.00813341 5.35038e-05)
(6.20639e-05 -0.0127912 -0.0154138 -0.0127912 2.41072e-05 -0.00812562 -0.0154138 -0.00812562 7.34617e-05)
(2.31325e-05 -0.0127867 -0.0154287 -0.0127867 1.93373e-05 -0.00812795 -0.0154287 -0.00812795 4.65522e-05)
(7.71385e-05 -0.0127982 -0.0154121 -0.0127982 3.52901e-05 -0.00814121 -0.0154121 -0.00814121 8.65605e-05)
(0.000126725 -0.0128134 -0.0154051 -0.0128134 5.22558e-05 -0.00814955 -0.0154051 -0.00814955 9.12883e-05)
(6.24181e-05 -0.0127924 -0.0154128 -0.0127924 2.85903e-05 -0.00812807 -0.0154128 -0.00812807 0.000106958)
(2.4571e-05 -0.0127884 -0.0154233 -0.0127884 2.25241e-05 -0.00812244 -0.0154233 -0.00812244 6.44382e-05)
(2.77303e-05 -0.0127899 -0.0154202 -0.0127899 2.8456e-05 -0.0081171 -0.0154202 -0.0081171 8.35391e-05)
(1.73807e-05 -0.0127896 -0.015436 -0.0127896 2.39187e-05 -0.00812066 -0.015436 -0.00812066 7.77355e-05)
(5.1451e-05 -0.0127907 -0.0154248 -0.0127907 2.66376e-05 -0.00813431 -0.0154248 -0.00813431 5.23043e-05)
(0.000107929 -0.0128088 -0.0154107 -0.0128088 5.27629e-05 -0.00815108 -0.0154107 -0.00815108 9.65447e-05)
(3.78968e-05 -0.0127888 -0.0154176 -0.0127888 2.27251e-05 -0.00812459 -0.0154176 -0.00812459 7.80629e-05)
(6.76849e-05 -0.0127933 -0.0154145 -0.0127933 2.5247e-05 -0.00813077 -0.0154145 -0.00813077 6.54042e-05)
(7.48473e-05 -0.0128096 -0.0154384 -0.0128096 5.05e-05 -0.00813515 -0.0154384 -0.00813515 3.09056e-05)
(-1.40023e-05 -0.0128009 -0.0154426 -0.0128009 3.46565e-05 -0.00811876 -0.0154426 -0.00811876 6.14891e-05)
(-3.82447e-05 -0.0128075 -0.0154474 -0.0128075 4.31753e-05 -0.00811353 -0.0154474 -0.00811353 6.95365e-05)
(2.7008e-05 -0.012788 -0.0154185 -0.012788 2.40097e-05 -0.00812172 -0.0154185 -0.00812172 8.27165e-05)
(4.92163e-05 -0.0127902 -0.0154177 -0.0127902 2.71748e-05 -0.00813463 -0.0154177 -0.00813463 7.33178e-05)
(5.83589e-05 -0.0127994 -0.0154269 -0.0127994 3.88008e-05 -0.00813943 -0.0154269 -0.00813943 4.17975e-05)
(5.5878e-05 -0.0127902 -0.0154187 -0.0127902 2.82476e-05 -0.00813428 -0.0154187 -0.00813428 9.98023e-05)
(7.6715e-05 -0.0127963 -0.0154134 -0.0127963 3.13215e-05 -0.00813718 -0.0154134 -0.00813718 7.50387e-05)
(3.3157e-05 -0.0127869 -0.0154227 -0.0127869 2.7012e-05 -0.00813488 -0.0154227 -0.00813488 9.84062e-05)
(3.03901e-05 -0.0127921 -0.0154238 -0.0127921 3.15629e-05 -0.00811701 -0.0154238 -0.00811701 8.04146e-05)
(-1.01268e-05 -0.0127965 -0.0154371 -0.0127965 3.42184e-05 -0.0081174 -0.0154371 -0.0081174 6.87701e-05)
(6.2843e-05 -0.0127963 -0.0154239 -0.0127963 3.08185e-05 -0.00813638 -0.0154239 -0.00813638 4.54862e-05)
(2.28649e-05 -0.012789 -0.0154239 -0.012789 2.44852e-05 -0.00812229 -0.0154239 -0.00812229 7.29697e-05)
(2.77375e-05 -0.0127874 -0.0154322 -0.0127874 2.12514e-05 -0.00813034 -0.0154322 -0.00813034 4.46783e-05)
(5.19816e-05 -0.0127894 -0.0154273 -0.0127894 3.22538e-05 -0.00813806 -0.0154273 -0.00813806 4.736e-05)
(-6.9542e-06 -0.0127923 -0.0154343 -0.0127923 2.77784e-05 -0.00811844 -0.0154343 -0.00811844 6.9985e-05)
(8.01957e-05 -0.0127997 -0.0154121 -0.0127997 3.59352e-05 -0.00814133 -0.0154121 -0.00814133 8.28034e-05)
(5.66405e-05 -0.0127925 -0.0154228 -0.0127925 3.56472e-05 -0.00814318 -0.0154228 -0.00814318 8.66367e-05)
(9.9148e-06 -0.0127887 -0.0154319 -0.0127887 2.08864e-05 -0.00812367 -0.0154319 -0.00812367 5.28931e-05)
(9.57498e-05 -0.0128069 -0.0154151 -0.0128069 4.1738e-05 -0.00814248 -0.0154151 -0.00814248 6.33881e-05)
(6.56726e-05 -0.0127934 -0.0154273 -0.0127934 2.51789e-05 -0.00812954 -0.0154273 -0.00812954 5.0639e-05)
(8.62819e-06 -0.0127903 -0.015429 -0.0127903 2.53993e-05 -0.00812048 -0.015429 -0.00812048 6.68182e-05)
(4.04967e-05 -0.0127904 -0.0154222 -0.0127904 2.90915e-05 -0.00813315 -0.0154222 -0.00813315 0.000112673)
(-3.71362e-05 -0.0128017 -0.0154412 -0.0128017 4.25919e-05 -0.0081071 -0.0154412 -0.0081071 9.80665e-05)
(-4.06265e-05 -0.0128014 -0.0154415 -0.0128014 4.58321e-05 -0.00811101 -0.0154415 -0.00811101 8.27791e-05)
(8.44226e-05 -0.0128023 -0.0154164 -0.0128023 3.35248e-05 -0.00813757 -0.0154164 -0.00813757 5.63569e-05)
(2.86166e-05 -0.0127889 -0.0154203 -0.0127889 2.62936e-05 -0.00811867 -0.0154203 -0.00811867 7.94901e-05)
(-3.71452e-05 -0.0128017 -0.0154449 -0.0128017 4.54654e-05 -0.0081148 -0.0154449 -0.0081148 6.87296e-05)
(1.85991e-05 -0.0127891 -0.0154227 -0.0127891 2.55054e-05 -0.00811879 -0.0154227 -0.00811879 7.62403e-05)
(3.10608e-06 -0.0127906 -0.0154314 -0.0127906 2.47942e-05 -0.00811952 -0.0154314 -0.00811952 6.94276e-05)
(1.55759e-05 -0.012787 -0.015431 -0.012787 2.02674e-05 -0.00812408 -0.015431 -0.00812408 6.33312e-05)
(9.98902e-05 -0.0127971 -0.0154049 -0.0127971 3.0594e-05 -0.00813503 -0.0154049 -0.00813503 9.09565e-05)
(0.000109285 -0.0128104 -0.0154106 -0.0128104 4.77264e-05 -0.00814624 -0.0154106 -0.00814624 7.2539e-05)
(7.0115e-05 -0.0127985 -0.0154197 -0.0127985 3.04556e-05 -0.00813594 -0.0154197 -0.00813594 4.96722e-05)
(7.09277e-05 -0.0128049 -0.0154233 -0.0128049 4.52857e-05 -0.00814324 -0.0154233 -0.00814324 4.4195e-05)
(2.77452e-05 -0.0127841 -0.0154317 -0.0127841 2.17729e-05 -0.00812691 -0.0154317 -0.00812691 7.72511e-05)
(2.86508e-06 -0.0128007 -0.0154443 -0.0128007 2.93275e-05 -0.0081248 -0.0154443 -0.0081248 4.02167e-05)
(7.25024e-05 -0.0128032 -0.0154224 -0.0128032 3.41365e-05 -0.00813717 -0.0154224 -0.00813717 4.40519e-05)
(8.47704e-05 -0.0128019 -0.0154235 -0.0128019 2.88375e-05 -0.00813375 -0.0154235 -0.00813375 4.42988e-05)
(3.41854e-05 -0.0127859 -0.0154251 -0.0127859 2.32044e-05 -0.00812998 -0.0154251 -0.00812998 8.12954e-05)
(0.000129493 -0.0128022 -0.0153989 -0.0128022 3.52252e-05 -0.00813858 -0.0153989 -0.00813858 0.000103952)
(0.000118473 -0.0128124 -0.0154221 -0.0128124 4.05098e-05 -0.00813852 -0.0154221 -0.00813852 4.27983e-05)
(-1.30003e-05 -0.0128083 -0.0154512 -0.0128083 3.78167e-05 -0.00811303 -0.0154512 -0.00811303 6.69592e-05)
(6.54119e-05 -0.0127902 -0.0154484 -0.0127902 2.18449e-05 -0.00811965 -0.0154484 -0.00811965 6.08339e-05)
(4.29591e-05 -0.0127867 -0.0154195 -0.0127867 2.83417e-05 -0.00813624 -0.0154195 -0.00813624 9.3249e-05)
(9.24792e-05 -0.0127955 -0.0154139 -0.0127955 2.65546e-05 -0.00813113 -0.0154139 -0.00813113 6.42528e-05)
(5.39156e-05 -0.0127922 -0.0154361 -0.0127922 3.19671e-05 -0.00812895 -0.0154361 -0.00812895 4.98666e-05)
(-7.34009e-06 -0.012792 -0.0154311 -0.012792 3.29268e-05 -0.00811574 -0.0154311 -0.00811574 6.7862e-05)
(7.84396e-05 -0.0128035 -0.0154181 -0.0128035 3.86888e-05 -0.00814103 -0.0154181 -0.00814103 5.39299e-05)
(8.07927e-05 -0.0128069 -0.0154269 -0.0128069 4.11056e-05 -0.00813881 -0.0154269 -0.00813881 4.21236e-05)
(1.7235e-05 -0.0127856 -0.0154316 -0.0127856 2.02504e-05 -0.00812642 -0.0154316 -0.00812642 5.36249e-05)
(5.25602e-05 -0.0127829 -0.0154308 -0.0127829 2.62437e-05 -0.00813468 -0.0154308 -0.00813468 4.3525e-05)
(0.000103528 -0.0128092 -0.0154092 -0.0128092 5.47703e-05 -0.00815173 -0.0154092 -0.00815173 9.47808e-05)
(4.83293e-05 -0.0127861 -0.0154231 -0.0127861 2.76173e-05 -0.00813646 -0.0154231 -0.00813646 8.98626e-05)
(5.27056e-05 -0.0127931 -0.0154238 -0.0127931 2.47643e-05 -0.0081326 -0.0154238 -0.0081326 4.90742e-05)
(3.43462e-05 -0.0127874 -0.0154165 -0.0127874 2.68009e-05 -0.00812029 -0.0154165 -0.00812029 7.99307e-05)
(-2.59901e-05 -0.0128072 -0.0154488 -0.0128072 4.11431e-05 -0.00812325 -0.0154488 -0.00812325 5.27606e-05)
(5.27016e-05 -0.0127928 -0.0154213 -0.0127928 3.86234e-05 -0.00811506 -0.0154213 -0.00811506 8.67912e-05)
(1.91314e-05 -0.012792 -0.015425 -0.012792 3.43912e-05 -0.00811694 -0.015425 -0.00811694 7.92569e-05)
(4.42167e-05 -0.0127909 -0.0154266 -0.0127909 2.44512e-05 -0.00813291 -0.0154266 -0.00813291 4.49625e-05)
(0.000111509 -0.012795 -0.0154099 -0.012795 2.78705e-05 -0.00812643 -0.0154099 -0.00812643 6.89978e-05)
(2.73889e-05 -0.0127871 -0.0154274 -0.0127871 2.20477e-05 -0.00812582 -0.0154274 -0.00812582 7.1531e-05)
(1.89613e-05 -0.0127903 -0.0154266 -0.0127903 2.46216e-05 -0.00812077 -0.0154266 -0.00812077 7.01613e-05)
(8.96854e-05 -0.0127936 -0.0154059 -0.0127936 2.84391e-05 -0.00812372 -0.0154059 -0.00812372 9.67796e-05)
(2.97252e-05 -0.0127857 -0.0154304 -0.0127857 2.27354e-05 -0.00812717 -0.0154304 -0.00812717 7.99167e-05)
(9.32129e-06 -0.0127861 -0.0154256 -0.0127861 2.11471e-05 -0.00812327 -0.0154256 -0.00812327 6.65259e-05)
(6.70949e-05 -0.0127949 -0.0154181 -0.0127949 2.87305e-05 -0.00813544 -0.0154181 -0.00813544 5.9364e-05)
(3.37281e-05 -0.0127899 -0.0154332 -0.0127899 2.41574e-05 -0.00813016 -0.0154332 -0.00813016 4.76479e-05)
(2.36486e-05 -0.0127886 -0.015434 -0.0127886 2.13487e-05 -0.00812933 -0.015434 -0.00812933 3.93226e-05)
(-3.47716e-07 -0.0127896 -0.0154324 -0.0127896 2.40015e-05 -0.00811914 -0.0154324 -0.00811914 7.41578e-05)
(-7.06021e-05 -0.0128078 -0.0154477 -0.0128078 5.40932e-05 -0.00811028 -0.0154477 -0.00811028 7.91596e-05)
(-1.57699e-06 -0.0127979 -0.0154432 -0.0127979 3.87028e-05 -0.00812426 -0.0154432 -0.00812426 5.96338e-05)
(4.43703e-05 -0.0127908 -0.0154239 -0.0127908 2.33124e-05 -0.00813185 -0.0154239 -0.00813185 5.08483e-05)
(1.18403e-05 -0.0127899 -0.0154245 -0.0127899 2.77703e-05 -0.00811792 -0.0154245 -0.00811792 7.67351e-05)
(6.06562e-05 -0.0127941 -0.0154315 -0.0127941 2.55621e-05 -0.00813306 -0.0154315 -0.00813306 4.27255e-05)
(6.83268e-05 -0.0127951 -0.0154188 -0.0127951 2.61926e-05 -0.00813255 -0.0154188 -0.00813255 5.2963e-05)
(-1.65109e-05 -0.0127982 -0.0154412 -0.0127982 3.14978e-05 -0.0081126 -0.0154412 -0.0081126 8.16555e-05)
(-4.51606e-05 -0.0128163 -0.0154619 -0.0128163 5.47669e-05 -0.00811208 -0.0154619 -0.00811208 0.000119089)
(7.4594e-05 -0.0127944 -0.0154137 -0.0127944 2.72902e-05 -0.00813292 -0.0154137 -0.00813292 7.19345e-05)
(3.97856e-05 -0.0127905 -0.0154321 -0.0127905 2.3447e-05 -0.00812995 -0.0154321 -0.00812995 4.23304e-05)
(-1.05893e-05 -0.0127975 -0.0154381 -0.0127975 4.59224e-05 -0.00811646 -0.0154381 -0.00811646 7.36718e-05)
(0.000100708 -0.0128184 -0.0154207 -0.0128184 6.54058e-05 -0.00814874 -0.0154207 -0.00814874 4.93701e-05)
(6.92488e-05 -0.0127997 -0.0154172 -0.0127997 4.1764e-05 -0.00814642 -0.0154172 -0.00814642 8.5537e-05)
(-5.96561e-06 -0.0128022 -0.0154483 -0.0128022 3.10403e-05 -0.00811603 -0.0154483 -0.00811603 5.78526e-05)
(-0.000144727 -0.0128141 -0.0154582 -0.0128141 7.71294e-05 -0.00810068 -0.0154582 -0.00810068 9.21362e-05)
(0.000139072 -0.0127939 -0.0154249 -0.0127939 6.25e-05 -0.00811393 -0.0154249 -0.00811393 9.22662e-05)
(8.01836e-05 -0.012795 -0.0154332 -0.012795 2.89801e-05 -0.00813122 -0.0154332 -0.00813122 5.04431e-05)
(3.53103e-05 -0.0127869 -0.0154328 -0.0127869 2.08978e-05 -0.00812619 -0.0154328 -0.00812619 5.66849e-05)
(5.25098e-05 -0.012784 -0.0154314 -0.012784 2.70331e-05 -0.00813431 -0.0154314 -0.00813431 4.07679e-05)
(8.78358e-05 -0.0127973 -0.0154172 -0.0127973 2.69377e-05 -0.00813204 -0.0154172 -0.00813204 5.47451e-05)
(5.26203e-05 -0.0127949 -0.0154332 -0.0127949 3.89898e-05 -0.00813542 -0.0154332 -0.00813542 3.11478e-05)
(-4.92691e-05 -0.0128048 -0.0154475 -0.0128048 4.28192e-05 -0.00810883 -0.0154475 -0.00810883 8.45376e-05)
(-4.55056e-06 -0.0127977 -0.0154371 -0.0127977 4.02918e-05 -0.00811603 -0.0154371 -0.00811603 7.24035e-05)
(7.48841e-05 -0.0127925 -0.01541 -0.0127925 2.69736e-05 -0.00812097 -0.01541 -0.00812097 8.95604e-05)
(8.21338e-06 -0.0127973 -0.0154322 -0.0127973 5.45991e-05 -0.0081066 -0.0154322 -0.0081066 8.90453e-05)
(0.000101997 -0.0127952 -0.0154055 -0.0127952 2.81031e-05 -0.00812559 -0.0154055 -0.00812559 8.28392e-05)
(8.76681e-05 -0.0127926 -0.0154111 -0.0127926 2.7773e-05 -0.008123 -0.0154111 -0.008123 7.89148e-05)
(-1.8882e-05 -0.0127973 -0.0154373 -0.0127973 3.43718e-05 -0.00811379 -0.0154373 -0.00811379 8.02515e-05)
(3.47528e-05 -0.0127812 -0.0154398 -0.0127812 2.03323e-05 -0.00812643 -0.0154398 -0.00812643 7.04312e-05)
(2.76824e-05 -0.0127887 -0.0154178 -0.0127887 2.86202e-05 -0.00811647 -0.0154178 -0.00811647 9.07746e-05)
(0.000118009 -0.0128164 -0.0154113 -0.0128164 5.54878e-05 -0.00814821 -0.0154113 -0.00814821 7.19183e-05)
(7.60338e-05 -0.0128032 -0.0154264 -0.0128032 6.09344e-05 -0.00814496 -0.0154264 -0.00814496 3.98129e-05)
(6.45083e-07 -0.0127964 -0.0154424 -0.0127964 3.16937e-05 -0.00812771 -0.0154424 -0.00812771 4.52573e-05)
(1.24235e-05 -0.0127858 -0.0154335 -0.0127858 1.7844e-05 -0.00812646 -0.0154335 -0.00812646 3.94554e-05)
(5.26772e-05 -0.012791 -0.0154207 -0.012791 3.02212e-05 -0.00813722 -0.0154207 -0.00813722 0.000109143)
(4.6044e-05 -0.0127914 -0.015425 -0.0127914 2.35549e-05 -0.00812468 -0.015425 -0.00812468 5.85645e-05)
(4.87615e-05 -0.0127915 -0.0154252 -0.0127915 2.31189e-05 -0.00813056 -0.0154252 -0.00813056 4.8985e-05)
(4.82848e-05 -0.0127886 -0.0154141 -0.0127886 2.49632e-05 -0.00812782 -0.0154141 -0.00812782 8.46035e-05)
(5.98514e-05 -0.0127942 -0.0154179 -0.0127942 3.40003e-05 -0.00814113 -0.0154179 -0.00814113 7.9234e-05)
(6.91711e-05 -0.0128029 -0.0154287 -0.0128029 3.78228e-05 -0.00813728 -0.0154287 -0.00813728 3.6726e-05)
(2.33388e-05 -0.0127899 -0.0154286 -0.0127899 2.36583e-05 -0.00812491 -0.0154286 -0.00812491 5.58336e-05)
(-4.48586e-05 -0.0128073 -0.0154475 -0.0128073 4.56122e-05 -0.00811663 -0.0154475 -0.00811663 6.29954e-05)
(5.21397e-05 -0.0127923 -0.0154176 -0.0127923 3.36733e-05 -0.00811484 -0.0154176 -0.00811484 9.68413e-05)
(5.63019e-05 -0.0127921 -0.0154236 -0.0127921 3.00133e-05 -0.00812195 -0.0154236 -0.00812195 6.72003e-05)
(-4.49398e-06 -0.0127968 -0.0154391 -0.0127968 3.08075e-05 -0.00812408 -0.0154391 -0.00812408 4.74755e-05)
(5.51198e-05 -0.0127939 -0.0154248 -0.0127939 3.17933e-05 -0.00813766 -0.0154248 -0.00813766 4.79908e-05)
(4.9014e-05 -0.0127908 -0.0154191 -0.0127908 2.89112e-05 -0.00813751 -0.0154191 -0.00813751 7.69737e-05)
(-2.21457e-05 -0.0127955 -0.015436 -0.0127955 3.36357e-05 -0.00811493 -0.015436 -0.00811493 7.7073e-05)
(-4.16375e-05 -0.0128019 -0.015439 -0.0128019 5.21036e-05 -0.00810682 -0.015439 -0.00810682 9.95744e-05)
(8.02829e-05 -0.0127937 -0.0154214 -0.0127937 2.64241e-05 -0.00813024 -0.0154214 -0.00813024 5.38432e-05)
(3.01087e-05 -0.0127861 -0.0154314 -0.0127861 2.08708e-05 -0.00813057 -0.0154314 -0.00813057 4.32866e-05)
(2.33715e-05 -0.0127875 -0.015429 -0.0127875 2.00825e-05 -0.00812477 -0.015429 -0.00812477 6.52403e-05)
(9.2806e-05 -0.0128109 -0.0154136 -0.0128109 5.23154e-05 -0.00815003 -0.0154136 -0.00815003 7.92576e-05)
(7.1117e-05 -0.012792 -0.0154138 -0.012792 2.6149e-05 -0.00812716 -0.0154138 -0.00812716 6.73441e-05)
(6.71614e-05 -0.0127936 -0.0154179 -0.0127936 3.20018e-05 -0.00811843 -0.0154179 -0.00811843 8.72307e-05)
(1.58923e-05 -0.0127896 -0.0154298 -0.0127896 2.25457e-05 -0.0081236 -0.0154298 -0.0081236 5.6727e-05)
(6.0627e-06 -0.0127869 -0.0154361 -0.0127869 1.94242e-05 -0.00812707 -0.0154361 -0.00812707 3.73242e-05)
(6.38274e-05 -0.0127763 -0.0154327 -0.0127763 3.33747e-05 -0.00813863 -0.0154327 -0.00813863 4.59128e-05)
(2.03715e-05 -0.0127894 -0.0154248 -0.0127894 2.62428e-05 -0.00812369 -0.0154248 -0.00812369 0.000101977)
(1.23514e-05 -0.012796 -0.0154273 -0.012796 3.57371e-05 -0.00811257 -0.0154273 -0.00811257 0.000102784)
(4.98152e-05 -0.0127914 -0.0154234 -0.0127914 2.45415e-05 -0.00813103 -0.0154234 -0.00813103 4.67727e-05)
(6.47543e-05 -0.0127924 -0.0154232 -0.0127924 4.48965e-05 -0.00811685 -0.0154232 -0.00811685 8.02531e-05)
(1.46247e-06 -0.0127963 -0.0154395 -0.0127963 3.48696e-05 -0.00812442 -0.0154395 -0.00812442 5.14843e-05)
(2.57528e-05 -0.012788 -0.0154228 -0.012788 2.09953e-05 -0.00812525 -0.0154228 -0.00812525 5.48322e-05)
(4.83109e-05 -0.0127899 -0.0154145 -0.0127899 2.61813e-05 -0.00812582 -0.0154145 -0.00812582 9.6309e-05)
(4.71956e-05 -0.0127862 -0.0154333 -0.0127862 3.15151e-05 -0.00813321 -0.0154333 -0.00813321 3.18457e-05)
(4.5747e-05 -0.0127915 -0.0154209 -0.0127915 2.97496e-05 -0.00813866 -0.0154209 -0.00813866 7.2502e-05)
(8.21753e-05 -0.0128087 -0.0154215 -0.0128087 6.24967e-05 -0.00814942 -0.0154215 -0.00814942 5.77009e-05)
(5.02054e-05 -0.0127897 -0.0154224 -0.0127897 2.51937e-05 -0.00813305 -0.0154224 -0.00813305 6.38524e-05)
(-1.00357e-05 -0.012795 -0.0154335 -0.012795 3.17073e-05 -0.00811475 -0.0154335 -0.00811475 9.67016e-05)
(7.41336e-05 -0.0127888 -0.0154289 -0.0127888 4.28983e-05 -0.00814015 -0.0154289 -0.00814015 4.55487e-05)
(9.56728e-05 -0.0128088 -0.0154456 -0.0128088 4.02691e-05 -0.00813507 -0.0154456 -0.00813507 4.12008e-05)
(8.71316e-05 -0.0127937 -0.015419 -0.0127937 2.77926e-05 -0.00812771 -0.015419 -0.00812771 5.31677e-05)
(4.90099e-05 -0.0127872 -0.0154318 -0.0127872 2.95104e-05 -0.00813391 -0.0154318 -0.00813391 3.3734e-05)
(7.8356e-07 -0.0127915 -0.015432 -0.0127915 2.63138e-05 -0.00811727 -0.015432 -0.00811727 8.92945e-05)
(1.21213e-05 -0.0127915 -0.0154452 -0.0127915 2.83801e-05 -0.00813359 -0.0154452 -0.00813359 4.37957e-05)
(6.58254e-05 -0.0127972 -0.0154233 -0.0127972 2.95627e-05 -0.00813532 -0.0154233 -0.00813532 4.67528e-05)
(2.54231e-05 -0.0127876 -0.01544 -0.0127876 2.02557e-05 -0.00813117 -0.01544 -0.00813117 3.4781e-05)
(8.29996e-07 -0.0128014 -0.0154447 -0.0128014 3.14891e-05 -0.0081201 -0.0154447 -0.0081201 5.65596e-05)
(5.25338e-05 -0.0127941 -0.0154301 -0.0127941 2.47841e-05 -0.00813241 -0.0154301 -0.00813241 3.93848e-05)
(0.000108414 -0.0128219 -0.0154187 -0.0128219 6.2032e-05 -0.00814705 -0.0154187 -0.00814705 4.68215e-05)
(3.28766e-05 -0.0127891 -0.0154224 -0.0127891 2.51696e-05 -0.00812346 -0.0154224 -0.00812346 6.03878e-05)
(3.19798e-06 -0.0127921 -0.0154375 -0.0127921 2.69134e-05 -0.00812694 -0.0154375 -0.00812694 4.63293e-05)
(3.83626e-05 -0.01279 -0.0154292 -0.01279 2.16453e-05 -0.00812989 -0.0154292 -0.00812989 4.53608e-05)
(5.11421e-05 -0.0127862 -0.0154294 -0.0127862 2.67871e-05 -0.00813519 -0.0154294 -0.00813519 4.74215e-05)
(5.86882e-05 -0.0127885 -0.0154294 -0.0127885 4.20757e-05 -0.00814092 -0.0154294 -0.00814092 4.25365e-05)
(7.81266e-05 -0.0127974 -0.0154119 -0.0127974 3.74587e-05 -0.00814324 -0.0154119 -0.00814324 9.4102e-05)
(9.92517e-05 -0.0128037 -0.0154168 -0.0128037 3.58721e-05 -0.00813831 -0.0154168 -0.00813831 5.42437e-05)
(4.29637e-05 -0.0127887 -0.0154151 -0.0127887 2.63858e-05 -0.00812969 -0.0154151 -0.00812969 9.53318e-05)
(3.69131e-05 -0.0127928 -0.0154343 -0.0127928 3.31957e-05 -0.0081362 -0.0154343 -0.0081362 0.000131409)
(7.1845e-05 -0.0127967 -0.0154184 -0.0127967 3.92387e-05 -0.00814352 -0.0154184 -0.00814352 7.40259e-05)
(2.94913e-05 -0.0127887 -0.0154419 -0.0127887 2.26766e-05 -0.00813242 -0.0154419 -0.00813242 3.63485e-05)
(6.08995e-05 -0.0127986 -0.0154282 -0.0127986 3.75054e-05 -0.00813818 -0.0154282 -0.00813818 3.81951e-05)
(6.7619e-05 -0.0127947 -0.0154144 -0.0127947 3.00925e-05 -0.00813651 -0.0154144 -0.00813651 9.25691e-05)
(7.25585e-05 -0.012805 -0.0154183 -0.012805 5.72282e-05 -0.00815216 -0.0154183 -0.00815216 8.46234e-05)
(9.5673e-05 -0.0128343 -0.0154195 -0.0128343 0.000106323 -0.00815389 -0.0154195 -0.00815389 4.2044e-05)
(8.13894e-05 -0.0128015 -0.0154244 -0.0128015 7.22857e-05 -0.00815154 -0.0154244 -0.00815154 5.32516e-05)
(5.26577e-05 -0.0127763 -0.0154355 -0.0127763 2.09755e-05 -0.0081298 -0.0154355 -0.0081298 3.42474e-05)
(-1.45805e-05 -0.0128027 -0.0154431 -0.0128027 5.21224e-05 -0.00811712 -0.0154431 -0.00811712 7.03032e-05)
(-1.06999e-06 -0.0127918 -0.015428 -0.0127918 3.01296e-05 -0.00811471 -0.015428 -0.00811471 8.37217e-05)
(1.17622e-05 -0.0127959 -0.015428 -0.0127959 4.42283e-05 -0.00810787 -0.015428 -0.00810787 9.68221e-05)
(4.60791e-05 -0.0127947 -0.0154303 -0.0127947 3.27637e-05 -0.00813541 -0.0154303 -0.00813541 3.35223e-05)
(2.85298e-05 -0.0127831 -0.0154313 -0.0127831 1.93206e-05 -0.00812903 -0.0154313 -0.00812903 5.255e-05)
(1.652e-05 -0.0127902 -0.0154261 -0.0127902 2.58868e-05 -0.00812088 -0.0154261 -0.00812088 6.65638e-05)
(9.3152e-05 -0.0127988 -0.0154147 -0.0127988 6.23219e-05 -0.00815431 -0.0154147 -0.00815431 0.000101648)
(6.89284e-05 -0.0127928 -0.0154126 -0.0127928 3.17108e-05 -0.00813612 -0.0154126 -0.00813612 0.000111205)
(2.50117e-05 -0.0127939 -0.0154265 -0.0127939 3.60713e-05 -0.00811585 -0.0154265 -0.00811585 8.09457e-05)
(4.87028e-05 -0.0127893 -0.0154334 -0.0127893 2.67456e-05 -0.00813317 -0.0154334 -0.00813317 3.65421e-05)
(4.85441e-05 -0.0127966 -0.0154382 -0.0127966 3.81629e-05 -0.0081317 -0.0154382 -0.0081317 2.68443e-05)
(2.90726e-06 -0.0127947 -0.0154304 -0.0127947 3.33691e-05 -0.00811961 -0.0154304 -0.00811961 0.000116307)
(-5.11284e-05 -0.0128005 -0.0154372 -0.0128005 5.03585e-05 -0.00810922 -0.0154372 -0.00810922 9.17836e-05)
(5.79806e-05 -0.0127947 -0.0154407 -0.0127947 5.60308e-05 -0.0081274 -0.0154407 -0.0081274 6.40808e-05)
(4.56503e-05 -0.0127904 -0.0154255 -0.0127904 2.70773e-05 -0.00813549 -0.0154255 -0.00813549 5.11992e-05)
(8.2243e-05 -0.0127885 -0.0154279 -0.0127885 6.22736e-05 -0.00814673 -0.0154279 -0.00814673 4.97479e-05)
(7.35266e-05 -0.0127916 -0.0154083 -0.0127916 2.66924e-05 -0.00812879 -0.0154083 -0.00812879 8.73257e-05)
(3.09911e-05 -0.0127861 -0.0154229 -0.0127861 2.35992e-05 -0.00812945 -0.0154229 -0.00812945 8.06488e-05)
(3.08096e-05 -0.0127868 -0.0154251 -0.0127868 2.30045e-05 -0.00813205 -0.0154251 -0.00813205 5.0308e-05)
(0.000119646 -0.0127967 -0.0153979 -0.0127967 3.12217e-05 -0.00813157 -0.0153979 -0.00813157 9.4526e-05)
(-9.38873e-06 -0.0127973 -0.0154404 -0.0127973 3.47449e-05 -0.00812304 -0.0154404 -0.00812304 5.29291e-05)
(-2.27002e-05 -0.0128043 -0.0154469 -0.0128043 3.64805e-05 -0.00811911 -0.0154469 -0.00811911 5.56007e-05)
(6.85059e-05 -0.0127931 -0.0154148 -0.0127931 2.56727e-05 -0.00813055 -0.0154148 -0.00813055 6.03081e-05)
(0.000108774 -0.0128074 -0.0154073 -0.0128074 4.55326e-05 -0.00814715 -0.0154073 -0.00814715 9.18701e-05)
(2.55911e-05 -0.0127911 -0.0154256 -0.0127911 2.77448e-05 -0.00812076 -0.0154256 -0.00812076 6.8425e-05)
(1.31553e-05 -0.0127867 -0.0154292 -0.0127867 2.00734e-05 -0.0081269 -0.0154292 -0.0081269 4.49929e-05)
(5.33289e-05 -0.0127763 -0.0154342 -0.0127763 1.88215e-05 -0.00812975 -0.0154342 -0.00812975 3.37504e-05)
(1.10834e-05 -0.012797 -0.0154465 -0.012797 3.16558e-05 -0.00813164 -0.0154465 -0.00813164 4.7243e-05)
(3.3255e-05 -0.0127904 -0.015431 -0.0127904 2.75711e-05 -0.00812728 -0.015431 -0.00812728 5.207e-05)
(5.63723e-05 -0.0127983 -0.0154272 -0.0127983 4.03227e-05 -0.00813974 -0.0154272 -0.00813974 3.94706e-05)
(4.71095e-05 -0.0127914 -0.0154247 -0.0127914 2.24717e-05 -0.00813061 -0.0154247 -0.00813061 4.71111e-05)
(2.43089e-05 -0.0127924 -0.0154254 -0.0127924 3.23159e-05 -0.0081164 -0.0154254 -0.0081164 7.62718e-05)
(-4.83978e-05 -0.0128043 -0.0154438 -0.0128043 5.17152e-05 -0.00811291 -0.0154438 -0.00811291 6.75265e-05)
(2.23091e-06 -0.0127921 -0.0154305 -0.0127921 3.09483e-05 -0.00812313 -0.0154305 -0.00812313 0.000117183)
(1.96523e-05 -0.0127904 -0.0154401 -0.0127904 2.90589e-05 -0.00812955 -0.0154401 -0.00812955 5.49739e-05)
(3.30359e-05 -0.0127932 -0.0154369 -0.0127932 2.65974e-05 -0.00812764 -0.0154369 -0.00812764 5.11996e-05)
(-1.2244e-05 -0.0127997 -0.0154415 -0.0127997 3.21519e-05 -0.00811795 -0.0154415 -0.00811795 5.88905e-05)
(2.22279e-05 -0.0127903 -0.0154327 -0.0127903 2.23759e-05 -0.00812417 -0.0154327 -0.00812417 5.81257e-05)
(9.58746e-05 -0.0128169 -0.0154166 -0.0128169 7.48514e-05 -0.00815325 -0.0154166 -0.00815325 6.42135e-05)
(9.92766e-05 -0.0127964 -0.0154406 -0.0127964 3.87489e-05 -0.0081333 -0.0154406 -0.0081333 5.36532e-05)
(3.31934e-05 -0.0127948 -0.0154291 -0.0127948 4.88755e-05 -0.00811447 -0.0154291 -0.00811447 7.46894e-05)
(1.77626e-05 -0.0127894 -0.0154219 -0.0127894 2.75546e-05 -0.00812183 -0.0154219 -0.00812183 0.000103099)
(3.01711e-05 -0.012786 -0.0154312 -0.012786 1.85812e-05 -0.00812763 -0.0154312 -0.00812763 5.08401e-05)
(8.33347e-05 -0.0128052 -0.0154296 -0.0128052 6.6349e-05 -0.00814067 -0.0154296 -0.00814067 3.47266e-05)
(9.74896e-05 -0.0128115 -0.0154213 -0.0128115 5.15955e-05 -0.00814416 -0.0154213 -0.00814416 5.07746e-05)
(-1.19245e-05 -0.0127944 -0.0154382 -0.0127944 2.70294e-05 -0.00811833 -0.0154382 -0.00811833 5.92295e-05)
(2.84449e-05 -0.0127903 -0.0154229 -0.0127903 2.82589e-05 -0.00812659 -0.0154229 -0.00812659 0.000110278)
(6.38466e-05 -0.0128001 -0.0154317 -0.0128001 6.95174e-05 -0.00810194 -0.0154317 -0.00810194 9.88064e-05)
(4.65485e-06 -0.0127931 -0.0154283 -0.0127931 3.11797e-05 -0.00811636 -0.0154283 -0.00811636 0.00010879)
(3.51751e-05 -0.0127876 -0.0154375 -0.0127876 3.26965e-05 -0.00813728 -0.0154375 -0.00813728 0.00012947)
(7.64164e-05 -0.0127926 -0.0154075 -0.0127926 2.89718e-05 -0.00813189 -0.0154075 -0.00813189 0.000101852)
(8.04246e-05 -0.0127936 -0.0154234 -0.0127936 3.68605e-05 -0.00811855 -0.0154234 -0.00811855 7.322e-05)
(4.77973e-05 -0.0127916 -0.0154203 -0.0127916 2.67748e-05 -0.00812123 -0.0154203 -0.00812123 7.38366e-05)
(2.39621e-05 -0.012786 -0.0154256 -0.012786 2.10657e-05 -0.00812881 -0.0154256 -0.00812881 5.38053e-05)
(9.22993e-05 -0.0127797 -0.0154296 -0.0127797 6.98069e-05 -0.00813327 -0.0154296 -0.00813327 3.08568e-05)
(3.7509e-05 -0.0127902 -0.0154443 -0.0127902 2.40729e-05 -0.00813323 -0.0154443 -0.00813323 4.28691e-05)
(5.39822e-05 -0.0127953 -0.0154598 -0.0127953 2.99564e-05 -0.0081351 -0.0154598 -0.0081351 5.48301e-05)
(3.91648e-05 -0.0127902 -0.0154281 -0.0127902 2.21733e-05 -0.00813145 -0.0154281 -0.00813145 4.17328e-05)
(3.20922e-05 -0.0127931 -0.015427 -0.0127931 3.20044e-05 -0.0081185 -0.015427 -0.0081185 6.81677e-05)
(0.000103033 -0.012802 -0.0154061 -0.012802 3.97784e-05 -0.00814523 -0.0154061 -0.00814523 0.00011968)
(3.01693e-05 -0.0127866 -0.0154206 -0.0127866 2.25281e-05 -0.00813017 -0.0154206 -0.00813017 7.08709e-05)
(-4.20118e-05 -0.0128038 -0.0154441 -0.0128038 4.30946e-05 -0.0081091 -0.0154441 -0.0081091 9.67428e-05)
(-1.44965e-05 -0.0127996 -0.015443 -0.0127996 4.20059e-05 -0.00812298 -0.015443 -0.00812298 5.87969e-05)
(8.75781e-05 -0.0127972 -0.0154114 -0.0127972 2.84014e-05 -0.00813308 -0.0154114 -0.00813308 6.77148e-05)
(7.4041e-05 -0.0127954 -0.0154112 -0.0127954 3.05303e-05 -0.00813632 -0.0154112 -0.00813632 8.19288e-05)
(2.37448e-05 -0.0127841 -0.0154267 -0.0127841 2.14736e-05 -0.00812974 -0.0154267 -0.00812974 7.03625e-05)
(3.81047e-05 -0.0127877 -0.0154235 -0.0127877 2.56407e-05 -0.008135 -0.0154235 -0.008135 5.96809e-05)
(5.33463e-06 -0.0127985 -0.0154464 -0.0127985 4.0432e-05 -0.00812767 -0.0154464 -0.00812767 5.12369e-05)
(3.09273e-05 -0.0127888 -0.0154317 -0.0127888 2.4366e-05 -0.00812605 -0.0154317 -0.00812605 9.96219e-05)
(3.07063e-05 -0.0127932 -0.0154275 -0.0127932 3.49465e-05 -0.00811759 -0.0154275 -0.00811759 7.69177e-05)
(0.000117388 -0.0128041 -0.0154567 -0.0128041 8.10264e-05 -0.00813231 -0.0154567 -0.00813231 7.39514e-05)
(4.82423e-05 -0.0127909 -0.0154233 -0.0127909 2.24301e-05 -0.00812746 -0.0154233 -0.00812746 5.11839e-05)
(3.23448e-05 -0.0127887 -0.0154312 -0.0127887 2.61235e-05 -0.00813343 -0.0154312 -0.00813343 3.05428e-05)
(1.94304e-05 -0.0127877 -0.0154286 -0.0127877 2.53805e-05 -0.00812666 -0.0154286 -0.00812666 0.000102474)
(4.62317e-05 -0.0127916 -0.0154208 -0.0127916 2.75005e-05 -0.00812075 -0.0154208 -0.00812075 8.26425e-05)
(-1.8421e-05 -0.0128069 -0.0154504 -0.0128069 6.17631e-05 -0.00812986 -0.0154504 -0.00812986 5.70108e-05)
(-9.21921e-05 -0.0128236 -0.0154533 -0.0128236 7.81187e-05 -0.00812959 -0.0154533 -0.00812959 5.43463e-05)
(-7.48191e-05 -0.0128222 -0.0154541 -0.0128222 6.27119e-05 -0.00811957 -0.0154541 -0.00811957 5.59574e-05)
(-5.44241e-05 -0.0128042 -0.0154463 -0.0128042 6.48444e-05 -0.00811093 -0.0154463 -0.00811093 7.29246e-05)
(9.20471e-05 -0.0127935 -0.0154272 -0.0127935 3.16103e-05 -0.00812882 -0.0154272 -0.00812882 4.89298e-05)
(3.56226e-05 -0.0127875 -0.0154173 -0.0127875 2.2669e-05 -0.0081278 -0.0154173 -0.0081278 7.31254e-05)
(5.86517e-05 -0.0127942 -0.0154241 -0.0127942 3.71731e-05 -0.00814184 -0.0154241 -0.00814184 5.84714e-05)
(5.16963e-05 -0.0127822 -0.0154297 -0.0127822 2.83105e-05 -0.0081374 -0.0154297 -0.0081374 5.31264e-05)
(3.69666e-05 -0.0127845 -0.0154336 -0.0127845 2.05667e-05 -0.00813084 -0.0154336 -0.00813084 3.66127e-05)
(5.43629e-05 -0.0127927 -0.0154383 -0.0127927 2.50171e-05 -0.00813233 -0.0154383 -0.00813233 4.18232e-05)
(6.92507e-05 -0.0128023 -0.0154273 -0.0128023 3.2827e-05 -0.00813556 -0.0154273 -0.00813556 3.76542e-05)
(5.53732e-05 -0.0127913 -0.0154196 -0.0127913 2.73162e-05 -0.00812172 -0.0154196 -0.00812172 6.77078e-05)
(5.87616e-05 -0.0127908 -0.0154159 -0.0127908 2.34673e-05 -0.00812624 -0.0154159 -0.00812624 5.92691e-05)
(5.9767e-05 -0.0127812 -0.0154302 -0.0127812 2.94866e-05 -0.00813927 -0.0154302 -0.00813927 8.12518e-05)
(3.6741e-05 -0.0127869 -0.015428 -0.0127869 2.36487e-05 -0.00812754 -0.015428 -0.00812754 8.18694e-05)
(7.11055e-05 -0.0127931 -0.0154142 -0.0127931 3.72377e-05 -0.00811288 -0.0154142 -0.00811288 9.93002e-05)
(5.30683e-05 -0.0127933 -0.0154212 -0.0127933 2.57196e-05 -0.00813344 -0.0154212 -0.00813344 5.42423e-05)
(3.33116e-05 -0.0127854 -0.0154333 -0.0127854 1.96455e-05 -0.00813023 -0.0154333 -0.00813023 3.15119e-05)
(-1.13096e-05 -0.0127955 -0.0154341 -0.0127955 3.28431e-05 -0.00811375 -0.0154341 -0.00811375 0.000100493)
