/*--------------------------------*- C++ -*----------------------------------*\
  =========                 |
  \\      /  F ield         | OpenFOAM: The Open Source CFD Toolbox
   \\    /   O peration     | Website:  https://openfoam.org
    \\  /    A nd           | Version:  10
     \\/     M anipulation  |
\*---------------------------------------------------------------------------*/
FoamFile
{
    format      ascii;
    class       volTensorField;
    location    "3";
    object      TauNN;
}
// * * * * * * * * * * * * * * * * * * * * * * * * * * * * * * * * * * * * * //

dimensions      [0 2 -2 0 0 0 0];

internalField   nonuniform List<tensor> 
25600
(
(0.000176515 2.1264e-05 0.000113914 2.1264e-05 0.000131998 -3.35481e-05 0.000113914 -3.35481e-05 -4.31589e-05)
(0.000276265 3.31588e-05 0.000118901 3.31588e-05 0.0002527 -8.25627e-05 0.000118901 -8.25627e-05 -6.28371e-06)
(0.000363765 6.23986e-05 0.00012503 6.23986e-05 0.00044283 -0.000131357 0.00012503 -0.000131357 3.2464e-05)
(0.000413504 8.96621e-05 0.000150035 8.96621e-05 0.000598134 -0.00013682 0.000150035 -0.00013682 6.93364e-05)
(0.000429136 9.3027e-05 0.000178494 9.3027e-05 0.000646347 -0.000103842 0.000178494 -0.000103842 0.000100082)
(0.000408826 6.91088e-05 0.000179543 6.91088e-05 0.000604257 -7.26264e-05 0.000179543 -7.26264e-05 0.000105225)
(0.00035263 1.55298e-05 0.000142002 1.55298e-05 0.000497987 -8.19676e-05 0.000142002 -8.19676e-05 7.57783e-05)
(0.000301176 -1.55494e-05 0.000110145 -1.55494e-05 0.000343329 -9.21842e-05 0.000110145 -9.21842e-05 5.68558e-05)
(0.000314019 1.71019e-05 0.00013399 1.71019e-05 0.000242297 -5.90282e-05 0.00013399 -5.90282e-05 0.00013575)
(0.000365131 7.17603e-05 0.00021551 7.17603e-05 0.000222547 1.81487e-05 0.00021551 1.81487e-05 0.00026666)
(0.000336129 7.41966e-05 0.000235658 7.41966e-05 0.000207973 6.4794e-05 0.000235658 6.4794e-05 0.000233131)
(0.000234468 3.17208e-05 0.00014077 3.17208e-05 0.000134156 3.95318e-05 0.00014077 3.95318e-05 9.86104e-05)
(0.000163357 1.43778e-05 4.75282e-05 1.43778e-05 6.08523e-05 3.59165e-05 4.75282e-05 3.59165e-05 0.000136785)
(0.000150079 1.6503e-05 2.54828e-05 1.6503e-05 6.23914e-05 7.71964e-05 2.54828e-05 7.71964e-05 0.000298228)
(0.00015405 1.06907e-05 7.44527e-05 1.06907e-05 7.77495e-05 6.97076e-05 7.44527e-05 6.97076e-05 0.000313194)
(0.000146742 -9.23872e-06 0.00010699 -9.23872e-06 7.02308e-05 1.33924e-05 0.00010699 1.33924e-05 0.000213361)
(0.000156959 -2.76566e-05 9.67821e-05 -2.76566e-05 0.000116048 -1.73058e-05 9.67821e-05 -1.73058e-05 0.000178084)
(0.000181304 -1.95876e-05 6.87046e-05 -1.95876e-05 0.000189477 -2.6783e-05 6.87046e-05 -2.6783e-05 0.000204915)
(0.000163177 7.91624e-06 2.1372e-05 7.91624e-06 0.00019187 -6.88219e-05 2.1372e-05 -6.88219e-05 0.000218286)
(0.000114155 4.35859e-07 1.43815e-05 4.35859e-07 0.000130792 -6.0943e-05 1.43815e-05 -6.0943e-05 0.000232432)
(0.0001039 -3.31337e-05 4.62439e-05 -3.31337e-05 0.000125089 1.41999e-05 4.62439e-05 1.41999e-05 0.000262013)
(0.000124039 -4.66686e-05 9.53088e-05 -4.66686e-05 0.000166117 5.8163e-05 9.53088e-05 5.8163e-05 0.000222036)
(0.000146133 -3.85279e-05 0.000121905 -3.85279e-05 0.000175911 3.28105e-05 0.000121905 3.28105e-05 0.000125706)
(0.000155384 -3.05343e-05 0.000109427 -3.05343e-05 0.000160256 7.3975e-06 0.000109427 7.3975e-06 9.2997e-05)
(0.000160162 -1.42083e-05 8.3317e-05 -1.42083e-05 0.000144557 8.39029e-06 8.3317e-05 8.39029e-06 0.000111878)
(0.000161751 9.83197e-06 4.00916e-05 9.83197e-06 0.000122484 1.44262e-06 4.00916e-05 1.44262e-06 0.000157873)
(0.00015121 2.73641e-05 2.15396e-05 2.73641e-05 0.000113026 -1.2055e-05 2.15396e-05 -1.2055e-05 0.000205055)
(0.000139131 2.45925e-05 6.40657e-05 2.45925e-05 0.000132972 8.95932e-07 6.40657e-05 8.95932e-07 0.000175417)
(0.000153025 -3.32668e-06 0.000111012 -3.32668e-06 0.000179204 1.24872e-05 0.000111012 1.24872e-05 7.16931e-05)
(0.000185639 -2.88198e-05 0.000130385 -2.88198e-05 0.000193471 -2.60519e-05 0.000130385 -2.60519e-05 2.87987e-06)
(0.000221045 -1.97478e-05 0.000133897 -1.97478e-05 0.000169341 -4.19058e-05 0.000133897 -4.19058e-05 2.26213e-05)
(0.000224692 -1.30944e-06 0.000135974 -1.30944e-06 0.000150461 -1.21752e-05 0.000135974 -1.21752e-05 6.54103e-05)
(0.000193618 -1.72947e-06 0.00011841 -1.72947e-06 0.000160279 1.46292e-05 0.00011841 1.46292e-05 7.7954e-05)
(0.000165891 6.7139e-06 9.32775e-05 6.7139e-06 0.000166745 6.24917e-06 9.32775e-05 6.24917e-06 7.24558e-05)
(0.00014204 1.35703e-05 7.552e-05 1.35703e-05 0.000135269 -6.92531e-06 7.552e-05 -6.92531e-06 5.22082e-05)
(0.000137723 1.43144e-06 7.23451e-05 1.43144e-06 0.000133508 -3.45986e-06 7.23451e-05 -3.45986e-06 3.13501e-05)
(0.000151725 -1.80332e-05 8.20048e-05 -1.80332e-05 0.000161762 3.54461e-06 8.20048e-05 3.54461e-06 1.59654e-05)
(0.000146579 -1.51657e-05 8.5528e-05 -1.51657e-05 0.00014416 -4.11551e-06 8.5528e-05 -4.11551e-06 8.15441e-06)
(0.000136788 2.55369e-06 8.5122e-05 2.55369e-06 0.000107323 -1.81096e-05 8.5122e-05 -1.81096e-05 -4.84607e-06)
(0.000139581 1.8755e-05 9.32142e-05 1.8755e-05 0.000100644 -2.42982e-05 9.32142e-05 -2.42982e-05 -2.74518e-05)
(0.00024466 7.40495e-05 0.000174433 7.40495e-05 0.000379672 0.000118541 0.000174433 0.000118541 9.32824e-05)
(0.000308584 0.000107532 0.000189174 0.000107532 0.000417582 4.80143e-05 0.000189174 4.80143e-05 6.37532e-05)
(0.000337214 8.44458e-05 0.00011979 8.44458e-05 0.000316103 -9.18694e-05 0.00011979 -9.18694e-05 8.77527e-05)
(0.000425036 0.000106893 9.67225e-05 0.000106893 0.000269455 -0.000118422 9.67225e-05 -0.000118422 0.000341577)
(0.000482262 0.000125911 0.000147275 0.000125911 0.000289864 -7.69617e-05 0.000147275 -7.69617e-05 0.000512807)
(0.000392564 6.79111e-05 0.000145072 6.79111e-05 0.000291817 -9.10228e-05 0.000145072 -9.10228e-05 0.000298667)
(0.000267308 -4.35207e-05 0.000129918 -4.35207e-05 0.000338735 -6.50166e-05 0.000129918 -6.50166e-05 8.20364e-05)
(0.00023393 -0.000172971 0.000108754 -0.000172971 0.00045127 3.13437e-05 0.000108754 3.13437e-05 7.04448e-05)
(0.000269361 -0.000244236 9.63565e-05 -0.000244236 0.000502937 7.63638e-05 9.63565e-05 7.63638e-05 8.06866e-05)
(0.000313773 -0.000235781 0.000114301 -0.000235781 0.000447819 5.81983e-05 0.000114301 5.81983e-05 6.04691e-05)
(0.000314241 -0.000184313 0.000109972 -0.000184313 0.000341469 7.57361e-05 0.000109972 7.57361e-05 7.16369e-05)
(0.000257042 -0.000111066 5.53783e-05 -0.000111066 0.000257538 0.000148059 5.53783e-05 0.000148059 0.000163208)
(0.000238672 -3.59518e-05 2.89651e-05 -3.59518e-05 0.000295064 0.00024206 2.89651e-05 0.00024206 0.000368859)
(0.000264159 1.47885e-05 6.65877e-05 1.47885e-05 0.000346673 0.000290773 6.65877e-05 0.000290773 0.000547663)
(0.000240281 1.38842e-05 8.96174e-05 1.38842e-05 0.000228241 0.000188546 8.96174e-05 0.000188546 0.000552734)
(0.000188215 1.60001e-05 6.70552e-06 1.60001e-05 0.000104271 1.00154e-05 6.70552e-06 1.00154e-05 0.00042371)
(0.000216129 8.04169e-05 -0.000104706 8.04169e-05 0.000168646 -0.000107034 -0.000104706 -0.000107034 0.00033)
(0.000203146 0.000129713 -0.000106027 0.000129713 0.000223466 -0.000112036 -0.000106027 -0.000112036 0.000214853)
(8.3054e-05 6.77798e-05 -1.78991e-05 6.77798e-05 8.9816e-05 -5.60516e-05 -1.78991e-05 -5.60516e-05 9.90604e-05)
(9.19811e-05 -3.05101e-06 0.000138848 -3.05101e-06 7.95052e-05 4.1049e-05 0.000138848 4.1049e-05 0.000214482)
(0.000267593 -1.3236e-05 0.000275534 -1.3236e-05 0.000187054 0.000120142 0.000275534 0.000120142 0.000449098)
(0.000320446 -1.23531e-05 0.00027281 -1.23531e-05 0.000251029 0.000141536 0.00027281 0.000141536 0.000525202)
(0.000209702 -1.9812e-05 0.000158068 -1.9812e-05 0.000231962 0.000100621 0.000158068 0.000100621 0.000399221)
(0.00013191 -2.78829e-05 6.06347e-05 -2.78829e-05 0.000201314 4.19114e-05 6.06347e-05 4.19114e-05 0.000201865)
(0.000157714 -1.64509e-05 4.79752e-05 -1.64509e-05 0.000188889 -4.12669e-06 4.79752e-05 -4.12669e-06 4.82245e-05)
(0.000209743 2.48868e-05 8.13343e-05 2.48868e-05 0.000194536 -2.26488e-05 8.13343e-05 -2.26488e-05 -1.14211e-05)
(0.000183268 5.28162e-05 9.83831e-05 5.28162e-05 0.000185084 -1.62004e-05 9.83831e-05 -1.62004e-05 -3.20062e-05)
(0.000139809 3.75938e-05 0.000111379 3.75938e-05 0.000165185 -4.47128e-06 0.000111379 -4.47128e-06 -2.98278e-05)
(0.000162864 -1.58325e-08 0.000142194 -1.58325e-08 0.000152416 -6.01634e-07 0.000142194 -6.01634e-07 1.6569e-05)
(0.000183853 -3.06498e-05 0.000146667 -3.06498e-05 0.000147332 1.40723e-06 0.000146667 1.40723e-06 6.8859e-05)
(0.000206264 -4.11486e-05 0.000131508 -4.11486e-05 0.000133063 8.06712e-06 0.000131508 8.06712e-06 0.000123327)
(0.000219305 -5.93998e-06 9.48058e-05 -5.93998e-06 0.000106875 -7.15815e-06 9.48058e-05 -7.15815e-06 0.000155613)
(0.000172159 4.8982e-05 3.09804e-05 4.8982e-05 0.000139943 -5.53867e-05 3.09804e-05 -5.53867e-05 0.000113588)
(0.00010831 7.48457e-05 1.13575e-05 7.48457e-05 0.000233833 -8.88985e-05 1.13575e-05 -8.88985e-05 8.03807e-05)
(8.68991e-05 6.17569e-05 6.34249e-05 6.17569e-05 0.000239719 -6.61379e-05 6.34249e-05 -6.61379e-05 0.000164015)
(0.00011525 1.18138e-05 0.000105691 1.18138e-05 0.00018936 2.27727e-05 0.000105691 2.27727e-05 0.000244206)
(0.000124996 -5.48847e-05 7.88551e-05 -5.48847e-05 0.000166024 6.59693e-05 7.88551e-05 6.59693e-05 0.000140907)
(0.000162271 -9.73111e-05 7.22557e-05 -9.73111e-05 0.000156077 4.04911e-05 7.22557e-05 4.04911e-05 2.71181e-05)
(0.000178655 -7.67848e-05 8.60319e-05 -7.67848e-05 0.000145426 3.12924e-05 8.60319e-05 3.12924e-05 1.04316e-05)
(0.000172906 -1.5947e-05 0.000110689 -1.5947e-05 0.0002163 6.79959e-05 0.000110689 6.79959e-05 3.97989e-05)
(0.000295864 -5.16409e-05 0.000140374 -5.16409e-05 0.000401925 0.000278676 0.000140374 0.000278676 0.000497451)
(0.000171833 -5.81341e-05 0.000117724 -5.81341e-05 0.000187894 6.9391e-05 0.000117724 6.9391e-05 0.000176819)
(0.00021967 1.06134e-05 0.000152733 1.06134e-05 0.00016748 -7.3202e-06 0.000152733 -7.3202e-06 9.0975e-05)
(0.000570965 0.000174438 0.000361232 0.000174438 0.000304255 0.000144091 0.000361232 0.000144091 0.000851124)
(0.000898506 0.00029466 0.000325287 0.00029466 0.000439197 0.000228866 0.000325287 0.000228866 0.00174146)
(0.000953893 0.000313317 5.84805e-05 0.000313317 0.00049466 0.000155219 5.84805e-05 0.000155219 0.00158883)
(0.000712724 0.000246923 -1.49421e-05 0.000246923 0.00053118 2.25892e-05 -1.49421e-05 2.25892e-05 0.000767971)
(0.000322784 9.90946e-05 6.67945e-05 9.90946e-05 0.0004795 -6.16945e-05 6.67945e-05 -6.16945e-05 0.000254397)
(0.00011008 -7.33454e-05 7.46893e-05 -7.33454e-05 0.000358647 -4.81028e-06 7.46893e-05 -4.81028e-06 0.000253579)
(0.0001883 -0.000189106 -5.5532e-05 -0.000189106 0.000312104 0.000149654 -5.5532e-05 0.000149654 0.000536496)
(0.000322621 -0.000194345 -0.000205864 -0.000194345 0.000369429 0.000296373 -0.000205864 0.000296373 0.0008183)
(0.00037655 -0.000117566 -0.000245919 -0.000117566 0.000495589 0.000418738 -0.000245919 0.000418738 0.00100396)
(0.000382536 -7.11381e-05 -0.000156838 -7.11381e-05 0.000567368 0.000478176 -0.000156838 0.000478176 0.000964379)
(0.000284621 -8.91592e-05 -4.47491e-05 -8.91592e-05 0.000387498 0.000311465 -4.47491e-05 0.000311465 0.000603082)
(0.000182716 -6.96741e-05 -2.08234e-05 -6.96741e-05 0.000174392 7.66516e-05 -2.08234e-05 7.66516e-05 0.000228925)
(0.000190257 -2.08914e-05 1.70656e-05 -2.08914e-05 0.00012364 -1.71512e-05 1.70656e-05 -1.71512e-05 3.66424e-05)
(0.000185342 -2.78465e-05 9.89567e-05 -2.78465e-05 0.000147005 -7.18608e-06 9.89567e-05 -7.18608e-06 -4.42151e-05)
(0.000331251 3.9163e-05 0.000180135 3.9163e-05 0.000511043 5.07766e-05 0.000180135 5.07766e-05 2.83266e-05)
(0.00058975 0.000203982 0.000240853 0.000203982 0.0013033 0.000173518 0.000240853 0.000173518 0.000235064)
(0.000587587 0.000178905 0.000242934 0.000178905 0.00151658 0.000257378 0.000242934 0.000257378 0.00031248)
(0.000438001 4.88264e-05 0.000202253 4.88264e-05 0.00107775 0.000270717 0.000202253 0.000270717 0.000275452)
(0.000294677 -1.69771e-05 0.000155953 -1.69771e-05 0.00060697 0.000238976 0.000155953 0.000238976 0.000265623)
(0.000233897 -1.97878e-05 0.000114376 -1.97878e-05 0.000446167 0.000193428 0.000114376 0.000193428 0.00031827)
(0.000217803 -4.24087e-05 6.51944e-05 -4.24087e-05 0.00044878 0.000193952 6.51944e-05 0.000193952 0.000384139)
(0.000187805 -0.000109013 2.57166e-05 -0.000109013 0.000392834 0.000170241 2.57166e-05 0.000170241 0.000292815)
(0.00018753 -0.000144884 6.03637e-05 -0.000144884 0.000345295 0.000103437 6.03637e-05 0.000103437 0.00011053)
(0.000219787 -0.000101787 0.000133242 -0.000101787 0.000329384 1.8483e-05 0.000133242 1.8483e-05 7.0172e-06)
(0.000287348 -3.09814e-05 0.000184111 -3.09814e-05 0.000354186 -1.74306e-05 0.000184111 -1.74306e-05 4.63424e-05)
(0.000377957 -2.77814e-06 0.000230705 -2.77814e-06 0.000350392 2.93842e-05 0.000230705 2.93842e-05 0.000162098)
(0.000372333 -3.46899e-05 0.000217207 -3.46899e-05 0.000238817 7.52145e-05 0.000217207 7.52145e-05 0.000239216)
(0.000269108 -5.22751e-06 0.000111683 -5.22751e-06 0.000136797 2.01343e-05 0.000111683 2.01343e-05 0.000219801)
(0.000244744 9.63463e-05 5.56968e-05 9.63463e-05 0.000193707 -6.53528e-05 5.56968e-05 -6.53528e-05 0.000151274)
(0.000238278 0.000116564 0.000104465 0.000116564 0.00022027 -6.53854e-05 0.000104465 -6.53854e-05 6.80414e-05)
(0.000198151 6.88499e-05 0.000127005 6.88499e-05 0.000162439 -5.48093e-05 0.000127005 -5.48093e-05 1.7104e-05)
(0.00020421 3.4363e-05 0.000145605 3.4363e-05 0.000189775 -2.73436e-05 0.000145605 -2.73436e-05 -2.42348e-06)
(0.000263215 1.29389e-05 0.000185972 1.29389e-05 0.000279128 3.79924e-05 0.000185972 3.79924e-05 6.57587e-05)
(0.000240805 -4.56423e-05 0.000168882 -4.56423e-05 0.000282022 8.30721e-05 0.000168882 8.30721e-05 0.000137586)
(0.000216593 -8.78284e-05 0.00010223 -8.78284e-05 0.000292765 0.000130334 0.00010223 0.000130334 0.000214458)
(0.000254113 -6.07176e-05 7.06762e-05 -6.07176e-05 0.000414722 0.000232995 7.06762e-05 0.000232995 0.00036966)
(0.000319869 -2.32738e-05 0.000105386 -2.32738e-05 0.000535616 0.000345966 0.000105386 0.000345966 0.000535853)
(0.000254686 9.18517e-05 0.000118012 9.18517e-05 0.000336978 2.72784e-05 0.000118012 2.72784e-05 0.000170479)
(0.000313494 0.000112767 0.000197586 0.000112767 0.000274409 7.08578e-05 0.000197586 7.08578e-05 0.000251583)
(0.000263753 4.94886e-05 0.000178521 4.94886e-05 0.000197979 2.96719e-05 0.000178521 2.96719e-05 0.000174388)
(0.000243294 -1.17822e-05 0.000158316 -1.17822e-05 0.000191928 -8.84756e-07 0.000158316 -8.84756e-07 9.78491e-05)
(0.000309153 5.81797e-06 0.000172555 5.81797e-06 0.000259076 -1.9744e-05 0.000172555 -1.9744e-05 0.000128823)
(0.000389043 4.35561e-05 0.000162507 4.35561e-05 0.000281328 -5.71003e-05 0.000162507 -5.71003e-05 0.000238109)
(0.000433866 7.98116e-05 0.000202414 7.98116e-05 0.000333631 2.47592e-05 0.000202414 2.47592e-05 0.000434165)
(0.00047859 0.000228699 0.000233205 0.000228699 0.000560129 0.000129391 0.000233205 0.000129391 0.000587498)
(0.00043345 0.000375821 0.000144538 0.000375821 0.00075946 8.60887e-05 0.000144538 8.60887e-05 0.000464341)
(0.000300745 0.000321091 2.43476e-05 0.000321091 0.000769141 -4.83608e-05 2.43476e-05 -4.83608e-05 0.000288601)
(0.000203651 0.000118057 1.09607e-05 0.000118057 0.00052594 -6.31465e-05 1.09607e-05 -6.31465e-05 0.000246078)
(0.000220763 1.45286e-06 4.94542e-05 1.45286e-06 0.000343799 6.49206e-05 4.94542e-05 6.49206e-05 0.000262405)
(0.000250415 -8.17841e-05 8.13426e-05 -8.17841e-05 0.000338757 0.000126952 8.13426e-05 0.000126952 0.000198)
(0.000234905 -0.000140201 8.79141e-05 -0.000140201 0.000314359 9.50927e-05 8.79141e-05 9.50927e-05 0.000103048)
(0.000214882 -0.000151321 7.74674e-05 -0.000151321 0.000298069 0.000101325 7.74674e-05 0.000101325 8.57951e-05)
(0.000238848 -0.000116015 0.000129892 -0.000116015 0.000391074 0.000148561 0.000129892 0.000148561 0.000145855)
(0.000359773 3.22713e-05 0.0002081 3.22713e-05 0.000548678 0.0001222 0.0002081 0.0001222 0.000133237)
(0.000506042 0.000144473 0.000138525 0.000144473 0.000570247 -5.49732e-05 0.000138525 -5.49732e-05 0.000144081)
(0.000401656 6.893e-05 0.000121703 6.893e-05 0.000362167 -7.32299e-05 0.000121703 -7.32299e-05 0.000145999)
(0.000202431 -4.56348e-06 0.000124759 -4.56348e-06 0.000239468 -4.46104e-07 0.000124759 -4.46104e-07 0.000114526)
(0.000137517 -3.14536e-05 5.08344e-05 -3.14536e-05 0.000271831 6.55008e-05 5.08344e-05 6.55008e-05 0.000238898)
(0.000168363 -6.38524e-05 3.21055e-05 -6.38524e-05 0.000347464 0.000146925 3.21055e-05 0.000146925 0.000409723)
(0.000199487 -9.13972e-05 0.00010213 -9.13972e-05 0.000351247 0.000145295 0.00010213 0.000145295 0.000411335)
(0.000190119 -9.75151e-05 0.000121176 -9.75151e-05 0.000288253 7.18599e-05 0.000121176 7.18599e-05 0.000272366)
(0.000195736 -9.19271e-05 9.29665e-05 -9.19271e-05 0.000246737 3.25339e-05 9.29665e-05 3.25339e-05 0.000165675)
(0.000240883 -6.79661e-05 0.000128324 -6.79661e-05 0.0002312 2.6783e-05 0.000128324 2.6783e-05 0.000134005)
(0.000331693 -3.36524e-05 0.000215705 -3.36524e-05 0.000250571 6.15232e-06 0.000215705 6.15232e-06 0.000202858)
(0.000410018 -1.04234e-05 0.000223422 -1.04234e-05 0.000314771 -4.29302e-05 0.000223422 -4.29302e-05 0.000251004)
(0.000373315 -4.43934e-05 0.000196321 -4.43934e-05 0.000307719 -2.35466e-05 0.000196321 -2.35466e-05 0.000181843)
(0.000260363 -7.87014e-05 9.09287e-05 -7.87014e-05 0.000233133 -4.13973e-06 9.09287e-05 -4.13973e-06 9.33866e-05)
(0.000250284 3.41162e-05 2.6674e-05 3.41162e-05 0.000224023 -5.14705e-05 2.6674e-05 -5.14705e-05 5.24743e-05)
(0.000382106 0.000166017 0.000185508 0.000166017 0.000296005 -4.43179e-05 0.000185508 -4.43179e-05 0.000174733)
(0.000460302 0.000166359 0.000280872 0.000166359 0.000270211 5.65378e-05 0.000280872 5.65378e-05 0.00066087)
(0.000378642 9.1685e-05 0.000139249 9.1685e-05 0.000180018 -7.18515e-06 0.000139249 -7.18515e-06 0.000493292)
(0.000307939 3.54229e-05 0.000167124 3.54229e-05 0.00017636 -1.42306e-05 0.000167124 -1.42306e-05 0.000154437)
(0.000219026 -8.58866e-06 0.00015658 -8.58866e-06 0.000166295 3.40212e-05 0.00015658 3.40212e-05 0.000240489)
(0.000169267 -1.23354e-05 1.79531e-05 -1.23354e-05 0.000196555 -1.49431e-05 1.79531e-05 -1.49431e-05 0.000506551)
(0.000189787 2.2009e-05 -5.46081e-05 2.2009e-05 0.000283609 -9.441e-05 -5.46081e-05 -9.441e-05 0.000699637)
(0.000176806 3.66261e-05 -2.08402e-05 3.66261e-05 0.000281313 -0.000148299 -2.08402e-05 -0.000148299 0.000533397)
(0.000154851 4.25307e-05 9.30484e-06 4.25307e-05 0.000285114 -0.000115695 9.30484e-06 -0.000115695 0.000180158)
(0.000258675 5.53122e-05 0.000110916 5.53122e-05 0.00019765 3.70154e-05 0.000110916 3.70154e-05 0.000129846)
(0.000323295 6.80061e-05 0.000131423 6.80061e-05 0.000178732 -1.73226e-07 0.000131423 -1.73226e-07 0.000276249)
(0.000307878 1.78386e-05 0.000167719 1.78386e-05 0.000198999 -9.2173e-06 0.000167719 -9.2173e-06 0.00016941)
(0.000326386 -1.21398e-05 0.000198957 -1.21398e-05 0.000295242 5.68712e-05 0.000198957 5.68712e-05 0.000184498)
(0.000382764 2.67867e-05 0.000192264 2.67867e-05 0.00056758 4.50118e-05 0.000192264 4.50118e-05 0.000171318)
(0.000612091 5.60749e-05 9.43029e-05 5.60749e-05 0.00102096 -0.000254464 9.43029e-05 -0.000254464 0.00022057)
(0.000754508 -3.23057e-05 0.000150992 -3.23057e-05 0.00105267 -0.000555983 0.000150992 -0.000555983 0.00052587)
(0.000614723 -3.11667e-05 0.000335388 -3.11667e-05 0.000671618 -0.000463035 0.000335388 -0.000463035 0.000619376)
(0.000387436 1.59647e-05 0.000265023 1.59647e-05 0.000299634 -0.000176941 0.000265023 -0.000176941 0.000465424)
(0.000278327 6.07111e-05 0.000124144 6.07111e-05 0.000163936 -3.89004e-05 0.000124144 -3.89004e-05 0.000390114)
(0.000248268 1.53761e-06 0.000100419 1.53761e-06 0.00030786 -2.15136e-05 0.000100419 -2.15136e-05 0.000274054)
(0.000248913 -5.40009e-05 0.000108114 -5.40009e-05 0.000346606 -2.30409e-05 0.000108114 -2.30409e-05 0.000202688)
(0.000227341 -1.13565e-05 0.000115567 -1.13565e-05 0.000239823 -1.32918e-05 0.000115567 -1.32918e-05 0.000168994)
(0.000215869 -5.06667e-05 0.000122685 -5.06667e-05 0.000250532 -1.65449e-05 0.000122685 -1.65449e-05 9.4159e-05)
(0.000282197 -0.000185501 0.000135113 -0.000185501 0.000430354 -3.3604e-05 0.000135113 -3.3604e-05 1.75073e-05)
(0.000358659 -0.000190936 0.000147305 -0.000190936 0.000518659 -0.000105933 0.000147305 -0.000105933 1.78667e-05)
(0.000315308 -2.93776e-05 0.00012479 -2.93776e-05 0.000319369 -9.22726e-05 0.00012479 -9.22726e-05 7.22994e-05)
(0.000223759 -2.55052e-05 0.000117148 -2.55052e-05 0.00027439 3.16808e-05 0.000117148 3.16808e-05 0.000122588)
(0.000158088 -8.32807e-05 -1.27405e-06 -8.32807e-05 0.000817414 -0.000274218 -1.27405e-06 -0.000274218 0.000554737)
(0.000171978 -0.000107456 2.00998e-05 -0.000107456 0.00153626 -0.000887979 2.00998e-05 -0.000887979 0.00116512)
(0.000285143 -3.21725e-05 5.29736e-05 -3.21725e-05 0.00130498 -0.000864114 5.29736e-05 -0.000864114 0.00112166)
(0.000238665 1.72136e-05 2.67513e-05 1.72136e-05 0.000700215 -0.000411906 2.67513e-05 -0.000411906 0.000619052)
(0.000193863 2.20174e-05 6.18584e-05 2.20174e-05 0.000426023 -6.85016e-05 6.18584e-05 -6.85016e-05 0.000194854)
(0.000346865 0.000109183 0.000171756 0.000109183 0.000466838 7.77673e-05 0.000171756 7.77673e-05 0.000313263)
(0.000403528 0.000115605 0.000247661 0.000115605 0.000394347 8.51043e-05 0.000247661 8.51043e-05 0.000406748)
(0.000313807 8.35862e-06 0.000205463 8.35862e-06 0.000222654 4.76409e-05 0.000205463 4.76409e-05 0.000282678)
(0.000268575 -1.3263e-05 0.000179255 -1.3263e-05 0.000198876 5.04684e-06 0.000179255 5.04684e-06 0.000204779)
(0.000248629 8.65292e-06 0.000162601 8.65292e-06 0.00021495 -6.7167e-06 0.000162601 -6.7167e-06 0.000147504)
(0.000228263 1.04103e-05 0.000128578 1.04103e-05 0.000227945 -2.2457e-05 0.000128578 -2.2457e-05 0.000104586)
(0.00027901 -2.18777e-05 0.000122632 -2.18777e-05 0.000272766 -5.67166e-05 0.000122632 -5.67166e-05 7.16506e-05)
(0.000505732 -4.97205e-05 0.000282016 -4.97205e-05 0.000269448 -0.000123918 0.000282016 -0.000123918 0.000218622)
(0.000722676 0.000105459 0.000534533 0.000105459 0.000194595 -8.1622e-05 0.000534533 -8.1622e-05 0.000798633)
(0.000450097 0.000147921 0.000323692 0.000147921 0.000145336 -2.51951e-05 0.000323692 -2.51951e-05 0.000672879)
(0.000227894 5.06509e-05 0.000144588 5.06509e-05 0.000132516 -5.8813e-06 0.000144588 -5.8813e-06 0.000101351)
(0.000184492 1.73915e-05 0.000166207 1.73915e-05 0.000169087 -5.26942e-06 0.000166207 -5.26942e-06 8.30323e-05)
(0.000151687 3.2411e-05 0.000105371 3.2411e-05 0.000222249 -4.16469e-05 0.000105371 -4.16469e-05 9.90494e-05)
(0.000183997 7.01472e-05 5.73657e-05 7.01472e-05 0.000219669 -4.69526e-05 5.73657e-05 -4.69526e-05 6.12689e-05)
(0.000203725 6.61872e-05 6.3112e-05 6.61872e-05 0.000212048 -4.12902e-05 6.3112e-05 -4.12902e-05 5.60615e-05)
(0.000190668 5.32176e-05 6.6245e-05 5.32176e-05 0.000225148 -3.20757e-05 6.6245e-05 -3.20757e-05 4.38828e-05)
(0.000160257 3.73702e-05 9.50191e-05 3.73702e-05 0.000191692 1.29268e-06 9.50191e-05 1.29268e-06 4.09391e-06)
(0.000533207 4.6636e-05 0.00014176 4.6636e-05 0.0018226 0.000551129 0.00014176 0.000551129 0.000471401)
(0.000483893 5.94575e-05 0.000257466 5.94575e-05 0.000930122 5.52405e-05 0.000257466 5.52405e-05 0.000229847)
(0.000532055 0.000100554 0.000267074 0.000100554 0.000776507 0.00013141 0.000267074 0.00013141 0.000313784)
(0.000567249 0.00014847 0.00027502 0.00014847 0.000997928 0.00047406 0.00027502 0.00047406 0.000675944)
(0.000806494 0.000261487 0.000298606 0.000261487 0.00161787 0.000831693 0.000298606 0.000831693 0.00119258)
(0.000608209 0.000252257 0.000198258 0.000252257 0.00199286 0.000726375 0.000198258 0.000726375 0.000869983)
(0.000312112 -8.81981e-05 0.000198923 -8.81981e-05 0.00143019 2.66181e-05 0.000198923 2.66181e-05 0.000374966)
(0.000391603 -0.000282092 0.000319753 -0.000282092 0.000792111 -0.000373063 0.000319753 -0.000373063 0.000491883)
(0.00050936 -0.000153922 0.000308285 -0.000153922 0.000357355 -0.000194457 0.000308285 -0.000194457 0.00059522)
(0.000499643 0.000104541 -2.62177e-05 0.000104541 0.000207737 -1.91629e-05 -2.62177e-05 -1.91629e-05 0.000555497)
(0.0002571 0.000164432 -0.000158456 0.000164432 0.000339609 -0.000118714 -0.000158456 -0.000118714 0.000417072)
(0.0001406 -2.40467e-05 2.97921e-05 -2.40467e-05 0.000533022 -0.00018278 2.97921e-05 -0.00018278 0.000230652)
(0.000273675 -9.33828e-05 0.000117756 -9.33828e-05 0.000491357 -2.42125e-05 0.000117756 -2.42125e-05 0.000108002)
(0.000312335 8.4918e-06 0.000111782 8.4918e-06 0.000328386 2.61571e-05 0.000111782 2.61571e-05 0.000170004)
(0.000381807 3.67155e-05 0.000195595 3.67155e-05 0.000288392 -7.038e-05 0.000195595 -7.038e-05 0.000304217)
(0.000698807 -0.000134449 0.000304608 -0.000134449 0.000887672 -0.00017692 0.000304608 -0.00017692 0.000389104)
(0.00107949 -0.000480711 0.000345869 -0.000480711 0.00178447 -0.000145444 0.000345869 -0.000145444 0.000477504)
(0.000945433 -0.000551288 0.000257848 -0.000551288 0.00124467 -5.77141e-06 0.000257848 -5.77141e-06 0.000351983)
(0.000357823 -4.39025e-05 -3.55495e-05 -4.39025e-05 0.000198961 6.07846e-05 -3.55495e-05 6.07846e-05 0.00021273)
(0.0001268 0.000136994 -0.000205548 0.000136994 0.000820006 -0.000493723 -0.000205548 -0.000493723 0.000666688)
(0.000107464 -0.000226731 0.000197778 -0.000226731 0.00257354 -0.0015231 0.000197778 -0.0015231 0.00190842)
(0.000458513 -0.000381466 0.000464292 -0.000381466 0.00271741 -0.00203902 0.000464292 -0.00203902 0.00266961)
(0.000425308 -0.000166238 0.000277959 -0.000166238 0.00105666 -0.00116165 0.000277959 -0.00116165 0.0020259)
(0.000211512 -5.93774e-05 7.3419e-05 -5.93774e-05 0.000183706 -5.41778e-05 7.3419e-05 -5.41778e-05 0.000607883)
(0.000296712 -1.04308e-05 0.00019847 -1.04308e-05 0.000238054 -2.03606e-05 0.00019847 -2.03606e-05 0.000289084)
(0.000443322 4.49745e-05 0.000305334 4.49745e-05 0.000246965 -5.04171e-05 0.000305334 -5.04171e-05 0.000601987)
(0.000521599 9.42759e-05 0.000370715 9.42759e-05 0.000293912 8.66679e-05 0.000370715 8.66679e-05 0.000794167)
(0.000477528 0.00012467 0.000297435 0.00012467 0.000407456 0.000151907 0.000297435 0.000151907 0.000551137)
(0.000303583 6.85556e-05 0.000134704 6.85556e-05 0.000339197 3.8676e-05 0.000134704 3.8676e-05 0.000196661)
(0.000247387 3.91426e-05 9.07388e-05 3.91426e-05 0.000302541 -1.27936e-05 9.07388e-05 -1.27936e-05 0.000151168)
(0.00039769 3.98792e-05 0.00018085 3.98792e-05 0.000386889 -1.31708e-05 0.00018085 -1.31708e-05 0.000202662)
(0.000538399 -2.42116e-05 0.000244182 -2.42116e-05 0.000424483 -0.000128001 0.000244182 -0.000128001 0.000273931)
(0.000421101 -5.80419e-05 0.000148974 -5.80419e-05 0.00045254 -0.000166319 0.000148974 -0.000166319 9.0879e-05)
(0.000245129 4.07556e-05 0.000159918 4.07556e-05 0.000281595 1.21519e-05 0.000159918 1.21519e-05 2.828e-05)
(0.000203785 1.75424e-05 9.71574e-05 1.75424e-05 0.000293059 3.31746e-05 9.71574e-05 3.31746e-05 3.74847e-05)
(0.000453451 0.000120567 0.000186716 0.000120567 0.000691206 0.000294375 0.000186716 0.000294375 0.00045157)
(0.000704105 0.000244672 0.000356475 0.000244672 0.000638432 0.000270263 0.000356475 0.000270263 0.000961849)
(0.000622057 9.38559e-05 0.000269774 9.38559e-05 0.000559974 -7.12574e-05 0.000269774 -7.12574e-05 0.00050858)
(0.000424183 -0.000198047 0.000165934 -0.000198047 0.00096133 0.000201484 0.000165934 0.000201484 0.000264213)
(0.000666755 -0.000104299 -4.57065e-05 -0.000104299 0.00211378 0.000938411 -4.57065e-05 0.000938411 0.000911016)
(0.00112419 -0.000327679 -0.000591559 -0.000327679 0.00168956 0.0014704 -0.000591559 0.0014704 0.00290862)
(0.000476215 -0.000170969 0.000112223 -0.000170969 0.000786292 0.000337134 0.000112223 0.000337134 0.000511427)
(0.000497578 -1.34334e-05 0.000110321 -1.34334e-05 0.000712024 -0.000109159 0.000110321 -0.000109159 0.000170645)
(0.000615894 0.0001304 0.000104773 0.0001304 0.00104666 -6.87661e-05 0.000104773 -6.87661e-05 0.000349306)
(0.000618136 0.000186207 0.00028147 0.000186207 0.00134483 0.000209565 0.00028147 0.000209565 0.000573547)
(0.000465172 -5.33359e-05 0.000222946 -5.33359e-05 0.000813769 0.000341885 0.000222946 0.000341885 0.000742105)
(0.000446765 -2.19736e-05 -0.000129619 -2.19736e-05 0.000366584 -1.8782e-05 -0.000129619 -1.8782e-05 0.000850592)
(0.000659569 0.000188882 -0.00020068 0.000188882 0.00056883 -0.000317445 -0.00020068 -0.000317445 0.00100055)
(0.000691782 0.000238337 -0.000128517 0.000238337 0.000514587 -0.000283889 -0.000128517 -0.000283889 0.000898399)
(0.00037104 -5.4488e-05 -0.00031302 -5.4488e-05 0.000180818 -4.25698e-05 -0.00031302 -4.25698e-05 0.000595397)
(0.000641108 -0.000187948 -0.000452137 -0.000187948 0.000969177 0.000908565 -0.000452137 0.000908565 0.00150505)
(0.000750751 0.000158583 -2.10553e-05 0.000158583 0.00129851 0.000964942 -2.10553e-05 0.000964942 0.0013585)
(0.000367902 0.000153455 0.000231251 0.000153455 0.000414708 3.9258e-05 0.000231251 3.9258e-05 0.000130645)
(0.000700681 0.000144823 5.68982e-05 0.000144823 0.000390638 8.13846e-05 5.68982e-05 8.13846e-05 0.00114412)
(0.00135969 0.000362777 -1.54423e-05 0.000362777 0.000550157 0.000112891 -1.54423e-05 0.000112891 0.00302829)
(0.00144178 0.000463842 -0.000281181 0.000463842 0.000975107 -0.000706718 -0.000281181 -0.000706718 0.00177882)
(0.00103041 -8.35089e-05 0.000259636 -8.35089e-05 0.00450732 4.60232e-05 0.000259636 4.60232e-05 0.000850936)
(0.00302037 -0.00225508 -0.000758987 -0.00225508 0.00710546 0.00161849 -0.000758987 0.00161849 0.00288716)
(0.00325085 -0.00279433 -0.0010149 -0.00279433 0.00694715 0.00161253 -0.0010149 0.00161253 0.00284585)
(0.00182109 -0.00154093 -0.000531607 -0.00154093 0.00392695 0.00105661 -0.000531607 0.00105661 0.00133584)
(0.000410792 -0.000110269 -0.000119156 -0.000110269 0.000210708 0.000350374 -0.000119156 0.000350374 0.000412843)
(0.00033342 -0.000115842 0.000294197 -0.000115842 0.000448934 -0.000594174 0.000294197 -0.000594174 0.00124388)
(0.00100409 -0.000353543 0.000864103 -0.000353543 0.000609486 -0.00067381 0.000864103 -0.00067381 0.00165298)
(0.000740583 -5.88214e-05 0.000378322 -5.88214e-05 0.00031149 -4.00404e-05 0.000378322 -4.00404e-05 0.00100209)
(0.000439785 -1.93957e-05 6.06002e-05 -1.93957e-05 0.00026664 -2.2768e-05 6.06002e-05 -2.2768e-05 0.000625402)
(0.000574049 0.000209101 8.78302e-05 0.000209101 0.000650264 1.36895e-05 8.78302e-05 1.36895e-05 0.000665609)
(0.000531307 0.000312191 0.000249673 0.000312191 0.000833594 0.000179589 0.000249673 0.000179589 0.000510044)
(0.00040078 0.000135634 0.000201043 0.000135634 0.000392519 0.000147637 0.000201043 0.000147637 0.000404271)
(0.000547972 0.000183077 4.63976e-05 0.000183077 0.000351279 -2.35923e-05 4.63976e-05 -2.35923e-05 0.000621076)
(0.000754476 0.000244034 0.000138195 0.000244034 0.000448644 -9.49688e-05 0.000138195 -9.49688e-05 0.000932781)
(0.000722858 0.000110131 0.000225404 0.000110131 0.000443982 -0.000215112 0.000225404 -0.000215112 0.000640523)
(0.000475514 -0.000131399 0.000178883 -0.000131399 0.000724401 -0.000192801 0.000178883 -0.000192801 0.000109445)
(0.000435361 -0.000218079 0.000194589 -0.000218079 0.000926976 1.25039e-05 0.000194589 1.25039e-05 8.61024e-05)
(0.000409894 -4.19905e-05 0.000194268 -4.19905e-05 0.000303898 -0.000109568 0.000194268 -0.000109568 0.00012445)
(0.000923259 0.000482881 0.00057794 0.000482881 0.000853205 0.000536963 0.00057794 0.000536963 0.00168716)
(0.00120968 0.000466011 0.000306675 0.000466011 0.00148265 0.00104739 0.000306675 0.00104739 0.00292243)
(0.00112866 0.000145878 4.6947e-05 0.000145878 0.00113327 0.00079391 4.6947e-05 0.00079391 0.0021592)
(0.000553402 1.30115e-05 3.22955e-05 1.30115e-05 0.000405215 8.78014e-05 3.22955e-05 8.78014e-05 0.000371433)
(0.000463855 2.74936e-05 0.000292499 2.74936e-05 0.000573791 0.000330878 0.000292499 0.000330878 0.000914673)
(0.00119541 -0.000199553 -0.000346945 -0.000199553 0.00188503 0.00147182 -0.000346945 0.00147182 0.00359439)
(0.000267421 -5.73779e-05 2.22418e-05 -5.73779e-05 0.000299883 -7.09184e-05 2.22418e-05 -7.09184e-05 0.000533252)
(0.000302741 4.23146e-05 0.000101554 4.23146e-05 0.000397153 1.94767e-05 0.000101554 1.94767e-05 0.000156316)
(0.000815587 0.000338646 2.22828e-05 0.000338646 0.000753419 0.000316544 2.22828e-05 0.000316544 0.00131472)
(0.000811599 0.000315167 -0.000101737 0.000315167 0.000708405 0.000174022 -0.000101737 0.000174022 0.00111851)
(0.000407495 7.54176e-05 0.000119092 7.54176e-05 0.000472665 -1.31456e-05 0.000119092 -1.31456e-05 0.000317326)
(0.000326287 3.33609e-05 -0.00010701 3.33609e-05 0.000407535 -6.98334e-05 -0.00010701 -6.98334e-05 0.000862057)
(0.000733812 0.000289756 -0.000669076 0.000289756 0.000750661 -0.000545853 -0.000669076 -0.000545853 0.00157433)
(0.000652475 0.000347588 -0.000443193 0.000347588 0.000905621 -0.000607417 -0.000443193 -0.000607417 0.00110048)
(0.000410351 0.000125756 5.29187e-05 0.000125756 0.000456277 -0.000198858 5.29187e-05 -0.000198858 0.00051933)
(0.000285414 -3.91267e-05 0.0001933 -3.91267e-05 0.000283531 -0.000132356 0.0001933 -0.000132356 0.000188663)
(0.000445543 -5.29168e-05 0.000217414 -5.29168e-05 0.00110439 -0.00012906 0.000217414 -0.00012906 0.000170164)
(0.000482007 -0.000224691 0.000204528 -0.000224691 0.00107368 -0.000147584 0.000204528 -0.000147584 0.000131675)
(0.000482769 5.18188e-05 0.00023203 5.18188e-05 0.000306363 -0.00013053 0.00023203 -0.00013053 0.000483216)
(0.000841436 0.000387094 0.000467703 0.000387094 0.000772185 0.000549524 0.000467703 0.000549524 0.00182116)
(0.00107965 0.000104234 8.66242e-05 0.000104234 0.0014245 0.000920162 8.66242e-05 0.000920162 0.00229134)
(0.00126197 -0.000205268 -0.000156604 -0.000205268 0.000896422 0.000380486 -0.000156604 0.000380486 0.00138927)
(0.000787109 0.000221618 0.000134395 0.000221618 0.000752973 -0.000117974 0.000134395 -0.000117974 0.000524566)
(0.000448609 9.61032e-06 -0.00023398 9.61032e-06 0.00285393 0.000941377 -0.00023398 0.000941377 0.0013076)
(0.00209901 -0.00199367 -0.00133634 -0.00199367 0.00599898 0.00185051 -0.00133634 0.00185051 0.00314144)
(0.0031258 -0.00310914 -0.00117942 -0.00310914 0.00678618 0.00156033 -0.00117942 0.00156033 0.00280376)
(0.00263912 -0.00242838 -0.00101452 -0.00242838 0.00541563 0.00156178 -0.00101452 0.00156178 0.0022126)
(0.00192248 -0.000561011 -0.000953696 -0.000561011 0.00378928 0.00229551 -0.000953696 0.00229551 0.00311711)
(0.00250315 0.000471368 5.27874e-06 0.000471368 0.00273923 0.00210877 5.27874e-06 0.00210877 0.00415854)
(0.00129914 9.99384e-05 0.000192812 9.99384e-05 0.000797312 0.000601972 0.000192812 0.000601972 0.00230705)
(0.000392828 0.000127687 -0.000210368 0.000127687 0.000562532 -0.000340146 -0.000210368 -0.000340146 0.000696582)
(0.000392589 0.000300617 -5.6468e-05 0.000300617 0.00107853 -0.000184502 -5.6468e-05 -0.000184502 0.000228601)
(0.000251779 9.07527e-05 6.02668e-05 9.07527e-05 0.000518543 -1.24872e-05 6.02668e-05 -1.24872e-05 8.99133e-05)
(0.000225916 3.83239e-06 0.000125247 3.83239e-06 0.000230492 6.07595e-06 0.000125247 6.07595e-06 8.97898e-05)
(0.000247203 4.07919e-06 0.000117816 4.07919e-06 0.00025312 -1.78264e-05 0.000117816 -1.78264e-05 9.95391e-05)
(0.000400408 3.53577e-05 0.00015799 3.53577e-05 0.000388779 -0.000149485 0.00015799 -0.000149485 0.000277594)
(0.000563896 1.10772e-05 0.000283439 1.10772e-05 0.00075398 -0.000514837 0.000283439 -0.000514837 0.000651455)
(0.000519002 -0.000110113 0.000327619 -0.000110113 0.000790275 -0.000642274 0.000327619 -0.000642274 0.000631518)
(0.000730697 -0.000251908 0.000414954 -0.000251908 0.000637985 -0.000513208 0.000414954 -0.000513208 0.000661414)
(0.00132215 -0.000321762 0.000596862 -0.000321762 0.000855186 -0.000543779 0.000596862 -0.000543779 0.00113223)
(0.00158553 -0.00014418 0.000475822 -0.00014418 0.000913484 -0.000755955 0.000475822 -0.000755955 0.00182662)
(0.00143807 0.000308686 0.00016085 0.000308686 0.000558111 -0.000570631 0.00016085 -0.000570631 0.00235666)
(0.00143237 0.000476456 7.6659e-05 0.000476456 0.000638394 0.000453183 7.6659e-05 0.000453183 0.00311515)
(0.00136523 0.000444546 -6.25243e-05 0.000444546 0.00184992 0.00110815 -6.25243e-05 0.00110815 0.00239913)
(0.000626656 2.65399e-05 -9.18284e-06 2.65399e-05 0.00137321 0.000291529 -9.18284e-06 0.000291529 0.000495098)
(0.000270099 -0.000111459 0.000106954 -0.000111459 0.000522809 -0.000185477 0.000106954 -0.000185477 0.000519287)
(0.000774499 0.000133708 0.000164595 0.000133708 0.00106307 -0.000335411 0.000164595 -0.000335411 0.000543477)
(0.000589564 -4.16879e-05 0.000186845 -4.16879e-05 0.000744175 -0.000297682 0.000186845 -0.000297682 0.000327172)
(0.00052216 0.000108374 9.83644e-05 0.000108374 0.000459409 -0.00027011 9.83644e-05 -0.00027011 0.000469453)
(0.000475129 0.000160322 9.50703e-05 0.000160322 0.000510093 -7.03232e-05 9.50703e-05 -7.03232e-05 0.000275884)
(0.000489842 7.56728e-05 0.000310356 7.56728e-05 0.000590529 7.06837e-05 0.000310356 7.06837e-05 0.000588291)
(0.000426742 8.06795e-05 -3.36375e-05 8.06795e-05 0.00067839 -0.000245508 -3.36375e-05 -0.000245508 0.00129589)
(0.000600577 0.000236688 -0.000387738 0.000236688 0.000655733 -0.000383242 -0.000387738 -0.000383242 0.00100198)
(0.000552576 0.000178068 -9.56571e-05 0.000178068 0.000460098 -0.000135903 -9.56571e-05 -0.000135903 0.000513819)
(0.000329841 -3.13409e-05 0.000107425 -3.13409e-05 0.0002253 1.35303e-05 0.000107425 1.35303e-05 0.000222813)
(0.00028105 -6.43842e-05 0.000166602 -6.43842e-05 0.000360599 2.6607e-05 0.000166602 2.6607e-05 0.000132754)
(0.000273466 -1.97813e-06 0.000142651 -1.97813e-06 0.000341896 -2.38651e-05 0.000142651 -2.38651e-05 9.48654e-05)
(0.000420954 0.000131048 0.000214171 0.000131048 0.000332516 3.83267e-05 0.000214171 3.83267e-05 0.000320621)
(0.00107594 0.000541621 0.000698049 0.000541621 0.000758384 0.000430253 0.000698049 0.000430253 0.00149856)
(0.0011229 0.000492894 0.000585474 0.000492894 0.000783661 0.000383609 0.000585474 0.000383609 0.0022108)
(0.000706491 0.00024588 -5.0243e-05 0.00024588 0.000454268 2.0911e-05 -5.0243e-05 2.0911e-05 0.00112185)
(0.00103819 4.62327e-05 -0.000185823 4.62327e-05 0.000440624 4.16953e-06 -0.000185823 4.16953e-06 0.000551423)
(0.00111881 -0.00038748 3.56976e-05 -0.00038748 0.000879074 0.00018646 3.56976e-05 0.00018646 0.000467798)
(0.000756997 4.83599e-05 0.000110292 4.83599e-05 0.00213258 -8.22265e-06 0.000110292 -8.22265e-06 0.00059612)
(0.000584252 0.000690169 -0.000250834 0.000690169 0.00207091 -0.000593646 -0.000250834 -0.000593646 0.000962323)
(0.000768327 0.000250352 -0.000762685 0.000250352 0.000827849 -0.00028184 -0.000762685 -0.00028184 0.00174889)
(0.000929918 -0.000696518 -0.00107608 -0.000696518 0.0014388 0.00128649 -0.00107608 0.00128649 0.00253033)
(0.00213182 -0.000128875 -0.000763739 -0.000128875 0.00450849 0.00233963 -0.000763739 0.00233963 0.00341947)
(0.00135784 0.000384884 -0.000146297 0.000384884 0.0033883 0.00160618 -0.000146297 0.00160618 0.00207582)
(0.000349979 -6.02612e-05 0.000104102 -6.02612e-05 0.000698909 4.16255e-05 0.000104102 4.16255e-05 0.000408239)
(0.000439733 -3.34177e-05 0.000125137 -3.34177e-05 0.000699235 -0.000173721 0.000125137 -0.000173721 0.000211948)
(0.000427612 -2.24262e-05 0.000269815 -2.24262e-05 0.00052911 -8.85632e-05 0.000269815 -8.85632e-05 0.000258646)
(0.000243324 2.25296e-05 0.0001474 2.25296e-05 0.000220595 6.14207e-06 0.0001474 6.14207e-06 8.58473e-05)
(0.000154811 -7.24569e-05 0.000119852 -7.24569e-05 0.000327181 -0.000114257 0.000119852 -0.000114257 0.000211034)
(0.000215745 -2.56728e-05 0.000184877 -2.56728e-05 0.000468289 -0.000254661 0.000184877 -0.000254661 0.000520334)
(0.000368085 0.000125818 0.000171388 0.000125818 0.000617019 -9.89484e-05 0.000171388 -9.89484e-05 0.000262937)
(0.000698611 3.47653e-05 0.000277745 3.47653e-05 0.00100386 -0.000784921 0.000277745 -0.000784921 0.00103301)
(0.00126152 9.52147e-05 0.000352982 9.52147e-05 0.000753431 -0.000912413 0.000352982 -0.000912413 0.00255196)
(0.00121799 0.000144421 0.000302611 0.000144421 0.000585235 -0.00051282 0.000302611 -0.00051282 0.00214658)
(0.000578535 -0.000127098 0.00029885 -0.000127098 0.00041234 -0.00027115 0.00029885 -0.00027115 0.000435867)
(0.000432696 -0.000199782 0.000230053 -0.000199782 0.000563036 -0.000236288 0.000230053 -0.000236288 0.000141836)
