/*--------------------------------*- C++ -*----------------------------------*\
  =========                 |
  \\      /  F ield         | OpenFOAM: The Open Source CFD Toolbox
   \\    /   O peration     | Website:  https://openfoam.org
    \\  /    A nd           | Version:  10
     \\/     M anipulation  |
\*---------------------------------------------------------------------------*/
FoamFile
{
    format      ascii;
    class       volTensorField;
    location    "8";
    object      TauNN;
}
// * * * * * * * * * * * * * * * * * * * * * * * * * * * * * * * * * * * * * //

dimensions      [0 2 -2 0 0 0 0];

internalField   nonuniform List<tensor> 
25600
(
(-0.00052592 -0.0025094 0.00506842 -0.0025094 0.00906178 -0.00199352 0.00506842 -0.00199352 0.00821825)
(0.000211661 -0.0030788 0.00536025 -0.0030788 0.00930442 -0.00205573 0.00536025 -0.00205573 0.00870148)
(0.00023963 -0.00305223 0.00535585 -0.00305223 0.0092355 -0.00223135 0.00535585 -0.00223135 0.00843129)
(0.000739072 -0.00237471 0.00473629 -0.00237471 0.00824574 -0.00261906 0.00473629 -0.00261906 0.00661338)
(0.0012849 -0.00238791 0.00410738 -0.00238791 0.0077599 -0.00276415 0.00410738 -0.00276415 0.00604038)
(-0.00128868 -0.00293127 0.00542974 -0.00293127 0.00913675 -0.00178802 0.00542974 -0.00178802 0.00819867)
(-5.14562e-05 -0.00248672 0.00470239 -0.00248672 0.00850013 -0.00267312 0.00470239 -0.00267312 0.00674991)
(0.00388694 -0.00272602 0.0033988 -0.00272602 0.00662436 -0.0031366 0.0033988 -0.0031366 0.00516923)
(-0.00122336 -0.00263535 0.00523411 -0.00263535 0.00904229 -0.00155597 0.00523411 -0.00155597 0.00829811)
(-0.00160484 -0.00300317 0.00614265 -0.00300317 0.00991438 -0.0019755 0.00614265 -0.0019755 0.00843538)
(0.000699899 -0.00320992 0.00545187 -0.00320992 0.00940493 -0.00198401 0.00545187 -0.00198401 0.00904297)
(-0.000422895 -0.00259001 0.00518962 -0.00259001 0.0088939 -0.00210523 0.00518962 -0.00210523 0.00806238)
(-0.00102742 -0.00223998 0.00501418 -0.00223998 0.0087662 -0.00202098 0.00501418 -0.00202098 0.00770273)
(-0.00179533 -0.00276327 0.00504222 -0.00276327 0.00927554 -0.00105591 0.00504222 -0.00105591 0.0087997)
(-0.000535493 -0.00278552 0.0064199 -0.00278552 0.0101873 -0.00228598 0.0064199 -0.00228598 0.0086485)
(0.00170619 -0.00306438 0.0054041 -0.00306438 0.00944004 -0.00235753 0.0054041 -0.00235753 0.00866878)
(0.000947827 -0.00261913 0.00481653 -0.00261913 0.00843731 -0.00278796 0.00481653 -0.00278796 0.006653)
(0.00017198 -0.00257359 0.00492722 -0.00257359 0.00845605 -0.00252199 0.00492722 -0.00252199 0.00716862)
(-0.00065485 -0.00267971 0.00501659 -0.00267971 0.00873628 -0.00214045 0.00501659 -0.00214045 0.0078354)
(-0.000914847 -0.00257724 0.00502734 -0.00257724 0.00869603 -0.00211043 0.00502734 -0.00211043 0.00757812)
(-0.00080491 -0.00300405 0.00522782 -0.00300405 0.00895838 -0.00227943 0.00522782 -0.00227943 0.00766612)
(0.00192332 -0.00284867 0.00353217 -0.00284867 0.00749522 -0.00304881 0.00353217 -0.00304881 0.00566025)
(0.000906444 -0.00289331 0.00378118 -0.00289331 0.0077124 -0.00302823 0.00378118 -0.00302823 0.00592725)
(-0.00146553 -0.00219275 0.00498616 -0.00219275 0.00885192 -0.00159124 0.00498616 -0.00159124 0.00809133)
(-0.00147691 -0.00315869 0.00599542 -0.00315869 0.00981013 -0.00179246 0.00599542 -0.00179246 0.00865462)
(-0.000702458 -0.00300865 0.00535187 -0.00300865 0.00910147 -0.00211916 0.00535187 -0.00211916 0.00825407)
(0.000353108 -0.00222192 0.00463535 -0.00222192 0.0081958 -0.002567 0.00463535 -0.002567 0.00652975)
(0.000313448 -0.00226631 0.00451044 -0.00226631 0.00807871 -0.00258678 0.00451044 -0.00258678 0.00648085)
(-0.00104763 -0.00261741 0.00524859 -0.00261741 0.00903409 -0.00164154 0.00524859 -0.00164154 0.00819181)
(-0.00202281 -0.00268724 0.00576771 -0.00268724 0.00978328 -0.0017001 0.00576771 -0.0017001 0.00818647)
(-0.000972 -0.00304899 0.00639273 -0.00304899 0.0100809 -0.00218678 0.00639273 -0.00218678 0.00860254)
(0.000812903 -0.00294992 0.00522589 -0.00294992 0.00917506 -0.00252437 0.00522589 -0.00252437 0.00797897)
(0.000970809 -0.00247342 0.00454309 -0.00247342 0.00811572 -0.00279679 0.00454309 -0.00279679 0.00629409)
(-0.000285678 -0.00274588 0.00514276 -0.00274588 0.00892458 -0.00239736 0.00514276 -0.00239736 0.00773144)
(-0.000172159 -0.00252952 0.00480656 -0.00252952 0.00853422 -0.00255579 0.00480656 -0.00255579 0.00701643)
(0.00253757 -0.00252086 0.00361718 -0.00252086 0.00733522 -0.00301371 0.00361718 -0.00301371 0.00538748)
(-0.000706807 -0.00244234 0.00476062 -0.00244234 0.00848709 -0.00252519 0.00476062 -0.00252519 0.00696167)
(0.000121579 -0.00290321 0.00524102 -0.00290321 0.00926742 -0.00222285 0.00524102 -0.00222285 0.00836202)
(0.00122626 -0.00243273 0.00465055 -0.00243273 0.0082165 -0.00278278 0.00465055 -0.00278278 0.00628351)
(0.0003972 -0.00144213 0.00460609 -0.00144213 0.00799873 -0.00213974 0.00460609 -0.00213974 0.00621299)
(0.00168191 -0.00144418 0.00448351 -0.00144418 0.0086732 -0.00121252 0.00448351 -0.00121252 0.00797257)
(0.000560825 -0.00299582 0.00528882 -0.00299582 0.00947012 -0.00191739 0.00528882 -0.00191739 0.00875185)
(0.00115335 -0.00320268 0.00572044 -0.00320268 0.00958155 -0.00226754 0.00572044 -0.00226754 0.00867082)
(0.00181494 -0.00297037 0.00489192 -0.00297037 0.00928448 -0.00263156 0.00489192 -0.00263156 0.00764221)
(0.00349042 0.000581572 0.004695 0.000581572 0.00571563 -0.00340415 0.004695 -0.00340415 0.00578354)
(0.00352618 0.00132087 0.00520643 0.00132087 0.00717265 -0.00173702 0.00520643 -0.00173702 0.00480647)
(0.00382743 0.000434881 0.00509017 0.000434881 0.00630841 -0.00324179 0.00509017 -0.00324179 0.00639057)
(0.0189682 -0.00346822 0.000650823 -0.00346822 0.00899228 -0.00236598 0.000650823 -0.00236598 0.00943683)
(0.00332906 -0.000417181 0.00640981 -0.000417181 0.00886918 -0.00231364 0.00640981 -0.00231364 0.00886371)
(0.00647277 -0.00050186 0.00384418 -0.00050186 0.00947041 -0.00123089 0.00384418 -0.00123089 0.00535744)
(0.000905021 -0.00217704 0.0054022 -0.00217704 0.00985451 -0.00193087 0.0054022 -0.00193087 0.00767191)
(0.00152336 -0.00322382 0.00593319 -0.00322382 0.00955994 -0.00216908 0.00593319 -0.00216908 0.0088697)
(-0.000669321 -0.00110273 0.00634083 -0.00110273 0.00878623 -0.00268966 0.00634083 -0.00268966 0.00879966)
(0.00627015 -0.00100392 0.00356975 -0.00100392 0.0085799 -0.00106824 0.00356975 -0.00106824 0.0075043)
(0.00383374 -0.00175519 0.00463912 -0.00175519 0.0100676 -0.00182144 0.00463912 -0.00182144 0.00683634)
(0.00160111 -0.00290503 0.00534905 -0.00290503 0.00985556 -0.00286716 0.00534905 -0.00286716 0.00762975)
(0.00176775 -0.00274369 0.00472501 -0.00274369 0.00885114 -0.00291893 0.00472501 -0.00291893 0.00737298)
(0.00187132 -0.000607027 0.0074104 -0.000607027 0.00819659 -0.00293205 0.0074104 -0.00293205 0.00865975)
(0.00350742 0.00109401 0.00710827 0.00109401 0.00750216 -0.00222465 0.00710827 -0.00222465 0.00755806)
(0.000714043 0.000417715 0.0059377 0.000417715 0.00796802 -0.00204762 0.0059377 -0.00204762 0.0064163)
(0.00554178 -0.0024466 -0.000162231 -0.0024466 0.00541876 -0.00138515 -0.000162231 -0.00138515 0.0105686)
(0.0160288 0.000331842 0.00328396 0.000331842 0.00558178 -0.00291471 0.00328396 -0.00291471 0.00896326)
(0.00936887 0.000944217 0.00459545 0.000944217 0.00335496 -0.00395776 0.00459545 -0.00395776 0.00714546)
(0.00397283 -0.00102624 0.00610391 -0.00102624 0.00906501 -0.00234296 0.00610391 -0.00234296 0.00936767)
(0.00191089 -0.00131507 0.00397121 -0.00131507 0.00924376 -0.00102207 0.00397121 -0.00102207 0.0074843)
(0.000858984 -0.000914311 0.00499666 -0.000914311 0.0083088 -0.00176936 0.00499666 -0.00176936 0.00561124)
(0.000415136 -0.000227964 0.00598101 -0.000227964 0.00818705 -0.00224822 0.00598101 -0.00224822 0.00658439)
(0.00275553 -0.000481006 0.00658613 -0.000481006 0.00806955 -0.00267675 0.00658613 -0.00267675 0.0076108)
(0.00371917 0.0002554 0.00711138 0.0002554 0.00831258 -0.00227459 0.00711138 -0.00227459 0.00862048)
(0.00911105 0.000477372 0.00396495 0.000477372 0.00892035 -0.00098817 0.00396495 -0.00098817 0.00529056)
(0.00639636 -0.00117476 0.00441491 -0.00117476 0.0096724 -0.0016476 0.00441491 -0.0016476 0.00650206)
(0.00265073 -0.00298089 0.00553173 -0.00298089 0.0100013 -0.00271245 0.00553173 -0.00271245 0.00806163)
(0.00185011 -0.0024284 0.00508313 -0.0024284 0.00866425 -0.00320669 0.00508313 -0.00320669 0.00756331)
(0.000209145 -0.00147849 0.00639963 -0.00147849 0.0087229 -0.00284422 0.00639963 -0.00284422 0.0087266)
(0.00119456 -0.000481159 0.00521548 -0.000481159 0.00814048 -0.00229335 0.00521548 -0.00229335 0.00574384)
(0.0181125 -0.00245985 -0.000804081 -0.00245985 0.00604822 -0.00180711 -0.000804081 -0.00180711 0.0116302)
(0.00794139 -0.000112504 0.00626323 -0.000112504 0.00595017 -0.00195219 0.00626323 -0.00195219 0.00994217)
(0.00253072 -0.00107294 0.00486428 -0.00107294 0.0095212 -0.00166625 0.00486428 -0.00166625 0.00671075)
(0.000497522 -0.00322404 0.00471144 -0.00322404 0.00928144 -0.00279162 0.00471144 -0.00279162 0.00777646)
(-9.78382e-05 -0.00330369 0.00410262 -0.00330369 0.00901012 -0.00298763 0.00410262 -0.00298763 0.00857229)
(0.00805686 -0.000720446 0.00487775 -0.000720446 0.00877218 -0.000893013 0.00487775 -0.000893013 0.00689247)
(0.0108045 -0.00247174 0.00501972 -0.00247174 0.00919036 -0.00173508 0.00501972 -0.00173508 0.00788426)
(0.0102383 -0.00552553 0.00416874 -0.00552553 0.0100303 -0.00305947 0.00416874 -0.00305947 0.00678684)
(0.0101978 -0.00538286 0.00462518 -0.00538286 0.0107339 -0.00352477 0.00462518 -0.00352477 0.00716391)
(0.00522947 -0.00302749 0.00401366 -0.00302749 0.0103227 -0.0028285 0.00401366 -0.0028285 0.00565686)
(0.0101022 -0.00156223 0.00363897 -0.00156223 0.0100293 -0.00135312 0.00363897 -0.00135312 0.00414431)
(0.0163857 0.000871632 0.00435451 0.000871632 0.0073632 -0.00245696 0.00435451 -0.00245696 0.00472529)
(0.00853728 -0.0042113 -0.00100984 -0.0042113 0.00441207 -0.0017476 -0.00100984 -0.0017476 0.00961426)
(0.0100856 0.000563022 0.00474489 0.000563022 0.00777114 -0.000196065 0.00474489 -0.000196065 0.00552566)
(0.0147779 -0.00144522 0.00365032 -0.00144522 0.00848013 0.000910347 0.00365032 0.000910347 0.00684276)
(0.0111221 -0.00307158 0.00289989 -0.00307158 0.00978309 -0.00178681 0.00289989 -0.00178681 0.00444882)
(0.0143101 -0.00658449 0.00544067 -0.00658449 0.010839 -0.00310134 0.00544067 -0.00310134 0.00913734)
(0.00989381 -0.00487191 0.00490444 -0.00487191 0.0107247 -0.0018878 0.00490444 -0.0018878 0.00771967)
(0.00752875 0.000285132 0.00459523 0.000285132 0.00820616 -6.84056e-06 0.00459523 -6.84056e-06 0.00598651)
(0.0144646 -0.00492158 0.00201594 -0.00492158 0.0100925 0.000836401 0.00201594 0.000836401 0.00751548)
(0.00991863 -0.00324189 0.00133791 -0.00324189 0.00610522 -0.00163305 0.00133791 -0.00163305 0.00818659)
(0.00803272 -0.00565575 0.00244951 -0.00565575 0.0101847 -0.00387957 0.00244951 -0.00387957 0.00500244)
(0.011039 -0.00433453 0.00432384 -0.00433453 0.0104698 -0.00234775 0.00432384 -0.00234775 0.00513894)
(0.0104412 -0.00166886 0.00339611 -0.00166886 0.0100414 -0.000830164 0.00339611 -0.000830164 0.00436716)
(0.00592079 -0.00156698 0.00435515 -0.00156698 0.00992703 -0.00187324 0.00435515 -0.00187324 0.00485475)
(0.00227059 -0.00357972 0.00235152 -0.00357972 0.00869836 -0.00299038 0.00235152 -0.00299038 0.00437268)
(0.00574975 0.000995653 0.00336475 0.000995653 0.00493693 -0.003053 0.00336475 -0.003053 0.00487933)
(0.00659526 -0.00142863 0.00171608 -0.00142863 0.00716309 -0.00197196 0.00171608 -0.00197196 0.00345348)
(0.0114584 2.81939e-05 0.00444613 2.81939e-05 0.00813719 0.000538776 0.00444613 0.000538776 0.00489794)
(0.0114749 0.000426237 0.00449386 0.000426237 0.00742509 0.000477773 0.00449386 0.000477773 0.00748246)
(0.0124138 -0.00299475 0.00427879 -0.00299475 0.0106083 -0.00141553 0.00427879 -0.00141553 0.00628361)
(0.0106036 -0.00236806 0.00434728 -0.00236806 0.0103253 -0.001924 0.00434728 -0.001924 0.00543551)
(0.0106733 -0.00378928 0.00422514 -0.00378928 0.0101819 -0.00158414 0.00422514 -0.00158414 0.00547468)
(0.0101913 -0.00260113 0.00454039 -0.00260113 0.0096393 -0.000190722 0.00454039 -0.000190722 0.00592537)
(0.0167736 -0.000633438 0.00355886 -0.000633438 0.00854551 0.000984639 0.00355886 0.000984639 0.00382438)
(0.00677909 0.000871382 0.00205413 0.000871382 0.00621014 0.00256137 0.00205413 0.00256137 0.00622225)
(0.0133725 -0.005806 0.00418724 -0.005806 0.0106317 -0.00312349 0.00418724 -0.00312349 0.00867191)
(0.00447953 -0.00563828 0.00378788 -0.00563828 0.0104962 -0.00322408 0.00378788 -0.00322408 0.00590977)
(0.00510678 -0.00369109 0.00492213 -0.00369109 0.00975685 -0.00216239 0.00492213 -0.00216239 0.00600737)
(0.00641124 -0.00179077 0.00465174 -0.00179077 0.009926 -0.0027086 0.00465174 -0.0027086 0.00522329)
(0.00829917 -0.00504903 0.000894744 -0.00504903 0.0078014 -0.00447362 0.000894744 -0.00447362 0.00899952)
(0.0106295 0.000974433 0.00372345 0.000974433 0.0062682 -0.000983675 0.00372345 -0.000983675 0.00423968)
(0.0140035 -0.00154042 0.00247492 -0.00154042 0.00900823 0.0006122 0.00247492 0.0006122 0.00265678)
(0.00837177 -0.00310629 0.00336488 -0.00310629 0.00983644 -0.00375467 0.00336488 -0.00375467 0.00509265)
(0.00507328 -0.00130774 0.00457693 -0.00130774 0.00857815 -0.00149535 0.00457693 -0.00149535 0.00631434)
(0.00998482 -0.00159433 0.00255563 -0.00159433 0.00862713 -0.00168206 0.00255563 -0.00168206 0.00938554)
(0.00419076 -0.000551871 0.00100516 -0.000551871 0.00461012 -0.000925198 0.00100516 -0.000925198 0.00224697)
(0.0083235 -0.00205117 0.000564717 -0.00205117 0.00597407 -0.00273049 0.000564717 -0.00273049 0.00456947)
(0.0206792 -0.00444411 0.00191187 -0.00444411 0.0092575 -0.00226726 0.00191187 -0.00226726 0.00775974)
(0.0148049 -0.00296877 0.00297971 -0.00296877 0.00930074 -0.00252303 0.00297971 -0.00252303 0.00711495)
(0.018329 -0.000927667 0.00459357 -0.000927667 0.00878949 -0.000886061 0.00459357 -0.000886061 0.0077016)
(0.0141961 -0.00171086 0.00116551 -0.00171086 0.00613247 -0.0014513 0.00116551 -0.0014513 0.0100498)
(0.0120772 -0.00292048 -0.000703163 -0.00292048 0.00550809 -0.00116562 -0.000703163 -0.00116562 0.0125781)
(0.0167021 -0.00325966 -0.000270508 -0.00325966 0.00973169 -0.00219839 -0.000270508 -0.00219839 0.00333216)
(0.012429 0.000381808 0.00215144 0.000381808 0.00712524 -0.000481045 0.00215144 -0.000481045 0.0053378)
(0.0151207 -0.00161871 0.00464173 -0.00161871 0.00824112 -0.00188825 0.00464173 -0.00188825 0.0101143)
(0.0193118 -0.00472849 0.0026966 -0.00472849 0.00928514 -0.00341192 0.0026966 -0.00341192 0.00609241)
(0.0102348 -0.00374713 0.00337109 -0.00374713 0.01003 -0.00275013 0.00337109 -0.00275013 0.00702019)
(0.0171113 -0.000344683 0.00236364 -0.000344683 0.00824738 0.000800204 0.00236364 0.000800204 0.00742424)
(0.0120256 -0.00438494 -0.00548611 -0.00438494 0.0115402 -0.00158196 -0.00548611 -0.00158196 0.009868)
(0.00993547 -0.00184406 0.00210552 -0.00184406 0.00380567 -0.00210019 0.00210552 -0.00210019 0.0102331)
(0.0247226 -0.00433374 0.000655128 -0.00433374 0.00954582 -0.00249842 0.000655128 -0.00249842 0.00880207)
(0.0194947 -0.00161265 0.000581983 -0.00161265 0.00699917 -0.00273726 0.000581983 -0.00273726 0.00513311)
(0.0201595 0.000556891 0.00601051 0.000556891 0.00791654 -0.000652723 0.00601051 -0.000652723 0.00799462)
(0.0199207 0.000230694 0.0056991 0.000230694 0.00727887 -0.00155584 0.0056991 -0.00155584 0.0103646)
(0.0141434 -0.00102018 0.00283532 -0.00102018 0.00705294 -0.00224687 0.00283532 -0.00224687 0.00949696)
(0.00742142 -0.00245096 -0.000891959 -0.00245096 0.00366853 -0.00178636 -0.000891959 -0.00178636 0.00962617)
(0.00866579 -0.00103263 -0.0010603 -0.00103263 0.00654252 -0.00351005 -0.0010603 -0.00351005 0.00570696)
(0.0138029 0.00213856 0.00185233 0.00213856 0.00681411 -0.000773475 0.00185233 -0.000773475 0.00447083)
(0.00751553 -0.00438984 -0.00232927 -0.00438984 0.0113282 -0.00295402 -0.00232927 -0.00295402 0.00806696)
(0.02539 -0.00168765 -0.000711526 -0.00168765 0.00795554 0.00181693 -0.000711526 0.00181693 0.00878176)
(0.0246136 -0.00112747 0.00492946 -0.00112747 0.00875675 -0.00112035 0.00492946 -0.00112035 0.00879829)
(0.0158206 -0.000963192 0.00597336 -0.000963192 0.00884788 -0.0020602 0.00597336 -0.0020602 0.00971685)
(0.0134447 -0.00149533 0.004324 -0.00149533 0.00897452 -0.00163515 0.004324 -0.00163515 0.0105811)
(0.0235898 -0.000244368 0.00190575 -0.000244368 0.00636232 -0.000390349 0.00190575 -0.000390349 0.00470582)
(0.0100507 -0.000324271 0.00149013 -0.000324271 0.00799007 -0.00212437 0.00149013 -0.00212437 0.00668166)
(0.0221737 -0.00297894 0.00454007 -0.00297894 0.00877547 -0.00257591 0.00454007 -0.00257591 0.00683057)
(0.0177395 -0.00559437 -0.000979065 -0.00559437 0.00974279 -0.00277778 -0.000979065 -0.00277778 0.00593967)
(0.0162306 -0.00358739 -0.00124822 -0.00358739 0.00902489 -0.00340146 -0.00124822 -0.00340146 0.00741677)
(0.0205289 -0.00285694 0.000518689 -0.00285694 0.00865052 -0.00353948 0.000518689 -0.00353948 0.00784326)
(0.0120937 -0.00215444 0.00134515 -0.00215444 0.00838672 -0.00260832 0.00134515 -0.00260832 0.00777229)
(0.0140306 -0.00170777 -0.00100604 -0.00170777 0.00669811 -0.00463239 -0.00100604 -0.00463239 0.00740713)
(0.0184091 0.00127701 0.00392245 0.00127701 0.00539099 -0.000105254 0.00392245 -0.000105254 0.00706564)
(0.014435 -0.00152296 0.00555265 -0.00152296 0.00870274 -0.00230633 0.00555265 -0.00230633 0.00927381)
(0.00314853 -0.0035643 0.00330976 -0.0035643 0.00961325 -0.00245022 0.00330976 -0.00245022 0.00806775)
(0.00238127 -0.000119834 -0.000973157 -0.000119834 0.00147816 -0.000486998 -0.000973157 -0.000486998 0.00409783)
(0.0094706 -0.00457225 0.000406791 -0.00457225 0.0105127 0.000873257 0.000406791 0.000873257 0.00528184)
(0.00394814 -0.00267542 0.000126377 -0.00267542 0.00756857 -0.00288141 0.000126377 -0.00288141 0.0041057)
(0.0137385 -0.000811949 0.000918457 -0.000811949 0.00753123 -0.00267015 0.000918457 -0.00267015 0.00535388)
(0.0078862 -0.00338187 0.000367519 -0.00338187 0.00805571 -0.00153069 0.000367519 -0.00153069 0.00337112)
(0.0150683 0.00119229 0.0034017 0.00119229 0.00695869 0.0016269 0.0034017 0.0016269 0.00618932)
(0.00774625 -0.00317896 -0.000486871 -0.00317896 0.00810923 -0.00265444 -0.000486871 -0.00265444 0.00389865)
(0.012596 -0.0035948 -0.0017042 -0.0035948 0.0057606 -0.00181102 -0.0017042 -0.00181102 0.012362)
(0.0222524 -0.00396657 0.00221835 -0.00396657 0.0110247 -0.00166017 0.00221835 -0.00166017 0.00379455)
(0.0110296 0.00242834 0.00467145 0.00242834 0.00636912 0.000813536 0.00467145 0.000813536 0.00636457)
(0.00775447 -0.00345779 0.00403192 -0.00345779 0.00899054 -0.00215133 0.00403192 -0.00215133 0.0065779)
(0.0125153 -0.00404306 0.00273705 -0.00404306 0.00961707 -0.00326771 0.00273705 -0.00326771 0.00535148)
(0.0132288 -0.00593076 0.00363151 -0.00593076 0.0105188 -0.00394404 0.00363151 -0.00394404 0.00640451)
(0.00863556 -0.00191932 -0.00120787 -0.00191932 0.010608 -0.00162972 -0.00120787 -0.00162972 0.00535987)
(0.00866415 -0.00524953 -0.00109595 -0.00524953 0.011656 0.000418394 -0.00109595 0.000418394 0.00685027)
(0.00595159 -0.00190522 0.000760332 -0.00190522 0.00738129 -0.0017807 0.000760332 -0.0017807 0.00755262)
(0.00444569 -0.00435469 -3.5353e-06 -0.00435469 0.00730845 -0.00327296 -3.5353e-06 -0.00327296 0.00565495)
(0.00799059 -0.00154112 0.000653287 -0.00154112 0.00705887 -0.0020441 0.000653287 -0.0020441 0.00545714)
(0.0169313 -0.00257742 0.0019374 -0.00257742 0.00852377 0.00154812 0.0019374 0.00154812 0.00892381)
(0.0167602 -0.00309872 0.00175451 -0.00309872 0.00912635 -1.15857e-05 0.00175451 -1.15857e-05 0.00462545)
(0.00773196 -0.0028622 0.00350925 -0.0028622 0.00934228 -0.00196792 0.00350925 -0.00196792 0.00492216)
(0.00303444 -0.000107441 0.000813268 -0.000107441 0.00434197 -0.00105965 0.000813268 -0.00105965 0.00347336)
(0.00241089 -0.00271185 0.00476189 -0.00271185 0.00949588 -0.0019927 0.00476189 -0.0019927 0.00593)
(0.00791493 -0.00459905 -0.000852371 -0.00459905 0.0101511 0.0013775 -0.000852371 0.0013775 0.0045003)
(0.00764058 -0.00538273 -0.004061 -0.00538273 0.011399 -0.0019214 -0.004061 -0.0019214 0.00887184)
(0.00861666 -0.00294275 0.00145946 -0.00294275 0.00899258 -0.000618 0.00145946 -0.000618 0.00675271)
(0.0186606 -0.00460732 0.0014929 -0.00460732 0.00933532 0.000244597 0.0014929 0.000244597 0.00740026)
(0.0177258 -0.00189193 0.00334005 -0.00189193 0.00971726 -0.000943042 0.00334005 -0.000943042 0.0041947)
(0.0143324 -0.00156834 0.00399747 -0.00156834 0.00890509 -0.000144796 0.00399747 -0.000144796 0.00553396)
(0.0117251 0.00332742 0.0034648 0.00332742 0.00696211 -0.000441978 0.0034648 -0.000441978 0.00566152)
(0.00967152 0.00283256 0.00294349 0.00283256 0.006765 -0.000448543 0.00294349 -0.000448543 0.00523315)
(0.0101623 -0.00374636 0.000984857 -0.00374636 0.00855753 -0.000359415 0.000984857 -0.000359415 0.00655843)
(0.010035 -0.00349452 0.00416442 -0.00349452 0.00525805 -0.00364695 0.00416442 -0.00364695 0.00956136)
(0.00820047 -0.00323503 -0.000863447 -0.00323503 0.00747068 -0.00310409 -0.000863447 -0.00310409 0.00485007)
(0.0138228 -9.91486e-06 -0.000509948 -9.91486e-06 0.00714538 -0.00313684 -0.000509948 -0.00313684 0.00615634)
(0.00685259 -0.00366374 0.00396717 -0.00366374 0.00991925 -0.00242839 0.00396717 -0.00242839 0.00660588)
(0.0113425 -0.00141708 -0.000921893 -0.00141708 0.00406085 -0.000367278 -0.000921893 -0.000367278 0.00463664)
(0.01577 0.00323298 0.0055256 0.00323298 0.00643194 0.00132502 0.0055256 0.00132502 0.00438912)
(0.010126 -0.00328177 0.00358476 -0.00328177 0.00948052 -0.00267626 0.00358476 -0.00267626 0.00482366)
(0.00824235 -0.00145228 0.00396445 -0.00145228 0.00961292 -0.00287418 0.00396445 -0.00287418 0.004608)
(0.00600555 -0.00205482 0.000389913 -0.00205482 0.00469809 -0.00172802 0.000389913 -0.00172802 0.0100008)
(0.00234575 0.000143983 -0.000248293 0.000143983 0.0023051 -0.000942279 -0.000248293 -0.000942279 0.00350229)
(0.00527069 -0.00171405 0.00109219 -0.00171405 0.00778499 -0.00208162 0.00109219 -0.00208162 0.00776656)
(0.0152108 -0.00273156 0.00145418 -0.00273156 0.00593764 -0.00384252 0.00145418 -0.00384252 0.00630307)
(0.0120544 -0.00300071 -0.00039814 -0.00300071 0.00833272 -0.00182525 -0.00039814 -0.00182525 0.00437415)
(0.0134551 -0.000402941 -0.000479457 -0.000402941 0.00721337 -0.00157733 -0.000479457 -0.00157733 0.00279737)
(0.0094611 7.40951e-05 0.000352174 7.40951e-05 0.00281693 -0.00192949 0.000352174 -0.00192949 0.00567623)
(0.0172627 -0.0043795 -0.00211482 -0.0043795 0.00588633 -0.0029834 -0.00211482 -0.0029834 0.00732424)
(0.00881428 -0.00162345 0.00274208 -0.00162345 0.00915637 -0.00189665 0.00274208 -0.00189665 0.00736357)
(0.00883327 0.000733575 0.000786923 0.000733575 0.00693269 0.00184781 0.000786923 0.00184781 0.00457715)
(0.00440285 -0.00113791 0.000121354 -0.00113791 0.00668894 0.000311749 0.000121354 0.000311749 0.00172483)
(0.00752619 -0.00425031 -0.000445307 -0.00425031 0.00829075 -0.00307906 -0.000445307 -0.00307906 0.00485664)
(0.011283 -0.00381401 0.00125343 -0.00381401 0.00840064 -0.0034095 0.00125343 -0.0034095 0.00417326)
(0.0124888 -0.00118367 0.00164129 -0.00118367 0.00819854 -0.000185535 0.00164129 -0.000185535 0.00539545)
(0.0114005 -0.00250291 0.00356395 -0.00250291 0.00900093 -0.00145368 0.00356395 -0.00145368 0.00538724)
(0.00797979 -0.00244949 -3.3875e-05 -0.00244949 0.00615816 -0.00362675 -3.3875e-05 -0.00362675 0.00477969)
(0.00873617 -0.000353971 0.0026436 -0.000353971 0.00359933 -0.000433083 0.0026436 -0.000433083 0.0124357)
(0.0151263 -0.00505084 -0.00130353 -0.00505084 0.00956821 -0.00269571 -0.00130353 -0.00269571 0.00606051)
(0.0173916 0.000711256 0.000686785 0.000711256 0.00615226 0.00299813 0.000686785 0.00299813 0.00915503)
(0.012937 -0.00114539 -0.00173861 -0.00114539 0.00436676 0.00210999 -0.00173861 0.00210999 0.00415995)
(0.0184144 -0.0012919 0.00509909 -0.0012919 0.00877099 -0.00194822 0.00509909 -0.00194822 0.0112254)
(0.00932064 -0.00312058 -0.0010582 -0.00312058 0.00932579 -0.00298065 -0.0010582 -0.00298065 0.00624031)
(0.00466587 -0.00193536 0.00476045 -0.00193536 0.00932795 -0.00202457 0.00476045 -0.00202457 0.00550919)
(0.0105004 -0.00130643 0.00174039 -0.00130643 0.00856508 -0.0019021 0.00174039 -0.0019021 0.00839755)
(0.00833312 -0.00438316 -0.000751379 -0.00438316 0.0119093 -0.00245591 -0.000751379 -0.00245591 0.00700321)
(0.00773357 -0.00119523 0.00224335 -0.00119523 0.00787527 -0.00386106 0.00224335 -0.00386106 0.00749617)
(0.020286 -0.00213946 0.000970531 -0.00213946 0.0079051 0.000877623 0.000970531 0.000877623 0.00705559)
(0.0245149 -0.00180407 0.00233969 -0.00180407 0.00889648 -9.65931e-05 0.00233969 -9.65931e-05 0.00663725)
(0.0153172 -0.00196902 0.00367495 -0.00196902 0.00926431 -0.00156814 0.00367495 -0.00156814 0.00915866)
(0.0137482 -0.00107417 -0.00213931 -0.00107417 0.00828253 -0.003888 -0.00213931 -0.003888 0.0069799)
(0.00595278 -0.00140028 -2.02488e-05 -0.00140028 0.00766307 -0.00187365 -2.02488e-05 -0.00187365 0.0019577)
(0.0060548 -0.000126394 -0.000276586 -0.000126394 0.00603846 0.000755594 -0.000276586 0.000755594 0.00308316)
(0.00711902 -0.00279665 0.00293798 -0.00279665 0.0046686 -0.00356172 0.00293798 -0.00356172 0.00653413)
(0.0118549 -0.0016718 0.000196608 -0.0016718 0.00476034 -0.00269417 0.000196608 -0.00269417 0.0109676)
(0.0162087 -0.00224591 -0.00111173 -0.00224591 0.00694401 -0.00494132 -0.00111173 -0.00494132 0.00744109)
(0.0143814 -0.00382888 0.00288462 -0.00382888 0.00964803 -0.0026144 0.00288462 -0.0026144 0.00834889)
(0.010853 -0.000567689 -0.0019311 -0.000567689 0.00729217 -0.00352798 -0.0019311 -0.00352798 0.00560569)
(0.0101478 -0.00211791 0.00289429 -0.00211791 0.0102632 -0.000786971 0.00289429 -0.000786971 0.00693274)
(0.0116296 0.000331813 0.00383267 0.000331813 0.0072542 -0.00132724 0.00383267 -0.00132724 0.00889633)
(0.0160718 -0.000846521 0.00231972 -0.000846521 0.00801949 -0.00307838 0.00231972 -0.00307838 0.00680127)
(0.00183635 -0.00140506 -1.87606e-05 -0.00140506 0.00292172 2.74219e-05 -1.87606e-05 2.74219e-05 0.00641957)
(0.00227794 0.000519228 -0.000155032 0.000519228 0.00495289 -0.00120861 -0.000155032 -0.00120861 0.00202525)
(0.00637342 0.000392681 0.000961293 0.000392681 0.00717907 -0.0017521 0.000961293 -0.0017521 0.00469259)
(0.00695768 -0.0025204 0.00104204 -0.0025204 0.00408372 -0.00308708 0.00104204 -0.00308708 0.00765189)
(0.010791 -0.00241729 0.000642365 -0.00241729 0.00835478 -0.0018923 0.000642365 -0.0018923 0.00510064)
(0.00689113 0.00099742 0.000715328 0.00099742 0.00547576 0.00126911 0.000715328 0.00126911 0.00227216)
(0.0093485 -0.00257245 -0.000481246 -0.00257245 0.0081028 -0.00230278 -0.000481246 -0.00230278 0.00664339)
(0.0156469 -0.00227618 -0.00130783 -0.00227618 0.00505298 -0.00327794 -0.00130783 -0.00327794 0.00955766)
(0.00620999 -0.001588 0.00442596 -0.001588 0.00945982 -0.00155304 0.00442596 -0.00155304 0.00485971)
(0.00732001 -0.00101881 0.00215952 -0.00101881 0.00966078 0.000707514 0.00215952 0.000707514 0.00705412)
(0.00634508 -0.00553425 -0.00299943 -0.00553425 0.0112375 -0.000803853 -0.00299943 -0.000803853 0.00837312)
(0.00830451 0.00114587 0.000900192 0.00114587 0.00674945 -0.00133037 0.000900192 -0.00133037 0.00420915)
(0.0100936 -0.00167572 0.00119851 -0.00167572 0.00762522 -0.00120965 0.00119851 -0.00120965 0.00686528)
(0.0135515 -0.00324965 0.0037332 -0.00324965 0.00972079 -0.00223071 0.0037332 -0.00223071 0.00575893)
(0.0145304 -0.0017963 0.00275213 -0.0017963 0.00898414 -0.000996046 0.00275213 -0.000996046 0.00384071)
(0.0100807 -0.00666893 -0.000400598 -0.00666893 0.0097577 -0.00379771 -0.000400598 -0.00379771 0.00531805)
(0.0127273 -0.000328615 0.00237946 -0.000328615 0.00498885 -0.00166982 0.00237946 -0.00166982 0.0111847)
(0.0102848 -0.00391973 0.0017679 -0.00391973 0.00930055 -0.00240423 0.0017679 -0.00240423 0.00653319)
(0.0169622 0.000101849 0.00224921 0.000101849 0.00733736 0.00111172 0.00224921 0.00111172 0.00881398)
(0.0146665 -0.000692734 -0.0020929 -0.000692734 0.00620035 0.00326623 -0.0020929 0.00326623 0.00688758)
(0.0114388 -0.00383766 0.00110433 -0.00383766 0.00924047 -0.00153358 0.00110433 -0.00153358 0.00501452)
(0.0101139 -0.00197405 0.00337822 -0.00197405 0.0090142 -0.00152347 0.00337822 -0.00152347 0.00675649)
(0.00883691 -0.00379585 0.000227876 -0.00379585 0.0111082 -0.000345688 0.000227876 -0.000345688 0.00536443)
(0.00583789 -0.0013368 -0.000207933 -0.0013368 0.00729007 -0.00168068 -0.000207933 -0.00168068 0.00346605)
(0.0088226 0.000905816 0.00249893 0.000905816 0.00226817 -5.61373e-05 0.00249893 -5.61373e-05 0.00337893)
(0.0100206 0.000871627 0.00204667 0.000871627 0.00507166 0.000848783 0.00204667 0.000848783 0.0085755)
(0.012445 -0.00201374 0.000676533 -0.00201374 0.00786544 0.00112932 0.000676533 0.00112932 0.00468251)
(0.0226831 -0.00451644 -0.00274949 -0.00451644 0.00824143 0.00299696 -0.00274949 0.00299696 0.00802485)
(0.0223986 -0.000285344 0.00395824 -0.000285344 0.00850128 -0.000374627 0.00395824 -0.000374627 0.00558443)
(0.00350546 0.000132295 -0.00100275 0.000132295 0.00517078 0.00163089 -0.00100275 0.00163089 0.00659869)
(0.00284111 -0.00303467 0.000591198 -0.00303467 0.00917852 -0.00262977 0.000591198 -0.00262977 0.00420678)
(0.00930838 0.000300117 0.000977429 0.000300117 0.00678646 -0.000320451 0.000977429 -0.000320451 0.0043504)
(0.0192713 -0.00250466 0.00327235 -0.00250466 0.00885097 -0.00296404 0.00327235 -0.00296404 0.0060815)
(0.0118886 -0.0031994 -0.00107889 -0.0031994 0.00535173 -0.00258863 -0.00107889 -0.00258863 0.00913951)
(0.0098251 -0.00241123 -0.000742218 -0.00241123 0.00566942 -0.00356071 -0.000742218 -0.00356071 0.00760461)
(0.00955767 -0.00494467 -0.000718107 -0.00494467 0.00776273 -0.00336356 -0.000718107 -0.00336356 0.00504432)
(0.00554373 -0.00165895 -0.000848902 -0.00165895 0.00578598 0.00104806 -0.000848902 0.00104806 0.00555686)
(0.0152042 -0.00151882 0.00254254 -0.00151882 0.0113045 -0.000541987 0.00254254 -0.000541987 0.00628339)
(0.000793291 -0.00120331 0.000814624 -0.00120331 0.00686977 -0.00208059 0.000814624 -0.00208059 0.00300626)
(0.00112826 -0.00196839 0.000607945 -0.00196839 0.00629431 -0.00267634 0.000607945 -0.00267634 0.00345842)
(0.00189187 0.000743769 -0.000675414 0.000743769 0.00489219 0.000620601 -0.000675414 0.000620601 0.0087115)
(0.0070608 0.00102098 0.00239515 0.00102098 0.00582826 0.00106883 0.00239515 0.00106883 0.00756697)
(0.0053765 -0.00311345 0.000275372 -0.00311345 0.00818847 -0.00265812 0.000275372 -0.00265812 0.00634548)
(0.0101583 -0.00344799 0.000254624 -0.00344799 0.00728071 -0.00286843 0.000254624 -0.00286843 0.0063233)
(0.0120401 -5.36405e-05 -0.0009927 -5.36405e-05 0.00785385 -0.00256001 -0.0009927 -0.00256001 0.00515708)
(0.0120215 -0.00168666 0.000687474 -0.00168666 0.00824993 -0.000569243 0.000687474 -0.000569243 0.00615782)
(0.0229498 0.00133602 0.00453341 0.00133602 0.00652938 -0.00182122 0.00453341 -0.00182122 0.00843606)
(0.00955253 -0.00201109 -0.00205478 -0.00201109 0.00720249 -0.00122123 -0.00205478 -0.00122123 0.0124189)
(0.0145963 -0.00093894 0.00421229 -0.00093894 0.00912735 -0.00104454 0.00421229 -0.00104454 0.0052353)
(0.00779203 0.000152237 -0.00157064 0.000152237 0.00579436 0.00291981 -0.00157064 0.00291981 0.00697623)
(0.00502448 -2.11e-05 0.000884879 -2.11e-05 0.00823632 0.000210943 0.000884879 0.000210943 0.00448456)
(0.00616608 -0.00186099 0.00189536 -0.00186099 0.0078586 -0.00194473 0.00189536 -0.00194473 0.00692685)
(0.0129462 0.000524784 -0.000690887 0.000524784 0.00726231 -0.00214994 -0.000690887 -0.00214994 0.00461931)
(0.011827 -0.00342858 0.00333071 -0.00342858 0.00912294 -0.00218643 0.00333071 -0.00218643 0.00687952)
(0.00812103 -0.000498944 0.00200551 -0.000498944 0.00713536 0.000158636 0.00200551 0.000158636 0.0050841)
(0.0113161 -0.00241447 0.00256693 -0.00241447 0.00509504 -0.00332714 0.00256693 -0.00332714 0.00637754)
(0.00641175 0.000723005 0.00253471 0.000723005 0.0054608 -0.000108704 0.00253471 -0.000108704 0.0103048)
(0.0121633 0.000630789 0.00189808 0.000630789 0.00794346 -0.000823744 0.00189808 -0.000823744 0.00680898)
(0.0172175 -0.000690291 -0.000136755 -0.000690291 0.00679359 0.00245549 -0.000136755 0.00245549 0.00882504)
(0.0180668 -0.00209509 -0.00253052 -0.00209509 0.00593634 0.00315545 -0.00253052 0.00315545 0.00621085)
(0.0154075 -0.00401962 0.00267796 -0.00401962 0.0099783 -0.00205496 0.00267796 -0.00205496 0.00773278)
(0.0130182 -0.00327707 0.0029749 -0.00327707 0.00988228 -0.00138743 0.0029749 -0.00138743 0.00798618)
(0.0129949 -0.00444365 -0.00383993 -0.00444365 0.0114431 -0.00270666 -0.00383993 -0.00270666 0.00923453)
(0.00804335 0.000436496 0.000846067 0.000436496 0.00747928 4.64031e-05 0.000846067 4.64031e-05 0.00415992)
(0.00950761 -0.000901776 0.00291192 -0.000901776 0.00579918 -0.00210592 0.00291192 -0.00210592 0.00302653)
(0.00596081 -0.00219706 0.000690563 -0.00219706 0.00715295 -0.00409441 0.000690563 -0.00409441 0.00536733)
(0.0106074 -6.3234e-05 0.00189222 -6.3234e-05 0.00754281 -0.000645243 0.00189222 -0.000645243 0.00725507)
(0.0176661 -0.00195099 -0.00216429 -0.00195099 0.00659928 0.00381315 -0.00216429 0.00381315 0.00899436)
(0.0185969 -0.00353506 -0.00151858 -0.00353506 0.00797977 0.00260119 -0.00151858 0.00260119 0.00724303)
(0.0041462 -0.00367157 0.000169251 -0.00367157 0.00823789 -0.000421209 0.000169251 -0.000421209 0.00331535)
(0.0040113 -0.00111849 0.00150592 -0.00111849 0.0034795 -0.0021349 0.00150592 -0.0021349 0.00312446)
(0.00337465 -0.000422614 -0.000661263 -0.000422614 0.00524776 0.00209729 -0.000661263 0.00209729 0.00308034)
(0.0217479 -0.00185025 0.00427094 -0.00185025 0.00827587 -0.0013808 0.00427094 -0.0013808 0.0067784)
(0.00788919 -0.00331821 -0.00165319 -0.00331821 0.0067992 -0.00312399 -0.00165319 -0.00312399 0.00644551)
(0.0102059 -0.00136275 8.19135e-05 -0.00136275 0.0038279 -0.00313817 8.19135e-05 -0.00313817 0.0100454)
(0.0149579 -0.00204828 0.000840222 -0.00204828 0.00442698 -0.0031038 0.000840222 -0.0031038 0.00792951)
(0.0113756 0.000834904 0.00195675 0.000834904 0.00673467 -0.00105881 0.00195675 -0.00105881 0.00219271)
(0.0148835 0.00168903 0.0034965 0.00168903 0.0056453 0.00105823 0.0034965 0.00105823 0.00436231)
(0.0023373 0.00056101 -5.53019e-05 0.00056101 0.00432993 -0.000732024 -5.53019e-05 -0.000732024 0.00153976)
(0.0107801 -0.00206943 0.00142832 -0.00206943 0.00780922 -0.00304885 0.00142832 -0.00304885 0.00614418)
(0.00220633 -0.0003876 0.000211257 -0.0003876 0.0026395 -0.00136885 0.000211257 -0.00136885 0.00785829)
(0.00194823 -0.000655082 0.0011315 -0.000655082 0.00673102 -0.000932462 0.0011315 -0.000932462 0.00495441)
(0.0111698 0.00184408 0.00301863 0.00184408 0.00634491 -0.00154239 0.00301863 -0.00154239 0.00524847)
(0.00826286 -0.00471223 0.000857644 -0.00471223 0.00819009 -0.00385547 0.000857644 -0.00385547 0.00504383)
(0.0103452 -0.000344734 -0.000602222 -0.000344734 0.00774811 -0.00301769 -0.000602222 -0.00301769 0.00521244)
(0.0112411 -0.00308985 0.000958716 -0.00308985 0.00825351 -0.00033773 0.000958716 -0.00033773 0.00573991)
(0.00551297 -0.00137691 0.00165408 -0.00137691 0.00332894 -0.000636032 0.00165408 -0.000636032 0.00516338)
(0.0107193 -0.00190938 -0.00190293 -0.00190938 0.00722535 -0.00130281 -0.00190293 -0.00130281 0.0114861)
(0.0127339 -0.0008946 0.00255212 -0.0008946 0.00856967 -0.000245303 0.00255212 -0.000245303 0.00583457)
(0.0117448 0.00170084 0.00234145 0.00170084 0.00539639 0.00230949 0.00234145 0.00230949 0.00726726)
(0.00921769 -0.000475071 0.00336502 -0.000475071 0.0076916 -0.000665517 0.00336502 -0.000665517 0.00584903)
(0.00536958 -0.00159624 0.00272233 -0.00159624 0.00763624 -0.00136888 0.00272233 -0.00136888 0.00629679)
(0.0100589 -0.00301632 0.00259193 -0.00301632 0.00834786 -0.00217948 0.00259193 -0.00217948 0.00652696)
(0.00738469 -0.000904709 0.00249846 -0.000904709 0.00742683 -0.000867145 0.00249846 -0.000867145 0.00596481)
(0.0055598 0.00091028 0.00132873 0.00091028 0.00677074 -0.00140872 0.00132873 -0.00140872 0.00454201)
(0.00773764 -0.0025561 0.00307247 -0.0025561 0.00491762 -0.00303931 0.00307247 -0.00303931 0.00885686)
(0.0174016 -0.00397397 0.00131426 -0.00397397 0.00596763 -0.00304403 0.00131426 -0.00304403 0.00703744)
(0.00721837 0.00202627 0.00192662 0.00202627 0.00631272 0.000613004 0.00192662 0.000613004 0.00279939)
(0.0157398 -0.00269593 -0.00603967 -0.00269593 0.00600396 0.0049284 -0.00603967 0.0049284 0.009633)
(0.0195357 -0.000820788 -0.00149542 -0.000820788 0.00654711 0.00300561 -0.00149542 0.00300561 0.00852794)
(0.0154115 -0.00393342 0.00313436 -0.00393342 0.0100167 -0.00222712 0.00313436 -0.00222712 0.00721679)
(0.0226474 -0.00380064 0.00347458 -0.00380064 0.00938789 -0.00156685 0.00347458 -0.00156685 0.00794831)
(0.00733351 0.000445996 0.0013152 0.000445996 0.00294673 -0.000640056 0.0013152 -0.000640056 0.00285969)
(0.00981486 -0.00202904 0.00282046 -0.00202904 0.00924564 -0.00213991 0.00282046 -0.00213991 0.00562265)
(0.0107249 -0.00276688 0.00169692 -0.00276688 0.00942682 -0.00205576 0.00169692 -0.00205576 0.00667829)
(0.00592411 -0.00241611 0.00189789 -0.00241611 0.00926683 -0.00317157 0.00189789 -0.00317157 0.00424608)
(0.00961151 0.00268585 0.00318747 0.00268585 0.00625026 -8.36616e-05 0.00318747 -8.36616e-05 0.005624)
(0.0153306 9.66433e-06 -0.000607395 9.66433e-06 0.00549017 0.00371198 -0.000607395 0.00371198 0.00907637)
(0.0145286 -0.00131835 -0.00252066 -0.00131835 0.00573779 0.000555482 -0.00252066 0.000555482 0.0087443)
(0.00473709 -6.62105e-05 0.000381116 -6.62105e-05 0.00202039 -0.00060233 0.000381116 -0.00060233 0.0018152)
(0.00371569 -0.000826709 2.57231e-05 -0.000826709 0.00425103 0.00166639 2.57231e-05 0.00166639 0.00524798)
(0.00512114 -0.00248939 -0.00124159 -0.00248939 0.0104924 -0.00191333 -0.00124159 -0.00191333 0.00551493)
(0.00481407 -0.000981413 -0.000258248 -0.000981413 0.00628617 -0.000349162 -0.000258248 -0.000349162 0.00211957)
(0.00408749 -0.000472568 -0.000691138 -0.000472568 0.00250236 -0.00199562 -0.000691138 -0.00199562 0.00868689)
(0.00864802 -0.00119069 0.00149379 -0.00119069 0.00224799 -0.00202526 0.00149379 -0.00202526 0.00971609)
(0.018466 -0.00537955 -0.000913239 -0.00537955 0.00954022 -0.00276801 -0.000913239 -0.00276801 0.00641497)
(0.0104566 -0.00314279 0.00283242 -0.00314279 0.00962631 -0.00221282 0.00283242 -0.00221282 0.00678643)
(0.0170458 0.00020944 0.00278856 0.00020944 0.00820827 0.000790837 0.00278856 0.000790837 0.00568412)
(0.00256433 -0.000782501 8.14227e-05 -0.000782501 0.00187571 -0.000372177 8.14227e-05 -0.000372177 0.0011185)
(0.0011689 -0.00145799 0.000932265 -0.00145799 0.0042282 -0.00255701 0.000932265 -0.00255701 0.00379092)
(0.00499456 -0.00155757 0.00126857 -0.00155757 0.00195183 -0.00178391 0.00126857 -0.00178391 0.0103299)
(0.00155951 -0.000237621 8.81962e-05 -0.000237621 0.00560258 -0.00168586 8.81962e-05 -0.00168586 0.00291047)
(0.00138618 -0.00105451 7.67997e-05 -0.00105451 0.00354657 -0.00198189 7.67997e-05 -0.00198189 0.00380704)
(0.00514052 -0.00352047 0.00142825 -0.00352047 0.00757475 -0.00351724 0.00142825 -0.00351724 0.00404521)
(0.00416692 -0.00199134 0.000237916 -0.00199134 0.00711613 -0.0021717 0.000237916 -0.0021717 0.0043574)
(0.00551401 -0.000812214 -0.000442005 -0.000812214 0.00559299 0.00102618 -0.000442005 0.00102618 0.00208023)
(0.00926729 0.000234708 0.00128617 0.000234708 0.00641988 0.00115745 0.00128617 0.00115745 0.00475282)
(0.0107576 -0.00137116 -0.00151352 -0.00137116 0.00617833 -0.00138321 -0.00151352 -0.00138321 0.0101541)
(0.0131216 0.00163976 0.00346406 0.00163976 0.00745191 0.000239528 0.00346406 0.000239528 0.00608009)
(0.0084144 0.00117746 0.000989459 0.00117746 0.0066933 -0.000232159 0.000989459 -0.000232159 0.00462262)
(0.0014376 6.48722e-05 0.000363328 6.48722e-05 0.0015606 0.000229371 0.000363328 0.000229371 0.00206399)
(0.00372489 0.00131332 0.00107192 0.00131332 0.0056368 0.00077471 0.00107192 0.00077471 0.00446168)
(0.0122765 -0.00431643 0.00291433 -0.00431643 0.00911212 -0.00248378 0.00291433 -0.00248378 0.00672062)
(0.00874332 -0.00364207 0.00306482 -0.00364207 0.00890205 -0.00240659 0.00306482 -0.00240659 0.00736268)
(0.00500466 -0.00117148 0.000937978 -0.00117148 0.00766288 -0.00245315 0.000937978 -0.00245315 0.00665016)
