/*--------------------------------*- C++ -*----------------------------------*\
  =========                 |
  \\      /  F ield         | OpenFOAM: The Open Source CFD Toolbox
   \\    /   O peration     | Website:  https://openfoam.org
    \\  /    A nd           | Version:  10
     \\/     M anipulation  |
\*---------------------------------------------------------------------------*/
FoamFile
{
    format      ascii;
    class       volTensorField;
    location    "3";
    object      TauNN;
}
// * * * * * * * * * * * * * * * * * * * * * * * * * * * * * * * * * * * * * //

dimensions      [0 2 -2 0 0 0 0];

internalField   nonuniform List<tensor> 
25600
(
(-0.00079177 -0.00338482 0.00544566 -0.00338482 0.00937946 -0.00147562 0.00544566 -0.00147562 0.00928375)
(-0.000807785 -0.00236931 0.00504955 -0.00236931 0.00868418 -0.00218455 0.00504955 -0.00218455 0.0075318)
(-0.000926071 -0.00244026 0.00502227 -0.00244026 0.00865042 -0.00220911 0.00502227 -0.00220911 0.00749897)
(-0.00147163 -0.00273586 0.00521366 -0.00273586 0.00902778 -0.00135879 0.00521366 -0.00135879 0.00859766)
(-0.00157675 -0.00247922 0.0049744 -0.00247922 0.00893104 -0.00105795 0.0049744 -0.00105795 0.00861807)
(-0.00126972 -0.00228626 0.00502139 -0.00228626 0.00880458 -0.00156392 0.00502139 -0.00156392 0.00809213)
(-0.0013446 -0.00236298 0.00503593 -0.00236298 0.00894753 -0.00190832 0.00503593 -0.00190832 0.00798637)
(-0.000504053 -0.00226371 0.0049095 -0.00226371 0.00885208 -0.00230739 0.0049095 -0.00230739 0.00736083)
(0.000436269 -0.00274078 0.00512623 -0.00274078 0.00917297 -0.00238606 0.00512623 -0.00238606 0.00798228)
(0.00176494 -0.00293724 0.0053047 -0.00293724 0.00934369 -0.00247002 0.0053047 -0.00247002 0.00832466)
(0.00147661 -0.00276084 0.00498492 -0.00276084 0.00899383 -0.00272257 0.00498492 -0.00272257 0.00731329)
(0.00138296 -0.00250913 0.00455533 -0.00250913 0.00841104 -0.0028343 0.00455533 -0.0028343 0.00627085)
(0.00178466 -0.00245169 0.00432126 -0.00245169 0.00786519 -0.00289886 0.00432126 -0.00289886 0.00581953)
(0.003171 -0.00251438 0.00380304 -0.00251438 0.00717541 -0.00298016 0.00380304 -0.00298016 0.0054634)
(0.000837872 -0.002544 0.00433217 -0.002544 0.00806459 -0.00281726 0.00433217 -0.00281726 0.00632003)
(0.000735215 -0.00232418 0.00428613 -0.00232418 0.00793043 -0.00277962 0.00428613 -0.00277962 0.00607548)
(0.00291121 -0.00201875 0.00357841 -0.00201875 0.00694118 -0.0028176 0.00357841 -0.0028176 0.00517911)
(0.00482567 -0.00266719 0.00310084 -0.00266719 0.0061815 -0.00310749 0.00310084 -0.00310749 0.0052271)
(0.00339703 -0.00245147 0.00348844 -0.00245147 0.00693942 -0.00301693 0.00348844 -0.00301693 0.00516029)
(0.000744968 -0.00249285 0.00444247 -0.00249285 0.00823741 -0.00283261 0.00444247 -0.00283261 0.00624533)
(0.000675841 -0.00239254 0.00455588 -0.00239254 0.00826419 -0.00275607 0.00455588 -0.00275607 0.00632753)
(0.00299111 -0.0024095 0.00377333 -0.0024095 0.00724522 -0.00296935 0.00377333 -0.00296935 0.00536228)
(0.0033547 -0.00271922 0.00330372 -0.00271922 0.00686252 -0.00312657 0.00330372 -0.00312657 0.00512571)
(-0.000425721 -0.00195747 0.00473585 -0.00195747 0.00838424 -0.00233017 0.00473585 -0.00233017 0.00669144)
(-0.000768034 -0.00310279 0.0053244 -0.00310279 0.00932711 -0.00160765 0.0053244 -0.00160765 0.00898529)
(-0.000605803 -0.00353955 0.00575927 -0.00353955 0.00963489 -0.00159144 0.00575927 -0.00159144 0.00928203)
(-0.00127259 -0.0034218 0.00579602 -0.0034218 0.00954785 -0.00153545 0.00579602 -0.00153545 0.00895271)
(-0.00113634 -0.0030556 0.0054242 -0.0030556 0.00907381 -0.00178269 0.0054242 -0.00178269 0.00824254)
(-0.00125116 -0.00275189 0.00532151 -0.00275189 0.0090405 -0.00160032 0.00532151 -0.00160032 0.00811761)
(-0.00167154 -0.0030172 0.00560343 -0.0030172 0.00934354 -0.00156054 0.00560343 -0.00156054 0.00836058)
(-0.00149775 -0.00257161 0.00516731 -0.00257161 0.0089744 -0.00175126 0.00516731 -0.00175126 0.00814789)
(-0.000737928 -0.00265987 0.00511992 -0.00265987 0.00917907 -0.00195239 0.00511992 -0.00195239 0.0083448)
(0.000766431 -0.00352239 0.00568694 -0.00352239 0.00976336 -0.00170601 0.00568694 -0.00170601 0.00968276)
(0.0014403 -0.00342284 0.00562171 -0.00342284 0.00961557 -0.00196446 0.00562171 -0.00196446 0.00941378)
(0.00139129 -0.0025667 0.00479907 -0.0025667 0.00839005 -0.00279423 0.00479907 -0.00279423 0.00653676)
(0.00229623 -0.00216435 0.00454729 -0.00216435 0.00760324 -0.00267803 0.00454729 -0.00267803 0.00595495)
(-0.000375773 -0.00208659 0.00481076 -0.00208659 0.00835192 -0.00208521 0.00481076 -0.00208521 0.00725964)
(-0.000770247 -0.00237123 0.00496696 -0.00237123 0.00865299 -0.00179838 0.00496696 -0.00179838 0.00789576)
(-0.00122031 -0.00164773 0.00486415 -0.00164773 0.00931538 -0.0012541 0.00486415 -0.0012541 0.00678463)
(-0.00170952 -0.0025869 0.00563581 -0.0025869 0.00988708 -0.00170565 0.00563581 -0.00170565 0.00833094)
(0.000625079 -0.00175271 0.00419916 -0.00175271 0.00956257 -0.00114214 0.00419916 -0.00114214 0.00828454)
(-0.000765112 -0.00171086 0.00543914 -0.00171086 0.00907043 -0.00196611 0.00543914 -0.00196611 0.00729838)
(-0.000112884 -0.000437305 0.00660001 -0.000437305 0.00845868 -0.00250183 0.00660001 -0.00250183 0.00805648)
(-0.00110303 -0.000807584 0.00478776 -0.000807584 0.00911782 -0.00169906 0.00478776 -0.00169906 0.00707848)
(-0.000281799 -0.000306277 0.00392081 -0.000306277 0.00905587 -0.00137669 0.00392081 -0.00137669 0.00669955)
(0.00263758 0.000594939 0.00560655 0.000594939 0.00869859 -0.00188754 0.00560655 -0.00188754 0.00751072)
(0.000437116 -0.000983393 0.00483275 -0.000983393 0.0094061 -0.00180695 0.00483275 -0.00180695 0.00723966)
(0.00054871 -0.00196543 0.00488661 -0.00196543 0.00956191 -0.00158868 0.00488661 -0.00158868 0.00795677)
(0.00190839 -0.0018314 0.00475071 -0.0018314 0.00948986 -0.00142405 0.00475071 -0.00142405 0.00785776)
(-0.000913193 -0.00256642 0.00601973 -0.00256642 0.00990941 -0.00234588 0.00601973 -0.00234588 0.00766055)
(-0.000255474 -0.00281229 0.00575813 -0.00281229 0.00991218 -0.00284207 0.00575813 -0.00284207 0.00766926)
(2.96895e-05 -0.00301614 0.00340809 -0.00301614 0.00934119 -0.00323816 0.00340809 -0.00323816 0.00651329)
(0.00500477 -0.00458176 0.00188775 -0.00458176 0.00854722 -0.0032668 0.00188775 -0.0032668 0.00573511)
(0.00356286 -0.00165012 0.00320123 -0.00165012 0.00597593 -0.00421561 0.00320123 -0.00421561 0.00605122)
(0.00342616 0.000555797 0.0043497 0.000555797 0.00431371 -0.00387643 0.0043497 -0.00387643 0.00613128)
(0.00250866 -0.000556195 0.00653351 -0.000556195 0.00773841 -0.00281806 0.00653351 -0.00281806 0.00822197)
(0.00663151 -0.0028087 0.00463373 -0.0028087 0.00933091 -0.00311862 0.00463373 -0.00311862 0.00951987)
(0.00917668 -0.00252228 0.00199191 -0.00252228 0.00914269 -0.00256799 0.00199191 -0.00256799 0.00967796)
(0.00830618 -0.00520755 -0.000485129 -0.00520755 0.00870895 -0.00322936 -0.000485129 -0.00322936 0.00538256)
(0.00201556 -0.00311887 0.00407679 -0.00311887 0.00878094 -0.00296886 0.00407679 -0.00296886 0.00701751)
(-3.94714e-05 -0.00254982 0.00513046 -0.00254982 0.00895869 -0.00279627 0.00513046 -0.00279627 0.00779192)
(0.00330849 -0.000777822 0.00378254 -0.000777822 0.00685453 -0.00389893 0.00378254 -0.00389893 0.00577794)
(0.0060493 -0.000788951 0.00216542 -0.000788951 0.00460686 -0.00463591 0.00216542 -0.00463591 0.00687973)
(0.00306715 -0.00228018 0.00497961 -0.00228018 0.00923047 -0.00266187 0.00497961 -0.00266187 0.008715)
(0.00414229 -0.00222995 0.00349955 -0.00222995 0.00932466 -0.00162522 0.00349955 -0.00162522 0.00874398)
(0.00216336 -0.00193524 0.00439268 -0.00193524 0.0091108 -0.00101094 0.00439268 -0.00101094 0.00835634)
(0.00288628 -0.0016053 0.00361077 -0.0016053 0.0092076 -0.000844092 0.00361077 -0.000844092 0.00845003)
(0.00187154 0.000236151 0.00438262 0.000236151 0.00824418 -0.00176722 0.00438262 -0.00176722 0.005453)
(0.00306635 0.00127258 0.00552565 0.00127258 0.00797098 -0.00169285 0.00552565 -0.00169285 0.00596621)
(0.00701168 -0.000419547 0.00651372 -0.000419547 0.00865546 -0.00212824 0.00651372 -0.00212824 0.00851184)
(0.00321197 -0.00313558 0.00252923 -0.00313558 0.00918658 -0.0026307 0.00252923 -0.0026307 0.0081398)
(0.00346943 -0.00293012 0.00261235 -0.00293012 0.00818362 -0.00248013 0.00261235 -0.00248013 0.00595483)
(0.00734119 -0.00152689 0.00448504 -0.00152689 0.00897395 -0.000882853 0.00448504 -0.000882853 0.00792458)
(0.00741315 -0.0034666 0.00514397 -0.0034666 0.0100193 -0.00209348 0.00514397 -0.00209348 0.00927741)
(0.00395444 -0.00449951 0.00323762 -0.00449951 0.00989142 -0.00295468 0.00323762 -0.00295468 0.00727018)
(0.00110725 -0.00224197 0.00583971 -0.00224197 0.00873032 -0.00298598 0.00583971 -0.00298598 0.0086022)
(0.000598395 -5.29429e-05 0.00687193 -5.29429e-05 0.00852108 -0.00257806 0.00687193 -0.00257806 0.00859767)
(-0.000593627 -0.000159717 0.00605745 -0.000159717 0.00857155 -0.00224618 0.00605745 -0.00224618 0.00772862)
(0.00501563 0.000838318 0.00488403 0.000838318 0.00856922 -0.00145039 0.00488403 -0.00145039 0.0060784)
(0.0041665 -0.000996375 0.00322147 -0.000996375 0.00930975 -0.000495858 0.00322147 -0.000495858 0.00695081)
(0.0119635 -0.00409106 0.0045836 -0.00409106 0.00949896 -0.000482555 0.0045836 -0.000482555 0.00942979)
(0.0146395 -0.00519395 0.00504377 -0.00519395 0.0102329 -0.00161987 0.00504377 -0.00161987 0.00947335)
(0.00625333 -0.0032088 0.00500747 -0.0032088 0.0100554 -0.000737658 0.00500747 -0.000737658 0.00805582)
(0.00412669 -0.00249973 0.00388011 -0.00249973 0.0101578 -0.000679333 0.00388011 -0.000679333 0.00773343)
(0.0139599 -0.00417768 0.0034251 -0.00417768 0.0100712 0.000333098 0.0034251 0.000333098 0.00862688)
(0.0157837 -0.00285838 0.00323669 -0.00285838 0.00960151 0.00106271 0.00323669 0.00106271 0.00697598)
(0.00979567 -0.00226553 0.00426964 -0.00226553 0.00999604 -0.000661964 0.00426964 -0.000661964 0.00620841)
(0.00951904 -0.00286334 0.0047604 -0.00286334 0.0103367 -0.00121043 0.0047604 -0.00121043 0.00658802)
(0.0131328 -0.00188254 0.00434193 -0.00188254 0.00883436 0.000306742 0.00434193 0.000306742 0.00684737)
(0.00713285 -0.00437905 0.00413834 -0.00437905 0.00993924 -0.00305278 0.00413834 -0.00305278 0.00524282)
(0.0136497 -0.00182909 0.00268531 -0.00182909 0.0086387 -0.00400185 0.00268531 -0.00400185 0.00668821)
(0.0198213 -0.00405817 9.67123e-05 -0.00405817 0.00817828 -0.00364763 9.67123e-05 -0.00364763 0.00846254)
(0.015358 -0.00452967 -0.0010516 -0.00452967 0.00594773 -0.00139207 -0.0010516 -0.00139207 0.0112797)
(0.00175039 -0.00236088 0.0036598 -0.00236088 0.00765947 -0.00391338 0.0036598 -0.00391338 0.00541142)
(0.0026437 -0.00147175 0.00439458 -0.00147175 0.00904186 -0.00251568 0.00439458 -0.00251568 0.00475291)
(0.00887021 -0.000928226 0.00349604 -0.000928226 0.00923921 -0.00130823 0.00349604 -0.00130823 0.00287853)
(0.00382121 -0.00149994 0.00401026 -0.00149994 0.00867713 -0.00110443 0.00401026 -0.00110443 0.00349652)
(0.00686517 0.00199245 0.00371282 0.00199245 0.00433217 -0.00109801 0.00371282 -0.00109801 0.00296753)
(-0.00123987 -0.00305106 0.00556292 -0.00305106 0.00942976 -0.00183967 0.00556292 -0.00183967 0.00770205)
(0.00189064 -0.00311062 0.00424197 -0.00311062 0.00897405 -0.00262664 0.00424197 -0.00262664 0.00640448)
(0.00438429 -0.00429915 0.00461008 -0.00429915 0.0102893 -0.00281055 0.00461008 -0.00281055 0.00624721)
(0.00380318 -0.00126112 0.00364454 -0.00126112 0.0083729 -0.00390631 0.00364454 -0.00390631 0.00573842)
(0.0035874 -0.000418175 0.00315709 -0.000418175 0.00641002 -0.00401155 0.00315709 -0.00401155 0.00560974)
(0.0100486 -0.00177796 0.00365839 -0.00177796 0.00935195 -0.000373719 0.00365839 -0.000373719 0.00379911)
(0.0128095 -3.62471e-06 0.00187032 -3.62471e-06 0.00612824 0.00301974 0.00187032 0.00301974 0.0070968)
(0.00966383 0.0012597 0.00459225 0.0012597 0.0068246 0.000207056 0.00459225 0.000207056 0.00701193)
(0.0156821 -0.00261619 0.00371656 -0.00261619 0.00888805 0.000511965 0.00371656 0.000511965 0.0100033)
(0.0178975 -0.00449676 0.00307613 -0.00449676 0.00959579 0.000216887 0.00307613 0.000216887 0.00964423)
(0.0171813 -0.00353967 0.0030991 -0.00353967 0.010196 -6.97924e-05 0.0030991 -6.97924e-05 0.00688102)
(0.0160005 -0.00128976 0.00106872 -0.00128976 0.00648279 0.00316924 0.00106872 0.00316924 0.00766736)
(0.00834628 0.00182994 0.00363611 0.00182994 0.00760623 -0.000831262 0.00363611 -0.000831262 0.00601405)
(0.0204898 -0.00543243 -0.00109414 -0.00543243 0.0104362 -0.00372621 -0.00109414 -0.00372621 0.0110634)
(0.0110057 -0.00517889 -0.0055221 -0.00517889 0.0119823 -0.00126027 -0.0055221 -0.00126027 0.0104993)
(0.00936107 0.00265997 0.00370121 0.00265997 0.0052055 0.00161588 0.00370121 0.00161588 0.00671274)
(0.00891907 -0.00771556 0.00284641 -0.00771556 0.0107949 -0.00427784 0.00284641 -0.00427784 0.00740913)
(0.0117693 -0.00544167 0.00356564 -0.00544167 0.0104598 -0.00255548 0.00356564 -0.00255548 0.00555475)
(0.0127142 -0.00334886 0.00389874 -0.00334886 0.0103169 -0.000277873 0.00389874 -0.000277873 0.00648928)
(0.00383967 -0.00272489 0.00443296 -0.00272489 0.0101948 -0.000947859 0.00443296 -0.000947859 0.0078718)
(0.00588696 -0.00247023 0.00307768 -0.00247023 0.00913173 0.00112797 0.00307768 0.00112797 0.00841384)
(0.00977252 0.00168537 0.00452713 0.00168537 0.00630871 0.00078309 0.00452713 0.00078309 0.00692101)
(0.0155423 6.48228e-05 0.00174908 6.48228e-05 0.00754845 -0.000554856 0.00174908 -0.000554856 0.00740845)
(0.0241468 -0.00455545 -0.000494574 -0.00455545 0.00903797 -0.000119584 -0.000494574 -0.000119584 0.0100525)
(0.0154982 -0.00241458 0.00369136 -0.00241458 0.00942435 -0.0015777 0.00369136 -0.0015777 0.00990797)
(0.0179634 -0.00328252 0.00313973 -0.00328252 0.00976109 -0.00162566 0.00313973 -0.00162566 0.00805313)
(0.0247474 -0.00407392 0.00182923 -0.00407392 0.00923937 -0.000968213 0.00182923 -0.000968213 0.0097913)
(0.0155024 -0.00155176 0.00443935 -0.00155176 0.00890876 -0.00103921 0.00443935 -0.00103921 0.0103109)
(0.00797078 -0.0024929 0.00443027 -0.0024929 0.00954076 -0.0020124 0.00443027 -0.0020124 0.00788415)
(0.00710886 -0.00277467 0.00491887 -0.00277467 0.00994758 -0.00219516 0.00491887 -0.00219516 0.00729527)
(0.0159633 -0.000645391 0.00361582 -0.000645391 0.00822571 -0.000313181 0.00361582 -0.000313181 0.00876426)
(0.0024581 -0.000556816 -0.000333287 -0.000556816 0.00613587 -0.00285531 -0.000333287 -0.00285531 0.00392771)
(0.0120682 -0.00182748 0.00393297 -0.00182748 0.00359382 -0.00276567 0.00393297 -0.00276567 0.00844565)
(0.0181621 -0.00314054 0.00236719 -0.00314054 0.00655163 -0.00244114 0.00236719 -0.00244114 0.00822095)
(0.0157398 -0.00137596 0.0006197 -0.00137596 0.00651469 -0.00208759 0.0006197 -0.00208759 0.0124972)
(0.00286862 -0.00260132 0.00514443 -0.00260132 0.00866846 -0.00274225 0.00514443 -0.00274225 0.00732737)
(0.00587993 -0.000512677 0.00595153 -0.000512677 0.00880859 -0.00201105 0.00595153 -0.00201105 0.0070394)
(0.0177472 -0.000324407 0.00528381 -0.000324407 0.00783231 -0.00109088 0.00528381 -0.00109088 0.0112768)
(0.0131552 -0.000443603 0.00167383 -0.000443603 0.00555755 -0.000586066 0.00167383 -0.000586066 0.0103432)
(0.0111565 0.00217244 0.00539088 0.00217244 0.00219949 -0.00170774 0.00539088 -0.00170774 0.00405357)
(0.00471966 0.000629117 0.00382816 0.000629117 0.00697374 -0.00210207 0.00382816 -0.00210207 0.00406136)
(0.00794793 -0.00487402 0.00139584 -0.00487402 0.00990238 -0.00293404 0.00139584 -0.00293404 0.00637996)
(0.0138664 -0.00419335 -0.00182655 -0.00419335 0.00934206 -0.0030475 -0.00182655 -0.0030475 0.00611112)
(0.0196786 -0.00231565 0.0025232 -0.00231565 0.00871655 -0.00294849 0.0025232 -0.00294849 0.00668839)
(0.00960466 -0.000156187 0.00509745 -0.000156187 0.00819377 -0.00271296 0.00509745 -0.00271296 0.00658733)
(0.0120665 -0.000546037 0.0052754 -0.000546037 0.00884224 -0.00148068 0.0052754 -0.00148068 0.00958714)
(0.0149309 -0.000792584 0.00192078 -0.000792584 0.00860345 0.000204436 0.00192078 0.000204436 0.00833691)
(0.0100799 0.000382663 0.00149944 0.000382663 0.00685722 0.00109075 0.00149944 0.00109075 0.00637084)
(0.0230346 -0.00370988 -0.00425045 -0.00370988 0.00679336 0.00147452 -0.00425045 0.00147452 0.00968823)
(0.0215145 -0.00296258 -0.00478546 -0.00296258 0.00653486 0.00484211 -0.00478546 0.00484211 0.0105124)
(0.0251192 -0.00200737 -0.00149865 -0.00200737 0.00789461 0.00310828 -0.00149865 0.00310828 0.00855782)
(0.0117346 -0.00133479 0.00190814 -0.00133479 0.00896058 -0.000731832 0.00190814 -0.000731832 0.00881897)
(0.0091945 -0.00226527 0.00262954 -0.00226527 0.00952877 -0.00243101 0.00262954 -0.00243101 0.00866284)
(0.00858018 -0.00267715 0.000426615 -0.00267715 0.0105133 -0.00210243 0.000426615 -0.00210243 0.0122449)
(0.0104291 -0.00489489 -0.00303838 -0.00489489 0.0117975 -0.00254211 -0.00303838 -0.00254211 0.00777625)
(0.00654945 -0.0013145 -0.000580296 -0.0013145 0.0066792 -0.00102117 -0.000580296 -0.00102117 0.00278857)
(0.0209807 -0.00481864 0.0005496 -0.00481864 0.00973348 -0.0027766 0.0005496 -0.0027766 0.00706109)
(0.0171293 -0.0034465 6.3492e-05 -0.0034465 0.00935665 -0.00180063 6.3492e-05 -0.00180063 0.00767985)
(0.0160369 -0.000525511 0.00473876 -0.000525511 0.00831381 -0.000214071 0.00473876 -0.000214071 0.0096349)
(0.00921863 -0.00293752 0.00367199 -0.00293752 0.00978669 -0.00155424 0.00367199 -0.00155424 0.00858195)
(0.00113359 -0.00205759 0.0048154 -0.00205759 0.00915908 -0.000941818 0.0048154 -0.000941818 0.00864918)
(0.0150338 -0.00102205 0.00126562 -0.00102205 0.00806764 0.000797004 0.00126562 0.000797004 0.00833412)
(0.0106549 0.00190114 0.0039715 0.00190114 0.00618063 0.000110666 0.0039715 0.000110666 0.00659497)
(0.0205619 -0.00357625 0.00163056 -0.00357625 0.00857317 0.00101981 0.00163056 0.00101981 0.00987525)
(0.00760693 -0.00272507 -0.00160204 -0.00272507 0.010759 -0.00136064 -0.00160204 -0.00136064 0.00571451)
(0.00878664 -0.00296916 -0.000136397 -0.00296916 0.00946677 0.00120777 -0.000136397 0.00120777 0.00901791)
(0.011957 0.0022513 0.00305337 0.0022513 0.00613866 0.000787526 0.00305337 0.000787526 0.00631177)
(0.0146838 -0.00197877 0.0037556 -0.00197877 0.00882528 0.000263703 0.0037556 0.000263703 0.00744637)
(0.00901629 -0.00354396 0.00469104 -0.00354396 0.0102339 -0.00220822 0.00469104 -0.00220822 0.00565651)
(0.00908498 -0.00531753 0.00475038 -0.00531753 0.0104024 -0.00303571 0.00475038 -0.00303571 0.00748624)
(0.00914408 0.000474248 0.00112664 0.000474248 0.00781964 -0.000235602 0.00112664 -0.000235602 0.00467692)
(0.00595098 -0.0055961 -0.00299011 -0.0055961 0.0109985 -0.00118807 -0.00299011 -0.00118807 0.00835184)
(0.0101026 -0.00234785 0.00199263 -0.00234785 0.00865586 -0.000584106 0.00199263 -0.000584106 0.00980581)
(0.0181195 -0.00346875 0.00266349 -0.00346875 0.00598738 -0.00281605 0.00266349 -0.00281605 0.00750649)
(0.0139907 -0.00459915 -0.000518292 -0.00459915 0.00605153 -0.00257792 -0.000518292 -0.00257792 0.00767658)
(0.0100153 -0.00403355 0.00224187 -0.00403355 0.00958134 -0.00236175 0.00224187 -0.00236175 0.0063213)
(0.0163468 -0.00369875 0.00353321 -0.00369875 0.00985842 -0.00203561 0.00353321 -0.00203561 0.00526086)
(0.0212808 -0.00282461 0.00183782 -0.00282461 0.00945141 0.000178784 0.00183782 0.000178784 0.00550218)
(0.0171737 0.00314066 0.0047599 0.00314066 0.00572417 -0.000548211 0.0047599 -0.000548211 0.00351016)
(0.0142941 0.00232256 0.00517315 0.00232256 0.0039708 -0.0010946 0.00517315 -0.0010946 0.00370301)
(0.0164323 0.000854072 0.00469505 0.000854072 0.00808636 -0.000711481 0.00469505 -0.000711481 0.0040343)
(0.0134428 -0.0040998 0.00181813 -0.0040998 0.00982797 -0.00485072 0.00181813 -0.00485072 0.0054384)
(0.00862271 -0.00161829 0.000296766 -0.00161829 0.00665255 -0.00322206 0.000296766 -0.00322206 0.00496688)
(0.00732061 -0.00335505 0.000271974 -0.00335505 0.00724677 -0.00324802 0.000271974 -0.00324802 0.00391506)
(0.0167418 0.00027601 0.00409373 0.00027601 0.00872219 -0.00147061 0.00409373 -0.00147061 0.00424685)
(0.0135504 -0.00032324 0.00215008 -0.00032324 0.00818672 0.001459 0.00215008 0.001459 0.0039978)
(0.0195278 -0.00217916 0.000198089 -0.00217916 0.00919195 0.00162326 0.000198089 0.00162326 0.00424775)
(0.00919263 -0.00302328 0.000337999 -0.00302328 0.0100007 -0.000226098 0.000337999 -0.000226098 0.00921948)
(0.0148098 -4.29312e-05 -0.0020889 -4.29312e-05 0.00594516 0.00370711 -0.0020889 0.00370711 0.0102071)
(0.0206193 -0.00198616 -0.000384617 -0.00198616 0.00728964 0.00319325 -0.000384617 0.00319325 0.00973037)
(0.0181276 0.00117423 0.000877583 0.00117423 0.00620681 0.00399797 0.000877583 0.00399797 0.010157)
(0.0187859 -0.00152498 0.00239758 -0.00152498 0.00957777 0.00020062 0.00239758 0.00020062 0.00337314)
(0.020016 0.00262469 0.00524422 0.00262469 0.00688834 -0.000656959 0.00524422 -0.000656959 0.00377708)
(0.0122003 -0.00599695 -0.00253939 -0.00599695 0.00765675 -0.00272141 -0.00253939 -0.00272141 0.00804884)
(0.0105708 -0.00506407 -0.000114867 -0.00506407 0.0116434 0.00079003 -0.000114867 0.00079003 0.00566294)
(0.00439719 -0.000826716 0.0013126 -0.000826716 0.00732035 -0.00111026 0.0013126 -0.00111026 0.00523439)
(0.0168291 -0.00452045 0.00391742 -0.00452045 0.00986341 -0.00271524 0.00391742 -0.00271524 0.00808859)
(0.0166744 -0.00210229 0.00376133 -0.00210229 0.00909891 -0.00196091 0.00376133 -0.00196091 0.00790494)
(0.0119783 0.00050153 0.00447311 0.00050153 0.00814576 -0.000356022 0.00447311 -0.000356022 0.00762263)
(0.0101466 0.00105859 0.00440256 0.00105859 0.0075641 -0.000429754 0.00440256 -0.000429754 0.0073636)
(0.00981074 -0.00119798 0.00487203 -0.00119798 0.00897365 -0.00119705 0.00487203 -0.00119705 0.00770595)
(0.0150234 -0.00339033 0.00289959 -0.00339033 0.00907158 0.000257667 0.00289959 0.000257667 0.0086476)
(0.00233369 -0.00173014 -0.00166888 -0.00173014 0.00481616 -0.00253075 -0.00166888 -0.00253075 0.00599115)
(0.0329898 -0.0039137 -0.00380855 -0.0039137 0.00680309 0.00459126 -0.00380855 0.00459126 0.00867265)
(0.0156399 -0.000554119 -0.000910738 -0.000554119 0.00650605 0.00342572 -0.000910738 0.00342572 0.00739618)
(0.00971922 -0.00290827 0.00121945 -0.00290827 0.0094187 0.00105129 0.00121945 0.00105129 0.00836781)
(0.00940444 0.0014822 -0.00024532 0.0014822 0.00667565 -0.00107231 -0.00024532 -0.00107231 0.00417292)
(0.0134414 -0.0015755 0.00334349 -0.0015755 0.00895302 -0.0011859 0.00334349 -0.0011859 0.00811265)
(0.00712977 -0.00459054 0.00277329 -0.00459054 0.00985459 -0.0028451 0.00277329 -0.0028451 0.00605112)
(0.00852651 -0.00523576 -0.00019469 -0.00523576 0.00905446 -0.00363571 -0.00019469 -0.00363571 0.0045391)
(0.0107788 -0.00209594 -0.000490416 -0.00209594 0.0068834 0.00173272 -0.000490416 0.00173272 0.00608987)
(0.0102639 -0.00495819 -0.00190411 -0.00495819 0.0115061 -0.000992988 -0.00190411 -0.000992988 0.00839568)
(0.00479136 -0.00165336 0.000504231 -0.00165336 0.00759994 0.000320138 0.000504231 0.000320138 0.00725578)
(0.0153372 -0.0050164 0.00127504 -0.0050164 0.00774121 -0.00314284 0.00127504 -0.00314284 0.00626461)
(0.0186186 -0.00470983 -0.000387064 -0.00470983 0.00863999 -0.00266616 -0.000387064 -0.00266616 0.00682121)
(0.00821299 -0.0019523 -0.00129277 -0.0019523 0.00602239 -0.00424927 -0.00129277 -0.00424927 0.00638408)
(0.00854909 -0.0014381 -0.000636648 -0.0014381 0.00580942 -8.98987e-05 -0.000636648 -8.98987e-05 0.00291182)
(0.0259816 -0.00237775 0.000264119 -0.00237775 0.00839858 0.00148166 0.000264119 0.00148166 0.00789645)
(0.0180602 0.00348866 0.0050254 0.00348866 0.00642252 -0.000271926 0.0050254 -0.000271926 0.00409569)
(0.012625 -0.00114555 0.00301254 -0.00114555 0.00807467 -0.00117207 0.00301254 -0.00117207 0.00846434)
(0.0120065 -0.00324718 0.00137093 -0.00324718 0.00915194 -0.00371057 0.00137093 -0.00371057 0.00517614)
(0.0237975 -0.000888527 0.00359972 -0.000888527 0.00780831 -0.0038668 0.00359972 -0.0038668 0.00668006)
(0.0118242 -0.00335433 0.000235779 -0.00335433 0.00718934 -0.0026698 0.000235779 -0.0026698 0.00731576)
(0.00826159 -0.00211109 -0.00057413 -0.00211109 0.00706279 -0.00235585 -0.00057413 -0.00235585 0.00389841)
(0.0168147 -0.000315486 0.00304283 -0.000315486 0.00765165 0.000533792 0.00304283 0.000533792 0.007385)
(0.0114992 0.00137667 0.00189215 0.00137667 0.00567912 0.00239066 0.00189215 0.00239066 0.0052924)
(0.0102667 0.000302016 0.000769095 0.000302016 0.00523291 0.00160719 0.000769095 0.00160719 0.00848792)
(0.0135465 -0.00046909 0.00250456 -0.00046909 0.0103243 -0.00401228 0.00250456 -0.00401228 0.00964283)
(0.00739484 -0.000631224 0.000156481 -0.000631224 0.00473921 0.00118685 0.000156481 0.00118685 0.00545719)
(0.0223336 -0.00359308 -0.00523267 -0.00359308 0.00691795 0.00492669 -0.00523267 0.00492669 0.00964425)
(0.0173455 -0.00213558 -0.00212172 -0.00213558 0.00580475 0.00349599 -0.00212172 0.00349599 0.0107917)
(0.021061 -0.00158719 0.000740489 -0.00158719 0.00840332 0.00152459 0.000740489 0.00152459 0.00706544)
(0.0125067 -0.00289115 0.00166648 -0.00289115 0.00931828 -0.0022503 0.00166648 -0.0022503 0.00841334)
(0.0131086 -0.00345633 -0.00184356 -0.00345633 0.00656066 -0.00228894 -0.00184356 -0.00228894 0.00917206)
(0.00806542 -0.00287343 -0.000297247 -0.00287343 0.00918087 0.0014987 -0.000297247 0.0014987 0.00471043)
(0.0146838 0.000308492 0.000964846 0.000308492 0.00771324 0.0011503 0.000964846 0.0011503 0.00372604)
(0.0171065 0.000289886 0.0048698 0.000289886 0.00779 -0.00194533 0.0048698 -0.00194533 0.00635283)
(0.013838 -0.00432709 0.00274759 -0.00432709 0.00997701 -0.00268237 0.00274759 -0.00268237 0.00751825)
(0.013831 0.000258016 0.00298422 0.000258016 0.00798459 -0.00119806 0.00298422 -0.00119806 0.00716057)
(0.00899258 0.00307226 0.0036705 0.00307226 0.00572124 0.000146605 0.0036705 0.000146605 0.00581753)
(0.0149284 -0.00403491 -0.000969566 -0.00403491 0.00728858 0.000718805 -0.000969566 0.000718805 0.00677689)
(0.0123047 0.000677644 0.00126721 0.000677644 0.0065232 -0.000265818 0.00126721 -0.000265818 0.00629917)
(0.00495674 -0.00219856 -0.000735928 -0.00219856 0.00863264 -0.00370333 -0.000735928 -0.00370333 0.00702866)
(0.01704 0.000497895 -0.00178592 0.000497895 0.00438242 0.0027483 -0.00178592 0.0027483 0.00758137)
(0.0184167 -0.00341361 0.00255321 -0.00341361 0.00914059 0.000284562 0.00255321 0.000284562 0.00960511)
(0.010233 0.00133071 0.00383281 0.00133071 0.00670592 0.000559216 0.00383281 0.000559216 0.00617872)
(0.00905513 0.000850966 0.000882145 0.000850966 0.00595083 0.0016631 0.000882145 0.0016631 0.00529688)
(0.0117263 -0.000104959 0.00410054 -0.000104959 0.00816696 -0.000670971 0.00410054 -0.000670971 0.00777189)
(0.00792386 0.000275361 0.00260624 0.000275361 0.00730213 -0.00168232 0.00260624 -0.00168232 0.00539698)
(0.00285544 -0.000240638 0.0022395 -0.000240638 0.00518757 -0.00140303 0.0022395 -0.00140303 0.00748182)
(0.0104097 0.000786544 0.000159577 0.000786544 0.00693675 -0.00226697 0.000159577 -0.00226697 0.0044417)
(0.00668711 -0.000934701 0.00131286 -0.000934701 0.00772625 -0.00236368 0.00131286 -0.00236368 0.00542807)
(0.00547471 -0.00327755 0.00052095 -0.00327755 0.00898402 -0.00365871 0.00052095 -0.00365871 0.00434728)
(0.0103416 -0.00493261 0.00252932 -0.00493261 0.00794988 -0.0042846 0.00252932 -0.0042846 0.00975965)
(0.0124326 -0.00494859 -0.00105331 -0.00494859 0.00657685 -0.0022541 -0.00105331 -0.0022541 0.00859328)
(0.00991104 -0.0028306 -0.00130131 -0.0028306 0.00612075 -0.00372734 -0.00130131 -0.00372734 0.00698954)
(0.00962377 -0.00327148 -7.46595e-05 -0.00327148 0.0077286 0.00168465 -7.46595e-05 0.00168465 0.00643389)
(0.0239205 -0.00419016 -0.00434228 -0.00419016 0.00795897 0.00376766 -0.00434228 0.00376766 0.00837901)
(0.0223102 0.00197145 0.00449429 0.00197145 0.00753856 8.57571e-05 0.00449429 8.57571e-05 0.00613054)
(0.00857028 0.000189304 -0.00143141 0.000189304 0.00736196 -0.00260465 -0.00143141 -0.00260465 0.00458921)
(0.00323673 -0.00131755 0.000530289 -0.00131755 0.00672884 0.000416251 0.000530289 0.000416251 0.00704091)
(0.00539312 -0.00334848 0.00376951 -0.00334848 0.00722285 -0.00285397 0.00376951 -0.00285397 0.0093058)
(0.00564584 -0.00190378 0.00196264 -0.00190378 0.00337033 -0.000975722 0.00196264 -0.000975722 0.0110265)
(0.0104596 -0.000103108 -0.000759093 -0.000103108 0.00756153 -0.00233434 -0.000759093 -0.00233434 0.00463025)
(0.0125895 0.000335595 -0.000503711 0.000335595 0.00650715 0.00249666 -0.000503711 0.00249666 0.00636131)
(0.0152778 0.00140893 0.00210139 0.00140893 0.0066217 0.00293561 0.00210139 0.00293561 0.00700419)
(0.0141638 -0.00128137 0.00473488 -0.00128137 0.00587025 -0.00296644 0.00473488 -0.00296644 0.0115268)
(0.0169514 -0.00256465 0.000393534 -0.00256465 0.00781762 0.000134171 0.000393534 0.000134171 0.00656123)
(0.0106946 -6.38971e-05 0.000186662 -6.38971e-05 0.00603922 0.00238233 0.000186662 0.00238233 0.00668218)
(0.0173232 0.000309899 -0.000728961 0.000309899 0.00532832 0.00392749 -0.000728961 0.00392749 0.0104146)
(0.0175169 0.000775188 0.0002662 0.000775188 0.00553209 0.00391243 0.0002662 0.00391243 0.0100967)
(0.0167045 0.000349435 0.00106077 0.000349435 0.00679521 0.00331696 0.00106077 0.00331696 0.00829291)
(0.0125901 0.000666645 0.00159366 0.000666645 0.00792928 -0.00118559 0.00159366 -0.00118559 0.00616779)
(0.00962646 -0.0027196 -0.00162484 -0.0027196 0.0064032 -0.00224497 -0.00162484 -0.00224497 0.00905863)
(0.0112089 -0.000510528 0.00332737 -0.000510528 0.0083129 -0.000887739 0.00332737 -0.000887739 0.00483164)
(0.0107071 0.00217329 0.00295199 0.00217329 0.0058176 0.0025571 0.00295199 0.0025571 0.00631705)
(0.0152736 0.00206262 0.00458835 0.00206262 0.00745731 -0.000928557 0.00458835 -0.000928557 0.00491168)
(0.0111186 -0.00497149 0.00317506 -0.00497149 0.00964729 -0.00312509 0.00317506 -0.00312509 0.00710033)
(0.00993562 -0.00101026 0.00330424 -0.00101026 0.00781003 -0.00090101 0.00330424 -0.00090101 0.00745457)
(0.00542374 -0.00233697 -0.000104121 -0.00233697 0.0104913 -8.29995e-05 -0.000104121 -8.29995e-05 0.00550634)
(0.0172171 0.000672937 0.000744 0.000672937 0.0104448 -0.00127275 0.000744 -0.00127275 0.00745716)
(0.00450668 -0.00301139 -0.00162996 -0.00301139 0.00763411 -4.34592e-05 -0.00162996 -4.34592e-05 0.00734522)
(0.00347928 -8.20681e-05 0.000242708 -8.20681e-05 0.0019121 0.000658664 0.000242708 0.000658664 0.00658991)
(0.00909487 0.000542296 -0.00146476 0.000542296 0.00299441 0.00173651 -0.00146476 0.00173651 0.00817688)
(0.0230127 -0.00324801 -0.00256437 -0.00324801 0.00791754 0.00301797 -0.00256437 0.00301797 0.00698492)
(0.0146539 -0.00267057 0.00251313 -0.00267057 0.00868719 -0.000800756 0.00251313 -0.000800756 0.0068649)
(0.00207646 8.16295e-05 0.0012832 8.16295e-05 0.000971017 7.96309e-05 0.0012832 7.96309e-05 0.00232324)
(0.00372514 -9.91179e-05 0.000931259 -9.91179e-05 0.00694207 -0.00091434 0.000931259 -0.00091434 0.00391597)
(0.00464845 -0.00480801 -0.00217513 -0.00480801 0.0106653 -0.000536886 -0.00217513 -0.000536886 0.00733595)
(0.00320615 7.68434e-05 -0.000507448 7.68434e-05 0.00575203 0.000999068 -0.000507448 0.000999068 0.00412946)
(0.00573777 -0.0010187 0.000308534 -0.0010187 0.00645752 -0.00328941 0.000308534 -0.00328941 0.00407596)
(0.00263562 -0.00105362 -0.000309518 -0.00105362 0.00713533 -0.00295748 -0.000309518 -0.00295748 0.00504215)
(0.0120972 -0.00117253 0.00464764 -0.00117253 0.00738719 -0.00177975 0.00464764 -0.00177975 0.0079412)
(0.00410076 -0.00145408 0.00262258 -0.00145408 0.00276512 -0.00136406 0.00262258 -0.00136406 0.00403232)
(0.00832696 -0.00272501 0.00180118 -0.00272501 0.00371827 -0.00206083 0.00180118 -0.00206083 0.011246)
(0.0141402 -0.0027603 -0.000299237 -0.0027603 0.00594547 -0.00395253 -0.000299237 -0.00395253 0.00571061)
(0.0103125 -0.00266739 0.00120715 -0.00266739 0.00803499 -0.00176523 0.00120715 -0.00176523 0.00447721)
(0.0154325 -0.00222221 -0.00460287 -0.00222221 0.00584054 0.00459661 -0.00460287 0.00459661 0.010174)
(0.0156791 0.00102571 0.00176684 0.00102571 0.00724103 0.000753978 0.00176684 0.000753978 0.00712099)
(0.00880773 -0.000257052 0.000663826 -0.000257052 0.00797801 -0.0019558 0.000663826 -0.0019558 0.0056998)
(0.002247 -0.00297982 0.000507191 -0.00297982 0.00804004 -0.00305462 0.000507191 -0.00305462 0.00571586)
(0.00588995 0.00027198 0.00404456 0.00027198 0.0038092 -0.000436827 0.00404456 -0.000436827 0.00745439)
(0.00574796 -0.00170686 0.00150838 -0.00170686 0.00212728 -0.000303661 0.00150838 -0.000303661 0.0109971)
(0.0102759 -0.00256998 -0.0016679 -0.00256998 0.00862137 -0.00340681 -0.0016679 -0.00340681 0.00596331)
(0.0114816 0.000694981 -0.00033443 0.000694981 0.00722757 -0.000446722 -0.00033443 -0.000446722 0.00429709)
(0.0111037 0.000169838 9.43933e-05 0.000169838 0.00723173 0.000394039 9.43933e-05 0.000394039 0.00399742)
(0.00803432 0.00114115 0.00124604 0.00114115 0.00393103 0.00173223 0.00124604 0.00173223 0.0062788)
(0.0130616 0.00189147 0.00268812 0.00189147 0.00675595 0.000907714 0.00268812 0.000907714 0.00603162)
(0.00768316 -0.000171049 0.000661664 -0.000171049 0.00559846 0.001465 0.000661664 0.001465 0.00525058)
(0.0136955 -0.00241522 -0.00232327 -0.00241522 0.00688705 8.1677e-05 -0.00232327 8.1677e-05 0.0068557)
(0.0196298 -0.00351837 -0.00305609 -0.00351837 0.00761453 0.00350978 -0.00305609 0.00350978 0.00910179)
(0.0153357 -0.00128271 -0.000686176 -0.00128271 0.00737299 0.00263027 -0.000686176 0.00263027 0.00749288)
(0.00749234 -0.000769995 0.000859095 -0.000769995 0.00764605 -0.000678481 0.000859095 -0.000678481 0.00514189)
(0.0117793 0.00113109 0.00538951 0.00113109 0.00739938 -0.00199807 0.00538951 -0.00199807 0.00745859)
(0.0108747 -0.00191154 0.00144861 -0.00191154 0.0092885 -0.00215001 0.00144861 -0.00215001 0.00799543)
(0.00372975 -0.00545103 -0.00307393 -0.00545103 0.0112566 -0.001093 -0.00307393 -0.001093 0.00911041)
(0.00276809 -0.000308011 0.00180762 -0.000308011 0.00687289 -0.000779328 0.00180762 -0.000779328 0.00440445)
(0.00762425 -0.00314096 0.00165503 -0.00314096 0.00839095 -0.00286907 0.00165503 -0.00286907 0.00579036)
(0.00850992 -0.00225584 0.00103073 -0.00225584 0.00747272 -0.000288592 0.00103073 -0.000288592 0.00621054)
(0.0174362 -0.00246106 -0.000292451 -0.00246106 0.00764767 0.00157612 -0.000292451 0.00157612 0.0048724)
(0.00738626 -0.00171373 0.000495721 -0.00171373 0.0102563 -0.000201687 0.000495721 -0.000201687 0.00672446)
(0.00769594 -0.00158559 0.00200778 -0.00158559 0.00370123 -0.00184966 0.00200778 -0.00184966 0.00896304)
(0.00586861 -0.00143278 0.000860319 -0.00143278 0.00888467 -0.000992382 0.000860319 -0.000992382 0.00593269)
(0.0102618 -0.000706753 -0.00373075 -0.000706753 0.00523025 0.00388556 -0.00373075 0.00388556 0.0101347)
(0.0153971 -0.00217303 -0.00419356 -0.00217303 0.00659559 0.00433452 -0.00419356 0.00433452 0.00889999)
(0.00889361 -0.00216832 0.00289483 -0.00216832 0.00810031 -0.000998559 0.00289483 -0.000998559 0.00550673)
(0.00457942 -0.000606614 -0.000128014 -0.000606614 0.00771935 0.00149619 -0.000128014 0.00149619 0.00277848)
(0.014828 1.26651e-05 0.00155733 1.26651e-05 0.0105652 -0.00153131 0.00155733 -0.00153131 0.00696627)
(0.0051445 -0.00424279 -0.00137652 -0.00424279 0.0103275 -0.000230736 -0.00137652 -0.000230736 0.00684132)
(0.00342376 -0.000549928 -0.00109709 -0.000549928 0.00718876 -0.00303168 -0.00109709 -0.00303168 0.00358676)
(0.0026906 -0.0020702 0.000769148 -0.0020702 0.00694634 -0.00297171 0.000769148 -0.00297171 0.00478201)
(0.00388526 -0.00101372 0.000637654 -0.00101372 0.00289725 -0.00200668 0.000637654 -0.00200668 0.00903874)
(0.00121121 -0.000711602 0.000552554 -0.000711602 0.00577374 -0.00201187 0.000552554 -0.00201187 0.0043398)
(0.0150293 -0.002451 -0.00020562 -0.002451 0.00706795 0.00135008 -0.00020562 0.00135008 0.00491867)
(0.0105575 -0.00539655 0.00121628 -0.00539655 0.00952932 -0.00338879 0.00121628 -0.00338879 0.00556985)
(0.010794 -0.00452117 -0.000655755 -0.00452117 0.00815252 -0.0034202 -0.000655755 -0.0034202 0.00471446)
(0.0043501 -0.00117154 -1.61938e-05 -0.00117154 0.00541817 -0.00184302 -1.61938e-05 -0.00184302 0.00262338)
(0.0156303 -0.000727568 -0.00104006 -0.000727568 0.00540498 0.00305537 -0.00104006 0.00305537 0.0115937)
(0.0138063 -0.00284758 -0.00047403 -0.00284758 0.0081048 0.000259003 -0.00047403 0.000259003 0.00375903)
(0.00379303 -0.00118714 0.00134149 -0.00118714 0.00741809 -0.00138355 0.00134149 -0.00138355 0.00423968)
(0.0127023 0.000534719 0.00547307 0.000534719 0.00701944 -0.00123967 0.00547307 -0.00123967 0.00935273)
(0.00993866 -0.00470568 0.00121858 -0.00470568 0.00852562 -0.00395096 0.00121858 -0.00395096 0.0053161)
(0.00373936 -0.00133461 0.00206404 -0.00133461 0.00189892 -0.00101722 0.00206404 -0.00101722 0.00734063)
(0.00366037 -0.000737514 -0.000186256 -0.000737514 0.00338394 -0.00286008 -0.000186256 -0.00286008 0.00707165)
(0.0087473 -0.00213704 0.000101297 -0.00213704 0.00765136 -0.000650107 0.000101297 -0.000650107 0.00401735)
(0.0185988 -0.00170264 0.00250013 -0.00170264 0.00907122 -0.000526441 0.00250013 -0.000526441 0.00515078)
(0.018222 -0.000239535 0.00188161 -0.000239535 0.00875854 0.00053439 0.00188161 0.00053439 0.00362737)
(0.018804 0.00164817 0.00305753 0.00164817 0.00788507 0.000410847 0.00305753 0.000410847 0.00376866)
(0.00668365 2.72579e-05 0.000421649 2.72579e-05 0.00632421 0.00162947 0.000421649 0.00162947 0.00381604)
(0.010422 -0.000247107 -3.30806e-06 -0.000247107 0.00526182 0.00237547 -3.30806e-06 0.00237547 0.00906691)
(0.0212651 -0.00350133 -0.00427243 -0.00350133 0.00752304 0.00413683 -0.00427243 0.00413683 0.00807689)
(0.0117169 -0.000447708 -0.00136858 -0.000447708 0.00643707 0.00340732 -0.00136858 0.00340732 0.00743438)
(0.0161396 0.000775369 0.00338588 0.000775369 0.00786717 -0.000314904 0.00338588 -0.000314904 0.00568092)
(0.0133684 -0.000441635 0.00305693 -0.000441635 0.00828671 -0.0023697 0.00305693 -0.0023697 0.00664334)
(0.0128668 0.00293046 0.0049914 0.00293046 0.00583773 0.00115473 0.0049914 0.00115473 0.00324066)
(0.00621206 -0.00501112 -0.00155073 -0.00501112 0.0115194 -0.00166142 -0.00155073 -0.00166142 0.00724013)
(0.00531793 -0.00451207 -0.000747412 -0.00451207 0.0102476 0.000781227 -0.000747412 0.000781227 0.00536867)
(0.00515069 -0.000309177 0.00022511 -0.000309177 0.00576954 0.00147387 0.00022511 0.00147387 0.00268727)
(0.00236604 -8.12951e-06 0.000521541 -8.12951e-06 0.00443562 -0.000486816 0.000521541 -0.000486816 0.00228549)
(0.00936224 0.00198715 0.00195961 0.00198715 0.00540549 0.000986823 0.00195961 0.000986823 0.00546678)
(0.0136458 0.000490868 0.000273813 0.000490868 0.00581321 0.00394775 0.000273813 0.00394775 0.00924418)
(0.00571724 -0.00210294 0.00117111 -0.00210294 0.00942364 -0.000360151 0.00117111 -0.000360151 0.00686773)
(0.00681223 -0.00123122 0.000494065 -0.00123122 0.0100978 -0.00179046 0.000494065 -0.00179046 0.00560169)
(0.00855626 0.000181448 0.00130256 0.000181448 0.003341 0.000718146 0.00130256 0.000718146 0.0117389)
(0.0105856 -0.000667641 -0.0019744 -0.000667641 0.00616245 0.00318582 -0.0019744 0.00318582 0.0086028)
(0.0149344 0.00227517 0.00435911 0.00227517 0.00620155 0.000573351 0.00435911 0.000573351 0.006616)
(0.00878918 -0.000956692 0.00155104 -0.000956692 0.00649376 -0.00109562 0.00155104 -0.00109562 0.0035429)
(0.00783416 0.00086714 0.000453066 0.00086714 0.00615343 0.00183416 0.000453066 0.00183416 0.00397736)
(0.00794993 0.00211864 0.00129956 0.00211864 0.00724462 -0.00148134 0.00129956 -0.00148134 0.00516689)
(0.00430401 0.000482883 -0.00112871 0.000482883 0.00703473 -0.00320083 -0.00112871 -0.00320083 0.00459095)
(0.00213801 -0.00252736 0.000807934 -0.00252736 0.00752288 -0.00265837 0.000807934 -0.00265837 0.00503379)
(0.00667988 -0.00375623 -0.000658492 -0.00375623 0.00736946 -0.00277102 -0.000658492 -0.00277102 0.00697671)
(0.00233109 -0.00214052 -0.00046235 -0.00214052 0.00807591 -0.000672717 -0.00046235 -0.000672717 0.00824404)
(0.00667564 -0.00118313 -0.00156293 -0.00118313 0.00533768 0.00167634 -0.00156293 0.00167634 0.00483697)
(0.0119918 -0.00590984 0.00221287 -0.00590984 0.00993409 -0.00358739 0.00221287 -0.00358739 0.00606193)
(0.00731745 -0.00499502 -0.000477105 -0.00499502 0.00874156 -0.00353516 -0.000477105 -0.00353516 0.00497079)
(0.00544739 -0.000781846 1.15102e-05 -0.000781846 0.00614331 0.00081564 1.15102e-05 0.00081564 0.00273515)
