/*--------------------------------*- C++ -*----------------------------------*\
  =========                 |
  \\      /  F ield         | OpenFOAM: The Open Source CFD Toolbox
   \\    /   O peration     | Website:  https://openfoam.org
    \\  /    A nd           | Version:  10
     \\/     M anipulation  |
\*---------------------------------------------------------------------------*/
FoamFile
{
    format      ascii;
    class       volTensorField;
    location    "17";
    object      TauNN;
}
// * * * * * * * * * * * * * * * * * * * * * * * * * * * * * * * * * * * * * //

dimensions      [0 2 -2 0 0 0 0];

internalField   nonuniform List<tensor> 
25600
(
(0.0007789 -0.0023683 0.0043953 -0.0023683 0.00801121 -0.00271629 0.0043953 -0.00271629 0.00629829)
(0.000763633 -0.00273037 0.00406851 -0.00273037 0.00808238 -0.00270046 0.00406851 -0.00270046 0.00651764)
(0.00352184 -0.00270192 0.00280504 -0.00270192 0.00685829 -0.00309818 0.00280504 -0.00309818 0.00505603)
(0.00342214 -0.00269463 0.00311209 -0.00269463 0.00678943 -0.00310167 0.00311209 -0.00310167 0.00507769)
(0.00162449 -0.00283249 0.00359669 -0.00283249 0.00754723 -0.00297312 0.00359669 -0.00297312 0.00580195)
(0.00698894 -0.00147287 0.00157326 -0.00147287 0.00630912 -0.00281054 0.00157326 -0.00281054 0.00493941)
(0.00312276 -0.00314943 0.00256311 -0.00314943 0.00732554 -0.00309837 0.00256311 -0.00309837 0.00541512)
(-0.00145736 -0.00274076 0.00567386 -0.00274076 0.00931697 -0.00165701 0.00567386 -0.00165701 0.00788729)
(-0.000961412 -0.00206944 0.00565434 -0.00206944 0.00921932 -0.00174635 0.00565434 -0.00174635 0.00661217)
(-0.00133293 -0.00322123 0.00547441 -0.00322123 0.0092567 -0.001527 0.00547441 -0.001527 0.00886383)
(0.00601578 -0.00241772 0.00145533 -0.00241772 0.0066653 -0.00305141 0.00145533 -0.00305141 0.00510971)
(-0.000592829 -0.00215952 0.004937 -0.00215952 0.00885961 -0.00157051 0.004937 -0.00157051 0.00773994)
(-0.00148976 -0.00255924 0.00512871 -0.00255924 0.00896893 -0.00154064 0.00512871 -0.00154064 0.00840745)
(-0.0016767 -0.00267399 0.00505254 -0.00267399 0.00914859 -0.00100601 0.00505254 -0.00100601 0.00866947)
(-0.00191717 -0.00298402 0.00568143 -0.00298402 0.0096548 -0.00155242 0.00568143 -0.00155242 0.00853065)
(-0.000953904 -0.00341346 0.00601957 -0.00341346 0.00981623 -0.00177298 0.00601957 -0.00177298 0.00898337)
(-0.000537371 -0.0031169 0.00541238 -0.0031169 0.009115 -0.00179665 0.00541238 -0.00179665 0.00882179)
(0.00195039 -0.00224628 0.00391369 -0.00224628 0.00772093 -0.00252702 0.00391369 -0.00252702 0.00619273)
(-0.00160172 -0.00198548 0.00502619 -0.00198548 0.00918251 -0.00129687 0.00502619 -0.00129687 0.00741368)
(-0.00159686 -0.00295732 0.00553146 -0.00295732 0.00925424 -0.00152488 0.00553146 -0.00152488 0.00827437)
(-0.000322373 -0.00241449 0.00470009 -0.00241449 0.00844571 -0.00221062 0.00470009 -0.00221062 0.00725279)
(-0.00140519 -0.00210433 0.00498062 -0.00210433 0.00878259 -0.00176048 0.00498062 -0.00176048 0.00787305)
(0.000774445 -0.00134015 0.00471559 -0.00134015 0.00798972 -0.00192205 0.00471559 -0.00192205 0.00642649)
(0.00226687 -0.000986556 0.00413634 -0.000986556 0.00818166 -0.00115523 0.00413634 -0.00115523 0.00649389)
(0.000260411 -0.00207976 0.00461725 -0.00207976 0.00969864 -0.00128997 0.00461725 -0.00128997 0.00758937)
(0.00160765 -0.00338074 0.00633405 -0.00338074 0.00971996 -0.00204192 0.00633405 -0.00204192 0.00850895)
(0.000149295 -0.00358357 0.00580982 -0.00358357 0.00961697 -0.00225081 0.00580982 -0.00225081 0.00862359)
(-0.000513276 -0.00261703 0.00503927 -0.00261703 0.00874082 -0.00244389 0.00503927 -0.00244389 0.00740786)
(-0.000936294 -0.00280039 0.00526918 -0.00280039 0.00897233 -0.00200588 0.00526918 -0.00200588 0.00820441)
(0.00346684 -0.00200528 0.00360938 -0.00200528 0.00741496 -0.00257365 0.00360938 -0.00257365 0.00566921)
(0.00477062 -0.00161854 0.00255159 -0.00161854 0.00685407 -0.00255048 0.00255159 -0.00255048 0.00518197)
(-0.000828717 -0.00125621 0.00452115 -0.00125621 0.00928382 -0.00117877 0.00452115 -0.00117877 0.00640892)
(-0.000193487 -0.00284356 0.00598814 -0.00284356 0.0098567 -0.00193893 0.00598814 -0.00193893 0.00823315)
(-0.00101792 -0.00350353 0.00578183 -0.00350353 0.00944977 -0.00170927 0.00578183 -0.00170927 0.00888145)
(-0.00125285 -0.00279642 0.00529184 -0.00279642 0.0089899 -0.0016496 0.00529184 -0.0016496 0.00826363)
(-0.0017558 -0.00270496 0.00594278 -0.00270496 0.00962849 -0.00179532 0.00594278 -0.00179532 0.00783652)
(-0.00124669 -0.00340653 0.00582553 -0.00340653 0.00954675 -0.0017271 0.00582553 -0.0017271 0.00876667)
(-0.000977342 -0.00307563 0.0054113 -0.00307563 0.00906591 -0.00202433 0.0054113 -0.00202433 0.00822476)
(-0.000867715 -0.00244524 0.00500614 -0.00244524 0.0086527 -0.00219598 0.00500614 -0.00219598 0.00750426)
(-0.00118623 -0.00215168 0.00497627 -0.00215168 0.00866669 -0.00183545 0.00497627 -0.00183545 0.0076899)
(0.00173418 -0.00143372 0.00569444 -0.00143372 0.00801683 -0.00291279 0.00569444 -0.00291279 0.00700762)
(0.00196709 0.000342272 0.00659546 0.000342272 0.00749076 -0.00252097 0.00659546 -0.00252097 0.00689034)
(0.00811398 0.00114769 0.00465952 0.00114769 0.00395481 -0.00398575 0.00465952 -0.00398575 0.00636355)
(0.011084 0.00124077 0.0054637 0.00124077 0.00369565 -0.00387739 0.0054637 -0.00387739 0.00664206)
(0.00926717 -0.00117409 -0.00139481 -0.00117409 0.00289791 -0.000871632 -0.00139481 -0.000871632 0.011693)
(0.015525 -0.00208435 0.00379124 -0.00208435 0.0107303 -0.000948424 0.00379124 -0.000948424 0.00854226)
(0.0153053 -0.00421438 -0.00142447 -0.00421438 0.00522567 0.000280466 -0.00142447 0.000280466 0.003205)
(0.00540047 0.0012562 0.0051824 0.0012562 0.00816162 -0.00129642 0.0051824 -0.00129642 0.00564036)
(0.00596865 0.00122955 0.00393247 0.00122955 0.00723846 -0.00117464 0.00393247 -0.00117464 0.00350603)
(0.000590815 -0.000408174 0.00480701 -0.000408174 0.00869456 -0.00168258 0.00480701 -0.00168258 0.0064082)
(0.00465535 0.00174832 0.0049496 0.00174832 0.0042762 -0.00261652 0.0049496 -0.00261652 0.0050803)
(0.00765231 0.00204819 0.00625298 0.00204819 0.00697133 -0.00160432 0.00625298 -0.00160432 0.00690579)
(0.0018646 -0.00165052 0.00493845 -0.00165052 0.0092012 -0.00229892 0.00493845 -0.00229892 0.00876716)
(0.000790451 -0.000253548 0.00392681 -0.000253548 0.00918583 -0.00134443 0.00392681 -0.00134443 0.00641133)
(0.00119396 -0.00164412 0.00487771 -0.00164412 0.00954091 -0.00175713 0.00487771 -0.00175713 0.00719429)
(0.00129511 -0.00186536 0.00473212 -0.00186536 0.00957157 -0.00143634 0.00473212 -0.00143634 0.00771026)
(0.00244728 -0.00286418 0.00576968 -0.00286418 0.0095528 -0.00208335 0.00576968 -0.00208335 0.00875134)
(0.00366813 -0.000237267 0.00654867 -0.000237267 0.00770753 -0.00274788 0.00654867 -0.00274788 0.00740284)
(0.00326926 0.00122213 0.00516824 0.00122213 0.0082666 -0.00144369 0.00516824 -0.00144369 0.00629973)
(0.00147672 0.000349539 0.00462962 0.000349539 0.00857978 -0.00163831 0.00462962 -0.00163831 0.00591495)
(0.00541921 0.00210658 0.00535724 0.00210658 0.00517758 -0.00217655 0.00535724 -0.00217655 0.00509188)
(0.000256789 -0.000826607 0.00447819 -0.000826607 0.00939275 -0.00159831 0.00447819 -0.00159831 0.00690232)
(-0.0019146 -0.0015949 0.00493456 -0.0015949 0.00903341 -0.00203186 0.00493456 -0.00203186 0.0084558)
(-6.11229e-05 -0.000115523 0.00508064 -0.000115523 0.00902937 -0.00209017 0.00508064 -0.00209017 0.0080201)
(0.0127711 -0.000986883 0.00260967 -0.000986883 0.00913999 -0.000524283 0.00260967 -0.000524283 0.00562696)
(0.00403724 -0.0019086 0.00490909 -0.0019086 0.00951097 -0.00183401 0.00490909 -0.00183401 0.00671217)
(0.0054452 0.000838718 0.00467612 0.000838718 0.00404438 -0.00359911 0.00467612 -0.00359911 0.00579028)
(0.0015317 -0.000548305 0.00641934 -0.000548305 0.00801575 -0.00261545 0.00641934 -0.00261545 0.0071159)
(-0.000265339 -0.00126706 0.00562064 -0.00126706 0.00888545 -0.00233148 0.00562064 -0.00233148 0.00779032)
(0.00314076 -6.57188e-05 0.00566689 -6.57188e-05 0.00780341 -0.0028046 0.00566689 -0.0028046 0.00635094)
(0.00558833 0.000485913 0.00579431 0.000485913 0.00677137 -0.00249762 0.00579431 -0.00249762 0.0079403)
(0.00985802 0.000805942 0.0059642 0.000805942 0.00833588 -0.00138167 0.0059642 -0.00138167 0.00729458)
(0.00350207 -0.00156632 0.00461132 -0.00156632 0.00961876 -0.00156388 0.00461132 -0.00156388 0.00623772)
(0.00194088 -0.00169626 0.00524537 -0.00169626 0.00899578 -0.00213346 0.00524537 -0.00213346 0.00678598)
(0.00257827 0.000916282 0.00611711 0.000916282 0.00758327 -0.00204071 0.00611711 -0.00204071 0.00611941)
(0.00547312 0.00118926 0.00435732 0.00118926 0.00801163 -0.00117245 0.00435732 -0.00117245 0.00438349)
(0.00240084 -0.000177036 0.00562919 -0.000177036 0.00864354 -0.00200851 0.00562919 -0.00200851 0.00682744)
(0.00154754 4.04287e-05 0.00590997 4.04287e-05 0.00777262 -0.00232859 0.00590997 -0.00232859 0.00608026)
(0.00120388 7.10599e-05 0.00558402 7.10599e-05 0.00797938 -0.00213528 0.00558402 -0.00213528 0.00584958)
(0.0010842 -0.000523943 0.00571992 -0.000523943 0.00885598 -0.00229754 0.00571992 -0.00229754 0.00780184)
(0.00639577 -0.00322908 0.00295996 -0.00322908 0.00971155 -0.00313809 0.00295996 -0.00313809 0.00470484)
(0.00422408 -0.00197738 0.0045986 -0.00197738 0.0098513 -0.00166926 0.0045986 -0.00166926 0.00526554)
(0.00475723 1.53994e-05 0.00359502 1.53994e-05 0.00803244 -0.00232745 0.00359502 -0.00232745 0.00410172)
(0.00535989 0.00111425 0.00392137 0.00111425 0.00524413 -0.00196979 0.00392137 -0.00196979 0.00428909)
(0.00182597 -0.00131818 0.00326105 -0.00131818 0.00761071 -0.00232777 0.00326105 -0.00232777 0.00416764)
(0.000441374 -0.000718351 0.000495555 -0.000718351 0.00185544 0.000137303 0.000495555 0.000137303 0.00232252)
(0.00166575 -0.000570114 0.00387656 -0.000570114 0.00862549 -0.00161757 0.00387656 -0.00161757 0.00377872)
(0.0127922 -0.00151151 0.00284413 -0.00151151 0.00982118 -0.000379403 0.00284413 -0.000379403 0.0037709)
(0.0184138 -0.00240196 0.00327528 -0.00240196 0.0100779 -0.000314672 0.00327528 -0.000314672 0.00416237)
(0.0183747 -0.00354205 0.00284212 -0.00354205 0.00982422 -0.000669413 0.00284212 -0.000669413 0.00485375)
(0.00420268 -0.000713185 0.00398849 -0.000713185 0.00895555 -0.00232783 0.00398849 -0.00232783 0.00470235)
(0.011301 -0.00160668 0.00430904 -0.00160668 0.00893424 0.000387609 0.00430904 0.000387609 0.00600753)
(0.0112392 0.00202668 0.00422502 0.00202668 0.00741064 -0.000358615 0.00422502 -0.000358615 0.00568674)
(0.00773739 -0.00269051 0.00435453 -0.00269051 0.00970763 2.32058e-05 0.00435453 2.32058e-05 0.0084275)
(0.00217301 -0.00262763 0.00518283 -0.00262763 0.00954828 -0.000946022 0.00518283 -0.000946022 0.00837499)
(0.00970448 -0.000286071 0.00493574 -0.000286071 0.00775833 -0.000486598 0.00493574 -0.000486598 0.00756486)
(0.0180134 -0.00656076 0.00536659 -0.00656076 0.0106387 -0.00293282 0.00536659 -0.00293282 0.00963452)
(0.0106904 -0.00423491 0.00372136 -0.00423491 0.0104223 -0.00204889 0.00372136 -0.00204889 0.0056015)
(0.0130023 -0.00290545 0.0037497 -0.00290545 0.0097583 0.000571744 0.0037497 0.000571744 0.00750879)
(0.0147473 -0.00346622 0.00386132 -0.00346622 0.0104262 -0.00119973 0.00386132 -0.00119973 0.00626761)
(0.00879252 -0.00174811 0.00359355 -0.00174811 0.00984111 -0.00139018 0.00359355 -0.00139018 0.00377265)
(0.0173857 -0.0028481 0.00309345 -0.0028481 0.0101277 -0.000354615 0.00309345 -0.000354615 0.00345475)
(0.0138993 -0.00263467 0.00359233 -0.00263467 0.0101029 -0.0013079 0.00359233 -0.0013079 0.00426383)
(0.00285521 -0.00297993 0.00352365 -0.00297993 0.00940159 0.000602724 0.00352365 0.000602724 0.00917074)
(0.0158884 0.00137474 0.00327844 0.00137474 0.00549824 0.00378233 0.00327844 0.00378233 0.00926983)
(0.00974865 0.0019068 0.00462532 0.0019068 0.00611535 0.000710039 0.00462532 0.000710039 0.00670497)
(0.011395 -0.00540448 0.00114531 -0.00540448 0.00820908 -0.0035422 0.00114531 -0.0035422 0.00569075)
(0.00694368 -0.0043594 0.00425049 -0.0043594 0.0101578 -0.00258462 0.00425049 -0.00258462 0.00542391)
(0.0159566 -0.00252699 0.00332994 -0.00252699 0.00973672 -0.00158638 0.00332994 -0.00158638 0.00416498)
(0.00415733 -0.00176339 0.00425416 -0.00176339 0.00968628 -0.00285614 0.00425416 -0.00285614 0.00557346)
(0.00471036 -0.00150863 0.0025368 -0.00150863 0.00841929 -0.00243849 0.0025368 -0.00243849 0.00375753)
(0.0128069 0.00171128 0.00458374 0.00171128 0.00733841 0.000604444 0.00458374 0.000604444 0.00525273)
(0.0109012 0.00273554 0.00445523 0.00273554 0.00595431 0.00154915 0.00445523 0.00154915 0.00632203)
(0.0101102 -0.00627827 0.00454023 -0.00627827 0.0107113 -0.00337396 0.00454023 -0.00337396 0.00792231)
(0.0060786 -0.00141989 0.00389026 -0.00141989 0.00969603 -0.00210362 0.00389026 -0.00210362 0.00465036)
(0.0184696 -0.00279843 0.00299193 -0.00279843 0.0101201 -0.000699847 0.00299193 -0.000699847 0.00335574)
(0.0153588 -0.00285982 0.00339245 -0.00285982 0.00977228 -0.00129327 0.00339245 -0.00129327 0.00391997)
(0.0103516 -0.0028603 0.00375034 -0.0028603 0.0102192 -0.00219921 0.00375034 -0.00219921 0.00460669)
(0.0110293 -0.00300635 0.00380101 -0.00300635 0.0102746 -0.0020437 0.00380101 -0.0020437 0.00497866)
(0.0120599 -0.00265532 0.00470224 -0.00265532 0.00931588 -0.000876067 0.00470224 -0.000876067 0.00778532)
(0.0120935 -0.00351872 -0.00123768 -0.00351872 0.00906922 -0.00299115 -0.00123768 -0.00299115 0.00718835)
(0.0156907 -0.000977273 0.00550909 -0.000977273 0.00826391 -0.0014715 0.00550909 -0.0014715 0.0109297)
(0.00568562 -0.000744714 0.00122135 -0.000744714 0.00524842 -0.00154628 0.00122135 -0.00154628 0.00607969)
(0.00659354 0.000478275 0.00616984 0.000478275 0.00789471 -0.00194313 0.00616984 -0.00194313 0.00591722)
(0.00691988 0.00192558 0.00585468 0.00192558 0.00478878 -0.00253712 0.00585468 -0.00253712 0.00577512)
(0.00198598 0.00126015 0.00497585 0.00126015 0.00725216 -0.00198901 0.00497585 -0.00198901 0.0049611)
(0.00396573 -0.000981141 0.00410559 -0.000981141 0.009361 -0.00142108 0.00410559 -0.00142108 0.00621299)
(0.0182916 -0.00201917 0.00214597 -0.00201917 0.00905289 -4.43272e-05 0.00214597 -4.43272e-05 0.00825486)
(0.024997 -0.00322629 -0.00259432 -0.00322629 0.00876515 0.0019981 -0.00259432 0.0019981 0.00904664)
(0.0175236 -0.000429822 -0.00152249 -0.000429822 0.0069049 -0.00159689 -0.00152249 -0.00159689 0.00390065)
(0.0184066 -0.00174487 0.00405473 -0.00174487 0.00927157 -0.00147552 0.00405473 -0.00147552 0.00779947)
(0.0116679 -0.000584556 0.00433231 -0.000584556 0.0086135 -0.000761208 0.00433231 -0.000761208 0.00926494)
(0.0121637 -0.000799641 0.00164151 -0.000799641 0.0086024 -0.00277526 0.00164151 -0.00277526 0.00909994)
(0.0113055 0.00202047 0.00239302 0.00202047 0.00738623 -0.000975331 0.00239302 -0.000975331 0.0073144)
(0.00568995 -0.00341833 0.00439802 -0.00341833 0.0100246 -0.00204194 0.00439802 -0.00204194 0.0086699)
(0.00727651 -0.00165015 0.000875812 -0.00165015 0.00702512 -0.00206166 0.000875812 -0.00206166 0.00392143)
(0.0164684 -0.00159253 0.00133752 -0.00159253 0.00577573 0.00118806 0.00133752 0.00118806 0.00445327)
(0.0154094 -0.00015441 0.00610713 -0.00015441 0.0085929 -0.0021328 0.00610713 -0.0021328 0.00767655)
(0.0170829 -0.00172475 0.000442522 -0.00172475 0.00863491 0.000323428 0.000442522 0.000323428 0.00919484)
(0.0166558 -0.00120559 0.000640115 -0.00120559 0.00806399 0.000703144 0.000640115 0.000703144 0.00765038)
(0.0112737 -0.00122513 0.00177865 -0.00122513 0.00890085 -0.00114716 0.00177865 -0.00114716 0.00756316)
(0.0151775 -0.000608478 0.00259234 -0.000608478 0.00854801 -0.000233216 0.00259234 -0.000233216 0.00908725)
(0.0190046 0.000768954 0.00533908 0.000768954 0.00797248 -0.000343382 0.00533908 -0.000343382 0.00847817)
(0.00835804 -0.00172089 0.0035704 -0.00172089 0.00975948 -0.00141182 0.0035704 -0.00141182 0.00709029)
(0.0178054 -0.000633286 0.00266296 -0.000633286 0.00826546 0.000523924 0.00266296 0.000523924 0.00819001)
(0.0180892 -0.00371957 -0.00331023 -0.00371957 0.00825532 -0.00136323 -0.00331023 -0.00136323 0.00158412)
(0.0155033 -0.00114036 0.00138035 -0.00114036 0.00453368 -0.00358201 0.00138035 -0.00358201 0.00852587)
(0.00942433 -0.00180289 0.000537558 -0.00180289 0.00682283 -0.00292643 0.000537558 -0.00292643 0.00807385)
(0.00970984 -0.000675243 -1.01374e-05 -0.000675243 0.00494017 -0.00211962 -1.01374e-05 -0.00211962 0.00419191)
(0.0120205 -0.000693779 0.00563671 -0.000693779 0.00874466 -0.00244122 0.00563671 -0.00244122 0.00669965)
(0.00402177 -0.000329128 0.00478194 -0.000329128 0.00831582 -0.00264288 0.00478194 -0.00264288 0.00582488)
(0.0138223 -0.000934267 0.00259092 -0.000934267 0.00880705 7.89464e-05 0.00259092 7.89464e-05 0.00634298)
(0.016992 -0.00353504 -0.00173943 -0.00353504 0.00873759 -0.00129536 -0.00173943 -0.00129536 0.00191835)
(0.00939293 -0.000774826 0.00051312 -0.000774826 0.00744366 -0.00125578 0.00051312 -0.00125578 0.00406797)
(0.0210799 -0.00054819 0.00551618 -0.00054819 0.00879001 -0.00184505 0.00551618 -0.00184505 0.00755213)
(0.0154333 6.26072e-05 0.00313389 6.26072e-05 0.00776204 0.000326081 0.00313389 0.000326081 0.0094812)
(0.0104729 -0.000824508 0.00237799 -0.000824508 0.00728514 -0.00107066 0.00237799 -0.00107066 0.0110346)
(0.0138251 -0.00132972 0.00278571 -0.00132972 0.00851306 -0.00147832 0.00278571 -0.00147832 0.00949094)
(0.0128585 -0.00196258 0.00132064 -0.00196258 0.00869122 -0.000786603 0.00132064 -0.000786603 0.0068844)
(0.0152252 -0.0017686 0.000219086 -0.0017686 0.00877022 -0.00110142 0.000219086 -0.00110142 0.00699297)
(0.0115268 -0.00190851 0.000166438 -0.00190851 0.00803033 -0.00265152 0.000166438 -0.00265152 0.00543424)
(0.00762268 -0.0016963 0.000941269 -0.0016963 0.00650697 -0.000777829 0.000941269 -0.000777829 0.0034774)
(0.00571814 -7.54651e-06 5.81834e-05 -7.54651e-06 0.0055542 -0.00154429 5.81834e-05 -0.00154429 0.00269539)
(0.0165155 -0.00193029 0.0015463 -0.00193029 0.00881766 0.000826816 0.0015463 0.000826816 0.00467238)
(0.0134549 0.000774796 0.00401356 0.000774796 0.00829552 -0.00116847 0.00401356 -0.00116847 0.00333557)
(0.00305852 6.238e-05 0.00380332 6.238e-05 0.00761836 -0.00219025 0.00380332 -0.00219025 0.00400684)
(0.0144473 -0.0011769 0.00346907 -0.0011769 0.00891889 -0.000512702 0.00346907 -0.000512702 0.00626114)
(0.013667 0.001992 0.00288584 0.001992 0.00617117 0.00301231 0.00288584 0.00301231 0.00702795)
(0.0174933 0.000743031 -0.000183764 0.000743031 0.00585029 0.00408507 -0.000183764 0.00408507 0.00995604)
(0.0114953 0.00194169 0.00149908 0.00194169 0.0073429 -0.00123692 0.00149908 -0.00123692 0.00579808)
(0.0160699 9.41027e-05 0.00349434 9.41027e-05 0.00801902 -0.000610586 0.00349434 -0.000610586 0.00827827)
(0.0201158 -0.00204842 0.00130957 -0.00204842 0.00986586 0.000860195 0.00130957 0.000860195 0.00605145)
(0.0113288 -0.000246097 0.00185384 -0.000246097 0.00694529 -0.000182013 0.00185384 -0.000182013 0.00295629)
(0.0112415 0.00151894 0.00316902 0.00151894 0.00571193 0.000921009 0.00316902 0.000921009 0.00592989)
(0.00688205 0.00132786 0.00334036 0.00132786 0.00636622 -0.000199857 0.00334036 -0.000199857 0.00492842)
(0.00394424 -0.00134498 0.00182823 -0.00134498 0.00640966 -6.81635e-05 0.00182823 -6.81635e-05 0.00531696)
(0.0091623 -0.00164053 0.00199726 -0.00164053 0.00650592 0.00143753 0.00199726 0.00143753 0.00920727)
(0.0140244 -0.00354182 0.00350187 -0.00354182 0.0102044 -0.00230981 0.00350187 -0.00230981 0.00547585)
(0.00940141 -0.00144733 0.000183386 -0.00144733 0.00821491 -0.00102312 0.000183386 -0.00102312 0.00876774)
(0.0154568 0.000670408 0.00100617 0.000670408 0.00675341 0.00291497 0.00100617 0.00291497 0.00752066)
(0.0114821 -0.00111633 0.00286531 -0.00111633 0.00876134 -0.000945506 0.00286531 -0.000945506 0.00569035)
(0.0132218 0.0021575 0.00436304 0.0021575 0.00724306 0.00020867 0.00436304 0.00020867 0.00588133)
(0.0152042 0.00117031 0.00337011 0.00117031 0.00726234 0.00149999 0.00337011 0.00149999 0.00457485)
(0.0122069 -0.00438058 0.00348032 -0.00438058 0.0100344 -0.00235719 0.00348032 -0.00235719 0.00680473)
(0.0132196 -0.00320018 0.00381725 -0.00320018 0.00914984 -4.29386e-05 0.00381725 -4.29386e-05 0.00858005)
(0.0110808 -0.000997989 0.000963314 -0.000997989 0.00736141 -0.00202183 0.000963314 -0.00202183 0.00663857)
(0.0173885 -0.00193281 0.00203823 -0.00193281 0.00849684 -0.0032121 0.00203823 -0.0032121 0.00655863)
(0.00626297 -0.00279498 0.000592079 -0.00279498 0.00587155 -0.00274254 0.000592079 -0.00274254 0.00587652)
(0.0117198 0.000962174 0.0022241 0.000962174 0.00753615 -0.00145421 0.0022241 -0.00145421 0.0057992)
(0.0103816 -0.000372376 -0.00063189 -0.000372376 0.00738556 -0.00214738 -0.00063189 -0.00214738 0.00420283)
(0.00695644 -0.000977015 0.00406334 -0.000977015 0.00953223 -0.00206171 0.00406334 -0.00206171 0.00440918)
(0.0179943 0.00291286 0.00403925 0.00291286 0.00690082 -7.02813e-05 0.00403925 -7.02813e-05 0.00182118)
(0.0114428 0.000289306 0.00434291 0.000289306 0.00785722 -0.000367599 0.00434291 -0.000367599 0.00672058)
(0.0165955 -0.00486034 0.000182592 -0.00486034 0.00821859 0.00135065 0.000182592 0.00135065 0.00823542)
(0.0162465 -0.00094059 0.000811366 -0.00094059 0.00714223 0.00303627 0.000811366 0.00303627 0.00763853)
(0.0149362 -0.00181174 0.00338463 -0.00181174 0.00868271 -1.01458e-05 0.00338463 -1.01458e-05 0.00568256)
(0.00558604 -0.00249403 -0.000596405 -0.00249403 0.00624584 -0.00203112 -0.000596405 -0.00203112 0.00551082)
(0.0104456 -0.00209043 -0.000956046 -0.00209043 0.00813627 -0.00293466 -0.000956046 -0.00293466 0.00516544)
(0.00620578 -0.00139461 0.000799939 -0.00139461 0.00737973 -0.000993988 0.000799939 -0.000993988 0.00222677)
(0.0136702 -0.00363103 0.00305154 -0.00363103 0.00965212 -0.00222035 0.00305154 -0.00222035 0.00549887)
(0.0155323 -0.00195807 -0.00141946 -0.00195807 0.00891652 -0.00440215 -0.00141946 -0.00440215 0.00704024)
(0.00890587 -0.00074936 0.00149867 -0.00074936 0.00227741 -0.00028248 0.00149867 -0.00028248 0.00523622)
(0.0122133 -0.00177924 0.00163024 -0.00177924 0.00887554 -0.00180945 0.00163024 -0.00180945 0.00599262)
(0.0164658 -0.00160581 0.00118667 -0.00160581 0.00663519 0.00131183 0.00118667 0.00131183 0.00677839)
(0.0232415 0.000292521 0.00454857 0.000292521 0.00843726 -0.000758103 0.00454857 -0.000758103 0.00678812)
(0.0174144 -0.00204066 0.00353176 -0.00204066 0.00963702 -0.00195903 0.00353176 -0.00195903 0.00609264)
(0.00669013 0.000548542 0.000556188 0.000548542 0.00587309 -0.000312472 0.000556188 -0.000312472 0.00223908)
(0.00806569 -0.00152437 0.000422174 -0.00152437 0.00990183 -0.00178418 0.000422174 -0.00178418 0.00529281)
(0.0190859 0.000849995 0.00335108 0.000849995 0.00974119 -0.00223399 0.00335108 -0.00223399 0.0123714)
(0.0160518 -0.0018319 0.00260791 -0.0018319 0.00936661 -0.0023729 0.00260791 -0.0023729 0.0118247)
(0.0191395 -0.00359237 -0.00195658 -0.00359237 0.00850962 -0.00202181 -0.00195658 -0.00202181 0.00313701)
(0.0219141 -0.00334707 -0.00373883 -0.00334707 0.00779735 0.00410806 -0.00373883 0.00410806 0.0103552)
(0.012135 8.85595e-05 0.00149765 8.85595e-05 0.00852483 -0.001036 0.00149765 -0.001036 0.00647629)
(0.00599001 0.000549519 0.00137291 0.000549519 0.00332067 0.00106251 0.00137291 0.00106251 0.00587111)
(0.00632201 -0.00435933 -0.00215819 -0.00435933 0.0107627 -0.00100406 -0.00215819 -0.00100406 0.00801182)
(0.0103148 -0.000300442 -0.000731397 -0.000300442 0.00708971 -0.000862675 -0.000731397 -0.000862675 0.00382304)
(0.00970123 -0.00233779 0.00101905 -0.00233779 0.00666604 -0.0018872 0.00101905 -0.0018872 0.00385444)
(0.0174154 -0.00378394 0.000181491 -0.00378394 0.00909277 -0.00115094 0.000181491 -0.00115094 0.00741783)
(0.00809701 -0.00139421 7.78185e-05 -0.00139421 0.0104296 -0.000274933 7.78185e-05 -0.000274933 0.00423361)
(0.0118165 0.00100678 0.00168194 0.00100678 0.0037549 0.00196373 0.00168194 0.00196373 0.00553534)
(0.0117843 -0.00267576 0.00049356 -0.00267576 0.00965441 -0.0025216 0.00049356 -0.0025216 0.00844764)
(0.00494322 -0.000465206 -0.00107887 -0.000465206 0.00547381 -0.00308467 -0.00107887 -0.00308467 0.00573445)
(0.0081223 0.000760168 0.00111501 0.000760168 0.00804065 -0.000375252 0.00111501 -0.000375252 0.00788916)
(0.00700194 0.000752307 -0.000315635 0.000752307 0.00707272 -0.000189449 -0.000315635 -0.000189449 0.0038497)
(0.019049 -0.000764378 0.00176302 -0.000764378 0.00749945 0.000874806 0.00176302 0.000874806 0.00464286)
(0.015993 -0.00251469 0.00109398 -0.00251469 0.00675505 -0.00339293 0.00109398 -0.00339293 0.00510023)
(0.0173848 -0.00190516 0.00280782 -0.00190516 0.00269088 -0.00200851 0.00280782 -0.00200851 0.0101079)
(0.014526 0.000909355 0.00451219 0.000909355 0.0081536 -0.00227749 0.00451219 -0.00227749 0.00622824)
(0.014162 -0.00337573 0.000192599 -0.00337573 0.00951677 -0.00255067 0.000192599 -0.00255067 0.00876922)
(0.0150103 -0.00134638 -0.000573718 -0.00134638 0.00794159 -0.00151685 -0.000573718 -0.00151685 0.00242379)
(0.0181429 -0.00125889 0.00490041 -0.00125889 0.00897351 -0.00138369 0.00490041 -0.00138369 0.0081001)
(0.0192985 0.001852 0.00466694 0.001852 0.00765565 -8.29631e-05 0.00466694 -8.29631e-05 0.00541435)
(0.0119683 -0.00325242 0.00371212 -0.00325242 0.00913027 -0.00242498 0.00371212 -0.00242498 0.00642408)
(0.0134681 -0.000336782 -0.000994248 -0.000336782 0.00742546 -0.00139218 -0.000994248 -0.00139218 0.00419905)
(0.0176715 -0.0012351 -0.000930352 -0.0012351 0.00718482 0.00276386 -0.000930352 0.00276386 0.009035)
(0.0114348 -0.000319092 0.000841308 -0.000319092 0.00686397 -0.00231287 0.000841308 -0.00231287 0.00667827)
(0.00741782 0.000729887 -0.00152607 0.000729887 0.00371993 0.00159623 -0.00152607 0.00159623 0.00774726)
(0.0129835 -0.000939945 -0.00204435 -0.000939945 0.00788789 -0.00360777 -0.00204435 -0.00360777 0.00584914)
(0.0103681 -0.00235207 -0.0010487 -0.00235207 0.00877849 -0.00263675 -0.0010487 -0.00263675 0.00616251)
(0.0177732 -0.00011388 0.00440047 -0.00011388 0.00884373 -0.00184135 0.00440047 -0.00184135 0.00565975)
(0.00820853 -0.00171315 0.000154902 -0.00171315 0.00827426 0.00152101 0.000154902 0.00152101 0.00705475)
(0.0127719 -0.00293243 0.000346221 -0.00293243 0.00877695 -0.00156991 0.000346221 -0.00156991 0.00532197)
(0.0169361 -0.00381062 0.00279556 -0.00381062 0.00987454 -0.000406882 0.00279556 -0.000406882 0.00839464)
(0.0134638 0.00140784 0.00360091 0.00140784 0.00682132 0.00137908 0.00360091 0.00137908 0.00730506)
(0.0160245 0.000231887 0.00225491 0.000231887 0.00726106 0.00119073 0.00225491 0.00119073 0.00814082)
(0.0143046 -0.00406242 0.00186449 -0.00406242 0.00935274 -0.00197215 0.00186449 -0.00197215 0.00695357)
(0.0126236 -0.000853978 0.000849374 -0.000853978 0.010438 -0.00174975 0.000849374 -0.00174975 0.00880361)
(0.0186132 0.00167038 0.000358708 0.00167038 0.00639782 0.00374387 0.000358708 0.00374387 0.0112153)
(0.0112959 -0.00217499 -0.00102415 -0.00217499 0.0102396 -0.000783353 -0.00102415 -0.000783353 0.0122645)
(0.00926899 0.00104365 0.00230111 0.00104365 0.00741269 0.000901054 0.00230111 0.000901054 0.00563529)
(0.0138848 -0.0025797 -0.00388924 -0.0025797 0.00952268 -0.00131766 -0.00388924 -0.00131766 0.00971198)
(0.0146166 0.000999441 0.00289159 0.000999441 0.00696782 0.000863748 0.00289159 0.000863748 0.00814785)
(0.00967112 -0.00246862 0.0025085 -0.00246862 0.00948221 -0.00200172 0.0025085 -0.00200172 0.00665977)
(0.00857487 -0.00103802 0.00163034 -0.00103802 0.0105052 -0.00203717 0.00163034 -0.00203717 0.00526277)
(0.00585394 -0.00501946 -0.00101855 -0.00501946 0.01088 0.000368117 -0.00101855 0.000368117 0.0063146)
(0.00385454 0.000629646 0.000162942 0.000629646 0.00547214 0.000946417 0.000162942 0.000946417 0.00216258)
(0.00792413 -0.00120085 -0.00138542 -0.00120085 0.0053401 0.00112163 -0.00138542 0.00112163 0.00262642)
(0.0142068 -0.00157404 -0.00145542 -0.00157404 0.00780094 0.000735161 -0.00145542 0.000735161 0.00384107)
(0.0149146 0.00151976 0.00210297 0.00151976 0.00651037 0.00203611 0.00210297 0.00203611 0.00745755)
(0.0145845 0.00121992 -0.000661535 0.00121992 0.00715587 0.00285509 -0.000661535 0.00285509 0.0105309)
(0.0125712 -0.000230176 0.00270396 -0.000230176 0.00831512 -0.00139043 0.00270396 -0.00139043 0.00644149)
(0.0100209 -0.00272496 0.000806484 -0.00272496 0.00986269 0.00133056 0.000806484 0.00133056 0.00488924)
(0.00530344 -0.000800345 0.00103539 -0.000800345 0.00650976 0.00108956 0.00103539 0.00108956 0.00253738)
(0.00401247 -0.000576873 0.000185952 -0.000576873 0.00731701 -0.00141052 0.000185952 -0.00141052 0.00197554)
(0.0033588 0.000927551 0.000679808 0.000927551 0.00438079 -0.000347435 0.000679808 -0.000347435 0.0042214)
(0.0133941 -0.00358861 0.00223042 -0.00358861 0.00847133 -0.00308894 0.00223042 -0.00308894 0.00592206)
(0.00592663 0.00116032 0.0018753 0.00116032 0.00525962 0.000478636 0.0018753 0.000478636 0.00673517)
(0.0164806 0.000484443 0.00416322 0.000484443 0.00854846 -0.00198965 0.00416322 -0.00198965 0.00529821)
(0.0111629 -0.00104082 0.00114134 -0.00104082 0.00726626 -0.00271625 0.00114134 -0.00271625 0.00356339)
(0.0101584 7.96979e-05 0.000537358 7.96979e-05 0.00732682 -0.00107672 0.000537358 -0.00107672 0.00395593)
(0.0151549 -0.000196371 0.00290466 -0.000196371 0.00821576 -0.000562842 0.00290466 -0.000562842 0.00765814)
(0.0145248 0.00212315 0.00308531 0.00212315 0.00680928 0.00171048 0.00308531 0.00171048 0.00496182)
(0.0105364 0.00231549 0.00265641 0.00231549 0.00685437 -0.000512802 0.00265641 -0.000512802 0.00435611)
(0.0134326 -0.00412079 0.00433265 -0.00412079 0.00935519 -0.00178151 0.00433265 -0.00178151 0.0086155)
(0.0145942 0.00130663 0.00187612 0.00130663 0.00578059 0.00277362 0.00187612 0.00277362 0.0083278)
(0.00836928 -0.00533034 -0.00249242 -0.00533034 0.011165 -0.00116585 -0.00249242 -0.00116585 0.0082362)
(0.00793332 0.000516998 0.000102082 0.000516998 0.00654628 -0.000698816 0.000102082 -0.000698816 0.00264516)
(0.0116737 0.000145935 0.00272892 0.000145935 0.00802684 -0.0014737 0.00272892 -0.0014737 0.00653285)
(0.0118521 -8.7522e-05 -0.00124885 -8.7522e-05 0.0074481 -0.0030777 -0.00124885 -0.0030777 0.00554746)
(0.0155597 -0.00303103 0.00355751 -0.00303103 0.00933481 -0.00259981 0.00355751 -0.00259981 0.0055483)
(0.0176022 -0.00343038 0.00349054 -0.00343038 0.00700749 -0.000290558 0.00349054 -0.000290558 0.0120599)
(0.014426 -0.00181967 0.00239007 -0.00181967 0.00903615 -0.00130662 0.00239007 -0.00130662 0.00802135)
(0.0133901 -0.00206369 0.00413921 -0.00206369 0.0093355 -0.000886978 0.00413921 -0.000886978 0.00834565)
(0.0150799 -0.00144755 0.00299117 -0.00144755 0.00842038 0.000431446 0.00299117 0.000431446 0.00841491)
(0.0149383 0.000260634 0.00171611 0.000260634 0.00728394 0.000777009 0.00171611 0.000777009 0.00774079)
(0.0204962 -0.00345083 0.000709044 -0.00345083 0.00885196 0.000130336 0.000709044 0.000130336 0.00941527)
(0.0168891 -0.000969959 -0.00227697 -0.000969959 0.00662933 0.00410304 -0.00227697 0.00410304 0.0112346)
(0.0144821 0.00130936 0.00258495 0.00130936 0.0060514 0.00198257 0.00258495 0.00198257 0.00828796)
(0.0139426 -0.00123618 0.0014718 -0.00123618 0.0106359 -0.00237585 0.0014718 -0.00237585 0.0129154)
(0.0143147 -0.000284913 0.00202568 -0.000284913 0.0104949 -0.00137247 0.00202568 -0.00137247 0.00701669)
(0.0196195 -0.00219281 0.000585109 -0.00219281 0.00777598 0.000587094 0.000585109 0.000587094 0.00568916)
(0.00995289 0.00203663 0.00198727 0.00203663 0.00702149 -0.000834895 0.00198727 -0.000834895 0.00634151)
(0.0118367 -0.00314391 0.00192793 -0.00314391 0.00946701 -0.00248426 0.00192793 -0.00248426 0.00890252)
(0.00483666 -0.00165518 0.00128072 -0.00165518 0.00937968 -0.00186474 0.00128072 -0.00186474 0.00585218)
(0.00168466 -0.0016734 0.000674335 -0.0016734 0.00478919 -0.00075425 0.000674335 -0.00075425 0.00101421)
(0.00109457 -0.000122442 0.000168764 -0.000122442 0.00164761 0.000132086 0.000168764 0.000132086 0.000829256)
(0.0041253 0.000221916 0.000747494 0.000221916 0.00212204 5.62761e-05 0.000747494 5.62761e-05 0.00131131)
(0.00757806 -0.000685373 0.000132173 -0.000685373 0.00432311 0.000730604 0.000132173 0.000730604 0.0020265)
(0.0129313 0.00111907 0.00347007 0.00111907 0.00715863 -4.0804e-05 0.00347007 -4.0804e-05 0.00778562)
(0.019752 -0.00164158 -0.000734477 -0.00164158 0.0070643 0.00372203 -0.000734477 0.00372203 0.00975956)
(0.011005 -0.00342686 0.00157381 -0.00342686 0.00906305 -0.0021503 0.00157381 -0.0021503 0.00673236)
(0.00584902 -0.000541459 -0.000177855 -0.000541459 0.00475098 -0.00110233 -0.000177855 -0.00110233 0.00162721)
(0.00672203 0.000428604 0.00169246 0.000428604 0.00172352 0.000356049 0.00169246 0.000356049 0.00223012)
(0.00791521 0.000829728 0.00256318 0.000829728 0.00714913 0.000178352 0.00256318 0.000178352 0.00899285)
(0.00100936 7.03512e-05 -0.000372224 7.03512e-05 0.000855255 -0.0001362 -0.000372224 -0.0001362 0.000983074)
(0.00336621 -0.00251633 0.00146152 -0.00251633 0.0053357 -0.00279564 0.00146152 -0.00279564 0.00422232)
(0.0141142 -0.00170045 0.00188391 -0.00170045 0.00658906 -0.00297675 0.00188391 -0.00297675 0.00574325)
(0.00382016 -0.00241232 -7.36341e-05 -0.00241232 0.00388235 -0.00103879 -7.36341e-05 -0.00103879 0.00994548)
(0.00357755 -0.0015922 0.00153882 -0.0015922 0.00291479 -0.0011496 0.00153882 -0.0011496 0.00607943)
(0.0118946 -0.00309865 -0.000177868 -0.00309865 0.00939793 -0.00240168 -0.000177868 -0.00240168 0.00763833)
(0.0129827 0.000278454 0.00056283 0.000278454 0.00686446 6.75851e-05 0.00056283 6.75851e-05 0.00485845)
(0.00708598 2.52584e-05 0.00207801 2.52584e-05 0.00207248 -0.000664534 0.00207801 -0.000664534 0.00281362)
(0.00277836 0.000706778 0.000673451 0.000706778 0.00636901 -0.00155782 0.000673451 -0.00155782 0.00322448)
(0.0180122 -0.00280897 0.00368435 -0.00280897 0.00871436 -0.00197648 0.00368435 -0.00197648 0.0059148)
(0.0170878 -0.0025082 -0.00314196 -0.0025082 0.00707789 0.000325826 -0.00314196 0.000325826 0.00649722)
(0.0126512 -0.00495371 -0.00400928 -0.00495371 0.0114992 -0.0016583 -0.00400928 -0.0016583 0.00948654)
(0.0144688 0.000319168 0.00128483 0.000319168 0.00828644 -0.00166702 0.00128483 -0.00166702 0.00688477)
(0.00947302 -0.00141917 0.00168081 -0.00141917 0.00845982 -0.00203117 0.00168081 -0.00203117 0.00686584)
(0.0111904 -0.00103639 -0.00244168 -0.00103639 0.00749428 -0.00426009 -0.00244168 -0.00426009 0.00625552)
(0.0111472 -0.00364096 0.000320625 -0.00364096 0.00848169 -0.00230171 0.000320625 -0.00230171 0.00641553)
(0.0199016 -0.0013372 0.000395808 -0.0013372 0.0070155 -0.00332181 0.000395808 -0.00332181 0.00751366)
(0.0152761 -0.00208592 0.00262182 -0.00208592 0.00913043 -0.000544146 0.00262182 -0.000544146 0.00609452)
(0.0116501 -0.00226977 0.00400003 -0.00226977 0.00922258 -0.00145291 0.00400003 -0.00145291 0.0079614)
(0.0141516 -0.00332418 0.00172683 -0.00332418 0.00851049 -0.00013071 0.00172683 -0.00013071 0.00658449)
(0.00389716 0.000382031 0.000351649 0.000382031 0.00206765 -1.64099e-06 0.000351649 -1.64099e-06 0.0030635)
(0.0225391 -0.00253256 -0.00135992 -0.00253256 0.00797435 0.0027925 -0.00135992 0.0027925 0.00963062)
(0.0209096 -0.00114223 -0.00141248 -0.00114223 0.00683904 0.0039705 -0.00141248 0.0039705 0.00976674)
(0.0186973 -0.00193465 0.000439618 -0.00193465 0.00791347 0.00227316 0.000439618 0.00227316 0.0094058)
(0.0256354 -0.00127406 -0.00567551 -0.00127406 0.00599603 0.00491975 -0.00567551 0.00491975 0.0101402)
(0.00929723 -0.0032582 -0.00143559 -0.0032582 0.0112342 -0.00109695 -0.00143559 -0.00109695 0.00608584)
(0.0183554 -0.000407924 0.0027426 -0.000407924 0.00929799 -0.000264299 0.0027426 -0.000264299 0.00421098)
(0.00852645 0.00128197 0.000199724 0.00128197 0.0073212 -0.000616275 0.000199724 -0.000616275 0.00384201)
(0.0101633 -0.00321449 0.000275606 -0.00321449 0.00874485 -0.00239259 0.000275606 -0.00239259 0.00738999)
(0.00352567 0.000263073 0.000869006 0.000263073 0.00374521 0.000859019 0.000869006 0.000859019 0.0016761)
(0.00396487 0.00143203 0.000953011 0.00143203 0.00297816 0.000740264 0.000953011 0.000740264 0.00231799)
(0.000675492 -0.000535075 9.35243e-05 -0.000535075 0.00259439 -0.00121586 9.35243e-05 -0.00121586 0.00298936)
(0.00386519 8.96435e-05 -0.00075202 8.96435e-05 0.00199996 -0.000238729 -0.00075202 -0.000238729 0.00188554)
(0.0114999 0.00113196 0.0017961 0.00113196 0.00539849 0.0020936 0.0017961 0.0020936 0.00668001)
(0.00999258 0.0019418 0.00296491 0.0019418 0.00617969 0.00010884 0.00296491 0.00010884 0.00658511)
(0.0168342 -0.00172996 0.00411 -0.00172996 0.0088771 -0.000826122 0.00411 -0.000826122 0.00933268)
(0.0140071 -0.00403707 0.00279227 -0.00403707 0.00930394 -0.00158221 0.00279227 -0.00158221 0.00643536)
(0.0154432 -0.00131784 0.00305137 -0.00131784 0.0083502 -0.0010335 0.00305137 -0.0010335 0.00567057)
(0.0156148 0.00161067 0.00217142 0.00161067 0.00695912 0.000903529 0.00217142 0.000903529 0.00327814)
(0.00772096 -6.71819e-05 0.0020129 -6.71819e-05 0.00733236 0.000671925 0.0020129 0.000671925 0.00384951)
(0.00313214 -0.000195349 0.00148368 -0.000195349 0.00655023 -0.000178124 0.00148368 -0.000178124 0.00355815)
(0.0152675 -0.00460186 0.00156669 -0.00460186 0.0102046 0.000862682 0.00156669 0.000862682 0.00724362)
(0.00646148 0.00117881 0.00135359 0.00117881 0.0050694 0.00121243 0.00135359 0.00121243 0.00535945)
(0.00409104 -0.00158418 0.00201629 -0.00158418 0.00544565 -0.0025363 0.00201629 -0.0025363 0.00706474)
(0.00496726 -0.00118826 0.00103326 -0.00118826 0.00262097 -0.000250262 0.00103326 -0.000250262 0.00642544)
(0.00570359 -0.00360855 0.000425838 -0.00360855 0.00854823 -0.00260734 0.000425838 -0.00260734 0.00395305)
(0.0082262 -0.0031951 -0.000794638 -0.0031951 0.0108774 -0.00234568 -0.000794638 -0.00234568 0.00689231)
(0.00888117 0.00162833 0.00170041 0.00162833 0.00320683 -3.99081e-05 0.00170041 -3.99081e-05 0.00251987)
(0.0073467 -0.000953055 -7.01845e-06 -0.000953055 0.00779769 -0.00177629 -7.01845e-06 -0.00177629 0.00779369)
(0.0128318 -0.00404349 0.00126851 -0.00404349 0.00924337 -0.00370363 0.00126851 -0.00370363 0.00435503)
(0.0140415 0.00239212 0.00213664 0.00239212 0.00464284 0.00173052 0.00213664 0.00173052 0.00500731)
(0.0108432 -0.00132088 0.00160267 -0.00132088 0.00894541 0.000252613 0.00160267 0.000252613 0.00482328)
(0.0151926 0.00198136 0.00361964 0.00198136 0.00754594 -0.000169207 0.00361964 -0.000169207 0.00654643)
(0.00114507 0.000137961 0.000280347 0.000137961 0.00540984 -0.000666359 0.000280347 -0.000666359 0.00167937)
(0.00799001 -0.000470829 -0.000929793 -0.000470829 0.00718863 -0.00317615 -0.000929793 -0.00317615 0.00500037)
(0.0102745 -0.000334349 -0.00148847 -0.000334349 0.00692451 -0.000336781 -0.00148847 -0.000336781 0.00359768)
(0.0111421 -0.00545286 -0.00117056 -0.00545286 0.00935533 -0.00302895 -0.00117056 -0.00302895 0.00508823)
(0.00575282 0.002051 0.00211399 0.002051 0.00391959 0.000718405 0.00211399 0.000718405 0.00227791)
(0.00671284 -0.00240684 0.00184189 -0.00240684 0.00826014 -0.00224195 0.00184189 -0.00224195 0.0065499)
(0.0128906 0.00054367 0.000710454 0.00054367 0.0101466 -0.00219704 0.000710454 -0.00219704 0.00563535)
(0.0122211 -0.0023424 -0.000670244 -0.0023424 0.0111137 -0.00207834 -0.000670244 -0.00207834 0.00868984)
(0.0163268 -0.001609 -0.00313333 -0.001609 0.0060838 0.00321333 -0.00313333 0.00321333 0.0108594)
(0.018846 -0.00195255 0.000900075 -0.00195255 0.00822403 0.00176195 0.000900075 0.00176195 0.00947273)
(0.0160902 -0.00230072 -0.00254936 -0.00230072 0.00655629 0.00392606 -0.00254936 0.00392606 0.00879673)
(0.025157 -0.00271726 -0.00570746 -0.00271726 0.00635989 0.00499823 -0.00570746 0.00499823 0.0101469)
(0.0175942 -0.00186047 0.00110522 -0.00186047 0.00944348 0.00146235 0.00110522 0.00146235 0.00630637)
(0.0176505 0.00153387 0.00382532 0.00153387 0.00847295 -0.000463336 0.00382532 -0.000463336 0.00305484)
(0.0160845 -0.00122273 0.00302813 -0.00122273 0.00843101 -0.00082607 0.00302813 -0.00082607 0.00494593)
(0.0062783 -0.00179361 -0.000696696 -0.00179361 0.00390044 -0.00312973 -0.000696696 -0.00312973 0.00716153)
(0.00531248 -0.00129428 -0.00113776 -0.00129428 0.00728785 -0.00289179 -0.00113776 -0.00289179 0.00498509)
(0.00175362 -0.00124344 0.00117513 -0.00124344 0.00277394 -0.00122838 0.00117513 -0.00122838 0.0020091)
(0.00183269 -0.000923154 6.92718e-05 -0.000923154 0.00245544 0.00100564 6.92718e-05 0.00100564 0.00359058)
