/*--------------------------------*- C++ -*----------------------------------*\
  =========                 |
  \\      /  F ield         | OpenFOAM: The Open Source CFD Toolbox
   \\    /   O peration     | Website:  https://openfoam.org
    \\  /    A nd           | Version:  10
     \\/     M anipulation  |
\*---------------------------------------------------------------------------*/
FoamFile
{
    format      ascii;
    class       volTensorField;
    location    "5";
    object      TauNN;
}
// * * * * * * * * * * * * * * * * * * * * * * * * * * * * * * * * * * * * * //

dimensions      [0 2 -2 0 0 0 0];

internalField   nonuniform List<tensor> 
25600
(
(0.00129062 -0.00249023 0.00444359 -0.00249023 0.00824341 -0.00286358 0.00444359 -0.00286358 0.00609776)
(0.00357507 -0.00266299 0.00371958 -0.00266299 0.00698121 -0.00309016 0.00371958 -0.00309016 0.0053211)
(-0.00102896 -0.00263095 0.00518018 -0.00263095 0.00885904 -0.00201441 0.00518018 -0.00201441 0.00799914)
(-0.00155841 -0.00225164 0.0053179 -0.00225164 0.0096971 -0.00146385 0.0053179 -0.00146385 0.00781211)
(-0.00073131 -0.00242239 0.0051797 -0.00242239 0.009925 -0.0015524 0.0051797 -0.0015524 0.00839861)
(-0.00135909 -0.00258401 0.00566827 -0.00258401 0.00991369 -0.00175004 0.00566827 -0.00175004 0.00837146)
(-0.000609658 -0.00303885 0.00534925 -0.00303885 0.00920614 -0.00197491 0.00534925 -0.00197491 0.00856178)
(5.90968e-05 -0.0022463 0.00482035 -0.0022463 0.00833149 -0.00245786 0.00482035 -0.00245786 0.00680311)
(-0.000791255 -0.00253475 0.0050425 -0.00253475 0.00865402 -0.00204534 0.0050425 -0.00204534 0.00771553)
(-0.000757265 -0.00235466 0.00493994 -0.00235466 0.00858696 -0.00195023 0.00493994 -0.00195023 0.00756263)
(-0.00160294 -0.00259086 0.00496905 -0.00259086 0.00914542 -0.000880176 0.00496905 -0.000880176 0.0086689)
(-2.38945e-05 -0.00195627 0.00348465 -0.00195627 0.00959725 -0.000353693 0.00348465 -0.000353693 0.00830929)
(-0.00160013 -0.00238286 0.00467644 -0.00238286 0.00960107 -0.00088086 0.00467644 -0.00088086 0.00853399)
(-0.00142522 -0.00328058 0.00573896 -0.00328058 0.0096189 -0.00169433 0.00573896 -0.00169433 0.00878242)
(0.000487989 -0.00261833 0.00483656 -0.00261833 0.00877901 -0.00269021 0.00483656 -0.00269021 0.00702713)
(0.00263654 -0.00241058 0.00389864 -0.00241058 0.00737146 -0.00296094 0.00389864 -0.00296094 0.00542663)
(0.00356164 -0.0027327 0.00367446 -0.0027327 0.0070033 -0.0030741 0.00367446 -0.0030741 0.00541118)
(0.00317261 -0.00276191 0.00331912 -0.00276191 0.00718629 -0.00297228 0.00331912 -0.00297228 0.00553474)
(0.00307495 -0.00252375 0.00296644 -0.00252375 0.00776043 -0.00254802 0.00296644 -0.00254802 0.00613872)
(0.000316277 -0.000182729 0.00386075 -0.000182729 0.00903885 -0.00125283 0.00386075 -0.00125283 0.00509332)
(-0.000795576 -0.00250306 0.00561424 -0.00250306 0.00977151 -0.00175045 0.00561424 -0.00175045 0.00789956)
(-0.000655444 -0.00352066 0.00578459 -0.00352066 0.00960022 -0.00185778 0.00578459 -0.00185778 0.00890892)
(-3.20819e-05 -0.00283898 0.00514232 -0.00283898 0.00902969 -0.00250177 0.00514232 -0.00250177 0.00771114)
(-1.4755e-05 -0.00232323 0.00473664 -0.00232323 0.00834928 -0.00255301 0.00473664 -0.00255301 0.00670256)
(0.00370627 -0.0023274 0.00346959 -0.0023274 0.00698831 -0.00292834 0.00346959 -0.00292834 0.00521015)
(0.00717203 -0.00316835 0.00197627 -0.00316835 0.00581673 -0.00340455 0.00197627 -0.00340455 0.00547712)
(0.00151507 -0.00264758 0.00350219 -0.00264758 0.007561 -0.0028101 0.00350219 -0.0028101 0.00584788)
(-0.00165514 -0.00233129 0.00543368 -0.00233129 0.00947729 -0.0014309 0.00543368 -0.0014309 0.00759807)
(-0.000904961 -0.00254615 0.0055771 -0.00254615 0.00995856 -0.00176238 0.0055771 -0.00176238 0.00835842)
(-0.00064127 -0.00356792 0.00574262 -0.00356792 0.00959635 -0.00156408 0.00574262 -0.00156408 0.00932038)
(-0.00112296 -0.00243874 0.00510121 -0.00243874 0.00873408 -0.00186309 0.00510121 -0.00186309 0.00798208)
(-0.0016241 -0.00285907 0.00519879 -0.00285907 0.00918972 -0.00118901 0.00519879 -0.00118901 0.00884218)
(-0.00181665 -0.00269388 0.00533601 -0.00269388 0.00946205 -0.0012167 0.00533601 -0.0012167 0.00832198)
(-0.00138873 -0.00238279 0.00504392 -0.00238279 0.0088602 -0.00144777 0.00504392 -0.00144777 0.00827498)
(-0.00163364 -0.00265321 0.00501305 -0.00265321 0.00913131 -0.00121888 0.00501305 -0.00121888 0.00883659)
(-0.00167884 -0.00265911 0.00579424 -0.00265911 0.00991344 -0.00180873 0.00579424 -0.00180873 0.00830758)
(0.000839583 -0.00309499 0.00537716 -0.00309499 0.00942066 -0.00208618 0.00537716 -0.00208618 0.00888115)
(0.00124925 -0.00274456 0.00514526 -0.00274456 0.00905101 -0.00253677 0.00514526 -0.00253677 0.00774084)
(0.00115305 -0.00356405 0.00574798 -0.00356405 0.00976997 -0.00179137 0.00574798 -0.00179137 0.00969271)
(0.00184175 -0.00337455 0.00561408 -0.00337455 0.00970573 -0.0020297 0.00561408 -0.0020297 0.00946738)
(0.00052256 -0.00279297 0.00371422 -0.00279297 0.00927979 -0.003161 0.00371422 -0.003161 0.00669526)
(0.00371749 -0.00370124 0.0034286 -0.00370124 0.00798705 -0.0033122 0.0034286 -0.0033122 0.00617998)
(0.00431212 0.000431263 0.00753661 0.000431263 0.00789743 -0.00232035 0.00753661 -0.00232035 0.00873387)
(0.0062895 -0.000193242 0.0044652 -0.000193242 0.0089884 -0.00148161 0.0044652 -0.00148161 0.00711719)
(0.00615202 -0.000836245 0.00296498 -0.000836245 0.00836944 0.00028397 0.00296498 0.00028397 0.00778661)
(0.00281658 -0.00105664 0.0027056 -0.00105664 0.00909088 -0.000397748 0.0027056 -0.000397748 0.00728124)
(0.000189788 -0.00193145 0.00542079 -0.00193145 0.00919497 -0.0018147 0.00542079 -0.0018147 0.00702171)
(-0.000558217 -0.00226675 0.00528871 -0.00226675 0.00900114 -0.00254977 0.00528871 -0.00254977 0.00824445)
(0.00209531 4.14839e-05 0.00594493 4.14839e-05 0.00842365 -0.00227947 0.00594493 -0.00227947 0.00699486)
(0.00386674 0.00116146 0.00640121 0.00116146 0.00772376 -0.00201745 0.00640121 -0.00201745 0.00672218)
(0.00417666 -0.00107948 0.00493954 -0.00107948 0.00905239 -0.0019184 0.00493954 -0.0019184 0.0082618)
(0.00571061 -0.00059228 0.00203075 -0.00059228 0.00812854 0.000161545 0.00203075 0.000161545 0.006949)
(0.00666224 -0.000174105 0.00126238 -0.000174105 0.00850018 0.000318859 0.00126238 0.000318859 0.00581663)
(0.00410054 -4.57931e-06 0.00358227 -4.57931e-06 0.0091962 -0.00117694 0.00358227 -0.00117694 0.0055753)
(0.00165582 -0.00141456 0.00536271 -0.00141456 0.00903258 -0.00255032 0.00536271 -0.00255032 0.00650482)
(0.00306953 -0.00297175 0.00376344 -0.00297175 0.00833541 -0.00323757 0.00376344 -0.00323757 0.00596988)
(0.00350741 -0.00122915 0.00327762 -0.00122915 0.00535802 -0.00435255 0.00327762 -0.00435255 0.0063178)
(0.00351931 -0.000776218 0.00427244 -0.000776218 0.0059282 -0.00377271 0.00427244 -0.00377271 0.00644367)
(0.00558986 0.00178306 0.0062175 0.00178306 0.00655281 -0.00211202 0.0062175 -0.00211202 0.00653158)
(0.00880726 0.00204534 0.00393636 0.00204534 0.00794858 -0.000685461 0.00393636 -0.000685461 0.00396336)
(0.00282505 -0.00113886 0.00437292 -0.00113886 0.00953307 -0.00146827 0.00437292 -0.00146827 0.00620996)
(5.78068e-05 -0.00217309 0.0054711 -0.00217309 0.0094309 -0.00216743 0.0054711 -0.00216743 0.00768091)
(0.000131811 -0.00261835 0.00554319 -0.00261835 0.00926383 -0.00259071 0.00554319 -0.00259071 0.00773441)
(0.000555402 -0.0017837 0.00556385 -0.0017837 0.00865833 -0.00269743 0.00556385 -0.00269743 0.00731795)
(0.00615191 -2.44575e-05 0.00351048 -2.44575e-05 0.00573145 -0.00425054 0.00351048 -0.00425054 0.00633643)
(0.00449175 -0.000743012 -0.000422753 -0.000743012 0.00426578 -0.000320576 -0.000422753 -0.000320576 0.0127495)
(0.00623279 0.000793635 0.00471316 0.000793635 0.00447587 -0.00342071 0.00471316 -0.00342071 0.00694035)
(0.00646773 -0.000720581 0.00548246 -0.000720581 0.00897164 -0.00179627 0.00548246 -0.00179627 0.007902)
(0.00238987 -0.00147625 0.00406648 -0.00147625 0.00952502 -0.000898416 0.00406648 -0.000898416 0.00760633)
(0.00130582 -0.0024952 0.0053886 -0.0024952 0.00961769 -0.00161764 0.0053886 -0.00161764 0.00880096)
(0.000697749 0.000204651 0.00648881 0.000204651 0.00822163 -0.00227838 0.00648881 -0.00227838 0.00753111)
(-0.000244052 -0.00111327 0.00466902 -0.00111327 0.00910811 -0.00201973 0.00466902 -0.00201973 0.00843133)
(0.000733275 -0.000574802 0.00376171 -0.000574802 0.00913495 -0.0011872 0.00376171 -0.0011872 0.00637628)
(0.00162141 0.000581997 0.00393612 0.000581997 0.00874115 -0.00123976 0.00393612 -0.00123976 0.00570743)
(0.000953898 -0.00118751 0.00456167 -0.00118751 0.00961407 -0.0015047 0.00456167 -0.0015047 0.00671716)
(0.00367484 -0.0013099 0.00393114 -0.0013099 0.00983914 -0.00129628 0.00393114 -0.00129628 0.00638367)
(0.00381612 -0.00138349 0.00444918 -0.00138349 0.00980318 -0.00153268 0.00444918 -0.00153268 0.00628339)
(0.00163604 -0.00214652 0.00507802 -0.00214652 0.00879146 -0.00170418 0.00507802 -0.00170418 0.00817099)
(0.00180365 -0.00310806 0.00560423 -0.00310806 0.00955925 -0.00189802 0.00560423 -0.00189802 0.00878345)
(0.000903027 -0.00274398 0.00622015 -0.00274398 0.00971206 -0.00246628 0.00622015 -0.00246628 0.00758906)
(0.00988318 -0.00329993 0.00174788 -0.00329993 0.00901402 -0.00433294 0.00174788 -0.00433294 0.00549232)
(0.00316444 -0.00358647 0.0027483 -0.00358647 0.0084292 -0.00414684 0.0027483 -0.00414684 0.00540319)
(0.0144655 -0.00313216 0.00423314 -0.00313216 0.00979636 -7.30613e-05 0.00423314 -7.30613e-05 0.00518975)
(0.00976371 0.00298806 0.00429053 0.00298806 0.00634385 0.000561441 0.00429053 0.000561441 0.00582986)
(0.00799893 0.00321808 0.00305466 0.00321808 0.00515063 0.000237999 0.00305466 0.000237999 0.00556106)
(0.0157145 -0.00290261 0.00362755 -0.00290261 0.00899612 0.000513855 0.00362755 0.000513855 0.00969932)
(0.0131238 -0.0053392 0.00533192 -0.0053392 0.010367 -0.00232871 0.00533192 -0.00232871 0.00867999)
(0.0110665 -0.00549408 0.00394757 -0.00549408 0.0105209 -0.00336677 0.00394757 -0.00336677 0.00585174)
(0.0132822 -0.00497359 0.00325356 -0.00497359 0.0103669 -0.00219637 0.00325356 -0.00219637 0.00588235)
(0.0168749 -0.00337924 0.00284138 -0.00337924 0.00993879 0.000225971 0.00284138 0.000225971 0.00547073)
(0.0247489 -0.0043823 0.00175623 -0.0043823 0.00939606 0.00180517 0.00175623 0.00180517 0.00872826)
(0.00941743 0.00177328 0.00272809 0.00177328 0.00524091 0.00104246 0.00272809 0.00104246 0.00681343)
(0.0125509 0.000440048 0.00428505 0.000440048 0.00765571 0.000271377 0.00428505 0.000271377 0.00793742)
(0.013936 -0.00378251 0.00399283 -0.00378251 0.0100113 -0.00144191 0.00399283 -0.00144191 0.00607867)
(0.0123045 -0.00128922 0.00430443 -0.00128922 0.00907576 -0.00277529 0.00430443 -0.00277529 0.00514085)
(0.00557577 -9.36203e-05 0.00377983 -9.36203e-05 0.00671678 -0.00392659 0.00377983 -0.00392659 0.00623737)
(0.00194383 -0.00425217 0.00374605 -0.00425217 0.00854721 -0.00336563 0.00374605 -0.00336563 0.00514678)
(0.00286563 -0.00415827 0.00390539 -0.00415827 0.00942611 -0.00299997 0.00390539 -0.00299997 0.00505766)
(0.00502394 -0.00204832 0.00413775 -0.00204832 0.00961486 -0.0009109 0.00413775 -0.0009109 0.00496319)
(0.0174217 -0.00189274 0.00310824 -0.00189274 0.0092158 0.00097321 0.00310824 0.00097321 0.0043297)
(0.0103841 -0.00057268 0.00507723 -0.00057268 0.00848596 -0.000609961 0.00507723 -0.000609961 0.00727506)
(0.0101929 -0.0030021 0.00480864 -0.0030021 0.00954072 -0.00193283 0.00480864 -0.00193283 0.00759976)
(0.00870951 -0.00647906 0.00272581 -0.00647906 0.0107114 -0.0041118 0.00272581 -0.0041118 0.00544599)
(0.00775343 -0.00397142 0.00468322 -0.00397142 0.0107769 -0.00296712 0.00468322 -0.00296712 0.00642682)
(0.00338643 -0.00058604 0.00395828 -0.00058604 0.00775253 -0.00274227 0.00395828 -0.00274227 0.00510755)
(0.00165767 0.000302743 0.00387654 0.000302743 0.00489875 -0.00342279 0.00387654 -0.00342279 0.00538168)
(0.00263923 -0.00244233 0.0046382 -0.00244233 0.00931866 -0.0014613 0.0046382 -0.0014613 0.00462749)
(0.0259978 -0.00510763 0.00317603 -0.00510763 0.0106982 0.00096581 0.00317603 0.00096581 0.007965)
(0.0163335 -0.00513208 -0.000237396 -0.00513208 0.00763882 0.00254884 -0.000237396 0.00254884 0.00797057)
(0.014689 -0.00543983 0.00587671 -0.00543983 0.0106191 -0.00192032 0.00587671 -0.00192032 0.010758)
(0.015888 -0.00508618 0.00421793 -0.00508618 0.0104635 -0.00146838 0.00421793 -0.00146838 0.00752737)
(0.00681055 -0.000274413 0.00410402 -0.000274413 0.00820695 -0.00138782 0.00410402 -0.00138782 0.00611622)
(0.00963937 -0.0026952 0.00488673 -0.0026952 0.00966839 -0.000267992 0.00488673 -0.000267992 0.00877898)
(0.0177358 -0.00189415 0.00296655 -0.00189415 0.0096937 0.000347264 0.00296655 0.000347264 0.00473821)
(0.00249709 -0.00275197 0.00492416 -0.00275197 0.00966051 -0.000553061 0.00492416 -0.000553061 0.00861823)
(0.00966065 -0.00126235 0.00515731 -0.00126235 0.00868045 -0.000868948 0.00515731 -0.000868948 0.0079699)
(0.0127188 -0.00219375 0.00286885 -0.00219375 0.00951818 -0.00076227 0.00286885 -0.00076227 0.00370763)
(0.00898877 -0.000651409 0.00495771 -0.000651409 0.00773402 -0.00074714 0.00495771 -0.00074714 0.0077664)
(0.0124276 0.000175291 0.0040055 0.000175291 0.00766974 -0.00124266 0.0040055 -0.00124266 0.00700564)
(0.0108177 -0.0047636 0.00289545 -0.0047636 0.0101599 -0.00455914 0.00289545 -0.00455914 0.00602142)
(0.0202025 -0.00384876 0.00126805 -0.00384876 0.00778018 -0.00265212 0.00126805 -0.00265212 0.00803499)
(0.018976 -0.00433956 0.00125926 -0.00433956 0.00922237 -0.00252722 0.00125926 -0.00252722 0.0070815)
(0.0157869 -0.00106815 0.000493646 -0.00106815 0.00558717 -0.00149652 0.000493646 -0.00149652 0.00397723)
(0.0151712 0.00167979 0.000962669 0.00167979 0.00799392 -0.00207634 0.000962669 -0.00207634 0.00676203)
(0.00751694 -0.0040438 -0.00277683 -0.0040438 0.00812057 0.00146694 -0.00277683 0.00146694 0.00862225)
(0.0129292 0.00207948 0.00146688 0.00207948 0.00508322 0.000495115 0.00146688 0.000495115 0.00696253)
(0.0271123 -0.0057367 0.00149027 -0.0057367 0.00941121 -0.0018208 0.00149027 -0.0018208 0.00877224)
(0.0258514 -0.00391121 0.00155578 -0.00391121 0.00899913 -0.00227069 0.00155578 -0.00227069 0.00836815)
(0.0153768 -0.00400942 -0.000647384 -0.00400942 0.00955744 -0.00252859 -0.000647384 -0.00252859 0.00691419)
(0.012149 -0.00136408 -0.000218669 -0.00136408 0.00612714 0.000212564 -0.000218669 0.000212564 0.00307009)
(0.0111607 -0.00168985 -0.00133432 -0.00168985 0.0101087 -0.00343348 -0.00133432 -0.00343348 0.00620425)
(0.0147389 -0.00323389 -0.00323294 -0.00323389 0.00891526 -0.00101734 -0.00323294 -0.00101734 0.00520704)
(0.0193467 -0.00381747 -0.00204232 -0.00381747 0.00772921 -0.000807287 -0.00204232 -0.000807287 0.00344252)
(0.0139323 -0.00185854 0.002131 -0.00185854 0.00904052 -0.00172754 0.002131 -0.00172754 0.00949103)
(0.00721055 -0.00193375 0.000732807 -0.00193375 0.00556403 0.00066526 0.000732807 0.00066526 0.0105899)
(0.0165403 -0.00235656 0.000296466 -0.00235656 0.00629922 -0.00131707 0.000296466 -0.00131707 0.0119846)
(0.023317 -0.00401584 0.000265839 -0.00401584 0.00914846 -0.0028327 0.000265839 -0.0028327 0.00835188)
(0.0150106 -0.00423787 -0.000765976 -0.00423787 0.00950387 -0.00282295 -0.000765976 -0.00282295 0.00762954)
(0.0126229 -8.5731e-05 0.00299958 -8.5731e-05 0.00544917 -0.000716683 0.00299958 -0.000716683 0.00515827)
(0.0175212 0.000664178 0.0033556 0.000664178 0.00709304 0.0003071 0.0033556 0.0003071 0.00658836)
(0.00906663 -0.000767334 0.000200197 -0.000767334 0.00868829 -0.00185206 0.000200197 -0.00185206 0.00372868)
(0.0131605 -0.000944436 -0.000978882 -0.000944436 0.00740234 -0.00370758 -0.000978882 -0.00370758 0.00591871)
(0.0128548 -0.00250573 0.000157662 -0.00250573 0.0066328 -0.00371669 0.000157662 -0.00371669 0.00563402)
(0.0127304 -0.00490326 0.000899874 -0.00490326 0.00997845 -0.00256817 0.000899874 -0.00256817 0.00715685)
(0.013377 -0.00467143 0.000883088 -0.00467143 0.009548 -0.00315786 0.000883088 -0.00315786 0.00499333)
(0.00496874 0.00133904 0.00493499 0.00133904 0.00405267 -0.00306326 0.00493499 -0.00306326 0.0054533)
(0.00632592 -0.00254872 0.00444754 -0.00254872 0.00935323 -0.00278449 0.00444754 -0.00278449 0.00898109)
(0.0113089 -0.0041047 -0.0017353 -0.0041047 0.0122152 -0.00280606 -0.0017353 -0.00280606 0.00729367)
(0.0135913 -0.000479112 0.00143876 -0.000479112 0.0109066 -0.00253458 0.00143876 -0.00253458 0.00862524)
(0.00820211 -0.00424018 -0.00376 -0.00424018 0.00994493 0.000835154 -0.00376 0.000835154 0.0113017)
(0.0275711 0.000732807 0.00375829 0.000732807 0.00640709 0.00126004 0.00375829 0.00126004 0.00691763)
(0.0108122 0.000686591 -0.00237199 0.000686591 0.00797496 -0.0025745 -0.00237199 -0.0025745 0.00486983)
(0.0157794 0.00159837 0.00107237 0.00159837 0.00673014 -0.000519388 0.00107237 -0.000519388 0.00635519)
(0.0233641 -0.00145263 0.00228641 -0.00145263 0.00893148 -5.71199e-05 0.00228641 -5.71199e-05 0.00656231)
(0.0129871 -0.000222671 0.00317933 -0.000222671 0.00832165 -0.00111428 0.00317933 -0.00111428 0.00762538)
(0.0121943 -0.00432345 -0.0023535 -0.00432345 0.00792229 0.00059919 -0.0023535 0.00059919 0.00573927)
(0.00274077 0.000498553 0.000541231 0.000498553 0.00226693 -0.000366463 0.000541231 -0.000366463 0.00182798)
(0.0141166 0.00151337 0.00228506 0.00151337 0.00664035 0.00158706 0.00228506 0.00158706 0.00459222)
(0.0118176 -0.00319014 0.000108493 -0.00319014 0.0081484 -0.00113243 0.000108493 -0.00113243 0.00312957)
(0.0136826 -0.00290931 0.00291761 -0.00290931 0.00586646 -0.00324685 0.00291761 -0.00324685 0.00539563)
(0.0134498 -0.00678211 -0.000644132 -0.00678211 0.00941557 -0.00334667 -0.000644132 -0.00334667 0.00662486)
(0.0138378 -0.00741806 -0.0009475 -0.00741806 0.00992957 -0.00384369 -0.0009475 -0.00384369 0.00468272)
(0.0108842 -0.00148773 0.00222397 -0.00148773 0.008504 -0.00188399 0.00222397 -0.00188399 0.00577229)
(0.0135006 0.00312677 0.00389142 0.00312677 0.00607066 0.0010273 0.00389142 0.0010273 0.00352766)
(0.00866975 -0.00482967 -0.00429869 -0.00482967 0.0116791 -0.00165144 -0.00429869 -0.00165144 0.00959796)
(0.00584806 -0.00410506 -0.00217111 -0.00410506 0.00916924 0.000988226 -0.00217111 0.000988226 0.0108639)
(0.0135613 -0.000360327 -0.00138425 -0.000360327 0.00594648 0.00266381 -0.00138425 0.00266381 0.00653225)
(0.0125809 -0.00494061 0.00309835 -0.00494061 0.00954206 -0.00269766 0.00309835 -0.00269766 0.00661753)
(0.0118931 -0.00353691 0.00371049 -0.00353691 0.00974423 -0.00212162 0.00371049 -0.00212162 0.00805998)
(0.0141648 0.00063087 0.00235339 0.00063087 0.00779733 -0.000839264 0.00235339 -0.000839264 0.00624515)
(0.0129616 -0.00122491 0.00244928 -0.00122491 0.00895649 0.00128328 0.00244928 0.00128328 0.00381524)
(0.0116762 -0.00229773 -7.01938e-06 -0.00229773 0.0115719 -0.00098334 -7.01938e-06 -0.00098334 0.00591747)
(0.00790143 -0.00393325 0.00105542 -0.00393325 0.00890019 -0.00212004 0.00105542 -0.00212004 0.00705624)
(0.00740027 -0.00159296 0.00179394 -0.00159296 0.00787967 -0.00120321 0.00179394 -0.00120321 0.0052421)
(0.005881 -0.00223801 0.000520596 -0.00223801 0.00476166 0.000424052 0.000520596 0.000424052 0.00806686)
(0.00907394 -0.00145868 0.000401096 -0.00145868 0.00609348 0.00173812 0.000401096 0.00173812 0.00654819)
(0.00864064 -0.00430658 0.000280119 -0.00430658 0.00522475 -0.00294221 0.000280119 -0.00294221 0.00904073)
(0.0109632 -0.00448569 0.000412496 -0.00448569 0.0095189 -0.00275289 0.000412496 -0.00275289 0.00550073)
(0.0151302 -0.00179955 0.000231655 -0.00179955 0.00862541 0.000596292 0.000231655 0.000596292 0.00490904)
(0.0163756 0.000286577 0.0040193 0.000286577 0.00811619 0.000603973 0.0040193 0.000603973 0.00538402)
(0.0087084 -0.00550542 -0.00402126 -0.00550542 0.011638 -0.00188401 -0.00402126 -0.00188401 0.00879562)
(0.0129407 -0.00433307 0.000934744 -0.00433307 0.0114267 0.00124571 0.000934744 0.00124571 0.00668396)
(0.0064442 -0.00523614 0.00107007 -0.00523614 0.00915965 -0.00342893 0.00107007 -0.00342893 0.00474431)
(0.0136985 -0.00325759 0.00245435 -0.00325759 0.00922733 -0.00258045 0.00245435 -0.00258045 0.00662028)
(0.0147126 -0.00306497 0.00267059 -0.00306497 0.00818449 -0.00107606 0.00267059 -0.00107606 0.010755)
(0.0132517 -0.00285895 0.0032329 -0.00285895 0.00985084 -0.00269263 0.0032329 -0.00269263 0.00554533)
(0.00556289 -0.00423207 0.00388318 -0.00423207 0.00999868 -0.00274163 0.00388318 -0.00274163 0.00544047)
(0.0103035 -0.00124182 0.00306294 -0.00124182 0.00900793 0.000215895 0.00306294 0.000215895 0.00392664)
(0.016291 3.0634e-05 0.00425822 3.0634e-05 0.00489777 -0.000195439 0.00425822 -0.000195439 0.00796241)
(0.0123902 -0.00252767 -0.00265151 -0.00252767 0.0110376 -0.00122443 -0.00265151 -0.00122443 0.00755673)
(0.0169791 -0.00166944 0.000307176 -0.00166944 0.00889646 0.00104993 0.000307176 0.00104993 0.00556378)
(0.0100826 -0.00518155 -0.0019519 -0.00518155 0.0119188 0.000135227 -0.0019519 0.000135227 0.00816569)
(0.0101711 -0.00439313 -0.000740657 -0.00439313 0.00817037 0.00235925 -0.000740657 0.00235925 0.00822943)
(0.0130581 7.84649e-05 0.00436335 7.84649e-05 0.00809826 -0.000104417 0.00436335 -0.000104417 0.00823727)
(0.0093168 -0.00100943 -0.000732623 -0.00100943 0.00630363 0.00221324 -0.000732623 0.00221324 0.00495806)
(0.0149767 -0.00127656 -0.00124556 -0.00127656 0.0107708 -0.00168676 -0.00124556 -0.00168676 0.00818919)
(0.00832362 -0.00187756 0.00205013 -0.00187756 0.00545755 -7.9684e-05 0.00205013 -7.9684e-05 0.00384573)
(0.0140817 0.00104909 0.00358392 0.00104909 0.00807918 -0.000557571 0.00358392 -0.000557571 0.00316088)
(0.0104051 -0.00297807 -0.000417256 -0.00297807 0.0110035 -0.00052628 -0.000417256 -0.00052628 0.00623318)
(0.00975405 -0.00420951 0.000943666 -0.00420951 0.0102437 0.000585715 0.000943666 0.000585715 0.00842743)
(0.0207133 -0.000896644 0.00170885 -0.000896644 0.00681934 -0.00306479 0.00170885 -0.00306479 0.00823174)
(0.0176711 -0.0027533 0.000912435 -0.0027533 0.00858548 -0.00373988 0.000912435 -0.00373988 0.00542905)
(0.0147994 -0.00533291 -0.00170673 -0.00533291 0.00976102 -0.00281431 -0.00170673 -0.00281431 0.00597516)
(0.00957483 -0.00144872 -0.000644905 -0.00144872 0.008875 -0.00264828 -0.000644905 -0.00264828 0.00738407)
(0.00954955 -0.000269673 0.00118586 -0.000269673 0.00983945 0.00116943 0.00118586 0.00116943 0.00770677)
(0.00983761 -0.00360802 -0.00338042 -0.00360802 0.0114117 -0.00333202 -0.00338042 -0.00333202 0.00858332)
(0.00981432 -0.000517834 -0.00206736 -0.000517834 0.00450039 -0.00196751 -0.00206736 -0.00196751 0.00551001)
(0.0163772 -0.00442496 0.00175936 -0.00442496 0.00938334 -0.00247524 0.00175936 -0.00247524 0.00806191)
(0.0150458 -0.00477631 0.000483299 -0.00477631 0.00977902 -0.00257627 0.000483299 -0.00257627 0.00767695)
(0.0150043 -0.00208947 -0.000510591 -0.00208947 0.00849377 -0.00310914 -0.000510591 -0.00310914 0.0064683)
(0.0119006 -0.000987974 0.00381653 -0.000987974 0.0091917 -0.00160597 0.00381653 -0.00160597 0.00616334)
(0.00615345 -0.000538626 0.000199649 -0.000538626 0.00831874 0.00112168 0.000199649 0.00112168 0.00228318)
(0.0106948 -0.0014191 0.00204196 -0.0014191 0.0107629 -0.00271399 0.00204196 -0.00271399 0.00767604)
(0.0101333 -0.00400139 -0.00132152 -0.00400139 0.0111196 -0.000665245 -0.00132152 -0.000665245 0.00800986)
(0.0132371 -0.00295623 -0.00131055 -0.00295623 0.00909591 -0.00317344 -0.00131055 -0.00317344 0.00710137)
(0.0220653 0.000315518 0.00367152 0.000315518 0.00773801 -0.00229188 0.00367152 -0.00229188 0.00837946)
(0.0121621 -0.00253901 -0.000484458 -0.00253901 0.00592384 -0.00104292 -0.000484458 -0.00104292 0.0114716)
(0.0171021 -0.00494664 -0.00212407 -0.00494664 0.0092751 -0.00304802 -0.00212407 -0.00304802 0.00638161)
(0.0133461 -0.00222904 -0.0026673 -0.00222904 0.00679463 -0.00453018 -0.0026673 -0.00453018 0.00627336)
(0.0168734 -0.000963169 0.000768622 -0.000963169 0.00828383 0.0010843 0.000768622 0.0010843 0.00681083)
(0.0114582 -0.00219542 0.00215678 -0.00219542 0.0105853 -0.00116034 0.00215678 -0.00116034 0.00750316)
(0.00659845 -0.00315489 -0.00139471 -0.00315489 0.00884419 0.00185793 -0.00139471 0.00185793 0.00567009)
(0.019045 0.00271772 0.00481493 0.00271772 0.00665397 -0.00160925 0.00481493 -0.00160925 0.00698838)
(0.0143486 -0.00539485 -0.000363877 -0.00539485 0.00914652 -0.00340676 -0.000363877 -0.00340676 0.00499554)
(0.0168911 -0.00257454 0.00209623 -0.00257454 0.0094588 -0.00132394 0.00209623 -0.00132394 0.0101048)
(0.0153038 -0.00155908 0.002183 -0.00155908 0.00871322 -0.00134113 0.002183 -0.00134113 0.00593294)
(0.00861987 -0.00203937 -0.000354461 -0.00203937 0.0066959 -0.00248195 -0.000354461 -0.00248195 0.00541991)
(0.00616428 -0.00266383 0.00330243 -0.00266383 0.00946319 -0.0018549 0.00330243 -0.0018549 0.00813837)
(0.00918701 0.00279138 0.00302861 0.00279138 0.00611541 0.000189007 0.00302861 0.000189007 0.00537101)
(0.00941596 -0.000923308 -0.000627141 -0.000923308 0.00675732 0.00192213 -0.000627141 0.00192213 0.00432419)
(0.0158089 -0.00157713 -0.0020682 -0.00157713 0.0055022 0.00111382 -0.0020682 0.00111382 0.00353949)
(0.0185006 0.00102283 0.007227 0.00102283 0.00765217 0.00117652 0.007227 0.00117652 0.00373381)
(0.00638858 -0.00233191 0.00187266 -0.00233191 0.00884924 -0.00146335 0.00187266 -0.00146335 0.00493089)
(0.0128722 0.00148271 0.00247156 0.00148271 0.00735361 -0.000612494 0.00247156 -0.000612494 0.00706187)
(0.0130636 -0.00441309 0.00138632 -0.00441309 0.00853668 -0.00275463 0.00138632 -0.00275463 0.00643631)
(0.0107274 -0.00447849 -0.00199249 -0.00447849 0.0115694 -0.00163805 -0.00199249 -0.00163805 0.00862547)
(0.00583491 -0.00425884 -0.000930418 -0.00425884 0.0109546 -0.00150097 -0.000930418 -0.00150097 0.006064)
(0.0121981 -0.000379352 0.00235269 -0.000379352 0.00779437 -0.000370859 0.00235269 -0.000370859 0.0037871)
(0.0182352 0.00108218 0.00199483 0.00108218 0.00994032 -0.00118203 0.00199483 -0.00118203 0.00627273)
(0.0117955 -0.00500197 0.000507908 -0.00500197 0.0108449 -0.000884335 0.000507908 -0.000884335 0.00857253)
(0.00566399 -0.00212961 0.000977743 -0.00212961 0.003408 -0.0026669 0.000977743 -0.0026669 0.010533)
(0.0189697 -0.00498954 0.000456864 -0.00498954 0.00799169 -0.00299421 0.000456864 -0.00299421 0.00842636)
(0.00702999 -0.00366161 0.00211251 -0.00366161 0.0069862 -0.00388551 0.00211251 -0.00388551 0.00763787)
(0.0123843 -0.000838812 0.00213082 -0.000838812 0.00842896 -0.00243579 0.00213082 -0.00243579 0.00569604)
(0.0157412 -0.00177163 0.00302215 -0.00177163 0.00928914 -0.000520641 0.00302215 -0.000520641 0.00410169)
(0.00937016 -0.000884054 0.00298123 -0.000884054 0.00476923 -0.00104876 0.00298123 -0.00104876 0.0121003)
(0.00296579 0.000464032 -0.000870678 0.000464032 0.0024768 -0.000320142 -0.000870678 -0.000320142 0.0055004)
(0.0130792 -0.00451193 0.00319729 -0.00451193 0.00946046 -0.0020069 0.00319729 -0.0020069 0.00655389)
(0.0102676 -0.00398241 0.00100427 -0.00398241 0.00867275 -0.00255233 0.00100427 -0.00255233 0.00561499)
(0.00721802 -2.66293e-05 -0.00024849 -2.66293e-05 0.00527131 6.82371e-05 -0.00024849 6.82371e-05 0.00162258)
(0.0169521 -0.000929583 0.00316739 -0.000929583 0.00899959 -0.000396418 0.00316739 -0.000396418 0.00498846)
(0.018422 0.000521636 0.00311007 0.000521636 0.00843747 -0.000239928 0.00311007 -0.000239928 0.00411925)
(0.00611702 -0.00213864 0.000272574 -0.00213864 0.00843959 -0.00050302 0.000272574 -0.00050302 0.00273686)
(0.0129471 -0.00376353 -0.000357814 -0.00376353 0.0114971 0.000360596 -0.000357814 0.000360596 0.00942486)
(0.00777238 0.000690156 -0.00183107 0.000690156 0.00782049 -0.00303184 -0.00183107 -0.00303184 0.00547834)
(0.00736021 -0.00206724 0.000505399 -0.00206724 0.00737644 -0.000672252 0.000505399 -0.000672252 0.0034243)
(0.0134391 -0.00270388 -0.000151776 -0.00270388 0.00586705 -0.00236894 -0.000151776 -0.00236894 0.00887552)
(0.0157399 -0.00337329 -0.00165969 -0.00337329 0.00570879 -0.00224126 -0.00165969 -0.00224126 0.00981036)
(0.00960243 -0.00421505 -0.000833875 -0.00421505 0.00902297 -0.00288324 -0.000833875 -0.00288324 0.00550176)
(0.00969497 -0.00329276 -0.0012869 -0.00329276 0.0113032 -0.00177277 -0.0012869 -0.00177277 0.00775495)
(0.00912916 0.000513093 0.00154925 0.000513093 0.00673109 0.000808151 0.00154925 0.000808151 0.00501499)
(0.00939579 0.000964957 0.00486268 0.000964957 0.00711298 -0.00230761 0.00486268 -0.00230761 0.00537422)
(0.00967418 -0.00201772 0.00290123 -0.00201772 0.00940961 -0.0032581 0.00290123 -0.0032581 0.00491143)
(0.0179126 -0.0030891 0.00242309 -0.0030891 0.00848538 -0.00483896 0.00242309 -0.00483896 0.00578633)
(0.0103752 -0.00424931 -0.000172049 -0.00424931 0.00835112 -0.00303707 -0.000172049 -0.00303707 0.0045011)
(0.00776688 -0.00520296 -0.000640013 -0.00520296 0.01108 4.13675e-05 -0.000640013 4.13675e-05 0.0064487)
(0.0116216 -0.00382069 0.00125744 -0.00382069 0.011222 -0.000357924 0.00125744 -0.000357924 0.0075723)
(0.0139469 0.00106732 0.00339814 0.00106732 0.00794129 -0.000336415 0.00339814 -0.000336415 0.00592453)
(0.0076143 -0.00448037 -0.00161017 -0.00448037 0.0116943 -0.00170742 -0.00161017 -0.00170742 0.00832584)
(0.0080143 0.000817927 0.000608021 0.000817927 0.00526595 0.00280442 0.000608021 0.00280442 0.00728118)
(0.0123324 -0.00118673 -0.00204451 -0.00118673 0.00546173 0.00155402 -0.00204451 0.00155402 0.00619562)
(0.0159691 0.00259725 0.00460438 0.00259725 0.00701203 -0.000611187 0.00460438 -0.000611187 0.00251629)
(0.0160133 -0.00124556 0.00358519 -0.00124556 0.00969594 -0.000575946 0.00358519 -0.000575946 0.00434599)
(0.00982283 -2.39024e-05 0.0042307 -2.39024e-05 0.00759782 -0.0008172 0.0042307 -0.0008172 0.00714979)
(0.0119601 -0.00458922 0.00147362 -0.00458922 0.00894305 -0.00343965 0.00147362 -0.00343965 0.00515853)
(0.0137323 -0.00111606 0.0027022 -0.00111606 0.00833193 -0.00152113 0.0027022 -0.00152113 0.00767594)
(0.0060786 -0.00522061 -0.00128361 -0.00522061 0.0112591 -0.000799852 -0.00128361 -0.000799852 0.00649226)
(0.00570995 -0.00402533 -0.00198829 -0.00402533 0.010839 -0.000681178 -0.00198829 -0.000681178 0.00597419)
(0.00809857 0.000122127 -0.00191844 0.000122127 0.00479864 -0.000829233 -0.00191844 -0.000829233 0.00470904)
(0.0064701 -0.00554805 -0.000776782 -0.00554805 0.010912 0.000102138 -0.000776782 0.000102138 0.00593284)
(0.00531963 -0.00435117 -1.67778e-05 -0.00435117 0.00978447 0.000118619 -1.67778e-05 0.000118619 0.00846063)
(0.00981875 -0.000411943 0.00471845 -0.000411943 0.00491711 -0.00170274 0.00471845 -0.00170274 0.00939621)
(0.00554906 -0.000658892 0.000665782 -0.000658892 0.00658278 -0.00061276 0.000665782 -0.00061276 0.00320464)
(0.00746117 -0.00157425 -0.000417322 -0.00157425 0.00687214 -0.00210165 -0.000417322 -0.00210165 0.00750139)
(0.00986383 -0.00211382 0.00354714 -0.00211382 0.00856371 -0.00217978 0.00354714 -0.00217978 0.00850614)
(0.011868 -0.00212321 0.000234189 -0.00212321 0.00637267 9.26564e-05 0.000234189 9.26564e-05 0.00867404)
(0.00577628 1.76588e-05 0.000581956 1.76588e-05 0.0021657 4.55789e-05 0.000581956 4.55789e-05 0.00853943)
(0.0142399 -0.00349006 0.00266418 -0.00349006 0.0087891 -0.00142881 0.00266418 -0.00142881 0.00678749)
(0.0148403 -0.00298328 -0.000471896 -0.00298328 0.00848065 -0.00316347 -0.000471896 -0.00316347 0.00597123)
(0.0159404 -0.00364167 0.00169339 -0.00364167 0.009257 -0.00199254 0.00169339 -0.00199254 0.00753456)
(0.00445006 4.8873e-05 0.000254191 4.8873e-05 0.00258545 -0.000591332 0.000254191 -0.000591332 0.00144967)
(0.00437061 0.000704066 0.000279598 0.000704066 0.00370062 -0.000385606 0.000279598 -0.000385606 0.00139965)
(0.0133823 0.00041204 0.00191619 0.00041204 0.00748764 0.000530152 0.00191619 0.000530152 0.00407285)
(0.0130908 -0.00272877 0.000640316 -0.00272877 0.0093391 -0.00213149 0.000640316 -0.00213149 0.00402449)
(0.0089463 -0.00510973 -0.00150014 -0.00510973 0.0113667 -0.00064806 -0.00150014 -0.00064806 0.00768104)
(0.0116693 -0.00440106 -0.0012276 -0.00440106 0.0110328 -0.00153921 -0.0012276 -0.00153921 0.00871277)
(0.00580774 -0.000133674 9.70215e-05 -0.000133674 0.00204535 -0.0010446 9.70215e-05 -0.0010446 0.00478622)
(0.0146931 -0.00248433 -0.000587369 -0.00248433 0.00383216 -0.0029512 -0.000587369 -0.0029512 0.00933158)
(0.0139429 -0.00543256 -0.00271733 -0.00543256 0.00902974 -0.00320153 -0.00271733 -0.00320153 0.00507081)
(0.0116582 -0.00461045 -0.00257262 -0.00461045 0.0121061 -0.00183239 -0.00257262 -0.00183239 0.00801669)
(0.00886116 -0.000138759 -0.00102855 -0.000138759 0.00632927 -0.00295987 -0.00102855 -0.00295987 0.00775814)
(0.0106161 -0.00145937 0.00461638 -0.00145937 0.00805691 -0.00198726 0.00461638 -0.00198726 0.0083887)
(0.00569676 -0.00112399 0.00103681 -0.00112399 0.00740555 0.000636739 0.00103681 0.000636739 0.00655859)
(0.0090701 -0.00265265 0.00428342 -0.00265265 0.00760424 -0.00333467 0.00428342 -0.00333467 0.00848394)
(0.0270436 -0.00232461 0.00258401 -0.00232461 0.00869518 -0.00363721 0.00258401 -0.00363721 0.00654605)
(0.0125852 -0.00428266 -0.00123329 -0.00428266 0.0115889 -0.00153531 -0.00123329 -0.00153531 0.00912209)
(0.00702199 -0.000212249 0.00108558 -0.000212249 0.0060267 -0.000140634 0.00108558 -0.000140634 0.00258735)
(0.00599568 0.000912068 0.00138764 0.000912068 0.00259219 0.00079536 0.00138764 0.00079536 0.00177988)
(0.00651634 -0.000290466 0.00103694 -0.000290466 0.00895901 0.000923839 0.00103694 0.000923839 0.00296196)
(0.00697104 -0.00315005 -0.000191099 -0.00315005 0.010686 -0.00153026 -0.000191099 -0.00153026 0.0063775)
(0.00944149 -0.000479265 0.000198241 -0.000479265 0.0041829 -0.00036847 0.000198241 -0.00036847 0.00591306)
(0.00693067 -2.63564e-05 0.00300979 -2.63564e-05 0.00354544 -0.000849762 0.00300979 -0.000849762 0.00298328)
(0.0155537 0.0013556 0.00361983 0.0013556 0.00785594 -0.000309088 0.00361983 -0.000309088 0.00361468)
(0.00696293 0.000381608 0.0013 0.000381608 0.008622 7.04657e-05 0.0013 7.04657e-05 0.00297625)
(0.0115116 -0.00287691 0.00138403 -0.00287691 0.009211 0.0010977 0.00138403 0.0010977 0.00601451)
(0.0174624 -0.00384701 0.00142177 -0.00384701 0.00861322 -0.00124967 0.00142177 -0.00124967 0.00885571)
(0.00474463 -0.000630103 -0.000501246 -0.000630103 0.00638876 0.00170336 -0.000501246 0.00170336 0.00416573)
(0.0140351 0.000341197 0.00265274 0.000341197 0.0102035 -0.000978655 0.00265274 -0.000978655 0.00622536)
(0.0111572 -0.00151196 -0.00191651 -0.00151196 0.00622878 0.00308871 -0.00191651 0.00308871 0.00579355)
(0.00246772 -0.000205017 -0.000370479 -0.000205017 0.00170627 -0.000447028 -0.000370479 -0.000447028 0.00420537)
(0.00962807 -0.00523782 0.000372821 -0.00523782 0.0104441 0.000987932 0.000372821 0.000987932 0.00628637)
(0.0119026 -0.00269845 0.000422675 -0.00269845 0.00710493 -0.00348282 0.000422675 -0.00348282 0.00472028)
(0.0115252 -0.000414775 -0.000383974 -0.000414775 0.00769826 -0.00279485 -0.000383974 -0.00279485 0.00512116)
(0.00574903 -0.0040384 -0.00115643 -0.0040384 0.00933477 0.0015597 -0.00115643 0.0015597 0.0055387)
(0.0133188 -0.00173051 -3.77446e-05 -0.00173051 0.00896515 0.00125596 -3.77446e-05 0.00125596 0.00585672)
(0.0100954 0.00132329 0.00168295 0.00132329 0.00625527 0.0012832 0.00168295 0.0012832 0.00601944)
(0.0115948 0.0012893 0.00162107 0.0012893 0.00536531 0.00218137 0.00162107 0.00218137 0.0075661)
(0.0107319 -0.00278419 0.00297051 -0.00278419 0.00841768 -0.000773999 0.00297051 -0.000773999 0.00693991)
(0.0109679 -0.00356995 0.00119573 -0.00356995 0.00750711 -0.00338362 0.00119573 -0.00338362 0.00449358)
(0.0186754 -0.00419402 0.00207653 -0.00419402 0.00911603 -0.00170385 0.00207653 -0.00170385 0.0074995)
(0.00577335 0.000527715 9.95323e-05 0.000527715 0.00642864 -0.000663458 9.95323e-05 -0.000663458 0.00202564)
(0.00870406 -0.00275712 0.00016131 -0.00275712 0.010977 -0.000219697 0.00016131 -0.000219697 0.00408742)
(0.012419 0.000647303 0.00125483 0.000647303 0.00733647 -1.84076e-05 0.00125483 -1.84076e-05 0.00487746)
(0.00976847 -0.00183871 0.00113324 -0.00183871 0.00888836 -0.00179436 0.00113324 -0.00179436 0.00702488)
(0.0111951 -0.00510139 0.00013358 -0.00510139 0.0112351 0.000646691 0.00013358 0.000646691 0.00724248)
(0.00961747 -0.00286318 0.000888159 -0.00286318 0.00965682 0.00107233 0.000888159 0.00107233 0.00585892)
(0.00630712 0.000397995 0.00026511 0.000397995 0.00485537 -0.000989289 0.00026511 -0.000989289 0.00213384)
(0.00706336 -0.000939963 -0.000130592 -0.000939963 0.00277256 -0.00215593 -0.000130592 -0.00215593 0.0083489)
(0.0152444 -0.00485804 -0.00198322 -0.00485804 0.00808119 -0.00347938 -0.00198322 -0.00347938 0.00533019)
(0.015758 -0.0021961 -0.00219957 -0.0021961 0.00939676 -0.00400264 -0.00219957 -0.00400264 0.00785984)
(0.0109505 -0.00193743 -0.00241463 -0.00193743 0.00591866 -0.00459227 -0.00241463 -0.00459227 0.00694086)
(0.0076693 -0.00127302 -0.00156709 -0.00127302 0.00650677 -0.00389217 -0.00156709 -0.00389217 0.00584566)
(0.0139249 -0.00442055 -0.000856308 -0.00442055 0.0113851 -0.000306959 -0.000856308 -0.000306959 0.00924566)
(0.00560642 -0.00161305 0.000458291 -0.00161305 0.00745165 0.00182166 0.000458291 0.00182166 0.00586094)
(0.012872 -0.00328661 0.00446017 -0.00328661 0.00626233 -0.00239983 0.00446017 -0.00239983 0.01138)
(0.00676527 -0.00145137 -0.000535703 -0.00145137 0.00527693 -0.00184117 -0.000535703 -0.00184117 0.00319833)
(0.0125384 -0.000311967 0.00259494 -0.000311967 0.00827505 -0.000126597 0.00259494 -0.000126597 0.00465473)
(0.0177782 -0.00118631 0.00301031 -0.00118631 0.00950942 -0.00083825 0.00301031 -0.00083825 0.00402873)
(0.0166213 -0.00060939 0.00352481 -0.00060939 0.00905854 -0.000913334 0.00352481 -0.000913334 0.00393264)
(0.00983746 -0.0027422 0.000695903 -0.0027422 0.0103442 0.000272586 0.000695903 0.000272586 0.00484639)
(0.00919591 -0.00105389 -0.000714624 -0.00105389 0.00709184 0.000904205 -0.000714624 0.000904205 0.00287639)
(0.00800529 0.000810933 0.00261045 0.000810933 0.00234332 0.000539691 0.00261045 0.000539691 0.00296397)
(0.00350355 -0.00317966 -0.000338451 -0.00317966 0.01034 -0.00354533 -0.000338451 -0.00354533 0.00754518)
(0.0149228 -0.000488671 0.00164144 -0.000488671 0.0104504 -0.00126034 0.00164144 -0.00126034 0.0073289)
(0.00557762 -0.000650108 2.56253e-05 -0.000650108 0.00723641 0.00223616 2.56253e-05 0.00223616 0.00416879)
(0.0146719 -0.00193356 0.0035278 -0.00193356 0.0080488 -0.00113027 0.0035278 -0.00113027 0.00601939)
(0.0077186 -0.000882904 0.00142764 -0.000882904 0.00797119 -0.00187303 0.00142764 -0.00187303 0.00583041)
(0.00147717 -0.000219598 0.000296807 -0.000219598 0.00227225 -0.000365959 0.000296807 -0.000365959 0.000969279)
(0.0119504 -0.00207089 -0.0013578 -0.00207089 0.0066016 0.00242611 -0.0013578 0.00242611 0.00698728)
(0.00804846 -0.00478475 -3.24147e-05 -0.00478475 0.010643 2.28845e-05 -3.24147e-05 2.28845e-05 0.00663449)
(0.00525546 -0.0052337 -0.000905033 -0.0052337 0.0100652 0.00106655 -0.000905033 0.00106655 0.00430903)
(0.003836 -0.00126965 0.000738014 -0.00126965 0.00698691 -0.00258662 0.000738014 -0.00258662 0.00354582)
(0.010342 -0.000524294 0.000173612 -0.000524294 0.00728516 -0.00178061 0.000173612 -0.00178061 0.00489983)
(0.00750671 -0.00231949 8.19508e-05 -0.00231949 0.00940481 0.000263751 8.19508e-05 0.000263751 0.00659285)
(0.00884053 -0.0005527 0.000511095 -0.0005527 0.00832281 0.00227506 0.000511095 0.00227506 0.00450433)
(0.0129288 -0.00107862 0.00171049 -0.00107862 0.0077893 0.000375123 0.00171049 0.000375123 0.00451738)
(0.00948901 0.00108119 0.000673624 0.00108119 0.00598367 0.00120089 0.000673624 0.00120089 0.00523707)
(0.00785772 -0.00265032 0.00227601 -0.00265032 0.00806625 -0.0016614 0.00227601 -0.0016614 0.00685927)
(0.0120869 -0.00537379 0.000102759 -0.00537379 0.00859939 -0.00347171 0.000102759 -0.00347171 0.00502786)
(0.00966708 -0.00336397 -0.000122968 -0.00336397 0.00699816 -0.00156948 -0.000122968 -0.00156948 0.00323262)
(0.016018 -0.00249228 0.00126453 -0.00249228 0.00861492 -7.74767e-06 0.00126453 -7.74767e-06 0.00797372)
(0.0130297 0.000652476 0.00165746 0.000652476 0.00711611 0.00186818 0.00165746 0.00186818 0.00496036)
(0.0147753 0.00193616 0.00291633 0.00193616 0.0064725 0.00172027 0.00291633 0.00172027 0.00596556)
(0.00971374 -0.000101185 0.00251228 -0.000101185 0.00728165 -0.00038266 0.00251228 -0.00038266 0.00766984)
(0.00726487 -0.00128992 -0.000220666 -0.00128992 0.00486439 -0.00298493 -0.000220666 -0.00298493 0.00489926)
