/*--------------------------------*- C++ -*----------------------------------*\
  =========                 |
  \\      /  F ield         | OpenFOAM: The Open Source CFD Toolbox
   \\    /   O peration     | Website:  https://openfoam.org
    \\  /    A nd           | Version:  10
     \\/     M anipulation  |
\*---------------------------------------------------------------------------*/
FoamFile
{
    format      ascii;
    class       volTensorField;
    location    "5";
    object      TauNN;
}
// * * * * * * * * * * * * * * * * * * * * * * * * * * * * * * * * * * * * * //

dimensions      [0 2 -2 0 0 0 0];

internalField   nonuniform List<tensor> 
25600
(
(0.0013999 -0.0129625 -0.0151596 -0.0129625 0.000160936 -0.00814227 -0.0151596 -0.00814227 0.000119596)
(0.00139141 -0.0129628 -0.0151632 -0.0129628 0.000162011 -0.00814255 -0.0151632 -0.00814255 0.000119463)
(0.00138339 -0.0129636 -0.015165 -0.0129636 0.000163168 -0.00814333 -0.015165 -0.00814333 0.000118399)
(0.00136868 -0.0129607 -0.0151695 -0.0129607 0.000163602 -0.00814183 -0.0151695 -0.00814183 0.000118511)
(0.00138578 -0.0129606 -0.0151639 -0.0129606 0.000161765 -0.00814144 -0.0151639 -0.00814144 0.00011915)
(0.00139901 -0.0129623 -0.01516 -0.0129623 0.000160974 -0.00814216 -0.01516 -0.00814216 0.000119615)
(0.00138865 -0.0129629 -0.0151638 -0.0129629 0.000162278 -0.0081427 -0.0151638 -0.0081427 0.000119372)
(0.00138219 -0.0129636 -0.0151654 -0.0129636 0.000163257 -0.00814333 -0.0151654 -0.00814333 0.000118464)
(0.0013724 -0.0129613 -0.0151681 -0.0129613 0.000163484 -0.0081422 -0.0151681 -0.0081422 0.000118323)
(0.00138375 -0.0129606 -0.0151644 -0.0129606 0.000161968 -0.0081415 -0.0151644 -0.0081415 0.000119013)
(0.00139281 -0.0129613 -0.0151623 -0.0129613 0.000161252 -0.00814162 -0.0151623 -0.00814162 0.000119794)
(0.00138764 -0.0129627 -0.0151641 -0.0129627 0.0001623 -0.00814255 -0.0151641 -0.00814255 0.000119375)
(0.00138088 -0.0129635 -0.0151657 -0.0129635 0.000163338 -0.00814331 -0.0151657 -0.00814331 0.000118414)
(0.00137458 -0.0129616 -0.0151674 -0.0129616 0.000163363 -0.00814233 -0.0151674 -0.00814233 0.000118297)
(0.00138549 -0.0129606 -0.0151637 -0.0129606 0.000161801 -0.0081415 -0.0151637 -0.0081415 0.00011901)
(0.00139955 -0.0129621 -0.0151599 -0.0129621 0.000160855 -0.00814205 -0.0151599 -0.00814205 0.000119702)
(0.00138684 -0.012963 -0.0151644 -0.012963 0.000162478 -0.00814275 -0.0151644 -0.00814275 0.000119298)
(0.00137884 -0.0129634 -0.0151662 -0.0129634 0.000163501 -0.0081433 -0.0151662 -0.0081433 0.00011836)
(0.00136997 -0.0129609 -0.0151691 -0.0129609 0.000163574 -0.00814194 -0.0151691 -0.00814194 0.000118477)
(0.00138133 -0.0129603 -0.0151654 -0.0129603 0.000162098 -0.0081413 -0.0151654 -0.0081413 0.000119151)
(0.00139572 -0.0129618 -0.0151612 -0.0129618 0.000161138 -0.00814191 -0.0151612 -0.00814191 0.000119732)
(0.00138721 -0.0129629 -0.0151641 -0.0129629 0.000162416 -0.00814273 -0.0151641 -0.00814273 0.000119273)
(0.00138021 -0.0129633 -0.015166 -0.0129633 0.000163371 -0.00814321 -0.015166 -0.00814321 0.000118414)
(0.00136482 -0.0129603 -0.0151709 -0.0129603 0.000163862 -0.0081416 -0.0151709 -0.0081416 0.000118511)
(0.00138056 -0.0129601 -0.0151655 -0.0129601 0.000162068 -0.00814118 -0.0151655 -0.00814118 0.000119155)
(0.00139663 -0.0129621 -0.0151607 -0.0129621 0.000161097 -0.00814206 -0.0151607 -0.00814206 0.000119705)
(0.00138756 -0.0129633 -0.015164 -0.0129633 0.000162524 -0.00814299 -0.015164 -0.00814299 0.000119199)
(0.00137666 -0.0129629 -0.0151672 -0.0129629 0.000163563 -0.00814298 -0.0151672 -0.00814298 0.000118506)
(0.00137077 -0.0129608 -0.0151688 -0.0129608 0.000163466 -0.00814187 -0.0151688 -0.00814187 0.000118428)
(0.00138739 -0.0129609 -0.0151629 -0.0129609 0.000161686 -0.00814165 -0.0151629 -0.00814165 0.000118978)
(0.00139603 -0.0129623 -0.0151608 -0.0129623 0.000161233 -0.00814221 -0.0151608 -0.00814221 0.00011957)
(0.00138651 -0.0129632 -0.0151643 -0.0129632 0.000162581 -0.00814293 -0.0151643 -0.00814293 0.000119149)
(0.00137874 -0.0129629 -0.0151664 -0.0129629 0.000163354 -0.00814297 -0.0151664 -0.00814297 0.000118462)
(0.00137586 -0.0129617 -0.0151669 -0.0129617 0.000163239 -0.00814235 -0.0151669 -0.00814235 0.000118287)
(0.0013856 -0.0129611 -0.0151634 -0.0129611 0.000161934 -0.0081418 -0.0151634 -0.0081418 0.00011884)
(0.00139674 -0.0129622 -0.0151606 -0.0129622 0.000161147 -0.00814216 -0.0151606 -0.00814216 0.000119529)
(0.00138812 -0.0129631 -0.0151637 -0.0129631 0.000162367 -0.00814282 -0.0151637 -0.00814282 0.000119222)
(0.00138034 -0.0129631 -0.0151659 -0.0129631 0.000163293 -0.0081431 -0.0151659 -0.0081431 0.000118465)
(0.00136975 -0.0129606 -0.0151693 -0.0129606 0.000163508 -0.00814176 -0.0151693 -0.00814176 0.000118542)
(0.00138868 -0.012961 -0.0151625 -0.012961 0.000161578 -0.00814166 -0.0151625 -0.00814166 0.000119022)
(0.000172048 -0.0128323 -0.0154159 -0.0128323 0.000131619 -0.00815257 -0.0154159 -0.00815257 5.08575e-05)
(0.000342973 -0.0128471 -0.0154243 -0.0128471 0.000134134 -0.0081451 -0.0154243 -0.0081451 3.72827e-05)
(0.000388547 -0.01285 -0.0154221 -0.01285 0.00013269 -0.00814359 -0.0154221 -0.00814359 4.26748e-05)
(0.00029708 -0.012845 -0.0154165 -0.012845 0.000137794 -0.00814559 -0.0154165 -0.00814559 5.12608e-05)
(0.000203928 -0.0128389 -0.015413 -0.0128389 0.000138135 -0.00814977 -0.015413 -0.00814977 5.61805e-05)
(0.000160278 -0.012831 -0.0154151 -0.012831 0.000128992 -0.00815345 -0.0154151 -0.00815345 5.40244e-05)
(0.00033921 -0.0128468 -0.0154244 -0.0128468 0.000134415 -0.0081452 -0.0154244 -0.0081452 3.70824e-05)
(0.000431174 -0.0128525 -0.0154242 -0.0128525 0.000130617 -0.00814308 -0.0154242 -0.00814308 4.04993e-05)
(0.000287031 -0.012844 -0.0154148 -0.012844 0.000137893 -0.00814555 -0.0154148 -0.00814555 5.39382e-05)
(0.000184649 -0.012835 -0.0154117 -0.012835 0.000134947 -0.00815104 -0.0154117 -0.00815104 5.98562e-05)
(0.000204584 -0.0128371 -0.0154173 -0.0128371 0.000137003 -0.00815048 -0.0154173 -0.00815048 4.71853e-05)
(0.000378669 -0.0128497 -0.0154255 -0.0128497 0.000132931 -0.00814431 -0.0154255 -0.00814431 3.68532e-05)
(0.000436496 -0.0128531 -0.0154241 -0.0128531 0.000130362 -0.00814303 -0.0154241 -0.00814303 4.09323e-05)
(0.000256149 -0.0128413 -0.0154126 -0.0128413 0.000137766 -0.00814638 -0.0154126 -0.00814638 5.64142e-05)
(0.000174382 -0.0128339 -0.0154109 -0.0128339 0.000133157 -0.00815174 -0.0154109 -0.00815174 6.25631e-05)
(0.000189971 -0.012835 -0.0154166 -0.012835 0.000135316 -0.00815133 -0.0154166 -0.00815133 4.8661e-05)
(0.000365786 -0.0128485 -0.015425 -0.0128485 0.000133375 -0.00814457 -0.015425 -0.00814457 3.70552e-05)
(0.000441376 -0.0128531 -0.0154243 -0.0128531 0.000130295 -0.00814302 -0.0154243 -0.00814302 4.09815e-05)
(0.000301579 -0.012845 -0.0154165 -0.012845 0.00013731 -0.00814531 -0.0154165 -0.00814531 5.08808e-05)
(0.000204579 -0.0128384 -0.0154133 -0.0128384 0.000137768 -0.00814977 -0.0154133 -0.00814977 5.55092e-05)
(0.000199259 -0.0128366 -0.0154167 -0.0128366 0.000136555 -0.00815065 -0.0154167 -0.00815065 4.80986e-05)
(0.000359911 -0.0128482 -0.0154245 -0.0128482 0.000133599 -0.0081446 -0.0154245 -0.0081446 3.75378e-05)
(0.000426905 -0.012852 -0.0154234 -0.012852 0.000130994 -0.00814307 -0.0154234 -0.00814307 4.19043e-05)
(0.000301865 -0.012845 -0.015416 -0.012845 0.000137361 -0.00814523 -0.015416 -0.00814523 5.19894e-05)
(0.00021325 -0.0128399 -0.0154135 -0.0128399 0.000138781 -0.00814923 -0.0154135 -0.00814923 5.51906e-05)
(0.000193181 -0.012836 -0.0154166 -0.012836 0.000135906 -0.00815105 -0.0154166 -0.00815105 4.82435e-05)
(0.000346596 -0.0128473 -0.0154243 -0.0128473 0.00013393 -0.00814503 -0.0154243 -0.00814503 3.73892e-05)
(0.000413159 -0.0128515 -0.0154233 -0.0128515 0.000131524 -0.00814333 -0.0154233 -0.00814333 4.14649e-05)
(0.000306677 -0.012846 -0.0154153 -0.012846 0.000137662 -0.00814484 -0.0154153 -0.00814484 5.37692e-05)
(0.000188117 -0.0128361 -0.0154112 -0.0128361 0.000136083 -0.00815057 -0.0154112 -0.00815057 6.04985e-05)
(0.000188854 -0.0128345 -0.0154161 -0.0128345 0.000134849 -0.00815132 -0.0154161 -0.00815132 4.94199e-05)
(0.000339713 -0.0128469 -0.0154237 -0.0128469 0.00013432 -0.00814517 -0.0154237 -0.00814517 3.8135e-05)
(0.000425347 -0.0128523 -0.0154232 -0.0128523 0.000131305 -0.00814306 -0.0154232 -0.00814306 4.2383e-05)
(0.000304567 -0.0128457 -0.0154154 -0.0128457 0.000137541 -0.00814488 -0.0154154 -0.00814488 5.32764e-05)
(0.00017882 -0.0128343 -0.0154107 -0.0128343 0.000133883 -0.00815125 -0.0154107 -0.00815125 6.24054e-05)
(0.000164615 -0.0128311 -0.0154149 -0.0128311 0.000129675 -0.00815306 -0.0154149 -0.00815306 5.39657e-05)
(0.000308372 -0.0128448 -0.0154224 -0.0128448 0.00013555 -0.00814601 -0.0154224 -0.00814601 3.92509e-05)
(0.000404522 -0.0128507 -0.0154228 -0.0128507 0.000132054 -0.00814336 -0.0154228 -0.00814336 4.21077e-05)
(0.000344442 -0.0128486 -0.0154183 -0.0128486 0.000136336 -0.00814426 -0.0154183 -0.00814426 4.98125e-05)
(0.000190222 -0.0128371 -0.0154117 -0.0128371 0.000136653 -0.00815047 -0.0154117 -0.00815047 5.91442e-05)
(-0.000187321 -0.0128246 -0.0154656 -0.0128246 0.000102354 -0.00809573 -0.0154656 -0.00809573 8.64052e-05)
(-0.000204512 -0.0128305 -0.0154539 -0.0128305 0.000109966 -0.00809966 -0.0154539 -0.00809966 8.59111e-05)
(-0.000121249 -0.0128175 -0.015462 -0.0128175 8.63613e-05 -0.00809646 -0.015462 -0.00809646 9.07559e-05)
(-6.90264e-05 -0.0128142 -0.0154566 -0.0128142 7.69209e-05 -0.00809772 -0.0154566 -0.00809772 9.28565e-05)
(-4.10279e-05 -0.0128128 -0.0154542 -0.0128128 7.2969e-05 -0.00809747 -0.0154542 -0.00809747 9.60065e-05)
(-0.000185661 -0.0128245 -0.0154669 -0.0128245 0.000102083 -0.00809522 -0.0154669 -0.00809522 8.64623e-05)
(-0.000200814 -0.012832 -0.0154502 -0.012832 0.000111875 -0.00810029 -0.0154502 -0.00810029 8.63565e-05)
(-0.000112492 -0.0128161 -0.0154599 -0.0128161 8.36695e-05 -0.00809705 -0.0154599 -0.00809705 9.11287e-05)
(-3.96859e-05 -0.0128114 -0.0154521 -0.0128114 6.94707e-05 -0.00809859 -0.0154521 -0.00809859 9.53539e-05)
(-8.97612e-05 -0.0128168 -0.0154613 -0.0128168 8.38807e-05 -0.00809605 -0.0154613 -0.00809605 9.25051e-05)
(-0.000191629 -0.0128255 -0.0154654 -0.0128255 0.00010306 -0.00809584 -0.0154654 -0.00809584 8.63045e-05)
(-0.000209589 -0.0128283 -0.0154583 -0.0128283 0.000108819 -0.00809856 -0.0154583 -0.00809856 8.55651e-05)
(-7.01612e-05 -0.0128123 -0.0154544 -0.0128123 7.3549e-05 -0.00809814 -0.0154544 -0.00809814 9.36812e-05)
(-4.77725e-05 -0.0128125 -0.0154541 -0.0128125 7.2524e-05 -0.008098 -0.0154541 -0.008098 9.50156e-05)
(-8.79627e-05 -0.0128169 -0.0154617 -0.0128169 8.39144e-05 -0.00809582 -0.0154617 -0.00809582 9.27569e-05)
(-0.000180075 -0.0128237 -0.0154666 -0.0128237 0.000100261 -0.0080953 -0.0154666 -0.0080953 8.72229e-05)
(-0.00020877 -0.01283 -0.0154553 -0.01283 0.000110696 -0.00809912 -0.0154553 -0.00809912 8.57555e-05)
(-0.000103981 -0.0128156 -0.0154594 -0.0128156 8.20835e-05 -0.00809706 -0.0154594 -0.00809706 9.147e-05)
(-6.19618e-05 -0.0128133 -0.0154553 -0.0128133 7.51231e-05 -0.00809804 -0.0154553 -0.00809804 9.33826e-05)
(-8.24501e-05 -0.0128157 -0.0154595 -0.0128157 8.16253e-05 -0.00809652 -0.0154595 -0.00809652 9.3245e-05)
(-0.000178057 -0.0128234 -0.0154671 -0.0128234 0.000100181 -0.00809508 -0.0154671 -0.00809508 8.72343e-05)
(-0.000209747 -0.0128286 -0.015458 -0.0128286 0.000109304 -0.00809857 -0.015458 -0.00809857 8.55375e-05)
(-0.000119003 -0.012817 -0.0154613 -0.012817 8.5601e-05 -0.00809666 -0.0154613 -0.00809666 9.08603e-05)
(-9.55482e-05 -0.0128161 -0.0154596 -0.0128161 8.30062e-05 -0.00809728 -0.0154596 -0.00809728 9.13534e-05)
(-5.29304e-05 -0.0128135 -0.0154556 -0.0128135 7.48368e-05 -0.0080973 -0.0154556 -0.0080973 9.53493e-05)
(-0.000167794 -0.012822 -0.0154668 -0.012822 9.81663e-05 -0.00809503 -0.0154668 -0.00809503 8.79852e-05)
(-0.00020284 -0.0128306 -0.0154533 -0.0128306 0.000110992 -0.00809959 -0.0154533 -0.00809959 8.58336e-05)
(-0.000160563 -0.0128209 -0.015464 -0.0128209 9.51677e-05 -0.00809664 -0.015464 -0.00809664 8.79573e-05)
(-4.42303e-05 -0.0128126 -0.0154538 -0.0128126 7.13242e-05 -0.00809808 -0.0154538 -0.00809808 9.55514e-05)
(-2.67584e-05 -0.0128116 -0.0154518 -0.0128116 6.84275e-05 -0.00809817 -0.0154518 -0.00809817 9.76495e-05)
(-0.000188298 -0.012824 -0.0154664 -0.012824 0.000102108 -0.00809547 -0.0154664 -0.00809547 8.66108e-05)
(-0.000202502 -0.0128309 -0.0154527 -0.0128309 0.000110857 -0.00809974 -0.0154527 -0.00809974 8.59924e-05)
(-0.000129783 -0.0128183 -0.0154626 -0.0128183 8.84561e-05 -0.00809654 -0.0154626 -0.00809654 8.99605e-05)
(4.46165e-06 -0.0128069 -0.0154422 -0.0128069 5.51958e-05 -0.00810185 -0.0154422 -0.00810185 9.88304e-05)
(-4.00672e-05 -0.0128124 -0.0154536 -0.0128124 7.1905e-05 -0.00809768 -0.0154536 -0.00809768 9.64167e-05)
(-0.000192244 -0.0128254 -0.0154656 -0.0128254 0.000103624 -0.00809576 -0.0154656 -0.00809576 8.6029e-05)
(-0.000203938 -0.0128309 -0.0154531 -0.0128309 0.000110493 -0.00809964 -0.0154531 -0.00809964 8.60025e-05)
(-0.000133389 -0.0128188 -0.0154631 -0.0128188 8.86647e-05 -0.00809637 -0.0154631 -0.00809637 8.99491e-05)
(-3.70063e-05 -0.0128111 -0.0154511 -0.0128111 6.78625e-05 -0.00809908 -0.0154511 -0.00809908 9.53396e-05)
(-1.01322e-05 -0.0128096 -0.0154475 -0.0128096 6.36812e-05 -0.0080994 -0.0154475 -0.0080994 9.85714e-05)
(-0.000163871 -0.0128212 -0.0154673 -0.0128212 9.88875e-05 -0.00809575 -0.0154673 -0.00809575 8.76018e-05)
(-8.97879e-05 -0.0128363 -0.0154276 -0.0128363 0.000110541 -0.00810422 -0.0154276 -0.00810422 8.85225e-05)
(-0.000135644 -0.012835 -0.0154333 -0.012835 0.000112037 -0.00810459 -0.0154333 -0.00810459 8.86443e-05)
(-0.000171411 -0.0128228 -0.0154582 -0.0128228 9.92261e-05 -0.00810181 -0.0154582 -0.00810181 8.53463e-05)
(-9.0485e-05 -0.0128132 -0.0154544 -0.0128132 7.90518e-05 -0.00810022 -0.0154544 -0.00810022 9.1701e-05)
(-0.000159512 -0.0128209 -0.0154677 -0.0128209 9.82068e-05 -0.00809564 -0.0154677 -0.00809564 8.78095e-05)
(-2.03785e-05 -0.0128389 -0.0154136 -0.0128389 0.000109744 -0.00810648 -0.0154136 -0.00810648 8.98115e-05)
(-0.000138583 -0.0128354 -0.0154325 -0.0128354 0.000112701 -0.00810477 -0.0154325 -0.00810477 8.88619e-05)
(-0.000146532 -0.0128188 -0.0154585 -0.0128188 9.17163e-05 -0.00810103 -0.0154585 -0.00810103 8.67928e-05)
(-0.000105554 -0.0128144 -0.0154563 -0.0128144 8.23739e-05 -0.00809984 -0.0154563 -0.00809984 9.11036e-05)
(-0.000182119 -0.0128239 -0.0154655 -0.0128239 0.000103784 -0.00809657 -0.0154655 -0.00809657 8.54883e-05)
(-4.93067e-05 -0.0128377 -0.0154192 -0.0128377 0.000110526 -0.00810566 -0.0154192 -0.00810566 8.92905e-05)
(-0.000161742 -0.0128325 -0.0154416 -0.0128325 0.0001119 -0.00810322 -0.0154416 -0.00810322 8.73032e-05)
(-0.000133524 -0.0128174 -0.0154579 -0.0128174 8.89249e-05 -0.00810096 -0.0154579 -0.00810096 8.73872e-05)
(-0.00012286 -0.0128161 -0.0154586 -0.0128161 8.70298e-05 -0.00809934 -0.0154586 -0.00809934 9.01591e-05)
(-0.000175342 -0.0128227 -0.0154675 -0.0128227 0.000101293 -0.00809583 -0.0154675 -0.00809583 8.64465e-05)
(-3.32919e-05 -0.0128382 -0.0154166 -0.0128382 0.000110446 -0.00810607 -0.0154166 -0.00810607 8.94086e-05)
(-0.000132789 -0.0128352 -0.0154322 -0.0128352 0.000112698 -0.00810479 -0.0154322 -0.00810479 8.87363e-05)
(-0.000145843 -0.0128192 -0.0154585 -0.0128192 9.19264e-05 -0.00810121 -0.0154585 -0.00810121 8.63932e-05)
(-0.000120749 -0.0128157 -0.0154577 -0.0128157 8.61552e-05 -0.0080997 -0.0154577 -0.0080997 9.0238e-05)
(-0.000175489 -0.0128227 -0.0154674 -0.0128227 0.000101747 -0.00809591 -0.0154674 -0.00809591 8.61876e-05)
(-7.35193e-05 -0.0128362 -0.0154262 -0.0128362 0.000110457 -0.00810434 -0.0154262 -0.00810434 8.81712e-05)
(-0.000141495 -0.0128343 -0.0154352 -0.0128343 0.000112472 -0.0081043 -0.0154352 -0.0081043 8.82331e-05)
(-0.000171001 -0.0128222 -0.0154585 -0.0128222 9.87903e-05 -0.00810151 -0.0154585 -0.00810151 8.56357e-05)
(-0.000127766 -0.0128165 -0.0154586 -0.0128165 8.80353e-05 -0.0080996 -0.0154586 -0.0080996 8.97338e-05)
(-0.000161581 -0.012821 -0.0154677 -0.012821 9.86366e-05 -0.00809563 -0.0154677 -0.00809563 8.77444e-05)
(-4.57112e-05 -0.0128368 -0.0154216 -0.0128368 0.00011036 -0.00810518 -0.0154216 -0.00810518 8.84187e-05)
(-0.000120466 -0.0128363 -0.0154284 -0.0128363 0.000112532 -0.00810541 -0.0154284 -0.00810541 8.94143e-05)
(-0.0001745 -0.0128228 -0.0154588 -0.0128228 9.97889e-05 -0.00810108 -0.0154588 -0.00810108 8.57737e-05)
(-0.00010569 -0.0128145 -0.0154564 -0.0128145 8.29312e-05 -0.00809985 -0.0154564 -0.00809985 9.11079e-05)
(-0.000176285 -0.0128226 -0.0154673 -0.0128226 0.000102509 -0.00809598 -0.0154673 -0.00809598 8.58541e-05)
(-4.66779e-05 -0.0128373 -0.0154202 -0.0128373 0.000110605 -0.0081055 -0.0154202 -0.0081055 8.88927e-05)
(-0.000104896 -0.0128373 -0.0154237 -0.0128373 0.000112662 -0.00810631 -0.0154237 -0.00810631 9.02056e-05)
(-0.000143589 -0.0128187 -0.0154586 -0.0128187 9.07169e-05 -0.00810101 -0.0154586 -0.00810101 8.68938e-05)
(-8.74972e-05 -0.0128124 -0.0154533 -0.0128124 7.81431e-05 -0.00810053 -0.0154533 -0.00810053 9.21985e-05)
(-0.000173 -0.0128221 -0.015467 -0.0128221 0.000101279 -0.00809607 -0.015467 -0.00809607 8.6472e-05)
(-8.97576e-05 -0.0128358 -0.0154285 -0.0128358 0.000110747 -0.008104 -0.0154285 -0.008104 8.8163e-05)
(-0.000150737 -0.0128348 -0.0154355 -0.0128348 0.000112036 -0.00810415 -0.0154355 -0.00810415 8.85676e-05)
(-0.000172176 -0.0128227 -0.0154583 -0.0128227 9.94022e-05 -0.00810167 -0.0154583 -0.00810167 8.55197e-05)
(-8.75457e-05 -0.0128126 -0.0154536 -0.0128126 7.8219e-05 -0.00810033 -0.0154536 -0.00810033 9.25011e-05)
(-0.000138761 -0.0128177 -0.0154636 -0.0128177 9.25687e-05 -0.00809713 -0.0154636 -0.00809713 9.05446e-05)
(-0.000173787 -0.0128266 -0.0154605 -0.0128266 0.000107737 -0.00809777 -0.0154605 -0.00809777 8.35726e-05)
(-0.000130131 -0.0128334 -0.0154358 -0.0128334 0.000111714 -0.00810356 -0.0154358 -0.00810356 8.7794e-05)
(-0.000191451 -0.0128256 -0.0154566 -0.0128256 0.000104064 -0.00810202 -0.0154566 -0.00810202 8.52824e-05)
(-4.61721e-05 -0.0128081 -0.0154465 -0.0128081 6.53443e-05 -0.00810293 -0.0154465 -0.00810293 9.19442e-05)
(-0.000135794 -0.0128173 -0.0154627 -0.0128173 9.31615e-05 -0.00809744 -0.0154627 -0.00809744 8.99434e-05)
(-0.000154454 -0.0128276 -0.0154571 -0.0128276 0.000108004 -0.0080984 -0.0154571 -0.0080984 8.30289e-05)
(-0.000139081 -0.0128339 -0.0154355 -0.0128339 0.000112181 -0.00810357 -0.0154355 -0.00810357 8.81588e-05)
(-0.000180761 -0.0128226 -0.015459 -0.0128226 9.96001e-05 -0.00810115 -0.015459 -0.00810115 8.56636e-05)
(-4.11816e-05 -0.0128076 -0.0154455 -0.0128076 6.36063e-05 -0.00810301 -0.0154455 -0.00810301 9.30827e-05)
(-0.000156743 -0.0128193 -0.0154642 -0.0128193 9.75044e-05 -0.00809736 -0.0154642 -0.00809736 8.81456e-05)
(-0.000151547 -0.0128283 -0.0154546 -0.0128283 0.000108552 -0.00809897 -0.0154546 -0.00809897 8.35094e-05)
(-0.000123733 -0.0128336 -0.0154344 -0.0128336 0.000112249 -0.00810383 -0.0154344 -0.00810383 8.78795e-05)
(-0.000168896 -0.0128208 -0.0154591 -0.0128208 9.66831e-05 -0.00810117 -0.0154591 -0.00810117 8.58838e-05)
(-5.82868e-05 -0.0128094 -0.0154489 -0.0128094 6.89812e-05 -0.00810211 -0.0154489 -0.00810211 9.23113e-05)
(-0.000158913 -0.0128198 -0.0154651 -0.0128198 9.83524e-05 -0.00809704 -0.0154651 -0.00809704 8.77595e-05)
(-0.000156716 -0.0128277 -0.0154566 -0.0128277 0.000108445 -0.00809854 -0.0154566 -0.00809854 8.32248e-05)
(-0.000120342 -0.0128344 -0.015432 -0.0128344 0.000112575 -0.00810425 -0.015432 -0.00810425 8.83962e-05)
(-0.000175353 -0.0128221 -0.0154593 -0.0128221 9.78317e-05 -0.00810109 -0.0154593 -0.00810109 8.57334e-05)
(-3.88224e-05 -0.0128073 -0.0154452 -0.0128073 6.31604e-05 -0.00810318 -0.0154452 -0.00810318 9.25851e-05)
(-0.000158851 -0.0128196 -0.0154645 -0.0128196 9.86272e-05 -0.00809737 -0.0154645 -0.00809737 8.76868e-05)
(-0.000161341 -0.0128272 -0.0154582 -0.0128272 0.000107966 -0.00809821 -0.0154582 -0.00809821 8.32432e-05)
(-0.000142599 -0.0128328 -0.0154385 -0.0128328 0.000112132 -0.00810311 -0.0154385 -0.00810311 8.74566e-05)
(-0.000184342 -0.0128235 -0.0154585 -0.0128235 0.000100949 -0.00810134 -0.0154585 -0.00810134 8.54738e-05)
(-6.74734e-05 -0.0128108 -0.0154507 -0.0128108 7.16651e-05 -0.00810183 -0.0154507 -0.00810183 9.15389e-05)
(-0.000147958 -0.0128186 -0.0154642 -0.0128186 9.61321e-05 -0.00809722 -0.0154642 -0.00809722 8.87964e-05)
(-0.000166827 -0.0128264 -0.0154607 -0.0128264 0.000107888 -0.00809774 -0.0154607 -0.00809774 8.29913e-05)
(-0.000150272 -0.0128325 -0.0154405 -0.0128325 0.000111731 -0.00810251 -0.0154405 -0.00810251 8.7215e-05)
(-0.000190821 -0.0128255 -0.0154568 -0.0128255 0.000104559 -0.00810153 -0.0154568 -0.00810153 8.54525e-05)
(-6.92668e-05 -0.0128108 -0.0154509 -0.0128108 7.27434e-05 -0.00810186 -0.0154509 -0.00810186 9.11988e-05)
(-0.000150292 -0.0128188 -0.0154646 -0.0128188 9.63579e-05 -0.00809708 -0.0154646 -0.00809708 8.87178e-05)
(-0.000161205 -0.0128272 -0.0154582 -0.0128272 0.000108519 -0.00809827 -0.0154582 -0.00809827 8.30689e-05)
(-0.000117009 -0.0128347 -0.0154311 -0.0128347 0.000112207 -0.00810432 -0.0154311 -0.00810432 8.85571e-05)
(-0.000190397 -0.0128251 -0.0154571 -0.0128251 0.000104012 -0.00810165 -0.0154571 -0.00810165 8.54511e-05)
(-4.28186e-05 -0.0128076 -0.0154457 -0.0128076 6.49278e-05 -0.00810298 -0.0154457 -0.00810298 9.27288e-05)
(-0.000144376 -0.012818 -0.0154636 -0.012818 9.42863e-05 -0.00809729 -0.0154636 -0.00809729 8.96252e-05)
(-0.000170308 -0.012827 -0.0154593 -0.012827 0.000108327 -0.00809805 -0.0154593 -0.00809805 8.33695e-05)
(-0.00015082 -0.012833 -0.015439 -0.012833 0.000111952 -0.00810299 -0.015439 -0.00810299 8.76707e-05)
(-0.000185387 -0.0128242 -0.0154579 -0.0128242 0.000101862 -0.00810165 -0.0154579 -0.00810165 8.53716e-05)
(-6.6969e-05 -0.0128104 -0.0154505 -0.0128104 7.22778e-05 -0.00810164 -0.0154505 -0.00810164 9.20747e-05)
(-3.2915e-05 -0.0128082 -0.0154478 -0.0128082 6.77123e-05 -0.00810079 -0.0154478 -0.00810079 9.77481e-05)
(-0.000167231 -0.0128231 -0.0154651 -0.0128231 0.000103438 -0.00809698 -0.0154651 -0.00809698 8.45079e-05)
(-0.000128887 -0.0128312 -0.0154425 -0.0128312 0.000109267 -0.00810161 -0.0154425 -0.00810161 8.60057e-05)
(-0.000153052 -0.012833 -0.0154379 -0.012833 0.000111486 -0.00810396 -0.0154379 -0.00810396 8.82153e-05)
(-8.80676e-05 -0.0128122 -0.0154542 -0.0128122 7.70635e-05 -0.00810086 -0.0154542 -0.00810086 9.02701e-05)
(-1.32289e-05 -0.0128055 -0.015443 -0.0128055 6.26627e-05 -0.00810213 -0.015443 -0.00810213 9.76685e-05)
(-0.000167995 -0.0128223 -0.0154669 -0.0128223 0.000101318 -0.00809649 -0.0154669 -0.00809649 8.53861e-05)
(-0.00012799 -0.012832 -0.0154403 -0.012832 0.000109605 -0.00810195 -0.0154403 -0.00810195 8.64848e-05)
(-0.000165071 -0.0128311 -0.0154436 -0.0128311 0.000110763 -0.00810284 -0.0154436 -0.00810284 8.72175e-05)
(-7.16661e-05 -0.0128105 -0.015452 -0.0128105 7.26621e-05 -0.0081012 -0.015452 -0.0081012 9.15737e-05)
(-3.04966e-05 -0.0128077 -0.015447 -0.0128077 6.67795e-05 -0.0081011 -0.015447 -0.0081011 9.70509e-05)
(-0.000168137 -0.0128234 -0.0154649 -0.0128234 0.00010311 -0.00809698 -0.0154649 -0.00809698 8.46359e-05)
(-0.000101706 -0.0128324 -0.0154365 -0.0128324 0.000109511 -0.00810267 -0.0154365 -0.00810267 8.64549e-05)
(-0.000160326 -0.0128306 -0.0154439 -0.0128306 0.000110746 -0.00810288 -0.0154439 -0.00810288 8.69791e-05)
(-6.55892e-05 -0.0128098 -0.0154511 -0.0128098 7.1125e-05 -0.00810138 -0.0154511 -0.00810138 9.18435e-05)
(-5.08901e-05 -0.01281 -0.0154514 -0.01281 7.30448e-05 -0.00809989 -0.0154514 -0.00809989 9.57254e-05)
(-0.000169761 -0.0128229 -0.0154664 -0.0128229 0.000102494 -0.00809659 -0.0154664 -0.00809659 8.48026e-05)
(-0.000111906 -0.0128325 -0.015437 -0.0128325 0.000109827 -0.00810264 -0.015437 -0.00810264 8.67594e-05)
(-0.000161807 -0.0128318 -0.0154414 -0.0128318 0.000111271 -0.0081033 -0.0154414 -0.0081033 8.76232e-05)
(-5.0758e-05 -0.0128084 -0.0154486 -0.0128084 6.68218e-05 -0.008102 -0.0154486 -0.008102 9.22393e-05)
(-4.3566e-05 -0.0128087 -0.0154493 -0.0128087 7.08507e-05 -0.00810054 -0.0154493 -0.00810054 9.59039e-05)
(-0.000166337 -0.0128231 -0.0154652 -0.0128231 0.000102883 -0.00809694 -0.0154652 -0.00809694 8.46574e-05)
(-0.000130255 -0.0128311 -0.0154428 -0.0128311 0.000109365 -0.00810154 -0.0154428 -0.00810154 8.59376e-05)
(-0.000147475 -0.0128326 -0.015438 -0.0128326 0.00011161 -0.00810399 -0.015438 -0.00810399 8.7961e-05)
(-8.05835e-05 -0.0128117 -0.0154537 -0.0128117 7.4995e-05 -0.00810082 -0.0154537 -0.00810082 9.10945e-05)
(-4.61054e-05 -0.0128093 -0.0154503 -0.0128093 7.23902e-05 -0.0081002 -0.0154503 -0.0081002 9.56857e-05)
(-0.000165731 -0.0128216 -0.0154677 -0.0128216 0.000100355 -0.00809624 -0.0154677 -0.00809624 8.58743e-05)
(-0.000124954 -0.0128311 -0.0154426 -0.0128311 0.000109353 -0.00810148 -0.0154426 -0.00810148 8.56458e-05)
(-0.000134934 -0.0128332 -0.0154353 -0.0128332 0.000111561 -0.00810427 -0.0154353 -0.00810427 8.82627e-05)
(-7.59719e-05 -0.0128113 -0.0154532 -0.0128113 7.41293e-05 -0.00810078 -0.0154532 -0.00810078 9.13604e-05)
(-2.58908e-05 -0.0128073 -0.0154463 -0.0128073 6.60533e-05 -0.00810124 -0.0154463 -0.00810124 9.73987e-05)
(-0.000167999 -0.0128222 -0.0154669 -0.0128222 0.000101698 -0.00809647 -0.0154669 -0.00809647 8.51892e-05)
(-0.000123779 -0.0128318 -0.0154404 -0.0128318 0.000109543 -0.00810193 -0.0154404 -0.00810193 8.62599e-05)
(-0.000141591 -0.0128333 -0.0154357 -0.0128333 0.000111693 -0.00810434 -0.0154357 -0.00810434 8.83939e-05)
(-6.1295e-05 -0.0128095 -0.0154505 -0.0128095 7.00621e-05 -0.00810136 -0.0154505 -0.00810136 9.22914e-05)
(-2.4274e-05 -0.0128069 -0.0154455 -0.0128069 6.53837e-05 -0.00810148 -0.0154455 -0.00810148 9.73876e-05)
(-0.000170959 -0.0128227 -0.0154662 -0.0128227 0.00010249 -0.00809669 -0.0154662 -0.00809669 8.49732e-05)
(-0.000133117 -0.0128317 -0.0154413 -0.0128317 0.000109829 -0.00810185 -0.0154413 -0.00810185 8.64162e-05)
(-0.000164022 -0.0128317 -0.015442 -0.0128317 0.000110946 -0.00810331 -0.015442 -0.00810331 8.75565e-05)
(-7.86303e-05 -0.0128115 -0.0154536 -0.0128115 7.55298e-05 -0.00810063 -0.0154536 -0.00810063 9.14092e-05)
(9.98012e-06 -0.0128024 -0.015437 -0.0128024 5.27843e-05 -0.00810437 -0.015437 -0.00810437 0.000100811)
(-8.96289e-05 -0.0128137 -0.0154595 -0.0128137 8.32022e-05 -0.00809775 -0.0154595 -0.00809775 9.30913e-05)
(-0.000163917 -0.0128266 -0.0154564 -0.0128266 0.000105358 -0.00809915 -0.0154564 -0.00809915 8.52448e-05)
(-0.000132741 -0.0128338 -0.0154335 -0.0128338 0.000110561 -0.00810423 -0.0154335 -0.00810423 8.90248e-05)
(-0.000187653 -0.0128257 -0.0154575 -0.0128257 0.000106351 -0.00809979 -0.0154575 -0.00809979 8.57986e-05)
(2.46859e-05 -0.0127999 -0.0154317 -0.0127999 4.69789e-05 -0.00810639 -0.0154317 -0.00810639 0.000101003)
(-5.75492e-05 -0.0128106 -0.0154544 -0.0128106 7.43544e-05 -0.00809898 -0.0154544 -0.00809898 9.61532e-05)
(-0.000160344 -0.0128276 -0.0154539 -0.0128276 0.000105771 -0.00809965 -0.0154539 -0.00809965 8.55682e-05)
(-0.000140039 -0.0128326 -0.0154375 -0.0128326 0.000110263 -0.00810337 -0.0154375 -0.00810337 8.81824e-05)
(-0.000187578 -0.0128238 -0.0154607 -0.0128238 0.000103677 -0.00809902 -0.0154607 -0.00809902 8.60233e-05)
(1.19531e-05 -0.0128021 -0.0154362 -0.0128021 5.17392e-05 -0.00810464 -0.0154362 -0.00810464 0.00010084)
(-7.61308e-05 -0.0128123 -0.0154575 -0.0128123 7.93259e-05 -0.00809824 -0.0154575 -0.00809824 9.4203e-05)
(-0.000149361 -0.0128277 -0.0154528 -0.0128277 0.000105863 -0.00809979 -0.0154528 -0.00809979 8.52872e-05)
(-0.000129014 -0.0128326 -0.0154361 -0.0128326 0.00011031 -0.00810365 -0.0154361 -0.00810365 8.81381e-05)
(-0.000185749 -0.0128229 -0.0154618 -0.0128229 0.000102219 -0.00809868 -0.0154618 -0.00809868 8.6262e-05)
(1.06183e-06 -0.0128037 -0.0154396 -0.0128037 5.59103e-05 -0.00810335 -0.0154396 -0.00810335 9.99653e-05)
(-7.74909e-05 -0.0128124 -0.0154576 -0.0128124 7.9395e-05 -0.00809822 -0.0154576 -0.00809822 9.42071e-05)
(-0.000166494 -0.0128269 -0.0154558 -0.0128269 0.000105356 -0.00809932 -0.0154558 -0.00809932 8.55377e-05)
(-0.000135321 -0.0128334 -0.0154346 -0.0128334 0.000110765 -0.00810397 -0.0154346 -0.00810397 8.87712e-05)
(-0.000187485 -0.0128233 -0.0154615 -0.0128233 0.00010265 -0.00809881 -0.0154615 -0.00809881 8.62352e-05)
(1.80654e-05 -0.012801 -0.0154341 -0.012801 4.97232e-05 -0.00810543 -0.0154341 -0.00810543 0.000100357)
(-8.11963e-05 -0.0128127 -0.015458 -0.0128127 8.05288e-05 -0.00809822 -0.015458 -0.00809822 9.3605e-05)
(-0.000164672 -0.0128263 -0.0154571 -0.0128263 0.00010482 -0.00809899 -0.0154571 -0.00809899 8.53422e-05)
(-0.000132962 -0.0128331 -0.0154352 -0.0128331 0.00011053 -0.00810389 -0.0154352 -0.00810389 8.85307e-05)
(-0.000187261 -0.0128253 -0.0154583 -0.0128253 0.000105628 -0.00809956 -0.0154583 -0.00809956 8.58135e-05)
(-3.00478e-07 -0.0128036 -0.0154398 -0.0128036 5.64759e-05 -0.00810325 -0.0154398 -0.00810325 9.9423e-05)
(-5.26318e-05 -0.0128099 -0.0154532 -0.0128099 7.30236e-05 -0.00809925 -0.0154532 -0.00809925 9.64602e-05)
(-0.0001626 -0.0128259 -0.015458 -0.0128259 0.000104701 -0.00809873 -0.015458 -0.00809873 8.50277e-05)
(-0.000107788 -0.0128342 -0.0154297 -0.0128342 0.000110545 -0.00810469 -0.0154297 -0.00810469 8.90646e-05)
(-0.000188104 -0.0128255 -0.0154584 -0.0128255 0.000105863 -0.00809942 -0.0154584 -0.00809942 8.57457e-05)
(1.23602e-05 -0.0128018 -0.015436 -0.0128018 5.15338e-05 -0.00810472 -0.015436 -0.00810472 0.000100292)
(-5.4935e-05 -0.01281 -0.0154535 -0.01281 7.33606e-05 -0.00809919 -0.0154535 -0.00809919 9.62871e-05)
(-0.000165038 -0.0128266 -0.0154567 -0.0128266 0.00010522 -0.00809902 -0.0154567 -0.00809902 8.52412e-05)
(-0.00011014 -0.0128347 -0.0154284 -0.0128347 0.000110813 -0.00810508 -0.0154284 -0.00810508 8.95548e-05)
(-0.000186351 -0.0128241 -0.0154603 -0.0128241 0.000104091 -0.00809905 -0.0154603 -0.00809905 8.59004e-05)
(1.67899e-05 -0.0128012 -0.0154345 -0.0128012 5.01165e-05 -0.00810529 -0.0154345 -0.00810529 0.00010025)
(-7.41354e-05 -0.012812 -0.0154569 -0.012812 7.81319e-05 -0.00809838 -0.0154569 -0.00809838 9.47433e-05)
(-0.000165068 -0.0128271 -0.0154553 -0.0128271 0.000105716 -0.00809934 -0.0154553 -0.00809934 8.54056e-05)
(-0.000120824 -0.0128341 -0.0154312 -0.0128341 0.000110765 -0.0081047 -0.0154312 -0.0081047 8.91967e-05)
(-0.000184899 -0.0128239 -0.0154604 -0.0128239 0.000103818 -0.00809907 -0.0154604 -0.00809907 8.59362e-05)
(-7.04786e-05 -0.0128097 -0.0154532 -0.0128097 7.35501e-05 -0.00809966 -0.0154532 -0.00809966 9.48437e-05)
(7.34063e-06 -0.0128024 -0.0154386 -0.0128024 5.41841e-05 -0.00810377 -0.0154386 -0.00810377 0.000100587)
(-0.000143348 -0.0128184 -0.0154637 -0.0128184 9.16983e-05 -0.00809767 -0.0154637 -0.00809767 8.87994e-05)
(-0.000183519 -0.0128287 -0.0154525 -0.0128287 0.0001054 -0.00810145 -0.0154525 -0.00810145 8.70115e-05)
(-0.000184133 -0.0128278 -0.0154538 -0.0128278 0.000106837 -0.00810039 -0.0154538 -0.00810039 8.64382e-05)
(-6.90145e-05 -0.0128094 -0.0154524 -0.0128094 7.25973e-05 -0.00809993 -0.0154524 -0.00809993 9.48339e-05)
(2.66954e-05 -0.0127993 -0.015432 -0.0127993 4.60423e-05 -0.00810672 -0.015432 -0.00810672 0.000101333)
(-0.0001438 -0.0128186 -0.0154636 -0.0128186 9.12193e-05 -0.00809784 -0.0154636 -0.00809784 8.88483e-05)
(-0.000181108 -0.0128285 -0.0154523 -0.0128285 0.000105562 -0.0081013 -0.0154523 -0.0081013 8.69489e-05)
(-0.000186199 -0.0128262 -0.0154573 -0.0128262 0.000105324 -0.00809969 -0.0154573 -0.00809969 8.61995e-05)
(-8.46406e-05 -0.0128113 -0.0154557 -0.0128113 7.73217e-05 -0.00809906 -0.0154557 -0.00809906 9.38057e-05)
(1.69453e-05 -0.0128005 -0.0154351 -0.0128005 4.94209e-05 -0.00810535 -0.0154351 -0.00810535 0.000100408)
(-0.000147928 -0.0128193 -0.0154641 -0.0128193 9.32509e-05 -0.0080976 -0.0154641 -0.0080976 8.83254e-05)
(-0.00017913 -0.0128283 -0.0154524 -0.0128283 0.000105614 -0.00810122 -0.0154524 -0.00810122 8.68877e-05)
(-0.000186798 -0.0128254 -0.0154588 -0.0128254 0.000104229 -0.00809937 -0.0154588 -0.00809937 8.62122e-05)
(-8.56179e-05 -0.0128116 -0.015456 -0.0128116 7.79529e-05 -0.00809893 -0.015456 -0.00809893 9.3616e-05)
(6.64614e-06 -0.0128015 -0.0154377 -0.0128015 5.22404e-05 -0.00810437 -0.0154377 -0.00810437 9.94559e-05)
(-0.000133072 -0.0128173 -0.0154627 -0.0128173 8.79013e-05 -0.00809807 -0.0154627 -0.00809807 8.97416e-05)
(-0.000185744 -0.0128283 -0.0154533 -0.0128283 0.000105268 -0.00810112 -0.0154533 -0.00810112 8.69923e-05)
(-0.000187753 -0.0128263 -0.0154573 -0.0128263 0.000105332 -0.00809974 -0.0154573 -0.00809974 8.62595e-05)
(-5.96953e-05 -0.0128087 -0.0154512 -0.0128087 7.06044e-05 -0.00810023 -0.0154512 -0.00810023 9.54441e-05)
(1.29203e-05 -0.0128008 -0.0154361 -0.0128008 5.04787e-05 -0.00810501 -0.0154361 -0.00810501 9.97663e-05)
(-0.000135203 -0.0128177 -0.0154631 -0.0128177 8.95382e-05 -0.00809789 -0.0154631 -0.00809789 8.93485e-05)
(-0.00018503 -0.0128271 -0.0154558 -0.0128271 0.000103912 -0.00810062 -0.0154558 -0.00810062 8.67359e-05)
(-0.00018228 -0.0128273 -0.0154546 -0.0128273 0.000106339 -0.00810031 -0.0154546 -0.00810031 8.63294e-05)
(-9.228e-05 -0.0128122 -0.015457 -0.0128122 7.91661e-05 -0.00809877 -0.015457 -0.00809877 9.32337e-05)
(2.26561e-05 -0.0127992 -0.0154324 -0.0127992 4.62233e-05 -0.00810659 -0.0154324 -0.00810659 0.000100415)
(-0.000121354 -0.0128161 -0.0154621 -0.0128161 8.64799e-05 -0.00809791 -0.0154621 -0.00809791 9.05359e-05)
(-0.000180031 -0.0128281 -0.0154532 -0.0128281 0.000105289 -0.00810095 -0.0154532 -0.00810095 8.68216e-05)
(-0.000178301 -0.0128284 -0.015452 -0.0128284 0.000107315 -0.00810076 -0.015452 -0.00810076 8.65228e-05)
(-8.46757e-05 -0.0128112 -0.0154555 -0.0128112 7.6479e-05 -0.00809918 -0.0154555 -0.00809918 9.39508e-05)
(2.90276e-05 -0.0127984 -0.0154303 -0.0127984 4.38263e-05 -0.0081076 -0.0154303 -0.0081076 0.000100789)
(-0.000138743 -0.012818 -0.0154636 -0.012818 9.0674e-05 -0.00809766 -0.0154636 -0.00809766 8.91722e-05)
(-0.000170529 -0.0128302 -0.0154472 -0.0128302 0.000107067 -0.00810225 -0.0154472 -0.00810225 8.74906e-05)
(-0.000180328 -0.0128274 -0.0154541 -0.0128274 0.000106556 -0.00810036 -0.0154541 -0.00810036 8.62949e-05)
(-5.95282e-05 -0.0128087 -0.0154511 -0.0128087 7.01724e-05 -0.00810028 -0.0154511 -0.00810028 9.5511e-05)
(1.84561e-05 -0.0128 -0.0154341 -0.0128 4.8198e-05 -0.0081058 -0.0154341 -0.0081058 0.000100413)
(-0.00014723 -0.0128189 -0.0154641 -0.0128189 9.22535e-05 -0.00809754 -0.0154641 -0.00809754 8.86703e-05)
(-0.00017314 -0.0128299 -0.0154483 -0.0128299 0.000106865 -0.0081021 -0.0154483 -0.0081021 8.73583e-05)
(-0.0001849 -0.0128264 -0.0154567 -0.0128264 0.000105348 -0.00809982 -0.0154567 -0.00809982 8.62374e-05)
(-8.95477e-05 -0.0128118 -0.0154561 -0.0128118 7.51987e-05 -0.00809933 -0.0154561 -0.00809933 9.47923e-05)
(3.04848e-05 -0.0127971 -0.0154286 -0.0127971 4.14566e-05 -0.00810877 -0.0154286 -0.00810877 9.76604e-05)
(-1.00794e-05 -0.0128031 -0.0154415 -0.0128031 5.32671e-05 -0.00810437 -0.0154415 -0.00810437 9.53359e-05)
(-0.000124439 -0.0128179 -0.0154603 -0.0128179 8.21877e-05 -0.00810065 -0.0154603 -0.00810065 8.8316e-05)
(-0.000178195 -0.0128227 -0.0154635 -0.0128227 9.48283e-05 -0.00809855 -0.0154635 -0.00809855 8.80843e-05)
(-9.69165e-05 -0.0128124 -0.0154569 -0.0128124 7.63846e-05 -0.00809917 -0.0154569 -0.00809917 9.43169e-05)
(3.88749e-05 -0.0127955 -0.015425 -0.0127955 3.69387e-05 -0.00811102 -0.015425 -0.00811102 9.68698e-05)
(-8.15025e-06 -0.0128029 -0.0154412 -0.0128029 5.22851e-05 -0.00810479 -0.0154412 -0.00810479 9.48222e-05)
(-0.000137061 -0.012819 -0.0154612 -0.012819 8.57322e-05 -0.0081003 -0.0154612 -0.0081003 8.80261e-05)
(-0.0001693 -0.0128213 -0.0154638 -0.0128213 9.2634e-05 -0.00809837 -0.0154638 -0.00809837 8.87025e-05)
(-9.95377e-05 -0.0128128 -0.0154577 -0.0128128 7.74633e-05 -0.00809891 -0.0154577 -0.00809891 9.41868e-05)
(3.34087e-05 -0.0127961 -0.015427 -0.0127961 3.87612e-05 -0.00811001 -0.015427 -0.00811001 9.65395e-05)
(-1.59734e-05 -0.0128042 -0.0154437 -0.0128042 5.62526e-05 -0.00810369 -0.0154437 -0.00810369 9.4899e-05)
(-0.00014247 -0.0128196 -0.0154614 -0.0128196 8.73685e-05 -0.00810022 -0.0154614 -0.00810022 8.78592e-05)
(-0.000160453 -0.0128204 -0.0154633 -0.0128204 9.03493e-05 -0.00809862 -0.0154633 -0.00809862 8.90192e-05)
(-8.95467e-05 -0.0128119 -0.0154564 -0.0128119 7.52934e-05 -0.00809916 -0.0154564 -0.00809916 9.47541e-05)
(2.08586e-05 -0.0127975 -0.0154307 -0.0127975 4.2636e-05 -0.00810825 -0.0154307 -0.00810825 9.6075e-05)
(-7.99225e-06 -0.0128025 -0.0154407 -0.0128025 5.08562e-05 -0.00810536 -0.0154407 -0.00810536 9.40442e-05)
(-0.000130227 -0.0128184 -0.0154609 -0.0128184 8.34937e-05 -0.00810034 -0.0154609 -0.00810034 8.84666e-05)
(-0.000168529 -0.0128214 -0.0154636 -0.0128214 9.22662e-05 -0.00809852 -0.0154636 -0.00809852 8.86659e-05)
(-8.6271e-05 -0.0128115 -0.0154557 -0.0128115 7.43806e-05 -0.00809942 -0.0154557 -0.00809942 9.51117e-05)
(3.07229e-05 -0.0127965 -0.015428 -0.0127965 3.99285e-05 -0.00810952 -0.015428 -0.00810952 9.6317e-05)
(-8.63354e-06 -0.0128029 -0.0154414 -0.0128029 5.26235e-05 -0.00810485 -0.0154414 -0.00810485 9.42028e-05)
(-0.000122182 -0.0128174 -0.0154603 -0.0128174 8.18629e-05 -0.00810043 -0.0154603 -0.00810043 8.87002e-05)
(-0.000164316 -0.0128211 -0.0154635 -0.0128211 9.15474e-05 -0.00809857 -0.0154635 -0.00809857 8.87536e-05)
(-0.000107979 -0.0128139 -0.0154592 -0.0128139 7.97982e-05 -0.00809854 -0.0154592 -0.00809854 9.33666e-05)
(2.72629e-05 -0.0127965 -0.0154283 -0.0127965 4.01636e-05 -0.0081094 -0.0154283 -0.0081094 9.6643e-05)
(5.83944e-06 -0.0128009 -0.0154373 -0.0128009 4.83113e-05 -0.00810609 -0.0154373 -0.00810609 9.54403e-05)
(-0.000121813 -0.0128172 -0.0154603 -0.0128172 8.21177e-05 -0.00810032 -0.0154603 -0.00810032 8.8809e-05)
(-0.000170543 -0.0128219 -0.0154634 -0.0128219 9.2801e-05 -0.00809866 -0.0154634 -0.00809866 8.84391e-05)
(-0.00010834 -0.0128138 -0.0154591 -0.0128138 7.89367e-05 -0.00809859 -0.0154591 -0.00809859 9.37949e-05)
(3.71196e-05 -0.0127953 -0.0154249 -0.0127953 3.66517e-05 -0.00811119 -0.0154249 -0.00811119 9.6803e-05)
(-4.42456e-06 -0.0128025 -0.0154405 -0.0128025 5.26772e-05 -0.00810469 -0.0154405 -0.00810469 9.54153e-05)
(-0.000146072 -0.0128201 -0.0154617 -0.0128201 8.82675e-05 -0.00810007 -0.0154617 -0.00810007 8.78056e-05)
(-0.000178542 -0.0128226 -0.0154635 -0.0128226 9.48025e-05 -0.00809856 -0.0154635 -0.00809856 8.8109e-05)
(-8.64721e-05 -0.0128116 -0.0154558 -0.0128116 7.35982e-05 -0.0080994 -0.0154558 -0.0080994 9.54812e-05)
(3.7145e-05 -0.0127956 -0.0154255 -0.0127956 3.73216e-05 -0.00811078 -0.0154255 -0.00811078 9.66265e-05)
(-1.13756e-05 -0.0128035 -0.0154422 -0.0128035 5.42238e-05 -0.00810408 -0.0154422 -0.00810408 9.56482e-05)
(-0.000147652 -0.0128203 -0.0154618 -0.0128203 8.86556e-05 -0.00809993 -0.0154618 -0.00809993 8.78698e-05)
(-0.000174738 -0.0128222 -0.0154635 -0.0128222 9.42228e-05 -0.00809852 -0.0154635 -0.00809852 8.8209e-05)
(-9.12303e-05 -0.0128122 -0.0154566 -0.0128122 7.29784e-05 -0.00809956 -0.0154566 -0.00809956 9.56117e-05)
(2.56907e-05 -0.0127953 -0.0154268 -0.0127953 3.6924e-05 -0.00811114 -0.0154268 -0.00811114 9.46374e-05)
(3.96217e-05 -0.0127935 -0.0154235 -0.0127935 2.90449e-05 -0.00811581 -0.0154235 -0.00811581 8.7195e-05)
(-2.21068e-05 -0.0128046 -0.0154443 -0.0128046 5.01588e-05 -0.00810697 -0.0154443 -0.00810697 8.79627e-05)
(-0.000137372 -0.0128194 -0.0154612 -0.0128194 8.51492e-05 -0.00810057 -0.0154612 -0.00810057 8.81564e-05)
(-9.32384e-05 -0.0128123 -0.0154567 -0.0128123 7.26591e-05 -0.00809955 -0.0154567 -0.00809955 9.55123e-05)
(2.34133e-05 -0.0127952 -0.0154269 -0.0127952 3.74919e-05 -0.00811091 -0.0154269 -0.00811091 9.48009e-05)
(3.80219e-05 -0.0127939 -0.0154245 -0.0127939 2.98867e-05 -0.00811526 -0.0154245 -0.00811526 8.66067e-05)
(-3.21945e-05 -0.0128061 -0.0154467 -0.0128061 5.4028e-05 -0.00810585 -0.0154467 -0.00810585 8.85401e-05)
(-0.000134798 -0.0128187 -0.0154609 -0.0128187 8.4602e-05 -0.00810054 -0.0154609 -0.00810054 8.84477e-05)
(-8.60338e-05 -0.0128117 -0.0154558 -0.0128117 7.09098e-05 -0.00809983 -0.0154558 -0.00809983 9.61908e-05)
(1.98557e-05 -0.0127958 -0.0154283 -0.0127958 3.88358e-05 -0.00811027 -0.0154283 -0.00811027 9.45477e-05)
