/*--------------------------------*- C++ -*----------------------------------*\
  =========                 |
  \\      /  F ield         | OpenFOAM: The Open Source CFD Toolbox
   \\    /   O peration     | Website:  https://openfoam.org
    \\  /    A nd           | Version:  10
     \\/     M anipulation  |
\*---------------------------------------------------------------------------*/
FoamFile
{
    format      ascii;
    class       volTensorField;
    location    "27.5";
    object      TauNN;
}
// * * * * * * * * * * * * * * * * * * * * * * * * * * * * * * * * * * * * * //

dimensions      [0 2 -2 0 0 0 0];

internalField   nonuniform List<tensor> 
25600
(
(0.00147269 -0.0129649 -0.0151312 -0.0129649 0.000153669 -0.00814273 -0.0151312 -0.00814273 0.000120497)
(0.00149241 -0.0129698 -0.0151284 -0.0129698 0.000154154 -0.00814548 -0.0151284 -0.00814548 0.000120509)
(0.00147706 -0.0129776 -0.0151368 -0.0129776 0.000159413 -0.00815082 -0.0151368 -0.00815082 0.000116437)
(0.00147646 -0.01298 -0.0151359 -0.01298 0.000160205 -0.00815243 -0.0151359 -0.00815243 0.000114489)
(0.00149924 -0.0129745 -0.0151304 -0.0129745 0.000156503 -0.00814855 -0.0151304 -0.00814855 0.000117887)
(0.00146932 -0.0129788 -0.0151375 -0.0129788 0.000160141 -0.00815158 -0.0151375 -0.00815158 0.000115484)
(0.00149162 -0.0129809 -0.0151345 -0.0129809 0.000159782 -0.00815284 -0.0151345 -0.00815284 0.000115064)
(0.00148758 -0.0129764 -0.0151352 -0.0129764 0.000158569 -0.00814998 -0.0151352 -0.00814998 0.000116586)
(0.00145395 -0.0129746 -0.0151435 -0.0129746 0.000160643 -0.00814934 -0.0151435 -0.00814934 0.000116155)
(0.00147715 -0.012974 -0.0151371 -0.012974 0.000158235 -0.00814846 -0.0151371 -0.00814846 0.000117878)
(0.00147696 -0.0129754 -0.0151371 -0.0129754 0.000158848 -0.00814942 -0.0151371 -0.00814942 0.00011692)
(0.00147086 -0.0129734 -0.0151389 -0.0129734 0.000158594 -0.00814813 -0.0151389 -0.00814813 0.000117788)
(0.00147834 -0.0129743 -0.0151354 -0.0129743 0.000157895 -0.00814858 -0.0151354 -0.00814858 0.00011779)
(0.00148983 -0.0129797 -0.0151348 -0.0129797 0.000159411 -0.00815197 -0.0151348 -0.00815197 0.000115816)
(0.00147246 -0.0129797 -0.0151379 -0.0129797 0.000160544 -0.00815222 -0.0151379 -0.00815222 0.000114842)
(0.00147421 -0.0129769 -0.0151374 -0.0129769 0.000159479 -0.00815036 -0.0151374 -0.00815036 0.000116142)
(0.00148444 -0.0129741 -0.0151354 -0.0129741 0.000157542 -0.00814834 -0.0151354 -0.00814834 0.000118747)
(0.00149631 -0.0129768 -0.0151322 -0.0129768 0.000157729 -0.00815008 -0.0151322 -0.00815008 0.000117168)
(0.00148302 -0.0129792 -0.0151355 -0.0129792 0.000159734 -0.00815188 -0.0151355 -0.00815188 0.000115067)
(0.00148385 -0.0129757 -0.0151347 -0.0129757 0.000158319 -0.00814958 -0.0151347 -0.00814958 0.000116669)
(0.00147526 -0.0129775 -0.0151373 -0.0129775 0.000159434 -0.00815065 -0.0151373 -0.00815065 0.000116717)
(0.00147065 -0.0129814 -0.0151385 -0.0129814 0.000160979 -0.00815318 -0.0151385 -0.00815318 0.000115206)
(0.00149897 -0.0129776 -0.0151324 -0.0129776 0.000158194 -0.0081507 -0.0151324 -0.0081507 0.000116146)
(0.00146102 -0.0129747 -0.0151399 -0.0129747 0.000159756 -0.00814929 -0.0151399 -0.00814929 0.000116102)
(0.00146756 -0.0129802 -0.0151368 -0.0129802 0.000160512 -0.00815252 -0.0151368 -0.00815252 0.000114645)
(0.00150497 -0.012976 -0.0151296 -0.012976 0.000156705 -0.00814954 -0.0151296 -0.00814954 0.000117698)
(0.00148541 -0.0129733 -0.0151356 -0.0129733 0.000157261 -0.00814783 -0.0151356 -0.00814783 0.000119109)
(0.00145613 -0.0129828 -0.0151388 -0.0129828 0.000161635 -0.00815412 -0.0151388 -0.00815412 0.000114274)
(0.00148302 -0.0129812 -0.0151361 -0.0129812 0.000160315 -0.00815304 -0.0151361 -0.00815304 0.000114893)
(0.00148617 -0.0129773 -0.0151342 -0.0129773 0.000158866 -0.00815068 -0.0151342 -0.00815068 0.000115431)
(0.00143964 -0.0129707 -0.015149 -0.0129707 0.000160389 -0.00814677 -0.015149 -0.00814677 0.000118742)
(0.00146832 -0.0129812 -0.0151375 -0.0129812 0.000160708 -0.00815299 -0.0151375 -0.00815299 0.000115298)
(0.00149392 -0.0129816 -0.0151335 -0.0129816 0.000159874 -0.00815336 -0.0151335 -0.00815336 0.000114146)
(0.00147607 -0.0129801 -0.015137 -0.0129801 0.000160329 -0.00815238 -0.015137 -0.00815238 0.000114982)
(0.00147511 -0.0129805 -0.015137 -0.0129805 0.000160508 -0.00815269 -0.015137 -0.00815269 0.000114783)
(0.00149987 -0.012977 -0.0151327 -0.012977 0.000157882 -0.00815019 -0.0151327 -0.00815019 0.000117036)
(0.00146291 -0.0129755 -0.0151412 -0.0129755 0.000160176 -0.00814975 -0.0151412 -0.00814975 0.000116195)
(0.00146288 -0.0129768 -0.0151395 -0.0129768 0.000160231 -0.00815059 -0.0151395 -0.00815059 0.000115702)
(0.0014508 -0.0129752 -0.0151444 -0.0129752 0.000160925 -0.00814968 -0.0151444 -0.00814968 0.000116521)
(0.00142516 -0.0129706 -0.0151511 -0.0129706 0.00016158 -0.00814717 -0.0151511 -0.00814717 0.000117106)
(0.000485175 -0.012865 -0.0154279 -0.012865 0.000135158 -0.00814634 -0.0154279 -0.00814634 4.91524e-05)
(0.000114892 -0.0128298 -0.0154259 -0.0128298 0.000114268 -0.00815184 -0.0154259 -0.00815184 2.97418e-05)
(7.70099e-05 -0.0128105 -0.0154254 -0.0128105 5.75527e-05 -0.00814241 -0.0154254 -0.00814241 3.2896e-05)
(-2.41893e-05 -0.0128121 -0.0154531 -0.0128121 6.77899e-05 -0.00810548 -0.0154531 -0.00810548 7.95171e-05)
(6.45831e-05 -0.0127941 -0.0154239 -0.0127941 2.74343e-05 -0.0081336 -0.0154239 -0.0081336 6.22768e-05)
(1.33953e-05 -0.0128102 -0.0154492 -0.0128102 6.17745e-05 -0.00810588 -0.0154492 -0.00810588 7.98275e-05)
(-7.20245e-05 -0.0128191 -0.0154578 -0.0128191 8.24472e-05 -0.00811238 -0.0154578 -0.00811238 7.04397e-05)
(5.40066e-05 -0.0127913 -0.0154293 -0.0127913 2.33169e-05 -0.00813069 -0.0154293 -0.00813069 4.99902e-05)
(8.65147e-05 -0.0128043 -0.0154227 -0.0128043 3.75722e-05 -0.00813228 -0.0154227 -0.00813228 7.76545e-05)
(0.000126185 -0.0128206 -0.0154183 -0.0128206 9.59208e-05 -0.00814908 -0.0154183 -0.00814908 5.03397e-05)
(0.000246311 -0.0128373 -0.0154241 -0.0128373 0.000126007 -0.00814611 -0.0154241 -0.00814611 3.28674e-05)
(0.000630016 -0.0128619 -0.0154336 -0.0128619 0.000114831 -0.00814258 -0.0154336 -0.00814258 3.23565e-05)
(0.00014288 -0.0128326 -0.0154146 -0.0128326 0.000114334 -0.00815105 -0.0154146 -0.00815105 4.95744e-05)
(2.54262e-05 -0.0128001 -0.0154394 -0.0128001 3.82667e-05 -0.00811476 -0.0154394 -0.00811476 6.8412e-05)
(7.8223e-05 -0.0128001 -0.0154253 -0.0128001 3.45464e-05 -0.00813347 -0.0154253 -0.00813347 6.04966e-05)
(0.000264848 -0.0128402 -0.0154243 -0.0128402 0.000125483 -0.00814572 -0.0154243 -0.00814572 3.46464e-05)
(0.000404535 -0.012857 -0.0154417 -0.012857 0.000122975 -0.00814423 -0.0154417 -0.00814423 2.78789e-05)
(4.67594e-05 -0.0127942 -0.0154277 -0.0127942 2.3693e-05 -0.00812273 -0.0154277 -0.00812273 5.91305e-05)
(5.02378e-05 -0.0127951 -0.015428 -0.0127951 2.12655e-05 -0.00812594 -0.015428 -0.00812594 5.40793e-05)
(9.18222e-05 -0.0128049 -0.0154225 -0.0128049 5.21006e-05 -0.00814298 -0.0154225 -0.00814298 5.65451e-05)
(0.000139443 -0.0128288 -0.015421 -0.0128288 0.000109097 -0.00814812 -0.015421 -0.00814812 3.77146e-05)
(0.000108805 -0.0128263 -0.0154232 -0.0128263 9.04497e-05 -0.00814348 -0.0154232 -0.00814348 3.34516e-05)
(-9.75894e-06 -0.0128054 -0.0154473 -0.0128054 4.69432e-05 -0.00811234 -0.0154473 -0.00811234 7.24513e-05)
(-1.65458e-05 -0.0128118 -0.0154519 -0.0128118 6.32804e-05 -0.00810423 -0.0154519 -0.00810423 8.11922e-05)
(7.85406e-05 -0.0128017 -0.0154219 -0.0128017 2.83895e-05 -0.00811817 -0.0154219 -0.00811817 6.49553e-05)
(-3.93246e-05 -0.0128122 -0.0154513 -0.0128122 6.04572e-05 -0.00811553 -0.0154513 -0.00811553 6.82867e-05)
(0.000140647 -0.0128221 -0.0154265 -0.0128221 0.000110586 -0.00814654 -0.0154265 -0.00814654 3.11613e-05)
(6.37528e-05 -0.0128014 -0.0154299 -0.0128014 3.03025e-05 -0.00811712 -0.0154299 -0.00811712 6.41179e-05)
(5.97906e-05 -0.0128014 -0.0154339 -0.0128014 2.5509e-05 -0.00812262 -0.0154339 -0.00812262 5.41411e-05)
(1.70611e-05 -0.0127991 -0.0154387 -0.0127991 2.88176e-05 -0.00811546 -0.0154387 -0.00811546 7.06416e-05)
(0.000597252 -0.012861 -0.0154408 -0.012861 0.000116941 -0.00814253 -0.0154408 -0.00814253 3.28474e-05)
(8.40139e-05 -0.0127996 -0.0154267 -0.0127996 3.17386e-05 -0.00812017 -0.0154267 -0.00812017 5.48867e-05)
(0.000179714 -0.0128519 -0.0153667 -0.0128519 0.00010707 -0.00812125 -0.0153667 -0.00812125 9.87056e-05)
(6.08176e-05 -0.0127972 -0.0154282 -0.0127972 2.42524e-05 -0.00812746 -0.0154282 -0.00812746 5.61961e-05)
(0.000110172 -0.01282 -0.01542 -0.01282 8.27964e-05 -0.00814596 -0.01542 -0.00814596 4.66225e-05)
(0.000174697 -0.0128267 -0.0154266 -0.0128267 0.000115404 -0.00814559 -0.0154266 -0.00814559 3.48965e-05)
(-2.29394e-05 -0.0128543 -0.0154072 -0.0128543 0.000105595 -0.00811289 -0.0154072 -0.00811289 9.38936e-05)
(-0.000126123 -0.0128282 -0.0154572 -0.0128282 9.60517e-05 -0.00810776 -0.0154572 -0.00810776 7.53287e-05)
(0.000250635 -0.0128363 -0.0154295 -0.0128363 0.000127033 -0.00814697 -0.0154295 -0.00814697 2.91858e-05)
(0.000362968 -0.0128493 -0.0154304 -0.0128493 0.000128322 -0.0081443 -0.0154304 -0.0081443 2.85122e-05)
(0.00015182 -0.0128362 -0.0154018 -0.0128362 0.00011178 -0.00815018 -0.0154018 -0.00815018 8.93685e-05)
(0.000109419 -0.0128371 -0.0154235 -0.0128371 0.000107212 -0.0081474 -0.0154235 -0.0081474 2.73477e-05)
(7.31817e-05 -0.0128088 -0.0154251 -0.0128088 5.05965e-05 -0.00814215 -0.0154251 -0.00814215 3.37438e-05)
(-0.000156697 -0.0128229 -0.0154565 -0.0128229 0.000100836 -0.00810296 -0.0154565 -0.00810296 8.38385e-05)
(8.90632e-05 -0.0128021 -0.0154217 -0.0128021 4.18092e-05 -0.00813927 -0.0154217 -0.00813927 6.76141e-05)
(-0.000136251 -0.012827 -0.0154508 -0.012827 0.000105926 -0.00810369 -0.0154508 -0.00810369 8.404e-05)
(-1.03384e-05 -0.0128025 -0.0154435 -0.0128025 4.42231e-05 -0.00811781 -0.0154435 -0.00811781 5.92238e-05)
(3.07168e-05 -0.0127941 -0.0154346 -0.0127941 2.1082e-05 -0.00812172 -0.0154346 -0.00812172 5.52647e-05)
(-0.000118118 -0.0128234 -0.0154662 -0.0128234 8.9909e-05 -0.00809671 -0.0154662 -0.00809671 8.87629e-05)
(3.23929e-05 -0.0127964 -0.0154319 -0.0127964 2.79255e-05 -0.00811614 -0.0154319 -0.00811614 8.29549e-05)
(0.000111777 -0.0128036 -0.0154185 -0.0128036 7.76652e-05 -0.00815072 -0.0154185 -0.00815072 6.7756e-05)
(0.000594469 -0.0128595 -0.015424 -0.0128595 0.000118927 -0.00814122 -0.015424 -0.00814122 4.01853e-05)
(0.000121686 -0.012827 -0.0154085 -0.012827 9.20852e-05 -0.00815461 -0.0154085 -0.00815461 7.54871e-05)
(2.84596e-05 -0.0127971 -0.0154346 -0.0127971 3.56609e-05 -0.00811391 -0.0154346 -0.00811391 7.26559e-05)
(5.01748e-05 -0.0127918 -0.015429 -0.0127918 2.15543e-05 -0.00812669 -0.015429 -0.00812669 6.65624e-05)
(0.000413077 -0.0128472 -0.0154281 -0.0128472 0.000124349 -0.00814277 -0.0154281 -0.00814277 3.00472e-05)
(0.000497113 -0.0128622 -0.0154411 -0.0128622 0.000120712 -0.00814401 -0.0154411 -0.00814401 3.11453e-05)
(8.76337e-05 -0.0128081 -0.0154216 -0.0128081 3.78069e-05 -0.00813572 -0.0154216 -0.00813572 5.21939e-05)
(4.58353e-05 -0.0127928 -0.0154277 -0.0127928 2.06121e-05 -0.00812716 -0.0154277 -0.00812716 5.29824e-05)
(1.27128e-05 -0.0127998 -0.015437 -0.0127998 3.47708e-05 -0.00811256 -0.015437 -0.00811256 7.7358e-05)
(8.63383e-05 -0.0128082 -0.0154216 -0.0128082 5.00704e-05 -0.00814319 -0.0154216 -0.00814319 5.3253e-05)
(0.000119209 -0.0128365 -0.0154243 -0.0128365 0.000120126 -0.00815119 -0.0154243 -0.00815119 3.18803e-05)
(3.18961e-05 -0.0128005 -0.0154381 -0.0128005 3.7349e-05 -0.00811401 -0.0154381 -0.00811401 7.41643e-05)
(0.00013837 -0.0128489 -0.0153714 -0.0128489 0.000106658 -0.00811592 -0.0153714 -0.00811592 9.77519e-05)
(7.2181e-05 -0.0127975 -0.0154148 -0.0127975 2.60553e-05 -0.00812763 -0.0154148 -0.00812763 7.50258e-05)
(0.000167119 -0.0128217 -0.0154241 -0.0128217 0.000114057 -0.00814769 -0.0154241 -0.00814769 3.46667e-05)
(6.33292e-05 -0.0127981 -0.0154269 -0.0127981 4.08612e-05 -0.00813902 -0.0154269 -0.00813902 3.77235e-05)
(4.46681e-05 -0.0127917 -0.0154197 -0.0127917 2.71825e-05 -0.00811751 -0.0154197 -0.00811751 7.97979e-05)
(0.000105777 -0.0128147 -0.0154247 -0.0128147 7.73313e-05 -0.00814217 -0.0154247 -0.00814217 3.9748e-05)
(2.79067e-05 -0.0127908 -0.0154327 -0.0127908 2.10164e-05 -0.00812235 -0.0154327 -0.00812235 6.46677e-05)
(6.44659e-05 -0.0127985 -0.015424 -0.0127985 3.25857e-05 -0.00813683 -0.015424 -0.00813683 4.36497e-05)
(9.9441e-05 -0.0127994 -0.0154178 -0.0127994 2.63159e-05 -0.00812847 -0.0154178 -0.00812847 4.64275e-05)
(-0.000101624 -0.0128162 -0.015455 -0.0128162 8.11697e-05 -0.00810947 -0.015455 -0.00810947 7.4697e-05)
(5.65537e-05 -0.0127897 -0.0154272 -0.0127897 2.53552e-05 -0.00813323 -0.0154272 -0.00813323 6.54234e-05)
(0.000145493 -0.0128224 -0.015417 -0.0128224 0.000110535 -0.00815049 -0.015417 -0.00815049 4.8506e-05)
(0.000755257 -0.0128651 -0.015441 -0.0128651 0.000110349 -0.00814371 -0.015441 -0.00814371 4.91002e-05)
(0.000625119 -0.0128685 -0.0152464 -0.0128685 8.99582e-05 -0.00813681 -0.0152464 -0.00813681 0.000119083)
(0.000683966 -0.0128704 -0.0152286 -0.0128704 9.88873e-05 -0.00814082 -0.0152286 -0.00814082 0.000120094)
(-0.000160993 -0.0128295 -0.0154557 -0.0128295 9.24922e-05 -0.00811018 -0.0154557 -0.00811018 7.40718e-05)
(5.7489e-06 -0.0127933 -0.0154311 -0.0127933 2.98068e-05 -0.00811993 -0.0154311 -0.00811993 6.27306e-05)
(-5.91451e-05 -0.0128343 -0.0154349 -0.0128343 0.000104115 -0.00810484 -0.0154349 -0.00810484 8.82433e-05)
(7.9315e-05 -0.0128086 -0.0154313 -0.0128086 3.02678e-05 -0.00812207 -0.0154313 -0.00812207 4.66752e-05)
(6.25093e-05 -0.012795 -0.0154243 -0.012795 2.35893e-05 -0.00813009 -0.0154243 -0.00813009 4.46642e-05)
(-0.000108714 -0.0128118 -0.015454 -0.0128118 7.94826e-05 -0.00810197 -0.015454 -0.00810197 8.81362e-05)
(0.000106426 -0.0128055 -0.015418 -0.0128055 5.20963e-05 -0.00814372 -0.015418 -0.00814372 8.08587e-05)
(-9.75814e-05 -0.0128121 -0.015453 -0.0128121 8.59012e-05 -0.00810277 -0.015453 -0.00810277 8.57348e-05)
(1.51254e-05 -0.0127943 -0.015434 -0.0127943 2.59401e-05 -0.00812092 -0.015434 -0.00812092 5.48394e-05)
(-4.22285e-06 -0.0128036 -0.0154458 -0.0128036 3.98818e-05 -0.00811613 -0.0154458 -0.00811613 6.26073e-05)
(-5.20158e-05 -0.012806 -0.0154484 -0.012806 5.68872e-05 -0.0081034 -0.0154484 -0.0081034 9.77834e-05)
(-1.59899e-05 -0.0128 -0.0154411 -0.0128 3.9785e-05 -0.00811149 -0.0154411 -0.00811149 8.30917e-05)
(3.16992e-05 -0.0127907 -0.0154308 -0.0127907 2.44022e-05 -0.00812372 -0.0154308 -0.00812372 9.69081e-05)
(0.000189378 -0.0128204 -0.0153915 -0.0128204 0.00011939 -0.0081424 -0.0153915 -0.0081424 9.20637e-05)
(0.000122209 -0.0128053 -0.0154036 -0.0128053 3.45302e-05 -0.00813658 -0.0154036 -0.00813658 9.26989e-05)
(8.02552e-05 -0.0128041 -0.0154192 -0.0128041 3.88103e-05 -0.00813926 -0.0154192 -0.00813926 6.39592e-05)
(5.66682e-05 -0.0127874 -0.0154289 -0.0127874 2.40812e-05 -0.00813236 -0.0154289 -0.00813236 6.82904e-05)
(0.000140195 -0.0128034 -0.0154148 -0.0128034 9.81801e-05 -0.00815307 -0.0154148 -0.00815307 7.30708e-05)
(0.000121683 -0.0128369 -0.0154225 -0.0128369 0.000120535 -0.00815208 -0.0154225 -0.00815208 3.52983e-05)
(0.000110769 -0.0128231 -0.0154176 -0.0128231 7.034e-05 -0.00814529 -0.0154176 -0.00814529 5.55575e-05)
(3.9076e-05 -0.0127936 -0.0154308 -0.0127936 2.19578e-05 -0.00812342 -0.0154308 -0.00812342 5.59899e-05)
(-0.000114808 -0.0128185 -0.0154572 -0.0128185 8.18038e-05 -0.00810549 -0.0154572 -0.00810549 8.26711e-05)
(1.75504e-05 -0.0127986 -0.015432 -0.0127986 3.40836e-05 -0.00811107 -0.015432 -0.00811107 9.23194e-05)
(9.88991e-05 -0.0128286 -0.0154206 -0.0128286 0.000103989 -0.00815444 -0.0154206 -0.00815444 4.17702e-05)
(8.99283e-05 -0.0128045 -0.0154191 -0.0128045 3.09233e-05 -0.00813213 -0.0154191 -0.00813213 6.33778e-05)
(-0.000184956 -0.0128259 -0.0154551 -0.0128259 0.000102829 -0.0081048 -0.0154551 -0.0081048 8.28411e-05)
(0.000113139 -0.0128088 -0.0154179 -0.0128088 8.17442e-05 -0.00815514 -0.0154179 -0.00815514 7.70764e-05)
(0.000581315 -0.0128598 -0.0154353 -0.0128598 0.000116853 -0.00814244 -0.0154353 -0.00814244 2.98086e-05)
(3.71672e-06 -0.0127966 -0.0154339 -0.0127966 3.97001e-05 -0.00811487 -0.0154339 -0.00811487 7.22184e-05)
(3.30468e-05 -0.0127886 -0.0154143 -0.0127886 2.84841e-05 -0.00812151 -0.0154143 -0.00812151 9.82051e-05)
(0.000184533 -0.0128284 -0.0154233 -0.0128284 0.000119986 -0.00814742 -0.0154233 -0.00814742 3.6268e-05)
(5.80591e-05 -0.0127891 -0.0154271 -0.0127891 2.76801e-05 -0.00813547 -0.0154271 -0.00813547 5.58007e-05)
(-0.000158568 -0.0128266 -0.0154512 -0.0128266 0.000105385 -0.00810927 -0.0154512 -0.00810927 8.05693e-05)
(9.57926e-05 -0.0127994 -0.0154191 -0.0127994 2.69705e-05 -0.00813094 -0.0154191 -0.00813094 5.08292e-05)
(0.000197276 -0.0128326 -0.0154191 -0.0128326 0.000127526 -0.00814874 -0.0154191 -0.00814874 3.90893e-05)
(1.65551e-05 -0.012792 -0.0154326 -0.012792 2.42774e-05 -0.00811876 -0.0154326 -0.00811876 8.04931e-05)
(0.000113568 -0.0128017 -0.0154212 -0.0128017 8.10834e-05 -0.00815049 -0.0154212 -0.00815049 6.18593e-05)
(0.000383549 -0.0128576 -0.0154405 -0.0128576 0.000120407 -0.00814295 -0.0154405 -0.00814295 2.84238e-05)
(0.000104694 -0.0128513 -0.0154111 -0.0128513 0.000126319 -0.00815454 -0.0154111 -0.00815454 5.31206e-05)
(0.000623289 -0.0128705 -0.0152401 -0.0128705 9.51929e-05 -0.00813722 -0.0152401 -0.00813722 0.000119528)
(0.000466872 -0.012869 -0.0152705 -0.012869 0.000106686 -0.00813311 -0.0152705 -0.00813311 0.000115925)
(-5.56668e-05 -0.0128478 -0.0154093 -0.0128478 0.000121322 -0.0081216 -0.0154093 -0.0081216 8.68284e-05)
(-5.30755e-06 -0.0128371 -0.0154138 -0.0128371 0.00011585 -0.00811183 -0.0154138 -0.00811183 8.99726e-05)
(1.3714e-05 -0.0128126 -0.0154514 -0.0128126 5.69125e-05 -0.00811349 -0.0154514 -0.00811349 6.78517e-05)
(4.73314e-05 -0.0127933 -0.015432 -0.0127933 2.97165e-05 -0.00812448 -0.015432 -0.00812448 5.61257e-05)
(3.41406e-05 -0.0127892 -0.0154175 -0.0127892 2.62761e-05 -0.00812238 -0.0154175 -0.00812238 9.30311e-05)
(0.000104945 -0.0128049 -0.0154164 -0.0128049 5.25341e-05 -0.00814634 -0.0154164 -0.00814634 8.9813e-05)
(5.54391e-05 -0.0127921 -0.015416 -0.0127921 2.9205e-05 -0.00811721 -0.015416 -0.00811721 8.3095e-05)
(3.69901e-05 -0.012791 -0.0154261 -0.012791 2.02116e-05 -0.00812555 -0.0154261 -0.00812555 5.76175e-05)
(-5.14611e-05 -0.0128149 -0.0154545 -0.0128149 6.31467e-05 -0.00811682 -0.0154545 -0.00811682 6.41144e-05)
(-2.16076e-05 -0.0127995 -0.0154354 -0.0127995 4.16098e-05 -0.00811031 -0.0154354 -0.00811031 0.000101077)
(8.51436e-06 -0.0127923 -0.0154316 -0.0127923 2.73768e-05 -0.00811917 -0.0154316 -0.00811917 7.41202e-05)
(-2.57618e-05 -0.0128032 -0.0154451 -0.0128032 3.96311e-05 -0.00810881 -0.0154451 -0.00810881 9.78528e-05)
(-0.000127172 -0.0128161 -0.0154619 -0.0128161 8.57875e-05 -0.00809829 -0.0154619 -0.00809829 9.18334e-05)
(-1.26368e-05 -0.0128092 -0.0154496 -0.0128092 8.84447e-05 -0.00810532 -0.0154496 -0.00810532 8.57073e-05)
(0.000101385 -0.0128127 -0.0154152 -0.0128127 7.2596e-05 -0.00815181 -0.0154152 -0.00815181 7.3085e-05)
(8.69136e-05 -0.0127931 -0.0154239 -0.0127931 4.58709e-05 -0.00814483 -0.0154239 -0.00814483 7.81964e-05)
(-0.000190018 -0.0128263 -0.0154563 -0.0128263 9.59337e-05 -0.00810666 -0.0154563 -0.00810666 8.15035e-05)
(-5.95746e-05 -0.0128081 -0.0154441 -0.0128081 7.57446e-05 -0.00812224 -0.0154441 -0.00812224 6.5615e-05)
(9.85859e-05 -0.0128095 -0.0154157 -0.0128095 4.3222e-05 -0.00814165 -0.0154157 -0.00814165 6.25793e-05)
(3.87381e-05 -0.0127938 -0.0154322 -0.0127938 2.47199e-05 -0.00812285 -0.0154322 -0.00812285 5.73534e-05)
(-5.63832e-05 -0.0128101 -0.0154513 -0.0128101 6.2692e-05 -0.00810753 -0.0154513 -0.00810753 8.16628e-05)
(-0.000113229 -0.0128168 -0.0154605 -0.0128168 7.28427e-05 -0.00809865 -0.0154605 -0.00809865 9.75651e-05)
(7.68461e-05 -0.0127996 -0.0154159 -0.0127996 3.23163e-05 -0.00813731 -0.0154159 -0.00813731 7.14756e-05)
(0.000298356 -0.0128558 -0.0154309 -0.0128558 0.000125393 -0.00814471 -0.0154309 -0.00814471 2.98391e-05)
(4.8568e-05 -0.0127904 -0.0154249 -0.0127904 3.71286e-05 -0.00814119 -0.0154249 -0.00814119 4.87767e-05)
(0.000103401 -0.0127954 -0.0154229 -0.0127954 6.90071e-05 -0.00815375 -0.0154229 -0.00815375 7.71079e-05)
(0.00056849 -0.0128604 -0.0154287 -0.0128604 0.000119043 -0.00814262 -0.0154287 -0.00814262 3.49436e-05)
(-7.63594e-05 -0.0128131 -0.0154536 -0.0128131 8.939e-05 -0.00810596 -0.0154536 -0.00810596 8.29538e-05)
(3.87524e-05 -0.0127888 -0.0154166 -0.0127888 2.88428e-05 -0.00813221 -0.0154166 -0.00813221 0.000110314)
(0.000163383 -0.0128225 -0.0154166 -0.0128225 0.000117304 -0.00814939 -0.0154166 -0.00814939 4.59933e-05)
(0.000103541 -0.0128099 -0.015424 -0.0128099 7.87893e-05 -0.0081479 -0.015424 -0.0081479 4.43335e-05)
(-0.000111996 -0.0128305 -0.0154387 -0.0128305 0.000111772 -0.00810787 -0.0154387 -0.00810787 8.5645e-05)
(6.45661e-05 -0.0127926 -0.0154195 -0.0127926 2.46008e-05 -0.00812668 -0.0154195 -0.00812668 6.40725e-05)
(0.000604538 -0.0128608 -0.0154247 -0.0128608 0.000121654 -0.00814196 -0.0154247 -0.00814196 4.40596e-05)
(-0.000110308 -0.0128157 -0.0154532 -0.0128157 7.13328e-05 -0.00811039 -0.0154532 -0.00811039 7.58714e-05)
(1.97449e-05 -0.0127896 -0.0154334 -0.0127896 2.03685e-05 -0.00812249 -0.0154334 -0.00812249 6.13953e-05)
(0.000331457 -0.0128518 -0.0153428 -0.0128518 9.97391e-05 -0.00812218 -0.0153428 -0.00812218 0.000102401)
(0.00084653 -0.0128686 -0.0154192 -0.0128686 0.000126397 -0.00814732 -0.0154192 -0.00814732 7.8015e-05)
(0.000132247 -0.0128472 -0.0154241 -0.0128472 0.000132477 -0.0081528 -0.0154241 -0.0081528 3.32115e-05)
(-0.000102114 -0.0128549 -0.0153803 -0.0128549 0.000116295 -0.00811576 -0.0153803 -0.00811576 0.000101345)
(0.00014896 -0.0128597 -0.0153597 -0.0128597 0.00011899 -0.00812981 -0.0153597 -0.00812981 9.81827e-05)
(-0.000112703 -0.0128149 -0.0154547 -0.0128149 7.59805e-05 -0.00810335 -0.0154547 -0.00810335 8.78246e-05)
(4.46637e-06 -0.0128055 -0.0154452 -0.0128055 4.51799e-05 -0.00811465 -0.0154452 -0.00811465 6.81873e-05)
(-2.04107e-06 -0.0128024 -0.015447 -0.0128024 5.70522e-05 -0.00811876 -0.015447 -0.00811876 6.81062e-05)
(7.95124e-05 -0.0127988 -0.0154186 -0.0127988 5.53563e-05 -0.00815283 -0.0154186 -0.00815283 8.40489e-05)
(6.2904e-05 -0.0127932 -0.0154182 -0.0127932 2.6738e-05 -0.00813117 -0.0154182 -0.00813117 9.11751e-05)
(9.72516e-05 -0.0128075 -0.015413 -0.0128075 4.75933e-05 -0.00814745 -0.015413 -0.00814745 8.09933e-05)
(5.6425e-05 -0.0127934 -0.0154201 -0.0127934 2.55667e-05 -0.00813206 -0.0154201 -0.00813206 7.49505e-05)
(8.45201e-06 -0.0127978 -0.0154412 -0.0127978 3.08204e-05 -0.00812306 -0.0154412 -0.00812306 5.10342e-05)
(-4.86928e-05 -0.012803 -0.0154422 -0.012803 4.92308e-05 -0.00810624 -0.0154422 -0.00810624 9.93568e-05)
(-2.35068e-05 -0.0128016 -0.0154408 -0.0128016 4.24819e-05 -0.00811062 -0.0154408 -0.00811062 8.48182e-05)
(1.93355e-05 -0.0127948 -0.0154315 -0.0127948 2.91591e-05 -0.00811866 -0.0154315 -0.00811866 0.000104716)
(0.000155219 -0.0128359 -0.0153983 -0.0128359 0.0001039 -0.0081122 -0.0153983 -0.0081122 9.12384e-05)
(0.000180674 -0.0128404 -0.0153985 -0.0128404 0.000108388 -0.00811989 -0.0153985 -0.00811989 9.23304e-05)
(5.63979e-05 -0.012793 -0.0154187 -0.012793 2.98417e-05 -0.0081345 -0.0154187 -0.0081345 0.000114245)
(7.10338e-05 -0.012794 -0.0154208 -0.012794 3.33105e-05 -0.0081396 -0.0154208 -0.0081396 8.94943e-05)
(-7.0316e-05 -0.0128467 -0.0154199 -0.0128467 0.000121475 -0.00812567 -0.0154199 -0.00812567 8.21294e-05)
(0.000171709 -0.0128597 -0.0153995 -0.0128597 0.000130483 -0.00813925 -0.0153995 -0.00813925 8.08433e-05)
(4.77101e-05 -0.0127891 -0.0154182 -0.0127891 2.61753e-05 -0.00812562 -0.0154182 -0.00812562 6.25162e-05)
(2.22304e-05 -0.0127953 -0.015437 -0.0127953 3.49703e-05 -0.00812007 -0.015437 -0.00812007 6.28454e-05)
(9.77306e-07 -0.0128018 -0.0154409 -0.0128018 4.27231e-05 -0.0081107 -0.0154409 -0.0081107 8.126e-05)
(-0.000221368 -0.0128246 -0.0154648 -0.0128246 0.000103899 -0.00809786 -0.0154648 -0.00809786 8.69876e-05)
(-0.00019783 -0.0128257 -0.0154591 -0.0128257 0.00010161 -0.00810051 -0.0154591 -0.00810051 8.54616e-05)
(0.000746265 -0.012866 -0.0154299 -0.012866 0.000114338 -0.00814477 -0.0154299 -0.00814477 4.58491e-05)
(4.55176e-05 -0.0127944 -0.0154278 -0.0127944 3.67241e-05 -0.00813841 -0.0154278 -0.00813841 3.4171e-05)
(9.25897e-06 -0.0127901 -0.0154313 -0.0127901 2.56464e-05 -0.00811953 -0.0154313 -0.00811953 8.30529e-05)
(0.000272594 -0.0128446 -0.0154194 -0.0128446 0.000129607 -0.00814536 -0.0154194 -0.00814536 3.91377e-05)
(-1.57837e-06 -0.0128023 -0.0154447 -0.0128023 7.13508e-05 -0.00810971 -0.0154447 -0.00810971 8.15334e-05)
(4.48663e-05 -0.012789 -0.015421 -0.012789 3.0951e-05 -0.00813832 -0.015421 -0.00813832 0.000115674)
(8.51957e-05 -0.0127989 -0.0154204 -0.0127989 5.65313e-05 -0.00815034 -0.0154204 -0.00815034 7.69915e-05)
(0.000137154 -0.0128302 -0.0154233 -0.0128302 0.000114069 -0.00814937 -0.0154233 -0.00814937 3.74404e-05)
(-0.000130531 -0.0128233 -0.0154521 -0.0128233 0.000104286 -0.00810441 -0.0154521 -0.00810441 8.4461e-05)
(4.04882e-05 -0.01279 -0.01542 -0.01279 2.3796e-05 -0.00812416 -0.01542 -0.00812416 8.49381e-05)
(0.000198235 -0.0128257 -0.0153881 -0.0128257 0.000124985 -0.00814089 -0.0153881 -0.00814089 0.000101321)
(-2.13567e-06 -0.0127965 -0.0154336 -0.0127965 3.7936e-05 -0.00811492 -0.0154336 -0.00811492 7.46419e-05)
(-8.68095e-05 -0.0128163 -0.0154534 -0.0128163 7.393e-05 -0.00812093 -0.0154534 -0.00812093 6.58334e-05)
(0.000462604 -0.0128611 -0.0152949 -0.0128611 9.52327e-05 -0.00812838 -0.0152949 -0.00812838 0.000110877)
(-6.80557e-05 -0.0128246 -0.015444 -0.0128246 0.00011179 -0.00810658 -0.015444 -0.00810658 8.61532e-05)
(0.000488827 -0.0128589 -0.0154341 -0.0128589 0.0001251 -0.00814256 -0.0154341 -0.00814256 3.08791e-05)
(2.9235e-05 -0.0127939 -0.0154307 -0.0127939 2.37061e-05 -0.00812047 -0.0154307 -0.00812047 6.59718e-05)
(-0.000114387 -0.0128471 -0.0154286 -0.0128471 0.00011755 -0.00812441 -0.0154286 -0.00812441 7.81045e-05)
(-2.01058e-05 -0.0128012 -0.0154384 -0.0128012 4.20108e-05 -0.00810828 -0.0154384 -0.00810828 9.44906e-05)
(2.12539e-05 -0.012795 -0.0154312 -0.012795 2.99255e-05 -0.0081165 -0.0154312 -0.0081165 7.07894e-05)
(-5.96316e-05 -0.0128098 -0.0154533 -0.0128098 7.51174e-05 -0.00811498 -0.0154533 -0.00811498 7.17724e-05)
(8.20377e-05 -0.0127985 -0.0154205 -0.0127985 5.82916e-05 -0.00815297 -0.0154205 -0.00815297 7.68374e-05)
(-5.53504e-05 -0.0128046 -0.0154429 -0.0128046 5.70934e-05 -0.00810767 -0.0154429 -0.00810767 8.73696e-05)
(9.56718e-05 -0.0128024 -0.0154107 -0.0128024 4.03681e-05 -0.0081443 -0.0154107 -0.0081443 9.636e-05)
(7.70667e-05 -0.0127987 -0.0154173 -0.0127987 3.93969e-05 -0.00814422 -0.0154173 -0.00814422 8.85075e-05)
(6.02055e-05 -0.0127964 -0.0154282 -0.0127964 3.97417e-05 -0.00813847 -0.0154282 -0.00813847 3.79628e-05)
(-2.26611e-05 -0.012799 -0.0154365 -0.012799 4.29369e-05 -0.00810823 -0.0154365 -0.00810823 0.000101179)
(-2.99073e-05 -0.0128033 -0.0154427 -0.0128033 4.45002e-05 -0.00810768 -0.0154427 -0.00810768 9.32844e-05)
(6.1209e-05 -0.0127967 -0.0154255 -0.0127967 3.47604e-05 -0.00813915 -0.0154255 -0.00813915 0.000131151)
(4.77791e-05 -0.0128286 -0.0154338 -0.0128286 0.000100845 -0.00810465 -0.0154338 -0.00810465 8.582e-05)
(-5.81383e-05 -0.0128296 -0.0154433 -0.0128296 0.000105481 -0.00811173 -0.0154433 -0.00811173 8.34966e-05)
(-4.01889e-05 -0.0128107 -0.0154544 -0.0128107 5.28146e-05 -0.00810761 -0.0154544 -0.00810761 0.000114169)
(5.36507e-06 -0.0127929 -0.0154293 -0.0127929 3.0922e-05 -0.00811544 -0.0154293 -0.00811544 8.12104e-05)
(-5.85577e-05 -0.0128127 -0.0154524 -0.0128127 7.00848e-05 -0.00811237 -0.0154524 -0.00811237 7.47776e-05)
(-7.70734e-05 -0.0128271 -0.0154576 -0.0128271 9.54924e-05 -0.00812933 -0.0154576 -0.00812933 6.08154e-05)
(-8.06039e-06 -0.0127975 -0.0154393 -0.0127975 4.84212e-05 -0.00812294 -0.0154393 -0.00812294 5.94916e-05)
(-2.9521e-06 -0.0127983 -0.015441 -0.0127983 4.86758e-05 -0.00811575 -0.015441 -0.00811575 6.90216e-05)
(6.62216e-06 -0.0128003 -0.0154413 -0.0128003 4.28425e-05 -0.00811425 -0.0154413 -0.00811425 7.35291e-05)
(0.0001481 -0.0128435 -0.0153799 -0.0128435 0.000112905 -0.00811672 -0.0153799 -0.00811672 9.51648e-05)
(0.000139336 -0.0128561 -0.0153478 -0.0128561 0.000114984 -0.00811907 -0.0153478 -0.00811907 0.000104024)
(0.00025077 -0.0128422 -0.0154138 -0.0128422 0.000130236 -0.008144 -0.0154138 -0.008144 4.46912e-05)
(4.95979e-05 -0.0127977 -0.0154412 -0.0127977 4.60203e-05 -0.0081271 -0.0154412 -0.0081271 5.82681e-05)
(-0.000149965 -0.0128241 -0.0154592 -0.0128241 7.77731e-05 -0.00810307 -0.0154592 -0.00810307 8.42816e-05)
(6.83222e-05 -0.0127998 -0.015423 -0.0127998 3.21373e-05 -0.00813646 -0.015423 -0.00813646 4.54539e-05)
(8.73768e-05 -0.0127941 -0.0154133 -0.0127941 2.53336e-05 -0.00812408 -0.0154133 -0.00812408 6.9563e-05)
(3.9566e-05 -0.0127872 -0.015422 -0.0127872 2.88636e-05 -0.00813633 -0.015422 -0.00813633 0.000107303)
(2.04627e-05 -0.0127904 -0.0154264 -0.0127904 2.47957e-05 -0.0081204 -0.0154264 -0.0081204 8.89381e-05)
(8.32471e-05 -0.0128094 -0.0154251 -0.0128094 4.94339e-05 -0.00814127 -0.0154251 -0.00814127 4.28912e-05)
(-5.67743e-05 -0.0128096 -0.0154511 -0.0128096 7.78378e-05 -0.00810543 -0.0154511 -0.00810543 8.52804e-05)
(9.20034e-06 -0.0127954 -0.0154299 -0.0127954 3.28958e-05 -0.00811322 -0.0154299 -0.00811322 0.000104123)
(-0.000107547 -0.0128139 -0.0154613 -0.0128139 8.15462e-05 -0.00809694 -0.0154613 -0.00809694 9.34835e-05)
(8.718e-05 -0.0128007 -0.0154147 -0.0128007 4.09038e-05 -0.00814491 -0.0154147 -0.00814491 9.4399e-05)
(-3.62165e-05 -0.012801 -0.0154427 -0.012801 5.05643e-05 -0.0081139 -0.0154427 -0.0081139 7.28745e-05)
(7.01961e-05 -0.0127932 -0.0154156 -0.0127932 2.52506e-05 -0.00812538 -0.0154156 -0.00812538 8.09766e-05)
(0.000655948 -0.0128642 -0.0152523 -0.0128642 9.93497e-05 -0.00813918 -0.0152523 -0.00813918 0.000117799)
(2.27763e-05 -0.0127905 -0.0154234 -0.0127905 2.65935e-05 -0.00811808 -0.0154234 -0.00811808 7.72571e-05)
(3.53656e-05 -0.01279 -0.0154243 -0.01279 2.29808e-05 -0.00812476 -0.0154243 -0.00812476 6.56334e-05)
(-9.1389e-05 -0.0128217 -0.0154563 -0.0128217 7.85101e-05 -0.0081174 -0.0154563 -0.0081174 6.5698e-05)
(-2.71886e-06 -0.0127964 -0.0154336 -0.0127964 3.26135e-05 -0.00811304 -0.0154336 -0.00811304 8.82684e-05)
(2.90315e-05 -0.0127933 -0.015426 -0.0127933 2.79812e-05 -0.00811614 -0.015426 -0.00811614 8.11001e-05)
(1.32886e-05 -0.0127949 -0.0154354 -0.0127949 3.46815e-05 -0.00811845 -0.0154354 -0.00811845 6.42381e-05)
(5.73346e-05 -0.0127923 -0.0154213 -0.0127923 3.30513e-05 -0.00814 -0.0154213 -0.00814 6.68912e-05)
(-5.84647e-05 -0.012805 -0.0154443 -0.012805 6.07356e-05 -0.00810915 -0.0154443 -0.00810915 8.30322e-05)
(-2.86929e-06 -0.0127997 -0.0154337 -0.0127997 4.61286e-05 -0.00810782 -0.0154337 -0.00810782 9.4603e-05)
(5.57588e-05 -0.0127914 -0.0154177 -0.0127914 3.0717e-05 -0.0081374 -0.0154177 -0.0081374 9.13454e-05)
(8.40876e-05 -0.0128077 -0.015425 -0.0128077 7.11124e-05 -0.00814806 -0.015425 -0.00814806 4.35766e-05)
(-1.9148e-05 -0.0127993 -0.0154364 -0.0127993 4.56728e-05 -0.00810742 -0.0154364 -0.00810742 9.83025e-05)
(1.50779e-05 -0.0127897 -0.015428 -0.0127897 2.49477e-05 -0.00812107 -0.015428 -0.00812107 8.13656e-05)
(2.02189e-05 -0.0128109 -0.0154482 -0.0128109 4.91771e-05 -0.00812171 -0.0154482 -0.00812171 0.000129058)
(-3.64929e-05 -0.0128241 -0.0154538 -0.0128241 9.86047e-05 -0.00810166 -0.0154538 -0.00810166 8.61168e-05)
(2.3038e-05 -0.0127983 -0.0154352 -0.0127983 3.82576e-05 -0.00811285 -0.0154352 -0.00811285 7.71181e-05)
(1.33334e-05 -0.0127976 -0.0154353 -0.0127976 3.4179e-05 -0.00812375 -0.0154353 -0.00812375 0.000123726)
(-0.000171382 -0.0128229 -0.0154566 -0.0128229 0.000101013 -0.00810274 -0.0154566 -0.00810274 8.50681e-05)
(-0.00010432 -0.0128347 -0.0154323 -0.0128347 0.000107824 -0.00810645 -0.0154323 -0.00810645 8.89415e-05)
(-4.51626e-05 -0.0128114 -0.0154533 -0.0128114 7.0328e-05 -0.0081127 -0.0154533 -0.0081127 7.2733e-05)
(1.35351e-05 -0.012798 -0.01544 -0.012798 4.57779e-05 -0.00811913 -0.01544 -0.00811913 6.23654e-05)
(2.81348e-05 -0.0127911 -0.015425 -0.0127911 2.84078e-05 -0.00811714 -0.015425 -0.00811714 7.14162e-05)
(7.67302e-05 -0.0128034 -0.0154248 -0.0128034 3.49121e-05 -0.00813607 -0.0154248 -0.00813607 4.85396e-05)
(0.000218837 -0.0128466 -0.0153769 -0.0128466 0.000112089 -0.00812399 -0.0153769 -0.00812399 9.62545e-05)
(-4.52059e-05 -0.012854 -0.0153746 -0.012854 0.000119198 -0.00811451 -0.0153746 -0.00811451 0.000103107)
(-1.42321e-05 -0.0128354 -0.0154166 -0.0128354 0.000113159 -0.00811134 -0.0154166 -0.00811134 8.89975e-05)
(8.38951e-05 -0.0128052 -0.0154522 -0.0128052 5.2587e-05 -0.00812759 -0.0154522 -0.00812759 6.61543e-05)
(-0.000139043 -0.0128261 -0.0154577 -0.0128261 7.79419e-05 -0.00810743 -0.0154577 -0.00810743 7.65628e-05)
(-0.000137371 -0.0128307 -0.0154516 -0.0128307 0.000104801 -0.00812195 -0.0154516 -0.00812195 6.71946e-05)
(9.63534e-05 -0.0127998 -0.0154099 -0.0127998 2.83485e-05 -0.00813126 -0.0154099 -0.00813126 7.95847e-05)
(4.3951e-05 -0.0127876 -0.0154209 -0.0127876 2.787e-05 -0.00813648 -0.0154209 -0.00813648 8.82094e-05)
(-8.81719e-05 -0.0128101 -0.0154511 -0.0128101 6.35227e-05 -0.00810427 -0.0154511 -0.00810427 8.88433e-05)
(3.67561e-05 -0.0127955 -0.015436 -0.0127955 3.71546e-05 -0.00812162 -0.015436 -0.00812162 6.26802e-05)
(-4.30981e-05 -0.012809 -0.0154497 -0.012809 7.57096e-05 -0.0081051 -0.0154497 -0.0081051 8.75515e-05)
(1.748e-05 -0.0127994 -0.0154324 -0.0127994 3.83512e-05 -0.00811146 -0.0154324 -0.00811146 0.000109486)
(-0.000138469 -0.0128267 -0.0154477 -0.0128267 0.00010801 -0.00810406 -0.0154477 -0.00810406 8.45521e-05)
(6.84129e-05 -0.0127939 -0.0154169 -0.0127939 3.38671e-05 -0.00814067 -0.0154169 -0.00814067 0.000104002)
(1.08536e-05 -0.0127994 -0.0154366 -0.0127994 3.78788e-05 -0.00811013 -0.0154366 -0.00811013 8.56506e-05)
(7.80034e-05 -0.0127975 -0.0154123 -0.0127975 3.77826e-05 -0.00814215 -0.0154123 -0.00814215 7.44851e-05)
(7.64548e-05 -0.0128051 -0.0154243 -0.0128051 3.8682e-05 -0.00813801 -0.0154243 -0.00813801 5.01881e-05)
(-4.64705e-05 -0.0128026 -0.0154467 -0.0128026 5.50476e-05 -0.00810717 -0.0154467 -0.00810717 8.0437e-05)
(3.17277e-05 -0.0127886 -0.0154221 -0.0127886 2.29286e-05 -0.00812511 -0.0154221 -0.00812511 8.1422e-05)
(-7.88854e-05 -0.0128193 -0.0154555 -0.0128193 7.40155e-05 -0.00811688 -0.0154555 -0.00811688 6.57924e-05)
(3.25116e-05 -0.0127877 -0.0154246 -0.0127877 2.2652e-05 -0.00812615 -0.0154246 -0.00812615 8.21419e-05)
(2.64697e-05 -0.0127961 -0.0154283 -0.0127961 3.19831e-05 -0.0081136 -0.0154283 -0.0081136 9.1542e-05)
(4.90222e-05 -0.0127933 -0.0154253 -0.0127933 2.19814e-05 -0.00812547 -0.0154253 -0.00812547 6.07894e-05)
(5.09583e-05 -0.0127913 -0.0154216 -0.0127913 2.71215e-05 -0.00813493 -0.0154216 -0.00813493 6.05446e-05)
(4.11386e-05 -0.0127902 -0.0154199 -0.0127902 2.48753e-05 -0.00812114 -0.0154199 -0.00812114 7.47403e-05)
(-0.000121639 -0.0128165 -0.0154544 -0.0128165 8.9001e-05 -0.00810698 -0.0154544 -0.00810698 8.34428e-05)
(7.52208e-06 -0.0127909 -0.015426 -0.0127909 2.83326e-05 -0.00811791 -0.015426 -0.00811791 9.51894e-05)
(4.95814e-05 -0.0127934 -0.0154233 -0.0127934 2.63055e-05 -0.00813429 -0.0154233 -0.00813429 5.1789e-05)
(-1.93658e-05 -0.0127996 -0.0154366 -0.0127996 4.88263e-05 -0.0081067 -0.0154366 -0.0081067 9.76059e-05)
(2.72126e-06 -0.0127938 -0.0154335 -0.0127938 2.87255e-05 -0.00811897 -0.0154335 -0.00811897 7.04069e-05)
(-6.42658e-05 -0.0128106 -0.0154535 -0.0128106 6.79863e-05 -0.00810085 -0.0154535 -0.00810085 0.000104449)
(-1.18453e-05 -0.012803 -0.015445 -0.012803 6.75659e-05 -0.00810858 -0.015445 -0.00810858 8.19372e-05)
(2.65189e-05 -0.0127936 -0.0154313 -0.0127936 2.50678e-05 -0.00811955 -0.0154313 -0.00811955 6.79376e-05)
(8.31307e-05 -0.0127984 -0.0154156 -0.0127984 5.49172e-05 -0.00815322 -0.0154156 -0.00815322 0.000101806)
(1.21915e-06 -0.012826 -0.0154393 -0.012826 0.000103758 -0.00810401 -0.0154393 -0.00810401 8.48872e-05)
(0.000359075 -0.0128562 -0.0153213 -0.0128562 0.000100768 -0.00812562 -0.0153213 -0.00812562 0.000106699)
(-0.000170063 -0.0128326 -0.015446 -0.0128326 0.000106998 -0.00810825 -0.015446 -0.00810825 8.39416e-05)
(3.85468e-05 -0.0127927 -0.0154279 -0.0127927 2.36934e-05 -0.00812246 -0.0154279 -0.00812246 5.9291e-05)
(5.43429e-05 -0.0127935 -0.0154202 -0.0127935 3.02348e-05 -0.00813779 -0.0154202 -0.00813779 6.47478e-05)
(0.000107092 -0.0128288 -0.0154223 -0.0128288 9.7411e-05 -0.00815052 -0.0154223 -0.00815052 4.451e-05)
(8.3484e-05 -0.0128005 -0.0154223 -0.0128005 2.72258e-05 -0.00813161 -0.0154223 -0.00813161 5.42435e-05)
(-0.000235318 -0.0128342 -0.0154541 -0.0128342 0.000106011 -0.00810006 -0.0154541 -0.00810006 8.70101e-05)
(0.000587491 -0.012868 -0.0152665 -0.012868 0.000106987 -0.00813716 -0.0152665 -0.00813716 0.000116267)
(6.46699e-05 -0.0127994 -0.0154397 -0.0127994 2.40677e-05 -0.00813012 -0.0154397 -0.00813012 4.12231e-05)
(4.4017e-05 -0.012784 -0.01543 -0.012784 2.27377e-05 -0.00813296 -0.01543 -0.00813296 4.93267e-05)
(-3.86338e-05 -0.0128487 -0.0154194 -0.0128487 0.000122769 -0.00812765 -0.0154194 -0.00812765 7.92112e-05)
(7.43509e-05 -0.0127949 -0.0154138 -0.0127949 2.60524e-05 -0.00812519 -0.0154138 -0.00812519 9.09767e-05)
(6.01541e-05 -0.0127925 -0.0154205 -0.0127925 3.24162e-05 -0.00813972 -0.0154205 -0.00813972 7.56033e-05)
(-0.000131764 -0.0128142 -0.0154559 -0.0128142 7.95616e-05 -0.00810195 -0.0154559 -0.00810195 8.96947e-05)
(-6.4009e-05 -0.0128158 -0.0154543 -0.0128158 9.23725e-05 -0.00811241 -0.0154543 -0.00811241 7.75032e-05)
(-1.90199e-05 -0.0128038 -0.015442 -0.0128038 6.07194e-05 -0.00810701 -0.015442 -0.00810701 8.80066e-05)
(-1.17825e-05 -0.0128009 -0.0154374 -0.0128009 4.49382e-05 -0.00810722 -0.0154374 -0.00810722 9.65773e-05)
(-8.72879e-06 -0.0127958 -0.0154314 -0.0127958 3.70846e-05 -0.00811171 -0.0154314 -0.00811171 9.23458e-05)
(3.9853e-05 -0.0127899 -0.0154224 -0.0127899 2.27171e-05 -0.00812532 -0.0154224 -0.00812532 7.80805e-05)
(-3.25402e-05 -0.0128009 -0.015441 -0.0128009 4.9747e-05 -0.00810752 -0.015441 -0.00810752 8.65098e-05)
(3.53575e-05 -0.0127873 -0.0154188 -0.0127873 2.26529e-05 -0.00812601 -0.0154188 -0.00812601 7.28854e-05)
(9.78344e-05 -0.0128204 -0.0154265 -0.0128204 9.04826e-05 -0.00814823 -0.0154265 -0.00814823 4.64743e-05)
(5.67666e-05 -0.0127912 -0.0154165 -0.0127912 2.54859e-05 -0.00812985 -0.0154165 -0.00812985 8.86337e-05)
(6.16277e-05 -0.0127923 -0.0154185 -0.0127923 2.87128e-05 -0.00813551 -0.0154185 -0.00813551 8.4068e-05)
(1.18741e-05 -0.0127964 -0.0154389 -0.0127964 2.92546e-05 -0.00812425 -0.0154389 -0.00812425 4.98019e-05)
(3.43689e-05 -0.0127884 -0.0154238 -0.0127884 2.2419e-05 -0.00812559 -0.0154238 -0.00812559 7.87085e-05)
(2.60025e-05 -0.012792 -0.0154233 -0.012792 2.85402e-05 -0.00811652 -0.0154233 -0.00811652 9.0186e-05)
(-1.83712e-06 -0.0127996 -0.0154403 -0.0127996 4.11245e-05 -0.00811436 -0.0154403 -0.00811436 6.90514e-05)
(2.1979e-05 -0.012793 -0.0154266 -0.012793 2.79488e-05 -0.00811742 -0.0154266 -0.00811742 7.80419e-05)
(6.42647e-05 -0.0127912 -0.0154132 -0.0127912 2.5434e-05 -0.00812348 -0.0154132 -0.00812348 8.08392e-05)
(-7.64853e-05 -0.0128111 -0.015451 -0.0128111 7.57922e-05 -0.0081111 -0.015451 -0.0081111 8.02672e-05)
(6.31867e-05 -0.0127881 -0.0154242 -0.0127881 3.60489e-05 -0.00814391 -0.0154242 -0.00814391 9.41865e-05)
(5.18902e-05 -0.0127926 -0.015422 -0.0127926 2.23352e-05 -0.0081291 -0.015422 -0.0081291 6.06043e-05)
(2.95636e-05 -0.0127905 -0.0154199 -0.0127905 2.94468e-05 -0.0081173 -0.0154199 -0.0081173 9.30327e-05)
(-1.348e-05 -0.0127999 -0.0154385 -0.0127999 3.76341e-05 -0.00811157 -0.0154385 -0.00811157 8.37782e-05)
(-3.57794e-05 -0.012801 -0.0154383 -0.012801 5.3118e-05 -0.00810488 -0.0154383 -0.00810488 9.64959e-05)
(3.91697e-05 -0.012788 -0.0154154 -0.012788 2.85905e-05 -0.00812045 -0.0154154 -0.00812045 8.21491e-05)
(-8.96702e-07 -0.0127957 -0.0154366 -0.0127957 3.1143e-05 -0.00811661 -0.0154366 -0.00811661 7.18204e-05)
(5.50108e-06 -0.0127927 -0.0154255 -0.0127927 3.48984e-05 -0.00811235 -0.0154255 -0.00811235 9.34407e-05)
