/*--------------------------------*- C++ -*----------------------------------*\
  =========                 |
  \\      /  F ield         | OpenFOAM: The Open Source CFD Toolbox
   \\    /   O peration     | Website:  https://openfoam.org
    \\  /    A nd           | Version:  10
     \\/     M anipulation  |
\*---------------------------------------------------------------------------*/
FoamFile
{
    format      ascii;
    class       volTensorField;
    location    "12";
    object      TauNN;
}
// * * * * * * * * * * * * * * * * * * * * * * * * * * * * * * * * * * * * * //

dimensions      [0 2 -2 0 0 0 0];

internalField   nonuniform List<tensor> 
25600
(
(0.0049082 -0.0032959 0.00193748 -0.0032959 0.00623141 -0.00339897 0.00193748 -0.00339897 0.00509342)
(0.00198303 0.000875079 0.00315792 0.000875079 0.00854748 -0.0010047 0.00315792 -0.0010047 0.00389728)
(-0.000716865 -0.00251449 0.00564529 -0.00251449 0.00976973 -0.00176911 0.00564529 -0.00176911 0.00787041)
(-0.000152893 -0.00360331 0.00595462 -0.00360331 0.00980712 -0.00191194 0.00595462 -0.00191194 0.0091423)
(0.000473917 -0.00276742 0.00488053 -0.00276742 0.00885728 -0.00274563 0.00488053 -0.00274563 0.00712342)
(0.0017051 -0.00262245 0.00429041 -0.00262245 0.00785935 -0.00293182 0.00429041 -0.00293182 0.00603736)
(-8.84842e-06 -0.0024902 0.00466583 -0.0024902 0.00833651 -0.00240792 0.00466583 -0.00240792 0.00701625)
(-0.000805267 -0.00253108 0.00492974 -0.00253108 0.00864978 -0.00232261 0.00492974 -0.00232261 0.00736997)
(0.000688433 -0.00266685 0.00423842 -0.00266685 0.00810915 -0.00288224 0.00423842 -0.00288224 0.0063099)
(0.00143164 -0.00269279 0.00396737 -0.00269279 0.00773037 -0.00299558 0.00396737 -0.00299558 0.00589117)
(0.00321174 -0.00299762 0.00282241 -0.00299762 0.00672684 -0.00320528 0.00282241 -0.00320528 0.00517012)
(0.000166542 -0.00214698 0.00440115 -0.00214698 0.0080612 -0.00241614 0.00440115 -0.00241614 0.00661644)
(-0.000571002 -0.00224357 0.00474798 -0.00224357 0.00845453 -0.00218363 0.00474798 -0.00218363 0.00727103)
(-0.000860278 -0.00297745 0.00532558 -0.00297745 0.00916824 -0.0021427 0.00532558 -0.0021427 0.00812619)
(-0.000212249 -0.00262121 0.0048609 -0.00262121 0.00870565 -0.00260042 0.0048609 -0.00260042 0.00712089)
(0.000658981 -0.00246287 0.00453594 -0.00246287 0.0082935 -0.00277875 0.00453594 -0.00277875 0.00637817)
(0.00213269 -0.0023749 0.00406442 -0.0023749 0.00751648 -0.00287858 0.00406442 -0.00287858 0.00570254)
(-0.000218842 -0.00254628 0.00484347 -0.00254628 0.008454 -0.00249823 0.00484347 -0.00249823 0.00710725)
(0.00073101 -0.00218004 0.00438463 -0.00218004 0.00802539 -0.00241788 0.00438463 -0.00241788 0.00656859)
(0.00430765 -0.00216107 0.0025493 -0.00216107 0.00690406 -0.00278981 0.0025493 -0.00278981 0.00520181)
(0.00210594 -0.00232005 0.00330763 -0.00232005 0.00856172 -0.00225696 0.00330763 -0.00225696 0.00692895)
(-0.00136762 -0.00236822 0.00467478 -0.00236822 0.00873107 -0.00238617 0.00467478 -0.00238617 0.00642627)
(0.00247619 0.00107957 0.00325373 0.00107957 0.00718876 -0.00113405 0.00325373 -0.00113405 0.00311445)
(0.000408606 -0.00126247 0.00455 -0.00126247 0.00906327 -0.00148974 0.00455 -0.00148974 0.00595864)
(-0.00180997 -0.00275784 0.00576405 -0.00275784 0.00961921 -0.0016177 0.00576405 -0.0016177 0.00811513)
(-0.00114955 -0.00268947 0.00519737 -0.00268947 0.00890257 -0.00177462 0.00519737 -0.00177462 0.00825585)
(-0.000875486 -0.00218302 0.00490332 -0.00218302 0.00856735 -0.00195871 0.00490332 -0.00195871 0.00751244)
(-0.00186547 -0.00260306 0.00512755 -0.00260306 0.00945817 -0.00106442 0.00512755 -0.00106442 0.00835225)
(-0.00135616 -0.00278893 0.00618924 -0.00278893 0.0100393 -0.00209674 0.00618924 -0.00209674 0.00834846)
(-0.000422612 -0.00312494 0.006354 -0.00312494 0.0101404 -0.00218792 0.006354 -0.00218792 0.00905674)
(0.000949821 -0.00292374 0.00518943 -0.00292374 0.00912315 -0.0025971 0.00518943 -0.0025971 0.00781318)
(0.00310219 -0.0025335 0.00397838 -0.0025335 0.0072741 -0.00298778 0.00397838 -0.00298778 0.00554192)
(0.00295644 -0.00175083 0.00374793 -0.00175083 0.00706106 -0.00257709 0.00374793 -0.00257709 0.00538558)
(-0.000825643 -0.00215572 0.00488811 -0.00215572 0.00980904 -0.00138396 0.00488811 -0.00138396 0.00796763)
(-0.00128477 -0.00299388 0.00612567 -0.00299388 0.00995266 -0.00194632 0.00612567 -0.00194632 0.008573)
(-0.000122466 -0.00254859 0.00512811 -0.00254859 0.00873258 -0.0022948 0.00512811 -0.0022948 0.00766623)
(-0.00124287 -0.00218234 0.00498494 -0.00218234 0.00871868 -0.00175591 0.00498494 -0.00175591 0.00784395)
(-0.000653791 -0.00337748 0.00560563 -0.00337748 0.00946037 -0.00184363 0.00560563 -0.00184363 0.00883093)
(-0.000267395 -0.00265103 0.00501583 -0.00265103 0.00862723 -0.00242165 0.00501583 -0.00242165 0.00740868)
(0.00167218 -0.00251979 0.00376558 -0.00251979 0.00770382 -0.00278515 0.00376558 -0.00278515 0.00597199)
(0.0064679 0.00114633 0.00470714 0.00114633 0.00321819 -0.00363063 0.00470714 -0.00363063 0.00605736)
(0.0111252 0.00180012 0.00588145 0.00180012 0.00761897 -0.000980499 0.00588145 -0.000980499 0.00642493)
(0.00748678 -0.000434056 0.00491237 -0.000434056 0.00906477 -0.00149846 0.00491237 -0.00149846 0.00636894)
(0.00306103 -0.000984899 0.00495146 -0.000984899 0.00900027 -0.0017461 0.00495146 -0.0017461 0.00567662)
(0.00165071 -0.000885923 0.00569312 -0.000885923 0.0081541 -0.00301485 0.00569312 -0.00301485 0.00712752)
(0.00186321 -0.0026965 0.00450985 -0.0026965 0.00855729 -0.00338865 0.00450985 -0.00338865 0.00720377)
(0.00115138 -0.000612453 0.00610656 -0.000612453 0.00792626 -0.00263835 0.00610656 -0.00263835 0.00671049)
(0.00408235 0.00181258 0.00450105 0.00181258 0.00603385 -0.00181666 0.00450105 -0.00181666 0.00410171)
(0.00629829 0.000144918 0.00330912 0.000144918 0.00387826 -0.00462126 0.00330912 -0.00462126 0.00691764)
(0.016276 -0.00281621 -0.000127752 -0.00281621 0.00770604 -0.00191341 -0.000127752 -0.00191341 0.00986904)
(0.00617728 -0.000119472 0.00338004 -0.000119472 0.00442384 -0.00402196 0.00338004 -0.00402196 0.00767185)
(0.00425512 0.000442254 0.00700109 0.000442254 0.00742674 -0.00243507 0.00700109 -0.00243507 0.00811735)
(0.00297922 0.00121841 0.00597871 0.00121841 0.00776658 -0.00165086 0.00597871 -0.00165086 0.00637384)
(0.00489563 0.000775932 0.00394048 0.000775932 0.00597797 -0.00169174 0.00394048 -0.00169174 0.00353298)
(0.00464376 0.00137228 0.00468358 0.00137228 0.00456296 -0.00251551 0.00468358 -0.00251551 0.00483013)
(0.00253306 -0.000974369 0.00485617 -0.000974369 0.00775145 -0.00316143 0.00485617 -0.00316143 0.00611162)
(0.00364752 -0.00271747 0.00411864 -0.00271747 0.00789213 -0.00315845 0.00411864 -0.00315845 0.00693133)
(0.00238207 -0.000514174 0.0067734 -0.000514174 0.00806898 -0.00269095 0.0067734 -0.00269095 0.00779977)
(0.00102659 -0.000193955 0.00656564 -0.000193955 0.0081424 -0.00256418 0.00656564 -0.00256418 0.00742116)
(0.00434173 0.000775042 0.00630839 0.000775042 0.00677355 -0.00268249 0.00630839 -0.00268249 0.00705426)
(-7.6783e-05 -0.000917351 0.00201335 -0.000917351 0.00168376 -0.000353859 0.00201335 -0.000353859 0.00253273)
(0.00800745 0.00153481 0.00608528 0.00153481 0.00581948 -0.000840865 0.00608528 -0.000840865 0.00677705)
(0.00835786 0.00234811 0.00575593 0.00234811 0.00729678 -0.00116821 0.00575593 -0.00116821 0.00586238)
(0.0035255 -0.000558122 0.00435027 -0.000558122 0.00919576 -0.00155227 0.00435027 -0.00155227 0.00610887)
(0.00169095 -0.000328972 0.00453662 -0.000328972 0.00874362 -0.00152508 0.00453662 -0.00152508 0.00572322)
(0.00141795 0.000562656 0.00506915 0.000562656 0.0078526 -0.0017315 0.00506915 -0.0017315 0.00548391)
(-0.000610129 -0.000723192 0.00556942 -0.000723192 0.00867639 -0.00207018 0.00556942 -0.00207018 0.00682703)
(0.00365378 -0.00104298 0.00381313 -0.00104298 0.00930552 -0.00139341 0.00381313 -0.00139341 0.00696705)
(0.0127345 -0.00172501 0.00370496 -0.00172501 0.00918425 -0.000915031 0.00370496 -0.000915031 0.00733387)
(0.00932187 -0.00264664 0.00460484 -0.00264664 0.0105031 -0.0022736 0.00460484 -0.0022736 0.0074002)
(0.00789368 -0.00340686 0.0040835 -0.00340686 0.010276 -0.0031622 0.0040835 -0.0031622 0.00774647)
(0.0175839 -0.0041235 0.00125583 -0.0041235 0.00851855 -0.00252553 0.00125583 -0.00252553 0.00693903)
(0.00256396 -0.00246555 0.00541708 -0.00246555 0.00889056 -0.00298928 0.00541708 -0.00298928 0.00832198)
(0.00588527 -0.00059421 0.0026488 -0.00059421 0.00921056 -0.000452587 0.0026488 -0.000452587 0.00603655)
(0.00371513 -0.00149091 0.00433221 -0.00149091 0.0094647 -0.00155627 0.00433221 -0.00155627 0.00633417)
(0.000189348 -0.0018371 0.00590892 -0.0018371 0.00882458 -0.00250254 0.00590892 -0.00250254 0.00792696)
(-9.49504e-05 -0.000427351 0.00578258 -0.000427351 0.00878389 -0.00221578 0.00578258 -0.00221578 0.00767246)
(0.00193082 -0.000303096 0.005192 -0.000303096 0.00850914 -0.00176732 0.005192 -0.00176732 0.00581338)
(0.00244051 0.000227203 0.00590862 0.000227203 0.00742426 -0.00263297 0.00590862 -0.00263297 0.00602047)
(0.00365059 0.000849817 0.00445513 0.000849817 0.00405943 -0.00371876 0.00445513 -0.00371876 0.00587078)
(0.00187133 -0.00101901 0.00417504 -0.00101901 0.00787471 -0.00275589 0.00417504 -0.00275589 0.00460132)
(0.0124526 6.93388e-05 0.00418137 6.93388e-05 0.00806037 0.000735839 0.00418137 0.000735839 0.00447035)
(0.0140741 -0.00303397 0.000465021 -0.00303397 0.00788586 0.00227241 0.000465021 0.00227241 0.00756397)
(0.0108562 -0.00348648 0.00351394 -0.00348648 0.0099581 -0.00256197 0.00351394 -0.00256197 0.00452254)
(0.0162591 -0.000340503 0.0034134 -0.000340503 0.00814738 -0.00335965 0.0034134 -0.00335965 0.0062902)
(0.00165536 -0.00116621 0.00368016 -0.00116621 0.00661805 -0.00420413 0.00368016 -0.00420413 0.00610201)
(0.000912326 -0.0033363 0.00572008 -0.0033363 0.00986167 -0.00196516 0.00572008 -0.00196516 0.00761545)
(0.0100627 -0.00127665 0.00374005 -0.00127665 0.00997934 -0.0014183 0.00374005 -0.0014183 0.00437089)
(0.00890461 0.00126742 0.00420626 0.00126742 0.00602735 -0.00265759 0.00420626 -0.00265759 0.00484938)
(0.00644658 -0.00389704 -7.69934e-05 -0.00389704 0.00687019 -0.00355557 -7.69934e-05 -0.00355557 0.00814721)
(0.00248049 -0.0026474 0.00313725 -0.0026474 0.00885015 -0.00217713 0.00313725 -0.00217713 0.00500341)
(0.00853807 -0.00151211 0.00425476 -0.00151211 0.00901774 -0.000401448 0.00425476 -0.000401448 0.00472076)
(0.0104586 -0.00175916 0.00304278 -0.00175916 0.00981495 -0.000190651 0.00304278 -0.000190651 0.00484023)
(0.00881571 -0.000706089 0.00384747 -0.000706089 0.00948222 -0.00161189 0.00384747 -0.00161189 0.00343169)
(0.00773147 0.000282944 0.00396541 0.000282944 0.00700493 -0.00184984 0.00396541 -0.00184984 0.00462705)
(0.00621836 -0.000476176 0.00400767 -0.000476176 0.00792521 -0.00305486 0.00400767 -0.00305486 0.00575148)
(0.00453816 -0.00235451 0.00284366 -0.00235451 0.00875081 -0.00354688 0.00284366 -0.00354688 0.00492044)
(0.00607904 -0.00282684 0.00474569 -0.00282684 0.00995095 -0.00143061 0.00474569 -0.00143061 0.00539217)
(0.00844146 -0.00246321 0.00397956 -0.00246321 0.00999366 -0.00178509 0.00397956 -0.00178509 0.00424157)
(0.00441802 -0.00155227 0.00408454 -0.00155227 0.0096774 -0.00145019 0.00408454 -0.00145019 0.00495669)
(0.00597608 -0.00086417 0.00345324 -0.00086417 0.00803356 -0.00137791 0.00345324 -0.00137791 0.00592983)
(0.0114257 -0.00517561 -0.00347634 -0.00517561 0.0122903 -0.000531761 -0.00347634 -0.000531761 0.00972012)
(0.00988586 -0.000924084 0.00362795 -0.000924084 0.00862461 0.000489151 0.00362795 0.000489151 0.00414556)
(0.0104646 0.000456433 0.00489309 0.000456433 0.00805034 -0.000121715 0.00489309 -0.000121715 0.00659741)
(0.0124486 -0.00456631 0.0042006 -0.00456631 0.0102815 -0.00118203 0.0042006 -0.00118203 0.00766653)
(0.00768963 -0.00160957 0.00404294 -0.00160957 0.0101623 -0.00167191 0.00404294 -0.00167191 0.00508109)
(0.00424061 -0.00239826 0.00461352 -0.00239826 0.0104621 -0.00235681 0.00461352 -0.00235681 0.00653135)
(0.0117072 -0.00293989 0.00471788 -0.00293989 0.00949453 -0.000238625 0.00471788 -0.000238625 0.0076037)
(0.012004 -0.00303933 0.0019361 -0.00303933 0.0106428 0.000441355 0.0019361 0.000441355 0.00752254)
(0.00918659 -0.00527963 -0.000436779 -0.00527963 0.0115872 0.00095935 -0.000436779 0.00095935 0.00616959)
(0.0183007 -0.00449017 0.00473564 -0.00449017 0.0100418 -0.00475302 0.00473564 -0.00475302 0.00696821)
(0.00959264 -0.00160144 0.00245791 -0.00160144 0.00725197 -0.0046508 0.00245791 -0.0046508 0.00633485)
(0.000411388 -0.00272507 0.00528882 -0.00272507 0.00914989 -0.00190743 0.00528882 -0.00190743 0.00559052)
(0.0114122 0.00134168 0.0042903 0.00134168 0.0065073 0.00115477 0.0042903 0.00115477 0.00745456)
(0.0133132 -0.00470466 0.00304262 -0.00470466 0.00975325 -0.000883282 0.00304262 -0.000883282 0.00764598)
(0.0106683 -0.00549621 0.00490752 -0.00549621 0.0108287 -0.00328737 0.00490752 -0.00328737 0.00763968)
(0.00790234 -0.00304415 0.00488173 -0.00304415 0.010114 -0.00112199 0.00488173 -0.00112199 0.00732448)
(0.0167637 -0.00266873 0.00312131 -0.00266873 0.00982661 -0.00117955 0.00312131 -0.00117955 0.00365994)
(0.00478503 -0.0014279 0.00439139 -0.0014279 0.00947248 -0.00263391 0.00439139 -0.00263391 0.0051522)
(0.0030709 -0.00084447 0.00412754 -0.00084447 0.00827193 -0.00280374 0.00412754 -0.00280374 0.00473474)
(0.0154096 -0.00184221 0.00187473 -0.00184221 0.00743161 -0.00193962 0.00187473 -0.00193962 0.00965508)
(0.00813843 -0.00152845 0.00510607 -0.00152845 0.00915173 -0.00200395 0.00510607 -0.00200395 0.00887999)
(0.0101025 0.000973371 0.00318951 0.000973371 0.00698761 0.000952825 0.00318951 0.000952825 0.00745031)
(0.00216246 -7.94856e-05 -0.000818789 -7.94856e-05 0.00118599 0.000763645 -0.000818789 0.000763645 0.00334931)
(0.0139726 0.000205787 0.000604102 0.000205787 0.00451567 -0.000142016 0.000604102 -0.000142016 0.0123626)
(0.0170135 -0.00146151 0.000388341 -0.00146151 0.00634123 -0.00259584 0.000388341 -0.00259584 0.00929223)
(0.0148116 -0.00214466 -0.000513696 -0.00214466 0.00885399 -0.00243739 -0.000513696 -0.00243739 0.00641832)
(0.019693 -0.00152559 -0.00105663 -0.00152559 0.00806007 0.000962378 -0.00105663 0.000962378 0.00845187)
(0.0188402 -3.4716e-05 0.00348074 -3.4716e-05 0.00633464 -0.00211412 0.00348074 -0.00211412 0.00955287)
(0.0174035 -0.00153321 0.000202306 -0.00153321 0.00609552 -0.00233703 0.000202306 -0.00233703 0.0101406)
(0.00827193 -0.00120643 0.000273012 -0.00120643 0.00470862 -0.00329541 0.000273012 -0.00329541 0.00851046)
(0.0130884 -0.000590042 3.52776e-05 -0.000590042 0.00679651 -0.00227763 3.52776e-05 -0.00227763 0.00514987)
(0.0149112 -0.00124766 0.00368445 -0.00124766 0.00875128 -0.000768395 0.00368445 -0.000768395 0.00981087)
(0.00755169 -0.00108193 -0.000717623 -0.00108193 0.00616054 -0.00308407 -0.000717623 -0.00308407 0.00565255)
(0.0129687 -0.000849777 0.00159026 -0.000849777 0.0069296 -0.00179048 0.00159026 -0.00179048 0.00841709)
(0.0232609 -0.00140916 0.0014084 -0.00140916 0.00680608 -0.00261412 0.0014084 -0.00261412 0.00884411)
(0.0112136 -0.00265395 0.00299478 -0.00265395 0.00892443 -0.00275483 0.00299478 -0.00275483 0.00688255)
(0.0131317 -0.00217956 0.00471852 -0.00217956 0.00933759 -0.00218734 0.00471852 -0.00218734 0.0103535)
(0.0127357 -0.00184267 0.00285663 -0.00184267 0.00896633 -0.00191174 0.00285663 -0.00191174 0.0095266)
(0.0108355 0.000545778 0.007088 0.000545778 0.0078099 -0.00216097 0.007088 -0.00216097 0.00790253)
(0.00341233 -0.000474184 0.0068251 -0.000474184 0.00866472 -0.002697 0.0068251 -0.002697 0.00865537)
(0.0114389 -0.00373665 0.00083746 -0.00373665 0.0119638 -0.0015236 0.00083746 -0.0015236 0.00758325)
(0.010117 0.000153676 0.00380269 0.000153676 0.00867539 -0.000783624 0.00380269 -0.000783624 0.00452127)
(0.01667 -0.00096643 0.00370833 -0.00096643 0.00915666 -0.000946679 0.00370833 -0.000946679 0.00588764)
(0.00603144 0.00117945 -4.08199e-06 0.00117945 0.00295311 -0.00079367 -4.08199e-06 -0.00079367 0.00268075)
(0.0232407 2.57418e-05 0.00499652 2.57418e-05 0.00826711 -0.000442368 0.00499652 -0.000442368 0.00826021)
(0.017777 -0.00361634 0.00224305 -0.00361634 0.00923345 -0.00229867 0.00224305 -0.00229867 0.00819046)
(0.0135673 -0.00326721 0.00256919 -0.00326721 0.00977798 -0.00208761 0.00256919 -0.00208761 0.00945485)
(0.0107108 -0.00130919 0.00242643 -0.00130919 0.0103108 -0.00115721 0.00242643 -0.00115721 0.00694697)
(0.0108127 -0.00161128 -0.00227237 -0.00161128 0.0092228 -0.0039612 -0.00227237 -0.0039612 0.00601574)
(0.01783 -0.00611202 7.52946e-05 -0.00611202 0.0091055 -0.00329707 7.52946e-05 -0.00329707 0.00516235)
(0.00889679 -0.000874626 0.00304594 -0.000874626 0.00732084 -0.00413586 0.00304594 -0.00413586 0.0058493)
(0.00413021 -0.00219821 0.00453614 -0.00219821 0.00934414 -0.00230434 0.00453614 -0.00230434 0.00692783)
(0.0171234 -0.00278807 7.27223e-05 -0.00278807 0.00560943 0.0018835 7.27223e-05 0.0018835 0.0105301)
(0.00802541 -0.00180084 -0.00138317 -0.00180084 0.006715 0.00153917 -0.00138317 0.00153917 0.00333435)
(0.0179696 -0.00184638 0.00516184 -0.00184638 0.00891106 -0.00322296 0.00516184 -0.00322296 0.00596976)
(0.0181621 -0.00217866 0.00423752 -0.00217866 0.00925623 -0.00151809 0.00423752 -0.00151809 0.0101124)
(0.0124327 -7.63331e-05 0.00233261 -7.63331e-05 0.00757932 -0.000366693 0.00233261 -0.000366693 0.00667007)
(0.0103307 -0.000222342 0.00679255 -0.000222342 0.00808112 -0.00221281 0.00679255 -0.00221281 0.00694737)
(0.0110778 0.000907642 0.00656436 0.000907642 0.00734673 -0.0024289 0.00656436 -0.0024289 0.00680163)
(0.00729388 -0.00319973 -7.54921e-05 -0.00319973 0.00663798 -0.00332553 -7.54921e-05 -0.00332553 0.0061691)
(0.019855 -0.00233546 0.00242106 -0.00233546 0.00994567 -0.000315701 0.00242106 -0.000315701 0.00452885)
(0.0190271 0.000418225 0.00332156 0.000418225 0.00909973 -0.000625731 0.00332156 -0.000625731 0.00270314)
(0.00634298 -0.00264522 3.21567e-05 -0.00264522 0.00873417 0.00135937 3.21567e-05 0.00135937 0.00424688)
(0.00470904 0.00128034 -0.000754059 0.00128034 0.00557317 0.000104788 -0.000754059 0.000104788 0.00679433)
(0.00922097 -0.00484763 -0.000348467 -0.00484763 0.00895577 -0.00295917 -0.000348467 -0.00295917 0.0054167)
(0.0154941 -0.00409704 0.0015777 -0.00409704 0.00861593 -0.000637116 0.0015777 -0.000637116 0.00945694)
(0.016817 -0.00385421 0.00126718 -0.00385421 0.00960231 0.000513935 0.00126718 0.000513935 0.00560571)
(0.0134222 -0.00125251 0.0036721 -0.00125251 0.00890517 -0.00153357 0.0036721 -0.00153357 0.00529253)
(0.0139078 -0.00215937 -0.000753522 -0.00215937 0.00709936 -0.00186883 -0.000753522 -0.00186883 0.0110275)
(0.00538982 -0.00282771 -0.000441586 -0.00282771 0.00570826 -0.00251201 -0.000441586 -0.00251201 0.00583432)
(0.0117935 -0.00152169 0.00362626 -0.00152169 0.0092398 -0.000289778 0.00362626 -0.000289778 0.00495033)
(0.0175019 -0.000901564 0.00307022 -0.000901564 0.00838489 0.00142557 0.00307022 0.00142557 0.00514044)
(0.00785293 -0.00568729 -0.00351747 -0.00568729 0.0111557 -0.00134931 -0.00351747 -0.00134931 0.00878732)
(0.0128936 -0.00538001 -0.00546892 -0.00538001 0.0116654 -0.000913474 -0.00546892 -0.000913474 0.0104969)
(0.017675 -0.00384038 0.00144904 -0.00384038 0.0113767 0.000830994 0.00144904 0.000830994 0.00971596)
(0.0116551 -0.00314158 0.00118546 -0.00314158 0.00952858 -0.00355778 0.00118546 -0.00355778 0.00496471)
(0.0113694 -0.00292313 0.00326129 -0.00292313 0.00901015 -0.00134823 0.00326129 -0.00134823 0.00581254)
(0.0125502 -0.000747516 0.00303021 -0.000747516 0.00836616 -0.00124334 0.00303021 -0.00124334 0.00612198)
(0.00933805 -0.00322967 0.00159977 -0.00322967 0.0088904 -0.00117892 0.00159977 -0.00117892 0.00366202)
(0.00884185 -0.00172881 0.00381581 -0.00172881 0.010004 -0.00135977 0.00381581 -0.00135977 0.00541208)
(0.0017736 -0.000280343 0.00330587 -0.000280343 0.00908516 -0.000981559 0.00330587 -0.000981559 0.00479085)
(0.0178917 0.000261764 0.0026298 0.000261764 0.00896791 -0.000189498 0.0026298 -0.000189498 0.00166326)
(0.0197804 -0.00245805 -0.000454925 -0.00245805 0.00930411 0.00124323 -0.000454925 0.00124323 0.00533605)
(0.0114498 -0.0025819 -0.00289793 -0.0025819 0.010797 -0.00116481 -0.00289793 -0.00116481 0.00921865)
(0.00621853 0.00158005 0.00101602 0.00158005 0.00561417 0.00151209 0.00101602 0.00151209 0.00307743)
(0.0117325 -0.000434005 0.0020738 -0.000434005 0.00762553 -5.13904e-05 0.0020738 -5.13904e-05 0.00570288)
(0.0129337 -0.00158404 0.00427044 -0.00158404 0.00855345 -0.000237817 0.00427044 -0.000237817 0.00764021)
(0.00785585 -0.0042609 -0.000223658 -0.0042609 0.0108097 0.000175334 -0.000223658 0.000175334 0.00434156)
(0.00664528 -0.00258049 0.000309916 -0.00258049 0.00909851 -0.000288218 0.000309916 -0.000288218 0.00381867)
(0.0140563 -0.00330623 -0.000154566 -0.00330623 0.00760716 3.61986e-05 -0.000154566 3.61986e-05 0.00731409)
(0.0142543 -0.00663496 0.000987049 -0.00663496 0.00997323 -0.003536 0.000987049 -0.003536 0.00517897)
(0.0129678 -0.00263455 0.00296089 -0.00263455 0.00971819 -0.00220513 0.00296089 -0.00220513 0.00483884)
(0.0182325 -0.00181844 -0.00155988 -0.00181844 0.0073846 0.0038913 -0.00155988 0.0038913 0.009112)
(0.00901879 -0.00329801 -0.000295431 -0.00329801 0.00944254 0.00122988 -0.000295431 0.00122988 0.00908354)
(0.0120385 -0.00525772 0.00159156 -0.00525772 0.00971374 -0.00531374 0.00159156 -0.00531374 0.00657678)
(0.0142293 -0.000950467 0.00120472 -0.000950467 0.00856389 -9.65456e-05 0.00120472 -9.65456e-05 0.00373779)
(0.0118819 0.00190951 0.00380193 0.00190951 0.00707305 3.81311e-05 0.00380193 3.81311e-05 0.00550878)
(0.00420777 -0.00456007 0.00191107 -0.00456007 0.00919824 -0.00305775 0.00191107 -0.00305775 0.0046268)
(0.0178016 -0.00245182 0.00440243 -0.00245182 0.00947791 -0.00272586 0.00440243 -0.00272586 0.00573904)
(0.0151876 -0.000371459 0.00575287 -0.000371459 0.00842695 -0.00222534 0.00575287 -0.00222534 0.00803829)
(0.0164118 -0.00224007 0.0024949 -0.00224007 0.00926275 -0.000661278 0.0024949 -0.000661278 0.00830457)
(0.0164211 -0.00224811 0.00243981 -0.00224811 0.00885604 -0.000663615 0.00243981 -0.000663615 0.0063065)
(0.00376034 -0.000493921 -0.000193472 -0.000493921 0.00262222 0.00133367 -0.000193472 0.00133367 0.00667316)
(0.00471222 0.000911595 0.000136521 0.000911595 0.00663117 -4.56963e-05 0.000136521 -4.56963e-05 0.0118454)
(0.0149511 -0.00479126 -0.00133845 -0.00479126 0.00977159 -0.00276304 -0.00133845 -0.00276304 0.00713931)
(0.0114217 -0.000801858 4.10788e-05 -0.000801858 0.00497024 -0.0027273 4.10788e-05 -0.0027273 0.0102066)
(0.0131128 -0.00399294 -6.1118e-05 -0.00399294 0.01149 -0.00111747 -6.1118e-05 -0.00111747 0.0108236)
(0.0155574 -0.00176437 0.000721255 -0.00176437 0.00701991 -0.00187067 0.000721255 -0.00187067 0.00924152)
(0.00828147 -0.00185231 -0.000876629 -0.00185231 0.00554257 -0.00101613 -0.000876629 -0.00101613 0.011144)
(0.00587137 -0.00131165 -0.000255008 -0.00131165 0.00713494 -0.00186914 -0.000255008 -0.00186914 0.00872831)
(0.0133356 -0.00127372 0.00304047 -0.00127372 0.00955021 -0.000874616 0.00304047 -0.000874616 0.005322)
(0.0148638 -0.000150952 -0.000664847 -0.000150952 0.00557099 0.00288715 -0.000664847 0.00288715 0.00781086)
(0.0134668 -0.00336076 -0.00162464 -0.00336076 0.0109197 -0.00223959 -0.00162464 -0.00223959 0.00962177)
(0.0107164 -0.00377914 -0.00065082 -0.00377914 0.0120431 -0.00196797 -0.00065082 -0.00196797 0.00693501)
(0.00607915 -9.52501e-05 -0.000774982 -9.52501e-05 0.0055638 -0.00187305 -0.000774982 -0.00187305 0.00375076)
(0.0167473 0.00126292 0.0033143 0.00126292 0.00703028 -0.00283738 0.0033143 -0.00283738 0.00694521)
(0.00982257 -0.0035297 -0.00125011 -0.0035297 0.0080123 -0.00299111 -0.00125011 -0.00299111 0.00488283)
(0.0152554 -0.00353206 -0.000640426 -0.00353206 0.00885195 -0.00307775 -0.000640426 -0.00307775 0.00724445)
(0.0138821 -0.00183213 0.000525394 -0.00183213 0.00884651 -0.000932517 0.000525394 -0.000932517 0.0026719)
(0.00842041 -0.00318525 0.00381117 -0.00318525 0.00964249 -0.00209611 0.00381117 -0.00209611 0.00831773)
(0.00305154 -0.00048455 0.00402357 -0.00048455 0.00913204 -0.00149774 0.00402357 -0.00149774 0.00583673)
(0.0182974 -0.000176897 0.00214978 -0.000176897 0.00803332 0.00124031 0.00214978 0.00124031 0.00700005)
(0.0109318 -0.00377883 -0.00257786 -0.00377883 0.010818 -0.00366387 -0.00257786 -0.00366387 0.00898382)
(0.0120041 -0.00346904 -0.00230377 -0.00346904 0.0113585 -0.00333944 -0.00230377 -0.00333944 0.00933347)
(0.00950608 -0.00426855 -0.000321972 -0.00426855 0.0113765 0.000268112 -0.000321972 0.000268112 0.00642869)
(0.00861001 -0.00338714 -0.000344293 -0.00338714 0.00873505 -0.00253482 -0.000344293 -0.00253482 0.00534205)
(0.0108069 0.00198817 0.000892136 0.00198817 0.00838254 -0.00126101 0.000892136 -0.00126101 0.00599112)
(0.0149482 -0.000126024 0.0019683 -0.000126024 0.00840469 -0.000523818 0.0019683 -0.000523818 0.00756815)
(0.00576318 -0.0027678 -0.00104792 -0.0027678 0.00998094 -0.0011817 -0.00104792 -0.0011817 0.00626301)
(0.00827714 -0.00158492 -0.000619051 -0.00158492 0.007806 -0.00141362 -0.000619051 -0.00141362 0.00228327)
(0.0126847 -0.00225173 -0.000439081 -0.00225173 0.00777881 -0.00280246 -0.000439081 -0.00280246 0.00499795)
(0.0135268 -0.000170946 0.00177904 -0.000170946 0.00847645 -0.00157685 0.00177904 -0.00157685 0.00740616)
(0.0194426 -0.00370203 -0.00626697 -0.00370203 0.00715271 0.00463732 -0.00626697 0.00463732 0.00949174)
(0.0149776 -0.00213821 -0.00192981 -0.00213821 0.0105932 -0.00284885 -0.00192981 -0.00284885 0.00930052)
(0.0176727 -0.0033393 0.00200091 -0.0033393 0.010063 0.00012297 0.00200091 0.00012297 0.0110371)
(0.00680835 -0.00106261 -0.000339815 -0.00106261 0.00562822 -0.00187701 -0.000339815 -0.00187701 0.00317382)
(0.0112012 -0.00406156 0.00131114 -0.00406156 0.0107886 -0.000113158 0.00131114 -0.000113158 0.00763903)
(0.0146887 -0.00455048 0.00162214 -0.00455048 0.0105317 0.00056427 0.00162214 0.00056427 0.0079256)
(0.00681669 0.000143841 6.83647e-05 0.000143841 0.0016646 -6.78245e-05 6.83647e-05 -6.78245e-05 0.00159383)
(0.0106105 -0.00203725 0.000199681 -0.00203725 0.00854323 -0.00200133 0.000199681 -0.00200133 0.00494333)
(0.0147581 -0.00164757 0.00373484 -0.00164757 0.00894422 -0.000331692 0.00373484 -0.000331692 0.00814618)
(0.006876 0.000724894 0.000453215 0.000724894 0.00629479 0.00225612 0.000453215 0.00225612 0.00563108)
(0.00342473 -0.00294197 0.00123881 -0.00294197 0.00801382 -0.0035131 0.00123881 -0.0035131 0.00549074)
(0.00515615 -0.00257211 -0.00143889 -0.00257211 0.00372738 0.00141046 -0.00143889 0.00141046 0.00813032)
(0.011144 -0.00188996 -0.00154063 -0.00188996 0.0077509 -0.00373092 -0.00154063 -0.00373092 0.0059341)
(0.00859468 -0.00162908 0.00210925 -0.00162908 0.00794543 -0.00353106 0.00210925 -0.00353106 0.00610923)
(0.00623684 -0.00150504 0.000143201 -0.00150504 0.00444531 0.001067 0.000143201 0.001067 0.0069276)
(0.0106398 -0.00402116 0.000481781 -0.00402116 0.0104662 0.00102515 0.000481781 0.00102515 0.00701027)
(0.00838276 -0.00080773 -0.000928507 -0.00080773 0.00282361 -0.00192666 -0.000928507 -0.00192666 0.00846194)
(0.0102294 -0.00200165 0.000105214 -0.00200165 0.00818983 -0.00276939 0.000105214 -0.00276939 0.00574287)
(0.012584 -0.00240902 0.0039163 -0.00240902 0.00924751 -0.00114188 0.0039163 -0.00114188 0.00592985)
(0.0109091 -0.0030769 -0.00211061 -0.0030769 0.0111438 -0.00205418 -0.00211061 -0.00205418 0.00800536)
(0.0214258 -0.000845517 0.00168278 -0.000845517 0.00875907 0.000994012 0.00168278 0.000994012 0.00395358)
(0.0154713 0.000471434 0.00370606 0.000471434 0.00892454 -0.0010796 0.00370606 -0.0010796 0.00298748)
(0.0181436 0.00225835 0.00399368 0.00225835 0.00720354 -0.00104474 0.00399368 -0.00104474 0.00562511)
(0.00998076 -0.00332801 0.000867015 -0.00332801 0.00412797 -0.00293722 0.000867015 -0.00293722 0.0102808)
(0.00767412 -0.00305329 0.0027344 -0.00305329 0.00563647 -0.00381151 0.0027344 -0.00381151 0.00831228)
(0.00692531 -0.0019832 0.000701528 -0.0019832 0.00448998 -0.00162054 0.000701528 -0.00162054 0.00704604)
(0.0139391 4.55789e-05 0.00108276 4.55789e-05 0.00824886 -0.00175303 0.00108276 -0.00175303 0.0062406)
(0.0109047 -0.00390657 0.00227129 -0.00390657 0.00921826 -0.00137897 0.00227129 -0.00137897 0.00513984)
(0.0194502 -0.00132822 0.00101102 -0.00132822 0.00752789 0.00264617 0.00101102 0.00264617 0.00938443)
(0.0147592 0.00125413 0.00147691 0.00125413 0.00648156 0.00239257 0.00147691 0.00239257 0.00687277)
(0.0145136 0.000751767 0.00188938 0.000751767 0.00350192 -0.000946414 0.00188938 -0.000946414 0.0117139)
(0.0209654 -0.00230741 0.000853758 -0.00230741 0.00720095 0.0017475 0.000853758 0.0017475 0.00979444)
(0.0113554 -0.0047963 -0.00114823 -0.0047963 0.0121374 0.000335121 -0.00114823 0.000335121 0.00786825)
(0.0018893 0.000215703 0.000759751 0.000215703 0.00560312 0.000289709 0.000759751 0.000289709 0.0058602)
(0.0157627 -0.000463591 0.00118296 -0.000463591 0.0108909 -0.00136513 0.00118296 -0.00136513 0.00754968)
(0.0164193 -0.000305045 0.00309841 -0.000305045 0.0080726 -0.000966591 0.00309841 -0.000966591 0.00401676)
(0.00723525 -0.00239523 0.00147605 -0.00239523 0.00927527 0.00033976 0.00147605 0.00033976 0.00505339)
(0.00762401 0.000763449 0.000563379 0.000763449 0.00630585 0.000735421 0.000563379 0.000735421 0.00396326)
(0.00993066 -0.00272125 0.000850394 -0.00272125 0.00809465 -0.00273488 0.000850394 -0.00273488 0.0045463)
(0.00922972 0.00241257 0.00173338 0.00241257 0.0071222 -0.00117343 0.00173338 -0.00117343 0.00562694)
(0.0191278 -0.00336885 -0.00463764 -0.00336885 0.00710854 0.00435711 -0.00463764 0.00435711 0.00890639)
(0.0125461 -0.000252439 -0.00158283 -0.000252439 0.00355226 0.00144687 -0.00158283 0.00144687 0.0104856)
(0.00806735 7.5859e-05 0.00203185 7.5859e-05 0.00705901 -0.000316932 0.00203185 -0.000316932 0.00489495)
(0.00806277 -0.00261758 0.000146993 -0.00261758 0.00705969 -0.00236616 0.000146993 -0.00236616 0.0034305)
(0.0124644 -0.00444027 0.00142904 -0.00444027 0.0107488 0.000443563 0.00142904 0.000443563 0.00718997)
(0.0159125 -0.00480809 0.000434764 -0.00480809 0.0117489 0.00102682 0.000434764 0.00102682 0.0088594)
(0.0133535 -0.00447548 -0.000479366 -0.00447548 0.0117499 0.000855309 -0.000479366 0.000855309 0.00865146)
(0.0131701 -0.00276893 0.00171353 -0.00276893 0.00937282 0.000659584 0.00171353 0.000659584 0.00554332)
(0.0177463 -0.00293793 0.00282942 -0.00293793 0.00979817 -0.00118219 0.00282942 -0.00118219 0.00670071)
(0.00778001 0.000568815 0.000224382 0.000568815 0.00629085 0.00222283 0.000224382 0.00222283 0.00466776)
(0.0126104 -0.00223683 0.00186406 -0.00223683 0.00838624 0.00133689 0.00186406 0.00133689 0.00822245)
(0.00763496 -0.000918344 -0.00073806 -0.000918344 0.00596423 0.00296435 -0.00073806 0.00296435 0.00600189)
(0.00737651 -0.00205573 -0.000769093 -0.00205573 0.00564063 -0.00375776 -0.000769093 -0.00375776 0.00627451)
(0.0165385 -0.00308216 0.00157513 -0.00308216 0.00860675 -0.00284201 0.00157513 -0.00284201 0.00657618)
(0.0208089 -0.0055786 0.000918938 -0.0055786 0.00999107 -0.00472148 0.000918938 -0.00472148 0.00503464)
(0.0158193 -0.00213084 0.00165392 -0.00213084 0.0100944 0.000356248 0.00165392 0.000356248 0.00881908)
(0.0068791 0.000334174 -0.00136309 0.000334174 0.00458266 -0.00184916 -0.00136309 -0.00184916 0.00578535)
(0.00765817 -0.00302403 0.0023511 -0.00302403 0.00936006 -0.00230704 0.0023511 -0.00230704 0.00641986)
(0.00894116 -0.00221124 0.000293033 -0.00221124 0.00959058 -0.000218791 0.000293033 -0.000218791 0.0072196)
(0.0123678 -0.00275498 0.000392837 -0.00275498 0.0110188 -0.00137265 0.000392837 -0.00137265 0.00892449)
(0.0203852 -0.00237208 0.00240747 -0.00237208 0.00956022 -0.000594584 0.00240747 -0.000594584 0.00622189)
(0.0162542 -0.00157114 0.00450932 -0.00157114 0.00940306 -0.00227347 0.00450932 -0.00227347 0.00576732)
(0.00593914 -0.00167668 -2.00886e-05 -0.00167668 0.00420443 -0.00279739 -2.00886e-05 -0.00279739 0.00554152)
(0.0113127 -0.0023514 0.00136159 -0.0023514 0.00913328 -0.00171931 0.00136159 -0.00171931 0.0114475)
(0.00635524 -0.00285247 0.000158778 -0.00285247 0.0061425 -0.00325956 0.000158778 -0.00325956 0.00441839)
(0.00930076 -0.00239252 0.000847921 -0.00239252 0.00476936 -0.00315932 0.000847921 -0.00315932 0.00622662)
(0.0136381 -0.00297757 0.00240488 -0.00297757 0.00938205 -0.00172519 0.00240488 -0.00172519 0.00711581)
(0.0111704 -0.00312434 -0.000623561 -0.00312434 0.0109428 -0.00174799 -0.000623561 -0.00174799 0.00892425)
(0.00756978 5.59045e-05 -0.000346502 5.59045e-05 0.00539791 0.00197045 -0.000346502 0.00197045 0.00318861)
(0.0159061 -0.00242323 0.00114246 -0.00242323 0.00843468 0.00132701 0.00114246 0.00132701 0.0071672)
(0.0198991 -0.00288385 -0.00502083 -0.00288385 0.00725804 0.00445168 -0.00502083 0.00445168 0.00965974)
(0.0192672 -0.00248199 -0.00352541 -0.00248199 0.00768604 0.00326182 -0.00352541 0.00326182 0.0100766)
(0.00994033 -0.000748745 0.00167173 -0.000748745 0.00890223 -0.00201317 0.00167173 -0.00201317 0.00303121)
(0.0115174 -0.002755 0.00123136 -0.002755 0.0106335 -0.000742425 0.00123136 -0.000742425 0.00756403)
(0.00595917 -0.000138413 0.000527255 -0.000138413 0.0040838 -0.00104627 0.000527255 -0.00104627 0.00268675)
(0.0106237 -0.0047451 -0.00213595 -0.0047451 0.0122115 -0.00183114 -0.00213595 -0.00183114 0.00769621)
(0.00923865 -0.00460859 -0.00107501 -0.00460859 0.0121348 -0.00184558 -0.00107501 -0.00184558 0.00726734)
(0.00471568 -0.00474287 -0.00252432 -0.00474287 0.0105197 -0.00269011 -0.00252432 -0.00269011 0.00841579)
(0.00539404 -0.00129617 3.54042e-05 -0.00129617 0.00710641 -0.00177803 3.54042e-05 -0.00177803 0.00334772)
(0.00880391 0.00186794 0.00172723 0.00186794 0.0072525 -0.00100111 0.00172723 -0.00100111 0.00521443)
(0.0112492 -0.00113405 -0.00281148 -0.00113405 0.00544358 0.00373652 -0.00281148 0.00373652 0.010828)
(0.0153556 -0.00158459 -0.00108572 -0.00158459 0.00487326 0.0019049 -0.00108572 0.0019049 0.0108638)
(0.0195039 0.000961136 0.0053128 0.000961136 0.00759078 -0.000984258 0.0053128 -0.000984258 0.00778662)
(0.014103 -0.0023861 0.00246779 -0.0023861 0.00516328 -0.0025871 0.00246779 -0.0025871 0.0045745)
(0.00802011 -0.00131145 -9.57726e-05 -0.00131145 0.00630967 -0.00149314 -9.57726e-05 -0.00149314 0.00314247)
(0.0132578 -0.00228056 0.00119078 -0.00228056 0.00823281 0.0011032 0.00119078 0.0011032 0.0055994)
(0.0166224 -0.00442938 -0.00168867 -0.00442938 0.0119445 -6.55446e-05 -0.00168867 -6.55446e-05 0.00965768)
(0.0163042 0.00139999 0.00372583 0.00139999 0.00757557 0.000442976 0.00372583 0.000442976 0.0059495)
(0.0155722 -0.00264625 0.00187469 -0.00264625 0.0087845 0.000227929 0.00187469 0.000227929 0.00751632)
(0.0212897 -0.00309814 0.00364214 -0.00309814 0.00847983 -0.00142663 0.00364214 -0.00142663 0.00725416)
(0.0153375 -0.004178 -0.00044374 -0.004178 0.0112799 0.000667316 -0.00044374 0.000667316 0.0097511)
(0.00540486 0.000245866 0.000664257 0.000245866 0.00485155 -0.000280455 0.000664257 -0.000280455 0.00378695)
(0.00497948 -0.00124619 -0.000323798 -0.00124619 0.00245114 -0.00124777 -0.000323798 -0.00124777 0.010745)
(0.0129962 -0.00180474 0.00225315 -0.00180474 0.00245308 -0.00217046 0.00225315 -0.00217046 0.012327)
(0.0176476 -0.00645225 0.000939749 -0.00645225 0.0101199 -0.00319619 0.000939749 -0.00319619 0.00545529)
(0.0104571 -0.000833554 -0.000179505 -0.000833554 0.00743688 -9.54252e-05 -0.000179505 -9.54252e-05 0.00559489)
(0.0126277 -0.000913615 0.000418937 -0.000913615 0.00859369 -0.000833468 0.000418937 -0.000833468 0.00426204)
(0.0106889 -0.00277121 0.00287454 -0.00277121 0.00958151 -0.00234089 0.00287454 -0.00234089 0.00573828)
(0.0120661 -0.00340147 0.00157548 -0.00340147 0.0099909 -0.000247161 0.00157548 -0.000247161 0.00930157)
(0.0082832 -0.00389643 0.000963984 -0.00389643 0.0109739 -0.000937069 0.000963984 -0.000937069 0.00494526)
(0.0119516 0.00311538 0.00352923 0.00311538 0.00652456 0.000641399 0.00352923 0.000641399 0.00577162)
(0.00842415 0.00151546 0.000675794 0.00151546 0.00639198 0.000644322 0.000675794 0.000644322 0.0043812)
(0.0101095 -0.000506554 -0.000300539 -0.000506554 0.00820205 -0.00328854 -0.000300539 -0.00328854 0.00629158)
(0.00943497 -0.00129286 -0.00187163 -0.00129286 0.00730441 -0.00414039 -0.00187163 -0.00414039 0.00632853)
(0.00769773 -0.00295049 0.00102146 -0.00295049 0.0083762 -0.0018775 0.00102146 -0.0018775 0.00449432)
(0.00952095 -0.00473251 -0.00119306 -0.00473251 0.00882857 -0.00312405 -0.00119306 -0.00312405 0.00434395)
(0.00557321 0.000298513 -1.37109e-05 0.000298513 0.00188588 0.000690795 -1.37109e-05 0.000690795 0.00286661)
(0.0126004 -0.00509478 -0.00524961 -0.00509478 0.0114784 -0.00214105 -0.00524961 -0.00214105 0.00965386)
(0.0139164 -0.00296464 0.00278615 -0.00296464 0.00950119 -0.00139769 0.00278615 -0.00139769 0.00621406)
(0.0124152 -0.00151241 0.00448877 -0.00151241 0.00858233 -0.000440324 0.00448877 -0.000440324 0.00840365)
(0.0149057 0.00140966 0.00165951 0.00140966 0.00568232 0.00333684 0.00165951 0.00333684 0.00878265)
(0.0189508 -0.0010623 -0.00414149 -0.0010623 0.00733969 0.00342169 -0.00414149 0.00342169 0.00844262)
(0.0162261 -0.00116137 0.00172956 -0.00116137 0.00832805 0.000935295 0.00172956 0.000935295 0.00681796)
(0.00499965 0.000330821 0.000856187 0.000330821 0.00219478 -0.000282329 0.000856187 -0.000282329 0.00230254)
(0.00851818 0.00108812 0.000901358 0.00108812 0.00492675 0.00169483 0.000901358 0.00169483 0.00339846)
(0.0121604 0.000607728 0.00278684 0.000607728 0.00807742 0.000224046 0.00278684 0.000224046 0.00491214)
(0.00889765 0.00134744 0.00127777 0.00134744 0.00544374 0.00142399 0.00127777 0.00142399 0.00371582)
(0.00881801 -0.00324193 -0.00199039 -0.00324193 0.0113009 -0.00308634 -0.00199039 -0.00308634 0.00783403)
(0.00487531 -0.00320711 0.000211872 -0.00320711 0.00928288 -0.000636543 0.000211872 -0.000636543 0.00335146)
(0.0054387 0.00100051 0.00146137 0.00100051 0.00655413 0.000871761 0.00146137 0.000871761 0.00456002)
(0.00535016 -0.0022242 0.000257716 -0.0022242 0.00648478 -0.00366925 0.000257716 -0.00366925 0.00774178)
(0.0168703 -0.000294176 -0.000990451 -0.000294176 0.00665544 0.00330332 -0.000990451 0.00330332 0.00610034)
(0.00619116 -0.00349919 0.00156397 -0.00349919 0.00850816 -0.00252051 0.00156397 -0.00252051 0.00581582)
(0.0106625 -0.00346215 0.00130793 -0.00346215 0.00698645 -0.00298193 0.00130793 -0.00298193 0.00407144)
(0.0172183 -0.00158187 0.00387723 -0.00158187 0.00863587 -0.00131298 0.00387723 -0.00131298 0.00704376)
(0.0214045 0.00174877 0.00500772 0.00174877 0.0078279 -0.000801458 0.00500772 -0.000801458 0.00547634)
(0.0103045 -0.00210456 0.000377974 -0.00210456 0.00828478 -0.0010568 0.000377974 -0.0010568 0.00378975)
(0.0172956 -0.00213496 0.0025823 -0.00213496 0.00923017 0.000110324 0.0025823 0.000110324 0.00700405)
(0.0150376 0.000622555 -0.000167866 0.000622555 0.00521479 0.00413512 -0.000167866 0.00413512 0.00961225)
(0.0194285 -0.00432039 0.000502042 -0.00432039 0.0082716 -0.000180487 0.000502042 -0.000180487 0.00830381)
(0.0119724 -0.00139643 0.00061298 -0.00139643 0.00757047 0.00021335 0.00061298 0.00021335 0.00378923)
(0.0103754 -0.00113288 0.0021244 -0.00113288 0.00799483 -0.000206487 0.0021244 -0.000206487 0.00518738)
(0.00353732 -0.00104103 0.000686802 -0.00104103 0.00753151 0.000494339 0.000686802 0.000494339 0.00967408)
(0.00418569 -2.4775e-05 0.000939801 -2.4775e-05 0.00323053 0.000118515 0.000939801 0.000118515 0.0100762)
(0.0163694 -0.00541186 0.000594832 -0.00541186 0.00926712 -0.00332638 0.000594832 -0.00332638 0.00482411)
(0.00960765 -0.00120703 0.00142697 -0.00120703 0.00494882 -0.00102599 0.00142697 -0.00102599 0.00385283)
(0.0090772 -0.000534873 -0.000412725 -0.000534873 0.00686231 -0.000297671 -0.000412725 -0.000297671 0.0023718)
(0.0111781 -0.00284924 0.00227746 -0.00284924 0.00914106 -0.00205112 0.00227746 -0.00205112 0.00561777)
(0.00837123 0.000881573 0.000879556 0.000881573 0.00671016 0.00131033 0.000879556 0.00131033 0.0102012)
(0.0109997 -0.00136557 0.00175503 -0.00136557 0.00835254 -0.00190302 0.00175503 -0.00190302 0.00594273)
(0.00838111 -0.00365083 0.000873679 -0.00365083 0.00905937 -0.00194466 0.000873679 -0.00194466 0.0058776)
(0.0120098 -0.00261256 0.000302203 -0.00261256 0.00958595 0.00114111 0.000302203 0.00114111 0.00905454)
