/*--------------------------------*- C++ -*----------------------------------*\
  =========                 |
  \\      /  F ield         | OpenFOAM: The Open Source CFD Toolbox
   \\    /   O peration     | Website:  https://openfoam.org
    \\  /    A nd           | Version:  10
     \\/     M anipulation  |
\*---------------------------------------------------------------------------*/
FoamFile
{
    format      ascii;
    class       volTensorField;
    location    "3";
    object      TauNN;
}
// * * * * * * * * * * * * * * * * * * * * * * * * * * * * * * * * * * * * * //

dimensions      [0 2 -2 0 0 0 0];

internalField   nonuniform List<tensor> 
25600
(
(0.000213075 3.78396e-06 0.0001096 3.78396e-06 0.000263584 2.30893e-05 0.0001096 2.30893e-05 0.000109973)
(0.000438486 9.32775e-05 0.000266785 9.32775e-05 0.000353547 0.000143857 0.000266785 0.000143857 0.000514096)
(0.000708281 0.00021043 0.000474928 0.00021043 0.000448409 0.000251703 0.000474928 0.000251703 0.00107753)
(0.000796264 0.000269647 0.000567013 0.000269647 0.000465178 0.000274326 0.000567013 0.000274326 0.00115709)
(0.000626375 0.000235494 0.000461649 0.000235494 0.000361696 0.000183269 0.000461649 0.000183269 0.000724326)
(0.000346214 0.000123238 0.000241939 0.000123238 0.000185854 3.40296e-05 0.000241939 3.40296e-05 0.000249198)
(0.000196155 4.77945e-05 0.000136175 4.77945e-05 9.71564e-05 -3.00948e-05 0.000136175 -3.00948e-05 6.16269e-05)
(0.000172913 2.45543e-05 0.000123069 2.45543e-05 9.69641e-05 -4.32972e-05 0.000123069 -4.32972e-05 2.59767e-05)
(0.000206246 2.85311e-05 0.000136014 2.85311e-05 0.000107802 -4.48497e-05 0.000136014 -4.48497e-05 5.22205e-05)
(0.000232357 4.09689e-05 0.000149406 4.09689e-05 0.000113275 -2.80337e-05 0.000149406 -2.80337e-05 9.53977e-05)
(0.000248038 7.03884e-05 0.000164848 7.03884e-05 0.000129254 1.34604e-05 0.000164848 1.34604e-05 0.000139783)
(0.000239173 8.61054e-05 0.000154562 8.61054e-05 0.000168655 4.29358e-05 0.000154562 4.29358e-05 0.000138622)
(0.00020281 6.35069e-05 0.000115439 6.35069e-05 0.000200639 2.00281e-05 0.000115439 2.00281e-05 8.39871e-05)
(0.000168508 2.10013e-05 9.94485e-05 2.10013e-05 0.000181506 -2.13152e-05 9.94485e-05 -2.13152e-05 4.98377e-05)
(0.000144162 -5.54416e-06 0.000106186 -5.54416e-06 0.000142849 -3.16845e-05 0.000106186 -3.16845e-05 3.67165e-05)
(0.000157437 -3.23867e-05 0.000110358 -3.23867e-05 0.000170536 -2.70437e-05 0.000110358 -2.70437e-05 1.70025e-05)
(0.000215669 -6.18417e-05 0.000126326 -6.18417e-05 0.000244525 -3.38694e-05 0.000126326 -3.38694e-05 7.80461e-06)
(0.000239614 -5.09871e-05 0.000137838 -5.09871e-05 0.000262285 -3.09469e-05 0.000137838 -3.09469e-05 8.19008e-06)
(0.000201426 -1.35526e-05 0.00013924 -1.35526e-05 0.000220965 2.48756e-06 0.00013924 2.48756e-06 1.45442e-05)
(0.000176158 -1.92598e-06 0.000157373 -1.92598e-06 0.000195418 4.59403e-05 0.000157373 4.59403e-05 6.51661e-05)
(0.000169988 -1.56695e-05 0.000161075 -1.56695e-05 0.000181989 5.4148e-05 0.000161075 5.4148e-05 0.00010742)
(0.000164231 -3.59453e-05 0.000131901 -3.59453e-05 0.00018767 3.32883e-05 0.000131901 3.32883e-05 6.65173e-05)
(0.000195707 -6.00303e-05 0.000119363 -6.00303e-05 0.000196954 -1.9772e-05 0.000119363 -1.9772e-05 -3.66221e-06)
(0.000285992 -6.14813e-05 0.000168392 -6.14813e-05 0.000185592 -6.42044e-05 0.000168392 -6.42044e-05 1.55401e-05)
(0.000298529 -3.05846e-05 0.000182355 -3.05846e-05 0.000157478 -6.83786e-05 0.000182355 -6.83786e-05 2.72676e-05)
(0.000226152 6.25756e-06 0.000140788 6.25756e-06 0.000146883 -5.07729e-05 0.000140788 -5.07729e-05 -8.6185e-06)
(0.000202113 2.92081e-05 0.000130404 2.92081e-05 0.000161012 -2.94335e-05 0.000130404 -2.94335e-05 -1.38533e-05)
(0.000266126 5.66412e-05 0.000114994 5.66412e-05 0.000202919 -4.91906e-05 0.000114994 -4.91906e-05 3.20936e-05)
(0.000393725 0.000100351 6.37518e-05 0.000100351 0.000266566 -0.000129538 6.37518e-05 -0.000129538 0.000191807)
(0.000504531 0.000119566 6.40433e-05 0.000119566 0.000332462 -0.000211485 6.40433e-05 -0.000211485 0.000374983)
(0.000492764 8.7426e-05 0.000105181 8.7426e-05 0.000366069 -0.000230536 0.000105181 -0.000230536 0.00033063)
(0.000347596 1.23316e-05 0.000160697 1.23316e-05 0.000306993 -0.000145046 0.000160697 -0.000145046 0.000131926)
(0.000236489 -2.36323e-05 0.000168698 -2.36323e-05 0.000197983 -4.53889e-05 0.000168698 -4.53889e-05 6.46339e-05)
(0.000206443 -9.0953e-06 0.000139347 -9.0953e-06 0.000120964 -8.53837e-06 0.000139347 -8.53837e-06 0.000114007)
(0.000204199 1.67843e-05 7.95163e-05 1.67843e-05 0.000117553 -1.45156e-05 7.95163e-05 -1.45156e-05 0.000170232)
(0.000188201 3.29753e-05 6.62915e-06 3.29753e-05 0.000170593 -5.48614e-05 6.62915e-06 -5.48614e-05 0.00022577)
(0.000146791 3.9896e-05 -5.77215e-05 3.9896e-05 0.000224252 -0.000141508 -5.77215e-05 -0.000141508 0.000316885)
(0.000119024 1.44122e-05 -3.75723e-05 1.44122e-05 0.000254126 -0.000215983 -3.75723e-05 -0.000215983 0.000437864)
(0.00010593 -3.66811e-05 4.76614e-05 -3.66811e-05 0.000227324 -0.000176524 4.76614e-05 -0.000176524 0.000381453)
(0.000123621 -3.48147e-05 7.71722e-05 -3.48147e-05 0.000218773 -8.23559e-05 7.71722e-05 -8.23559e-05 0.000165708)
(0.000134904 1.37864e-05 0.000108644 1.37864e-05 0.000121501 1.62981e-07 0.000108644 1.62981e-07 6.34761e-05)
(0.000156495 3.57218e-05 0.000107909 3.57218e-05 0.000159629 -1.36243e-05 0.000107909 -1.36243e-05 5.98724e-05)
(0.000220992 5.91967e-05 0.000160859 5.91967e-05 0.000206186 -1.02334e-05 0.000160859 -1.02334e-05 0.000119876)
(0.000243043 5.64093e-05 0.000194669 5.64093e-05 0.000197948 -2.26349e-05 0.000194669 -2.26349e-05 0.000157094)
(0.000175956 2.96682e-05 0.00013891 2.96682e-05 0.00015312 -6.06347e-05 0.00013891 -6.06347e-05 4.93686e-05)
(0.000169262 3.22144e-05 0.000124203 3.22144e-05 0.000194007 -1.74921e-05 0.000124203 -1.74921e-05 7.15628e-05)
(0.000208203 5.00968e-05 0.000142436 5.00968e-05 0.000290693 3.49917e-05 0.000142436 3.49917e-05 0.000132828)
(0.000208472 1.63708e-05 0.000142925 1.63708e-05 0.000283939 -3.2966e-05 0.000142925 -3.2966e-05 4.39664e-05)
(0.000256645 -1.71028e-05 0.000160607 -1.71028e-05 0.000229895 -0.000110852 0.000160607 -0.000110852 4.29294e-05)
(0.000290188 -6.34231e-07 0.000188464 -6.34231e-07 0.000161472 -8.71653e-05 0.000188464 -8.71653e-05 9.3222e-05)
(0.000224278 5.55534e-06 0.000150746 5.55534e-06 0.000105876 -4.32665e-05 0.000150746 -4.32665e-05 1.08171e-05)
(0.000119663 1.65571e-05 8.07084e-05 1.65571e-05 6.43401e-05 1.55987e-05 8.07084e-05 1.55987e-05 -9.38807e-06)
(0.000115142 2.36658e-05 0.000123686 2.36658e-05 9.05858e-05 8.33375e-05 0.000123686 8.33375e-05 0.000135984)
(0.000229901 2.51187e-05 0.000238499 2.51187e-05 0.000162754 0.000108955 0.000238499 0.000108955 0.00027434)
(0.000282062 2.86289e-06 0.000254024 2.86289e-06 0.000203833 7.09547e-05 0.000254024 7.09547e-05 0.00028372)
(0.000227825 -1.1785e-05 0.000176923 -1.1785e-05 0.000248842 4.43347e-05 0.000176923 4.43347e-05 0.000234056)
(0.000169347 -4.90928e-05 9.33707e-05 -4.90928e-05 0.000281386 2.81511e-05 9.33707e-05 2.81511e-05 0.000181382)
(0.000199664 -0.000106986 6.81654e-05 -0.000106986 0.000307534 3.89758e-05 6.81654e-05 3.89758e-05 0.000118982)
(0.000249394 -0.000123439 0.000105441 -0.000123439 0.000307467 3.85186e-05 0.000105441 3.85186e-05 5.40052e-05)
(0.000227841 -5.90328e-05 0.000127343 -5.90328e-05 0.000232572 7.65081e-06 0.000127343 7.65081e-06 3.04131e-05)
(0.000170543 -4.2161e-06 0.000114433 -4.2161e-06 0.000168984 -3.53903e-07 0.000114433 -3.53903e-07 4.44987e-05)
(0.000139069 5.99306e-06 8.9475e-05 5.99306e-06 0.000145922 -1.43917e-05 8.9475e-05 -1.43917e-05 9.47694e-05)
(0.000141985 8.14814e-06 6.42128e-05 8.14814e-06 0.000140154 -4.3286e-05 6.42128e-05 -4.3286e-05 0.000179615)
(0.000150518 -1.54143e-05 7.78418e-05 -1.54143e-05 0.000134221 -6.32461e-06 7.78418e-05 -6.32461e-06 0.000186419)
(0.000203649 -4.9009e-05 0.000138949 -4.9009e-05 0.000255452 3.19285e-05 0.000138949 3.19285e-05 0.000111892)
(0.000276372 -3.44412e-05 0.000174957 -3.44412e-05 0.000352772 -6.46356e-05 0.000174957 -6.46356e-05 5.75774e-05)
(0.000406339 4.18872e-05 0.000173457 4.18872e-05 0.000287007 -0.000187558 0.000173457 -0.000187558 0.000295161)
(0.000654543 0.000185519 0.000333216 0.000185519 0.000247432 -4.53321e-05 0.000333216 -4.53321e-05 0.00105851)
(0.000912046 0.000282265 0.000573881 0.000282265 0.000402702 0.000234495 0.000573881 0.000234495 0.00175114)
(0.000866545 0.000282964 0.000606453 0.000282964 0.000474224 0.00029863 0.000606453 0.00029863 0.00150276)
(0.000524752 0.000172757 0.000369629 0.000172757 0.000325421 0.000152092 0.000369629 0.000152092 0.00066267)
(0.000263224 7.62325e-05 0.000166565 7.62325e-05 0.000204373 3.51099e-05 0.000166565 3.51099e-05 0.000157935)
(0.000180552 3.8757e-05 0.000110553 3.8757e-05 0.000193596 1.21128e-05 0.000110553 1.21128e-05 4.34452e-05)
(0.000213208 4.68381e-05 0.00011661 4.68381e-05 0.000268135 3.99165e-05 0.00011661 3.99165e-05 9.17117e-05)
(0.00038053 0.000141826 0.00022985 0.000141826 0.000438649 0.000178437 0.00022985 0.000178437 0.000388248)
(0.000640582 0.000277018 0.000413503 0.000277018 0.000564142 0.000332463 0.000413503 0.000332463 0.000899175)
(0.000711792 0.000280582 0.000423862 0.000280582 0.000433167 0.000268314 0.000423862 0.000268314 0.00102065)
(0.000524323 0.000184869 0.000275435 0.000184869 0.000263018 0.000105131 0.000275435 0.000105131 0.00064623)
(0.00026627 6.36373e-05 0.000141692 6.36373e-05 0.000152565 8.80286e-06 0.000141692 8.80286e-06 0.000165046)
(0.000148508 1.23922e-05 0.000117458 1.23922e-05 0.000112364 3.80818e-06 0.000117458 3.80818e-06 4.25466e-05)
(0.000261986 1.74809e-05 0.000124151 1.74809e-05 0.0002657 -5.63702e-05 0.000124151 -5.63702e-05 3.09152e-05)
(0.000282204 1.48546e-06 0.000116035 1.48546e-06 0.000284152 -7.34376e-05 0.000116035 -7.34376e-05 4.8304e-05)
(0.000301031 -7.69831e-06 0.000125382 -7.69831e-06 0.000303916 -8.02474e-05 0.000125382 -8.02474e-05 6.70743e-05)
(0.00025309 -2.74889e-05 0.000140592 -2.74889e-05 0.000261401 -3.95067e-05 0.000140592 -3.95067e-05 2.38875e-05)
(0.00022458 -2.32803e-05 0.0001534 -2.32803e-05 0.000242899 -1.24704e-06 0.0001534 -1.24704e-06 1.98503e-05)
(0.000223841 -1.03805e-05 0.00015135 -1.03805e-05 0.000264072 -9.59262e-06 0.00015135 -9.59262e-06 1.70958e-05)
(0.000274018 -1.21258e-05 0.000139854 -1.21258e-05 0.000347056 -5.11808e-05 0.000139854 -5.11808e-05 1.69037e-05)
(0.000388476 -3.48706e-05 0.000112345 -3.48706e-05 0.000475351 -0.000143942 0.000112345 -0.000143942 6.91567e-05)
(0.000501947 -9.4383e-05 0.00011558 -9.4383e-05 0.000685425 -0.0002366 0.00011558 -0.0002366 0.000106454)
(0.00050062 -0.000134929 0.000154939 -0.000134929 0.00085141 -0.000198965 0.000154939 -0.000198965 6.65859e-05)
(0.000418873 -0.000108469 0.00017903 -0.000108469 0.00099449 2.89893e-05 0.00017903 2.89893e-05 8.68514e-05)
(0.000411082 -5.16698e-06 0.000101532 -5.16698e-06 0.00111562 0.000402193 0.000101532 0.000402193 0.000381703)
(0.000555455 0.000104457 2.17818e-05 0.000104457 0.00145647 0.00078199 2.17818e-05 0.00078199 0.000849272)
(0.000614965 6.05136e-05 2.80598e-05 6.05136e-05 0.00150883 0.000870178 2.80598e-05 0.000870178 0.00100122)
(0.000508155 -1.83815e-05 0.000145411 -1.83815e-05 0.00111422 0.000614607 0.000145411 0.000614607 0.000738074)
(0.0003561 -6.92811e-05 0.000211047 -6.92811e-05 0.000650432 0.000273252 0.000211047 0.000273252 0.000359641)
(0.000253113 -7.19968e-05 0.00016355 -7.19968e-05 0.000382986 5.29196e-05 0.00016355 5.29196e-05 0.00011257)
(0.000258678 -6.82911e-05 0.000116232 -6.82911e-05 0.000360048 -2.17576e-05 0.000116232 -2.17576e-05 5.61809e-05)
(0.000294858 -0.000133266 0.000108783 -0.000133266 0.000436947 -3.59435e-05 0.000108783 -3.59435e-05 4.00513e-05)
(0.000336067 -0.00021587 0.000106949 -0.00021587 0.000625255 1.49924e-05 0.000106949 1.49924e-05 3.36108e-05)
(0.000362693 -0.000194996 0.000109653 -0.000194996 0.000857559 6.52457e-05 0.000109653 6.52457e-05 6.67108e-05)
(0.000328593 -0.000103294 0.000165033 -0.000103294 0.000730116 -4.94029e-05 0.000165033 -4.94029e-05 4.1515e-05)
(0.000294824 1.23177e-05 0.000191573 1.23177e-05 0.000447809 -0.000165696 0.000191573 -0.000165696 8.26867e-05)
(0.000315359 6.29751e-05 0.000191893 6.29751e-05 0.000311762 -0.000160074 0.000191893 -0.000160074 0.000167022)
(0.000301902 2.66237e-05 0.000195296 2.66237e-05 0.000232383 -8.70721e-05 0.000195296 -8.70721e-05 0.000174628)
(0.000254072 -4.85592e-06 0.000174944 -4.85592e-06 0.000170216 -1.08983e-05 0.000174944 -1.08983e-05 0.000142255)
(0.000295597 8.0687e-05 0.000124048 8.0687e-05 0.000252271 1.62022e-05 0.000124048 1.62022e-05 0.000176065)
(0.000362682 0.00024652 7.01388e-05 0.00024652 0.000540218 1.2978e-05 7.01388e-05 1.2978e-05 0.000220778)
(0.000264974 0.000230331 5.22006e-06 0.000230331 0.000641537 -3.68729e-05 5.22006e-06 -3.68729e-05 0.000164275)
(0.000132455 6.95093e-05 1.2368e-05 6.95093e-05 0.000344544 -8.62479e-05 1.2368e-05 -8.62479e-05 7.16437e-05)
(9.58528e-05 2.14083e-05 8.67201e-05 2.14083e-05 0.000140833 -4.09661e-05 8.67201e-05 -4.09661e-05 6.94159e-05)
(0.000109819 -1.61771e-05 9.80208e-05 -1.61771e-05 0.000119854 2.4681e-05 9.80208e-05 2.4681e-05 0.00011559)
(0.000139646 -6.32545e-05 4.59729e-05 -6.32545e-05 0.000116764 3.37139e-05 4.59729e-05 3.37139e-05 0.000138645)
(0.00021595 -6.37481e-05 8.88202e-06 -6.37481e-05 0.000139946 3.94862e-05 8.88202e-06 3.94862e-05 0.000176803)
(0.000257289 -2.68221e-05 5.95301e-05 -2.68221e-05 0.000142658 6.81859e-05 5.95301e-05 6.81859e-05 0.000147638)
(0.000252411 1.3914e-05 0.000147605 1.3914e-05 8.68942e-05 6.71865e-05 0.000147605 6.71865e-05 0.00012001)
(0.000280763 8.17068e-05 0.000172613 8.17068e-05 8.89023e-05 -3.4485e-05 0.000172613 -3.4485e-05 0.000180103)
(0.000311415 0.000123773 0.000153294 0.000123773 0.000170702 -0.000143426 0.000153294 -0.000143426 0.000227082)
(0.000293546 0.000110821 0.000141853 0.000110821 0.000250526 -0.000141161 0.000141853 -0.000141161 0.000138299)
(0.00027129 6.55092e-05 0.000135631 6.55092e-05 0.000270678 -8.30749e-05 0.000135631 -8.30749e-05 5.66253e-05)
(0.000310693 -8.37278e-05 0.000168002 -8.37278e-05 0.000509973 4.74947e-05 0.000168002 4.74947e-05 0.000108375)
(0.000366121 -0.000106097 0.000163034 -0.000106097 0.000515426 -4.03635e-05 0.000163034 -4.03635e-05 9.56336e-05)
(0.000366117 -6.6286e-05 0.000173104 -6.6286e-05 0.00039415 -5.70863e-05 0.000173104 -5.70863e-05 0.000120281)
(0.000288618 -1.32984e-05 0.000172693 -1.32984e-05 0.000238395 -6.75116e-06 0.000172693 -6.75116e-06 0.000129166)
(0.000242864 1.62125e-05 0.000159912 1.62125e-05 0.000190078 -5.11296e-07 0.000159912 -5.11296e-07 0.000111337)
(0.000281908 3.11108e-05 0.00016431 3.11108e-05 0.000289219 -3.91379e-05 0.00016431 -3.91379e-05 8.22312e-05)
(0.000440135 6.11786e-05 0.000171506 6.11786e-05 0.00068966 -9.53237e-05 0.000171506 -9.53237e-05 0.000133166)
(0.000626106 9.58471e-05 0.000155343 9.58471e-05 0.00127056 -0.000219647 0.000155343 -0.000219647 0.000266309)
(0.000663371 2.22931e-05 0.000170249 2.22931e-05 0.00150723 -0.000266764 0.000170249 -0.000266764 0.000321643)
(0.000546815 -0.000118067 0.000209909 -0.000118067 0.00144827 -7.99093e-05 0.000209909 -7.99093e-05 0.000258345)
(0.000428363 -0.000203596 0.000142085 -0.000203596 0.00120428 0.000272649 0.000142085 0.000272649 0.000349415)
(0.000478025 -0.000123015 4.69051e-05 -0.000123015 0.00112707 0.000598897 4.69051e-05 0.000598897 0.000747219)
(0.000527554 -8.18819e-06 0.000163328 -8.18819e-06 0.00103594 0.000584629 0.000163328 0.000584629 0.000811085)
(0.000375717 -3.77866e-05 0.000219379 -3.77866e-05 0.000687345 0.000231213 0.000219379 0.000231213 0.000363262)
(0.000333482 -4.2351e-05 0.000156948 -4.2351e-05 0.000570981 -3.41218e-05 0.000156948 -3.41218e-05 0.000178003)
(0.000432625 -6.25849e-05 0.000159651 -6.25849e-05 0.00073403 -0.000146406 0.000159651 -0.000146406 0.000242218)
(0.000464434 -0.000179326 0.000168247 -0.000179326 0.00115229 -0.000131797 0.000168247 -0.000131797 0.000236322)
(0.000454631 -0.000188267 0.000164157 -0.000188267 0.00174899 3.60003e-05 0.000164157 3.60003e-05 0.000255623)
(0.000496327 -5.17964e-05 0.000191312 -5.17964e-05 0.0021694 0.000120168 0.000191312 0.000120168 0.000287676)
(0.000592885 2.09166e-05 0.000241786 2.09166e-05 0.00245997 -7.65547e-05 0.000241786 -7.65547e-05 0.000341851)
(0.000725902 -0.000129977 0.000229077 -0.000129977 0.00240481 -0.000585363 0.000229077 -0.000585363 0.000490551)
(0.00102046 -0.000303896 0.000150335 -0.000303896 0.00201717 -0.000911444 0.000150335 -0.000911444 0.000726378)
(0.00114935 -0.000232277 8.31177e-05 -0.000232277 0.00143731 -0.000805617 8.31177e-05 -0.000805617 0.000823759)
(0.000892781 -7.2524e-05 0.00012334 -7.2524e-05 0.000830397 -0.000449867 0.00012334 -0.000449867 0.000632679)
(0.000584034 -3.25087e-05 0.00022028 -3.25087e-05 0.000454164 -0.00014898 0.00022028 -0.00014898 0.000331974)
(0.000469679 -1.51917e-05 0.000251263 -1.51917e-05 0.000263342 -4.04371e-05 0.000251263 -4.04371e-05 0.000206883)
(0.000474414 -1.74148e-05 0.000272544 -1.74148e-05 0.00016036 -5.46845e-05 0.000272544 -5.46845e-05 0.000194792)
(0.000408836 -1.25431e-05 0.000276033 -1.25431e-05 0.00011338 -9.69544e-05 0.000276033 -9.69544e-05 0.000148197)
(0.00031197 6.75675e-05 0.00016886 6.75675e-05 0.000133598 -0.000107122 0.00016886 -0.000107122 0.000119267)
(0.00036192 0.000148144 2.8885e-05 0.000148144 0.000217167 -0.000105749 2.8885e-05 -0.000105749 0.000168767)
(0.000442888 0.00015916 -1.74334e-05 0.00015916 0.000293133 -0.00012936 -1.74334e-05 -0.00012936 0.000233622)
(0.000462877 8.31075e-05 5.19026e-05 8.31075e-05 0.000355522 -0.000177655 5.19026e-05 -0.000177655 0.000229516)
(0.000531501 -4.11132e-05 0.000156499 -4.11132e-05 0.00047924 -0.000177833 0.000156499 -0.000177833 0.000175058)
(0.000529721 -9.32021e-05 0.000194475 -9.32021e-05 0.000554071 -7.4802e-05 0.000194475 -7.4802e-05 0.000124967)
(0.000391371 -9.03942e-06 0.000158602 -9.03942e-06 0.000480875 1.96248e-05 0.000158602 1.96248e-05 0.000111892)
(0.000292343 0.000121079 0.000149181 0.000121079 0.000508147 4.97596e-05 0.000149181 4.97596e-05 0.000132299)
(0.000279705 0.000188097 0.000173341 0.000188097 0.000579457 6.67842e-05 0.000173341 6.67842e-05 0.000148258)
(0.000280208 0.000159588 0.000184858 0.000159588 0.00055351 0.000100449 0.000184858 0.000100449 0.000162629)
(0.000281643 8.0592e-05 0.000187609 8.0592e-05 0.00051377 0.000138913 0.000187609 0.000138913 0.000197299)
(0.000283161 -1.65598e-05 0.000181567 -1.65598e-05 0.00048636 0.00011896 0.000181567 0.00011896 0.00015951)
(0.00040159 -9.32161e-06 0.000126753 -9.32161e-06 0.000448577 -0.000149751 0.000126753 -0.000149751 0.000168398)
(0.000423123 -4.60902e-05 0.000160089 -4.60902e-05 0.000374678 -0.000139433 0.000160089 -0.000139433 0.000226239)
(0.000541934 8.00835e-05 0.000331158 8.00835e-05 0.000327825 1.71596e-05 0.000331158 1.71596e-05 0.000471837)
(0.000479982 0.000156667 0.000318564 0.000156667 0.000394589 0.000106727 0.000318564 0.000106727 0.000446634)
(0.000245865 5.70081e-05 0.000128027 5.70081e-05 0.000193786 -7.56327e-06 0.000128027 -7.56327e-06 0.000119788)
(0.000484627 0.00018202 0.000202136 0.00018202 0.000523241 -9.57306e-06 0.000202136 -9.57306e-06 0.000185999)
(0.000710835 0.000307147 0.000196759 0.000307147 0.00111767 -8.33254e-05 0.000196759 -8.33254e-05 0.000346798)
(0.000705811 0.000169363 7.24318e-05 0.000169363 0.00110318 -0.000310857 7.24318e-05 -0.000310857 0.000428886)
(0.000594913 4.82406e-05 9.13069e-05 4.82406e-05 0.0007247 -0.000261429 9.13069e-05 -0.000261429 0.000420278)
(0.000398124 4.5402e-06 0.000133496 4.5402e-06 0.000480369 -9.55332e-05 0.000133496 -9.55332e-05 0.000248805)
(0.00022828 5.6725e-05 2.26283e-05 5.6725e-05 0.000373044 -4.39109e-05 2.26283e-05 -4.39109e-05 0.000179579)
(0.000220977 0.000132381 -8.86358e-05 0.000132381 0.000457449 -0.00019704 -8.86358e-05 -0.00019704 0.000481625)
(0.000292152 0.000155598 -7.79452e-05 0.000155598 0.000830372 -0.000376116 -7.79452e-05 -0.000376116 0.000564499)
(0.000385633 0.000200527 0.000113953 0.000200527 0.00160457 -3.50857e-05 0.000113953 -3.50857e-05 0.000515667)
(0.000675128 0.00026492 0.00030084 0.00026492 0.00209588 0.000570928 0.00030084 0.000570928 0.000761683)
(0.000857545 0.000119369 0.000214856 0.000119369 0.0013261 0.000525123 0.000214856 0.000525123 0.000984712)
(0.000777706 0.000254258 7.86716e-05 0.000254258 0.000625585 4.1821e-05 7.86716e-05 4.1821e-05 0.000762885)
(0.000750054 0.000272319 8.62489e-05 0.000272319 0.000872176 -0.000186515 8.62489e-05 -0.000186515 0.00057637)
(0.000732899 3.33404e-05 0.00015055 3.33404e-05 0.00136913 -0.00022565 0.00015055 -0.00022565 0.000479818)
(0.000758248 -0.000139439 0.000162667 -0.000139439 0.00122975 -0.00033025 0.000162667 -0.00033025 0.000434346)
(0.000854286 -7.46166e-05 0.000195403 -7.46166e-05 0.000908479 -0.000345343 0.000195403 -0.000345343 0.000600467)
(0.000930971 3.20114e-05 0.000269182 3.20114e-05 0.000840858 -0.000257583 0.000269182 -0.000257583 0.000765731)
(0.000928775 8.64789e-05 0.000281991 8.64789e-05 0.00081369 -0.000225019 0.000281991 -0.000225019 0.000781437)
(0.000762991 0.000105282 0.000268072 0.000105282 0.000639442 -0.000142186 0.000268072 -0.000142186 0.000605469)
(0.000508565 6.44354e-05 0.000226533 6.44354e-05 0.000389327 -6.48983e-05 0.000226533 -6.48983e-05 0.000340123)
(0.000371507 -2.64337e-05 0.00020119 -2.64337e-05 0.000272288 -0.000103874 0.00020119 -0.000103874 0.000189119)
(0.000422962 -0.000192115 0.000228679 -0.000192115 0.000555771 -0.000240684 0.000228679 -0.000240684 0.000132986)
(0.000620033 -0.000331918 0.000267858 -0.000331918 0.0010641 -0.000395774 0.000267858 -0.000395774 0.000188345)
(0.000729781 -0.000216699 0.000183278 -0.000216699 0.0010335 -0.000402413 0.000183278 -0.000402413 0.000222732)
(0.000639227 3.25134e-05 4.03952e-05 3.25134e-05 0.000804102 -0.00029913 4.03952e-05 -0.00029913 0.000255297)
(0.000580973 0.000164866 -2.07433e-05 0.000164866 0.000608448 -0.000233028 -2.07433e-05 -0.000233028 0.000294876)
(0.000540515 0.000146727 4.32767e-05 0.000146727 0.000504561 -0.000181836 4.32767e-05 -0.000181836 0.000256497)
(0.000407806 9.75654e-06 0.000153954 9.75654e-06 0.000468155 -0.00012489 0.000153954 -0.00012489 0.000164347)
(0.000303721 -0.000127664 0.000127498 -0.000127664 0.000488341 -4.80972e-05 0.000127498 -4.80972e-05 0.000115227)
(0.000293614 -9.05562e-05 5.18356e-05 -9.05562e-05 0.000579251 6.80787e-05 5.18356e-05 6.80787e-05 0.000160334)
(0.000263819 3.97023e-05 9.08636e-05 3.97023e-05 0.00051631 0.000154098 9.08636e-05 0.000154098 0.000182314)
(0.000204111 7.29067e-05 0.00014478 7.29067e-05 0.000335608 7.90572e-05 0.00014478 7.90572e-05 0.000136483)
(0.000210723 3.12533e-05 0.00013981 3.12533e-05 0.000297749 3.95533e-06 0.00013981 3.95533e-06 6.76765e-05)
(0.000273188 1.39773e-05 0.000127248 1.39773e-05 0.000279376 -2.51131e-05 0.000127248 -2.51131e-05 9.14936e-05)
(0.000357972 1.96323e-05 0.000126862 1.96323e-05 0.000355977 -0.000107631 0.000126862 -0.000107631 0.000147282)
(0.000321442 1.67871e-05 0.000142994 1.67871e-05 0.000448616 5.98338e-05 0.000142994 5.98338e-05 0.000290371)
(0.000457041 0.000229896 0.000201896 0.000229896 0.000518499 0.000101473 0.000201896 0.000101473 0.000410457)
(0.000504598 0.000269328 0.000203924 0.000269328 0.000403491 5.55115e-05 0.000203924 5.55115e-05 0.000378182)
(0.00017855 2.94037e-05 8.86722e-05 2.94037e-05 0.000164412 -2.94838e-05 8.86722e-05 -2.94838e-05 5.38049e-05)
(0.000431539 9.44976e-05 0.000252916 9.44976e-05 0.000356726 6.88601e-05 0.000252916 6.88601e-05 0.000192154)
(0.000685738 0.000153803 0.000278288 0.000153803 0.000487677 4.56218e-05 0.000278288 4.56218e-05 0.000323995)
(0.000490207 3.76357e-05 0.000120974 3.76357e-05 0.000422097 -3.10503e-06 0.000120974 -3.10503e-06 0.000306179)
(0.000509715 0.000160051 0.000192458 0.000160051 0.000680592 0.000116872 0.000192458 0.000116872 0.000513478)
(0.000563225 0.000387914 0.000157675 0.000387914 0.000926498 8.3453e-05 0.000157675 8.3453e-05 0.00066992)
(0.000511469 0.000485969 -7.63172e-05 0.000485969 0.00093423 -0.000167471 -7.63172e-05 -0.000167471 0.000670012)
(0.000474304 0.000493082 -0.000268064 0.000493082 0.00102511 -0.00040219 -0.000268064 -0.00040219 0.000685126)
(0.000467759 0.00046439 -0.000206945 0.00046439 0.00110967 -0.00038971 -0.000206945 -0.00038971 0.000551008)
(0.00049781 0.000513178 6.38124e-05 0.000513178 0.00137081 -6.03767e-05 6.38124e-05 -6.03767e-05 0.000406807)
(0.000436177 0.000367724 0.000193268 0.000367724 0.00128443 0.000142955 0.000193268 0.000142955 0.000391236)
(0.000313016 -3.68785e-05 0.000109289 -3.68785e-05 0.000740419 6.85873e-05 0.000109289 6.85873e-05 0.000213739)
(0.000441045 -0.000232118 9.85377e-05 -0.000232118 0.000648766 -1.01021e-05 9.85377e-05 -1.01021e-05 0.000194397)
(0.000648734 -0.000246682 0.000127351 -0.000246682 0.000878704 -2.21236e-05 0.000127351 -2.21236e-05 0.000331305)
(0.000706055 -3.10978e-05 0.000104379 -3.10978e-05 0.00101849 2.53096e-05 0.000104379 2.53096e-05 0.000485566)
(0.000685547 0.000221547 0.000107205 0.000221547 0.00113335 7.01426e-05 0.000107205 7.01426e-05 0.000566562)
(0.000777762 0.000445826 0.000221862 0.000445826 0.00124165 0.000208796 0.000221862 0.000208796 0.000723802)
(0.0010228 0.000599637 0.000477785 0.000599637 0.0012477 0.000351473 0.000477785 0.000351473 0.00111438)
(0.00117179 0.000614619 0.000631679 0.000614619 0.00108834 0.000346183 0.000631679 0.000346183 0.00137968)
(0.00100042 0.000461739 0.00056118 0.000461739 0.000794481 0.000201564 0.00056118 0.000201564 0.00112724)
(0.000478949 0.000137264 0.000232019 0.000137264 0.000418619 -8.44151e-06 0.000232019 -8.44151e-06 0.000356592)
(0.000207069 -9.35867e-05 2.15052e-05 -9.35867e-05 0.000317746 2.56635e-05 2.15052e-05 2.56635e-05 0.0002185)
(0.000345336 9.78447e-06 2.83485e-05 9.78447e-06 0.000645699 0.00027271 2.83485e-05 0.00027271 0.000661996)
(0.000279422 -3.16277e-05 9.48031e-05 -3.16277e-05 0.000515486 0.000146789 9.48031e-05 0.000146789 0.000379438)
(0.000300628 -0.000184931 0.000120581 -0.000184931 0.000426601 -2.18647e-05 0.000120581 -2.18647e-05 2.55131e-05)
(0.000591953 -0.000342627 0.000147426 -0.000342627 0.000929957 -0.000201028 0.000147426 -0.000201028 0.000103881)
(0.000748672 -0.00027274 0.000180652 -0.00027274 0.00226945 -1.83294e-05 0.000180652 -1.83294e-05 0.000305282)
(0.000683967 -3.04719e-05 0.000173655 -3.04719e-05 0.0024263 0.000525761 0.000173655 0.000525761 0.0006591)
(0.000561822 -9.83356e-05 0.000184113 -9.83356e-05 0.00124623 0.000595802 0.000184113 0.000595802 0.000956508)
(0.000292492 -0.000163075 0.00011397 -0.000163075 0.000322899 0.000221374 0.00011397 0.000221374 0.00085998)
(0.000159841 3.38461e-05 -6.09076e-05 3.38461e-05 0.000283222 -0.000163769 -6.09076e-05 -0.000163769 0.000561064)
(0.000147145 8.9569e-05 -5.1952e-05 8.9569e-05 0.000347888 -0.000139927 -5.1952e-05 -0.000139927 0.000283654)
(0.000144447 3.59723e-05 -8.90251e-06 3.59723e-05 0.000264422 -2.00728e-05 -8.90251e-06 -2.00728e-05 0.000210691)
(0.00014255 1.9744e-05 2.13124e-05 1.9744e-05 0.000258242 4.71845e-05 2.13124e-05 4.71845e-05 0.000241044)
(0.000187757 5.5328e-05 0.000156891 5.5328e-05 0.000299038 5.10281e-05 0.000156891 5.10281e-05 0.000260678)
(0.000322417 -1.02017e-05 0.000246234 -1.02017e-05 0.000278575 1.16602e-06 0.000246234 1.16602e-06 0.000199068)
(0.000334225 -9.422e-05 0.0001593 -9.422e-05 0.000303394 2.34041e-06 0.0001593 2.34041e-06 0.000182623)
(0.000465641 0.000109053 0.000239981 0.000109053 0.000518676 0.000184041 0.000239981 0.000184041 0.000505669)
(0.000239359 -9.50573e-05 0.000114532 -9.50573e-05 0.000257863 3.96334e-05 0.000114532 3.96334e-05 0.0001231)
(0.000480611 -0.000273191 -0.000120088 -0.000273191 0.00113408 0.000694722 -0.000120088 0.000694722 0.000822213)
(0.000828823 -2.45972e-05 2.48579e-05 -2.45972e-05 0.00205481 0.00109771 2.48579e-05 0.00109771 0.0014259)
(0.000650105 0.000177172 0.00036682 0.000177172 0.00104651 0.000361044 0.00036682 0.000361044 0.000595018)
(0.000459253 3.69884e-05 6.16591e-05 3.69884e-05 0.000337089 3.87207e-05 6.16591e-05 3.87207e-05 0.000304334)
(0.000920071 0.000364326 0.00047159 0.000364326 0.00186622 0.000881718 0.00047159 0.000881718 0.00139293)
(0.000834011 0.000768091 0.000393897 0.000768091 0.00313936 0.000619519 0.000393897 0.000619519 0.000883235)
(0.000213611 0.000511348 -0.000127605 0.000511348 0.00248843 -0.000665213 -0.000127605 -0.000665213 0.000988094)
(0.000402416 0.000339568 -0.00039429 0.000339568 0.00135413 -0.00104902 -0.00039429 -0.00104902 0.00164013)
(0.000450527 0.00041764 -0.000353834 0.00041764 0.000960154 -0.000567993 -0.000353834 -0.000567993 0.000889748)
(0.000608407 0.000472687 0.000209961 0.000472687 0.000801853 0.000124165 0.000209961 0.000124165 0.000449957)
(0.000568901 0.000242705 0.000423571 0.000242705 0.000282093 0.000129774 0.000423571 0.000129774 0.000750176)
(0.000351195 -4.84008e-05 0.000225393 -4.84008e-05 0.000350041 -0.000239896 0.000225393 -0.000239896 0.000234196)
(0.000478793 0.000206648 0.000299549 0.000206648 0.00130852 5.63739e-05 0.000299549 5.63739e-05 0.000375501)
(0.000532121 0.000255026 0.00027247 0.000255026 0.000987345 0.000246122 0.00027247 0.000246122 0.000512199)
(0.000353391 1.9257e-05 0.00022223 1.9257e-05 0.000312246 -4.59328e-06 0.00022223 -4.59328e-06 0.000281806)
(0.000377578 -3.80147e-05 0.000156062 -3.80147e-05 0.000450043 -1.70944e-05 0.000156062 -1.70944e-05 0.000339832)
(0.000462893 0.00011401 0.00013374 0.00011401 0.000968135 3.83751e-05 0.00013374 3.83751e-05 0.000507429)
(0.000741932 0.000404729 0.000273893 0.000404729 0.00146665 0.000323995 0.000273893 0.000323995 0.000718817)
(0.00112048 0.000563383 0.000567287 0.000563383 0.00126722 0.000529522 0.000567287 0.000529522 0.0013906)
(0.00123165 0.00039906 0.000694478 0.00039906 0.000599343 0.000102658 0.000694478 0.000102658 0.00182389)
(0.000629537 -1.67796e-05 0.000480993 -1.67796e-05 0.000742298 -0.000451259 0.000480993 -0.000451259 0.000906971)
(0.000305674 0.000232251 4.174e-05 0.000232251 0.00199023 0.000274162 4.174e-05 0.000274162 0.001365)
(0.000810194 0.000307621 -0.000523718 0.000307621 0.00257071 0.00117895 -0.000523718 0.00117895 0.00259798)
(0.000512562 -7.9684e-06 -0.000142833 -7.9684e-06 0.000847055 0.000331603 -0.000142833 0.000331603 0.00113033)
(0.00046319 9.11597e-05 0.000203537 9.11597e-05 0.000404422 -3.13576e-06 0.000203537 -3.13576e-06 0.000270219)
(0.000742705 0.000131609 0.000187092 0.000131609 0.000391055 -0.000248647 0.000187092 -0.000248647 0.00112577)
(0.000670354 0.000277496 0.000139226 0.000277496 0.00165222 -0.000449593 0.000139226 -0.000449593 0.000442788)
(0.000803388 0.000491821 4.51095e-05 0.000491821 0.00384997 0.00107039 4.51095e-05 0.00107039 0.0014097)
(0.00107485 1.86209e-05 -0.000744359 1.86209e-05 0.00386289 0.00193958 -0.000744359 0.00193958 0.00273389)
(0.000862751 -0.000576041 -0.00094373 -0.000576041 0.00220946 0.00167696 -0.00094373 0.00167696 0.00278075)
(0.000618258 -0.000646077 -0.000747357 -0.000646077 0.000608058 0.000800522 -0.000747357 0.000800522 0.00231874)
(0.000241031 0.000117185 -0.000360266 0.000117185 0.00032371 -0.000176801 -0.000360266 -0.000176801 0.000919815)
(0.000189634 0.000215509 -1.02865e-05 0.000215509 0.000687472 -0.000126769 -1.02865e-05 -0.000126769 0.000202008)
(0.000254398 0.00014188 0.00012787 0.00014188 0.000613952 4.79249e-05 0.00012787 4.79249e-05 0.000294397)
(0.000404841 0.000139684 0.000161204 0.000139684 0.000723224 0.000259386 0.000161204 0.000259386 0.000525555)
(0.000354693 5.6806e-05 0.000201188 5.6806e-05 0.000608412 0.000196305 0.000201188 0.000196305 0.000296155)
(0.000268742 -3.54545e-05 0.000127724 -3.54545e-05 0.000248567 3.15066e-06 0.000127724 3.15066e-06 8.59104e-05)
(0.000538243 0.000108272 0.000240183 0.000108272 0.000904907 0.000370049 0.000240183 0.000370049 0.000676283)
(0.000719438 0.000397641 0.000339296 0.000397641 0.00105215 0.000250483 0.000339296 0.000250483 0.000442712)
(0.000723225 0.000448016 5.06612e-05 0.000448016 0.00257181 0.0011009 5.06612e-05 0.0011009 0.00134542)
(0.000547443 -8.03042e-05 -0.00020258 -8.03042e-05 0.00239565 0.00109654 -0.00020258 0.00109654 0.00138536)
(0.000609278 -0.000340326 -1.85985e-05 -0.000340326 0.00273793 0.000726271 -1.85985e-05 0.000726271 0.000815743)
(0.000808881 -0.000400085 0.000149754 -0.000400085 0.00298762 0.000422812 0.000149754 0.000422812 0.000642882)
(0.000532977 -0.000300601 9.05162e-05 -0.000300601 0.000847643 0.000261238 9.05162e-05 0.000261238 0.000438255)
(0.000288767 0.000108159 -0.000171939 0.000108159 0.000290694 -0.000117817 -0.000171939 -0.000117817 0.000465099)
(0.000144284 0.000203106 1.6056e-06 0.000203106 0.00103493 -0.000331457 1.6056e-06 -0.000331457 0.000529999)
(8.64974e-05 9.44994e-05 0.000242263 9.44994e-05 0.001176 -0.000535809 0.000242263 -0.000535809 0.000883255)
(0.000148108 0.000180027 4.65214e-05 0.000180027 0.00113073 -0.000883277 4.65214e-05 -0.000883277 0.0013685)
(0.000306241 0.00034887 -0.000366669 0.00034887 0.000937285 -0.000550398 -0.000366669 -0.000550398 0.000914531)
(0.000271281 1.47251e-05 -2.44994e-05 1.47251e-05 0.000173316 1.43591e-05 -2.44994e-05 1.43591e-05 0.000404727)
(0.000656247 0.000222552 0.000367206 0.000222552 0.000890173 0.000319463 0.000367206 0.000319463 0.000557341)
(0.000942864 0.000691433 0.000449929 0.000691433 0.00270888 0.000590078 0.000449929 0.000590078 0.000925181)
(0.000838148 0.000390653 0.00039825 0.000390653 0.0034489 0.00029156 0.00039825 0.00029156 0.000768726)
(0.000627502 0.00013572 0.000318147 0.00013572 0.00265931 1.12876e-06 0.000318147 1.12876e-06 0.000408125)
(0.000425165 7.99363e-05 0.000220224 7.99363e-05 0.00110112 -4.25708e-05 0.000220224 -4.25708e-05 0.000232064)
(0.000219259 1.13789e-05 0.000108338 1.13789e-05 0.000379766 -9.19793e-05 0.000108338 -9.19793e-05 0.000316276)
(0.000378079 0.000225895 -2.31434e-06 0.000225895 0.000815605 -0.000195258 -2.31434e-06 -0.000195258 0.000527286)
(0.000401119 0.000152582 0.000193132 0.000152582 0.000419415 -9.40077e-06 0.000193132 -9.40077e-06 0.00045888)
(0.000617692 0.000143765 0.000231989 0.000143765 0.000586293 -0.000292988 0.000231989 -0.000292988 0.00076102)
(0.000761149 0.000342647 0.000321373 0.000342647 0.00138874 -0.000364683 0.000321373 -0.000364683 0.000810601)
(0.000751991 0.000341483 5.77262e-05 0.000341483 0.00258172 0.00098285 5.77262e-05 0.00098285 0.00160299)
(0.000931687 -0.00031737 -0.000569844 -0.00031737 0.00139966 0.00109152 -0.000569844 0.00109152 0.00255796)
(0.000908613 0.000426966 -0.000245571 0.000426966 0.000786296 -0.000229862 -0.000245571 -0.000229862 0.000633999)
(0.00180544 0.000952316 0.00103812 0.000952316 0.00157448 0.000735171 0.00103812 0.000735171 0.00225335)
(0.00201141 0.000219564 0.00021296 0.000219564 0.0014301 -0.000672612 0.00021296 -0.000672612 0.00315413)
(0.00156234 0.000514506 0.00026946 0.000514506 0.00507144 -0.000645273 0.00026946 -0.000645273 0.00118526)
(0.00162086 0.000309977 7.57286e-05 0.000309977 0.0044975 0.00145717 7.57286e-05 0.00145717 0.0018763)
(0.000994818 -0.000125863 -0.00027909 -0.000125863 0.00170312 0.00128704 -0.00027909 0.00128704 0.00260548)
(0.000811239 -0.000374115 -0.00040694 -0.000374115 0.00057972 0.000399002 -0.00040694 0.000399002 0.003112)
(0.000859662 -0.000368964 -0.000754041 -0.000368964 0.000502637 0.000100239 -0.000754041 0.000100239 0.00365416)
(0.000798281 -0.000338569 -0.00123538 -0.000338569 0.000538787 0.000236556 -0.00123538 0.000236556 0.0035241)
(0.000462087 -5.10523e-05 -0.000773326 -5.10523e-05 0.000567793 0.000161453 -0.000773326 0.000161453 0.00157604)
(0.000412474 0.000187884 -5.55003e-05 0.000187884 0.00107241 0.000286847 -5.55003e-05 0.000286847 0.000745544)
(0.000727383 0.000386043 7.21533e-05 0.000386043 0.00190933 0.000719256 7.21533e-05 0.000719256 0.0010795)
(0.000605836 0.000102313 7.07805e-05 0.000102313 0.00128013 0.000626089 7.07805e-05 0.000626089 0.000946845)
(0.000305834 -0.000138037 0.000139036 -0.000138037 0.000266365 0.000111766 0.000139036 0.000111766 0.000250741)
(0.0004619 3.71225e-05 0.000159527 3.71225e-05 0.000621758 3.98373e-05 0.000159527 3.98373e-05 0.000277516)
(0.000389644 -1.41952e-05 0.00010793 -1.41952e-05 0.00034707 1.5961e-05 0.00010793 1.5961e-05 0.000195503)
(0.00190567 0.000583929 -2.66591e-05 0.000583929 0.00407479 0.00190455 -2.66591e-05 0.00190455 0.00277582)
(0.000899824 3.12282e-05 -0.0006951 3.12282e-05 0.00265207 0.00171295 -0.0006951 0.00171295 0.00308132)
(0.000500202 -0.000189143 -0.000400006 -0.000189143 0.000797823 0.000647882 -0.000400006 0.000647882 0.00201205)
(0.000700547 7.05225e-05 0.00014264 7.05225e-05 0.00113947 0.000674224 0.00014264 0.000674224 0.00119631)
(0.000969413 -0.000130164 2.0531e-05 -0.000130164 0.00208682 0.000957216 2.0531e-05 0.000957216 0.00132405)
(0.000764771 -0.000507752 -0.000353219 -0.000507752 0.000660721 0.000520883 -0.000353219 0.000520883 0.0012229)
(0.000679049 3.91034e-05 -0.000520186 3.91034e-05 0.000621664 0.000116156 -0.000520186 0.000116156 0.00125311)
(0.000451562 0.000111043 -0.000185239 0.000111043 0.000920461 8.49701e-05 -0.000185239 8.49701e-05 0.000404338)
(0.000217596 -0.000112137 -2.77534e-06 -0.000112137 0.000822248 1.71149e-05 -2.77534e-06 1.71149e-05 0.000104641)
(0.000219925 -0.000130517 -0.00014584 -0.000130517 0.000834101 0.000391002 -0.00014584 0.000391002 0.000539532)
(0.000681891 -2.34768e-05 -0.000136253 -2.34768e-05 0.000834046 0.00078815 -0.000136253 0.00078815 0.00135224)
(0.00097503 0.000418227 0.000356955 0.000418227 0.00107877 0.000649184 0.000356955 0.000649184 0.00112661)
(0.000807297 0.000467307 0.00043161 0.000467307 0.00116064 0.000137337 0.00043161 0.000137337 0.000492537)
(0.000860808 0.000289893 0.000128012 0.000289893 0.0010182 -0.000243395 0.000128012 -0.000243395 0.000496496)
(0.00079706 0.000145377 0.000217255 0.000145377 0.0013109 -0.000191795 0.000217255 -0.000191795 0.000448039)
(0.000447061 -0.000194653 0.00020026 -0.000194653 0.00127662 0.000181487 0.00020026 0.000181487 0.000388068)
(0.000318613 -0.000279338 -4.1509e-06 -0.000279338 0.000647392 0.000177305 -4.1509e-06 0.000177305 0.000420696)
(0.000412092 0.000144667 2.93264e-05 0.000144667 0.000435811 -0.000118686 2.93264e-05 -0.000118686 0.000379822)
(0.000783605 0.000201906 0.000431884 0.000201906 0.000854448 0.000241967 0.000431884 0.000241967 0.000971548)
(0.00132281 0.000348144 0.000113289 0.000348144 0.000664039 7.87312e-05 0.000113289 7.87312e-05 0.00224289)
(0.0013157 0.000392631 4.80451e-05 0.000392631 0.000673082 -9.02954e-05 4.80451e-05 -9.02954e-05 0.00226275)
(0.00102157 0.000201237 0.000190241 0.000201237 0.00168925 0.000259737 0.000190241 0.000259737 0.000757699)
(0.000903273 0.000951106 7.38557e-05 0.000951106 0.0040853 -0.000336823 7.38557e-05 -0.000336823 0.00121448)
(0.00224924 0.00175927 0.00109166 0.00175927 0.00297787 0.000865041 0.00109166 0.000865041 0.00179055)
(0.00229127 0.000344056 0.000932926 0.000344056 0.00125013 -7.91382e-05 0.000932926 -7.91382e-05 0.00377637)
(0.00225841 0.00017982 -0.000225399 0.00017982 0.00475522 -0.00131968 -0.000225399 -0.00131968 0.00180205)
(0.00413926 0.000797369 0.000658117 0.000797369 0.00669807 0.000760478 0.000658117 0.000760478 0.00236866)
(0.00174429 -0.000118662 0.000166694 -0.000118662 0.00401879 0.00112289 0.000166694 0.00112289 0.00235443)
(0.000536077 -0.000497252 -0.000177971 -0.000497252 0.000851689 0.000535716 -0.000177971 0.000535716 0.00149928)
(0.000520415 3.67947e-05 -0.000529702 3.67947e-05 0.000413942 -6.99479e-05 -0.000529702 -6.99479e-05 0.00140829)
(0.000495414 0.00035579 -0.000507487 0.00035579 0.00079236 -0.000523067 -0.000507487 -0.000523067 0.00114541)
(0.000464248 0.000441249 -0.000354589 0.000441249 0.00117722 -0.000579329 -0.000354589 -0.000579329 0.000919619)
(0.000476489 0.000373671 -0.000235228 0.000373671 0.000931935 -0.000380037 -0.000235228 -0.000380037 0.000601641)
(0.000425997 -4.31538e-05 -0.000153922 -4.31538e-05 0.000878486 0.000373853 -0.000153922 0.000373853 0.000660133)
(0.00150808 0.000183158 -0.000223652 0.000183158 0.00292848 0.00174973 -0.000223652 0.00174973 0.00279401)
(0.00112458 0.000166154 -2.23266e-05 0.000166154 0.00224208 0.00129862 -2.23266e-05 0.00129862 0.00189112)
