/*--------------------------------*- C++ -*----------------------------------*\
  =========                 |
  \\      /  F ield         | OpenFOAM: The Open Source CFD Toolbox
   \\    /   O peration     | Website:  https://openfoam.org
    \\  /    A nd           | Version:  10
     \\/     M anipulation  |
\*---------------------------------------------------------------------------*/
FoamFile
{
    format      ascii;
    class       volTensorField;
    location    "42.5";
    object      TauNN;
}
// * * * * * * * * * * * * * * * * * * * * * * * * * * * * * * * * * * * * * //

dimensions      [0 2 -2 0 0 0 0];

internalField   nonuniform List<tensor> 
25600
(
(0.00143544 -0.0129806 -0.0151441 -0.0129806 0.000162633 -0.00815303 -0.0151441 -0.00815303 0.000114639)
(0.00148484 -0.0129789 -0.0151346 -0.0129789 0.000159275 -0.00815154 -0.0151346 -0.00815154 0.000115712)
(0.00148164 -0.0129783 -0.0151355 -0.0129783 0.000159366 -0.00815124 -0.0151355 -0.00815124 0.000115775)
(0.00148952 -0.0129801 -0.0151339 -0.0129801 0.000159387 -0.00815225 -0.0151339 -0.00815225 0.000115404)
(0.00150153 -0.0129788 -0.0151316 -0.0129788 0.000158394 -0.0081515 -0.0151316 -0.0081515 0.000115633)
(0.00148884 -0.0129758 -0.0151343 -0.0129758 0.000158195 -0.00814963 -0.0151343 -0.00814963 0.000116743)
(0.00146012 -0.012978 -0.0151415 -0.012978 0.000160878 -0.0081512 -0.0151415 -0.0081512 0.000116095)
(0.00147019 -0.0129777 -0.0151396 -0.0129777 0.000160248 -0.00815092 -0.0151396 -0.00815092 0.00011605)
(0.00145739 -0.012972 -0.01514 -0.012972 0.000159146 -0.00814775 -0.01514 -0.00814775 0.00011618)
(0.00147887 -0.0129692 -0.0151326 -0.0129692 0.000155497 -0.0081454 -0.0151326 -0.0081454 0.000119305)
(0.00147314 -0.0129742 -0.0151372 -0.0129742 0.000158406 -0.00814866 -0.0151372 -0.00814866 0.000117625)
(0.00141849 -0.0129761 -0.0151508 -0.0129761 0.000162889 -0.00815033 -0.0151508 -0.00815033 0.000117032)
(0.00143991 -0.012984 -0.0151407 -0.012984 0.000162497 -0.00815497 -0.0151407 -0.00815497 0.000114099)
(0.00147189 -0.0129788 -0.0151377 -0.0129788 0.000160337 -0.00815171 -0.0151377 -0.00815171 0.000114739)
(0.00147669 -0.0129764 -0.0151366 -0.0129764 0.000158982 -0.00814996 -0.0151366 -0.00814996 0.000116745)
(0.00147807 -0.0129822 -0.015136 -0.0129822 0.000160822 -0.00815381 -0.015136 -0.00815381 0.000113617)
(0.00148669 -0.0129782 -0.0151348 -0.0129782 0.000159149 -0.00815115 -0.0151348 -0.00815115 0.000115667)
(0.00148731 -0.0129781 -0.0151346 -0.0129781 0.000158997 -0.00815105 -0.0151346 -0.00815105 0.000115998)
(0.00147647 -0.0129753 -0.0151381 -0.0129753 0.000158909 -0.0081493 -0.0151381 -0.0081493 0.000117456)
(0.00148047 -0.0129768 -0.0151357 -0.0129768 0.000158877 -0.00815025 -0.0151357 -0.00815025 0.000116657)
(0.00148708 -0.0129795 -0.0151344 -0.0129795 0.000159437 -0.00815195 -0.0151344 -0.00815195 0.000115327)
(0.00149113 -0.0129779 -0.0151341 -0.0129779 0.000158718 -0.00815085 -0.0151341 -0.00815085 0.000116261)
(0.00146774 -0.0129762 -0.0151403 -0.0129762 0.000159966 -0.00815002 -0.0151403 -0.00815002 0.000116589)
(0.00145186 -0.0129783 -0.0151417 -0.0129783 0.000161222 -0.00815146 -0.0151417 -0.00815146 0.000115407)
(0.00147433 -0.0129785 -0.015136 -0.0129785 0.000159668 -0.00815141 -0.015136 -0.00815141 0.000115556)
(0.00148727 -0.0129792 -0.0151342 -0.0129792 0.000159288 -0.00815177 -0.0151342 -0.00815177 0.000115449)
(0.00149316 -0.012978 -0.0151338 -0.012978 0.000158647 -0.00815093 -0.0151338 -0.00815093 0.000116281)
(0.00146627 -0.0129776 -0.0151393 -0.0129776 0.000160253 -0.00815095 -0.0151393 -0.00815095 0.000115893)
(0.00149635 -0.0129791 -0.015133 -0.0129791 0.000158861 -0.00815168 -0.015133 -0.00815168 0.000115566)
(0.00142731 -0.0129748 -0.0151518 -0.0129748 0.000162941 -0.00814974 -0.0151518 -0.00814974 0.000116169)
(0.00145131 -0.0129695 -0.015143 -0.0129695 0.000158744 -0.00814606 -0.015143 -0.00814606 0.000118101)
(0.00144808 -0.0129728 -0.0151429 -0.0129728 0.000159739 -0.00814804 -0.0151429 -0.00814804 0.000117625)
(0.00148853 -0.0129801 -0.0151328 -0.0129801 0.000159245 -0.00815234 -0.0151328 -0.00815234 0.000115031)
(0.00150321 -0.01298 -0.0151312 -0.01298 0.000158852 -0.00815242 -0.0151312 -0.00815242 0.00011444)
(0.00146697 -0.0129739 -0.0151401 -0.0129739 0.000159361 -0.00814872 -0.0151401 -0.00814872 0.000116659)
(0.00145022 -0.0129753 -0.0151429 -0.0129753 0.000160594 -0.00814967 -0.0151429 -0.00814967 0.000116625)
(0.00148631 -0.0129781 -0.0151352 -0.0129781 0.000158948 -0.00815094 -0.0151352 -0.00815094 0.000116845)
(0.00149031 -0.0129792 -0.0151345 -0.0129792 0.000159351 -0.0081518 -0.0151345 -0.0081518 0.000115322)
(0.00144531 -0.0129723 -0.0151472 -0.0129723 0.000160662 -0.00814787 -0.0151472 -0.00814787 0.000117555)
(0.00146628 -0.0129801 -0.0151383 -0.0129801 0.000160683 -0.00815241 -0.0151383 -0.00815241 0.000115231)
(0.000146519 -0.0128349 -0.0154233 -0.0128349 0.000119674 -0.00814956 -0.0154233 -0.00814956 3.36488e-05)
(4.56934e-05 -0.012801 -0.0154344 -0.012801 3.38641e-05 -0.00811581 -0.0154344 -0.00811581 6.79239e-05)
(0.000125198 -0.0128281 -0.0154207 -0.0128281 0.000105985 -0.00814928 -0.0154207 -0.00814928 3.86494e-05)
(5.16085e-05 -0.012802 -0.0154352 -0.012802 3.55697e-05 -0.00811574 -0.0154352 -0.00811574 6.64496e-05)
(-0.000137261 -0.012826 -0.0154557 -0.012826 9.60426e-05 -0.00811036 -0.0154557 -0.00811036 7.78856e-05)
(1.08675e-05 -0.0127966 -0.0154371 -0.0127966 2.80591e-05 -0.00811741 -0.0154371 -0.00811741 6.29879e-05)
(0.000108656 -0.0128145 -0.0154242 -0.0128145 8.40883e-05 -0.00814355 -0.0154242 -0.00814355 3.60492e-05)
(0.000542968 -0.0128604 -0.0154388 -0.0128604 0.000116386 -0.00814307 -0.0154388 -0.00814307 2.96429e-05)
(0.000259989 -0.0128381 -0.0154097 -0.0128381 0.000132362 -0.00814453 -0.0154097 -0.00814453 5.72203e-05)
(0.000153227 -0.0128307 -0.0154183 -0.0128307 0.000123611 -0.00815294 -0.0154183 -0.00815294 4.29709e-05)
(5.38297e-05 -0.012797 -0.0154262 -0.012797 2.21418e-05 -0.00812717 -0.0154262 -0.00812717 4.87891e-05)
(0.000241741 -0.0128481 -0.0154319 -0.0128481 0.000135184 -0.00814824 -0.0154319 -0.00814824 2.84075e-05)
(3.27191e-05 -0.0127997 -0.0154386 -0.0127997 4.32669e-05 -0.00811322 -0.0154386 -0.00811322 6.82028e-05)
(0.000116041 -0.0128109 -0.0154204 -0.0128109 8.25067e-05 -0.00814868 -0.0154204 -0.00814868 5.32355e-05)
(0.000104931 -0.0128145 -0.0154184 -0.0128145 6.12761e-05 -0.00814434 -0.0154184 -0.00814434 5.97201e-05)
(-7.56243e-05 -0.0128376 -0.0154557 -0.0128376 9.90514e-05 -0.00810308 -0.0154557 -0.00810308 8.50227e-05)
(-2.07405e-05 -0.0128119 -0.0154533 -0.0128119 6.0802e-05 -0.00811065 -0.0154533 -0.00811065 7.0911e-05)
(-0.000140289 -0.0128304 -0.0154535 -0.0128304 9.99048e-05 -0.00811139 -0.0154535 -0.00811139 7.82358e-05)
(0.00037653 -0.0128501 -0.0154373 -0.0128501 0.000123326 -0.00814377 -0.0154373 -0.00814377 2.57766e-05)
(7.00549e-05 -0.0127987 -0.015422 -0.0127987 2.61197e-05 -0.00813161 -0.015422 -0.00813161 5.1213e-05)
(-2.90143e-06 -0.0128076 -0.0154481 -0.0128076 5.67739e-05 -0.00811005 -0.0154481 -0.00811005 7.3748e-05)
(8.12792e-05 -0.0127999 -0.0154256 -0.0127999 4.40317e-05 -0.00813859 -0.0154256 -0.00813859 5.04059e-05)
(0.000219496 -0.0128333 -0.0154226 -0.0128333 0.000122335 -0.00814631 -0.0154226 -0.00814631 3.66154e-05)
(0.000141832 -0.0128324 -0.0154187 -0.0128324 0.000112019 -0.00814893 -0.0154187 -0.00814893 4.20337e-05)
(3.19363e-05 -0.0128035 -0.0154387 -0.0128035 4.77406e-05 -0.00811069 -0.0154387 -0.00811069 7.45435e-05)
(3.68024e-05 -0.0127994 -0.0154339 -0.0127994 3.28375e-05 -0.00811588 -0.0154339 -0.00811588 6.56958e-05)
(2.51255e-05 -0.0127973 -0.015437 -0.0127973 2.68655e-05 -0.00811973 -0.015437 -0.00811973 5.63637e-05)
(0.00016279 -0.0128346 -0.0154226 -0.0128346 0.000120887 -0.00814898 -0.0154226 -0.00814898 3.54172e-05)
(4.24662e-05 -0.0127971 -0.0154345 -0.0127971 2.32331e-05 -0.0081208 -0.0154345 -0.0081208 5.91178e-05)
(0.00063599 -0.0128622 -0.0154398 -0.0128622 0.000113472 -0.00814226 -0.0154398 -0.00814226 3.33327e-05)
(0.000135566 -0.0128284 -0.0154174 -0.0128284 0.000115537 -0.00815343 -0.0154174 -0.00815343 4.69347e-05)
(0.000110494 -0.012837 -0.0154195 -0.012837 0.000111713 -0.00815322 -0.0154195 -0.00815322 3.96554e-05)
(2.52879e-05 -0.0128057 -0.0154439 -0.0128057 6.96972e-05 -0.00810964 -0.0154439 -0.00810964 7.2795e-05)
(7.16194e-05 -0.0128522 -0.0153728 -0.0128522 0.00010921 -0.00811842 -0.0153728 -0.00811842 9.9674e-05)
(0.000245978 -0.0128281 -0.0154229 -0.0128281 0.000126167 -0.00814719 -0.0154229 -0.00814719 3.66134e-05)
(8.64609e-05 -0.0128108 -0.0154216 -0.0128108 4.83442e-05 -0.00814227 -0.0154216 -0.00814227 4.5442e-05)
(6.33529e-05 -0.0127966 -0.0154243 -0.0127966 2.59432e-05 -0.00813256 -0.0154243 -0.00813256 4.45968e-05)
(2.25045e-05 -0.0127934 -0.0154342 -0.0127934 2.21126e-05 -0.00812109 -0.0154342 -0.00812109 5.76042e-05)
(0.000739895 -0.0128667 -0.0154357 -0.0128667 0.000112701 -0.00814408 -0.0154357 -0.00814408 4.47424e-05)
(-5.95093e-05 -0.0128388 -0.0154369 -0.0128388 0.000105684 -0.00810982 -0.0154369 -0.00810982 8.58361e-05)
(0.000129572 -0.0128212 -0.0154217 -0.0128212 0.000111862 -0.00815242 -0.0154217 -0.00815242 4.03664e-05)
(3.20813e-05 -0.0127953 -0.0154283 -0.0127953 3.01292e-05 -0.00811745 -0.0154283 -0.00811745 7.12887e-05)
(0.00026371 -0.0128464 -0.0154273 -0.0128464 0.000131063 -0.00814726 -0.0154273 -0.00814726 3.10055e-05)
(9.14865e-05 -0.0128094 -0.0154192 -0.0128094 4.40122e-05 -0.00814166 -0.0154192 -0.00814166 5.23402e-05)
(3.40574e-05 -0.0127942 -0.015432 -0.0127942 2.3355e-05 -0.00812276 -0.015432 -0.00812276 5.55223e-05)
(-8.61329e-05 -0.0128161 -0.0154557 -0.0128161 6.89971e-05 -0.00810847 -0.0154557 -0.00810847 7.46925e-05)
(2.57534e-05 -0.0127889 -0.0154322 -0.0127889 1.92449e-05 -0.00812584 -0.0154322 -0.00812584 4.88932e-05)
(0.000460088 -0.0128526 -0.0154334 -0.0128526 0.000119484 -0.00814223 -0.0154334 -0.00814223 2.63849e-05)
(0.000161186 -0.0128259 -0.0153975 -0.0128259 0.000117555 -0.0081487 -0.0153975 -0.0081487 9.13622e-05)
(9.82796e-05 -0.0128114 -0.0154162 -0.0128114 5.09057e-05 -0.00814712 -0.0154162 -0.00814712 6.94615e-05)
(-0.000125402 -0.0128208 -0.0154555 -0.0128208 8.8995e-05 -0.00810769 -0.0154555 -0.00810769 7.59761e-05)
(-0.000107748 -0.0128084 -0.0154441 -0.0128084 7.81846e-05 -0.00810715 -0.0154441 -0.00810715 8.16963e-05)
(-0.000112171 -0.0128088 -0.0154493 -0.0128088 8.34893e-05 -0.00810818 -0.0154493 -0.00810818 8.00539e-05)
(0.000115269 -0.0128076 -0.0154206 -0.0128076 9.16458e-05 -0.00815261 -0.0154206 -0.00815261 5.31737e-05)
(4.31969e-05 -0.0127975 -0.0154275 -0.0127975 4.11088e-05 -0.00810921 -0.0154275 -0.00810921 9.2883e-05)
(-7.32192e-05 -0.0128197 -0.0154624 -0.0128197 8.88693e-05 -0.00809819 -0.0154624 -0.00809819 8.59397e-05)
(-9.46739e-06 -0.0128095 -0.0154506 -0.0128095 5.74089e-05 -0.00810924 -0.0154506 -0.00810924 7.35523e-05)
(1.37657e-05 -0.0128498 -0.0153928 -0.0128498 0.000117225 -0.00812185 -0.0153928 -0.00812185 9.20247e-05)
(0.000275088 -0.0128399 -0.0154313 -0.0128399 0.000125267 -0.00814554 -0.0154313 -0.00814554 2.82031e-05)
(6.3075e-05 -0.0127931 -0.0154218 -0.0127931 2.53318e-05 -0.00812413 -0.0154218 -0.00812413 6.11489e-05)
(-7.42167e-06 -0.0128018 -0.01544 -0.0128018 4.67626e-05 -0.00810923 -0.01544 -0.00810923 8.07429e-05)
(7.86975e-05 -0.0127954 -0.0154247 -0.0127954 4.04813e-05 -0.00814113 -0.0154247 -0.00814113 6.55139e-05)
(2.4858e-05 -0.0127957 -0.0154327 -0.0127957 2.72517e-05 -0.00811662 -0.0154327 -0.00811662 7.31817e-05)
(9.17923e-05 -0.0128107 -0.01542 -0.0128107 4.62621e-05 -0.00814102 -0.01542 -0.00814102 5.32145e-05)
(-5.64358e-05 -0.0128094 -0.015451 -0.0128094 7.74087e-05 -0.0081035 -0.015451 -0.0081035 8.45094e-05)
(5.06425e-05 -0.0127937 -0.0154218 -0.0127937 2.23172e-05 -0.00812464 -0.0154218 -0.00812464 6.26434e-05)
(1.91347e-05 -0.0127946 -0.0154353 -0.0127946 2.38851e-05 -0.00812111 -0.0154353 -0.00812111 5.4311e-05)
(0.00018096 -0.0128346 -0.0154235 -0.0128346 0.000125138 -0.00814906 -0.0154235 -0.00814906 3.38854e-05)
(7.60375e-05 -0.0127977 -0.015427 -0.0127977 3.79406e-05 -0.00813557 -0.015427 -0.00813557 5.04722e-05)
(8.47656e-05 -0.0127991 -0.0154272 -0.0127991 5.71124e-05 -0.00814201 -0.0154272 -0.00814201 3.949e-05)
(9.08328e-05 -0.0128073 -0.0154164 -0.0128073 3.92987e-05 -0.00814032 -0.0154164 -0.00814032 6.66623e-05)
(-6.59294e-05 -0.0128141 -0.0154547 -0.0128141 9.02228e-05 -0.00810268 -0.0154547 -0.00810268 8.20493e-05)
(0.000154684 -0.0128586 -0.0154257 -0.0128586 0.000139725 -0.00815327 -0.0154257 -0.00815327 3.58238e-05)
(-0.000134764 -0.0128221 -0.0154596 -0.0128221 8.34848e-05 -0.00810321 -0.0154596 -0.00810321 8.21792e-05)
(2.44997e-07 -0.012801 -0.015441 -0.012801 3.25173e-05 -0.00811275 -0.015441 -0.00811275 7.36112e-05)
(-0.000111501 -0.0128189 -0.0154546 -0.0128189 9.54165e-05 -0.00810961 -0.0154546 -0.00810961 7.69307e-05)
(7.6677e-05 -0.0128063 -0.0154265 -0.0128063 5.02663e-05 -0.00814124 -0.0154265 -0.00814124 3.78967e-05)
(7.29953e-05 -0.0127893 -0.015428 -0.0127893 4.21203e-05 -0.00814159 -0.015428 -0.00814159 5.31456e-05)
(0.000280999 -0.012845 -0.0154313 -0.012845 0.000126295 -0.00814509 -0.0154313 -0.00814509 2.78982e-05)
(4.94716e-05 -0.0128356 -0.0154167 -0.0128356 0.000111471 -0.00811332 -0.0154167 -0.00811332 8.74542e-05)
(5.94338e-05 -0.0127922 -0.0154218 -0.0127922 3.39693e-05 -0.00814081 -0.0154218 -0.00814081 7.08444e-05)
(4.94119e-05 -0.0127919 -0.0154219 -0.0127919 2.31169e-05 -0.00812542 -0.0154219 -0.00812542 6.96613e-05)
(7.22354e-05 -0.0127993 -0.0154207 -0.0127993 3.89965e-05 -0.00814234 -0.0154207 -0.00814234 6.60102e-05)
(0.000107754 -0.0128243 -0.015417 -0.0128243 8.80212e-05 -0.00815434 -0.015417 -0.00815434 5.46669e-05)
(0.000120976 -0.0128209 -0.0154265 -0.0128209 0.0001017 -0.00814643 -0.0154265 -0.00814643 3.30587e-05)
(-4.79078e-05 -0.0128078 -0.0154486 -0.0128078 5.3192e-05 -0.00810872 -0.0154486 -0.00810872 7.81706e-05)
(-5.70683e-05 -0.0128102 -0.0154488 -0.0128102 5.03314e-05 -0.00811429 -0.0154488 -0.00811429 6.89581e-05)
(4.20303e-05 -0.0127896 -0.0154233 -0.0127896 2.29989e-05 -0.00812822 -0.0154233 -0.00812822 8.18612e-05)
(6.6868e-05 -0.0128011 -0.0154273 -0.0128011 3.66869e-05 -0.0081112 -0.0154273 -0.0081112 8.92099e-05)
(5.16257e-06 -0.0128108 -0.0154505 -0.0128108 7.61964e-05 -0.00809902 -0.0154505 -0.00809902 9.01472e-05)
(-6.92253e-05 -0.0128142 -0.0154514 -0.0128142 7.65714e-05 -0.00811128 -0.0154514 -0.00811128 7.32351e-05)
(-0.000113648 -0.0128324 -0.0154405 -0.0128324 0.000108764 -0.0081072 -0.0154405 -0.0081072 8.56822e-05)
(-0.000140609 -0.0128126 -0.0154534 -0.0128126 8.34668e-05 -0.00810585 -0.0154534 -0.00810585 8.18347e-05)
(6.95717e-05 -0.0127929 -0.0154251 -0.0127929 4.86676e-05 -0.00814724 -0.0154251 -0.00814724 5.79632e-05)
(-7.18677e-05 -0.0128133 -0.0154565 -0.0128133 9.23654e-05 -0.00809889 -0.0154565 -0.00809889 8.88643e-05)
(1.91383e-05 -0.0127941 -0.0154264 -0.0127941 3.66648e-05 -0.00811017 -0.0154264 -0.00811017 9.7764e-05)
(6.46579e-05 -0.0127981 -0.0154226 -0.0127981 2.42051e-05 -0.00812498 -0.0154226 -0.00812498 6.96657e-05)
(-0.000168633 -0.0128319 -0.015454 -0.0128319 9.74424e-05 -0.00811159 -0.015454 -0.00811159 7.59826e-05)
(7.93813e-05 -0.0127983 -0.0154266 -0.0127983 4.28758e-05 -0.00813779 -0.0154266 -0.00813779 4.83728e-05)
(9.24113e-05 -0.0128071 -0.0154199 -0.0128071 3.44568e-05 -0.00813535 -0.0154199 -0.00813535 5.29557e-05)
(4.80248e-05 -0.0127922 -0.0154191 -0.0127922 2.593e-05 -0.00812365 -0.0154191 -0.00812365 9.74874e-05)
(4.25742e-05 -0.0127913 -0.0154245 -0.0127913 2.36192e-05 -0.0081251 -0.0154245 -0.0081251 8.81387e-05)
(7.31238e-06 -0.0128407 -0.0154116 -0.0128407 0.000113981 -0.00811688 -0.0154116 -0.00811688 8.88211e-05)
(3.41093e-05 -0.0127965 -0.0154315 -0.0127965 3.68308e-05 -0.00811588 -0.0154315 -0.00811588 7.42334e-05)
(7.6222e-06 -0.0128039 -0.0154396 -0.0128039 5.6444e-05 -0.00810343 -0.0154396 -0.00810343 9.54401e-05)
(5.09438e-05 -0.0127934 -0.015421 -0.0127934 2.29799e-05 -0.0081244 -0.015421 -0.0081244 7.08311e-05)
(4.61681e-05 -0.0127879 -0.0154276 -0.0127879 2.37142e-05 -0.00813288 -0.0154276 -0.00813288 5.05952e-05)
(6.16867e-05 -0.0127972 -0.0154233 -0.0127972 3.82316e-05 -0.00814151 -0.0154233 -0.00814151 5.19784e-05)
(3.71117e-05 -0.012796 -0.0154318 -0.012796 2.51511e-05 -0.00811924 -0.0154318 -0.00811924 6.6674e-05)
(-0.000178076 -0.012835 -0.0154471 -0.012835 0.000107628 -0.00811344 -0.0154471 -0.00811344 7.75985e-05)
(0.000108425 -0.012821 -0.0154182 -0.012821 7.09372e-05 -0.00814745 -0.0154182 -0.00814745 5.25142e-05)
(0.000243251 -0.0128464 -0.0153658 -0.0128464 0.000105305 -0.0081177 -0.0153658 -0.0081177 9.63677e-05)
(0.000243855 -0.0128587 -0.0154248 -0.0128587 0.000137231 -0.00814932 -0.0154248 -0.00814932 3.8609e-05)
(9.78028e-05 -0.012805 -0.0154185 -0.012805 5.88507e-05 -0.0081506 -0.0154185 -0.0081506 7.77551e-05)
(-6.10832e-05 -0.0128465 -0.0154018 -0.0128465 0.000119508 -0.00811702 -0.0154018 -0.00811702 9.24858e-05)
(-0.000128272 -0.0128339 -0.0154415 -0.0128339 0.000110164 -0.00811223 -0.0154415 -0.00811223 8.20044e-05)
(8.77536e-05 -0.0128069 -0.0154254 -0.0128069 6.00966e-05 -0.00814296 -0.0154254 -0.00814296 4.15603e-05)
(0.00015783 -0.0128085 -0.0154189 -0.0128085 0.000108492 -0.00814822 -0.0154189 -0.00814822 4.82914e-05)
(6.89677e-05 -0.0127971 -0.0154237 -0.0127971 2.89712e-05 -0.00813469 -0.0154237 -0.00813469 4.98369e-05)
(-2.1353e-05 -0.0128002 -0.0154363 -0.0128002 5.75446e-05 -0.00811075 -0.0154363 -0.00811075 8.30783e-05)
(-0.000144677 -0.0128152 -0.0154562 -0.0128152 8.0387e-05 -0.00810175 -0.0154562 -0.00810175 8.68256e-05)
(8.44478e-05 -0.0128029 -0.0154204 -0.0128029 4.32622e-05 -0.00814258 -0.0154204 -0.00814258 6.33902e-05)
(2.36108e-06 -0.0128388 -0.0154098 -0.0128388 0.000113182 -0.00811296 -0.0154098 -0.00811296 9.02545e-05)
(9.53953e-05 -0.0128076 -0.0154163 -0.0128076 5.24169e-05 -0.00814913 -0.0154163 -0.00814913 7.27517e-05)
(0.00024333 -0.0128437 -0.0154395 -0.0128437 0.000126872 -0.00814522 -0.0154395 -0.00814522 2.9339e-05)
(4.42207e-05 -0.0127919 -0.0154236 -0.0127919 2.1678e-05 -0.00812476 -0.0154236 -0.00812476 7.22603e-05)
(-0.000118204 -0.0128188 -0.0154553 -0.0128188 7.29795e-05 -0.00810923 -0.0154553 -0.00810923 7.73654e-05)
(-0.000156692 -0.0128293 -0.0154454 -0.0128293 0.00010964 -0.00810422 -0.0154454 -0.00810422 8.63667e-05)
(-4.74308e-05 -0.0128342 -0.0154471 -0.0128342 0.000103934 -0.00811305 -0.0154471 -0.00811305 8.34293e-05)
(-9.2202e-05 -0.012829 -0.0154569 -0.012829 0.000100026 -0.00810123 -0.0154569 -0.00810123 8.45954e-05)
(4.77326e-05 -0.0127956 -0.0154296 -0.0127956 2.12286e-05 -0.00812643 -0.0154296 -0.00812643 4.25312e-05)
(6.24669e-05 -0.0127973 -0.0154259 -0.0127973 2.27842e-05 -0.00812794 -0.0154259 -0.00812794 4.99155e-05)
(-8.34784e-07 -0.0127927 -0.0154314 -0.0127927 3.00994e-05 -0.00811585 -0.0154314 -0.00811585 7.31673e-05)
(5.30598e-06 -0.0127935 -0.0154339 -0.0127935 2.94771e-05 -0.00812155 -0.0154339 -0.00812155 6.26873e-05)
(-4.18429e-05 -0.0128186 -0.0154548 -0.0128186 0.000101528 -0.00809997 -0.0154548 -0.00809997 8.33806e-05)
(2.54523e-05 -0.0127869 -0.0154162 -0.0127869 2.59147e-05 -0.0081241 -0.0154162 -0.0081241 9.62273e-05)
(8.44271e-05 -0.0128065 -0.0154217 -0.0128065 4.74878e-05 -0.00814343 -0.0154217 -0.00814343 5.51774e-05)
(5.21096e-05 -0.0127904 -0.0154277 -0.0127904 2.29375e-05 -0.00812814 -0.0154277 -0.00812814 7.50751e-05)
(-9.02694e-05 -0.0128223 -0.0154581 -0.0128223 7.57174e-05 -0.00811098 -0.0154581 -0.00811098 6.95757e-05)
(0.000112068 -0.0128181 -0.0154147 -0.0128181 5.67941e-05 -0.00814373 -0.0154147 -0.00814373 6.85947e-05)
(0.00011787 -0.0128109 -0.0154073 -0.0128109 7.78257e-05 -0.00815406 -0.0154073 -0.00815406 0.000103023)
(5.4025e-05 -0.0127916 -0.0154178 -0.0127916 2.5699e-05 -0.00812935 -0.0154178 -0.00812935 9.10477e-05)
(4.36459e-05 -0.0128445 -0.0154093 -0.0128445 0.000115885 -0.00812255 -0.0154093 -0.00812255 8.68759e-05)
(-0.000116357 -0.0128222 -0.0154539 -0.0128222 9.72358e-05 -0.00811063 -0.0154539 -0.00811063 8.0061e-05)
(8.62469e-05 -0.0127989 -0.0154154 -0.0127989 3.11384e-05 -0.00812976 -0.0154154 -0.00812976 0.000112261)
(-2.95447e-05 -0.012807 -0.015446 -0.012807 5.37063e-05 -0.008109 -0.015446 -0.008109 7.61037e-05)
(8.18669e-05 -0.0127975 -0.0154262 -0.0127975 6.12879e-05 -0.00814881 -0.0154262 -0.00814881 5.02872e-05)
(-0.000150572 -0.0128226 -0.0154516 -0.0128226 0.000103624 -0.00811201 -0.0154516 -0.00811201 7.70237e-05)
(8.33181e-06 -0.0127961 -0.0154335 -0.0127961 3.56411e-05 -0.00811415 -0.0154335 -0.00811415 7.5047e-05)
(-0.000201258 -0.0128292 -0.015455 -0.0128292 0.000101701 -0.00810542 -0.015455 -0.00810542 8.23098e-05)
(7.4569e-05 -0.012798 -0.0154253 -0.012798 2.48238e-05 -0.00812481 -0.0154253 -0.00812481 5.64826e-05)
(-0.000108077 -0.0128254 -0.0154472 -0.0128254 0.000107431 -0.00810674 -0.0154472 -0.00810674 8.39979e-05)
(5.67528e-05 -0.0127977 -0.0154232 -0.0127977 2.98825e-05 -0.00811463 -0.0154232 -0.00811463 8.37339e-05)
(0.000291601 -0.0128471 -0.015418 -0.0128471 0.000131858 -0.00814418 -0.015418 -0.00814418 4.15434e-05)
(8.83837e-05 -0.0128503 -0.0153919 -0.0128503 0.000123322 -0.0081251 -0.0153919 -0.0081251 8.98496e-05)
(-0.000161146 -0.0128286 -0.0154533 -0.0128286 9.96048e-05 -0.00811225 -0.0154533 -0.00811225 7.52947e-05)
(4.4067e-05 -0.0127913 -0.0154285 -0.0127913 2.04159e-05 -0.0081278 -0.0154285 -0.0081278 5.21671e-05)
(0.000114824 -0.012799 -0.0154197 -0.012799 8.04828e-05 -0.00815014 -0.0154197 -0.00815014 6.56728e-05)
(6.21082e-05 -0.0127915 -0.0154229 -0.0127915 2.53258e-05 -0.00812825 -0.0154229 -0.00812825 6.11784e-05)
(6.53181e-05 -0.0127917 -0.015412 -0.0127917 2.6064e-05 -0.00812863 -0.015412 -0.00812863 7.50347e-05)
(-0.000218842 -0.0128268 -0.0154567 -0.0128268 0.000107856 -0.00810207 -0.0154567 -0.00810207 8.46065e-05)
(0.000107223 -0.0128152 -0.0154171 -0.0128152 6.96788e-05 -0.00814925 -0.0154171 -0.00814925 6.3621e-05)
(0.000194851 -0.0128454 -0.0153746 -0.0128454 0.000107497 -0.00811949 -0.0153746 -0.00811949 9.66029e-05)
(1.47521e-05 -0.0127953 -0.0154295 -0.0127953 3.05549e-05 -0.00811519 -0.0154295 -0.00811519 8.79366e-05)
(0.000237079 -0.0128428 -0.0154335 -0.0128428 0.000126638 -0.00814623 -0.0154335 -0.00814623 2.88375e-05)
(0.000101877 -0.0128176 -0.0154164 -0.0128176 7.6636e-05 -0.00815009 -0.0154164 -0.00815009 6.38246e-05)
(-4.06594e-05 -0.0128034 -0.015444 -0.0128034 4.68754e-05 -0.00811163 -0.015444 -0.00811163 7.61337e-05)
(-0.000172118 -0.0128203 -0.0154582 -0.0128203 9.52145e-05 -0.00810223 -0.0154582 -0.00810223 8.58119e-05)
(-6.41926e-05 -0.0128297 -0.0154506 -0.0128297 0.000101752 -0.00811177 -0.0154506 -0.00811177 8.21816e-05)
(1.81072e-05 -0.0128072 -0.0154458 -0.0128072 5.69366e-05 -0.00810795 -0.0154458 -0.00810795 7.78061e-05)
(5.6622e-05 -0.0127961 -0.0154278 -0.0127961 2.60157e-05 -0.00813186 -0.0154278 -0.00813186 4.25976e-05)
(0.000136604 -0.0128327 -0.0154169 -0.0128327 0.000121101 -0.00815189 -0.0154169 -0.00815189 4.34757e-05)
(4.0518e-05 -0.0127903 -0.0154223 -0.0127903 2.11914e-05 -0.00812764 -0.0154223 -0.00812764 5.79859e-05)
(-9.77367e-07 -0.0127988 -0.0154407 -0.0127988 3.92028e-05 -0.00812139 -0.0154407 -0.00812139 6.27785e-05)
(-5.44572e-05 -0.0128145 -0.0154533 -0.0128145 9.35877e-05 -0.0081032 -0.0154533 -0.0081032 8.58138e-05)
(-6.4344e-05 -0.0128044 -0.0154462 -0.0128044 5.50211e-05 -0.00810697 -0.0154462 -0.00810697 8.43963e-05)
(5.73044e-05 -0.0127953 -0.0154259 -0.0127953 2.60454e-05 -0.00813296 -0.0154259 -0.00813296 4.65269e-05)
(0.000107554 -0.0128025 -0.0154175 -0.0128025 6.7201e-05 -0.00815419 -0.0154175 -0.00815419 9.27804e-05)
(-0.000119632 -0.0128457 -0.0154199 -0.0128457 0.000118821 -0.00811833 -0.0154199 -0.00811833 8.39708e-05)
(6.13528e-05 -0.0127985 -0.0154246 -0.0127985 3.28896e-05 -0.00811381 -0.0154246 -0.00811381 9.38001e-05)
(0.000131249 -0.012815 -0.0154043 -0.012815 9.6653e-05 -0.00815248 -0.0154043 -0.00815248 8.96246e-05)
(8.86763e-05 -0.0128066 -0.0154173 -0.0128066 5.38142e-05 -0.00814928 -0.0154173 -0.00814928 7.23851e-05)
(-2.86912e-05 -0.0128077 -0.0154516 -0.0128077 6.10368e-05 -0.00812156 -0.0154516 -0.00812156 6.35993e-05)
(-5.29925e-05 -0.0128378 -0.0154264 -0.0128378 0.000114764 -0.00811718 -0.0154264 -0.00811718 8.46623e-05)
(9.40411e-05 -0.012802 -0.0154126 -0.012802 4.21628e-05 -0.00814594 -0.0154126 -0.00814594 0.000109012)
(-0.000133401 -0.012827 -0.0154554 -0.012827 9.44388e-05 -0.00811602 -0.0154554 -0.00811602 6.9625e-05)
(4.0141e-05 -0.0127889 -0.0154266 -0.0127889 2.41898e-05 -0.00813295 -0.0154266 -0.00813295 4.45341e-05)
(-4.92999e-05 -0.0128337 -0.0154339 -0.0128337 0.000116241 -0.00811637 -0.0154339 -0.00811637 8.11146e-05)
(7.54319e-05 -0.0127999 -0.0154212 -0.0127999 5.17995e-05 -0.00814873 -0.0154212 -0.00814873 6.86179e-05)
(-3.23721e-05 -0.012804 -0.0154438 -0.012804 4.36599e-05 -0.00810817 -0.0154438 -0.00810817 8.70297e-05)
(-5.25338e-05 -0.0128239 -0.0154488 -0.0128239 0.000102903 -0.00811139 -0.0154488 -0.00811139 8.21047e-05)
(7.12571e-05 -0.0127941 -0.0154158 -0.0127941 2.57456e-05 -0.00812976 -0.0154158 -0.00812976 7.14425e-05)
(-0.000194423 -0.0128259 -0.0154556 -0.0128259 0.000104233 -0.0081036 -0.0154556 -0.0081036 8.36576e-05)
(0.000235356 -0.0128449 -0.0154142 -0.0128449 0.000133636 -0.00814612 -0.0154142 -0.00814612 4.7592e-05)
(-8.17173e-05 -0.0128185 -0.015454 -0.0128185 8.82258e-05 -0.00812248 -0.015454 -0.00812248 6.86738e-05)
(-2.92531e-05 -0.0127991 -0.0154358 -0.0127991 4.04108e-05 -0.00811883 -0.0154358 -0.00811883 6.4809e-05)
(1.95342e-06 -0.0127964 -0.0154376 -0.0127964 2.85426e-05 -0.00811932 -0.0154376 -0.00811932 5.82144e-05)
(3.6542e-05 -0.0127876 -0.0154278 -0.0127876 2.18742e-05 -0.00812764 -0.0154278 -0.00812764 8.12556e-05)
(6.56219e-05 -0.0127927 -0.015422 -0.0127927 2.56197e-05 -0.0081319 -0.015422 -0.0081319 5.8064e-05)
(9.09045e-05 -0.0127997 -0.0154108 -0.0127997 3.30483e-05 -0.00813738 -0.0154108 -0.00813738 7.63453e-05)
(-0.000126945 -0.0128173 -0.0154548 -0.0128173 7.66049e-05 -0.00810548 -0.0154548 -0.00810548 8.21567e-05)
(8.93876e-05 -0.0128084 -0.0154194 -0.0128084 4.67628e-05 -0.0081422 -0.0154194 -0.0081422 5.95216e-05)
(-3.50079e-05 -0.0128049 -0.0154488 -0.0128049 6.12438e-05 -0.00810796 -0.0154488 -0.00810796 8.16059e-05)
(-0.000124898 -0.0128208 -0.0154582 -0.0128208 7.62766e-05 -0.00810452 -0.0154582 -0.00810452 8.39447e-05)
(0.000103506 -0.0128122 -0.0154213 -0.0128122 8.24647e-05 -0.00815044 -0.0154213 -0.00815044 4.91893e-05)
(0.000103507 -0.0128173 -0.015413 -0.0128173 7.31449e-05 -0.00815261 -0.015413 -0.00815261 7.70641e-05)
(2.0192e-05 -0.0127892 -0.0154245 -0.0127892 2.45774e-05 -0.00812141 -0.0154245 -0.00812141 7.31476e-05)
(-2.27763e-05 -0.0127974 -0.015435 -0.0127974 4.26392e-05 -0.0081104 -0.015435 -0.0081104 8.55979e-05)
(-6.55824e-05 -0.0128173 -0.0154561 -0.0128173 8.5655e-05 -0.00811365 -0.0154561 -0.00811365 7.63448e-05)
(5.38607e-05 -0.0127953 -0.0154235 -0.0127953 2.42115e-05 -0.00812121 -0.0154235 -0.00812121 7.3809e-05)
(-1.6984e-05 -0.0128055 -0.0154453 -0.0128055 4.36187e-05 -0.00811108 -0.0154453 -0.00811108 7.2513e-05)
(0.000113977 -0.0128159 -0.0154088 -0.0128159 7.86112e-05 -0.00815519 -0.0154088 -0.00815519 9.46391e-05)
(3.6257e-05 -0.0127909 -0.0154233 -0.0127909 2.60685e-05 -0.00812048 -0.0154233 -0.00812048 6.21632e-05)
(4.419e-05 -0.0127899 -0.0154286 -0.0127899 2.34772e-05 -0.0081316 -0.0154286 -0.0081316 4.82175e-05)
(8.41046e-05 -0.0127975 -0.0154163 -0.0127975 2.45189e-05 -0.00812698 -0.0154163 -0.00812698 6.58428e-05)
(-0.000155031 -0.0128286 -0.015455 -0.0128286 9.86363e-05 -0.00810758 -0.015455 -0.00810758 7.90347e-05)
(-5.18296e-05 -0.0128124 -0.0154535 -0.0128124 6.28657e-05 -0.00811211 -0.0154535 -0.00811211 7.1199e-05)
(8.14464e-05 -0.0127989 -0.0154168 -0.0127989 4.22803e-05 -0.00814704 -0.0154168 -0.00814704 0.000103559)
(-0.000161234 -0.0128353 -0.0154384 -0.0128353 0.000117775 -0.00811127 -0.0154384 -0.00811127 8.30408e-05)
(-0.000105663 -0.0128137 -0.0154553 -0.0128137 7.89552e-05 -0.00810411 -0.0154553 -0.00810411 8.50228e-05)
(5.90656e-05 -0.0127917 -0.0154196 -0.0127917 3.04558e-05 -0.00813805 -0.0154196 -0.00813805 8.25945e-05)
(8.51352e-05 -0.0128045 -0.0154165 -0.0128045 4.57415e-05 -0.00814592 -0.0154165 -0.00814592 7.07533e-05)
(6.42284e-05 -0.0127952 -0.0154245 -0.0127952 2.54423e-05 -0.0081323 -0.0154245 -0.0081323 4.86235e-05)
(-0.000108339 -0.0128356 -0.0154409 -0.0128356 0.000114203 -0.00811987 -0.0154409 -0.00811987 7.72195e-05)
(8.60275e-06 -0.0127933 -0.0154283 -0.0127933 3.46535e-05 -0.00811362 -0.0154283 -0.00811362 8.90026e-05)
(-4.99932e-05 -0.0128094 -0.0154507 -0.0128094 6.04585e-05 -0.00811915 -0.0154507 -0.00811915 6.15882e-05)
(7.89523e-06 -0.0127959 -0.0154372 -0.0127959 2.83924e-05 -0.00812383 -0.0154372 -0.00812383 4.60024e-05)
(-0.000102343 -0.0128197 -0.0154552 -0.0128197 8.78434e-05 -0.00811637 -0.0154552 -0.00811637 7.00642e-05)
(0.000130235 -0.0128104 -0.0154123 -0.0128104 0.000101862 -0.00815213 -0.0154123 -0.00815213 6.73641e-05)
(2.29476e-05 -0.0127922 -0.015427 -0.0127922 2.65317e-05 -0.00811814 -0.015427 -0.00811814 8.00027e-05)
(-3.83514e-05 -0.0128259 -0.0154439 -0.0128259 0.00010378 -0.00810886 -0.0154439 -0.00810886 8.43504e-05)
(6.85898e-05 -0.0127946 -0.0154162 -0.0127946 2.64813e-05 -0.00813205 -0.0154162 -0.00813205 7.41751e-05)
(-0.000173975 -0.0128209 -0.0154572 -0.0128209 9.31798e-05 -0.00810405 -0.0154572 -0.00810405 8.31741e-05)
(7.80293e-05 -0.0127989 -0.0154161 -0.0127989 2.81715e-05 -0.00813167 -0.0154161 -0.00813167 8.07104e-05)
(4.6019e-05 -0.0127928 -0.0154316 -0.0127928 2.43737e-05 -0.00812726 -0.0154316 -0.00812726 5.19861e-05)
(5.10416e-05 -0.0127883 -0.0154239 -0.0127883 3.98112e-05 -0.00814475 -0.0154239 -0.00814475 6.66965e-05)
(3.6083e-05 -0.0127876 -0.0154271 -0.0127876 2.07274e-05 -0.00812874 -0.0154271 -0.00812874 5.48073e-05)
(-3.1499e-06 -0.012794 -0.0154355 -0.012794 2.77312e-05 -0.00811584 -0.0154355 -0.00811584 8.08844e-05)
(5.94994e-05 -0.0127934 -0.0154275 -0.0127934 2.63833e-05 -0.00812398 -0.0154275 -0.00812398 6.46513e-05)
(9.94314e-05 -0.0127969 -0.015409 -0.0127969 2.70298e-05 -0.00812657 -0.015409 -0.00812657 8.35872e-05)
(3.09221e-05 -0.012788 -0.0154264 -0.012788 2.14698e-05 -0.00812536 -0.0154264 -0.00812536 7.21372e-05)
(5.41852e-05 -0.0127939 -0.015424 -0.0127939 2.16531e-05 -0.00812671 -0.015424 -0.00812671 5.73419e-05)
(8.31274e-05 -0.0128003 -0.0154156 -0.0128003 3.17907e-05 -0.00813484 -0.0154156 -0.00813484 8.89582e-05)
(-0.000126911 -0.0128232 -0.0154587 -0.0128232 8.01228e-05 -0.00810717 -0.0154587 -0.00810717 7.91976e-05)
(-7.48215e-06 -0.0127942 -0.0154327 -0.0127942 3.21294e-05 -0.00811839 -0.0154327 -0.00811839 6.6161e-05)
(6.87334e-05 -0.0127914 -0.0154089 -0.0127914 2.7596e-05 -0.00813105 -0.0154089 -0.00813105 9.53576e-05)
(2.78215e-05 -0.0127877 -0.0154186 -0.0127877 2.57562e-05 -0.00812373 -0.0154186 -0.00812373 7.94218e-05)
(6.31865e-06 -0.0127932 -0.0154299 -0.0127932 3.28659e-05 -0.00811554 -0.0154299 -0.00811554 7.57413e-05)
(2.95335e-05 -0.0127931 -0.0154367 -0.0127931 2.74472e-05 -0.00812509 -0.0154367 -0.00812509 5.60992e-05)
(-2.86627e-07 -0.0127995 -0.0154385 -0.0127995 4.47665e-05 -0.00811138 -0.0154385 -0.00811138 7.71062e-05)
(-0.000182792 -0.0128364 -0.0154437 -0.0128364 0.000109208 -0.00811141 -0.0154437 -0.00811141 8.0609e-05)
(3.11445e-05 -0.0128005 -0.0154318 -0.0128005 4.17084e-05 -0.00810844 -0.0154318 -0.00810844 0.000105312)
(5.47186e-05 -0.0127933 -0.015418 -0.0127933 2.4307e-05 -0.00813034 -0.015418 -0.00813034 5.67967e-05)
(6.87046e-05 -0.0127974 -0.0154283 -0.0127974 4.88625e-05 -0.00814147 -0.0154283 -0.00814147 4.13838e-05)
(0.000141374 -0.0128493 -0.0154169 -0.0128493 0.000130494 -0.00815085 -0.0154169 -0.00815085 4.15706e-05)
(-0.000115969 -0.0128243 -0.0154566 -0.0128243 9.45268e-05 -0.0081104 -0.0154566 -0.0081104 7.48925e-05)
(-0.000156499 -0.0128399 -0.0154362 -0.0128399 0.000109006 -0.00811164 -0.0154362 -0.00811164 8.56795e-05)
(3.31773e-05 -0.0127975 -0.0154287 -0.0127975 3.17232e-05 -0.00811304 -0.0154287 -0.00811304 9.46607e-05)
(-0.000176658 -0.0128201 -0.0154562 -0.0128201 9.57805e-05 -0.00810474 -0.0154562 -0.00810474 8.25167e-05)
(-6.91662e-05 -0.0128107 -0.015451 -0.0128107 6.41149e-05 -0.00811352 -0.015451 -0.00811352 7.1339e-05)
(1.62921e-05 -0.0127911 -0.0154298 -0.0127911 2.43115e-05 -0.00812068 -0.0154298 -0.00812068 6.93481e-05)
(4.03801e-05 -0.0127914 -0.01542 -0.0127914 2.80677e-05 -0.00811757 -0.01542 -0.00811757 8.28389e-05)
(9.48007e-05 -0.0128101 -0.0154167 -0.0128101 5.31946e-05 -0.00814812 -0.0154167 -0.00814812 6.26092e-05)
(-1.21336e-05 -0.0127963 -0.0154379 -0.0127963 4.08407e-05 -0.0081239 -0.0154379 -0.0081239 6.2388e-05)
(-0.000111358 -0.0128157 -0.0154548 -0.0128157 8.51897e-05 -0.00810809 -0.0154548 -0.00810809 8.2537e-05)
(3.41935e-05 -0.0127895 -0.0154264 -0.0127895 2.06897e-05 -0.00812662 -0.0154264 -0.00812662 5.67817e-05)
(1.65642e-05 -0.0127947 -0.015436 -0.0127947 2.5426e-05 -0.00812327 -0.015436 -0.00812327 4.83689e-05)
(-2.42468e-06 -0.0127975 -0.0154407 -0.0127975 3.45176e-05 -0.00811993 -0.0154407 -0.00811993 6.06234e-05)
(7.20464e-05 -0.0127933 -0.0154199 -0.0127933 4.34493e-05 -0.00814785 -0.0154199 -0.00814785 9.52687e-05)
(2.61615e-05 -0.0127919 -0.0154263 -0.0127919 2.99975e-05 -0.00811666 -0.0154263 -0.00811666 7.90986e-05)
(-4.9224e-05 -0.0128121 -0.0154546 -0.0128121 8.27742e-05 -0.00810797 -0.0154546 -0.00810797 8.29402e-05)
(2.70864e-05 -0.0127938 -0.015428 -0.0127938 3.43411e-05 -0.00811355 -0.015428 -0.00811355 8.39438e-05)
(-5.44398e-05 -0.012804 -0.0154432 -0.012804 5.44823e-05 -0.008107 -0.0154432 -0.008107 8.37696e-05)
(-0.000106796 -0.0128149 -0.0154558 -0.0128149 8.22422e-05 -0.00810457 -0.0154558 -0.00810457 8.17748e-05)
(7.00779e-05 -0.0127991 -0.015426 -0.0127991 3.25803e-05 -0.00813575 -0.015426 -0.00813575 4.72555e-05)
(6.70583e-05 -0.0127916 -0.015423 -0.0127916 4.423e-05 -0.00814826 -0.015423 -0.00814826 8.14391e-05)
(6.4143e-05 -0.0127942 -0.0154235 -0.0127942 3.73416e-05 -0.00814215 -0.0154235 -0.00814215 6.27419e-05)
(-1.83686e-05 -0.0127983 -0.0154381 -0.0127983 3.49625e-05 -0.00811229 -0.0154381 -0.00811229 8.49968e-05)
(1.45946e-05 -0.0128052 -0.0154466 -0.0128052 6.24582e-05 -0.00811056 -0.0154466 -0.00811056 8.26446e-05)
(8.67455e-05 -0.0127957 -0.0154174 -0.0127957 3.43796e-05 -0.00811439 -0.0154174 -0.00811439 9.24539e-05)
(2.87367e-05 -0.0127892 -0.0154269 -0.0127892 2.29661e-05 -0.00812353 -0.0154269 -0.00812353 8.59147e-05)
(6.34407e-06 -0.0127974 -0.0154362 -0.0127974 4.22095e-05 -0.00811526 -0.0154362 -0.00811526 7.2862e-05)
(8.63549e-05 -0.0128002 -0.0154115 -0.0128002 3.48305e-05 -0.00813971 -0.0154115 -0.00813971 0.000103181)
(-4.07376e-05 -0.0128081 -0.0154504 -0.0128081 5.08494e-05 -0.00810663 -0.0154504 -0.00810663 8.76745e-05)
(-0.000136473 -0.0128213 -0.0154547 -0.0128213 8.35618e-05 -0.00811179 -0.0154547 -0.00811179 7.48285e-05)
(2.0231e-05 -0.0127889 -0.0154185 -0.0127889 3.25444e-05 -0.00811562 -0.0154185 -0.00811562 9.55665e-05)
(3.21722e-05 -0.0127888 -0.0154187 -0.0127888 2.53411e-05 -0.0081226 -0.0154187 -0.0081226 7.98987e-05)
(1.86073e-05 -0.0127894 -0.0154243 -0.0127894 2.51957e-05 -0.00811947 -0.0154243 -0.00811947 7.27927e-05)
(3.20806e-05 -0.0127888 -0.0154306 -0.0127888 2.38074e-05 -0.00812752 -0.0154306 -0.00812752 5.58786e-05)
(-3.42557e-05 -0.0128054 -0.0154472 -0.0128054 6.94289e-05 -0.00810999 -0.0154472 -0.00810999 8.15317e-05)
(-0.000169821 -0.012838 -0.0154403 -0.012838 0.000111073 -0.00811398 -0.0154403 -0.00811398 8.00112e-05)
(-0.000191003 -0.0128249 -0.015462 -0.0128249 0.000102013 -0.00809817 -0.015462 -0.00809817 8.62087e-05)
(0.000113022 -0.0128189 -0.015418 -0.0128189 0.000105398 -0.008155 -0.015418 -0.008155 5.33397e-05)
(0.000103184 -0.0128027 -0.0154255 -0.0128027 7.83007e-05 -0.00814659 -0.0154255 -0.00814659 4.31572e-05)
(0.000125617 -0.0128558 -0.0154163 -0.0128558 0.000135 -0.00815104 -0.0154163 -0.00815104 4.08421e-05)
(5.60891e-05 -0.0127916 -0.015423 -0.0127916 2.46588e-05 -0.00812433 -0.015423 -0.00812433 5.40052e-05)
(-0.000173262 -0.0128392 -0.0154409 -0.0128392 0.000109607 -0.00811346 -0.0154409 -0.00811346 8.07965e-05)
(-7.35023e-05 -0.0128152 -0.0154584 -0.0128152 7.26855e-05 -0.00810048 -0.0154584 -0.00810048 8.83055e-05)
(-0.000129254 -0.0128146 -0.0154555 -0.0128146 8.09923e-05 -0.00810419 -0.0154555 -0.00810419 8.28076e-05)
(6.65912e-06 -0.0127935 -0.0154357 -0.0127935 2.65372e-05 -0.00812158 -0.0154357 -0.00812158 5.78995e-05)
(2.06756e-05 -0.0127911 -0.0154281 -0.0127911 2.45775e-05 -0.00812006 -0.0154281 -0.00812006 7.94414e-05)
(-4.86955e-05 -0.012807 -0.0154489 -0.012807 6.59525e-05 -0.00810363 -0.0154489 -0.00810363 8.88893e-05)
(0.000106092 -0.0128155 -0.0154119 -0.0128155 7.15266e-05 -0.00815537 -0.0154119 -0.00815537 8.23657e-05)
(5.94718e-05 -0.0127952 -0.0154227 -0.0127952 3.40378e-05 -0.00813904 -0.0154227 -0.00813904 5.28737e-05)
(-6.26356e-05 -0.0128074 -0.0154485 -0.0128074 6.34519e-05 -0.0081074 -0.0154485 -0.0081074 8.46067e-05)
(5.57129e-05 -0.0127907 -0.0154256 -0.0127907 2.69294e-05 -0.00813481 -0.0154256 -0.00813481 5.76039e-05)
(3.3685e-05 -0.0127907 -0.0154287 -0.0127907 1.99851e-05 -0.0081258 -0.0154287 -0.0081258 5.24239e-05)
(2.70352e-05 -0.012789 -0.0154295 -0.012789 2.02327e-05 -0.00812478 -0.0154295 -0.00812478 6.07541e-05)
(-1.08918e-05 -0.0127963 -0.0154324 -0.0127963 3.52708e-05 -0.0081122 -0.0154324 -0.0081122 9.45931e-05)
(1.92476e-05 -0.0127939 -0.0154303 -0.0127939 3.82478e-05 -0.00811495 -0.0154303 -0.00811495 7.90225e-05)
(-1.33365e-05 -0.0128069 -0.0154501 -0.0128069 6.83275e-05 -0.00811121 -0.0154501 -0.00811121 8.12579e-05)
(1.94288e-05 -0.0127976 -0.0154344 -0.0127976 3.89065e-05 -0.00811279 -0.0154344 -0.00811279 8.25258e-05)
(3.08875e-05 -0.0127905 -0.0154234 -0.0127905 2.40868e-05 -0.0081215 -0.0154234 -0.0081215 7.21746e-05)
(-0.000112993 -0.0128171 -0.015455 -0.0128171 8.19535e-05 -0.00810844 -0.015455 -0.00810844 7.64271e-05)
(6.25234e-05 -0.0127954 -0.0154275 -0.0127954 2.83765e-05 -0.00813389 -0.0154275 -0.00813389 4.58678e-05)
(-3.25441e-06 -0.0128005 -0.0154387 -0.0128005 3.52209e-05 -0.0081135 -0.0154387 -0.0081135 7.50113e-05)
(4.21744e-05 -0.0127894 -0.0154198 -0.0127894 2.3476e-05 -0.00812874 -0.0154198 -0.00812874 7.62085e-05)
(-1.06979e-05 -0.0127966 -0.015434 -0.0127966 3.45764e-05 -0.00811269 -0.015434 -0.00811269 8.55532e-05)
(-3.37313e-05 -0.0128087 -0.0154515 -0.0128087 7.87175e-05 -0.00810525 -0.0154515 -0.00810525 8.62835e-05)
(7.97927e-05 -0.0127955 -0.0154147 -0.0127955 2.84215e-05 -0.00811995 -0.0154147 -0.00811995 9.62256e-05)
(-0.000103518 -0.0128131 -0.0154557 -0.0128131 6.96122e-05 -0.00810125 -0.0154557 -0.00810125 9.15052e-05)
(-6.56787e-05 -0.0128067 -0.0154475 -0.0128067 6.61934e-05 -0.00811396 -0.0154475 -0.00811396 7.24719e-05)
(4.36505e-05 -0.0127895 -0.0154166 -0.0127895 2.65934e-05 -0.00812001 -0.0154166 -0.00812001 8.66778e-05)
(3.82756e-05 -0.0127974 -0.0154305 -0.0127974 3.24067e-05 -0.00812645 -0.0154305 -0.00812645 0.000121009)
(-0.000101899 -0.0128132 -0.0154546 -0.0128132 6.91641e-05 -0.00810325 -0.0154546 -0.00810325 8.82756e-05)
(8.43608e-06 -0.0127909 -0.0154224 -0.0127909 3.40048e-05 -0.0081148 -0.0154224 -0.0081148 9.64738e-05)
(4.36971e-05 -0.0127899 -0.0154196 -0.0127899 2.28484e-05 -0.00812789 -0.0154196 -0.00812789 6.9773e-05)
(2.52725e-05 -0.012787 -0.0154187 -0.012787 2.38683e-05 -0.00812332 -0.0154187 -0.00812332 7.46002e-05)
(-3.74602e-06 -0.0128026 -0.0154491 -0.0128026 6.19348e-05 -0.00812733 -0.0154491 -0.00812733 6.51765e-05)
(3.75057e-05 -0.0127909 -0.015424 -0.0127909 3.4094e-05 -0.00811996 -0.015424 -0.00811996 7.47268e-05)
(-6.56798e-05 -0.0128079 -0.0154492 -0.0128079 5.87644e-05 -0.00810981 -0.0154492 -0.00810981 7.58874e-05)
(-0.00011908 -0.012841 -0.0154152 -0.012841 0.000113113 -0.00811056 -0.0154152 -0.00811056 9.29251e-05)
(0.00015895 -0.0128108 -0.0154127 -0.0128108 0.000115911 -0.00815033 -0.0154127 -0.00815033 6.25424e-05)
