/*--------------------------------*- C++ -*----------------------------------*\
  =========                 |
  \\      /  F ield         | OpenFOAM: The Open Source CFD Toolbox
   \\    /   O peration     | Website:  https://openfoam.org
    \\  /    A nd           | Version:  10
     \\/     M anipulation  |
\*---------------------------------------------------------------------------*/
FoamFile
{
    format      ascii;
    class       volTensorField;
    location    "12";
    object      TauNN;
}
// * * * * * * * * * * * * * * * * * * * * * * * * * * * * * * * * * * * * * //

dimensions      [0 2 -2 0 0 0 0];

internalField   nonuniform List<tensor> 
25600
(
(0.000184892 -1.59545e-05 0.000112894 -1.59545e-05 0.000144922 -8.84943e-06 0.000112894 -8.84943e-06 3.54558e-05)
(0.000264136 3.71486e-05 0.000187756 3.71486e-05 0.000146127 8.97888e-06 0.000187756 8.97888e-06 0.000133909)
(0.000336927 0.000110211 0.000255911 0.000110211 0.000196459 7.86772e-05 0.000255911 7.86772e-05 0.000282233)
(0.000302562 0.000124866 0.000192169 0.000124866 0.000266065 9.99682e-05 0.000192169 9.99682e-05 0.000240745)
(0.000202555 4.42751e-05 9.82964e-05 4.42751e-05 0.000326539 3.72855e-05 9.82964e-05 3.72855e-05 0.000107662)
(0.000127959 -1.5866e-05 6.49234e-05 -1.5866e-05 0.000257158 -9.52929e-05 6.49234e-05 -9.52929e-05 0.000140335)
(0.000111242 -3.10941e-05 6.97393e-05 -3.10941e-05 0.000154582 -9.91449e-05 6.97393e-05 -9.91449e-05 0.000309949)
(0.000120691 -3.70964e-05 1.59638e-05 -3.70964e-05 9.92143e-05 -2.32691e-05 1.59638e-05 -2.32691e-05 0.000367015)
(0.000153915 -3.3089e-05 2.4938e-05 -3.3089e-05 9.42302e-05 1.42073e-05 2.4938e-05 1.42073e-05 0.000234196)
(0.000219514 -1.10194e-05 0.000140551 -1.10194e-05 0.000117168 2.95835e-05 0.000140551 2.95835e-05 0.00014842)
(0.000280831 3.81339e-05 0.000204476 3.81339e-05 0.000139158 -8.17794e-06 0.000204476 -8.17794e-06 0.000195759)
(0.000308941 7.10627e-05 0.000182744 7.10627e-05 0.000162793 -8.63802e-06 0.000182744 -8.63802e-06 0.000256391)
(0.000273349 6.83367e-05 0.000166722 6.83367e-05 0.000245544 4.30625e-05 0.000166722 4.30625e-05 0.000148393)
(0.000238632 0.00013431 7.38623e-05 0.00013431 0.000509609 -1.8999e-06 7.38623e-05 -1.8999e-06 7.01375e-05)
(0.000265293 0.000221775 -1.23912e-05 0.000221775 0.000979585 -0.000116592 -1.23912e-05 -0.000116592 0.000182988)
(0.000275736 0.00011701 3.26773e-05 0.00011701 0.000915871 -7.73035e-05 3.26773e-05 -7.73035e-05 0.0002342)
(0.000244588 -2.26712e-05 9.53693e-05 -2.26712e-05 0.000345243 -4.47035e-06 9.53693e-05 -4.47035e-06 0.000115818)
(0.000268858 3.57246e-05 0.000123789 3.57246e-05 0.000221375 -1.26958e-05 0.000123789 -1.26958e-05 7.68264e-05)
(0.00035337 6.44783e-05 0.000195473 6.44783e-05 0.000540068 8.26158e-05 0.000195473 8.26158e-05 0.000174193)
(0.000381451 -1.93873e-05 0.000207856 -1.93873e-05 0.000877201 0.000282415 0.000207856 0.000282415 0.000399895)
(0.000315916 -0.000140972 0.000153036 -0.000140972 0.000799297 0.000273556 0.000153036 0.000273556 0.000408548)
(0.000278739 -0.000171205 0.000143366 -0.000171205 0.000570017 0.000110855 0.000143366 0.000110855 0.000231921)
(0.000326261 -0.00014609 0.000160796 -0.00014609 0.000468009 -3.63877e-05 0.000160796 -3.63877e-05 0.000144117)
(0.000370718 -7.03828e-05 0.00016672 -7.03828e-05 0.000389019 -8.87662e-05 0.00016672 -8.87662e-05 0.00016047)
(0.000380197 -1.28811e-05 0.000153271 -1.28811e-05 0.000332716 -9.91048e-05 0.000153271 -9.91048e-05 0.000169228)
(0.000382922 9.91393e-06 0.000137235 9.91393e-06 0.000307676 -0.000100036 0.000137235 -0.000100036 0.00017159)
(0.000395006 1.74679e-05 0.000141221 1.74679e-05 0.000288795 -0.000103297 0.000141221 -0.000103297 0.000177549)
(0.000416592 3.27639e-05 0.000136845 3.27639e-05 0.000287795 -0.000127974 0.000136845 -0.000127974 0.000243543)
(0.000393065 5.12423e-05 0.000133466 5.12423e-05 0.000266973 -0.000120318 0.000133466 -0.000120318 0.000264916)
(0.000330056 7.08196e-05 0.00013575 7.08196e-05 0.000219599 -7.61654e-05 0.00013575 -7.61654e-05 0.000211663)
(0.000238561 5.37727e-05 0.000126775 5.37727e-05 0.000188157 -1.79391e-05 0.000126775 -1.79391e-05 0.000105264)
(0.000183636 2.35811e-05 0.000108348 2.35811e-05 0.000185894 -1.77883e-05 0.000108348 -1.77883e-05 8.69173e-05)
(0.000168231 1.58194e-05 8.33441e-05 1.58194e-05 0.000169014 -4.26387e-05 8.33441e-05 -4.26387e-05 0.000129144)
(0.000184965 1.59536e-06 9.57241e-05 1.59536e-06 0.000163633 -5.65471e-05 9.57241e-05 -5.65471e-05 0.000117648)
(0.000246242 -1.46916e-05 0.00018222 -1.46916e-05 0.00015693 -7.41836e-05 0.00018222 -7.41836e-05 0.000146848)
(0.000318947 2.35979e-05 0.000235543 2.35979e-05 0.000152087 -7.44974e-05 0.000235543 -7.44974e-05 0.000269377)
(0.000339268 6.1973e-05 0.000194559 6.1973e-05 0.000171433 -3.71849e-05 0.000194559 -3.71849e-05 0.000297712)
(0.000287682 4.97745e-05 0.000139371 4.97745e-05 0.000194747 -2.58209e-05 0.000139371 -2.58209e-05 0.000149846)
(0.000192903 5.60842e-06 0.000122954 5.60842e-06 0.000180916 -9.13441e-06 0.000122954 -9.13441e-06 5.13384e-05)
(0.000157362 -1.48062e-05 0.000105953 -1.48062e-05 0.000155909 -2.47639e-06 0.000105953 -2.47639e-06 4.47086e-05)
(0.00017603 -1.63e-05 0.000117216 -1.63e-05 0.000177217 1.0971e-06 0.000117216 1.0971e-06 4.38539e-05)
(0.000249799 -1.79429e-05 0.000143948 -1.79429e-05 0.000192672 -4.26713e-05 0.000143948 -4.26713e-05 3.54942e-05)
(0.000441758 -6.13928e-05 0.000235589 -6.13928e-05 0.000270288 -0.000173332 0.000235589 -0.000173332 0.000160064)
(0.000572819 2.84724e-05 0.000370651 2.84724e-05 0.000212693 -0.000188997 0.000370651 -0.000188997 0.000454876)
(0.000358567 0.00013613 0.000283973 0.00013613 0.000161443 -1.44569e-05 0.000283973 -1.44569e-05 0.000305523)
(0.000113013 4.73568e-05 9.03662e-05 4.73568e-05 0.000164292 -2.02088e-05 9.03662e-05 -2.02088e-05 -1.8708e-05)
(0.000163173 -4.63305e-05 0.000192186 -4.63305e-05 0.000145662 -9.84641e-05 0.000192186 -9.84641e-05 0.000344721)
(0.000232007 -5.34076e-05 0.000191804 -5.34076e-05 0.000133895 6.71577e-05 0.000191804 6.71577e-05 0.000484199)
(0.000228823 -4.014e-05 0.000157443 -4.014e-05 0.000268465 7.45961e-05 0.000157443 7.45961e-05 0.000120864)
(0.000340712 -2.58684e-05 0.000152318 -2.58684e-05 0.000362842 -0.000115347 0.000152318 -0.000115347 6.03827e-05)
(0.00037861 2.10851e-06 0.000137444 2.10851e-06 0.000320027 -0.000141335 0.000137444 -0.000141335 0.000115304)
(0.000257581 6.26445e-05 0.000128825 6.26445e-05 0.000208802 -2.13226e-05 0.000128825 -2.13226e-05 1.41437e-05)
(0.00029109 0.000256952 -2.35448e-05 0.000256952 0.000397628 -9.74722e-05 -2.35448e-05 -9.74722e-05 7.16602e-05)
(0.000366391 0.000318415 -2.02311e-05 0.000318415 0.0003971 -0.000107773 -2.02311e-05 -0.000107773 0.000111629)
(0.000268014 0.000131615 0.00017333 0.000131615 9.73136e-05 -1.13025e-05 0.00017333 -1.13025e-05 4.86731e-05)
(0.000322938 0.000171642 8.96649e-05 0.000171642 0.000151825 -0.000106312 8.96649e-05 -0.000106312 0.000133651)
(0.000666891 0.000369286 4.02611e-06 0.000369286 0.000481843 -0.000130983 4.02611e-06 -0.000130983 0.00022826)
(0.000722168 0.000184922 0.000317769 0.000184922 0.000420532 4.82099e-05 0.000317769 4.82099e-05 0.000257445)
(0.000486117 -1.97915e-05 0.000345957 -1.97915e-05 0.000284414 3.21707e-05 0.000345957 3.21707e-05 0.000344395)
(0.000265861 -2.98899e-05 0.000150871 -2.98899e-05 0.000307293 -2.7651e-05 0.000150871 -2.7651e-05 0.00025117)
(0.000427241 0.000121947 0.000231838 0.000121947 0.000592431 0.000144582 0.000231838 0.000144582 0.000470775)
(0.000791501 0.000353871 0.000496797 0.000353871 0.000855585 0.000409951 0.000496797 0.000409951 0.00111397)
(0.00104411 0.000500938 0.000559494 0.000500938 0.000935099 0.000508104 0.000559494 0.000508104 0.00167553)
(0.00115124 0.000522891 0.000528617 0.000522891 0.000821977 0.000458559 0.000528617 0.000458559 0.00193154)
(0.000945969 0.000407223 0.00036191 0.000407223 0.000585286 0.000221092 0.00036191 0.000221092 0.00145397)
(0.000604748 0.000237066 0.000207806 0.000237066 0.000440176 5.36768e-05 0.000207806 5.36768e-05 0.000682991)
(0.000381699 0.000116168 0.000139712 0.000116168 0.000342001 -8.5691e-06 0.000139712 -8.5691e-06 0.000249159)
(0.000270231 5.8867e-05 0.000110859 5.8867e-05 0.000270414 -2.94978e-05 0.000110859 -2.94978e-05 9.72098e-05)
(0.000290637 5.12153e-05 0.000130087 5.12153e-05 0.000247567 -3.39728e-05 0.000130087 -3.39728e-05 9.56707e-05)
(0.000369783 3.55737e-05 0.000205796 3.55737e-05 0.000216783 -5.51455e-05 0.000205796 -5.51455e-05 0.000168824)
(0.000349232 6.07595e-05 0.000225535 6.07595e-05 0.000174707 -3.05278e-05 0.000225535 -3.05278e-05 0.000198277)
(0.00023757 9.08067e-05 0.000141236 9.08067e-05 0.000236989 3.47532e-05 0.000141236 3.47532e-05 0.000124208)
(0.000147216 3.39765e-05 4.21004e-05 3.39765e-05 0.000427461 -3.48436e-05 4.21004e-05 -3.48436e-05 0.000105859)
(0.00014774 -2.53972e-05 3.96231e-05 -2.53972e-05 0.000517682 -0.000101274 3.96231e-05 -0.000101274 0.00016153)
(0.000160041 -1.13025e-05 7.23442e-05 -1.13025e-05 0.000280148 -2.67401e-05 7.23442e-05 -2.67401e-05 0.000108199)
(0.000186973 -5.46314e-06 0.000119956 -5.46314e-06 0.000156333 -2.11569e-05 0.000119956 -2.11569e-05 8.62945e-05)
(0.000203702 5.06546e-06 0.000114878 5.06546e-06 0.000170576 -4.32162e-05 0.000114878 -4.32162e-05 6.2225e-05)
(0.000167379 2.53823e-05 8.62358e-05 2.53823e-05 0.000168712 -3.51639e-05 8.62358e-05 -3.51639e-05 3.24543e-05)
(0.000117619 1.91694e-05 7.0896e-05 1.91694e-05 0.000164649 -2.75346e-05 7.0896e-05 -2.75346e-05 4.09512e-05)
(0.000125625 -1.2327e-05 9.07592e-05 -1.2327e-05 0.000162435 -9.89903e-06 9.07592e-05 -9.89903e-06 4.7042e-05)
(0.000265495 2.60305e-05 0.000201175 2.60305e-05 0.00039016 0.00016078 0.000201175 0.00016078 0.000288674)
(0.000242058 -9.20333e-06 0.000146925 -9.20333e-06 0.000397056 0.000243882 0.000146925 0.000243882 0.000441976)
(0.000266204 -0.000114607 0.000117809 -0.000114607 0.000514968 9.58722e-05 0.000117809 9.58722e-05 7.87661e-05)
(0.000498316 -0.000315847 0.000262989 -0.000315847 0.000564946 -0.000276526 0.000262989 -0.000276526 0.0001253)
(0.000529849 -0.000240332 0.000310645 -0.000240332 0.000437607 -0.000316321 0.000310645 -0.000316321 0.000205846)
(0.000289061 1.41719e-05 0.000189012 1.41719e-05 0.000163101 -0.000100626 0.000189012 -0.000100626 9.09476e-05)
(0.000322778 1.52616e-05 0.000152733 1.52616e-05 0.00014706 1.44206e-05 0.000152733 1.44206e-05 0.000155507)
(0.000449823 6.80657e-05 0.000125634 6.80657e-05 0.000229776 -3.28254e-05 0.000125634 -3.28254e-05 0.000232064)
(0.000390044 9.64133e-05 0.000122334 9.64133e-05 0.000346121 -0.000133152 0.000122334 -0.000133152 0.000226898)
(0.00037124 -8.71355e-05 0.000157044 -8.71355e-05 0.000493363 -0.000140638 0.000157044 -0.000140638 0.000106763)
(0.00043208 -0.000218612 0.000154651 -0.000218612 0.000422257 -8.65338e-05 0.000154651 -8.65338e-05 3.44393e-05)
(0.000433776 -6.77081e-05 0.000124831 -6.77081e-05 0.000195787 -3.65544e-05 0.000124831 -3.65544e-05 3.0361e-05)
(0.000298013 -9.08757e-05 0.000165461 -9.08757e-05 0.000127918 -3.52701e-05 0.000165461 -3.52701e-05 -5.3782e-05)
(0.000517692 7.44462e-05 0.000107507 7.44462e-05 0.000677256 -0.000255859 0.000107507 -0.000255859 0.000111088)
(0.00116572 0.000518871 -0.000197748 0.000518871 0.00189446 -0.000640702 -0.000197748 -0.000640702 0.000667863)
(0.0016137 0.000526603 -0.000463431 0.000526603 0.00242049 -0.000897957 -0.000463431 -0.000897957 0.00112601)
(0.00116476 0.000307032 -0.000291966 0.000307032 0.00137759 -0.000659017 -0.000291966 -0.000659017 0.000881482)
(0.000477249 0.000151095 8.21333e-05 0.000151095 0.00036975 -6.47902e-05 8.21333e-05 -6.47902e-05 0.000408161)
(0.000427701 0.000218702 0.000210132 0.000218702 0.000581387 0.000181711 0.000210132 0.000181711 0.000389568)
(0.000469645 0.000290098 0.000264473 0.000290098 0.000698631 0.000216633 0.000264473 0.000216633 0.00048663)
(0.000453222 0.000205131 0.000337366 0.000205131 0.000467783 0.000213482 0.000337366 0.000213482 0.000533976)
(0.000354943 0.000107136 0.000268994 0.000107136 0.0002267 8.23578e-05 0.000268994 8.23578e-05 0.000349502)
(0.000395105 0.000134387 0.000256924 0.000134387 0.000242804 6.55856e-05 0.000256924 6.55856e-05 0.000413054)
(0.000589226 0.000198328 0.000280933 0.000198328 0.000353269 0.000134006 0.000280933 0.000134006 0.000765953)
(0.000719617 0.000235139 0.000294207 0.000235139 0.00040467 0.000131443 0.000294207 0.000131443 0.0010107)
(0.000780466 0.000266511 0.000360193 0.000266511 0.000396461 0.000107926 0.000360193 0.000107926 0.00108144)
(0.000623352 0.000208047 0.000296647 0.000208047 0.000312898 3.72101e-05 0.000296647 3.72101e-05 0.00069503)
(0.000366749 0.00012242 0.000177275 0.00012242 0.000237638 1.45128e-05 0.000177275 1.45128e-05 0.000270219)
(0.000232624 6.16508e-05 0.000124197 6.16508e-05 0.000203243 1.24369e-05 0.000124197 1.24369e-05 0.000129476)
(0.000256767 5.37466e-05 0.000158972 5.37466e-05 0.000219483 3.40492e-05 0.000158972 3.40492e-05 0.000210121)
(0.000496444 0.000145999 0.000417573 0.000145999 0.000287148 0.000139902 0.000417573 0.000139902 0.000603784)
(0.000823987 0.000248731 0.000683591 0.000248731 0.000294362 0.000196223 0.000683591 0.000196223 0.00099366)
(0.00060905 0.000178101 0.00047487 0.000178101 0.000170704 9.54028e-05 0.00047487 9.54028e-05 0.000628778)
(0.00017861 3.78899e-05 0.000123658 3.78899e-05 8.13511e-05 -1.79159e-05 0.000123658 -1.79159e-05 1.36953e-06)
(0.000179141 3.17926e-05 0.000196977 3.17926e-05 0.000166987 4.36446e-05 0.000196977 4.36446e-05 8.63466e-05)
(0.000206606 5.55376e-05 0.000179667 5.55376e-05 0.000213322 2.60696e-05 0.000179667 2.60696e-05 3.63365e-05)
(0.000273864 5.89229e-05 0.000118222 5.89229e-05 0.00022309 -7.40485e-05 0.000118222 -7.40485e-05 8.93536e-05)
(0.000506849 8.3074e-05 0.000193689 8.3074e-05 0.00025305 -0.000191194 0.000193689 -0.000191194 0.000525545)
(0.000568659 9.12957e-05 0.000198642 9.12957e-05 0.000287373 -0.000227541 0.000198642 -0.000227541 0.000488374)
(0.000388103 6.17104e-05 0.00014675 6.17104e-05 0.000358875 -8.4253e-05 0.00014675 -8.4253e-05 0.000100683)
(0.000497378 3.7035e-05 0.000175394 3.7035e-05 0.000511935 -0.000292306 0.000175394 -0.000292306 0.000430217)
(0.000571023 7.36117e-05 0.000197591 7.36117e-05 0.000459595 -0.000256419 0.000197591 -0.000256419 0.000580494)
(0.000384789 3.01106e-05 0.000165965 3.01106e-05 0.000336561 -0.000116238 0.000165965 -0.000116238 0.000241535)
(0.00029653 -6.10221e-05 0.000161931 -6.10221e-05 0.000244404 -4.8277e-05 0.000161931 -4.8277e-05 0.000117121)
(0.000615468 -0.000131104 0.000354245 -0.000131104 0.000406547 -9.43206e-05 0.000354245 -9.43206e-05 0.000306101)
(0.00115698 6.41085e-05 0.000560313 6.41085e-05 0.000557608 -0.000402516 0.000560313 -0.000402516 0.0014486)
(0.00122851 0.000384475 0.000232054 0.000384475 0.000413099 -0.000442174 0.000232054 -0.000442174 0.00269205)
(0.000971114 0.000200585 -2.04332e-05 0.000200585 0.000542427 0.000253264 -2.04332e-05 0.000253264 0.00212216)
(0.00117328 0.000187321 0.000121709 0.000187321 0.00221689 0.000859726 0.000121709 0.000859726 0.00114992)
(0.0012296 0.000735614 0.000469537 0.000735614 0.0025511 0.00101255 0.000469537 0.00101255 0.00149689)
(0.0014786 0.00065558 0.000983397 0.00065558 0.00114448 0.000683253 0.000983397 0.000683253 0.00234076)
(0.00120732 0.000237597 0.000800077 0.000237597 0.000389016 -5.16735e-05 0.000800077 -5.16735e-05 0.00164231)
(0.000793115 0.000116204 0.000261372 0.000116204 0.0020223 -0.000459703 0.000261372 -0.000459703 0.000530768)
(0.00143725 0.000179178 0.000233928 0.000179178 0.00479523 0.000710561 0.000233928 0.000710561 0.00111937)
(0.0017059 8.26549e-06 8.78619e-05 8.26549e-06 0.0047843 0.00125581 8.78619e-05 0.00125581 0.00154186)
(0.000968514 -0.000248329 9.87649e-05 -0.000248329 0.00314502 0.000799092 9.87649e-05 0.000799092 0.000918099)
(0.00043472 -0.000437682 5.08493e-05 -0.000437682 0.00103892 0.000239426 5.08493e-05 0.000239426 0.000266784)
(0.000229119 -0.000176385 7.78139e-05 -0.000176385 0.000339188 7.12462e-07 7.78139e-05 7.12462e-07 9.03785e-06)
(0.000301587 -8.56072e-06 0.000115361 -8.56072e-06 0.00035701 -0.000101034 0.000115361 -0.000101034 4.68966e-05)
(0.000476498 0.00015394 0.000127947 0.00015394 0.000684812 -0.000166806 0.000127947 -0.000166806 0.000180356)
(0.000598392 0.00026819 0.000285659 0.00026819 0.00142535 0.000227575 0.000285659 0.000227575 0.000441734)
(0.000764454 2.43727e-06 -0.000219644 2.43727e-06 0.00215464 0.00116008 -0.000219644 0.00116008 0.00148467)
(0.000694683 -0.00022755 -0.000642475 -0.00022755 0.00171983 0.00121656 -0.000642475 0.00121656 0.00184987)
(0.000275529 -0.000116856 -0.000110228 -0.000116856 0.000638167 0.000302389 -0.000110228 0.000302389 0.000576189)
(0.000234604 -2.68873e-06 0.000141907 -2.68873e-06 0.000254921 -9.20761e-05 0.000141907 -9.20761e-05 0.000121862)
(0.000389234 7.41407e-05 0.000215104 7.41407e-05 0.00022799 -8.5067e-05 0.000215104 -8.5067e-05 0.000386377)
(0.000453521 6.29071e-05 0.000271488 6.29071e-05 0.000244758 -0.000101964 0.000271488 -0.000101964 0.000490153)
(0.000366312 -2.24309e-05 0.000252899 -2.24309e-05 0.000225971 -0.000119613 0.000252899 -0.000119613 0.000267558)
(0.000263221 -1.53314e-05 0.000170298 -1.53314e-05 0.00015645 -5.71487e-05 0.000170298 -5.71487e-05 0.00012046)
(0.000330023 0.000110663 0.000180252 0.000110663 0.000233149 -7.24383e-06 0.000180252 -7.24383e-06 0.000194374)
(0.000340302 0.00017094 0.000172103 0.00017094 0.000392056 6.21509e-05 0.000172103 6.21509e-05 0.000238971)
(0.00018451 6.21434e-05 6.57244e-05 6.21434e-05 0.000219833 -9.62988e-07 6.57244e-05 -9.62988e-07 0.000118396)
(0.00012472 -3.73367e-06 0.000126166 -3.73367e-06 7.7908e-05 3.18568e-05 0.000126166 3.18568e-05 0.000170459)
(0.000316143 2.32933e-05 0.000219923 2.32933e-05 0.000290145 0.00022277 0.000219923 0.00022277 0.000545658)
(0.000237848 -2.3935e-06 0.000177398 -2.3935e-06 0.000256827 0.000122417 0.000177398 0.000122417 0.000324314)
(0.00016644 -3.31588e-05 0.000128893 -3.31588e-05 0.000175711 2.15229e-06 0.000128893 2.15229e-06 7.17754e-05)
(0.000275536 -3.9516e-05 0.000120319 -3.9516e-05 0.000325158 -4.67822e-05 0.000120319 -4.67822e-05 0.000128466)
(0.000406444 -5.50216e-05 0.000160878 -5.50216e-05 0.000514244 -5.74179e-05 0.000160878 -5.74179e-05 0.000214391)
(0.000456409 -4.26555e-05 0.000204133 -4.26555e-05 0.000746912 4.70029e-05 0.000204133 4.70029e-05 0.00020621)
(0.000407047 -1.16117e-05 0.000159701 -1.16117e-05 0.000676207 -0.000104767 0.000159701 -0.000104767 0.00011502)
(0.00036818 -5.07804e-05 0.000132841 -5.07804e-05 0.000497166 -0.000105388 0.000132841 -0.000105388 0.00143894)
(0.00025467 -1.4158e-05 4.23687e-05 -1.4158e-05 0.000352092 2.73529e-06 4.23687e-05 2.73529e-06 0.000629491)
(0.000241983 -1.37286e-05 0.000106696 -1.37286e-05 0.000231943 -7.21077e-05 0.000106696 -7.21077e-05 0.000190272)
(0.000672748 0.000109888 0.000547543 0.000109888 0.000329434 0.000141904 0.000547543 0.000141904 0.000957852)
(0.000987409 0.000253269 0.000378747 0.000253269 0.000462322 -3.91277e-05 0.000378747 -3.91277e-05 0.00165719)
(0.000816037 3.39756e-05 6.01718e-05 3.39756e-05 0.000646726 -0.000435431 6.01718e-05 -0.000435431 0.000671707)
(0.000703001 -0.00029384 0.00021839 -0.00029384 0.000989743 -0.00012721 0.00021839 -0.00012721 9.37598e-05)
(0.0005352 4.39016e-05 0.000111895 4.39016e-05 0.00046793 -4.15929e-05 0.000111895 -4.15929e-05 1.22177e-05)
(0.000459916 0.000445659 0.000213049 0.000445659 0.000970106 0.000190174 0.000213049 0.000190174 0.000190743)
(0.000518789 7.89771e-05 4.80376e-05 7.89771e-05 0.00124691 0.000558821 4.80376e-05 0.000558821 0.000638785)
(0.000627741 -7.14427e-05 -0.000151586 -7.14427e-05 0.000567113 0.000225478 -0.000151586 0.000225478 0.000579307)
(0.00069569 0.00019782 3.94089e-05 0.00019782 0.000394353 -7.1873e-05 3.94089e-05 -7.1873e-05 0.000275772)
(0.000909494 0.000415912 0.000338256 0.000415912 0.0010692 9.97297e-05 0.000338256 9.97297e-05 0.000476424)
(0.000607287 0.000105401 0.000305215 0.000105401 0.000909786 0.000155224 0.000305215 0.000155224 0.000524101)
(0.000374534 -6.04736e-05 0.000164575 -6.04736e-05 0.000479331 4.08525e-05 0.000164575 4.08525e-05 0.000338693)
(0.000459585 0.000141247 8.28346e-05 0.000141247 0.000529071 -1.58576e-05 8.28346e-05 -1.58576e-05 0.000358291)
(0.000482826 0.000284029 -2.23601e-05 0.000284029 0.000541265 -4.36222e-05 -2.23601e-05 -4.36222e-05 0.000482091)
(0.000256111 3.36058e-05 -0.000126306 3.36058e-05 0.000267328 -4.15137e-05 -0.000126306 -4.15137e-05 0.000486492)
(0.000225729 -2.06754e-05 5.29764e-05 -2.06754e-05 0.000269124 2.89734e-05 5.29764e-05 2.89734e-05 0.000451751)
(0.000346983 -4.18555e-05 0.000185847 -4.18555e-05 0.000310508 -2.91932e-05 0.000185847 -2.91932e-05 0.000497672)
(0.000296643 -5.34169e-05 0.000123546 -5.34169e-05 0.000419272 -0.000121545 0.000123546 -0.000121545 0.000534245)
(0.000272012 0.000106741 -0.000106939 0.000106741 0.000672992 -0.000337904 -0.000106939 -0.000337904 0.00102088)
(0.000362964 9.09856e-05 -0.000469284 9.09856e-05 0.000563558 -0.000211862 -0.000469284 -0.000211862 0.00140187)
(0.000299483 -2.78465e-05 -0.000340081 -2.78465e-05 0.000326978 -1.97627e-05 -0.000340081 -1.97627e-05 0.000692871)
(0.000176413 -5.39469e-05 -5.99008e-05 -5.39469e-05 0.000197148 -1.54525e-05 -5.99008e-05 -1.54525e-05 0.000246195)
(0.000128452 -4.51421e-05 5.70109e-05 -4.51421e-05 0.00018175 -2.19326e-05 5.70109e-05 -2.19326e-05 0.000144065)
(0.000149074 -3.7929e-05 0.000105103 -3.7929e-05 0.000212322 7.87433e-06 0.000105103 7.87433e-06 0.000120441)
(0.000270741 -9.69917e-05 0.000138105 -9.69917e-05 0.000457488 -7.32858e-06 0.000138105 -7.32858e-06 5.7089e-05)
(0.000653935 -0.000192392 0.000273278 -0.000192392 0.000724432 -0.000452055 0.000273278 -0.000452055 0.000370179)
(0.00126206 -0.000172519 0.000558406 -0.000172519 0.000747806 -0.000797075 0.000558406 -0.000797075 0.0016423)
(0.00133995 8.02027e-05 0.000670573 8.02027e-05 0.000412039 -0.000478158 0.000670573 -0.000478158 0.00225067)
(0.000527088 0.000120941 0.000333361 0.000120941 0.000184834 -4.64637e-06 0.000333361 -4.64637e-06 0.000750769)
(8.66991e-05 1.28476e-05 9.35635e-05 1.28476e-05 0.000136589 -8.02865e-05 9.35635e-05 -8.02865e-05 0.000192404)
(0.000280114 -2.59597e-05 0.000143341 -2.59597e-05 0.00016041 -6.64899e-05 0.000143341 -6.64899e-05 0.00105365)
(0.000136199 -1.3764e-05 0.000104388 -1.3764e-05 0.000110451 -3.96697e-05 0.000104388 -3.96697e-05 0.00029017)
(0.000287608 -3.24287e-06 0.000125158 -3.24287e-06 0.000439092 0.000114705 0.000125158 0.000114705 0.000189272)
(0.000614754 4.59272e-05 0.000119489 4.59272e-05 0.00143396 0.000609768 0.000119489 0.000609768 0.000702362)
(0.000389411 -0.000140807 7.99764e-05 -0.000140807 0.00117403 0.000225532 7.99764e-05 0.000225532 0.000255815)
(0.000152737 -8.16956e-05 0.000123031 -8.16956e-05 0.000434234 -0.000218456 0.000123031 -0.000218456 0.000430874)
(0.000277159 -3.8635e-05 0.000153213 -3.8635e-05 0.000431203 -0.00025323 0.000153213 -0.00025323 0.00129062)
(0.000431445 -0.000208683 0.00027718 -0.000208683 0.000390011 -0.000366956 0.00027718 -0.000366956 0.00137338)
(0.00020382 -6.02193e-05 0.000124341 -6.02193e-05 0.000261166 -7.00857e-05 0.000124341 -7.00857e-05 0.000258424)
(0.00034093 -1.53473e-05 0.000159714 -1.53473e-05 0.000286285 -3.67351e-05 0.000159714 -3.67351e-05 0.000203473)
(0.000499449 3.47104e-05 0.000239711 3.47104e-05 0.000340548 4.07286e-05 0.000239711 4.07286e-05 0.000427902)
(0.000309121 2.00579e-05 0.000100177 2.00579e-05 0.000337706 -1.57822e-05 0.000100177 -1.57822e-05 0.000182788)
(0.000219388 -7.17891e-05 0.000151873 -7.17891e-05 0.00039977 -1.81524e-05 0.000151873 -1.81524e-05 0.000313233)
(0.000500535 -0.000325597 0.000178091 -0.000325597 0.000952837 -8.95932e-07 0.000178091 -8.95932e-07 0.000322237)
(0.00125717 -0.000823077 0.000314618 -0.000823077 0.00189541 -0.000650769 0.000314618 -0.000650769 0.000478446)
(0.0013914 -0.000574601 0.000227885 -0.000574601 0.00181585 -0.000924362 0.000227885 -0.000924362 0.000897254)
(0.000422362 4.49773e-05 0.000102354 4.49773e-05 0.000603225 -5.82263e-05 0.000102354 -5.82263e-05 5.73442e-05)
(0.000342498 -8.04579e-05 0.000448428 -8.04579e-05 0.00086705 -0.00033938 0.000448428 -0.00033938 0.000929952)
(0.000442595 -0.000245156 0.000710569 -0.000245156 0.00124154 -0.000955669 0.000710569 -0.000955669 0.00164)
(0.000315874 -0.000199858 0.00021128 -0.000199858 0.00115311 -0.000615617 0.00021128 -0.000615617 0.000778374)
(0.000308014 0.00020062 0.000171764 0.00020062 0.00243103 0.000185541 0.000171764 0.000185541 0.000520995)
(0.0011971 0.00094986 0.000560615 0.00094986 0.00410445 0.000990397 0.000560615 0.000990397 0.00119419)
(0.00215345 0.00124133 0.000723654 0.00124133 0.00442988 0.00126347 0.000723654 0.00126347 0.0017041)
(0.00132152 0.000989405 0.000609379 0.000989405 0.00312242 0.00107162 0.000609379 0.00107162 0.0012424)
(0.000435945 0.000307288 0.000198714 0.000307288 0.00108105 0.000256662 0.000198714 0.000256662 0.000411003)
(0.000181834 4.76018e-05 -1.61901e-05 4.76018e-05 0.000524471 -6.31223e-05 -1.61901e-05 -6.31223e-05 0.000321916)
(0.000136523 -8.93911e-05 -2.92733e-05 -8.93911e-05 0.000468645 -0.000320099 -2.92733e-05 -0.000320099 0.000759515)
(0.000146531 -3.05306e-05 4.62616e-05 -3.05306e-05 0.0005491 -0.00055393 4.62616e-05 -0.00055393 0.00102333)
(0.000163497 -9.75654e-06 0.000107945 -9.75654e-06 0.000635686 -0.000552049 0.000107945 -0.000552049 0.000930854)
(0.000166219 1.86227e-05 6.63288e-06 1.86227e-05 0.000541124 -0.000421509 6.63288e-06 -0.000421509 0.000718123)
(0.000194665 8.35741e-05 -0.000109687 8.35741e-05 0.000334542 -0.000218888 -0.000109687 -0.000218888 0.000526138)
(0.000192959 2.74777e-05 -0.000112979 2.74777e-05 0.000174208 -0.000103678 -0.000112979 -0.000103678 0.00050851)
(0.000218911 -4.20734e-05 -6.59842e-06 -4.20734e-05 0.000209254 8.5636e-05 -6.59842e-06 8.5636e-05 0.000644877)
(0.000566767 3.60515e-05 0.000147763 3.60515e-05 0.000642372 0.000456712 0.000147763 0.000456712 0.00119523)
(0.000562961 6.01979e-05 0.000172261 6.01979e-05 0.000861053 0.000522413 0.000172261 0.000522413 0.000985812)
(0.000322771 -0.000105843 0.000197029 -0.000105843 0.000516573 -4.61042e-05 0.000197029 -4.61042e-05 0.000176228)
(0.000821807 -0.000150666 0.000544125 -0.000150666 0.000418569 -0.000250296 0.000544125 -0.000250296 0.000735816)
(0.00149245 -4.99431e-05 0.00104722 -4.99431e-05 0.000368618 -0.000279898 0.00104722 -0.000279898 0.00167959)
(0.000889842 0.00011128 0.000694567 0.00011128 0.000206646 -0.000118908 0.000694567 -0.000118908 0.00108276)
(0.000197993 7.04257e-05 0.000111481 7.04257e-05 0.000158364 -2.06744e-05 0.000111481 -2.06744e-05 1.05811e-05)
(0.000245193 2.52444e-05 0.00024827 2.52444e-05 0.00024026 9.6906e-05 0.00024827 9.6906e-05 0.000171794)
(0.000175836 -6.18408e-05 0.000139935 -6.18408e-05 0.000249613 4.47156e-05 0.000139935 4.47156e-05 4.678e-05)
(0.000646975 5.07487e-05 0.000342719 5.07487e-05 0.000250799 -8.36514e-05 0.000342719 -8.36514e-05 0.00046833)
(0.00108886 0.000323189 0.000598587 0.000323189 0.000366467 0.000306084 0.000598587 0.000306084 0.00224559)
(0.000673509 -4.26471e-05 0.000196112 -4.26471e-05 0.000972852 0.000635494 0.000196112 0.000635494 0.0010904)
(0.000164423 -0.000369401 0.000146432 -0.000369401 0.00112459 -0.000276909 0.000146432 -0.000276909 0.000598725)
(0.000426241 -0.000273599 0.000256857 -0.000273599 0.000681182 -0.000761169 0.000256857 -0.000761169 0.00193484)
(0.000689751 0.000219039 0.000147317 0.000219039 0.00164643 0.000474527 0.000147317 0.000474527 0.000685474)
(0.000519348 7.62222e-05 0.000105775 7.62222e-05 0.00103491 0.00017289 0.000105775 0.00017289 0.000459241)
(0.000544539 0.00021543 0.000290364 0.00021543 0.000535556 0.000149637 0.000290364 0.000149637 0.00062493)
(0.000981853 0.000184173 0.000384916 0.000184173 0.000475 -6.8523e-05 0.000384916 -6.8523e-05 0.00132414)
(0.00124228 0.00027803 -0.000123262 0.00027803 0.000618703 -0.000350051 -0.000123262 -0.000350051 0.00189994)
(0.00117387 0.000452839 -0.000430301 0.000452839 0.000687382 -0.000395414 -0.000430301 -0.000395414 0.00158916)
(0.000912012 0.000333578 -7.68332e-05 0.000333578 0.000807544 -0.000302487 -7.68332e-05 -0.000302487 0.000966722)
(0.00108878 -5.12972e-06 0.000263222 -5.12972e-06 0.00119007 -0.000392004 0.000263222 -0.000392004 0.000916215)
(0.0013714 -0.0005121 0.000606777 -0.0005121 0.0010736 -0.000481497 0.000606777 -0.000481497 0.000885449)
(0.000791255 -0.000384997 0.000478249 -0.000384997 0.000420472 -0.000291588 0.000478249 -0.000291588 0.0003551)
(0.000237832 -5.44311e-05 0.000175121 -5.44311e-05 0.000174816 -0.00014247 0.000175121 -0.00014247 0.000142423)
(0.000377562 3.67267e-05 0.000215054 3.67267e-05 0.000180316 -9.05488e-05 0.000215054 -9.05488e-05 0.000215786)
(0.000480768 -0.000175511 0.000122434 -0.000175511 0.000584481 0.000224183 0.000122434 0.000224183 0.00041978)
(0.000987409 0.000756117 0.000367858 0.000756117 0.00356473 0.000777241 0.000367858 0.000777241 0.000857187)
(0.0011113 0.000769381 0.000387277 0.000769381 0.0049606 -0.000400277 0.000387277 -0.000400277 0.00136483)
(0.000395278 0.00028214 0.000212949 0.00028214 0.00448666 -0.0011618 0.000212949 -0.0011618 0.00142055)
(0.000202729 -5.50561e-05 0.000113243 -5.50561e-05 0.00168213 -0.000262391 0.000113243 -0.000262391 0.000402764)
(0.000536113 5.80093e-05 0.000224937 5.80093e-05 0.000528857 0.000260986 0.000224937 0.000260986 0.000675415)
(0.000880443 0.000316508 0.000140817 0.000316508 0.000456081 4.12762e-05 0.000140817 4.12762e-05 0.00143379)
(0.000655989 0.000177639 5.8203e-05 0.000177639 0.000598386 -0.000260061 5.8203e-05 -0.000260061 0.000507213)
(0.000469178 -4.43961e-05 0.000187892 -4.43961e-05 0.00075483 -8.85203e-05 0.000187892 -8.85203e-05 0.000285959)
(0.000397929 -0.000102129 0.000188095 -0.000102129 0.00062457 -6.83414e-05 0.000188095 -6.83414e-05 0.000217947)
(0.000415344 1.74809e-06 0.000193112 1.74809e-06 0.000385898 -7.9277e-05 0.000193112 -7.9277e-05 0.000233669)
(0.000380882 0.000138733 0.000131104 0.000138733 0.000396619 -1.5609e-06 0.000131104 -1.5609e-06 0.000227792)
(0.000165323 -3.32016e-05 0.000108936 -3.32016e-05 0.000245248 -1.78898e-05 0.000108936 -1.78898e-05 8.3164e-05)
(0.000342761 -8.58027e-06 0.000248032 -8.58027e-06 0.000356911 8.86768e-05 0.000248032 8.86768e-05 0.000284236)
(0.000522787 6.22096e-05 0.000315161 6.22096e-05 0.000573488 0.000179991 0.000315161 0.000179991 0.00044701)
(0.00036792 -8.03126e-05 0.000202943 -8.03126e-05 0.000414456 6.67144e-05 0.000202943 6.67144e-05 0.0003464)
(0.000460842 4.8724e-05 9.59933e-05 4.8724e-05 0.000299091 -8.8077e-05 9.59933e-05 -8.8077e-05 0.000353174)
(0.00060467 0.000252114 -7.89668e-06 0.000252114 0.000412007 -0.000131812 -7.89668e-06 -0.000131812 0.000328762)
(0.000504092 0.000129801 0.000183515 0.000129801 0.000283363 -4.70802e-05 0.000183515 -4.70802e-05 0.000171845)
(0.00066644 0.000156567 0.000387952 0.000156567 0.000234262 2.90945e-06 0.000387952 2.90945e-06 0.000698556)
(0.00110939 0.000359064 -0.000163537 0.000359064 0.000493146 -0.000451054 -0.000163537 -0.000451054 0.00155001)
(0.000998801 0.000400558 -0.000245093 0.000400558 0.000736644 -0.000535547 -0.000245093 -0.000535547 0.000950398)
(0.000336927 5.79394e-05 0.000150403 5.79394e-05 0.000326513 -5.56577e-05 0.000150403 -5.56577e-05 0.000116708)
(0.000193856 -0.000120035 -5.47832e-05 -0.000120035 0.000145117 8.87187e-05 -5.47832e-05 8.87187e-05 0.000404312)
(0.000485148 -0.000289241 -0.000182782 -0.000289241 0.000340154 0.000294793 -0.000182782 0.000294793 0.000806689)
(0.000434368 -0.000130203 0.000114187 -0.000130203 0.000379415 0.000109307 0.000114187 0.000109307 0.000191319)
(0.000366234 7.46893e-05 8.44058e-05 7.46893e-05 0.000227638 2.2077e-05 8.44058e-05 2.2077e-05 0.000243875)
(0.000658419 0.000173778 0.000138317 0.000173778 0.000866126 0.000442017 0.000138317 0.000442017 0.000919829)
(0.000630721 0.000179236 0.00027854 0.000179236 0.000635351 0.00026826 0.00027854 0.00026826 0.000703895)
(0.000674877 0.000112744 -4.79212e-05 0.000112744 0.00074247 0.000382776 -4.79212e-05 0.000382776 0.00103254)
(0.00116673 0.000450027 -0.000213305 0.000450027 0.00133749 0.000779378 -0.000213305 0.000779378 0.00303895)
(0.00147084 0.000539958 -0.000125902 0.000539958 0.00105427 0.000700691 -0.000125902 0.000700691 0.00411199)
(0.00146079 0.000495075 0.000141183 0.000495075 0.000834545 0.000580194 0.000141183 0.000580194 0.00372827)
(0.00148806 0.000709261 0.000495717 0.000709261 0.00250339 0.00135553 0.000495717 0.00135553 0.00258244)
(0.00276929 0.000861583 0.000473265 0.000861583 0.00496753 0.00135547 0.000473265 0.00135547 0.0021515)
(0.00296712 0.00130283 0.000728052 0.00130283 0.00481821 0.00164925 0.000728052 0.00164925 0.00243637)
(0.00126065 0.00115578 0.000621554 0.00115578 0.00224437 0.000746447 0.000621554 0.000746447 0.00127893)
(0.000416537 -5.94342e-05 0.000154798 -5.94342e-05 0.000539038 9.2946e-07 0.000154798 9.2946e-07 0.000276059)
(0.000646528 -0.000138373 0.000300094 -0.000138373 0.000937983 0.000185786 0.000300094 0.000185786 0.000424118)
(0.00038988 3.67938e-05 0.000236534 3.67938e-05 0.000299269 5.67334e-05 0.000236534 5.67334e-05 0.000347275)
(0.00125799 0.00101166 0.0008361 0.00101166 0.00179486 0.000644622 0.0008361 0.000644622 0.00129513)
(0.00199567 0.00127153 0.00130619 0.00127153 0.001889 0.000516404 0.00130619 0.000516404 0.00181305)
(0.000974812 0.00025012 0.00080261 0.00025012 0.000280519 -0.000120233 0.00080261 -0.000120233 0.00120944)
(0.00066753 0.000226682 0.00014022 0.000226682 0.000412244 -0.000567427 0.00014022 -0.000567427 0.000948299)
(0.00109793 0.00047441 -0.000145478 0.00047441 0.000590595 -0.000724418 -0.000145478 -0.000724418 0.00158247)
(0.000715579 0.000276381 -3.99519e-05 0.000276381 0.000380849 -0.000513368 -3.99519e-05 -0.000513368 0.00143028)
(0.000532029 0.000116605 2.94456e-05 0.000116605 0.000368541 -0.0002394 2.94456e-05 -0.0002394 0.000555607)
(0.000520991 1.17226e-05 8.62749e-05 1.17226e-05 0.000372621 4.29703e-05 8.62749e-05 4.29703e-05 0.000492518)
(0.00117844 0.000612101 0.000264792 0.000612101 0.00334521 0.00107897 0.000264792 0.00107897 0.00122341)
(0.00247061 0.000883156 0.000610808 0.000883156 0.00507216 0.00129216 0.000610808 0.00129216 0.00207665)
(0.00117779 0.00125385 0.000512451 0.00125385 0.00371515 0.000641084 0.000512451 0.000641084 0.0010063)
(0.000208587 0.000164671 3.30517e-05 0.000164671 0.000388598 -5.76181e-05 3.30517e-05 -5.76181e-05 0.000193827)
(0.000356778 -3.59053e-05 0.000168893 -3.59053e-05 0.00114333 0.000225477 0.000168893 0.000225477 0.000364856)
(0.000721179 2.84892e-05 0.000277082 2.84892e-05 0.00162585 0.00056309 0.000277082 0.00056309 0.000982031)
(0.000592268 -0.000188894 0.000435753 -0.000188894 0.000500193 0.000256736 0.000435753 0.000256736 0.0012436)
(0.000450761 7.10785e-06 2.19364e-05 7.10785e-06 0.000497827 -0.00029181 2.19364e-05 -0.00029181 0.00155241)
(0.00082447 0.000145666 -0.000692759 0.000145666 0.000455916 -0.000243885 -0.000692759 -0.000243885 0.00198853)
(0.00100296 -0.000403305 -0.000694712 -0.000403305 0.000450887 0.000609719 -0.000694712 0.000609719 0.00162038)
(0.000902146 -0.000581784 0.000191696 -0.000581784 0.00135731 0.000232186 0.000191696 0.000232186 0.000563876)
(0.00201464 -3.76916e-05 0.000438336 -3.76916e-05 0.00203553 -0.00147703 0.000438336 -0.00147703 0.00251299)
(0.00353718 0.000123691 -9.33055e-05 0.000123691 0.00256932 -0.00199077 -9.33055e-05 -0.00199077 0.00493302)
(0.00254224 0.000265222 -0.000176473 0.000265222 0.00138509 -0.00115723 -0.000176473 -0.00115723 0.00430205)
(0.000884258 0.000219072 0.000465985 0.000219072 0.000565711 0.000159679 0.000465985 0.000159679 0.000961682)
(0.00018795 9.4627e-05 -0.000314983 9.4627e-05 0.000276248 -0.000181863 -0.000314983 -0.000181863 0.000723061)
(0.00087492 -0.00014207 -0.000444453 -0.00014207 0.00129171 0.00117814 -0.000444453 0.00117814 0.00237424)
(0.0007916 0.000116451 -3.64212e-05 0.000116451 0.00231385 0.000940743 -3.64212e-05 0.000940743 0.000948446)
(0.000626766 -4.15184e-05 0.00020075 -4.15184e-05 0.00135587 -0.000319262 0.00020075 -0.000319262 0.000204071)
(0.000778491 0.000109773 0.000449145 0.000109773 0.000587744 -0.000426084 0.000449145 -0.000426084 0.00103487)
(0.00192388 0.000642271 0.000185115 0.000642271 0.000882644 0.000582693 0.000185115 0.000582693 0.00485916)
(0.00154637 0.000782463 -0.000113816 0.000782463 0.00216444 0.00123686 -0.000113816 0.00123686 0.00370447)
(0.00277215 0.00100779 0.000153009 0.00100779 0.0042777 0.00205618 0.000153009 0.00205618 0.00307545)
(0.00268276 0.000743738 0.000285769 0.000743738 0.00467505 0.00161247 0.000285769 0.00161247 0.0020772)
(0.000442103 0.000549018 0.000127692 0.000549018 0.00368728 -0.000141595 0.000127692 -0.000141595 0.000479319)
(-1.8087e-05 0.000154823 0.000264902 0.000154823 0.00253381 -0.0017147 0.000264902 -0.0017147 0.0022979)
(0.000423192 -0.000155859 0.000412416 -0.000155859 0.00116376 -0.00126905 0.000412416 -0.00126905 0.00416031)
(0.000214512 -0.000107461 0.000431091 -0.000107461 0.000595969 -0.000604446 0.000431091 -0.000604446 0.00171168)
(0.000133739 -7.01202e-05 0.000161069 -7.01202e-05 0.000384351 -0.00018815 0.000161069 -0.00018815 0.000295751)
(0.000318013 2.93721e-05 0.000170132 2.93721e-05 0.000498034 -3.93558e-05 0.000170132 -3.93558e-05 9.90082e-05)
(0.000616528 -4.35105e-05 0.000212129 -4.35105e-05 0.000395165 -0.000242677 0.000212129 -0.000242677 0.000363497)
(0.00102851 0.000448312 0.000446729 0.000448312 0.000576487 0.000137488 0.000446729 0.000137488 0.00104511)
(0.000366029 0.000180162 0.00011701 0.000180162 0.000275247 2.80999e-05 0.00011701 2.80999e-05 0.000215938)
(0.000412857 0.000271238 0.000211574 0.000271238 0.000761568 -6.04503e-05 0.000211574 -6.04503e-05 0.000109823)
(0.00116472 -0.000310731 0.000161455 -0.000310731 0.00573541 -0.00146412 0.000161455 -0.00146412 0.00201463)
(0.00351029 -0.000858435 -9.14317e-05 -0.000858435 0.00767549 -0.00335556 -9.14317e-05 -0.00335556 0.00521549)
(0.0071112 -0.000121939 0.00152845 -0.000121939 0.00693773 -0.00305488 0.00152845 -0.00305488 0.00814081)
(0.00563479 -0.000407587 0.00101629 -0.000407587 0.00568411 -0.00291957 0.00101629 -0.00291957 0.00681991)
(0.00308028 -0.000373089 4.3828e-05 -0.000373089 0.00312033 -0.001921 4.3828e-05 -0.001921 0.00364439)
(0.00214523 0.000334286 0.000789255 0.000334286 0.000672609 -6.23073e-05 0.000789255 -6.23073e-05 0.0033147)
(0.0033838 0.00150965 0.000811635 0.00150965 0.00323704 0.00203265 0.000811635 0.00203265 0.0062559)
(0.00371055 0.00110012 -0.000116684 0.00110012 0.004064 0.00271063 -0.000116684 0.00271063 0.00620823)
(0.00076545 0.000133844 3.16584e-05 0.000133844 0.000315483 0.000122981 3.16584e-05 0.000122981 0.000816051)
(0.00138153 0.000559334 0.000679245 0.000559334 0.000962517 0.000273306 0.000679245 0.000273306 0.000761946)
(0.000649196 0.000138822 0.000341328 0.000138822 0.000516473 2.78652e-05 0.000341328 2.78652e-05 0.000529534)
(0.000399472 3.32221e-05 0.000163787 3.32221e-05 0.000627804 -4.54755e-05 0.000163787 -4.54755e-05 0.000345204)
(0.000747746 0.000658553 0.000141716 0.000658553 0.00234212 0.000193224 0.000141716 0.000193224 0.000500137)
(0.000353922 0.000334523 -8.73832e-05 0.000334523 0.000912926 -0.000304671 -8.73832e-05 -0.000304671 0.00047045)
(0.00040698 -0.000264797 0.000143453 -0.000264797 0.000440296 0.000191019 0.000143453 0.000191019 0.000737004)
(0.0007664 -0.000195432 0.000281416 -0.000195432 0.00125468 0.000181388 0.000281416 0.000181388 0.000580872)
(0.000732515 -0.000229456 0.000192318 -0.000229456 0.00130167 -0.000140405 0.000192318 -0.000140405 0.000350271)
(0.000510296 -0.000158336 0.000198578 -0.000158336 0.000890932 -3.45809e-05 0.000198578 -3.45809e-05 0.000180707)
(0.000376902 -6.6747e-05 0.000173652 -6.6747e-05 0.000387012 -8.92887e-05 0.000173652 -8.92887e-05 0.000122038)
(0.000981984 0.00044632 0.000403451 0.00044632 0.000959814 0.000115985 0.000403451 0.000115985 0.000662203)
(0.000809937 0.000306095 0.00034016 0.000306095 0.000744163 5.90328e-05 0.00034016 5.90328e-05 0.000497155)
(0.00060616 1.24155e-05 0.000206957 1.24155e-05 0.00181026 0.000314115 0.000206957 0.000314115 0.000333283)
