/*--------------------------------*- C++ -*----------------------------------*\
  =========                 |
  \\      /  F ield         | OpenFOAM: The Open Source CFD Toolbox
   \\    /   O peration     | Website:  https://openfoam.org
    \\  /    A nd           | Version:  10
     \\/     M anipulation  |
\*---------------------------------------------------------------------------*/
FoamFile
{
    format      ascii;
    class       volTensorField;
    location    "11";
    object      TauNN;
}
// * * * * * * * * * * * * * * * * * * * * * * * * * * * * * * * * * * * * * //

dimensions      [0 2 -2 0 0 0 0];

internalField   nonuniform List<tensor> 
25600
(
(0.000255083 -4.32786e-06 0.000199467 -4.32786e-06 0.000143744 4.13312e-05 0.000199467 4.13312e-05 0.000154385)
(0.000252945 -2.04314e-05 0.00018785 -2.04314e-05 0.000194558 4.89382e-05 0.00018785 4.89382e-05 0.00018726)
(0.000210886 -4.07184e-05 0.000151164 -4.07184e-05 0.000204388 4.86318e-05 0.000151164 4.86318e-05 0.000186038)
(0.000167326 -4.93983e-05 0.000108158 -4.93983e-05 0.00018025 4.05358e-05 0.000108158 4.05358e-05 0.000210781)
(0.00014166 -3.59016e-05 6.36252e-05 -3.59016e-05 0.000175529 -1.39512e-06 6.36252e-05 -1.39512e-06 0.000218126)
(0.000127231 3.87989e-06 1.74772e-05 3.87989e-06 0.000183619 -4.95519e-05 1.74772e-05 -4.95519e-05 0.000167222)
(0.000141164 3.73023e-05 2.586e-05 3.73023e-05 0.000203278 -5.39636e-05 2.586e-05 -5.39636e-05 7.03597e-05)
(0.000188658 5.54286e-05 7.93859e-05 5.54286e-05 0.000210734 -2.27466e-05 7.93859e-05 -2.27466e-05 3.20236e-05)
(0.000223708 5.76507e-05 0.000118379 5.76507e-05 0.000191421 -1.2001e-05 0.000118379 -1.2001e-05 5.00037e-05)
(0.000232615 5.5219e-05 0.000128159 5.5219e-05 0.00018299 -7.10879e-06 0.000128159 -7.10879e-06 7.20018e-05)
(0.000225063 5.80121e-05 0.000124216 5.80121e-05 0.000221542 2.42945e-05 0.000124216 2.42945e-05 8.11201e-05)
(0.000268313 0.000115441 0.000144879 0.000115441 0.00040192 9.02638e-05 0.000144879 9.02638e-05 0.000140371)
(0.000360069 0.000224066 0.000213217 0.000224066 0.00060679 0.000187565 0.000213217 0.000187565 0.000254992)
(0.000412729 0.000257265 0.000255072 0.000257265 0.000538032 0.000197932 0.000255072 0.000197932 0.000313159)
(0.000343839 0.000147729 0.000239732 0.000147729 0.000206361 9.5265e-05 0.000239732 9.5265e-05 0.00025466)
(0.000246994 6.23213e-05 0.000158373 6.23213e-05 8.78436e-05 -4.43896e-05 0.000158373 -4.43896e-05 7.20223e-05)
(0.000244839 3.19071e-05 0.00016481 3.19071e-05 0.000240395 -1.98539e-05 0.00016481 -1.98539e-05 1.48076e-05)
(0.000295634 2.7841e-05 0.000190081 2.7841e-05 0.000443435 0.000103023 0.000190081 0.000103023 0.000121796)
(0.000317944 -4.44138e-05 0.000168557 -4.44138e-05 0.000587405 0.000148124 0.000168557 0.000148124 0.000151732)
(0.000353224 -0.00012096 0.000176941 -0.00012096 0.000618457 2.40281e-05 0.000176941 2.40281e-05 5.66006e-05)
(0.000368759 -9.00822e-05 0.000183791 -9.00822e-05 0.000413424 -9.4627e-05 0.000183791 -9.4627e-05 8.29708e-06)
(0.000313013 9.17166e-06 0.000148349 9.17166e-06 0.000246924 -9.28435e-05 0.000148349 -9.28435e-05 2.16144e-05)
(0.000231172 5.18635e-05 0.00012379 5.18635e-05 0.000175209 -3.19006e-05 0.00012379 -3.19006e-05 -2.02978e-06)
(0.000186196 1.5066e-05 0.000160219 1.5066e-05 0.000137138 2.5101e-05 0.000160219 2.5101e-05 3.08878e-05)
(0.000199943 -2.54344e-06 0.00019463 -2.54344e-06 0.000157435 3.87076e-05 0.00019463 3.87076e-05 0.000157518)
(0.000181268 -6.8415e-06 0.000154344 -6.8415e-06 0.000177597 2.91998e-05 0.000154344 2.91998e-05 0.000202754)
(0.000162796 6.10854e-06 7.70641e-05 6.10854e-06 0.00018705 -1.99145e-05 7.70641e-05 -1.99145e-05 0.000105912)
(0.000238784 5.49331e-05 8.62395e-05 5.49331e-05 0.000231845 -3.14154e-05 8.62395e-05 -3.14154e-05 6.46174e-05)
(0.000363224 0.000101491 0.000145416 0.000101491 0.000278422 -3.31951e-05 0.000145416 -3.31951e-05 0.00012205)
(0.000357526 4.91086e-05 0.000169644 4.91086e-05 0.000218741 -5.02514e-05 0.000169644 -5.02514e-05 8.94798e-05)
(0.000272482 -2.84938e-05 0.000116511 -2.84938e-05 0.000229002 -7.45859e-05 0.000116511 -7.45859e-05 -1.7435e-05)
(0.000295649 1.38935e-05 0.00013493 1.38935e-05 0.000393355 4.96861e-06 0.00013493 4.96861e-06 2.83088e-05)
(0.000300794 8.77362e-05 0.000165397 8.77362e-05 0.000380618 3.8946e-05 0.000165397 3.8946e-05 4.32037e-05)
(0.000220935 5.44908e-05 0.000130653 5.44908e-05 0.000199669 -8.11834e-06 0.000130653 -8.11834e-06 1.7296e-05)
(0.000280843 7.35223e-05 0.000167319 7.35223e-05 0.000228405 3.20859e-05 0.000167319 3.20859e-05 0.000202953)
(0.000519193 0.000206448 0.000377499 0.000206448 0.000366815 0.000134473 0.000377499 0.000134473 0.000570422)
(0.000581398 0.00022607 0.000422398 0.00022607 0.000276393 0.000111142 0.000422398 0.000111142 0.000591136)
(0.000352297 8.67061e-05 0.000250667 8.67061e-05 9.90099e-05 9.90182e-06 0.000250667 9.90182e-06 0.000256441)
(0.000172447 4.11551e-06 0.000135442 4.11551e-06 5.225e-05 -1.79261e-05 0.000135442 -1.79261e-05 3.68523e-05)
(0.00019943 2.98955e-06 0.00016904 2.98955e-06 0.000101323 2.01697e-05 0.00016904 2.01697e-05 7.73531e-05)
(0.000324067 2.90833e-05 0.000115808 2.90833e-05 0.000221731 -3.56454e-05 0.000115808 -3.56454e-05 0.000126322)
(0.00027737 2.25753e-05 8.64668e-05 2.25753e-05 0.000259353 3.44589e-07 8.64668e-05 3.44589e-07 0.000116029)
(0.000167875 2.3636e-05 7.66162e-05 2.3636e-05 0.000269036 -2.61515e-06 7.66162e-05 -2.61515e-06 4.53218e-05)
(9.73055e-05 3.23066e-05 5.22351e-05 3.23066e-05 0.000198236 -3.57432e-05 5.22351e-05 -3.57432e-05 4.60872e-05)
(0.000122209 2.74647e-05 7.1208e-05 2.74647e-05 0.000155756 -1.88444e-05 7.1208e-05 -1.88444e-05 3.73516e-05)
(0.000217101 3.26913e-05 0.000127826 3.26913e-05 0.000169427 -2.21692e-05 0.000127826 -2.21692e-05 4.64768e-05)
(0.000325962 6.34147e-05 0.000136918 6.34147e-05 0.000266306 -9.58033e-05 0.000136918 -9.58033e-05 0.000115728)
(0.000357878 8.4633e-05 0.000119356 8.4633e-05 0.000312471 -0.00012712 0.000119356 -0.00012712 0.0001547)
(0.00030302 4.21628e-05 0.000133393 4.21628e-05 0.00024929 -8.09245e-05 0.000133393 -8.09245e-05 0.000131697)
(0.000263481 1.95522e-05 0.000160773 1.95522e-05 0.000217771 1.21724e-06 0.000160773 1.21724e-06 0.000136863)
(0.000432795 0.000189546 0.000251155 0.000189546 0.000444865 9.02796e-05 0.000251155 9.02796e-05 0.000294283)
(0.000575144 0.000278485 0.000380078 0.000278485 0.000408815 0.000111504 0.000380078 0.000111504 0.000419331)
(0.000417944 0.000108613 0.000346236 0.000108613 9.6727e-05 -1.5948e-05 0.000346236 -1.5948e-05 0.000341104)
(0.000458515 0.000134675 0.000105569 0.000134675 0.000250052 -0.000221312 0.000105569 -0.000221312 0.000292895)
(0.000625525 0.000266269 1.56034e-05 0.000266269 0.000637457 -0.000232809 1.56034e-05 -0.000232809 0.000249938)
(0.000646618 0.000270674 0.000213452 0.000270674 0.00107099 7.62381e-06 0.000213452 7.62381e-06 0.00028755)
(0.000562696 0.000154489 0.000279056 0.000154489 0.00132988 0.000395857 0.000279056 0.000395857 0.000540125)
(0.000501965 3.77977e-05 0.000149366 3.77977e-05 0.00133888 0.00055998 0.000149366 0.00055998 0.00067408)
(0.000417896 -0.000118188 0.000154153 -0.000118188 0.00130303 0.000286912 0.000154153 0.000286912 0.000316721)
(0.000499795 -0.000231607 0.000210097 -0.000231607 0.00117536 -0.000216663 0.000210097 -0.000216663 0.000130676)
(0.000694437 -0.000256477 0.00023753 -0.000256477 0.00102143 -0.000467306 0.00023753 -0.000467306 0.000296579)
(0.000672739 -0.000230918 0.000197222 -0.000230918 0.000942574 -0.000370674 0.000197222 -0.000370674 0.000216996)
(0.000469939 -0.000120657 0.000177925 -0.000120657 0.000841037 -7.11717e-05 0.000177925 -7.11717e-05 7.91749e-05)
(0.000348433 -2.8057e-05 0.000192748 -2.8057e-05 0.000658594 0.000208468 0.000192748 0.000208468 0.000246503)
(0.000332128 -1.2612e-05 0.000226511 -1.2612e-05 0.000501511 0.000240462 0.000226511 0.000240462 0.000362952)
(0.00026255 -3.96278e-05 0.000185627 -3.96278e-05 0.000369949 0.00011901 0.000185627 0.00011901 0.000189013)
(0.000231005 -5.4325e-05 0.000132832 -5.4325e-05 0.000289563 3.82029e-06 0.000132832 3.82029e-06 3.97838e-05)
(0.000272449 -7.6279e-05 0.000129967 -7.6279e-05 0.000307849 -4.36511e-05 0.000129967 -4.36511e-05 2.01617e-05)
(0.000274146 -0.000122707 0.000130523 -0.000122707 0.000418396 6.78934e-07 0.000130523 6.78934e-07 3.11539e-05)
(0.000268363 -0.000102665 0.000130953 -0.000102665 0.00057714 0.000133241 0.000130953 0.000133241 0.000116699)
(0.000306683 -8.78377e-05 0.000128374 -8.78377e-05 0.000769957 0.000247547 0.000128374 0.000247547 0.000214423)
(0.000275241 -0.000108821 0.000115811 -0.000108821 0.000648248 0.000176843 0.000115811 0.000176843 0.000132937)
(0.000239617 -9.02358e-05 0.000108557 -9.02358e-05 0.000329282 -3.86313e-06 0.000108557 -3.86313e-06 -2.61075e-05)
(0.000274432 1.78358e-05 0.000158164 1.78358e-05 0.000164951 -5.57937e-05 0.000158164 -5.57937e-05 3.06216e-05)
(0.000286028 0.000108058 0.000226207 0.000108058 0.000158102 1.97925e-05 0.000226207 1.97925e-05 0.000187286)
(0.000229958 8.22172e-05 0.0001959 8.22172e-05 0.000167523 4.04837e-05 0.0001959 4.04837e-05 0.000179971)
(0.000177736 1.904e-05 0.000155977 1.904e-05 8.42817e-05 -1.51582e-05 0.000155977 -1.51582e-05 9.39189e-05)
(0.000211495 1.83471e-05 0.000170623 1.83471e-05 0.00011028 -3.81693e-05 0.000170623 -3.81693e-05 7.86426e-05)
(0.000284908 1.60821e-05 0.000185385 1.60821e-05 0.000245832 -4.39147e-05 0.000185385 -4.39147e-05 7.3604e-05)
(0.000326102 1.89319e-05 0.00016304 1.89319e-05 0.000248813 -5.90654e-05 0.00016304 -5.90654e-05 8.9809e-05)
(0.000476965 7.22418e-05 0.000161338 7.22418e-05 0.000246192 -6.85416e-05 0.000161338 -6.85416e-05 0.000372081)
(0.000265441 4.39454e-05 0.000118488 4.39454e-05 0.000200382 -2.52193e-05 0.000118488 -2.52193e-05 7.69663e-05)
(0.000117143 1.70078e-05 7.4028e-05 1.70078e-05 0.000138814 -2.44593e-05 7.4028e-05 -2.44593e-05 2.55597e-05)
(0.000128105 -2.02442e-05 0.000124478 -2.02442e-05 0.000141105 9.20519e-06 0.000124478 9.20519e-06 0.000113692)
(0.00022401 -3.66475e-06 0.000158379 -3.66475e-06 0.000222021 1.42567e-05 0.000158379 1.42567e-05 0.000125487)
(0.000319615 5.02234e-05 0.00013051 5.02234e-05 0.000294276 -4.07249e-05 0.00013051 -4.07249e-05 0.000144292)
(0.000360129 7.01845e-05 0.000122044 7.01845e-05 0.000284092 -5.58887e-05 0.000122044 -5.58887e-05 0.000252531)
(0.00055809 0.000185077 0.000300711 0.000185077 0.000369706 7.86614e-05 0.000300711 7.86614e-05 0.000569363)
(0.000920892 0.000457526 0.000542555 0.000457526 0.000671793 0.000249129 0.000542555 0.000249129 0.000795775)
(0.000743772 0.000530422 0.000328805 0.000530422 0.000753389 0.000143018 0.000328805 0.000143018 0.000374228)
(0.000217116 0.000234419 -5.41797e-05 0.000234419 0.000337137 -0.000118167 -5.41797e-05 -0.000118167 6.05843e-05)
(0.000109336 3.10149e-05 0.000126269 3.10149e-05 0.000102217 -7.40681e-06 0.000126269 -7.40681e-06 4.13929e-05)
(0.000488184 0.000230008 6.5973e-05 0.000230008 0.000418421 -0.000140684 6.5973e-05 -0.000140684 0.000164407)
(0.00118291 0.000389556 -0.00038391 0.000389556 0.000727126 -0.000651128 -0.00038391 -0.000651128 0.00151849)
(0.00221835 0.00051014 -0.000415807 0.00051014 0.000968576 -0.000679788 -0.000415807 -0.000679788 0.00368156)
(0.00262443 0.000605711 -0.000359784 0.000605711 0.00112306 -0.000653631 -0.000359784 -0.000653631 0.00435506)
(0.00202688 0.000597664 -0.000212674 0.000597664 0.000986856 -0.000618771 -0.000212674 -0.000618771 0.00325356)
(0.00127426 0.000434607 -5.46221e-06 0.000434607 0.000725218 -0.000445934 -5.46221e-06 -0.000445934 0.00192516)
(0.000903604 0.000272698 0.000150319 0.000272698 0.000605219 -0.000289259 0.000150319 -0.000289259 0.00119896)
(0.000826892 0.000160356 0.000269877 0.000160356 0.000545182 -0.000226738 0.000269877 -0.000226738 0.000948005)
(0.000823104 2.17231e-05 0.000251412 2.17231e-05 0.000584675 -0.000314656 0.000251412 -0.000314656 0.00078874)
(0.000802652 -8.04663e-05 0.000144403 -8.04663e-05 0.000736799 -0.000414506 0.000144403 -0.000414506 0.000621247)
(0.000680918 -3.19071e-05 9.02424e-05 -3.19071e-05 0.000695714 -0.000363274 9.02424e-05 -0.000363274 0.000451326)
(0.000491313 3.00799e-05 9.24971e-05 3.00799e-05 0.000495538 -0.000226255 9.24971e-05 -0.000226255 0.000286583)
(0.00033961 4.30383e-05 0.000113875 4.30383e-05 0.000302153 -7.98795e-05 0.000113875 -7.98795e-05 0.00020982)
(0.000307209 5.00409e-05 0.000147261 5.00409e-05 0.000278236 1.02045e-05 0.000147261 1.02045e-05 0.00022784)
(0.000327089 6.75041e-05 0.000156655 6.75041e-05 0.000389499 2.57539e-05 0.000156655 2.57539e-05 0.000244333)
(0.000324182 9.17232e-05 0.000120554 9.17232e-05 0.00044398 -7.30809e-06 0.000120554 -7.30809e-06 0.000201192)
(0.000287985 6.49346e-05 0.000115423 6.49346e-05 0.000368781 -4.04892e-05 0.000115423 -4.04892e-05 0.000167614)
(0.000223793 2.38335e-05 9.60073e-05 2.38335e-05 0.000275879 -4.34509e-05 9.60073e-05 -4.34509e-05 0.000111253)
(0.000162862 -1.10613e-05 6.38859e-05 -1.10613e-05 0.000228522 -9.60659e-06 6.38859e-05 -9.60659e-06 0.000102606)
(0.000138176 -6.2231e-06 9.83197e-06 -6.2231e-06 0.000186785 -1.8389e-05 9.83197e-06 -1.8389e-05 0.000196411)
(0.00017029 2.96487e-05 -6.98743e-05 2.96487e-05 0.000169737 -6.57942e-05 -6.98743e-05 -6.57942e-05 0.000263839)
(0.000205385 1.04783e-05 -7.55638e-05 1.04783e-05 0.000131684 -4.80441e-05 -7.55638e-05 -4.80441e-05 0.000243927)
(0.000216417 -3.41758e-05 -1.48462e-05 -3.41758e-05 0.0001025 8.5067e-06 -1.48462e-05 8.5067e-06 0.00017531)
(0.000171154 -5.32568e-05 9.65409e-05 -5.32568e-05 0.000138019 2.16831e-05 9.65409e-05 2.16831e-05 8.51394e-05)
(0.000187783 -1.41002e-05 0.000157822 -1.41002e-05 0.000182541 -7.16187e-07 0.000157822 -7.16187e-07 4.09293e-05)
(0.000288082 4.32599e-05 0.00011239 4.32599e-05 0.000231946 -4.18229e-05 0.00011239 -4.18229e-05 8.08567e-05)
(0.000416604 9.74946e-05 5.1883e-05 9.74946e-05 0.0002727 -9.3516e-05 5.1883e-05 -9.3516e-05 0.000280908)
(0.000523224 0.000106332 0.000126163 0.000106332 0.000268196 -7.89743e-05 0.000126163 -7.89743e-05 0.000512417)
(0.000194175 -1.82632e-05 0.000114989 -1.82632e-05 0.000223733 -7.74749e-05 0.000114989 -7.74749e-05 5.91302e-05)
(0.000334094 -1.61212e-05 0.000186626 -1.61212e-05 0.000256191 -0.000166654 0.000186626 -0.000166654 0.000203612)
(0.000674817 0.000111532 0.000150142 0.000111532 0.000313834 -0.000246856 0.000150142 -0.000246856 0.000818289)
(0.000907452 0.000269921 0.000101337 0.000269921 0.000339436 -0.000151156 0.000101337 -0.000151156 0.00143056)
(0.00089634 0.000330565 0.000282932 0.000330565 0.000439432 0.000229209 0.000282932 0.000229209 0.00152169)
(0.000808594 0.000392879 0.000425424 0.000392879 0.000814976 0.000456671 0.000425424 0.000456671 0.00105644)
(0.000677343 0.000469834 0.000323351 0.000469834 0.00105616 0.000318318 0.000323351 0.000318318 0.00056747)
(0.00051065 0.000325914 0.000194725 0.000325914 0.000587849 8.78042e-05 0.000194725 8.78042e-05 0.000328786)
(0.000348903 6.84038e-05 0.000196384 6.84038e-05 0.000157385 -4.52707e-05 0.000196384 -4.52707e-05 0.000153677)
(0.000613153 -4.59729e-05 0.000228349 -4.59729e-05 0.00057969 -0.000365689 0.000228349 -0.000365689 0.00028531)
(0.00088297 7.50851e-05 0.000176095 7.50851e-05 0.00166852 -0.000820822 0.000176095 -0.000820822 0.000684989)
(0.00068727 0.000309029 0.000155802 0.000309029 0.00179195 -0.000784841 0.000155802 -0.000784841 0.000687151)
(0.000540952 0.000306309 0.000144904 0.000306309 0.000816575 -0.000424258 0.000144904 -0.000424258 0.000407442)
(0.000343101 7.3039e-05 0.000138789 7.3039e-05 0.000252572 -8.88975e-05 0.000138789 -8.88975e-05 0.00016712)
(0.000296636 -2.12574e-05 0.000124735 -2.12574e-05 0.000275897 -2.06651e-05 0.000124735 -2.06651e-05 0.000141882)
(0.00031045 -1.12299e-05 0.000119615 -1.12299e-05 0.000406094 -4.68511e-05 0.000119615 -4.68511e-05 0.000225995)
(0.000310183 5.27957e-05 5.83027e-05 5.27957e-05 0.000550135 -0.000122854 5.83027e-05 -0.000122854 0.000322385)
(0.000451414 0.00025108 -2.91858e-05 0.00025108 0.00104979 -0.000184531 -2.91858e-05 -0.000184531 0.000418296)
(0.000509915 0.000486051 -3.44589e-08 0.000486051 0.00172005 -7.57119e-05 -3.44589e-08 -7.57119e-05 0.000486418)
(0.000454856 0.000388738 7.76444e-05 0.000388738 0.00134502 6.60503e-05 7.76444e-05 6.60503e-05 0.000485522)
(0.000392948 0.000161543 0.000135167 0.000161543 0.000562091 1.68011e-06 0.000135167 1.68011e-06 0.000406611)
(0.000506891 8.8511e-05 0.000103544 8.8511e-05 0.000619945 -0.000206965 0.000103544 -0.000206965 0.000474115)
(0.000615372 -2.2254e-05 9.71509e-05 -2.2254e-05 0.000684996 -0.000286699 9.71509e-05 -0.000286699 0.00044991)
(0.000478501 -6.63046e-05 0.000133626 -6.63046e-05 0.000455939 -0.000157792 0.000133626 -0.000157792 0.000209586)
(0.000295263 1.76616e-05 0.000102006 1.76616e-05 0.000308392 -4.15249e-05 0.000102006 -4.15249e-05 5.61233e-05)
(0.000207531 0.000145531 -2.05245e-05 0.000145531 0.000386192 -9.75756e-05 -2.05245e-05 -9.75756e-05 0.000126749)
(0.00017241 0.000176859 -5.0012e-05 0.000176859 0.000475617 -0.000196519 -5.0012e-05 -0.000196519 0.000273558)
(0.000197006 0.000107477 1.66697e-05 0.000107477 0.000396691 -0.000142655 1.66697e-05 -0.000142655 0.000164098)
(0.000230841 1.49943e-06 0.000106279 1.49943e-06 0.000292244 -2.17855e-05 0.000106279 -2.17855e-05 0.000134779)
(0.000286532 2.77134e-05 0.000171708 2.77134e-05 0.000244436 2.98433e-05 0.000171708 2.98433e-05 0.000246591)
(0.000272408 6.83628e-05 0.000159828 6.83628e-05 0.000236969 1.17868e-05 0.000159828 1.17868e-05 0.00018609)
(0.000187925 8.42689e-05 4.38606e-05 8.42689e-05 0.000220689 -3.53735e-05 4.38606e-05 -3.53735e-05 0.000103692)
(0.000147251 7.00392e-05 -8.99294e-05 7.00392e-05 0.000193165 -0.000120964 -8.99294e-05 -0.000120964 0.000270441)
(0.000143044 -3.03537e-05 -4.13842e-05 -3.03537e-05 0.000152926 -9.3705e-05 -4.13842e-05 -9.3705e-05 0.000413086)
(0.000192575 -6.03264e-05 0.000122315 -6.03264e-05 0.00016128 3.3414e-05 0.000122315 3.3414e-05 0.000155548)
(0.000443483 6.72881e-06 0.000181901 6.72881e-06 0.000423514 -0.000115084 0.000181901 -0.000115084 0.000140143)
(0.00072329 0.000117386 8.45389e-05 0.000117386 0.000788237 -0.000355117 8.45389e-05 -0.000355117 0.000367183)
(0.000643702 0.000115474 4.73876e-05 0.000115474 0.000827096 -0.000307531 4.73876e-05 -0.000307531 0.000285676)
(0.000303038 9.26759e-06 0.000132549 9.26759e-06 0.000411666 -4.57121e-05 0.000132549 -4.57121e-05 4.30748e-05)
(0.000165007 -1.76681e-05 0.000112908 -1.76681e-05 0.000197296 2.18861e-07 0.000112908 2.18861e-07 3.85917e-05)
(0.000186412 -2.48747e-05 5.39608e-05 -2.48747e-05 0.000190716 3.75351e-05 5.39608e-05 3.75351e-05 0.000187113)
(0.000241309 -5.58328e-06 0.000144732 -5.58328e-06 0.000265002 -9.96245e-05 0.000144732 -9.96245e-05 0.000117075)
(0.000579649 6.23753e-05 0.000251658 6.23753e-05 0.000398578 -0.000138929 0.000251658 -0.000138929 0.000842613)
(0.000800736 9.40915e-05 0.00038298 9.40915e-05 0.000435429 -9.39537e-05 0.00038298 -9.39537e-05 0.00114151)
(0.000612021 0.000114943 0.000374079 0.000114943 0.000303477 1.66353e-05 0.000374079 1.66353e-05 0.000576332)
(0.000323274 0.000117639 0.000220591 0.000117639 0.000168031 2.43643e-05 0.000220591 2.43643e-05 0.000220061)
(0.000243356 6.60857e-05 0.000175873 6.60857e-05 9.93945e-05 -9.18843e-06 0.000175873 -9.18843e-06 0.000193071)
(0.000409585 0.000117214 0.000136095 0.000117214 0.000226708 -4.25251e-05 0.000136095 -4.25251e-05 0.000317612)
(0.000579133 0.000159264 0.000118767 0.000159264 0.000552781 -9.44575e-05 0.000118767 -9.44575e-05 0.000295655)
(0.000718488 0.000203671 0.000322292 0.000203671 0.00147838 0.000141741 0.000322292 0.000141741 0.000516411)
(0.000945038 -5.14137e-05 0.000193786 -5.14137e-05 0.00340104 0.000777156 0.000193786 0.000777156 0.000942941)
(0.000758949 -0.000288046 0.000135648 -0.000288046 0.00272655 0.000616589 0.000135648 0.000616589 0.000719808)
(0.000410795 -0.000173727 0.00016267 -0.000173727 0.000479373 2.93171e-05 0.00016267 2.93171e-05 0.000176959)
(0.000293591 5.23208e-05 0.000111293 5.23208e-05 0.000267317 -1.28262e-05 0.000111293 -1.28262e-05 0.000124738)
(0.000293194 0.000101873 7.76583e-05 0.000101873 0.000730317 5.64484e-05 7.76583e-05 5.64484e-05 0.000183926)
(0.000513214 0.000255679 0.000104732 0.000255679 0.0020361 0.000298973 0.000104732 0.000298973 0.000369443)
(0.000856891 0.000816152 0.000272399 0.000816152 0.00316293 0.000564946 0.000272399 0.000564946 0.000643497)
(0.000864846 0.00101978 0.000273589 0.00101978 0.00271836 0.00051451 0.000273589 0.00051451 0.000522256)
(0.000459807 0.000329622 0.000102265 0.000329622 0.000980171 0.000154587 0.000102265 0.000154587 0.000260302)
(0.000521219 0.000140926 -5.4664e-05 0.000140926 0.000390089 -0.000142899 -5.4664e-05 -0.000142899 0.000411972)
(0.00131642 0.00059888 -0.000324389 0.00059888 0.00143639 -0.000716032 -0.000324389 -0.000716032 0.00121617)
(0.0015222 0.000601209 -0.000121684 0.000601209 0.0022997 -0.00100212 -0.000121684 -0.00100212 0.00162982)
(0.000935768 8.41841e-05 0.000197442 8.41841e-05 0.00202549 -0.000577296 0.000197442 -0.000577296 0.000836484)
(0.000523802 -0.000261033 0.000165811 -0.000261033 0.00112735 -0.000151001 0.000165811 -0.000151001 0.000236893)
(0.000502391 -0.000160567 0.000135918 -0.000160567 0.000696229 -4.07947e-05 0.000135918 -4.07947e-05 0.000142866)
(0.000477586 -4.1265e-05 0.000137358 -4.1265e-05 0.000555951 -1.61864e-06 0.000137358 -1.61864e-06 0.000174012)
(0.000413545 -0.000109972 0.000110016 -0.000109972 0.000515182 -0.00013217 0.000110016 -0.00013217 7.70472e-05)
(0.000511035 -6.39837e-05 0.000179598 -6.39837e-05 0.00103455 -0.000103721 0.000179598 -0.000103721 0.000123399)
(0.000566237 8.83825e-06 0.00025541 8.83825e-06 0.00121457 0.000246755 0.00025541 0.000246755 0.000347508)
(0.000479312 -8.13976e-05 0.000120175 -8.13976e-05 0.000862395 0.000516867 0.000120175 0.000516867 0.000661849)
(0.000510825 -0.000196438 -0.000259415 -0.000196438 0.000707197 0.000700315 -0.000259415 0.000700315 0.00142518)
(0.000456784 -0.000283204 -0.000402245 -0.000283204 0.000718123 0.000688122 -0.000402245 0.000688122 0.00137374)
(0.000277216 -0.000248473 -7.0666e-05 -0.000248473 0.000383127 0.00029438 -7.0666e-05 0.00029438 0.000499026)
(0.000271502 -7.55489e-05 0.000160749 -7.55489e-05 0.000312727 1.43638e-05 0.000160749 1.43638e-05 8.70215e-05)
(0.000590868 0.000162715 1.34278e-05 0.000162715 0.00061027 -0.000239861 1.34278e-05 -0.000239861 0.000324296)
(0.000856792 0.000351321 -0.000122906 0.000351321 0.000939322 -0.000437886 -0.000122906 -0.000437886 0.000549897)
(0.000873505 0.000298617 -3.27639e-05 0.000298617 0.0011671 -0.000528141 -3.27639e-05 -0.000528141 0.000578864)
(0.000587849 -1.22264e-05 0.000130441 -1.22264e-05 0.000854672 -0.000300678 0.000130441 -0.000300678 0.00027391)
(0.000250574 -0.000187464 0.00010007 -0.000187464 0.000424307 6.41979e-05 0.00010007 6.41979e-05 0.000112872)
(0.000233911 -0.000122904 -1.7006e-05 -0.000122904 0.000228165 0.000137813 -1.7006e-05 0.000137813 0.000365147)
(0.000568797 -4.92306e-05 0.000109096 -4.92306e-05 0.00109723 0.000510249 0.000109096 0.000510249 0.000709892)
(0.000439061 -8.11843e-05 2.99308e-05 -8.11843e-05 0.000186415 0.000224908 2.99308e-05 0.000224908 0.000753378)
(0.000224534 2.57315e-05 4.48506e-05 2.57315e-05 0.000360851 -1.8782e-05 4.48506e-05 -1.8782e-05 0.000273624)
(0.000485103 0.000127589 0.000180637 0.000127589 0.000322609 -7.46362e-06 0.000180637 -7.46362e-06 0.000487957)
(0.000885964 8.71718e-06 0.000102254 8.71718e-06 0.000869406 -0.000548379 0.000102254 -0.000548379 0.000660771)
(0.000606601 -3.80976e-05 0.000197792 -3.80976e-05 0.00110443 -0.000582602 0.000197792 -0.000582602 0.000456212)
(0.000319024 3.8744e-05 0.000225199 3.8744e-05 0.000263458 -0.000241309 0.000225199 -0.000241309 0.000378636)
(0.000357586 8.2477e-05 0.000218345 8.2477e-05 0.000384397 0.000139334 0.000218345 0.000139334 0.00035992)
(0.00018529 -3.27863e-05 0.000126469 -3.27863e-05 0.000213108 -2.4966e-05 0.000126469 -2.4966e-05 0.000171529)
(0.00108281 0.00017521 0.000345282 0.00017521 0.00130092 0.000899456 0.000345282 0.000899456 0.00221095)
(0.0011406 -0.000163083 -5.92032e-05 -0.000163083 0.00116522 0.000907283 -5.92032e-05 0.000907283 0.00335026)
(0.00085647 0.000127087 -0.000572596 0.000127087 0.000566993 -0.000476012 -0.000572596 -0.000476012 0.00191392)
(0.000765456 0.000336409 -0.000336 0.000336409 0.000959083 -0.000216077 -0.000336 -0.000216077 0.00119334)
(0.000440344 0.000114414 0.000172628 0.000114414 0.000266702 0.000102337 0.000172628 0.000102337 0.000376633)
(0.000303873 0.000167686 0.000116186 0.000167686 0.000265644 2.30689e-05 0.000116186 2.30689e-05 0.000148331)
(0.000317376 0.000532621 -1.35368e-05 0.000532621 0.00169713 -3.45074e-05 -1.35368e-05 -3.45074e-05 0.000203843)
(0.000637195 0.00054925 2.65408e-05 0.00054925 0.00218333 0.00025974 2.65408e-05 0.00025974 0.000265958)
(0.000707441 0.000270081 -0.000125668 0.000270081 0.000454802 -0.00010095 -0.000125668 -0.00010095 0.000612542)
(0.00199192 0.000948337 -0.000586413 0.000948337 0.00291537 -0.00111573 -0.000586413 -0.00111573 0.0018456)
(0.00257049 0.000540123 -0.000556245 0.000540123 0.0057833 -0.00171152 -0.000556245 -0.00171152 0.00246019)
(0.00217123 1.96975e-05 -7.10711e-05 1.96975e-05 0.00651891 -0.0011652 -7.10711e-05 -0.0011652 0.00195223)
(0.00117481 -0.000220986 0.000277046 -0.000220986 0.0047515 -0.000386162 0.000277046 -0.000386162 0.00103989)
(0.000773512 -0.000664023 0.000268172 -0.000664023 0.00238933 -0.000187403 0.000268172 -0.000187403 0.000493552)
(0.000625586 -0.000709739 -1.85277e-05 -0.000709739 0.00153179 0.00012719 -1.85277e-05 0.00012719 0.000511756)
(0.000523908 -0.000527663 -0.000136795 -0.000527663 0.00145273 0.000352373 -0.000136795 0.000352373 0.000645592)
(0.000572072 -0.000123855 7.94316e-05 -0.000123855 0.00151974 0.000528028 7.94316e-05 0.000528028 0.000726977)
(0.000942439 0.000291981 0.000357699 0.000291981 0.00183556 0.000633748 0.000357699 0.000633748 0.00088804)
(0.00109517 0.00021075 0.000343952 0.00021075 0.00161352 0.00077912 0.000343952 0.00077912 0.00119093)
(0.00124434 -0.000150362 -0.00029383 -0.000150362 0.00161409 0.00143913 -0.00029383 0.00143913 0.00238883)
(0.00133428 -0.000348726 -0.000972694 -0.000348726 0.00180237 0.00179499 -0.000972694 0.00179499 0.00391846)
(0.00138455 -0.000225333 -0.00118603 -0.000225333 0.00266789 0.00205798 -0.00118603 0.00205798 0.00465133)
(0.00152809 -0.000516439 -0.00113494 -0.000516439 0.00413819 0.00217631 -0.00113494 0.00217631 0.0032659)
(0.000979821 -0.000753566 -3.3021e-05 -0.000753566 0.00403017 0.000567708 -3.3021e-05 0.000567708 0.00103473)
(0.000813931 -0.000246869 0.000298703 -0.000246869 0.00219729 -0.000420431 0.000298703 -0.000420431 0.000378404)
(0.000665233 0.000151617 8.44141e-05 0.000151617 0.000887375 -0.000364817 8.44141e-05 -0.000364817 0.000367357)
(0.000518888 0.00015351 8.26195e-05 0.00015351 0.000442561 -0.000189244 8.26195e-05 -0.000189244 0.000323741)
(0.00040543 6.02612e-05 0.000136302 6.02612e-05 0.000312173 -2.31378e-05 0.000136302 -2.31378e-05 0.000332663)
(0.000511326 0.000187231 0.000213325 0.000187231 0.000540898 8.02977e-05 0.000213325 8.02977e-05 0.000381386)
(0.000422437 3.57646e-05 0.000174446 3.57646e-05 0.000342552 -9.56943e-05 0.000174446 -9.56943e-05 0.000203201)
(0.000415113 -0.000148057 0.00019983 -0.000148057 0.00101332 -2.04984e-05 0.00019983 -2.04984e-05 0.000197312)
(0.000898352 0.000166728 -0.000183196 0.000166728 0.000821889 5.15906e-05 -0.000183196 5.15906e-05 0.000975846)
(0.000777115 0.000859499 4.66919e-05 0.000859499 0.00254859 0.000207949 4.66919e-05 0.000207949 0.000914332)
(0.000504809 8.65674e-05 0.000112687 8.65674e-05 0.000618743 -0.000148935 0.000112687 -0.000148935 0.000371427)
(0.00112709 0.000732657 8.11974e-05 0.000732657 0.00380005 -0.000477405 8.11974e-05 -0.000477405 0.000812077)
(0.000605201 -0.000126734 0.000314031 -0.000126734 0.00476477 -0.000973993 0.000314031 -0.000973993 0.00142541)
(0.000613107 -0.000496984 0.000627693 -0.000496984 0.00167379 -0.00134116 0.000627693 -0.00134116 0.00121583)
(0.000933761 2.20351e-06 0.000817424 2.20351e-06 0.000374434 -0.000231881 0.000817424 -0.000231881 0.00107652)
(0.000321087 7.0611e-05 0.000198435 7.0611e-05 0.000143984 -5.54454e-05 0.000198435 -5.54454e-05 0.000349959)
(0.00105536 0.000521829 0.00020368 0.000521829 0.000939738 -0.000215732 0.00020368 -0.000215732 0.000463055)
(0.00085894 0.000454656 0.000400485 0.000454656 0.00144751 0.000112338 0.000400485 0.000112338 0.000535566)
(0.000820142 0.000377829 -0.000134873 0.000377829 0.0008244 -0.000232172 -0.000134873 -0.000232172 0.000507591)
(0.00127772 0.000924712 0.000310618 0.000924712 0.00203671 0.000347815 0.000310618 0.000347815 0.00108901)
(0.000491587 0.000147135 6.59488e-05 0.000147135 0.000803535 3.11229e-05 6.59488e-05 3.11229e-05 0.000599942)
(0.000322801 6.07315e-05 -1.15503e-05 6.07315e-05 0.000279968 3.4173e-05 -1.15503e-05 3.4173e-05 0.000800174)
(0.00115939 -0.000808778 -0.00102771 -0.000808778 0.00123486 0.00109688 -0.00102771 0.00109688 0.00526017)
(0.00230913 -0.000863488 0.000415599 -0.000863488 0.00141816 -0.000703897 0.000415599 -0.000703897 0.00918699)
(0.0031669 -0.00088352 0.00180925 -0.00088352 0.00129167 -0.00158314 0.00180925 -0.00158314 0.00795551)
(0.00132776 -0.000349152 0.000702623 -0.000349152 0.000535634 -0.000108431 0.000702623 -0.000108431 0.000661568)
(0.00259523 0.000787127 -0.0012057 0.000787127 0.0011329 -0.000284704 -0.0012057 -0.000284704 0.00299672)
(0.00191175 0.000742249 -0.000537237 0.000742249 0.00121032 -0.000343423 -0.000537237 -0.000343423 0.00188082)
(0.000847343 -1.98809e-05 0.000356443 -1.98809e-05 0.0010121 0.000226468 0.000356443 0.000226468 0.00181945)
(0.000561746 -0.000509914 -0.000313808 -0.000509914 0.000974712 0.000307448 -0.000313808 0.000307448 0.00405913)
(0.000435421 -0.00019522 -0.000599283 -0.00019522 0.000650707 0.000106144 -0.000599283 0.000106144 0.00263398)
(0.000504276 -0.000433559 -0.000326381 -0.000433559 0.000906445 0.000600754 -0.000326381 0.000600754 0.00124693)
(0.000994566 -0.000366407 0.000166481 -0.000366407 0.00264772 0.000458662 0.000166481 0.000458662 0.000946385)
(0.00124606 -0.000185305 0.000399422 -0.000185305 0.00297964 -0.000107523 0.000399422 -0.000107523 0.000920893)
(0.00100098 -5.14276e-06 0.00033465 -5.14276e-06 0.00106172 -0.000234699 0.00033465 -0.000234699 0.000750204)
(0.000647545 0.000148588 0.000378096 0.000148588 0.00102866 0.000423638 0.000378096 0.000423638 0.000875134)
(0.000610345 0.000239404 0.000156829 0.000239404 0.00144589 0.000234887 0.000156829 0.000234887 0.000752709)
(0.000619698 0.000101075 0.000277214 0.000101075 0.000450161 3.3658e-05 0.000277214 3.3658e-05 0.000710913)
(0.000622546 0.000120755 0.000238843 0.000120755 0.000490589 -0.000265955 0.000238843 -0.000265955 0.000664417)
(0.000715761 9.5726e-05 0.00027003 9.5726e-05 0.00146408 -0.00034554 0.00027003 -0.00034554 0.000578189)
(0.000898408 -0.000728107 0.000288418 -0.000728107 0.00332724 -0.000367711 0.000288418 -0.000367711 0.000554188)
(0.00141082 -0.00108344 0.000324128 -0.00108344 0.00244628 -0.000780061 0.000324128 -0.000780061 0.000567558)
(0.00101756 2.43401e-05 0.000168149 2.43401e-05 0.000704753 -0.000290983 0.000168149 -0.000290983 0.00101335)
(0.000485112 0.000160248 0.00013722 0.000160248 0.000520978 5.57033e-05 0.00013722 5.57033e-05 0.000396329)
(0.000295298 0.000384449 -0.000147934 0.000384449 0.00133817 -0.000405374 -0.000147934 -0.000405374 0.00045166)
(0.000434956 0.000304794 -2.16216e-05 0.000304794 0.00272858 -0.000936762 -2.16216e-05 -0.000936762 0.000989728)
(0.000486128 -0.000188305 0.000136085 -0.000188305 0.000890639 -0.000167525 0.000136085 -0.000167525 0.000344478)
(0.000492764 -3.9665e-06 0.00025673 -3.9665e-06 0.000383009 -6.1146e-05 0.00025673 -6.1146e-05 0.000492995)
(0.00184955 0.00150911 0.00087039 0.00150911 0.00407187 0.000814645 0.00087039 0.000814645 0.00143634)
(0.00120718 0.000390044 -0.000383625 0.000390044 0.000770971 -0.000249217 -0.000383625 -0.000249217 0.00183845)
(0.00282823 0.00145822 2.54e-05 0.00145822 0.00409784 -2.3108e-05 2.54e-05 -2.3108e-05 0.00143603)
(0.00271656 0.000653908 0.000523807 0.000653908 0.00492622 0.00125352 0.000523807 0.00125352 0.00211843)
(0.000672743 3.66196e-06 3.7224e-05 3.66196e-06 0.00136411 0.00027084 3.7224e-05 0.00027084 0.000587092)
(0.00178649 0.0010449 0.000685723 0.0010449 0.00182517 0.00040336 0.000685723 0.00040336 0.000919949)
(0.00121601 -0.000372135 0.000382697 -0.000372135 0.000842563 -0.000527313 0.000382697 -0.000527313 0.000818489)
(0.000878622 6.70748e-05 0.000307862 6.70748e-05 0.00395852 -0.000558723 0.000307862 -0.000558723 0.000881129)
(0.000762874 0.000416764 0.000236811 0.000416764 0.000769882 -6.02994e-05 0.000236811 -6.02994e-05 0.000337079)
(0.00108024 0.000392431 0.000247836 0.000392431 0.00171269 0.000640335 0.000247836 0.000640335 0.000966438)
(0.0015069 0.00061053 0.00094473 0.00061053 0.000924796 0.000416391 0.00094473 0.000416391 0.00185833)
(0.000651445 0.000159436 0.000285128 0.000159436 0.000465981 0.000184025 0.000285128 0.000184025 0.000471539)
(-0.000393835 -0.00014616 0.000165222 -0.00014616 0.0039829 -0.00134931 0.000165222 -0.00134931 0.00155115)
(-2.44359e-05 -0.00029002 0.000412663 -0.00029002 0.00304136 -0.00130707 0.000412663 -0.00130707 0.00137489)
(0.000352541 -0.000394547 -0.000272191 -0.000394547 0.000376977 0.000396767 -0.000272191 0.000396767 0.00190657)
(0.00184403 -0.00115488 -0.00120061 -0.00115488 0.00258321 0.00208224 -0.00120061 0.00208224 0.00673513)
(0.00243811 -0.000931579 0.000561355 -0.000931579 0.00140268 0.000619433 0.000561355 0.000619433 0.00832114)
(0.000842664 -0.000531644 0.00103847 -0.000531644 0.000549175 -0.000520261 0.00103847 -0.000520261 0.00191171)
(0.00110291 -0.000369486 -0.000271562 -0.000369486 0.00126452 0.000186587 -0.000271562 0.000186587 0.000588371)
(0.00105849 -0.000265094 0.000184644 -0.000265094 0.00119503 -1.72071e-05 0.000184644 -1.72071e-05 0.000566816)
(0.00111072 -3.13688e-05 0.00046771 -3.13688e-05 0.000875163 -0.000329199 0.00046771 -0.000329199 0.00139975)
(0.000779422 0.000411342 -8.80482e-05 0.000411342 0.00102922 -0.000255301 -8.80482e-05 -0.000255301 0.00122332)
(0.000899737 0.000544455 0.000368197 0.000544455 0.00114769 9.57698e-05 0.000368197 9.57698e-05 0.0010078)
(0.00113471 0.000490285 0.000353426 0.000490285 0.000902871 3.46759e-05 0.000353426 3.46759e-05 0.0015298)
(0.00109843 0.000204372 0.000315905 0.000204372 0.00109626 -0.000191265 0.000315905 -0.000191265 0.00107967)
(0.000881179 -0.00028236 0.000320833 -0.00028236 0.00105904 0.000152129 0.000320833 0.000152129 0.000591981)
(0.0010842 -0.00023698 0.000256486 -0.00023698 0.000602294 0.00022326 0.000256486 0.00022326 0.000743361)
(0.00103054 0.000572829 0.000351258 0.000572829 0.000829985 0.000135972 0.000351258 0.000135972 0.00103345)
(0.000697179 0.000316229 9.60492e-05 0.000316229 0.00270988 0.000423668 9.60492e-05 0.000423668 0.000650046)
(0.000715227 -0.000261141 8.42651e-05 -0.000261141 0.000947879 7.23759e-05 8.42651e-05 7.23759e-05 0.000436605)
(0.000648069 -0.000218655 0.00020933 -0.000218655 0.000653635 -0.00014633 0.00020933 -0.00014633 0.000620409)
(0.000506429 -0.000166173 0.000108005 -0.000166173 0.00254774 -0.000983543 0.000108005 -0.000983543 0.00152237)
(0.000387622 0.000488189 -0.000196868 0.000488189 0.00196271 -0.000627464 -0.000196868 -0.000627464 0.0011327)
(0.000675793 -0.000471835 0.000216739 -0.000471835 0.00107427 -0.000219297 0.000216739 -0.000219297 0.00030022)
(0.0017924 -0.00132758 0.000385243 -0.00132758 0.00544032 -0.00105023 0.000385243 -0.00105023 0.00104829)
(0.0010361 -0.000650933 0.000231972 -0.000650933 0.00271798 -0.000313695 0.000231972 -0.000313695 0.000445677)
(0.000313591 5.60321e-05 -6.79977e-05 5.60321e-05 0.000154932 -4.57242e-05 -6.79977e-05 -4.57242e-05 0.000155614)
(0.000387661 -6.94767e-07 0.00023015 -6.94767e-07 0.00016377 0.000111946 0.00023015 0.000111946 0.000430601)
(0.00112771 0.000397976 0.000334393 0.000397976 0.000842466 2.92566e-05 0.000334393 2.92566e-05 0.000763768)
(0.000743956 0.000172692 0.000400582 0.000172692 0.001246 0.000459286 0.000400582 0.000459286 0.000932855)
(0.00223848 0.000626265 0.000891753 0.000626265 0.000898218 0.000536898 0.000891753 0.000536898 0.00405385)
(0.00116095 0.000837158 0.000204172 0.000837158 0.00413482 -0.000225745 0.000204172 -0.000225745 0.00110083)
(0.00182151 -0.000455055 0.00164097 -0.000455055 0.00106198 -0.000642796 0.00164097 -0.000642796 0.00401766)
(0.00103728 0.000201488 0.000349477 0.000201488 0.00504063 -0.00175823 0.000349477 -0.00175823 0.00216691)
(0.00445815 0.00187566 0.00137209 0.00187566 0.00536984 0.00162566 0.00137209 0.00162566 0.00311796)
(0.00142277 0.000580877 0.000524526 0.000580877 0.000888146 5.68815e-05 0.000524526 5.68815e-05 0.00233155)
(0.00133085 0.00037999 0.000134021 0.00037999 0.0039922 -0.00101752 0.000134021 -0.00101752 0.00123943)
(0.00047985 -0.000114058 0.000160506 -0.000114058 0.000543794 -3.87477e-05 0.000160506 -3.87477e-05 0.000211937)
(0.000454691 0.000135655 7.46548e-05 0.000135655 0.000713654 -7.08783e-05 7.46548e-05 -7.08783e-05 0.000217501)
(0.000819623 0.000252062 3.62648e-05 0.000252062 0.000707282 -0.000266308 3.62648e-05 -0.000266308 0.000978621)
(0.00143472 0.000141829 0.00100926 0.000141829 0.000526989 -0.000211164 0.00100926 -0.000211164 0.00281487)
(0.00400803 0.00238903 0.00207921 0.00238903 0.00475257 0.000723583 0.00207921 0.000723583 0.00215232)
(-0.000383138 0.000405277 0.000226492 0.000405277 0.00299916 -0.00118443 0.000226492 -0.00118443 0.00119738)
(0.00112191 -8.77772e-06 0.000657117 -8.77772e-06 0.000532624 -4.83794e-05 0.000657117 -4.83794e-05 0.000667578)
(0.00325248 -0.000126537 -0.000344935 -0.000126537 0.00505467 0.00162759 -0.000344935 0.00162759 0.00231805)
(0.00116424 0.000415402 0.000695918 0.000415402 0.000477926 0.000116787 0.000695918 0.000116787 0.00141904)
(0.00410936 -0.00374755 -0.000498485 -0.00374755 0.00871405 0.00115671 -0.000498485 0.00115671 0.00430837)
(0.00711862 -0.00372158 0.000483682 -0.00372158 0.00879928 0.00159441 0.000483682 0.00159441 0.00510671)
(0.00751128 -0.00295371 0.000694677 -0.00295371 0.00855456 0.00160793 0.000694677 0.00160793 0.00542497)
(0.00545854 -0.000816438 0.000239165 -0.000816438 0.00690385 0.00229049 0.000239165 0.00229049 0.00499003)
(0.00139741 -8.32528e-05 -0.000130809 -8.32528e-05 0.00120749 0.00115169 -0.000130809 0.00115169 0.00280931)
(0.00113038 0.000143554 0.000198763 0.000143554 0.000863184 -8.00472e-06 0.000198763 -8.00472e-06 0.00155279)
(0.00148614 -0.000486601 0.000968156 -0.000486601 0.0045096 -0.00227699 0.000968156 -0.00227699 0.00311668)
(0.00368868 -0.000446189 0.000941696 -0.000446189 0.00408192 -0.00239852 0.000941696 -0.00239852 0.00548545)
(0.0018994 0.000458076 0.000361647 0.000458076 0.00108149 -0.000351095 0.000361647 -0.000351095 0.00339975)
(0.000869585 -1.3846e-05 0.000380952 -1.3846e-05 0.000886185 0.000176734 0.000380952 0.000176734 0.000751742)
(0.0010708 -0.000338786 -0.000508933 -0.000338786 0.000589865 0.000446246 -0.000508933 0.000446246 0.00142063)
(0.00175736 -0.000783014 -0.00188586 -0.000783014 0.0011929 0.00132994 -0.00188586 0.00132994 0.00385716)
(0.00138735 0.000171987 -0.000941833 0.000171987 0.00209689 0.00168533 -0.000941833 0.00168533 0.00358062)
(0.00157491 0.00020205 0.000332376 0.00020205 0.000751831 0.000644947 0.000332376 0.000644947 0.00212195)
(0.000761479 -0.000150423 -0.00016549 -0.000150423 0.00101938 -0.000541062 -0.00016549 -0.000541062 0.00217796)
(0.000171626 0.00029779 -0.000115662 0.00029779 0.00287789 -0.00104002 -0.000115662 -0.00104002 0.00152246)
(0.000709592 -0.000232302 0.000180754 -0.000232302 0.00194479 -0.000274708 0.000180754 -0.000274708 0.000511087)
(0.00112018 0.000232203 9.34582e-05 0.000232203 0.000802731 -0.000137566 9.34582e-05 -0.000137566 0.000920726)
(0.000619792 0.000113908 0.000296388 0.000113908 0.00117804 -0.0003095 0.000296388 -0.0003095 0.00072682)
(0.00108246 -0.00149172 0.000193967 -0.00149172 0.00311923 -0.000227398 0.000193967 -0.000227398 0.00066518)
(0.00188043 -0.0011831 0.000659669 -0.0011831 0.00268952 -0.00141234 0.000659669 -0.00141234 0.0015007)
