/*--------------------------------*- C++ -*----------------------------------*\
  =========                 |
  \\      /  F ield         | OpenFOAM: The Open Source CFD Toolbox
   \\    /   O peration     | Website:  https://openfoam.org
    \\  /    A nd           | Version:  10
     \\/     M anipulation  |
\*---------------------------------------------------------------------------*/
FoamFile
{
    format      ascii;
    class       volTensorField;
    location    "9";
    object      TauNN;
}
// * * * * * * * * * * * * * * * * * * * * * * * * * * * * * * * * * * * * * //

dimensions      [0 2 -2 0 0 0 0];

internalField   nonuniform List<tensor> 
25600
(
(-0.00105488 -0.00256481 0.005108 -0.00256481 0.00880057 -0.00176117 0.005108 -0.00176117 0.00805621)
(-0.000670902 -0.00237327 0.00480469 -0.00237327 0.00852521 -0.00224616 0.00480469 -0.00224616 0.00731528)
(0.00134574 -0.00196844 0.00406412 -0.00196844 0.0076052 -0.00268491 0.00406412 -0.00268491 0.00566831)
(-0.000648741 -0.00168664 0.00472381 -0.00168664 0.00835046 -0.00198109 0.00472381 -0.00198109 0.00690842)
(-0.00171922 -0.00306917 0.00597363 -0.00306917 0.00981115 -0.00182004 0.00597363 -0.00182004 0.00849308)
(0.000551775 -0.00308007 0.00532976 -0.00308007 0.00933536 -0.00234263 0.00532976 -0.00234263 0.00836856)
(0.00135606 -0.00249855 0.00448616 -0.00249855 0.00804885 -0.00286303 0.00448616 -0.00286303 0.00610728)
(0.000877238 -0.00232501 0.00461121 -0.00232501 0.00805614 -0.00260106 0.00461121 -0.00260106 0.00652225)
(-0.00102309 -0.00273938 0.00520215 -0.00273938 0.00901484 -0.00201642 0.00520215 -0.00201642 0.00813102)
(0.000108905 -0.00219428 0.00464909 -0.00219428 0.00832321 -0.00256996 0.00464909 -0.00256996 0.00651871)
(0.00684213 -0.00313805 0.00323734 -0.00313805 0.0059797 -0.00330511 0.00323734 -0.00330511 0.00557874)
(0.00577141 -0.00231271 0.00113459 -0.00231271 0.0105323 -0.00405715 0.00113459 -0.00405715 0.00743768)
(0.000810864 -0.00244238 0.00549901 -0.00244238 0.00864613 -0.00175036 0.00549901 -0.00175036 0.00603791)
(0.000221275 -0.00303617 0.00641371 -0.00303617 0.0100497 -0.00216079 0.00641371 -0.00216079 0.00856401)
(-0.000375547 -0.00323883 0.00548862 -0.00323883 0.00928833 -0.00185898 0.00548862 -0.00185898 0.00885929)
(-0.00153122 -0.0031248 0.0054173 -0.0031248 0.00936953 -0.00135548 0.0054173 -0.00135548 0.00892396)
(-0.0015075 -0.00324784 0.00564235 -0.00324784 0.00952126 -0.00154541 0.00564235 -0.00154541 0.00881161)
(-0.00160364 -0.00315215 0.00599766 -0.00315215 0.00977756 -0.00182731 0.00599766 -0.00182731 0.00854012)
(-0.000226551 -0.00359197 0.00608526 -0.00359197 0.00987622 -0.00197181 0.00608526 -0.00197181 0.00908153)
(0.000227755 -0.00276051 0.00491543 -0.00276051 0.00878375 -0.00271676 0.00491543 -0.00271676 0.00711815)
(0.000575279 -0.00264722 0.00446464 -0.00264722 0.00821773 -0.00280065 0.00446464 -0.00280065 0.0065245)
(0.00216492 -0.00264192 0.00367425 -0.00264192 0.00746437 -0.00302629 0.00367425 -0.00302629 0.00555782)
(0.00433288 -0.00298438 0.00314789 -0.00298438 0.00643651 -0.00325031 0.00314789 -0.00325031 0.00515031)
(0.0109887 -0.00174599 -0.00077977 -0.00174599 0.00462423 -0.00351248 -0.00077977 -0.00351248 0.0050606)
(-0.00161005 -0.00258389 0.0053973 -0.00258389 0.00932212 -0.00134609 0.0053973 -0.00134609 0.00807186)
(-0.000984831 -0.00158509 0.00483727 -0.00158509 0.00944722 -0.00134295 0.00483727 -0.00134295 0.00687333)
(-0.00116293 -0.00145841 0.00486771 -0.00145841 0.00941651 -0.00138173 0.00486771 -0.00138173 0.00667337)
(-0.0018343 -0.00302609 0.00557085 -0.00302609 0.00954761 -0.00142893 0.00557085 -0.00142893 0.00867509)
(-0.000832597 -0.00256386 0.00513314 -0.00256386 0.00877062 -0.00210202 0.00513314 -0.00210202 0.00782185)
(0.00043967 -0.0018995 0.00452835 -0.0018995 0.0080468 -0.00220599 0.00452835 -0.00220599 0.00663707)
(-0.000348235 -0.0020888 0.004843 -0.0020888 0.00863245 -0.00153112 0.004843 -0.00153112 0.00773591)
(-0.00134342 -0.00226111 0.00469354 -0.00226111 0.00920117 -0.000694531 0.00469354 -0.000694531 0.00843059)
(-0.0013928 -0.00246055 0.00557547 -0.00246055 0.00996547 -0.00176715 0.00557547 -0.00176715 0.00827693)
(-0.000667206 -0.00288307 0.00646243 -0.00288307 0.0101592 -0.00227786 0.00646243 -0.00227786 0.00860496)
(0.000752407 -0.00325182 0.00548575 -0.00325182 0.00942109 -0.00216623 0.00548575 -0.00216623 0.00879199)
(-0.000166118 -0.00304397 0.00536743 -0.00304397 0.00917777 -0.00217515 0.00536743 -0.00217515 0.00838932)
(-5.50412e-05 -0.00253301 0.00479861 -0.00253301 0.00846562 -0.00258952 0.00479861 -0.00258952 0.00692636)
(0.00310901 -0.0025361 0.00349906 -0.0025361 0.00706689 -0.00301268 0.00349906 -0.00301268 0.00528615)
(0.00178549 -0.00241714 0.00382523 -0.00241714 0.00741963 -0.00287088 0.00382523 -0.00287088 0.00569482)
(-0.00101958 -0.00256815 0.00512977 -0.00256815 0.00881739 -0.00187797 0.00512977 -0.00187797 0.00808479)
(0.0012286 0.000492972 0.00464733 0.000492972 0.00806666 -0.00148631 0.00464733 -0.00148631 0.00543712)
(0.00274665 0.00130375 0.00451129 0.00130375 0.00748306 -0.00138853 0.00451129 -0.00138853 0.00463571)
(0.00226043 -0.000154269 0.00649486 -0.000154269 0.00782275 -0.00259783 0.00649486 -0.00259783 0.00736282)
(0.00342541 -0.00166935 0.00606087 -0.00166935 0.0090603 -0.00265848 0.00606087 -0.00265848 0.00936978)
(0.00426127 -0.000810428 0.00467301 -0.000810428 0.00930538 -0.00166332 0.00467301 -0.00166332 0.00702216)
(0.00203168 -0.00122278 0.0055985 -0.00122278 0.00897185 -0.00235711 0.0055985 -0.00235711 0.00659819)
(0.00414566 -0.00391764 0.0033584 -0.00391764 0.00877668 -0.00327419 0.0033584 -0.00327419 0.00666116)
(0.000427538 -0.00113493 0.00643824 -0.00113493 0.00853563 -0.00275698 0.00643824 -0.00275698 0.00811576)
(-0.000168572 -0.0012187 0.00554602 -0.0012187 0.00892526 -0.00211227 0.00554602 -0.00211227 0.00689859)
(0.00288402 -0.00172976 0.00493164 -0.00172976 0.00873732 -0.00278323 0.00493164 -0.00278323 0.00660689)
(0.0175197 -0.00148568 0.00122693 -0.00148568 0.00570273 -0.00315843 0.00122693 -0.00315843 0.00882042)
(0.00935977 0.00197129 0.0056419 0.00197129 0.00494688 -0.00180183 0.0056419 -0.00180183 0.00704689)
(0.0106855 -0.000844689 0.00437926 -0.000844689 0.00949794 -0.00131717 0.00437926 -0.00131717 0.00456577)
(0.00705937 -0.00145924 0.004193 -0.00145924 0.00966876 -0.00153101 0.004193 -0.00153101 0.00589806)
(0.00102133 -0.00173564 0.00552272 -0.00173564 0.00897992 -0.00212238 0.00552272 -0.00212238 0.00738408)
(-0.000862898 -0.00123013 0.00554287 -0.00123013 0.00894612 -0.00213812 0.00554287 -0.00213812 0.00773788)
(0.00310972 0.000120366 0.00498342 0.000120366 0.00877741 -0.00158599 0.00498342 -0.00158599 0.00638151)
(0.00445029 1.31251e-05 0.00452031 1.31251e-05 0.00898569 -0.00142951 0.00452031 -0.00142951 0.00599041)
(-0.000690464 -0.00250717 0.00596115 -0.00250717 0.00977842 -0.00208852 0.00596115 -0.00208852 0.00779733)
(0.00075151 -0.00231855 0.00535482 -0.00231855 0.00892752 -0.00280234 0.00535482 -0.00280234 0.00705047)
(0.00291883 0.000389804 0.00467257 0.000389804 0.00534564 -0.00363751 0.00467257 -0.00363751 0.00583095)
(0.00492451 0.000399887 0.0037749 0.000399887 0.00362287 -0.00451225 0.0037749 -0.00451225 0.00648257)
(0.0181487 -0.00275209 3.82774e-05 -0.00275209 0.00762239 -0.00252096 3.82774e-05 -0.00252096 0.0100008)
(0.00389184 -0.000294876 0.00467248 -0.000294876 0.00567841 -0.00338145 0.00467248 -0.00338145 0.00723971)
(0.00712706 0.00115594 0.00401364 0.00115594 0.00857977 -0.000969404 0.00401364 -0.000969404 0.00517813)
(0.00442016 0.000677694 0.00248102 0.000677694 0.00856415 -0.000518357 0.00248102 -0.000518357 0.00519484)
(0.00517642 0.00134834 0.00339787 0.00134834 0.00829052 -0.000669412 0.00339787 -0.000669412 0.00518129)
(0.000828975 -0.000676412 0.00380246 -0.000676412 0.00925325 -0.00121242 0.00380246 -0.00121242 0.0066197)
(-0.000203502 -0.00196473 0.00557983 -0.00196473 0.00922133 -0.00213333 0.00557983 -0.00213333 0.00723751)
(0.000455675 -8.98717e-05 0.00627256 -8.98717e-05 0.00848185 -0.0023969 0.00627256 -0.0023969 0.00764195)
(0.00406648 0.00120278 0.00638422 0.00120278 0.00816327 -0.00195378 0.00638422 -0.00195378 0.0074614)
(0.00555893 0.000448979 0.00400456 0.000448979 0.00902097 -0.00120307 0.00400456 -0.00120307 0.00598807)
(0.013056 -0.000526953 0.00238042 -0.000526953 0.00900328 -9.44827e-05 0.00238042 -9.44827e-05 0.00537242)
(0.0048441 -0.00218432 0.00475075 -0.00218432 0.0100498 -0.00182236 0.00475075 -0.00182236 0.00725685)
(0.00345219 -0.00181719 0.00541315 -0.00181719 0.00913993 -0.00259777 0.00541315 -0.00259777 0.0069607)
(0.000665424 -0.00143417 0.00617118 -0.00143417 0.00853899 -0.00253139 0.00617118 -0.00253139 0.00750122)
(0.00114679 -0.000794418 0.00544813 -0.000794418 0.00806327 -0.0026636 0.00544813 -0.0026636 0.00603869)
(0.00934213 3.8771e-06 0.00274875 3.8771e-06 0.00457667 -0.00453065 0.00274875 -0.00453065 0.00710147)
(0.00348327 -0.00102464 0.00521065 -0.00102464 0.00660251 -0.00312119 0.00521065 -0.00312119 0.00751238)
(0.000210994 0.000143994 0.00602223 0.000143994 0.00848542 -0.00206065 0.00602223 -0.00206065 0.00749095)
(0.00506987 -0.00261112 0.00408672 -0.00261112 0.0103411 -0.00106133 0.00408672 -0.00106133 0.0076834)
(0.0134961 -0.00133386 0.00325587 -0.00133386 0.00979251 -0.000328134 0.00325587 -0.000328134 0.00454914)
(0.00791354 0.000124753 0.00342977 0.000124753 0.00864207 -0.00142864 0.00342977 -0.00142864 0.00300117)
(0.00494003 -0.00162953 0.00468914 -0.00162953 0.00891334 -0.000636708 0.00468914 -0.000636708 0.00629738)
(0.0148426 0.000296389 0.00460005 0.000296389 0.00803899 0.000621023 0.00460005 0.000621023 0.00610285)
(0.0127724 -0.00172898 0.00360392 -0.00172898 0.00951057 -0.00263799 0.00360392 -0.00263799 0.00447479)
(0.0136143 -0.00362306 0.00127201 -0.00362306 0.0042756 -0.00271182 0.00127201 -0.00271182 0.0096167)
(0.00607638 -0.00361678 0.00442779 -0.00361678 0.0100953 -0.00242817 0.00442779 -0.00242817 0.00519958)
(0.0110173 -0.00439579 0.00406824 -0.00439579 0.0104438 -0.00214949 0.00406824 -0.00214949 0.00635425)
(0.0128838 -0.0049895 0.00145317 -0.0049895 0.0104639 -0.00396641 0.00145317 -0.00396641 0.00472331)
(0.010203 -0.00480578 0.00148741 -0.00480578 0.010191 -0.00247619 0.00148741 -0.00247619 0.0114455)
(0.00556233 -0.000251904 0.00277647 -0.000251904 0.00903312 -0.000536575 0.00277647 -0.000536575 0.00327491)
(0.0237482 -0.00407062 0.00393385 -0.00407062 0.00955223 -1.79233e-05 0.00393385 -1.79233e-05 0.00821923)
(0.00707781 -0.00388839 -0.00357644 -0.00388839 0.0106658 -0.000452268 -0.00357644 -0.000452268 0.00818342)
(0.0113437 -0.00423013 0.00415502 -0.00423013 0.0100154 -0.00298558 0.00415502 -0.00298558 0.00595781)
(0.00913836 -0.00473311 0.00515667 -0.00473311 0.0105043 -0.00223234 0.00515667 -0.00223234 0.00815271)
(0.0156177 -0.00324856 0.00288543 -0.00324856 0.00945995 -2.01492e-05 0.00288543 -2.01492e-05 0.00387214)
(0.0177483 -0.00285617 0.00304328 -0.00285617 0.0099708 -0.000596534 0.00304328 -0.000596534 0.00390112)
(0.00863062 -0.00327476 0.0051992 -0.00327476 0.00999618 -0.00172396 0.0051992 -0.00172396 0.00859713)
(0.00876742 -0.00540789 0.00441794 -0.00540789 0.0109192 -0.0034446 0.00441794 -0.0034446 0.00707321)
(0.00551556 -0.00199824 0.00438612 -0.00199824 0.00976983 -0.0030373 0.00438612 -0.0030373 0.00537217)
(0.00619917 0.00115043 0.00415056 0.00115043 0.00622156 -0.00242055 0.00415056 -0.00242055 0.0045573)
(0.00677106 -0.00195854 -0.0017725 -0.00195854 0.00927547 0.00139445 -0.0017725 0.00139445 0.00672138)
(0.0027164 3.20273e-05 0.00354179 3.20273e-05 0.00738495 -0.00200473 0.00354179 -0.00200473 0.00354791)
(0.0197185 -0.00383913 0.00180841 -0.00383913 0.00985738 0.00153291 0.00180841 0.00153291 0.00760828)
(0.0191626 -0.00137061 0.00103319 -0.00137061 0.00757944 0.0032783 0.00103319 0.0032783 0.0100418)
(0.0196399 -0.00228078 0.00239159 -0.00228078 0.00869756 0.00206129 0.00239159 0.00206129 0.00983533)
(0.0149526 -0.00239435 0.00387939 -0.00239435 0.00908521 0.00042007 0.00387939 0.00042007 0.0087857)
(0.00690525 -0.00361591 0.00536635 -0.00361591 0.0109336 -0.00245837 0.00536635 -0.00245837 0.00824605)
(0.00898877 -0.0031732 0.00430113 -0.0031732 0.0105498 -0.00157628 0.00430113 -0.00157628 0.00652384)
(0.0104733 -0.00238199 0.00406332 -0.00238199 0.00935828 0.000501227 0.00406332 0.000501227 0.00697649)
(0.0137466 -0.00141031 0.00384199 -0.00141031 0.00877706 0.00117237 0.00384199 0.00117237 0.00721083)
(0.0189409 -0.00379291 0.0040556 -0.00379291 0.0102236 -0.001688 0.0040556 -0.001688 0.0134496)
(0.00248583 -0.0022154 9.37264e-05 -0.0022154 0.0068328 0.00207601 9.37264e-05 0.00207601 0.0061515)
(0.0138735 -0.00379698 0.00380995 -0.00379698 0.0100861 -0.00378006 0.00380995 -0.00378006 0.00592179)
(0.0125974 -0.00184499 0.0039149 -0.00184499 0.00949208 -0.00254554 0.0039149 -0.00254554 0.00451754)
(0.00560397 -0.00213209 0.00446696 -0.00213209 0.00997278 -0.00332266 0.00446696 -0.00332266 0.00576937)
(0.012895 -0.00163583 0.00166418 -0.00163583 0.00688176 -0.004614 0.00166418 -0.004614 0.00619726)
(0.00422604 -0.00238597 0.00413142 -0.00238597 0.00922904 -0.00199841 0.00413142 -0.00199841 0.00395389)
(0.00596346 -0.00216153 0.00423207 -0.00216153 0.0101289 -0.00111318 0.00423207 -0.00111318 0.00608207)
(0.0163684 -0.00201002 0.000133899 -0.00201002 0.00785985 0.00133679 0.000133899 0.00133679 0.00852401)
(0.029039 -0.000980284 -0.000199907 -0.000980284 0.00775335 0.00252215 -0.000199907 0.00252215 0.00726179)
(0.014857 0.00159516 0.006547 0.00159516 0.00761435 -0.00132939 0.006547 -0.00132939 0.00723908)
(0.00869785 -0.00131575 0.00644671 -0.00131575 0.00892159 -0.0022709 0.00644671 -0.0022709 0.0103292)
(0.0143432 -0.000749659 0.00288916 -0.000749659 0.00870609 -0.00109009 0.00288916 -0.00109009 0.00980978)
(0.0180298 -0.00120703 0.00407633 -0.00120703 0.00803732 -0.00184668 0.00407633 -0.00184668 0.0093357)
(0.0125075 -0.00232298 -1.07512e-05 -0.00232298 0.00536912 -0.00111112 -1.07512e-05 -0.00111112 0.012965)
(0.015087 -0.00168721 -0.00263231 -0.00168721 0.00680742 -0.00380468 -0.00263231 -0.00380468 0.00564766)
(0.0158692 -0.00402368 0.00156064 -0.00402368 0.00978781 -0.00179704 0.00156064 -0.00179704 0.00861316)
(0.019801 -0.00477593 -0.000493512 -0.00477593 0.00956752 -0.00266671 -0.000493512 -0.00266671 0.00667194)
(0.0137119 -0.00362434 -0.000425896 -0.00362434 0.00432465 -0.00154516 -0.000425896 -0.00154516 0.0111495)
(0.00649291 -0.000630833 0.00387399 -0.000630833 0.00892964 -0.00113952 0.00387399 -0.00113952 0.00570306)
(0.00974019 -0.00454631 -0.0030141 -0.00454631 0.0113592 -0.00332076 -0.0030141 -0.00332076 0.00873652)
(0.00938914 -0.00284147 -0.00190223 -0.00284147 0.0102438 -0.00307841 -0.00190223 -0.00307841 0.00737486)
(0.0179693 -0.00316386 0.00331204 -0.00316386 0.00910265 -0.00264747 0.00331204 -0.00264747 0.00691069)
(0.0155404 -0.00548428 0.000443874 -0.00548428 0.0100542 -0.00272002 0.000443874 -0.00272002 0.00682173)
(0.0109195 0.000666485 0.00191555 0.000666485 0.0023826 0.000837431 0.00191555 0.000837431 0.00519604)
(0.0109031 0.00218672 0.00370763 0.00218672 0.00532929 0.00124352 0.00370763 0.00124352 0.00452906)
(0.0104178 -0.00415727 0.00178136 -0.00415727 0.00941043 -0.00258269 0.00178136 -0.00258269 0.0069901)
(0.019153 -0.00539921 -0.00052821 -0.00539921 0.00882338 -0.00307527 -0.00052821 -0.00307527 0.00577624)
(0.0234521 -0.0035896 0.00196631 -0.0035896 0.00896844 -0.00225139 0.00196631 -0.00225139 0.00852176)
(0.0173881 -0.00130053 0.00236502 -0.00130053 0.00635622 -0.00343885 0.00236502 -0.00343885 0.00832728)
(0.0159263 -0.00406907 -0.00072979 -0.00406907 0.00804857 -0.000560679 -0.00072979 -0.000560679 0.0110642)
(0.00962867 -0.00023909 0.0049882 -0.00023909 0.0085938 -0.00146254 0.0049882 -0.00146254 0.00679037)
(0.0160664 -0.00058721 0.00264202 -0.00058721 0.00838161 -1.97738e-05 0.00264202 -1.97738e-05 0.008396)
(0.0100954 -0.00314977 -0.00204001 -0.00314977 0.010978 -0.00257126 -0.00204001 -0.00257126 0.0107837)
(0.0247727 -0.00354257 -0.00166629 -0.00354257 0.00705954 0.00124138 -0.00166629 0.00124138 0.0107682)
(0.0121808 -0.00428242 -0.00500893 -0.00428242 0.011251 -0.00328206 -0.00500893 -0.00328206 0.00868592)
(0.0221935 -0.00314756 0.00329725 -0.00314756 0.00894317 -0.00152261 0.00329725 -0.00152261 0.00775542)
(0.0159139 0.000761996 0.0065914 0.000761996 0.00813639 -0.00230216 0.0065914 -0.00230216 0.00699076)
(0.010785 -0.00294017 0.0013811 -0.00294017 0.00960974 -0.00210607 0.0013811 -0.00210607 0.00877246)
(0.0174454 -0.00149485 0.000705289 -0.00149485 0.00865538 0.000482387 0.000705289 0.000482387 0.00933688)
(0.0214315 -0.000747215 -0.00151588 -0.000747215 0.00750681 0.00302843 -0.00151588 0.00302843 0.00739186)
(0.0141729 -0.00371808 -0.0051365 -0.00371808 0.011017 -0.00114828 -0.0051365 -0.00114828 0.00975451)
(0.00705615 0.000185193 0.00216853 0.000185193 0.00693055 -0.0012144 0.00216853 -0.0012144 0.00384798)
(0.0141234 -0.00186432 0.002427 -0.00186432 0.0078578 -0.00155695 0.002427 -0.00155695 0.00827256)
(0.0220515 -0.00205005 0.00182971 -0.00205005 0.00757242 -0.00220999 0.00182971 -0.00220999 0.00841357)
(0.0167392 -0.0017488 0.000285221 -0.0017488 0.00812834 -0.00295435 0.000285221 -0.00295435 0.00927809)
(0.00973107 -0.0026012 -0.00100288 -0.0026012 0.00778259 -0.00314543 -0.00100288 -0.00314543 0.00719628)
(0.0131249 -0.00276274 0.00357259 -0.00276274 0.009536 -0.00172974 0.00357259 -0.00172974 0.00893209)
(0.00833843 -0.00353515 -0.00277006 -0.00353515 0.0109371 -0.00178551 -0.00277006 -0.00178551 0.0079022)
(0.0157914 0.00197907 0.00154392 0.00197907 0.00561062 0.00386148 0.00154392 0.00386148 0.0105024)
(0.018211 -0.00314545 0.00111192 -0.00314545 0.00923286 0.00108194 0.00111192 0.00108194 0.00487042)
(0.0125592 -0.00104715 0.00240531 -0.00104715 0.00845112 0.00109387 0.00240531 0.00109387 0.00306709)
(0.0136734 -0.000733113 0.00369356 -0.000733113 0.00854171 -0.00102756 0.00369356 -0.00102756 0.00670602)
(0.0092647 -0.00380911 0.00292983 -0.00380911 0.00896194 -0.00183892 0.00292983 -0.00183892 0.00572472)
(0.0145844 -0.00169386 0.000376599 -0.00169386 0.00687457 -0.00311733 0.000376599 -0.00311733 0.00749173)
(0.0107584 0.00064074 0.000383632 0.00064074 0.00666794 -0.00223761 0.000383632 -0.00223761 0.0052096)
(0.0140392 -0.00129454 0.00386009 -0.00129454 0.00878044 -0.00150487 0.00386009 -0.00150487 0.00796476)
(0.0165236 -0.00602482 0.00197928 -0.00602482 0.0102176 -0.00291499 0.00197928 -0.00291499 0.00678577)
(0.0063537 -0.00530801 0.00103717 -0.00530801 0.00891886 -0.00320044 0.00103717 -0.00320044 0.00469294)
(0.0156411 -0.00106346 0.00215905 -0.00106346 0.00928607 7.93459e-05 0.00215905 7.93459e-05 0.00266275)
(0.0129281 -0.00228912 0.0028271 -0.00228912 0.0106051 -0.0020313 0.0028271 -0.0020313 0.0149027)
(0.00896504 -0.000854013 0.000497138 -0.000854013 0.00618204 0.00104665 0.000497138 0.00104665 0.00573764)
(0.0106529 -0.00174215 0.0037418 -0.00174215 0.00831231 -0.0013743 0.0037418 -0.0013743 0.00742327)
(0.0118167 -0.0044255 0.00314107 -0.0044255 0.00933675 -0.00271531 0.00314107 -0.00271531 0.00682781)
(0.0149734 -0.000562336 0.00289208 -0.000562336 0.00777079 0.000799943 0.00289208 0.000799943 0.00651364)
(0.0149695 0.0033534 0.00465149 0.0033534 0.00640552 0.00150317 0.00465149 0.00150317 0.00526062)
(0.00552684 -0.00543901 0.00262245 -0.00543901 0.0101858 -0.00332878 0.00262245 -0.00332878 0.00630525)
(0.0117178 -0.00656486 0.00037002 -0.00656486 0.00941512 -0.00375806 0.00037002 -0.00375806 0.00496487)
(0.0124855 -0.00330499 0.0010852 -0.00330499 0.00792315 -0.00293111 0.0010852 -0.00293111 0.004926)
(0.0172033 -0.00230432 0.00270512 -0.00230432 0.00927707 0.000844995 0.00270512 0.000844995 0.0077126)
(0.00752479 0.00186412 0.00445735 0.00186412 0.00390963 -0.00230715 0.00445735 -0.00230715 0.00458025)
(0.0132851 0.000303483 0.00370036 0.000303483 0.00814669 -0.000158511 0.00370036 -0.000158511 0.00581342)
(0.0123372 0.000319164 0.0044699 0.000319164 0.00802583 -7.9724e-05 0.0044699 -7.9724e-05 0.00776073)
(0.0116062 0.00299377 0.00111837 0.00299377 0.00622633 0.0024047 0.00111837 0.0024047 0.0104507)
(0.0110614 -0.00326191 -0.0027947 -0.00326191 0.0109983 -0.00109834 -0.0027947 -0.00109834 0.0126655)
(0.0122986 -0.00234016 -0.00265457 -0.00234016 0.0112235 -0.00174896 -0.00265457 -0.00174896 0.00817759)
(0.00863116 0.00115486 0.00190313 0.00115486 0.00593284 0.00247821 0.00190313 0.00247821 0.00753046)
(0.0185044 -0.00158252 0.00354441 -0.00158252 0.0092821 -0.00145168 0.00354441 -0.00145168 0.0048041)
(0.0127009 -0.00343655 0.00433094 -0.00343655 0.00994804 -0.00132252 0.00433094 -0.00132252 0.00658579)
(0.0171129 -0.0030478 0.00238631 -0.0030478 0.00957989 0.000111395 0.00238631 0.000111395 0.00489042)
(0.0172055 -0.00302499 -0.00226172 -0.00302499 0.00799879 0.00342297 -0.00226172 0.00342297 0.0081522)
(0.00835588 -0.00481219 -0.00271537 -0.00481219 0.0113796 -0.000692432 -0.00271537 -0.000692432 0.00849894)
(0.0104039 -0.00333054 0.00084305 -0.00333054 0.00777735 0.00128885 0.00084305 0.00128885 0.00728201)
(0.00407002 -0.000349613 0.00113454 -0.000349613 0.00666241 -0.00141931 0.00113454 -0.00141931 0.00423658)
(0.0150959 -0.00324433 0.00191453 -0.00324433 0.00856223 -0.00308599 0.00191453 -0.00308599 0.00592426)
(0.0175441 -0.00215058 -0.000343235 -0.00215058 0.00885865 -0.00214659 -0.000343235 -0.00214659 0.0110026)
(0.0101794 -0.00530951 -8.31224e-05 -0.00530951 0.0116687 0.00111624 -8.31224e-05 0.00111624 0.00547211)
(0.00962892 -0.00315799 0.0017263 -0.00315799 0.00748946 -0.000818402 0.0017263 -0.000818402 0.00704683)
(0.014494 0.000226264 0.000232017 0.000226264 0.006853 0.00287797 0.000232017 0.00287797 0.00653512)
(0.013668 -0.00111071 -0.000766234 -0.00111071 0.00564682 0.00339561 -0.000766234 0.00339561 0.00983628)
(0.012103 2.63369e-05 0.000311265 2.63369e-05 0.00652038 0.00197734 0.000311265 0.00197734 0.00506211)
(0.00736606 0.000716068 0.000763893 0.000716068 0.00570732 -0.000377959 0.000763893 -0.000377959 0.0046995)
(0.0112136 0.000833508 0.0011083 0.000833508 0.00809981 -0.00190178 0.0011083 -0.00190178 0.00704002)
(0.00812876 -0.00120707 -0.000511431 -0.00120707 0.0063294 0.000169916 -0.000511431 0.000169916 0.00329216)
(0.00989001 -0.00185592 -4.47044e-05 -0.00185592 0.00503125 -0.00134016 -4.47044e-05 -0.00134016 0.0107768)
(0.0116157 -0.00146188 -0.00171952 -0.00146188 0.00878203 -0.003756 -0.00171952 -0.003756 0.00715829)
(0.0116525 -0.00147428 0.000582434 -0.00147428 0.00838828 -0.0019565 0.000582434 -0.0019565 0.00681446)
(0.0208097 -0.00380619 -0.000730288 -0.00380619 0.00921424 -0.00275116 -0.000730288 -0.00275116 0.0069856)
(0.0157576 -0.00446721 -0.00120292 -0.00446721 0.00954625 -0.00277499 -0.00120292 -0.00277499 0.00758626)
(0.0226258 -0.000702445 -0.000186284 -0.000702445 0.00775026 0.00304158 -0.000186284 0.00304158 0.00593458)
(0.0163456 -0.000724389 0.00172222 -0.000724389 0.00566629 0.00122861 0.00172222 0.00122861 0.0118595)
(0.0119293 -0.00203003 0.00201875 -0.00203003 0.00799043 -0.00119331 0.00201875 -0.00119331 0.00757443)
(0.0122549 0.000411925 0.000907814 0.000411925 0.00674669 0.000491239 0.000907814 0.000491239 0.00640984)
(0.0127914 -0.00504942 -0.000441243 -0.00504942 0.00927606 -0.00302177 -0.000441243 -0.00302177 0.00584279)
(0.0148679 -0.00102934 -5.06639e-07 -0.00102934 0.00735096 -0.000171984 -5.06639e-07 -0.000171984 0.00526368)
(0.0133067 0.000976102 0.00225284 0.000976102 0.00805624 -0.00110517 0.00225284 -0.00110517 0.00771971)
(0.00188871 -0.000911116 0.0006996 -0.000911116 0.00665255 -0.00217961 0.0006996 -0.00217961 0.00282771)
(0.0216047 -0.00480839 0.00147521 -0.00480839 0.0084665 -0.0032122 0.00147521 -0.0032122 0.00571375)
(0.0238712 -0.00441065 -0.00054343 -0.00441065 0.00936257 -0.00298917 -0.00054343 -0.00298917 0.00710265)
(0.00979495 -0.00219628 0.00155851 -0.00219628 0.00444851 -0.00208725 0.00155851 -0.00208725 0.00506535)
(0.0100599 0.000553347 0.00408539 0.000553347 0.00674746 -0.00244198 0.00408539 -0.00244198 0.00777177)
(0.0152505 0.000392353 0.00274922 0.000392353 0.0083163 -0.000273824 0.00274922 -0.000273824 0.00722084)
(0.014055 0.000469385 0.00136262 0.000469385 0.00673445 0.0013843 0.00136262 0.0013843 0.0082572)
(0.0117818 0.001935 -0.0019833 0.001935 0.00334922 0.00066128 -0.0019833 0.00066128 0.0090917)
(0.0186196 0.000549475 0.00323233 0.000549475 0.0114757 -0.00338071 0.00323233 -0.00338071 0.0106853)
(0.015622 0.000397757 0.00262234 0.000397757 0.0112839 -0.00286392 0.00262234 -0.00286392 0.00781252)
(0.0105191 -0.00497584 -0.00508485 -0.00497584 0.011565 -0.00234089 -0.00508485 -0.00234089 0.0091267)
(0.0127286 -0.00032188 -0.000947363 -0.00032188 0.00667317 0.00161651 -0.000947363 0.00161651 0.00475962)
(0.0162833 -0.0029589 0.00220373 -0.0029589 0.00903977 -0.000838875 0.00220373 -0.000838875 0.00777918)
(0.0102315 -0.0034541 0.00235461 -0.0034541 0.0091521 -0.00218468 0.00235461 -0.00218468 0.00682175)
(0.0102482 -0.00204594 -0.000477191 -0.00204594 0.00639651 0.00081679 -0.000477191 0.00081679 0.00521953)
(0.0131591 -0.00107671 -4.46765e-05 -0.00107671 0.00716377 0.00194128 -4.46765e-05 0.00194128 0.0057952)
(0.00474611 -0.00143497 0.000876809 -0.00143497 0.00714901 -0.000647421 0.000876809 -0.000647421 0.00347376)
(0.00574242 -0.000897372 0.000228999 -0.000897372 0.00782219 -0.00136591 0.000228999 -0.00136591 0.00320782)
(0.0225222 -0.00386278 0.00106697 -0.00386278 0.00856437 -0.00235332 0.00106697 -0.00235332 0.00820599)
(0.0198383 -0.00385919 0.000517474 -0.00385919 0.00852567 -0.00285092 0.000517474 -0.00285092 0.00643156)
(0.0101629 -0.00468763 0.00028492 -0.00468763 0.011643 0.000831627 0.00028492 0.000831627 0.00575646)
(0.0128928 -0.00132814 0.00126482 -0.00132814 0.011485 -0.00227015 0.00126482 -0.00227015 0.00712046)
(0.0130923 0.00246433 0.00333181 0.00246433 0.00617639 0.0013826 0.00333181 0.0013826 0.00655365)
(0.0110569 -0.00141196 -0.000983283 -0.00141196 0.00621086 0.00182205 -0.000983283 0.00182205 0.00554433)
(0.0210633 -0.00308473 -2.05636e-06 -0.00308473 0.00838023 0.00136747 -2.05636e-06 0.00136747 0.00706893)
(0.00609299 6.7519e-05 -0.000679664 6.7519e-05 0.00612715 0.00198356 -0.000679664 0.00198356 0.00472551)
(0.00698183 -0.00538743 -0.000756763 -0.00538743 0.0112311 -3.26168e-05 -0.000756763 -3.26168e-05 0.00606811)
(0.0074454 -0.000530732 -0.000980751 -0.000530732 0.00699374 -0.000108758 -0.000980751 -0.000108758 0.00269944)
(0.011766 -0.00207039 0.000561032 -0.00207039 0.00335908 -0.00266779 0.000561032 -0.00266779 0.0100218)
(0.00665027 -0.00477812 -0.00081768 -0.00477812 0.00971835 0.00167513 -0.00081768 0.00167513 0.00418518)
(0.00863463 -0.00030926 0.00270685 -0.00030926 0.00716112 -0.000459112 0.00270685 -0.000459112 0.00598158)
(0.0140671 -0.0036944 0.000885868 -0.0036944 0.00830714 -0.00281598 0.000885868 -0.00281598 0.00497957)
(0.0121322 -0.00495098 -0.00225716 -0.00495098 0.00890488 -0.00314034 -0.00225716 -0.00314034 0.00480132)
(0.0183159 0.00131087 0.00213818 0.00131087 0.0064628 0.00298471 0.00213818 0.00298471 0.00878772)
(0.0206846 -0.00246312 -0.00276507 -0.00246312 0.00803743 0.00384059 -0.00276507 0.00384059 0.00891737)
(0.0138497 -0.00117487 0.00195275 -0.00117487 0.0100371 -0.0017181 0.00195275 -0.0017181 0.0104472)
(0.00484442 0.000464492 0.00136023 0.000464492 0.00204559 -0.000168171 0.00136023 -0.000168171 0.00551758)
(0.0122191 -0.00643832 0.00201315 -0.00643832 0.010102 -0.00377679 0.00201315 -0.00377679 0.00577913)
(0.0114342 -0.00324092 6.78543e-05 -0.00324092 0.00816325 0.000814212 6.78543e-05 0.000814212 0.00556329)
(0.0121593 -0.00311882 0.00352321 -0.00311882 0.00738575 -0.000880074 0.00352321 -0.000880074 0.00477911)
(0.00148192 -0.000719851 -0.000708483 -0.000719851 0.00456569 -0.00186787 -0.000708483 -0.00186787 0.00429068)
(0.0139858 -0.00300828 0.00193345 -0.00300828 0.00824543 -0.00466744 0.00193345 -0.00466744 0.00599433)
(0.0158895 -0.00524533 -0.00128983 -0.00524533 0.00844258 -0.00320638 -0.00128983 -0.00320638 0.00508612)
(0.0128018 -0.00182284 0.000905219 -0.00182284 0.00732211 -0.00332591 0.000905219 -0.00332591 0.0070535)
(0.00960972 -0.00289578 0.000257108 -0.00289578 0.00943325 -0.00237611 0.000257108 -0.00237611 0.00639821)
(0.0153382 0.00271984 0.0040826 0.00271984 0.00690603 0.000728494 0.0040826 0.000728494 0.00618628)
(0.012926 0.00135085 0.00173668 0.00135085 0.00593363 0.00258645 0.00173668 0.00258645 0.00782422)
(0.015432 0.000440369 -0.000348209 0.000440369 0.00631377 0.00333731 -0.000348209 0.00333731 0.00843852)
(0.0103357 -0.000127926 -0.000193921 -0.000127926 0.00633685 0.000264804 -0.000193921 0.000264804 0.00933496)
(0.0159409 0.00186814 0.00274236 0.00186814 0.0066026 0.00275604 0.00274236 0.00275604 0.00685134)
(0.0131738 -0.00467233 -0.00593689 -0.00467233 0.0119997 -0.00225746 -0.00593689 -0.00225746 0.0101407)
(0.0145758 -0.00287399 -0.00120341 -0.00287399 0.00735165 0.00115198 -0.00120341 0.00115198 0.00540746)
(0.00486003 0.00133349 0.000106631 0.00133349 0.00418518 7.61524e-05 0.000106631 7.61524e-05 0.0014516)
(0.00830521 -0.00375706 0.00375265 -0.00375706 0.00929698 -0.00244628 0.00375265 -0.00244628 0.00649454)
(0.0104597 -0.000277628 0.00269085 -0.000277628 0.0071841 0.000677434 0.00269085 0.000677434 0.00607351)
(0.0110819 0.000353683 0.00121152 0.000353683 0.0066857 0.00113955 0.00121152 0.00113955 0.00632048)
(0.0079637 -9.7408e-05 0.00139353 -9.7408e-05 0.00685277 -0.000609087 0.00139353 -0.000609087 0.0035891)
(0.00333537 -0.000644046 0.000755563 -0.000644046 0.00573632 -0.00116782 0.000755563 -0.00116782 0.0030706)
(0.010145 -0.00188005 0.00219603 -0.00188005 0.00736835 -0.00135485 0.00219603 -0.00135485 0.00843387)
(0.00867182 -0.00100213 0.00357586 -0.00100213 0.00837413 -0.00389972 0.00357586 -0.00389972 0.00557597)
(0.00669985 -0.00277802 0.00407239 -0.00277802 0.0098488 -0.00161659 0.00407239 -0.00161659 0.00631946)
(0.0159623 0.00215688 0.00344399 0.00215688 0.00720666 2.1575e-05 0.00344399 2.1575e-05 0.00492185)
(0.00916618 0.000680293 -0.000252871 0.000680293 0.00614479 -0.00194536 -0.000252871 -0.00194536 0.0044704)
(0.00571872 -0.000727093 0.00145312 -0.000727093 0.00419156 -0.00249016 0.00145312 -0.00249016 0.00351537)
(0.0166942 -0.00224971 -0.00457242 -0.00224971 0.00638728 0.00390552 -0.00457242 0.00390552 0.0102994)
(0.00553432 0.000731632 0.000393664 0.000731632 0.00256193 0.000214892 0.000393664 0.000214892 0.00179849)
(0.00602367 -0.00304599 -0.000144766 -0.00304599 0.008585 9.32394e-05 -0.000144766 9.32394e-05 0.00402313)
(0.00217746 -0.000300381 -9.69358e-05 -0.000300381 0.00337726 -0.00222787 -9.69358e-05 -0.00222787 0.00353967)
(0.0126955 -0.00288168 0.00152303 -0.00288168 0.00465094 -0.00311962 0.00152303 -0.00311962 0.00814235)
(0.00624299 -0.00333348 -0.00231199 -0.00333348 0.00518565 0.00222895 -0.00231199 0.00222895 0.00476117)
(0.00582034 0.000472635 0.000438256 0.000472635 0.00699113 -0.00146942 0.000438256 -0.00146942 0.00377806)
(0.0118795 -0.0035724 0.00108382 -0.0035724 0.0068753 -0.00201042 0.00108382 -0.00201042 0.00363851)
(0.0130303 -0.00468244 -0.00116512 -0.00468244 0.00950025 -0.00277017 -0.00116512 -0.00277017 0.00644676)
(0.0172974 0.000295786 0.0014707 0.000295786 0.00644956 0.00257113 0.0014707 0.00257113 0.00836537)
(0.0204791 -0.0028162 -0.00443134 -0.0028162 0.00730699 0.0045465 -0.00443134 0.0045465 0.00979354)
(0.0135392 0.000216053 0.00322477 0.000216053 0.00543685 -0.00132303 0.00322477 -0.00132303 0.00938542)
(0.00998467 -0.000579877 0.00198748 -0.000579877 0.0105601 -0.00376856 0.00198748 -0.00376856 0.00829897)
(0.00963049 -0.00427647 0.000818225 -0.00427647 0.00902518 -0.00345123 0.000818225 -0.00345123 0.00479393)
(0.0193287 -0.00399751 0.00156592 -0.00399751 0.00910282 -0.00195224 0.00156592 -0.00195224 0.00528802)
(0.00830294 -0.00450031 -0.00275286 -0.00450031 0.0118449 -0.00293809 -0.00275286 -0.00293809 0.00809618)
(0.00342975 -0.000845289 -0.00188539 -0.000845289 0.00185397 0.000187264 -0.00188539 0.000187264 0.00487038)
(0.0147049 0.00130427 0.00337811 0.00130427 0.00659547 0.00250688 0.00337811 0.00250688 0.00802365)
(0.0144961 -0.000718957 0.00114988 -0.000718957 0.00432196 -0.00317184 0.00114988 -0.00317184 0.0115268)
(0.0073149 -0.00548218 0.000501398 -0.00548218 0.00864545 -0.00303995 0.000501398 -0.00303995 0.00516463)
(0.00865151 -0.00258813 0.00247329 -0.00258813 0.00892261 -0.00213955 0.00247329 -0.00213955 0.00658296)
(0.0129997 1.77864e-05 0.00287904 1.77864e-05 0.00850242 -0.00129501 0.00287904 -0.00129501 0.00724929)
(0.012355 0.000191479 0.00142816 0.000191479 0.00672089 0.001324 0.00142816 0.001324 0.00779449)
(0.0189303 -0.00106057 0.00143588 -0.00106057 0.00762823 0.000530321 0.00143588 0.000530321 0.00860628)
(0.0176109 7.88402e-05 -0.000743834 7.88402e-05 0.00589307 0.00404301 -0.000743834 0.00404301 0.0106816)
(0.0174587 -0.00250741 0.00135835 -0.00250741 0.00867084 0.000732078 0.00135835 0.000732078 0.00857748)
(0.0161259 -0.000359212 -0.00277627 -0.000359212 0.0077252 0.00238761 -0.00277627 0.00238761 0.00759918)
(0.0122329 -0.000278013 0.00376963 -0.000278013 0.00274201 -0.00168556 0.00376963 -0.00168556 0.00932114)
(0.00661456 -0.00242446 -0.0015826 -0.00242446 0.0069435 0.00279551 -0.0015826 0.00279551 0.0050363)
(0.0106957 -0.00217556 0.00308495 -0.00217556 0.00870043 -0.00202891 0.00308495 -0.00202891 0.00540186)
(0.0130572 -0.00216787 0.000643173 -0.00216787 0.0076206 0.000970774 0.000643173 0.000970774 0.00537968)
(0.00281161 0.000756608 0.000924848 0.000756608 0.00312042 -0.00183953 0.000924848 -0.00183953 0.00315693)
(0.0022728 4.90835e-05 8.11666e-05 4.90835e-05 0.00143337 -0.000645592 8.11666e-05 -0.000645592 0.00216077)
(0.00515551 -0.00113494 0.000751467 -0.00113494 0.00662547 -0.00147311 0.000751467 -0.00147311 0.00546756)
(0.00625934 -0.00120995 0.000982733 -0.00120995 0.00722804 -0.00273526 0.000982733 -0.00273526 0.0070644)
(0.0125774 -0.00453989 0.00142689 -0.00453989 0.00936604 -0.00313819 0.00142689 -0.00313819 0.00540331)
(0.0127625 -0.00237456 0.00376987 -0.00237456 0.00992011 -0.00177862 0.00376987 -0.00177862 0.00644262)
(0.0127029 -0.00304542 0.00190977 -0.00304542 0.00956824 -0.00199766 0.00190977 -0.00199766 0.00793149)
(0.0040574 -0.00153454 -0.000125692 -0.00153454 0.00657308 -0.00230813 -0.000125692 -0.00230813 0.00339167)
(0.00801465 0.000303636 0.00139608 0.000303636 0.00196002 0.000123856 0.00139608 0.000123856 0.00741754)
(0.0116789 4.56851e-05 0.00274364 4.56851e-05 0.00273565 -0.00162836 0.00274364 -0.00162836 0.00996772)
(0.0104896 -0.000830049 0.00130811 -0.000830049 0.00784347 -0.00155983 0.00130811 -0.00155983 0.00608925)
(0.00805641 -0.000338225 0.00195369 -0.000338225 0.00767646 -0.000243167 0.00195369 -0.000243167 0.00563684)
(0.0036627 -0.00175804 0.000330478 -0.00175804 0.00523364 -0.00263743 0.000330478 -0.00263743 0.00656133)
(0.00488957 -0.000166631 0.00180093 -0.000166631 0.00352705 -0.00103379 0.00180093 -0.00103379 0.00781118)
(0.0171242 0.0026017 0.00406443 0.0026017 0.00612817 -0.000122751 0.00406443 -0.000122751 0.00662348)
(0.000879923 0.00017757 4.50816e-05 0.00017757 0.00444043 0.000511775 4.50816e-05 0.000511775 0.00238938)
(0.012315 -0.00128258 0.000409383 -0.00128258 0.00717029 -0.000490712 0.000409383 -0.000490712 0.0035514)
(0.0128543 -0.00386295 -0.000274187 -0.00386295 0.00919504 -0.00248054 -0.000274187 -0.00248054 0.00688499)
(0.0120176 -0.0015912 0.00168703 -0.0015912 0.0085021 -0.00341901 0.00168703 -0.00341901 0.00903388)
(0.0141125 0.00106923 0.00254399 0.00106923 0.00614407 0.00269398 0.00254399 0.00269398 0.0084216)
(0.0164072 0.000384521 0.00100677 0.000384521 0.00672243 0.00257047 0.00100677 0.00257047 0.00815339)
(0.00936291 -0.00385965 -0.000263127 -0.00385965 0.0109424 -0.00275195 -0.000263127 -0.00275195 0.0111894)
(0.00194141 -0.00171361 0.000485476 -0.00171361 0.00687236 -0.00249552 0.000485476 -0.00249552 0.00329532)
(0.0137712 -0.00411122 -0.00140292 -0.00411122 0.0077441 0.000169604 -0.00140292 0.000169604 0.00423825)
(0.0147791 -0.000284893 0.00270128 -0.000284893 0.00869017 0.000181719 0.00270128 0.000181719 0.00458267)
(0.00428844 -0.00604601 -0.00171068 -0.00604601 0.0109577 0.000362263 -0.00171068 0.000362263 0.00585117)
(0.00569094 0.000220786 0.00202257 0.000220786 0.00567519 0.00140594 0.00202257 0.00140594 0.00650975)
(0.0101709 -0.000442256 -0.000279724 -0.000442256 0.00390362 -0.00186204 -0.000279724 -0.00186204 0.0128814)
(0.00990675 -0.0049897 0.000316186 -0.0049897 0.009574 -0.00274595 0.000316186 -0.00274595 0.00623659)
(0.00894691 -0.00443484 0.000390004 -0.00443484 0.00935289 -0.00290242 0.000390004 -0.00290242 0.00591535)
(0.0107878 -0.00287504 0.00365638 -0.00287504 0.00956497 -0.00252936 0.00365638 -0.00252936 0.00586579)
(0.012803 -0.00088651 0.00105065 -0.00088651 0.00680722 0.00215436 0.00105065 0.00215436 0.00791502)
(0.0221811 -0.00348903 -0.00255702 -0.00348903 0.00743423 0.00312366 -0.00255702 0.00312366 0.00987094)
(0.0181487 -0.000466344 -0.000500496 -0.000466344 0.00616736 0.00315957 -0.000500496 0.00315957 0.00978397)
(0.0164841 -0.00193673 0.00212308 -0.00193673 0.00860379 0.000551019 0.00212308 0.000551019 0.00824267)
(0.0211966 -0.00165945 0.00150368 -0.00165945 0.00883713 0.000941495 0.00150368 0.000941495 0.00461489)
(0.0123167 0.00199663 0.000244185 0.00199663 0.00403371 0.0014125 0.000244185 0.0014125 0.00804562)
(0.00569295 -0.0013534 -0.00211001 -0.0013534 0.00507106 0.00329973 -0.00211001 0.00329973 0.00472102)
(0.00837931 -0.00227944 0.00310934 -0.00227944 0.00844627 -0.0014794 0.00310934 -0.0014794 0.00557556)
(0.0105899 -0.00110441 0.000148057 -0.00110441 0.00672032 0.0018988 0.000148057 0.0018988 0.00635647)
(0.0024007 0.000459467 0.000170524 0.000459467 0.00232861 -8.08565e-05 0.000170524 -8.08565e-05 0.00123906)
(0.00400011 0.000163591 -6.56312e-05 0.000163591 0.00617748 -0.00151942 -6.56312e-05 -0.00151942 0.0032798)
(0.00684712 -0.000320381 0.0011231 -0.000320381 0.00677645 0.000502796 0.0011231 0.000502796 0.00422248)
(0.00346691 -0.00170067 -0.000274963 -0.00170067 0.00332083 -0.00244229 -0.000274963 -0.00244229 0.00710911)
(0.00675295 -0.00437861 -0.000781343 -0.00437861 0.00810821 -0.00332508 -0.000781343 -0.00332508 0.00434993)
(0.0142744 -0.0012939 0.00102066 -0.0012939 0.00763563 0.00148491 0.00102066 0.00148491 0.00662939)
(0.00379629 -0.000963574 0.000466475 -0.000963574 0.00696988 -0.0011148 0.000466475 -0.0011148 0.00264757)
(0.00421108 -0.00223115 -0.000507751 -0.00223115 0.0080835 0.0014604 -0.000507751 0.0014604 0.00478208)
(0.0117747 -4.11225e-05 0.000858834 -4.11225e-05 0.00475387 0.0013989 0.000858834 0.0013989 0.00743086)
(0.0102368 -0.000523308 -0.00128171 -0.000523308 0.00587503 0.00330342 -0.00128171 0.00330342 0.00590257)
(0.0131914 4.59272e-05 0.00263195 4.59272e-05 0.00736838 -0.000911831 0.00263195 -0.000911831 0.00888948)
(0.00897701 0.000618163 0.00248122 0.000618163 0.00748105 1.68663e-06 0.00248122 1.68663e-06 0.00859638)
(0.00452893 -0.000930394 0.000518646 -0.000930394 0.00647685 -0.00317991 0.000518646 -0.00317991 0.00530366)
(0.00661857 -0.00169042 0.00105917 -0.00169042 0.00301277 -0.00235389 0.00105917 -0.00235389 0.00782602)
(0.0113647 0.000551099 0.00250741 0.000551099 0.00715782 -0.000117087 0.00250741 -0.000117087 0.00726705)
(0.00324904 0.000320301 0.000238657 0.000320301 0.00602864 0.000670194 0.000238657 0.000670194 0.00202541)
(0.00718276 -0.00160254 0.00186121 -0.00160254 0.00557717 -0.000954745 0.00186121 -0.000954745 0.00367469)
(0.00943841 -0.00312048 -0.000387462 -0.00312048 0.00718375 -0.000462884 -0.000387462 -0.000462884 0.00294749)
(0.0123211 -0.00105236 0.00320084 -0.00105236 0.0074215 -0.00240597 0.00320084 -0.00240597 0.00992021)
(0.0107942 -0.000324858 0.00212743 -0.000324858 0.0062039 0.00230689 0.00212743 0.00230689 0.00807487)
(0.00536782 0.000260648 0.000988647 0.000260648 0.00200486 -0.000885495 0.000988647 -0.000885495 0.0064555)
(0.00918237 -0.00414567 -0.00184443 -0.00414567 0.010505 -0.00377523 -0.00184443 -0.00377523 0.00844181)
(0.00918599 -0.000751883 -0.0011675 -0.000751883 0.00833238 -0.00334675 -0.0011675 -0.00334675 0.00685029)
