/*--------------------------------*- C++ -*----------------------------------*\
  =========                 |
  \\      /  F ield         | OpenFOAM: The Open Source CFD Toolbox
   \\    /   O peration     | Website:  https://openfoam.org
    \\  /    A nd           | Version:  10
     \\/     M anipulation  |
\*---------------------------------------------------------------------------*/
FoamFile
{
    format      ascii;
    class       volTensorField;
    location    "25";
    object      TauNN;
}
// * * * * * * * * * * * * * * * * * * * * * * * * * * * * * * * * * * * * * //

dimensions      [0 2 -2 0 0 0 0];

internalField   nonuniform List<tensor> 
25600
(
(1.33104e-05 -0.0127914 -0.0154357 -0.0127914 3.44642e-05 -0.00812723 -0.0154357 -0.00812723 5.24963e-05)
(1.13286e-05 -0.0127912 -0.0154315 -0.0127912 2.81133e-05 -0.00812382 -0.0154315 -0.00812382 5.69819e-05)
(4.84774e-05 -0.0127896 -0.0154174 -0.0127896 2.75405e-05 -0.00813399 -0.0154174 -0.00813399 9.66326e-05)
(2.07506e-05 -0.0127879 -0.015426 -0.0127879 2.41941e-05 -0.00812498 -0.015426 -0.00812498 9.80139e-05)
(-1.10943e-06 -0.0127899 -0.0154333 -0.0127899 2.52618e-05 -0.00812521 -0.0154333 -0.00812521 4.62725e-05)
(5.95157e-05 -0.0127896 -0.0154389 -0.0127896 3.61095e-05 -0.00813238 -0.0154389 -0.00813238 5.90872e-05)
(5.09244e-05 -0.01279 -0.0154121 -0.01279 2.81586e-05 -0.00812179 -0.0154121 -0.00812179 0.000100541)
(2.86156e-05 -0.012789 -0.0154279 -0.012789 2.34337e-05 -0.00812687 -0.0154279 -0.00812687 5.08133e-05)
(1.74899e-05 -0.0127949 -0.0154391 -0.0127949 3.41637e-05 -0.00812758 -0.0154391 -0.00812758 5.22881e-05)
(2.05181e-05 -0.0127899 -0.0154215 -0.0127899 2.71682e-05 -0.00811981 -0.0154215 -0.00811981 9.20567e-05)
(1.75392e-06 -0.0127875 -0.0154239 -0.0127875 2.54626e-05 -0.00811951 -0.0154239 -0.00811951 7.80478e-05)
(3.97332e-05 -0.0127898 -0.0154214 -0.0127898 2.40033e-05 -0.00812661 -0.0154214 -0.00812661 6.13352e-05)
(4.49704e-05 -0.012789 -0.0154155 -0.012789 2.67718e-05 -0.00812971 -0.0154155 -0.00812971 9.21574e-05)
(-3.23338e-06 -0.0127865 -0.015423 -0.0127865 2.74051e-05 -0.00811982 -0.015423 -0.00811982 7.56044e-05)
(5.77536e-05 -0.0127919 -0.0154379 -0.0127919 2.5655e-05 -0.00813374 -0.0154379 -0.00813374 4.85531e-05)
(4.04349e-05 -0.0127896 -0.015427 -0.0127896 2.46239e-05 -0.00812804 -0.015427 -0.00812804 5.46244e-05)
(-1.28248e-05 -0.0127893 -0.0154331 -0.0127893 2.50812e-05 -0.00811856 -0.0154331 -0.00811856 6.93831e-05)
(1.42607e-05 -0.0127882 -0.0154351 -0.0127882 2.18074e-05 -0.00812947 -0.0154351 -0.00812947 3.83687e-05)
(4.98912e-05 -0.0127923 -0.0154417 -0.0127923 2.63914e-05 -0.00813411 -0.0154417 -0.00813411 4.54852e-05)
(2.69817e-05 -0.0127874 -0.0154341 -0.0127874 2.12579e-05 -0.00813152 -0.0154341 -0.00813152 3.41054e-05)
(1.8394e-05 -0.0127882 -0.0154333 -0.0127882 2.02617e-05 -0.00812745 -0.0154333 -0.00812745 4.31734e-05)
(3.71935e-05 -0.0127899 -0.0154254 -0.0127899 2.19069e-05 -0.00813111 -0.0154254 -0.00813111 4.57863e-05)
(5.16876e-05 -0.0127901 -0.0154198 -0.0127901 2.30151e-05 -0.00812648 -0.0154198 -0.00812648 6.14518e-05)
(9.86457e-05 -0.0127977 -0.0154264 -0.0127977 2.86519e-05 -0.00813319 -0.0154264 -0.00813319 5.39782e-05)
(2.73567e-05 -0.012787 -0.0154295 -0.012787 2.34706e-05 -0.00813288 -0.0154295 -0.00813288 3.83694e-05)
(-2.90192e-05 -0.0127987 -0.0154421 -0.0127987 3.21346e-05 -0.00811472 -0.0154421 -0.00811472 6.42452e-05)
(2.4559e-05 -0.012792 -0.0154215 -0.012792 2.99091e-05 -0.00811708 -0.0154215 -0.00811708 8.49469e-05)
(3.49224e-05 -0.012796 -0.015453 -0.012796 5.14706e-05 -0.00813516 -0.015453 -0.00813516 6.16186e-05)
(1.97266e-05 -0.0127927 -0.0154359 -0.0127927 4.48652e-05 -0.00812172 -0.0154359 -0.00812172 6.91227e-05)
(2.43014e-05 -0.0127946 -0.0154253 -0.0127946 3.14993e-05 -0.00811814 -0.0154253 -0.00811814 0.000106156)
(1.40834e-05 -0.0127869 -0.015427 -0.0127869 2.1498e-05 -0.00812457 -0.015427 -0.00812457 5.98379e-05)
(1.10049e-05 -0.0127891 -0.0154202 -0.0127891 3.0449e-05 -0.00811563 -0.0154202 -0.00811563 9.79031e-05)
(4.64317e-05 -0.0127916 -0.0154193 -0.0127916 2.85948e-05 -0.00812866 -0.0154193 -0.00812866 0.000107142)
(2.30529e-05 -0.0127862 -0.015423 -0.0127862 2.18813e-05 -0.00812755 -0.015423 -0.00812755 6.93336e-05)
(4.31371e-06 -0.0127896 -0.0154296 -0.0127896 2.36718e-05 -0.00812018 -0.0154296 -0.00812018 6.62203e-05)
(6.71998e-05 -0.0127946 -0.0154354 -0.0127946 2.54274e-05 -0.00813296 -0.0154354 -0.00813296 4.46859e-05)
(7.4e-05 -0.0127898 -0.0154138 -0.0127898 2.77491e-05 -0.0081248 -0.0154138 -0.0081248 7.83448e-05)
(-2.68666e-05 -0.012802 -0.0154402 -0.012802 4.14062e-05 -0.00811673 -0.0154402 -0.00811673 7.08411e-05)
(7.79532e-06 -0.0127909 -0.01543 -0.0127909 2.65847e-05 -0.00811892 -0.01543 -0.00811892 9.17678e-05)
(3.93492e-05 -0.0127885 -0.0154204 -0.0127885 2.72896e-05 -0.00813649 -0.0154204 -0.00813649 8.06907e-05)
(8.61305e-05 -0.0127922 -0.0154119 -0.0127922 2.67283e-05 -0.0081263 -0.0154119 -0.0081263 7.04875e-05)
(1.24908e-05 -0.0127924 -0.0154368 -0.0127924 2.39149e-05 -0.00812188 -0.0154368 -0.00812188 5.89119e-05)
(1.07568e-05 -0.0127912 -0.015437 -0.0127912 2.20525e-05 -0.00812456 -0.015437 -0.00812456 4.63112e-05)
(3.53415e-05 -0.012788 -0.0154223 -0.012788 2.28388e-05 -0.00812611 -0.0154223 -0.00812611 6.74802e-05)
(9.85098e-06 -0.01279 -0.0154387 -0.01279 2.54383e-05 -0.0081302 -0.0154387 -0.0081302 4.29248e-05)
(4.9112e-05 -0.0127923 -0.0154253 -0.0127923 2.36968e-05 -0.00813077 -0.0154253 -0.00813077 4.51562e-05)
(6.55956e-05 -0.0127939 -0.0154129 -0.0127939 3.00652e-05 -0.0081365 -0.0154129 -0.0081365 8.72008e-05)
(8.69231e-05 -0.0127993 -0.0154091 -0.0127993 3.18907e-05 -0.00813658 -0.0154091 -0.00813658 7.53533e-05)
(6.34264e-05 -0.0127921 -0.0154143 -0.0127921 2.45e-05 -0.00812471 -0.0154143 -0.00812471 7.83952e-05)
(3.91369e-05 -0.0127883 -0.0154257 -0.0127883 2.18141e-05 -0.00812883 -0.0154257 -0.00812883 6.95199e-05)
(1.53949e-05 -0.0127864 -0.0154286 -0.0127864 1.91242e-05 -0.00812479 -0.0154286 -0.00812479 6.21999e-05)
(4.47996e-06 -0.0127922 -0.0154309 -0.0127922 2.70917e-05 -0.00811708 -0.0154309 -0.00811708 8.28419e-05)
(6.76207e-05 -0.0127938 -0.015434 -0.0127938 2.82328e-05 -0.00812925 -0.015434 -0.00812925 5.94169e-05)
(4.1818e-05 -0.0127893 -0.0154265 -0.0127893 2.27476e-05 -0.00813023 -0.0154265 -0.00813023 5.0988e-05)
(2.76232e-05 -0.0127853 -0.0154282 -0.0127853 2.06981e-05 -0.0081289 -0.0154282 -0.0081289 5.37784e-05)
(2.10559e-05 -0.01279 -0.0154285 -0.01279 2.35083e-05 -0.00812247 -0.0154285 -0.00812247 6.3104e-05)
(5.29049e-05 -0.0127899 -0.0154126 -0.0127899 2.52347e-05 -0.00812798 -0.0154126 -0.00812798 9.14038e-05)
(5.80146e-05 -0.0127927 -0.0154215 -0.0127927 2.436e-05 -0.00812976 -0.0154215 -0.00812976 5.05332e-05)
(3.39663e-05 -0.0127865 -0.015428 -0.0127865 2.09758e-05 -0.00812983 -0.015428 -0.00812983 5.24408e-05)
(4.3239e-05 -0.0127911 -0.0154309 -0.0127911 2.46128e-05 -0.00813279 -0.0154309 -0.00813279 3.67712e-05)
(2.25103e-05 -0.0127902 -0.0154269 -0.0127902 2.60099e-05 -0.00812306 -0.0154269 -0.00812306 5.78854e-05)
(5.10143e-05 -0.0127904 -0.0154163 -0.0127904 2.47011e-05 -0.00812239 -0.0154163 -0.00812239 8.00701e-05)
(9.81676e-05 -0.0127967 -0.0154088 -0.0127967 2.75894e-05 -0.00812868 -0.0154088 -0.00812868 7.57257e-05)
(3.9448e-05 -0.0127861 -0.0154284 -0.0127861 2.84559e-05 -0.00813653 -0.0154284 -0.00813653 0.000104103)
(3.74306e-05 -0.0127881 -0.0154216 -0.0127881 2.43083e-05 -0.00813117 -0.0154216 -0.00813117 9.14948e-05)
(2.0766e-05 -0.0127934 -0.0154345 -0.0127934 3.08572e-05 -0.00812248 -0.0154345 -0.00812248 6.19952e-05)
(2.56774e-05 -0.0127882 -0.0154278 -0.0127882 2.24281e-05 -0.00812708 -0.0154278 -0.00812708 5.17283e-05)
(9.12502e-05 -0.0127932 -0.0154064 -0.0127932 2.80039e-05 -0.0081281 -0.0154064 -0.0081281 9.15809e-05)
(5.10227e-05 -0.0127906 -0.015421 -0.0127906 2.5048e-05 -0.00813239 -0.015421 -0.00813239 7.30977e-05)
(5.01954e-05 -0.0127927 -0.0154261 -0.0127927 3.29227e-05 -0.00813844 -0.0154261 -0.00813844 5.09394e-05)
(6.65963e-05 -0.0127951 -0.0154185 -0.0127951 2.77578e-05 -0.00813415 -0.0154185 -0.00813415 6.07295e-05)
(5.3372e-05 -0.0127903 -0.0154237 -0.0127903 2.89873e-05 -0.00813685 -0.0154237 -0.00813685 6.01294e-05)
(1.92068e-05 -0.0127888 -0.0154283 -0.0127888 2.32375e-05 -0.00812235 -0.0154283 -0.00812235 8.16172e-05)
(5.47898e-05 -0.0127935 -0.0154216 -0.0127935 2.47073e-05 -0.0081321 -0.0154216 -0.0081321 5.18513e-05)
(4.47126e-05 -0.0127887 -0.015416 -0.0127887 2.59779e-05 -0.0081316 -0.015416 -0.0081316 8.95391e-05)
(3.21252e-05 -0.0127887 -0.0154213 -0.0127887 2.39543e-05 -0.00812457 -0.0154213 -0.00812457 6.98392e-05)
(7.91827e-05 -0.012798 -0.0154165 -0.012798 3.07255e-05 -0.00813612 -0.0154165 -0.00813612 6.77637e-05)
(3.83778e-05 -0.0127902 -0.015434 -0.0127902 2.17808e-05 -0.00813127 -0.015434 -0.00813127 3.94025e-05)
(1.81158e-05 -0.012787 -0.0154306 -0.012787 1.99992e-05 -0.00812482 -0.0154306 -0.00812482 5.96483e-05)
(3.06184e-05 -0.0127863 -0.0154194 -0.0127863 2.15275e-05 -0.00812646 -0.0154194 -0.00812646 5.94201e-05)
(0.000105477 -0.012805 -0.0154099 -0.012805 3.81283e-05 -0.00814047 -0.0154099 -0.00814047 7.6379e-05)
(5.94449e-05 -0.0127951 -0.0154189 -0.0127951 3.27669e-05 -0.00813942 -0.0154189 -0.00813942 6.58419e-05)
(5.64249e-06 -0.0127908 -0.0154319 -0.0127908 2.41883e-05 -0.00812052 -0.0154319 -0.00812052 6.42858e-05)
(2.37423e-05 -0.012786 -0.0154276 -0.012786 2.03689e-05 -0.00812713 -0.0154276 -0.00812713 6.20435e-05)
(-3.34437e-05 -0.0127998 -0.0154408 -0.0127998 3.8528e-05 -0.00810891 -0.0154408 -0.00810891 0.000102175)
(1.13489e-05 -0.0127909 -0.0154308 -0.0127909 2.50686e-05 -0.00812297 -0.0154308 -0.00812297 5.48619e-05)
(1.93801e-05 -0.0127903 -0.0154354 -0.0127903 2.29548e-05 -0.00812756 -0.0154354 -0.00812756 4.66871e-05)
(0.000103281 -0.012796 -0.0154028 -0.012796 3.01475e-05 -0.00813187 -0.0154028 -0.00813187 0.000103082)
(8.56131e-05 -0.0128112 -0.0154221 -0.0128112 5.55714e-05 -0.008146 -0.0154221 -0.008146 4.7426e-05)
(5.0395e-05 -0.0127889 -0.0154207 -0.0127889 2.84493e-05 -0.0081358 -0.0154207 -0.0081358 9.88297e-05)
(8.72984e-05 -0.0127973 -0.0154099 -0.0127973 3.25058e-05 -0.00813758 -0.0154099 -0.00813758 9.42258e-05)
(6.00863e-05 -0.0127906 -0.0154136 -0.0127906 2.80759e-05 -0.00812078 -0.0154136 -0.00812078 9.36312e-05)
(-6.36498e-05 -0.0128143 -0.0154609 -0.0128143 5.69066e-05 -0.00810469 -0.0154609 -0.00810469 0.000111911)
(8.95318e-06 -0.0127917 -0.0154307 -0.0127917 2.55062e-05 -0.00811675 -0.0154307 -0.00811675 8.53971e-05)
(0.000107576 -0.0127916 -0.0154054 -0.0127916 3.7415e-05 -0.00811243 -0.0154054 -0.00811243 9.99074e-05)
(6.34633e-05 -0.0127912 -0.0154109 -0.0127912 2.68748e-05 -0.00812573 -0.0154109 -0.00812573 9.73595e-05)
(2.73161e-05 -0.0127962 -0.0154419 -0.0127962 2.62455e-05 -0.00812812 -0.0154419 -0.00812812 3.86499e-05)
(3.09806e-05 -0.0127866 -0.015424 -0.0127866 2.3599e-05 -0.00812747 -0.015424 -0.00812747 8.22762e-05)
(3.94312e-05 -0.0127889 -0.0154245 -0.0127889 2.23713e-05 -0.00812852 -0.0154245 -0.00812852 5.84327e-05)
(5.14097e-05 -0.0127899 -0.0154222 -0.0127899 3.245e-05 -0.00812107 -0.0154222 -0.00812107 7.3758e-05)
(6.76873e-05 -0.0127932 -0.0154107 -0.0127932 3.05027e-05 -0.00813645 -0.0154107 -0.00813645 0.000100696)
(2.16987e-05 -0.0127861 -0.0154271 -0.0127861 2.06773e-05 -0.00812561 -0.0154271 -0.00812561 6.87019e-05)
(3.95755e-05 -0.0127898 -0.0154274 -0.0127898 2.92884e-05 -0.00813686 -0.0154274 -0.00813686 4.13337e-05)
(7.00933e-05 -0.0128051 -0.0154261 -0.0128051 4.28696e-05 -0.00814041 -0.0154261 -0.00814041 3.95245e-05)
(0.000110158 -0.0127935 -0.0154159 -0.0127935 2.75484e-05 -0.0081279 -0.0154159 -0.0081279 6.46299e-05)
(2.15866e-05 -0.0127877 -0.0154247 -0.0127877 2.42287e-05 -0.0081256 -0.0154247 -0.0081256 9.48739e-05)
(-2.82397e-05 -0.012804 -0.0154442 -0.012804 3.99048e-05 -0.00811264 -0.0154442 -0.00811264 7.89113e-05)
(4.61072e-05 -0.0127891 -0.0154174 -0.0127891 2.43769e-05 -0.00812782 -0.0154174 -0.00812782 8.18597e-05)
(3.24496e-05 -0.0127862 -0.0154237 -0.0127862 2.48036e-05 -0.00813252 -0.0154237 -0.00813252 9.19265e-05)
(2.50487e-06 -0.0127952 -0.0154368 -0.0127952 3.04377e-05 -0.00812203 -0.0154368 -0.00812203 5.6654e-05)
(5.21343e-05 -0.0127899 -0.0154141 -0.0127899 2.43867e-05 -0.0081275 -0.0154141 -0.0081275 7.6663e-05)
(6.86864e-05 -0.0127973 -0.0154307 -0.0127973 2.6665e-05 -0.00813349 -0.0154307 -0.00813349 3.90402e-05)
(4.86825e-05 -0.0127911 -0.0154192 -0.0127911 2.56755e-05 -0.00813365 -0.0154192 -0.00813365 6.47227e-05)
(4.2783e-05 -0.0127862 -0.0154343 -0.0127862 2.00361e-05 -0.00812767 -0.0154343 -0.00812767 4.99539e-05)
(6.41605e-05 -0.0127954 -0.015426 -0.0127954 3.13226e-05 -0.0081363 -0.015426 -0.0081363 4.56403e-05)
(7.86597e-05 -0.0127969 -0.0154099 -0.0127969 3.29211e-05 -0.00813817 -0.0154099 -0.00813817 8.82846e-05)
(5.33403e-05 -0.012791 -0.0154141 -0.012791 2.38526e-05 -0.00812779 -0.0154141 -0.00812779 6.93551e-05)
(5.66382e-05 -0.012794 -0.0154186 -0.012794 2.57871e-05 -0.00813298 -0.0154186 -0.00813298 5.41982e-05)
(2.37111e-05 -0.0127868 -0.015435 -0.0127868 2.05626e-05 -0.00813121 -0.015435 -0.00813121 3.14193e-05)
(1.22871e-05 -0.012792 -0.0154287 -0.012792 2.75611e-05 -0.00811821 -0.0154287 -0.00811821 7.09309e-05)
(1.50231e-05 -0.0127892 -0.0154375 -0.0127892 2.05146e-05 -0.00812926 -0.0154375 -0.00812926 3.51633e-05)
(7.29278e-05 -0.0127924 -0.0154111 -0.0127924 2.70181e-05 -0.0081226 -0.0154111 -0.0081226 8.65794e-05)
(5.02868e-05 -0.0127941 -0.0154256 -0.0127941 3.17491e-05 -0.00813737 -0.0154256 -0.00813737 4.44476e-05)
(7.27691e-05 -0.0127941 -0.0154145 -0.0127941 2.55312e-05 -0.00813011 -0.0154145 -0.00813011 6.75066e-05)
(4.7873e-05 -0.0127918 -0.0154262 -0.0127918 2.56701e-05 -0.00812676 -0.0154262 -0.00812676 5.27733e-05)
(2.33701e-05 -0.0127867 -0.0154291 -0.0127867 2.05084e-05 -0.0081275 -0.0154291 -0.0081275 5.03047e-05)
(5.46615e-06 -0.0127934 -0.0154343 -0.0127934 2.61041e-05 -0.0081195 -0.0154343 -0.0081195 6.38416e-05)
(1.32455e-05 -0.012792 -0.0154394 -0.012792 2.28223e-05 -0.00812288 -0.0154394 -0.00812288 5.08424e-05)
(8.2564e-05 -0.0128034 -0.0154178 -0.0128034 5.23043e-05 -0.00815013 -0.0154178 -0.00815013 7.60908e-05)
(6.59323e-05 -0.0127921 -0.0154106 -0.0127921 2.66029e-05 -0.00813073 -0.0154106 -0.00813073 7.62642e-05)
(2.58529e-05 -0.0127878 -0.0154239 -0.0127878 2.61928e-05 -0.00812455 -0.0154239 -0.00812455 5.97407e-05)
(0.000129818 -0.0128013 -0.0154121 -0.0128013 2.92947e-05 -0.00813179 -0.0154121 -0.00813179 6.02774e-05)
(9.44993e-05 -0.0127974 -0.0154074 -0.0127974 3.12952e-05 -0.00813443 -0.0154074 -0.00813443 9.6889e-05)
(1.21721e-05 -0.0127898 -0.0154274 -0.0127898 2.64839e-05 -0.00812189 -0.0154274 -0.00812189 0.000102744)
(8.69346e-06 -0.0127861 -0.0154312 -0.0127861 1.9105e-05 -0.00812562 -0.0154312 -0.00812562 4.56623e-05)
(7.00977e-05 -0.0127937 -0.0154201 -0.0127937 4.2617e-05 -0.00814844 -0.0154201 -0.00814844 0.000106219)
(6.00603e-05 -0.0127918 -0.0154169 -0.0127918 2.87362e-05 -0.00813524 -0.0154169 -0.00813524 9.33314e-05)
(1.50708e-05 -0.0127911 -0.0154257 -0.0127911 2.72965e-05 -0.00811826 -0.0154257 -0.00811826 9.46577e-05)
(7.00178e-06 -0.0127965 -0.0154286 -0.0127965 4.74495e-05 -0.00810674 -0.0154286 -0.00810674 0.000104609)
(-6.41314e-05 -0.0128068 -0.0154472 -0.0128068 5.53436e-05 -0.00810449 -0.0154472 -0.00810449 9.35561e-05)
(3.03283e-05 -0.0127871 -0.0154275 -0.0127871 2.49806e-05 -0.00812959 -0.0154275 -0.00812959 0.000101287)
(-4.85114e-07 -0.0127917 -0.0154378 -0.0127917 2.89e-05 -0.0081265 -0.0154378 -0.0081265 4.85666e-05)
(-2.62155e-05 -0.0128025 -0.0154447 -0.0128025 4.22418e-05 -0.00811935 -0.0154447 -0.00811935 6.46637e-05)
(1.92523e-05 -0.012795 -0.0154274 -0.012795 4.00243e-05 -0.00811228 -0.0154274 -0.00811228 8.96194e-05)
(9.11127e-05 -0.0127979 -0.0154111 -0.0127979 2.92495e-05 -0.00813386 -0.0154111 -0.00813386 6.5734e-05)
(0.000111508 -0.0128169 -0.015412 -0.0128169 6.37776e-05 -0.00815305 -0.015412 -0.00815305 7.45655e-05)
(3.93251e-05 -0.0127913 -0.0154262 -0.0127913 2.26448e-05 -0.00812712 -0.0154262 -0.00812712 4.92708e-05)
(1.6342e-05 -0.0127854 -0.0154322 -0.0127854 1.69914e-05 -0.00812802 -0.0154322 -0.00812802 3.35228e-05)
(7.84338e-05 -0.0127919 -0.0154106 -0.0127919 2.65257e-05 -0.00812147 -0.0154106 -0.00812147 8.06909e-05)
(3.12465e-05 -0.0127932 -0.0154257 -0.0127932 2.83731e-05 -0.00811864 -0.0154257 -0.00811864 7.94091e-05)
(1.09656e-05 -0.0127886 -0.0154334 -0.0127886 2.16911e-05 -0.00812279 -0.0154334 -0.00812279 6.07239e-05)
(1.17657e-05 -0.0127856 -0.01543 -0.0127856 1.96403e-05 -0.00812657 -0.01543 -0.00812657 4.84409e-05)
(5.53438e-05 -0.0127919 -0.0154269 -0.0127919 3.90992e-05 -0.00814151 -0.0154269 -0.00814151 4.82745e-05)
(3.24827e-05 -0.0127905 -0.0154227 -0.0127905 2.57645e-05 -0.00812203 -0.0154227 -0.00812203 9.25492e-05)
(-5.86319e-05 -0.0128073 -0.015449 -0.0128073 5.11029e-05 -0.00811056 -0.015449 -0.00811056 7.46358e-05)
(7.67481e-05 -0.0127968 -0.015413 -0.0127968 2.97374e-05 -0.0081356 -0.015413 -0.0081356 7.30654e-05)
(0.000104881 -0.0128025 -0.015415 -0.0128025 3.93185e-05 -0.00813298 -0.015415 -0.00813298 0.000131305)
(3.87682e-05 -0.0127912 -0.0154195 -0.0127912 2.78239e-05 -0.00812541 -0.0154195 -0.00812541 0.000108579)
(0.000100214 -0.0128065 -0.0154092 -0.0128065 4.72682e-05 -0.00814852 -0.0154092 -0.00814852 9.85784e-05)
(3.79118e-05 -0.0127887 -0.0154228 -0.0127887 2.172e-05 -0.00812958 -0.0154228 -0.00812958 6.3259e-05)
(0.000107694 -0.0127944 -0.0154115 -0.0127944 2.8329e-05 -0.00812941 -0.0154115 -0.00812941 6.6459e-05)
(4.51335e-05 -0.0127867 -0.0154277 -0.0127867 2.89197e-05 -0.0081364 -0.0154277 -0.0081364 9.89351e-05)
(1.57715e-05 -0.0127863 -0.0154301 -0.0127863 2.36767e-05 -0.00812491 -0.0154301 -0.00812491 9.08153e-05)
(6.29909e-05 -0.0127889 -0.0154141 -0.0127889 2.67087e-05 -0.00812316 -0.0154141 -0.00812316 7.05579e-05)
(4.6447e-05 -0.0127902 -0.0154269 -0.0127902 3.22824e-05 -0.00813944 -0.0154269 -0.00813944 5.16991e-05)
(7.25395e-05 -0.0127941 -0.0154159 -0.0127941 3.82683e-05 -0.00814478 -0.0154159 -0.00814478 0.000103783)
(5.69305e-05 -0.012795 -0.0154192 -0.012795 2.98832e-05 -0.0081369 -0.0154192 -0.0081369 5.80414e-05)
(2.48287e-05 -0.0127813 -0.0154358 -0.0127813 1.76173e-05 -0.00812944 -0.0154358 -0.00812944 3.01229e-05)
(3.50459e-05 -0.0127889 -0.0154318 -0.0127889 2.30691e-05 -0.00813135 -0.0154318 -0.00813135 4.19551e-05)
(0.00012278 -0.0128009 -0.0154048 -0.0128009 3.15393e-05 -0.00813453 -0.0154048 -0.00813453 7.38534e-05)
(6.42516e-05 -0.0127924 -0.0154156 -0.0127924 2.41301e-05 -0.00812962 -0.0154156 -0.00812962 5.91877e-05)
(4.08595e-05 -0.0127905 -0.0154232 -0.0127905 2.44967e-05 -0.00813303 -0.0154232 -0.00813303 4.94528e-05)
(7.58466e-05 -0.0128004 -0.0154292 -0.0128004 6.63665e-05 -0.00814203 -0.0154292 -0.00814203 3.23202e-05)
(4.83112e-05 -0.0127913 -0.0154264 -0.0127913 3.58212e-05 -0.00814117 -0.0154264 -0.00814117 5.27575e-05)
(7.68944e-05 -0.0128037 -0.0154216 -0.0128037 6.27116e-05 -0.00815141 -0.0154216 -0.00815141 6.29537e-05)
(6.31421e-05 -0.0127972 -0.0154265 -0.0127972 4.49155e-05 -0.00814194 -0.0154265 -0.00814194 4.35835e-05)
(5.36306e-05 -0.0127967 -0.0154237 -0.0127967 3.07511e-05 -0.0081368 -0.0154237 -0.0081368 4.71749e-05)
(0.00010543 -0.0127918 -0.015407 -0.0127918 3.09406e-05 -0.00811942 -0.015407 -0.00811942 8.65442e-05)
(0.000134184 -0.0128058 -0.0154002 -0.0128058 3.87443e-05 -0.00814161 -0.0154002 -0.00814161 0.00010589)
(5.51561e-05 -0.0127886 -0.0154252 -0.0127886 3.60011e-05 -0.00814443 -0.0154252 -0.00814443 9.30114e-05)
(8.74598e-06 -0.012787 -0.0154264 -0.012787 2.16377e-05 -0.00812181 -0.0154264 -0.00812181 7.70948e-05)
(8.95773e-05 -0.0127937 -0.0154061 -0.0127937 2.85099e-05 -0.00812503 -0.0154061 -0.00812503 9.71151e-05)
(3.02151e-05 -0.0127919 -0.0154284 -0.0127919 2.55828e-05 -0.00812289 -0.0154284 -0.00812289 6.3681e-05)
(-5.57564e-05 -0.0128076 -0.0154492 -0.0128076 4.70948e-05 -0.00810888 -0.0154492 -0.00810888 7.77749e-05)
(3.14083e-05 -0.0127874 -0.0154354 -0.0127874 2.57095e-05 -0.00812702 -0.0154354 -0.00812702 0.000101807)
(5.74636e-05 -0.0127923 -0.015418 -0.0127923 2.94909e-05 -0.00813694 -0.015418 -0.00813694 7.31151e-05)
(7.88356e-05 -0.0127955 -0.0154078 -0.0127955 2.97415e-05 -0.00813472 -0.0154078 -0.00813472 9.53005e-05)
(4.19025e-05 -0.0127892 -0.0154193 -0.0127892 2.20977e-05 -0.00812728 -0.0154193 -0.00812728 6.09273e-05)
(4.37142e-05 -0.0127922 -0.0154466 -0.0127922 2.66049e-05 -0.00813389 -0.0154466 -0.00813389 4.16692e-05)
(2.88928e-05 -0.0127883 -0.0154333 -0.0127883 2.22729e-05 -0.00813167 -0.0154333 -0.00813167 2.85649e-05)
(2.65797e-06 -0.0127944 -0.0154373 -0.0127944 2.7639e-05 -0.00812418 -0.0154373 -0.00812418 4.56374e-05)
(2.20487e-05 -0.0127865 -0.015427 -0.0127865 2.2652e-05 -0.00812551 -0.015427 -0.00812551 8.66621e-05)
(3.39916e-05 -0.0127871 -0.0154214 -0.0127871 2.29533e-05 -0.00812538 -0.0154214 -0.00812538 7.06558e-05)
(0.000134592 -0.0127984 -0.0154195 -0.0127984 2.86785e-05 -0.00813144 -0.0154195 -0.00813144 5.86847e-05)
(-7.63254e-05 -0.0128148 -0.0154512 -0.0128148 5.95218e-05 -0.00811424 -0.0154512 -0.00811424 6.5148e-05)
(-3.94683e-05 -0.0128191 -0.0154519 -0.0128191 5.65476e-05 -0.00813094 -0.0154519 -0.00813094 5.02392e-05)
(9.29959e-05 -0.0128061 -0.0154172 -0.0128061 3.84613e-05 -0.00813975 -0.0154172 -0.00813975 5.50666e-05)
(3.54012e-06 -0.0127892 -0.0154347 -0.0127892 2.13916e-05 -0.00812089 -0.0154347 -0.00812089 6.19784e-05)
(2.41592e-05 -0.0127871 -0.0154279 -0.0127871 2.26022e-05 -0.00812509 -0.0154279 -0.00812509 8.01623e-05)
(0.000111634 -0.0128039 -0.0154059 -0.0128039 4.05833e-05 -0.00814366 -0.0154059 -0.00814366 9.00641e-05)
(4.6865e-05 -0.0127905 -0.0154175 -0.0127905 2.82535e-05 -0.00813539 -0.0154175 -0.00813539 7.64593e-05)
(7.39858e-05 -0.0128035 -0.0154176 -0.0128035 4.91258e-05 -0.00814857 -0.0154176 -0.00814857 7.17594e-05)
(5.27022e-05 -0.0127899 -0.0154129 -0.0127899 3.26501e-05 -0.00811607 -0.0154129 -0.00811607 9.51926e-05)
(-1.37064e-05 -0.0127952 -0.0154307 -0.0127952 3.60601e-05 -0.00811197 -0.0154307 -0.00811197 0.000102259)
(2.44135e-05 -0.0127892 -0.0154351 -0.0127892 2.03756e-05 -0.00812426 -0.0154351 -0.00812426 5.61166e-05)
(4.32099e-05 -0.0127894 -0.0154209 -0.0127894 2.42857e-05 -0.00813123 -0.0154209 -0.00813123 7.44404e-05)
(1.7364e-05 -0.0127914 -0.0154212 -0.0127914 3.18808e-05 -0.00811654 -0.0154212 -0.00811654 0.000106518)
(4.1856e-07 -0.012795 -0.0154394 -0.012795 2.84758e-05 -0.00812349 -0.0154394 -0.00812349 5.45013e-05)
(1.28141e-05 -0.012792 -0.0154282 -0.012792 2.9729e-05 -0.00811904 -0.0154282 -0.00811904 7.2335e-05)
(8.11647e-05 -0.0127969 -0.0154114 -0.0127969 3.12341e-05 -0.00813666 -0.0154114 -0.00813666 8.56502e-05)
(7.09952e-05 -0.0127973 -0.0154159 -0.0127973 3.32762e-05 -0.00813919 -0.0154159 -0.00813919 7.45799e-05)
(6.70796e-05 -0.0127978 -0.0154208 -0.0127978 4.30734e-05 -0.00814539 -0.0154208 -0.00814539 6.67816e-05)
(5.98871e-05 -0.012798 -0.015427 -0.012798 4.2201e-05 -0.00814035 -0.015427 -0.00814035 4.47718e-05)
(1.56759e-05 -0.012791 -0.0154375 -0.012791 2.15418e-05 -0.00812603 -0.0154375 -0.00812603 4.61661e-05)
(3.96587e-05 -0.0127835 -0.0154318 -0.0127835 1.96534e-05 -0.00812898 -0.0154318 -0.00812898 5.74099e-05)
(5.45717e-05 -0.012792 -0.0154171 -0.012792 2.55327e-05 -0.00813298 -0.0154171 -0.00813298 6.4382e-05)
(0.00012999 -0.0128025 -0.0154098 -0.0128025 3.03231e-05 -0.0081329 -0.0154098 -0.0081329 6.01961e-05)
(4.57906e-05 -0.0127904 -0.0154214 -0.0127904 2.32416e-05 -0.00813043 -0.0154214 -0.00813043 5.97155e-05)
(5.69524e-05 -0.0127817 -0.0154314 -0.0127817 3.52878e-05 -0.00813656 -0.0154314 -0.00813656 3.76349e-05)
(5.29657e-05 -0.0127978 -0.0154493 -0.0127978 4.09926e-05 -0.00813043 -0.0154493 -0.00813043 4.11962e-05)
(4.94654e-05 -0.0127922 -0.015427 -0.0127922 2.39015e-05 -0.00813201 -0.015427 -0.00813201 4.5284e-05)
(6.67351e-05 -0.0128004 -0.0154226 -0.0128004 3.88892e-05 -0.00814103 -0.0154226 -0.00814103 5.07196e-05)
(9.14157e-05 -0.0128086 -0.0154153 -0.0128086 4.88636e-05 -0.00814721 -0.0154153 -0.00814721 6.65995e-05)
(5.08242e-05 -0.0127903 -0.0154193 -0.0127903 2.8432e-05 -0.00813623 -0.0154193 -0.00813623 8.37067e-05)
(1.45269e-07 -0.0127924 -0.0154364 -0.0127924 2.46478e-05 -0.00811785 -0.0154364 -0.00811785 7.14929e-05)
(4.11347e-05 -0.0127904 -0.0154215 -0.0127904 3.13471e-05 -0.00811807 -0.0154215 -0.00811807 7.80408e-05)
(5.11793e-05 -0.0127908 -0.0154147 -0.0127908 3.05784e-05 -0.00811745 -0.0154147 -0.00811745 9.5984e-05)
(2.18122e-05 -0.0127859 -0.0154261 -0.0127859 2.15968e-05 -0.00812643 -0.0154261 -0.00812643 7.15601e-05)
(5.51462e-05 -0.0127922 -0.0154159 -0.0127922 2.77076e-05 -0.00813461 -0.0154159 -0.00813461 6.50332e-05)
(7.71789e-05 -0.0127918 -0.0154098 -0.0127918 3.43412e-05 -0.00811575 -0.0154098 -0.00811575 9.88248e-05)
(3.08355e-05 -0.0127887 -0.015427 -0.0127887 2.04981e-05 -0.00812694 -0.015427 -0.00812694 5.43523e-05)
(5.12766e-05 -0.0127842 -0.0154306 -0.0127842 3.43204e-05 -0.00814313 -0.0154306 -0.00814313 7.14218e-05)
(-1.49925e-05 -0.0127944 -0.0154311 -0.0127944 3.62875e-05 -0.00811273 -0.0154311 -0.00811273 8.59838e-05)
(0.000121439 -0.0127965 -0.0154093 -0.0127965 2.84803e-05 -0.00812771 -0.0154093 -0.00812771 6.67532e-05)
(9.7096e-05 -0.0128231 -0.0154169 -0.0128231 8.4033e-05 -0.00815522 -0.0154169 -0.00815522 5.86059e-05)
(-4.22454e-05 -0.0128248 -0.0154567 -0.0128248 5.69134e-05 -0.00811313 -0.0154567 -0.00811313 6.51667e-05)
(6.0494e-05 -0.0127939 -0.0154249 -0.0127939 4.1201e-05 -0.00814455 -0.0154249 -0.00814455 6.07871e-05)
(9.70921e-05 -0.0128148 -0.015414 -0.0128148 6.6935e-05 -0.00815414 -0.015414 -0.00815414 7.52786e-05)
(-6.8709e-05 -0.0128098 -0.0154508 -0.0128098 5.52272e-05 -0.00810407 -0.0154508 -0.00810407 9.8621e-05)
(1.46037e-05 -0.0127944 -0.0154262 -0.0127944 3.37161e-05 -0.00811311 -0.0154262 -0.00811311 9.4632e-05)
(5.73826e-05 -0.0127911 -0.0154223 -0.0127911 3.35781e-05 -0.00814173 -0.0154223 -0.00814173 9.06145e-05)
(6.94323e-05 -0.0127938 -0.0154126 -0.0127938 3.02847e-05 -0.00813279 -0.0154126 -0.00813279 0.000109531)
(8.30466e-05 -0.0128093 -0.0154249 -0.0128093 4.29492e-05 -0.00813939 -0.0154249 -0.00813939 3.78009e-05)
(6.33349e-05 -0.0128004 -0.0154196 -0.0128004 4.08169e-05 -0.00814372 -0.0154196 -0.00814372 6.03901e-05)
(-5.24379e-05 -0.0128121 -0.0154496 -0.0128121 4.68573e-05 -0.00811734 -0.0154496 -0.00811734 5.63067e-05)
(3.85367e-06 -0.0128028 -0.0154525 -0.0128028 4.81236e-05 -0.0081335 -0.0154525 -0.0081335 5.45493e-05)
(8.64529e-05 -0.0128009 -0.0154259 -0.0128009 2.73561e-05 -0.00813296 -0.0154259 -0.00813296 4.2469e-05)
(2.35609e-05 -0.0127833 -0.0154333 -0.0127833 1.76827e-05 -0.00812917 -0.0154333 -0.00812917 2.98074e-05)
(-2.54676e-05 -0.0128155 -0.0154513 -0.0128155 4.76153e-05 -0.00812402 -0.0154513 -0.00812402 4.90608e-05)
(-2.54722e-05 -0.0128022 -0.0154429 -0.0128022 5.47357e-05 -0.00811347 -0.0154429 -0.00811347 7.61623e-05)
(-1.00634e-06 -0.0127936 -0.0154294 -0.0127936 3.8861e-05 -0.00811275 -0.0154294 -0.00811275 7.7831e-05)
(5.0505e-05 -0.01279 -0.0154264 -0.01279 3.51196e-05 -0.00814076 -0.0154264 -0.00814076 5.33272e-05)
(0.000108339 -0.0128029 -0.0154066 -0.0128029 4.03835e-05 -0.00814346 -0.0154066 -0.00814346 9.64332e-05)
(5.07639e-05 -0.0127902 -0.0154162 -0.0127902 2.65915e-05 -0.00812364 -0.0154162 -0.00812364 8.43303e-05)
(-7.57053e-05 -0.012819 -0.0154532 -0.012819 6.27606e-05 -0.00811293 -0.0154532 -0.00811293 7.2438e-05)
(-0.000151407 -0.0128206 -0.0154556 -0.0128206 9.15425e-05 -0.00810672 -0.0154556 -0.00810672 8.30053e-05)
(5.15591e-05 -0.01279 -0.0154191 -0.01279 2.46308e-05 -0.00812942 -0.0154191 -0.00812942 6.06131e-05)
(9.43672e-05 -0.0128121 -0.015417 -0.0128121 7.31541e-05 -0.00815391 -0.015417 -0.00815391 6.735e-05)
(7.59176e-05 -0.0127947 -0.0154112 -0.0127947 3.17582e-05 -0.00813713 -0.0154112 -0.00813713 8.92368e-05)
(3.86053e-05 -0.0127885 -0.0154185 -0.0127885 2.28154e-05 -0.00812697 -0.0154185 -0.00812697 7.02754e-05)
(6.3739e-06 -0.0127886 -0.0154319 -0.0127886 2.14787e-05 -0.00812316 -0.0154319 -0.00812316 5.53568e-05)
(1.66661e-06 -0.012797 -0.0154479 -0.012797 3.68896e-05 -0.00813151 -0.0154479 -0.00813151 5.18283e-05)
(7.25102e-05 -0.0127956 -0.0154122 -0.0127956 3.36857e-05 -0.00813979 -0.0154122 -0.00813979 8.26002e-05)
(5.35563e-05 -0.012791 -0.0154173 -0.012791 2.50086e-05 -0.0081313 -0.0154173 -0.0081313 5.79832e-05)
(1.08976e-05 -0.012793 -0.0154372 -0.012793 2.85032e-05 -0.00812725 -0.0154372 -0.00812725 4.81302e-05)
(5.90316e-05 -0.0127926 -0.0154164 -0.0127926 2.72436e-05 -0.00813338 -0.0154164 -0.00813338 6.76515e-05)
(5.57525e-05 -0.0127953 -0.0154265 -0.0127953 3.99163e-05 -0.00814082 -0.0154265 -0.00814082 4.34402e-05)
(2.65145e-05 -0.0127859 -0.0154297 -0.0127859 2.09346e-05 -0.00812619 -0.0154297 -0.00812619 6.81724e-05)
(0.000115523 -0.012801 -0.0154023 -0.012801 3.4426e-05 -0.0081378 -0.0154023 -0.0081378 0.00010521)
(7.84635e-05 -0.0128084 -0.0154207 -0.0128084 6.03937e-05 -0.00815004 -0.0154207 -0.00815004 5.84068e-05)
(6.84059e-05 -0.0127776 -0.015439 -0.0127776 1.78595e-05 -0.00812718 -0.015439 -0.00812718 4.64346e-05)
(5.19233e-05 -0.012796 -0.0154307 -0.012796 3.62181e-05 -0.00813676 -0.0154307 -0.00813676 3.48848e-05)
(9.75456e-05 -0.0127972 -0.0154221 -0.0127972 2.65282e-05 -0.00813074 -0.0154221 -0.00813074 4.91474e-05)
(-1.33207e-05 -0.0128 -0.0154429 -0.0128 3.25886e-05 -0.00812626 -0.0154429 -0.00812626 4.02523e-05)
(0.000103484 -0.012828 -0.0154234 -0.012828 0.000103796 -0.00815089 -0.0154234 -0.00815089 3.77998e-05)
(4.7548e-05 -0.0127933 -0.0154273 -0.0127933 3.06822e-05 -0.00813663 -0.0154273 -0.00813663 4.08486e-05)
(2.53135e-05 -0.0128011 -0.0154488 -0.0128011 2.84524e-05 -0.00811748 -0.0154488 -0.00811748 5.75644e-05)
(0.000129208 -0.0128031 -0.0154012 -0.0128031 3.54047e-05 -0.0081383 -0.0154012 -0.0081383 9.18029e-05)
(0.000106833 -0.0127966 -0.0154278 -0.0127966 2.98299e-05 -0.00813117 -0.0154278 -0.00813117 5.31145e-05)
(3.93183e-06 -0.0127902 -0.0154365 -0.0127902 2.19618e-05 -0.00812658 -0.0154365 -0.00812658 3.86961e-05)
(2.8152e-05 -0.0127888 -0.0154333 -0.0127888 2.01565e-05 -0.00812599 -0.0154333 -0.00812599 5.32724e-05)
(4.41743e-05 -0.0127888 -0.0154147 -0.0127888 2.42849e-05 -0.00812877 -0.0154147 -0.00812877 8.79463e-05)
(3.60575e-05 -0.0127885 -0.0154244 -0.0127885 2.18681e-05 -0.00813061 -0.0154244 -0.00813061 5.39944e-05)
(0.000135058 -0.012809 -0.0154056 -0.012809 4.01455e-05 -0.00814103 -0.0154056 -0.00814103 7.75922e-05)
(0.00010379 -0.0127987 -0.0154058 -0.0127987 3.40249e-05 -0.00813701 -0.0154058 -0.00813701 8.06335e-05)
(-0.000109213 -0.0128226 -0.015459 -0.0128226 6.6478e-05 -0.00810391 -0.015459 -0.00810391 8.65371e-05)
(4.70933e-05 -0.0127776 -0.015434 -0.0127776 2.47336e-05 -0.00812829 -0.015434 -0.00812829 2.84742e-05)
(6.66843e-05 -0.0128047 -0.0154401 -0.0128047 4.18465e-05 -0.00813389 -0.0154401 -0.00813389 3.22009e-05)
(0.000108423 -0.0127967 -0.0154415 -0.0127967 3.17858e-05 -0.00813375 -0.0154415 -0.00813375 6.23179e-05)
(2.36943e-05 -0.0127954 -0.0154562 -0.0127954 3.54286e-05 -0.00813726 -0.0154562 -0.00813726 5.71742e-05)
(-3.22464e-05 -0.0128073 -0.0154513 -0.0128073 3.89391e-05 -0.00811019 -0.0154513 -0.00811019 7.17441e-05)
(4.71906e-06 -0.0127976 -0.0154431 -0.0127976 2.69286e-05 -0.00812218 -0.0154431 -0.00812218 4.5708e-05)
(9.09792e-05 -0.0127954 -0.0154169 -0.0127954 2.64681e-05 -0.0081304 -0.0154169 -0.0081304 5.97259e-05)
(0.000147732 -0.0128056 -0.0153957 -0.0128056 3.79401e-05 -0.00814023 -0.0153957 -0.00814023 0.000106979)
(7.61759e-05 -0.0127906 -0.0154108 -0.0127906 3.18412e-05 -0.00811633 -0.0154108 -0.00811633 7.96271e-05)
(-5.62596e-06 -0.0127929 -0.0154373 -0.0127929 2.47974e-05 -0.00811679 -0.0154373 -0.00811679 6.81713e-05)
(-7.51597e-05 -0.0128299 -0.0154575 -0.0128299 6.72748e-05 -0.00811444 -0.0154575 -0.00811444 6.30819e-05)
(-8.7674e-07 -0.0127905 -0.0154299 -0.0127905 2.78765e-05 -0.00811979 -0.0154299 -0.00811979 6.76418e-05)
(7.55904e-05 -0.0128003 -0.0154127 -0.0128003 3.74591e-05 -0.00814261 -0.0154127 -0.00814261 7.72951e-05)
(0.000102811 -0.0128164 -0.015412 -0.0128164 6.33213e-05 -0.00815228 -0.015412 -0.00815228 7.55378e-05)
(8.45777e-05 -0.0128027 -0.0154315 -0.0128027 3.38057e-05 -0.00813608 -0.0154315 -0.00813608 4.14621e-05)
(3.97702e-05 -0.0127832 -0.0154541 -0.0127832 3.00157e-05 -0.00813097 -0.0154541 -0.00813097 5.87042e-05)
(2.52697e-05 -0.0127875 -0.0154313 -0.0127875 2.01482e-05 -0.00813033 -0.0154313 -0.00813033 3.81986e-05)
(0.000100552 -0.0127957 -0.0154029 -0.0127957 3.14029e-05 -0.0081314 -0.0154029 -0.0081314 0.000110938)
(2.56296e-05 -0.0127814 -0.0154305 -0.0127814 2.09108e-05 -0.00813154 -0.0154305 -0.00813154 4.35573e-05)
(1.02703e-05 -0.0127848 -0.0154277 -0.0127848 2.11178e-05 -0.00812516 -0.0154277 -0.00812516 7.86731e-05)
(0.000107184 -0.0128112 -0.0154097 -0.0128112 5.49875e-05 -0.00815036 -0.0154097 -0.00815036 8.98856e-05)
(1.11377e-05 -0.0127918 -0.0154325 -0.0127918 2.73268e-05 -0.00812316 -0.0154325 -0.00812316 5.67658e-05)
(-2.21923e-05 -0.0127974 -0.0154395 -0.0127974 3.33296e-05 -0.00811695 -0.0154395 -0.00811695 6.84354e-05)
(0.00010339 -0.0128394 -0.0154291 -0.0128394 0.000114995 -0.00814965 -0.0154291 -0.00814965 3.56401e-05)
(2.97373e-05 -0.0127899 -0.0154213 -0.0127899 2.5122e-05 -0.00812091 -0.0154213 -0.00812091 8.22358e-05)
(-9.34131e-05 -0.0128151 -0.0154539 -0.0128151 6.2124e-05 -0.00810565 -0.0154539 -0.00810565 8.78853e-05)
(0.000122854 -0.0127915 -0.0154017 -0.0127915 3.10051e-05 -0.00812058 -0.0154017 -0.00812058 9.52525e-05)
(3.64793e-06 -0.0127898 -0.0154351 -0.0127898 2.27962e-05 -0.00812497 -0.0154351 -0.00812497 4.74756e-05)
(-6.0226e-05 -0.0128115 -0.0154501 -0.0128115 5.45082e-05 -0.00811784 -0.0154501 -0.00811784 5.94864e-05)
(6.59846e-05 -0.0127982 -0.0154586 -0.0127982 3.05054e-05 -0.00813535 -0.0154586 -0.00813535 5.20775e-05)
(3.39189e-05 -0.012788 -0.0154346 -0.012788 2.05659e-05 -0.00813071 -0.0154346 -0.00813071 3.64155e-05)
(3.72341e-05 -0.012789 -0.0154183 -0.012789 3.05411e-05 -0.00811598 -0.0154183 -0.00811598 8.54928e-05)
(5.30624e-05 -0.0127934 -0.0154181 -0.0127934 2.78514e-05 -0.0081355 -0.0154181 -0.0081355 5.91835e-05)
(5.21733e-05 -0.0127767 -0.0154396 -0.0127767 2.28661e-05 -0.00812861 -0.0154396 -0.00812861 3.89374e-05)
(-3.66313e-05 -0.0127997 -0.0154428 -0.0127997 4.58332e-05 -0.00811755 -0.0154428 -0.00811755 6.3805e-05)
(-1.95984e-05 -0.0127973 -0.01544 -0.0127973 4.10931e-05 -0.00811808 -0.01544 -0.00811808 6.7444e-05)
(2.1046e-05 -0.0127955 -0.0154258 -0.0127955 4.0369e-05 -0.00811066 -0.0154258 -0.00811066 9.82756e-05)
(3.90679e-05 -0.0127911 -0.0154228 -0.0127911 2.5907e-05 -0.0081199 -0.0154228 -0.0081199 7.23353e-05)
(9.34795e-05 -0.0128046 -0.0154102 -0.0128046 4.09723e-05 -0.00814488 -0.0154102 -0.00814488 9.60811e-05)
(3.37782e-06 -0.0127918 -0.0154257 -0.0127918 3.05543e-05 -0.00811549 -0.0154257 -0.00811549 0.000104184)
(-3.20163e-06 -0.012799 -0.0154425 -0.012799 2.99517e-05 -0.0081191 -0.0154425 -0.0081191 5.89262e-05)
(-2.52806e-05 -0.0128085 -0.0154525 -0.0128085 5.94544e-05 -0.00813265 -0.0154525 -0.00813265 5.34485e-05)
(2.6162e-05 -0.0127885 -0.0154206 -0.0127885 3.13505e-05 -0.00811914 -0.0154206 -0.00811914 7.30218e-05)
(7.26916e-05 -0.0128126 -0.0154286 -0.0128126 6.30066e-05 -0.00814307 -0.0154286 -0.00814307 3.47781e-05)
(6.06955e-05 -0.0127957 -0.015427 -0.0127957 4.04595e-05 -0.00814061 -0.015427 -0.00814061 4.40762e-05)
(-1.58608e-05 -0.0128016 -0.0154474 -0.0128016 3.48597e-05 -0.00811097 -0.0154474 -0.00811097 0.000100773)
(-8.17827e-05 -0.0128071 -0.0154487 -0.0128071 6.91289e-05 -0.00810342 -0.0154487 -0.00810342 8.94348e-05)
(7.74253e-05 -0.0127938 -0.0154219 -0.0127938 2.50673e-05 -0.00812866 -0.0154219 -0.00812866 5.07112e-05)
(4.49561e-05 -0.0127981 -0.0154294 -0.0127981 3.74318e-05 -0.00813727 -0.0154294 -0.00813727 3.27891e-05)
(6.48295e-05 -0.0127979 -0.0154447 -0.0127979 3.4643e-05 -0.00813381 -0.0154447 -0.00813381 4.30693e-05)
(5.49268e-05 -0.0127945 -0.0154428 -0.0127945 2.51008e-05 -0.00813278 -0.0154428 -0.00813278 4.53611e-05)
(-5.76586e-06 -0.0128044 -0.0154466 -0.0128044 3.20181e-05 -0.00812211 -0.0154466 -0.00812211 4.2484e-05)
(-6.71748e-06 -0.0127972 -0.0154417 -0.0127972 2.8207e-05 -0.00811834 -0.0154417 -0.00811834 5.96827e-05)
(8.50168e-05 -0.0127991 -0.0154122 -0.0127991 4.06089e-05 -0.00814528 -0.0154122 -0.00814528 9.62033e-05)
(6.97661e-05 -0.0128056 -0.0154276 -0.0128056 5.62283e-05 -0.00814397 -0.0154276 -0.00814397 4.02381e-05)
(5.67576e-05 -0.0127969 -0.015443 -0.0127969 3.76945e-05 -0.00813217 -0.015443 -0.00813217 3.76759e-05)
(6.79085e-05 -0.0127966 -0.0154347 -0.0127966 2.52608e-05 -0.00813234 -0.0154347 -0.00813234 4.35891e-05)
(5.9314e-05 -0.0127997 -0.0154239 -0.0127997 3.04239e-05 -0.00813577 -0.0154239 -0.00813577 3.99854e-05)
(3.69828e-05 -0.0127925 -0.0154214 -0.0127925 2.70413e-05 -0.00811961 -0.0154214 -0.00811961 9.40389e-05)
(-7.47692e-05 -0.0128127 -0.0154519 -0.0128127 6.17743e-05 -0.00810418 -0.0154519 -0.00810418 9.08536e-05)
(5.92665e-05 -0.0127928 -0.0154165 -0.0127928 2.30134e-05 -0.00812842 -0.0154165 -0.00812842 6.34163e-05)
(7.20986e-05 -0.0127926 -0.0154161 -0.0127926 2.74355e-05 -0.00812201 -0.0154161 -0.00812201 6.13764e-05)
(-6.05917e-05 -0.0128131 -0.0154581 -0.0128131 4.95871e-05 -0.00810375 -0.0154581 -0.00810375 9.72896e-05)
(-1.09488e-05 -0.0127959 -0.0154328 -0.0127959 3.70571e-05 -0.00811337 -0.0154328 -0.00811337 8.1201e-05)
(0.000100848 -0.0128047 -0.0154237 -0.0128047 3.12329e-05 -0.00813501 -0.0154237 -0.00813501 4.07423e-05)
(1.80138e-05 -0.012791 -0.0154252 -0.012791 3.0461e-05 -0.00811693 -0.0154252 -0.00811693 7.44219e-05)
(-3.67052e-05 -0.0128007 -0.0154386 -0.0128007 6.00027e-05 -0.008103 -0.0154386 -0.008103 9.8167e-05)
(1.7319e-05 -0.0127888 -0.0154269 -0.0127888 2.54056e-05 -0.00812454 -0.0154269 -0.00812454 6.02177e-05)
(2.38149e-05 -0.0127881 -0.0154256 -0.0127881 2.26081e-05 -0.00812579 -0.0154256 -0.00812579 5.5052e-05)
(-4.38453e-05 -0.0128083 -0.0154473 -0.0128083 4.19824e-05 -0.00812074 -0.0154473 -0.00812074 4.55769e-05)
(-3.16011e-05 -0.0128049 -0.0154464 -0.0128049 3.87673e-05 -0.00811927 -0.0154464 -0.00811927 5.49552e-05)
(8.58079e-05 -0.0127926 -0.0154211 -0.0127926 2.865e-05 -0.00812509 -0.0154211 -0.00812509 6.66236e-05)
(8.41572e-05 -0.012803 -0.0154158 -0.012803 3.9887e-05 -0.00814276 -0.0154158 -0.00814276 7.11811e-05)
(7.34554e-05 -0.0127983 -0.0154198 -0.0127983 4.55295e-05 -0.00814807 -0.0154198 -0.00814807 8.18628e-05)
(9.51762e-05 -0.0128 -0.0154084 -0.0128 3.38495e-05 -0.00813856 -0.0154084 -0.00813856 8.05575e-05)
(3.90822e-05 -0.0127898 -0.0154193 -0.0127898 2.48057e-05 -0.00812405 -0.0154193 -0.00812405 8.98607e-05)
(-5.19219e-05 -0.0128062 -0.0154443 -0.0128062 5.18736e-05 -0.00810786 -0.0154443 -0.00810786 8.62331e-05)
(4.28062e-05 -0.0127907 -0.0154187 -0.0127907 2.51901e-05 -0.00812093 -0.0154187 -0.00812093 8.12989e-05)
(0.00011921 -0.0128209 -0.0154128 -0.0128209 6.62873e-05 -0.00815013 -0.0154128 -0.00815013 7.02434e-05)
(6.48174e-05 -0.0127925 -0.0154203 -0.0127925 3.37985e-05 -0.00814059 -0.0154203 -0.00814059 8.29836e-05)
(-2.66053e-05 -0.012796 -0.0154342 -0.012796 3.69824e-05 -0.00811281 -0.0154342 -0.00811281 8.56561e-05)
(1.17752e-05 -0.0127933 -0.0154298 -0.0127933 4.51871e-05 -0.00811743 -0.0154298 -0.00811743 7.36326e-05)
(2.189e-05 -0.0127879 -0.0154287 -0.0127879 2.32217e-05 -0.00812376 -0.0154287 -0.00812376 8.44397e-05)
(1.53615e-05 -0.0127906 -0.0154312 -0.0127906 2.51088e-05 -0.00812018 -0.0154312 -0.00812018 9.30189e-05)
(4.57366e-05 -0.0127894 -0.0154181 -0.0127894 2.62676e-05 -0.0081342 -0.0154181 -0.0081342 8.62334e-05)
(5.49028e-05 -0.0127959 -0.0154392 -0.0127959 2.81689e-05 -0.00813346 -0.0154392 -0.00813346 3.92783e-05)
(-2.06748e-05 -0.0128089 -0.0154535 -0.0128089 7.79931e-05 -0.00812564 -0.0154535 -0.00812564 6.56749e-05)
(-3.64651e-05 -0.0128019 -0.0154408 -0.0128019 4.3712e-05 -0.00810921 -0.0154408 -0.00810921 8.70211e-05)
