/*--------------------------------*- C++ -*----------------------------------*\
  =========                 |
  \\      /  F ield         | OpenFOAM: The Open Source CFD Toolbox
   \\    /   O peration     | Website:  https://openfoam.org
    \\  /    A nd           | Version:  10
     \\/     M anipulation  |
\*---------------------------------------------------------------------------*/
FoamFile
{
    format      ascii;
    class       volTensorField;
    location    "37.5";
    object      TauNN;
}
// * * * * * * * * * * * * * * * * * * * * * * * * * * * * * * * * * * * * * //

dimensions      [0 2 -2 0 0 0 0];

internalField   nonuniform List<tensor> 
25600
(
(0.0014754 -0.0129772 -0.0151371 -0.0129772 0.000159562 -0.00815065 -0.0151371 -0.00815065 0.000115767)
(0.00147761 -0.012978 -0.0151359 -0.012978 0.000159343 -0.008151 -0.0151359 -0.008151 0.000116112)
(0.00149357 -0.0129794 -0.0151334 -0.0129794 0.000159024 -0.00815182 -0.0151334 -0.00815182 0.000115644)
(0.00146743 -0.0129749 -0.0151408 -0.0129749 0.000159722 -0.00814924 -0.0151408 -0.00814924 0.000116811)
(0.00146987 -0.0129686 -0.0151382 -0.0129686 0.000156651 -0.00814508 -0.0151382 -0.00814508 0.000119655)
(0.0014766 -0.0129715 -0.0151331 -0.0129715 0.000156579 -0.00814694 -0.0151331 -0.00814694 0.000118179)
(0.00149441 -0.0129775 -0.0151317 -0.0129775 0.000158018 -0.00815063 -0.0151317 -0.00815063 0.000116377)
(0.00147477 -0.0129785 -0.015138 -0.0129785 0.000159938 -0.00815129 -0.015138 -0.00815129 0.000116246)
(0.00147539 -0.0129803 -0.0151368 -0.0129803 0.000160241 -0.00815242 -0.0151368 -0.00815242 0.000115405)
(0.00150413 -0.0129778 -0.0151297 -0.0129778 0.000157666 -0.00815092 -0.0151297 -0.00815092 0.000115757)
(0.00147263 -0.0129772 -0.0151399 -0.0129772 0.000159906 -0.00815045 -0.0151399 -0.00815045 0.000117009)
(0.00147009 -0.0129798 -0.0151388 -0.0129798 0.00016073 -0.00815227 -0.0151388 -0.00815227 0.000115145)
(0.00147331 -0.0129727 -0.0151375 -0.0129727 0.000158184 -0.00814779 -0.0151375 -0.00814779 0.000117337)
(0.0014738 -0.0129713 -0.0151359 -0.0129713 0.000157145 -0.00814679 -0.0151359 -0.00814679 0.000118477)
(0.00148451 -0.0129794 -0.0151355 -0.0129794 0.000159578 -0.00815186 -0.0151355 -0.00815186 0.000115769)
(0.00148794 -0.0129767 -0.0151356 -0.0129767 0.000158676 -0.00815013 -0.0151356 -0.00815013 0.000116862)
(0.00146476 -0.0129688 -0.0151401 -0.0129688 0.000157385 -0.00814533 -0.0151401 -0.00814533 0.000119105)
(0.00147676 -0.0129762 -0.0151358 -0.0129762 0.000158764 -0.00814988 -0.0151358 -0.00814988 0.000116788)
(0.00149609 -0.012978 -0.0151329 -0.012978 0.00015831 -0.00815087 -0.0151329 -0.00815087 0.000116689)
(0.00147722 -0.0129786 -0.0151376 -0.0129786 0.000159916 -0.00815142 -0.0151376 -0.00815142 0.000115963)
(0.00146844 -0.01298 -0.0151373 -0.01298 0.000160463 -0.00815232 -0.0151373 -0.00815232 0.000115001)
(0.00149639 -0.01298 -0.0151327 -0.01298 0.000159116 -0.00815225 -0.0151327 -0.00815225 0.000115079)
(0.00149775 -0.0129775 -0.0151332 -0.0129775 0.000158248 -0.00815057 -0.0151332 -0.00815057 0.000116608)
(0.00144133 -0.012971 -0.0151489 -0.012971 0.000160635 -0.00814713 -0.0151489 -0.00814713 0.000118153)
(0.00146374 -0.0129814 -0.0151374 -0.0129814 0.000160987 -0.00815329 -0.0151374 -0.00815329 0.000114387)
(0.00149269 -0.0129795 -0.0151334 -0.0129795 0.000159151 -0.00815193 -0.0151334 -0.00815193 0.000115272)
(0.00147879 -0.0129771 -0.0151363 -0.0129771 0.000159289 -0.00815054 -0.0151363 -0.00815054 0.000115818)
(0.00145993 -0.0129771 -0.0151389 -0.0129771 0.000160339 -0.00815079 -0.0151389 -0.00815079 0.000115032)
(0.00148166 -0.0129778 -0.0151342 -0.0129778 0.000158851 -0.00815086 -0.0151342 -0.00815086 0.00011614)
(0.00149191 -0.01298 -0.0151346 -0.01298 0.000159513 -0.00815226 -0.0151346 -0.00815226 0.00011548)
(0.00147491 -0.0129761 -0.0151385 -0.0129761 0.000159523 -0.00814997 -0.0151385 -0.00814997 0.00011625)
(0.00146835 -0.0129761 -0.0151362 -0.0129761 0.000159081 -0.00814996 -0.0151362 -0.00814996 0.000116222)
(0.00149706 -0.012982 -0.0151326 -0.012982 0.000159843 -0.00815368 -0.0151326 -0.00815368 0.000113603)
(0.00147992 -0.0129796 -0.0151357 -0.0129796 0.000160028 -0.00815217 -0.0151357 -0.00815217 0.000114345)
(0.00143633 -0.0129723 -0.0151467 -0.0129723 0.000160882 -0.00814808 -0.0151467 -0.00814808 0.000116932)
(0.0014767 -0.0129785 -0.0151376 -0.0129785 0.000159885 -0.00815137 -0.0151376 -0.00815137 0.000116132)
(0.00146883 -0.0129755 -0.0151397 -0.0129755 0.000159687 -0.00814964 -0.0151397 -0.00814964 0.000116437)
(0.00147338 -0.0129715 -0.0151369 -0.0129715 0.000157337 -0.00814689 -0.0151369 -0.00814689 0.000118843)
(0.00148664 -0.0129778 -0.0151347 -0.0129778 0.00015881 -0.0081508 -0.0151347 -0.0081508 0.000116709)
(0.00150006 -0.0129793 -0.0151323 -0.0129793 0.000158733 -0.0081518 -0.0151323 -0.0081518 0.000115503)
(7.96037e-06 -0.0128051 -0.0154441 -0.0128051 4.24187e-05 -0.00811181 -0.0154441 -0.00811181 7.02913e-05)
(5.18746e-05 -0.012799 -0.0154304 -0.012799 2.97641e-05 -0.00811814 -0.0154304 -0.00811814 6.30161e-05)
(2.54664e-05 -0.0127994 -0.0154382 -0.0127994 2.94539e-05 -0.00811848 -0.0154382 -0.00811848 5.94115e-05)
(0.000262773 -0.0128337 -0.0154271 -0.0128337 0.000125409 -0.00814584 -0.0154271 -0.00814584 3.06978e-05)
(0.000106273 -0.0128233 -0.0154228 -0.0128233 0.000105963 -0.00815515 -0.0154228 -0.00815515 4.10327e-05)
(0.000134056 -0.012836 -0.0154149 -0.012836 0.000130401 -0.00815491 -0.0154149 -0.00815491 4.94275e-05)
(-7.27201e-06 -0.0128058 -0.0154431 -0.0128058 5.30644e-05 -0.00811136 -0.0154431 -0.00811136 7.45888e-05)
(7.21351e-05 -0.0128008 -0.0154259 -0.0128008 3.38653e-05 -0.00813415 -0.0154259 -0.00813415 4.59921e-05)
(8.6565e-05 -0.0128068 -0.0154254 -0.0128068 2.86843e-05 -0.00812396 -0.0154254 -0.00812396 5.65315e-05)
(0.000134949 -0.0128505 -0.0153692 -0.0128505 0.000109657 -0.00812037 -0.0153692 -0.00812037 9.91329e-05)
(0.000199757 -0.0128273 -0.0154282 -0.0128273 0.000118544 -0.00814536 -0.0154282 -0.00814536 3.2145e-05)
(6.92694e-05 -0.0128022 -0.0154279 -0.0128022 2.78052e-05 -0.00812755 -0.0154279 -0.00812755 5.21255e-05)
(0.000184953 -0.0128245 -0.015416 -0.0128245 0.000118983 -0.00814841 -0.015416 -0.00814841 4.64756e-05)
(0.000285114 -0.0128489 -0.0154229 -0.0128489 0.00012965 -0.00814585 -0.0154229 -0.00814585 3.63404e-05)
(7.67774e-05 -0.0128071 -0.0154252 -0.0128071 3.00847e-05 -0.00812833 -0.0154252 -0.00812833 4.58872e-05)
(0.000122042 -0.0128101 -0.0154252 -0.0128101 9.14856e-05 -0.00814424 -0.0154252 -0.00814424 3.6085e-05)
(0.000408253 -0.012849 -0.0154296 -0.012849 0.000124449 -0.00814268 -0.0154296 -0.00814268 2.77741e-05)
(0.000121251 -0.0128296 -0.0154156 -0.0128296 9.76723e-05 -0.00815038 -0.0154156 -0.00815038 5.15518e-05)
(4.40346e-05 -0.0127962 -0.0154324 -0.0127962 2.35125e-05 -0.008123 -0.0154324 -0.008123 5.29765e-05)
(0.000117036 -0.0128149 -0.0154228 -0.0128149 8.93202e-05 -0.0081455 -0.0154228 -0.0081455 4.05483e-05)
(0.000104479 -0.0128118 -0.0154179 -0.0128118 4.38614e-05 -0.00813616 -0.0154179 -0.00813616 6.98528e-05)
(-8.88172e-05 -0.0128363 -0.0154453 -0.0128363 0.000103546 -0.00810831 -0.0154453 -0.00810831 8.57749e-05)
(-1.43226e-05 -0.0128099 -0.0154515 -0.0128099 4.471e-05 -0.00811801 -0.0154515 -0.00811801 5.58406e-05)
(0.000356268 -0.0128516 -0.0154372 -0.0128516 0.000126096 -0.00814486 -0.0154372 -0.00814486 2.65461e-05)
(-7.73278e-05 -0.0128281 -0.0154518 -0.0128281 0.000102417 -0.00810632 -0.0154518 -0.00810632 8.17631e-05)
(-6.46613e-05 -0.0128157 -0.0154558 -0.0128157 7.28326e-05 -0.00811028 -0.0154558 -0.00811028 7.32821e-05)
(9.98744e-06 -0.0128041 -0.0154423 -0.0128041 4.03604e-05 -0.00811118 -0.0154423 -0.00811118 7.42122e-05)
(-1.05109e-05 -0.0128081 -0.0154469 -0.0128081 6.0667e-05 -0.00810352 -0.0154469 -0.00810352 8.56119e-05)
(6.68207e-05 -0.0127993 -0.0154234 -0.0127993 2.67513e-05 -0.00811905 -0.0154234 -0.00811905 6.65599e-05)
(7.68972e-06 -0.0128003 -0.0154412 -0.0128003 3.6151e-05 -0.00811717 -0.0154412 -0.00811717 6.08664e-05)
(0.000127103 -0.0128172 -0.0154208 -0.0128172 9.4174e-05 -0.00814576 -0.0154208 -0.00814576 4.41338e-05)
(9.17558e-05 -0.0128162 -0.015418 -0.0128162 4.39373e-05 -0.0081388 -0.015418 -0.0081388 4.50376e-05)
(0.000181196 -0.0128519 -0.0153674 -0.0128519 0.000105367 -0.008119 -0.0153674 -0.008119 9.81883e-05)
(-0.000121394 -0.0128309 -0.0154605 -0.0128309 8.8151e-05 -0.00810412 -0.0154605 -0.00810412 7.99102e-05)
(0.000323651 -0.0128486 -0.0154303 -0.0128486 0.00013418 -0.00814696 -0.0154303 -0.00814696 3.11398e-05)
(8.94686e-05 -0.0128148 -0.0154243 -0.0128148 6.93687e-05 -0.00814465 -0.0154243 -0.00814465 3.77205e-05)
(0.000242563 -0.0128346 -0.0154231 -0.0128346 0.000124411 -0.00814586 -0.0154231 -0.00814586 3.45025e-05)
(0.000338036 -0.0128505 -0.015435 -0.0128505 0.000127657 -0.00814487 -0.015435 -0.00814487 2.64769e-05)
(8.5239e-05 -0.0128066 -0.0154233 -0.0128066 2.84808e-05 -0.00812766 -0.0154233 -0.00812766 5.1278e-05)
(-0.000120242 -0.0128316 -0.0154519 -0.0128316 0.000101733 -0.00811106 -0.0154519 -0.00811106 7.91994e-05)
(-0.000173645 -0.0128324 -0.0154485 -0.0128324 0.000106699 -0.00810989 -0.0154485 -0.00810989 8.06591e-05)
(-8.87295e-05 -0.0128147 -0.0154537 -0.0128147 7.9977e-05 -0.00810948 -0.0154537 -0.00810948 7.73022e-05)
(7.52975e-05 -0.0127959 -0.0154266 -0.0127959 4.22622e-05 -0.00814018 -0.0154266 -0.00814018 4.87353e-05)
(1.12697e-05 -0.0127954 -0.0154345 -0.0127954 2.72826e-05 -0.00811861 -0.0154345 -0.00811861 6.30579e-05)
(-4.5863e-05 -0.0128158 -0.0154546 -0.0128158 7.7608e-05 -0.00810496 -0.0154546 -0.00810496 7.69667e-05)
(0.000219566 -0.0128481 -0.0154077 -0.0128481 0.000140723 -0.00814646 -0.0154077 -0.00814646 6.55507e-05)
(8.11385e-05 -0.0128036 -0.0154198 -0.0128036 3.58975e-05 -0.00813797 -0.0154198 -0.00813797 5.5084e-05)
(-0.000113862 -0.0128155 -0.0154526 -0.0128155 7.87771e-05 -0.00811034 -0.0154526 -0.00811034 7.524e-05)
(8.07568e-05 -0.0127974 -0.0154169 -0.0127974 2.45626e-05 -0.00812408 -0.0154169 -0.00812408 6.4989e-05)
(-0.000164043 -0.0128339 -0.0154504 -0.0128339 0.000103884 -0.00810771 -0.0154504 -0.00810771 8.23732e-05)
(3.89033e-05 -0.0127889 -0.0154318 -0.0127889 1.85858e-05 -0.00812718 -0.0154318 -0.00812718 4.75861e-05)
(4.51859e-05 -0.0127958 -0.015429 -0.0127958 2.32246e-05 -0.00812102 -0.015429 -0.00812102 6.28577e-05)
(2.59351e-05 -0.0127963 -0.0154328 -0.0127963 2.62294e-05 -0.00811739 -0.0154328 -0.00811739 7.02373e-05)
(0.000120009 -0.012823 -0.0154144 -0.012823 9.43286e-05 -0.00815253 -0.0154144 -0.00815253 5.93683e-05)
(7.60904e-05 -0.0128054 -0.0154224 -0.0128054 3.19025e-05 -0.00813343 -0.0154224 -0.00813343 4.64254e-05)
(0.000222101 -0.0128274 -0.0154324 -0.0128274 0.000121832 -0.00814477 -0.0154324 -0.00814477 2.92151e-05)
(0.000108846 -0.0128126 -0.0154168 -0.0128126 8.31119e-05 -0.00815367 -0.0154168 -0.00815367 6.60053e-05)
(0.000111056 -0.0128152 -0.0154123 -0.0128152 5.5817e-05 -0.00814775 -0.0154123 -0.00814775 7.79069e-05)
(7.67052e-05 -0.0128047 -0.015428 -0.0128047 4.61421e-05 -0.00813693 -0.015428 -0.00813693 3.47975e-05)
(6.4603e-05 -0.0127962 -0.0154257 -0.0127962 3.52645e-05 -0.0081377 -0.0154257 -0.0081377 4.90514e-05)
(0.000108152 -0.0128098 -0.0154127 -0.0128098 4.09859e-05 -0.00813888 -0.0154127 -0.00813888 8.48291e-05)
(3.12053e-05 -0.0128066 -0.0154451 -0.0128066 5.18028e-05 -0.00810988 -0.0154451 -0.00810988 7.38117e-05)
(1.06257e-05 -0.0127976 -0.015443 -0.0127976 2.50172e-05 -0.00812401 -0.015443 -0.00812401 4.28515e-05)
(3.75357e-05 -0.0127908 -0.0154268 -0.0127908 2.23581e-05 -0.00812602 -0.0154268 -0.00812602 5.23024e-05)
(5.53123e-06 -0.0128286 -0.0154372 -0.0128286 0.000106396 -0.00810941 -0.0154372 -0.00810941 8.3886e-05)
(-9.8051e-06 -0.012804 -0.0154448 -0.012804 4.35827e-05 -0.00811631 -0.0154448 -0.00811631 6.49915e-05)
(-0.000108971 -0.0128171 -0.0154575 -0.0128171 8.14884e-05 -0.00810254 -0.0154575 -0.00810254 8.40613e-05)
(-0.000159872 -0.0128221 -0.0154637 -0.0128221 9.69412e-05 -0.00809719 -0.0154637 -0.00809719 8.6675e-05)
(6.25036e-05 -0.0127948 -0.0154165 -0.0127948 2.59808e-05 -0.00812252 -0.0154165 -0.00812252 8.63649e-05)
(4.7158e-05 -0.0127922 -0.0154269 -0.0127922 2.26177e-05 -0.00813086 -0.0154269 -0.00813086 4.81774e-05)
(7.65357e-05 -0.012801 -0.0154254 -0.012801 4.18895e-05 -0.00813726 -0.0154254 -0.00813726 5.08967e-05)
(9.9383e-05 -0.0128052 -0.0154124 -0.0128052 2.70844e-05 -0.00812718 -0.0154124 -0.00812718 5.99293e-05)
(7.19178e-05 -0.0127979 -0.0154172 -0.0127979 2.39581e-05 -0.00812575 -0.0154172 -0.00812575 6.53844e-05)
(-0.000200535 -0.0128339 -0.0154565 -0.0128339 9.97929e-05 -0.00810158 -0.0154565 -0.00810158 8.537e-05)
(7.11022e-05 -0.0128006 -0.0154231 -0.0128006 3.84351e-05 -0.00814175 -0.0154231 -0.00814175 6.85098e-05)
(6.3292e-05 -0.012798 -0.0154222 -0.012798 3.02032e-05 -0.00813583 -0.0154222 -0.00813583 5.19193e-05)
(0.000150283 -0.0128153 -0.0154158 -0.0128153 0.000107901 -0.0081499 -0.0154158 -0.0081499 5.30981e-05)
(0.000149522 -0.012836 -0.0154232 -0.012836 0.000124422 -0.00815085 -0.0154232 -0.00815085 3.41891e-05)
(7.38789e-05 -0.0127981 -0.0154304 -0.0127981 4.24233e-05 -0.00811313 -0.0154304 -0.00811313 7.51399e-05)
(-4.52004e-05 -0.0128152 -0.0154573 -0.0128152 7.46003e-05 -0.00811152 -0.0154573 -0.00811152 7.20827e-05)
(-0.000106881 -0.0128182 -0.0154535 -0.0128182 7.87589e-05 -0.00811517 -0.0154535 -0.00811517 6.94512e-05)
(-0.000126329 -0.0128189 -0.0154546 -0.0128189 8.48922e-05 -0.00811104 -0.0154546 -0.00811104 7.74874e-05)
(0.000116865 -0.0128048 -0.0154207 -0.0128048 8.4209e-05 -0.00815048 -0.0154207 -0.00815048 5.53797e-05)
(-0.000152562 -0.012833 -0.0154457 -0.012833 0.000108638 -0.00811298 -0.0154457 -0.00811298 7.96557e-05)
(-0.000165933 -0.0128323 -0.0154532 -0.0128323 0.000101727 -0.00810496 -0.0154532 -0.00810496 8.49368e-05)
(0.000227489 -0.0128321 -0.0153946 -0.0128321 0.000129811 -0.0081414 -0.0153946 -0.0081414 8.44871e-05)
(0.000164934 -0.0128449 -0.0154251 -0.0128449 0.000127322 -0.00814973 -0.0154251 -0.00814973 3.43729e-05)
(-0.000121693 -0.0128356 -0.0154327 -0.0128356 0.000119113 -0.00811156 -0.0154327 -0.00811156 8.43629e-05)
(8.89269e-05 -0.0128019 -0.015412 -0.0128019 3.86803e-05 -0.00814254 -0.015412 -0.00814254 8.00899e-05)
(6.89124e-05 -0.0127972 -0.015424 -0.0127972 2.70756e-05 -0.0081317 -0.015424 -0.0081317 6.25689e-05)
(-0.000161573 -0.0128268 -0.0154557 -0.0128268 9.07468e-05 -0.00811055 -0.0154557 -0.00811055 7.59545e-05)
(2.81989e-06 -0.0127992 -0.0154361 -0.0127992 4.16058e-05 -0.00810919 -0.0154361 -0.00810919 8.47466e-05)
(-0.000161624 -0.0128445 -0.0154326 -0.0128445 0.000116884 -0.00811992 -0.0154326 -0.00811992 7.82587e-05)
(1.88698e-06 -0.0127994 -0.0154392 -0.0127994 4.42236e-05 -0.00811834 -0.0154392 -0.00811834 6.58437e-05)
(3.15543e-05 -0.0127966 -0.0154306 -0.0127966 3.12976e-05 -0.00811586 -0.0154306 -0.00811586 6.67214e-05)
(0.000166913 -0.0128176 -0.0154298 -0.0128176 0.000113579 -0.00814435 -0.0154298 -0.00814435 3.0354e-05)
(-6.79251e-05 -0.0128096 -0.0154506 -0.0128096 7.2159e-05 -0.00810615 -0.0154506 -0.00810615 8.26419e-05)
(8.88378e-05 -0.0127966 -0.0154087 -0.0127966 2.90394e-05 -0.00813118 -0.0154087 -0.00813118 9.79309e-05)
(0.000102917 -0.0128162 -0.0154273 -0.0128162 8.53637e-05 -0.00814288 -0.0154273 -0.00814288 3.18956e-05)
(-2.15473e-06 -0.012798 -0.0154376 -0.012798 3.72133e-05 -0.00811452 -0.0154376 -0.00811452 7.25271e-05)
(0.000109395 -0.0128088 -0.0154113 -0.0128088 4.42797e-05 -0.00814315 -0.0154113 -0.00814315 9.43878e-05)
(0.000107449 -0.0128216 -0.0154208 -0.0128216 8.12771e-05 -0.00814711 -0.0154208 -0.00814711 4.47934e-05)
(6.94799e-05 -0.0127861 -0.0154312 -0.0127861 4.41668e-05 -0.00813564 -0.0154312 -0.00813564 3.11252e-05)
(-4.75516e-05 -0.0128275 -0.0154462 -0.0128275 0.000107535 -0.00811926 -0.0154462 -0.00811926 7.62773e-05)
(-1.03063e-05 -0.0128028 -0.0154442 -0.0128028 6.91191e-05 -0.00810956 -0.0154442 -0.00810956 8.22824e-05)
(5.17859e-07 -0.0128001 -0.0154426 -0.0128001 3.51521e-05 -0.00812124 -0.0154426 -0.00812124 5.92587e-05)
(5.43256e-05 -0.0127938 -0.0154204 -0.0127938 2.40543e-05 -0.00812475 -0.0154204 -0.00812475 8.30993e-05)
(0.000106463 -0.0128089 -0.0154145 -0.0128089 6.29199e-05 -0.00815126 -0.0154145 -0.00815126 9.54992e-05)
(0.000103169 -0.0128048 -0.0154146 -0.0128048 5.44685e-05 -0.00815272 -0.0154146 -0.00815272 0.000109648)
(0.000116452 -0.0128141 -0.0154202 -0.0128141 9.17311e-05 -0.00814929 -0.0154202 -0.00814929 4.802e-05)
(3.8263e-05 -0.0127923 -0.0154282 -0.0127923 2.0502e-05 -0.00812386 -0.0154282 -0.00812386 5.95663e-05)
(-6.69087e-05 -0.0128138 -0.0154525 -0.0128138 9.21295e-05 -0.00810676 -0.0154525 -0.00810676 8.40399e-05)
(0.000264702 -0.0128503 -0.0154233 -0.0128503 0.000131661 -0.00814638 -0.0154233 -0.00814638 3.48834e-05)
(-6.27945e-05 -0.0128145 -0.0154544 -0.0128145 5.68294e-05 -0.00810365 -0.0154544 -0.00810365 8.59416e-05)
(-3.06495e-05 -0.0128082 -0.0154465 -0.0128082 5.07754e-05 -0.0081069 -0.0154465 -0.0081069 8.12692e-05)
(2.9634e-05 -0.0127913 -0.0154241 -0.0127913 2.50828e-05 -0.00811894 -0.0154241 -0.00811894 7.7888e-05)
(9.2523e-05 -0.0127973 -0.015421 -0.0127973 5.42349e-05 -0.0081492 -0.015421 -0.0081492 8.07065e-05)
(8.50249e-05 -0.0128044 -0.0154191 -0.0128044 3.41321e-05 -0.00813672 -0.0154191 -0.00813672 5.29853e-05)
(2.33092e-05 -0.0128001 -0.0154404 -0.0128001 7.02882e-05 -0.00810594 -0.0154404 -0.00810594 8.7058e-05)
(5.01674e-05 -0.012797 -0.0154316 -0.012797 2.30376e-05 -0.00812347 -0.0154316 -0.00812347 5.19675e-05)
(5.62613e-05 -0.0127941 -0.0154279 -0.0127941 3.47097e-05 -0.00813777 -0.0154279 -0.00813777 3.75744e-05)
(2.37947e-06 -0.0127927 -0.0154332 -0.0127927 2.85288e-05 -0.00812142 -0.0154332 -0.00812142 6.26254e-05)
(5.56964e-05 -0.0127897 -0.0154235 -0.0127897 2.71275e-05 -0.00813513 -0.0154235 -0.00813513 6.76763e-05)
(2.40308e-05 -0.0127944 -0.0154308 -0.0127944 2.96627e-05 -0.00811808 -0.0154308 -0.00811808 6.95542e-05)
(9.39072e-06 -0.0127919 -0.0154317 -0.0127919 2.6961e-05 -0.00811932 -0.0154317 -0.00811932 8.00591e-05)
(6.28211e-05 -0.0127941 -0.0154199 -0.0127941 2.66907e-05 -0.00812877 -0.0154199 -0.00812877 9.61379e-05)
(0.000111702 -0.012833 -0.0154262 -0.012833 9.27618e-05 -0.00814408 -0.0154262 -0.00814408 3.39905e-05)
(-0.000100415 -0.0128152 -0.0154548 -0.0128152 8.30817e-05 -0.00810638 -0.0154548 -0.00810638 7.92595e-05)
(0.000112185 -0.0128136 -0.015409 -0.0128136 8.21447e-05 -0.00815523 -0.015409 -0.00815523 9.15184e-05)
(0.000190614 -0.0128339 -0.0154199 -0.0128339 0.000124562 -0.00814856 -0.0154199 -0.00814856 3.84422e-05)
(-0.000188778 -0.0128308 -0.0154478 -0.0128308 0.000110583 -0.00810773 -0.0154478 -0.00810773 8.41192e-05)
(1.76779e-05 -0.0127979 -0.0154303 -0.0127979 3.86644e-05 -0.00810933 -0.0154303 -0.00810933 9.91155e-05)
(-0.000176317 -0.0128393 -0.015444 -0.0128393 0.000112132 -0.00811874 -0.015444 -0.00811874 7.28404e-05)
(-0.000105179 -0.0128336 -0.0154479 -0.0128336 0.000108557 -0.00812181 -0.0154479 -0.00812181 7.30151e-05)
(-0.000102923 -0.0128146 -0.0154563 -0.0128146 7.90403e-05 -0.0081042 -0.0154563 -0.0081042 7.94395e-05)
(2.12331e-05 -0.012801 -0.0154429 -0.012801 2.82401e-05 -0.00812434 -0.0154429 -0.00812434 4.25034e-05)
(8.25485e-05 -0.0128431 -0.0153977 -0.0128431 0.000111004 -0.00811757 -0.0153977 -0.00811757 9.23679e-05)
(-4.48171e-05 -0.0128038 -0.0154422 -0.0128038 6.09371e-05 -0.00810346 -0.0154422 -0.00810346 9.57898e-05)
(8.67885e-05 -0.0128114 -0.0154266 -0.0128114 6.61639e-05 -0.0081423 -0.0154266 -0.0081423 3.45907e-05)
(-3.1396e-05 -0.0128031 -0.0154434 -0.0128031 5.21465e-05 -0.00810732 -0.0154434 -0.00810732 8.44878e-05)
(7.20036e-05 -0.0127953 -0.0154149 -0.0127953 2.66781e-05 -0.00812868 -0.0154149 -0.00812868 9.34576e-05)
(0.000135827 -0.0128299 -0.0154231 -0.0128299 0.000114775 -0.00814989 -0.0154231 -0.00814989 3.52674e-05)
(0.000248326 -0.0128329 -0.0154386 -0.0128329 0.000125225 -0.00814361 -0.0154386 -0.00814361 2.92524e-05)
(3.36748e-05 -0.0128299 -0.0154438 -0.0128299 0.000109565 -0.00812487 -0.0154438 -0.00812487 7.57851e-05)
(6.20573e-05 -0.0127909 -0.0154133 -0.0127909 2.53e-05 -0.00813019 -0.0154133 -0.00813019 7.24983e-05)
(-5.97981e-05 -0.0128126 -0.0154532 -0.0128126 6.02724e-05 -0.00811827 -0.0154532 -0.00811827 6.35303e-05)
(5.9367e-05 -0.01279 -0.0154226 -0.01279 3.14299e-05 -0.00813912 -0.0154226 -0.00813912 7.52371e-05)
(0.000236022 -0.012834 -0.0154146 -0.012834 0.000128219 -0.00814531 -0.0154146 -0.00814531 4.40597e-05)
(7.70868e-05 -0.0127958 -0.0154144 -0.0127958 3.49839e-05 -0.00814017 -0.0154144 -0.00814017 0.000100723)
(7.92799e-05 -0.0127999 -0.0154188 -0.0127999 3.67028e-05 -0.00814058 -0.0154188 -0.00814058 8.86145e-05)
(-2.8528e-05 -0.012803 -0.0154451 -0.012803 5.81684e-05 -0.0081127 -0.0154451 -0.0081127 7.54077e-05)
(-8.13513e-05 -0.0128246 -0.0154459 -0.0128246 0.000107808 -0.00811212 -0.0154459 -0.00811212 8.23543e-05)
(0.000165919 -0.0128364 -0.0154108 -0.0128364 0.000127847 -0.00814988 -0.0154108 -0.00814988 5.39303e-05)
(9.39499e-06 -0.0127953 -0.0154319 -0.0127953 2.90674e-05 -0.00811528 -0.0154319 -0.00811528 8.07572e-05)
(-5.28832e-05 -0.0128089 -0.0154464 -0.0128089 5.37916e-05 -0.0081134 -0.0154464 -0.0081134 7.06015e-05)
(3.85267e-06 -0.0127948 -0.0154302 -0.0127948 3.3429e-05 -0.00811226 -0.0154302 -0.00811226 9.22593e-05)
(5.60093e-05 -0.0127899 -0.0154226 -0.0127899 2.77654e-05 -0.00813483 -0.0154226 -0.00813483 9.04384e-05)
(5.35141e-05 -0.012797 -0.0154285 -0.012797 4.33117e-05 -0.00811123 -0.0154285 -0.00811123 8.48237e-05)
(7.81138e-05 -0.0127923 -0.0154127 -0.0127923 3.50557e-05 -0.00811303 -0.0154127 -0.00811303 9.6207e-05)
(8.95065e-05 -0.0128134 -0.0154254 -0.0128134 7.02976e-05 -0.00814381 -0.0154254 -0.00814381 3.63214e-05)
(0.00018552 -0.0128332 -0.0154277 -0.0128332 0.000126878 -0.00814829 -0.0154277 -0.00814829 3.06814e-05)
(8.62174e-05 -0.0128034 -0.0154257 -0.0128034 6.28716e-05 -0.00814612 -0.0154257 -0.00814612 4.25558e-05)
(-2.54841e-05 -0.0128015 -0.015442 -0.0128015 4.15199e-05 -0.00811514 -0.015442 -0.00811514 6.96626e-05)
(0.000108146 -0.0128094 -0.0154144 -0.0128094 8.17342e-05 -0.00815294 -0.0154144 -0.00815294 7.59293e-05)
(0.000102312 -0.0128013 -0.0154188 -0.0128013 8.15276e-05 -0.00815392 -0.0154188 -0.00815392 6.99293e-05)
(-0.000129344 -0.012831 -0.0154445 -0.012831 0.000109621 -0.00811264 -0.0154445 -0.00811264 8.03677e-05)
(7.74143e-05 -0.0127976 -0.0154325 -0.0127976 3.87764e-05 -0.0081209 -0.0154325 -0.0081209 6.3433e-05)
(4.54923e-05 -0.0127943 -0.0154235 -0.0127943 2.48249e-05 -0.008119 -0.0154235 -0.008119 8.12445e-05)
(5.39857e-05 -0.0127917 -0.0154183 -0.0127917 2.61111e-05 -0.00812966 -0.0154183 -0.00812966 9.56293e-05)
(0.000184707 -0.0128406 -0.0154269 -0.0128406 0.000126065 -0.00814828 -0.0154269 -0.00814828 3.24188e-05)
(-0.000126148 -0.0128142 -0.0154532 -0.0128142 7.79605e-05 -0.00810569 -0.0154532 -0.00810569 8.42532e-05)
(2.76013e-05 -0.0127909 -0.0154223 -0.0127909 2.65477e-05 -0.0081184 -0.0154223 -0.0081184 8.43797e-05)
(-2.12861e-07 -0.0127995 -0.0154375 -0.0127995 3.798e-05 -0.00811415 -0.0154375 -0.00811415 6.98149e-05)
(-0.000119381 -0.0128246 -0.0154524 -0.0128246 9.99347e-05 -0.00811196 -0.0154524 -0.00811196 7.86672e-05)
(-0.000104968 -0.0128113 -0.0154555 -0.0128113 7.42154e-05 -0.00810001 -0.0154555 -0.00810001 8.89406e-05)
(-8.97913e-05 -0.0128266 -0.0154573 -0.0128266 8.65002e-05 -0.00811964 -0.0154573 -0.00811964 6.16291e-05)
(-9.37496e-05 -0.0128363 -0.015437 -0.0128363 0.000112178 -0.00811602 -0.015437 -0.00811602 8.20531e-05)
(-0.000182901 -0.0128219 -0.0154597 -0.0128219 0.000100778 -0.00810035 -0.0154597 -0.00810035 8.62464e-05)
(8.26766e-05 -0.012806 -0.0154244 -0.012806 5.49751e-05 -0.00814393 -0.0154244 -0.00814393 4.44328e-05)
(7.06108e-05 -0.0127949 -0.0154153 -0.0127949 3.15017e-05 -0.00813759 -0.0154153 -0.00813759 0.000101239)
(6.89346e-06 -0.0127966 -0.0154301 -0.0127966 3.79849e-05 -0.00811031 -0.0154301 -0.00811031 9.47655e-05)
(6.09141e-05 -0.0127963 -0.0154263 -0.0127963 2.96293e-05 -0.00813505 -0.0154263 -0.00813505 4.44604e-05)
(0.000316793 -0.0128451 -0.0154402 -0.0128451 0.000125311 -0.00814357 -0.0154402 -0.00814357 2.67057e-05)
(2.19611e-05 -0.0128085 -0.0154553 -0.0128085 8.02538e-05 -0.0081264 -0.0154553 -0.0081264 6.9581e-05)
(7.31713e-05 -0.0127947 -0.0154107 -0.0127947 3.24e-05 -0.00813846 -0.0154107 -0.00813846 8.67452e-05)
(2.65607e-05 -0.0127925 -0.0154328 -0.0127925 2.18982e-05 -0.00812207 -0.0154328 -0.00812207 5.99737e-05)
(-2.48223e-06 -0.0127898 -0.0154308 -0.0127898 2.80229e-05 -0.00812167 -0.0154308 -0.00812167 7.03231e-05)
(5.93098e-05 -0.0127926 -0.0154213 -0.0127926 3.88468e-05 -0.00814375 -0.0154213 -0.00814375 6.53575e-05)
(1.33623e-05 -0.0127968 -0.0154293 -0.0127968 4.21277e-05 -0.00811252 -0.0154293 -0.00811252 8.11769e-05)
(-0.000188246 -0.0128198 -0.0154658 -0.0128198 9.83729e-05 -0.0080961 -0.0154658 -0.0080961 8.76234e-05)
(-9.81897e-05 -0.0128135 -0.015454 -0.0128135 8.69498e-05 -0.00811005 -0.015454 -0.00811005 7.76162e-05)
(-9.89532e-06 -0.0127974 -0.015434 -0.0127974 4.37847e-05 -0.00811519 -0.015434 -0.00811519 7.74696e-05)
(0.00010316 -0.0128067 -0.015413 -0.0128067 4.80127e-05 -0.00814975 -0.015413 -0.00814975 0.000119881)
(1.21571e-05 -0.0127925 -0.0154289 -0.0127925 2.67788e-05 -0.00811805 -0.0154289 -0.00811805 7.24387e-05)
(-5.79317e-05 -0.0128107 -0.0154487 -0.0128107 5.68298e-05 -0.0081186 -0.0154487 -0.0081186 6.08644e-05)
(-4.88243e-05 -0.012805 -0.0154453 -0.012805 5.36297e-05 -0.00810372 -0.0154453 -0.00810372 9.61496e-05)
(2.57547e-05 -0.0127911 -0.0154257 -0.0127911 2.51174e-05 -0.00812046 -0.0154257 -0.00812046 8.5895e-05)
(-4.61956e-05 -0.0128108 -0.0154524 -0.0128108 8.55597e-05 -0.00810225 -0.0154524 -0.00810225 8.953e-05)
(0.000110076 -0.0128045 -0.0154072 -0.0128045 4.0924e-05 -0.00814506 -0.0154072 -0.00814506 0.000114975)
(0.000153823 -0.0128272 -0.0154268 -0.0128272 0.000117462 -0.00814763 -0.0154268 -0.00814763 3.22977e-05)
(0.000112769 -0.0128185 -0.0154218 -0.0128185 9.46786e-05 -0.00815119 -0.0154218 -0.00815119 4.31485e-05)
(0.000107819 -0.0128201 -0.0154234 -0.0128201 9.14771e-05 -0.00814935 -0.0154234 -0.00814935 3.73225e-05)
(-1.29126e-05 -0.0127991 -0.0154392 -0.0127991 3.66974e-05 -0.00811554 -0.0154392 -0.00811554 6.96036e-05)
(5.13241e-05 -0.0127906 -0.0154213 -0.0127906 2.86996e-05 -0.0081349 -0.0154213 -0.0081349 0.000106354)
(0.000112413 -0.0128134 -0.0154161 -0.0128134 9.06221e-05 -0.0081538 -0.0154161 -0.0081538 6.33761e-05)
(7.71097e-05 -0.0128405 -0.0154095 -0.0128405 0.000114898 -0.00811917 -0.0154095 -0.00811917 8.78055e-05)
(2.67043e-05 -0.0127985 -0.0154351 -0.0127985 5.15237e-05 -0.0081099 -0.0154351 -0.0081099 8.15891e-05)
(2.94055e-05 -0.0127952 -0.0154265 -0.0127952 3.06105e-05 -0.00811411 -0.0154265 -0.00811411 9.64489e-05)
(-0.000137742 -0.0128197 -0.0154566 -0.0128197 8.64397e-05 -0.00810609 -0.0154566 -0.00810609 8.11698e-05)
(7.51e-05 -0.0128045 -0.0154306 -0.0128045 4.25258e-05 -0.00813634 -0.0154306 -0.00813634 3.29877e-05)
(7.72405e-05 -0.0128013 -0.0154203 -0.0128013 4.90947e-05 -0.00814789 -0.0154203 -0.00814789 6.72326e-05)
(-1.34325e-07 -0.0127915 -0.0154291 -0.0127915 3.1382e-05 -0.00811898 -0.0154291 -0.00811898 6.91644e-05)
(3.63104e-05 -0.0127919 -0.0154299 -0.0127919 2.17141e-05 -0.00812555 -0.0154299 -0.00812555 5.30167e-05)
(-7.31768e-05 -0.0128148 -0.0154545 -0.0128148 8.13624e-05 -0.00811191 -0.0154545 -0.00811191 7.58781e-05)
(-0.000131391 -0.0128127 -0.015455 -0.0128127 7.73689e-05 -0.00810143 -0.015455 -0.00810143 8.80893e-05)
(8.27231e-07 -0.0127997 -0.0154405 -0.0127997 3.57273e-05 -0.00812207 -0.0154405 -0.00812207 4.98472e-05)
(5.36658e-05 -0.0127951 -0.0154281 -0.0127951 2.41622e-05 -0.00812588 -0.0154281 -0.00812588 4.78255e-05)
(-0.000152229 -0.0128181 -0.0154619 -0.0128181 8.42727e-05 -0.00809884 -0.0154619 -0.00809884 9.10165e-05)
(7.0316e-05 -0.0127964 -0.0154246 -0.0127964 4.2161e-05 -0.00814298 -0.0154246 -0.00814298 5.50817e-05)
(0.000138908 -0.0128211 -0.0153965 -0.0128211 0.000112004 -0.00815029 -0.0153965 -0.00815029 9.59742e-05)
(-6.4215e-05 -0.0128057 -0.0154455 -0.0128057 6.6512e-05 -0.00810197 -0.0154455 -0.00810197 9.65176e-05)
(-9.30781e-05 -0.012817 -0.0154554 -0.012817 7.14347e-05 -0.00810893 -0.0154554 -0.00810893 7.4133e-05)
(7.15482e-05 -0.0128045 -0.015428 -0.0128045 4.90862e-05 -0.00813927 -0.015428 -0.00813927 3.24035e-05)
(6.00665e-05 -0.0127969 -0.0154436 -0.0127969 5.41193e-05 -0.00812262 -0.0154436 -0.00812262 6.88121e-05)
(6.7212e-05 -0.012794 -0.0154148 -0.012794 2.69928e-05 -0.00812426 -0.0154148 -0.00812426 9.89881e-05)
(0.000187173 -0.0128224 -0.0154153 -0.0128224 0.000119383 -0.00814806 -0.0154153 -0.00814806 4.72736e-05)
(-1.06391e-05 -0.0127926 -0.0154326 -0.0127926 3.0854e-05 -0.00812064 -0.0154326 -0.00812064 6.63673e-05)
(-0.000137484 -0.0128187 -0.0154518 -0.0128187 8.89411e-05 -0.00811348 -0.0154518 -0.00811348 7.64969e-05)
(5.50546e-05 -0.0127931 -0.01542 -0.0127931 2.88348e-05 -0.00811891 -0.01542 -0.00811891 7.34497e-05)
(-0.000195924 -0.0128216 -0.0154603 -0.0128216 0.000104257 -0.00809948 -0.0154603 -0.00809948 8.49675e-05)
(-7.62892e-06 -0.0127956 -0.0154338 -0.0127956 3.88724e-05 -0.00811396 -0.0154338 -0.00811396 7.43307e-05)
(6.98586e-06 -0.012792 -0.0154271 -0.012792 3.14263e-05 -0.00811803 -0.0154271 -0.00811803 7.84135e-05)
(8.62169e-05 -0.0128007 -0.0154178 -0.0128007 3.61139e-05 -0.00813943 -0.0154178 -0.00813943 0.000129902)
(3.11501e-05 -0.0127908 -0.0154257 -0.0127908 2.2676e-05 -0.00812329 -0.0154257 -0.00812329 6.22637e-05)
(-9.12535e-05 -0.0128206 -0.0154545 -0.0128206 7.63063e-05 -0.0081227 -0.0154545 -0.0081227 5.99293e-05)
(-0.000141772 -0.0128159 -0.0154591 -0.0128159 8.19862e-05 -0.00809992 -0.0154591 -0.00809992 8.86934e-05)
(-0.00014496 -0.0128196 -0.0154564 -0.0128196 8.57605e-05 -0.00810603 -0.0154564 -0.00810603 8.11367e-05)
(-7.31147e-05 -0.0128098 -0.0154505 -0.0128098 8.43338e-05 -0.00810331 -0.0154505 -0.00810331 8.99227e-05)
(8.34006e-05 -0.012798 -0.0154129 -0.012798 3.57144e-05 -0.00814151 -0.0154129 -0.00814151 0.00012306)
(0.000122381 -0.0128142 -0.0154282 -0.0128142 0.000101414 -0.00814474 -0.0154282 -0.00814474 3.28506e-05)
(3.63406e-05 -0.0127941 -0.0154301 -0.0127941 2.61273e-05 -0.0081221 -0.0154301 -0.0081221 6.1491e-05)
(6.86539e-05 -0.0127976 -0.0154199 -0.0127976 2.64942e-05 -0.00813224 -0.0154199 -0.00813224 5.3502e-05)
(2.41627e-05 -0.0127917 -0.0154275 -0.0127917 2.47959e-05 -0.00812031 -0.0154275 -0.00812031 6.89422e-05)
(-7.76255e-05 -0.01281 -0.0154513 -0.01281 5.91732e-05 -0.00810464 -0.0154513 -0.00810464 8.97559e-05)
(6.96263e-05 -0.0127955 -0.0154187 -0.0127955 3.11923e-05 -0.00813722 -0.0154187 -0.00813722 6.78777e-05)
(-5.50549e-05 -0.0128091 -0.0154482 -0.0128091 7.55706e-05 -0.00810894 -0.0154482 -0.00810894 8.3464e-05)
(2.70313e-05 -0.0127992 -0.0154327 -0.0127992 4.61447e-05 -0.00810731 -0.0154327 -0.00810731 9.16766e-05)
(3.51813e-05 -0.0127947 -0.0154294 -0.0127947 2.71394e-05 -0.008119 -0.0154294 -0.008119 6.50917e-05)
(-7.45845e-05 -0.0128093 -0.0154509 -0.0128093 6.30313e-05 -0.00810539 -0.0154509 -0.00810539 8.32434e-05)
(1.19013e-05 -0.0127947 -0.0154402 -0.0127947 2.92247e-05 -0.00812787 -0.0154402 -0.00812787 4.67356e-05)
(0.000118338 -0.0128193 -0.0154168 -0.0128193 0.000104088 -0.00815426 -0.0154168 -0.00815426 5.38943e-05)
(1.15967e-05 -0.0127895 -0.015424 -0.0127895 3.09448e-05 -0.00812017 -0.015424 -0.00812017 7.14195e-05)
(2.76227e-05 -0.0127921 -0.0154311 -0.0127921 2.51871e-05 -0.00812395 -0.0154311 -0.00812395 5.7705e-05)
(-6.1919e-06 -0.0128058 -0.0154466 -0.0128058 6.02002e-05 -0.00811274 -0.0154466 -0.00811274 7.45995e-05)
(-9.49393e-05 -0.01281 -0.01545 -0.01281 6.57136e-05 -0.00810883 -0.01545 -0.00810883 7.71865e-05)
(-3.79746e-07 -0.0127917 -0.0154324 -0.0127917 2.7273e-05 -0.00812304 -0.0154324 -0.00812304 5.17011e-05)
(8.1014e-05 -0.0128112 -0.0154255 -0.0128112 5.12547e-05 -0.00814126 -0.0154255 -0.00814126 3.40898e-05)
(2.0076e-06 -0.0127982 -0.0154339 -0.0127982 3.55595e-05 -0.00811232 -0.0154339 -0.00811232 0.000105116)
(-9.40095e-05 -0.0128156 -0.0154542 -0.0128156 6.6596e-05 -0.00810691 -0.0154542 -0.00810691 7.93809e-05)
(0.00010828 -0.0128049 -0.015409 -0.0128049 4.64908e-05 -0.00815012 -0.015409 -0.00815012 0.000121574)
(-5.92205e-05 -0.012806 -0.0154455 -0.012806 7.82862e-05 -0.00810149 -0.0154455 -0.00810149 9.50952e-05)
(-0.000201389 -0.0128259 -0.0154579 -0.0128259 9.98104e-05 -0.00810324 -0.0154579 -0.00810324 8.31763e-05)
(-0.000128989 -0.0128257 -0.0154565 -0.0128257 9.4343e-05 -0.00811419 -0.0154565 -0.00811419 6.94268e-05)
(4.72488e-05 -0.0127969 -0.0154397 -0.0127969 5.39194e-05 -0.00811893 -0.0154397 -0.00811893 7.17606e-05)
(4.9084e-05 -0.0127951 -0.0154244 -0.0127951 2.5452e-05 -0.0081205 -0.0154244 -0.0081205 9.09938e-05)
(0.000140661 -0.0128157 -0.0154189 -0.0128157 0.000107301 -0.00815125 -0.0154189 -0.00815125 4.71836e-05)
(-2.95823e-05 -0.0128033 -0.0154424 -0.0128033 5.19597e-05 -0.00811748 -0.0154424 -0.00811748 6.75106e-05)
(-0.000125705 -0.0128181 -0.0154532 -0.0128181 8.59054e-05 -0.00811403 -0.0154532 -0.00811403 7.30928e-05)
(8.67479e-05 -0.0127995 -0.0154133 -0.0127995 3.20699e-05 -0.00813646 -0.0154133 -0.00813646 8.12366e-05)
(6.41396e-06 -0.0127949 -0.0154281 -0.0127949 3.61116e-05 -0.00811065 -0.0154281 -0.00811065 8.89239e-05)
(2.81791e-05 -0.0127879 -0.0154226 -0.0127879 2.2337e-05 -0.00812538 -0.0154226 -0.00812538 6.39592e-05)
(2.1902e-05 -0.0127926 -0.0154299 -0.0127926 2.7455e-05 -0.00811995 -0.0154299 -0.00811995 7.05529e-05)
(-2.91078e-06 -0.0128002 -0.0154347 -0.0128002 4.41162e-05 -0.00810802 -0.0154347 -0.00810802 0.000106041)
(5.98545e-05 -0.0127946 -0.0154221 -0.0127946 2.68479e-05 -0.00813363 -0.0154221 -0.00813363 5.78923e-05)
(-4.50027e-05 -0.0128098 -0.0154496 -0.0128098 5.82019e-05 -0.00812269 -0.0154496 -0.00812269 5.94771e-05)
(-4.25822e-06 -0.0127946 -0.0154312 -0.0127946 3.43116e-05 -0.00811282 -0.0154312 -0.00811282 8.05994e-05)
(-0.000147683 -0.0128389 -0.015431 -0.0128389 0.00011602 -0.00811376 -0.015431 -0.00811376 8.4323e-05)
(1.47204e-05 -0.012792 -0.0154221 -0.012792 3.58821e-05 -0.0081145 -0.0154221 -0.0081145 9.03388e-05)
(-3.73633e-05 -0.0128015 -0.01544 -0.0128015 5.12389e-05 -0.00810468 -0.01544 -0.00810468 0.000100517)
(4.52948e-05 -0.0127901 -0.0154312 -0.0127901 2.55206e-05 -0.008133 -0.0154312 -0.008133 3.7501e-05)
(6.51563e-05 -0.0127968 -0.0154232 -0.0127968 2.95052e-05 -0.00813534 -0.0154232 -0.00813534 5.33582e-05)
(1.92766e-05 -0.0127963 -0.0154301 -0.0127963 3.81346e-05 -0.00811299 -0.0154301 -0.00811299 7.77626e-05)
(6.15674e-05 -0.0127931 -0.0154198 -0.0127931 3.0567e-05 -0.00813766 -0.0154198 -0.00813766 7.22003e-05)
(-4.87681e-06 -0.0127947 -0.0154334 -0.0127947 3.08004e-05 -0.00811462 -0.0154334 -0.00811462 8.34395e-05)
(3.34488e-05 -0.0127907 -0.015424 -0.0127907 2.4902e-05 -0.00812162 -0.015424 -0.00812162 6.94976e-05)
(6.01668e-05 -0.0127922 -0.0154194 -0.0127922 2.51253e-05 -0.00812329 -0.0154194 -0.00812329 7.03947e-05)
(-2.22968e-05 -0.0128032 -0.015444 -0.0128032 6.27804e-05 -0.00810564 -0.015444 -0.00810564 8.65382e-05)
(4.93932e-05 -0.012795 -0.0154275 -0.012795 2.09887e-05 -0.00812675 -0.0154275 -0.00812675 4.87355e-05)
(6.90461e-06 -0.0127944 -0.0154307 -0.0127944 3.09117e-05 -0.00811339 -0.0154307 -0.00811339 8.70246e-05)
(2.38302e-05 -0.0127902 -0.0154312 -0.0127902 2.24752e-05 -0.00812569 -0.0154312 -0.00812569 5.18552e-05)
(5.89524e-05 -0.0127928 -0.0154187 -0.0127928 2.8338e-05 -0.00813508 -0.0154187 -0.00813508 6.82105e-05)
(4.71917e-05 -0.0127893 -0.01542 -0.0127893 2.40513e-05 -0.00812938 -0.01542 -0.00812938 5.98218e-05)
(1.05338e-05 -0.0127937 -0.0154327 -0.0127937 3.2373e-05 -0.00811905 -0.0154327 -0.00811905 6.7535e-05)
(1.03999e-06 -0.0128008 -0.0154401 -0.0128008 5.34872e-05 -0.00811089 -0.0154401 -0.00811089 7.81973e-05)
(1.11842e-05 -0.0127906 -0.0154294 -0.0127906 2.39401e-05 -0.00811941 -0.0154294 -0.00811941 7.02959e-05)
(4.59871e-06 -0.0127867 -0.0154293 -0.0127867 2.48987e-05 -0.00812557 -0.0154293 -0.00812557 5.43386e-05)
(7.63986e-05 -0.0128026 -0.0154224 -0.0128026 3.45262e-05 -0.00813723 -0.0154224 -0.00813723 4.57557e-05)
(6.22716e-05 -0.0127928 -0.0154154 -0.0127928 2.67752e-05 -0.00813076 -0.0154154 -0.00813076 9.39116e-05)
(-0.000172992 -0.0128211 -0.0154606 -0.0128211 8.93608e-05 -0.00810116 -0.0154606 -0.00810116 8.67894e-05)
(-9.45939e-05 -0.0128113 -0.0154562 -0.0128113 7.92419e-05 -0.00809838 -0.0154562 -0.00809838 9.49173e-05)
(7.34049e-06 -0.0127979 -0.0154317 -0.0127979 5.92957e-05 -0.0081062 -0.0154317 -0.0081062 9.6505e-05)
(-0.000207805 -0.0128285 -0.0154535 -0.0128285 0.000107478 -0.00810331 -0.0154535 -0.00810331 8.44204e-05)
(-8.22986e-05 -0.0128443 -0.0154126 -0.0128443 0.000113954 -0.00811505 -0.0154126 -0.00811505 8.96513e-05)
(3.91583e-05 -0.0127923 -0.0154322 -0.0127923 3.35534e-05 -0.0081246 -0.0154322 -0.0081246 5.86199e-05)
(5.0213e-05 -0.0127919 -0.0154227 -0.0127919 2.38182e-05 -0.0081294 -0.0154227 -0.0081294 8.17703e-05)
(-4.80382e-06 -0.0127991 -0.0154401 -0.0127991 3.90006e-05 -0.00811971 -0.0154401 -0.00811971 5.97151e-05)
(-5.03217e-05 -0.0128133 -0.0154532 -0.0128133 7.23691e-05 -0.00811986 -0.0154532 -0.00811986 6.51143e-05)
(-2.9043e-05 -0.0128032 -0.0154435 -0.0128032 4.52579e-05 -0.00811605 -0.0154435 -0.00811605 6.55114e-05)
(8.37967e-05 -0.0128003 -0.0154169 -0.0128003 3.55201e-05 -0.00813918 -0.0154169 -0.00813918 7.28779e-05)
(5.07869e-05 -0.0127917 -0.0154169 -0.0127917 2.46649e-05 -0.00812321 -0.0154169 -0.00812321 8.94318e-05)
(2.06233e-05 -0.01279 -0.0154246 -0.01279 2.56685e-05 -0.00812018 -0.0154246 -0.00812018 7.06424e-05)
(5.74434e-05 -0.0127928 -0.0154224 -0.0127928 2.34696e-05 -0.00812929 -0.0154224 -0.00812929 6.58168e-05)
(-8.81473e-05 -0.0128093 -0.0154517 -0.0128093 7.02704e-05 -0.00810251 -0.0154517 -0.00810251 9.14219e-05)
(6.15724e-05 -0.0127951 -0.0154221 -0.0127951 2.9119e-05 -0.00813588 -0.0154221 -0.00813588 6.277e-05)
(-2.66191e-06 -0.0127973 -0.0154354 -0.0127973 3.62627e-05 -0.00811782 -0.0154354 -0.00811782 6.73384e-05)
(6.88212e-05 -0.0127988 -0.0154207 -0.0127988 4.12694e-05 -0.00814386 -0.0154207 -0.00814386 6.46144e-05)
(-0.000140639 -0.0128241 -0.0154557 -0.0128241 9.13848e-05 -0.00811423 -0.0154557 -0.00811423 7.14762e-05)
(4.92834e-05 -0.0127897 -0.0154173 -0.0127897 2.44356e-05 -0.008128 -0.0154173 -0.008128 7.06731e-05)
(-0.000137665 -0.0128141 -0.0154572 -0.0128141 8.733e-05 -0.00810064 -0.0154572 -0.00810064 8.83085e-05)
(3.64804e-05 -0.012787 -0.0154275 -0.012787 2.23741e-05 -0.00813205 -0.0154275 -0.00813205 4.99849e-05)
(8.24656e-05 -0.0128033 -0.0154181 -0.0128033 4.04932e-05 -0.00814244 -0.0154181 -0.00814244 6.56962e-05)
(4.50329e-05 -0.0127918 -0.0154191 -0.0127918 2.75731e-05 -0.00811783 -0.0154191 -0.00811783 8.32702e-05)
(8.1405e-05 -0.012799 -0.0154205 -0.012799 5.1553e-05 -0.00814941 -0.0154205 -0.00814941 7.62988e-05)
(6.05065e-06 -0.0127923 -0.0154285 -0.0127923 2.85751e-05 -0.00811586 -0.0154285 -0.00811586 8.56979e-05)
(1.05234e-05 -0.0127965 -0.0154347 -0.0127965 3.81032e-05 -0.00811645 -0.0154347 -0.00811645 7.06797e-05)
(6.0182e-05 -0.0127922 -0.015423 -0.0127922 2.63223e-05 -0.00812406 -0.015423 -0.00812406 6.48731e-05)
(-4.33871e-05 -0.0128032 -0.0154445 -0.0128032 6.62403e-05 -0.00810969 -0.0154445 -0.00810969 8.07857e-05)
(4.10123e-05 -0.0127928 -0.0154258 -0.0127928 2.13734e-05 -0.00812344 -0.0154258 -0.00812344 5.97433e-05)
(2.27559e-05 -0.0127918 -0.0154268 -0.0127918 2.53626e-05 -0.00811904 -0.0154268 -0.00811904 7.77977e-05)
(4.0421e-05 -0.0127895 -0.0154248 -0.0127895 2.21657e-05 -0.00812786 -0.0154248 -0.00812786 6.298e-05)
(2.69362e-06 -0.0127941 -0.0154316 -0.0127941 3.37137e-05 -0.00811819 -0.0154316 -0.00811819 6.8016e-05)
(6.65621e-05 -0.0127977 -0.0154218 -0.0127977 3.3654e-05 -0.00813827 -0.0154218 -0.00813827 5.41195e-05)
(2.84815e-05 -0.012794 -0.0154336 -0.012794 3.07769e-05 -0.00812185 -0.0154336 -0.00812185 6.23378e-05)
