/*--------------------------------*- C++ -*----------------------------------*\
  =========                 |
  \\      /  F ield         | OpenFOAM: The Open Source CFD Toolbox
   \\    /   O peration     | Website:  https://openfoam.org
    \\  /    A nd           | Version:  10
     \\/     M anipulation  |
\*---------------------------------------------------------------------------*/
FoamFile
{
    format      ascii;
    class       volTensorField;
    location    "2";
    object      TauNN;
}
// * * * * * * * * * * * * * * * * * * * * * * * * * * * * * * * * * * * * * //

dimensions      [0 2 -2 0 0 0 0];

internalField   nonuniform List<tensor> 
25600
(
(-0.00144201 -0.00252827 0.00506376 -0.00252827 0.00901977 -0.00111349 0.00506376 -0.00111349 0.00842472)
(-0.00141291 -0.00182589 0.00470942 -0.00182589 0.00870167 -0.000939224 0.00470942 -0.000939224 0.00814524)
(-0.00139987 -0.00148668 0.00452113 -0.00148668 0.00872944 -0.000868744 0.00452113 -0.000868744 0.00802153)
(-0.000574619 -0.00305964 0.00519159 -0.00305964 0.00936237 -0.00144753 0.00519159 -0.00144753 0.00924831)
(0.00147839 -0.00340242 0.0055931 -0.00340242 0.00963128 -0.00187231 0.0055931 -0.00187231 0.00955423)
(0.000985422 -0.00290819 0.00518979 -0.00290819 0.00919737 -0.00255185 0.00518979 -0.00255185 0.00793663)
(0.00132087 -0.00244196 0.00445281 -0.00244196 0.00819258 -0.00284511 0.00445281 -0.00284511 0.00607771)
(0.00189758 -0.00240408 0.00414845 -0.00240408 0.00770563 -0.00290649 0.00414845 -0.00290649 0.00568861)
(0.00111139 -0.0024401 0.0043516 -0.0024401 0.00797961 -0.00283569 0.0043516 -0.00283569 0.00608413)
(6.10007e-05 -0.00259017 0.00467523 -0.00259017 0.0084784 -0.00271588 0.00467523 -0.00271588 0.00676595)
(-0.000298995 -0.00286169 0.00506868 -0.00286169 0.00901443 -0.00254263 0.00506868 -0.00254263 0.00756175)
(9.43646e-05 -0.0027255 0.00486212 -0.0027255 0.00886447 -0.00268948 0.00486212 -0.00268948 0.00716013)
(0.00145708 -0.00234381 0.0041867 -0.00234381 0.00798301 -0.00286632 0.0041867 -0.00286632 0.00573918)
(0.00249711 -0.00243787 0.00391432 -0.00243787 0.00748141 -0.00296031 0.00391432 -0.00296031 0.00543855)
(0.00243947 -0.00269706 0.00402384 -0.00269706 0.00750951 -0.00300222 0.00402384 -0.00300222 0.00577626)
(-0.00149528 -0.00293187 0.0059408 -0.00293187 0.00944761 -0.00181415 0.0059408 -0.00181415 0.0079393)
(-0.00157422 -0.00282939 0.00621023 -0.00282939 0.00965677 -0.00199022 0.00621023 -0.00199022 0.00780484)
(-0.000537054 -0.00280206 0.00510101 -0.00280206 0.00898802 -0.0024806 0.00510101 -0.0024806 0.00760665)
(0.00204318 -0.00231424 0.00408526 -0.00231424 0.00755483 -0.00287765 0.00408526 -0.00287765 0.0056274)
(0.00152335 -0.00189813 0.00428157 -0.00189813 0.00764007 -0.0024849 0.00428157 -0.0024849 0.00599928)
(-0.00157289 -0.00259552 0.00504361 -0.00259552 0.00918838 -0.000960091 0.00504361 -0.000960091 0.00849809)
(0.000275388 -0.00172903 0.00416036 -0.00172903 0.00964138 -0.0010578 0.00416036 -0.0010578 0.00741899)
(2.07181e-05 -0.002237 0.0046251 -0.002237 0.00974826 -0.00124575 0.0046251 -0.00124575 0.00808915)
(0.00133277 -0.00216567 0.00423419 -0.00216567 0.00784716 -0.00263642 0.00423419 -0.00263642 0.00610637)
(0.00276845 -0.0023229 0.00330558 -0.0023229 0.00702606 -0.00288837 0.00330558 -0.00288837 0.00525108)
(-0.00120299 -0.00252014 0.00515627 -0.00252014 0.00899685 -0.00145504 0.00515627 -0.00145504 0.00824456)
(-0.00136288 -0.00206788 0.00467083 -0.00206788 0.00978658 -0.00116677 0.00467083 -0.00116677 0.00809804)
(0.000133655 -0.00281415 0.00614163 -0.00281415 0.0101431 -0.00207097 0.00614163 -0.00207097 0.00865446)
(0.00142123 -0.00344418 0.00594422 -0.00344418 0.0100379 -0.00186585 0.00594422 -0.00186585 0.0100568)
(0.00131648 -0.0027765 0.00508374 -0.0027765 0.00887104 -0.00270487 0.00508374 -0.00270487 0.00732534)
(0.00161856 -0.00235648 0.00459969 -0.00235648 0.00787123 -0.00275092 0.00459969 -0.00275092 0.00615109)
(-0.000422722 -0.00225282 0.00485072 -0.00225282 0.00838984 -0.00227904 0.00485072 -0.00227904 0.00715875)
(-0.0015455 -0.00280334 0.00524034 -0.00280334 0.00913807 -0.00127421 0.00524034 -0.00127421 0.0086843)
(-0.00172821 -0.00289316 0.00521879 -0.00289316 0.00916835 -0.00117409 0.00521879 -0.00117409 0.00877036)
(-0.00119089 -0.00208083 0.00496479 -0.00208083 0.0086313 -0.00188606 0.00496479 -0.00188606 0.00758336)
(-0.00110609 -0.00201131 0.00491826 -0.00201131 0.00863388 -0.00179013 0.00491826 -0.00179013 0.00766122)
(-0.00132323 -0.00273227 0.00519087 -0.00273227 0.00909159 -0.00167359 0.00519087 -0.00167359 0.00849433)
(-0.000975176 -0.00282207 0.00523123 -0.00282207 0.00910759 -0.0017883 0.00523123 -0.0017883 0.00855509)
(-0.00143714 -0.00317117 0.0053176 -0.00317117 0.00925696 -0.00121484 0.0053176 -0.00121484 0.00913071)
(-0.00173064 -0.00273962 0.00527529 -0.00273962 0.00929615 -0.00114429 0.00527529 -0.00114429 0.00850183)
(0.00173626 0.000538656 0.00283295 0.000538656 0.00886296 -0.00082401 0.00283295 -0.00082401 0.00553203)
(0.00107673 -0.00110756 0.00378639 -0.00110756 0.00871315 -0.000587772 0.00378639 -0.000587772 0.00783503)
(0.00658222 0.000300236 0.00368138 0.000300236 0.00761481 -0.000606426 0.00368138 -0.000606426 0.00638657)
(0.00789764 0.000878402 0.00399659 0.000878402 0.00763516 -2.85469e-05 0.00399659 -2.85469e-05 0.00597998)
(0.00168783 -0.0024388 0.00521058 -0.0024388 0.00913513 -0.00126465 0.00521058 -0.00126465 0.00891764)
(0.000677025 -0.0031976 0.00638737 -0.0031976 0.00997381 -0.00258247 0.00638737 -0.00258247 0.00845618)
(-0.000323242 -0.00335194 0.00471141 -0.00335194 0.00965406 -0.00299901 0.00471141 -0.00299901 0.00737004)
(0.00269488 -0.00342236 0.00346643 -0.00342236 0.0086535 -0.00319068 0.00346643 -0.00319068 0.00635561)
(0.00172217 -0.00246252 0.00498481 -0.00246252 0.00832407 -0.00312251 0.00498481 -0.00312251 0.00710604)
(0.00255117 -0.000719794 0.00539249 -0.000719794 0.00702412 -0.00304138 0.00539249 -0.00304138 0.00658763)
(0.0033947 -0.000430917 0.00573278 -0.000430917 0.00720103 -0.00281895 0.00573278 -0.00281895 0.00676373)
(0.00219392 -0.00175397 0.00574051 -0.00175397 0.00851961 -0.00278997 0.00574051 -0.00278997 0.00770867)
(0.00417665 -0.00402054 0.00248684 -0.00402054 0.00888106 -0.00303288 0.00248684 -0.00303288 0.00608636)
(0.0202725 -0.00528032 -5.70035e-05 -0.00528032 0.00871876 -0.00232619 -5.70035e-05 -0.00232619 0.00698177)
(0.0169267 -0.0048968 0.00041019 -0.0048968 0.0088811 -0.00239175 0.00041019 -0.00239175 0.00682059)
(-0.000691193 -0.00115227 0.00502628 -0.00115227 0.00912212 -0.00186599 0.00502628 -0.00186599 0.00750149)
(0.00290021 -0.000591189 0.0041738 -0.000591189 0.008634 -0.00138638 0.0041738 -0.00138638 0.00501002)
(0.00188858 -0.000142167 0.00537392 -0.000142167 0.00727568 -0.00215121 0.00537392 -0.00215121 0.00519521)
(0.000903591 -0.00240039 0.0048631 -0.00240039 0.00862717 -0.00303477 0.0048631 -0.00303477 0.00720486)
(0.0027134 -0.00114283 0.00677611 -0.00114283 0.00868922 -0.0028412 0.00677611 -0.0028412 0.00887122)
(0.000555029 -0.000688864 0.00392237 -0.000688864 0.00920357 -0.00133368 0.00392237 -0.00133368 0.00694324)
(0.00513789 -0.000705693 0.0028058 -0.000705693 0.0084855 0.00011018 0.0028058 0.00011018 0.00716349)
(0.00985666 -0.00106753 0.00101352 -0.00106753 0.00824079 0.00126464 0.00101352 0.00126464 0.00769975)
(0.00187976 0.000399219 0.00511326 0.000399219 0.00782086 -0.00242956 0.00511326 -0.00242956 0.00559519)
(0.00274305 0.000666289 0.00600029 0.000666289 0.00700378 -0.0025215 0.00600029 -0.0025215 0.00624797)
(0.00315604 0.000187371 0.00556999 0.000187371 0.00880989 -0.00192231 0.00556999 -0.00192231 0.00759367)
(0.0169076 -0.00138634 0.00152657 -0.00138634 0.00889534 0.000367324 0.00152657 0.000367324 0.00495918)
(0.0194915 -0.000498584 0.00262942 -0.000498584 0.00853948 0.000757136 0.00262942 0.000757136 0.0072797)
(0.0044478 -0.00349414 0.00597697 -0.00349414 0.00997144 -0.00185574 0.00597697 -0.00185574 0.00928913)
(0.00857678 -0.00446013 0.00596402 -0.00446013 0.00944688 -0.00246067 0.00596402 -0.00246067 0.00979642)
(0.00276134 -0.003728 0.0041368 -0.003728 0.00876075 -0.00290315 0.0041368 -0.00290315 0.00793357)
(0.001264 -4.43803e-05 0.00712583 -4.43803e-05 0.00823418 -0.00256309 0.00712583 -0.00256309 0.00834432)
(0.00153139 0.000321867 0.00425478 0.000321867 0.00887883 -0.00138988 0.00425478 -0.00138988 0.00633692)
(0.00222363 0.000322943 0.00329267 0.000322943 0.00894487 -0.00100241 0.00329267 -0.00100241 0.0056703)
(0.000199452 6.12522e-05 0.0048591 6.12522e-05 0.00872915 -0.00166159 0.0048591 -0.00166159 0.00647812)
(0.000433613 8.84291e-05 0.00482328 8.84291e-05 0.00894448 -0.00177994 0.00482328 -0.00177994 0.00715962)
(0.000682696 -0.000615646 0.00447883 -0.000615646 0.00925076 -0.00167612 0.00447883 -0.00167612 0.00705996)
(-0.000125773 -0.00293853 0.00514122 -0.00293853 0.00934964 -0.00192141 0.00514122 -0.00192141 0.00873435)
(-1.04498e-05 -0.00272777 0.00489115 -0.00272777 0.00888783 -0.00149546 0.00489115 -0.00149546 0.0093344)
(-0.000364194 -0.00018463 0.00375795 -0.00018463 0.00878751 -0.00127731 0.00375795 -0.00127731 0.00673907)
(0.00754245 -0.00335207 0.00191546 -0.00335207 0.00962981 0.0013216 0.00191546 0.0013216 0.00922109)
(0.00231367 -0.00242628 0.00298292 -0.00242628 0.00905627 0.00101244 0.00298292 0.00101244 0.00936327)
(0.00796776 0.000815746 0.00425869 0.000815746 0.00785481 -3.83621e-05 0.00425869 -3.83621e-05 0.00651039)
(0.0084989 0.0024882 0.00425069 0.0024882 0.00571064 0.000600103 0.00425069 0.000600103 0.006485)
(0.0089806 0.000832411 0.00452136 0.000832411 0.00685389 -0.000335036 0.00452136 -0.000335036 0.00710522)
(0.0136686 -0.00744044 0.00270881 -0.00744044 0.011155 -0.00426941 0.00270881 -0.00426941 0.00693113)
(0.00797175 -0.00437113 0.00250202 -0.00437113 0.00981243 -0.00465027 0.00250202 -0.00465027 0.00551483)
(0.00458986 -0.00250236 0.00200757 -0.00250236 0.00846302 -0.0046081 0.00200757 -0.0046081 0.00567362)
(0.0036334 -0.00288264 0.00294078 -0.00288264 0.00865787 -0.00391233 0.00294078 -0.00391233 0.00533501)
(0.0042254 -0.00263435 0.00434318 -0.00263435 0.00961393 -0.00268727 0.00434318 -0.00268727 0.00476864)
(0.0076453 -0.00247938 0.00357042 -0.00247938 0.00951309 -0.00257813 0.00357042 -0.00257813 0.00463854)
(0.00727958 -0.00337671 0.000569029 -0.00337671 0.00901527 -0.00253656 0.000569029 -0.00253656 0.00523298)
(0.00704061 -0.0056312 -5.49071e-05 -0.0056312 0.00927203 -0.00339299 -5.49071e-05 -0.00339299 0.0049438)
(0.0158979 -0.00203162 0.00259158 -0.00203162 0.00369829 -0.00265467 0.00259158 -0.00265467 0.0116882)
(0.00842856 -0.00471252 0.000122277 -0.00471252 0.00741506 -0.00342379 0.000122277 -0.00342379 0.00482393)
(0.0085004 0.00115931 0.00434504 0.00115931 0.00787746 -0.000500963 0.00434504 -0.000500963 0.00653063)
(0.0155649 -0.00308273 0.00372568 -0.00308273 0.00945901 0.000649101 0.00372568 0.000649101 0.00907586)
(0.00826544 -0.00228812 0.00456729 -0.00228812 0.0103211 -0.00259076 0.00456729 -0.00259076 0.00521813)
(0.00566168 -0.00143348 0.00243227 -0.00143348 0.00792449 -0.00414821 0.00243227 -0.00414821 0.0057987)
(0.00401651 -0.00273583 0.00502141 -0.00273583 0.00947169 -0.000982959 0.00502141 -0.000982959 0.00761932)
(0.00949222 0.00047112 0.00457759 0.00047112 0.00818061 -7.83801e-05 0.00457759 -7.83801e-05 0.00677131)
(0.0106417 0.00148209 0.00402134 0.00148209 0.00620819 0.000869982 0.00402134 0.000869982 0.00745135)
(0.0144546 0.00168225 0.00259919 0.00168225 0.00491985 0.00341264 0.00259919 0.00341264 0.00906392)
(0.0118255 -0.00349003 0.00427037 -0.00349003 0.0103618 -0.00284173 0.00427037 -0.00284173 0.00609174)
(0.010596 -0.000471334 0.003093 -0.000471334 0.00923617 -0.00101247 0.003093 -0.00101247 0.00299351)
(0.0154991 -0.000921709 0.00397814 -0.000921709 0.00842297 0.000970662 0.00397814 0.000970662 0.00764031)
(0.0154694 -0.00176928 0.00416057 -0.00176928 0.0101559 -0.00180041 0.00416057 -0.00180041 0.0153444)
(0.00913754 -0.00455207 -0.00301743 -0.00455207 0.011757 -0.00136909 -0.00301743 -0.00136909 0.0118759)
(0.00845663 -0.0042714 0.000198865 -0.0042714 0.0112625 0.000360679 0.000198865 0.000360679 0.00590068)
(0.0233677 -0.00425561 0.002968 -0.00425561 0.00936204 -0.00349085 0.002968 -0.00349085 0.00665735)
(0.0148631 -0.00716525 0.00381156 -0.00716525 0.0108135 -0.00340582 0.00381156 -0.00340582 0.00706192)
(0.0121411 -0.00272435 0.00344145 -0.00272435 0.0103302 -0.000882696 0.00344145 -0.000882696 0.00453785)
(0.0178025 -0.00349888 0.00303981 -0.00349888 0.010266 0.000346323 0.00303981 0.000346323 0.00620238)
(0.0182589 -0.00409417 0.00275007 -0.00409417 0.0099303 0.000649522 0.00275007 0.000649522 0.00808996)
(0.0194217 -0.0029169 0.00279212 -0.0029169 0.0100207 -2.82861e-05 0.00279212 -2.82861e-05 0.00479205)
(0.0181447 -0.00303155 0.00269434 -0.00303155 0.0100504 0.00041938 0.00269434 0.00041938 0.00567787)
(0.0149278 -0.00309123 0.00339961 -0.00309123 0.00995286 0.00036748 0.00339961 0.00036748 0.00711378)
(0.00617135 -0.00254324 0.00527186 -0.00254324 0.00964842 -0.00119519 0.00527186 -0.00119519 0.00817693)
(0.00411448 -0.00225286 0.00480303 -0.00225286 0.0092584 -0.0020422 0.00480303 -0.0020422 0.00737382)
(0.0110735 -0.00319028 0.00470211 -0.00319028 0.00980782 0.000151155 0.00470211 0.000151155 0.00907084)
(0.00963981 -0.000680912 0.00465298 -0.000680912 0.00850302 -0.000475095 0.00465298 -0.000475095 0.0072843)
(0.0030482 -0.00227206 0.00494989 -0.00227206 0.00995334 -0.00145401 0.00494989 -0.00145401 0.00831385)
(0.00596241 -0.00180297 0.00470351 -0.00180297 0.00983936 -0.00216968 0.00470351 -0.00216968 0.00784586)
(0.00746259 -7.45784e-05 0.00115606 -7.45784e-05 0.00576085 0.00210576 0.00115606 0.00210576 0.00850323)
(0.0080628 -0.000558769 0.000141094 -0.000558769 0.00688407 -7.00066e-05 0.000141094 -7.00066e-05 0.00449686)
(0.00810064 -0.00242375 0.00252637 -0.00242375 0.00526047 -0.0029299 0.00252637 -0.0029299 0.00522787)
(0.01742 -0.00349345 0.0011944 -0.00349345 0.00748532 -0.00216941 0.0011944 -0.00216941 0.00862259)
(0.0153091 -0.00487635 6.72322e-05 -0.00487635 0.00885128 -0.00284517 6.72322e-05 -0.00284517 0.00571406)
(0.0190587 -0.00452586 -0.000221865 -0.00452586 0.00926961 -0.00237863 -0.000221865 -0.00237863 0.0075107)
(0.016032 -0.00280357 0.0030479 -0.00280357 0.00932202 -0.00225141 0.0030479 -0.00225141 0.00901859)
(0.00939876 -0.00226177 0.00034878 -0.00226177 0.00690867 -0.00177756 0.00034878 -0.00177756 0.00939405)
(0.00841409 -0.00178659 -0.000859229 -0.00178659 0.00746563 -0.00169769 -0.000859229 -0.00169769 0.0123083)
(0.0146411 -0.00435137 -0.000962697 -0.00435137 0.00906996 -0.00260593 -0.000962697 -0.00260593 0.00695956)
(0.0205388 -0.00471531 -0.000299424 -0.00471531 0.00765531 -0.00216523 -0.000299424 -0.00216523 0.00817126)
(0.0128455 -0.00535617 -0.00182235 -0.00535617 0.00889187 -0.00309534 -0.00182235 -0.00309534 0.00555465)
(0.0173297 -0.00399997 -0.00147921 -0.00399997 0.00885286 -0.0016276 -0.00147921 -0.0016276 0.0021274)
(0.0114236 -0.00263331 -0.00455225 -0.00263331 0.0081726 -0.00125593 -0.00455225 -0.00125593 0.00916816)
(0.00817768 -0.000869575 -0.00051172 -0.000869575 0.00602599 -0.000207927 -0.00051172 -0.000207927 0.00263593)
(0.0155719 -0.00185611 0.000161899 -0.00185611 0.00642924 -0.00157981 0.000161899 -0.00157981 0.011337)
(0.00288859 -0.00241279 0.00356219 -0.00241279 0.00871611 -0.00211511 0.00356219 -0.00211511 0.00740336)
(0.0132124 -0.00384701 -0.00101193 -0.00384701 0.007035 0.000245641 -0.00101193 0.000245641 0.00456669)
(0.019423 -0.000718988 0.00160087 -0.000718988 0.00643496 -0.000563714 0.00160087 -0.000563714 0.0113185)
(0.0145578 -0.00255817 -0.00353989 -0.00255817 0.0100095 -0.00326146 -0.00353989 -0.00326146 0.00870776)
(0.00773431 4.05144e-05 0.000486217 4.05144e-05 0.00312283 -0.000137242 0.000486217 -0.000137242 0.00188039)
(0.0134186 -0.000310461 0.00393941 -0.000310461 0.00818809 -0.000333467 0.00393941 -0.000333467 0.00912693)
(0.0211084 -0.00398842 -0.00166961 -0.00398842 0.00808726 -0.00100168 -0.00166961 -0.00100168 0.00319162)
(0.0182077 0.000190999 0.00196885 0.000190999 0.00734939 0.0006958 0.00196885 0.0006958 0.00834544)
(0.0154524 -0.00198797 0.00143185 -0.00198797 0.00595615 0.00135671 0.00143185 0.00135671 0.010594)
(0.00911756 -0.00231293 0.00105998 -0.00231293 0.0105319 -0.00115111 0.00105998 -0.00115111 0.00829038)
(0.00992406 -0.00240963 0.00600754 -0.00240963 0.00412809 -0.00196079 0.00600754 -0.00196079 0.0102065)
(0.0232001 -0.00432257 0.000257574 -0.00432257 0.00901303 -0.0025353 0.000257574 -0.0025353 0.00652407)
(0.0192612 -0.00162596 0.00384273 -0.00162596 0.00879788 -0.000441762 0.00384273 -0.000441762 0.00959183)
(0.0224436 -0.00067257 0.00262306 -0.00067257 0.00824 0.00105621 0.00262306 0.00105621 0.00761862)
(0.0199279 -0.00258734 0.000593238 -0.00258734 0.0087486 0.000890825 0.000593238 0.000890825 0.00963814)
(0.017531 -0.00236529 -0.000209509 -0.00236529 0.00842172 0.00124443 -0.000209509 0.00124443 0.00859125)
(0.019846 -0.000705067 0.00121795 -0.000705067 0.0080405 0.00184094 0.00121795 0.00184094 0.00810789)
(0.0164055 -0.00235948 0.00242052 -0.00235948 0.00960019 -0.000698207 0.00242052 -0.000698207 0.00738863)
(0.0168258 -0.0017991 0.00336092 -0.0017991 0.00898492 -0.00116469 0.00336092 -0.00116469 0.00762732)
(0.0130777 -0.00484298 0.000355508 -0.00484298 0.00927563 -0.003178 0.000355508 -0.003178 0.00546054)
(0.0101475 -0.00214279 -0.00113771 -0.00214279 0.0069348 -0.0025938 -0.00113771 -0.0025938 0.00437517)
(0.00864281 0.00317164 0.0041908 0.00317164 0.00544039 0.000302324 0.0041908 0.000302324 0.00595942)
(0.0130684 -0.00463495 0.00254062 -0.00463495 0.00932501 -0.000649447 0.00254062 -0.000649447 0.00823225)
(0.0188447 0.000402406 0.00592525 0.000402406 0.00794739 -0.00258828 0.00592525 -0.00258828 0.00613262)
(0.0135503 0.000709805 0.00284456 0.000709805 0.00867582 -0.000587445 0.00284456 -0.000587445 0.00311033)
(0.0107789 0.000223231 0.00287255 0.000223231 0.00637663 0.00173886 0.00287255 0.00173886 0.00724248)
(0.00853442 -0.0044136 -0.000253631 -0.0044136 0.00813739 -0.00337432 -0.000253631 -0.00337432 0.00459551)
(0.0162015 -0.00411056 0.000907676 -0.00411056 0.00579138 -0.00267479 0.000907676 -0.00267479 0.00780073)
(0.018615 -0.00434728 0.00151187 -0.00434728 0.00620035 -0.00284905 0.00151187 -0.00284905 0.00734368)
(0.0111163 -0.00397295 0.000953276 -0.00397295 0.00600241 -0.00301592 0.000953276 -0.00301592 0.00706919)
(0.0118356 -0.00400782 0.00234772 -0.00400782 0.00940216 -0.00174385 0.00234772 -0.00174385 0.00482115)
(0.0136779 -0.00279648 0.0032124 -0.00279648 0.00946888 -0.00145867 0.0032124 -0.00145867 0.00446296)
(0.00770996 0.00010371 0.00330424 0.00010371 0.00754025 -0.00293729 0.00330424 -0.00293729 0.00519645)
(0.013335 -0.00383093 -0.000457434 -0.00383093 0.00853236 -0.00437159 -0.000457434 -0.00437159 0.00708134)
(0.00867683 -0.0060506 -0.000640295 -0.0060506 0.00945253 -0.00377179 -0.000640295 -0.00377179 0.00424223)
(0.0137998 -0.00606993 -0.00264687 -0.00606993 0.00791477 -0.00264792 -0.00264687 -0.00264792 0.00659223)
(0.0120329 -0.00262302 -0.000647401 -0.00262302 0.0114356 -0.0012985 -0.000647401 -0.0012985 0.00779295)
(0.0131782 -0.00446203 -0.00553329 -0.00446203 0.0116079 -0.00321501 -0.00553329 -0.00321501 0.00930906)
(0.0113013 -0.00530545 -0.00538305 -0.00530545 0.0115861 -0.00126245 -0.00538305 -0.00126245 0.0104454)
(0.00513005 -0.00227376 -0.000174102 -0.00227376 0.00740683 -0.00190873 -0.000174102 -0.00190873 0.00467237)
(0.00856131 -0.00149345 0.00408884 -0.00149345 0.00894736 -0.00171159 0.00408884 -0.00171159 0.0070931)
(0.0167432 -0.000149615 0.00190644 -0.000149615 0.00538532 -0.0012555 0.00190644 -0.0012555 0.0127441)
(0.0133124 -0.00161865 -0.000132198 -0.00161865 0.0110302 -0.00273127 -0.000132198 -0.00273127 0.0110083)
(0.0149727 0.0015064 0.000794044 0.0015064 0.00587373 0.00321706 0.000794044 0.00321706 0.00999172)
(0.0151233 0.000570489 0.00159057 0.000570489 0.00768115 -0.00101767 0.00159057 -0.00101767 0.00610376)
(0.0156543 0.00124349 0.00318843 0.00124349 0.00685476 0.00216072 0.00318843 0.00216072 0.00727335)
(0.0127022 0.000723918 0.00411694 0.000723918 0.00801198 -0.000177648 0.00411694 -0.000177648 0.00660345)
(0.0101104 0.000736773 0.00427249 0.000736773 0.00797093 -0.000590318 0.00427249 -0.000590318 0.00636052)
(0.0118514 0.00151035 0.00319131 0.00151035 0.00487519 0.00229988 0.00319131 0.00229988 0.00758826)
(0.0150597 -0.00389064 -0.000787244 -0.00389064 0.00700628 0.00156101 -0.000787244 0.00156101 0.00666327)
(0.0187918 -0.00162518 0.00469642 -0.00162518 0.00835726 -0.00409084 0.00469642 -0.00409084 0.00516251)
(0.0153604 -0.00694729 0.00352067 -0.00694729 0.0105026 -0.00320958 0.00352067 -0.00320958 0.00767973)
(0.0123909 0.0013838 0.00399412 0.0013838 0.00688107 0.000708147 0.00399412 0.000708147 0.00730985)
(0.0148881 -5.82905e-05 0.00364392 -5.82905e-05 0.00779458 0.00107998 0.00364392 0.00107998 0.0076878)
(0.0161525 -0.00178598 0.00277536 -0.00178598 0.00846383 0.000762953 0.00277536 0.000762953 0.00879924)
(0.0147773 -0.000625295 0.00375382 -0.000625295 0.00784774 0.00051725 0.00375382 0.00051725 0.00872911)
(0.0127641 0.00231131 0.00327976 0.00231131 0.0054255 0.00276573 0.00327976 0.00276573 0.00770754)
(0.0112935 0.00153315 0.00405371 0.00153315 0.00663988 0.000640919 0.00405371 0.000640919 0.00714367)
(0.0116842 -0.00213408 0.00326017 -0.00213408 0.00828997 -8.16127e-05 0.00326017 -8.16127e-05 0.00666171)
(0.0133988 -0.00234341 -0.00115468 -0.00234341 0.0110776 -0.000831102 -0.00115468 -0.000831102 0.00760717)
(0.0078918 0.000818567 -0.000180642 0.000818567 0.00769095 -0.00102602 -0.000180642 -0.00102602 0.00564265)
(0.00579104 -0.000756174 0.00309493 -0.000756174 0.00396963 -0.00248353 0.00309493 -0.00248353 0.00488404)
(0.00987195 -0.00478777 -0.0042908 -0.00478777 0.0103243 -0.00181573 -0.0042908 -0.00181573 0.00932154)
(0.00790265 -0.00282841 0.00215698 -0.00282841 0.00439285 -0.00251167 0.00215698 -0.00251167 0.00810433)
(0.0173219 0.00396794 0.00486253 0.00396794 0.00636931 0.00070954 0.00486253 0.00070954 0.004661)
(0.00220089 -0.001949 0.000164312 -0.001949 0.00500153 -0.00149718 0.000164312 -0.00149718 0.0036338)
(0.0065002 -0.00181939 0.00306321 -0.00181939 0.00272171 -0.00132556 0.00306321 -0.00132556 0.00623267)
(0.0132751 -0.0025218 0.000748107 -0.0025218 0.00652028 -0.00187516 0.000748107 -0.00187516 0.0101781)
(0.0157008 -0.0044959 -7.12508e-05 -0.0044959 0.00779029 -0.00269176 -7.12508e-05 -0.00269176 0.00684905)
(0.0143518 -0.00371423 -0.00124728 -0.00371423 0.00726699 -0.0037041 -0.00124728 -0.0037041 0.00549379)
(0.0140448 -0.00323989 0.00163631 -0.00323989 0.00923781 -0.00208875 0.00163631 -0.00208875 0.00837443)
(0.01857 -0.000438556 0.005574 -0.000438556 0.00863658 -0.00118284 0.005574 -0.00118284 0.00848804)
(0.0118156 -0.000232672 0.00421141 -0.000232672 0.00800037 -0.00263235 0.00421141 -0.00263235 0.00702026)
(0.0148834 -0.000255166 0.00196901 -0.000255166 0.00788602 -0.00354849 0.00196901 -0.00354849 0.0065312)
(0.0120973 -0.00545132 -0.00100689 -0.00545132 0.00882127 -0.00318407 -0.00100689 -0.00318407 0.00519216)
(0.0181581 -0.00401296 -0.000577006 -0.00401296 0.0066456 -0.00285004 -0.000577006 -0.00285004 0.00778652)
(0.011324 -0.00266689 0.00208193 -0.00266689 0.0110452 -0.00119071 0.00208193 -0.00119071 0.00694767)
(0.0110535 -0.00428755 -0.00337206 -0.00428755 0.0113462 -0.00307701 -0.00337206 -0.00307701 0.007673)
(0.00953594 -0.00400124 -0.00161477 -0.00400124 0.011321 -0.00260773 -0.00161477 -0.00260773 0.00723286)
(0.00962949 -0.0011232 -0.000736228 -0.0011232 0.00872321 -0.00254626 -0.000736228 -0.00254626 0.00808905)
(0.0107406 -0.00349527 0.00253786 -0.00349527 0.00925093 -0.00237014 0.00253786 -0.00237014 0.00804687)
(0.0220006 0.000382389 -0.00180399 0.000382389 0.00471876 0.00338313 -0.00180399 0.00338313 0.0098968)
(0.0163323 -0.00147864 0.000870891 -0.00147864 0.00506667 0.00140677 0.000870891 0.00140677 0.0105022)
(0.0132029 0.000556491 0.00207064 0.000556491 0.00714755 0.000688016 0.00207064 0.000688016 0.00749796)
(0.0153031 -0.0018765 0.0002023 -0.0018765 0.00882175 -0.00202296 0.0002023 -0.00202296 0.00698379)
(0.0161156 -6.54664e-05 0.00102797 -6.54664e-05 0.0073668 0.00139712 0.00102797 0.00139712 0.00728392)
(0.00933183 -0.00283482 0.00323666 -0.00283482 0.00979829 -0.00184235 0.00323666 -0.00184235 0.00830919)
(0.00997182 -0.00320901 0.000719048 -0.00320901 0.00949935 -0.00251002 0.000719048 -0.00251002 0.00735797)
(0.0142995 -0.00183137 0.00221443 -0.00183137 0.00736064 -0.000646061 0.00221443 -0.000646061 0.00864733)
(0.0043663 -0.00327402 -0.000691479 -0.00327402 0.00790688 0.000960597 -0.000691479 0.000960597 0.00714715)
(0.00822052 -0.00300049 0.000482345 -0.00300049 0.00704825 -0.00208062 0.000482345 -0.00208062 0.00347946)
(0.0220589 -0.00402689 0.00342107 -0.00402689 0.009123 -0.00351208 0.00342107 -0.00351208 0.0060288)
(0.011709 -0.00198258 0.00214898 -0.00198258 0.00869379 -0.00154774 0.00214898 -0.00154774 0.00743876)
(0.0120119 -0.000251994 -0.000365322 -0.000251994 0.00573068 0.00340854 -0.000365322 0.00340854 0.0103614)
(0.0109664 -0.00112867 -0.00335807 -0.00112867 0.00588904 0.0038028 -0.00335807 0.0038028 0.00981867)
(0.0159671 -0.00105361 0.00258076 -0.00105361 0.00829845 -0.000869732 0.00258076 -0.000869732 0.00847583)
(0.0125057 0.000942345 0.00240818 0.000942345 0.00724726 2.00998e-05 0.00240818 2.00998e-05 0.0077302)
(0.0121276 -8.0131e-06 0.00178361 -8.0131e-06 0.00559052 0.00189227 0.00178361 0.00189227 0.00983682)
(0.00822612 -0.000262124 -0.000330051 -0.000262124 0.00627764 0.00149061 -0.000330051 0.00149061 0.00517213)
(0.00918279 -0.000266295 -3.04095e-05 -0.000266295 0.00616298 -0.00158419 -3.04095e-05 -0.00158419 0.00377128)
(0.0113152 0.00102915 0.00322589 0.00102915 0.00778751 -0.00100139 0.00322589 -0.00100139 0.00671413)
(0.00874552 -0.00123312 -0.000316801 -0.00123312 0.0103994 -0.0022428 -0.000316801 -0.0022428 0.00676634)
(0.00149938 -0.0028302 -0.000433447 -0.0028302 0.00653666 -0.00108929 -0.000433447 -0.00108929 0.00405945)
(0.00542775 -0.00187734 0.00306233 -0.00187734 0.00656977 -0.00166419 0.00306233 -0.00166419 0.00802318)
(0.00390861 -0.00293263 -0.00104228 -0.00293263 0.00737714 0.00186801 -0.00104228 0.00186801 0.00311894)
(0.00658506 -0.0014549 0.0005142 -0.0014549 0.00983626 -0.00179239 0.0005142 -0.00179239 0.00717711)
(0.00173906 -0.00056873 0.000881173 -0.00056873 0.00163581 7.34376e-05 0.000881173 7.34376e-05 0.00294545)
(0.0135955 -0.000575498 0.0015841 -0.000575498 0.00716 -0.00325253 0.0015841 -0.00325253 0.00727739)
(0.0111017 -0.00457085 -0.000260391 -0.00457085 0.00841403 -0.00313948 -0.000260391 -0.00313948 0.00602129)
(0.0122723 -0.00433612 -0.00126181 -0.00433612 0.00890975 -0.00320403 -0.00126181 -0.00320403 0.00544583)
(0.0111845 -0.000470333 0.00282202 -0.000470333 0.00812096 -0.00111892 0.00282202 -0.00111892 0.00681645)
(0.0173294 -0.00324324 0.000901077 -0.00324324 0.00869421 0.000790802 0.000901077 0.000790802 0.00637628)
(0.0155279 0.00164534 0.00338953 0.00164534 0.00747109 -0.00158395 0.00338953 -0.00158395 0.00650313)
(0.010032 -0.0033001 0.00172198 -0.0033001 0.00921517 -0.00391155 0.00172198 -0.00391155 0.00505073)
(0.0130804 -0.00610733 -0.000604997 -0.00610733 0.00955784 -0.00421684 -0.000604997 -0.00421684 0.00540222)
(0.0154903 -0.00400546 -0.00114834 -0.00400546 0.00592229 -0.00288578 -0.00114834 -0.00288578 0.0077006)
(0.0103157 -0.00145338 -0.000801623 -0.00145338 0.00847029 -0.00279123 -0.000801623 -0.00279123 0.00544697)
(0.0112764 0.000438622 0.0024874 0.000438622 0.00751515 0.000551399 0.0024874 0.000551399 0.00387894)
(0.0144102 0.000975414 0.00320159 0.000975414 0.00722118 0.00120139 0.00320159 0.00120139 0.00553362)
(0.0116513 0.000540989 0.00346252 0.000540989 0.00801489 -0.000826573 0.00346252 -0.000826573 0.00614645)
(0.015305 0.00282428 0.00565368 0.00282428 0.00692234 0.000116899 0.00565368 0.000116899 0.00373942)
(0.012815 0.000372708 -0.000344946 0.000372708 0.00640602 0.00155102 -0.000344946 0.00155102 0.0047648)
(0.0127338 0.00195756 0.00298522 0.00195756 0.00591402 0.00214392 0.00298522 0.00214392 0.0074746)
(0.011291 0.000481765 0.00348227 0.000481765 0.00745207 -0.000705034 0.00348227 -0.000705034 0.00704943)
(0.0114015 -0.000106248 -0.000910821 -0.000106248 0.00686378 0.000648813 -0.000910821 0.000648813 0.0039785)
(0.0154883 -0.00181307 0.00300837 -0.00181307 0.00899743 -2.13394e-05 0.00300837 -2.13394e-05 0.00747793)
(0.0132213 -0.00180291 0.00365292 -0.00180291 0.00941089 -0.00205111 0.00365292 -0.00205111 0.00525614)
(0.00518478 -8.26763e-05 0.000119476 -8.26763e-05 0.00707916 -0.00273711 0.000119476 -0.00273711 0.00479772)
(0.00735082 0.00188765 -4.44334e-05 0.00188765 0.00505828 0.00186039 -4.44334e-05 0.00186039 0.00935884)
(0.00893092 -0.00181957 -0.000260971 -0.00181957 0.0105761 -0.00174856 -0.000260971 -0.00174856 0.00926518)
(0.0115581 -0.00432503 -0.000957944 -0.00432503 0.00735652 0.0017802 -0.000957944 0.0017802 0.00585512)
(0.0139726 -0.00505617 0.00217785 -0.00505617 0.00919286 -0.00228828 0.00217785 -0.00228828 0.00694375)
(0.0199997 0.00237363 0.00404568 0.00237363 0.00636789 0.00109317 0.00404568 0.00109317 0.00479318)
(0.00655165 -0.00326087 -0.00021381 -0.00326087 0.00945629 -0.000736638 -0.00021381 -0.000736638 0.00909174)
(0.010321 -0.000426495 0.000302171 -0.000426495 0.00476992 -0.000160567 0.000302171 -0.000160567 0.0116389)
(0.00986079 -0.00248895 0.00342054 -0.00248895 0.00867925 -0.00223863 0.00342054 -0.00223863 0.00692607)
(0.0111698 -0.00266328 0.00363359 -0.00266328 0.00886268 -0.00152169 0.00363359 -0.00152169 0.00781041)
(0.0139194 -0.000380224 0.00283563 -0.000380224 0.0106163 -0.00266599 0.00283563 -0.00266599 0.00887423)
(0.00882772 -0.00337986 -0.00181007 -0.00337986 0.011022 -0.00203267 -0.00181007 -0.00203267 0.00781927)
(0.00946136 -0.0015462 0.00408349 -0.0015462 0.00818541 -0.0012727 0.00408349 -0.0012727 0.00725213)
(0.0098465 -0.000379605 0.00380935 -0.000379605 0.0076022 -0.000434171 0.00380935 -0.000434171 0.00715196)
(0.00639496 -0.00462294 -0.00248593 -0.00462294 0.010943 -0.00235621 -0.00248593 -0.00235621 0.00813233)
(0.00225979 0.000848625 0.000124074 0.000848625 0.00414392 0.00124235 0.000124074 0.00124235 0.00159303)
(0.00750175 -0.004385 0.000607522 -0.004385 0.00890582 -0.00357655 0.000607522 -0.00357655 0.00444442)
(0.00419073 -0.0012572 -0.00114849 -0.0012572 0.00672851 0.00285626 -0.00114849 0.00285626 0.00522776)
(0.00442227 -0.00246514 0.000653042 -0.00246514 0.00868743 -0.000101034 0.000653042 -0.000101034 0.00695181)
(0.00220486 -0.00128783 0.000320822 -0.00128783 0.00387153 -0.00033181 0.000320822 -0.00033181 0.000940744)
(0.00639762 -0.00343517 0.00161819 -0.00343517 0.00840449 -0.00265497 0.00161819 -0.00265497 0.00613468)
(0.00768131 -0.00424571 -0.00113523 -0.00424571 0.00829917 -0.00320488 -0.00113523 -0.00320488 0.00524904)
(0.0104538 -0.0039166 -0.00197157 -0.0039166 0.00846143 -0.00333718 -0.00197157 -0.00333718 0.00569107)
(0.00947066 -0.00032084 -0.000632491 -0.00032084 0.0079304 -0.00231788 -0.000632491 -0.00231788 0.00510422)
(0.00429975 -0.000276514 -0.000184488 -0.000276514 0.00508868 0.000377297 -0.000184488 0.000377297 0.00418353)
(0.00335724 -0.000145267 0.000670994 -0.000145267 0.00684323 -0.000284011 0.000670994 -0.000284011 0.00266917)
(0.0104046 -0.00521689 0.00282022 -0.00521689 0.00986328 -0.00371334 0.00282022 -0.00371334 0.00580775)
(0.0158406 -0.00489767 0.000784408 -0.00489767 0.00908732 -0.00393954 0.000784408 -0.00393954 0.00471794)
(0.0133214 -0.00286927 0.000788324 -0.00286927 0.00539435 -0.00285184 0.000788324 -0.00285184 0.0078649)
(0.0113008 -0.00356457 -0.000808972 -0.00356457 0.00946338 -0.00267529 -0.000808972 -0.00267529 0.00716219)
(0.0180569 -0.000243007 0.00403951 -0.000243007 0.00838265 -0.000332709 0.00403951 -0.000332709 0.0075088)
(0.0150566 -0.00264144 0.00255818 -0.00264144 0.00936242 -0.00103004 0.00255818 -0.00103004 0.00760138)
(0.0114375 -0.00280655 0.00404547 -0.00280655 0.00940676 -0.00160852 0.00404547 -0.00160852 0.00700935)
(0.0100532 0.000720822 0.00218615 0.000720822 0.00878838 0.000204597 0.00218615 0.000204597 0.00474064)
(0.0129655 0.000214221 0.00134481 0.000214221 0.00494791 0.00139937 0.00134481 0.00139937 0.0055249)
(0.0122308 0.000304051 0.00295441 0.000304051 0.00765205 7.17957e-05 0.00295441 7.17957e-05 0.00782241)
(0.00778076 -6.24694e-05 -0.000800306 -6.24694e-05 0.0066106 0.000593049 -0.000800306 0.000593049 0.00338463)
(0.0124025 -0.00213699 0.00184792 -0.00213699 0.0081657 -0.000741535 0.00184792 -0.000741535 0.00609753)
(0.0145192 -0.00196843 0.00364147 -0.00196843 0.00897256 -0.00166425 0.00364147 -0.00166425 0.00658392)
(0.00664369 -0.00156589 0.00131561 -0.00156589 0.0080478 -0.00246236 0.00131561 -0.00246236 0.00506435)
(0.00180955 0.000340225 0.000379976 0.000340225 0.00194397 7.8789e-05 0.000379976 7.8789e-05 0.00267753)
(0.0120927 -0.000144977 0.00242386 -0.000144977 0.00728565 0.000965356 0.00242386 0.000965356 0.00732704)
(0.0106033 0.0024326 0.00121525 0.0024326 0.0052533 0.00121714 0.00121525 0.00121714 0.00574393)
(0.00320929 -0.0001236 -0.0011817 -0.0001236 0.00328006 -0.0015466 -0.0011817 -0.0015466 0.00414285)
(0.00800547 -0.00191431 -0.00187704 -0.00191431 0.00502556 0.00151046 -0.00187704 0.00151046 0.00424375)
(0.0166266 -0.00253259 -0.00426428 -0.00253259 0.00636953 0.00450878 -0.00426428 0.00450878 0.00938354)
(0.0164067 5.65927e-05 -0.000721522 5.65927e-05 0.00588511 0.00417671 -0.000721522 0.00417671 0.00988636)
(0.0127043 0.000164405 -0.000709242 0.000164405 0.00585378 0.00394794 -0.000709242 0.00394794 0.00957247)
(0.00709323 -0.00188509 0.00172698 -0.00188509 0.00815696 -0.00283944 0.00172698 -0.00283944 0.00561851)
(0.0107479 -0.0014473 0.00224294 -0.0014473 0.00768797 -0.00253777 0.00224294 -0.00253777 0.00477161)
(0.0136194 -0.00134106 -0.00114618 -0.00134106 0.0110775 -0.00360017 -0.00114618 -0.00360017 0.00789312)
(0.00649622 -0.00240457 -0.000213714 -0.00240457 0.00943262 -0.00187698 -0.000213714 -0.00187698 0.006292)
(0.0087954 -0.000664257 0.00235287 -0.000664257 0.00798032 -0.00149748 0.00235287 -0.00149748 0.00772052)
(0.000704128 -3.83034e-05 0.000446618 -3.83034e-05 0.00219404 0.000208707 0.000446618 0.000208707 0.00180416)
(0.00747432 0.00137367 0.000586826 0.00137367 0.00679177 -3.19723e-05 0.000586826 -3.19723e-05 0.00343461)
(0.00721776 0.00174969 0.00147693 0.00174969 0.00623388 -0.000354352 0.00147693 -0.000354352 0.00394954)
(0.0117735 -0.00521976 0.00184535 -0.00521976 0.00936393 -0.00342755 0.00184535 -0.00342755 0.00598112)
(0.00583992 -0.00090932 -0.000289944 -0.00090932 0.00688362 0.00245602 -0.000289944 0.00245602 0.00449262)
(0.00354286 -0.00265615 -0.00130173 -0.00265615 0.00428796 0.00217301 -0.00130173 0.00217301 0.003834)
(0.0096573 0.00131002 0.002544 0.00131002 0.00659782 -0.000293429 0.002544 -0.000293429 0.00602791)
(0.00944988 0.000778389 0.00201243 0.000778389 0.00677083 -0.000816784 0.00201243 -0.000816784 0.00566004)
(0.00784671 -0.00488563 -0.000327804 -0.00488563 0.00873565 -0.0033452 -0.000327804 -0.0033452 0.00534905)
(0.00655077 -0.00374464 -0.00114898 -0.00374464 0.00742656 -0.00291789 -0.00114898 -0.00291789 0.00618682)
(0.00238362 5.63003e-05 1.26511e-05 5.63003e-05 0.00327862 -0.00138311 1.26511e-05 -0.00138311 0.00340634)
(0.00926706 -0.00100422 -0.00124126 -0.00100422 0.00711702 0.0011989 -0.00124126 0.0011989 0.00396848)
(0.0105229 0.00304999 0.00272822 0.00304999 0.00650673 -0.00022742 0.00272822 -0.00022742 0.00561588)
(0.0102816 -0.00439569 0.00322099 -0.00439569 0.00939469 -0.00284356 0.00322099 -0.00284356 0.00697435)
(0.0160837 -0.0070137 0.000638548 -0.0070137 0.0100172 -0.00409645 0.000638548 -0.00409645 0.00483376)
(0.0155106 -0.00468626 0.000211198 -0.00468626 0.00738153 -0.0033849 0.000211198 -0.0033849 0.00525824)
(0.00884138 -0.00367767 -0.00105352 -0.00367767 0.00895254 -0.00276709 -0.00105352 -0.00276709 0.00509424)
(0.0163074 -0.00155004 0.00307171 -0.00155004 0.00902581 -0.000915342 0.00307171 -0.000915342 0.00470386)
(0.018386 -0.000858706 0.00316077 -0.000858706 0.00912198 -0.000719227 0.00316077 -0.000719227 0.00349176)
(0.0148364 -0.00133868 0.00372896 -0.00133868 0.00856557 -0.00189163 0.00372896 -0.00189163 0.00505729)
(0.00374691 -3.11388e-05 0.000371486 -3.11388e-05 0.00543517 0.00151561 0.000371486 0.00151561 0.00289077)
(0.0121394 0.000553329 0.00127411 0.000553329 0.00728637 0.0017728 0.00127411 0.0017728 0.00430347)
(0.0124365 -0.00226357 0.00246852 -0.00226357 0.00842984 -9.0641e-05 0.00246852 -9.0641e-05 0.0061062)
(0.00208966 0.000357788 0.000160407 0.000357788 0.00089246 -9.90704e-05 0.000160407 -9.90704e-05 0.00189586)
(0.00400992 3.24221e-05 -0.000482771 3.24221e-05 0.00322437 -0.000579082 -0.000482771 -0.000579082 0.00156145)
(0.00490069 -0.00264277 0.00025587 -0.00264277 0.00888592 -5.07971e-05 0.00025587 -5.07971e-05 0.00247934)
(0.00186702 0.000772573 -0.000704412 0.000772573 0.00310766 -0.000576361 -0.000704412 -0.000576361 0.00336183)
(0.00298674 -0.000822814 7.25966e-06 -0.000822814 0.00731123 -0.0021682 7.25966e-06 -0.0021682 0.003962)
(0.0090683 0.00251605 0.00346048 0.00251605 0.00617584 -4.46448e-05 0.00346048 -4.46448e-05 0.0061317)
(0.0105122 0.000232989 0.00176644 0.000232989 0.00615281 0.00152816 0.00176644 0.00152816 0.00699848)
(0.00695568 0.000467326 0.00105364 0.000467326 0.00620451 -0.000264192 0.00105364 -0.000264192 0.00347612)
(0.00407353 -0.00066844 -0.000845204 -0.00066844 0.00473937 -0.0014449 -0.000845204 -0.0014449 0.00415943)
(0.0127262 -0.000683335 -0.000528625 -0.000683335 0.00546116 0.00258408 -0.000528625 0.00258408 0.010255)
(0.0162408 -0.000911188 -0.00324439 -0.000911188 0.00568288 0.0042266 -0.00324439 0.0042266 0.010294)
(0.0103421 0.00171845 0.000170216 0.00171845 0.00530704 0.00306769 0.000170216 0.00306769 0.0109312)
(0.00250945 -0.00168224 -0.000287345 -0.00168224 0.00585153 0.00120593 -0.000287345 0.00120593 0.00262521)
(0.00412279 -0.000281597 0.000793915 -0.000281597 0.00425036 0.0013155 0.000793915 0.0013155 0.00367124)
(0.0116537 0.00165626 0.00170003 0.00165626 0.00606245 0.00222521 0.00170003 0.00222521 0.0062899)
(0.0094998 0.00200946 0.00397369 0.00200946 0.00663963 4.12418e-05 0.00397369 4.12418e-05 0.0062545)
(0.00736603 0.0019461 0.00273462 0.0019461 0.00659742 -0.000388039 0.00273462 -0.000388039 0.00503448)
(0.00191603 0.000137834 -0.000125967 0.000137834 0.00111111 0.000525516 -0.000125967 0.000525516 0.00251288)
(0.00960323 -0.000307595 0.00324645 -0.000307595 0.00726809 -6.88769e-05 0.00324645 -6.88769e-05 0.00693704)
(0.00403217 -0.000144162 -0.000623021 -0.000144162 0.00594618 8.62554e-05 -0.000623021 8.62554e-05 0.00211158)
(0.00812405 -0.0014066 -9.4465e-05 -0.0014066 0.0068211 -0.00269212 -9.4465e-05 -0.00269212 0.00403569)
(0.00137366 -0.000599305 0.00119357 -0.000599305 0.00163682 -0.00148469 0.00119357 -0.00148469 0.00446231)
(0.00327378 -0.00297791 -0.00223756 -0.00297791 0.00352151 0.00199957 -0.00223756 0.00199957 0.00463708)
(0.00737581 0.00150891 0.0019534 0.00150891 0.00657866 -0.000820191 0.0019534 -0.000820191 0.00549851)
(0.0074135 0.000203 -0.000130419 0.000203 0.00659766 -0.00172033 -0.000130419 -0.00172033 0.00352886)
(0.0106584 -0.00421752 0.000866899 -0.00421752 0.00830886 -0.0032386 0.000866899 -0.0032386 0.00492819)
(0.00807141 -0.00260623 0.000407808 -0.00260623 0.00670829 -0.00248821 0.000407808 -0.00248821 0.00753031)
(0.00365325 -0.000541143 -6.0861e-05 -0.000541143 0.00398454 -0.00272929 -6.0861e-05 -0.00272929 0.00579719)
(0.0101172 0.00212305 0.00235737 0.00212305 0.00701124 -0.000561106 0.00235737 -0.000561106 0.00599169)
(0.00859031 0.00306891 0.00304841 0.00306891 0.0059359 -0.000167815 0.00304841 -0.000167815 0.0052569)
(0.00942029 -0.000138847 0.000536613 -0.000138847 0.00704307 -0.00257835 0.000536613 -0.00257835 0.00477375)
(0.0147987 -0.00597201 0.000114751 -0.00597201 0.00912184 -0.00357443 0.000114751 -0.00357443 0.00537428)
(0.0135663 -0.00511551 7.00057e-05 -0.00511551 0.00815605 -0.00347312 7.00057e-05 -0.00347312 0.00473427)
