/*--------------------------------*- C++ -*----------------------------------*\
  =========                 |
  \\      /  F ield         | OpenFOAM: The Open Source CFD Toolbox
   \\    /   O peration     | Website:  https://openfoam.org
    \\  /    A nd           | Version:  10
     \\/     M anipulation  |
\*---------------------------------------------------------------------------*/
FoamFile
{
    format      ascii;
    class       volTensorField;
    location    "32.5";
    object      TauNN;
}
// * * * * * * * * * * * * * * * * * * * * * * * * * * * * * * * * * * * * * //

dimensions      [0 2 -2 0 0 0 0];

internalField   nonuniform List<tensor> 
25600
(
(0.00147323 -0.0129784 -0.0151357 -0.0129784 0.000159783 -0.00815146 -0.0151357 -0.00815146 0.000114797)
(0.00149131 -0.0129762 -0.0151322 -0.0129762 0.000157653 -0.00814973 -0.0151322 -0.00814973 0.000117156)
(0.001498 -0.0129798 -0.0151328 -0.0129798 0.000158944 -0.00815207 -0.0151328 -0.00815207 0.000115601)
(0.0014715 -0.0129788 -0.0151388 -0.0129788 0.000160413 -0.00815165 -0.0151388 -0.00815165 0.000115541)
(0.00148238 -0.012978 -0.0151349 -0.012978 0.000159142 -0.00815104 -0.0151349 -0.00815104 0.000115774)
(0.00148922 -0.0129783 -0.0151339 -0.0129783 0.000158863 -0.00815114 -0.0151339 -0.00815114 0.000115919)
(0.00147598 -0.0129773 -0.0151362 -0.0129773 0.000159323 -0.00815065 -0.0151362 -0.00815065 0.000116054)
(0.00150365 -0.0129788 -0.0151312 -0.0129788 0.000158211 -0.00815148 -0.0151312 -0.00815148 0.000115969)
(0.00147151 -0.0129757 -0.015141 -0.0129757 0.000159715 -0.00814953 -0.015141 -0.00814953 0.000117341)
(0.00139634 -0.0129753 -0.0151552 -0.0129753 0.000164395 -0.00815031 -0.0151552 -0.00815031 0.000115872)
(0.00149904 -0.0129796 -0.0151321 -0.0129796 0.000158834 -0.00815207 -0.0151321 -0.00815207 0.000115276)
(0.00148144 -0.0129751 -0.0151371 -0.0129751 0.000158657 -0.00814923 -0.0151371 -0.00814923 0.000117176)
(0.00147823 -0.0129769 -0.0151351 -0.0129769 0.000159041 -0.00815047 -0.0151351 -0.00815047 0.000115641)
(0.00147388 -0.0129793 -0.0151375 -0.0129793 0.000160231 -0.00815189 -0.0151375 -0.00815189 0.000115296)
(0.00146273 -0.0129797 -0.0151368 -0.0129797 0.00016065 -0.00815235 -0.0151368 -0.00815235 0.000113734)
(0.00148566 -0.0129812 -0.015134 -0.0129812 0.000159943 -0.00815309 -0.015134 -0.00815309 0.000114271)
(0.00148642 -0.0129801 -0.0151348 -0.0129801 0.000159827 -0.00815241 -0.0151348 -0.00815241 0.000114556)
(0.00147785 -0.0129736 -0.0151349 -0.0129736 0.000157765 -0.00814829 -0.0151349 -0.00814829 0.000117339)
(0.00148981 -0.0129795 -0.0151333 -0.0129795 0.000159174 -0.00815197 -0.0151333 -0.00815197 0.000115166)
(0.00147277 -0.0129811 -0.0151381 -0.0129811 0.000160932 -0.00815311 -0.0151381 -0.00815311 0.000114652)
(0.00147027 -0.0129793 -0.0151387 -0.0129793 0.000160693 -0.00815207 -0.0151387 -0.00815207 0.000114887)
(0.00145948 -0.0129787 -0.0151399 -0.0129787 0.000160975 -0.00815176 -0.0151399 -0.00815176 0.000114752)
(0.00144609 -0.0129787 -0.0151436 -0.0129787 0.000161839 -0.00815178 -0.0151436 -0.00815178 0.000115362)
(0.00147159 -0.0129788 -0.0151384 -0.0129788 0.000160413 -0.0081517 -0.0151384 -0.0081517 0.000115281)
(0.00148663 -0.0129769 -0.0151342 -0.0129769 0.000158619 -0.00815032 -0.0151342 -0.00815032 0.000116042)
(0.00149244 -0.0129759 -0.015133 -0.0129759 0.000157591 -0.00814944 -0.015133 -0.00814944 0.00011772)
(0.00148247 -0.0129807 -0.0151359 -0.0129807 0.000160121 -0.00815269 -0.0151359 -0.00815269 0.000115162)
(0.00149944 -0.012978 -0.0151326 -0.012978 0.000158317 -0.00815095 -0.0151326 -0.00815095 0.000116301)
(0.00149358 -0.0129752 -0.0151335 -0.0129752 0.000157576 -0.00814908 -0.0151335 -0.00814908 0.000117537)
(0.00147024 -0.0129789 -0.0151379 -0.0129789 0.000160389 -0.00815176 -0.0151379 -0.00815176 0.000114926)
(0.00148016 -0.0129782 -0.0151349 -0.0129782 0.000159325 -0.00815119 -0.0151349 -0.00815119 0.000115278)
(0.00149041 -0.0129764 -0.0151331 -0.0129764 0.000157959 -0.00814988 -0.0151331 -0.00814988 0.00011694)
(0.00148713 -0.0129763 -0.0151343 -0.0129763 0.000158242 -0.00814984 -0.0151343 -0.00814984 0.000117012)
(0.00148738 -0.0129779 -0.0151351 -0.0129779 0.000158918 -0.00815086 -0.0151351 -0.00815086 0.00011662)
(0.00149478 -0.0129759 -0.0151322 -0.0129759 0.000157514 -0.00814956 -0.0151322 -0.00814956 0.0001173)
(0.00148647 -0.0129757 -0.0151339 -0.0129757 0.000158089 -0.00814953 -0.0151339 -0.00814953 0.00011671)
(0.00145168 -0.0129775 -0.015142 -0.0129775 0.000161051 -0.00815095 -0.015142 -0.00815095 0.000115735)
(0.00146526 -0.0129799 -0.0151384 -0.0129799 0.000160809 -0.0081524 -0.0151384 -0.0081524 0.000114807)
(0.00148492 -0.0129752 -0.0151354 -0.0129752 0.000158103 -0.00814914 -0.0151354 -0.00814914 0.00011757)
(0.00146842 -0.0129761 -0.0151402 -0.0129761 0.000159781 -0.00814988 -0.0151402 -0.00814988 0.000117093)
(7.52227e-05 -0.012799 -0.0154193 -0.012799 2.60401e-05 -0.00812202 -0.0154193 -0.00812202 8.02076e-05)
(8.08985e-05 -0.0128021 -0.0154207 -0.0128021 3.06616e-05 -0.00813399 -0.0154207 -0.00813399 5.65745e-05)
(-0.000120255 -0.0128382 -0.0154397 -0.0128382 0.000108968 -0.00811373 -0.0154397 -0.00811373 8.19403e-05)
(8.36284e-05 -0.0128052 -0.015425 -0.0128052 4.8799e-05 -0.00813787 -0.015425 -0.00813787 4.50272e-05)
(4.68547e-05 -0.0127955 -0.0154269 -0.0127955 2.51454e-05 -0.00812115 -0.0154269 -0.00812115 5.85946e-05)
(-4.94305e-06 -0.012803 -0.0154418 -0.012803 4.45973e-05 -0.00811377 -0.0154418 -0.00811377 7.02986e-05)
(8.2964e-05 -0.0128049 -0.0154206 -0.0128049 2.87874e-05 -0.00812897 -0.0154206 -0.00812897 6.0133e-05)
(-7.2165e-05 -0.0128196 -0.0154572 -0.0128196 7.71555e-05 -0.00811329 -0.0154572 -0.00811329 6.97875e-05)
(0.000368119 -0.012841 -0.0154346 -0.012841 0.000119931 -0.00814283 -0.0154346 -0.00814283 2.594e-05)
(9.51373e-05 -0.0128304 -0.0154206 -0.0128304 8.41058e-05 -0.00814714 -0.0154206 -0.00814714 3.56076e-05)
(-6.93244e-05 -0.0128158 -0.0154554 -0.0128158 8.55051e-05 -0.00811387 -0.0154554 -0.00811387 6.77188e-05)
(0.000186405 -0.0128269 -0.0154251 -0.0128269 0.000118457 -0.00814655 -0.0154251 -0.00814655 3.40619e-05)
(7.84601e-05 -0.0128023 -0.0154195 -0.0128023 3.98131e-05 -0.00814207 -0.0154195 -0.00814207 6.17055e-05)
(4.06858e-05 -0.0128003 -0.0154352 -0.0128003 3.33341e-05 -0.00811415 -0.0154352 -0.00811415 7.30765e-05)
(-0.000126105 -0.012823 -0.0154619 -0.012823 9.71979e-05 -0.00809813 -0.0154619 -0.00809813 8.65993e-05)
(-0.000125151 -0.0128302 -0.0154544 -0.0128302 0.000100661 -0.00810357 -0.0154544 -0.00810357 8.5134e-05)
(-0.000133029 -0.0128294 -0.0154588 -0.0128294 9.43216e-05 -0.00810535 -0.0154588 -0.00810535 8.16582e-05)
(0.000122121 -0.0128166 -0.0154169 -0.0128166 9.15462e-05 -0.00815291 -0.0154169 -0.00815291 5.77423e-05)
(-0.000124517 -0.0128225 -0.0154551 -0.0128225 9.81998e-05 -0.00810597 -0.0154551 -0.00810597 8.17681e-05)
(4.43278e-05 -0.0127972 -0.0154319 -0.0127972 2.16261e-05 -0.00812319 -0.0154319 -0.00812319 4.83708e-05)
(5.82214e-05 -0.0128001 -0.0154295 -0.0128001 2.49054e-05 -0.00812602 -0.0154295 -0.00812602 4.87946e-05)
(9.87665e-05 -0.0128077 -0.0154202 -0.0128077 5.44365e-05 -0.00814201 -0.0154202 -0.00814201 6.61614e-05)
(0.000399961 -0.0128552 -0.0154342 -0.0128552 0.000124469 -0.0081447 -0.0154342 -0.0081447 2.84109e-05)
(7.75852e-05 -0.0128041 -0.0154221 -0.0128041 3.07205e-05 -0.00813073 -0.0154221 -0.00813073 6.08241e-05)
(6.2755e-05 -0.0127978 -0.0154247 -0.0127978 2.60746e-05 -0.00812169 -0.0154247 -0.00812169 8.43222e-05)
(0.000109363 -0.0128152 -0.0154205 -0.0128152 6.77357e-05 -0.00814277 -0.0154205 -0.00814277 5.10958e-05)
(4.58043e-05 -0.0128065 -0.0154443 -0.0128065 4.66918e-05 -0.00811234 -0.0154443 -0.00811234 6.87238e-05)
(-9.50188e-05 -0.0128159 -0.0154554 -0.0128159 7.8847e-05 -0.00811511 -0.0154554 -0.00811511 6.9561e-05)
(4.51648e-05 -0.0127907 -0.0154273 -0.0127907 2.33795e-05 -0.00813205 -0.0154273 -0.00813205 4.83292e-05)
(-9.54363e-07 -0.0128055 -0.0154464 -0.0128055 5.30462e-05 -0.00810906 -0.0154464 -0.00810906 7.53395e-05)
(6.59247e-05 -0.0127998 -0.0154252 -0.0127998 2.57578e-05 -0.00812058 -0.0154252 -0.00812058 7.25211e-05)
(2.09967e-05 -0.0128057 -0.0154439 -0.0128057 4.43831e-05 -0.00811347 -0.0154439 -0.00811347 6.77094e-05)
(2.22569e-05 -0.0128025 -0.0154408 -0.0128025 3.90964e-05 -0.00811504 -0.0154408 -0.00811504 6.49301e-05)
(8.7088e-05 -0.0128096 -0.015426 -0.0128096 5.7295e-05 -0.00814015 -0.015426 -0.00814015 3.77403e-05)
(5.4418e-05 -0.0127934 -0.0154266 -0.0127934 2.38542e-05 -0.00813132 -0.0154266 -0.00813132 4.8701e-05)
(7.51742e-05 -0.0127974 -0.0154235 -0.0127974 3.15502e-05 -0.00813447 -0.0154235 -0.00813447 7.05336e-05)
(0.000221805 -0.0128409 -0.015423 -0.0128409 0.000129108 -0.00814849 -0.015423 -0.00814849 3.5424e-05)
(6.82053e-05 -0.0128024 -0.0154247 -0.0128024 2.46264e-05 -0.0081262 -0.0154247 -0.0081262 4.94248e-05)
(0.000132015 -0.0128179 -0.0154231 -0.0128179 0.00010141 -0.00814758 -0.0154231 -0.00814758 3.74171e-05)
(0.000273087 -0.0128451 -0.0154331 -0.0128451 0.000124728 -0.0081453 -0.0154331 -0.0081453 2.87027e-05)
(2.54973e-05 -0.0128025 -0.0154375 -0.0128025 5.15889e-05 -0.00810427 -0.0154375 -0.00810427 9.61895e-05)
(7.14228e-05 -0.0127969 -0.0154196 -0.0127969 2.5114e-05 -0.00812174 -0.0154196 -0.00812174 7.50118e-05)
(-0.000137996 -0.0128327 -0.015448 -0.0128327 0.000106349 -0.00811388 -0.015448 -0.00811388 7.78128e-05)
(2.04387e-05 -0.0127946 -0.0154337 -0.0127946 2.4757e-05 -0.00811935 -0.0154337 -0.00811935 6.17828e-05)
(8.36524e-05 -0.0128107 -0.015424 -0.0128107 5.67266e-05 -0.00814507 -0.015424 -0.00814507 4.01688e-05)
(-3.44777e-05 -0.0128031 -0.0154412 -0.0128031 5.08467e-05 -0.00811131 -0.0154412 -0.00811131 7.72814e-05)
(9.25614e-06 -0.0128053 -0.015443 -0.0128053 5.51964e-05 -0.00810599 -0.015443 -0.00810599 8.13594e-05)
(7.11084e-05 -0.0127963 -0.0154291 -0.0127963 3.64794e-05 -0.00813486 -0.0154291 -0.00813486 3.76117e-05)
(0.000103591 -0.0127981 -0.0154229 -0.0127981 6.74757e-05 -0.00814739 -0.0154229 -0.00814739 5.92618e-05)
(0.000711811 -0.0128795 -0.0152373 -0.0128795 0.000113544 -0.00814288 -0.0152373 -0.00814288 0.000119242)
(5.57721e-05 -0.0128003 -0.0154299 -0.0128003 2.57335e-05 -0.00813081 -0.0154299 -0.00813081 2.92929e-05)
(6.02716e-05 -0.0127938 -0.0154305 -0.0127938 2.9909e-05 -0.00813218 -0.0154305 -0.00813218 4.04877e-05)
(0.000156972 -0.0128371 -0.0154157 -0.0128371 0.000127227 -0.00815096 -0.0154157 -0.00815096 4.39748e-05)
(-8.86e-05 -0.012817 -0.0154562 -0.012817 8.95032e-05 -0.00810565 -0.0154562 -0.00810565 8.2868e-05)
(-0.00012843 -0.0128244 -0.015453 -0.0128244 0.000107183 -0.00810096 -0.015453 -0.00810096 8.42249e-05)
(7.90514e-07 -0.0128042 -0.0154419 -0.0128042 5.13472e-05 -0.00810521 -0.0154419 -0.00810521 8.8535e-05)
(-0.000171854 -0.0128329 -0.015452 -0.0128329 0.00010179 -0.00810648 -0.015452 -0.00810648 8.30978e-05)
(0.000117927 -0.0128125 -0.0154132 -0.0128125 8.6252e-05 -0.00815488 -0.0154132 -0.00815488 7.60133e-05)
(-2.92733e-05 -0.0128022 -0.0154392 -0.0128022 5.75238e-05 -0.00810779 -0.0154392 -0.00810779 8.48296e-05)
(3.85256e-05 -0.0127908 -0.0154269 -0.0127908 2.00453e-05 -0.00812867 -0.0154269 -0.00812867 4.90576e-05)
(4.05477e-05 -0.0127965 -0.0154323 -0.0127965 2.25532e-05 -0.00812138 -0.0154323 -0.00812138 5.4764e-05)
(2.62113e-05 -0.0127966 -0.0154327 -0.0127966 2.75094e-05 -0.00811535 -0.0154327 -0.00811535 8.59646e-05)
(0.000272185 -0.012844 -0.015424 -0.012844 0.00013218 -0.00814605 -0.015424 -0.00814605 3.28723e-05)
(4.28311e-05 -0.0127964 -0.0154298 -0.0127964 3.89059e-05 -0.00811173 -0.0154298 -0.00811173 8.1194e-05)
(-5.20809e-05 -0.0128128 -0.0154571 -0.0128128 6.97237e-05 -0.0080994 -0.0154571 -0.0080994 9.4798e-05)
(8.54695e-05 -0.0128035 -0.0154204 -0.0128035 3.17614e-05 -0.00813211 -0.0154204 -0.00813211 6.79806e-05)
(4.61049e-05 -0.0128019 -0.0154388 -0.0128019 4.13899e-05 -0.0081141 -0.0154388 -0.0081141 6.80441e-05)
(-4.99656e-06 -0.0128 -0.0154444 -0.0128 3.82841e-05 -0.0081222 -0.0154444 -0.0081222 5.4359e-05)
(5.83755e-05 -0.0127957 -0.0154282 -0.0127957 3.20512e-05 -0.00813474 -0.0154282 -0.00813474 4.34863e-05)
(-9.28154e-05 -0.0128142 -0.0154556 -0.0128142 8.1583e-05 -0.00810583 -0.0154556 -0.00810583 8.02708e-05)
(7.63148e-05 -0.0127985 -0.0154184 -0.0127985 2.95223e-05 -0.00813385 -0.0154184 -0.00813385 7.93607e-05)
(-8.59561e-05 -0.0128228 -0.0154583 -0.0128228 8.88954e-05 -0.00810863 -0.0154583 -0.00810863 7.72674e-05)
(-0.000146683 -0.0128318 -0.0154531 -0.0128318 0.00010142 -0.00811075 -0.0154531 -0.00811075 7.72037e-05)
(0.000147096 -0.0128245 -0.0154286 -0.0128245 0.000114202 -0.00814621 -0.0154286 -0.00814621 3.1317e-05)
(8.49801e-05 -0.0128075 -0.0154256 -0.0128075 5.81311e-05 -0.00814195 -0.0154256 -0.00814195 4.15667e-05)
(2.4267e-05 -0.0128012 -0.0154372 -0.0128012 3.45476e-05 -0.0081107 -0.0154372 -0.0081107 9.24996e-05)
(-1.58955e-05 -0.0128052 -0.0154439 -0.0128052 5.66825e-05 -0.00810561 -0.0154439 -0.00810561 8.18627e-05)
(1.75535e-05 -0.0128014 -0.0154379 -0.0128014 4.55819e-05 -0.00811103 -0.0154379 -0.00811103 7.13e-05)
(6.5434e-05 -0.0127946 -0.0154259 -0.0127946 3.21443e-05 -0.00813689 -0.0154259 -0.00813689 5.33324e-05)
(8.34657e-05 -0.0128088 -0.0154254 -0.0128088 5.43983e-05 -0.00814127 -0.0154254 -0.00814127 4.07004e-05)
(-6.78896e-05 -0.0128136 -0.0154588 -0.0128136 8.30481e-05 -0.00809791 -0.0154588 -0.00809791 9.1514e-05)
(-2.95893e-05 -0.0128113 -0.015454 -0.0128113 7.60047e-05 -0.00810099 -0.015454 -0.00810099 9.02588e-05)
(-0.000109216 -0.0128219 -0.0154561 -0.0128219 8.8627e-05 -0.00811346 -0.0154561 -0.00811346 7.27392e-05)
(-0.000179603 -0.0128302 -0.0154537 -0.0128302 9.94381e-05 -0.00811153 -0.0154537 -0.00811153 7.57549e-05)
(0.000195131 -0.0128399 -0.0154253 -0.0128399 0.000128664 -0.00814861 -0.0154253 -0.00814861 3.19937e-05)
(6.27e-05 -0.0127924 -0.0154147 -0.0127924 2.65158e-05 -0.00813097 -0.0154147 -0.00813097 8.31899e-05)
(-0.000116314 -0.0128372 -0.0154327 -0.0128372 0.000109389 -0.00810683 -0.0154327 -0.00810683 8.73523e-05)
(9.5773e-05 -0.0127999 -0.0154278 -0.0127999 6.78945e-05 -0.00814098 -0.0154278 -0.00814098 3.37744e-05)
(-3.4178e-05 -0.0128087 -0.0154488 -0.0128087 6.68603e-05 -0.00810591 -0.0154488 -0.00810591 8.75896e-05)
(0.000766376 -0.0128794 -0.0152286 -0.0128794 0.000110261 -0.00814505 -0.0152286 -0.00814505 0.000123814)
(5.15104e-05 -0.012791 -0.0154319 -0.012791 2.6008e-05 -0.00813036 -0.0154319 -0.00813036 2.99186e-05)
(-3.0002e-05 -0.0128134 -0.0154555 -0.0128134 5.27395e-05 -0.00812322 -0.0154555 -0.00812322 5.38534e-05)
(0.000125423 -0.012829 -0.0154152 -0.012829 0.000108378 -0.00815227 -0.0154152 -0.00815227 5.10966e-05)
(2.97663e-05 -0.0127993 -0.0154355 -0.0127993 5.41201e-05 -0.00810902 -0.0154355 -0.00810902 8.61285e-05)
(-0.000138867 -0.0128272 -0.015447 -0.0128272 0.000109046 -0.00810548 -0.015447 -0.00810548 8.47848e-05)
(7.31076e-05 -0.0127969 -0.0154174 -0.0127969 2.77316e-05 -0.0081311 -0.0154174 -0.0081311 8.88233e-05)
(-6.64189e-05 -0.0128143 -0.015454 -0.0128143 6.0023e-05 -0.00811023 -0.015454 -0.00811023 7.24756e-05)
(0.000149672 -0.0128139 -0.0154057 -0.0128139 0.000107449 -0.00815165 -0.0154057 -0.00815165 7.70606e-05)
(8.8749e-05 -0.012803 -0.0154144 -0.012803 3.79213e-05 -0.00814105 -0.0154144 -0.00814105 7.62993e-05)
(-1.59209e-05 -0.0127962 -0.0154351 -0.0127962 3.55971e-05 -0.00811385 -0.0154351 -0.00811385 7.14484e-05)
(4.45951e-05 -0.0127937 -0.015427 -0.0127937 2.03526e-05 -0.00812637 -0.015427 -0.00812637 5.16423e-05)
(-7.23509e-05 -0.0128139 -0.0154556 -0.0128139 6.26249e-05 -0.0081031 -0.0154556 -0.0081031 8.79462e-05)
(2.61364e-05 -0.0127944 -0.015422 -0.0127944 3.51018e-05 -0.00811252 -0.015422 -0.00811252 0.000100964)
(-4.61082e-05 -0.0128084 -0.0154506 -0.0128084 8.63998e-05 -0.00810615 -0.0154506 -0.00810615 8.35143e-05)
(-0.000166359 -0.0128247 -0.015466 -0.0128247 0.000100109 -0.00809636 -0.015466 -0.00809636 8.57555e-05)
(-5.67869e-05 -0.0128134 -0.0154542 -0.0128134 7.33213e-05 -0.00810224 -0.0154542 -0.00810224 8.73033e-05)
(1.37056e-05 -0.0128002 -0.0154392 -0.0128002 4.78503e-05 -0.00811396 -0.0154392 -0.00811396 7.04582e-05)
(3.37378e-05 -0.012791 -0.0154351 -0.012791 1.93517e-05 -0.00812833 -0.0154351 -0.00812833 3.95664e-05)
(6.6431e-05 -0.0127999 -0.0154287 -0.0127999 4.0914e-05 -0.00813585 -0.0154287 -0.00813585 4.0018e-05)
(5.09198e-05 -0.0127922 -0.0154203 -0.0127922 2.2336e-05 -0.00812589 -0.0154203 -0.00812589 7.15244e-05)
(0.00010052 -0.0128087 -0.0154169 -0.0128087 6.20727e-05 -0.00815074 -0.0154169 -0.00815074 7.53794e-05)
(-9.62057e-05 -0.0128279 -0.0154524 -0.0128279 0.000101791 -0.00811154 -0.0154524 -0.00811154 7.95094e-05)
(-9.6562e-05 -0.0128249 -0.0154574 -0.0128249 8.12473e-05 -0.00811163 -0.0154574 -0.00811163 6.95856e-05)
(0.000301315 -0.0128393 -0.0154395 -0.0128393 0.000124654 -0.00814359 -0.0154395 -0.00814359 2.72521e-05)
(0.000109487 -0.0128201 -0.0154218 -0.0128201 8.33729e-05 -0.00814567 -0.0154218 -0.00814567 4.48213e-05)
(5.10358e-05 -0.0127998 -0.0154284 -0.0127998 3.26168e-05 -0.00811528 -0.0154284 -0.00811528 0.000103706)
(0.000478398 -0.0128609 -0.0152922 -0.0128609 0.000100628 -0.00812959 -0.0152922 -0.00812959 0.000108587)
(-0.000165797 -0.0128279 -0.015456 -0.0128279 0.000101657 -0.008103 -0.015456 -0.008103 8.24906e-05)
(-0.000178032 -0.0128266 -0.0154576 -0.0128266 9.77298e-05 -0.0081036 -0.0154576 -0.0081036 8.29947e-05)
(-8.05334e-05 -0.0128282 -0.0154455 -0.0128282 0.000106888 -0.00811353 -0.0154455 -0.00811353 8.01882e-05)
(-4.56656e-05 -0.0128076 -0.0154503 -0.0128076 6.89177e-05 -0.00810112 -0.0154503 -0.00810112 9.19811e-05)
(-0.00010052 -0.0128212 -0.0154611 -0.0128212 9.61493e-05 -0.00809864 -0.0154611 -0.00809864 8.68787e-05)
(6.04147e-06 -0.0128006 -0.0154399 -0.0128006 4.03947e-05 -0.00811425 -0.0154399 -0.00811425 6.99111e-05)
(-0.000198484 -0.012838 -0.0154466 -0.012838 0.000108138 -0.00811398 -0.0154466 -0.00811398 7.60805e-05)
(8.90304e-05 -0.012806 -0.0154225 -0.012806 6.01027e-05 -0.0081476 -0.0154225 -0.0081476 5.57909e-05)
(0.000140912 -0.0128324 -0.0153999 -0.0128324 0.00011837 -0.00815024 -0.0153999 -0.00815024 7.57781e-05)
(2.23911e-05 -0.0128442 -0.0153997 -0.0128442 0.000113141 -0.0081146 -0.0153997 -0.0081146 9.15026e-05)
(0.000149968 -0.0128131 -0.0154264 -0.0128131 0.000108832 -0.00814641 -0.0154264 -0.00814641 3.2898e-05)
(4.26765e-05 -0.0128255 -0.0154355 -0.0128255 0.00010486 -0.0081097 -0.0154355 -0.0081097 8.57362e-05)
(6.63823e-05 -0.0127961 -0.015428 -0.0127961 2.3469e-05 -0.00812776 -0.015428 -0.00812776 5.32854e-05)
(4.72765e-05 -0.0127875 -0.0154328 -0.0127875 2.0255e-05 -0.00812908 -0.0154328 -0.00812908 3.91761e-05)
(4.48124e-06 -0.0127981 -0.015445 -0.0127981 2.83196e-05 -0.00812565 -0.015445 -0.00812565 4.54281e-05)
(-8.08352e-05 -0.0128143 -0.0154536 -0.0128143 8.54741e-05 -0.0081107 -0.0154536 -0.0081107 7.90484e-05)
(9.56765e-05 -0.0127957 -0.0154083 -0.0127957 2.63835e-05 -0.00812552 -0.0154083 -0.00812552 8.3064e-05)
(8.75284e-07 -0.0128027 -0.0154403 -0.0128027 4.81366e-05 -0.00811272 -0.0154403 -0.00811272 7.27796e-05)
(0.000108447 -0.012811 -0.015417 -0.012811 8.01719e-05 -0.00815338 -0.015417 -0.00815338 6.96793e-05)
(7.97492e-05 -0.0127896 -0.015429 -0.0127896 5.42616e-05 -0.00814526 -0.015429 -0.00814526 4.55346e-05)
(0.000115267 -0.0128046 -0.0154145 -0.0128046 7.71239e-05 -0.00815469 -0.0154145 -0.00815469 8.4666e-05)
(0.00011462 -0.0128266 -0.0154122 -0.0128266 9.03358e-05 -0.00815294 -0.0154122 -0.00815294 6.46608e-05)
(-0.000135241 -0.0128139 -0.0154558 -0.0128139 7.9886e-05 -0.00810188 -0.0154558 -0.00810188 8.55117e-05)
(-2.89001e-05 -0.0128013 -0.0154428 -0.0128013 4.92586e-05 -0.0081128 -0.0154428 -0.0081128 6.89639e-05)
(-0.000103263 -0.0128167 -0.0154584 -0.0128167 7.58154e-05 -0.00810165 -0.0154584 -0.00810165 8.85904e-05)
(-0.000114754 -0.0128283 -0.015453 -0.0128283 0.000108266 -0.00809898 -0.015453 -0.00809898 8.18132e-05)
(-4.92546e-05 -0.0128093 -0.0154508 -0.0128093 9.0014e-05 -0.0081085 -0.0154508 -0.0081085 7.97871e-05)
(4.51851e-05 -0.0128322 -0.0154267 -0.0128322 0.000103904 -0.00810376 -0.0154267 -0.00810376 8.32316e-05)
(-0.00015113 -0.0128314 -0.0154448 -0.0128314 0.000107871 -0.00810567 -0.0154448 -0.00810567 8.5783e-05)
(-7.2786e-05 -0.0128092 -0.0154495 -0.0128092 7.18869e-05 -0.0081128 -0.0154495 -0.0081128 7.20662e-05)
(5.73192e-05 -0.0127923 -0.0154303 -0.0127923 2.98271e-05 -0.00813383 -0.0154303 -0.00813383 3.73732e-05)
(4.57013e-05 -0.0127927 -0.0154318 -0.0127927 2.2863e-05 -0.00813027 -0.0154318 -0.00813027 4.09127e-05)
(0.00010232 -0.0128122 -0.0154171 -0.0128122 8.2574e-05 -0.00815272 -0.0154171 -0.00815272 6.43775e-05)
(6.98257e-05 -0.0127962 -0.0154185 -0.0127962 2.72849e-05 -0.0081332 -0.0154185 -0.0081332 6.08878e-05)
(-7.61801e-05 -0.0128234 -0.0154533 -0.0128234 0.000100099 -0.00811893 -0.0154533 -0.00811893 7.30798e-05)
(3.22479e-05 -0.0127925 -0.0154365 -0.0127925 1.91175e-05 -0.00812333 -0.0154365 -0.00812333 4.58759e-05)
(0.000184979 -0.0128229 -0.0154301 -0.0128229 0.000120272 -0.00814605 -0.0154301 -0.00814605 2.9647e-05)
(0.000127795 -0.0128325 -0.0154185 -0.0128325 0.000108217 -0.00814979 -0.0154185 -0.00814979 4.51865e-05)
(0.000105851 -0.0128029 -0.0154095 -0.0128029 3.24837e-05 -0.00813365 -0.0154095 -0.00813365 0.000103059)
(0.000432388 -0.0128561 -0.0153127 -0.0128561 0.000100883 -0.00812752 -0.0153127 -0.00812752 0.000106857)
(-0.000163886 -0.0128347 -0.0154435 -0.0128347 0.000106869 -0.00810606 -0.0154435 -0.00810606 8.56347e-05)
(6.88791e-05 -0.0128454 -0.0153826 -0.0128454 0.000109948 -0.00811415 -0.0153826 -0.00811415 9.64868e-05)
(0.00031796 -0.0128506 -0.0153473 -0.0128506 0.000109503 -0.00812336 -0.0153473 -0.00812336 0.000100002)
(1.0521e-05 -0.012796 -0.0154312 -0.012796 3.73155e-05 -0.00811067 -0.0154312 -0.00811067 8.77264e-05)
(-7.90557e-05 -0.0128143 -0.0154579 -0.0128143 8.51013e-05 -0.00810046 -0.0154579 -0.00810046 8.84676e-05)
(3.58777e-05 -0.0127954 -0.0154279 -0.0127954 2.70901e-05 -0.00811656 -0.0154279 -0.00811656 8.07839e-05)
(-6.01931e-05 -0.0128123 -0.0154512 -0.0128123 5.23848e-05 -0.00811315 -0.0154512 -0.00811315 6.79309e-05)
(-0.000162438 -0.0128266 -0.0154552 -0.0128266 9.66627e-05 -0.00810984 -0.0154552 -0.00810984 7.8454e-05)
(0.000139022 -0.0128301 -0.0153947 -0.0128301 0.000105997 -0.00815043 -0.0153947 -0.00815043 9.67458e-05)
(-7.92365e-05 -0.0128073 -0.0154452 -0.0128073 6.79592e-05 -0.0081078 -0.0154452 -0.0081078 8.1316e-05)
(0.000225093 -0.0128277 -0.0154267 -0.0128277 0.00012634 -0.00814773 -0.0154267 -0.00814773 3.15453e-05)
(-4.11232e-05 -0.0128129 -0.015452 -0.0128129 9.1119e-05 -0.00810976 -0.015452 -0.00810976 8.13427e-05)
(0.00026508 -0.0128444 -0.0154312 -0.0128444 0.000122979 -0.00814439 -0.0154312 -0.00814439 2.95462e-05)
(4.61437e-05 -0.0127896 -0.0154295 -0.0127896 2.09701e-05 -0.00812937 -0.0154295 -0.00812937 5.31811e-05)
(2.98029e-05 -0.0127907 -0.0154345 -0.0127907 2.03868e-05 -0.00812736 -0.0154345 -0.00812736 4.53468e-05)
(-2.82014e-05 -0.0128305 -0.0154388 -0.0128305 0.000108781 -0.00811593 -0.0154388 -0.00811593 8.30606e-05)
(-9.00001e-06 -0.0127987 -0.0154354 -0.0127987 5.70691e-05 -0.00810838 -0.0154354 -0.00810838 8.81586e-05)
(6.57192e-05 -0.0127957 -0.015421 -0.0127957 2.63956e-05 -0.00813204 -0.015421 -0.00813204 6.73358e-05)
(7.82363e-05 -0.0127981 -0.0154225 -0.0127981 4.84726e-05 -0.00814742 -0.0154225 -0.00814742 6.78871e-05)
(0.000261143 -0.0128283 -0.0154315 -0.0128283 0.000126885 -0.00814479 -0.0154315 -0.00814479 2.85661e-05)
(3.96505e-05 -0.0127927 -0.0154241 -0.0127927 2.44239e-05 -0.00812078 -0.0154241 -0.00812078 7.97534e-05)
(0.00011214 -0.0128185 -0.0154119 -0.0128185 5.93874e-05 -0.00814786 -0.0154119 -0.00814786 7.29003e-05)
(4.28196e-05 -0.012792 -0.0154183 -0.012792 2.79762e-05 -0.00812058 -0.0154183 -0.00812058 0.000105679)
(-7.73696e-05 -0.012835 -0.0154285 -0.012835 0.0001163 -0.00811084 -0.0154285 -0.00811084 8.52171e-05)
(-3.04583e-05 -0.0128037 -0.0154427 -0.0128037 4.78513e-05 -0.00810812 -0.0154427 -0.00810812 8.58042e-05)
(-0.000155904 -0.0128237 -0.0154623 -0.0128237 0.00010336 -0.00809744 -0.0154623 -0.00809744 8.41969e-05)
(7.07541e-07 -0.0127999 -0.0154413 -0.0127999 6.92545e-05 -0.00810671 -0.0154413 -0.00810671 8.5755e-05)
(-9.49933e-05 -0.0128261 -0.0154563 -0.0128261 0.000106378 -0.00809859 -0.0154563 -0.00809859 8.02435e-05)
(-0.000174345 -0.012831 -0.0154496 -0.012831 0.000105928 -0.0081092 -0.0154496 -0.0081092 8.13195e-05)
(-0.000106635 -0.0128144 -0.0154523 -0.0128144 7.63895e-05 -0.00811416 -0.0154523 -0.00811416 6.9994e-05)
(8.4549e-05 -0.0127978 -0.0154268 -0.0127978 5.75661e-05 -0.00814354 -0.0154268 -0.00814354 4.44086e-05)
(2.05486e-05 -0.0127907 -0.0154349 -0.0127907 2.09139e-05 -0.00812509 -0.0154349 -0.00812509 4.9392e-05)
(9.59981e-05 -0.0128085 -0.0154172 -0.0128085 7.47738e-05 -0.00815319 -0.0154172 -0.00815319 7.06155e-05)
(4.41337e-05 -0.0127926 -0.0154295 -0.0127926 3.36311e-05 -0.00812375 -0.0154295 -0.00812375 6.15518e-05)
(2.6323e-05 -0.012793 -0.0154402 -0.012793 3.22424e-05 -0.00813189 -0.0154402 -0.00813189 4.79015e-05)
(-0.00013486 -0.0128299 -0.0154581 -0.0128299 8.32115e-05 -0.00810746 -0.0154581 -0.00810746 7.51415e-05)
(-0.000121467 -0.0128286 -0.0154545 -0.0128286 8.56044e-05 -0.00811938 -0.0154545 -0.00811938 6.12226e-05)
(8.46063e-05 -0.0128049 -0.0154176 -0.0128049 3.93629e-05 -0.0081408 -0.0154176 -0.0081408 5.98014e-05)
(0.000119009 -0.0128018 -0.0154034 -0.0128018 3.08004e-05 -0.00813108 -0.0154034 -0.00813108 9.96165e-05)
(5.09401e-05 -0.0127939 -0.0154252 -0.0127939 3.22507e-05 -0.00811814 -0.0154252 -0.00811814 6.84312e-05)
(-5.67009e-05 -0.0128101 -0.0154521 -0.0128101 6.25732e-05 -0.00810952 -0.0154521 -0.00810952 7.48963e-05)
(-0.000124055 -0.0128334 -0.0154325 -0.0128334 0.000112461 -0.00810574 -0.0154325 -0.00810574 8.81705e-05)
(-0.000113793 -0.0128321 -0.0154359 -0.0128321 0.000112789 -0.00810759 -0.0154359 -0.00810759 8.62889e-05)
(-9.43136e-06 -0.0127977 -0.0154352 -0.0127977 4.32725e-05 -0.00810921 -0.0154352 -0.00810921 8.68394e-05)
(-4.0085e-06 -0.0128028 -0.0154427 -0.0128028 5.73367e-05 -0.00810755 -0.0154427 -0.00810755 8.35527e-05)
(2.25753e-05 -0.0127961 -0.0154297 -0.0127961 3.10319e-05 -0.00811342 -0.0154297 -0.00811342 8.98809e-05)
(1.23447e-05 -0.0127917 -0.0154329 -0.0127917 2.38659e-05 -0.00811985 -0.0154329 -0.00811985 6.89617e-05)
(-0.00016398 -0.0128352 -0.015445 -0.0128352 0.000108079 -0.00811416 -0.015445 -0.00811416 7.98639e-05)
(4.79871e-05 -0.0128005 -0.0154324 -0.0128005 4.77622e-05 -0.00810638 -0.0154324 -0.00810638 9.54431e-05)
(7.8318e-05 -0.0127977 -0.0154169 -0.0127977 4.91045e-05 -0.0081512 -0.0154169 -0.0081512 9.45733e-05)
(9.3312e-05 -0.0128025 -0.0154278 -0.0128025 7.19165e-05 -0.00814684 -0.0154278 -0.00814684 3.54599e-05)
(7.59181e-05 -0.0128027 -0.0154231 -0.0128027 3.25838e-05 -0.00813512 -0.0154231 -0.00813512 5.06108e-05)
(9.91928e-05 -0.0128161 -0.0154205 -0.0128161 8.90437e-05 -0.00815047 -0.0154205 -0.00815047 5.19692e-05)
(1.36424e-05 -0.0127888 -0.0154282 -0.0127888 2.19198e-05 -0.00812232 -0.0154282 -0.00812232 6.23939e-05)
(-0.000101831 -0.0128193 -0.0154559 -0.0128193 8.30682e-05 -0.0081187 -0.0154559 -0.0081187 6.62665e-05)
(5.54022e-05 -0.0127939 -0.0154284 -0.0127939 2.63174e-05 -0.00812326 -0.0154284 -0.00812326 6.28606e-05)
(-4.58926e-05 -0.0128044 -0.0154442 -0.0128044 6.82407e-05 -0.00810655 -0.0154442 -0.00810655 8.73665e-05)
(3.89199e-05 -0.0127911 -0.0154249 -0.0127911 2.17979e-05 -0.00812383 -0.0154249 -0.00812383 7.07028e-05)
(-3.65142e-05 -0.0128055 -0.0154443 -0.0128055 4.5227e-05 -0.00811317 -0.0154443 -0.00811317 7.10206e-05)
(0.000170722 -0.0128187 -0.0154289 -0.0128187 0.000117717 -0.00814598 -0.0154289 -0.00814598 3.09156e-05)
(-7.10787e-05 -0.0128163 -0.0154562 -0.0128163 8.08841e-05 -0.00810794 -0.0154562 -0.00810794 7.94075e-05)
(3.84541e-05 -0.0127989 -0.0154312 -0.0127989 4.80779e-05 -0.00810701 -0.0154312 -0.00810701 9.22411e-05)
(0.000112314 -0.0128175 -0.015405 -0.0128175 8.2885e-05 -0.00815539 -0.015405 -0.00815539 0.000100621)
(-0.000133105 -0.0128252 -0.015448 -0.0128252 0.000111435 -0.00810663 -0.015448 -0.00810663 8.25054e-05)
(-1.33349e-05 -0.0127963 -0.0154345 -0.0127963 3.43577e-05 -0.00811323 -0.0154345 -0.00811323 8.27534e-05)
(-7.5822e-05 -0.0128089 -0.0154512 -0.0128089 7.49563e-05 -0.00810502 -0.0154512 -0.00810502 8.58542e-05)
(3.2334e-06 -0.0127996 -0.0154373 -0.0127996 6.49763e-05 -0.00810305 -0.0154373 -0.00810305 9.64429e-05)
(3.56647e-05 -0.012794 -0.0154231 -0.012794 2.99055e-05 -0.0081162 -0.0154231 -0.0081162 9.83523e-05)
(-8.8977e-05 -0.0128138 -0.0154521 -0.0128138 6.80055e-05 -0.00810834 -0.0154521 -0.00810834 7.94176e-05)
(-2.87751e-05 -0.0127996 -0.0154387 -0.0127996 3.98279e-05 -0.00811282 -0.0154387 -0.00811282 7.66083e-05)
(9.43894e-05 -0.0127976 -0.0154249 -0.0127976 6.35311e-05 -0.00814751 -0.0154249 -0.00814751 5.60181e-05)
(-2.73153e-05 -0.0128012 -0.0154449 -0.0128012 4.51725e-05 -0.0081193 -0.0154449 -0.0081193 6.1871e-05)
(8.63988e-05 -0.0128062 -0.0154193 -0.0128062 6.55925e-05 -0.00815126 -0.0154193 -0.00815126 6.79967e-05)
(3.68438e-05 -0.0127931 -0.0154305 -0.0127931 3.84279e-05 -0.00812206 -0.0154305 -0.00812206 6.587e-05)
(7.57763e-05 -0.0128101 -0.0154393 -0.0128101 6.49318e-05 -0.00813561 -0.0154393 -0.00813561 3.39877e-05)
(-0.000200246 -0.0128385 -0.0154351 -0.0128385 0.000115093 -0.00810784 -0.0154351 -0.00810784 8.73918e-05)
(-0.000106692 -0.0128558 -0.0154005 -0.0128558 0.000127618 -0.00812467 -0.0154005 -0.00812467 8.61364e-05)
(-0.000136656 -0.0128181 -0.0154526 -0.0128181 9.82169e-05 -0.00810814 -0.0154526 -0.00810814 8.11653e-05)
(7.02693e-05 -0.0127915 -0.0154099 -0.0127915 3.31839e-05 -0.00811622 -0.0154099 -0.00811622 0.000102419)
(0.000113107 -0.0128319 -0.0154192 -0.0128319 0.000115125 -0.00815367 -0.0154192 -0.00815367 4.16936e-05)
(4.55578e-05 -0.0127914 -0.0154225 -0.0127914 2.17465e-05 -0.00812539 -0.0154225 -0.00812539 6.45005e-05)
(-0.000179739 -0.012819 -0.015462 -0.012819 9.62597e-05 -0.00809917 -0.015462 -0.00809917 8.72137e-05)
(-1.98821e-06 -0.0127949 -0.0154307 -0.0127949 3.28777e-05 -0.00811353 -0.0154307 -0.00811353 8.38389e-05)
(-1.18413e-05 -0.0127976 -0.0154355 -0.0127976 4.67161e-05 -0.00810911 -0.0154355 -0.00810911 8.64685e-05)
(-5.79307e-06 -0.0128012 -0.0154399 -0.0128012 5.31609e-05 -0.00810872 -0.0154399 -0.00810872 8.25275e-05)
(6.05524e-05 -0.0127923 -0.0154204 -0.0127923 2.81222e-05 -0.00813465 -0.0154204 -0.00813465 8.53588e-05)
(5.51144e-05 -0.0127879 -0.0154264 -0.0127879 3.04202e-05 -0.0081385 -0.0154264 -0.0081385 6.09694e-05)
(1.49446e-05 -0.012792 -0.0154307 -0.012792 2.51451e-05 -0.00811977 -0.0154307 -0.00811977 6.8998e-05)
(-6.216e-05 -0.012813 -0.0154549 -0.012813 8.08426e-05 -0.00810957 -0.0154549 -0.00810957 7.93937e-05)
(6.30899e-05 -0.0127928 -0.0154229 -0.0127928 3.9756e-05 -0.00814452 -0.0154229 -0.00814452 7.18307e-05)
(3.41624e-05 -0.0127886 -0.015428 -0.0127886 2.17723e-05 -0.00812919 -0.015428 -0.00812919 4.16908e-05)
(8.95876e-05 -0.0128125 -0.0154247 -0.0128125 5.90453e-05 -0.00814315 -0.0154247 -0.00814315 4.22991e-05)
(5.2781e-05 -0.0127907 -0.0154198 -0.0127907 2.54123e-05 -0.00813287 -0.0154198 -0.00813287 6.45773e-05)
(3.06998e-05 -0.0127864 -0.0154198 -0.0127864 2.38856e-05 -0.00813057 -0.0154198 -0.00813057 6.65491e-05)
(-0.000113494 -0.0128192 -0.0154557 -0.0128192 8.31513e-05 -0.00811655 -0.0154557 -0.00811655 6.67774e-05)
(4.20585e-05 -0.0127933 -0.0154343 -0.0127933 2.47054e-05 -0.00812564 -0.0154343 -0.00812564 5.45273e-05)
(2.55952e-05 -0.0127958 -0.0154286 -0.0127958 4.307e-05 -0.00811079 -0.0154286 -0.00811079 8.95576e-05)
(2.7427e-05 -0.0127906 -0.0154277 -0.0127906 2.28606e-05 -0.00812263 -0.0154277 -0.00812263 6.53951e-05)
(-5.1544e-05 -0.0128098 -0.015449 -0.0128098 5.0826e-05 -0.0081126 -0.015449 -0.0081126 6.92692e-05)
(3.83204e-05 -0.0127911 -0.0154323 -0.0127911 1.88136e-05 -0.00812673 -0.0154323 -0.00812673 4.50798e-05)
(-5.75264e-05 -0.0128208 -0.0154568 -0.0128208 9.24278e-05 -0.00810967 -0.0154568 -0.00810967 8.03162e-05)
(-0.000118692 -0.0128186 -0.0154587 -0.0128186 9.42184e-05 -0.00810058 -0.0154587 -0.00810058 8.72351e-05)
(9.23601e-05 -0.0128063 -0.0154126 -0.0128063 5.24746e-05 -0.00815124 -0.0154126 -0.00815124 9.49647e-05)
(1.0341e-05 -0.0127883 -0.015421 -0.0127883 3.15008e-05 -0.00811729 -0.015421 -0.00811729 7.91786e-05)
(-6.40635e-06 -0.012793 -0.0154307 -0.012793 3.04168e-05 -0.00811579 -0.0154307 -0.00811579 8.40497e-05)
(-1.43532e-05 -0.0128002 -0.0154388 -0.0128002 5.19811e-05 -0.00811152 -0.0154388 -0.00811152 8.29344e-05)
(4.2948e-05 -0.0127982 -0.0154246 -0.0127982 4.44007e-05 -0.00811118 -0.0154246 -0.00811118 0.000113165)
(7.17855e-05 -0.0127996 -0.0154248 -0.0127996 4.23427e-05 -0.00814138 -0.0154248 -0.00814138 4.81702e-05)
(5.08166e-05 -0.0127901 -0.0154206 -0.0127901 2.52001e-05 -0.00813131 -0.0154206 -0.00813131 7.87774e-05)
(6.1692e-05 -0.0127897 -0.0154232 -0.0127897 3.57228e-05 -0.00814387 -0.0154232 -0.00814387 0.000101736)
(5.91762e-05 -0.0127905 -0.0154239 -0.0127905 2.94592e-05 -0.00813738 -0.0154239 -0.00813738 8.20302e-05)
(-5.00935e-05 -0.0128036 -0.0154458 -0.0128036 5.27673e-05 -0.00811569 -0.0154458 -0.00811569 6.74604e-05)
(5.4513e-05 -0.0127916 -0.01542 -0.0127916 2.76674e-05 -0.00813542 -0.01542 -0.00813542 7.27902e-05)
(5.60263e-05 -0.0127929 -0.0154289 -0.0127929 2.83709e-05 -0.00812612 -0.0154289 -0.00812612 5.6907e-05)
(9.89409e-05 -0.0128297 -0.0154366 -0.0128297 0.000109457 -0.00814289 -0.0154366 -0.00814289 3.40873e-05)
(-0.000106422 -0.0128137 -0.0154521 -0.0128137 7.00218e-05 -0.00810592 -0.0154521 -0.00810592 8.30123e-05)
(-7.69158e-05 -0.0128145 -0.0154507 -0.0128145 5.95435e-05 -0.00811387 -0.0154507 -0.00811387 6.69128e-05)
(-0.000158249 -0.0128208 -0.0154533 -0.0128208 0.000102544 -0.00810679 -0.0154533 -0.00810679 8.22268e-05)
(-4.71671e-05 -0.0128001 -0.0154352 -0.0128001 5.64171e-05 -0.00810722 -0.0154352 -0.00810722 9.47109e-05)
(0.000108489 -0.0128235 -0.0154187 -0.0128235 0.000102789 -0.00815464 -0.0154187 -0.00815464 4.80702e-05)
(6.24946e-05 -0.0127916 -0.0154157 -0.0127916 2.40086e-05 -0.00812586 -0.0154157 -0.00812586 7.36918e-05)
(-0.000129074 -0.0128158 -0.0154615 -0.0128158 8.29862e-05 -0.00809791 -0.0154615 -0.00809791 9.29335e-05)
(2.12762e-05 -0.0127894 -0.0154241 -0.0127894 2.43728e-05 -0.00812106 -0.0154241 -0.00812106 8.05926e-05)
(2.71005e-05 -0.0127901 -0.015422 -0.0127901 2.81536e-05 -0.00811797 -0.015422 -0.00811797 8.14031e-05)
(7.15624e-06 -0.0127981 -0.0154321 -0.0127981 4.10185e-05 -0.00810933 -0.0154321 -0.00810933 9.02864e-05)
(7.36867e-05 -0.0127941 -0.0154244 -0.0127941 4.29246e-05 -0.00814534 -0.0154244 -0.00814534 6.93719e-05)
(5.62306e-05 -0.0127896 -0.0154286 -0.0127896 3.58486e-05 -0.00813928 -0.0154286 -0.00813928 4.35659e-05)
(4.73588e-05 -0.0127899 -0.0154196 -0.0127899 2.38133e-05 -0.00812932 -0.0154196 -0.00812932 7.91316e-05)
(5.71385e-05 -0.0127921 -0.0154199 -0.0127921 2.2985e-05 -0.00812603 -0.0154199 -0.00812603 6.84449e-05)
(1.32713e-06 -0.0127935 -0.0154384 -0.0127935 2.66331e-05 -0.00812127 -0.0154384 -0.00812127 5.81772e-05)
(2.00549e-05 -0.0127893 -0.0154273 -0.0127893 2.12984e-05 -0.00812223 -0.0154273 -0.00812223 6.43397e-05)
(4.02575e-05 -0.0127923 -0.0154299 -0.0127923 3.14295e-05 -0.00812572 -0.0154299 -0.00812572 5.77826e-05)
(3.1438e-05 -0.0127896 -0.0154275 -0.0127896 2.63169e-05 -0.00812489 -0.0154275 -0.00812489 6.21753e-05)
(1.98309e-05 -0.0127879 -0.015421 -0.0127879 2.50539e-05 -0.00812108 -0.015421 -0.00812108 7.99773e-05)
(4.6742e-05 -0.0127911 -0.0154225 -0.0127911 2.21945e-05 -0.00812764 -0.0154225 -0.00812764 6.32221e-05)
(7.39304e-06 -0.0128008 -0.0154515 -0.0128008 4.95789e-05 -0.00812984 -0.0154515 -0.00812984 5.9022e-05)
(-9.4999e-06 -0.0127995 -0.0154414 -0.0127995 5.42164e-05 -0.00811571 -0.0154414 -0.00811571 7.54804e-05)
(9.41117e-06 -0.012792 -0.0154329 -0.012792 2.70401e-05 -0.00812155 -0.0154329 -0.00812155 6.37438e-05)
(5.54204e-06 -0.0127936 -0.0154347 -0.0127936 2.56035e-05 -0.00811761 -0.0154347 -0.00811761 6.98331e-05)
(-2.70469e-05 -0.0128085 -0.0154503 -0.0128085 5.18223e-05 -0.00811 -0.0154503 -0.00811 7.29041e-05)
(-4.93276e-05 -0.0128139 -0.0154553 -0.0128139 8.64058e-05 -0.00810523 -0.0154553 -0.00810523 8.39775e-05)
(-4.35392e-05 -0.0128046 -0.0154453 -0.0128046 5.76967e-05 -0.00810607 -0.0154453 -0.00810607 8.83604e-05)
(2.6069e-05 -0.0127934 -0.0154239 -0.0127934 3.18059e-05 -0.00811411 -0.0154239 -0.00811411 9.86063e-05)
(4.41074e-05 -0.012788 -0.0154137 -0.012788 2.48505e-05 -0.00812466 -0.0154137 -0.00812466 7.75464e-05)
(2.06422e-05 -0.0127868 -0.015423 -0.0127868 2.29558e-05 -0.00812487 -0.015423 -0.00812487 7.26727e-05)
(-8.21689e-06 -0.0127966 -0.0154337 -0.0127966 4.50265e-05 -0.00811417 -0.0154337 -0.00811417 8.15133e-05)
(8.78098e-05 -0.0127973 -0.0154094 -0.0127973 3.24772e-05 -0.00813682 -0.0154094 -0.00813682 0.00010726)
(4.96107e-05 -0.0127916 -0.0154261 -0.0127916 2.84196e-05 -0.00813572 -0.0154261 -0.00813572 4.61558e-05)
(7.16767e-05 -0.0127934 -0.0154219 -0.0127934 3.88951e-05 -0.00814377 -0.0154219 -0.00814377 7.72119e-05)
(8.07534e-05 -0.0127956 -0.0154194 -0.0127956 4.5669e-05 -0.00815026 -0.0154194 -0.00815026 0.000123628)
(-2.82703e-05 -0.0128023 -0.0154408 -0.0128023 4.61937e-05 -0.00810599 -0.0154408 -0.00810599 9.18564e-05)
(-7.74842e-05 -0.0128062 -0.0154476 -0.0128062 6.21457e-05 -0.00811004 -0.0154476 -0.00811004 7.73021e-05)
(-2.11372e-05 -0.0127983 -0.0154387 -0.0127983 4.36929e-05 -0.00811268 -0.0154387 -0.00811268 8.10098e-05)
(5.60669e-05 -0.0127943 -0.0154293 -0.0127943 2.2888e-05 -0.00812957 -0.0154293 -0.00812957 4.65264e-05)
(0.000132038 -0.0128434 -0.0154338 -0.0128434 0.000127344 -0.008149 -0.0154338 -0.008149 3.26402e-05)
(3.14464e-05 -0.0127882 -0.0154203 -0.0127882 2.34772e-05 -0.00812484 -0.0154203 -0.00812484 7.44489e-05)
(-3.8735e-05 -0.0128052 -0.0154444 -0.0128052 4.3456e-05 -0.00811424 -0.0154444 -0.00811424 6.73135e-05)
(7.49874e-06 -0.0127934 -0.0154264 -0.0127934 3.66478e-05 -0.00811346 -0.0154264 -0.00811346 8.50376e-05)
(-8.50483e-05 -0.0128074 -0.0154469 -0.0128074 6.70587e-05 -0.00810544 -0.0154469 -0.00810544 8.93093e-05)
(9.32472e-05 -0.0128132 -0.0154202 -0.0128132 7.43766e-05 -0.00815214 -0.0154202 -0.00815214 5.43113e-05)
(9.01528e-05 -0.012802 -0.0154127 -0.012802 3.70173e-05 -0.00814077 -0.0154127 -0.00814077 7.05041e-05)
(4.33426e-05 -0.0127956 -0.0154236 -0.0127956 3.05506e-05 -0.00811873 -0.0154236 -0.00811873 0.000106192)
(-2.7677e-05 -0.0127992 -0.0154366 -0.0127992 3.99001e-05 -0.00811041 -0.0154366 -0.00811041 8.60809e-05)
(4.06164e-05 -0.0127881 -0.0154168 -0.0127881 2.30295e-05 -0.00812544 -0.0154168 -0.00812544 7.8834e-05)
(6.58799e-05 -0.0127935 -0.0154153 -0.0127935 2.99808e-05 -0.00813552 -0.0154153 -0.00813552 9.69987e-05)
(7.14829e-05 -0.012792 -0.0154257 -0.012792 4.16254e-05 -0.00814471 -0.0154257 -0.00814471 6.565e-05)
(2.44928e-05 -0.0127898 -0.0154322 -0.0127898 2.04369e-05 -0.00812574 -0.0154322 -0.00812574 4.90957e-05)
(1.38651e-05 -0.0127925 -0.0154282 -0.0127925 2.82581e-05 -0.00811723 -0.0154282 -0.00811723 7.84689e-05)
(7.4282e-05 -0.0127969 -0.0154142 -0.0127969 3.3622e-05 -0.00813951 -0.0154142 -0.00813951 7.93696e-05)
(4.14488e-05 -0.0127884 -0.0154226 -0.0127884 2.3776e-05 -0.00813042 -0.0154226 -0.00813042 8.4258e-05)
(-8.65959e-05 -0.0128121 -0.0154525 -0.0128121 6.45936e-05 -0.00810638 -0.0154525 -0.00810638 7.89389e-05)
(4.77392e-05 -0.0127904 -0.0154256 -0.0127904 2.66709e-05 -0.00813152 -0.0154256 -0.00813152 4.59308e-05)
(4.5723e-05 -0.0127902 -0.0154256 -0.0127902 2.32535e-05 -0.00813101 -0.0154256 -0.00813101 5.13532e-05)
(-8.63769e-06 -0.0127956 -0.0154331 -0.0127956 3.6632e-05 -0.00811075 -0.0154331 -0.00811075 8.68202e-05)
(-2.18986e-05 -0.012799 -0.0154382 -0.012799 4.35428e-05 -0.00811636 -0.0154382 -0.00811636 6.71348e-05)
(5.54357e-05 -0.0127915 -0.0154268 -0.0127915 2.53784e-05 -0.00813123 -0.0154268 -0.00813123 5.00668e-05)
