/*--------------------------------*- C++ -*----------------------------------*\
  =========                 |
  \\      /  F ield         | OpenFOAM: The Open Source CFD Toolbox
   \\    /   O peration     | Website:  https://openfoam.org
    \\  /    A nd           | Version:  10
     \\/     M anipulation  |
\*---------------------------------------------------------------------------*/
FoamFile
{
    format      ascii;
    class       volTensorField;
    location    "2";
    object      TauNN;
}
// * * * * * * * * * * * * * * * * * * * * * * * * * * * * * * * * * * * * * //

dimensions      [0 2 -2 0 0 0 0];

internalField   nonuniform List<tensor> 
25600
(
(0.000305671 8.55159e-05 0.000197846 8.55159e-05 0.000195626 5.01825e-05 0.000197846 5.01825e-05 0.000174305)
(0.000254186 5.22919e-05 0.000118351 5.22919e-05 0.000132254 4.4887e-05 0.000118351 4.4887e-05 0.000111567)
(0.000167325 9.39704e-06 4.91785e-05 9.39704e-06 5.93183e-05 4.59785e-05 4.91785e-05 4.59785e-05 0.000120626)
(0.00016036 1.13603e-05 7.60695e-05 1.13603e-05 5.3694e-05 7.84518e-05 7.60695e-05 7.84518e-05 0.00029081)
(0.000206257 1.56919e-05 0.000115892 1.56919e-05 9.07283e-05 7.09286e-05 0.000115892 7.09286e-05 0.000455901)
(0.000184174 -6.71949e-06 0.000110228 -6.71949e-06 9.56805e-05 -9.86271e-07 0.000110228 -9.86271e-07 0.000404095)
(0.000145857 -2.16411e-05 6.77658e-05 -2.16411e-05 0.000113549 -5.07208e-05 6.77658e-05 -5.07208e-05 0.000267515)
(0.000159001 -1.21687e-05 3.42708e-05 -1.21687e-05 0.000182074 -6.14515e-05 3.42708e-05 -6.14515e-05 0.000228124)
(0.000168846 7.34534e-06 1.57785e-05 7.34534e-06 0.000200521 -6.40936e-05 1.57785e-05 -6.40936e-05 0.000214472)
(0.00013493 7.28108e-06 1.0998e-05 7.28108e-06 0.000137686 -5.93299e-05 1.0998e-05 -5.93299e-05 0.000208774)
(9.52954e-05 -1.78283e-05 3.6858e-05 -1.78283e-05 0.000108773 -1.56825e-05 3.6858e-05 -1.56825e-05 0.000200729)
(9.65959e-05 -3.29986e-05 7.42227e-05 -3.29986e-05 0.000134435 1.2205e-05 7.42227e-05 1.2205e-05 0.000112449)
(0.000128449 -2.27774e-05 0.000102806 -2.27774e-05 0.000152909 -3.91901e-06 0.000102806 -3.91901e-06 3.92502e-05)
(0.000165902 -4.21982e-06 0.000110331 -4.21982e-06 0.000160558 -1.31978e-05 0.000110331 -1.31978e-05 3.89223e-05)
(0.000169738 1.4985e-06 0.000109492 1.4985e-06 0.000151351 -2.36556e-07 0.000109492 -2.36556e-07 6.35035e-05)
(0.000155515 1.02166e-05 8.25562e-05 1.02166e-05 0.000127059 -4.21889e-07 8.25562e-05 -4.21889e-07 0.00010014)
(0.000151631 2.4002e-05 5.23189e-05 2.4002e-05 0.000123812 -8.99471e-06 5.23189e-05 -8.99471e-06 0.000151049)
(0.000151088 2.09445e-05 6.63586e-05 2.09445e-05 0.000146423 -3.18885e-06 6.63586e-05 -3.18885e-06 0.000144568)
(0.00015721 -1.25729e-07 0.000112717 -1.25729e-07 0.000170489 -8.53371e-06 0.000112717 -8.53371e-06 6.6376e-05)
(0.000196243 -1.77203e-05 0.000137934 -1.77203e-05 0.00017587 -3.71402e-05 0.000137934 -3.71402e-05 2.03702e-05)
(0.000239419 -1.08061e-05 0.000141183 -1.08061e-05 0.000167324 -4.08553e-05 0.000141183 -4.08553e-05 5.09242e-05)
(0.000236296 3.02214e-06 0.000134076 3.02214e-06 0.000165898 -8.95746e-06 0.000134076 -8.95746e-06 8.20748e-05)
(0.000198015 7.41705e-06 0.000116619 7.41705e-06 0.000164133 1.42204e-05 0.000116619 1.42204e-05 8.07771e-05)
(0.000146084 1.23158e-05 6.90464e-05 1.23158e-05 0.000138027 -6.78003e-07 6.90464e-05 -6.78003e-07 8.22285e-05)
(0.000117964 2.02339e-05 3.56417e-05 2.02339e-05 0.000108048 -1.53603e-05 3.56417e-05 -1.53603e-05 0.000104446)
(0.000116694 7.84174e-06 4.21358e-05 7.84174e-06 0.00011081 1.16779e-05 4.21358e-05 1.16779e-05 9.44333e-05)
(0.000139506 -1.91666e-05 6.99498e-05 -1.91666e-05 0.000176637 3.14759e-05 6.99498e-05 3.14759e-05 4.02406e-05)
(0.000167027 -2.89204e-05 0.000102077 -2.89204e-05 0.00020314 -3.35928e-06 0.000102077 -3.35928e-06 -2.91337e-05)
(0.000177214 -1.30376e-05 0.000120428 -1.30376e-05 0.000157404 -3.68245e-05 0.000120428 -3.68245e-05 -4.86982e-05)
(0.000188622 8.87457e-06 0.000126385 8.87457e-06 0.000125483 -4.28483e-05 0.000126385 -4.28483e-05 -3.16962e-05)
(0.000220767 2.58144e-05 0.000127486 2.58144e-05 0.000139187 -5.44032e-05 0.000127486 -5.44032e-05 -4.43864e-06)
(0.000280813 3.92795e-05 0.000121565 3.92795e-05 0.000217894 -9.08505e-05 0.000121565 -9.08505e-05 1.99409e-05)
(0.000340066 5.29205e-05 0.000122407 5.29205e-05 0.000355915 -0.000124046 0.000122407 -0.000124046 3.60073e-05)
(0.000357627 6.25718e-05 0.00014358 6.25718e-05 0.000475334 -0.000103738 0.00014358 -0.000103738 3.77824e-05)
(0.000346217 5.87916e-05 0.000164548 5.87916e-05 0.00048052 -5.5762e-05 0.000164548 -5.5762e-05 5.02794e-05)
(0.000313 2.80002e-05 0.000161035 2.80002e-05 0.000395311 -3.58447e-05 0.000161035 -3.58447e-05 6.10782e-05)
(0.000275551 3.32482e-07 0.000129298 3.32482e-07 0.000300966 -5.37112e-05 0.000129298 -5.37112e-05 5.6757e-05)
(0.000263007 2.19606e-06 0.00011088 2.19606e-06 0.000235608 -5.66058e-05 0.00011088 -5.66058e-05 7.6242e-05)
(0.000283673 2.52184e-05 0.000145788 2.52184e-05 0.000217453 -2.23555e-05 0.000145788 -2.23555e-05 0.000138509)
(0.000309631 6.50408e-05 0.000201726 6.50408e-05 0.000217296 2.55527e-05 0.000201726 2.55527e-05 0.000190171)
(0.000289443 -9.92371e-05 0.000148506 -9.92371e-05 0.000231988 2.01147e-05 0.000148506 2.01147e-05 3.60402e-05)
(0.000255279 -7.98767e-05 0.000106591 -7.98767e-05 0.000213065 8.26502e-05 0.000106591 8.26502e-05 7.88758e-05)
(0.00021879 -2.91234e-05 4.30541e-05 -2.91234e-05 0.000218089 0.000173528 4.30541e-05 0.000173528 0.000246668)
(0.000217922 4.16748e-05 3.72836e-05 4.16748e-05 0.000257747 0.000205112 3.72836e-05 0.000205112 0.000437803)
(0.00019122 6.5811e-05 6.31018e-05 6.5811e-05 0.000221289 0.000135831 6.31018e-05 0.000135831 0.000416652)
(0.000142307 4.79752e-05 4.78122e-05 4.79752e-05 0.000121347 1.84495e-05 4.78122e-05 1.84495e-05 0.000247531)
(0.000153229 5.49592e-05 -1.22664e-05 5.49592e-05 0.000115578 -5.33909e-05 -1.22664e-05 -5.33909e-05 0.000169258)
(0.000167236 7.94353e-05 -5.05587e-05 7.94353e-05 0.000144338 -7.11214e-05 -5.05587e-05 -7.11214e-05 0.000161242)
(9.33843e-05 5.03995e-05 -1.74092e-05 5.03995e-05 9.09743e-05 -5.91017e-05 -1.74092e-05 -5.91017e-05 0.000122266)
(7.68908e-05 7.24196e-06 0.000106313 7.24196e-06 8.14015e-05 1.86954e-05 0.000106313 1.86954e-05 0.000162503)
(0.000208883 1.31009e-05 0.000222322 1.31009e-05 0.000194308 0.000116314 0.000222322 0.000116314 0.000284572)
(0.000266262 1.3249e-05 0.000231924 1.3249e-05 0.000271658 0.000144452 0.000231924 0.000144452 0.000340608)
(0.000189916 -1.28029e-05 0.000159844 -1.28029e-05 0.000237572 0.000103296 0.000159844 0.000103296 0.000298047)
(0.00012211 -1.84011e-05 7.98274e-05 -1.84011e-05 0.000190363 3.62229e-05 7.98274e-05 3.62229e-05 0.000196592)
(0.000137471 9.6038e-06 4.71482e-05 9.6038e-06 0.000195547 -8.53837e-06 4.71482e-05 -8.53837e-06 7.50828e-05)
(0.000184446 2.66479e-05 7.49053e-05 2.66479e-05 0.000201401 -1.9216e-05 7.49053e-05 -1.9216e-05 -2.13523e-07)
(0.00017421 2.96822e-05 9.60371e-05 2.96822e-05 0.000171394 -2.01184e-05 9.60371e-05 -2.01184e-05 -3.05329e-05)
(0.000128764 1.2828e-05 0.000105561 1.2828e-05 0.0001307 -1.60439e-05 0.000105561 -1.60439e-05 -3.07784e-05)
(0.00014012 -1.90772e-05 0.000130506 -1.90772e-05 0.000113939 -8.5365e-06 0.000130506 -8.5365e-06 2.24101e-05)
(0.00018182 -3.37912e-05 0.000140617 -3.37912e-05 0.000118077 -1.4957e-06 0.000140617 -1.4957e-06 0.000106281)
(0.000193936 -2.73688e-05 0.000120624 -2.73688e-05 0.000114868 -5.29736e-06 0.000120624 -5.29736e-06 0.000162953)
(0.000194523 -1.8077e-06 7.83913e-05 -1.8077e-06 0.000109875 -2.45515e-05 7.83913e-05 -2.45515e-05 0.000156253)
(0.000190546 4.75217e-05 4.72665e-05 4.75217e-05 0.000134473 -4.33959e-05 4.72665e-05 -4.33959e-05 9.61851e-05)
(0.000134516 6.93351e-05 3.70536e-05 6.93351e-05 0.000168608 -4.77554e-05 3.70536e-05 -4.77554e-05 2.52442e-05)
(9.08946e-05 6.50035e-05 6.55437e-05 6.50035e-05 0.000201251 -2.80533e-05 6.55437e-05 -2.80533e-05 5.56294e-05)
(0.000120454 3.5299e-05 0.000121685 3.5299e-05 0.000201744 4.10397e-05 0.000121685 4.10397e-05 0.000173348)
(0.000148129 -3.66736e-05 0.00011979 -3.66736e-05 0.000214776 0.000102464 0.00011979 0.000102464 0.000162895)
(0.000173175 -0.000101289 0.000110274 -0.000101289 0.00023987 5.1205e-05 0.000110274 5.1205e-05 1.49612e-05)
(0.00025558 -0.000111691 0.000144761 -0.000111691 0.000280076 -1.8537e-05 0.000144761 -1.8537e-05 -2.4283e-05)
(0.000263297 -4.1211e-05 0.000156485 -4.1211e-05 0.000299112 -3.21111e-05 0.000156485 -3.21111e-05 -3.69788e-06)
(0.00025372 6.19199e-05 0.000160897 6.19199e-05 0.000339472 -1.44392e-05 0.000160897 -1.44392e-05 2.1362e-05)
(0.000307387 0.000113438 0.000164447 0.000113438 0.000391221 -2.38512e-05 0.000164447 -2.38512e-05 4.87238e-05)
(0.000372657 0.000109764 0.000119581 0.000109764 0.000369149 -9.66787e-05 0.000119581 -9.66787e-05 0.000103977)
(0.000475545 0.000121409 7.04871e-05 0.000121409 0.000368188 -0.000180031 7.04871e-05 -0.000180031 0.000303748)
(0.000552399 0.000133111 0.000113458 0.000133111 0.000370823 -0.000181967 0.000113458 -0.000181967 0.000501094)
(0.000444251 6.58827e-05 0.000161917 6.58827e-05 0.000324173 -0.000125548 0.000161917 -0.000125548 0.000341547)
(0.000274659 -4.14215e-05 0.000147278 -4.14215e-05 0.000281092 -6.84438e-05 0.000147278 -6.84438e-05 8.52409e-05)
(0.000202631 -0.000116153 0.000109815 -0.000116153 0.000280152 1.36346e-05 0.000109815 1.36346e-05 4.10555e-05)
(0.000216886 -0.000151432 9.78876e-05 -0.000151432 0.000287542 4.58164e-05 9.78876e-05 4.58164e-05 4.02324e-05)
(0.000262421 -0.000133919 0.000131192 -0.000133919 0.00025939 1.69137e-05 0.000131192 1.69137e-05 1.86555e-05)
(0.000823437 -0.000395634 -0.000557531 -0.000395634 0.000814342 0.000949982 -0.000557531 0.000949982 0.00222011)
(0.000647092 -0.000188643 -0.000518847 -0.000188643 0.000623912 0.000690221 -0.000518847 0.000690221 0.00193517)
(0.000398419 -8.76188e-06 -0.000264255 -8.76188e-06 0.000480772 0.000401379 -0.000264255 0.000401379 0.00121682)
(0.000243509 1.69221e-05 1.66781e-05 1.69221e-05 0.000356261 0.000242188 1.66781e-05 0.000242188 0.000524012)
(0.000198243 -5.68591e-05 0.000125657 -5.68591e-05 0.000290355 0.000136525 0.000125657 0.000136525 0.000153652)
(0.000222374 -0.000115186 0.000126348 -0.000115186 0.000272621 4.89559e-05 0.000126348 4.89559e-05 2.26735e-05)
(0.000277122 -0.000123515 0.000136512 -0.000123515 0.000308352 2.78838e-06 0.000136512 2.78838e-06 -2.10675e-05)
(0.000382009 -6.0305e-05 0.000161778 -6.0305e-05 0.000585777 -2.0666e-06 0.000161778 -2.0666e-06 6.07066e-06)
(0.000521773 0.00012112 0.000195041 0.00012112 0.00112273 8.21473e-05 0.000195041 8.21473e-05 0.000119632)
(0.000590903 0.000250687 0.000241136 0.000250687 0.00159116 0.000277932 0.000241136 0.000277932 0.000281133)
(0.000533402 0.000161073 0.000222772 0.000161073 0.00150336 0.00043131 0.000222772 0.00043131 0.000427768)
(0.000351149 -4.65624e-05 0.000136212 -4.65624e-05 0.000878767 0.000379239 0.000136212 0.000379239 0.000429942)
(0.000205252 -8.17869e-05 6.39334e-05 -8.17869e-05 0.00044653 0.000232535 6.39334e-05 0.000232535 0.000345993)
(0.000173642 -2.01054e-05 4.62625e-05 -2.01054e-05 0.000360976 0.000124721 4.62625e-05 0.000124721 0.000284999)
(0.000190156 -2.17473e-05 8.06032e-05 -2.17473e-05 0.000370611 0.000104629 8.06032e-05 0.000104629 0.000209525)
(0.000213761 -8.72146e-05 0.000126709 -8.72146e-05 0.000379402 7.20499e-05 0.000126709 7.20499e-05 9.66433e-05)
(0.000275259 -0.0001192 0.000161541 -0.0001192 0.00037429 -1.7602e-06 0.000161541 -1.7602e-06 5.01203e-05)
(0.000320225 -6.65318e-05 0.000188569 -6.65318e-05 0.000317175 -1.16276e-05 0.000188569 -1.16276e-05 8.95676e-05)
(0.000308847 -1.50595e-05 0.000204625 -1.50595e-05 0.000219325 3.87393e-05 0.000204625 3.87393e-05 0.000158722)
(0.000281875 -2.41492e-06 0.000191649 -2.41492e-06 0.000152957 5.09126e-05 0.000191649 5.09126e-05 0.000200463)
(0.000238559 6.33765e-06 0.00014626 6.33765e-06 0.000129513 1.01971e-05 0.00014626 1.01971e-05 0.000185612)
(0.000206926 4.80413e-05 9.35076e-05 4.80413e-05 0.000155549 -4.28716e-05 9.35076e-05 -4.28716e-05 0.000125647)
(0.00023048 9.44696e-05 0.000106982 9.44696e-05 0.000206881 -4.89419e-05 0.000106982 -4.89419e-05 7.21897e-05)
(0.000230945 7.99429e-05 0.000128693 7.99429e-05 0.000188349 -4.37545e-05 0.000128693 -4.37545e-05 4.07482e-05)
(0.000206767 4.46746e-05 0.000134619 4.46746e-05 0.000199773 -4.68316e-05 0.000134619 -4.68316e-05 -1.59629e-06)
(0.000288096 3.4174e-05 0.000193287 3.4174e-05 0.000378991 3.43155e-05 0.000193287 3.43155e-05 5.99698e-05)
(0.000350471 -1.38041e-05 0.000217495 -1.38041e-05 0.000516129 0.000147845 0.000217495 0.000147845 0.000196285)
(0.000304126 -8.01105e-05 0.000172165 -8.01105e-05 0.000460846 0.000174412 0.000172165 0.000174412 0.00024483)
(0.000266937 -9.9198e-05 0.000112331 -9.9198e-05 0.00045512 0.000208044 0.000112331 0.000208044 0.000292635)
(0.000245101 -5.27622e-05 8.0768e-05 -5.27622e-05 0.000434312 0.000196635 8.0768e-05 0.000196635 0.000318178)
(0.000202497 -2.00989e-05 0.000115958 -2.00989e-05 0.000304546 8.62973e-05 0.000115958 8.62973e-05 0.000180888)
(0.000203636 -1.546e-06 0.000146602 -1.546e-06 0.000190045 -2.70912e-05 0.000146602 -2.70912e-05 5.23755e-05)
(0.000385794 9.09138e-05 0.000184498 9.09138e-05 0.000229772 -7.17398e-06 0.000184498 -7.17398e-06 0.000330469)
(0.000682225 0.000237591 0.000256987 0.000237591 0.00036282 8.49394e-05 0.000256987 8.49394e-05 0.00099722)
(0.000876396 0.000315662 0.000308994 0.000315662 0.000453004 0.000135903 0.000308994 0.000135903 0.00146976)
(0.000725596 0.00025732 0.000186612 0.00025732 0.000409854 3.46666e-05 0.000186612 3.46666e-05 0.00108349)
(0.000457943 0.000133978 6.59246e-05 0.000133978 0.000376682 -8.72063e-05 6.59246e-05 -8.72063e-05 0.000410486)
(0.000266519 -2.85227e-05 0.000124709 -2.85227e-05 0.000446804 -2.71173e-05 0.000124709 -2.71173e-05 0.000170635)
(0.000346568 -0.000266959 7.40029e-05 -0.000266959 0.000687983 0.00037598 7.40029e-05 0.00037598 0.000755102)
(0.000696758 -0.000449065 -0.000312311 -0.000449065 0.000887112 0.000856766 -0.000312311 0.000856766 0.00178638)
(0.000315424 0.000168798 -7.8938e-05 0.000168798 0.000632571 2.71946e-06 -7.8938e-05 2.71946e-06 0.00036815)
(0.000286904 4.70048e-05 -7.59261e-05 4.70048e-05 0.000426623 6.94497e-05 -7.59261e-05 6.94497e-05 0.000386869)
(0.000215154 -6.01197e-05 7.1344e-05 -6.01197e-05 0.000293598 0.000108452 7.1344e-05 0.000108452 0.000129885)
(0.000300616 -3.08463e-05 0.000178997 -3.08463e-05 0.00039511 1.38665e-05 0.000178997 1.38665e-05 4.77334e-05)
(0.000372829 -1.03647e-05 0.000165516 -1.03647e-05 0.000434477 -6.10258e-05 0.000165516 -6.10258e-05 8.5016e-05)
(0.000280065 -5.40642e-05 0.000148267 -5.40642e-05 0.00036898 -1.83135e-05 0.000148267 -1.83135e-05 4.97746e-05)
(0.000246653 -4.41251e-05 0.000146929 -4.41251e-05 0.000381057 5.62072e-05 0.000146929 5.62072e-05 6.87822e-05)
(0.000303148 4.94346e-06 0.000142099 4.94346e-06 0.000440567 4.673e-05 0.000142099 4.673e-05 7.42584e-05)
(0.000341365 3.55626e-05 0.000123241 3.55626e-05 0.000419 -2.47136e-05 0.000123241 -2.47136e-05 8.70188e-05)
(0.000313161 2.666e-05 0.000144809 2.666e-05 0.000364186 -3.61959e-05 0.000144809 -3.61959e-05 0.000123816)
(0.000206027 -1.72732e-05 0.000129801 -1.72732e-05 0.000329779 2.91727e-05 0.000129801 2.91727e-05 0.000173778)
(0.000130905 -7.8355e-05 2.73064e-06 -7.8355e-05 0.000333535 0.000134913 2.73064e-06 0.000134913 0.000334444)
(0.000173146 -0.000132688 -3.59397e-05 -0.000132688 0.000363928 0.000208532 -3.59397e-05 0.000208532 0.000494441)
(0.000229721 -0.000137354 9.22196e-05 -0.000137354 0.000368542 0.000194207 9.22196e-05 0.000194207 0.000413121)
(0.000265351 -9.53609e-05 0.00017574 -9.53609e-05 0.000332319 7.44741e-05 0.00017574 7.44741e-05 0.000186968)
(0.000342921 -6.1457e-05 0.000187258 -6.1457e-05 0.000312105 -7.36117e-06 0.000187258 -7.36117e-06 0.000156352)
(0.000396358 -4.48963e-05 0.000240263 -4.48963e-05 0.000266777 1.4063e-05 0.000240263 1.4063e-05 0.000237808)
(0.00035126 -3.83919e-05 0.000227043 -3.83919e-05 0.000185781 -5.89993e-06 0.000227043 -5.89993e-06 0.000216963)
(0.000268582 -2.18162e-05 0.000165432 -2.18162e-05 0.000182781 -4.58462e-05 0.000165432 -4.58462e-05 0.000114743)
(0.000219875 1.0334e-05 0.000134266 1.0334e-05 0.000224965 -2.03922e-05 0.000134266 -2.03922e-05 6.54844e-05)
(0.000182075 2.05543e-05 9.56506e-05 2.05543e-05 0.000209472 -2.59755e-05 9.56506e-05 -2.59755e-05 2.3502e-05)
(0.000213278 7.53729e-05 8.64193e-05 7.53729e-05 0.000218132 -4.49475e-05 8.64193e-05 -4.49475e-05 1.12958e-05)
(0.000258471 0.000118429 0.000142186 0.000118429 0.000225113 -2.10749e-05 0.000142186 -2.10749e-05 0.000111749)
(0.000212079 4.44222e-05 0.000147941 4.44222e-05 0.000154612 -1.03759e-05 0.000147941 -1.03759e-05 0.000148679)
(0.000306223 2.38726e-05 0.000179939 2.38726e-05 0.000168483 -1.01607e-05 0.000179939 -1.01607e-05 0.000129042)
(0.000380482 3.23551e-05 0.000252275 3.23551e-05 0.000265958 6.70748e-05 0.000252275 6.70748e-05 0.000257741)
(0.000240959 -4.78504e-05 0.00010203 -4.78504e-05 0.000246519 0.000115274 0.00010203 0.000115274 0.000502137)
(0.000174923 -1.00303e-05 -9.76715e-05 -1.00303e-05 0.000226121 -1.95848e-05 -9.76715e-05 -1.95848e-05 0.000670302)
(0.0002136 0.000150607 -0.000142643 0.000150607 0.000386268 -0.000224738 -0.000142643 -0.000224738 0.000482567)
(0.000267239 0.000178545 -1.59778e-05 0.000178545 0.000535124 -0.000129028 -1.59778e-05 -0.000129028 0.000188759)
(0.000301212 0.00010356 0.000154407 0.00010356 0.000416501 7.11875e-05 0.000154407 7.11875e-05 0.00020866)
(0.000315499 6.4292e-05 0.000198951 6.4292e-05 0.000286954 9.09707e-05 0.000198951 9.09707e-05 0.000278956)
(0.000304935 4.39743e-05 0.000180533 4.39743e-05 0.000232864 3.49469e-05 0.000180533 3.49469e-05 0.000234451)
(0.000313297 4.35896e-05 0.000167952 4.35896e-05 0.000229032 -1.7792e-05 0.000167952 -1.7792e-05 0.000212349)
(0.000316651 3.40343e-05 0.000152162 3.40343e-05 0.000247193 -6.16284e-05 0.000152162 -6.16284e-05 0.000172049)
(0.000318572 3.43574e-05 0.000141894 3.43574e-05 0.00026408 -5.70072e-05 0.000141894 -5.70072e-05 0.000174682)
(0.000357857 6.14543e-05 0.000136941 6.14543e-05 0.000294748 -1.68532e-05 0.000136941 -1.68532e-05 0.000288294)
(0.000377732 0.000137392 0.000145857 0.000137392 0.000401218 4.46253e-05 0.000145857 4.46253e-05 0.000386659)
(0.00031111 0.000212701 0.000134515 0.000212701 0.000527912 7.41389e-05 0.000134515 7.41389e-05 0.000306533)
(0.000272491 0.000214139 3.0756e-05 0.000214139 0.000617857 3.04962e-05 3.0756e-05 3.04962e-05 0.000232755)
(0.000254683 0.000140639 4.52697e-05 0.000140639 0.000348755 -6.80787e-05 4.52697e-05 -6.80787e-05 0.000303828)
(0.000230696 3.63374e-05 7.15451e-05 3.63374e-05 0.000369657 9.59262e-07 7.15451e-05 9.59262e-07 0.000217615)
(0.000236802 -2.90824e-05 0.00011479 -2.90824e-05 0.000302003 4.90164e-05 0.00011479 4.90164e-05 0.000130601)
(0.000268729 8.3046e-06 0.000118631 8.3046e-06 0.000248545 1.00676e-06 0.000118631 1.00676e-06 9.85967e-05)
(0.000292455 -3.5e-05 0.000129816 -3.5e-05 0.000308736 -5.87888e-05 0.000129816 -5.87888e-05 5.29626e-05)
(0.000251816 -9.51122e-05 0.000119388 -9.51122e-05 0.000322171 -3.07979e-05 0.000119388 -3.07979e-05 6.93763e-06)
(0.000175947 -4.06243e-05 8.97739e-05 -4.06243e-05 0.00018471 -7.27642e-06 8.97739e-05 -7.27642e-06 1.55635e-05)
(0.000158615 2.08318e-05 6.03534e-05 2.08318e-05 0.000269266 -2.78046e-05 6.03534e-05 -2.78046e-05 0.000116323)
(0.000185554 -9.76659e-05 5.9518e-05 -9.76659e-05 0.000791664 -0.000105145 5.9518e-05 -0.000105145 0.000314297)
(0.0002064 -0.000190863 7.90749e-05 -0.000190863 0.00114179 -0.000324873 7.90749e-05 -0.000324873 0.000518778)
(0.000241812 -6.74212e-05 2.88384e-05 -6.74212e-05 0.000950677 -0.00043492 2.88384e-05 -0.00043492 0.000592878)
(0.000208315 8.66707e-05 -2.35988e-05 8.66707e-05 0.000498811 -0.000234867 -2.35988e-05 -0.000234867 0.000442962)
(0.000183167 4.59598e-05 7.96579e-05 4.59598e-05 0.000246621 -2.87583e-05 7.96579e-05 -2.87583e-05 0.000184475)
(0.000283851 2.56784e-05 0.000147593 2.56784e-05 0.000318542 -2.73129e-05 0.000147593 -2.73129e-05 0.000170431)
(0.000419572 7.26627e-05 0.000216827 7.26627e-05 0.000425026 3.31542e-05 0.000216827 3.31542e-05 0.0003756)
(0.000470413 9.24151e-05 0.000308314 9.24151e-05 0.000385265 0.000116066 0.000308314 0.000116066 0.000505429)
(0.000365795 2.83569e-05 0.000251481 2.83569e-05 0.000204468 1.47531e-05 0.000251481 1.47531e-05 0.000347936)
(0.000268611 -1.54339e-05 0.000186392 -1.54339e-05 0.000211835 -8.52104e-05 0.000186392 -8.52104e-05 0.00017535)
(0.000259036 -9.97633e-06 0.000172548 -9.97633e-06 0.000293508 -5.73145e-05 0.000172548 -5.73145e-05 8.68487e-05)
(0.000252763 5.61681e-06 0.000143443 5.61681e-06 0.000228944 -4.05051e-05 0.000143443 -4.05051e-05 5.73304e-05)
(0.000335257 4.55854e-05 0.000171559 4.55854e-05 0.000237084 -3.95719e-05 0.000171559 -3.95719e-05 0.000113256)
(0.00037039 -2.44845e-06 0.000218347 -2.44845e-06 0.000200332 -7.99876e-05 0.000218347 -7.99876e-05 0.000126086)
(0.000243519 -3.01646e-05 0.000182871 -3.01646e-05 0.000150816 -9.22233e-05 0.000182871 -9.22233e-05 3.77714e-05)
(0.00016747 4.41233e-05 0.00016153 4.41233e-05 0.000123906 -2.10758e-06 0.00016153 -2.10758e-06 4.99694e-05)
(0.000216594 -7.72718e-06 0.000225069 -7.72718e-06 0.000181483 3.64799e-06 0.000225069 3.64799e-06 0.0001369)
(0.000225316 -6.43563e-05 0.000195181 -6.43563e-05 0.000342515 -8.00202e-05 0.000195181 -8.00202e-05 0.000201196)
(0.000175399 6.2176e-05 1.75182e-05 6.2176e-05 0.000376289 -0.000146678 1.75182e-05 -0.000146678 0.000235452)
(0.000283129 0.000203526 -5.2019e-05 0.000203526 0.00034653 -0.000113 -5.2019e-05 -0.000113 0.000199116)
(0.000431827 0.000296093 0.000120535 0.000296093 0.000404061 1.06711e-05 0.000120535 1.06711e-05 0.000218977)
(0.000306598 0.000167537 0.000169394 0.000167537 0.000389251 0.000104382 0.000169394 0.000104382 0.000195154)
(0.000250997 1.5364e-05 0.000101172 1.5364e-05 0.0002253 5.48204e-05 0.000101172 5.48204e-05 0.000131104)
(0.000334363 5.45448e-05 7.92732e-05 5.45448e-05 0.000195319 -3.05278e-05 7.92732e-05 -3.05278e-05 0.000153931)
(0.000357354 8.39531e-05 9.77144e-05 8.39531e-05 0.000248014 -9.7e-05 9.77144e-05 -9.7e-05 0.000190751)
(0.000393507 9.03374e-05 0.000111618 9.03374e-05 0.0003001 -0.000128625 0.000111618 -0.000128625 0.000254424)
(0.000419729 6.45816e-05 0.000142245 6.45816e-05 0.000386357 -0.000128601 0.000142245 -0.000128601 0.000264614)
(0.000389278 1.28802e-05 0.000172513 1.28802e-05 0.000370434 -8.86871e-05 0.000172513 -8.86871e-05 0.000251656)
(0.000381439 3.06293e-05 0.00018531 3.06293e-05 0.000286432 -9.79463e-05 0.00018531 -9.79463e-05 0.000283912)
(0.000464271 8.76598e-05 0.000238607 8.76598e-05 0.000326463 -0.000131944 0.000238607 -0.000131944 0.000447891)
(0.000498458 0.00014118 0.000275813 0.00014118 0.000425786 -0.000112316 0.000275813 -0.000112316 0.000549641)
(0.000348502 0.000156158 0.000155317 0.000156158 0.000405401 -8.82382e-05 0.000155317 -8.82382e-05 0.000414091)
(0.000520136 7.63619e-05 -0.000125716 7.63619e-05 0.000239918 -2.81539e-06 -0.000125716 -2.81539e-06 0.000763219)
(0.000301187 9.17967e-05 -0.000281955 9.17967e-05 0.000300826 -0.000279468 -0.000281955 -0.000279468 0.000772977)
(0.000126589 7.46828e-06 0.000133218 7.46828e-06 0.000351799 -0.000256091 0.000133218 -0.000256091 0.000551014)
(0.000290588 -3.35742e-06 0.000272125 -3.35742e-06 0.00029736 2.00318e-05 0.000272125 2.00318e-05 0.000254933)
(0.000287751 2.08449e-05 0.000156762 2.08449e-05 0.000299896 -1.26911e-05 0.000156762 -1.26911e-05 9.57159e-05)
(0.000449591 -9.83244e-05 0.000218887 -9.83244e-05 0.000494063 -0.000165076 0.000218887 -0.000165076 0.000225732)
(0.000728383 -0.000343493 0.000306634 -0.000343493 0.000915255 -6.27376e-05 0.000306634 -6.27376e-05 0.000307833)
(0.000806138 -0.000465116 0.000132766 -0.000465116 0.0010549 0.000310303 0.000132766 0.000310303 0.000459255)
(0.000449667 -0.000188733 -2.22297e-05 -0.000188733 0.000324954 0.000277329 -2.22297e-05 0.000277329 0.000569487)
(0.000254272 -8.12402e-05 -2.11215e-05 -8.12402e-05 0.000350992 -0.000374934 -2.11215e-05 -0.000374934 0.00109563)
(0.000504936 -0.00023086 0.000335688 -0.00023086 0.000997578 -0.00114382 0.000335688 -0.00114382 0.00199907)
(0.000685731 -0.000213804 0.000387298 -0.000213804 0.00116464 -0.00128491 0.000387298 -0.00128491 0.00247548)
(0.000373108 -7.68322e-05 9.58098e-05 -7.68322e-05 0.000580144 -0.000555416 9.58098e-05 -0.000555416 0.00162563)
(0.000154505 -5.26458e-05 4.60166e-06 -5.26458e-05 0.00021091 -4.06522e-05 4.60166e-06 -4.06522e-05 0.000463765)
(0.000232309 -5.49117e-05 0.000114121 -5.49117e-05 0.000215747 1.32248e-06 0.000114121 1.32248e-06 0.000135178)
(0.000353711 3.72808e-06 0.000198444 3.72808e-06 0.000248171 -4.29628e-05 0.000198444 -4.29628e-05 0.0002454)
(0.00045702 7.93925e-05 0.000252346 7.93925e-05 0.000263528 -3.8119e-06 0.000252346 -3.8119e-06 0.000530034)
(0.000608574 0.000158163 0.000384798 0.000158163 0.000422615 0.000200901 0.000384798 0.000200901 0.000935773)
(0.000687946 0.000288714 0.00045394 0.000288714 0.000669549 0.000322663 0.00045394 0.000322663 0.000934592)
(0.000473338 0.00021462 0.000228897 0.00021462 0.000482583 8.76049e-05 0.000228897 8.76049e-05 0.000364999)
(0.00026912 -1.38143e-05 0.000117268 -1.38143e-05 0.000317326 -7.24886e-05 0.000117268 -7.24886e-05 6.26859e-05)
(0.000333222 -7.63135e-05 0.000167488 -7.63135e-05 0.000496798 -5.5437e-05 0.000167488 -5.5437e-05 7.52392e-05)
(0.000333318 -4.33847e-05 0.000181521 -4.33847e-05 0.000376731 -6.27283e-05 0.000181521 -6.27283e-05 6.56161e-05)
(0.000226879 2.2877e-05 0.000158382 2.2877e-05 0.000168037 -2.56309e-05 0.000158382 -2.56309e-05 4.39033e-05)
(0.000205786 4.89568e-05 0.000115786 4.89568e-05 0.000225046 4.07565e-05 0.000115786 4.07565e-05 6.64172e-05)
(0.000259416 -1.90791e-05 9.74229e-05 -1.90791e-05 0.000346826 7.02972e-05 9.74229e-05 7.02972e-05 0.000105848)
(0.000218031 -2.46223e-05 0.000115735 -2.46223e-05 0.000368629 2.69208e-05 0.000115735 2.69208e-05 0.000167636)
(0.00022461 -2.10218e-05 0.000123944 -2.10218e-05 0.000285019 2.45776e-05 0.000123944 2.45776e-05 0.000155086)
(0.00041469 -0.000231447 0.00017803 -0.000231447 0.000654961 6.07716e-05 0.00017803 6.07716e-05 0.000159427)
(0.000649591 -0.000227702 0.000179931 -0.000227702 0.00147391 0.00038196 0.000179931 0.00038196 0.000457529)
(0.000739959 0.000118368 0.000222053 0.000118368 0.00190863 0.000649281 0.000222053 0.000649281 0.000673614)
(0.000581831 0.000200845 0.000240074 0.000200845 0.00144089 0.000352515 0.000240074 0.000352515 0.000342622)
(0.000451702 9.96739e-05 0.000175516 9.96739e-05 0.000917652 -1.05472e-05 0.000175516 -1.05472e-05 0.000137471)
(0.000425061 3.82653e-05 0.000189774 3.82653e-05 0.000646466 -0.00014122 0.000189774 -0.00014122 0.000185727)
(0.000424517 -7.11437e-06 0.00022894 -7.11437e-06 0.000504709 -2.7719e-05 0.00022894 -2.7719e-05 0.000287446)
(0.000287987 -7.51363e-05 0.000145142 -7.51363e-05 0.000431842 0.000117128 0.000145142 0.000117128 0.000315107)
(0.000248633 -6.15669e-05 7.65985e-05 -6.15669e-05 0.000599865 0.000247205 7.65985e-05 0.000247205 0.000417311)
(0.000284241 -4.99375e-06 9.65483e-05 -4.99375e-06 0.000823813 0.000139953 9.65483e-05 0.000139953 0.00027429)
(0.000242196 -0.000103146 0.000169722 -0.000103146 0.000576065 -0.000194838 0.000169722 -0.000194838 0.00025916)
(0.000343834 -8.08556e-05 0.000208182 -8.08556e-05 0.000244762 -0.000106617 0.000208182 -0.000106617 0.000526392)
(0.000388414 1.65338e-05 -0.000179032 1.65338e-05 0.000169011 -9.7096e-05 -0.000179032 -9.7096e-05 0.000423067)
(0.000234001 -2.22605e-05 3.03034e-05 -2.22605e-05 0.000423144 0.000211853 3.03034e-05 0.000211853 0.000260154)
(0.000496844 0.000215744 0.000240393 0.000215744 0.000851182 0.000198793 0.000240393 0.000198793 0.000179571)
(0.000634269 0.000272682 -1.87829e-05 0.000272682 0.000524069 -0.000230141 -1.87829e-05 -0.000230141 0.000343464)
(0.000736816 0.000205568 3.28748e-05 0.000205568 0.000345645 -0.000102265 3.28748e-05 -0.000102265 0.00120167)
(0.000991107 0.000263022 0.000321787 0.000263022 0.000435448 -4.20175e-05 0.000321787 -4.20175e-05 0.00195101)
(0.000973713 0.000106076 0.000169771 0.000106076 0.000895753 -0.000590467 0.000169771 -0.000590467 0.00101814)
(0.00127408 -0.000731893 0.000132173 -0.000731893 0.00479625 0.000275446 0.000132173 0.000275446 0.00101324)
(0.00312169 -0.00185315 -0.000922635 -0.00185315 0.00622882 0.00199779 -0.000922635 0.00199779 0.00300408)
(0.00287792 -0.00111 -0.0012316 -0.00111 0.00499574 0.00266014 -0.0012316 0.00266014 0.00386486)
(0.00197997 -0.000185791 -0.000880529 -0.000185791 0.0025276 0.00230746 -0.000880529 0.00230746 0.00453037)
(0.00148956 -0.000288257 0.000293711 -0.000288257 0.000465648 -3.0471e-05 0.000293711 -3.0471e-05 0.00383053)
(0.000797209 -0.000284127 0.000427054 -0.000284127 0.00111603 -0.00129351 0.000427054 -0.00129351 0.00242574)
(0.000342271 -0.000165895 0.000115039 -0.000165895 0.00100904 -0.000738578 0.000115039 -0.000738578 0.00109102)
(0.000208285 -2.66759e-05 2.40905e-05 -2.66759e-05 0.00033626 -0.000147538 2.40905e-05 -0.000147538 0.000350189)
(0.000334002 -5.85299e-05 0.000157571 -5.85299e-05 0.000258259 -6.19767e-05 0.000157571 -6.19767e-05 0.000220549)
(0.000671962 0.000127181 0.000449451 0.000127181 0.000374493 0.000120969 0.000449451 0.000120969 0.000688901)
(0.000886661 0.000480345 0.000661353 0.000480345 0.00105451 0.000538532 0.000661353 0.000538532 0.00117113)
(0.000606716 0.00031881 0.000315437 0.00031881 0.000813691 0.000425294 0.000315437 0.000425294 0.000773066)
(0.000490879 0.000192511 -2.30903e-05 0.000192511 0.000297731 -7.3269e-05 -2.30903e-05 -7.3269e-05 0.000404956)
(0.000737515 0.00020662 1.37184e-06 0.00020662 0.000966478 -0.000385186 1.37184e-06 -0.000385186 0.000411946)
(0.000658587 -0.000121997 0.000197986 -0.000121997 0.00091834 -0.0003222 0.000197986 -0.0003222 0.000308067)
(0.000523694 -0.000143687 0.000251906 -0.000143687 0.000339569 -0.000122717 0.000251906 -0.000122717 0.000169477)
(0.000383228 7.41258e-05 0.000209693 7.41258e-05 0.000176624 -4.29079e-05 0.000209693 -4.29079e-05 0.000134451)
(0.000309773 0.00011455 0.00018179 0.00011455 0.000173409 1.54441e-05 0.00018179 1.54441e-05 0.000309423)
(0.000589284 0.000188917 0.00022042 0.000188917 0.000421735 0.000229862 0.00022042 0.000229862 0.00102754)
(0.000755157 0.000223754 0.000247359 0.000223754 0.000650869 0.00037883 0.000247359 0.00037883 0.00132322)
(0.00043936 8.51471e-05 0.000107025 8.51471e-05 0.000324409 7.81473e-06 0.000107025 7.81473e-06 0.000373968)
(0.000464037 0.000108236 0.000217505 0.000108236 0.000958918 0.000447017 0.000217505 0.000447017 0.000697372)
(0.00132235 2.85869e-05 -0.000493872 2.85869e-05 0.00328629 0.00196294 -0.000493872 0.00196294 0.0030632)
(0.00150344 -0.000115572 -0.000499486 -0.000115572 0.00339438 0.00201241 -0.000499486 0.00201241 0.00373026)
(0.000903036 -0.000128255 -0.000210313 -0.000128255 0.0018378 0.00127568 -0.000210313 0.00127568 0.00224257)
(0.000382975 -6.42026e-05 0.00017709 -6.42026e-05 0.000814645 0.000282735 0.00017709 0.000282735 0.000411448)
(0.000458101 -3.07523e-05 0.000159288 -3.07523e-05 0.000658297 -0.000118006 0.000159288 -0.000118006 0.000194469)
(0.00053707 -6.80722e-05 0.000168956 -6.80722e-05 0.000789549 -0.000174637 0.000168956 -0.000174637 0.000252247)
(0.000366345 -0.000103647 0.000155858 -0.000103647 0.00109334 0.000219955 0.000155858 0.000219955 0.000408276)
(0.000520845 -0.000106693 -0.000134187 -0.000106693 0.00138178 0.000905331 -0.000134187 0.000905331 0.00151167)
(0.00060134 -0.000164585 -0.000273445 -0.000164585 0.00102726 0.000840903 -0.000273445 0.000840903 0.00173431)
(0.000454351 -0.00016882 -0.000138655 -0.00016882 0.000457349 0.00016686 -0.000138655 0.00016686 0.000998028)
(0.0005889 -3.92096e-05 -7.28257e-05 -3.92096e-05 0.000283359 -9.55984e-05 -7.28257e-05 -9.55984e-05 0.000847694)
(0.00063215 0.000170443 0.000497589 0.000170443 0.000269881 6.07437e-05 0.000497589 6.07437e-05 0.000729276)
(0.000763228 0.000325009 9.07797e-05 0.000325009 0.000401115 -7.66581e-05 9.07797e-05 -7.66581e-05 0.00127999)
(0.000805409 0.000319893 -0.000189203 0.000319893 0.000617276 -0.000294862 -0.000189203 -0.000294862 0.0011467)
(0.000521026 0.000182764 0.000109218 0.000182764 0.000380682 -6.70273e-06 0.000109218 -6.70273e-06 0.000714776)
(0.000564959 0.000194659 0.000354782 0.000194659 0.000834814 0.000357011 0.000354782 0.000357011 0.000779346)
(0.000579858 -4.30718e-05 0.000201847 -4.30718e-05 0.00117776 0.000239702 0.000201847 0.000239702 0.000576249)
(0.000548795 -0.00014426 0.000153298 -0.00014426 0.000425895 -3.02857e-05 0.000153298 -3.02857e-05 0.000356628)
(0.000543037 0.000207383 0.000249229 0.000207383 0.0010954 0.00026113 0.000249229 0.00026113 0.000689919)
(0.0013797 -0.000512233 -0.00105789 -0.000512233 0.00449976 0.00213751 -0.00105789 0.00213751 0.00323052)
(0.00277507 -0.00172271 -0.00127602 -0.00172271 0.00616944 0.00238619 -0.00127602 0.00238619 0.00450559)
(0.00262608 -0.00188413 -0.00154567 -0.00188413 0.00518719 0.00242181 -0.00154567 0.00242181 0.00403918)
(0.00138526 -0.00107338 -0.00117958 -0.00107338 0.00160155 0.00160631 -0.00117958 0.00160631 0.00252601)
(0.000709938 -0.00028479 -0.000257289 -0.00028479 0.000264681 0.000445379 -0.000257289 0.000445379 0.00207502)
(0.00126451 -0.000214699 0.000318818 -0.000214699 0.000512161 -9.5061e-05 0.000318818 -9.5061e-05 0.00332701)
(0.00100292 3.04487e-05 0.000163655 3.04487e-05 0.00064493 -6.28019e-05 0.000163655 -6.28019e-05 0.00226727)
(0.000323352 -3.45148e-06 2.38251e-05 -3.45148e-06 0.000483332 -0.000225904 2.38251e-05 -0.000225904 0.000382673)
(0.0009935 0.00047149 0.000684284 0.00047149 0.0011737 0.000307383 0.000684284 0.000307383 0.000984297)
(0.000757404 0.000490896 0.000402469 0.000490896 0.00105355 0.000344698 0.000402469 0.000344698 0.000634726)
(0.000183441 5.38444e-05 0.000114773 5.38444e-05 0.000228522 4.66406e-06 0.000114773 4.66406e-06 2.76201e-05)
(0.00048834 0.000149066 0.000306036 0.000149066 0.000420738 8.7685e-05 0.000306036 8.7685e-05 0.000294919)
(0.000360242 5.48037e-05 0.000182002 5.48037e-05 0.000415629 -0.00014191 0.000182002 -0.00014191 0.000262911)
(0.000698429 -2.24868e-05 0.000434591 -2.24868e-05 0.000518652 -0.000305225 0.000434591 -0.000305225 0.000727982)
(0.00124267 -1.38981e-05 0.000908392 -1.38981e-05 0.000497081 -0.000393448 0.000908392 -0.000393448 0.00158113)
(0.00106169 -2.51904e-05 0.000619793 -2.51904e-05 0.000449674 -0.000569475 0.000619793 -0.000569475 0.00172975)
(0.00112465 0.000196001 0.000163072 0.000196001 0.000598091 -0.000568485 0.000163072 -0.000568485 0.00167946)
(0.00118922 0.000343574 8.15894e-05 0.000343574 0.00044914 -0.000273651 8.15894e-05 -0.000273651 0.00211469)
(0.00125009 0.00047766 2.91103e-05 0.00047766 0.000440056 0.000147601 2.91103e-05 0.000147601 0.00261661)
(0.00113731 0.000382292 -6.33718e-05 0.000382292 0.000944265 0.00063682 -6.33718e-05 0.00063682 0.00208721)
(0.000690211 0.000125261 -2.59746e-05 0.000125261 0.00111329 0.00026489 -2.59746e-05 0.00026489 0.000461603)
(0.000311126 3.77912e-05 0.000141872 3.77912e-05 0.000614123 -0.00018708 0.000141872 -0.00018708 0.000452138)
(0.000285318 -3.22005e-05 6.92839e-05 -3.22005e-05 0.000439789 -0.000170171 6.92839e-05 -0.000170171 0.00083548)
(0.000246658 -2.76025e-05 -3.18047e-06 -2.76025e-05 0.000321299 -9.53823e-05 -3.18047e-06 -9.53823e-05 0.000580712)
(0.000225318 -1.53882e-05 8.80696e-05 -1.53882e-05 0.000339098 -2.05496e-05 8.80696e-05 -2.05496e-05 0.00017491)
(0.000445783 4.77312e-05 9.07425e-05 4.77312e-05 0.000467828 5.87357e-05 9.07425e-05 5.87357e-05 0.000373819)
(0.000600124 0.000169252 5.14062e-05 0.000169252 0.000543723 -7.48783e-07 5.14062e-05 -7.48783e-07 0.000663115)
(0.000387924 9.23146e-05 0.000115826 9.23146e-05 0.000490509 -3.83547e-05 0.000115826 -3.83547e-05 0.000305045)
(0.000264381 1.04122e-06 -1.73785e-05 1.04122e-06 0.000440888 5.98319e-05 -1.73785e-05 5.98319e-05 0.000628726)
(0.000539319 -8.42297e-05 -0.000336207 -8.42297e-05 0.000546379 0.000179496 -0.000336207 0.000179496 0.00145267)
(0.00064826 -0.000101164 -0.000335701 -0.000101164 0.000490414 -6.70375e-05 -0.000335701 -6.70375e-05 0.00128569)
(0.000570878 2.13748e-05 0.000117005 2.13748e-05 0.000327601 -0.000160477 0.000117005 -0.000160477 0.000656357)
(0.000550352 7.41975e-05 0.000342678 7.41975e-05 0.000349239 8.46526e-05 0.000342678 8.46526e-05 0.000338936)
(0.000346566 4.42863e-05 0.000143359 4.42863e-05 0.000346326 -4.57997e-05 0.000143359 -4.57997e-05 0.000149479)
(0.000385858 7.93748e-05 0.000152203 7.93748e-05 0.000366954 -3.94825e-05 0.000152203 -3.94825e-05 0.000172468)
(0.000337757 5.56763e-05 0.000190806 5.56763e-05 0.000265456 8.07736e-06 0.000190806 8.07736e-06 0.000262608)
(0.00049086 0.000176581 0.0003362 0.000176581 0.000340396 0.000142894 0.0003362 0.000142894 0.000634781)
(0.000465172 7.90898e-05 8.81199e-05 7.90898e-05 0.000286907 1.49887e-05 8.81199e-05 1.49887e-05 0.000399763)
(0.000845718 9.21963e-05 0.000216613 9.21963e-05 0.000414566 1.46404e-05 0.000216613 1.46404e-05 0.000370745)
(0.000531703 -0.000100627 0.000246823 -0.000100627 0.000427809 -3.30266e-05 0.000246823 -3.30266e-05 0.000453311)
(0.000413433 2.68677e-05 -3.77866e-05 2.68677e-05 0.000652981 -0.000296677 -3.77866e-05 -0.000296677 0.00123386)
(0.000759306 -1.00285e-05 -0.000478243 -1.00285e-05 0.000807077 -0.000273456 -0.000478243 -0.000273456 0.00265125)
(0.000898752 -7.27326e-05 -0.000797566 -7.27326e-05 0.000660229 -7.92323e-05 -0.000797566 -7.92323e-05 0.00277757)
(0.000675443 -0.000339266 -0.000721623 -0.000339266 0.000381932 0.000488265 -0.000721623 0.000488265 0.00190318)
(0.000753809 -0.00032489 -0.000376211 -0.00032489 0.00102591 0.00101584 -0.000376211 0.00101584 0.00168005)
(0.000799432 0.000133639 5.73182e-05 0.000133639 0.00124514 0.000800636 5.73182e-05 0.000800636 0.00130912)
(0.000292315 4.35766e-06 0.000181093 4.35766e-06 0.000392467 -0.000113262 0.000181093 -0.000113262 0.000318629)
(0.000864017 0.000313051 0.000638938 0.000313051 0.00106224 0.000231168 0.000638938 0.000231168 0.00096669)
(0.00107291 0.000565732 0.000718607 0.000565732 0.00109543 0.000389863 0.000718607 0.000389863 0.000937528)
(0.000227914 -1.3289e-05 0.000124044 -1.3289e-05 0.000200394 -3.9489e-05 0.000124044 -3.9489e-05 -3.39473e-05)
(0.000484603 0.000202894 0.000316456 0.000202894 0.000521456 0.000177592 0.000316456 0.000177592 0.000295693)
(0.00033669 1.29435e-05 0.00020756 1.29435e-05 0.000259896 -2.70046e-05 0.00020756 -2.70046e-05 0.000224883)
(0.000673815 0.000128755 0.000125376 0.000128755 0.00109381 3.23048e-05 0.000125376 3.23048e-05 0.000446066)
(0.00100689 0.000224097 0.000597009 0.000224097 0.000829589 3.21837e-05 0.000597009 3.21837e-05 0.00127027)
(0.00101349 4.77415e-05 0.000788817 4.77415e-05 0.000380204 -0.000486962 0.000788817 -0.000486962 0.00203268)
(0.00112065 1.37473e-05 0.000459135 1.37473e-05 0.000611333 -0.000710856 0.000459135 -0.000710856 0.00197342)
(0.00071227 8.99751e-05 0.000230225 8.99751e-05 0.000332519 -0.000261329 0.000230225 -0.000261329 0.001011)
(0.000469013 6.0265e-05 0.000234006 6.0265e-05 0.00025964 -3.81079e-05 0.000234006 -3.81079e-05 0.000394314)
(0.000650344 7.29086e-05 0.000277806 7.29086e-05 0.000295909 -0.000175092 0.000277806 -0.000175092 0.000586742)
(0.00158666 0.000381695 0.000219624 0.000381695 0.000609554 -0.000533818 0.000219624 -0.000533818 0.00219963)
(0.00227022 0.000632354 -0.000215946 0.000632354 0.00128221 -0.000855748 -0.000215946 -0.000855748 0.0029485)
(0.00145115 0.000588574 -0.000198309 0.000588574 0.00182952 -0.000794739 -0.000198309 -0.000794739 0.0014362)
(0.000626155 0.000200262 0.000192696 0.000200262 0.00144439 -0.000122927 0.000192696 -0.000122927 0.000420074)
(0.000319654 -4.4073e-05 0.000189582 -4.4073e-05 0.000688557 0.000125924 0.000189582 0.000125924 0.00023678)
(0.000250388 -7.75605e-06 0.000145878 -7.75605e-06 0.000349155 -4.90379e-05 0.000145878 -4.90379e-05 0.000143592)
(0.000390932 1.88686e-05 0.000129581 1.88686e-05 0.000364883 -3.77512e-05 0.000129581 -3.77512e-05 0.000355636)
