/*--------------------------------*- C++ -*----------------------------------*\
  =========                 |
  \\      /  F ield         | OpenFOAM: The Open Source CFD Toolbox
   \\    /   O peration     | Website:  https://openfoam.org
    \\  /    A nd           | Version:  10
     \\/     M anipulation  |
\*---------------------------------------------------------------------------*/
FoamFile
{
    format      ascii;
    class       volTensorField;
    location    "6";
    object      TauNN;
}
// * * * * * * * * * * * * * * * * * * * * * * * * * * * * * * * * * * * * * //

dimensions      [0 2 -2 0 0 0 0];

internalField   nonuniform List<tensor> 
25600
(
(0.000328391 1.1242e-05 0.000129323 1.1242e-05 0.000225966 -5.22127e-05 0.000129323 -5.22127e-05 0.00010729)
(0.000162368 -1.748e-05 9.02871e-05 -1.748e-05 0.000169973 5.30295e-06 9.02871e-05 5.30295e-06 -9.26736e-06)
(0.00012971 -2.37469e-05 5.77308e-05 -2.37469e-05 0.0001808 6.43367e-05 5.77308e-05 6.43367e-05 0.000118233)
(0.000150914 -3.50364e-05 7.44322e-05 -3.50364e-05 0.000214292 8.67322e-05 7.44322e-05 8.67322e-05 0.000108021)
(0.000167585 -2.94102e-05 0.000110418 -2.94102e-05 0.000181221 9.84874e-06 0.000110418 9.84874e-06 1.59604e-07)
(0.000193911 1.35824e-05 0.000145423 1.35824e-05 0.000121387 -2.96608e-05 0.000145423 -2.96608e-05 2.66846e-05)
(0.000198478 3.77297e-05 0.000163872 3.77297e-05 8.68955e-05 -4.00003e-06 0.000163872 -4.00003e-06 0.000100163)
(0.00017542 2.65548e-05 0.000122153 2.65548e-05 8.95093e-05 9.06922e-06 0.000122153 9.06922e-06 0.000139746)
(0.000152346 -1.06357e-06 7.90497e-05 -1.06357e-06 0.000104664 -2.95946e-05 7.90497e-05 -2.95946e-05 0.000182786)
(0.000134394 -1.81841e-05 9.24356e-05 -1.81841e-05 0.000107167 -4.28129e-05 9.24356e-05 -4.28129e-05 0.000155717)
(0.000154347 -2.53301e-05 0.00012901 -2.53301e-05 0.000144016 -1.59284e-05 0.00012901 -1.59284e-05 9.31534e-05)
(0.000204937 -1.59536e-05 0.000141448 -1.59536e-05 0.000208764 -5.10272e-06 0.000141448 -5.10272e-06 7.73518e-05)
(0.000222267 -1.97664e-05 0.000146998 -1.97664e-05 0.000217518 4.18164e-06 0.000146998 4.18164e-06 0.000114285)
(0.000226019 -3.40557e-05 0.000137701 -3.40557e-05 0.000194725 2.9997e-05 0.000137701 2.9997e-05 0.000166137)
(0.00023582 -2.82582e-05 0.000102674 -2.82582e-05 0.000177516 3.8919e-05 0.000102674 3.8919e-05 0.00019995)
(0.00024634 1.67647e-05 5.92731e-05 1.67647e-05 0.000178492 1.21789e-05 5.92731e-05 1.21789e-05 0.000191917)
(0.000212641 4.30318e-05 4.97662e-05 4.30318e-05 0.000162512 -1.52849e-05 4.97662e-05 -1.52849e-05 0.000126769)
(0.000151114 3.0173e-05 5.62957e-05 3.0173e-05 0.000129803 -2.00039e-05 5.62957e-05 -2.00039e-05 6.73253e-05)
(0.000133085 4.30178e-06 7.26897e-05 4.30178e-06 0.000132247 -1.18278e-06 7.26897e-05 -1.18278e-06 5.40244e-05)
(0.000135663 -1.76467e-05 9.44333e-05 -1.76467e-05 0.000128442 9.33744e-06 9.44333e-05 9.33744e-06 5.77571e-05)
(0.000143314 -1.78106e-05 0.000106659 -1.78106e-05 0.000109562 3.24473e-06 0.000106659 3.24473e-06 6.82252e-05)
(0.000137662 -9.92417e-06 9.70857e-05 -9.92417e-06 0.000115517 -1.26669e-05 9.70857e-05 -1.26669e-05 5.84731e-05)
(0.000129004 1.80583e-06 9.02871e-05 1.80583e-06 0.000138371 -1.78348e-05 9.02871e-05 -1.78348e-05 3.31951e-05)
(0.000141547 1.39475e-05 9.73558e-05 1.39475e-05 0.00014572 -1.08248e-05 9.73558e-05 -1.08248e-05 1.02889e-05)
(0.000182703 1.3818e-05 0.00011871 1.3818e-05 0.000147385 -1.85985e-05 0.00011871 -1.85985e-05 1.80958e-05)
(0.000245632 1.62376e-05 0.000144219 1.62376e-05 0.000183824 -4.50285e-05 0.000144219 -4.50285e-05 6.65475e-05)
(0.000266114 7.60704e-06 0.000155825 7.60704e-06 0.000196504 -3.84115e-05 0.000155825 -3.84115e-05 9.1285e-05)
(0.000224851 -8.47224e-06 0.00013333 -8.47224e-06 0.00016117 -1.36597e-05 0.00013333 -1.36597e-05 7.40114e-05)
(0.00018672 3.94238e-05 5.40772e-05 3.94238e-05 0.000154728 -2.59392e-05 5.40772e-05 -2.59392e-05 6.49521e-05)
(0.000186924 0.000124437 5.50225e-06 0.000124437 0.000224652 -5.54584e-05 5.50225e-06 -5.54584e-05 5.16046e-05)
(0.0001721 0.000119275 6.6122e-05 0.000119275 0.000222692 -2.28658e-05 6.6122e-05 -2.28658e-05 1.08267e-05)
(0.000164256 5.98868e-05 0.000116303 5.98868e-05 0.0001707 4.34928e-07 0.000116303 4.34928e-07 1.62151e-05)
(0.000200984 4.11533e-05 0.000113827 4.11533e-05 0.000144098 -1.79969e-05 0.000113827 -1.79969e-05 2.96285e-05)
(0.000234442 5.00502e-05 0.000132701 5.00502e-05 0.000196426 -3.04803e-05 0.000132701 -3.04803e-05 2.1753e-05)
(0.000295227 4.14019e-05 0.000189077 4.14019e-05 0.000447938 5.79292e-05 0.000189077 5.79292e-05 0.00011176)
(0.000381168 2.36118e-05 0.000213267 2.36118e-05 0.000893588 0.00016656 0.000213267 0.00016656 0.000222257)
(0.000446633 -3.01832e-05 0.000212166 -3.01832e-05 0.00119836 6.73234e-05 0.000212166 6.73234e-05 0.000188101)
(0.000518372 -9.36482e-05 0.000165956 -9.36482e-05 0.000937151 -0.000212746 0.000165956 -0.000212746 0.000143748)
(0.000595193 -3.21725e-05 0.000116422 -3.21725e-05 0.000566418 -0.000298218 0.000116422 -0.000298218 0.000309139)
(0.00053916 3.60906e-05 0.000123759 3.60906e-05 0.000353002 -0.000181188 0.000123759 -0.000181188 0.000373555)
(0.000313754 -0.00023137 0.000110094 -0.00023137 0.000559473 4.05628e-05 0.000110094 4.05628e-05 2.70234e-05)
(0.000297722 -0.000105437 1.9623e-05 -0.000105437 0.000597447 0.000391017 1.9623e-05 0.000391017 0.000541365)
(0.0005556 -5.72801e-05 7.25221e-06 -5.72801e-05 0.000734616 0.000642022 7.25221e-06 0.000642022 0.00158955)
(0.000677058 -0.000100478 3.32482e-07 -0.000100478 0.000759743 0.000671037 3.32482e-07 0.000671037 0.00203782)
(0.000467378 -0.00014056 -6.43292e-05 -0.00014056 0.000509234 0.000493984 -6.43292e-05 0.000493984 0.00142342)
(0.00027394 -0.000102943 -5.37587e-05 -0.000102943 0.000211526 0.000171052 -5.37587e-05 0.000171052 0.00055864)
(0.000352113 3.66624e-05 -2.29739e-05 3.66624e-05 0.000158464 -1.45193e-06 -2.29739e-05 -1.45193e-06 0.000265489)
(0.000470314 0.000215022 3.95048e-05 0.000215022 0.000355527 2.65185e-05 3.95048e-05 2.65185e-05 0.000340773)
(0.000243505 0.000163776 -2.25324e-05 0.000163776 0.00040372 -2.52398e-05 -2.25324e-05 -2.52398e-05 0.000212541)
(8.20984e-05 -2.78745e-06 5.57518e-05 -2.78745e-06 0.000159476 -8.57376e-05 5.57518e-05 -8.57376e-05 0.00014877)
(0.000208271 -2.56142e-05 0.000229444 -2.56142e-05 0.000111533 -1.89431e-06 0.000229444 -1.89431e-06 0.000251469)
(0.000233001 -2.53627e-05 0.000208272 -2.53627e-05 0.000156919 3.28068e-05 0.000208272 3.28068e-05 0.000250523)
(0.000165612 -4.04743e-05 0.000103786 -4.04743e-05 0.000145555 -3.39467e-06 0.000103786 -3.39467e-06 0.000181581)
(0.000170097 -9.55537e-07 3.80566e-05 -9.55537e-07 0.000172902 -3.11872e-05 3.80566e-05 -3.11872e-05 0.000134239)
(0.000181684 5.81741e-05 2.26703e-05 5.81741e-05 0.000221393 -4.04269e-05 2.26703e-05 -4.04269e-05 7.45547e-05)
(0.000158385 7.44509e-05 3.9367e-05 7.44509e-05 0.000241478 -2.46884e-05 3.9367e-05 -2.46884e-05 3.56273e-05)
(0.00012836 4.77601e-05 8.42465e-05 4.77601e-05 0.000230394 1.45286e-05 8.42465e-05 1.45286e-05 2.75653e-05)
(0.000141042 1.83312e-05 0.000118611 1.83312e-05 0.000200449 2.97511e-05 0.000118611 2.97511e-05 3.52324e-06)
(0.000168788 -6.79493e-06 0.000127841 -6.79493e-06 0.000179485 -6.0536e-07 0.000127841 -6.0536e-07 -5.60741e-06)
(0.000196776 -1.86963e-05 0.00014333 -1.86963e-05 0.00016003 -2.12342e-05 0.00014333 -2.12342e-05 3.59881e-05)
(0.000197218 -2.48291e-05 0.000134121 -2.48291e-05 0.000139973 -2.08458e-05 0.000134121 -2.08458e-05 5.63208e-05)
(0.000149805 3.26894e-07 8.5393e-05 3.26894e-07 0.000116549 -2.43215e-05 8.5393e-05 -2.43215e-05 3.15819e-05)
(9.88007e-05 3.33861e-05 4.81093e-05 3.33861e-05 0.000134359 -4.04492e-05 4.81093e-05 -4.04492e-05 3.32253e-05)
(8.1534e-05 2.46856e-05 4.7571e-05 2.46856e-05 0.000164312 -7.72728e-05 4.7571e-05 -7.72728e-05 0.000136428)
(0.000115278 -5.80121e-06 7.76518e-05 -5.80121e-06 0.000169448 -9.84799e-05 7.76518e-05 -9.84799e-05 0.000279007)
(0.000134474 -1.50036e-06 5.83129e-05 -1.50036e-06 0.000151099 -6.50305e-05 5.83129e-05 -6.50305e-05 0.000263868)
(0.000136606 8.58586e-06 2.7366e-05 8.58586e-06 0.000139988 -4.21107e-05 2.7366e-05 -4.21107e-05 0.000121971)
(0.000181217 2.54484e-05 4.91226e-05 2.54484e-05 0.000135557 -3.40287e-05 4.91226e-05 -3.40287e-05 1.13946e-05)
(0.000169388 4.8195e-05 5.47618e-05 4.8195e-05 0.000114839 -2.182e-05 5.47618e-05 -2.182e-05 -3.59158e-05)
(7.2391e-05 4.27542e-05 2.24179e-05 4.27542e-05 0.000108793 -3.67062e-05 2.24179e-05 -3.67062e-05 -1.38299e-05)
(7.06923e-05 2.54819e-05 8.70312e-05 2.54819e-05 0.000152119 -3.28394e-05 8.70312e-05 -3.28394e-05 0.000166849)
(0.00013037 4.42946e-05 0.000155591 4.42946e-05 0.000220618 2.07787e-05 0.000155591 2.07787e-05 0.000276436)
(0.000140793 4.15295e-05 0.000157394 4.15295e-05 0.000224343 1.2232e-05 0.000157394 1.2232e-05 0.000114883)
(0.00017818 -3.28757e-06 0.000130575 -3.28757e-06 0.000172131 -7.13486e-06 0.000130575 -7.13486e-06 1.05235e-05)
(0.000278403 -4.38653e-05 0.000128364 -4.38653e-05 0.000221608 2.70065e-05 0.000128364 2.70065e-05 0.000107302)
(0.000344954 -3.75938e-05 0.000139154 -3.75938e-05 0.000305039 4.16832e-05 0.000139154 4.16832e-05 0.000216864)
(0.000353704 1.96947e-05 0.000156197 1.96947e-05 0.000351877 1.85054e-06 0.000156197 1.85054e-06 0.000257947)
(0.000353775 6.56955e-06 0.000170269 6.56955e-06 0.00039761 -3.86965e-05 0.000170269 -3.86965e-05 0.000224107)
(0.00040832 -0.000100666 0.000180523 -0.000100666 0.000460808 -0.000113347 0.000180523 -0.000113347 0.000151913)
(0.000440032 -0.00024228 0.000174616 -0.00024228 0.000555731 -0.000140947 0.000174616 -0.000140947 5.86405e-05)
(0.000238844 -0.000187044 -6.07949e-05 -0.000187044 0.00049274 0.000298363 -6.07949e-05 0.000298363 0.00055447)
(0.000285396 -0.000185017 -0.000118576 -0.000185017 0.000570172 0.000347305 -0.000118576 0.000347305 0.000650167)
(0.000288287 -0.0001015 -9.31127e-05 -0.0001015 0.000413732 0.00023871 -9.31127e-05 0.00023871 0.000730951)
(0.000256785 1.83843e-06 -8.24695e-05 1.83843e-06 0.000291691 -4.13489e-05 -8.24695e-05 -4.13489e-05 0.000720271)
(0.000262962 0.000119161 -0.000171204 0.000119161 0.000449111 -0.000303289 -0.000171204 -0.000303289 0.000565632)
(0.000405025 0.00032872 -0.000151388 0.00032872 0.00076587 -0.000220408 -0.000151388 -0.000220408 0.000426607)
(0.000609012 0.000417642 0.00010385 0.000417642 0.000579099 7.78027e-06 0.00010385 7.78027e-06 0.00034485)
(0.000354491 0.000119634 0.000182739 0.000119634 8.52912e-05 7.0883e-06 0.000182739 7.0883e-06 6.04554e-05)
(0.000216734 6.18733e-05 0.000157589 6.18733e-05 0.000289158 4.29777e-05 0.000157589 4.29777e-05 -4.15539e-05)
(0.000585471 0.000333404 0.000356624 0.000333404 0.000869179 0.000369024 0.000356624 0.000369024 0.000364465)
(0.000622271 0.000211344 0.00039451 0.000211344 0.000645892 0.000293594 0.00039451 0.000293594 0.000436594)
(0.000261393 -1.09738e-05 0.00018727 -1.09738e-05 0.00024335 4.8046e-05 0.00018727 4.8046e-05 0.000140401)
(0.000203672 -9.50228e-06 0.000100359 -9.50228e-06 0.00021088 -2.4559e-05 0.000100359 -2.4559e-05 4.59226e-05)
(0.000264902 1.2164e-05 0.000116599 1.2164e-05 0.000257318 -3.55402e-05 0.000116599 -3.55402e-05 4.22297e-05)
(0.000298823 -2.94652e-05 0.000116244 -2.94652e-05 0.000405008 -1.23996e-05 0.000116244 -1.23996e-05 1.29008e-05)
(0.000320722 -5.86854e-05 0.000138822 -5.86854e-05 0.000658328 0.000113508 0.000138822 0.000113508 7.32762e-05)
(0.000303801 -6.75451e-05 0.000159231 -6.75451e-05 0.000671004 0.000207473 0.000159231 0.000207473 0.000176336)
(0.000307074 -8.82307e-05 0.000175095 -8.82307e-05 0.000516446 0.000209684 0.000175095 0.000209684 0.00024863)
(0.000276554 -8.22963e-05 0.000165521 -8.22963e-05 0.000336211 0.000129281 0.000165521 0.000129281 0.000213676)
(0.000229913 -5.75222e-05 0.000139183 -5.75222e-05 0.000229802 5.68917e-05 0.000139183 5.68917e-05 0.000145852)
(0.000207043 -5.28386e-05 0.000115673 -5.28386e-05 0.000190663 1.62255e-05 0.000115673 1.62255e-05 8.77499e-05)
(0.00019512 -4.36744e-05 9.55667e-05 -4.36744e-05 0.000133586 -3.27546e-06 9.55667e-05 -3.27546e-06 6.59124e-05)
(0.000161791 -4.41149e-05 5.87106e-05 -4.41149e-05 8.6592e-05 1.12196e-05 5.87106e-05 1.12196e-05 7.79101e-05)
(0.000125421 -2.98359e-05 5.16577e-05 -2.98359e-05 7.23539e-05 2.27839e-05 5.16577e-05 2.27839e-05 0.0001183)
(0.000112575 7.83708e-06 0.000107359 7.83708e-06 8.98971e-05 -1.81478e-05 0.000107359 -1.81478e-05 6.14623e-05)
(0.000198908 2.09678e-05 0.000126299 2.09678e-05 0.000156596 -1.04858e-05 0.000126299 -1.04858e-05 6.69783e-05)
(0.000327673 6.17057e-05 0.000178648 6.17057e-05 0.000189735 9.45851e-06 0.000178648 9.45851e-06 0.000325923)
(0.000296947 3.50093e-05 0.000207843 3.50093e-05 0.000157581 -1.82968e-05 0.000207843 -1.82968e-05 0.000211783)
(0.000154828 -6.61276e-05 1.18641e-05 -6.61276e-05 0.000102165 1.10148e-05 1.18641e-05 1.10148e-05 8.49666e-05)
(0.000247462 -0.000167143 -0.000257151 -0.000167143 0.000190525 0.000285681 -0.000257151 0.000285681 0.000922284)
(0.000479889 -0.000145525 -0.000133889 -0.000145525 0.000481742 0.000521768 -0.000133889 0.000521768 0.0016518)
(0.000479506 2.05263e-06 0.000132191 2.05263e-06 0.000591276 0.000498266 0.000132191 0.000498266 0.00096331)
(0.000279141 2.14111e-06 0.000193762 2.14111e-06 0.000398905 0.000121737 0.000193762 0.000121737 7.36849e-05)
(0.000285838 -9.08691e-06 0.000148169 -9.08691e-06 0.000215093 -5.01694e-05 0.000148169 -5.01694e-05 1.47829e-05)
(0.000251085 -3.05576e-05 0.000165177 -3.05576e-05 0.00012103 2.23098e-05 0.000165177 2.23098e-05 0.000125434)
(0.00029115 -0.0001054 0.000201728 -0.0001054 0.000167684 -1.79578e-05 0.000201728 -1.79578e-05 0.00042068)
(0.000377852 -0.000123409 0.000270808 -0.000123409 0.000210326 -4.315e-05 0.000270808 -4.315e-05 0.000728914)
(0.000379321 -8.5718e-05 0.000237977 -8.5718e-05 0.000222848 6.39362e-05 0.000237977 6.39362e-05 0.000805052)
(0.000296335 -8.86563e-05 0.000152337 -8.86563e-05 0.000286443 0.000179633 0.000152337 0.000179633 0.000728941)
(0.000225592 -0.000130522 4.04762e-05 -0.000130522 0.000371248 0.00023766 4.04762e-05 0.00023766 0.000592116)
(0.000390426 7.67522e-05 -0.00029665 7.67522e-05 0.000472868 -0.000409433 -0.00029665 -0.000409433 0.00170458)
(0.000259271 3.80259e-06 -0.000225864 3.80259e-06 0.000346458 2.01296e-05 -0.000225864 2.01296e-05 0.000837598)
(0.000234017 -0.00018196 -0.000100816 -0.00018196 0.000347298 0.000140716 -0.000100816 0.000140716 0.000352784)
(0.000240582 -0.000207406 -3.96445e-05 -0.000207406 0.000233997 8.88314e-05 -3.96445e-05 8.88314e-05 0.000166904)
(0.000218962 -4.21135e-05 -1.8226e-05 -4.21135e-05 0.000121154 5.60377e-06 -1.8226e-05 5.60377e-06 8.98995e-05)
(0.000189362 4.13293e-05 5.98552e-05 4.13293e-05 0.00011109 -1.86358e-05 5.98552e-05 -1.86358e-05 4.6824e-06)
(0.000221216 2.93329e-05 0.000127704 2.93329e-05 0.000137735 -3.85176e-05 0.000127704 -3.85176e-05 8.22574e-06)
(0.000433013 0.000177974 0.000161348 0.000177974 0.000513028 -6.85547e-05 0.000161348 -6.85547e-05 9.92826e-05)
(0.000544097 0.00030217 0.00029286 0.00030217 0.00094098 0.000211176 0.00029286 0.000211176 0.000271813)
(0.00039339 0.000105976 0.000231277 0.000105976 0.000601507 0.000275937 0.000231277 0.000275937 0.000398043)
(0.000140782 -1.87326e-05 7.79899e-05 -1.87326e-05 0.000207605 3.62908e-05 7.79899e-05 3.62908e-05 0.000266811)
(0.000104217 5.11892e-05 -5.86733e-06 5.11892e-05 0.000262577 -0.000124972 -5.86733e-06 -0.000124972 0.000220228)
(0.000104514 1.9528e-05 4.17447e-05 1.9528e-05 0.000274635 -0.000125235 4.17447e-05 -0.000125235 0.000192556)
(0.000164346 -3.18121e-05 0.000144277 -3.18121e-05 0.000207042 -3.36142e-05 0.000144277 -3.36142e-05 0.000168509)
(0.000277709 5.32903e-06 0.000178496 5.32903e-06 0.000305999 1.00415e-05 0.000178496 1.00415e-05 0.000141899)
(0.000414785 1.6517e-05 0.000155084 1.6517e-05 0.000542838 -0.000132076 0.000155084 -0.000132076 0.000185755)
(0.000494473 -8.17431e-05 0.000185057 -8.17431e-05 0.00064536 -0.000187458 0.000185057 -0.000187458 0.000213811)
(0.000387059 -0.000158522 0.000185827 -0.000158522 0.000494004 -4.72395e-05 0.000185827 -4.72395e-05 0.00012054)
(0.000258627 -0.000114737 0.000130234 -0.000114737 0.000299291 2.32579e-05 0.000130234 2.32579e-05 0.000100557)
(0.000243908 -7.98907e-05 0.000131672 -7.98907e-05 0.0002748 -2.63387e-05 0.000131672 -2.63387e-05 5.07637e-05)
(0.000396489 -9.26545e-05 0.000183163 -9.26545e-05 0.000362669 -0.000164104 0.000183163 -0.000164104 0.000122631)
(0.000541395 -6.35833e-05 0.000256781 -6.35833e-05 0.000382907 -0.000282709 0.000256781 -0.000282709 0.00034653)
(0.000592786 1.80332e-05 0.00029782 1.80332e-05 0.000323312 -0.000300271 0.00029782 -0.000300271 0.000561435)
(0.000615195 0.000120365 0.000305759 0.000120365 0.000250057 -0.000233346 0.000305759 -0.000233346 0.000763296)
(0.000528102 0.000158365 0.000234561 0.000158365 0.000209353 -0.000162901 0.000234561 -0.000162901 0.000724572)
(0.000417558 9.26005e-05 0.000137093 9.26005e-05 0.000254884 -0.000191371 0.000137093 -0.000191371 0.000370094)
(0.000316444 3.16463e-06 0.000172725 3.16463e-06 0.00027442 -7.88569e-05 0.000172725 -7.88569e-05 6.78411e-05)
(0.000183583 -4.15528e-05 0.000109523 -4.15528e-05 0.00016279 4.09624e-05 0.000109523 4.09624e-05 9.19847e-05)
(8.70973e-05 -3.28431e-05 -1.31093e-05 -3.28431e-05 0.000107106 4.2541e-05 -1.31093e-05 4.2541e-05 0.000290173)
(0.000139752 -2.3027e-05 2.5575e-05 -2.3027e-05 0.000168957 5.8691e-05 2.5575e-05 5.8691e-05 0.000545266)
(0.000315062 -4.45992e-05 0.000201155 -4.45992e-05 0.000269052 0.000197832 0.000201155 0.000197832 0.000603252)
(0.000402685 -2.81911e-05 0.000283115 -2.81911e-05 0.000419088 0.000246271 0.000283115 0.000246271 0.000390577)
(0.00040101 -5.1762e-05 0.000212543 -5.1762e-05 0.000590277 8.72202e-05 0.000212543 8.72202e-05 0.000137416)
(0.000466586 -0.000121247 0.00012543 -0.000121247 0.000560761 -0.000171868 0.00012543 -0.000171868 7.76398e-05)
(0.000525867 3.18177e-05 6.87139e-05 3.18177e-05 0.000337904 -0.00015924 6.87139e-05 -0.00015924 0.000349425)
(0.000428255 5.79776e-05 1.08285e-05 5.79776e-05 0.000313302 6.79884e-05 1.08285e-05 6.79884e-05 0.000363039)
(0.000347314 -0.000157181 9.95221e-05 -0.000157181 0.000393882 4.7721e-05 9.95221e-05 4.7721e-05 0.000114215)
(0.000361778 -0.000175996 0.000263417 -0.000175996 0.000307436 -0.000148633 0.000263417 -0.000148633 0.000784136)
(0.00056369 -0.000190044 4.95743e-05 -0.000190044 0.000380969 -0.00036957 4.95743e-05 -0.00036957 0.00216)
(0.000551973 -6.62645e-05 -0.00021434 -6.62645e-05 0.000534783 -0.000646932 -0.00021434 -0.000646932 0.0024721)
(0.00049614 -1.58818e-05 0.00024309 -1.58818e-05 0.000459283 -0.000182761 0.00024309 -0.000182761 0.00150553)
(0.000488219 -3.70229e-05 0.000247182 -3.70229e-05 0.000357429 0.000154404 0.000247182 0.000154404 0.000850965)
(0.000394664 -0.000109447 0.000210281 -0.000109447 0.000630057 0.00016285 0.000210281 0.00016285 0.00037474)
(0.000666833 -0.000405719 0.000266165 -0.000405719 0.00121415 -8.42083e-05 0.000266165 -8.42083e-05 0.000290995)
(0.000963241 -0.000592153 0.000342067 -0.000592153 0.00161548 -0.000302006 0.000342067 -0.000302006 0.000358937)
(0.000922394 -0.000470012 0.000284055 -0.000470012 0.00173067 -0.000352614 0.000284055 -0.000352614 0.000313271)
(0.0006762 -0.000200043 0.000217585 -0.000200043 0.00158743 -8.24695e-05 0.000217585 -8.24695e-05 0.000207325)
(0.000389681 -5.2087e-05 0.000186986 -5.2087e-05 0.00077576 0.00032401 0.000186986 0.00032401 0.000322679)
(0.000244064 5.33042e-05 0.000114728 5.33042e-05 0.000270726 0.000131347 0.000114728 0.000131347 0.000543937)
(0.000186078 9.99495e-05 8.28505e-06 9.99495e-05 0.000489973 -0.000246219 8.28505e-06 -0.000246219 0.000419678)
(0.000206768 0.000120209 -7.69589e-05 0.000120209 0.000699555 -0.00032942 -7.69589e-05 -0.00032942 0.000371754)
(0.000182624 7.40169e-05 -9.58154e-05 7.40169e-05 0.000671219 -0.000343625 -9.58154e-05 -0.000343625 0.000517347)
(0.000149247 -5.61252e-05 -1.9338e-05 -5.61252e-05 0.00042654 -0.000337801 -1.9338e-05 -0.000337801 0.000637735)
(0.000209221 -9.34452e-05 0.000149336 -9.34452e-05 0.0001918 -0.000149404 0.000149336 -0.000149404 0.000634215)
(0.000275533 -4.82723e-05 0.00021901 -4.82723e-05 0.000183851 1.9554e-05 0.00021901 1.9554e-05 0.00040705)
(0.000275324 -1.32006e-05 0.000156431 -1.32006e-05 0.000266215 1.78786e-05 0.000156431 1.78786e-05 0.000223634)
(0.000365195 5.69075e-05 0.000194481 5.69075e-05 0.000399433 6.55968e-05 0.000194481 6.55968e-05 0.00036168)
(0.00039637 0.000107459 0.000218978 0.000107459 0.000399501 7.96542e-05 0.000218978 7.96542e-05 0.000382805)
(0.000297807 6.78888e-05 0.000155132 6.78888e-05 0.000276701 1.56909e-05 0.000155132 1.56909e-05 0.000215981)
(0.000294934 3.90196e-05 0.000141142 3.90196e-05 0.000259914 -4.25344e-05 0.000141142 -4.25344e-05 0.000160717)
(0.000427506 6.67702e-05 0.000176789 6.67702e-05 0.0003073 -0.000110293 0.000176789 -0.000110293 0.000415099)
(0.000732217 0.000155604 0.000509994 0.000155604 0.000330813 -2.007e-05 0.000509994 -2.007e-05 0.00121716)
(0.00127561 0.000336946 0.000914332 0.000336946 0.000462192 0.000187308 0.000914332 0.000187308 0.00237247)
(0.00123363 0.000380649 0.000769261 0.000380649 0.0004374 0.000221784 0.000769261 0.000221784 0.00227438)
(0.00066375 0.000233148 0.00015142 0.000233148 0.000298592 -0.000100683 0.00015142 -0.000100683 0.000969855)
(0.000571057 0.000140592 3.13111e-06 0.000140592 0.000541057 -0.000261112 3.13111e-06 -0.000261112 0.000357177)
(0.000496382 2.52007e-05 9.78746e-05 2.52007e-05 0.000496824 -0.000199881 9.78746e-05 -0.000199881 0.000242787)
(0.000613219 2.54149e-05 0.000273528 2.54149e-05 0.000353964 -0.000148433 0.000273528 -0.000148433 0.000438941)
(0.000870725 0.000131082 0.000504034 0.000131082 0.000279408 -8.16351e-05 0.000504034 -8.16351e-05 0.000767737)
(0.000660091 0.000214171 0.000361629 0.000214171 0.000205203 -9.0152e-06 0.000361629 -9.0152e-06 0.000655791)
(0.000359789 0.000129304 3.71644e-05 0.000129304 0.000246468 -2.70875e-05 3.71644e-05 -2.70875e-05 0.00026536)
(0.000386472 1.50921e-05 7.88113e-05 1.50921e-05 0.000325392 -3.65786e-05 7.88113e-05 -3.65786e-05 0.000118215)
(0.000346851 1.32695e-05 0.000193125 1.32695e-05 0.000322417 1.39531e-05 0.000193125 1.39531e-05 0.000139294)
(0.0004652 -8.20374e-05 0.000239646 -8.20374e-05 0.000599489 -0.000159836 0.000239646 -0.000159836 0.000223567)
(0.00102006 -0.000412157 0.000357218 -0.000412157 0.00133016 -0.000640526 0.000357218 -0.000640526 0.000607721)
(0.00103515 -0.000245661 0.000161296 -0.000245661 0.00132213 -0.000606238 0.000161296 -0.000606238 0.000555666)
(0.000550302 0.000128469 9.07555e-05 0.000128469 0.000550067 -0.000142146 9.07555e-05 -0.000142146 0.000211388)
(0.000279741 -8.05184e-05 0.000238828 -8.05184e-05 0.000197889 7.57538e-06 0.000238828 7.57538e-06 0.00035023)
(0.000176653 -8.10102e-05 7.08932e-05 -8.10102e-05 0.000373148 -0.000382311 7.08932e-05 -0.000382311 0.00105499)
(0.000285364 1.24648e-05 6.17681e-05 1.24648e-05 0.000559496 -0.000525835 6.17681e-05 -0.000525835 0.00158626)
(0.000357531 5.46547e-05 7.59009e-05 5.46547e-05 0.000432461 -8.87038e-05 7.59009e-05 -8.87038e-05 0.000244361)
(0.000562404 -4.17782e-05 0.000173832 -4.17782e-05 0.000900778 0.000211244 0.000173832 0.000211244 0.000582014)
(0.000615192 0.000155287 0.000185334 0.000155287 0.00158435 0.000395872 0.000185334 0.000395872 0.000684284)
(0.00049161 0.000268984 0.000136491 0.000268984 0.000875396 9.82806e-05 0.000136491 9.82806e-05 0.00044856)
(0.00049973 -6.64201e-05 0.000153613 -6.64201e-05 0.000566022 -0.000135113 0.000153613 -0.000135113 0.000271168)
(0.00101062 -0.000581996 0.000210609 -0.000581996 0.00172284 -0.00054459 0.000210609 -0.00054459 0.000435248)
(0.00108397 -0.000733001 0.000300163 -0.000733001 0.00280703 -0.000467368 0.000300163 -0.000467368 0.000409952)
(0.000725429 -0.000553146 0.000221727 -0.000553146 0.00202552 2.65483e-05 0.000221727 2.65483e-05 0.000201185)
(0.000377114 -0.000212824 0.000153087 -0.000212824 0.000537779 1.22637e-05 0.000153087 1.22637e-05 1.16497e-05)
(0.000335632 0.00014249 0.000166778 0.00014249 0.000245277 2.16132e-05 0.000166778 2.16132e-05 0.000153175)
(0.000387137 0.00024133 0.000188751 0.00024133 0.000847529 0.000241514 0.000188751 0.000241514 0.0004349)
(0.000189718 -3.86704e-05 -3.27397e-05 -3.86704e-05 0.000370844 -0.000109613 -3.27397e-05 -0.000109613 0.000502459)
(0.000522166 -7.48448e-05 0.000253877 -7.48448e-05 0.000208256 0.000141101 0.000253877 0.000141101 0.00146491)
(0.00131361 0.0001213 0.000427388 0.0001213 0.000992783 0.000702879 0.000427388 0.000702879 0.00259944)
(0.000662789 4.04492e-05 0.00031008 4.04492e-05 0.00048385 0.000266105 0.00031008 0.000266105 0.00107776)
(0.000343797 -3.14759e-05 0.000204638 -3.14759e-05 0.000387766 7.5493e-05 0.000204638 7.5493e-05 0.000389719)
(0.00104077 0.000580789 0.00075105 0.000580789 0.00170981 0.000837509 0.00075105 0.000837509 0.0016874)
(0.000998091 0.000658959 0.000634458 0.000658959 0.00169341 0.000776336 0.000634458 0.000776336 0.0014523)
(0.000338895 0.000106082 0.000128414 0.000106082 0.000498987 0.00010888 0.000128414 0.00010888 0.000331154)
(0.000204155 -6.46338e-06 0.00011464 -6.46338e-06 0.00023317 -5.82263e-06 0.00011464 -5.82263e-06 0.000126577)
(0.000376913 5.97099e-05 0.000192052 5.97099e-05 0.000293104 -2.05813e-05 0.000192052 -2.05813e-05 0.000235598)
(0.00101765 0.000375211 0.000704329 0.000375211 0.000505248 0.00024774 0.000704329 0.00024774 0.00135461)
(0.00118735 0.000473073 0.000742998 0.000473073 0.000582229 0.000337796 0.000742998 0.000337796 0.0019936)
(0.000567719 0.000198183 0.00029425 0.000198183 0.000314493 0.000134829 0.00029425 0.000134829 0.000882713)
(0.000377375 5.80354e-05 7.41137e-05 5.80354e-05 0.00023624 2.18395e-06 7.41137e-05 2.18395e-06 0.000303589)
(0.000482414 7.8246e-05 0.000105737 7.8246e-05 0.000528259 0.000179322 0.000105737 0.000179322 0.000586033)
(0.00103538 0.000659972 0.00052722 0.000659972 0.00194668 0.000978217 0.00052722 0.000978217 0.00168258)
(0.00132333 0.000815009 0.000758123 0.000815009 0.00168096 0.000913044 0.000758123 0.000913044 0.00196535)
(0.000711358 0.000197577 0.000484446 0.000197577 0.00026116 6.40545e-05 0.000484446 6.40545e-05 0.000752512)
(0.000585147 -1.64714e-05 0.000227403 -1.64714e-05 0.00166757 0.000180963 0.000227403 0.000180963 0.000414445)
(0.00146388 0.000137122 8.24593e-05 0.000137122 0.00433085 0.00110712 8.24593e-05 0.00110712 0.00128515)
(0.00119543 0.000561982 0.000339674 0.000561982 0.00358876 0.000666709 0.000339674 0.000666709 0.000863348)
(0.000897561 0.000499748 0.000162844 0.000499748 0.00133158 -0.000197403 0.000162844 -0.000197403 0.000429573)
(0.000913899 0.000329363 -4.04119e-05 0.000329363 0.000635618 -0.000487845 -4.04119e-05 -0.000487845 0.0009874)
(0.000885829 0.000136167 0.000225434 0.000136167 0.000984384 -0.000718313 0.000225434 -0.000718313 0.00108527)
(0.000754932 -0.00032233 0.000346752 -0.00032233 0.00220687 -0.000500062 0.000346752 -0.000500062 0.000537214)
(0.000782381 -0.000513857 0.000177307 -0.000513857 0.00193958 9.42517e-05 0.000177307 9.42517e-05 0.00035669)
(0.000320521 -0.00022163 9.09157e-06 -0.00022163 0.000424305 0.000205364 9.09157e-06 0.000205364 0.000381245)
(0.00011972 0.000135511 -1.62553e-05 0.000135511 0.000447521 -0.000216854 -1.62553e-05 -0.000216854 0.000652352)
(0.000278378 0.000197231 5.14314e-05 0.000197231 0.000650787 -0.000233773 5.14314e-05 -0.000233773 0.000511841)
(0.000444415 9.23807e-05 0.000213303 9.23807e-05 0.000269659 -1.71121e-05 0.000213303 -1.71121e-05 0.000547768)
(0.0017866 0.000522182 0.000359962 0.000522182 0.00121215 0.00100523 0.000359962 0.00100523 0.00490142)
(0.00263449 0.00059346 -0.000531876 0.00059346 0.00307324 0.00236307 -0.000531876 0.00236307 0.00670713)
(0.00275018 0.000611757 -0.000195798 0.000611757 0.00362596 0.00223225 -0.000195798 0.00223225 0.00449142)
(0.00128336 0.000455794 0.000156589 0.000455794 0.00238165 0.000967472 0.000156589 0.000967472 0.00147607)
(0.000516119 0.000210382 8.76756e-05 0.000210382 0.000733158 0.000102331 8.76756e-05 0.000102331 0.000495506)
(0.000475083 7.41668e-05 0.000138781 7.41668e-05 0.000578235 -2.11662e-05 0.000138781 -2.11662e-05 0.000309838)
(0.000962682 -3.95998e-06 0.00038662 -3.95998e-06 0.000598293 -0.000104668 0.00038662 -0.000104668 0.000631354)
(0.00200006 0.000147855 0.000877831 0.000147855 0.000775366 -0.000130733 0.000877831 -0.000130733 0.00248869)
(0.00244156 0.000168837 0.000857176 0.000168837 0.00105923 -0.000125208 0.000857176 -0.000125208 0.00381642)
(0.0013656 0.000331284 0.00043558 0.000331284 0.000606461 -2.76612e-05 0.00043558 -2.76612e-05 0.00217234)
(0.000384362 0.000125298 -4.48376e-05 0.000125298 0.000238804 -3.81712e-05 -4.48376e-05 -3.81712e-05 0.00023888)
(0.000451524 -1.20681e-05 0.000267565 -1.20681e-05 0.000257687 2.7393e-05 0.000267565 2.7393e-05 0.00016264)
(0.00032877 -9.77023e-05 0.00021025 -9.77023e-05 0.000259021 -1.9908e-05 0.00021025 -1.9908e-05 0.000238188)
(0.000359112 1.43778e-05 0.000186445 1.43778e-05 0.000454086 0.000105823 0.000186445 0.000105823 0.00043939)
(0.000656778 0.000329391 0.000423729 0.000329391 0.000882969 0.000206464 0.000423729 0.000206464 0.000770377)
(0.000573424 0.000421555 0.000311831 0.000421555 0.00131274 0.000202995 0.000311831 0.000202995 0.00044352)
(0.000280433 2.21403e-05 7.87554e-05 2.21403e-05 0.000732365 6.56806e-05 7.87554e-05 6.56806e-05 5.99588e-05)
(0.00025426 -4.38504e-05 0.000263663 -4.38504e-05 0.000202204 -1.30394e-05 0.000263663 -1.30394e-05 0.000260649)
(0.000468888 -7.30073e-05 0.000310417 -7.30073e-05 0.000442586 0.000327026 0.000310417 0.000327026 0.000889227)
(0.000360018 -0.00026272 -2.49855e-05 -0.00026272 0.000640369 0.000446036 -2.49855e-05 0.000446036 0.000695137)
(0.000596911 -0.000553085 0.000196699 -0.000553085 0.00107436 -0.000108257 0.000196699 -0.000108257 5.02739e-05)
(0.00134029 -0.000380339 0.000164202 -0.000380339 0.00109445 -0.000644451 0.000164202 -0.000644451 0.00103985)
(0.00102697 0.000233161 2.45497e-05 0.000233161 0.000515191 -0.000204275 2.45497e-05 -0.000204275 0.00142328)
(0.000682224 0.000257129 5.60954e-05 0.000257129 0.000495287 -5.90365e-06 5.60954e-05 -5.90365e-06 0.000957081)
(0.000829694 0.000372909 0.000440693 0.000372909 0.000575937 0.000224638 0.000440693 0.000224638 0.00107296)
(0.00106426 0.000453886 0.000731897 0.000453886 0.000608894 0.000420166 0.000731897 0.000420166 0.00156563)
(0.0011049 0.000282669 0.000391819 0.000282669 0.00104135 0.00069571 0.000391819 0.00069571 0.0024467)
(0.00109301 -9.89484e-05 -0.000146252 -9.89484e-05 0.00118695 0.000729698 -0.000146252 0.000729698 0.00165121)
(0.000638694 -8.23047e-05 7.0516e-05 -8.23047e-05 0.000397456 3.1203e-05 7.0516e-05 3.1203e-05 0.00031956)
(0.00060157 -8.53343e-05 0.000371404 -8.53343e-05 0.000658035 0.000273478 0.000371404 0.000273478 0.000822626)
(0.000357931 -0.000195122 2.53962e-05 -0.000195122 0.000448811 0.000264464 2.53962e-05 0.000264464 0.000723404)
(0.000388542 0.000112349 9.94345e-05 0.000112349 0.000419148 -3.67872e-06 9.94345e-05 -3.67872e-06 0.000263338)
(0.000945751 0.00031167 0.00052827 0.00031167 0.000780926 0.000357133 0.00052827 0.000357133 0.00147553)
(0.00153847 0.000338091 0.000428341 0.000338091 0.000826942 0.000374996 0.000428341 0.000374996 0.00375344)
(0.00173181 0.000396879 0.000450896 0.000396879 0.000786519 0.000213203 0.000450896 0.000213203 0.00385016)
(0.00104928 0.000243524 0.000498528 0.000243524 0.000608627 9.14475e-05 0.000498528 9.14475e-05 0.00128093)
(0.000275522 0.000129705 -0.000244593 0.000129705 0.000361312 -6.93789e-05 -0.000244593 -6.93789e-05 0.00035269)
(0.00041814 1.80928e-05 -0.000433017 1.80928e-05 0.000548013 -0.000502223 -0.000433017 -0.000502223 0.00264265)
(0.000366892 4.726e-05 5.11203e-06 4.726e-05 0.000314854 -0.000259361 5.11203e-06 -0.000259361 0.00119515)
(0.00102469 -9.10116e-05 -3.0119e-05 -9.10116e-05 0.0016911 0.00116553 -3.0119e-05 0.00116553 0.00153848)
(0.000678076 -0.000346163 0.000265919 -0.000346163 0.00112495 -0.000294792 0.000265919 -0.000294792 0.000187655)
(0.000937613 -0.000283951 0.000349339 -0.000283951 0.000966202 -0.000701135 0.000349339 -0.000701135 0.000751847)
(0.000501317 3.99183e-05 0.000278553 3.99183e-05 0.000409959 -0.000431771 0.000278553 -0.000431771 0.00059091)
(0.000526081 1.96844e-05 0.000189126 1.96844e-05 0.000361455 -9.29935e-05 0.000189126 -9.29935e-05 0.000502383)
(0.000703827 5.28619e-06 0.000133293 5.28619e-06 0.0012559 0.00025712 0.000133293 0.00025712 0.00052929)
(0.000890446 0.000698402 0.000253532 0.000698402 0.00250946 0.000731742 0.000253532 0.000731742 0.000852284)
(0.000911103 0.00068626 0.000406459 0.00068626 0.00131123 0.000433174 0.000406459 0.000433174 0.000961652)
(0.000712222 1.21444e-06 0.000217073 1.21444e-06 0.000509521 -0.000172578 0.000217073 -0.000172578 0.000520232)
(0.00112235 -0.000739952 0.000270868 -0.000739952 0.00192066 -0.000557999 0.000270868 -0.000557999 0.000371852)
(0.00116825 -0.000728934 0.000287196 -0.000728934 0.00285526 -0.000363478 0.000287196 -0.000363478 0.000361886)
(0.00056469 -0.000135983 0.00015275 -0.000135983 0.00120806 -2.85842e-05 0.00015275 -2.85842e-05 2.56365e-05)
(0.000170671 3.22396e-05 0.000142084 3.22396e-05 0.000138173 3.11323e-05 0.000142084 3.11323e-05 1.99381e-05)
(0.000247964 -0.000104183 0.000184643 -0.000104183 0.000177866 1.6748e-05 0.000184643 1.6748e-05 0.000229655)
(0.000213063 -4.14262e-05 6.89765e-05 -4.14262e-05 0.000242087 -7.99131e-05 6.89765e-05 -7.99131e-05 0.000336223)
(0.000205229 0.000110188 -8.81441e-05 0.000110188 0.000275975 -9.13134e-05 -8.81441e-05 -9.13134e-05 0.000298848)
(0.000324842 -2.6471e-05 0.000116689 -2.6471e-05 0.000464473 -2.46624e-05 0.000116689 -2.46624e-05 5.23524e-06)
(0.000770911 0.00011118 7.68714e-06 0.00011118 0.000785101 -0.000498062 7.68714e-06 -0.000498062 0.000818944)
(0.000787061 0.000240868 -8.10781e-05 0.000240868 0.000709964 -0.000557244 -8.10781e-05 -0.000557244 0.000853966)
(0.000462627 0.000162575 0.000234595 0.000162575 0.000509391 -9.79733e-05 0.000234595 -9.79733e-05 0.000335626)
(0.000436639 8.83359e-06 9.49111e-05 8.83359e-06 0.000389125 0.000180331 9.49111e-05 0.000180331 0.000863555)
(0.00041731 -0.000175742 0.000191364 -0.000175742 0.000603863 -1.08127e-06 0.000191364 -1.08127e-06 0.000207309)
(0.00195762 -0.000394748 0.00044634 -0.000394748 0.00158899 -0.000924465 0.00044634 -0.000924465 0.00174794)
(0.00263116 -0.000390835 0.000230217 -0.000390835 0.0020124 -0.0012417 0.000230217 -0.0012417 0.0028292)
(0.00182716 -0.000170549 -0.000234927 -0.000170549 0.00215733 -0.00113986 -0.000234927 -0.00113986 0.00170306)
(0.00113282 -0.000157132 4.13507e-07 -0.000157132 0.00164867 -0.000763453 4.13507e-07 -0.000763453 0.000799111)
(0.000892472 6.78403e-05 0.000383893 6.78403e-05 0.000414978 -0.000277636 0.000383893 -0.000277636 0.00100353)
(0.00174865 0.000938985 0.000650171 0.000938985 0.00195655 0.00123607 0.000650171 0.00123607 0.00397125)
(0.00497755 5.18141e-05 -0.00152676 5.18141e-05 0.00503915 0.00331463 -0.00152676 0.00331463 0.00660551)
(0.00754951 -0.000953426 -0.00227124 -0.000953426 0.00548156 0.00371086 -0.00227124 0.00371086 0.00678807)
(0.0056295 -0.000177998 -0.000752471 -0.000177998 0.00539998 0.0028552 -0.000752471 0.0028552 0.00487541)
(0.00256882 0.000764157 0.000344886 0.000764157 0.00489654 0.00153732 0.000344886 0.00153732 0.00199594)
(0.000660629 0.000534306 5.56316e-05 0.000534306 0.00318885 0.00036192 5.56316e-05 0.00036192 0.000416076)
(0.000406518 -6.41849e-05 0.000112501 -6.41849e-05 0.00103716 -0.000124726 0.000112501 -0.000124726 0.000250701)
(0.000435842 -6.58361e-05 0.000130408 -6.58361e-05 0.000593695 7.06222e-05 0.000130408 7.06222e-05 0.000288305)
(0.000979692 0.00020152 0.00059705 0.00020152 0.000668037 0.000271732 0.00059705 0.000271732 0.0017006)
(0.00126162 0.000241708 0.000816079 0.000241708 0.000523779 7.59158e-05 0.000816079 7.59158e-05 0.00182598)
(0.000268412 -0.000212279 -3.07402e-05 -0.000212279 0.000411138 -1.04774e-05 -3.07402e-05 -1.04774e-05 0.000137871)
(0.00121876 -0.000146277 -0.00106711 -0.000146277 0.00253271 0.00196792 -0.00106711 0.00196792 0.00403785)
(0.00238477 0.00019626 -0.000445423 0.00019626 0.00334627 0.0023594 -0.000445423 0.0023594 0.00491133)
(0.00040868 -0.000139982 8.23401e-05 -0.000139982 0.000369939 0.000129617 8.23401e-05 0.000129617 0.000551834)
(0.000591179 -6.8794e-05 0.000231501 -6.8794e-05 0.000760066 -0.0001385 0.000231501 -0.0001385 0.000288417)
(0.00133728 -0.000441796 0.000413015 -0.000441796 0.00322098 -0.00150454 0.000413015 -0.00150454 0.00159612)
(0.00119964 -0.000677578 0.000546696 -0.000677578 0.00442803 -0.00184095 0.000546696 -0.00184095 0.00199391)
(0.000930148 -0.000233327 0.000423124 -0.000233327 0.00170144 -0.0010173 0.000423124 -0.0010173 0.00110084)
(0.000578262 0.000129288 0.000427086 0.000129288 0.000262854 -1.49859e-05 0.000427086 -1.49859e-05 0.000797514)
(0.000449896 0.000175305 0.000248529 0.000175305 0.000353919 0.000128666 0.000248529 0.000128666 0.000520503)
(0.000319744 9.0627e-05 0.000146597 9.0627e-05 0.000339477 7.98516e-06 0.000146597 7.98516e-06 0.000141919)
(0.000320299 1.23512e-05 0.000172138 1.23512e-05 0.000515381 0.000157014 0.000172138 0.000157014 0.000279638)
(0.000380372 -0.000159402 0.000199687 -0.000159402 0.000800922 -0.00020561 0.000199687 -0.00020561 0.000183519)
(0.000706053 -0.00061444 0.000624914 -0.00061444 0.00248677 -0.00157358 0.000624914 -0.00157358 0.00134184)
(0.000728781 -0.000604555 0.000602871 -0.000604555 0.0039489 -0.00202856 0.000602871 -0.00202856 0.00199296)
(0.000637337 0.000145011 0.000372801 0.000145011 0.00265407 -0.000742215 0.000372801 -0.000742215 0.000842942)
(0.00039794 0.000115955 0.000212261 0.000115955 0.000464517 0.00012773 0.000212261 0.00012773 0.000334453)
(0.000270621 9.01343e-05 -5.34346e-05 9.01343e-05 0.000484047 -0.000182375 -5.34346e-05 -0.000182375 0.00105207)
(0.000235358 5.04507e-05 -0.000136209 5.04507e-05 0.00048383 5.03445e-05 -0.000136209 5.03445e-05 0.000927856)
(0.000283641 -4.22169e-05 0.000144908 -4.22169e-05 0.000609753 6.7547e-05 0.000144908 6.7547e-05 7.44093e-05)
(0.000541023 8.06674e-05 0.000117365 8.06674e-05 0.000940667 -0.000355095 0.000117365 -0.000355095 0.000271694)
(0.000525207 0.000134959 0.000130049 0.000134959 0.000739263 -0.000305112 0.000130049 -0.000305112 0.000295754)
(0.000346504 -2.36277e-06 0.000160761 -2.36277e-06 0.000384081 -7.39824e-05 0.000160761 -7.39824e-05 0.000220153)
(0.00041036 4.00189e-06 6.1051e-05 4.00189e-06 0.000809916 -0.000180255 6.1051e-05 -0.000180255 0.000470846)
(0.000460888 0.000145201 9.31602e-05 0.000145201 0.000658527 -2.38009e-05 9.31602e-05 -2.38009e-05 0.000561101)
(0.000405925 -9.28054e-05 0.000163183 -9.28054e-05 0.000356525 8.40379e-05 0.000163183 8.40379e-05 0.000479109)
(0.000673527 -6.1607e-05 0.00023827 -6.1607e-05 0.0018846 0.000393036 0.00023827 0.000393036 0.000760843)
(0.000575976 -0.000187933 0.000279387 -0.000187933 0.00176288 -0.000187654 0.000279387 -0.000187654 0.000363424)
(0.000948751 -0.000141852 0.000521382 -0.000141852 0.000497484 -0.000201745 0.000521382 -0.000201745 0.000680054)
(0.00303464 0.00171244 0.00163387 0.00171244 0.00235051 0.00103505 0.00163387 0.00103505 0.00249773)
(0.00280441 0.00192728 0.0012699 0.00192728 0.00359885 0.0011167 0.0012699 0.0011167 0.00194334)
(0.0007811 0.000823578 0.000294261 0.000823578 0.00180898 0.000465684 0.000294261 0.000465684 0.000674481)
(0.00041019 -4.51533e-05 -0.000189956 -4.51533e-05 0.000446817 9.87072e-05 -0.000189956 9.87072e-05 0.00018635)
(0.000580817 -1.78646e-05 -6.16433e-05 -1.78646e-05 0.00036444 6.87605e-05 -6.16433e-05 6.87605e-05 0.0001908)
(0.000349324 6.33411e-05 0.000114148 6.33411e-05 0.000368253 7.90544e-05 0.000114148 7.90544e-05 0.000137624)
(0.000527148 0.000109388 0.0001885 0.000109388 0.00104189 0.000224677 0.0001885 0.000224677 0.000313066)
(0.000647388 0.000227714 0.000263983 0.000227714 0.00139386 0.000171565 0.000263983 0.000171565 0.000351448)
(0.00050727 0.000100258 8.76598e-05 0.000100258 0.000475088 -0.000109408 8.76598e-05 -0.000109408 0.000241688)
(0.000558366 0.000101216 5.2873e-05 0.000101216 0.000425575 -3.12449e-05 5.2873e-05 -3.12449e-05 0.000556841)
