/*--------------------------------*- C++ -*----------------------------------*\
  =========                 |
  \\      /  F ield         | OpenFOAM: The Open Source CFD Toolbox
   \\    /   O peration     | Website:  https://openfoam.org
    \\  /    A nd           | Version:  10
     \\/     M anipulation  |
\*---------------------------------------------------------------------------*/
FoamFile
{
    format      ascii;
    class       volTensorField;
    location    "2";
    object      TauNN;
}
// * * * * * * * * * * * * * * * * * * * * * * * * * * * * * * * * * * * * * //

dimensions      [0 2 -2 0 0 0 0];

internalField   nonuniform List<tensor> 
25600
(
(0.000251921 6.47819e-05 0.000158764 6.47819e-05 0.000151306 1.07363e-05 0.000158764 1.07363e-05 0.000154095)
(0.000250036 8.75993e-05 0.000163081 8.75993e-05 0.000178703 3.27285e-05 0.000163081 3.27285e-05 0.000144209)
(0.000192706 6.86999e-05 0.000116723 6.86999e-05 0.000167441 5.57583e-06 0.000116723 5.57583e-06 7.04503e-05)
(0.000145032 2.08812e-05 9.71034e-05 2.08812e-05 0.00013887 -2.37199e-05 9.71034e-05 -2.37199e-05 2.35638e-05)
(0.000145599 -5.75185e-06 0.000111979 -5.75185e-06 0.000144869 -2.28258e-05 0.000111979 -2.28258e-05 2.03908e-05)
(0.000182627 -2.41231e-05 0.000124283 -2.41231e-05 0.000210874 -1.04876e-05 0.000124283 -1.04876e-05 2.11796e-05)
(0.000239037 -4.92837e-05 0.000136062 -4.92837e-05 0.000312113 -1.77845e-05 0.000136062 -1.77845e-05 2.29163e-05)
(0.000268147 -5.31347e-05 0.000145412 -5.31347e-05 0.000354102 -2.66004e-05 0.000145412 -2.66004e-05 2.55309e-05)
(0.00023682 -2.73557e-05 0.000146809 -2.73557e-05 0.000295985 -9.41195e-06 0.000146809 -9.41195e-06 2.59905e-05)
(0.000184411 -9.46969e-06 0.000145624 -9.46969e-06 0.000209201 1.85901e-05 0.000145624 1.85901e-05 3.59648e-05)
(0.000162499 -8.3819e-06 0.000137614 -8.3819e-06 0.000164379 1.66222e-05 0.000137614 1.66222e-05 5.58695e-05)
(0.000159562 -1.88993e-05 0.000116849 -1.88993e-05 0.000157924 -1.55158e-06 0.000116849 -1.55158e-06 4.17976e-05)
(0.000191988 -4.25382e-05 0.000115838 -4.25382e-05 0.000162896 -2.4396e-05 0.000115838 -2.4396e-05 4.05961e-06)
(0.00025862 -6.66911e-05 0.000153256 -6.66911e-05 0.000163622 -5.03557e-05 0.000153256 -5.03557e-05 -2.44406e-06)
(0.000276409 -4.61927e-05 0.00017048 -4.61927e-05 0.000150387 -5.99343e-05 0.00017048 -5.99343e-05 -2.2959e-06)
(0.000234849 1.49468e-05 0.000143756 1.49468e-05 0.000147057 -5.39199e-05 0.000143756 -5.39199e-05 -2.97631e-06)
(0.000241224 7.04154e-05 0.000108886 7.04154e-05 0.00016699 -4.73708e-05 0.000108886 -4.73708e-05 3.47233e-05)
(0.000309939 9.34443e-05 8.94535e-05 9.34443e-05 0.000211014 -6.19311e-05 8.94535e-05 -6.19311e-05 9.20121e-05)
(0.000397214 0.000117146 6.12084e-05 0.000117146 0.000264409 -0.000121323 6.12084e-05 -0.000121323 0.000213646)
(0.000443131 9.34647e-05 8.87047e-05 9.34647e-05 0.000329064 -0.000189047 8.87047e-05 -0.000189047 0.000300161)
(0.000433694 3.00156e-05 0.000162811 3.00156e-05 0.000328477 -0.000195725 0.000162811 -0.000195725 0.000278791)
(0.000352195 -7.64336e-06 0.000199776 -7.64336e-06 0.0002505 -0.000122085 0.000199776 -0.000122085 0.000173709)
(0.000255157 5.22472e-06 0.000174873 5.22472e-06 0.00015327 -3.40696e-05 0.000174873 -3.40696e-05 0.000101499)
(0.000195543 2.98629e-05 0.000102952 2.98629e-05 0.000118849 -4.94067e-06 0.000102952 -4.94067e-06 0.000119068)
(0.000185782 3.40175e-05 1.44187e-05 3.40175e-05 0.000160631 -6.14729e-05 1.44187e-05 -6.14729e-05 0.000225455)
(0.000180886 2.67765e-05 -3.96725e-05 2.67765e-05 0.000218649 -0.000156919 -3.96725e-05 -0.000156919 0.000382486)
(0.000155216 1.15428e-05 -4.75124e-05 1.15428e-05 0.000223927 -0.00019635 -4.75124e-05 -0.00019635 0.0004777)
(0.000123648 7.22986e-06 -2.59383e-05 7.22986e-06 0.000209811 -0.000168383 -2.59383e-05 -0.000168383 0.000403593)
(0.000105097 -3.34904e-06 2.67755e-05 -3.34904e-06 0.000204015 -9.97959e-05 2.67755e-05 -9.97959e-05 0.000209695)
(0.000147828 -6.96909e-06 8.1406e-05 -6.96909e-06 0.000221848 -1.81515e-05 8.1406e-05 -1.81515e-05 8.63932e-05)
(0.000266045 2.26274e-05 0.000140917 2.26274e-05 0.000269449 6.04456e-05 0.000140917 6.04456e-05 0.000188508)
(0.000420318 7.30148e-05 0.000243388 7.30148e-05 0.000320872 0.00011433 0.000243388 0.00011433 0.000498606)
(0.000543775 0.000121037 0.000362813 0.000121037 0.000365271 0.000145685 0.000362813 0.000145685 0.000744053)
(0.000574491 0.000165479 0.000436807 0.000165479 0.000380095 0.000142544 0.000436807 0.000142544 0.00069524)
(0.000463892 0.000176732 0.000332164 0.000176732 0.000310084 7.1384e-05 0.000332164 7.1384e-05 0.000405823)
(0.000273201 0.00011446 0.000148759 0.00011446 0.000159515 -8.3521e-06 0.000148759 -8.3521e-06 0.000148511)
(0.00013922 3.68953e-05 8.71364e-05 3.68953e-05 6.31019e-05 -2.9414e-05 8.71364e-05 -2.9414e-05 1.79065e-05)
(0.000144365 2.30232e-05 0.00011495 2.30232e-05 8.53436e-05 -2.12826e-05 0.00011495 -2.12826e-05 -5.30562e-06)
(0.000210723 4.01055e-05 0.000126279 4.01055e-05 0.000128545 -4.00096e-05 0.000126279 -4.00096e-05 3.24105e-05)
(0.000243087 4.7748e-05 0.000134118 4.7748e-05 0.000135058 -3.53493e-05 0.000134118 -3.53493e-05 0.000103549)
(0.000219079 4.84316e-05 0.000154846 4.84316e-05 0.000114361 -2.08458e-05 0.000154846 -2.08458e-05 4.89392e-05)
(0.000103945 1.71838e-05 8.16472e-05 1.71838e-05 6.62581e-05 1.00024e-06 8.16472e-05 1.00024e-06 -3.62106e-06)
(0.000144969 1.93343e-06 0.000130315 1.93343e-06 0.000100219 9.01176e-05 0.000130315 9.01176e-05 0.000225088)
(0.00027354 1.84923e-05 0.000237526 1.84923e-05 0.000190907 0.000137418 0.000237526 0.000137418 0.000379252)
(0.000299172 3.0688e-05 0.00024144 3.0688e-05 0.000248737 8.80621e-05 0.00024144 8.80621e-05 0.000254756)
(0.000239624 3.25404e-06 0.00016855 3.25404e-06 0.000281504 2.18479e-05 0.00016855 2.18479e-05 0.000137838)
(0.000187033 -4.4262e-05 0.000114121 -4.4262e-05 0.000311686 1.10362e-06 0.000114121 1.10362e-06 0.000118202)
(0.000179764 -9.69684e-05 5.93802e-05 -9.69684e-05 0.000289124 2.38158e-05 5.93802e-05 2.38158e-05 0.00014343)
(0.000212233 -0.000116671 8.54488e-06 -0.000116671 0.000230927 8.3751e-05 8.54488e-06 8.3751e-05 0.000205141)
(0.000192989 -8.36011e-05 3.79058e-05 -8.36011e-05 0.000169942 8.14777e-05 3.79058e-05 8.14777e-05 0.000168822)
(0.000150205 -2.43476e-05 9.15946e-05 -2.43476e-05 0.000142922 2.31899e-05 9.15946e-05 2.31899e-05 8.45852e-05)
(0.000152567 1.36811e-06 0.000108001 1.36811e-06 0.000152879 5.2806e-07 0.000108001 5.2806e-07 8.19404e-05)
(0.000188185 8.82801e-06 0.000120239 8.82801e-06 0.000152842 -1.01151e-05 0.000120239 -1.01151e-05 0.00010517)
(0.000198123 6.58724e-06 0.000136684 6.58724e-06 0.00015841 -3.50261e-05 0.000136684 -3.50261e-05 0.000107705)
(0.000236652 -2.32942e-05 0.000164001 -2.32942e-05 0.00026153 -8.66912e-05 0.000164001 -8.66912e-05 8.69968e-05)
(0.000362813 -3.22498e-05 0.000192231 -3.22498e-05 0.000337963 -0.000206675 0.000192231 -0.000206675 0.000195025)
(0.000555213 8.88556e-05 0.00025261 8.88556e-05 0.000268002 -0.000202926 0.00025261 -0.000202926 0.000670387)
(0.000774284 0.000244785 0.000446843 0.000244785 0.000292256 9.83132e-05 0.000446843 9.83132e-05 0.00140319)
(0.000854744 0.000298514 0.000571387 0.000298514 0.000536411 0.000394423 0.000571387 0.000394423 0.00163107)
(0.000712411 0.000291734 0.000497963 0.000291734 0.00079531 0.000461716 0.000497963 0.000461716 0.00110796)
(0.000443129 0.000172224 0.000296153 0.000172224 0.000549476 0.000231167 0.000296153 0.000231167 0.000478173)
(0.000244468 8.84868e-05 0.000137786 8.84868e-05 0.000297424 5.80605e-05 0.000137786 5.80605e-05 0.000137774)
(0.000182831 4.69545e-05 9.91225e-05 4.69545e-05 0.000211041 2.50712e-06 9.91225e-05 2.50712e-06 4.26138e-05)
(0.000216573 5.11603e-05 0.000111612 5.11603e-05 0.000254421 2.76733e-05 0.000111612 2.76733e-05 8.80984e-05)
(0.000326176 0.000109611 0.00016749 0.000109611 0.000398084 0.000145841 0.00016749 0.000145841 0.000302069)
(0.000451552 0.000160377 0.000257116 0.000160377 0.000439611 0.000240181 0.000257116 0.000240181 0.000568589)
(0.000462825 0.000149901 0.000282774 0.000149901 0.000314524 0.000175574 0.000282774 0.000175574 0.000564905)
(0.000332587 8.36411e-05 0.000212094 8.36411e-05 0.000174811 3.46126e-05 0.000212094 3.46126e-05 0.000284656)
(0.000208911 1.90325e-05 0.00014339 1.90325e-05 0.000125638 -1.93287e-05 0.00014339 -1.93287e-05 7.61062e-05)
(0.000147738 1.01393e-05 0.000118486 1.01393e-05 0.000116915 3.66196e-06 0.000118486 3.66196e-06 4.57059e-05)
(0.000140626 2.45012e-05 0.000118176 2.45012e-05 0.000132514 4.91086e-06 0.000118176 4.91086e-06 7.79896e-05)
(0.000154149 3.88874e-05 0.000108831 3.88874e-05 0.000179673 -1.90446e-05 0.000108831 -1.90446e-05 7.26396e-05)
(0.000187564 5.3565e-05 0.000112801 5.3565e-05 0.000241005 -3.49022e-05 0.000112801 -3.49022e-05 7.92627e-05)
(0.000216571 5.17592e-05 0.000145616 5.17592e-05 0.000241476 -4.36148e-05 0.000145616 -4.36148e-05 9.81193e-05)
(0.00018491 1.8267e-05 0.000134419 1.8267e-05 0.000176784 -6.84168e-05 0.000134419 -6.84168e-05 4.38512e-05)
(0.00017611 1.55028e-05 0.000122113 1.55028e-05 0.00020666 -2.23238e-05 0.000122113 -2.23238e-05 3.94423e-05)
(0.000223759 4.12026e-05 0.000145246 4.12026e-05 0.000313738 5.05727e-05 0.000145246 5.05727e-05 0.000124886)
(0.000213961 2.52593e-05 0.000141347 2.52593e-05 0.000299071 1.48248e-05 0.000141347 1.48248e-05 7.88415e-05)
(0.000210288 5.28526e-06 0.000142952 5.28526e-06 0.000201031 -7.41379e-05 0.000142952 -7.41379e-05 2.034e-05)
(0.000270274 3.20282e-05 0.000189506 3.20282e-05 0.0001498 -6.40508e-05 0.000189506 -6.40508e-05 0.00011758)
(0.000392217 -0.000105541 0.00016378 -0.000105541 0.000836622 3.9747e-05 0.00016378 3.9747e-05 5.07842e-05)
(0.0004366 2.72691e-06 0.000151535 2.72691e-06 0.00112295 0.000382526 0.000151535 0.000382526 0.000344862)
(0.000517997 6.7207e-05 0.000100041 6.7207e-05 0.00118573 0.000637244 0.000100041 0.000637244 0.000701022)
(0.000534136 2.63397e-05 0.0001184 2.63397e-05 0.000905992 0.000635751 0.0001184 0.000635751 0.000871996)
(0.000421708 -4.23463e-05 0.000179677 -4.23463e-05 0.000540936 0.000413903 0.000179677 0.000413903 0.00071944)
(0.00029051 -7.689e-05 0.000180626 -7.689e-05 0.000369781 0.000227577 0.000180626 0.000227577 0.000474775)
(0.000199979 -7.93068e-05 0.000136263 -7.93068e-05 0.000309817 8.98214e-05 0.000136263 8.98214e-05 0.000201071)
(0.000196493 -7.12164e-05 0.000100943 -7.12164e-05 0.000283312 -3.24473e-06 0.000100943 -3.24473e-06 4.29733e-05)
(0.000234709 -7.08606e-05 0.000101663 -7.08606e-05 0.000285452 -3.03509e-05 0.000101663 -3.03509e-05 2.81853e-05)
(0.000247904 -8.59555e-05 0.000108438 -8.59555e-05 0.000291013 -4.47761e-05 0.000108438 -4.47761e-05 1.79874e-05)
(0.000237687 -0.000102019 8.39569e-05 -0.000102019 0.000356317 -1.51731e-05 8.39569e-05 -1.51731e-05 2.83362e-05)
(0.000227381 -4.74509e-05 7.70483e-05 -4.74509e-05 0.000446763 4.45209e-05 7.70483e-05 4.45209e-05 0.000100494)
(0.000203513 2.74684e-05 0.000132546 2.74684e-05 0.00035248 8.68645e-06 0.000132546 8.68645e-06 0.000113852)
(0.000210023 4.01912e-05 0.000177621 4.01912e-05 0.000210889 -2.48551e-05 0.000177621 -2.48551e-05 0.000127569)
(0.00023877 3.23914e-06 0.000182538 3.23914e-06 0.000155084 -1.09086e-05 0.000182538 -1.09086e-05 0.000163625)
(0.000277479 5.89713e-06 0.000179038 5.89713e-06 0.000195728 4.08366e-05 0.000179038 4.08366e-05 0.000214119)
(0.000325841 0.000101558 9.75467e-05 0.000101558 0.000309268 2.27606e-05 9.75467e-05 2.27606e-05 0.000210664)
(0.000325024 0.000227793 -5.16791e-05 0.000227793 0.000446102 -8.30349e-05 -5.16791e-05 -8.30349e-05 0.000192124)
(0.000220831 0.000212662 -9.64208e-05 0.000212662 0.000383452 -0.000139428 -9.64208e-05 -0.000139428 0.00014118)
(0.000101765 9.48664e-05 -2.08616e-07 9.48664e-05 0.000216292 -8.99583e-05 -2.08616e-07 -8.99583e-05 4.6175e-05)
(0.000108183 2.26581e-05 0.000118268 2.26581e-05 9.63488e-05 -6.87409e-06 0.000118268 -6.87409e-06 1.92426e-05)
(0.000172325 4.16394e-06 0.000153471 4.16394e-06 0.000165605 5.36488e-05 0.000153471 5.36488e-05 6.27463e-05)
(0.000209931 -8.64575e-05 0.000121661 -8.64575e-05 0.000250043 9.49521e-05 0.000121661 9.49521e-05 9.0226e-05)
(0.000246727 -0.000107498 9.83598e-05 -0.000107498 0.000180008 5.01331e-05 9.83598e-05 5.01331e-05 3.34736e-05)
(0.000280726 -1.08406e-06 0.00016448 -1.08406e-06 0.000131878 3.83286e-05 0.00016448 3.83286e-05 7.73202e-05)
(0.000324997 6.24023e-05 0.000196192 6.24023e-05 0.000142611 7.02534e-05 0.000196192 7.02534e-05 0.000269441)
(0.000363424 8.26726e-05 0.000161643 8.26726e-05 0.000138512 2.90014e-05 0.000161643 2.90014e-05 0.000371002)
(0.000344685 0.000106583 0.000132497 0.000106583 0.000164355 -8.19573e-05 0.000132497 -8.19573e-05 0.000285609)
(0.0003128 8.63625e-05 0.000143656 8.63625e-05 0.000256895 -0.000133568 0.000143656 -0.000133568 0.000172429)
(0.000306269 1.6476e-05 0.000143881 1.6476e-05 0.000327013 -0.000108368 0.000143881 -0.000108368 7.02445e-05)
(0.000292037 -1.68476e-05 0.000128402 -1.68476e-05 0.000324205 -6.63055e-05 0.000128402 -6.63055e-05 2.75721e-05)
(0.000270207 -1.93119e-05 0.000118321 -1.93119e-05 0.000296326 -5.8041e-05 0.000118321 -5.8041e-05 2.48258e-05)
(0.000269945 -2.01911e-05 0.000117025 -2.01911e-05 0.000299467 -6.55614e-05 0.000117025 -6.55614e-05 3.13706e-05)
(0.000280339 -3.1014e-05 0.000133175 -3.1014e-05 0.000312399 -6.22002e-05 0.000133175 -6.22002e-05 3.27397e-05)
(0.000278879 -4.15947e-05 0.000157472 -4.15947e-05 0.000322846 -3.79449e-05 0.000157472 -3.79449e-05 2.74034e-05)
(0.000253938 -3.32855e-05 0.000164818 -3.32855e-05 0.00032115 -4.5253e-06 0.000164818 -4.5253e-06 3.30524e-05)
(0.000234459 -2.56533e-05 0.000157353 -2.56533e-05 0.000315991 -1.38627e-05 0.000157353 -1.38627e-05 2.81332e-05)
(0.000267216 -4.9416e-05 0.000147955 -4.9416e-05 0.000362703 -6.59982e-05 0.000147955 -6.59982e-05 8.47953e-06)
(0.000348992 -9.93265e-05 0.000142775 -9.93265e-05 0.000462766 -0.00012544 0.000142775 -0.00012544 1.78612e-05)
(0.000402128 -0.000135721 0.000146535 -0.000135721 0.000603847 -0.000138207 0.000146535 -0.000138207 1.11532e-05)
(0.000514712 -4.21526e-05 0.000198493 -4.21526e-05 0.00184798 0.000277964 0.000198493 0.000277964 0.000385333)
(0.00046905 -8.16807e-05 0.000160046 -8.16807e-05 0.00136603 0.000421826 0.000160046 0.000421826 0.000493796)
(0.000417362 -0.000141894 0.000118878 -0.000141894 0.000838756 0.000440121 0.000118878 0.000440121 0.000609522)
(0.000361732 -0.00015026 0.000107365 -0.00015026 0.000583655 0.000378187 0.000107365 0.000378187 0.000646502)
(0.000285513 -0.00011823 0.000138775 -0.00011823 0.000517263 0.000252242 0.000138775 0.000252242 0.000421972)
(0.000279415 -0.000100154 0.000158325 -0.000100154 0.000626434 0.000109101 0.000158325 0.000109101 0.000215615)
(0.000363434 -0.00013942 0.00015673 -0.00013942 0.000850928 -5.06733e-05 0.00015673 -5.06733e-05 0.000174785)
(0.000436021 -0.000267552 0.000163215 -0.000267552 0.00105064 -0.000116895 0.000163215 -0.000116895 0.000153304)
(0.000419586 -0.000281218 0.000161273 -0.000281218 0.00118522 -3.60021e-05 0.000161273 -3.60021e-05 0.000108131)
(0.000455133 -0.000109265 0.000192771 -0.000109265 0.00141082 -4.73671e-05 0.000192771 -4.73671e-05 0.000124167)
(0.000607636 -1.42027e-06 0.00021296 -1.42027e-06 0.00178495 -0.00027688 0.00021296 -0.00027688 0.000257308)
(0.000792715 -7.75997e-05 0.000141324 -7.75997e-05 0.00177504 -0.000676808 0.000141324 -0.000676808 0.000506074)
(0.00103085 -0.000141641 6.10333e-05 -0.000141641 0.00134688 -0.000852162 6.10333e-05 -0.000852162 0.000831172)
(0.00103402 -7.06362e-05 0.000122735 -7.06362e-05 0.000906442 -0.000592472 0.000122735 -0.000592472 0.000896446)
(0.000742233 -1.90567e-05 0.000255752 -1.90567e-05 0.000539107 -0.000204189 0.000255752 -0.000204189 0.000537232)
(0.000438847 -8.48901e-06 0.000206117 -8.48901e-06 0.000277344 -3.29027e-05 0.000206117 -3.29027e-05 0.000145814)
(0.000254511 2.49315e-06 5.9911e-05 2.49315e-06 0.000119379 -2.20845e-05 5.9911e-05 -2.20845e-05 2.14183e-05)
(0.000196307 -3.72361e-05 0.000112115 -3.72361e-05 0.000148908 -3.00538e-05 0.000112115 -3.00538e-05 -3.74687e-05)
(0.000335572 5.58132e-05 0.000169038 5.58132e-05 0.000428691 -0.00016682 0.000169038 -0.00016682 2.98754e-05)
(0.000522525 0.000213647 5.44442e-05 0.000213647 0.000560671 -0.000259611 5.44442e-05 -0.000259611 0.000198696)
(0.000593405 0.0002435 -2.57334e-05 0.0002435 0.000495681 -0.000226571 -2.57334e-05 -0.000226571 0.000274769)
(0.000519803 0.000137002 3.28366e-05 0.000137002 0.000473848 -0.000177056 3.28366e-05 -0.000177056 0.000219992)
(0.000463567 -3.74354e-05 0.000131221 -3.74354e-05 0.000510197 -0.000157684 0.000131221 -0.000157684 0.000147191)
(0.000542097 -0.000225016 0.000213804 -0.000225016 0.000649843 -0.00015702 0.000213804 -0.00015702 0.000122224)
(0.000526457 -0.000192685 0.000214566 -0.000192685 0.000748972 -0.000130489 0.000214566 -0.000130489 0.000138155)
(0.000346939 2.72663e-05 0.000178182 2.72663e-05 0.000489519 -9.9468e-05 0.000178182 -9.9468e-05 0.000118407)
(0.000232976 0.000150648 0.000156607 0.000150648 0.000324044 -4.17009e-05 0.000156607 -4.17009e-05 8.51216e-05)
(0.000254071 0.000149678 0.000178657 0.000149678 0.000361302 2.28761e-05 0.000178657 2.28761e-05 0.000106397)
(0.000259121 8.07028e-05 0.000180766 8.07028e-05 0.000373578 5.52339e-05 0.000180766 5.52339e-05 0.000132016)
(0.000244094 -2.92286e-05 0.000165422 -2.92286e-05 0.000381547 7.02273e-05 0.000165422 7.02273e-05 0.000125188)
(0.000293633 -0.000101932 0.00016536 -0.000101932 0.000437984 2.99821e-05 0.00016536 2.99821e-05 0.000107083)
(0.000380698 -0.000102802 0.000178737 -0.000102802 0.000498427 -3.30685e-05 0.000178737 -3.30685e-05 0.000116227)
(0.000443954 -4.69862e-05 0.000182463 -4.69862e-05 0.000516204 -0.00010008 0.000182463 -0.00010008 0.000167828)
(0.000439815 1.18464e-06 0.000182468 1.18464e-06 0.000431782 -0.00011743 0.000182468 -0.00011743 0.000223)
(0.00035579 9.29274e-06 0.000186942 9.29274e-06 0.000300565 -6.90036e-05 0.000186942 -6.90036e-05 0.000190274)
(0.000278111 1.48369e-05 0.000169285 1.48369e-05 0.000229169 -3.34289e-05 0.000169285 -3.34289e-05 0.000127068)
(0.000266563 9.9577e-06 0.00016378 9.9577e-06 0.000265602 -3.39691e-05 0.00016378 -3.39691e-05 8.40049e-05)
(0.000365416 5.19212e-06 0.000184851 5.19212e-06 0.000555762 -4.02024e-05 0.000184851 -4.02024e-05 0.000100583)
(0.000495411 -2.15415e-06 0.000204999 -2.15415e-06 0.00116894 -2.13208e-05 0.000204999 -2.13208e-05 0.000189832)
(0.000541163 -4.04613e-05 0.000215562 -4.04613e-05 0.00175055 7.06157e-05 0.000215562 7.06157e-05 0.000279123)
(0.000376054 -0.00012845 0.000118102 -0.00012845 0.000662332 -0.000122263 0.000118102 -0.000122263 0.000171502)
(0.000234019 4.45433e-05 3.19956e-05 4.45433e-05 0.000348503 -4.3693e-05 3.19956e-05 -4.3693e-05 0.000185099)
(0.000252674 0.000208997 -0.000169267 0.000208997 0.000777838 -0.000391637 -0.000169267 -0.000391637 0.000611631)
(0.000269676 0.00013989 -8.15978e-05 0.00013989 0.00110125 -0.000587547 -8.15978e-05 -0.000587547 0.000788758)
(0.000347973 1.29882e-05 6.2881e-05 1.29882e-05 0.000785011 -0.00018891 6.2881e-05 -0.00018891 0.000372065)
(0.000527099 5.07096e-05 0.000149088 5.07096e-05 0.000540032 7.65286e-05 0.000149088 7.65286e-05 0.000451702)
(0.000805094 0.000311616 9.72738e-05 0.000311616 0.000586115 -8.21268e-05 9.72738e-05 -8.21268e-05 0.00095843)
(0.000935064 0.000300166 4.18006e-05 0.000300166 0.000913231 -0.000403529 4.18006e-05 -0.000403529 0.000943551)
(0.000826462 8.63802e-06 0.000120641 8.63802e-06 0.00155313 -0.000473063 0.000120641 -0.000473063 0.000570403)
(0.000788808 -0.000188494 0.000205087 -0.000188494 0.00221193 -0.000411836 0.000205087 -0.000411836 0.000442785)
(0.000932054 -0.000326143 0.000195516 -0.000326143 0.00218192 -0.000586019 0.000195516 -0.000586019 0.000497072)
(0.0011802 -0.000296521 0.000121288 -0.000296521 0.00163106 -0.000794997 0.000121288 -0.000794997 0.000811885)
(0.0013549 -0.000115403 0.000173601 -0.000115403 0.00125392 -0.00068345 0.000173601 -0.00068345 0.00126558)
(0.00114326 -3.21977e-05 0.000292549 -3.21977e-05 0.000899228 -0.000394323 0.000292549 -0.000394323 0.00104953)
(0.000747817 -7.9073e-05 0.000265991 -7.9073e-05 0.000574713 -0.000212323 0.000265991 -0.000212323 0.0004449)
(0.000446296 -0.000180922 0.000169418 -0.000180922 0.000439965 -0.000134562 0.000169418 -0.000134562 7.11581e-05)
(0.00036691 -0.000152559 0.00016772 -0.000152559 0.000632331 -9.41558e-05 0.00016772 -9.41558e-05 2.58862e-05)
(0.000459051 -2.23406e-05 0.000219809 -2.23406e-05 0.00109662 -0.000211633 0.000219809 -0.000211633 0.00016416)
(0.000542589 -6.31353e-05 0.000204593 -6.31353e-05 0.00100476 -0.000314291 0.000204593 -0.000314291 0.000197849)
(0.000515369 -3.24184e-05 0.000131 -3.24184e-05 0.000538474 -0.000227449 0.000131 -0.000227449 0.000166429)
(0.000415068 7.47377e-05 5.8962e-05 7.47377e-05 0.000346144 -0.000115098 5.8962e-05 -0.000115098 0.000225877)
(0.000342676 4.46476e-05 6.37062e-05 4.46476e-05 0.000318188 -2.6416e-05 6.37062e-05 -2.6416e-05 0.000195761)
(0.000259668 -6.77072e-07 0.000112073 -6.77072e-07 0.000254038 8.28505e-06 0.000112073 8.28505e-06 0.000158566)
(0.000207586 -2.84128e-05 0.000109456 -2.84128e-05 0.000225511 -2.86335e-05 0.000109456 -2.86335e-05 0.000111944)
(0.000282568 -0.000123094 8.70312e-05 -0.000123094 0.000418034 1.46404e-06 8.70312e-05 1.46404e-06 8.49474e-05)
(0.000316759 -8.80081e-05 0.000102813 -8.80081e-05 0.000472651 4.79454e-05 0.000102813 4.79454e-05 5.21862e-05)
(0.000240845 5.59548e-05 0.000134049 5.59548e-05 0.000397792 8.57087e-05 0.000134049 8.57087e-05 6.6088e-05)
(0.000250326 8.39215e-05 0.000170303 8.39215e-05 0.000338918 5.3755e-05 0.000170303 5.3755e-05 8.72369e-05)
(0.000302291 2.95332e-05 0.000141809 2.95332e-05 0.000302247 -1.90539e-05 0.000141809 -1.90539e-05 9.43195e-05)
(0.000356473 7.17398e-06 0.000119805 7.17398e-06 0.000290032 -8.3562e-05 0.000119805 -8.3562e-05 0.000220694)
(0.000413777 1.23838e-05 0.000157853 1.23838e-05 0.000301124 -0.000102014 0.000157853 -0.000102014 0.000338359)
(0.000363721 -2.31136e-05 0.000162582 -2.31136e-05 0.000314936 -0.000102055 0.000162582 -0.000102055 0.000206592)
(0.000323166 -6.24349e-05 0.0001488 -6.24349e-05 0.000345937 -8.56537e-05 0.0001488 -8.56537e-05 0.000104575)
(0.000300635 -2.87788e-05 0.000139306 -2.87788e-05 0.000282158 -4.92539e-05 0.000139306 -4.92539e-05 8.57951e-05)
(0.000297482 5.87795e-05 0.000140754 5.87795e-05 0.000269801 -6.53695e-06 0.000140754 -6.53695e-06 0.000121242)
(0.000257923 5.33704e-05 0.000129668 5.33704e-05 0.000241712 3.90783e-06 0.000129668 3.90783e-06 0.000124012)
(0.000317934 5.96838e-05 0.000151617 5.96838e-05 0.000295513 -2.93069e-05 0.000151617 -2.93069e-05 0.000116746)
(0.000593427 0.000206503 0.000249332 0.000206503 0.000956527 1.67713e-05 0.000249332 1.67713e-05 0.000297553)
(0.000612651 0.000172623 0.000207935 0.000172623 0.00152443 -3.46899e-05 0.000207935 -3.46899e-05 0.000387784)
(0.000542309 -5.36386e-05 0.000136376 -5.36386e-05 0.00139708 -0.000168747 0.000136376 -0.000168747 0.000318662)
(0.00102562 0.000501419 0.000548882 0.000501419 0.00079688 0.000145532 0.000548882 0.000145532 0.000900355)
(0.000868122 0.000913476 0.00013486 0.000913476 0.0016621 -6.33523e-05 0.00013486 -6.33523e-05 0.000710189)
(0.000330012 0.000671518 -0.000282233 0.000671518 0.00209395 -0.000702294 -0.000282233 -0.000702294 0.000732012)
(0.00022762 0.00021916 -5.3349e-05 0.00021916 0.00155894 -0.00083479 -5.3349e-05 -0.00083479 0.000872934)
(0.000292916 -0.000108088 0.000100804 -0.000108088 0.000790966 -0.000350776 0.000100804 -0.000350776 0.000413846)
(0.000412404 -0.000213602 0.000138161 -0.000213602 0.000545402 -4.67524e-07 0.000138161 -4.67524e-07 0.000221328)
(0.00061918 -3.87244e-05 8.49254e-05 -3.87244e-05 0.000615994 0.000129337 8.49254e-05 0.000129337 0.000507772)
(0.000874476 0.000303096 8.91434e-05 0.000303096 0.000743153 9.8912e-05 8.91434e-05 9.8912e-05 0.00104157)
(0.000952445 0.000426902 8.11405e-05 0.000426902 0.000783387 -4.92549e-05 8.11405e-05 -4.92549e-05 0.00103331)
(0.000840452 0.000306974 6.83041e-05 0.000306974 0.00080309 -0.000172533 6.83041e-05 -0.000172533 0.000725843)
(0.000838953 0.000225437 0.000100186 0.000225437 0.000844624 -0.000221125 0.000100186 -0.000221125 0.000694133)
(0.00101413 0.000268009 0.000270894 0.000268009 0.000820493 -0.000164168 0.000270894 -0.000164168 0.00109794)
(0.00123613 0.000317969 0.000603067 0.000317969 0.000739763 2.7027e-05 0.000603067 2.7027e-05 0.0015463)
(0.00108048 0.000267613 0.000629252 0.000267613 0.00060435 8.63792e-05 0.000629252 8.63792e-05 0.00114111)
(0.000500482 1.57049e-05 0.000235908 1.57049e-05 0.000384835 -7.14222e-05 0.000235908 -7.14222e-05 0.000274544)
(0.00026263 -0.000162802 7.95685e-05 -0.000162802 0.000631485 8.6694e-05 7.95685e-05 8.6694e-05 0.000133473)
(0.000451032 -2.19326e-05 1.29743e-05 -2.19326e-05 0.00141365 0.000587148 1.29743e-05 0.000587148 0.000682192)
(0.000421125 -4.64339e-05 5.20023e-05 -4.64339e-05 0.0010084 0.000438506 5.20023e-05 0.000438506 0.000588881)
(0.000219769 -9.38596e-05 7.36946e-05 -9.38596e-05 0.000305745 2.25175e-05 7.36946e-05 2.25175e-05 6.124e-05)
(0.000312572 -3.13129e-05 0.000105411 -3.13129e-05 0.000282078 -4.81773e-05 0.000105411 -4.81773e-05 4.75262e-05)
(0.00034259 -5.01089e-05 7.97352e-05 -5.01089e-05 0.000374043 -0.000106909 7.97352e-05 -0.000106909 0.000117388)
(0.00016877 -8.04467e-05 0.000109839 -8.04467e-05 0.000254509 -1.07707e-05 0.000109839 -1.07707e-05 0.000170828)
(9.2358e-05 -5.30938e-05 0.000114935 -5.30938e-05 0.000275388 -0.000172331 0.000114935 -0.000172331 0.000473645)
(0.000116563 6.65523e-06 0.000110531 6.65523e-06 0.000620727 -0.00040707 0.000110531 -0.00040707 0.000675865)
(0.000132051 0.000120659 -3.4729e-06 0.000120659 0.000715925 -0.00034127 -3.4729e-06 -0.00034127 0.000471311)
(0.000154142 0.000123919 -1.67163e-05 0.000123919 0.000458198 -0.000119824 -1.67163e-05 -0.000119824 0.000216637)
(0.000194447 3.08529e-05 9.2403e-05 3.08529e-05 0.000407032 0.000105157 9.2403e-05 0.000105157 0.000191582)
(0.000335476 7.80877e-05 0.000203675 7.80877e-05 0.000620213 0.000211162 0.000203675 0.000211162 0.000225049)
(0.000276352 2.15871e-05 0.000200462 2.15871e-05 0.000324486 4.58173e-05 0.000200462 4.58173e-05 0.000122144)
(0.000274179 -2.74498e-05 0.00014065 -2.74498e-05 0.000254603 1.15018e-06 0.00014065 1.15018e-06 0.000165033)
(0.000395107 -1.84467e-05 0.000218358 -1.84467e-05 0.000531845 0.000158295 0.000218358 0.000158295 0.000425812)
(0.00041578 4.17959e-05 0.000220323 4.17959e-05 0.000688751 0.000192315 0.000220323 0.000192315 0.000459264)
(0.000355654 0.000108223 0.000164211 0.000108223 0.000486868 7.79694e-05 0.000164211 7.79694e-05 0.000317088)
(0.000289227 0.000119227 6.98492e-05 0.000119227 0.000331904 -1.80406e-05 6.98492e-05 -1.80406e-05 0.000176731)
(0.000170304 3.78583e-05 2.17622e-05 3.78583e-05 0.00019871 -3.8744e-05 2.17622e-05 -3.8744e-05 9.19847e-05)
(0.000218559 5.76954e-06 0.000172775 5.76954e-06 0.000234261 3.79868e-05 0.000172775 3.79868e-05 0.000109738)
(0.000637091 0.00017251 0.000266608 0.00017251 0.000523197 4.81745e-05 0.000266608 4.81745e-05 0.000286241)
(0.000685784 0.000180122 0.000147871 0.000180122 0.000623464 -8.28244e-05 0.000147871 -8.28244e-05 0.000387935)
(0.000543198 0.000140305 0.000133822 0.000140305 0.000565984 -8.00239e-05 0.000133822 -8.00239e-05 0.00043465)
(0.000722756 0.000254391 0.00032972 0.000254391 0.000614905 2.33352e-05 0.00032972 2.33352e-05 0.000662313)
(0.00105009 0.0007241 4.44362e-05 0.0007241 0.000982933 -6.68475e-05 4.44362e-05 -6.68475e-05 0.0011011)
(0.000652415 0.000278168 -0.000356584 0.000278168 0.000318035 -0.000201284 -0.000356584 -0.000201284 0.000654708)
(0.000257557 -0.000121959 -6.70357e-05 -0.000121959 0.000177166 3.54508e-05 -6.70357e-05 3.54508e-05 0.000238587)
(0.000420368 -1.49934e-05 0.000220245 -1.49934e-05 0.000533821 0.000220097 0.000220245 0.000220097 0.000314281)
(0.000697441 0.000180518 0.000348588 0.000180518 0.000844339 0.000386096 0.000348588 0.000386096 0.000581794)
(0.00074437 0.000247573 0.00036069 0.000247573 0.000935225 0.000430799 0.00036069 0.000430799 0.000764756)
(0.000469452 8.93222e-05 0.000286741 8.93222e-05 0.000485266 0.000108433 0.000286741 0.000108433 0.00052647)
(0.000370295 -2.64496e-07 0.000155043 -2.64496e-07 0.000419879 -4.69973e-05 0.000155043 -4.69973e-05 0.000349963)
(0.000748597 0.000161462 0.000143987 0.000161462 0.00105581 0.000173382 0.000143987 0.000173382 0.000653811)
(0.00110971 0.000507482 0.000175238 0.000507482 0.00156243 0.000359999 0.000175238 0.000359999 0.00119359)
(0.00129353 0.000712129 0.00036834 0.000712129 0.00146288 0.000348993 0.00036834 0.000348993 0.00156859)
(0.0013605 0.000658059 0.000724277 0.000658059 0.00115018 0.000415764 0.000724277 0.000415764 0.00163867)
(0.00118759 0.000412193 0.000806287 0.000412193 0.000730677 0.000225544 0.000806287 0.000225544 0.00135315)
(0.000573182 -8.95467e-06 0.000431327 -8.95467e-06 0.000419964 -0.000208342 0.000431327 -0.000208342 0.000680748)
(0.000250877 -2.48197e-06 0.00024958 -2.48197e-06 0.00105941 -0.000279061 0.00024958 -0.000279061 0.000417186)
(0.000584321 0.000357686 -1.53724e-05 0.000357686 0.00279179 0.000843734 -1.53724e-05 0.000843734 0.00152612)
(0.000690379 5.89257e-05 -0.000237413 5.89257e-05 0.0020185 0.000919227 -0.000237413 0.000919227 0.00164669)
(0.000359409 -7.41212e-05 3.33088e-05 -7.41212e-05 0.000336815 -6.70459e-05 3.33088e-05 -6.70459e-05 0.00027809)
(0.000910271 0.000452856 0.000623118 0.000452856 0.000776937 0.00036632 0.000623118 0.00036632 0.00099404)
(0.000621034 0.000129185 0.000217203 0.000129185 0.000337711 -3.06433e-05 0.000217203 -3.06433e-05 0.000726236)
(0.000454765 -0.000121227 0.000106633 -0.000121227 0.00130311 0.00036463 0.000106633 0.00036463 0.000428986)
(0.000827237 -0.000279978 -0.000706854 -0.000279978 0.00219974 0.00157871 -0.000706854 0.00157871 0.00271377)
(0.000589484 -0.000349653 -0.000530208 -0.000349653 0.000855993 0.000828608 -0.000530208 0.000828608 0.00267376)
(0.000167618 7.47908e-05 -0.000158907 7.47908e-05 0.000362056 -0.000178299 -0.000158907 -0.000178299 0.00101153)
(0.000156366 0.000168454 -1.30832e-05 0.000168454 0.000570554 -0.000163001 -1.30832e-05 -0.000163001 0.000185892)
(0.000239276 9.6404e-05 0.000172613 9.6404e-05 0.000455817 6.56638e-05 0.000172613 6.56638e-05 0.000217995)
(0.000676172 0.000287519 0.000327559 0.000287519 0.000973682 0.000404008 0.000327559 0.000404008 0.000578454)
(0.000479383 0.000104289 0.000266673 0.000104289 0.000873496 0.00020957 0.000266673 0.00020957 0.000290582)
(0.000335862 -8.27992e-05 0.000164326 -8.27992e-05 0.000336519 -9.7638e-05 0.000164326 -9.7638e-05 0.000105689)
(0.000571198 8.24947e-05 0.000308793 8.24947e-05 0.000450927 9.18657e-05 0.000308793 9.18657e-05 0.000535642)
(0.000549299 0.000161503 0.000324164 0.000161503 0.00081023 0.000293055 0.000324164 0.000293055 0.000617535)
(0.000430183 0.000120839 0.000225924 0.000120839 0.000793618 0.000294322 0.000225924 0.000294322 0.000534506)
(0.000293385 3.99714e-05 0.000139671 3.99714e-05 0.000311513 5.72735e-05 0.000139671 5.72735e-05 0.000242795)
(0.000185441 -9.96469e-05 0.000103546 -9.96469e-05 0.000284452 0.000118802 0.000103546 0.000118802 0.000220531)
(0.000377661 -0.000157385 9.21907e-05 -0.000157385 0.000700683 0.000482555 9.21907e-05 0.000482555 0.000728919)
(0.000444279 4.36045e-05 0.000285285 4.36045e-05 0.00065439 0.00025057 0.000285285 0.00025057 0.000389111)
(0.000574435 4.59328e-05 -2.59923e-05 4.59328e-05 0.000412541 3.16957e-05 -2.59923e-05 3.16957e-05 0.000371887)
(0.00110208 0.000179172 0.000256216 0.000179172 0.00158655 0.000841935 0.000256216 0.000841935 0.00164768)
(0.00153703 0.000796517 0.000683857 0.000796517 0.0028722 0.00112038 0.000683857 0.00112038 0.00197823)
(0.0013832 0.00103942 0.000727747 0.00103942 0.0022662 0.000586774 0.000727747 0.000586774 0.00155171)
(0.000272942 0.000288807 -0.000228561 0.000288807 0.00125562 -0.000891705 -0.000228561 -0.000891705 0.00127979)
(0.000299955 4.17512e-06 -0.000227178 4.17512e-06 0.000161076 -3.4377e-05 -0.000227178 -3.4377e-05 0.000696868)
(0.000795986 3.91304e-05 0.00010938 3.91304e-05 0.00196903 0.000731556 0.00010938 0.000731556 0.00101443)
(0.00155335 0.000372041 3.58028e-05 0.000372041 0.00406031 0.00137592 3.58028e-05 0.00137592 0.00203413)
(0.000965713 0.000500947 0.000217065 0.000500947 0.00300617 0.000999287 0.000217065 0.000999287 0.00136971)
(0.000561823 0.000267904 0.000323327 0.000267904 0.00183318 0.000340569 0.000323327 0.000340569 0.000540211)
(0.000396174 -5.54128e-05 0.00021554 -5.54128e-05 0.00112493 7.2686e-05 0.00021554 7.2686e-05 0.000283084)
(0.000215446 -5.71907e-05 0.000104733 -5.71907e-05 0.000417315 -3.21586e-05 0.000104733 -3.21586e-05 0.000214912)
(0.000393042 0.000113833 0.000151571 0.000113833 0.000685395 2.47974e-05 0.000151571 2.47974e-05 0.000400954)
(0.000711233 0.000250882 0.000257995 0.000250882 0.00134731 0.000333398 0.000257995 0.000333398 0.000759876)
(0.000645521 0.000287904 0.000235908 0.000287904 0.00103262 0.000196192 0.000235908 0.000196192 0.000773368)
(0.000410609 0.00015368 6.79279e-05 0.00015368 0.000462912 -3.90932e-05 6.79279e-05 -3.90932e-05 0.000514406)
(0.000289292 -0.000118002 8.55187e-05 -0.000118002 0.000491705 2.94438e-05 8.55187e-05 2.94438e-05 0.000383965)
(0.00043686 2.15005e-05 0.000260323 2.15005e-05 0.00144846 0.000209955 0.000260323 0.000209955 0.000518706)
(0.000579589 0.000119261 0.00035535 0.000119261 0.00162161 0.000199726 0.00035535 0.000199726 0.000555025)
(0.000489166 -7.1153e-05 0.000163389 -7.1153e-05 0.000434762 2.102e-05 0.000163389 2.102e-05 0.000366952)
(0.00117989 0.000871776 0.00028833 0.000871776 0.00186931 0.000277468 0.00028833 0.000277468 0.000838996)
(0.0018133 0.000969796 0.000998195 0.000969796 0.00159042 0.000687019 0.000998195 0.000687019 0.00150196)
(0.00111341 -2.33883e-05 0.000402419 -2.33883e-05 0.000994462 -0.000409305 0.000402419 -0.000409305 0.000936164)
(0.00177673 0.000586631 0.00032502 0.000586631 0.0050672 0.000856747 0.00032502 0.000856747 0.00156728)
(0.00321171 -0.000208891 -0.000342324 -0.000208891 0.00559421 0.00244623 -0.000342324 0.00244623 0.00499819)
(0.00139073 -0.000275178 -0.000802632 -0.000275178 0.00482143 0.00190527 -0.000802632 0.00190527 0.00646383)
(0.000873106 -0.00041806 -0.00144274 -0.00041806 0.00278281 0.00161013 -0.00144274 0.00161013 0.00542957)
(0.000680891 -0.00020895 -0.000880751 -0.00020895 0.000877762 0.000729679 -0.000880751 0.000729679 0.00247306)
(0.000438185 0.00023406 -3.98438e-05 0.00023406 0.00125494 0.000489331 -3.98438e-05 0.000489331 0.000962502)
(0.000792665 0.000604505 0.000232678 0.000604505 0.00277276 0.000824834 0.000232678 0.000824834 0.00105894)
(0.000630052 0.000365162 0.000336356 0.000365162 0.00187999 0.000482273 0.000336356 0.000482273 0.000685245)
(0.000356963 -7.07461e-05 0.000239318 -7.07461e-05 0.000444176 4.15407e-05 0.000239318 4.15407e-05 0.000244983)
(0.000381929 -7.59307e-06 0.000177287 -7.59307e-06 0.000358138 2.5373e-05 0.000177287 2.5373e-05 0.000222988)
(0.000529852 0.000152903 0.000175665 0.000152903 0.000690191 3.302e-05 0.000175665 3.302e-05 0.000370085)
(0.000329782 4.33736e-05 6.28605e-05 4.33736e-05 0.000461479 -5.0324e-05 6.28605e-05 -5.0324e-05 0.000171897)
(0.00024399 -2.85115e-05 0.000155373 -2.85115e-05 0.000262314 5.65983e-05 0.000155373 5.65983e-05 0.000157408)
(0.000605772 0.000251076 0.000238251 0.000251076 0.00118919 0.00059912 0.000238251 0.00059912 0.000848465)
(0.000695385 0.000143757 -0.00025057 0.000143757 0.00208835 0.0012584 -0.00025057 0.0012584 0.00185161)
(0.000664138 -0.000200489 -0.000376274 -0.000200489 0.00215236 0.00125146 -0.000376274 0.00125146 0.00164571)
(0.000375359 -0.000285487 8.38656e-05 -0.000285487 0.000906152 0.000336359 8.38656e-05 0.000336359 0.000388103)
(0.000304901 -2.71536e-05 0.000165948 -2.71536e-05 0.000259079 1.32248e-06 0.000165948 1.32248e-06 0.000135336)
(0.000308343 7.79359e-05 9.54298e-05 7.79359e-05 0.000469188 1.23475e-05 9.54298e-05 1.23475e-05 0.000249285)
(0.000308414 0.000134829 -1.60206e-05 0.000134829 0.00137848 -0.000436572 -1.60206e-05 -0.000436572 0.000490068)
(0.00027698 0.000134871 9.78922e-05 0.000134871 0.00197726 -0.00088443 9.78922e-05 -0.00088443 0.000981969)
(0.000169639 0.000263438 -2.89679e-05 0.000263438 0.00155782 -0.000598125 -2.89679e-05 -0.000598125 0.000623738)
(0.00026138 -8.53036e-05 0.000223896 -8.53036e-05 0.000190748 -3.0349e-05 0.000223896 -3.0349e-05 0.000366121)
(0.00127773 0.000408582 0.000342596 0.000408582 0.00194176 0.00104945 0.000342596 0.00104945 0.00145955)
(0.000821642 2.93599e-05 0.000232905 2.93599e-05 0.00123361 0.000650886 0.000232905 0.000650886 0.000989621)
(0.000390072 1.71643e-05 0.000175757 1.71643e-05 0.000373201 -1.42101e-05 0.000175757 -1.42101e-05 0.000224017)
(0.000735294 0.000166385 0.000165342 0.000166385 0.000520667 4.56274e-05 0.000165342 4.56274e-05 0.00084912)
(0.000673905 7.7174e-05 0.000213835 7.7174e-05 0.000625269 -0.000202321 0.000213835 -0.000202321 0.000595114)
(0.000325442 -0.000202224 3.92655e-05 -0.000202224 0.000545924 0.000125399 3.92655e-05 0.000125399 0.000499813)
(0.000187555 -4.34006e-05 -0.000121521 -4.34006e-05 0.000295977 -3.25544e-05 -0.000121521 -3.25544e-05 0.000572528)
(0.000320982 6.37835e-05 4.69349e-05 6.37835e-05 0.000771917 -0.000156479 4.69349e-05 -0.000156479 0.000389838)
(0.000892422 0.000293638 0.000114515 0.000293638 0.00272747 0.000180882 0.000114515 0.000180882 0.000655509)
(0.000894307 0.000301547 0.000234816 0.000301547 0.00179354 0.000267738 0.000234816 0.000267738 0.000838502)
(0.000786357 0.000162383 0.000395264 0.000162383 0.00062383 0.000177038 0.000395264 0.000177038 0.000976714)
(0.000780392 0.000193419 0.000373589 0.000193419 0.000607439 8.89516e-05 0.000373589 8.89516e-05 0.000945448)
(0.000768915 0.00022228 0.000351241 0.00022228 0.000719394 9.86587e-05 0.000351241 9.86587e-05 0.00063943)
(0.00104123 0.000469801 0.000519156 0.000469801 0.00101339 0.000260988 0.000519156 0.000260988 0.000725838)
(0.00068881 -9.53544e-05 0.000282958 -9.53544e-05 0.000762115 -0.000104335 0.000282958 -0.000104335 0.000304994)
(0.00255074 0.000199247 0.000333874 0.000199247 0.0059723 0.000687252 0.000333874 0.000687252 0.00157346)
(0.00626321 -0.000907633 0.000600452 -0.000907633 0.00761528 0.00164564 0.000600452 0.00164564 0.00381105)
(0.00497355 -0.000925791 -5.24055e-06 -0.000925791 0.00675024 0.00248579 -5.24055e-06 0.00248579 0.00491295)
(0.00123631 -0.000595239 -0.00122612 -0.000595239 0.00417143 0.00231925 -0.00122612 0.00231925 0.00589108)
(0.000989046 -0.000594527 -0.00156232 -0.000594527 0.00120492 0.000822187 -0.00156232 0.000822187 0.00472338)
(0.000591746 -0.000306926 -0.000683326 -0.000306926 0.000884307 9.39434e-05 -0.000683326 9.39434e-05 0.00136293)
(0.000294114 -0.000211722 0.00014472 -0.000211722 0.00106755 -0.000192797 0.00014472 -0.000192797 0.000332411)
(0.000566983 0.000343232 0.000305988 0.000343232 0.00169605 0.000363166 0.000305988 0.000363166 0.000498304)
(0.000620038 0.000127492 0.000343941 0.000127492 0.00085833 0.000356981 0.000343941 0.000356981 0.000605351)
(0.000402248 6.51013e-05 5.65974e-05 6.51013e-05 0.000430775 -0.000117357 5.65974e-05 -0.000117357 0.000380139)
(0.000602104 0.000235283 0.000209222 0.000235283 0.000827996 8.43275e-05 0.000209222 8.43275e-05 0.000586943)
(0.00100835 0.000265729 0.000762917 0.000265729 0.000651887 0.00037315 0.000762917 0.00037315 0.0011818)
(0.00102508 3.07467e-05 0.000467384 3.07467e-05 0.000654567 -0.000247424 0.000467384 -0.000247424 0.000840433)
(0.00064075 0.00033685 0.000275683 0.00033685 0.00275789 0.000115442 0.000275683 0.000115442 0.000573152)
(0.00173205 0.000537753 -0.000115395 0.000537753 0.00396572 0.00186952 -0.000115395 0.00186952 0.00255733)
(0.00201492 0.000513806 -0.000161486 0.000513806 0.00371878 0.00200726 -0.000161486 0.00200726 0.00444496)
(0.00108699 0.000214844 -0.0006451 0.000214844 0.00280994 0.00170756 -0.0006451 0.00170756 0.00349854)
(0.000523769 -0.000192915 -0.000305914 -0.000192915 0.00159027 0.000901702 -0.000305914 0.000901702 0.00136394)
