/*--------------------------------*- C++ -*----------------------------------*\
  =========                 |
  \\      /  F ield         | OpenFOAM: The Open Source CFD Toolbox
   \\    /   O peration     | Website:  https://openfoam.org
    \\  /    A nd           | Version:  10
     \\/     M anipulation  |
\*---------------------------------------------------------------------------*/
FoamFile
{
    format      ascii;
    class       volTensorField;
    location    "17";
    object      TauNN;
}
// * * * * * * * * * * * * * * * * * * * * * * * * * * * * * * * * * * * * * //

dimensions      [0 2 -2 0 0 0 0];

internalField   nonuniform List<tensor> 
25600
(
(-0.00161764 -0.0031408 0.00541546 -0.0031408 0.00937531 -0.00133793 0.00541546 -0.00133793 0.00886919)
(-0.00167322 -0.00261566 0.00570346 -0.00261566 0.00990224 -0.00175077 0.00570346 -0.00175077 0.00831651)
(-0.000680483 -0.00336974 0.00627132 -0.00336974 0.00998406 -0.00202516 0.00627132 -0.00202516 0.00890337)
(0.000192167 -0.00353895 0.00572995 -0.00353895 0.00950043 -0.00202421 0.00572995 -0.00202421 0.00892819)
(0.00263998 -0.00313826 0.00311343 -0.00313826 0.00713374 -0.00320972 0.00311343 -0.00320972 0.00535092)
(-0.00137738 -0.00232972 0.00558068 -0.00232972 0.00959788 -0.00163636 0.00558068 -0.00163636 0.00751548)
(-0.000501938 -0.00321505 0.00545333 -0.00321505 0.0093067 -0.00216246 0.00545333 -0.00216246 0.008352)
(0.00106981 -0.00224571 0.00437119 -0.00224571 0.00796232 -0.00273769 0.00437119 -0.00273769 0.00606157)
(0.00519161 -0.00305882 0.00283128 -0.00305882 0.00628495 -0.0032761 0.00283128 -0.0032761 0.00521658)
(0.001912 -0.00279125 0.00326547 -0.00279125 0.00753973 -0.00281426 0.00326547 -0.00281426 0.00581962)
(-0.0018309 -0.00265651 0.00562542 -0.00265651 0.00958023 -0.00150403 0.00562542 -0.00150403 0.0080529)
(3.19863e-05 -0.00198651 0.00513207 -0.00198651 0.00923798 -0.0015246 0.00513207 -0.0015246 0.00668803)
(0.000665415 -0.00296205 0.00571333 -0.00296205 0.00976449 -0.00176324 0.00571333 -0.00176324 0.00836113)
(-0.000884295 -0.00295284 0.00632404 -0.00295284 0.0100916 -0.0021321 0.00632404 -0.0021321 0.0086494)
(5.51809e-05 -0.00364108 0.00585305 -0.00364108 0.00971374 -0.00176722 0.00585305 -0.00176722 0.00937407)
(0.000294406 -0.00273194 0.00496572 -0.00273194 0.00869405 -0.0026665 0.00496572 -0.0026665 0.00716859)
(0.00369201 -0.00258479 0.00326801 -0.00258479 0.00674809 -0.00303765 0.00326801 -0.00303765 0.00521388)
(-0.000398136 -0.00226146 0.00477514 -0.00226146 0.00837438 -0.00239136 0.00477514 -0.00239136 0.00691226)
(-0.0010403 -0.00281179 0.00517993 -0.00281179 0.00887344 -0.00210214 0.00517993 -0.00210214 0.00780891)
(0.00200994 -0.00230707 0.00405144 -0.00230707 0.00763448 -0.00286258 0.00405144 -0.00286258 0.00568073)
(0.00375506 -0.00300497 0.00231471 -0.00300497 0.006431 -0.00325816 0.00231471 -0.00325816 0.00502004)
(-0.000670876 -0.0030264 0.0053454 -0.0030264 0.00932387 -0.00187333 0.0053454 -0.00187333 0.00866169)
(-0.00153647 -0.00308525 0.00549463 -0.00308525 0.00932997 -0.00150458 0.00549463 -0.00150458 0.00864447)
(-0.00203026 -0.00245886 0.00549758 -0.00245886 0.00985376 -0.00163223 0.00549758 -0.00163223 0.0081783)
(0.000677703 -0.00327937 0.00606399 -0.00327937 0.010107 -0.00198074 0.00606399 -0.00198074 0.00977679)
(0.00127603 -0.00274191 0.00493658 -0.00274191 0.00874493 -0.0027783 0.00493658 -0.0027783 0.00700201)
(0.00091387 -0.002866 0.00461301 -0.002866 0.00825546 -0.00279115 0.00461301 -0.00279115 0.00682229)
(-0.000943987 -0.00322577 0.00566547 -0.00322577 0.00930916 -0.00201609 0.00566547 -0.00201609 0.00825935)
(0.00236609 -0.00224363 0.00372607 -0.00224363 0.00746919 -0.00278827 0.00372607 -0.00278827 0.00560958)
(0.00447168 -0.00268457 0.00270699 -0.00268457 0.00667072 -0.00309701 0.00270699 -0.00309701 0.00504584)
(-0.000106647 -0.00236064 0.00465079 -0.00236064 0.00830796 -0.0022934 0.00465079 -0.0022934 0.00703973)
(0.00247221 -0.00254689 0.00319589 -0.00254689 0.00727225 -0.00290412 0.00319589 -0.00290412 0.0054672)
(0.00163593 -0.00172997 0.00398659 -0.00172997 0.00760024 -0.00235461 0.00398659 -0.00235461 0.00592639)
(-0.0015255 -0.00216251 0.00529944 -0.00216251 0.00910752 -0.00168406 0.00529944 -0.00168406 0.00701762)
(-0.00152144 -0.00196631 0.00544004 -0.00196631 0.00933265 -0.00159868 0.00544004 -0.00159868 0.00676436)
(0.000467414 -0.00356974 0.00581157 -0.00356974 0.00979819 -0.00192926 0.00581157 -0.00192926 0.00930256)
(0.000794451 -0.00254209 0.00471297 -0.00254209 0.00849785 -0.00277992 0.00471297 -0.00277992 0.00657783)
(0.0036235 -0.00250119 0.00385258 -0.00250119 0.00697472 -0.00300575 0.00385258 -0.00300575 0.00537079)
(-0.000878597 -0.00217669 0.00492906 -0.00217669 0.00856015 -0.00193293 0.00492906 -0.00193293 0.00757714)
(-0.00118821 -0.00316482 0.00551787 -0.00316482 0.00930182 -0.00182932 0.00551787 -0.00182932 0.00848673)
(0.00269171 -0.000830689 0.00394739 -0.000830689 0.00932849 -0.00143206 0.00394739 -0.00143206 0.00684169)
(0.00283603 -0.00142206 0.00417349 -0.00142206 0.00933807 -0.000938711 0.00417349 -0.000938711 0.00747236)
(0.00137914 -0.00226855 0.00530646 -0.00226855 0.00959934 -0.00193482 0.00530646 -0.00193482 0.00779397)
(0.00292355 -0.00261558 0.00578044 -0.00261558 0.0089497 -0.00256265 0.00578044 -0.00256265 0.00782437)
(0.00717724 0.00127406 0.00496074 0.00127406 0.00301582 -0.00320762 0.00496074 -0.00320762 0.00543979)
(0.00377222 -0.000382937 0.00359547 -0.000382937 0.0092819 -0.00115512 0.00359547 -0.00115512 0.00553402)
(0.00138757 -0.00191041 0.00560279 -0.00191041 0.00887609 -0.00221544 0.00560279 -0.00221544 0.00633184)
(0.00126986 -0.0016037 0.00526136 -0.0016037 0.00868204 -0.00276582 0.00526136 -0.00276582 0.00687238)
(0.0135517 -0.00090877 0.00124162 -0.00090877 0.00501562 -0.00416678 0.00124162 -0.00416678 0.007785)
(0.00956604 0.00160446 0.0051483 0.00160446 0.0038272 -0.00295356 0.0051483 -0.00295356 0.007089)
(0.00348137 -0.00017825 0.00520469 -0.00017825 0.008983 -0.0016393 0.00520469 -0.0016393 0.00695187)
(0.0065107 -0.000272613 0.00323332 -0.000272613 0.00937613 -0.000975801 0.00323332 -0.000975801 0.00543439)
(0.00526191 -0.00153145 0.00333175 -0.00153145 0.00983251 -0.00083337 0.00333175 -0.00083337 0.00701465)
(0.00184843 -0.0017604 0.0044849 -0.0017604 0.00953654 -0.00133451 0.0044849 -0.00133451 0.00779528)
(0.00194184 -0.00253802 0.00549541 -0.00253802 0.00960086 -0.00170449 0.00549541 -0.00170449 0.00879162)
(0.00460343 -0.00240357 0.00465658 -0.00240357 0.0085625 -0.00309063 0.00465658 -0.00309063 0.00651481)
(0.00252875 -0.00214497 0.00519914 -0.00214497 0.00794814 -0.00312755 0.00519914 -0.00312755 0.00752146)
(0.000462238 -0.0022156 0.00547136 -0.0022156 0.00882607 -0.00287135 0.00547136 -0.00287135 0.00816826)
(0.00163304 0.000255874 0.00515826 0.000255874 0.00779796 -0.00208321 0.00515826 -0.00208321 0.00527381)
(0.0025543 -0.000860973 0.00375025 -0.000860973 0.00743604 -0.00388182 0.00375025 -0.00388182 0.00562475)
(0.00611131 0.00087774 0.00460248 0.00087774 0.0038671 -0.00367531 0.00460248 -0.00367531 0.00692831)
(0.00153901 -0.00137431 0.00510285 -0.00137431 0.00922611 -0.00216844 0.00510285 -0.00216844 0.00848273)
(0.000320772 -0.00158943 0.00544716 -0.00158943 0.00907378 -0.00245886 0.00544716 -0.00245886 0.00878477)
(0.0148228 0.000600275 0.00388201 0.000600275 0.00770997 -2.70652e-05 0.00388201 -2.70652e-05 0.00612157)
(0.00154133 -0.00251974 0.00563038 -0.00251974 0.0102526 -0.00218169 0.00563038 -0.00218169 0.00765653)
(0.00419567 -0.00345139 0.00314142 -0.00345139 0.00949782 -0.00308023 0.00314142 -0.00308023 0.00669985)
(0.00342594 -0.000791066 0.00399801 -0.000791066 0.00555059 -0.00419745 0.00399801 -0.00419745 0.00612989)
(0.0054364 0.00161373 0.0052534 0.00161373 0.00432564 -0.0021897 0.0052534 -0.0021897 0.00468516)
(0.00433847 0.000993397 0.00456526 0.000993397 0.00341756 -0.00307889 0.00456526 -0.00307889 0.00538892)
(0.016876 -0.00259031 0.000278946 -0.00259031 0.00433572 0.00125178 0.000278946 0.00125178 0.00655404)
(0.00183905 0.000784237 0.00596737 0.000784237 0.00776965 -0.00202739 0.00596737 -0.00202739 0.00620134)
(0.00540947 0.00197421 0.00479402 0.00197421 0.00381148 -0.00243263 0.00479402 -0.00243263 0.00484351)
(0.0036748 -6.44894e-05 0.0066739 -6.44894e-05 0.00812203 -0.00247559 0.0066739 -0.00247559 0.00797906)
(0.00599089 0.00230763 0.00575883 0.00230763 0.00667316 -0.001391 0.00575883 -0.001391 0.00518742)
(0.00654978 0.000882828 0.00565552 0.000882828 0.00835476 -0.00143294 0.00565552 -0.00143294 0.00656877)
(0.000926298 -0.00217106 0.00544289 -0.00217106 0.00985312 -0.00179618 0.00544289 -0.00179618 0.00701142)
(0.00363754 -0.00254168 0.00361844 -0.00254168 0.00930143 -0.0031354 0.00361844 -0.0031354 0.00639922)
(0.00368144 -0.00362265 0.00409443 -0.00362265 0.00853299 -0.00328857 0.00409443 -0.00328857 0.00685125)
(0.00193885 -0.000409188 0.00709561 -0.000409188 0.00855209 -0.00268126 0.00709561 -0.00268126 0.00891996)
(0.000431054 -0.00113097 0.00570335 -0.00113097 0.00893992 -0.00231486 0.00570335 -0.00231486 0.00787496)
(0.0142514 -0.00194946 0.00428201 -0.00194946 0.00944137 -4.04138e-05 0.00428201 -4.04138e-05 0.00550772)
(0.00924332 0.000600626 0.00459275 0.000600626 0.00777651 -0.000622442 0.00459275 -0.000622442 0.00734112)
(0.0107592 -0.000884237 0.00461647 -0.000884237 0.00816876 -0.000769699 0.00461647 -0.000769699 0.00769899)
(0.0133249 -0.00692941 0.00388346 -0.00692941 0.0108929 -0.00433783 0.00388346 -0.00433783 0.00692781)
(0.00688483 0.00134674 0.00371414 0.00134674 0.00603267 -0.00161061 0.00371414 -0.00161061 0.00349555)
(0.0127437 -0.002886 0.00326837 -0.002886 0.0101277 0.000115093 0.00326837 0.000115093 0.0070191)
(0.00342119 -0.00306363 0.00536143 -0.00306363 0.0108268 -0.00220838 0.00536143 -0.00220838 0.00849255)
(0.00783253 -0.00406815 0.00566171 -0.00406815 0.0110783 -0.00291769 0.00566171 -0.00291769 0.00854619)
(0.00134684 -0.00206734 0.00391874 -0.00206734 0.00742651 -0.00384707 0.00391874 -0.00384707 0.0054353)
(0.00714152 -0.00125125 0.00293509 -0.00125125 0.00886255 -0.000367676 0.00293509 -0.000367676 0.0023975)
(0.012955 -0.00046593 0.00480852 -0.00046593 0.00846406 0.00041486 0.00480852 0.00041486 0.00604976)
(0.0131702 -6.99917e-05 0.00453134 -6.99917e-05 0.00820464 0.000447834 0.00453134 0.000447834 0.00777075)
(0.0117962 0.000542766 0.00390077 0.000542766 0.00674818 0.00106909 0.00390077 0.00106909 0.00830168)
(0.00908179 0.00280775 0.00432695 0.00280775 0.00523074 0.00115958 0.00432695 0.00115958 0.00648866)
(0.0160404 -0.00575774 0.00515759 -0.00575774 0.010211 -0.00234464 0.00515759 -0.00234464 0.00982845)
(0.0170223 -0.0047613 0.0026774 -0.0047613 0.00978982 -0.00470511 0.0026774 -0.00470511 0.00542108)
(0.00541183 -0.00394287 0.00300838 -0.00394287 0.00947544 -0.00249439 0.00300838 -0.00249439 0.00525838)
(0.00398756 -0.00256171 0.00436216 -0.00256171 0.00878952 -0.00202498 0.00436216 -0.00202498 0.00620979)
(0.00603884 -0.00346941 0.00511378 -0.00346941 0.0104406 -0.00187547 0.00511378 -0.00187547 0.00680323)
(0.0018364 -0.00372554 0.00344611 -0.00372554 0.0099647 -0.00433472 0.00344611 -0.00433472 0.00648653)
(0.00420293 -0.00124854 0.00363597 -0.00124854 0.00918042 -0.00163209 0.00363597 -0.00163209 0.00368733)
(0.0244548 -0.00380642 0.00178586 -0.00380642 0.0089936 0.0011457 0.00178586 0.0011457 0.0075077)
(0.0164835 -0.0031871 -0.000180846 -0.0031871 0.00788914 0.0021067 -0.000180846 0.0021067 0.00790472)
(0.0168417 -0.00375561 0.00372134 -0.00375561 0.0104804 -0.000608948 0.00372134 -0.000608948 0.0152196)
(0.00516621 -0.00526382 -0.00241874 -0.00526382 0.0109554 -0.000120165 -0.00241874 -0.000120165 0.00674433)
(0.0152182 -0.00352872 0.00275927 -0.00352872 0.00894608 -0.00432175 0.00275927 -0.00432175 0.00600993)
(0.00264773 -0.00232794 0.00424764 -0.00232794 0.00907002 -0.00365457 0.00424764 -0.00365457 0.00595851)
(0.00593405 -0.000605927 0.00379883 -0.000605927 0.00830697 -0.00194503 0.00379883 -0.00194503 0.00377076)
(0.00501367 -0.000826064 0.00395692 -0.000826064 0.00506296 -0.00262452 0.00395692 -0.00262452 0.00534451)
(0.00182837 -0.000228751 0.00356615 -0.000228751 0.00595266 -0.00267001 0.00356615 -0.00267001 0.00468449)
(0.00528954 -0.00215361 0.00395818 -0.00215361 0.0100779 -0.000957607 0.00395818 -0.000957607 0.00650239)
(0.00306336 -0.000659849 0.00402209 -0.000659849 0.00904358 -0.00181936 0.00402209 -0.00181936 0.0045253)
(0.00840126 -0.00263216 0.00373495 -0.00263216 0.00980245 -0.00107329 0.00373495 -0.00107329 0.00421547)
(0.0135452 -0.00260307 0.00313583 -0.00260307 0.0100281 -7.23982e-05 0.00313583 -7.23982e-05 0.0043583)
(0.0123538 0.00058359 0.00451717 0.00058359 0.00789368 0.000191601 0.00451717 0.000191601 0.00496008)
(0.00732119 -0.00235692 0.00412847 -0.00235692 0.00820016 -0.000415212 0.00412847 -0.000415212 0.00560253)
(0.0183812 -0.00133992 0.00470437 -0.00133992 0.00861999 -0.00382125 0.00470437 -0.00382125 0.00634271)
(0.0118712 -0.00315519 2.98116e-05 -0.00315519 0.00785181 -0.00408442 2.98116e-05 -0.00408442 0.00686882)
(0.00730908 -0.00162157 0.00499751 -0.00162157 0.00891154 -0.000359854 0.00499751 -0.000359854 0.0070346)
(0.00773945 -0.00252546 0.00497294 -0.00252546 0.00952639 -0.0012807 0.00497294 -0.0012807 0.00740716)
(0.0160684 0.000956187 0.00243111 0.000956187 0.00812548 -0.00106026 0.00243111 -0.00106026 0.00823012)
(0.00993433 0.00030084 0.00114611 0.00030084 0.00808955 -0.00157042 0.00114611 -0.00157042 0.00680135)
(0.0149997 -0.00106366 -0.00129491 -0.00106366 0.00424072 -0.001913 -0.00129491 -0.001913 0.00465914)
(0.0175036 -0.00263871 0.00476092 -0.00263871 0.00543033 -0.00282552 0.00476092 -0.00282552 0.00671497)
(0.00529598 -0.00138065 -0.000350099 -0.00138065 0.00461601 -0.00155589 -0.000350099 -0.00155589 0.00650484)
(0.0161177 0.00244659 0.00293114 0.00244659 0.00757782 -0.00106605 0.00293114 -0.00106605 0.0076665)
(0.0157896 -0.0049709 0.00247023 -0.0049709 0.00962311 -0.00240355 0.00247023 -0.00240355 0.00820107)
(0.0248292 -0.00579554 0.002939 -0.00579554 0.00970413 -0.00344439 0.002939 -0.00344439 0.00608972)
(0.00401962 -0.00251145 0.00540793 -0.00251145 0.00842777 -0.00296485 0.00540793 -0.00296485 0.00704375)
(0.00533347 -0.00221477 0.0033351 -0.00221477 0.00943285 -0.00213858 0.0033351 -0.00213858 0.00704569)
(0.0108251 0.000737745 0.000744732 0.000737745 0.00493886 0.00186556 0.000744732 0.00186556 0.00753182)
(0.0102921 -0.00408074 -0.00341159 -0.00408074 0.0107614 -0.00350447 -0.00341159 -0.00350447 0.00804086)
(0.00855153 -0.00436916 -0.00370437 -0.00436916 0.0109878 -0.00298283 -0.00370437 -0.00298283 0.00882255)
(0.0116693 -0.0045404 -0.0058503 -0.0045404 0.0106225 -0.0028367 -0.0058503 -0.0028367 0.00853844)
(0.0144305 -0.00208425 -0.00161895 -0.00208425 0.00613752 0.0001038 -0.00161895 0.0001038 0.00353789)
(0.0188505 -0.00248614 0.0039258 -0.00248614 0.00893054 -0.00325157 0.0039258 -0.00325157 0.00557073)
(0.015736 -0.00351696 -0.000379545 -0.00351696 0.00927086 -0.00303062 -0.000379545 -0.00303062 0.00849062)
(0.0112164 -0.00415583 -0.00203168 -0.00415583 0.00760703 -0.00376789 -0.00203168 -0.00376789 0.00546031)
(0.0132425 -0.00158467 0.000588067 -0.00158467 0.00854982 -0.00204705 0.000588067 -0.00204705 0.00703375)
(0.011162 -0.00537957 0.00150977 -0.00537957 0.0101081 -0.0034964 0.00150977 -0.0034964 0.00521759)
(0.0144953 1.12699e-05 0.00629587 1.12699e-05 0.00812618 -0.00211972 0.00629587 -0.00211972 0.00891106)
(0.0147802 -0.00122585 -0.00365871 -0.00122585 0.00818675 -0.0023566 -0.00365871 -0.0023566 0.00709014)
(0.0144166 -0.00366624 -0.00103633 -0.00366624 0.0120305 -0.00169584 -0.00103633 -0.00169584 0.00890188)
(0.0221593 -0.00187694 0.00156703 -0.00187694 0.0119124 -0.000224453 0.00156703 -0.000224453 0.012373)
(0.00499023 -0.00512943 -0.00217327 -0.00512943 0.011055 -0.00217287 -0.00217327 -0.00217287 0.0076605)
(0.0224301 -0.0039484 0.00177991 -0.0039484 0.00802911 -0.00265389 0.00177991 -0.00265389 0.0073675)
(0.0185893 -0.0032545 0.00369789 -0.0032545 0.00918049 -0.00272124 0.00369789 -0.00272124 0.00646548)
(0.0127812 9.3244e-06 0.00423657 9.3244e-06 0.00667211 -2.23052e-06 0.00423657 -2.23052e-06 0.00969221)
(0.0121078 0.00156828 0.00634778 0.00156828 0.00671708 -0.00237603 0.00634778 -0.00237603 0.00573614)
(-0.000415237 -0.000988185 0.00562664 -0.000988185 0.00826821 -0.00193687 0.00562664 -0.00193687 0.00591205)
(0.0149405 -0.00172966 0.00345206 -0.00172966 0.00959152 -0.00133102 0.00345206 -0.00133102 0.00615732)
(0.0112975 3.52729e-05 0.00641713 3.52729e-05 0.00847931 -0.00200878 0.00641713 -0.00200878 0.00681469)
(0.00491584 -0.0014506 0.00445891 -0.0014506 0.00930654 -0.00212358 0.00445891 -0.00212358 0.00705351)
(0.0150181 -0.00155724 0.00201745 -0.00155724 0.00885502 -0.000417337 0.00201745 -0.000417337 0.00922411)
(0.0145339 -0.00273198 -0.00208789 -0.00273198 0.010281 -0.00212036 -0.00208789 -0.00212036 0.00751415)
(0.00984838 -0.00411152 -0.00224881 -0.00411152 0.0109781 -0.00261251 -0.00224881 -0.00261251 0.00868187)
(0.0111515 -0.000135168 0.00236102 -0.000135168 0.00281842 0.000497729 0.00236102 0.000497729 0.00996263)
(0.0143538 -0.00152936 0.000603419 -0.00152936 0.00240784 -0.00122921 0.000603419 -0.00122921 0.0118167)
(0.0071732 -0.00263567 0.00147127 -0.00263567 0.00853063 -0.00225566 0.00147127 -0.00225566 0.00659352)
(0.0148801 -0.00226868 -0.00150233 -0.00226868 0.00816458 -0.00230517 -0.00150233 -0.00230517 0.00363334)
(0.0160355 0.000373251 0.00169504 0.000373251 0.00791409 -0.00143759 0.00169504 -0.00143759 0.00458236)
(0.0095896 -0.00150335 0.003497 -0.00150335 0.00776306 0.000407527 0.003497 0.000407527 0.00584338)
(0.00884902 -0.00540702 -0.00467082 -0.00540702 0.0108726 -0.00112966 -0.00467082 -0.00112966 0.00917655)
(0.016514 -0.00135884 0.000544989 -0.00135884 0.0081615 -0.00177445 0.000544989 -0.00177445 0.00702188)
(0.0100615 -0.00234623 0.00235926 -0.00234623 0.00878064 -0.00207928 0.00235926 -0.00207928 0.00605588)
(0.015282 -0.00374998 0.00141545 -0.00374998 0.00949394 -0.00103218 0.00141545 -0.00103218 0.00481494)
(0.0148841 -0.00430944 -0.00111923 -0.00430944 0.00781754 0.00105695 -0.00111923 0.00105695 0.00674428)
(0.00700787 -0.0021286 0.00208755 -0.0021286 0.00627471 -0.00142297 0.00208755 -0.00142297 0.00503829)
(0.0156051 -0.00324389 0.00327176 -0.00324389 0.00903793 -0.00276225 0.00327176 -0.00276225 0.00681284)
(0.00185244 -0.00262034 0.00496525 -0.00262034 0.0102604 -0.00213392 0.00496525 -0.00213392 0.00744063)
(0.00852457 -0.00275267 -0.000168535 -0.00275267 0.00927639 4.07016e-05 -0.000168535 4.07016e-05 0.0112743)
(0.00754584 -0.00545133 -0.00431943 -0.00545133 0.011278 -0.00231651 -0.00431943 -0.00231651 0.00913099)
(0.0134927 -0.00225649 -0.00321536 -0.00225649 0.0111541 -0.00149043 -0.00321536 -0.00149043 0.0074202)
(0.0120722 -0.00196722 -0.000352697 -0.00196722 0.011233 -0.0010615 -0.000352697 -0.0010615 0.00662277)
(0.0120925 -0.00447157 -0.00132395 -0.00447157 0.00763686 0.00162542 -0.00132395 0.00162542 0.00650281)
(0.0179161 -0.00738476 0.00270101 -0.00738476 0.0107495 -0.00438902 0.00270101 -0.00438902 0.00584615)
(0.00436538 -3.44943e-05 0.00372698 -3.44943e-05 0.00764938 -0.00303191 0.00372698 -0.00303191 0.00481676)
(0.000784021 -0.00354964 0.00477052 -0.00354964 0.00938632 -0.00262791 0.00477052 -0.00262791 0.00675814)
(0.00929926 -0.000606899 0.00375165 -0.000606899 0.00831245 -0.0014488 0.00375165 -0.0014488 0.00648809)
(0.0133385 -0.00600734 0.00316343 -0.00600734 0.0100792 -0.00349147 0.00316343 -0.00349147 0.00652908)
(0.00918882 -0.00499115 -0.000694415 -0.00499115 0.00873903 -0.00316808 -0.000694415 -0.00316808 0.00407629)
(0.0147855 -0.00204156 0.00259809 -0.00204156 0.00932196 0.000146723 0.00259809 0.000146723 0.0039097)
(0.00939851 -0.00329473 0.00273008 -0.00329473 0.00957501 -0.0017553 0.00273008 -0.0017553 0.00495795)
(0.00938125 -0.00260454 -0.00250504 -0.00260454 0.00755076 5.03901e-05 -0.00250504 5.03901e-05 0.0108036)
(0.00623452 -0.00554031 -0.00386396 -0.00554031 0.0112645 -0.0017627 -0.00386396 -0.0017627 0.00892132)
(0.00675745 -0.00150358 0.00406012 -0.00150358 0.00540422 -0.00236826 0.00406012 -0.00236826 0.00871806)
(0.0120141 -0.00148384 0.00121683 -0.00148384 0.00680473 -0.00170357 0.00121683 -0.00170357 0.00528336)
(0.0124705 -0.00401659 -0.00207643 -0.00401659 0.0116688 0.000349715 -0.00207643 0.000349715 0.00981579)
(0.0106225 -0.00386203 0.00235984 -0.00386203 0.00976761 -0.00338584 0.00235984 -0.00338584 0.00538546)
(0.00719344 -0.00289327 0.00518559 -0.00289327 0.0103474 -0.00204595 0.00518559 -0.00204595 0.00637843)
(0.0194433 -0.00329066 0.00275731 -0.00329066 0.0100519 -0.000579408 0.00275731 -0.000579408 0.00525229)
(0.0192135 -0.00396704 0.00247886 -0.00396704 0.00994063 -0.000456509 0.00247886 -0.000456509 0.00590624)
(0.0120663 -8.89115e-05 0.00395692 -8.89115e-05 0.00916993 -0.0014223 0.00395692 -0.0014223 0.00335432)
(0.0176885 -0.00361496 0.00198138 -0.00361496 0.00934762 0.000730441 0.00198138 0.000730441 0.0063856)
(0.0146053 0.00197751 0.0040409 0.00197751 0.00718256 0.00132689 0.0040409 0.00132689 0.0039527)
(0.00726276 -0.00542221 -0.00401701 -0.00542221 0.0113271 -0.00202326 -0.00401701 -0.00202326 0.00902295)
(0.0104798 -0.00549828 -0.000457581 -0.00549828 0.0110633 6.56648e-05 -0.000457581 6.56648e-05 0.00740468)
(0.0077305 -0.00519842 0.00053571 -0.00519842 0.00930315 -0.00303897 0.00053571 -0.00303897 0.00508876)
(0.00390934 -0.00300945 0.00482469 -0.00300945 0.00966807 -0.00210981 0.00482469 -0.00210981 0.0077172)
(0.0167316 -0.00275978 -4.4181e-05 -0.00275978 0.00913103 -0.00208324 -4.4181e-05 -0.00208324 0.00628997)
(0.0113966 -0.000252418 -0.00195286 -0.000252418 0.007039 -0.00377318 -0.00195286 -0.00377318 0.0060844)
(0.00794649 0.00100508 -0.00112337 0.00100508 0.00496714 0.00225369 -0.00112337 0.00225369 0.0061036)
(0.0157443 -0.00492801 -0.000930342 -0.00492801 0.0110914 -0.000680393 -0.000930342 -0.000680393 0.00936483)
(0.0121564 0.000558405 -0.000215101 0.000558405 0.00748772 -0.00149921 -0.000215101 -0.00149921 0.00486421)
(0.0102443 -0.00474982 0.00194127 -0.00474982 0.00998566 -0.00270511 0.00194127 -0.00270511 0.00672432)
(0.00911684 -0.00514667 -0.00374969 -0.00514667 0.0117018 -0.00260309 -0.00374969 -0.00260309 0.0080182)
(0.00471219 -0.00436276 -0.00262806 -0.00436276 0.00988623 -0.00316752 -0.00262806 -0.00316752 0.00734586)
(0.0132253 -0.00247485 0.00229952 -0.00247485 0.00761763 -0.00197092 0.00229952 -0.00197092 0.00549637)
(0.00428184 0.00014852 4.51598e-05 0.00014852 0.00166835 -0.000269857 4.51598e-05 -0.000269857 0.00308847)
(0.00532607 -0.00409521 0.00518299 -0.00409521 0.0105615 -0.00261289 0.00518299 -0.00261289 0.00830766)
(0.0210838 -0.0048179 0.00237793 -0.0048179 0.00972885 -0.000621825 0.00237793 -0.000621825 0.00967646)
(0.0113123 -0.00335085 -0.000773659 -0.00335085 0.0117411 -0.00245701 -0.000773659 -0.00245701 0.00861059)
(0.00955129 -0.00404278 -0.00349823 -0.00404278 0.0111671 -0.00333262 -0.00349823 -0.00333262 0.00846717)
(0.0059139 -0.00343192 -0.000830578 -0.00343192 0.00891114 0.00166971 -0.000830578 0.00166971 0.00364793)
(0.00114746 -0.000946812 -0.000410128 -0.000946812 0.00579597 -0.0027306 -0.000410128 -0.0027306 0.00380502)
(0.0204131 -0.0040966 0.00208696 -0.0040966 0.0081038 -0.00294474 0.00208696 -0.00294474 0.0058891)
(0.00465697 6.41206e-05 0.00413222 6.41206e-05 0.00804056 -0.00314605 0.00413222 -0.00314605 0.00518833)
(0.00280623 -0.00210602 0.00434132 -0.00210602 0.010039 -0.00328289 0.00434132 -0.00328289 0.00600502)
(0.0102226 -0.00451743 0.0025609 -0.00451743 0.0100735 -0.00247504 0.0025609 -0.00247504 0.0076681)
(0.0148666 -0.00568943 2.12025e-05 -0.00568943 0.00902901 -0.00312005 2.12025e-05 -0.00312005 0.00562866)
(0.00765983 0.000428833 1.77901e-05 0.000428833 0.00502929 -0.00161659 1.77901e-05 -0.00161659 0.00429043)
(0.00902195 -0.00182839 0.00461342 -0.00182839 0.00932388 -0.00220866 0.00461342 -0.00220866 0.0079408)
(0.0124208 -0.00414948 0.000695894 -0.00414948 0.00997788 -0.00237466 0.000695894 -0.00237466 0.0079845)
(0.0178597 -0.00143826 -0.000942323 -0.00143826 0.00817444 0.00278618 -0.000942323 0.00278618 0.00746432)
(0.00772829 -0.0041928 -0.00135025 -0.0041928 0.0114233 -0.00238308 -0.00135025 -0.00238308 0.00811777)
(0.014435 -0.0045009 0.00152559 -0.0045009 0.010391 0.000181607 0.00152559 0.000181607 0.00827173)
(0.0184467 -0.00122269 -0.00149308 -0.00122269 0.00729586 -0.00149283 -0.00149308 -0.00149283 0.0065987)
(0.0170367 -0.000904154 4.13079e-05 -0.000904154 0.00767297 -0.00096284 4.13079e-05 -0.00096284 0.00523559)
(0.0136238 -0.00301852 -0.000766835 -0.00301852 0.00810818 -0.000607353 -0.000766835 -0.000607353 0.00354384)
(0.0131821 -0.0043763 0.00290114 -0.0043763 0.00943507 -0.00242933 0.00290114 -0.00242933 0.00755478)
(0.0268458 -0.00331401 -0.00460814 -0.00331401 0.00790058 0.00372404 -0.00460814 0.00372404 0.00784033)
(0.0141775 -0.000263873 -0.000256811 -0.000263873 0.00337221 0.00147403 -0.000256811 0.00147403 0.0115592)
(0.0201835 -0.00137159 0.00474807 -0.00137159 0.00897118 -0.00216375 0.00474807 -0.00216375 0.0065387)
(0.0212238 -0.00155562 0.00421799 -0.00155562 0.00883892 -0.00143884 0.00421799 -0.00143884 0.00819432)
(0.00710422 -0.000796448 0.0054954 -0.000796448 0.00898093 -0.00192917 0.0054954 -0.00192917 0.00798277)
(0.0166079 -0.000961113 -0.000334702 -0.000961113 0.00794103 0.00160624 -0.000334702 0.00160624 0.00720948)
(0.0111783 0.00131644 0.00243617 0.00131644 0.00805473 0.000746886 0.00243617 0.000746886 0.00661984)
(0.0107588 0.00145351 0.00393293 0.00145351 0.00517201 -0.0030016 0.00393293 -0.0030016 0.00630406)
(0.0122487 -0.00544122 0.00167998 -0.00544122 0.0100016 -0.00408328 0.00167998 -0.00408328 0.00497585)
(0.0183013 -0.00534076 -0.00159773 -0.00534076 0.00957025 -0.00298851 -0.00159773 -0.00298851 0.00598329)
(0.00948542 0.000445818 0.0026608 0.000445818 0.00741456 0.000592373 0.0026608 0.000592373 0.00301915)
(0.0204622 0.00196461 0.00365797 0.00196461 0.0100813 -0.00239916 0.00365797 -0.00239916 0.011203)
(0.0196762 -0.000566944 0.00283579 -0.000566944 0.00890904 -0.000560795 0.00283579 -0.000560795 0.00460976)
(0.0114163 0.000550775 0.00153389 0.000550775 0.00755341 0.000486375 0.00153389 0.000486375 0.00386131)
(0.0116639 -0.00622676 0.00279076 -0.00622676 0.0104145 -0.00379454 0.00279076 -0.00379454 0.00552036)
(0.00705416 -0.00507036 -0.00135937 -0.00507036 0.0112948 -0.000565281 -0.00135937 -0.000565281 0.00650693)
(0.00697777 -0.00502846 -0.00263244 -0.00502846 0.0111741 -0.00125714 -0.00263244 -0.00125714 0.00826278)
(0.0115588 -0.00442151 0.00124853 -0.00442151 0.00887675 -0.00253274 0.00124853 -0.00253274 0.00504812)
(0.00598078 -0.00258318 -0.00121405 -0.00258318 0.00638934 0.00188179 -0.00121405 0.00188179 0.00453482)
(0.0135483 -0.00133387 0.00265009 -0.00133387 0.00831807 -0.00204003 0.00265009 -0.00204003 0.0062353)
(0.0204545 -0.00412526 0.00346557 -0.00412526 0.00968888 -0.000939364 0.00346557 -0.000939364 0.0103844)
(0.00634211 -0.00132274 -0.000519821 -0.00132274 0.00822173 -0.00118805 -0.000519821 -0.00118805 0.0035885)
(0.0167222 0.00018624 0.00250563 0.00018624 0.00715764 0.00131344 0.00250563 0.00131344 0.0124374)
(0.00666844 0.000814759 0.00299456 0.000814759 0.00677807 5.54454e-05 0.00299456 5.54454e-05 0.00360117)
(0.00348755 0.000103674 0.0013147 0.000103674 0.00548929 -0.000328143 0.0013147 -0.000328143 0.00413087)
(0.0112821 -0.0016793 0.00109767 -0.0016793 0.00778402 -0.00245055 0.00109767 -0.00245055 0.00517115)
(0.00979757 -0.00530488 0.00393037 -0.00530488 0.0106874 -0.00299431 0.00393037 -0.00299431 0.00748513)
(0.011566 -0.00626922 0.00159753 -0.00626922 0.0108014 -0.00479022 0.00159753 -0.00479022 0.00568252)
(0.0121416 -0.00573917 0.00316487 -0.00573917 0.0102668 -0.00387234 0.00316487 -0.00387234 0.00614549)
(0.0117474 -0.00147384 0.00105647 -0.00147384 0.0071491 -0.0028134 0.00105647 -0.0028134 0.005456)
(0.0138506 -0.00251917 0.00151603 -0.00251917 0.00872927 -0.000320158 0.00151603 -0.000320158 0.00597832)
(0.00673969 -0.00302336 0.00169899 -0.00302336 0.00889477 -0.00226362 0.00169899 -0.00226362 0.00463212)
(0.0112471 -0.00302272 0.000920789 -0.00302272 0.00921615 -0.00226247 0.000920789 -0.00226247 0.00653098)
(0.0146135 0.00203977 0.00378386 0.00203977 0.00704981 0.000850776 0.00378386 0.000850776 0.00658614)
(0.00626716 -0.00485473 -0.00131446 -0.00485473 0.0110229 -0.000582593 -0.00131446 -0.000582593 0.00598035)
(0.0100838 -0.00438046 -0.00018505 -0.00438046 0.0108391 -6.12698e-05 -0.00018505 -6.12698e-05 0.00737041)
(0.0146039 -0.00292896 -0.00177575 -0.00292896 0.0082934 -0.000493027 -0.00177575 -0.000493027 0.00616352)
(0.0141002 -0.000965247 0.00386723 -0.000965247 0.00841172 0.000356647 0.00386723 0.000356647 0.00780358)
(0.00979513 -0.00374583 -0.00257768 -0.00374583 0.00868134 0.0016622 -0.00257768 0.0016622 0.00977286)
(0.00460234 -0.00208646 0.000774646 -0.00208646 0.0076138 -0.0025185 0.000774646 -0.0025185 0.00443903)
(0.0182372 -9.65754e-05 -0.00176557 -9.65754e-05 0.00568783 0.00407531 -0.00176557 0.00407531 0.0102445)
(0.0117199 -0.00273912 -0.00155582 -0.00273912 0.00952407 -0.00335766 -0.00155582 -0.00335766 0.00966861)
(0.00799806 0.00073673 -9.71705e-05 0.00073673 0.0065147 0.00157358 -9.71705e-05 0.00157358 0.00492908)
(0.00585723 0.00126349 0.000456812 0.00126349 0.00525354 0.00135563 0.000456812 0.00135563 0.00261473)
(0.019297 0.00334259 0.00475861 0.00334259 0.00641487 -0.000382226 0.00475861 -0.000382226 0.00504321)
(0.0118124 -0.00306319 0.00431817 -0.00306319 0.00928642 -0.00231026 0.00431817 -0.00231026 0.00692179)
(0.0204741 0.00205691 0.004803 0.00205691 0.00709866 -0.00128432 0.004803 -0.00128432 0.0061691)
(0.0176579 -0.00358444 0.000528816 -0.00358444 0.00580864 0.00146306 0.000528816 0.00146306 0.00674925)
(0.00779712 -0.00219341 0.000760505 -0.00219341 0.00860611 0.00101152 0.000760505 0.00101152 0.00491495)
(0.0111571 -0.00628756 -0.00144435 -0.00628756 0.009136 -0.00344637 -0.00144435 -0.00344637 0.00482607)
(0.0157011 -0.00142757 0.00170708 -0.00142757 0.00889828 -0.000433506 0.00170708 -0.000433506 0.00873781)
(0.00584104 -0.00153849 0.00256287 -0.00153849 0.00654031 -0.00424415 0.00256287 -0.00424415 0.00789879)
(0.0193024 -0.00235742 0.00313199 -0.00235742 0.00960704 -0.001337 0.00313199 -0.001337 0.00578899)
(0.00371495 0.000839006 3.4946e-05 0.000839006 0.00377061 -0.00122743 3.4946e-05 -0.00122743 0.00325015)
(0.0168818 -0.00539369 0.00165569 -0.00539369 0.00982131 -0.00427459 0.00165569 -0.00427459 0.00496513)
(0.0168187 0.00305809 0.00473713 0.00305809 0.00549958 0.00106765 0.00473713 0.00106765 0.00374004)
(0.00667724 -0.0044469 -0.00168563 -0.0044469 0.0114783 -0.002731 -0.00168563 -0.002731 0.00697811)
(0.00941928 -6.73849e-05 0.000526259 -6.73849e-05 0.00706837 -5.42738e-05 0.000526259 -5.42738e-05 0.00466794)
(0.00948138 -0.00386589 -0.00132385 -0.00386589 0.00873988 -0.00281479 -0.00132385 -0.00281479 0.00524361)
(0.00821563 0.00230566 0.000865329 0.00230566 0.00699334 -0.00151808 0.000865329 -0.00151808 0.00495017)
(0.0159631 -0.0015726 -0.00243291 -0.0015726 0.00579176 0.00209874 -0.00243291 0.00209874 0.00864791)
(0.0173466 -0.00223067 -0.00229728 -0.00223067 0.00750008 0.00387955 -0.00229728 0.00387955 0.00834494)
(0.0157822 -0.00030208 0.00301933 -0.00030208 0.00799675 0.00105816 0.00301933 0.00105816 0.00728904)
(0.00789918 0.00237515 0.00182154 0.00237515 0.00658183 6.53788e-07 0.00182154 6.53788e-07 0.00423401)
(0.0124249 -0.0019834 0.000309519 -0.0019834 0.00728488 0.00181168 0.000309519 0.00181168 0.00680173)
(0.00641362 -0.00284024 0.000421012 -0.00284024 0.00800949 -0.00242694 0.000421012 -0.00242694 0.00547596)
(0.0111749 -0.00364252 0.00302713 -0.00364252 0.00924799 -0.0024257 0.00302713 -0.0024257 0.00717324)
(0.007455 -0.0045145 0.000245174 -0.0045145 0.00882516 -0.00343815 0.000245174 -0.00343815 0.00491652)
(0.0102139 -0.00588514 0.000198165 -0.00588514 0.00953207 -0.00379463 0.000198165 -0.00379463 0.00491943)
(0.0125113 0.00114587 0.00165509 0.00114587 0.00450644 -0.000877096 0.00165509 -0.000877096 0.00386605)
(0.0170618 -0.00487044 0.00217203 -0.00487044 0.0100002 -0.0020001 0.00217203 -0.0020001 0.00781295)
(0.00988474 -0.00412577 0.000780106 -0.00412577 0.0108059 0.000370489 0.000780106 0.000370489 0.00576971)
(0.0103343 -0.00130162 -0.00125126 -0.00130162 0.00843369 -0.00311633 -0.00125126 -0.00311633 0.00589922)
(0.00945584 0.000535369 -0.001371 0.000535369 0.00785032 -0.00178837 -0.001371 -0.00178837 0.00406963)
(0.00774311 -0.00370225 -0.00113745 -0.00370225 0.0112 -0.00339946 -0.00113745 -0.00339946 0.00744086)
(0.00299891 -0.000372895 0.000568084 -0.000372895 0.00507808 -0.00024886 0.000568084 -0.00024886 0.00153996)
(0.0162586 -0.00219209 0.00114078 -0.00219209 0.00841675 0.00068851 0.00114078 0.00068851 0.00886782)
(0.00820765 -0.00200247 -0.00131666 -0.00200247 0.00695209 0.00157975 -0.00131666 0.00157975 0.00461711)
(0.0121248 -0.00367974 -0.0019863 -0.00367974 0.0116216 -0.000482067 -0.0019863 -0.000482067 0.00885568)
(0.0103313 -0.00285919 -0.000540075 -0.00285919 0.00907043 -0.00311527 -0.000540075 -0.00311527 0.00744665)
(0.0117123 -0.00127268 -0.00256312 -0.00127268 0.00524761 -0.00249497 -0.00256312 -0.00249497 0.00683404)
(0.0162135 -0.00329462 -0.00344728 -0.00329462 0.00824783 -0.000167807 -0.00344728 -0.000167807 0.0073753)
(0.0123854 -0.00485201 -0.00576102 -0.00485201 0.0114311 -0.00153073 -0.00576102 -0.00153073 0.0106561)
(0.0112309 -0.00466809 -0.00318096 -0.00466809 0.0113919 -0.00212356 -0.00318096 -0.00212356 0.00916291)
(0.00722851 -0.00366516 0.00061799 -0.00366516 0.010439 -0.000712343 0.00061799 -0.000712343 0.00509617)
(0.00352648 -0.00193118 -0.000854572 -0.00193118 0.00424131 0.0017852 -0.000854572 0.0017852 0.00867789)
(0.0174243 -0.00160956 0.00178413 -0.00160956 0.00723409 -0.00236001 0.00178413 -0.00236001 0.00764878)
(0.00634527 -0.00294443 -0.0022598 -0.00294443 0.00710259 0.000897682 -0.0022598 0.000897682 0.00728533)
(0.00358042 -0.00233125 -0.00034839 -0.00233125 0.0067252 0.00111085 -0.00034839 0.00111085 0.00226573)
(0.0132529 -0.00495669 -0.000606273 -0.00495669 0.00971738 -0.0028096 -0.000606273 -0.0028096 0.00685513)
(0.0119825 -0.00281188 0.00360722 -0.00281188 0.00905728 -0.00206511 0.00360722 -0.00206511 0.00705182)
(0.00327066 -0.00449282 -0.000632401 -0.00449282 0.00991801 -0.000877261 -0.000632401 -0.000877261 0.00499064)
(0.0128139 -0.0022383 0.00270272 -0.0022383 0.00827951 -0.000258962 0.00270272 -0.000258962 0.00777437)
(0.00331217 0.000472853 -0.000118221 0.000472853 0.00454918 8.98559e-05 -0.000118221 8.98559e-05 0.00461352)
(0.00564525 -0.00252074 0.00398783 -0.00252074 0.00623768 -0.00192598 0.00398783 -0.00192598 0.00850867)
(0.0165385 -0.00268501 0.00155616 -0.00268501 0.00935224 -0.000497174 0.00155616 -0.000497174 0.00537686)
(0.0168895 -0.00231305 0.00156772 -0.00231305 0.00897038 0.000639333 0.00156772 0.000639333 0.0042211)
(0.00586228 0.00034798 -0.000114143 0.00034798 0.00648262 -0.000450931 -0.000114143 -0.000450931 0.00293737)
(0.00852526 0.000633555 4.35784e-05 0.000633555 0.0074681 -0.00167304 4.35784e-05 -0.00167304 0.00420991)
(0.0100544 -0.00154702 0.000241555 -0.00154702 0.00787051 -0.00146401 0.000241555 -0.00146401 0.00201115)
(0.0218628 -0.00305593 -0.0023831 -0.00305593 0.0067825 0.000840595 -0.0023831 0.000840595 0.00946619)
(0.0226731 -0.00371671 -0.0023714 -0.00371671 0.00838111 0.00299849 -0.0023714 0.00299849 0.00810214)
(0.0122101 0.00209888 0.00312361 0.00209888 0.00593389 0.00248816 0.00312361 0.00248816 0.00670964)
(0.00742376 -0.0053454 -0.00074055 -0.0053454 0.0110296 0.000797939 -0.00074055 0.000797939 0.00544425)
(0.0115276 0.00103637 0.00159262 0.00103637 0.00512677 0.00325238 0.00159262 0.00325238 0.00836062)
(0.0053719 -0.000819082 0.000789117 -0.000819082 0.00665515 5.54146e-05 0.000789117 5.54146e-05 0.00379303)
(0.00762125 -0.00136734 0.0033064 -0.00136734 0.00780914 -0.00141619 0.0033064 -0.00141619 0.00692385)
(0.00891508 -0.00248583 0.00195931 -0.00248583 0.008141 -0.00313757 0.00195931 -0.00313757 0.00634628)
(0.00590226 -0.000895297 0.00305223 -0.000895297 0.00582536 -0.00221613 0.00305223 -0.00221613 0.00506432)
(0.0129759 -0.00421595 -0.000458291 -0.00421595 0.007873 -0.000485661 -0.000458291 -0.000485661 0.00541388)
(0.0112687 -0.00448636 0.00170069 -0.00448636 0.00897519 -0.00181913 0.00170069 -0.00181913 0.00582232)
(0.0138776 0.000177774 0.00135069 0.000177774 0.0108674 -0.00168698 0.00135069 -0.00168698 0.00532753)
(0.00982552 0.00046172 0.000739358 0.00046172 0.0072508 0.001817 0.000739358 0.001817 0.00371071)
(0.00549918 -0.00154436 -3.05157e-05 -0.00154436 0.00619855 -0.0027243 -3.05157e-05 -0.0027243 0.00364356)
(0.0131405 0.00215478 0.00311315 0.00215478 0.00603551 0.000926571 0.00311315 0.000926571 0.00557017)
(0.0117243 -0.00125862 0.00275751 -0.00125862 0.00871326 -0.00151392 0.00275751 -0.00151392 0.00762746)
(0.0157647 -0.0038436 0.0032529 -0.0038436 0.00954404 -0.00194192 0.0032529 -0.00194192 0.00724833)
(0.013087 -2.5305e-05 -0.00102118 -2.5305e-05 0.00611152 0.0039577 -0.00102118 0.0039577 0.00847363)
(0.0155572 -0.000773267 0.00304418 -0.000773267 0.00907403 -0.00200291 0.00304418 -0.00200291 0.00485618)
(0.00500238 -0.00192123 0.000435648 -0.00192123 0.00833507 0.000209126 0.000435648 0.000209126 0.00706575)
(0.0115864 -0.00399524 -0.00334499 -0.00399524 0.0108971 -0.00179076 -0.00334499 -0.00179076 0.00920942)
(0.0076834 0.000804068 -0.000445668 0.000804068 0.00546999 0.00147276 -0.000445668 0.00147276 0.00302438)
(0.0120495 -0.00187271 -0.000407658 -0.00187271 0.00899285 -0.00121451 -0.000407658 -0.00121451 0.00779854)
(0.00724852 -0.000281405 0.000855919 -0.000281405 0.00285146 -0.00110602 0.000855919 -0.00110602 0.00384679)
(0.0150208 0.00248193 0.00453663 0.00248193 0.00566685 0.000460324 0.00453663 0.000460324 0.00389784)
(0.00762368 -0.00464811 -0.000530199 -0.00464811 0.0104843 0.000439127 -0.000530199 0.000439127 0.00724148)
(0.00727812 -0.00117114 0.000968162 -0.00117114 0.00755868 0.000626939 0.000968162 0.000626939 0.00598078)
(0.011313 -0.00183327 0.00139719 -0.00183327 0.00889494 -0.0018876 0.00139719 -0.0018876 0.00830044)
(0.00292311 7.30073e-05 0.000302715 7.30073e-05 0.0029226 -0.00040776 0.000302715 -0.00040776 0.00141157)
(0.00952234 -0.00516804 -0.000314913 -0.00516804 0.00912618 -0.00347356 -0.000314913 -0.00347356 0.00498915)
(0.00690248 -0.00207011 0.00039443 -0.00207011 0.00726083 -0.00322798 0.00039443 -0.00322798 0.00619862)
(0.00815587 -0.00199958 0.00158991 -0.00199958 0.00913157 0.000678056 0.00158991 0.000678056 0.00633364)
(0.00973465 0.00170476 0.0019965 0.00170476 0.00617086 0.000975777 0.0019965 0.000975777 0.00543376)
(0.0167606 -0.002427 -0.00313821 -0.002427 0.00641575 0.00411493 -0.00313821 0.00411493 0.00904346)
(0.00874711 -0.00163507 0.00124185 -0.00163507 0.00758679 -0.00112519 0.00124185 -0.00112519 0.00646664)
(0.00913536 -0.00157111 -0.00121197 -0.00157111 0.00700567 0.00191516 -0.00121197 0.00191516 0.00533863)
(0.0121604 -0.00144247 0.0028202 -0.00144247 0.0080753 1.5473e-05 0.0028202 1.5473e-05 0.00697186)
(0.00356083 -0.000122736 0.000996213 -0.000122736 0.00179327 -0.000937955 0.000996213 -0.000937955 0.00277327)
(0.0065416 -0.000720152 0.00100051 -0.000720152 0.00821141 -0.00243166 0.00100051 -0.00243166 0.00464755)
(0.00788782 -0.00488571 -0.00101982 -0.00488571 0.0112358 -0.00166757 -0.00101982 -0.00166757 0.00802194)
(0.0110057 -0.00215744 -0.00110254 -0.00215744 0.0089823 -0.00365838 -0.00110254 -0.00365838 0.00775612)
(0.0205883 -0.0035704 -0.0014059 -0.0035704 0.00827287 0.00244701 -0.0014059 0.00244701 0.00872702)
(0.0116791 -0.0019469 -0.00167077 -0.0019469 0.0115042 -0.00240626 -0.00167077 -0.00240626 0.00710226)
(0.0118272 -0.00338897 0.00190693 -0.00338897 0.0107604 8.42568e-05 0.00190693 8.42568e-05 0.0070191)
(0.00210564 -0.00460355 -0.0019088 -0.00460355 0.0110537 -0.00229361 -0.0019088 -0.00229361 0.00762441)
(0.00944706 -0.0038067 -0.000487396 -0.0038067 0.00708116 0.00216051 -0.000487396 0.00216051 0.00518649)
