/*--------------------------------*- C++ -*----------------------------------*\
  =========                 |
  \\      /  F ield         | OpenFOAM: The Open Source CFD Toolbox
   \\    /   O peration     | Website:  https://openfoam.org
    \\  /    A nd           | Version:  10
     \\/     M anipulation  |
\*---------------------------------------------------------------------------*/
FoamFile
{
    format      ascii;
    class       volTensorField;
    location    "17";
    object      TauNN;
}
// * * * * * * * * * * * * * * * * * * * * * * * * * * * * * * * * * * * * * //

dimensions      [0 2 -2 0 0 0 0];

internalField   nonuniform List<tensor> 
25600
(
(0.000271553 1.03656e-06 0.000124808 1.03656e-06 0.000241041 -4.96302e-05 0.000124808 -4.96302e-05 2.21398e-05)
(0.000212532 -2.60463e-05 0.000118895 -2.60463e-05 0.000238068 -2.09454e-06 0.000118895 -2.09454e-06 -9.29599e-07)
(0.000143652 4.42378e-07 8.24248e-05 4.42378e-07 0.000138244 6.06012e-06 8.24248e-05 6.06012e-06 3.55436e-05)
(0.000118134 3.51565e-05 5.64726e-05 3.51565e-05 0.000142935 -2.9237e-05 5.64726e-05 -2.9237e-05 4.79446e-05)
(0.000148134 3.64985e-05 6.12102e-05 3.64985e-05 0.000293951 -1.44858e-05 6.12102e-05 -1.44858e-05 4.57909e-05)
(0.000178398 3.19825e-05 7.97594e-05 3.19825e-05 0.000319 2.17389e-05 7.97594e-05 2.17389e-05 4.85729e-05)
(0.000148847 7.58842e-06 9.58992e-05 7.58842e-06 0.000182557 -1.6083e-05 9.58992e-05 -1.6083e-05 4.34342e-05)
(0.000147428 -2.33669e-06 9.05478e-05 -2.33669e-06 0.000137898 -2.87928e-05 9.05478e-05 -2.87928e-05 0.000142763)
(0.000170637 -1.69724e-05 7.81687e-05 -1.69724e-05 0.000151196 -9.21171e-06 7.81687e-05 -9.21171e-06 0.000224047)
(0.000179129 -1.91601e-05 0.000105592 -1.91601e-05 0.000128944 -7.7663e-06 0.000105592 -7.7663e-06 0.000177682)
(0.000217904 1.27284e-05 0.000140327 1.27284e-05 0.000163766 -6.80424e-06 0.000140327 -6.80424e-06 0.000113767)
(0.000340882 8.01198e-05 0.000129187 8.01198e-05 0.000265467 1.84793e-05 0.000129187 1.84793e-05 0.000289427)
(0.000430902 0.00012168 0.000131558 0.00012168 0.000309875 3.01814e-05 0.000131558 3.01814e-05 0.000458356)
(0.000429262 9.84492e-05 0.00017735 9.84492e-05 0.000290155 1.53305e-05 0.00017735 1.53305e-05 0.000388045)
(0.000352226 5.96382e-05 0.000209851 5.96382e-05 0.000221784 7.14976e-06 0.000209851 7.14976e-06 0.000183589)
(0.000310558 0.000104733 0.00019737 0.000104733 0.000205597 1.52085e-05 0.00019737 1.52085e-05 0.000179191)
(0.000329626 0.000172403 0.000169707 0.000172403 0.000359835 4.80041e-05 0.000169707 4.80041e-05 0.000253956)
(0.000306694 0.000120126 0.000149918 0.000120126 0.000439964 9.34992e-05 0.000149918 9.34992e-05 0.00025148)
(0.000198395 2.96235e-05 9.28398e-05 2.96235e-05 0.000328174 3.94704e-05 9.28398e-05 3.94704e-05 0.000118699)
(0.000104886 -7.22148e-06 5.9152e-05 -7.22148e-06 0.000221598 -5.69653e-05 5.9152e-05 -5.69653e-05 9.84458e-05)
(9.64278e-05 -4.23472e-05 6.02631e-05 -4.23472e-05 0.000139807 -2.3854e-05 6.02631e-05 -2.3854e-05 0.000170333)
(0.000128309 -4.21591e-05 4.74807e-05 -4.21591e-05 8.65978e-05 2.37618e-05 4.74807e-05 2.37618e-05 0.000142242)
(0.000170212 -2.86046e-05 8.8864e-05 -2.86046e-05 8.15236e-05 -8.94163e-06 8.8864e-05 -8.94163e-06 0.00010691)
(0.00021239 -1.07568e-06 0.000155204 -1.07568e-06 8.74341e-05 -5.16735e-05 0.000155204 -5.16735e-05 0.000127679)
(0.000188304 4.03747e-05 0.000132238 4.03747e-05 8.50056e-05 -3.2654e-05 0.000132238 -3.2654e-05 7.07905e-05)
(0.000122696 5.23124e-05 7.6713e-05 5.23124e-05 0.000114135 -2.27373e-05 7.6713e-05 -2.27373e-05 -1.4111e-06)
(7.91009e-05 3.06237e-05 7.60229e-05 3.06237e-05 0.000147914 -3.91463e-05 7.60229e-05 -3.91463e-05 2.50811e-06)
(8.84049e-05 1.71205e-05 0.000101813 1.71205e-05 0.000199651 -4.30122e-05 0.000101813 -4.30122e-05 4.58101e-05)
(0.00012941 2.9413e-05 8.37324e-05 2.9413e-05 0.000282223 -5.12805e-05 8.37324e-05 -5.12805e-05 6.66641e-05)
(0.000130066 3.03145e-05 4.74211e-05 3.03145e-05 0.000362984 -0.000109303 4.74211e-05 -0.000109303 0.000100359)
(0.000127697 3.47756e-05 6.86571e-06 3.47756e-05 0.000350849 -0.000179676 6.86571e-06 -0.000179676 0.000229093)
(0.00012147 8.70693e-06 1.21072e-06 8.70693e-06 0.000270381 -0.000209995 1.21072e-06 -0.000209995 0.000412098)
(0.000112771 -4.21368e-05 3.61828e-05 -4.21368e-05 0.000160557 -0.000140018 3.61828e-05 -0.000140018 0.000498542)
(7.96937e-05 -5.2819e-05 5.81173e-05 -5.2819e-05 0.00014029 -2.82871e-05 5.81173e-05 -2.82871e-05 0.00034334)
(8.67699e-05 -4.0642e-05 7.72206e-05 -4.0642e-05 0.000156512 -1.63093e-05 7.72206e-05 -1.63093e-05 0.000132889)
(0.000130114 -1.8076e-05 8.73068e-05 -1.8076e-05 0.000161594 -1.6964e-05 8.73068e-05 -1.6964e-05 4.78321e-05)
(0.000194713 2.33892e-05 0.000103713 2.33892e-05 0.000199206 -1.03656e-06 0.000103713 -1.03656e-06 7.201e-05)
(0.000220655 2.90703e-05 0.000143578 2.90703e-05 0.00021507 4.7734e-05 0.000143578 4.7734e-05 0.00011964)
(0.000248438 3.4946e-05 0.000141495 3.4946e-05 0.000204653 3.16212e-05 0.000141495 3.16212e-05 0.000115088)
(0.000287725 2.93758e-05 0.000130706 2.93758e-05 0.000206729 -3.01842e-05 0.000130706 -3.01842e-05 9.74362e-05)
(0.000138857 -2.29878e-05 0.000131235 -2.29878e-05 0.000217347 4.25512e-05 0.000131235 4.25512e-05 0.000170459)
(0.000202493 -3.32147e-05 0.000103835 -3.32147e-05 0.000234037 -3.0051e-05 0.000103835 -3.0051e-05 1.90012e-05)
(0.000553709 4.11542e-05 0.000238771 4.11542e-05 0.000309431 -0.000116777 0.000238771 -0.000116777 0.000354041)
(0.000811949 0.000176619 0.000357343 0.000176619 0.000299802 -9.55062e-05 0.000357343 -9.55062e-05 0.000884941)
(0.000427377 0.000134702 0.000237424 0.000134702 0.000164299 -6.09085e-07 0.000237424 -6.09085e-07 0.000366229)
(9.30711e-05 3.60757e-05 5.59483e-05 3.60757e-05 0.000118895 -6.2854e-05 5.59483e-05 -6.2854e-05 8.88556e-05)
(0.00033812 -4.90258e-05 0.000136994 -4.90258e-05 0.000286943 -0.000302369 0.000136994 -0.000302369 0.00141512)
(0.000637268 -0.000114233 7.51195e-05 -0.000114233 0.000431002 -0.00048938 7.51195e-05 -0.00048938 0.00255078)
(0.000523533 -9.08105e-05 -7.97017e-05 -9.08105e-05 0.000251415 -0.00012918 -7.97017e-05 -0.00012918 0.0018652)
(0.000239219 -6.13816e-05 2.36677e-05 -6.13816e-05 0.000119636 5.60917e-05 2.36677e-05 5.60917e-05 0.000597929)
(0.000170966 -3.81246e-05 0.000123942 -3.81246e-05 0.000151115 1.57962e-05 0.000123942 1.57962e-05 7.4936e-05)
(0.000230395 1.82353e-06 0.000109877 1.82353e-06 0.000199823 -1.45482e-05 0.000109877 -1.45482e-05 4.87458e-05)
(0.000177625 -2.38828e-05 0.000106651 -2.38828e-05 0.000209256 3.65358e-06 0.000106651 3.65358e-06 5.62275e-05)
(0.000142612 4.87119e-05 1.04783e-05 4.87119e-05 0.00026745 -8.07643e-05 1.04783e-05 -8.07643e-05 0.000153806)
(0.000252374 0.000181029 -6.1946e-05 0.000181029 0.000358076 -0.000116028 -6.1946e-05 -0.000116028 0.000238234)
(0.00043056 0.000216844 0.000209024 0.000216844 0.000309693 1.35694e-05 0.000209024 1.35694e-05 0.000302774)
(0.000638039 0.00018013 0.000545096 0.00018013 0.000139573 4.86551e-05 0.000545096 4.86551e-05 0.000753905)
(0.00073568 0.000226711 0.00032823 0.000226711 0.000169277 -0.000118822 0.00032823 -0.000118822 0.00110847)
(0.000509714 0.00019753 8.96519e-05 0.00019753 0.000194219 -0.000165324 8.96519e-05 -0.000165324 0.00042099)
(0.0002481 9.08813e-05 0.000184423 9.08813e-05 0.000189202 4.42322e-05 0.000184423 4.42322e-05 6.48026e-05)
(0.000468895 -3.83202e-05 0.000224866 -3.83202e-05 0.000282545 0.000292663 0.000224866 0.000292663 0.00131127)
(0.00074784 -0.000185819 0.000160086 -0.000185819 0.000466397 0.00042637 0.000160086 0.00042637 0.00234284)
(0.000432302 -0.000122689 3.16706e-05 -0.000122689 0.000317706 0.00030043 3.16706e-05 0.00030043 0.00132747)
(0.00015942 2.32086e-06 1.61203e-05 2.32086e-06 0.000159955 -2.91914e-05 1.61203e-05 -2.91914e-05 0.000100439)
(0.000430514 5.44246e-05 0.00033674 5.44246e-05 0.000166733 -4.72823e-05 0.00033674 -4.72823e-05 0.000324514)
(0.000578303 8.83052e-05 0.000301281 8.83052e-05 0.0001988 -0.000201477 0.000301281 -0.000201477 0.000604802)
(0.000512771 8.7278e-05 9.92408e-05 8.7278e-05 0.000462592 -0.000285178 9.92408e-05 -0.000285178 0.000223501)
(0.000440774 4.88823e-05 0.000182706 4.88823e-05 0.00088141 5.53112e-06 0.000182706 5.53112e-06 7.27439e-05)
(0.000361943 -8.89245e-05 0.000196554 -8.89245e-05 0.000769942 0.000205804 0.000196554 0.000205804 0.000179793)
(0.000333951 -0.000131667 0.000164104 -0.000131667 0.000561757 0.000181121 0.000164104 0.000181121 0.000159984)
(0.000375258 -0.000111099 0.000168358 -0.000111099 0.000534655 0.000227325 0.000168358 0.000227325 0.000242609)
(0.000404428 -4.69387e-07 0.000191091 -4.69387e-07 0.00051567 0.000340486 0.000191091 0.000340486 0.000454825)
(0.000551773 3.3401e-05 0.000187652 3.3401e-05 0.000700795 0.000558128 0.000187652 0.000558128 0.000858858)
(0.000484889 -3.89935e-05 0.000131523 -3.89935e-05 0.000624128 0.000527586 0.000131523 0.000527586 0.000909927)
(0.000314968 -4.91627e-05 0.000110603 -4.91627e-05 0.000374883 0.00026485 0.000110603 0.00026485 0.000500905)
(0.000271958 -9.84641e-05 0.000137883 -9.84641e-05 0.000349014 8.33068e-05 0.000137883 8.33068e-05 0.000162628)
(0.000314954 -7.1778e-05 0.000173167 -7.1778e-05 0.000321389 -7.6442e-05 0.000173167 -7.6442e-05 6.40275e-05)
(0.000310351 1.5364e-05 0.000157123 1.5364e-05 0.000281616 -8.64388e-05 0.000157123 -8.64388e-05 4.8636e-05)
(0.000223343 3.72939e-05 0.000146435 3.72939e-05 0.000255851 2.22148e-05 0.000146435 2.22148e-05 3.13747e-05)
(0.000166902 1.02594e-05 0.000172498 1.02594e-05 0.000231925 6.07129e-05 0.000172498 6.07129e-05 0.000149776)
(0.000255874 1.89571e-05 0.000152106 1.89571e-05 0.000170746 -3.07141e-05 0.000152106 -3.07141e-05 0.000121497)
(0.000377353 4.39743e-05 0.000172381 4.39743e-05 0.000271431 -0.000136505 0.000172381 -0.000136505 0.000252178)
(0.000440726 -1.71615e-05 0.000204578 -1.71615e-05 0.000374155 -0.000207209 0.000204578 -0.000207209 0.000279153)
(0.000386721 -5.07943e-06 0.000215111 -5.07943e-06 0.000231977 -0.000102309 0.000215111 -0.000102309 0.000185755)
(0.00033144 0.000166993 0.000146631 0.000166993 0.000229366 2.64216e-06 0.000146631 2.64216e-06 0.0001378)
(0.000306336 0.000256214 6.92094e-05 0.000256214 0.000455798 9.45292e-06 6.92094e-05 9.45292e-06 0.000135842)
(0.000235247 0.000110151 0.000138475 0.000110151 0.000414682 9.26657e-05 0.000138475 9.26657e-05 0.000161595)
(0.000225883 1.55e-05 0.000119929 1.55e-05 0.00025441 7.21384e-05 0.000119929 7.21384e-05 0.000136837)
(0.000350889 2.49278e-05 7.217e-05 2.49278e-05 0.000293892 5.27175e-05 7.217e-05 5.27175e-05 0.000254342)
(0.000433273 0.000106354 9.09148e-05 0.000106354 0.000299068 3.90084e-05 9.09148e-05 3.90084e-05 0.000438899)
(0.000456623 0.000115585 0.000134367 0.000115585 0.000268787 -6.67023e-05 0.000134367 -6.67023e-05 0.000458337)
(0.000508944 8.24947e-05 0.000231711 8.24947e-05 0.000260917 -0.000104979 0.000231711 -0.000104979 0.000480697)
(0.000368108 2.45329e-05 0.000222739 2.45329e-05 0.000192606 -5.25676e-05 0.000222739 -5.25676e-05 0.000175226)
(0.000241081 5.43669e-05 0.000122931 5.43669e-05 0.000159086 -3.32948e-06 0.000122931 -3.32948e-06 2.18284e-05)
(0.000213668 0.000149279 9.07388e-05 0.000149279 0.000270293 2.87676e-05 9.07388e-05 2.87676e-05 4.74041e-05)
(0.000203003 7.96886e-05 0.000135211 7.96886e-05 0.000214119 7.67279e-05 0.000135211 7.67279e-05 8.99969e-05)
(0.000512338 0.000197035 -3.1394e-05 0.000197035 0.000238877 -0.000124871 -3.1394e-05 -0.000124871 0.000537806)
(0.000842176 0.000246527 -0.000135626 0.000246527 0.000623222 -0.000488153 -0.000135626 -0.000488153 0.000800538)
(0.000934766 7.80011e-05 -5.31841e-05 7.80011e-05 0.00114716 -0.000678689 -5.31841e-05 -0.000678689 0.000756454)
(0.000706717 6.6841e-06 6.86366e-05 6.6841e-06 0.00094124 -0.000482282 6.86366e-05 -0.000482282 0.00045174)
(0.000416815 1.08564e-05 0.000134843 1.08564e-05 0.000527421 -0.000200994 0.000134843 -0.000200994 0.000138501)
(0.000295319 -2.95043e-06 0.000136998 -2.95043e-06 0.000287254 -8.75974e-05 0.000136998 -8.75974e-05 5.92894e-05)
(0.000308845 -6.01467e-05 0.000174633 -6.01467e-05 0.000243974 -7.11726e-05 0.000174633 -7.11726e-05 4.87019e-05)
(0.000488191 -0.000146002 0.00024537 -0.000146002 0.000508167 -0.000215298 0.00024537 -0.000215298 0.000133992)
(0.000716166 0.000110667 7.96439e-05 0.000110667 0.00101542 -0.000444455 7.96439e-05 -0.000444455 0.000386133)
(0.000841641 0.000365166 -5.44926e-05 0.000365166 0.00110579 -0.000407361 -5.44926e-05 -0.000407361 0.000453293)
(0.000812276 0.000328992 -5.56894e-05 0.000328992 0.000812118 -0.000323371 -5.56894e-05 -0.000323371 0.000483854)
(0.000709998 0.00020597 2.41185e-05 0.00020597 0.000682355 -0.000285781 2.41185e-05 -0.000285781 0.000596758)
(0.000812223 0.000145102 0.000222892 0.000145102 0.00067922 -0.000299394 0.000222892 -0.000299394 0.000847741)
(0.000907283 0.000111898 0.000283632 0.000111898 0.000727878 -0.000413604 0.000283632 -0.000413604 0.00101931)
(0.0006949 0.000102608 0.000195336 0.000102608 0.000569921 -0.000335369 0.000195336 -0.000335369 0.000750895)
(0.000449375 0.000116045 0.000113315 0.000116045 0.000418443 -0.000144912 0.000113315 -0.000144912 0.000329999)
(0.000324378 3.19472e-05 0.000103846 3.19472e-05 0.00048511 -8.3413e-05 0.000103846 -8.3413e-05 0.000173018)
(0.000340682 -2.60174e-05 0.000132264 -2.60174e-05 0.000609258 -0.000128486 0.000132264 -0.000128486 0.000169793)
(0.000462126 -8.04737e-05 0.000194864 -8.04737e-05 0.00090649 -0.000352285 0.000194864 -0.000352285 0.000286027)
(0.000608213 -0.000200609 0.000231285 -0.000200609 0.00132499 -0.000621119 0.000231285 -0.000621119 0.000497308)
(0.000608344 -0.000151652 0.000251424 -0.000151652 0.000878314 -0.00058054 0.000251424 -0.00058054 0.000541779)
(0.000592931 -7.86642e-05 0.000263086 -7.86642e-05 0.000435931 -0.000278453 0.000263086 -0.000278453 0.000438652)
(0.000503848 9.34992e-05 0.000260796 9.34992e-05 0.000297274 -2.64533e-05 0.000260796 -2.64533e-05 0.00035344)
(0.000314173 9.39351e-05 0.000177122 9.39351e-05 0.000261405 3.01609e-05 0.000177122 3.01609e-05 0.000174819)
(0.00053027 0.000243811 0.000146084 0.000243811 0.000600798 -0.000206919 0.000146084 -0.000206919 0.000264895)
(0.00041516 7.15405e-05 0.000154057 7.15405e-05 0.000279766 -0.000133957 0.000154057 -0.000133957 0.000384681)
(0.000684568 0.000200941 0.000474317 0.000200941 0.000493751 8.94424e-05 0.000474317 8.94424e-05 0.000743942)
(0.00134185 0.000585662 0.000759797 0.000585662 0.00067624 0.000182031 0.000759797 0.000182031 0.00105892)
(0.000972297 0.000452443 0.000433411 0.000452443 0.000333392 8.74596e-05 0.000433411 8.74596e-05 0.000543826)
(0.000256051 0.00010349 0.000166712 0.00010349 9.02408e-05 1.15708e-05 0.000166712 1.15708e-05 5.49737e-05)
(0.000253145 3.23653e-05 7.78018e-05 3.23653e-05 0.000194691 2.26079e-05 7.78018e-05 2.26079e-05 8.95964e-05)
(0.000403867 9.47816e-05 2.71741e-05 9.47816e-05 0.0002651 1.61668e-05 2.71741e-05 1.61668e-05 0.000312052)
(0.000472735 0.000154806 0.000125419 0.000154806 0.000273643 0.00012121 0.000125419 0.00012121 0.000609428)
(0.000554747 0.000202914 0.000114955 0.000202914 0.000346264 0.000179812 0.000114955 0.000179812 0.000824613)
(0.000737685 0.000257479 -2.23424e-05 0.000257479 0.000393384 0.000110807 -2.23424e-05 0.000110807 0.00114535)
(0.000946824 0.000338085 -3.83165e-05 0.000338085 0.000436121 -5.12721e-05 -3.83165e-05 -5.12721e-05 0.00147676)
(0.000932116 0.000105564 5.04199e-05 0.000105564 0.000606943 -0.00038629 5.04199e-05 -0.00038629 0.000929)
(0.00064373 -0.000354095 0.000218667 -0.000354095 0.000734867 -0.000246096 0.000218667 -0.000246096 0.00011589)
(0.000420794 -0.000421765 6.88341e-06 -0.000421765 0.000649964 0.000184915 6.88341e-06 0.000184915 0.000109656)
(0.000344334 -0.000109705 0.00013503 -0.000109705 0.000623178 0.000238119 0.00013503 0.000238119 0.000151592)
(0.000268257 9.78904e-05 0.000129109 9.78904e-05 0.000179184 -7.17025e-06 0.000129109 -7.17025e-06 4.19334e-05)
(0.0004598 -0.000152677 2.20137e-05 -0.000152677 0.000500448 0.000157094 2.20137e-05 0.000157094 0.000195314)
(0.000532995 1.38022e-05 7.53589e-05 1.38022e-05 0.000938058 0.000239382 7.53589e-05 0.000239382 0.000373641)
(0.000512051 0.000182769 0.000222791 0.000182769 0.000605419 0.000106322 0.000222791 0.000106322 0.000450714)
(0.000386781 6.878e-05 0.000259729 6.878e-05 0.000248732 -2.36984e-05 0.000259729 -2.36984e-05 0.000376848)
(0.000375241 6.10584e-05 0.000247655 6.10584e-05 0.000238243 7.56793e-06 0.000247655 7.56793e-06 0.000441896)
(0.000385689 -2.6674e-05 0.000103797 -2.6674e-05 0.000374698 9.02498e-05 0.000103797 9.02498e-05 0.000313326)
(0.00045266 4.55044e-05 4.11607e-05 4.55044e-05 0.000395644 -2.63769e-05 4.11607e-05 -2.63769e-05 0.000306722)
(0.000581065 5.98608e-05 0.000102974 5.98608e-05 0.000485263 -0.00012064 0.000102974 -0.00012064 0.00041823)
(0.000659206 9.30754e-05 0.000282342 9.30754e-05 0.000409455 -2.53441e-05 0.000282342 -2.53441e-05 0.000494294)
(0.000586356 0.000232343 0.000361374 0.000232343 0.000504009 0.00021342 0.000361374 0.00021342 0.000555999)
(0.000544879 0.000332731 0.000155677 0.000332731 0.001665 0.000434244 0.000155677 0.000434244 0.000429624)
(0.000621664 0.000311852 0.00011785 0.000311852 0.00270112 0.000522697 0.00011785 0.000522697 0.000540333)
(0.00079324 0.000722131 0.000462389 0.000722131 0.00289834 0.000874883 0.000462389 0.000874883 0.00106608)
(0.00104768 0.00101093 0.000703832 0.00101093 0.00300557 0.00102495 0.000703832 0.00102495 0.00145599)
(0.000643369 0.000588653 0.000425456 0.000588653 0.00230413 0.000674477 0.000425456 0.000674477 0.000920056)
(0.000528219 0.00012758 9.66247e-05 0.00012758 0.00147967 0.000123595 9.66247e-05 0.000123595 0.000378806)
(0.000508247 -6.97607e-05 0.00020694 -6.97607e-05 0.000871677 -8.42996e-05 0.00020694 -8.42996e-05 0.000349226)
(0.000353784 1.65943e-05 0.000203336 1.65943e-05 0.000436903 2.00523e-05 0.000203336 2.00523e-05 0.00033698)
(0.00034967 -6.14906e-05 0.0001245 -6.14906e-05 0.000448153 -4.20166e-05 0.0001245 -4.20166e-05 0.000193257)
(0.000698669 -4.80674e-05 0.000351889 -4.80674e-05 0.00044823 -3.35937e-05 0.000351889 -3.35937e-05 0.000399617)
(0.000932298 -4.10872e-05 0.000499662 -4.10872e-05 0.000446672 -2.44211e-05 0.000499662 -2.44211e-05 0.000543534)
(0.000537219 -7.96821e-05 0.000301652 -7.96821e-05 0.000275642 -8.24686e-05 0.000301652 -8.24686e-05 0.000251353)
(0.000363443 5.48959e-05 0.000183337 5.48959e-05 0.00040286 -0.000117398 0.000183337 -0.000117398 0.000128159)
(0.000426275 6.94832e-05 0.000200093 6.94832e-05 0.000373308 7.03335e-06 0.000200093 7.03335e-06 0.000256811)
(0.00111245 0.000895675 0.000678519 0.000895675 0.00189378 0.000678048 0.000678519 0.000678048 0.000963951)
(0.000910503 0.000926224 0.000544718 0.000926224 0.00208254 0.000599602 0.000544718 0.000599602 0.000693104)
(0.00021658 7.14911e-05 0.000131416 7.14911e-05 0.000166299 -5.51529e-05 0.000131416 -5.51529e-05 0.000160119)
(0.000274209 1.53417e-05 0.000190308 1.53417e-05 0.000737379 -8.89236e-05 0.000190308 -8.89236e-05 0.00024452)
(0.000410054 7.51661e-05 0.000260096 7.51661e-05 0.00115166 -9.91719e-05 0.000260096 -9.91719e-05 0.000250298)
(0.000313152 4.42713e-05 0.000173638 4.42713e-05 0.000318874 -1.79177e-05 0.000173638 -1.79177e-05 2.05774e-05)
(9.94838e-05 -9.92045e-06 0.000144154 -9.92045e-06 0.000143699 -1.45445e-05 0.000144154 -1.45445e-05 0.000112937)
(8.63966e-05 -7.6442e-05 0.000189381 -7.6442e-05 0.000224364 -0.000233837 0.000189381 -0.000233837 0.000858342)
(0.000334593 -0.000162031 0.000242205 -0.000162031 0.00028451 -0.000299654 0.000242205 -0.000299654 0.00185043)
(0.000402938 -0.000151421 0.000290269 -0.000151421 0.000241978 -0.000193136 0.000290269 -0.000193136 0.00148034)
(0.000226773 -5.41415e-05 0.00019557 -5.41415e-05 0.000241311 -8.08071e-05 0.00019557 -8.08071e-05 0.00042711)
(0.000232086 6.80611e-06 0.000103335 6.80611e-06 0.000303006 -2.69273e-05 0.000103335 -2.69273e-05 0.000117427)
(0.000367756 -1.10529e-05 0.000170451 -1.10529e-05 0.00039847 -0.00017463 0.000170451 -0.00017463 0.000240295)
(0.00052115 -0.000232596 0.000255728 -0.000232596 0.000871743 -0.000356961 0.000255728 -0.000356961 0.000232651)
(0.000619948 -0.000417307 0.000249349 -0.000417307 0.000951732 -0.000187042 0.000249349 -0.000187042 0.000121764)
(0.000432801 -0.000286197 9.12677e-05 -0.000286197 0.000385946 2.52882e-05 9.12677e-05 2.52882e-05 5.15058e-05)
(0.000157943 -2.22269e-05 6.42613e-06 -2.22269e-05 0.000104904 1.51712e-05 6.42613e-06 1.51712e-05 6.55063e-05)
(8.80227e-05 1.89235e-05 0.00011423 1.89235e-05 0.000103528 -3.15225e-05 0.00011423 -3.15225e-05 2.37915e-05)
(0.000296954 -5.02896e-05 0.000158021 -5.02896e-05 0.000169487 1.93017e-05 0.000158021 1.93017e-05 8.94715e-05)
(0.00034924 1.93529e-05 0.0001364 1.93529e-05 0.000307156 0.000116866 0.0001364 0.000116866 0.000328704)
(0.00076097 0.000341719 0.000507236 0.000341719 0.000569094 0.000325375 0.000507236 0.000325375 0.00106433)
(0.000804165 0.000423992 0.000497557 0.000423992 0.000891848 0.000503261 0.000497557 0.000503261 0.000967712)
(0.000621013 0.000208327 0.000169755 0.000208327 0.00115706 0.000523444 0.000169755 0.000523444 0.000573824)
(0.000570061 0.000164757 8.05054e-05 0.000164757 0.000834676 0.000358238 8.05054e-05 0.000358238 0.000523913)
(0.000626417 0.000158882 9.58461e-05 0.000158882 0.000457997 1.27181e-05 9.58461e-05 1.27181e-05 0.000725834)
(0.00132824 -0.000197106 0.00030211 -0.000197106 0.000956805 -0.000584367 0.00030211 -0.000584367 0.00134067)
(0.00171371 -0.000108428 0.000681926 -0.000108428 0.000738944 -0.000530053 0.000681926 -0.000530053 0.0020214)
(0.00146191 0.000374882 0.000775374 0.000374882 0.000579345 0.000402575 0.000775374 0.000402575 0.00276987)
(0.00115378 0.000460613 0.000508623 0.000460613 0.00121585 0.000964059 0.000508623 0.000964059 0.00254383)
(0.000484923 0.000194214 0.000183207 0.000194214 0.000991316 0.000495289 0.000183207 0.000495289 0.000591234)
(1.92884e-05 -9.25511e-05 0.000134827 -9.25511e-05 0.000231605 -0.000113461 0.000134827 -0.000113461 0.000146342)
(0.000398508 -0.000169519 0.000502191 -0.000169519 0.000310873 -0.000391336 0.000502191 -0.000391336 0.0012835)
(0.000560971 -0.000378594 0.000491088 -0.000378594 0.00097544 -0.000754401 0.000491088 -0.000754401 0.00111796)
(0.000529279 -0.00023243 9.39593e-05 -0.00023243 0.00232114 -0.000105558 9.39593e-05 -0.000105558 0.000536695)
(0.000806251 0.000557628 0.000260677 0.000557628 0.00348902 0.000808734 0.000260677 0.000808734 0.000942115)
(0.000569754 0.000574962 0.000280173 0.000574962 0.00223996 0.000522739 0.000280173 0.000522739 0.000750394)
(0.000276156 6.46422e-05 4.61349e-05 6.46422e-05 0.000406206 -4.24525e-05 4.61349e-05 -4.24525e-05 0.000237141)
(0.000295806 -0.000101105 0.000149184 -0.000101105 0.000541765 9.77088e-05 0.000149184 9.77088e-05 0.000226023)
(0.000339074 -3.77391e-05 0.000195105 -3.77391e-05 0.00057044 -1.2408e-05 0.000195105 -1.2408e-05 0.000149235)
(0.00092923 0.000904056 0.000353774 0.000904056 0.00161716 0.000265907 0.000353774 0.000265907 0.000561459)
(0.000725293 0.000728978 0.000199338 0.000728978 0.00150647 0.00018174 0.000199338 0.00018174 0.00033492)
(0.000301723 8.69967e-05 4.35784e-05 8.69967e-05 0.00071429 6.6082e-05 4.35784e-05 6.6082e-05 5.34263e-05)
(0.00028237 3.78042e-05 0.000149486 3.78042e-05 0.000307828 5.75185e-06 0.000149486 5.75185e-06 6.86642e-05)
(0.000269939 5.37932e-06 0.000168029 5.37932e-06 0.000348328 -8.4782e-05 0.000168029 -8.4782e-05 7.55876e-05)
(0.000504193 -0.000122052 0.000267206 -0.000122052 0.000325171 -0.000138917 0.000267206 -0.000138917 0.000176036)
(0.000684945 -0.000226844 0.000258107 -0.000226844 0.000515061 -0.000236417 0.000258107 -0.000236417 0.000187557)
(0.000360876 -8.37818e-05 0.000156455 -8.37818e-05 0.000483975 -5.046e-05 0.000156455 -5.046e-05 -4.20944e-05)
(0.000403328 9.0058e-05 0.000130254 9.0058e-05 0.000873266 0.000401808 0.000130254 0.000401808 0.000360848)
(0.000548335 0.000189471 8.21864e-05 0.000189471 0.00073611 0.000520222 8.21864e-05 0.000520222 0.000979144)
(0.000620521 0.000104861 0.0001789 0.000104861 0.000361918 -9.31434e-05 0.0001789 -9.31434e-05 0.0013417)
(0.000608531 1.17533e-06 0.000140873 1.17533e-06 0.000367791 -0.000295178 0.000140873 -0.000295178 0.00155272)
(0.000308185 -6.25616e-05 9.15444e-05 -6.25616e-05 0.000554001 -0.000485571 9.15444e-05 -0.000485571 0.000916827)
(0.000202821 -9.00123e-05 7.15461e-05 -9.00123e-05 0.000916225 -0.000322092 7.15461e-05 -0.000322092 0.000407173)
(0.000238241 0.00014579 -5.2874e-05 0.00014579 0.00073568 -0.000190691 -5.2874e-05 -0.000190691 0.000261017)
(0.000329888 8.79811e-05 -0.000113945 8.79811e-05 0.000359314 -0.00011939 -0.000113945 -0.00011939 0.000311917)
(0.000382579 -0.000330866 -9.9645e-05 -0.000330866 0.000572375 0.000511873 -9.9645e-05 0.000511873 0.000935702)
(0.000752949 -5.89387e-05 5.22714e-05 -5.89387e-05 0.00260367 0.000899071 5.22714e-05 0.000899071 0.00087572)
(0.000691772 -2.3013e-06 0.000285773 -2.3013e-06 0.00270428 2.36575e-05 0.000285773 2.36575e-05 0.000378732)
(0.000506705 -1.69398e-05 0.000204863 -1.69398e-05 0.000598668 -0.000259527 0.000204863 -0.000259527 0.000219537)
(0.000425229 0.000108602 0.0002541 0.000108602 0.000337226 8.71709e-05 0.0002541 8.71709e-05 0.000370101)
(0.000372646 0.000182802 0.000167524 0.000182802 0.000393922 6.67805e-05 0.000167524 6.67805e-05 0.000276529)
(0.000373782 0.000118703 0.000139028 0.000118703 0.000221232 -4.27496e-05 0.000139028 -4.27496e-05 0.000213413)
(0.000434965 0.000159802 1.73002e-05 0.000159802 0.000270356 -0.000111555 1.73002e-05 -0.000111555 0.000378016)
(0.000467983 0.000144368 4.22373e-05 0.000144368 0.000351839 -9.85367e-05 4.22373e-05 -9.85367e-05 0.000231514)
(0.000551392 0.000170557 6.00796e-05 0.000170557 0.000414647 -0.000103383 6.00796e-05 -0.000103383 0.000324619)
(0.000624069 6.85053e-05 0.000115694 6.85053e-05 0.000802006 -0.000268962 0.000115694 -0.000268962 0.000417725)
(0.00150413 -0.000885507 0.000386214 -0.000885507 0.0023924 -0.00100458 0.000386214 -0.00100458 0.000944188)
(0.0024055 -0.000975521 0.000647206 -0.000975521 0.0025703 -0.00168701 0.000647206 -0.00168701 0.00268044)
(0.00191333 -0.000563341 0.000495169 -0.000563341 0.00182585 -0.00139377 0.000495169 -0.00139377 0.00242868)
(0.000682146 -0.000125005 0.000114818 -0.000125005 0.00133934 -4.46904e-05 0.000114818 -4.46904e-05 7.2796e-05)
(0.000501521 -8.83033e-05 8.99676e-05 -8.83033e-05 0.000630141 0.000545818 8.99676e-05 0.000545818 0.00179222)
(0.00050553 -0.00033243 0.000124061 -0.00033243 0.000318198 -9.87547e-05 0.000124061 -9.87547e-05 0.00276106)
(5.62213e-05 -4.28483e-05 -6.40173e-05 -4.28483e-05 0.00086243 -0.000461577 -6.40173e-05 -0.000461577 0.000739395)
(0.000497198 0.000487424 0.000283753 0.000487424 0.00385049 0.000658747 0.000283753 0.000658747 0.000740966)
(0.00124182 0.000380816 0.000231057 0.000380816 0.0043065 0.000986637 0.000231057 0.000986637 0.00104252)
(0.00103026 0.000125053 -2.66945e-05 0.000125053 0.00352687 0.000731373 -2.66945e-05 0.000731373 0.000616064)
(0.000640768 -5.30388e-06 -5.32623e-06 -5.30388e-06 0.0015116 0.000375002 -5.32623e-06 0.000375002 0.000426382)
(0.000551907 0.000144315 0.000225216 0.000144315 0.000739921 0.000285373 0.000225216 0.000285373 0.000615132)
(0.000745381 0.00049066 0.000406278 0.00049066 0.0010153 0.000345635 0.000406278 0.000345635 0.000699576)
(0.000552005 0.000457685 -3.30992e-06 0.000457685 0.000739333 -7.71703e-05 -3.30992e-06 -7.71703e-05 0.000230508)
(0.000292364 -2.07778e-06 0.000177913 -2.07778e-06 0.000114981 -3.8146e-05 0.000177913 -3.8146e-05 5.50395e-05)
(0.000484185 0.000122915 0.000285605 0.000122915 0.000558317 -0.000191052 0.000285605 -0.000191052 0.000241959)
(0.000579819 0.000274466 0.000156981 0.000274466 0.00063989 -0.000298262 0.000156981 -0.000298262 0.000304704)
(0.000651813 0.000193901 7.20751e-06 0.000193901 0.000325802 -0.000228673 7.20751e-06 -0.000228673 0.000832108)
(0.000750923 0.000232696 0.00017466 0.000232696 0.000442282 -2.27354e-05 0.00017466 -2.27354e-05 0.00107797)
(0.00046703 -1.19591e-05 0.000205677 -1.19591e-05 0.000716853 -3.32203e-06 0.000205677 -3.32203e-06 0.000225707)
(0.000555906 3.0119e-05 0.000191396 3.0119e-05 0.000688947 0.000560101 0.000191396 0.000560101 0.000986358)
(0.000846684 0.000141637 -0.000239816 0.000141637 0.00183707 0.00123329 -0.000239816 0.00123329 0.00183439)
(0.00054855 -7.06436e-05 -0.000147006 -7.06436e-05 0.00195488 0.000703277 -0.000147006 0.000703277 0.000950245)
(0.000190356 3.48175e-05 0.000149941 3.48175e-05 0.000290606 -8.32872e-05 0.000149941 -8.32872e-05 9.2484e-05)
(0.000220482 2.14698e-05 0.000130189 2.14698e-05 0.000207224 1.1133e-05 0.000130189 1.1133e-05 0.000106447)
(0.000289753 7.38809e-05 0.000101913 7.38809e-05 0.000265419 -2.2918e-05 0.000101913 -2.2918e-05 0.000136978)
(0.000524664 0.000257785 0.000259213 0.000257785 0.000552409 0.000173098 0.000259213 0.000173098 0.000485209)
(0.000606224 0.000240052 8.66279e-05 0.000240052 0.000575987 0.000124779 8.66279e-05 0.000124779 0.000782254)
(0.000530726 6.79921e-05 0.000148298 6.79921e-05 0.000960318 -6.39809e-05 0.000148298 -6.39809e-05 0.000478227)
(0.00175683 -5.85336e-06 5.45532e-05 -5.85336e-06 0.00296967 0.00175767 5.45532e-05 0.00175767 0.00383435)
(0.00202277 -0.000315337 -0.000230609 -0.000315337 0.0033986 0.00202872 -0.000230609 0.00202872 0.00478444)
(0.000726643 -0.000528587 -0.000190459 -0.000528587 0.00100224 0.000854056 -0.000190459 0.000854056 0.00207585)
(0.000344421 0.000212255 -0.000129016 0.000212255 0.000656876 -0.000227368 -0.000129016 -0.000227368 0.000298164)
(0.000247531 0.000229384 -0.000120502 0.000229384 0.000820558 -0.000213463 -0.000120502 -0.000213463 0.000313381)
(0.000252211 -2.83727e-05 -0.000144038 -2.83727e-05 0.000112578 -0.000137288 -0.000144038 -0.000137288 0.00104095)
(0.000430921 -7.80607e-05 -4.10145e-05 -7.80607e-05 0.000231688 0.000318089 -4.10145e-05 0.000318089 0.0012146)
(0.000165725 -3.95058e-05 9.71481e-05 -3.95058e-05 0.000222334 -0.000172451 9.71481e-05 -0.000172451 0.000574723)
(0.000183498 -0.000137718 0.000205319 -0.000137718 0.000520293 -0.000509409 0.000205319 -0.000509409 0.00104369)
(0.000188689 -0.000265894 0.000267353 -0.000265894 0.00120306 -0.000991993 0.000267353 -0.000991993 0.00150913)
(0.000383161 -0.000191573 0.000227189 -0.000191573 0.00106583 -0.000934456 0.000227189 -0.000934456 0.00166551)
(0.000314373 1.26138e-05 -8.50111e-06 1.26138e-05 0.00028469 -3.11062e-06 -8.50111e-06 -3.11062e-06 0.000772881)
(0.000488759 0.00017295 0.000317339 0.00017295 0.000384584 6.62524e-05 0.000317339 6.62524e-05 0.000429841)
(0.00122276 0.000682365 0.000853445 0.000682365 0.00114484 0.000659989 0.000853445 0.000659989 0.00169061)
(0.000953741 0.000301683 0.000645403 0.000301683 0.000496803 0.000224325 0.000645403 0.000224325 0.00116407)
(0.000538302 0.000118673 0.000326885 0.000118673 0.00030775 8.28523e-05 0.000326885 8.28523e-05 0.000481338)
(0.000256438 9.23835e-05 9.70699e-05 9.23835e-05 0.000225888 4.33624e-05 9.70699e-05 4.33624e-05 0.00023191)
(0.000361868 0.000322035 -0.000203134 0.000322035 0.000979471 -0.000190909 -0.000203134 -0.000190909 0.00088573)
(7.14956e-05 0.000428554 -2.79434e-05 0.000428554 0.0027915 -0.000521385 -2.79434e-05 -0.000521385 0.00119005)
(0.00024053 7.60909e-05 3.45139e-05 7.60909e-05 0.00106998 -0.000139941 3.45139e-05 -0.000139941 0.000287251)
(0.000288783 1.05454e-05 5.09983e-05 1.05454e-05 0.000171895 3.21027e-05 5.09983e-05 3.21027e-05 8.46428e-05)
(0.000532326 3.78108e-05 -7.75512e-05 3.78108e-05 0.000313194 6.33169e-05 -7.75512e-05 6.33169e-05 0.00050746)
(0.000496147 9.32161e-05 0.000114356 9.32161e-05 0.00133014 0.000345877 0.000114356 0.000345877 0.000337382)
(0.000556549 0.000616224 -6.10016e-06 0.000616224 0.00182503 1.34008e-05 -6.10016e-06 1.34008e-05 0.000252484)
(0.00081438 0.000430265 0.000356592 0.000430265 0.000750931 0.000407074 0.000356592 0.000407074 0.00122123)
(0.000751241 0.000265127 0.000146409 0.000265127 0.000587456 -2.34945e-05 0.000146409 -2.34945e-05 0.00123112)
(0.000814786 0.000217014 0.000233267 0.000217014 0.00093227 -2.72933e-05 0.000233267 -2.72933e-05 0.000535118)
(0.000547255 0.000132591 0.00018667 0.000132591 0.000724297 -0.000138676 0.00018667 -0.000138676 0.000260261)
(0.000989515 0.000100174 0.00038496 0.000100174 0.000472504 -0.000342499 0.00038496 -0.000342499 0.0014053)
(0.00122999 -9.27597e-07 0.000442613 -9.27597e-07 0.000691617 -0.000632685 0.000442613 -0.000632685 0.00164556)
(0.000565251 -0.00017863 0.000222342 -0.00017863 0.00119693 -0.000105605 0.000222342 -0.000105605 0.000177357)
(0.000526 -6.97952e-05 2.35839e-05 -6.97952e-05 0.000729447 0.000688825 2.35839e-05 0.000688825 0.00116355)
(0.00127703 2.61171e-05 -0.00011985 2.61171e-05 0.00147178 0.00135335 -0.00011985 0.00135335 0.00261805)
(0.000437276 -0.000245092 -6.81914e-05 -0.000245092 0.00090572 0.00044886 -6.81914e-05 0.00044886 0.000645495)
(0.000328174 -0.000109687 0.000214292 -0.000109687 0.000280897 -6.66734e-05 0.000214292 -6.66734e-05 8.34603e-05)
(0.000514153 7.58898e-05 0.000138474 7.58898e-05 0.000390456 -8.60794e-05 0.000138474 -8.60794e-05 0.000405202)
(0.000597136 0.000199323 0.000218956 0.000199323 0.000352471 4.07919e-06 0.000218956 4.07919e-06 0.000732521)
(0.0011969 0.000341633 0.000601891 0.000341633 0.00046546 0.000149093 0.000601891 0.000149093 0.00199842)
(0.00135215 0.000401643 0.000306815 0.000401643 0.000536618 3.37493e-05 0.000306815 3.37493e-05 0.0026478)
(0.00122337 0.000484232 -0.000210685 0.000484232 0.000991772 -0.000667383 -0.000210685 -0.000667383 0.00159992)
(0.000522916 0.000162628 0.000210736 0.000162628 0.00154338 4.44669e-05 0.000210736 4.44669e-05 0.000472365)
(0.000646262 -0.000468969 -0.000519636 -0.000468969 0.00131237 0.00116314 -0.000519636 0.00116314 0.00226856)
(0.000469748 -5.84666e-05 -0.000565615 -5.84666e-05 0.000342379 7.83708e-06 -0.000565615 7.83708e-06 0.00091634)
(0.000531459 0.000974669 -1.78767e-05 0.000974669 0.00203965 -0.000142748 -1.78767e-05 -0.000142748 0.000321156)
(4.5415e-05 8.02595e-05 8.45138e-05 8.02595e-05 0.000680386 -0.000185353 8.45138e-05 -0.000185353 0.000316454)
(0.000528058 0.000315448 0.000192657 0.000315448 0.00107611 0.000474674 0.000192657 0.000474674 0.000622309)
(0.000731288 0.000190353 -0.00022654 0.000190353 0.00295213 0.00116555 -0.00022654 0.00116555 0.0014341)
(0.000766784 -3.0349e-05 -0.000319019 -3.0349e-05 0.00266911 0.00119799 -0.000319019 0.00119799 0.00136249)
(0.000549552 8.17711e-05 -6.14384e-05 8.17711e-05 0.00216338 0.000793203 -6.14384e-05 0.000793203 0.000790799)
(0.00015116 2.56766e-05 6.54589e-05 2.56766e-05 0.000238172 -8.28831e-05 6.54589e-05 -8.28831e-05 0.000167972)
(0.000768158 -8.48947e-05 6.55586e-05 -8.48947e-05 0.0022416 -0.000115462 6.55586e-05 -0.000115462 0.000477194)
(0.00104124 0.000934733 0.000388978 0.000934733 0.00332442 0.000266541 0.000388978 0.000266541 0.00117782)
(0.00228728 0.00146516 0.00118848 0.00146516 0.00248138 0.000981144 0.00118848 0.000981144 0.00248003)
(0.00203885 0.000673094 0.00104292 0.000673094 0.00122319 0.000759744 0.00104292 0.000759744 0.00316524)
(0.00245097 0.000587405 0.000328852 0.000587405 0.00116469 -0.000602698 0.000328852 -0.000602698 0.00324205)
(0.00103381 -8.98894e-05 0.000244444 -8.98894e-05 0.00267277 -0.00149084 0.000244444 -0.00149084 0.0015927)
(0.000924326 -0.00100562 0.000309091 -0.00100562 0.00472129 -0.0011508 0.000309091 -0.0011508 0.00166203)
(0.000821455 -0.000423716 0.000593089 -0.000423716 0.00121766 -0.000868249 0.000593089 -0.000868249 0.000762188)
(0.000367979 0.000262896 0.000302462 0.000262896 0.000256733 0.000241676 0.000302462 0.000241676 0.000491956)
(0.000648833 -0.00019455 -0.000144523 -0.00019455 0.000506844 0.000254315 -0.000144523 0.000254315 0.000223733)
(0.000404089 -0.000270479 0.000100684 -0.000270479 0.000481516 -5.98989e-05 0.000100684 -5.98989e-05 0.000200865)
(8.63952e-06 -5.36582e-05 -8.46228e-05 -5.36582e-05 0.00122185 -0.000562392 -8.46228e-05 -0.000562392 0.000892807)
(0.000120843 0.000578002 -0.00018403 0.000578002 0.00212149 -0.000677316 -0.00018403 -0.000677316 0.000734801)
(0.000509952 0.000568773 -2.1508e-05 0.000568773 0.00129577 -2.57306e-05 -2.1508e-05 -2.57306e-05 0.000212582)
(0.00139507 0.000451243 0.000126616 0.000451243 0.00200791 -0.000865567 0.000126616 -0.000865567 0.0012027)
(0.00114875 0.000437311 -0.000178483 0.000437311 0.00059079 -0.000286563 -0.000178483 -0.000286563 0.00193981)
(0.000417698 4.91366e-05 0.000100688 4.91366e-05 0.000409183 0.000259981 0.000100688 0.000259981 0.000574808)
(0.000323437 3.21725e-05 0.000116685 3.21725e-05 0.000339597 7.14827e-05 0.000116685 7.14827e-05 0.000178078)
(0.000943055 0.000123413 6.77072e-07 0.000123413 0.00082269 -0.000785571 6.77072e-07 -0.000785571 0.00132803)
(0.00173555 -3.16687e-05 0.000163571 -3.16687e-05 0.00192971 -0.00165814 0.000163571 -0.00165814 0.0026683)
(0.000718668 0.00017594 0.00043124 0.00017594 0.000342095 -1.25207e-05 0.00043124 -1.25207e-05 0.00118579)
(0.000292895 -0.000221541 0.000106499 -0.000221541 0.000488974 -0.000353993 0.000106499 -0.000353993 0.00147326)
(0.00209307 -0.00119436 0.000364326 -0.00119436 0.0015235 0.000858488 0.000364326 0.000858488 0.00597621)
(0.000894326 -0.000470544 -0.00061059 -0.000470544 0.000850169 0.000841814 -0.00061059 0.000841814 0.00203396)
(0.000877967 -0.000596941 0.000224968 -0.000596941 0.00134139 9.24272e-05 0.000224968 9.24272e-05 0.000344766)
(0.000891803 -0.000253554 0.000264056 -0.000253554 0.00092381 -0.000312969 0.000264056 -0.000312969 0.00044228)
(0.00156422 0.000643558 0.000794604 0.000643558 0.000957811 0.000593862 0.000794604 0.000593862 0.00238562)
(0.00202633 0.000519195 0.000642149 0.000519195 0.00177959 0.00136417 0.000642149 0.00136417 0.00546699)
(0.00275522 0.000152171 -0.00107546 0.000152171 0.00358125 0.00272723 -0.00107546 0.00272723 0.006333)
(0.00396934 1.20588e-05 -0.000968806 1.20588e-05 0.00448557 0.00279248 -0.000968806 0.00279248 0.00478757)
(0.000697431 9.85032e-05 4.31603e-05 9.85032e-05 0.00218938 5.01843e-05 4.31603e-05 5.01843e-05 0.000521987)
(0.000691184 0.00018676 -0.00060118 0.00018676 0.00145702 -0.00129429 -0.00060118 -0.00129429 0.00278064)
(0.00106337 0.000174763 -0.00028317 0.000174763 0.000535639 -4.87333e-05 -0.00028317 -4.87333e-05 0.000522752)
(0.00156632 -0.000887342 0.000463199 -0.000887342 0.00166783 -0.000696904 0.000463199 -0.000696904 0.000905171)
(0.000542253 0.000361286 0.000252381 0.000361286 0.000895596 -1.9663e-05 0.000252381 -1.9663e-05 0.000232809)
(0.00122936 -9.63733e-05 0.000734475 -9.63733e-05 0.000569925 -0.000329388 0.000734475 -0.000329388 0.00143893)
(0.000824665 -0.000186522 0.000303825 -0.000186522 0.000419804 -0.000325056 0.000303825 -0.000325056 0.00200518)
(0.000749613 -0.000536865 -8.17413e-05 -0.000536865 0.000753037 0.000652628 -8.17413e-05 0.000652628 0.00229155)
(0.0011737 -0.00119189 -0.000464792 -0.00119189 0.00417874 0.00119003 -0.000464792 0.00119003 0.00148821)
(0.000883143 -0.00108988 0.000469385 -0.00108988 0.00280751 -0.000800539 0.000469385 -0.000800539 0.000558487)
(0.00121255 -0.000303281 0.000351157 -0.000303281 0.00166869 -0.00107656 0.000351157 -0.00107656 0.00130037)
(0.00120332 0.000219379 0.000493539 0.000219379 0.000637216 -0.000857105 0.000493539 -0.000857105 0.00216294)
(0.00181335 0.000496455 0.000738099 0.000496455 0.00167457 -0.000449092 0.000738099 -0.000449092 0.00203025)
(0.00114337 0.000408164 0.000268487 0.000408164 0.00191678 -9.29441e-05 0.000268487 -9.29441e-05 0.000611406)
(0.00110373 0.000209517 0.000161643 0.000209517 0.00439757 0.000888073 0.000161643 0.000888073 0.00144336)
(0.00119442 0.000264597 0.000308702 0.000264597 0.0037084 0.000674012 0.000308702 0.000674012 0.00118397)
(0.00218375 -0.000983685 0.00085859 -0.000983685 0.00350296 -0.00234405 0.00085859 -0.00234405 0.00323632)
(0.00651517 -0.0015953 0.00191697 -0.0015953 0.00297041 -0.00140073 0.00191697 -0.00140073 0.00741082)
(0.00349657 -0.000736486 0.00108307 -0.000736486 0.00177546 -0.00106017 0.00108307 -0.00106017 0.00358217)
(0.00171618 -0.000322234 -0.000177742 -0.000322234 0.0036103 -0.000921607 -0.000177742 -0.000921607 0.00146147)
