/*--------------------------------*- C++ -*----------------------------------*\
  =========                 |
  \\      /  F ield         | OpenFOAM: The Open Source CFD Toolbox
   \\    /   O peration     | Website:  https://openfoam.org
    \\  /    A nd           | Version:  10
     \\/     M anipulation  |
\*---------------------------------------------------------------------------*/
FoamFile
{
    format      ascii;
    class       volTensorField;
    location    "10";
    object      TauNN;
}
// * * * * * * * * * * * * * * * * * * * * * * * * * * * * * * * * * * * * * //

dimensions      [0 2 -2 0 0 0 0];

internalField   nonuniform List<tensor> 
25600
(
(4.71694e-05 -0.0127914 -0.0154282 -0.0127914 2.63345e-05 -0.00812813 -0.0154282 -0.00812813 5.13023e-05)
(7.17756e-05 -0.0127897 -0.0154236 -0.0127897 3.1605e-05 -0.00812568 -0.0154236 -0.00812568 6.52984e-05)
(1.76748e-05 -0.0127885 -0.0154198 -0.0127885 2.83092e-05 -0.00811677 -0.0154198 -0.00811677 8.79912e-05)
(1.28818e-05 -0.0127865 -0.0154312 -0.0127865 2.0592e-05 -0.00812282 -0.0154312 -0.00812282 7.07262e-05)
(3.88811e-05 -0.0127858 -0.0154281 -0.0127858 2.24942e-05 -0.00813054 -0.0154281 -0.00813054 5.80087e-05)
(5.83412e-05 -0.0127912 -0.015419 -0.0127912 2.60052e-05 -0.00812548 -0.015419 -0.00812548 6.37879e-05)
(7.73983e-05 -0.0127894 -0.0154214 -0.0127894 3.31133e-05 -0.00812395 -0.0154214 -0.00812395 6.97845e-05)
(1.24533e-05 -0.0127877 -0.0154214 -0.0127877 2.63455e-05 -0.00811801 -0.0154214 -0.00811801 8.2296e-05)
(1.45117e-05 -0.0127867 -0.0154307 -0.0127867 2.08379e-05 -0.00812298 -0.0154307 -0.00812298 7.20924e-05)
(3.82352e-05 -0.012787 -0.0154255 -0.012787 2.32754e-05 -0.00813007 -0.0154255 -0.00813007 6.78314e-05)
(5.54409e-05 -0.012791 -0.0154196 -0.012791 2.55859e-05 -0.00812591 -0.0154196 -0.00812591 6.23686e-05)
(8.23062e-05 -0.0127909 -0.0154273 -0.0127909 3.26864e-05 -0.00812779 -0.0154273 -0.00812779 6.2763e-05)
(2.15932e-05 -0.0127878 -0.0154195 -0.0127878 2.73807e-05 -0.00811797 -0.0154195 -0.00811797 8.19585e-05)
(1.8311e-05 -0.0127865 -0.0154287 -0.0127865 2.18754e-05 -0.00812409 -0.0154287 -0.00812409 8.12893e-05)
(4.28583e-05 -0.0127862 -0.0154268 -0.0127862 2.50408e-05 -0.00813336 -0.0154268 -0.00813336 6.78698e-05)
(4.88695e-05 -0.0127918 -0.0154255 -0.0127918 2.66417e-05 -0.00812647 -0.0154255 -0.00812647 5.47831e-05)
(8.59246e-05 -0.0127935 -0.0154346 -0.0127935 3.72609e-05 -0.00812906 -0.0154346 -0.00812906 6.49284e-05)
(9.71757e-06 -0.0127893 -0.0154237 -0.0127893 2.7926e-05 -0.00811697 -0.0154237 -0.00811697 8.22151e-05)
(1.38815e-05 -0.0127867 -0.0154321 -0.0127867 2.14858e-05 -0.00812248 -0.0154321 -0.00812248 7.93598e-05)
(4.08792e-05 -0.0127853 -0.0154281 -0.0127853 2.32651e-05 -0.00813218 -0.0154281 -0.00813218 5.62246e-05)
(5.2994e-05 -0.0127917 -0.0154217 -0.0127917 2.45764e-05 -0.00812772 -0.0154217 -0.00812772 5.45349e-05)
(8.92305e-05 -0.0127914 -0.0154257 -0.0127914 3.39976e-05 -0.00812691 -0.0154257 -0.00812691 6.47781e-05)
(2.79661e-05 -0.0127873 -0.0154172 -0.0127873 2.80321e-05 -0.0081176 -0.0154172 -0.0081176 8.50757e-05)
(1.17166e-05 -0.0127863 -0.0154294 -0.0127863 2.13555e-05 -0.0081232 -0.0154294 -0.0081232 8.00436e-05)
(3.77183e-05 -0.0127847 -0.0154304 -0.0127847 2.12017e-05 -0.00813022 -0.0154304 -0.00813022 4.83692e-05)
(4.1309e-05 -0.012791 -0.0154272 -0.012791 2.45578e-05 -0.00812793 -0.0154272 -0.00812793 4.83566e-05)
(8.28365e-05 -0.0127904 -0.0154274 -0.0127904 3.34434e-05 -0.00812785 -0.0154274 -0.00812785 6.21725e-05)
(2.81187e-05 -0.0127874 -0.015417 -0.0127874 2.75075e-05 -0.00811792 -0.015417 -0.00811792 8.56019e-05)
(1.35101e-05 -0.0127881 -0.0154324 -0.0127881 2.30083e-05 -0.0081215 -0.0154324 -0.0081215 8.67501e-05)
(4.14073e-05 -0.0127867 -0.0154279 -0.0127867 2.39675e-05 -0.00812931 -0.0154279 -0.00812931 7.82682e-05)
(6.05066e-05 -0.0127915 -0.015419 -0.0127915 2.65402e-05 -0.00812504 -0.015419 -0.00812504 6.46797e-05)
(7.81909e-05 -0.0127907 -0.015425 -0.0127907 3.45656e-05 -0.008125 -0.015425 -0.008125 6.76519e-05)
(1.33504e-05 -0.0127896 -0.0154215 -0.0127896 2.85754e-05 -0.00811602 -0.0154215 -0.00811602 9.25521e-05)
(1.10282e-05 -0.0127881 -0.0154314 -0.0127881 2.28822e-05 -0.0081213 -0.0154314 -0.0081213 8.49115e-05)
(3.74773e-05 -0.0127871 -0.015427 -0.0127871 2.25654e-05 -0.00813083 -0.015427 -0.00813083 5.13844e-05)
(6.23201e-05 -0.0127927 -0.0154208 -0.0127927 2.49864e-05 -0.00812955 -0.0154208 -0.00812955 5.40786e-05)
(7.88011e-05 -0.0127913 -0.0154245 -0.0127913 3.14662e-05 -0.00812631 -0.0154245 -0.00812631 6.40074e-05)
(2.6575e-05 -0.0127883 -0.0154204 -0.0127883 2.86994e-05 -0.00811861 -0.0154204 -0.00811861 7.68673e-05)
(8.88527e-06 -0.0127857 -0.0154315 -0.0127857 1.91302e-05 -0.00812392 -0.0154315 -0.00812392 5.75464e-05)
(3.63817e-05 -0.0127847 -0.0154306 -0.0127847 2.04741e-05 -0.00812945 -0.0154306 -0.00812945 4.71479e-05)
(1.06032e-05 -0.0127887 -0.0154245 -0.0127887 2.51899e-05 -0.0081191 -0.0154245 -0.0081191 7.38599e-05)
(2.01887e-05 -0.0127868 -0.015422 -0.0127868 2.2728e-05 -0.00812417 -0.015422 -0.00812417 8.47789e-05)
(4.16524e-05 -0.0127885 -0.0154208 -0.0127885 2.50868e-05 -0.00813372 -0.0154208 -0.00813372 6.68954e-05)
(4.7461e-05 -0.0127907 -0.0154205 -0.0127907 2.48382e-05 -0.00813233 -0.0154205 -0.00813233 5.53808e-05)
(3.70973e-05 -0.0127885 -0.0154185 -0.0127885 2.38553e-05 -0.00812362 -0.0154185 -0.00812362 6.4835e-05)
(1.44209e-05 -0.0127885 -0.0154228 -0.0127885 2.61524e-05 -0.00811859 -0.0154228 -0.00811859 7.47002e-05)
(8.26903e-06 -0.0127885 -0.0154257 -0.0127885 2.45747e-05 -0.00811996 -0.0154257 -0.00811996 8.77926e-05)
(3.82837e-05 -0.0127874 -0.0154209 -0.0127874 2.37385e-05 -0.00813141 -0.0154209 -0.00813141 7.15049e-05)
(5.54194e-05 -0.0127915 -0.0154175 -0.0127915 2.53265e-05 -0.00813167 -0.0154175 -0.00813167 6.15924e-05)
(2.69736e-05 -0.012788 -0.0154194 -0.012788 2.46885e-05 -0.00812099 -0.0154194 -0.00812099 7.0985e-05)
(8.22809e-06 -0.0127885 -0.0154233 -0.0127885 2.61819e-05 -0.00811771 -0.0154233 -0.00811771 7.9137e-05)
(1.69238e-05 -0.0127882 -0.0154224 -0.0127882 2.48891e-05 -0.00812144 -0.0154224 -0.00812144 9.26999e-05)
(4.57266e-05 -0.0127887 -0.015418 -0.0127887 2.59426e-05 -0.00813327 -0.015418 -0.00813327 8.23562e-05)
(5.18023e-05 -0.0127915 -0.0154172 -0.0127915 2.6842e-05 -0.00813414 -0.0154172 -0.00813414 6.58512e-05)
(3.09154e-05 -0.0127875 -0.0154175 -0.0127875 2.45675e-05 -0.00812176 -0.0154175 -0.00812176 7.13567e-05)
(3.04261e-05 -0.0127878 -0.0154173 -0.0127878 2.56491e-05 -0.00811955 -0.0154173 -0.00811955 8.04963e-05)
(2.65254e-05 -0.0127881 -0.0154217 -0.0127881 2.35688e-05 -0.00812415 -0.0154217 -0.00812415 9.07955e-05)
(3.15056e-05 -0.0127861 -0.0154246 -0.0127861 2.20545e-05 -0.00812896 -0.0154246 -0.00812896 7.30132e-05)
(4.40644e-05 -0.0127894 -0.0154191 -0.0127894 2.42952e-05 -0.00813117 -0.0154191 -0.00813117 6.27158e-05)
(4.36636e-05 -0.0127885 -0.0154149 -0.0127885 2.50439e-05 -0.00812217 -0.0154149 -0.00812217 7.66587e-05)
(2.41752e-05 -0.0127886 -0.0154196 -0.0127886 2.70804e-05 -0.00811802 -0.0154196 -0.00811802 8.1629e-05)
(1.00367e-05 -0.0127882 -0.0154244 -0.0127882 2.44684e-05 -0.00812026 -0.0154244 -0.00812026 8.97593e-05)
(2.97783e-05 -0.0127858 -0.0154238 -0.0127858 2.20792e-05 -0.00812976 -0.0154238 -0.00812976 6.99705e-05)
(6.46416e-05 -0.0127953 -0.0154181 -0.0127953 3.03673e-05 -0.00813666 -0.0154181 -0.00813666 5.94758e-05)
(5.89419e-05 -0.0127898 -0.0154113 -0.0127898 2.52491e-05 -0.00812546 -0.0154113 -0.00812546 7.93981e-05)
(8.03171e-06 -0.0127892 -0.0154241 -0.0127892 2.67982e-05 -0.00811732 -0.0154241 -0.00811732 8.11883e-05)
(1.18184e-05 -0.0127885 -0.0154256 -0.0127885 2.45725e-05 -0.00812118 -0.0154256 -0.00812118 9.31261e-05)
(4.11644e-05 -0.0127879 -0.0154193 -0.0127879 2.45093e-05 -0.00813164 -0.0154193 -0.00813164 7.90288e-05)
(5.5653e-05 -0.0127913 -0.0154153 -0.0127913 2.62665e-05 -0.00813251 -0.0154153 -0.00813251 6.96144e-05)
(3.43919e-05 -0.0127876 -0.0154158 -0.0127876 2.47686e-05 -0.00812157 -0.0154158 -0.00812157 7.77449e-05)
(7.54471e-06 -0.0127893 -0.0154235 -0.0127893 2.83214e-05 -0.00811625 -0.0154235 -0.00811625 8.38882e-05)
(1.86236e-05 -0.0127894 -0.0154231 -0.0127894 2.5882e-05 -0.00812072 -0.0154231 -0.00812072 9.57967e-05)
(3.957e-05 -0.012788 -0.0154218 -0.012788 2.40091e-05 -0.00813239 -0.0154218 -0.00813239 6.39804e-05)
(4.29902e-05 -0.0127897 -0.0154204 -0.0127897 2.46267e-05 -0.00813214 -0.0154204 -0.00813214 5.68763e-05)
(2.87394e-05 -0.0127877 -0.0154187 -0.0127877 2.39086e-05 -0.00812241 -0.0154187 -0.00812241 7.31976e-05)
(2.12666e-05 -0.012788 -0.0154215 -0.012788 2.54841e-05 -0.00811975 -0.0154215 -0.00811975 7.336e-05)
(2.30901e-05 -0.0127873 -0.0154206 -0.0127873 2.30837e-05 -0.00812293 -0.0154206 -0.00812293 8.1542e-05)
(3.9528e-05 -0.0127876 -0.0154224 -0.0127876 2.57017e-05 -0.00813485 -0.0154224 -0.00813485 6.61246e-05)
(5.37187e-05 -0.0127936 -0.0154209 -0.0127936 2.86213e-05 -0.00813587 -0.0154209 -0.00813587 5.31126e-05)
(4.14088e-05 -0.0127885 -0.015416 -0.0127885 2.42882e-05 -0.00812275 -0.015416 -0.00812275 7.32603e-05)
(5.33756e-05 -0.0127923 -0.0154229 -0.0127923 2.48607e-05 -0.00813232 -0.0154229 -0.00813232 5.25731e-05)
(3.93513e-05 -0.0127883 -0.0154247 -0.0127883 2.26477e-05 -0.00813012 -0.0154247 -0.00813012 5.90704e-05)
(2.12507e-05 -0.0127875 -0.0154254 -0.0127875 2.24955e-05 -0.0081245 -0.0154254 -0.0081245 7.07213e-05)
(4.74417e-05 -0.0127904 -0.015418 -0.0127904 2.69406e-05 -0.00812821 -0.015418 -0.00812821 0.000100559)
(7.28133e-05 -0.0127954 -0.0154128 -0.0127954 3.06855e-05 -0.00813664 -0.0154128 -0.00813664 8.49938e-05)
(6.80104e-05 -0.0127964 -0.0154225 -0.0127964 2.70261e-05 -0.00813345 -0.0154225 -0.00813345 4.90848e-05)
(4.09344e-05 -0.0127894 -0.0154257 -0.0127894 2.27329e-05 -0.00813081 -0.0154257 -0.00813081 5.11562e-05)
(2.41136e-06 -0.0127912 -0.0154329 -0.0127912 2.60855e-05 -0.00811984 -0.0154329 -0.00811984 7.2356e-05)
(4.53388e-05 -0.0127905 -0.0154183 -0.0127905 2.66641e-05 -0.00812649 -0.0154183 -0.00812649 9.88861e-05)
(7.6456e-05 -0.0127973 -0.015413 -0.0127973 3.29609e-05 -0.0081388 -0.015413 -0.0081388 8.33276e-05)
(5.19307e-05 -0.0127913 -0.015421 -0.0127913 2.31694e-05 -0.00812884 -0.015421 -0.00812884 5.89858e-05)
(4.16799e-05 -0.0127894 -0.0154238 -0.0127894 2.26805e-05 -0.00812949 -0.0154238 -0.00812949 5.80642e-05)
(1.0861e-05 -0.0127885 -0.0154295 -0.0127885 2.3586e-05 -0.00812189 -0.0154295 -0.00812189 7.39651e-05)
(4.96653e-05 -0.0127912 -0.0154169 -0.0127912 2.74601e-05 -0.00812661 -0.0154169 -0.00812661 0.000102025)
(7.68964e-05 -0.0127973 -0.0154122 -0.0127973 3.32414e-05 -0.00813915 -0.0154122 -0.00813915 8.776e-05)
(4.48443e-05 -0.0127904 -0.0154245 -0.0127904 2.25128e-05 -0.00813015 -0.0154245 -0.00813015 5.19743e-05)
(5.7601e-05 -0.0127923 -0.0154216 -0.0127923 2.50974e-05 -0.00813182 -0.0154216 -0.00813182 5.7541e-05)
(8.86781e-06 -0.0127887 -0.0154275 -0.0127887 2.44393e-05 -0.00812109 -0.0154275 -0.00812109 7.44114e-05)
(2.16112e-05 -0.0127906 -0.0154263 -0.0127906 2.6418e-05 -0.00812124 -0.0154263 -0.00812124 9.37035e-05)
(7.06636e-05 -0.012795 -0.015414 -0.012795 3.06133e-05 -0.00813677 -0.015414 -0.00813677 8.29504e-05)
(6.07924e-05 -0.0127938 -0.0154202 -0.0127938 2.57998e-05 -0.00813274 -0.0154202 -0.00813274 5.77911e-05)
(5.41913e-05 -0.0127909 -0.0154189 -0.0127909 2.48365e-05 -0.00813061 -0.0154189 -0.00813061 7.00165e-05)
(1.38018e-05 -0.0127887 -0.0154302 -0.0127887 2.37491e-05 -0.00812202 -0.0154302 -0.00812202 7.63682e-05)
(3.52833e-05 -0.0127895 -0.015425 -0.0127895 2.56322e-05 -0.00812505 -0.015425 -0.00812505 9.31494e-05)
(9.26887e-05 -0.0128004 -0.0154092 -0.0128004 3.73283e-05 -0.00814216 -0.0154092 -0.00814216 9.75621e-05)
(6.85709e-05 -0.0127964 -0.0154176 -0.0127964 2.92224e-05 -0.00813549 -0.0154176 -0.00813549 6.17967e-05)
(4.37381e-05 -0.0127895 -0.015424 -0.0127895 2.3024e-05 -0.00812893 -0.015424 -0.00812893 6.08197e-05)
(1.55287e-05 -0.0127891 -0.0154288 -0.0127891 2.39857e-05 -0.00812301 -0.0154288 -0.00812301 6.72551e-05)
(3.51825e-05 -0.0127886 -0.0154217 -0.0127886 2.46649e-05 -0.00812606 -0.0154217 -0.00812606 8.80909e-05)
(7.34482e-05 -0.0127954 -0.0154126 -0.0127954 3.06539e-05 -0.00813656 -0.0154126 -0.00813656 8.39533e-05)
(7.08562e-05 -0.0127952 -0.0154169 -0.0127952 2.65638e-05 -0.00813243 -0.0154169 -0.00813243 6.16979e-05)
(3.77839e-05 -0.0127882 -0.0154214 -0.0127882 2.30818e-05 -0.00812891 -0.0154214 -0.00812891 7.16927e-05)
(1.2875e-05 -0.012788 -0.0154293 -0.012788 2.35933e-05 -0.00812234 -0.0154293 -0.00812234 8.04395e-05)
(4.16775e-05 -0.0127899 -0.0154195 -0.0127899 2.65671e-05 -0.00812703 -0.0154195 -0.00812703 9.91532e-05)
(7.91743e-05 -0.0127957 -0.0154104 -0.0127957 3.0162e-05 -0.00813524 -0.0154104 -0.00813524 9.00476e-05)
(6.25037e-05 -0.0127928 -0.0154175 -0.0127928 2.48401e-05 -0.00813037 -0.0154175 -0.00813037 6.45982e-05)
(3.79882e-05 -0.0127879 -0.0154246 -0.0127879 2.2758e-05 -0.00813048 -0.0154246 -0.00813048 5.94814e-05)
(1.74645e-05 -0.0127878 -0.0154281 -0.0127878 2.2874e-05 -0.00812337 -0.0154281 -0.00812337 7.49587e-05)
(4.25986e-05 -0.0127923 -0.015419 -0.0127923 2.89685e-05 -0.00812297 -0.015419 -0.00812297 0.000106575)
(7.95809e-05 -0.0127963 -0.0154103 -0.0127963 3.09479e-05 -0.00813639 -0.0154103 -0.00813639 8.75729e-05)
(4.43661e-05 -0.0127908 -0.0154259 -0.0127908 2.29777e-05 -0.00812885 -0.0154259 -0.00812885 5.09132e-05)
(5.34487e-05 -0.0127913 -0.0154181 -0.0127913 2.48642e-05 -0.00813117 -0.0154181 -0.00813117 6.41002e-05)
(4.10744e-05 -0.0127893 -0.0154215 -0.0127893 2.24709e-05 -0.00812999 -0.0154215 -0.00812999 5.72249e-05)
(1.01605e-05 -0.012787 -0.0154298 -0.012787 2.00981e-05 -0.00812387 -0.0154298 -0.00812387 5.8927e-05)
(1.16459e-05 -0.0127909 -0.0154326 -0.0127909 2.52687e-05 -0.00812317 -0.0154326 -0.00812317 5.73917e-05)
(4.98846e-05 -0.0127919 -0.0154277 -0.0127919 2.44184e-05 -0.00812882 -0.0154277 -0.00812882 5.14716e-05)
(7.64943e-05 -0.0128021 -0.0154214 -0.0128021 3.60962e-05 -0.00813887 -0.0154214 -0.00813887 4.66382e-05)
(4.90385e-05 -0.0127933 -0.015423 -0.0127933 2.72509e-05 -0.00813503 -0.015423 -0.00813503 4.84645e-05)
(-6.30036e-06 -0.0127918 -0.0154373 -0.0127918 2.39549e-05 -0.00812052 -0.0154373 -0.00812052 5.63893e-05)
(2.35315e-05 -0.0127901 -0.0154319 -0.0127901 2.32047e-05 -0.00812622 -0.0154319 -0.00812622 5.1469e-05)
(6.12341e-05 -0.0127939 -0.0154248 -0.0127939 2.53381e-05 -0.00813203 -0.0154248 -0.00813203 4.85738e-05)
(5.28274e-05 -0.0127936 -0.0154223 -0.0127936 2.82198e-05 -0.00813555 -0.0154223 -0.00813555 5.06082e-05)
(5.02334e-05 -0.0127919 -0.0154204 -0.0127919 2.52455e-05 -0.00813314 -0.0154204 -0.00813314 5.90698e-05)
(6.43162e-06 -0.0127878 -0.0154324 -0.0127878 2.04311e-05 -0.0081218 -0.0154324 -0.0081218 6.44731e-05)
(2.9171e-05 -0.0127882 -0.0154263 -0.0127882 2.11951e-05 -0.00812657 -0.0154263 -0.00812657 5.79382e-05)
(7.58199e-05 -0.0127969 -0.0154215 -0.0127969 2.88263e-05 -0.00813436 -0.0154215 -0.00813436 5.27801e-05)
(6.34874e-05 -0.012796 -0.0154192 -0.012796 3.10224e-05 -0.00813714 -0.0154192 -0.00813714 5.59925e-05)
(5.81461e-05 -0.0127975 -0.0154229 -0.0127975 3.48386e-05 -0.00813947 -0.0154229 -0.00813947 4.97751e-05)
(1.02046e-05 -0.0127873 -0.0154332 -0.0127873 1.95891e-05 -0.00812288 -0.0154332 -0.00812288 6.05056e-05)
(-6.99696e-06 -0.0127948 -0.0154366 -0.0127948 3.03342e-05 -0.00811881 -0.0154366 -0.00811881 6.4211e-05)
(6.12263e-05 -0.0127935 -0.0154269 -0.0127935 2.4898e-05 -0.0081306 -0.0154269 -0.0081306 4.87352e-05)
(6.45637e-05 -0.0127975 -0.0154206 -0.0127975 3.20996e-05 -0.00813761 -0.0154206 -0.00813761 5.10717e-05)
(4.55998e-05 -0.0127918 -0.0154224 -0.0127918 2.78113e-05 -0.00813621 -0.0154224 -0.00813621 5.59579e-05)
(-6.47553e-06 -0.0127913 -0.0154346 -0.0127913 2.4947e-05 -0.00811789 -0.0154346 -0.00811789 6.99001e-05)
(-3.8251e-06 -0.0127933 -0.0154337 -0.0127933 3.02264e-05 -0.00811772 -0.0154337 -0.00811772 6.97907e-05)
(7.10217e-05 -0.0127978 -0.0154253 -0.0127978 2.93574e-05 -0.00813486 -0.0154253 -0.00813486 4.36923e-05)
(7.30836e-05 -0.0128029 -0.0154223 -0.0128029 3.82297e-05 -0.00813993 -0.0154223 -0.00813993 4.43109e-05)
(3.97752e-05 -0.0127915 -0.0154271 -0.0127915 2.4501e-05 -0.00813332 -0.0154271 -0.00813332 4.02816e-05)
(9.83468e-06 -0.0127879 -0.0154318 -0.0127879 2.00827e-05 -0.00812275 -0.0154318 -0.00812275 6.05231e-05)
(5.01117e-06 -0.0127934 -0.0154361 -0.0127934 2.85596e-05 -0.00812267 -0.0154361 -0.00812267 5.70924e-05)
(5.63034e-05 -0.0127933 -0.0154255 -0.0127933 2.4714e-05 -0.00813179 -0.0154255 -0.00813179 4.56911e-05)
(6.35898e-05 -0.0127985 -0.0154221 -0.0127985 3.34043e-05 -0.00813821 -0.0154221 -0.00813821 4.78459e-05)
(3.81403e-05 -0.0127888 -0.0154227 -0.0127888 2.19503e-05 -0.00812964 -0.0154227 -0.00812964 5.77102e-05)
(-4.12782e-06 -0.0127909 -0.0154334 -0.0127909 2.50946e-05 -0.00811911 -0.0154334 -0.00811911 6.73127e-05)
(1.23305e-05 -0.0127917 -0.0154352 -0.0127917 2.58483e-05 -0.0081251 -0.0154352 -0.0081251 5.16928e-05)
(5.7428e-05 -0.0127934 -0.0154236 -0.0127934 2.53592e-05 -0.00813233 -0.0154236 -0.00813233 4.83101e-05)
(5.71033e-05 -0.012795 -0.0154211 -0.012795 2.92188e-05 -0.00813606 -0.0154211 -0.00813606 5.16901e-05)
(5.09502e-05 -0.0127907 -0.015419 -0.0127907 2.34323e-05 -0.00813007 -0.015419 -0.00813007 6.23736e-05)
(1.17157e-05 -0.0127868 -0.0154285 -0.0127868 2.04227e-05 -0.00812371 -0.0154285 -0.00812371 6.43253e-05)
(7.08319e-06 -0.0127907 -0.0154357 -0.0127907 2.39217e-05 -0.00812537 -0.0154357 -0.00812537 4.88291e-05)
(4.00924e-06 -0.0127896 -0.0154284 -0.0127896 2.50899e-05 -0.00811898 -0.0154284 -0.00811898 7.76739e-05)
(8.39058e-06 -0.0127896 -0.0154259 -0.0127896 2.5694e-05 -0.00811823 -0.0154259 -0.00811823 8.47138e-05)
(5.48101e-05 -0.0127935 -0.0154164 -0.0127935 3.11773e-05 -0.00812822 -0.0154164 -0.00812822 0.000117636)
(8.72285e-05 -0.0127952 -0.0154075 -0.0127952 3.2595e-05 -0.00813284 -0.0154075 -0.00813284 0.000118615)
(1.78844e-05 -0.0127939 -0.0154241 -0.0127939 3.7478e-05 -0.00811262 -0.0154241 -0.00811262 9.69198e-05)
(-6.55304e-07 -0.0127891 -0.0154308 -0.0127891 2.41497e-05 -0.00811929 -0.0154308 -0.00811929 7.79459e-05)
(5.23397e-06 -0.0127882 -0.0154288 -0.0127882 2.36704e-05 -0.00812055 -0.0154288 -0.00812055 8.52735e-05)
(9.68782e-05 -0.0127971 -0.0154072 -0.0127971 3.32185e-05 -0.00813333 -0.0154072 -0.00813333 0.000120119)
(0.000101777 -0.0127964 -0.0154036 -0.0127964 3.30625e-05 -0.00813489 -0.0154036 -0.00813489 0.000116266)
(-2.7655e-05 -0.012798 -0.0154356 -0.012798 3.9454e-05 -0.00811036 -0.0154356 -0.00811036 9.37433e-05)
(1.94351e-05 -0.0127866 -0.0154265 -0.0127866 2.25429e-05 -0.00812512 -0.0154265 -0.00812512 7.92516e-05)
(2.19914e-05 -0.0127892 -0.0154223 -0.0127892 2.53992e-05 -0.00812119 -0.0154223 -0.00812119 9.05216e-05)
(5.42207e-05 -0.0127918 -0.0154142 -0.0127918 2.85152e-05 -0.00812439 -0.0154142 -0.00812439 0.000106924)
(5.65461e-05 -0.0127895 -0.0154122 -0.0127895 2.61501e-05 -0.00812411 -0.0154122 -0.00812411 8.81746e-05)
(-4.94172e-05 -0.0128018 -0.015441 -0.0128018 4.83869e-05 -0.00811032 -0.015441 -0.00811032 8.43313e-05)
(9.9765e-06 -0.0127886 -0.0154293 -0.0127886 2.28766e-05 -0.00812239 -0.0154293 -0.00812239 6.44284e-05)
(2.61911e-05 -0.0127887 -0.0154209 -0.0127887 2.4438e-05 -0.00812214 -0.0154209 -0.00812214 8.44189e-05)
(6.43012e-05 -0.0127917 -0.0154104 -0.0127917 2.85093e-05 -0.0081271 -0.0154104 -0.0081271 0.000106563)
(0.000107893 -0.0127969 -0.0154071 -0.0127969 2.84246e-05 -0.00813098 -0.0154071 -0.00813098 7.48434e-05)
(-2.35191e-06 -0.0127944 -0.0154308 -0.0127944 3.81554e-05 -0.00811467 -0.0154308 -0.00811467 7.90361e-05)
(-1.08919e-06 -0.0127924 -0.015438 -0.0127924 2.48902e-05 -0.00812085 -0.015438 -0.00812085 5.64517e-05)
(1.15429e-05 -0.0127898 -0.0154284 -0.0127898 2.43332e-05 -0.00812075 -0.0154284 -0.00812075 7.11767e-05)
(7.4119e-05 -0.012793 -0.0154093 -0.012793 2.94602e-05 -0.00812536 -0.0154093 -0.00812536 0.000107789)
(9.40078e-05 -0.0127927 -0.015405 -0.0127927 2.81164e-05 -0.00812591 -0.015405 -0.00812591 9.41744e-05)
(-3.60758e-05 -0.0128019 -0.0154421 -0.0128019 4.24316e-05 -0.00811512 -0.0154421 -0.00811512 7.18509e-05)
(-2.21548e-06 -0.0127936 -0.0154395 -0.0127936 2.53801e-05 -0.00812062 -0.0154395 -0.00812062 5.37102e-05)
(3.09093e-05 -0.0127912 -0.0154202 -0.0127912 2.77451e-05 -0.00811872 -0.0154202 -0.00811872 9.26299e-05)
(8.48833e-05 -0.0127925 -0.0154061 -0.0127925 2.83149e-05 -0.00812587 -0.0154061 -0.00812587 9.92292e-05)
(9.38382e-05 -0.0127934 -0.0154069 -0.0127934 2.73934e-05 -0.00812788 -0.0154069 -0.00812788 8.37424e-05)
(-8.12969e-06 -0.0127949 -0.0154327 -0.0127949 3.63988e-05 -0.00811602 -0.0154327 -0.00811602 7.3893e-05)
(7.71167e-06 -0.0127893 -0.0154334 -0.0127893 2.32618e-05 -0.00812091 -0.0154334 -0.00812091 6.94249e-05)
(2.82226e-05 -0.0127891 -0.015422 -0.0127891 2.40717e-05 -0.00812266 -0.015422 -0.00812266 7.5159e-05)
(7.37098e-05 -0.0127916 -0.0154088 -0.0127916 2.76024e-05 -0.00812381 -0.0154088 -0.00812381 9.3969e-05)
(7.39424e-05 -0.0127924 -0.015409 -0.0127924 2.90322e-05 -0.00812647 -0.015409 -0.00812647 0.000105405)
(-2.04143e-05 -0.0127965 -0.015435 -0.0127965 3.6304e-05 -0.00811343 -0.015435 -0.00811343 8.13284e-05)
(-5.33881e-06 -0.012792 -0.0154336 -0.012792 2.68541e-05 -0.00811763 -0.0154336 -0.00811763 7.50267e-05)
(2.2473e-05 -0.0127909 -0.0154227 -0.0127909 2.72526e-05 -0.00811856 -0.0154227 -0.00811856 8.89538e-05)
(6.09333e-05 -0.012793 -0.0154137 -0.012793 3.0006e-05 -0.0081272 -0.0154137 -0.0081272 0.000112084)
(9.43091e-05 -0.0127962 -0.015406 -0.0127962 3.27515e-05 -0.00813485 -0.015406 -0.00813485 0.000116198)
(3.13541e-05 -0.0127921 -0.0154197 -0.0127921 3.28962e-05 -0.0081154 -0.0154197 -0.0081154 9.78826e-05)
(1.88722e-05 -0.0127898 -0.0154354 -0.0127898 2.20298e-05 -0.00812915 -0.0154354 -0.00812915 3.86515e-05)
(5.5589e-06 -0.0127974 -0.0154465 -0.0127974 3.35498e-05 -0.00813108 -0.0154465 -0.00813108 4.3706e-05)
(-5.75026e-06 -0.0127959 -0.015441 -0.0127959 3.23238e-05 -0.00812583 -0.015441 -0.00812583 4.70715e-05)
(3.02622e-05 -0.012788 -0.0154242 -0.012788 2.51772e-05 -0.00812541 -0.0154242 -0.00812541 5.67718e-05)
(3.47183e-05 -0.0127896 -0.0154338 -0.0127896 2.28259e-05 -0.00813193 -0.0154338 -0.00813193 3.94582e-05)
(1.52482e-05 -0.0127907 -0.015437 -0.0127907 2.27801e-05 -0.00812781 -0.015437 -0.00812781 4.29748e-05)
(6.29796e-06 -0.0127995 -0.015442 -0.0127995 4.00859e-05 -0.00812274 -0.015442 -0.00812274 5.79419e-05)
(-5.70823e-06 -0.0127977 -0.0154435 -0.0127977 3.6042e-05 -0.00812673 -0.0154435 -0.00812673 5.01776e-05)
(3.26146e-05 -0.0127878 -0.0154236 -0.0127878 2.33387e-05 -0.00812798 -0.0154236 -0.00812798 5.43067e-05)
(3.37706e-05 -0.0127896 -0.0154336 -0.0127896 2.23851e-05 -0.00813179 -0.0154336 -0.00813179 3.74047e-05)
(4.38133e-08 -0.0127957 -0.0154422 -0.0127957 3.01163e-05 -0.00812862 -0.0154422 -0.00812862 4.2885e-05)
(2.49534e-05 -0.0127943 -0.015439 -0.0127943 3.16334e-05 -0.00812754 -0.015439 -0.00812754 4.71441e-05)
(1.66053e-05 -0.0127934 -0.0154455 -0.0127934 2.97925e-05 -0.00813262 -0.0154455 -0.00813262 4.50172e-05)
(2.29232e-05 -0.0127923 -0.0154406 -0.0127923 3.25445e-05 -0.00813123 -0.0154406 -0.00813123 5.0336e-05)
(1.74555e-05 -0.0127891 -0.0154349 -0.0127891 2.36187e-05 -0.00812935 -0.0154349 -0.00812935 4.20368e-05)
(-1.74079e-05 -0.0128016 -0.0154461 -0.0128016 3.79258e-05 -0.00812853 -0.0154461 -0.00812853 4.35885e-05)
(-2.84414e-05 -0.0128054 -0.0154475 -0.0128054 5.66549e-05 -0.00811927 -0.0154475 -0.00811927 6.42699e-05)
(-1.04053e-05 -0.012796 -0.0154402 -0.012796 3.64108e-05 -0.00812442 -0.0154402 -0.00812442 5.27675e-05)
(1.068e-05 -0.0127921 -0.0154384 -0.0127921 3.26113e-05 -0.00812922 -0.0154384 -0.00812922 4.98166e-05)
(4.39735e-05 -0.0127944 -0.0154339 -0.0127944 2.75993e-05 -0.00813321 -0.0154339 -0.00813321 3.00203e-05)
(2.6352e-05 -0.0127891 -0.0154344 -0.0127891 1.97351e-05 -0.00812978 -0.0154344 -0.00812978 3.51306e-05)
(6.9503e-06 -0.0127956 -0.0154369 -0.0127956 3.40749e-05 -0.00812179 -0.0154369 -0.00812179 5.65324e-05)
(1.26389e-05 -0.0127898 -0.0154379 -0.0127898 2.30082e-05 -0.00812939 -0.0154379 -0.00812939 4.01844e-05)
(3.6184e-05 -0.0127894 -0.0154322 -0.0127894 2.36698e-05 -0.00813148 -0.0154322 -0.00813148 4.27029e-05)
(3.0151e-05 -0.0127893 -0.0154357 -0.0127893 2.22078e-05 -0.00813203 -0.0154357 -0.00813203 3.389e-05)
(3.07695e-06 -0.0127957 -0.0154393 -0.0127957 3.0679e-05 -0.00812462 -0.0154393 -0.00812462 4.92513e-05)
(-1.22564e-05 -0.0127989 -0.0154405 -0.0127989 4.66021e-05 -0.00811903 -0.0154405 -0.00811903 6.35004e-05)
(-4.70857e-06 -0.0127917 -0.0154372 -0.0127917 2.78858e-05 -0.00812642 -0.0154372 -0.00812642 4.50266e-05)
(2.32514e-05 -0.0127912 -0.0154379 -0.0127912 2.82239e-05 -0.00813002 -0.0154379 -0.00813002 4.74318e-05)
(3.29977e-05 -0.0127899 -0.0154392 -0.0127899 2.25377e-05 -0.00813229 -0.0154392 -0.00813229 3.55635e-05)
(8.02909e-06 -0.0127899 -0.0154364 -0.0127899 2.14165e-05 -0.00812724 -0.0154364 -0.00812724 3.88924e-05)
(4.54696e-06 -0.0128019 -0.0154553 -0.0128019 4.83963e-05 -0.0081361 -0.0154553 -0.0081361 5.46764e-05)
(1.17517e-05 -0.0127925 -0.0154424 -0.0127925 2.84146e-05 -0.00813125 -0.0154424 -0.00813125 4.28992e-05)
(2.9167e-05 -0.0127894 -0.0154391 -0.0127894 2.30148e-05 -0.00813274 -0.0154391 -0.00813274 3.67938e-05)
(3.43172e-05 -0.0127902 -0.0154409 -0.0127902 2.42779e-05 -0.00813342 -0.0154409 -0.00813342 3.91423e-05)
(1.40711e-05 -0.0127915 -0.0154369 -0.0127915 2.39232e-05 -0.00812764 -0.0154369 -0.00812764 4.20952e-05)
(-3.69615e-08 -0.0127982 -0.0154481 -0.0127982 3.54364e-05 -0.00813248 -0.0154481 -0.00813248 4.35836e-05)
(-2.743e-05 -0.0128022 -0.0154454 -0.0128022 4.42248e-05 -0.00812212 -0.0154454 -0.00812212 5.53472e-05)
(1.94405e-05 -0.0127906 -0.0154357 -0.0127906 2.76728e-05 -0.00812872 -0.0154357 -0.00812872 4.90045e-05)
(3.65586e-05 -0.0127902 -0.0154376 -0.0127902 2.42849e-05 -0.00813316 -0.0154376 -0.00813316 3.77453e-05)
(7.18762e-05 -0.0127945 -0.0154109 -0.0127945 3.23019e-05 -0.00813568 -0.0154109 -0.00813568 0.00012278)
(2.5425e-05 -0.0127936 -0.0154448 -0.0127936 2.84346e-05 -0.00813253 -0.0154448 -0.00813253 4.68094e-05)
(1.46888e-05 -0.0127919 -0.0154362 -0.0127919 2.41873e-05 -0.00812623 -0.0154362 -0.00812623 4.64466e-05)
(5.57521e-05 -0.0127956 -0.0154221 -0.0127956 3.35117e-05 -0.00813733 -0.0154221 -0.00813733 0.000128713)
(9.71404e-05 -0.0128029 -0.0154103 -0.0128029 4.69237e-05 -0.00815237 -0.0154103 -0.00815237 0.000135643)
(5.02758e-05 -0.0127895 -0.0154126 -0.0127895 2.57299e-05 -0.00812449 -0.0154126 -0.00812449 9.4459e-05)
(1.88882e-05 -0.01279 -0.015438 -0.01279 2.25772e-05 -0.00813024 -0.015438 -0.00813024 3.87604e-05)
(2.50582e-05 -0.0127884 -0.0154342 -0.0127884 2.02557e-05 -0.00813017 -0.0154342 -0.00813017 3.6059e-05)
(1.36808e-05 -0.0127969 -0.0154301 -0.0127969 3.54252e-05 -0.00811689 -0.0154301 -0.00811689 0.000115655)
(7.31297e-05 -0.0127955 -0.0154127 -0.0127955 3.34424e-05 -0.00813922 -0.0154127 -0.00813922 0.000120294)
(3.40184e-05 -0.0127889 -0.0154173 -0.0127889 2.56285e-05 -0.00811956 -0.0154173 -0.00811956 8.6279e-05)
(-9.38313e-07 -0.0127924 -0.0154344 -0.0127924 2.85331e-05 -0.00812261 -0.0154344 -0.00812261 5.55979e-05)
(4.23301e-05 -0.0127915 -0.0154309 -0.0127915 2.30415e-05 -0.00813186 -0.0154309 -0.00813186 3.82742e-05)
(6.47709e-05 -0.0127938 -0.0154142 -0.0127938 2.99417e-05 -0.0081309 -0.0154142 -0.0081309 0.000114305)
(7.3084e-05 -0.0127963 -0.0154147 -0.0127963 3.81864e-05 -0.00814551 -0.0154147 -0.00814551 0.000121804)
(6.61311e-05 -0.0127926 -0.0154146 -0.0127926 2.46846e-05 -0.0081294 -0.0154146 -0.0081294 6.82494e-05)
(1.5834e-05 -0.0127886 -0.0154263 -0.0127886 2.29691e-05 -0.00812231 -0.0154263 -0.00812231 6.37021e-05)
(1.67641e-05 -0.01279 -0.0154242 -0.01279 2.73173e-05 -0.00812167 -0.0154242 -0.00812167 0.00010361)
(-2.86832e-05 -0.0128035 -0.0154427 -0.0128035 4.64015e-05 -0.00810959 -0.0154427 -0.00810959 0.000113945)
(1.23012e-05 -0.0127886 -0.0154275 -0.0127886 2.43284e-05 -0.00812119 -0.0154275 -0.00812119 8.93727e-05)
(2.95675e-05 -0.0127911 -0.0154289 -0.0127911 2.85662e-05 -0.00812353 -0.0154289 -0.00812353 6.20233e-05)
(6.38171e-07 -0.0127927 -0.0154367 -0.0127927 2.97224e-05 -0.00812477 -0.0154367 -0.00812477 4.95667e-05)
(1.50316e-05 -0.0127899 -0.0154278 -0.0127899 2.45873e-05 -0.00812139 -0.0154278 -0.00812139 6.7762e-05)
(3.96924e-05 -0.0127965 -0.0154227 -0.0127965 3.83131e-05 -0.0081136 -0.0154227 -0.0081136 0.000111128)
(5.83901e-05 -0.012792 -0.0154135 -0.012792 2.92962e-05 -0.00813236 -0.0154135 -0.00813236 0.00011245)
(3.39149e-05 -0.0127885 -0.0154218 -0.0127885 2.30196e-05 -0.00812442 -0.0154218 -0.00812442 6.47784e-05)
(5.83017e-06 -0.0127909 -0.0154298 -0.0127909 2.78534e-05 -0.00811996 -0.0154298 -0.00811996 6.49536e-05)
(3.23196e-05 -0.0127934 -0.0154216 -0.0127934 3.12102e-05 -0.00811937 -0.0154216 -0.00811937 0.000109876)
(4.53726e-05 -0.0127909 -0.0154154 -0.0127909 2.79852e-05 -0.00812118 -0.0154154 -0.00812118 0.000103248)
(2.61603e-05 -0.0127874 -0.0154221 -0.0127874 2.233e-05 -0.00812483 -0.0154221 -0.00812483 7.9862e-05)
(3.5346e-05 -0.0127902 -0.0154256 -0.0127902 2.6004e-05 -0.00812394 -0.0154256 -0.00812394 6.02855e-05)
(3.08215e-05 -0.012791 -0.0154416 -0.012791 2.47919e-05 -0.00813275 -0.0154416 -0.00813275 4.19332e-05)
(1.42599e-05 -0.01279 -0.0154362 -0.01279 2.2143e-05 -0.00812713 -0.0154362 -0.00812713 4.38087e-05)
(3.29875e-05 -0.0127918 -0.0154208 -0.0127918 2.87099e-05 -0.00812033 -0.0154208 -0.00812033 0.000104012)
(7.43007e-05 -0.0127987 -0.0154177 -0.0127987 3.80296e-05 -0.00814459 -0.0154177 -0.00814459 0.000137007)
(4.1715e-05 -0.0127885 -0.0154145 -0.0127885 2.53527e-05 -0.00812738 -0.0154145 -0.00812738 9.71371e-05)
(5.2491e-05 -0.0127937 -0.0154461 -0.0127937 2.65532e-05 -0.0081345 -0.0154461 -0.0081345 4.67542e-05)
(4.19791e-05 -0.0127909 -0.0154337 -0.0127909 2.36491e-05 -0.0081322 -0.0154337 -0.0081322 3.47127e-05)
(2.16675e-05 -0.0127911 -0.0154267 -0.0127911 2.75423e-05 -0.00812418 -0.0154267 -0.00812418 0.000108705)
(7.60521e-05 -0.0128017 -0.0154217 -0.0128017 4.09793e-05 -0.00814731 -0.0154217 -0.00814731 0.000145332)
(7.59821e-05 -0.012794 -0.0154136 -0.012794 2.58621e-05 -0.00812967 -0.0154136 -0.00812967 6.86759e-05)
(5.37266e-05 -0.0127915 -0.0154203 -0.0127915 2.48384e-05 -0.00813024 -0.0154203 -0.00813024 5.19918e-05)
(-1.02808e-05 -0.0127922 -0.0154376 -0.0127922 2.48332e-05 -0.00812182 -0.0154376 -0.00812182 4.94971e-05)
(-2.29302e-05 -0.0128049 -0.0154479 -0.0128049 3.92666e-05 -0.00812081 -0.0154479 -0.00812081 5.53065e-05)
(3.7822e-05 -0.0127949 -0.0154314 -0.0127949 3.63355e-05 -0.00811956 -0.0154314 -0.00811956 7.27584e-05)
(6.87179e-05 -0.0127915 -0.0154099 -0.0127915 2.97115e-05 -0.00812029 -0.0154099 -0.00812029 0.000100522)
(2.21771e-05 -0.0127922 -0.0154223 -0.0127922 3.04259e-05 -0.00811793 -0.0154223 -0.00811793 0.000100024)
(1.48289e-05 -0.0128003 -0.015432 -0.0128003 4.082e-05 -0.00811349 -0.015432 -0.00811349 0.000114047)
(2.79881e-05 -0.0127895 -0.0154199 -0.0127895 2.61114e-05 -0.00812159 -0.0154199 -0.00812159 9.83093e-05)
(1.52386e-05 -0.0127888 -0.0154241 -0.0127888 2.57886e-05 -0.00811992 -0.0154241 -0.00811992 7.61386e-05)
(7.85763e-05 -0.0127934 -0.0154089 -0.0127934 2.91586e-05 -0.00812744 -0.0154089 -0.00812744 0.000105659)
(3.35017e-05 -0.0127911 -0.0154217 -0.0127911 2.84057e-05 -0.00812435 -0.0154217 -0.00812435 0.00010511)
(-2.25971e-05 -0.012798 -0.0154361 -0.012798 3.67974e-05 -0.00811109 -0.0154361 -0.00811109 9.2601e-05)
(3.72117e-05 -0.0127887 -0.0154228 -0.0127887 2.16088e-05 -0.00812911 -0.0154228 -0.00812911 5.88044e-05)
(3.28801e-05 -0.0127886 -0.0154274 -0.0127886 2.13074e-05 -0.00812861 -0.0154274 -0.00812861 5.10863e-05)
(5.80039e-05 -0.0127906 -0.0154158 -0.0127906 2.4671e-05 -0.00812646 -0.0154158 -0.00812646 7.67202e-05)
(8.69502e-05 -0.0128019 -0.0154142 -0.0128019 4.20469e-05 -0.00814519 -0.0154142 -0.00814519 8.45904e-05)
(6.47037e-05 -0.0127924 -0.0154136 -0.0127924 2.47941e-05 -0.00812669 -0.0154136 -0.00812669 7.93136e-05)
(6.46538e-05 -0.0127949 -0.015416 -0.0127949 3.175e-05 -0.00813851 -0.015416 -0.00813851 7.6543e-05)
(1.973e-05 -0.0127891 -0.0154209 -0.0127891 2.76288e-05 -0.00812191 -0.0154209 -0.00812191 9.83519e-05)
(-9.96542e-08 -0.0127947 -0.0154294 -0.0127947 4.00352e-05 -0.0081118 -0.0154294 -0.0081118 8.73695e-05)
(2.02329e-05 -0.0127922 -0.0154257 -0.0127922 2.80483e-05 -0.00811786 -0.0154257 -0.00811786 8.94247e-05)
(-2.49818e-05 -0.0127996 -0.0154383 -0.0127996 4.357e-05 -0.00811393 -0.0154383 -0.00811393 7.55811e-05)
(1.11502e-05 -0.0127911 -0.0154272 -0.0127911 2.79282e-05 -0.00811856 -0.0154272 -0.00811856 7.36129e-05)
(8.6771e-06 -0.0127896 -0.0154306 -0.0127896 2.37231e-05 -0.00812245 -0.0154306 -0.00812245 6.12212e-05)
(4.01308e-05 -0.01279 -0.0154224 -0.01279 2.72583e-05 -0.00812165 -0.0154224 -0.00812165 6.83899e-05)
(6.50779e-05 -0.0127952 -0.0154221 -0.0127952 2.67362e-05 -0.00813317 -0.0154221 -0.00813317 5.47052e-05)
(-1.68768e-06 -0.0127928 -0.0154339 -0.0127928 2.6983e-05 -0.00811913 -0.0154339 -0.00811913 6.49085e-05)
(2.91996e-05 -0.0127874 -0.0154209 -0.0127874 2.27788e-05 -0.00812567 -0.0154209 -0.00812567 6.98448e-05)
(4.18056e-05 -0.0127889 -0.0154188 -0.0127889 2.29889e-05 -0.0081262 -0.0154188 -0.0081262 6.96983e-05)
(-8.32016e-06 -0.0127949 -0.0154307 -0.0127949 3.54274e-05 -0.00811301 -0.0154307 -0.00811301 8.97078e-05)
(5.9161e-05 -0.0127932 -0.0154186 -0.0127932 3.27129e-05 -0.00813942 -0.0154186 -0.00813942 6.87746e-05)
(3.54468e-05 -0.0127898 -0.0154288 -0.0127898 2.28462e-05 -0.00813206 -0.0154288 -0.00813206 3.76889e-05)
(-4.33498e-06 -0.012794 -0.0154382 -0.012794 2.81111e-05 -0.00812232 -0.0154382 -0.00812232 5.19283e-05)
(3.44303e-05 -0.01279 -0.015431 -0.01279 2.02946e-05 -0.00812789 -0.015431 -0.00812789 4.8688e-05)
(6.30064e-05 -0.0127916 -0.0154115 -0.0127916 2.83242e-05 -0.00812871 -0.0154115 -0.00812871 0.000102452)
(4.74059e-06 -0.0127882 -0.0154234 -0.0127882 2.7108e-05 -0.00812015 -0.0154234 -0.00812015 8.88654e-05)
(1.43096e-05 -0.0127893 -0.0154365 -0.0127893 2.2334e-05 -0.00812906 -0.0154365 -0.00812906 4.07652e-05)
(2.65105e-05 -0.0127922 -0.015433 -0.0127922 2.59138e-05 -0.00812439 -0.015433 -0.00812439 5.4874e-05)
(2.46081e-05 -0.012791 -0.0154278 -0.012791 2.43182e-05 -0.00812129 -0.0154278 -0.00812129 6.72591e-05)
(4.32206e-05 -0.0127913 -0.0154279 -0.0127913 2.31828e-05 -0.00813189 -0.0154279 -0.00813189 4.15178e-05)
(8.35083e-05 -0.0128146 -0.0154191 -0.0128146 6.3287e-05 -0.00815139 -0.0154191 -0.00815139 5.79233e-05)
(6.29243e-05 -0.0127939 -0.015416 -0.0127939 2.89382e-05 -0.00813559 -0.015416 -0.00813559 6.51917e-05)
(4.74859e-06 -0.0127932 -0.0154272 -0.0127932 3.43833e-05 -0.00811498 -0.0154272 -0.00811498 8.36695e-05)
(1.07613e-05 -0.0127899 -0.0154361 -0.0127899 2.38541e-05 -0.00812794 -0.0154361 -0.00812794 4.29299e-05)
(4.45169e-05 -0.0127931 -0.0154258 -0.0127931 2.89537e-05 -0.00813618 -0.0154258 -0.00813618 4.24014e-05)
(3.91277e-05 -0.0127889 -0.0154195 -0.0127889 2.344e-05 -0.00813061 -0.0154195 -0.00813061 5.7622e-05)
(-1.28643e-05 -0.0127908 -0.0154351 -0.0127908 2.8057e-05 -0.00812386 -0.0154351 -0.00812386 4.76604e-05)
(8.5499e-07 -0.0127899 -0.0154265 -0.0127899 2.77745e-05 -0.00811808 -0.0154265 -0.00811808 9.43568e-05)
(7.39526e-06 -0.0127968 -0.015428 -0.0127968 3.79837e-05 -0.00811415 -0.015428 -0.00811415 0.000111806)
(2.74262e-05 -0.012788 -0.0154256 -0.012788 2.17266e-05 -0.00812727 -0.0154256 -0.00812727 5.20942e-05)
(4.91247e-05 -0.0127929 -0.0154259 -0.0127929 2.2582e-05 -0.00813047 -0.0154259 -0.00813047 4.19132e-05)
(9.85732e-06 -0.0127914 -0.015432 -0.0127914 2.65607e-05 -0.0081224 -0.015432 -0.0081224 5.57033e-05)
(-2.60958e-06 -0.0127906 -0.0154309 -0.0127906 2.66809e-05 -0.00811928 -0.0154309 -0.00811928 7.281e-05)
(2.25707e-05 -0.0127877 -0.0154277 -0.0127877 2.31985e-05 -0.00812644 -0.0154277 -0.00812644 5.32188e-05)
(1.42267e-05 -0.0127882 -0.0154405 -0.0127882 2.27655e-05 -0.00813198 -0.0154405 -0.00813198 3.91803e-05)
(1.12387e-06 -0.0127977 -0.0154471 -0.0127977 3.41519e-05 -0.00813291 -0.0154471 -0.00813291 4.55329e-05)
(3.63791e-05 -0.0127916 -0.0154357 -0.0127916 2.24151e-05 -0.00813142 -0.0154357 -0.00813142 2.97478e-05)
(7.28312e-05 -0.0128039 -0.015421 -0.0128039 5.46731e-05 -0.00814944 -0.015421 -0.00814944 6.61187e-05)
(7.70206e-05 -0.0127926 -0.0154057 -0.0127926 2.84699e-05 -0.00813225 -0.0154057 -0.00813225 9.98709e-05)
(5.68279e-05 -0.0127996 -0.0154294 -0.0127996 3.48823e-05 -0.0081364 -0.0154294 -0.0081364 3.32627e-05)
(5.52798e-05 -0.0127943 -0.0154525 -0.0127943 4.65184e-05 -0.00812599 -0.0154525 -0.00812599 4.71022e-05)
(2.93708e-05 -0.0127892 -0.0154328 -0.0127892 2.05811e-05 -0.00813024 -0.0154328 -0.00813024 3.59153e-05)
(5.70188e-05 -0.0127911 -0.0154184 -0.0127911 3.1802e-05 -0.00813961 -0.0154184 -0.00813961 9.1191e-05)
(3.64674e-05 -0.0127885 -0.0154216 -0.0127885 2.19228e-05 -0.00812781 -0.0154216 -0.00812781 5.9274e-05)
(1.51125e-05 -0.0127869 -0.0154341 -0.0127869 2.03691e-05 -0.00812948 -0.0154341 -0.00812948 3.82964e-05)
(4.90936e-05 -0.0127948 -0.015437 -0.0127948 3.71171e-05 -0.0081323 -0.015437 -0.0081323 2.93801e-05)
(7.05788e-05 -0.0128 -0.0154199 -0.0128 3.35316e-05 -0.00813833 -0.0154199 -0.00813833 5.66069e-05)
(2.34368e-05 -0.0127872 -0.015423 -0.0127872 2.16158e-05 -0.00812495 -0.015423 -0.00812495 6.6065e-05)
(4.33895e-05 -0.0127895 -0.0154219 -0.0127895 2.28062e-05 -0.00813011 -0.0154219 -0.00813011 5.3593e-05)
(3.55861e-05 -0.0127889 -0.0154337 -0.0127889 2.43934e-05 -0.00813251 -0.0154337 -0.00813251 3.32261e-05)
(-8.72333e-06 -0.0127964 -0.0154407 -0.0127964 2.93207e-05 -0.00812288 -0.0154407 -0.00812288 4.9235e-05)
(5.63255e-05 -0.0127903 -0.0154142 -0.0127903 2.37374e-05 -0.00812699 -0.0154142 -0.00812699 6.96281e-05)
(5.35458e-05 -0.0127946 -0.0154213 -0.0127946 3.0436e-05 -0.00813722 -0.0154213 -0.00813722 5.28037e-05)
(1.12131e-05 -0.0127888 -0.0154414 -0.0127888 2.22357e-05 -0.00813116 -0.0154414 -0.00813116 3.94066e-05)
(5.89334e-05 -0.0127979 -0.015427 -0.0127979 2.94219e-05 -0.00813503 -0.015427 -0.00813503 3.84414e-05)
(9.42674e-05 -0.0128146 -0.0154165 -0.0128146 6.09341e-05 -0.00815108 -0.0154165 -0.00815108 6.39246e-05)
(1.71014e-05 -0.0127864 -0.0154236 -0.0127864 2.25464e-05 -0.0081252 -0.0154236 -0.0081252 5.71765e-05)
(3.30536e-06 -0.0127915 -0.0154445 -0.0127915 2.68404e-05 -0.00813284 -0.0154445 -0.00813284 4.31575e-05)
(1.18961e-05 -0.0127933 -0.0154455 -0.0127933 2.64631e-05 -0.00813246 -0.0154455 -0.00813246 4.3784e-05)
(-2.17788e-05 -0.0127958 -0.0154377 -0.0127958 3.22878e-05 -0.00811491 -0.0154377 -0.00811491 7.67635e-05)
(6.9571e-05 -0.0127926 -0.0154128 -0.0127926 2.85408e-05 -0.00813182 -0.0154128 -0.00813182 9.69854e-05)
(0.000100736 -0.0128018 -0.0154065 -0.0128018 3.85754e-05 -0.00814346 -0.0154065 -0.00814346 0.000105077)
(5.8691e-05 -0.0127953 -0.015418 -0.0127953 3.75635e-05 -0.00814585 -0.015418 -0.00814585 0.000134671)
(1.67081e-05 -0.0127909 -0.0154279 -0.0127909 2.951e-05 -0.00812551 -0.0154279 -0.00812551 0.000113436)
(7.47867e-05 -0.0127956 -0.0154142 -0.0127956 3.52764e-05 -0.00814162 -0.0154142 -0.00814162 9.87451e-05)
(0.000107475 -0.0128219 -0.0154157 -0.0128219 7.8053e-05 -0.00815327 -0.0154157 -0.00815327 6.23286e-05)
(8.91939e-05 -0.0128127 -0.0154218 -0.0128127 6.48471e-05 -0.00814868 -0.0154218 -0.00814868 4.96075e-05)
(4.6572e-05 -0.01279 -0.015417 -0.01279 2.44238e-05 -0.00812808 -0.015417 -0.00812808 9.0408e-05)
(2.32263e-05 -0.0127954 -0.0154281 -0.0127954 3.26408e-05 -0.00812306 -0.0154281 -0.00812306 0.000120178)
(3.45694e-05 -0.0127878 -0.0154175 -0.0127878 2.52106e-05 -0.0081272 -0.0154175 -0.0081272 9.20036e-05)
(4.18503e-05 -0.0127895 -0.0154215 -0.0127895 2.2652e-05 -0.0081273 -0.0154215 -0.0081273 6.13599e-05)
(5.26935e-05 -0.012794 -0.0154281 -0.012794 2.85476e-05 -0.00813467 -0.0154281 -0.00813467 3.92043e-05)
(9.03863e-06 -0.012794 -0.0154329 -0.012794 2.80328e-05 -0.00811823 -0.0154329 -0.00811823 6.60048e-05)
