/*--------------------------------*- C++ -*----------------------------------*\
  =========                 |
  \\      /  F ield         | OpenFOAM: The Open Source CFD Toolbox
   \\    /   O peration     | Website:  https://openfoam.org
    \\  /    A nd           | Version:  10
     \\/     M anipulation  |
\*---------------------------------------------------------------------------*/
FoamFile
{
    format      ascii;
    class       volTensorField;
    location    "10";
    object      TauNN;
}
// * * * * * * * * * * * * * * * * * * * * * * * * * * * * * * * * * * * * * //

dimensions      [0 2 -2 0 0 0 0];

internalField   nonuniform List<tensor> 
25600
(
(0.000315598 0.000107883 0.000192663 0.000107883 0.000257163 9.90108e-05 0.000192663 9.90108e-05 0.000259245)
(0.000262067 0.000100957 0.000155539 0.000100957 0.000318278 9.47304e-05 0.000155539 9.47304e-05 0.000152072)
(0.000249479 0.000135621 0.00013328 0.000135621 0.000366175 7.8165e-05 0.00013328 7.8165e-05 0.000122705)
(0.000251383 0.000140396 0.000146356 0.000140396 0.000306101 7.83987e-05 0.000146356 7.83987e-05 0.000125791)
(0.000236837 9.98303e-05 0.000158506 9.98303e-05 0.000133392 3.69893e-05 0.000158506 3.69893e-05 0.000101792)
(0.000213462 4.22513e-05 0.000151837 4.22513e-05 7.78447e-05 -3.59323e-05 0.000151837 -3.59323e-05 3.31745e-05)
(0.000240985 2.15303e-05 0.000164531 2.15303e-05 0.000217851 -3.51956e-05 0.000164531 -3.51956e-05 1.0887e-05)
(0.000275037 1.14553e-07 0.000177797 1.14553e-07 0.000397914 7.38548e-05 0.000177797 7.38548e-05 8.11228e-05)
(0.00029733 -2.26265e-05 0.00017622 -2.26265e-05 0.000467177 0.000126946 0.00017622 0.000126946 0.000127203)
(0.000302033 -5.45671e-05 0.00017475 -5.45671e-05 0.000449838 6.24908e-05 0.00017475 6.24908e-05 6.24609e-05)
(0.000291504 -3.14889e-05 0.000163203 -3.14889e-05 0.000313424 -3.43667e-05 0.000163203 -3.43667e-05 6.29426e-06)
(0.000254334 1.18446e-05 0.000134693 1.18446e-05 0.000208146 -4.91487e-05 0.000134693 -4.91487e-05 3.76193e-06)
(0.000171504 1.87978e-05 0.000117023 1.87978e-05 0.00014511 -1.01347e-05 0.000117023 -1.01347e-05 -1.06515e-05)
(0.000122443 -7.38818e-06 0.000141364 -7.38818e-06 0.000127945 7.62288e-06 0.000141364 7.62288e-06 7.13995e-05)
(0.000133989 -2.20649e-05 0.000147326 -2.20649e-05 0.000159506 -3.06088e-05 0.000147326 -3.06088e-05 0.000229929)
(0.000142875 -6.42519e-06 9.86643e-05 -6.42519e-06 0.000177514 -4.16888e-05 9.86643e-05 -4.16888e-05 0.000239941)
(0.000158599 6.90296e-06 6.73868e-05 6.90296e-06 0.000183861 -2.56794e-05 6.73868e-05 -2.56794e-05 8.33177e-05)
(0.00026594 3.46638e-05 0.000110245 3.46638e-05 0.000226389 -3.58792e-05 0.000110245 -3.58792e-05 4.59638e-05)
(0.000390596 7.82916e-05 0.000172481 7.82916e-05 0.000263947 -4.46523e-05 0.000172481 -4.46523e-05 0.000123865)
(0.000384626 5.08167e-05 0.000156561 5.08167e-05 0.000239171 -7.95256e-05 0.000156561 -7.95256e-05 0.000123643)
(0.000277364 1.95624e-05 0.000103439 1.95624e-05 0.000212071 -7.94334e-05 0.000103439 -7.94334e-05 7.9116e-06)
(0.000264817 6.52969e-05 0.000106097 6.52969e-05 0.000252609 -3.82969e-05 0.000106097 -3.82969e-05 -6.65546e-06)
(0.000288417 9.54634e-05 0.000118745 9.54634e-05 0.000268907 -4.31966e-05 0.000118745 -4.31966e-05 2.93047e-05)
(0.000236947 5.24269e-05 0.000125341 5.24269e-05 0.000159867 -3.00296e-05 0.000125341 -3.00296e-05 8.76855e-05)
(0.000363534 0.000119721 0.000245547 0.000119721 0.000282572 9.97894e-05 0.000245547 9.97894e-05 0.000370692)
(0.000556209 0.000231917 0.000409199 0.000231917 0.000375599 0.000172451 0.000409199 0.000172451 0.000629391)
(0.000497909 0.000171886 0.0003563 0.000171886 0.000214844 8.59546e-05 0.0003563 8.59546e-05 0.000494001)
(0.000253414 1.70805e-05 0.000174253 1.70805e-05 5.61825e-05 -1.46776e-05 0.000174253 -1.46776e-05 0.000142716)
(0.00019007 -1.6368e-05 0.000145813 -1.6368e-05 0.000121033 4.45219e-05 0.000145813 4.45219e-05 8.2282e-05)
(0.000241102 -6.06384e-06 0.000210423 -6.06384e-06 0.000180052 0.00010499 0.000210423 0.00010499 0.000217836)
(0.000251365 -2.36398e-05 0.000226401 -2.36398e-05 0.000171731 7.61123e-05 0.000226401 7.61123e-05 0.000253579)
(0.000216235 -4.93722e-05 0.000173696 -4.93722e-05 0.000177529 2.85553e-05 0.000173696 2.85553e-05 0.000235332)
(0.000178327 -5.12879e-05 0.000118984 -5.12879e-05 0.000189711 2.30689e-06 0.000118984 2.30689e-06 0.000243538)
(0.000146551 -3.14498e-05 6.9961e-05 -3.14498e-05 0.000182735 -1.71149e-05 6.9961e-05 -1.71149e-05 0.000245262)
(0.000135044 -1.77324e-06 2.72635e-05 -1.77324e-06 0.000187876 -4.15985e-05 2.72635e-05 -4.15985e-05 0.000215076)
(0.0001429 3.84636e-05 1.04262e-05 3.84636e-05 0.000211874 -5.92284e-05 1.04262e-05 -5.92284e-05 0.000122776)
(0.000191951 7.46176e-05 4.59766e-05 7.46176e-05 0.000249212 -4.3001e-05 4.59766e-05 -4.3001e-05 3.50608e-05)
(0.000264762 0.000100235 0.000132577 0.000100235 0.000271898 1.52914e-05 0.000132577 1.52914e-05 8.62492e-05)
(0.000332194 0.000118546 0.000206839 0.000118546 0.000266244 7.66059e-05 0.000206839 7.66059e-05 0.000236182)
(0.000361467 0.000127726 0.000219138 0.000127726 0.000242996 8.72379e-05 0.000219138 8.72379e-05 0.000332644)
(0.000375515 0.000115948 0.0002618 0.000115948 0.000330939 7.10851e-05 0.0002618 7.10851e-05 0.000251745)
(0.000424089 0.000168745 0.000278139 0.000168745 0.000277063 4.91859e-05 0.000278139 4.91859e-05 0.000247716)
(0.000403098 8.59825e-05 0.000296053 8.59825e-05 0.000102783 -3.37325e-05 0.000296053 -3.37325e-05 0.000265456)
(0.000499403 0.000105422 0.000134186 0.000105422 0.000338792 -0.000259814 0.000134186 -0.000259814 0.00025987)
(0.000663734 0.000281048 0.000116169 0.000281048 0.00110844 -0.000213181 0.000116169 -0.000213181 0.000229268)
(0.000672973 0.000360987 0.00029524 0.000360987 0.0018175 0.00029583 0.00029524 0.00029583 0.000403253)
(0.000773011 0.000218191 0.000172339 0.000218191 0.00218204 0.000905057 0.000172339 0.000905057 0.00101846)
(0.000695482 -8.46665e-06 1.58846e-05 -8.46665e-06 0.00183453 0.000927936 1.58846e-05 0.000927936 0.0011066)
(0.000461381 -9.44128e-05 0.000133672 -9.44128e-05 0.00132254 0.000388263 0.000133672 0.000388263 0.000427125)
(0.000475037 -0.000146003 0.00020241 -0.000146003 0.00106171 -0.000148189 0.00020241 -0.000148189 0.000119972)
(0.000611978 -0.00016106 0.000196079 -0.00016106 0.000971261 -0.000374336 0.000196079 -0.000374336 0.00020878)
(0.000563957 -0.000172732 0.000180881 -0.000172732 0.000906261 -0.00027153 0.000180881 -0.00027153 0.000117549)
(0.000384973 -0.000145693 0.000161002 -0.000145693 0.000758521 1.97599e-05 0.000161002 1.97599e-05 5.57049e-05)
(0.000299212 -8.68533e-05 0.000148444 -8.68533e-05 0.000568372 0.000246293 0.000148444 0.000246293 0.000276954)
(0.000304128 -5.87581e-05 0.000177883 -5.87581e-05 0.000422853 0.000287612 0.000177883 0.000287612 0.000468085)
(0.000271355 -4.40637e-05 0.000202095 -4.40637e-05 0.000337018 0.000187091 0.000202095 0.000187091 0.000316551)
(0.000244705 -5.15524e-05 0.000153918 -5.15524e-05 0.000350909 5.91436e-05 0.000153918 5.91436e-05 8.1533e-05)
(0.000295599 -8.25254e-05 0.000130558 -8.25254e-05 0.000381596 -6.5092e-05 0.000130558 -6.5092e-05 9.63595e-06)
(0.000362973 -0.000148693 0.000138405 -0.000148693 0.000498377 -0.000104737 0.000138405 -0.000104737 1.36978e-05)
(0.00035298 -0.000169024 0.000138356 -0.000169024 0.000721609 2.15704e-05 0.000138356 2.15704e-05 3.28165e-05)
(0.000303448 -8.46963e-05 0.000132105 -8.46963e-05 0.000745987 0.000183556 0.000132105 0.000183556 0.000117217)
(0.000267791 -5.37531e-05 0.000142837 -5.37531e-05 0.000548463 0.000187395 0.000142837 0.000187395 0.000132686)
(0.000190638 -5.96652e-05 0.00011325 -5.96652e-05 0.000282765 4.57382e-05 0.00011325 4.57382e-05 1.26758e-05)
(0.000186308 -7.53812e-06 0.000113837 -7.53812e-06 0.000118504 -4.17698e-05 0.000113837 -4.17698e-05 -7.52792e-06)
(0.000198429 4.99198e-05 0.000140149 4.99198e-05 7.72295e-05 -2.72132e-05 0.000140149 -2.72132e-05 6.99838e-05)
(0.000157543 3.16631e-05 0.000126916 3.16631e-05 5.58062e-05 -1.51861e-05 0.000126916 -1.51861e-05 8.44727e-05)
(0.000182652 1.59051e-05 0.000159017 1.59051e-05 6.99012e-05 2.28733e-06 0.000159017 2.28733e-06 0.000115149)
(0.000241178 2.64803e-05 0.00018552 2.64803e-05 0.000138888 1.7805e-05 0.00018552 1.7805e-05 9.85583e-05)
(0.000277173 -6.67758e-07 0.000170466 -6.67758e-07 0.00026018 1.96975e-06 0.000170466 1.96975e-06 7.89183e-05)
(0.000299855 -4.94784e-05 0.000150795 -4.94784e-05 0.000294456 -3.24631e-05 0.000150795 -3.24631e-05 5.94787e-05)
(0.000300189 -4.27635e-05 0.000136586 -4.27635e-05 0.000251034 -3.21222e-05 0.000136586 -3.21222e-05 5.58516e-05)
(0.000233812 -7.60332e-06 0.0001077 -7.60332e-06 0.000196017 -5.60749e-06 0.0001077 -5.60749e-06 4.08511e-05)
(0.000154428 2.47899e-05 7.22464e-05 2.47899e-05 0.000269008 1.28346e-05 7.22464e-05 1.28346e-05 2.2465e-05)
(0.000109536 5.82999e-05 4.27635e-05 5.82999e-05 0.000322675 -2.83988e-05 4.27635e-05 -2.83988e-05 2.88301e-05)
(0.000135288 6.7085e-05 6.29202e-05 6.7085e-05 0.000224333 -2.3731e-05 6.29202e-05 -2.3731e-05 4.44315e-05)
(0.000218615 5.79013e-05 0.000116874 5.79013e-05 0.00016088 -9.08133e-06 0.000116874 -9.08133e-06 4.91985e-05)
(0.000341438 5.89639e-05 0.000152279 5.89639e-05 0.000246152 -9.95751e-05 0.000152279 -9.95751e-05 0.000152788)
(0.000444221 9.30531e-05 0.000154763 9.30531e-05 0.000286732 -0.000186845 0.000154763 -0.000186845 0.000366804)
(0.000416413 7.85142e-05 0.000162419 7.85142e-05 0.000234529 -0.000146057 0.000162419 -0.000146057 0.00039967)
(0.00034598 4.36194e-05 0.000219684 4.36194e-05 0.000208755 -5.99585e-06 0.000219684 -5.99585e-06 0.000292368)
(0.000228868 0.00011091 0.000132804 0.00011091 0.000155335 -2.11541e-05 0.000132804 -2.11541e-05 1.20105e-05)
(0.000244917 6.63912e-05 0.000144091 6.63912e-05 0.000223186 -3.70136e-05 0.000144091 -3.70136e-05 -2.47796e-05)
(0.000710394 0.000375096 5.61159e-05 0.000375096 0.000795341 -0.000224954 5.61159e-05 -0.000224954 0.000247514)
(0.00116609 0.000490352 -0.000357256 0.000490352 0.00114967 -0.00070145 -0.000357256 -0.00070145 0.000961008)
(0.00157699 0.000433611 -0.000520775 0.000433611 0.00109565 -0.000903594 -0.000520775 -0.000903594 0.00216637)
(0.0019345 0.000485754 -0.000256823 0.000485754 0.00101315 -0.000690293 -0.000256823 -0.000690293 0.0032257)
(0.00184868 0.00048135 9.86177e-06 0.00048135 0.000970073 -0.000544157 9.86177e-06 -0.000544157 0.00297082)
(0.00140195 0.000324298 0.000175726 0.000324298 0.000846906 -0.000489064 0.000175726 -0.000489064 0.00194578)
(0.000947395 0.000108114 0.000185098 0.000108114 0.000769418 -0.000496123 0.000185098 -0.000496123 0.00111424)
(0.000740638 -3.03499e-05 0.000182686 -3.03499e-05 0.000837001 -0.000536195 0.000182686 -0.000536195 0.000753496)
(0.000704802 -0.000106147 0.000172277 -0.000106147 0.000931726 -0.000542245 0.000172277 -0.000542245 0.000583675)
(0.000655462 -0.000150998 0.000152709 -0.000150998 0.000837689 -0.000418679 0.000152709 -0.000418679 0.000403318)
(0.000591678 -0.000133197 0.000136926 -0.000133197 0.00069666 -0.000313907 0.000136926 -0.000313907 0.000309364)
(0.000487958 -3.61046e-05 0.000119817 -3.61046e-05 0.000517029 -0.000212191 0.000119817 -0.000212191 0.000254461)
(0.000373227 2.95965e-05 0.000124459 2.95965e-05 0.000347236 -0.000105081 0.000124459 -0.000105081 0.000198548)
(0.000290198 4.06075e-05 0.000128605 4.06075e-05 0.000257714 -3.25739e-05 0.000128605 -3.25739e-05 0.000164551)
(0.000269448 4.48925e-05 0.000127949 4.48925e-05 0.000296171 -1.30599e-05 0.000127949 -1.30599e-05 0.000178427)
(0.000280834 5.89909e-05 0.000117804 5.89909e-05 0.000383435 -3.85335e-05 0.000117804 -3.85335e-05 0.000193761)
(0.000285394 4.27142e-05 0.000108511 4.27142e-05 0.000373281 -4.40022e-05 0.000108511 -4.40022e-05 0.000137075)
(0.000285748 -2.46055e-06 0.000109766 -2.46055e-06 0.000354217 -4.99021e-05 0.000109766 -4.99021e-05 9.81989e-05)
(0.000237494 -2.9576e-05 0.00011192 -2.9576e-05 0.000272829 -4.83384e-05 0.00011192 -4.83384e-05 5.66144e-05)
(0.000193586 -5.3159e-05 0.000109585 -5.3159e-05 0.000207849 -2.003e-05 0.000109585 -2.003e-05 4.91518e-05)
(0.000192195 -4.6188e-05 0.000111195 -4.6188e-05 0.000164775 -8.08481e-06 0.000111195 -8.08481e-06 8.15755e-05)
(0.000210286 -5.96214e-05 0.000118114 -5.96214e-05 0.000141801 -1.65217e-06 0.000118114 -1.65217e-06 8.47471e-05)
(0.000232946 -5.18672e-05 0.000116101 -5.18672e-05 0.000153691 -7.63964e-06 0.000116101 -7.63964e-06 4.96594e-05)
(0.00022891 -2.49352e-05 0.000123661 -2.49352e-05 0.000164542 -9.33278e-06 0.000123661 -9.33278e-06 3.65491e-05)
(0.000209874 -5.40074e-06 0.000139615 -5.40074e-06 0.000180813 -1.27777e-05 0.000139615 -1.27777e-05 2.50261e-05)
(0.000292754 5.06351e-05 9.74266e-05 5.06351e-05 0.000245038 -5.45755e-05 9.74266e-05 -5.45755e-05 9.47022e-05)
(0.000420295 0.000109952 2.70167e-05 0.000109952 0.000270659 -7.93179e-05 2.70167e-05 -7.93179e-05 0.000259795)
(0.00043867 9.75356e-05 9.07099e-05 9.75356e-05 0.000245367 -5.21019e-05 9.07099e-05 -5.21019e-05 0.000402356)
(0.000403887 3.94946e-05 0.000188122 3.94946e-05 0.00023063 -5.82244e-05 0.000188122 -5.82244e-05 0.00031903)
(0.000299876 -4.70718e-05 0.000149537 -4.70718e-05 0.000207523 -6.65206e-05 0.000149537 -6.65206e-05 5.98381e-05)
(0.000163651 -6.16377e-05 3.76385e-05 -6.16377e-05 0.000175388 1.10073e-05 3.76385e-05 1.10073e-05 1.2385e-05)
(0.000160227 -3.87831e-05 8.02381e-05 -3.87831e-05 0.000268674 0.000158417 8.02381e-05 0.000158417 0.000190896)
(0.000306678 3.77279e-05 0.000226261 3.77279e-05 0.000365959 0.000203281 0.000226261 0.000203281 0.000312633)
(0.00036563 6.3397e-05 0.000232559 6.3397e-05 0.000379333 6.39129e-05 0.000232559 6.39129e-05 0.00018863)
(0.000341555 3.81684e-05 0.00013198 3.81684e-05 0.000308687 -6.6625e-05 0.00013198 -6.6625e-05 0.000170071)
(0.000468946 0.000111434 0.000254977 0.000111434 0.00030701 2.266e-05 0.000254977 2.266e-05 0.000396713)
(0.000774234 0.000348278 0.000449302 0.000348278 0.000520944 0.000152956 0.000449302 0.000152956 0.000603019)
(0.000688275 0.00039323 0.000369053 0.00039323 0.000525849 0.000115089 0.000369053 0.000115089 0.000391801)
(0.00089685 0.000288123 0.000175475 0.000288123 0.00237273 -0.000698377 0.000175475 -0.000698377 0.000620967)
(0.000862674 0.000293464 0.000163299 0.000293464 0.00261595 -0.000763127 0.000163299 -0.000763127 0.000733229)
(0.000613859 0.00025531 0.000182605 0.00025531 0.00158921 -0.000523533 0.000182605 -0.000523533 0.00046196)
(0.000369254 7.94278e-05 0.000163516 7.94278e-05 0.000528937 -0.000194448 0.000163516 -0.000194448 0.000222127)
(0.000274027 -1.77873e-05 0.000124332 -1.77873e-05 0.000370301 -6.60131e-05 0.000124332 -6.60131e-05 0.000219282)
(0.000307177 4.13116e-05 2.19708e-05 4.13116e-05 0.000786717 -0.00017293 2.19708e-05 -0.00017293 0.000322734)
(0.000277982 7.16485e-05 -1.13994e-06 7.16485e-05 0.000786512 -0.00024126 -1.13994e-06 -0.00024126 0.00041005)
(0.000248603 4.73652e-05 3.86918e-05 4.73652e-05 0.00046965 -0.000133072 3.86918e-05 -0.000133072 0.000372371)
(0.000297115 5.99334e-05 5.66654e-05 5.99334e-05 0.000403305 -7.1927e-05 5.66654e-05 -7.1927e-05 0.000333009)
(0.00037075 8.32146e-05 7.86753e-05 8.32146e-05 0.000483957 -3.05688e-05 7.86753e-05 -3.05688e-05 0.000357336)
(0.000447647 0.000151877 0.000147268 0.000151877 0.000602084 4.88507e-05 0.000147268 4.88507e-05 0.000411033)
(0.000546402 0.000193557 0.000230469 0.000193557 0.000598253 1.88686e-05 0.000230469 1.88686e-05 0.00048466)
(0.000674231 0.000135496 0.000223126 0.000135496 0.000611674 -0.000140428 0.000223126 -0.000140428 0.000616523)
(0.000646765 0.000100801 0.000184346 0.000100801 0.000509469 -0.00014395 0.000184346 -0.00014395 0.000547741)
(0.000418052 9.85209e-05 0.000151398 9.85209e-05 0.000357309 -1.8836e-05 0.000151398 -1.8836e-05 0.000239315)
(0.000260253 0.000160611 4.05097e-05 0.000160611 0.000451233 -4.70253e-05 4.05097e-05 -4.70253e-05 9.42166e-05)
(0.000256491 0.000248128 -8.39988e-05 0.000248128 0.000841259 -0.000363127 -8.39988e-05 -0.000363127 0.000456625)
(0.000258372 0.000128703 -5.33983e-05 0.000128703 0.000815544 -0.000498543 -5.33983e-05 -0.000498543 0.000664474)
(0.000236837 6.23558e-05 3.52412e-06 6.23558e-05 0.000446263 -0.000237198 3.52412e-06 -0.000237198 0.000357942)
(0.000232837 2.56393e-05 0.00012826 2.56393e-05 0.00027593 -1.49263e-05 0.00012826 -1.49263e-05 0.000210481)
(0.000297998 4.43384e-05 0.000203574 4.43384e-05 0.000229297 3.50233e-05 0.000203574 3.50233e-05 0.000256054)
(0.000276269 3.08063e-05 0.000171799 3.08063e-05 0.000231937 8.34092e-06 0.000171799 8.34092e-06 0.000176556)
(0.00018373 1.03246e-05 9.34694e-05 1.03246e-05 0.000209517 1.05891e-05 9.34694e-05 1.05891e-05 0.000107424)
(0.000140218 9.02638e-06 1.62935e-05 9.02638e-06 0.000182641 -3.20906e-05 1.62935e-05 -3.20906e-05 0.000144424)
(0.000172107 -1.92095e-05 8.69464e-05 -1.92095e-05 0.000159969 -1.08751e-05 8.69464e-05 -1.08751e-05 4.81038e-05)
(0.000411894 2.47601e-05 0.000165329 2.47601e-05 0.000314231 -0.000109954 0.000165329 -0.000109954 0.000143103)
(0.000805614 0.000204539 8.74326e-06 0.000204539 0.000703797 -0.000388005 8.74326e-06 -0.000388005 0.000501037)
(0.000854113 0.000250506 -7.70958e-05 0.000250506 0.000892536 -0.000480759 -7.70958e-05 -0.000480759 0.000560401)
(0.000509147 9.27774e-05 5.7539e-05 9.27774e-05 0.000571266 -0.000254142 5.7539e-05 -0.000254142 0.000241638)
(0.000246594 1.70954e-05 0.000119537 1.70954e-05 0.000231272 -5.41415e-05 0.000119537 -5.41415e-05 5.45992e-05)
(0.000194695 2.70884e-05 9.50126e-05 2.70884e-05 0.000230978 -2.77469e-05 9.50126e-05 -2.77469e-05 4.89844e-05)
(0.000226125 1.43331e-06 0.000122316 1.43331e-06 0.000255272 -4.81531e-05 0.000122316 -4.81531e-05 9.70411e-05)
(0.000396989 4.35449e-05 0.000156291 4.35449e-05 0.000283033 -0.000160355 0.000156291 -0.000160355 0.000338876)
(0.000620665 0.000125797 9.10182e-05 0.000125797 0.000411337 -0.000349626 9.10182e-05 -0.000349626 0.000729491)
(0.000622195 0.000158573 0.000127595 0.000158573 0.000352397 -0.000226286 0.000127595 -0.000226286 0.000715698)
(0.000482837 0.000180037 0.000252476 0.000180037 0.000306097 6.94618e-05 0.000252476 6.94618e-05 0.000472967)
(0.000585798 0.000401117 0.000240978 0.000401117 0.000709391 0.000154187 0.000240978 0.000154187 0.000444826)
(0.000613594 0.000406112 0.000253621 0.000406112 0.000635466 9.87835e-05 0.000253621 9.87835e-05 0.000449793)
(0.000339845 4.76884e-05 0.000236342 4.76884e-05 0.00013642 -6.31381e-05 0.000236342 -6.31381e-05 0.000194331)
(0.000596734 8.5705e-05 0.000190258 8.5705e-05 0.000864453 -0.000398142 0.000190258 -0.000398142 0.000257291)
(0.000609053 9.00216e-06 0.000300394 9.00216e-06 0.00118153 0.00020024 0.000300394 0.00020024 0.00048339)
(0.000532298 -0.000239768 0.000226596 -0.000239768 0.00109633 0.000327818 0.000226596 0.000327818 0.000581373)
(0.000369479 -0.000196857 0.000117085 -0.000196857 0.000460693 0.000112046 0.000117085 0.000112046 0.000255796)
(0.000419676 9.19309e-05 6.5851e-05 9.19309e-05 0.000366678 -6.90306e-05 6.5851e-05 -6.90306e-05 0.000280299)
(0.000616437 0.000497807 0.000336818 0.000497807 0.00163401 0.000253769 0.000336818 0.000253769 0.000623956)
(0.000832615 0.000739942 0.000310676 0.000739942 0.00357211 0.000718982 0.000310676 0.000718982 0.000759546)
(0.000798918 0.00034794 7.07237e-05 0.00034794 0.00365993 0.000578234 7.07237e-05 0.000578234 0.000658277)
(0.00058394 0.000276743 9.81241e-05 0.000276743 0.00219649 0.000444169 9.81241e-05 0.000444169 0.000473873)
(0.000630016 0.000333085 0.000287067 0.000333085 0.00123005 0.000358147 0.000287067 0.000358147 0.000596304)
(0.000787349 0.000465651 0.000458414 0.000465651 0.00143988 0.000511077 0.000458414 0.000511077 0.00084328)
(0.000855567 0.000451985 0.000397574 0.000451985 0.00149183 0.000624621 0.000397574 0.000624621 0.00106123)
(0.000746207 0.000344627 0.000157772 0.000344627 0.00064214 9.02163e-05 0.000157772 9.02163e-05 0.00103304)
(0.000807927 0.000280684 7.21654e-05 0.000280684 0.000780135 -0.000298926 7.21654e-05 -0.000298926 0.00089459)
(0.000681898 -5.02234e-05 0.000146247 -5.02234e-05 0.000984689 -0.000245923 0.000146247 -0.000245923 0.00043144)
(0.000470655 -0.00021974 0.000110839 -0.00021974 0.000826548 5.38956e-06 0.000110839 5.38956e-06 0.000117821)
(0.000379167 -0.00022522 6.59628e-05 -0.00022522 0.000666365 0.000161231 6.59628e-05 0.000161231 0.00013369)
(0.00023069 -0.000138945 8.20393e-05 -0.000138945 0.00034989 0.000109673 8.20393e-05 0.000109673 7.96701e-05)
(0.00021354 -7.84351e-05 0.000151533 -7.84351e-05 0.000232739 3.90392e-05 0.000151533 3.90392e-05 2.8055e-05)
(0.000391037 -4.05349e-05 0.000230521 -4.05349e-05 0.000447245 7.2266e-05 0.000230521 7.2266e-05 0.000151559)
(0.000610051 6.88229e-05 0.0002982 6.88229e-05 0.000834568 0.000346173 0.0002982 0.000346173 0.0005033)
(0.000614993 -1.62283e-05 0.00013611 -1.62283e-05 0.000933801 0.0005977 0.00013611 0.0005977 0.000853231)
(0.000366211 -0.000208683 -3.29912e-05 -0.000208683 0.000602317 0.000432272 -3.29912e-05 0.000432272 0.00066577)
(0.000172037 -0.000134008 -1.39037e-05 -0.000134008 0.000186903 7.74963e-05 -1.39037e-05 7.74963e-05 0.000206603)
(0.000160275 -3.29213e-05 0.000100447 -3.29213e-05 0.000131111 -2.3176e-05 0.000100447 -2.3176e-05 1.85581e-05)
(0.000405281 7.01072e-05 9.48096e-05 7.01072e-05 0.00038203 -0.000121485 9.48096e-05 -0.000121485 0.000174616)
(0.000838219 0.000264627 -7.87331e-05 0.000264627 0.000960171 -0.000384859 -7.87331e-05 -0.000384859 0.000518375)
(0.000861067 0.000268587 -6.63651e-05 0.000268587 0.00112735 -0.000440981 -6.63651e-05 -0.000440981 0.000498057)
(0.00049181 7.8408e-05 0.000144068 7.8408e-05 0.000789441 -0.000184759 0.000144068 -0.000184759 0.000190713)
(0.000257728 -0.000133412 0.000124916 -0.000133412 0.000446293 -9.67924e-06 0.000124916 -9.67924e-06 9.77627e-05)
(0.000217608 -0.00014357 -1.10213e-05 -0.00014357 0.000256335 3.28086e-05 -1.10213e-05 3.28086e-05 0.000132999)
(0.000187893 -2.02563e-05 -2.3826e-05 -2.02563e-05 0.000197774 -1.14525e-05 -2.3826e-05 -1.14525e-05 0.000137235)
(0.000175753 3.60636e-05 7.22185e-05 3.60636e-05 0.000266454 -2.28351e-05 7.22185e-05 -2.28351e-05 2.71071e-05)
(0.000347663 3.54415e-05 0.000142228 3.54415e-05 0.000384768 7.76723e-06 0.000142228 7.76723e-06 0.00031086)
(0.000546503 7.21514e-05 0.000239056 7.21514e-05 0.00045966 3.23718e-05 0.000239056 3.23718e-05 0.000913569)
(0.000636114 0.000150796 0.000407355 0.000150796 0.000414097 0.000111403 0.000407355 0.000111403 0.000930638)
(0.000418802 0.000151465 0.000235677 0.000151465 0.000283502 4.29992e-05 0.000235677 4.29992e-05 0.000244185)
(0.000159955 1.59852e-05 5.83502e-05 1.59852e-05 0.0001537 -4.02797e-06 5.83502e-05 -4.02797e-06 5.28035e-05)
(0.000288484 -1.31372e-05 0.000227718 -1.31372e-05 0.000250662 9.51299e-05 0.000227718 9.51299e-05 0.00017952)
(0.000700191 0.000210403 0.000320081 0.000210403 0.000568055 6.84503e-05 0.000320081 6.84503e-05 0.000351591)
(0.000733259 0.00027439 0.000266613 0.00027439 0.000840298 -9.56841e-06 0.000266613 -9.56841e-06 0.000358269)
(0.000249985 -0.000105034 0.000213476 -0.000105034 0.00100266 -0.00070004 0.000213476 -0.00070004 0.000972814)
(0.000201908 -7.30446e-05 6.87297e-05 -7.30446e-05 0.000265033 -9.19281e-05 6.87297e-05 -9.19281e-05 0.000840217)
(0.000394379 0.000154016 -0.000302122 0.000154016 0.000368771 -0.000212281 -0.000302122 -0.000212281 0.000797588)
(0.000626608 0.000923751 -5.70994e-06 0.000923751 0.00234053 0.000105084 -5.70994e-06 0.000105084 0.00120995)
(0.00156138 0.00155964 0.000879804 0.00155964 0.0040072 0.00113796 0.000879804 0.00113796 0.00145667)
(0.00128653 0.000790448 0.000528427 0.000790448 0.00151498 0.00079744 0.000528427 0.00079744 0.00197167)
(0.00139931 0.000490176 -0.000593715 0.000490176 0.000687257 -0.000290601 -0.000593715 -0.000290601 0.00178473)
(0.00125672 0.000576556 -0.000397975 0.000576556 0.000957239 -0.000303743 -0.000397975 -0.000303743 0.00113453)
(0.000738593 0.000235424 3.35723e-05 0.000235424 0.00061722 -0.000227882 3.35723e-05 -0.000227882 0.000739059)
(0.00075498 0.000147618 0.000256402 0.000147618 0.000386553 -0.000181119 0.000256402 -0.000181119 0.000980574)
(0.00116172 0.00031493 -0.00012031 0.00031493 0.000653166 -0.000507755 -0.00012031 -0.000507755 0.0017666)
(0.00163497 0.000482503 -0.000459861 0.000482503 0.00185309 -0.00107807 -0.000459861 -0.00107807 0.00197677)
(0.00117032 0.000445717 1.56965e-05 0.000445717 0.00248907 -0.000887126 1.56965e-05 -0.000887126 0.00132857)
(0.000533172 6.73942e-05 0.000297675 6.73942e-05 0.00286206 -0.000407491 0.000297675 -0.000407491 0.000712057)
(0.000565592 -0.000399681 -9.37534e-05 -0.000399681 0.00371814 0.00060755 -9.37534e-05 0.00060755 0.00100834)
(0.00091651 -0.000688065 -0.000444845 -0.000688065 0.00345235 0.00124183 -0.000444845 0.00124183 0.00148934)
(0.000908937 -0.000587151 -0.00033298 -0.000587151 0.00187944 0.00113342 -0.00033298 0.00113342 0.00151099)
(0.00110768 -0.00028144 5.96931e-05 -0.00028144 0.00134418 0.00100088 5.96931e-05 0.00100088 0.00172335)
(0.00142565 6.95596e-05 0.000277586 6.95596e-05 0.00155262 0.00112061 0.000277586 0.00112061 0.00192484)
(0.00129684 9.96143e-06 -6.29192e-05 9.96143e-06 0.00143821 0.00128361 -6.29192e-05 0.00128361 0.00226086)
(0.000903972 -0.000293735 -0.000535001 -0.000293735 0.00113318 0.00114805 -0.000535001 0.00114805 0.00221971)
(0.000728457 -0.000482866 -0.000676624 -0.000482866 0.00136664 0.00101997 -0.000676624 0.00101997 0.00167373)
(0.000532846 -0.000483365 -0.000270102 -0.000483365 0.00163195 0.000561388 -0.000270102 0.000561388 0.000783991)
(0.000519798 -0.000245362 0.000230568 -0.000245362 0.00182316 -0.000103257 0.000230568 -0.000103257 0.000179955)
(0.00096328 0.000122732 1.00564e-05 0.000122732 0.00150886 -0.0006228 1.00564e-05 -0.0006228 0.000549303)
(0.000864305 0.000251289 -0.000138965 0.000251289 0.000678618 -0.000425156 -0.000138965 -0.000425156 0.00074019)
(0.000370105 7.10441e-05 0.000105345 7.10441e-05 0.000305351 -5.75231e-05 0.000105345 -5.75231e-05 0.000245597)
(0.000184234 5.07766e-05 2.53404e-05 5.07766e-05 0.000260514 -6.30086e-05 2.53404e-05 -6.30086e-05 0.000237365)
(0.00017132 6.87158e-05 -0.000103327 6.87158e-05 0.000260269 -0.000100347 -0.000103327 -0.000100347 0.000426823)
(0.000176982 -0.000134904 -1.2747e-05 -0.000134904 0.000287129 5.19836e-05 -1.2747e-05 5.19836e-05 0.000153525)
(0.000285309 -0.000213374 0.00010746 -0.000213374 0.000629026 6.14179e-05 0.00010746 6.14179e-05 7.83779e-05)
(0.000334815 5.96326e-06 0.000174886 5.96326e-06 0.000733148 0.000170993 0.000174886 0.000170993 0.000271083)
(0.000392974 -8.82149e-06 0.000228509 -8.82149e-06 0.000340555 0.000194702 0.000228509 0.000194702 0.000379285)
(0.000296544 -4.99319e-05 0.000187604 -4.99319e-05 0.000218878 7.85002e-05 0.000187604 7.85002e-05 0.000228327)
(0.00043525 6.07315e-05 0.000193516 6.07315e-05 0.000363105 0.000120493 0.000193516 0.000120493 0.000430856)
(0.000658937 0.000168995 0.000161942 0.000168995 0.000397422 4.30271e-05 0.000161942 4.30271e-05 0.000717329)
(0.00043571 -2.92948e-05 0.000101181 -2.92948e-05 0.000622808 -0.000189715 0.000101181 -0.000189715 0.000129277)
(0.000341505 -6.5946e-05 0.000121864 -6.5946e-05 0.000759846 0.000225109 0.000121864 0.000225109 0.000293641)
(0.00032693 2.02162e-05 -4.25521e-06 2.02162e-05 0.000203108 -7.06678e-05 -4.25521e-06 -7.06678e-05 0.000940845)
(0.000207145 -0.000165521 0.000196088 -0.000165521 0.00141487 -0.00100731 0.000196088 -0.00100731 0.00127839)
(0.000686812 2.89083e-05 -0.000181051 2.89083e-05 0.000464567 0.000139753 -0.000181051 0.000139753 0.000487695)
(0.000572046 3.119e-06 0.000170853 3.119e-06 0.000522625 -5.47459e-05 0.000170853 -5.47459e-05 0.000739847)
(0.00169858 0.00164774 0.00107584 0.00164774 0.00369087 0.000626738 0.00107584 0.000626738 0.00159374)
(0.0003159 0.0009678 0.000488879 0.0009678 0.00447756 -0.000312164 0.000488879 -0.000312164 0.00171411)
(0.000604304 -0.000184934 -0.000185686 -0.000184934 0.000393563 -0.00053155 -0.000185686 -0.00053155 0.00313672)
(0.00299223 0.000906098 0.000632733 0.000906098 0.00343879 0.00202917 0.000632733 0.00202917 0.00433111)
(0.00299718 0.000884812 0.000342755 0.000884812 0.00450729 0.00199219 0.000342755 0.00199219 0.00327116)
(0.000940349 0.000415751 -2.69515e-05 0.000415751 0.00207254 0.00104371 -2.69515e-05 0.00104371 0.0019981)
(0.00030367 -0.000152541 -2.32197e-05 -0.000152541 0.000280625 9.9862e-05 -2.32197e-05 9.9862e-05 0.000861032)
(0.000738303 8.07652e-05 0.000244522 8.07652e-05 0.000922889 -0.00014943 0.000244522 -0.00014943 0.000489197)
(0.00179312 0.000543537 -0.0001326 0.000543537 0.00426045 -0.00164389 -0.0001326 -0.00164389 0.00213903)
(0.00242063 -0.000734059 5.15087e-05 -0.000734059 0.00748559 -0.000555303 5.15087e-05 -0.000555303 0.0023628)
(0.00238607 -0.000535878 -0.000800139 -0.000535878 0.0057862 0.0023659 -0.000800139 0.0023659 0.00383838)
(0.00114406 -0.000667468 -0.000831211 -0.000667468 0.00252604 0.00193458 -0.000831211 0.00193458 0.0045885)
(0.000591818 -0.000511054 -0.000333508 -0.000511054 0.00160896 0.000985836 -0.000333508 0.000985836 0.00159792)
(0.000969772 -0.000748702 0.000353426 -0.000748702 0.00269388 -0.00048714 0.000353426 -0.00048714 0.000544706)
(0.00169496 -0.000644624 0.000712436 -0.000644624 0.00280338 -0.00123332 0.000712436 -0.00123332 0.00162198)
(0.00116814 0.000107391 0.000432506 0.000107391 0.00123335 -0.000464029 0.000432506 -0.000464029 0.00113859)
(0.000495724 -2.12742e-05 0.000219395 -2.12742e-05 0.000363144 0.000135512 0.000219395 0.000135512 0.000487533)
(0.000445208 -3.09059e-05 9.48403e-05 -3.09059e-05 0.0011494 -1.94125e-05 9.48403e-05 -1.94125e-05 0.000530838)
(0.000735937 0.000235086 0.000242015 0.000235086 0.00123886 0.00021283 0.000242015 0.00021283 0.000711953)
(0.000764157 0.000206923 0.000379143 0.000206923 0.000443097 -1.93603e-05 0.000379143 -1.93603e-05 0.000930158)
(0.000803953 -0.00015459 0.000312673 -0.00015459 0.00175525 -0.000691036 0.000312673 -0.000691036 0.000688986)
(0.000964273 -0.000600563 0.000388244 -0.000600563 0.00479669 -0.000624284 0.000388244 -0.000624284 0.000901633)
(0.000866205 -0.000542732 0.000238737 -0.000542732 0.00236831 -0.000311754 0.000238737 -0.000311754 0.000294671)
(0.000433522 0.00014328 2.21021e-05 0.00014328 0.000830678 -2.21748e-06 2.21021e-05 -2.21748e-06 0.000170303)
(0.000391943 0.000580019 7.59717e-05 0.000580019 0.0036008 -2.6362e-05 7.59717e-05 -2.6362e-05 0.000512513)
(0.00049588 0.000511463 3.40603e-05 0.000511463 0.00319938 -0.000174472 3.40603e-05 -0.000174472 0.00063903)
(0.000323559 5.62379e-05 -7.61077e-06 5.62379e-05 0.00058678 -0.000362127 -7.61077e-06 -0.000362127 0.000656796)
(0.000253687 1.89925e-05 5.94119e-05 1.89925e-05 0.000358632 -4.18304e-05 5.94119e-05 -4.18304e-05 0.00065969)
(0.000258425 -8.37659e-05 0.000109655 -8.37659e-05 0.000269225 7.47815e-05 0.000109655 7.47815e-05 0.000386116)
(0.000601496 -0.000120906 0.000191346 -0.000120906 0.000718923 -8.21436e-05 0.000191346 -8.21436e-05 0.000319584)
(0.00123444 -3.43844e-05 0.000253275 -3.43844e-05 0.00156787 -0.000373594 0.000253275 -0.000373594 0.00123577)
(0.00119882 6.89682e-05 0.000222381 6.89682e-05 0.00131445 -0.000399335 0.000222381 -0.000399335 0.00126762)
(0.00111968 0.000260402 0.000240307 0.000260402 0.000490643 -0.000331758 0.000240307 -0.000331758 0.00143515)
(0.00114546 0.000313596 0.000208268 0.000313596 0.000826526 -0.00040816 0.000208268 -0.00040816 0.00212624)
(0.000708554 0.000181695 0.000194786 0.000181695 0.00195873 -0.000958018 0.000194786 -0.000958018 0.0011526)
(0.000333096 -0.000188507 0.000375481 -0.000188507 0.00164848 -0.000754331 0.000375481 -0.000754331 0.000556081)
(0.000545686 0.000157708 0.000348354 0.000157708 0.000425533 -1.03749e-05 0.000348354 -1.03749e-05 0.000404216)
(0.000532181 0.000476411 0.000171266 0.000476411 0.00179134 0.000733911 0.000171266 0.000733911 0.000662841)
(0.00105992 0.00100373 0.000428829 0.00100373 0.00279678 0.000153829 0.000428829 0.000153829 0.000681554)
(0.00101849 0.000537836 0.000704905 0.000537836 0.00144334 0.000360199 0.000704905 0.000360199 0.0011166)
(0.00310385 0.000764631 0.00179129 0.000764631 0.00599829 0.000192506 0.00179129 0.000192506 0.00324475)
(-0.000723768 -0.000193377 0.000282416 -0.000193377 0.00397768 -0.00166065 0.000282416 -0.00166065 0.00201597)
(0.00322326 0.000450026 0.0011713 0.000450026 0.00204459 0.00122609 0.0011713 0.00122609 0.0054521)
(0.00281267 -2.82452e-05 0.0014336 -2.82452e-05 0.00183482 0.000392078 0.0014336 0.000392078 0.00590596)
(0.00111403 -0.000329103 0.00107957 -0.000329103 0.00182648 -0.00168802 0.00107957 -0.00168802 0.0044438)
(0.000486607 -0.000322042 0.000251789 -0.000322042 0.00297977 -0.00236511 0.000251789 -0.00236511 0.00349726)
(-0.000376743 -0.000921378 0.000497244 -0.000921378 0.00520879 -0.00210492 0.000497244 -0.00210492 0.00321532)
(0.00100814 -0.00106083 0.00034672 -0.00106083 0.00489508 -0.000578794 0.00034672 -0.000578794 0.00135934)
(0.00227715 -0.000214728 -0.000593924 -0.000214728 0.00185306 0.000631505 -0.000593924 0.000631505 0.00133778)
(0.00309611 0.000948457 -0.000216385 0.000948457 0.00203192 -0.00039192 -0.000216385 -0.00039192 0.00221528)
(0.000816228 -0.000415696 -0.000443046 -0.000415696 0.00190692 0.000738528 -0.000443046 0.000738528 0.001777)
(0.000581798 -0.000702202 -0.0010312 -0.000702202 0.000778094 0.000283783 -0.0010312 0.000283783 0.00504923)
(0.000461362 -4.59123e-05 -0.000191027 -4.59123e-05 0.000638061 -0.000410025 -0.000191027 -0.000410025 0.0024932)
(0.000569457 0.000106229 0.000161424 0.000106229 0.000750993 -4.6853e-05 0.000161424 -4.6853e-05 0.00047984)
(0.000943348 -0.000416223 0.000388319 -0.000416223 0.00125892 -0.000206167 0.000388319 -0.000206167 0.000530791)
(0.00108742 -0.000874794 0.000227876 -0.000874794 0.00115249 1.04075e-05 0.000227876 1.04075e-05 0.000621163)
(0.000620337 -0.000218422 -0.000158819 -0.000218422 0.000481998 -0.000176732 -0.000158819 -0.000176732 0.000772586)
(0.000233183 8.77446e-05 -5.4542e-05 8.77446e-05 0.000417057 -0.000323386 -5.4542e-05 -0.000323386 0.000656779)
(0.00036654 -5.60656e-07 0.000136034 -5.60656e-07 0.000392064 -0.000112546 0.000136034 -0.000112546 0.000306179)
(0.000689339 -0.000144236 8.16369e-05 -0.000144236 0.000491253 8.47867e-05 8.16369e-05 8.47867e-05 0.000359059)
(0.000693182 1.47661e-05 0.000187999 1.47661e-05 0.000551132 2.32914e-05 0.000187999 2.32914e-05 0.000483631)
(0.000583369 -0.00017623 0.000200696 -0.00017623 0.000812564 4.99683e-05 0.000200696 4.99683e-05 0.000486652)
(0.00108132 -0.000843537 7.76425e-05 -0.000843537 0.000970437 -6.22328e-05 7.76425e-05 -6.22328e-05 0.000305993)
(0.00142376 -0.00106509 0.000376487 -0.00106509 0.00100149 -0.000240355 0.000376487 -0.000240355 0.000171368)
(0.000657206 -0.000180572 0.000201512 -0.000180572 0.000500748 -0.000243067 0.000201512 -0.000243067 0.000163625)
(0.000615673 0.000427506 2.80701e-05 0.000427506 0.000704934 -0.00023352 2.80701e-05 -0.00023352 0.000316072)
(0.00100575 0.000427554 0.000548448 0.000427554 0.00101059 0.000272327 0.000548448 0.000272327 0.000739397)
(0.000486349 -2.97297e-05 2.97613e-05 -2.97297e-05 0.000721842 5.08409e-06 2.97613e-05 5.08409e-06 0.000889293)
(0.000482789 0.000519844 0.000347389 0.000519844 0.00272926 0.000636716 0.000347389 0.000636716 0.000890408)
(0.00136654 0.000484818 -0.000169962 0.000484818 0.00112725 -0.00014481 -0.000169962 -0.00014481 0.0026775)
(0.00300934 -0.000372256 -0.000740481 -0.000372256 0.00285034 -0.00130782 -0.000740481 -0.00130782 0.0040076)
(0.00174962 0.000116349 -0.00030843 0.000116349 0.00171463 -0.000753933 -0.00030843 -0.000753933 0.00185485)
(0.00120876 1.21677e-05 0.000217233 1.21677e-05 0.00189794 -0.000537358 0.000217233 -0.000537358 0.000864939)
(0.000926128 0.000132556 0.000341516 0.000132556 0.00422081 -0.000802775 0.000341516 -0.000802775 0.00130154)
(0.000867506 0.000187656 0.00025462 0.000187656 0.00341434 -0.00107331 0.00025462 -0.00107331 0.00111646)
(0.00127336 7.93273e-05 0.000827691 7.93273e-05 0.000522017 3.76813e-06 0.000827691 3.76813e-06 0.00162571)
(0.0022529 0.000995504 0.00126515 0.000995504 0.00167412 0.000753957 0.00126515 0.000753957 0.00266491)
(0.000893603 0.000329434 3.74094e-05 0.000329434 0.00132735 -0.000422867 3.74094e-05 -0.000422867 0.000544466)
(0.000796063 0.000127609 -0.000238428 0.000127609 0.000683871 -0.000216316 -0.000238428 -0.000216316 0.00216811)
(0.00446264 0.00218024 0.00198933 0.00218024 0.0053528 0.000901797 0.00198933 0.000901797 0.00265745)
(0.00361235 0.00134413 0.00165384 0.00134413 0.00148057 0.000565474 0.00165384 0.000565474 0.00304161)
(0.00285487 -0.000261792 -3.47849e-06 -0.000261792 0.00538355 0.0014823 -3.47849e-06 0.0014823 0.00280757)
(0.00370957 0.000739559 0.00151537 0.000739559 0.00298502 0.00111255 0.00151537 0.00111255 0.00687157)
(0.00436909 -0.00089459 0.00189244 -0.00089459 0.00194992 -0.00191902 0.00189244 -0.00191902 0.00924575)
(0.00208967 -0.000974538 0.000812573 -0.000974538 0.00135457 -0.000527374 0.000812573 -0.000527374 0.0085327)
(0.000906221 -0.000546945 -0.000704514 -0.000546945 0.000382224 0.000614548 -0.000704514 0.000614548 0.00257945)
(0.000371284 -0.000125971 0.00010478 -0.000125971 0.000104435 -6.71716e-05 0.00010478 -6.71716e-05 0.000116114)
(0.000352049 3.10624e-05 0.000106643 3.10624e-05 0.000345088 6.90799e-05 0.000106643 6.90799e-05 8.75771e-05)
(0.00327815 -0.000207055 0.00174836 -0.000207055 0.0011578 -0.00013809 0.00174836 -0.00013809 0.00203278)
(0.00515984 0.00155118 0.0010418 0.00155118 0.00280151 2.74526e-05 0.0010418 2.74526e-05 0.00284001)
(0.00202806 0.00053574 0.000155212 0.00053574 0.00149902 9.88999e-05 0.000155212 9.88999e-05 0.00134963)
(0.000999411 -0.000352982 -0.00131834 -0.000352982 0.000612461 0.000639913 -0.00131834 0.000639913 0.00348412)
(0.00145871 -0.000261761 -0.000802927 -0.000261761 0.000787168 -0.00015623 -0.000802927 -0.00015623 0.00503516)
(0.000337943 -4.04352e-05 3.26345e-05 -4.04352e-05 0.000465818 0.000103022 3.26345e-05 0.000103022 0.000822381)
(0.00116914 -0.000104071 0.000368303 -0.000104071 0.00131731 -0.000555545 0.000368303 -0.000555545 0.00114134)
(0.000833824 -0.00068426 0.000237012 -0.00068426 0.00287233 3.38238e-05 0.000237012 3.38238e-05 0.000714923)
(0.00326714 -0.00155435 -0.000858573 -0.00155435 0.00656872 0.0022018 -0.000858573 0.0022018 0.00409918)
(0.00253818 -0.00115088 -0.00104373 -0.00115088 0.00590797 0.00209576 -0.00104373 0.00209576 0.00427728)
(0.000657631 -6.97253e-05 -0.000126335 -6.97253e-05 0.00195245 0.000568947 -0.000126335 0.000568947 0.00117727)
(0.000490923 -5.85224e-05 0.000216609 -5.85224e-05 0.00133763 -7.54828e-05 0.000216609 -7.54828e-05 0.000216307)
(0.000378564 -3.66718e-05 9.70243e-05 -3.66718e-05 0.000480472 9.10275e-06 9.70243e-05 9.10275e-06 0.000216458)
(0.000489403 0.000387399 5.50207e-05 0.000387399 0.00375454 -0.000324443 5.50207e-05 -0.000324443 0.000880392)
(0.000337897 0.000167321 5.76861e-05 0.000167321 0.000597415 -8.1677e-05 5.76861e-05 -8.1677e-05 0.00038006)
(0.00223012 -0.00174982 0.000113237 -0.00174982 0.00829866 -0.00117995 0.000113237 -0.00117995 0.00191346)
(0.00179422 -0.00125684 0.000127411 -0.00125684 0.00755823 -0.00246217 0.000127411 -0.00246217 0.0028431)
(0.00148867 0.000492838 0.000520917 0.000492838 0.00468183 -0.00170154 0.000520917 -0.00170154 0.00287829)
(0.00131992 0.000231932 0.000836894 0.000231932 0.00109502 0.000658172 0.000836894 0.000658172 0.00165143)
(0.00297537 0.00167029 0.00111093 0.00167029 0.00478212 0.00155554 0.00111093 0.00155554 0.00255203)
(0.00212728 0.000472886 -0.00024756 0.000472886 0.00289037 0.00187391 -0.00024756 0.00187391 0.00421164)
(0.00320375 0.000721644 -0.000719645 0.000721644 0.00111229 0.000169548 -0.000719645 0.000169548 0.00468734)
(0.00173962 0.000490481 9.77637e-05 0.000490481 0.00111956 -0.000663508 9.77637e-05 -0.000663508 0.00259828)
(0.00155402 0.000279872 0.000466995 0.000279872 0.00109782 3.11416e-05 0.000466995 3.11416e-05 0.00149463)
(0.000990339 0.000373277 0.000188192 0.000373277 0.00123011 0.000320752 0.000188192 0.000320752 0.000781738)
(0.000916569 0.00010951 0.000484148 0.00010951 0.00089771 0.000228917 0.000484148 0.000228917 0.000779955)
