/*--------------------------------*- C++ -*----------------------------------*\
  =========                 |
  \\      /  F ield         | OpenFOAM: The Open Source CFD Toolbox
   \\    /   O peration     | Website:  https://openfoam.org
    \\  /    A nd           | Version:  10
     \\/     M anipulation  |
\*---------------------------------------------------------------------------*/
FoamFile
{
    format      ascii;
    class       volTensorField;
    location    "20";
    object      TauNN;
}
// * * * * * * * * * * * * * * * * * * * * * * * * * * * * * * * * * * * * * //

dimensions      [0 2 -2 0 0 0 0];

internalField   nonuniform List<tensor> 
25600
(
(-0.00102475 -0.00223612 0.00513277 -0.00223612 0.00926779 -0.00129668 0.00513277 -0.00129668 0.0077191)
(-0.000720845 -0.00320079 0.00606309 -0.00320079 0.0100095 -0.00186486 0.00606309 -0.00186486 0.00909855)
(0.00148655 -0.00361001 0.00574055 -0.00361001 0.00978118 -0.00160512 0.00574055 -0.00160512 0.0101626)
(0.00180413 -0.0030877 0.00546508 -0.0030877 0.009451 -0.00206823 0.00546508 -0.00206823 0.0091528)
(0.00166262 -0.00348068 0.00575285 -0.00348068 0.00985883 -0.00194835 0.00575285 -0.00194835 0.00965897)
(0.00290507 -0.00334808 0.00565643 -0.00334808 0.00981899 -0.0018229 0.00565643 -0.0018229 0.0102214)
(0.00199097 -0.00252142 0.00463 -0.00252142 0.00807538 -0.00286903 0.00463 -0.00286903 0.0060821)
(-0.00016599 -0.00215344 0.00469074 -0.00215344 0.00822774 -0.00226813 0.00469074 -0.00226813 0.00698087)
(-0.00128896 -0.00302146 0.00641704 -0.00302146 0.00996494 -0.00218933 0.00641704 -0.00218933 0.00826517)
(0.000187989 -0.00312548 0.00532701 -0.00312548 0.00923025 -0.00243563 0.00532701 -0.00243563 0.00809356)
(0.000887629 -0.00232124 0.00470142 -0.00232124 0.00812144 -0.00260333 0.00470142 -0.00260333 0.00653037)
(0.00550289 -0.00264265 0.0018811 -0.00264265 0.00629135 -0.00313216 0.0018811 -0.00313216 0.00510014)
(-0.000715405 -0.00111781 0.00433065 -0.00111781 0.00943259 -0.0011249 0.00433065 -0.0011249 0.00647379)
(-0.000423966 -0.00271005 0.0058048 -0.00271005 0.0100027 -0.00188094 0.0058048 -0.00188094 0.00847136)
(-0.000428779 -0.003299 0.00553187 -0.003299 0.00927488 -0.00194815 0.00553187 -0.00194815 0.00872294)
(-0.00131689 -0.00247889 0.00512672 -0.00247889 0.00880092 -0.00188342 0.00512672 -0.00188342 0.00793206)
(-0.00183691 -0.00290089 0.00587416 -0.00290089 0.00963681 -0.00169529 0.00587416 -0.00169529 0.00821972)
(-0.000132892 -0.00272143 0.00501873 -0.00272143 0.00868839 -0.00251224 0.00501873 -0.00251224 0.00735695)
(0.0139324 -0.00134701 -0.00207919 -0.00134701 0.0055446 -0.00357879 -0.00207919 -0.00357879 0.00544025)
(-0.00061169 -0.00225574 0.00488493 -0.00225574 0.00882857 -0.00181247 0.00488493 -0.00181247 0.00748879)
(-0.000791304 -0.00205703 0.00549228 -0.00205703 0.00938243 -0.00168718 0.00549228 -0.00168718 0.00681682)
(-0.00161961 -0.00284117 0.00614924 -0.00284117 0.00980504 -0.00199004 0.00614924 -0.00199004 0.00806971)
(-0.000116533 -0.0028244 0.00511408 -0.0028244 0.00894283 -0.00252309 0.00511408 -0.00252309 0.00760477)
(0.00168532 -0.00285958 0.00353599 -0.00285958 0.00752723 -0.00299821 0.00353599 -0.00299821 0.00578218)
(-0.000869424 -0.00244773 0.00498912 -0.00244773 0.00870455 -0.00230777 0.00498912 -0.00230777 0.00740082)
(0.00384928 -0.00276483 0.0031623 -0.00276483 0.00666961 -0.00313798 0.0031623 -0.00313798 0.00512696)
(0.00396228 -0.00171655 0.00283258 -0.00171655 0.00652487 -0.00267711 0.00283258 -0.00267711 0.0050303)
(-0.00115753 -0.00338273 0.0059093 -0.00338273 0.00965238 -0.00189559 0.0059093 -0.00189559 0.00863228)
(-0.000522771 -0.00323207 0.00548581 -0.00323207 0.00923899 -0.00223624 0.00548581 -0.00223624 0.00819623)
(-0.00162663 -0.0029507 0.00602352 -0.0029507 0.00955825 -0.00187622 0.00602352 -0.00187622 0.00799684)
(-4.54876e-05 -0.0028069 0.00506617 -0.0028069 0.00890773 -0.00252442 0.00506617 -0.00252442 0.0075702)
(0.00469812 -0.0028689 0.00280197 -0.0028689 0.00646599 -0.00317729 0.00280197 -0.00317729 0.00513532)
(-0.00105162 -0.00243571 0.00500822 -0.00243571 0.0086918 -0.00204998 0.00500822 -0.00204998 0.00763955)
(0.00193922 -0.00202654 0.00391117 -0.00202654 0.00739436 -0.00274811 0.00391117 -0.00274811 0.00550547)
(-0.0011815 -0.00229672 0.00500706 -0.00229672 0.00886113 -0.00134224 0.00500706 -0.00134224 0.00818057)
(0.00035085 -0.00315964 0.00538787 -0.00315964 0.00939099 -0.00216303 0.00538787 -0.00216303 0.00861182)
(9.91334e-05 -0.00272395 0.00483705 -0.00272395 0.0087361 -0.0027184 0.00483705 -0.0027184 0.0070237)
(0.000785419 -0.00243131 0.00466168 -0.00243131 0.00832306 -0.00275072 0.00466168 -0.00275072 0.00641948)
(0.00480749 -0.00307245 0.00301386 -0.00307245 0.00624314 -0.00328822 0.00301386 -0.00328822 0.00522929)
(-0.000538967 -0.00221887 0.00477323 -0.00221887 0.0083704 -0.00227892 0.00477323 -0.00227892 0.00710983)
(0.0106215 0.00104851 0.00504792 0.00104851 0.00734265 0.000380638 0.00504792 0.000380638 0.00996781)
(0.00794024 -0.000558433 0.00477869 -0.000558433 0.00861684 -0.000756487 0.00477869 -0.000756487 0.00680496)
(0.00831454 -0.00147081 0.00496875 -0.00147081 0.00867354 -0.000698194 0.00496875 -0.000698194 0.00836258)
(0.00439878 -0.00252976 0.00562231 -0.00252976 0.00864365 -0.00117354 0.00562231 -0.00117354 0.00957059)
(0.000647117 -0.00331142 0.00527869 -0.00331142 0.00994185 -0.00245447 0.00527869 -0.00245447 0.00805021)
(0.000149644 -0.00305606 0.00634372 -0.00305606 0.0101488 -0.00272297 0.00634372 -0.00272297 0.00814099)
(0.0100151 -0.00331334 0.00173681 -0.00331334 0.00944396 -0.00328642 0.00173681 -0.00328642 0.00518703)
(0.00404586 -0.000305467 0.00748183 -0.000305467 0.00787328 -0.00273603 0.00748183 -0.00273603 0.00860505)
(0.00177819 -0.00147177 0.00539747 -0.00147177 0.00916749 -0.00182401 0.00539747 -0.00182401 0.00633508)
(0.00305238 -0.000538983 0.00519651 -0.000538983 0.00794208 -0.00300723 0.00519651 -0.00300723 0.00601921)
(0.000959479 -0.00183975 0.00559685 -0.00183975 0.00875485 -0.00264639 0.00559685 -0.00264639 0.0076365)
(0.00627731 -0.000910668 0.00356385 -0.000910668 0.00620024 -0.00303932 0.00356385 -0.00303932 0.0083446)
(0.0115068 0.00138268 0.00419307 0.00138268 0.00840351 -0.000712185 0.00419307 -0.000712185 0.00474636)
(0.00524679 -0.000964211 0.00292687 -0.000964211 0.00930974 -0.000551803 0.00292687 -0.000551803 0.00673403)
(0.00187873 -0.00311967 0.00616309 -0.00311967 0.00938336 -0.00230648 0.00616309 -0.00230648 0.00860664)
(-0.00171893 -0.00169566 0.00550404 -0.00169566 0.00901085 -0.00235678 0.00550404 -0.00235678 0.00814)
(0.000939555 -0.000647462 0.00465984 -0.000647462 0.00895988 -0.00152663 0.00465984 -0.00152663 0.00620658)
(0.00216148 -0.000776001 0.00505027 -0.000776001 0.00788174 -0.00293054 0.00505027 -0.00293054 0.00588242)
(0.00568272 0.0011088 0.00434147 0.0011088 0.00411999 -0.00366804 0.00434147 -0.00366804 0.00593153)
(0.00874937 0.00314552 0.00530898 0.00314552 0.00597429 -0.000997928 0.00530898 -0.000997928 0.00455959)
(0.00587564 0.00112653 0.00423542 0.00112653 0.00768039 -0.00123842 0.00423542 -0.00123842 0.00385545)
(0.00517936 0.00106934 0.0042789 0.00106934 0.00760314 -0.00154846 0.0042789 -0.00154846 0.00400277)
(0.00161672 -0.00139001 0.00586975 -0.00139001 0.00850207 -0.00274279 0.00586975 -0.00274279 0.00722042)
(0.00566362 0.0012734 0.00468293 0.0012734 0.00324057 -0.00334544 0.00468293 -0.00334544 0.00564378)
(0.001852 0.000348306 0.00607148 0.000348306 0.00800758 -0.00214545 0.00607148 -0.00214545 0.00640735)
(0.00657274 0.000211269 0.00326065 0.000211269 0.00423278 -0.00459817 0.00326065 -0.00459817 0.00695542)
(0.00414736 -0.000993447 0.00663913 -0.000993447 0.00857833 -0.00262213 0.00663913 -0.00262213 0.00951508)
(0.00310057 0.000165491 0.0054621 0.000165491 0.00802378 -0.00163502 0.0054621 -0.00163502 0.00534108)
(0.00451637 0.0013931 0.00523385 0.0013931 0.00508532 -0.00240949 0.00523385 -0.00240949 0.00488662)
(0.00510669 0.00168782 0.0056963 0.00168782 0.00676749 -0.00175909 0.0056963 -0.00175909 0.00501968)
(0.0038877 0.000987838 0.00478317 0.000987838 0.00473764 -0.00301023 0.00478317 -0.00301023 0.0053224)
(0.00372479 0.000840358 0.00440912 0.000840358 0.00426232 -0.0037614 0.00440912 -0.0037614 0.00606425)
(0.0031748 0.00142255 0.0052132 0.00142255 0.00754521 -0.00161058 0.0052132 -0.00161058 0.00517039)
(0.00471087 -0.00179883 0.00554802 -0.00179883 0.00840826 -0.00284841 0.00554802 -0.00284841 0.0086059)
(0.00403055 -0.00056751 0.00512353 -0.00056751 0.009014 -0.00190604 0.00512353 -0.00190604 0.00801114)
(0.000775195 -0.00204013 0.00539844 -0.00204013 0.00967175 -0.00204659 0.00539844 -0.00204659 0.00737835)
(0.00593773 -0.000292795 0.00350996 -0.000292795 0.00654067 -0.00397193 0.00350996 -0.00397193 0.00605207)
(0.00457762 -0.00423019 0.00240273 -0.00423019 0.0089833 -0.00301308 0.00240273 -0.00301308 0.00620337)
(0.0175817 -0.00200562 -0.000255895 -0.00200562 0.00621564 -0.0019864 -0.000255895 -0.0019864 0.0109383)
(0.00408446 -0.000418383 0.00748796 -0.000418383 0.00806254 -0.00267507 0.00748796 -0.00267507 0.00925481)
(0.00717237 0.00255951 0.00341617 0.00255951 0.00413302 0.00222065 0.00341617 0.00222065 0.00373379)
(0.00891218 -0.00518268 -0.00364045 -0.00518268 0.0117367 0.000263712 -0.00364045 0.000263712 0.0111846)
(0.0160486 -0.00400949 0.000594942 -0.00400949 0.00689056 0.00328697 0.000594942 0.00328697 0.00769461)
(0.0115587 -0.00270363 0.0045861 -0.00270363 0.00868146 -0.000332506 0.0045861 -0.000332506 0.00959177)
(0.00483138 -0.00592263 0.00306997 -0.00592263 0.010044 -0.00353772 0.00306997 -0.00353772 0.00622588)
(0.011214 -0.00269679 0.00220173 -0.00269679 0.00950599 0.000191785 0.00220173 0.000191785 0.0062103)
(0.0140583 -0.000196641 0.00521174 -0.000196641 0.00708433 -0.000466031 0.00521174 -0.000466031 0.0104254)
(0.00796101 -0.00287093 0.00492828 -0.00287093 0.00953862 -0.000984104 0.00492828 -0.000984104 0.00579554)
(0.0102738 -0.000714143 0.00470614 -0.000714143 0.00861527 -0.000983892 0.00470614 -0.000983892 0.00697844)
(0.0106388 -0.00503102 0.00253779 -0.00503102 0.00982723 -0.00331053 0.00253779 -0.00331053 0.00508753)
(0.0077542 -0.00187797 0.00449225 -0.00187797 0.0100726 -0.00251668 0.00449225 -0.00251668 0.00517763)
(0.00128155 -0.0026569 0.00446029 -0.0026569 0.00892757 -0.00246692 0.00446029 -0.00246692 0.00474983)
(0.0131756 -0.00133336 0.00353468 -0.00133336 0.00898605 0.000640155 0.00353468 0.000640155 0.00458311)
(0.0129017 0.00236725 0.00362732 0.00236725 0.00504012 0.00376433 0.00362732 0.00376433 0.00867673)
(0.0143539 -0.00504967 0.00563197 -0.00504967 0.0108798 -0.00236574 0.00563197 -0.00236574 0.0100283)
(0.00460806 -0.00321533 0.005414 -0.00321533 0.00989223 -0.00133649 0.005414 -0.00133649 0.00853817)
(0.0132854 -0.00349672 0.0042392 -0.00349672 0.0103319 -0.000550897 0.0042392 -0.000550897 0.00769088)
(0.00602282 -0.00308301 0.00464492 -0.00308301 0.0102621 -0.00333583 0.00464492 -0.00333583 0.00656688)
(0.00173666 -0.00210632 0.00476479 -0.00210632 0.00961222 -0.00229104 0.00476479 -0.00229104 0.00611601)
(0.0120908 -0.000748728 0.00229676 -0.000748728 0.00941837 -0.000147476 0.00229676 -0.000147476 0.00256234)
(0.0147061 -0.00251846 0.00364183 -0.00251846 0.0103215 -0.000863224 0.00364183 -0.000863224 0.00483533)
(0.0172431 -0.00367806 0.00274454 -0.00367806 0.0099157 -0.000694208 0.00274454 -0.000694208 0.00482359)
(0.0127498 -0.00306551 0.00253853 -0.00306551 0.00964921 -0.00391325 0.00253853 -0.00391325 0.00513112)
(0.00419912 -0.00102851 0.00390633 -0.00102851 0.00908566 -0.00193739 0.00390633 -0.00193739 0.00398881)
(0.0102212 -0.00219537 0.00369801 -0.00219537 0.0100457 -0.00211055 0.00369801 -0.00211055 0.00419161)
(0.00915293 -0.000287159 0.00240424 -0.000287159 0.00616759 -0.00393009 0.00240424 -0.00393009 0.00561781)
(0.00271884 -0.00151753 0.00412364 -0.00151753 0.00919877 -0.000944257 0.00412364 -0.000944257 0.00420096)
(0.0161829 -0.00210073 0.00343237 -0.00210073 0.0101222 -0.00123489 0.00343237 -0.00123489 0.00291391)
(0.0117796 0.000102853 0.00412952 0.000102853 0.00878129 -0.00182475 0.00412952 -0.00182475 0.00364973)
(0.0143662 -0.00208374 0.00333602 -0.00208374 0.00986216 -0.00191556 0.00333602 -0.00191556 0.00413181)
(0.0130897 -0.00123142 0.00346637 -0.00123142 0.00868156 -0.00401409 0.00346637 -0.00401409 0.00596909)
(0.00286536 -0.00187244 0.00406617 -0.00187244 0.00877869 -0.00281566 0.00406617 -0.00281566 0.0047481)
(0.0145366 -0.00302137 0.00366034 -0.00302137 0.0102329 -0.000581403 0.00366034 -0.000581403 0.00615873)
(0.0103405 -0.000553766 0.00373011 -0.000553766 0.0082527 -0.00113265 0.00373011 -0.00113265 0.00572468)
(0.0128828 0.00116709 0.00446643 0.00116709 0.00766373 0.000621935 0.00446643 0.000621935 0.00593331)
(0.0106444 -0.00497352 0.00364352 -0.00497352 0.0102555 -0.00245857 0.00364352 -0.00245857 0.00551971)
(0.00830865 -0.00656904 0.00216872 -0.00656904 0.010665 -0.00417126 0.00216872 -0.00417126 0.00554124)
(0.00887226 -0.00436625 0.00343172 -0.00436625 0.00775865 -0.00284117 0.00343172 -0.00284117 0.00666843)
(0.0112468 -0.00179811 -0.00108039 -0.00179811 0.00525949 0.0016883 -0.00108039 0.0016883 0.00759012)
(0.00372008 -0.00313701 0.00518058 -0.00313701 0.00984302 -0.00138887 0.00518058 -0.00138887 0.00613965)
(0.00600273 -0.0014148 0.00493121 -0.0014148 0.00918965 -0.002308 0.00493121 -0.002308 0.0093877)
(0.0150148 0.00230433 0.00190096 0.00230433 0.00647371 0.00243847 0.00190096 0.00243847 0.00639235)
(0.00929779 0.00100996 0.00299031 0.00100996 0.00958923 -0.00157294 0.00299031 -0.00157294 0.00438441)
(0.0107839 0.000788594 0.00097687 0.000788594 0.00929442 -0.00188215 0.00097687 -0.00188215 0.00580674)
(0.0160622 -0.0015638 0.00259848 -0.0015638 0.00759202 -0.00241271 0.00259848 -0.00241271 0.00842813)
(0.0206532 -0.00510194 0.000241354 -0.00510194 0.0105311 -0.000869731 0.000241354 -0.000869731 0.00978423)
(0.0175092 -0.00102446 0.00458218 -0.00102446 0.00809356 0.000285484 0.00458218 0.000285484 0.0111099)
(0.008747 -0.00397644 0.000294486 -0.00397644 0.00934003 -0.00312835 0.000294486 -0.00312835 0.00757623)
(0.0140495 -0.00196947 -0.00137849 -0.00196947 0.00781913 -0.00225821 -0.00137849 -0.00225821 0.00370126)
(0.0114876 -0.00144031 -0.000377082 -0.00144031 0.00612217 -0.00203524 -0.000377082 -0.00203524 0.00432848)
(0.0201504 -0.00140473 0.00392251 -0.00140473 0.00803944 -0.00148096 0.00392251 -0.00148096 0.0112269)
(0.0034035 -0.00253525 0.00487618 -0.00253525 0.00899623 -0.00279891 0.00487618 -0.00279891 0.00770128)
(0.0135647 -0.00146622 0.00303367 -0.00146622 0.00902549 -0.000426534 0.00303367 -0.000426534 0.00626871)
(0.014834 0.000120517 0.0018689 0.000120517 0.0108871 -0.00196854 0.0018689 -0.00196854 0.00726156)
(0.0138763 -0.00517312 0.000254521 -0.00517312 0.00888416 -0.00335569 0.000254521 -0.00335569 0.00462979)
(0.0130886 -0.0051167 0.00063869 -0.0051167 0.010036 -0.00249372 0.00063869 -0.00249372 0.00746421)
(0.0152556 -0.0010017 0.000945069 -0.0010017 0.00857267 -0.00131869 0.000945069 -0.00131869 0.0079267)
(0.0179841 -0.00386795 0.00130317 -0.00386795 0.00779271 -0.00264158 0.00130317 -0.00264158 0.00647977)
(0.00567911 -0.00192651 0.00453416 -0.00192651 0.00944917 -0.00227924 0.00453416 -0.00227924 0.00703134)
(0.0164733 0.000527082 0.00476103 0.000527082 0.00806715 -0.000367937 0.00476103 -0.000367937 0.00530057)
(0.0221752 -0.00106769 0.0022009 -0.00106769 0.00852226 0.000735677 0.0022009 0.000735677 0.00725749)
(0.0162042 -0.000470906 0.00172181 -0.000470906 0.00788027 0.000952921 0.00172181 0.000952921 0.00783616)
(0.0143173 -0.00218318 0.00169037 -0.00218318 0.00738822 -0.00160268 0.00169037 -0.00160268 0.00967512)
(0.0154453 0.000189262 0.00610459 0.000189262 0.00828628 -0.00143514 0.00610459 -0.00143514 0.00908238)
(0.019954 0.00119314 0.00513464 0.00119314 0.00775054 -0.00155857 0.00513464 -0.00155857 0.0085027)
(0.00732582 0.00103904 -0.00174654 0.00103904 0.00705117 -0.000648158 -0.00174654 -0.000648158 0.0118949)
(0.00574216 -0.000836368 0.00637313 -0.000836368 0.00877673 -0.00224452 0.00637313 -0.00224452 0.00887137)
(0.010809 0.000154021 0.0019056 0.000154021 0.00941489 -0.0017976 0.0019056 -0.0017976 0.00767686)
(0.00948999 -0.000135772 -0.00287689 -0.000135772 0.00590081 0.00272575 -0.00287689 0.00272575 0.00652811)
(0.0169328 0.000419931 0.00616074 0.000419931 0.00826237 -0.00144375 0.00616074 -0.00144375 0.00803618)
(0.0179056 -0.00429775 0.000161058 -0.00429775 0.00786204 -0.00252726 0.000161058 -0.00252726 0.00702877)
(0.0133165 -0.00398463 -0.0010935 -0.00398463 0.00930948 -0.00264445 -0.0010935 -0.00264445 0.00695773)
(0.0175061 -0.00146533 -0.00102167 -0.00146533 0.00770084 0.00241346 -0.00102167 0.00241346 0.00899481)
(0.0100995 -0.00150279 -0.00033938 -0.00150279 0.00648678 -0.00213155 -0.00033938 -0.00213155 0.00406218)
(0.0119976 -0.00167845 0.00282632 -0.00167845 0.00914027 -0.000888863 0.00282632 -0.000888863 0.00817957)
(0.013622 -0.00345085 0.00190235 -0.00345085 0.00877468 -0.00243353 0.00190235 -0.00243353 0.00769022)
(0.012422 -0.0011746 0.00360139 -0.0011746 0.0084902 -0.00304197 0.00360139 -0.00304197 0.00650151)
(0.0207662 -0.00435596 0.000155134 -0.00435596 0.00873786 -0.00240473 0.000155134 -0.00240473 0.00726005)
(0.00653006 -0.00180984 -0.000493663 -0.00180984 0.00294542 -7.64048e-05 -0.000493663 -7.64048e-05 0.0121462)
(0.0124218 -0.00334513 0.00242798 -0.00334513 0.00956657 -0.00246182 0.00242798 -0.00246182 0.00834072)
(0.0136059 0.00227173 0.00211252 0.00227173 0.00686148 -0.00146875 0.00211252 -0.00146875 0.00514507)
(0.0144715 -0.00213114 0.00453081 -0.00213114 0.00978541 -0.000815079 0.00453081 -0.000815079 0.00505442)
(0.0051336 -0.00266466 0.000179125 -0.00266466 0.0102 -0.000886231 0.000179125 -0.000886231 0.00348047)
(0.0112221 -0.000839914 0.00125145 -0.000839914 0.0104826 -0.0015993 0.00125145 -0.0015993 0.00703434)
(0.00386858 0.0007006 2.00374e-05 0.0007006 0.00500466 0.000679867 2.00374e-05 0.000679867 0.0035488)
(0.00773741 -0.000946848 0.00135351 -0.000946848 0.00677183 0.00177097 0.00135351 0.00177097 0.00590602)
(0.0266327 -0.00309859 0.00126412 -0.00309859 0.00821625 -0.00395357 0.00126412 -0.00395357 0.00761281)
(0.0111417 -0.0027852 0.0043351 -0.0027852 0.00974525 -0.00117307 0.0043351 -0.00117307 0.0056052)
(0.00700552 -0.00469471 -0.00272621 -0.00469471 0.0110533 -0.00185369 -0.00272621 -0.00185369 0.00832494)
(0.00621752 -0.00212874 0.00100327 -0.00212874 0.00772729 -0.00104988 0.00100327 -0.00104988 0.00292215)
(0.0135137 -0.0029815 0.00105621 -0.0029815 0.0105632 0.000514111 0.00105621 0.000514111 0.00789531)
(0.00653101 -0.00294188 0.00318532 -0.00294188 0.00904736 -0.00225557 0.00318532 -0.00225557 0.00632415)
(0.0146766 -3.18512e-06 0.0041522 -3.18512e-06 0.00817398 0.000622669 0.0041522 0.000622669 0.0078179)
(0.0142977 -0.00117108 0.00127138 -0.00117108 0.0111796 -0.000933676 0.00127138 -0.000933676 0.00636607)
(0.00995842 -0.00266882 0.00195339 -0.00266882 0.00789937 -0.00163099 0.00195339 -0.00163099 0.00476534)
(0.0086354 -0.00430634 0.00452808 -0.00430634 0.010224 -0.0023801 0.00452808 -0.0023801 0.00747502)
(0.0122782 0.00189483 0.00270298 0.00189483 0.00697546 -0.000803199 0.00270298 -0.000803199 0.00609375)
(0.0131362 -0.00049708 0.000140402 -0.00049708 0.00813119 -0.00221342 0.000140402 -0.00221342 0.00760808)
(0.0144947 -0.00232444 0.00326932 -0.00232444 0.00971003 -0.00257501 0.00326932 -0.00257501 0.00505497)
(0.0206521 -0.00281291 0.00272701 -0.00281291 0.00963516 0.000870405 0.00272701 0.000870405 0.00655866)
(0.0159102 -0.00174954 -0.000662288 -0.00174954 0.00779114 0.00294049 -0.000662288 0.00294049 0.00730519)
(0.0182999 -0.00239648 0.0013916 -0.00239648 0.00854937 0.000469347 0.0013916 0.000469347 0.00542828)
(0.00586115 -0.00168001 0.000894574 -0.00168001 0.00676288 -0.00249751 0.000894574 -0.00249751 0.00389065)
(0.015315 -0.00201883 0.00192197 -0.00201883 0.00923895 0.000423564 0.00192197 0.000423564 0.00382523)
(0.019039 -0.000210767 0.00289602 -0.000210767 0.00865403 -0.00139233 0.00289602 -0.00139233 0.0045367)
(0.00381419 -0.00204886 0.000524456 -0.00204886 0.00452437 -0.00272646 0.000524456 -0.00272646 0.00623498)
(0.00813047 -0.00191019 0.004034 -0.00191019 0.00957771 -0.00133281 0.004034 -0.00133281 0.00388725)
(0.0190215 -0.002334 0.0018051 -0.002334 0.00941133 -0.000826785 0.0018051 -0.000826785 0.00446123)
(0.00903497 -0.000186223 0.000264088 -0.000186223 0.006771 0.00107976 0.000264088 0.00107976 0.00307654)
(0.0165053 -0.00179206 0.00332079 -0.00179206 0.00932459 -0.00160046 0.00332079 -0.00160046 0.00479575)
(0.014809 -0.00448347 0.00371023 -0.00448347 0.00973514 -0.00302027 0.00371023 -0.00302027 0.00604304)
(0.0148265 -0.00220174 0.00155815 -0.00220174 0.00958959 -0.00319005 0.00155815 -0.00319005 0.00468356)
(0.0150284 -0.00044443 0.00235614 -0.00044443 0.00738554 0.00196237 0.00235614 0.00196237 0.00721542)
(0.0149736 -0.0004608 0.00188414 -0.0004608 0.00883745 -0.000185372 0.00188414 -0.000185372 0.00340132)
(0.0202708 0.000597047 0.00287026 0.000597047 0.00871061 -0.000115647 0.00287026 -0.000115647 0.00197185)
(0.00286303 -0.00241431 0.00235997 -0.00241431 0.00707445 -0.00168382 0.00235997 -0.00168382 0.00496899)
(0.00947578 -0.00518553 0.00422259 -0.00518553 0.0105285 -0.00341095 0.00422259 -0.00341095 0.00626342)
(0.0165644 -0.00346475 0.00209259 -0.00346475 0.00941763 -0.00394151 0.00209259 -0.00394151 0.00535035)
(0.00486997 -0.00323808 0.00182902 -0.00323808 0.00731316 -0.0038948 0.00182902 -0.0038948 0.00530658)
(0.0137486 -0.00451971 -0.000543031 -0.00451971 0.0119916 0.000984324 -0.000543031 0.000984324 0.00862097)
(0.0158033 0.00141611 -0.000238275 0.00141611 0.00727373 -0.00259497 -0.000238275 -0.00259497 0.0056433)
(0.0139214 -0.00321805 0.00194625 -0.00321805 0.0098929 -0.00165747 0.00194625 -0.00165747 0.00413856)
(0.00576584 -0.000561912 0.000875296 -0.000561912 0.00610315 0.000805816 0.000875296 0.000805816 0.0026068)
(0.0119292 0.00136107 0.000778222 0.00136107 0.00568017 0.00109575 0.000778222 0.00109575 0.00587843)
(0.0139213 -0.00412771 0.000168031 -0.00412771 0.0105842 -0.000363257 0.000168031 -0.000363257 0.00887166)
(0.0116246 -0.00329163 0.00126438 -0.00329163 0.00773477 -0.0027169 0.00126438 -0.0027169 0.00766012)
(0.0178174 -0.00164042 0.00316651 -0.00164042 0.0081889 -0.00393474 0.00316651 -0.00393474 0.00595556)
(0.0147237 -0.00291894 0.000138445 -0.00291894 0.0109962 -0.00167009 0.000138445 -0.00167009 0.00964255)
(0.0106139 -0.00362181 -0.00194994 -0.00362181 0.010496 -0.0025507 -0.00194994 -0.0025507 0.00821378)
(0.00730461 -0.00131208 0.00121556 -0.00131208 0.0049854 -0.00106226 0.00121556 -0.00106226 0.00807429)
(0.00774948 0.00102481 -0.00143634 0.00102481 0.00547883 -0.0015494 -0.00143634 -0.0015494 0.00912101)
(0.0104253 -0.004409 -0.00111106 -0.004409 0.00889835 -0.00308227 -0.00111106 -0.00308227 0.00509591)
(0.0146938 -0.000118307 0.00275317 -0.000118307 0.0080164 4.11486e-05 0.00275317 4.11486e-05 0.00844784)
(0.00937211 -0.000532473 -0.000452325 -0.000532473 0.00667941 -0.00101146 -0.000452325 -0.00101146 0.00285862)
(0.00923823 -0.00195664 0.00189432 -0.00195664 0.00647461 -0.00312672 0.00189432 -0.00312672 0.00516863)
(0.0110617 -0.0053042 0.00267332 -0.0053042 0.0100708 -0.00298651 0.00267332 -0.00298651 0.00695275)
(0.00729896 -0.00279198 0.000891039 -0.00279198 0.00783885 -0.00120796 0.000891039 -0.00120796 0.00475619)
(0.0197869 -0.00121909 0.000470957 -0.00121909 0.00799433 -0.00256247 0.000470957 -0.00256247 0.00661401)
(0.0161176 -0.00436031 0.00264422 -0.00436031 0.00965771 -0.0027072 0.00264422 -0.0027072 0.00664997)
(0.0183015 -0.000860889 -0.00138779 -0.000860889 0.00637292 0.00383467 -0.00138779 0.00383467 0.0102236)
(0.0186552 0.00224075 0.00408875 0.00224075 0.00548915 -0.00184444 0.00408875 -0.00184444 0.0109439)
(0.015448 0.000603645 0.00181107 0.000603645 0.00273013 0.000515277 0.00181107 0.000515277 0.00966967)
(0.0106287 -0.000691677 0.00189793 -0.000691677 0.00795186 -0.00213841 0.00189793 -0.00213841 0.0116604)
(0.0169884 -5.50719e-05 0.000770558 -5.50719e-05 0.0078132 2.68109e-05 0.000770558 2.68109e-05 0.00665891)
(0.0127058 -0.00111241 -0.000130883 -0.00111241 0.00791634 8.12123e-05 -0.000130883 8.12123e-05 0.00312548)
(0.00568365 0.000907185 0.00450474 0.000907185 0.00802571 -0.00197168 0.00450474 -0.00197168 0.00459791)
(0.0118987 -0.0016877 0.00214351 -0.0016877 0.00892353 -0.00165017 0.00214351 -0.00165017 0.00859569)
(0.0190663 -0.00213179 -0.00224045 -0.00213179 0.00773364 -0.0013418 -0.00224045 -0.0013418 0.00202948)
(0.00985986 0.000183485 0.00143637 0.000183485 0.00277557 -0.00114861 0.00143637 -0.00114861 0.00503308)
(0.00903817 -0.000785864 0.000779258 -0.000785864 0.00948765 -0.00220505 0.000779258 -0.00220505 0.00465059)
(0.0194328 -0.00184484 0.00517878 -0.00184484 0.00878122 -0.00234422 0.00517878 -0.00234422 0.00802454)
(0.0172451 -0.0038385 -0.000268999 -0.0038385 0.00924089 -0.00396608 -0.000268999 -0.00396608 0.00505954)
(0.0100815 -0.0034755 0.000553358 -0.0034755 0.00900145 -0.00217398 0.000553358 -0.00217398 0.00507157)
(0.00473682 -1.74223e-05 0.000111318 -1.74223e-05 0.00317771 -9.19728e-05 0.000111318 -9.19728e-05 0.0012751)
(0.00896706 -0.00248492 0.000398183 -0.00248492 0.0113821 -0.00376168 0.000398183 -0.00376168 0.00716114)
(0.0110776 -0.000190085 0.000997853 -0.000190085 0.00797945 -0.0020266 0.000997853 -0.0020266 0.00557814)
(0.0141654 -0.00599746 0.00331837 -0.00599746 0.0105515 -0.00315103 0.00331837 -0.00315103 0.00747954)
(0.0217533 -0.00266118 0.00393522 -0.00266118 0.0086699 -0.00284815 0.00393522 -0.00284815 0.00724633)
(0.0033753 -0.00433494 0.0027618 -0.00433494 0.00890549 -0.00311595 0.0027618 -0.00311595 0.00575525)
(0.0170936 -0.00389713 0.00185584 -0.00389713 0.00953268 -0.00168755 0.00185584 -0.00168755 0.0104247)
(0.0070321 -0.00209282 0.0035823 -0.00209282 0.00933543 -0.00171216 0.0035823 -0.00171216 0.00599089)
(0.00823786 -0.00439443 -0.000627588 -0.00439443 0.0114395 -0.000984953 -0.000627588 -0.000984953 0.00725919)
(0.0066008 -0.00378766 -0.00183087 -0.00378766 0.0112056 -0.00206174 -0.00183087 -0.00206174 0.00764927)
(0.00794047 0.000192856 0.00174474 0.000192856 0.00498105 -0.00176466 0.00174474 -0.00176466 0.00939736)
(0.00238828 0.000697584 -0.00106522 0.000697584 0.00369027 0.00039437 -0.00106522 0.00039437 0.00614337)
(0.00439048 -0.00341645 -0.000296833 -0.00341645 0.00747538 -0.00336383 -0.000296833 -0.00336383 0.0062078)
(0.0178124 -0.00664836 0.000482377 -0.00664836 0.00905167 -0.00352922 0.000482377 -0.00352922 0.00578941)
(0.0159678 -0.00455875 0.0013188 -0.00455875 0.0109359 -0.00059827 0.0013188 -0.00059827 0.00894877)
(0.0169648 0.00115196 0.00431238 0.00115196 0.00685163 -0.000218219 0.00431238 -0.000218219 0.00414043)
(0.00410176 -0.000513006 0.00078634 -0.000513006 0.00600044 -0.00136117 0.00078634 -0.00136117 0.00335704)
(0.0115342 -0.00149908 0.00029636 -0.00149908 0.0073606 -0.00202135 0.00029636 -0.00202135 0.00830752)
(0.00893981 -0.00402027 -0.00121335 -0.00402027 0.00858358 -0.00281782 -0.00121335 -0.00281782 0.00570821)
(0.0109079 -0.000274044 0.00364421 -0.000274044 0.0072369 0.00072851 0.00364421 0.00072851 0.00701456)
(0.0134234 0.00150714 0.00232922 0.00150714 0.00653858 0.00172461 0.00232922 0.00172461 0.00613878)
(0.00118668 -0.000397131 0.00050672 -0.000397131 0.00614422 -0.00133674 0.00050672 -0.00133674 0.0070489)
(0.00644746 -0.00586644 0.000399042 -0.00586644 0.00961704 -0.00404546 0.000399042 -0.00404546 0.00505717)
(0.0113774 0.0001905 0.00144204 0.0001905 0.00736276 0.000637001 0.00144204 0.000637001 0.0036931)
(0.0100678 -0.00433957 0.0023232 -0.00433957 0.00901904 -0.00274223 0.0023232 -0.00274223 0.00677353)
(0.0143414 -0.00226477 0.00182175 -0.00226477 0.00874624 -0.00176837 0.00182175 -0.00176837 0.00740444)
(0.0117232 -0.00295979 -0.000853034 -0.00295979 0.00880589 -0.000142934 -0.000853034 -0.000142934 0.00843231)
(0.0124013 -0.0022409 0.00282297 -0.0022409 0.00901547 -0.00354519 0.00282297 -0.00354519 0.0114889)
(0.0128992 0.00186913 0.00289771 0.00186913 0.00485361 -8.79504e-05 0.00289771 -8.79504e-05 0.00704293)
(0.0122628 -0.00484852 -0.000212253 -0.00484852 0.00664437 -0.00309292 -0.000212253 -0.00309292 0.00716376)
(0.0152809 0.000219192 0.000630673 0.000219192 0.00658434 0.00140803 0.000630673 0.00140803 0.00528613)
(0.00808201 0.000145126 -0.000825925 0.000145126 0.0078871 -0.001219 -0.000825925 -0.001219 0.00480957)
(0.0130485 -0.00348987 0.00391704 -0.00348987 0.0102896 -0.0022524 0.00391704 -0.0022524 0.0063419)
(0.0103549 -0.00357131 0.000952603 -0.00357131 0.0104506 0.00057644 0.000952603 0.00057644 0.00569417)
(0.0137348 -0.00246782 0.0016153 -0.00246782 0.00922252 0.000570281 0.0016153 0.000570281 0.00524424)
(0.0180744 -0.00139443 0.000748465 -0.00139443 0.00855847 0.00151107 0.000748465 0.00151107 0.00433557)
(0.0139236 0.00237596 0.00224233 0.00237596 0.00742613 -0.00101206 0.00224233 -0.00101206 0.00616321)
(0.00899229 -0.00138941 8.3223e-06 -0.00138941 0.0073264 -0.0028664 8.3223e-06 -0.0028664 0.00450079)
(0.0141091 -0.0054467 -0.000749687 -0.0054467 0.00814662 -0.00335533 -0.000749687 -0.00335533 0.00488753)
(0.0133369 -0.00423311 0.00127843 -0.00423311 0.00990055 -0.00420093 0.00127843 -0.00420093 0.00488131)
(0.017558 0.000657073 0.00292073 0.000657073 0.0102214 -0.000405831 0.00292073 -0.000405831 0.0057133)
(0.0162171 -0.0023496 0.00564028 -0.0023496 0.00609549 -0.0015061 0.00564028 -0.0015061 0.00959812)
(0.00926004 0.000161178 0.00406514 0.000161178 0.00740819 -0.000375393 0.00406514 -0.000375393 0.00587454)
(0.0145239 -0.00524032 0.00441647 -0.00524032 0.00995399 -0.00271898 0.00441647 -0.00271898 0.00838108)
(0.0172569 -0.00194112 0.0032065 -0.00194112 0.00883151 -0.00341538 0.0032065 -0.00341538 0.0059526)
(0.0100933 -0.00594851 0.00204695 -0.00594851 0.0104769 -0.00335995 0.00204695 -0.00335995 0.00593629)
(0.0110005 -0.00371697 0.00113898 -0.00371697 0.00852116 -0.00323297 0.00113898 -0.00323297 0.00561824)
(0.00759628 -0.000993847 0.000493722 -0.000993847 0.00705027 -0.00108528 0.000493722 -0.00108528 0.00465925)
(0.00657363 -0.00158579 0.00163676 -0.00158579 0.00920598 -0.00045428 0.00163676 -0.00045428 0.00458543)
(0.012737 -0.00119445 0.000422118 -0.00119445 0.0112542 -0.00188805 0.000422118 -0.00188805 0.00702722)
(0.00342217 -0.000339692 0.00114256 -0.000339692 0.0045301 -0.00344608 0.00114256 -0.00344608 0.00622025)
(0.00152457 -0.00146944 -0.00145654 -0.00146944 0.00378842 0.00234604 -0.00145654 0.00234604 0.0046195)
(0.00438975 -0.00315369 0.00104681 -0.00315369 0.00671539 -0.00346157 0.00104681 -0.00346157 0.00574285)
(0.0252591 -0.00202852 0.00262679 -0.00202852 0.00808287 -0.00326406 0.00262679 -0.00326406 0.00803963)
(0.00822975 -0.00353082 0.000849042 -0.00353082 0.00926687 -0.00229085 0.000849042 -0.00229085 0.00391221)
(0.0139651 -0.000200294 0.00189737 -0.000200294 0.00833369 0.000936665 0.00189737 0.000936665 0.00429997)
(0.00745305 -0.0033027 -0.000433313 -0.0033027 0.00813519 -0.00261969 -0.000433313 -0.00261969 0.00494885)
(0.0058339 -0.000620126 -0.000698748 -0.000620126 0.00560914 -0.00152907 -0.000698748 -0.00152907 0.00385945)
(0.0108955 -0.00389433 -0.00107784 -0.00389433 0.00942385 -0.00274844 -0.00107784 -0.00274844 0.0061503)
(0.00106591 -0.00113714 0.000312164 -0.00113714 0.00306306 -0.000285153 0.000312164 -0.000285153 0.000462967)
(0.00915159 -5.37997e-05 0.00108586 -5.37997e-05 0.00932873 -0.00227385 0.00108586 -0.00227385 0.00694663)
(0.0023486 0.000434965 -0.00115435 0.000434965 0.00321357 -0.00017838 -0.00115435 -0.00017838 0.00288737)
(0.00484846 -0.00136492 0.00286337 -0.00136492 0.00518485 -0.0021575 0.00286337 -0.0021575 0.00834519)
(0.00811411 0.000699155 0.000479756 0.000699155 0.00646155 0.000321955 0.000479756 0.000321955 0.00423218)
(0.00997573 -0.002778 0.00216941 -0.002778 0.00809445 -0.00272501 0.00216941 -0.00272501 0.00622318)
(0.0147574 -0.000766057 -0.00135424 -0.000766057 0.00741199 -0.00123387 -0.00135424 -0.00123387 0.00475127)
(0.0122339 -0.00105592 -0.00155145 -0.00105592 0.00683764 -5.65117e-05 -0.00155145 -5.65117e-05 0.00716761)
(0.0113367 -0.00114216 0.00118378 -0.00114216 0.00625416 0.000851417 0.00118378 0.000851417 0.00748954)
(0.0143896 -0.000418175 0.00242271 -0.000418175 0.00796662 0.000293959 0.00242271 0.000293959 0.00802849)
(0.0235656 3.69549e-05 0.00254578 3.69549e-05 0.00737467 -0.00329756 0.00254578 -0.00329756 0.00738511)
(0.00551035 -0.000241833 0.000929493 -0.000241833 0.00620455 -0.000283107 0.000929493 -0.000283107 0.00251702)
(0.0115827 -0.00284565 0.00217795 -0.00284565 0.00884721 -0.00187584 0.00217795 -0.00187584 0.00717018)
(0.0116203 -0.000102753 0.00120318 -0.000102753 0.00746267 0.000643934 0.00120318 0.000643934 0.00390396)
(0.0095355 -0.00298936 0.000257874 -0.00298936 0.0100495 0.00129031 0.000257874 0.00129031 0.00505594)
(0.0119189 -0.00202563 -0.00113659 -0.00202563 0.00874374 -0.00269866 -0.00113659 -0.00269866 0.00427947)
(0.0104457 0.000180939 0.00320973 0.000180939 0.0030736 0.000437328 0.00320973 0.000437328 0.00509897)
(0.012563 -0.00172221 0.00232317 -0.00172221 0.00834593 -0.000715316 0.00232317 -0.000715316 0.00690731)
(0.0137679 -0.00205415 0.00107262 -0.00205415 0.00868353 -0.00314771 0.00107262 -0.00314771 0.00769311)
(0.0144053 -0.00264493 -0.0010223 -0.00264493 0.00811269 -0.00331809 -0.0010223 -0.00331809 0.00544455)
(0.017121 -0.0042772 0.000602087 -0.0042772 0.00850567 -0.00319548 0.000602087 -0.00319548 0.00590759)
(0.00912292 0.00173242 0.0043254 0.00173242 0.00556131 -0.00276539 0.0043254 -0.00276539 0.00514131)
(0.0165771 0.000234822 0.00250406 0.000234822 0.0089869 -0.000199853 0.00250406 -0.000199853 0.00291175)
(0.00794466 -0.00232473 0.000869038 -0.00232473 0.0107505 -0.00100678 0.000869038 -0.00100678 0.00387359)
(0.00802769 0.00110401 0.000609847 0.00110401 0.00644545 0.000264633 0.000609847 0.000264633 0.0042313)
(0.00408297 -0.00144851 0.00272428 -0.00144851 0.00366442 -0.00123311 0.00272428 -0.00123311 0.00575751)
(0.0103949 -0.00451058 -0.000428754 -0.00451058 0.00813754 -0.00339147 -0.000428754 -0.00339147 0.00478455)
(0.0145838 -0.00536402 -0.00110126 -0.00536402 0.00857142 -0.00332886 -0.00110126 -0.00332886 0.00509067)
(0.0129627 -0.000287906 0.0012082 -0.000287906 0.00806931 -0.000655992 0.0012082 -0.000655992 0.00518083)
(0.0059227 0.000875434 0.00111412 0.000875434 0.00628561 0.00176252 0.00111412 0.00176252 0.00369382)
(0.00701908 -0.00377735 -0.00187458 -0.00377735 0.0109845 -0.000892445 -0.00187458 -0.000892445 0.00678514)
(0.00264986 0.000194848 0.00178109 0.000194848 0.00129761 -0.000486043 0.00178109 -0.000486043 0.00493069)
(0.00405392 -0.000450507 -5.92601e-06 -0.000450507 0.00622289 0.0013422 -5.92601e-06 0.0013422 0.00504746)
(0.00682802 -0.00177127 0.00225275 -0.00177127 0.00382889 -0.00293279 0.00225275 -0.00293279 0.00966279)
(0.0207241 -0.00260987 0.00282925 -0.00260987 0.00617183 -0.00312738 0.00282925 -0.00312738 0.00610251)
(0.0151656 -0.00332106 0.00284353 -0.00332106 0.00976525 -0.00148973 0.00284353 -0.00148973 0.00804768)
(0.0197298 0.00239553 0.00362288 0.00239553 0.00742303 0.000464763 0.00362288 0.000464763 0.00340727)
(0.0153244 -0.000493597 0.00355024 -0.000493597 0.00800181 -0.00111631 0.00355024 -0.00111631 0.0061631)
(0.00506682 0.00096138 -9.37888e-05 0.00096138 0.00278195 -0.000296267 -9.37888e-05 -0.000296267 0.00134286)
(0.00500441 -0.00160809 -0.000136781 -0.00160809 0.00709459 -0.00169295 -0.000136781 -0.00169295 0.00617842)
(0.00623268 -0.00269357 0.000500936 -0.00269357 0.00968828 -0.000246268 0.000500936 -0.000246268 0.00514908)
(0.0103141 0.00156582 0.00185033 0.00156582 0.00625616 0.00111265 0.00185033 0.00111265 0.00389757)
(0.00801036 0.00288513 0.00276077 0.00288513 0.0062549 0.000118796 0.00276077 0.000118796 0.00467826)
(0.0126397 -0.00483428 0.000965029 -0.00483428 0.0109152 0.000959968 0.000965029 0.000959968 0.00822203)
(0.0042034 -0.000869481 -8.27573e-05 -0.000869481 0.00652637 0.000538858 -8.27573e-05 0.000538858 0.00152853)
(0.00287652 -0.00290725 0.000925332 -0.00290725 0.00776277 -0.00218634 0.000925332 -0.00218634 0.00406632)
(0.00869984 -0.00159948 -0.000993883 -0.00159948 0.00602289 0.000502195 -0.000993883 0.000502195 0.00260642)
(0.0174582 -0.00261459 -0.00266969 -0.00261459 0.00761972 0.00341816 -0.00266969 0.00341816 0.00719414)
(0.0198234 -0.00374445 0.00075404 -0.00374445 0.00929353 0.00149377 0.00075404 0.00149377 0.00877114)
(0.0173112 -0.00208664 0.00251217 -0.00208664 0.00874543 -0.000698206 0.00251217 -0.000698206 0.00543121)
(0.00743145 -0.00268391 0.00263117 -0.00268391 0.00611605 -0.00280191 0.00263117 -0.00280191 0.00885071)
(0.00560619 0.000794854 3.48771e-05 0.000794854 0.00362758 0.000421381 3.48771e-05 0.000421381 0.00284661)
(0.0105931 -0.000863338 0.00253791 -0.000863338 0.00803396 -0.000500868 0.00253791 -0.000500868 0.00428342)
(0.0169099 -0.00325958 0.0020256 -0.00325958 0.00884397 -0.000283954 0.0020256 -0.000283954 0.0077423)
(0.00808392 -0.00161424 0.00059431 -0.00161424 0.00817174 -0.00119234 0.00059431 -0.00119234 0.00433886)
(0.00937607 -0.00358408 -0.000640959 -0.00358408 0.00896803 -0.00256418 -0.000640959 -0.00256418 0.00579601)
(0.00806776 -0.0017943 0.00101357 -0.0017943 0.00902469 -0.000738294 0.00101357 -0.000738294 0.00440287)
(0.0124109 -3.46042e-05 0.00281467 -3.46042e-05 0.00774916 9.11709e-05 0.00281467 9.11709e-05 0.00630967)
(0.0123978 -0.00187066 0.002275 -0.00187066 0.00868658 0.000285686 0.002275 0.000285686 0.00963807)
(0.0136896 -0.000105952 0.000264425 -0.000105952 0.00744302 -0.00260475 0.000264425 -0.00260475 0.00540587)
(0.00522527 -0.000386433 -0.000406591 -0.000386433 0.00736615 -0.00137067 -0.000406591 -0.00137067 0.00408956)
(0.00387299 -0.00293475 0.00301963 -0.00293475 0.00958102 -0.00380093 0.00301963 -0.00380093 0.00527191)
(0.0172601 -0.00209873 0.00246331 -0.00209873 0.00923776 -0.000425748 0.00246331 -0.000425748 0.00401994)
(0.00621117 -0.00189515 0.00136941 -0.00189515 0.0101922 0.000557783 0.00136941 0.000557783 0.003105)
(0.00607917 -0.000393534 0.000367422 -0.000393534 0.00711177 -0.000880716 0.000367422 -0.000880716 0.00618026)
(0.0206065 -0.00445728 0.00220387 -0.00445728 0.0113871 7.67587e-05 0.00220387 7.67587e-05 0.0113308)
(0.00795477 -0.000925933 0.00279048 -0.000925933 0.00690766 -0.000538675 0.00279048 -0.000538675 0.00861375)
(0.00764515 -0.00247629 0.003102 -0.00247629 0.00333653 -0.0012226 0.003102 -0.0012226 0.0108031)
(0.0148256 0.000337167 0.00182549 0.000337167 0.00764043 0.00060017 0.00182549 0.00060017 0.00686065)
(0.00641615 0.000793234 0.000789847 0.000793234 0.00649986 -0.00161388 0.000789847 -0.00161388 0.00276778)
(0.00879974 -0.00417665 0.000419505 -0.00417665 0.0114051 -0.0010015 0.000419505 -0.0010015 0.00689182)
(0.00156307 -0.00375069 -0.000541811 -0.00375069 0.00943486 -0.00253822 -0.000541811 -0.00253822 0.00623302)
(0.00843837 0.00143165 0.0014904 0.00143165 0.00683171 -0.00155533 0.0014904 -0.00155533 0.00426532)
(0.00144478 -0.000360336 0.000848589 -0.000360336 0.00231274 -0.00063995 0.000848589 -0.00063995 0.00713652)
(0.0115401 0.000678366 0.00528782 0.000678366 0.00450252 -0.000684829 0.00528782 -0.000684829 0.00799566)
(0.0156098 -0.00356404 6.99423e-05 -0.00356404 0.00923414 -0.00132913 6.99423e-05 -0.00132913 0.00684111)
(0.0126206 -0.000852591 0.000669541 -0.000852591 0.00735054 0.00208602 0.000669541 0.00208602 0.00577227)
(0.00830384 0.000417879 0.000339489 0.000417879 0.00613738 0.00153388 0.000339489 0.00153388 0.00372549)
(0.00732285 -0.00277273 -0.000379488 -0.00277273 0.00688409 -0.0026898 -0.000379488 -0.0026898 0.00549828)
(0.00391073 -0.00105681 -0.00166781 -0.00105681 0.00468377 0.00282728 -0.00166781 0.00282728 0.00383374)
(0.00371784 -0.00158532 0.00154741 -0.00158532 0.00756679 -0.00149048 0.00154741 -0.00149048 0.00501213)
(0.0107058 -0.00225593 0.00314417 -0.00225593 0.00861809 -0.00141471 0.00314417 -0.00141471 0.00753154)
(0.00425411 0.00188905 0.000762461 0.00188905 0.00480588 -0.00162619 0.000762461 -0.00162619 0.00438494)
(0.0153673 -0.00293624 0.00274957 -0.00293624 0.0104018 0.000176854 0.00274957 0.000176854 0.00797032)
