/*--------------------------------*- C++ -*----------------------------------*\
  =========                 |
  \\      /  F ield         | OpenFOAM: The Open Source CFD Toolbox
   \\    /   O peration     | Website:  https://openfoam.org
    \\  /    A nd           | Version:  10
     \\/     M anipulation  |
\*---------------------------------------------------------------------------*/
FoamFile
{
    format      ascii;
    class       volTensorField;
    location    "12.5";
    object      TauNN;
}
// * * * * * * * * * * * * * * * * * * * * * * * * * * * * * * * * * * * * * //

dimensions      [0 2 -2 0 0 0 0];

internalField   nonuniform List<tensor> 
25600
(
(3.58267e-05 -0.0127885 -0.0154198 -0.0127885 2.42731e-05 -0.00813191 -0.0154198 -0.00813191 7.5328e-05)
(7.55532e-06 -0.0127896 -0.0154314 -0.0127896 2.52384e-05 -0.00812043 -0.0154314 -0.00812043 8.26494e-05)
(1.12648e-05 -0.0128015 -0.0154309 -0.0128015 4.41723e-05 -0.00811491 -0.0154309 -0.00811491 0.000116709)
(8.98456e-05 -0.0127932 -0.0154058 -0.0127932 3.18578e-05 -0.00812313 -0.0154058 -0.00812313 0.000112548)
(3.30081e-05 -0.0127883 -0.0154347 -0.0127883 2.10733e-05 -0.00813086 -0.0154347 -0.00813086 3.44551e-05)
(2.96537e-05 -0.0127872 -0.0154332 -0.0127872 2.03518e-05 -0.00812694 -0.0154332 -0.00812694 4.35926e-05)
(3.97564e-05 -0.0127955 -0.0154244 -0.0127955 3.20263e-05 -0.00812445 -0.0154244 -0.00812445 0.000119264)
(9.86106e-05 -0.0127994 -0.0154059 -0.0127994 3.47747e-05 -0.00813995 -0.0154059 -0.00813995 0.000114076)
(0.000112357 -0.012801 -0.0154079 -0.012801 3.06585e-05 -0.00813374 -0.0154079 -0.00813374 7.36007e-05)
(2.2751e-05 -0.0127933 -0.0154305 -0.0127933 2.62576e-05 -0.00812187 -0.0154305 -0.00812187 6.23986e-05)
(3.71924e-06 -0.012794 -0.0154412 -0.012794 2.40493e-05 -0.00812416 -0.0154412 -0.00812416 4.16934e-05)
(3.32656e-05 -0.0127912 -0.0154261 -0.0127912 2.80089e-05 -0.00812136 -0.0154261 -0.00812136 7.22569e-05)
(0.000103223 -0.0127937 -0.015404 -0.0127937 2.98479e-05 -0.008123 -0.015404 -0.008123 9.75542e-05)
(4.45899e-05 -0.0127902 -0.0154162 -0.0127902 2.49718e-05 -0.00812328 -0.0154162 -0.00812328 8.57516e-05)
(1.98931e-05 -0.012789 -0.0154238 -0.012789 2.35711e-05 -0.00812084 -0.0154238 -0.00812084 8.60158e-05)
(-1.36828e-05 -0.0127956 -0.0154323 -0.0127956 3.53463e-05 -0.0081113 -0.0154323 -0.0081113 9.82708e-05)
(-7.27826e-05 -0.0128054 -0.0154465 -0.0128054 5.30556e-05 -0.00810798 -0.0154465 -0.00810798 8.61505e-05)
(9.51574e-06 -0.0127913 -0.015433 -0.0127913 2.71847e-05 -0.00812375 -0.015433 -0.00812375 5.68072e-05)
(8.73122e-05 -0.0127961 -0.0154079 -0.0127961 2.97792e-05 -0.00813318 -0.0154079 -0.00813318 9.82027e-05)
(0.000104981 -0.0128041 -0.0154093 -0.0128041 4.37734e-05 -0.00814822 -0.0154093 -0.00814822 0.000120376)
(5.35421e-05 -0.0127933 -0.015425 -0.0127933 3.53166e-05 -0.00814195 -0.015425 -0.00814195 6.32303e-05)
(1.11206e-05 -0.0127942 -0.0154288 -0.0127942 3.07445e-05 -0.00811595 -0.0154288 -0.00811595 0.000101557)
(8.56022e-05 -0.0127955 -0.0154122 -0.0127955 3.86256e-05 -0.00811775 -0.0154122 -0.00811775 0.000115761)
(6.4662e-05 -0.0127943 -0.0154195 -0.0127943 2.60808e-05 -0.00813241 -0.0154195 -0.00813241 5.56259e-05)
(2.20738e-05 -0.0127917 -0.0154367 -0.0127917 2.22083e-05 -0.00812622 -0.0154367 -0.00812622 3.75229e-05)
(-1.37688e-05 -0.0128049 -0.0154451 -0.0128049 4.21417e-05 -0.00812436 -0.0154451 -0.00812436 5.24848e-05)
(4.05452e-05 -0.012792 -0.0154259 -0.012792 3.14499e-05 -0.00812046 -0.0154259 -0.00812046 7.0186e-05)
(1.9965e-05 -0.0127894 -0.0154225 -0.0127894 2.7012e-05 -0.00811857 -0.0154225 -0.00811857 8.29092e-05)
(3.35898e-05 -0.0127884 -0.0154213 -0.0127884 2.28945e-05 -0.00812403 -0.0154213 -0.00812403 6.49079e-05)
(8.05733e-05 -0.0127952 -0.0154108 -0.0127952 2.60955e-05 -0.00813013 -0.0154108 -0.00813013 6.8423e-05)
(3.65387e-05 -0.0127907 -0.0154197 -0.0127907 2.72939e-05 -0.00812515 -0.0154197 -0.00812515 0.000106202)
(-7.0001e-06 -0.0127992 -0.0154443 -0.0127992 2.9719e-05 -0.00811919 -0.0154443 -0.00811919 5.50245e-05)
(1.48973e-05 -0.0127921 -0.0154349 -0.0127921 2.63241e-05 -0.00812456 -0.0154349 -0.00812456 5.54125e-05)
(8.70143e-05 -0.0127949 -0.0154071 -0.0127949 2.90375e-05 -0.00813055 -0.0154071 -0.00813055 9.99779e-05)
(4.11934e-05 -0.012789 -0.0154183 -0.012789 2.65089e-05 -0.00813249 -0.0154183 -0.00813249 8.37135e-05)
(4.77369e-05 -0.0127892 -0.0154124 -0.0127892 2.6644e-05 -0.00812642 -0.0154124 -0.00812642 9.7176e-05)
(4.15551e-05 -0.0127904 -0.0154191 -0.0127904 3.14426e-05 -0.0081177 -0.0154191 -0.0081177 8.7755e-05)
(-2.01673e-05 -0.012798 -0.0154415 -0.012798 3.50588e-05 -0.00811996 -0.0154415 -0.00811996 6.07587e-05)
(3.19977e-05 -0.0127881 -0.0154262 -0.0127881 2.10118e-05 -0.00812822 -0.0154262 -0.00812822 5.37923e-05)
(8.3635e-05 -0.0128008 -0.0154141 -0.0128008 3.24537e-05 -0.00813699 -0.0154141 -0.00813699 6.12732e-05)
(6.65378e-05 -0.0127994 -0.0154246 -0.0127994 3.11809e-05 -0.00813631 -0.0154246 -0.00813631 3.94027e-05)
(0.000151284 -0.0128075 -0.0154257 -0.0128075 3.40247e-05 -0.00813631 -0.0154257 -0.00813631 5.64579e-05)
(5.088e-05 -0.0127918 -0.0154193 -0.0127918 2.73639e-05 -0.00812011 -0.0154193 -0.00812011 8.4054e-05)
(2.14172e-06 -0.0127936 -0.0154408 -0.0127936 2.7904e-05 -0.00811773 -0.0154408 -0.00811773 0.000105508)
(2.53407e-05 -0.0127863 -0.0154178 -0.0127863 2.28414e-05 -0.00812186 -0.0154178 -0.00812186 7.52941e-05)
(3.13542e-05 -0.0127902 -0.0154342 -0.0127902 2.74571e-05 -0.00812727 -0.0154342 -0.00812727 5.0193e-05)
(1.44942e-05 -0.0127862 -0.0154394 -0.0127862 1.87335e-05 -0.00813073 -0.0154394 -0.00813073 3.31164e-05)
(2.38454e-05 -0.0127901 -0.0154471 -0.0127901 2.40261e-05 -0.00813399 -0.0154471 -0.00813399 4.66634e-05)
(4.32561e-05 -0.0127916 -0.0154417 -0.0127916 2.40432e-05 -0.00813261 -0.0154417 -0.00813261 4.57231e-05)
(3.71649e-05 -0.0127932 -0.0154323 -0.0127932 2.68692e-05 -0.00813318 -0.0154323 -0.00813318 2.76502e-05)
(3.21279e-05 -0.012791 -0.0154348 -0.012791 2.20965e-05 -0.00813175 -0.0154348 -0.00813175 2.92959e-05)
(4.68097e-05 -0.0127941 -0.0154558 -0.0127941 2.71186e-05 -0.00813585 -0.0154558 -0.00813585 5.18043e-05)
(3.91357e-05 -0.0127892 -0.0154375 -0.0127892 2.09153e-05 -0.00813064 -0.0154375 -0.00813064 3.61134e-05)
(4.98265e-05 -0.0127863 -0.0154291 -0.0127863 3.37317e-05 -0.0081419 -0.0154291 -0.0081419 6.50419e-05)
(4.12583e-05 -0.0127901 -0.0154189 -0.0127901 2.29122e-05 -0.00813146 -0.0154189 -0.00813146 5.64689e-05)
(0.000139153 -0.0128021 -0.0154552 -0.0128021 3.38271e-05 -0.00813925 -0.0154552 -0.00813925 5.89491e-05)
(5.35544e-05 -0.0127956 -0.0154524 -0.0127956 3.03894e-05 -0.00813447 -0.0154524 -0.00813447 4.42212e-05)
(4.20638e-05 -0.0127914 -0.0154436 -0.0127914 2.07416e-05 -0.00812105 -0.0154436 -0.00812105 4.68272e-05)
(3.60231e-05 -0.0127913 -0.0154419 -0.0127913 2.48542e-05 -0.00811978 -0.0154419 -0.00811978 9.60981e-05)
(3.9737e-05 -0.0127883 -0.0154181 -0.0127883 2.27055e-05 -0.0081289 -0.0154181 -0.0081289 7.2232e-05)
(8.13158e-05 -0.0127979 -0.0154262 -0.0127979 2.65767e-05 -0.00813326 -0.0154262 -0.00813326 4.40422e-05)
(8.83392e-05 -0.012805 -0.015463 -0.012805 3.4808e-05 -0.0081356 -0.015463 -0.0081356 5.11316e-05)
(1.73514e-05 -0.0127895 -0.0154471 -0.0127895 2.37894e-05 -0.00813433 -0.0154471 -0.00813433 4.41808e-05)
(3.07435e-05 -0.012787 -0.0154357 -0.012787 2.22162e-05 -0.00813173 -0.0154357 -0.00813173 3.40442e-05)
(8.08558e-05 -0.0128031 -0.0154263 -0.0128031 3.29616e-05 -0.00813624 -0.0154263 -0.00813624 3.85225e-05)
(1.51368e-05 -0.0127881 -0.0154327 -0.0127881 2.27154e-05 -0.008128 -0.0154327 -0.008128 4.19409e-05)
(2.31123e-05 -0.0127871 -0.0154464 -0.0127871 2.24123e-05 -0.00813258 -0.0154464 -0.00813258 4.31235e-05)
(4.1541e-05 -0.0127906 -0.0154365 -0.0127906 2.25866e-05 -0.00813163 -0.0154365 -0.00813163 3.50942e-05)
(2.23917e-05 -0.012787 -0.0154315 -0.012787 2.09382e-05 -0.00812352 -0.0154315 -0.00812352 7.04825e-05)
(2.83911e-05 -0.0127858 -0.0154228 -0.0127858 2.32368e-05 -0.00813292 -0.0154228 -0.00813292 6.80624e-05)
(6.03341e-05 -0.0128009 -0.0154343 -0.0128009 3.14317e-05 -0.00813452 -0.0154343 -0.00813452 2.96953e-05)
(4.57078e-05 -0.0127934 -0.0154587 -0.0127934 2.95556e-05 -0.00813676 -0.0154587 -0.00813676 5.78282e-05)
(1.07013e-05 -0.0128015 -0.015448 -0.0128015 3.34637e-05 -0.00813327 -0.015448 -0.00813327 4.75272e-05)
(2.7973e-05 -0.0127895 -0.0154309 -0.0127895 2.12106e-05 -0.00812712 -0.0154309 -0.00812712 4.87367e-05)
(3.3308e-05 -0.0127888 -0.0154237 -0.0127888 2.19456e-05 -0.0081307 -0.0154237 -0.0081307 4.9176e-05)
(3.65144e-05 -0.0127893 -0.0154264 -0.0127893 2.17147e-05 -0.00812881 -0.0154264 -0.00812881 4.52299e-05)
(7.50076e-05 -0.0128003 -0.0154572 -0.0128003 3.1765e-05 -0.00813567 -0.0154572 -0.00813567 4.84992e-05)
(4.62604e-06 -0.0127904 -0.0154462 -0.0127904 2.4656e-05 -0.0081336 -0.0154462 -0.0081336 4.28873e-05)
(-2.23432e-05 -0.0128123 -0.0154528 -0.0128123 4.39597e-05 -0.00811337 -0.0154528 -0.00811337 6.97475e-05)
(1.46965e-05 -0.0127866 -0.0154268 -0.0127866 2.21598e-05 -0.00812403 -0.0154268 -0.00812403 7.34372e-05)
(-2.19203e-06 -0.0127999 -0.0154381 -0.0127999 3.45709e-05 -0.00811267 -0.0154381 -0.00811267 9.31123e-05)
(9.31106e-05 -0.0127961 -0.0154093 -0.0127961 3.4393e-05 -0.00811839 -0.0154093 -0.00811839 0.000110581)
(0.000107739 -0.0128081 -0.0154092 -0.0128081 3.91066e-05 -0.00814054 -0.0154092 -0.00814054 7.02807e-05)
(7.94992e-05 -0.0128007 -0.0154147 -0.0128007 3.76392e-05 -0.00814199 -0.0154147 -0.00814199 7.4472e-05)
(5.94915e-05 -0.0127936 -0.0154166 -0.0127936 3.16402e-05 -0.00813292 -0.0154166 -0.00813292 0.000117424)
(2.78363e-05 -0.0127858 -0.0154313 -0.0127858 2.31476e-05 -0.00812729 -0.0154313 -0.00812729 8.23661e-05)
(1.49722e-05 -0.012788 -0.015429 -0.012788 2.20018e-05 -0.00812374 -0.015429 -0.00812374 6.16691e-05)
(5.50878e-05 -0.0127892 -0.015419 -0.0127892 2.71521e-05 -0.00812451 -0.015419 -0.00812451 7.06576e-05)
(4.54687e-05 -0.0127894 -0.0154179 -0.0127894 2.44858e-05 -0.00812975 -0.0154179 -0.00812975 7.51176e-05)
(3.23219e-05 -0.0127879 -0.0154243 -0.0127879 2.25278e-05 -0.00812851 -0.0154243 -0.00812851 6.82977e-05)
(1.64044e-05 -0.0127916 -0.0154277 -0.0127916 2.73107e-05 -0.00812052 -0.0154277 -0.00812052 6.47207e-05)
(5.06032e-05 -0.0127903 -0.0154179 -0.0127903 2.38559e-05 -0.00812772 -0.0154179 -0.00812772 6.30918e-05)
(1.87842e-05 -0.0127864 -0.0154281 -0.0127864 1.98936e-05 -0.0081268 -0.0154281 -0.0081268 5.27228e-05)
(3.71768e-06 -0.0127909 -0.0154306 -0.0127909 2.6209e-05 -0.00811931 -0.0154306 -0.00811931 6.88895e-05)
(9.90487e-05 -0.0127931 -0.0154048 -0.0127931 2.96316e-05 -0.00812283 -0.0154048 -0.00812283 0.000100792)
(4.58741e-05 -0.01279 -0.0154174 -0.01279 2.52655e-05 -0.00812767 -0.0154174 -0.00812767 8.85014e-05)
(5.74458e-05 -0.0127938 -0.0154196 -0.0127938 3.12825e-05 -0.00813872 -0.0154196 -0.00813872 7.62324e-05)
(7.44668e-05 -0.0127982 -0.0154164 -0.0127982 3.26101e-05 -0.00813793 -0.0154164 -0.00813793 6.66994e-05)
(1.63685e-05 -0.0127901 -0.015432 -0.0127901 2.4938e-05 -0.00812535 -0.015432 -0.00812535 5.68177e-05)
(-1.83549e-05 -0.0127954 -0.0154347 -0.0127954 3.60301e-05 -0.00811626 -0.0154347 -0.00811626 7.36275e-05)
(-1.31443e-05 -0.012793 -0.0154321 -0.012793 3.02913e-05 -0.00811484 -0.0154321 -0.00811484 8.46074e-05)
(6.26886e-05 -0.0127908 -0.01541 -0.0127908 2.76715e-05 -0.00812511 -0.01541 -0.00812511 9.75508e-05)
(9.27322e-05 -0.0127937 -0.0154031 -0.0127937 2.84807e-05 -0.00812997 -0.0154031 -0.00812997 9.55313e-05)
(2.41578e-06 -0.0127923 -0.0154306 -0.0127923 2.96365e-05 -0.00811864 -0.0154306 -0.00811864 0.00010737)
(6.37489e-05 -0.0127963 -0.0154193 -0.0127963 3.3326e-05 -0.00813262 -0.0154193 -0.00813262 0.000123783)
(6.84035e-05 -0.0127957 -0.0154162 -0.0127957 3.00398e-05 -0.00813585 -0.0154162 -0.00813585 6.54384e-05)
(4.97472e-05 -0.0127914 -0.0154261 -0.0127914 2.892e-05 -0.00813577 -0.0154261 -0.00813577 4.24457e-05)
(6.98136e-05 -0.0127988 -0.0154182 -0.0127988 3.28035e-05 -0.00813801 -0.0154182 -0.00813801 5.73959e-05)
(2.37736e-05 -0.0127889 -0.0154326 -0.0127889 2.03391e-05 -0.00812869 -0.0154326 -0.00812869 3.97273e-05)
(5.88516e-06 -0.0127924 -0.0154351 -0.0127924 2.69469e-05 -0.0081229 -0.0154351 -0.0081229 5.88427e-05)
(6.19649e-05 -0.0127908 -0.0154138 -0.0127908 2.48784e-05 -0.00812753 -0.0154138 -0.00812753 7.23539e-05)
(7.67604e-05 -0.0127942 -0.0154108 -0.0127942 2.61107e-05 -0.00812887 -0.0154108 -0.00812887 6.5091e-05)
(2.88448e-05 -0.0127882 -0.0154231 -0.0127882 2.1279e-05 -0.00812615 -0.0154231 -0.00812615 5.59644e-05)
(1.93971e-05 -0.0127869 -0.0154329 -0.0127869 1.98446e-05 -0.00812474 -0.0154329 -0.00812474 5.93074e-05)
(1.54958e-05 -0.0127884 -0.0154269 -0.0127884 2.2642e-05 -0.00812199 -0.0154269 -0.00812199 7.46372e-05)
(3.79162e-05 -0.0127885 -0.015417 -0.0127885 2.35317e-05 -0.00812361 -0.015417 -0.00812361 7.9345e-05)
(0.000113591 -0.0128053 -0.0154042 -0.0128053 3.83188e-05 -0.00814146 -0.0154042 -0.00814146 9.02628e-05)
(0.000117232 -0.012807 -0.0154184 -0.012807 3.53355e-05 -0.00813681 -0.0154184 -0.00813681 5.21575e-05)
(5.36388e-06 -0.0127958 -0.0154415 -0.0127958 2.89186e-05 -0.00812943 -0.0154415 -0.00812943 4.20663e-05)
(1.29992e-05 -0.0128036 -0.0154482 -0.0128036 3.16301e-05 -0.00811674 -0.0154482 -0.00811674 5.90117e-05)
(5.51808e-05 -0.012795 -0.0154324 -0.012795 2.50971e-05 -0.0081328 -0.0154324 -0.0081328 3.88308e-05)
(3.82478e-05 -0.0127909 -0.0154257 -0.0127909 2.2029e-05 -0.00812501 -0.0154257 -0.00812501 5.98622e-05)
(4.87968e-05 -0.0127816 -0.0154311 -0.0127816 2.31509e-05 -0.00813381 -0.0154311 -0.00813381 6.18521e-05)
(3.69605e-05 -0.0127877 -0.0154269 -0.0127877 2.5838e-05 -0.00813499 -0.0154269 -0.00813499 4.55286e-05)
(8.71594e-05 -0.0128101 -0.0154201 -0.0128101 4.74435e-05 -0.00814353 -0.0154201 -0.00814353 4.89695e-05)
(7.60184e-05 -0.0128062 -0.015427 -0.0128062 4.26342e-05 -0.00813947 -0.015427 -0.00813947 3.81748e-05)
(4.0087e-05 -0.0127889 -0.0154234 -0.0127889 2.27346e-05 -0.00812957 -0.0154234 -0.00812957 6.17607e-05)
(1.49233e-05 -0.0127864 -0.0154292 -0.0127864 2.15932e-05 -0.00812382 -0.0154292 -0.00812382 7.34149e-05)
(3.95995e-06 -0.0127872 -0.0154266 -0.0127872 2.29516e-05 -0.00812138 -0.0154266 -0.00812138 7.09606e-05)
(8.21125e-05 -0.0127933 -0.0154156 -0.0127933 2.60047e-05 -0.00812963 -0.0154156 -0.00812963 6.64367e-05)
(5.34335e-05 -0.0127925 -0.0154252 -0.0127925 2.55391e-05 -0.00813322 -0.0154252 -0.00813322 4.90617e-05)
(1.62337e-05 -0.0127877 -0.0154237 -0.0127877 2.38936e-05 -0.0081223 -0.0154237 -0.0081223 7.70869e-05)
(4.03683e-05 -0.0127889 -0.0154186 -0.0127889 2.26538e-05 -0.00812399 -0.0154186 -0.00812399 6.65933e-05)
(4.4399e-06 -0.0127925 -0.0154391 -0.0127925 2.4111e-05 -0.00812729 -0.0154391 -0.00812729 4.03351e-05)
(8.60752e-06 -0.0127904 -0.0154372 -0.0127904 2.3168e-05 -0.00812762 -0.0154372 -0.00812762 4.27452e-05)
(5.80736e-05 -0.012796 -0.0154296 -0.012796 2.67509e-05 -0.00813377 -0.0154296 -0.00813377 3.76796e-05)
(3.39938e-05 -0.0127885 -0.0154343 -0.0127885 2.19795e-05 -0.00813159 -0.0154343 -0.00813159 3.34682e-05)
(2.87446e-05 -0.0127859 -0.0154328 -0.0127859 2.02003e-05 -0.00813083 -0.0154328 -0.00813083 3.52428e-05)
(4.13549e-05 -0.0127911 -0.0154285 -0.0127911 2.54476e-05 -0.00812688 -0.0154285 -0.00812688 4.86294e-05)
(4.079e-05 -0.0127895 -0.015423 -0.0127895 2.24239e-05 -0.00812817 -0.015423 -0.00812817 5.18352e-05)
(3.72217e-05 -0.0127886 -0.0154248 -0.0127886 2.29079e-05 -0.00813159 -0.0154248 -0.00813159 5.16863e-05)
(3.11745e-05 -0.0127901 -0.0154289 -0.0127901 2.53554e-05 -0.00812564 -0.0154289 -0.00812564 5.33316e-05)
(4.02787e-05 -0.0127885 -0.015417 -0.0127885 2.41181e-05 -0.00812592 -0.015417 -0.00812592 8.02662e-05)
(3.01102e-05 -0.0127868 -0.015419 -0.0127868 2.32063e-05 -0.00812752 -0.015419 -0.00812752 8.11271e-05)
(2.52233e-05 -0.0127879 -0.01542 -0.0127879 2.39675e-05 -0.00812158 -0.01542 -0.00812158 8.10795e-05)
(2.24418e-05 -0.0127849 -0.0154274 -0.0127849 2.03421e-05 -0.00812921 -0.0154274 -0.00812921 5.7357e-05)
(2.52998e-05 -0.0127848 -0.0154268 -0.0127848 2.04194e-05 -0.00812952 -0.0154268 -0.00812952 6.46752e-05)
(8.99039e-05 -0.0127969 -0.0154068 -0.0127969 3.07387e-05 -0.00813545 -0.0154068 -0.00813545 9.73637e-05)
(8.057e-05 -0.012797 -0.0154119 -0.012797 2.94505e-05 -0.00813442 -0.0154119 -0.00813442 7.38548e-05)
(2.36482e-05 -0.0127863 -0.0154256 -0.0127863 2.07685e-05 -0.00812693 -0.0154256 -0.00812693 6.59579e-05)
(3.38947e-05 -0.0127885 -0.015424 -0.0127885 2.14966e-05 -0.00812747 -0.015424 -0.00812747 6.17188e-05)
(6.86471e-05 -0.0127948 -0.015416 -0.0127948 2.93386e-05 -0.00813558 -0.015416 -0.00813558 7.13334e-05)
(5.6619e-05 -0.0127905 -0.0154217 -0.0127905 3.4997e-05 -0.00814229 -0.0154217 -0.00814229 7.56562e-05)
(4.11409e-05 -0.0127899 -0.0154248 -0.0127899 2.33565e-05 -0.00813217 -0.0154248 -0.00813217 4.81351e-05)
(1.9823e-05 -0.0127891 -0.0154351 -0.0127891 2.22188e-05 -0.00812912 -0.0154351 -0.00812912 4.20739e-05)
(7.22633e-06 -0.0127883 -0.0154383 -0.0127883 2.08028e-05 -0.00812802 -0.0154383 -0.00812802 3.89741e-05)
(6.09862e-05 -0.0127922 -0.0154175 -0.0127922 2.52108e-05 -0.00813102 -0.0154175 -0.00813102 7.00948e-05)
(0.000114727 -0.0128242 -0.0154181 -0.0128242 7.12288e-05 -0.00815037 -0.0154181 -0.00815037 5.14528e-05)
(5.36167e-05 -0.0128025 -0.0154276 -0.0128025 4.77273e-05 -0.00814099 -0.0154276 -0.00814099 3.06188e-05)
(3.29809e-05 -0.0127854 -0.0154329 -0.0127854 2.2782e-05 -0.0081318 -0.0154329 -0.0081318 3.28713e-05)
(1.08855e-05 -0.0127926 -0.0154242 -0.0127926 3.42166e-05 -0.00811412 -0.0154242 -0.00811412 9.56683e-05)
(8.35225e-05 -0.0127954 -0.0154082 -0.0127954 3.26638e-05 -0.00813739 -0.0154082 -0.00813739 0.00011512)
(5.03262e-05 -0.0127902 -0.0154166 -0.0127902 2.54116e-05 -0.00813005 -0.0154166 -0.00813005 8.97269e-05)
(1.17977e-05 -0.0127915 -0.015437 -0.0127915 2.46699e-05 -0.00812664 -0.015437 -0.00812664 4.66948e-05)
(2.25343e-05 -0.0127877 -0.0154378 -0.0127877 2.07975e-05 -0.00813007 -0.0154378 -0.00813007 4.29903e-05)
(4.91223e-05 -0.0127899 -0.0154209 -0.0127899 2.55378e-05 -0.00813315 -0.0154209 -0.00813315 6.39015e-05)
(0.00010263 -0.0128064 -0.0154091 -0.0128064 4.86e-05 -0.00815003 -0.0154091 -0.00815003 0.000100569)
(0.000112163 -0.0128111 -0.0154089 -0.0128111 5.0767e-05 -0.00814882 -0.0154089 -0.00814882 8.41956e-05)
(2.04626e-05 -0.0127873 -0.0154257 -0.0127873 2.18195e-05 -0.00812472 -0.0154257 -0.00812472 6.49566e-05)
(-1.24137e-05 -0.0127998 -0.0154431 -0.0127998 3.18117e-05 -0.00811653 -0.0154431 -0.00811653 6.52111e-05)
(6.12211e-05 -0.012793 -0.0154169 -0.012793 2.61866e-05 -0.00813182 -0.0154169 -0.00813182 6.89244e-05)
(9.34437e-05 -0.0127947 -0.0154038 -0.0127947 2.94373e-05 -0.00813079 -0.0154038 -0.00813079 0.00010205)
(1.83785e-05 -0.0127888 -0.0154209 -0.0127888 2.63267e-05 -0.00812099 -0.0154209 -0.00812099 9.86449e-05)
(3.29341e-05 -0.0127877 -0.015429 -0.0127877 2.3261e-05 -0.00813243 -0.015429 -0.00813243 4.17985e-05)
(2.12046e-05 -0.0127884 -0.0154353 -0.0127884 2.28978e-05 -0.00813107 -0.0154353 -0.00813107 3.82033e-05)
(1.60983e-05 -0.0127864 -0.0154297 -0.0127864 2.19933e-05 -0.00812393 -0.0154297 -0.00812393 7.58651e-05)
(6.20344e-05 -0.0127928 -0.0154158 -0.0127928 3.53831e-05 -0.00814316 -0.0154158 -0.00814316 0.000117457)
(9.59562e-05 -0.012795 -0.0154107 -0.012795 2.65589e-05 -0.00812874 -0.0154107 -0.00812874 6.32709e-05)
(3.43491e-05 -0.0127913 -0.0154313 -0.0127913 2.42005e-05 -0.00812885 -0.0154313 -0.00812885 4.03758e-05)
(1.32184e-05 -0.0127874 -0.0154338 -0.0127874 2.02434e-05 -0.00812438 -0.0154338 -0.00812438 5.23445e-05)
(3.24537e-05 -0.0127882 -0.0154196 -0.0127882 2.32343e-05 -0.00812522 -0.0154196 -0.00812522 8.35898e-05)
(0.000120446 -0.01281 -0.0154053 -0.01281 5.21739e-05 -0.00815236 -0.0154053 -0.00815236 0.000117104)
(8.2831e-05 -0.0127987 -0.0154117 -0.0127987 3.73467e-05 -0.00814323 -0.0154117 -0.00814323 0.000104273)
(1.34444e-05 -0.0127879 -0.0154258 -0.0127879 2.22743e-05 -0.008122 -0.0154258 -0.008122 6.93342e-05)
(5.11694e-05 -0.0127918 -0.0154194 -0.0127918 2.84189e-05 -0.00813629 -0.0154194 -0.00813629 7.12807e-05)
(7.76867e-05 -0.0127956 -0.0154186 -0.0127956 4.33952e-05 -0.00814829 -0.0154186 -0.00814829 0.000104978)
(1.65416e-05 -0.0127891 -0.0154258 -0.0127891 2.46424e-05 -0.00812134 -0.0154258 -0.00812134 9.07868e-05)
(3.36681e-05 -0.0127877 -0.0154223 -0.0127877 2.33807e-05 -0.00812583 -0.0154223 -0.00812583 6.62899e-05)
(4.96785e-05 -0.0127939 -0.0154274 -0.0127939 3.0121e-05 -0.00813616 -0.0154274 -0.00813616 4.06683e-05)
(4.10108e-05 -0.0127899 -0.0154235 -0.0127899 2.3734e-05 -0.00813173 -0.0154235 -0.00813173 4.87433e-05)
(1.76567e-05 -0.0127893 -0.0154246 -0.0127893 2.67925e-05 -0.00812038 -0.0154246 -0.00812038 6.99718e-05)
(3.54739e-05 -0.0127884 -0.0154217 -0.0127884 2.24809e-05 -0.00812676 -0.0154217 -0.00812676 7.50385e-05)
(4.70026e-05 -0.0127897 -0.0154193 -0.0127897 2.40439e-05 -0.00813074 -0.0154193 -0.00813074 6.87369e-05)
(2.85653e-05 -0.0127895 -0.0154273 -0.0127895 2.73823e-05 -0.00812556 -0.0154273 -0.00812556 5.40558e-05)
(5.23969e-05 -0.0127899 -0.0154149 -0.0127899 2.46574e-05 -0.00812808 -0.0154149 -0.00812808 7.76622e-05)
(8.36788e-06 -0.0127918 -0.0154283 -0.0127918 2.80164e-05 -0.00811839 -0.0154283 -0.00811839 0.000101773)
(-3.02231e-05 -0.0128015 -0.0154428 -0.0128015 3.7552e-05 -0.00811128 -0.0154428 -0.00811128 8.49209e-05)
(3.72386e-05 -0.0127897 -0.0154221 -0.0127897 2.59296e-05 -0.00812333 -0.0154221 -0.00812333 6.76118e-05)
(6.69768e-05 -0.0127993 -0.0154197 -0.0127993 3.13927e-05 -0.00813684 -0.0154197 -0.00813684 4.96421e-05)
(2.20261e-05 -0.0127854 -0.0154271 -0.0127854 1.98883e-05 -0.00812925 -0.0154271 -0.00812925 5.20276e-05)
(2.81317e-05 -0.0127947 -0.015441 -0.0127947 3.38539e-05 -0.00813156 -0.015441 -0.00813156 4.91938e-05)
(-9.61383e-06 -0.012792 -0.0154337 -0.012792 2.70764e-05 -0.00811661 -0.0154337 -0.00811661 7.70403e-05)
(1.85306e-05 -0.0127869 -0.0154301 -0.0127869 2.08126e-05 -0.00813002 -0.0154301 -0.00813002 3.51393e-05)
(2.78579e-05 -0.0127878 -0.0154348 -0.0127878 2.28218e-05 -0.00813227 -0.0154348 -0.00813227 3.47602e-05)
(2.49015e-05 -0.0127919 -0.0154415 -0.0127919 2.57818e-05 -0.00813135 -0.0154415 -0.00813135 4.53445e-05)
(-2.50865e-08 -0.0128002 -0.0154478 -0.0128002 3.5941e-05 -0.00813644 -0.0154478 -0.00813644 4.81838e-05)
(1.32182e-05 -0.0127872 -0.0154307 -0.0127872 2.08161e-05 -0.00812483 -0.0154307 -0.00812483 5.42724e-05)
(7.65779e-05 -0.0127987 -0.0154116 -0.0127987 3.52988e-05 -0.0081412 -0.0154116 -0.0081412 8.44628e-05)
(0.000110241 -0.0128172 -0.0154168 -0.0128172 5.41002e-05 -0.00814503 -0.0154168 -0.00814503 5.23933e-05)
(5.33192e-05 -0.0127946 -0.0154471 -0.0127946 3.04922e-05 -0.00813342 -0.0154471 -0.00813342 4.08515e-05)
(3.12823e-05 -0.012786 -0.0154367 -0.012786 2.08886e-05 -0.00813107 -0.0154367 -0.00813107 3.59868e-05)
(8.98204e-05 -0.0128101 -0.0154207 -0.0128101 6.3774e-05 -0.0081502 -0.0154207 -0.0081502 5.73812e-05)
(7.10672e-05 -0.012802 -0.0154236 -0.012802 5.42525e-05 -0.00814782 -0.0154236 -0.00814782 5.32052e-05)
(6.58122e-06 -0.0127868 -0.0154257 -0.0127868 2.41204e-05 -0.00812222 -0.0154257 -0.00812222 8.3814e-05)
(5.16643e-05 -0.0127903 -0.0154166 -0.0127903 2.76151e-05 -0.00813477 -0.0154166 -0.00813477 7.95066e-05)
(3.23854e-05 -0.0127875 -0.015426 -0.0127875 2.2187e-05 -0.00812747 -0.015426 -0.00812747 6.36194e-05)
(-4.90986e-05 -0.0128059 -0.0154449 -0.0128059 5.19864e-05 -0.00811267 -0.0154449 -0.00811267 7.68936e-05)
(5.92675e-05 -0.0127904 -0.0154155 -0.0127904 2.51224e-05 -0.00812453 -0.0154155 -0.00812453 7.0045e-05)
(5.92091e-05 -0.0128016 -0.0154343 -0.0128016 3.72555e-05 -0.00813528 -0.0154343 -0.00813528 3.08263e-05)
(1.32799e-05 -0.0127925 -0.0154402 -0.0127925 2.68946e-05 -0.00812998 -0.0154402 -0.00812998 4.30996e-05)
(4.8158e-06 -0.0127955 -0.0154411 -0.0127955 2.53665e-05 -0.00812782 -0.0154411 -0.00812782 3.63875e-05)
(2.78528e-05 -0.0127867 -0.0154403 -0.0127867 2.07989e-05 -0.0081314 -0.0154403 -0.0081314 3.83016e-05)
(0.000114418 -0.0127993 -0.0154139 -0.0127993 2.74959e-05 -0.00813052 -0.0154139 -0.00813052 6.21768e-05)
(4.74207e-05 -0.0127919 -0.0154202 -0.0127919 2.72023e-05 -0.00813579 -0.0154202 -0.00813579 6.57137e-05)
(4.74232e-05 -0.0127801 -0.0154325 -0.0127801 2.13091e-05 -0.00813173 -0.0154325 -0.00813173 6.29321e-05)
(7.3042e-05 -0.0127962 -0.0154132 -0.0127962 3.51812e-05 -0.00814141 -0.0154132 -0.00814141 9.59711e-05)
(8.1238e-05 -0.0127943 -0.0154071 -0.0127943 3.05687e-05 -0.00813315 -0.0154071 -0.00813315 0.000104198)
(2.95536e-06 -0.0127905 -0.0154261 -0.0127905 2.9039e-05 -0.00811761 -0.0154261 -0.00811761 8.04845e-05)
(1.48638e-05 -0.0127899 -0.0154284 -0.0127899 2.77126e-05 -0.00812363 -0.0154284 -0.00812363 5.7991e-05)
(6.93504e-05 -0.0127953 -0.0154177 -0.0127953 2.74965e-05 -0.00813353 -0.0154177 -0.00813353 5.41835e-05)
(3.25162e-05 -0.0127881 -0.0154191 -0.0127881 2.48652e-05 -0.00812296 -0.0154191 -0.00812296 7.61388e-05)
(1.02699e-05 -0.0127913 -0.0154322 -0.0127913 2.45746e-05 -0.00812111 -0.0154322 -0.00812111 6.41792e-05)
(4.74247e-05 -0.012792 -0.0154238 -0.012792 2.26701e-05 -0.0081305 -0.0154238 -0.0081305 4.78494e-05)
(3.95553e-05 -0.0127899 -0.0154244 -0.0127899 2.21576e-05 -0.00813019 -0.0154244 -0.00813019 4.74165e-05)
(2.35788e-05 -0.0127883 -0.0154353 -0.0127883 2.12988e-05 -0.0081305 -0.0154353 -0.0081305 3.82559e-05)
(3.3748e-05 -0.0127907 -0.0154479 -0.0127907 2.58193e-05 -0.00813433 -0.0154479 -0.00813433 4.17155e-05)
(9.44124e-06 -0.0127948 -0.0154409 -0.0127948 3.80477e-05 -0.00812824 -0.0154409 -0.00812824 5.09751e-05)
(-5.91244e-05 -0.0128077 -0.0154482 -0.0128077 5.75136e-05 -0.0081124 -0.0154482 -0.0081124 7.44695e-05)
(1.645e-05 -0.012786 -0.0154249 -0.012786 2.01246e-05 -0.00812462 -0.0154249 -0.00812462 7.05693e-05)
(7.94305e-05 -0.0128047 -0.0154272 -0.0128047 3.82587e-05 -0.00813805 -0.0154272 -0.00813805 3.68806e-05)
(0.000137539 -0.0128198 -0.0153992 -0.0128198 7.13857e-05 -0.008157 -0.0153992 -0.008157 0.000111105)
(4.74394e-05 -0.0127886 -0.0154229 -0.0127886 2.93249e-05 -0.00813824 -0.0154229 -0.00813824 6.9962e-05)
(3.02196e-05 -0.0127851 -0.0154324 -0.0127851 2.10415e-05 -0.00812915 -0.0154324 -0.00812915 5.13546e-05)
(4.35578e-05 -0.01279 -0.0154183 -0.01279 2.60401e-05 -0.00812339 -0.0154183 -0.00812339 8.28635e-05)
(1.53182e-05 -0.0127917 -0.0154229 -0.0127917 4.62393e-05 -0.00810928 -0.0154229 -0.00810928 9.157e-05)
(-1.48157e-05 -0.01279 -0.0154254 -0.01279 3.2946e-05 -0.00811385 -0.0154254 -0.00811385 0.000101427)
(-3.32319e-05 -0.0128056 -0.0154475 -0.0128056 4.12011e-05 -0.00811239 -0.0154475 -0.00811239 7.45485e-05)
(-1.4477e-05 -0.0128031 -0.015444 -0.0128031 4.35413e-05 -0.00811794 -0.015444 -0.00811794 6.56708e-05)
(4.28836e-05 -0.0127892 -0.0154196 -0.0127892 2.29798e-05 -0.00812939 -0.0154196 -0.00812939 5.94049e-05)
(2.91865e-05 -0.0127857 -0.0154149 -0.0127857 2.59097e-05 -0.00813019 -0.0154149 -0.00813019 8.6174e-05)
(1.57915e-05 -0.0127895 -0.0154295 -0.0127895 2.73443e-05 -0.00812342 -0.0154295 -0.00812342 0.000101429)
(4.19047e-05 -0.0127887 -0.0154245 -0.0127887 2.30447e-05 -0.00812724 -0.0154245 -0.00812724 7.69254e-05)
(0.000122684 -0.012818 -0.0154114 -0.012818 5.88769e-05 -0.0081491 -0.0154114 -0.0081491 7.00604e-05)
(9.25473e-05 -0.0128035 -0.0154109 -0.0128035 3.90647e-05 -0.00814276 -0.0154109 -0.00814276 8.2253e-05)
(5.11252e-05 -0.0127909 -0.015418 -0.0127909 3.08264e-05 -0.00813677 -0.015418 -0.00813677 0.000109745)
(8.91611e-05 -0.0127927 -0.0154043 -0.0127927 3.10129e-05 -0.00812365 -0.0154043 -0.00812365 0.000111239)
(1.64041e-05 -0.012792 -0.0154232 -0.012792 3.21133e-05 -0.00811324 -0.0154232 -0.00811324 9.16317e-05)
(2.89165e-05 -0.0127867 -0.0154308 -0.0127867 2.29945e-05 -0.00812518 -0.0154308 -0.00812518 8.61858e-05)
(8.10068e-05 -0.0127999 -0.0154164 -0.0127999 3.67246e-05 -0.00814073 -0.0154164 -0.00814073 6.95591e-05)
(5.36366e-05 -0.0127901 -0.0154119 -0.0127901 2.78562e-05 -0.00812455 -0.0154119 -0.00812455 0.000103889)
(4.52797e-06 -0.0127925 -0.0154341 -0.0127925 2.95937e-05 -0.00812124 -0.0154341 -0.00812124 0.000109614)
(1.14644e-05 -0.0127925 -0.0154276 -0.0127925 3.23218e-05 -0.0081172 -0.0154276 -0.0081172 7.79408e-05)
(4.14682e-05 -0.0127902 -0.0154311 -0.0127902 2.3101e-05 -0.00813206 -0.0154311 -0.00813206 4.04584e-05)
(6.91942e-05 -0.0127878 -0.015429 -0.0127878 5.07021e-05 -0.00814401 -0.015429 -0.00814401 4.92626e-05)
(3.36419e-05 -0.0127861 -0.01542 -0.0127861 2.66794e-05 -0.00813323 -0.01542 -0.00813323 9.44897e-05)
(-1.35797e-06 -0.0127888 -0.0154237 -0.0127888 2.9198e-05 -0.00811785 -0.0154237 -0.00811785 9.77996e-05)
(6.11211e-05 -0.0127886 -0.0154103 -0.0127886 2.72758e-05 -0.00812136 -0.0154103 -0.00812136 9.5494e-05)
(7.07473e-05 -0.0127918 -0.0154227 -0.0127918 3.13059e-05 -0.00812311 -0.0154227 -0.00812311 6.72005e-05)
(-7.46544e-07 -0.0127947 -0.0154375 -0.0127947 2.78854e-05 -0.00812143 -0.0154375 -0.00812143 5.70143e-05)
(3.32166e-05 -0.012788 -0.0154204 -0.012788 2.37024e-05 -0.00812625 -0.0154204 -0.00812625 8.7543e-05)
(0.000100905 -0.0127982 -0.0154045 -0.0127982 3.48528e-05 -0.00813974 -0.0154045 -0.00813974 0.000117477)
(3.31711e-05 -0.0127911 -0.0154273 -0.0127911 3.09603e-05 -0.00813338 -0.0154273 -0.00813338 0.000123008)
(3.11547e-05 -0.0127865 -0.0154237 -0.0127865 2.29857e-05 -0.00812922 -0.0154237 -0.00812922 7.43662e-05)
(8.11984e-05 -0.0128096 -0.0154253 -0.0128096 5.45454e-05 -0.00814432 -0.0154253 -0.00814432 4.36147e-05)
(4.82172e-05 -0.0127889 -0.0154162 -0.0127889 2.54006e-05 -0.00813106 -0.0154162 -0.00813106 7.16977e-05)
(4.43398e-05 -0.0127932 -0.0154166 -0.0127932 3.41322e-05 -0.0081187 -0.0154166 -0.0081187 0.000112773)
(8.51748e-05 -0.0127954 -0.0154095 -0.0127954 3.20507e-05 -0.00812664 -0.0154095 -0.00812664 0.000117473)
(2.66001e-05 -0.012787 -0.0154281 -0.012787 2.05064e-05 -0.00812565 -0.0154281 -0.00812565 6.68837e-05)
(3.81616e-05 -0.0127868 -0.0154401 -0.0127868 1.97326e-05 -0.00812398 -0.0154401 -0.00812398 4.5003e-05)
(5.5521e-05 -0.0127909 -0.0154145 -0.0127909 2.88142e-05 -0.00812596 -0.0154145 -0.00812596 9.18117e-05)
(6.10132e-05 -0.0127907 -0.0154211 -0.0127907 2.85223e-05 -0.00813538 -0.0154211 -0.00813538 9.49621e-05)
(9.36283e-05 -0.0128083 -0.0154162 -0.0128083 5.95512e-05 -0.00814935 -0.0154162 -0.00814935 7.34534e-05)
(7.8972e-05 -0.0127956 -0.0154095 -0.0127956 3.05312e-05 -0.00813588 -0.0154095 -0.00813588 9.40288e-05)
(8.62605e-05 -0.0127912 -0.0154076 -0.0127912 2.67972e-05 -0.00812199 -0.0154076 -0.00812199 8.53856e-05)
(5.47633e-05 -0.0127931 -0.0154201 -0.0127931 2.72161e-05 -0.00813467 -0.0154201 -0.00813467 5.59846e-05)
(6.8328e-05 -0.012794 -0.0154242 -0.012794 4.22358e-05 -0.00815005 -0.0154242 -0.00815005 0.000143913)
(-3.03673e-05 -0.0128025 -0.0154401 -0.0128025 4.50018e-05 -0.00810967 -0.0154401 -0.00810967 8.64765e-05)
(-3.7125e-05 -0.0128018 -0.0154421 -0.0128018 4.28932e-05 -0.00811261 -0.0154421 -0.00811261 7.29318e-05)
(1.1249e-05 -0.0127942 -0.0154303 -0.0127942 3.52155e-05 -0.00811519 -0.0154303 -0.00811519 7.89968e-05)
(4.35644e-05 -0.0127953 -0.0154385 -0.0127953 3.40726e-05 -0.00812736 -0.0154385 -0.00812736 5.79338e-05)
(-7.7169e-06 -0.0127937 -0.0154311 -0.0127937 3.09727e-05 -0.00811337 -0.0154311 -0.00811337 8.57803e-05)
(-0.000172893 -0.0128257 -0.0154584 -0.0128257 8.8897e-05 -0.00810567 -0.0154584 -0.00810567 7.99416e-05)
(-1.12673e-05 -0.0127967 -0.0154356 -0.0127967 3.36415e-05 -0.00811396 -0.0154356 -0.00811396 7.49917e-05)
(5.40793e-05 -0.0127978 -0.0154244 -0.0127978 3.44387e-05 -0.0081388 -0.0154244 -0.0081388 4.53731e-05)
(5.52575e-05 -0.0127881 -0.0154174 -0.0127881 3.03484e-05 -0.00812092 -0.0154174 -0.00812092 7.76475e-05)
(9.10623e-05 -0.0127958 -0.0154059 -0.0127958 3.17779e-05 -0.00813499 -0.0154059 -0.00813499 0.00011332)
(4.62133e-05 -0.0127943 -0.015427 -0.0127943 4.3455e-05 -0.00814465 -0.015427 -0.00814465 5.066e-05)
(2.03706e-05 -0.0127834 -0.0154288 -0.0127834 2.05656e-05 -0.00813189 -0.0154288 -0.00813189 4.68999e-05)
(6.92854e-05 -0.0128001 -0.015429 -0.0128001 2.99627e-05 -0.0081345 -0.015429 -0.0081345 3.92449e-05)
(7.94565e-05 -0.0128072 -0.0154313 -0.0128072 4.01651e-05 -0.00813621 -0.0154313 -0.00813621 3.66598e-05)
(1.37505e-05 -0.0127895 -0.0154284 -0.0127895 2.43004e-05 -0.00812064 -0.0154284 -0.00812064 8.9349e-05)
(2.1364e-05 -0.0127838 -0.0154291 -0.0127838 1.96018e-05 -0.00812838 -0.0154291 -0.00812838 5.85048e-05)
(4.68807e-05 -0.0127866 -0.0154325 -0.0127866 3.37229e-05 -0.00813472 -0.0154325 -0.00813472 3.34568e-05)
(5.16931e-05 -0.0127896 -0.0154301 -0.0127896 2.45634e-05 -0.00813207 -0.0154301 -0.00813207 5.12896e-05)
(4.22746e-05 -0.0127922 -0.0154271 -0.0127922 2.74148e-05 -0.00812391 -0.0154271 -0.00812391 6.2063e-05)
(2.37908e-05 -0.0127967 -0.0154287 -0.0127967 4.78076e-05 -0.00810954 -0.0154287 -0.00810954 9.2501e-05)
(3.25534e-05 -0.0127943 -0.0154278 -0.0127943 4.46446e-05 -0.00811506 -0.0154278 -0.00811506 8.2631e-05)
(6.09525e-05 -0.0127949 -0.0154209 -0.0127949 3.12379e-05 -0.00813774 -0.0154209 -0.00813774 6.05252e-05)
(5.89872e-05 -0.0127893 -0.0154272 -0.0127893 3.70532e-05 -0.0081408 -0.0154272 -0.0081408 5.53255e-05)
(-8.15119e-05 -0.0128098 -0.0154507 -0.0128098 6.50856e-05 -0.00810758 -0.0154507 -0.00810758 8.18e-05)
(6.26191e-05 -0.0127955 -0.0154226 -0.0127955 3.05977e-05 -0.00813667 -0.0154226 -0.00813667 5.38582e-05)
(4.30186e-05 -0.0127902 -0.0154269 -0.0127902 2.59041e-05 -0.00813438 -0.0154269 -0.00813438 4.34873e-05)
(4.53878e-06 -0.0127903 -0.0154308 -0.0127903 2.45764e-05 -0.00811873 -0.0154308 -0.00811873 7.76206e-05)
(4.76691e-05 -0.0127915 -0.0154234 -0.0127915 2.30631e-05 -0.00813047 -0.0154234 -0.00813047 5.08755e-05)
(0.000105178 -0.0128062 -0.0154249 -0.0128062 3.16345e-05 -0.00813453 -0.0154249 -0.00813453 4.47564e-05)
(5.13882e-05 -0.0127896 -0.0154162 -0.0127896 2.60256e-05 -0.00812111 -0.0154162 -0.00812111 7.64969e-05)
(3.95812e-05 -0.0127885 -0.0154215 -0.0127885 2.32e-05 -0.00813091 -0.0154215 -0.00813091 6.45201e-05)
(4.70668e-05 -0.0127901 -0.0154219 -0.0127901 2.74491e-05 -0.008136 -0.0154219 -0.008136 7.33359e-05)
(-7.44454e-06 -0.0127939 -0.0154341 -0.0127939 2.94522e-05 -0.00811707 -0.0154341 -0.00811707 6.43069e-05)
(-5.55197e-05 -0.0128097 -0.0154503 -0.0128097 5.46247e-05 -0.0081155 -0.0154503 -0.0081155 6.229e-05)
(1.34414e-05 -0.0127908 -0.0154349 -0.0127908 2.3173e-05 -0.00811988 -0.0154349 -0.00811988 7.48533e-05)
(-2.93805e-05 -0.0128026 -0.0154437 -0.0128026 4.61048e-05 -0.00811983 -0.0154437 -0.00811983 5.55149e-05)
(6.123e-05 -0.0127953 -0.0154312 -0.0127953 2.51951e-05 -0.00813014 -0.0154312 -0.00813014 3.83707e-05)
(7.75331e-05 -0.0127997 -0.0154161 -0.0127997 4.25271e-05 -0.00814596 -0.0154161 -0.00814596 7.98263e-05)
(7.55258e-05 -0.0127941 -0.0154204 -0.0127941 4.32505e-05 -0.00814611 -0.0154204 -0.00814611 7.86228e-05)
(0.000121609 -0.0128033 -0.0154036 -0.0128033 3.48921e-05 -0.00813742 -0.0154036 -0.00813742 0.000103754)
(7.70995e-05 -0.0127966 -0.0154094 -0.0127966 3.23523e-05 -0.00813836 -0.0154094 -0.00813836 9.04736e-05)
(3.4296e-05 -0.0127852 -0.0154264 -0.0127852 2.53645e-05 -0.00813564 -0.0154264 -0.00813564 5.70393e-05)
(3.11786e-05 -0.0127898 -0.0154305 -0.0127898 2.07506e-05 -0.00812793 -0.0154305 -0.00812793 4.57764e-05)
(2.71815e-05 -0.0127889 -0.0154424 -0.0127889 2.07426e-05 -0.00813142 -0.0154424 -0.00813142 3.63681e-05)
(5.75314e-05 -0.0127959 -0.0154313 -0.0127959 2.63904e-05 -0.00813309 -0.0154313 -0.00813309 4.14636e-05)
(1.18967e-05 -0.0127896 -0.015424 -0.0127896 2.61719e-05 -0.0081181 -0.015424 -0.0081181 7.93255e-05)
(-0.000138919 -0.0128218 -0.015461 -0.0128218 7.25441e-05 -0.00810194 -0.015461 -0.00810194 8.8473e-05)
(3.3942e-05 -0.0127948 -0.0154398 -0.0127948 3.43133e-05 -0.00812679 -0.0154398 -0.00812679 6.51378e-05)
(2.25654e-05 -0.0127926 -0.0154311 -0.0127926 3.25366e-05 -0.0081207 -0.0154311 -0.0081207 6.48236e-05)
(4.60736e-05 -0.0127875 -0.0154229 -0.0127875 2.75549e-05 -0.00813551 -0.0154229 -0.00813551 9.7151e-05)
(6.2881e-05 -0.0127907 -0.0154222 -0.0127907 3.19781e-05 -0.0081387 -0.0154222 -0.0081387 6.85868e-05)
(-3.91507e-06 -0.0127925 -0.0154331 -0.0127925 2.80172e-05 -0.00811788 -0.0154331 -0.00811788 6.90833e-05)
(5.40534e-06 -0.0127961 -0.0154392 -0.0127961 4.02179e-05 -0.0081215 -0.0154392 -0.0081215 6.38576e-05)
(8.53034e-05 -0.0127954 -0.0154244 -0.0127954 2.66737e-05 -0.00812969 -0.0154244 -0.00812969 5.61179e-05)
(4.88846e-05 -0.0127907 -0.0154231 -0.0127907 3.03637e-05 -0.00813864 -0.0154231 -0.00813864 6.54435e-05)
(-2.36754e-05 -0.0128043 -0.0154448 -0.0128043 3.95792e-05 -0.00811202 -0.0154448 -0.00811202 8.20066e-05)
(1.52564e-05 -0.0127906 -0.0154271 -0.0127906 2.63597e-05 -0.00811966 -0.0154271 -0.00811966 6.73283e-05)
(3.27599e-05 -0.0127889 -0.0154274 -0.0127889 2.70681e-05 -0.0081254 -0.0154274 -0.0081254 4.92937e-05)
(1.82655e-05 -0.0128092 -0.0154555 -0.0128092 8.37965e-05 -0.00812732 -0.0154555 -0.00812732 6.79194e-05)
(4.35693e-05 -0.0127925 -0.0154372 -0.0127925 2.52225e-05 -0.00813102 -0.0154372 -0.00813102 4.28896e-05)
(3.43403e-05 -0.0127844 -0.0154304 -0.0127844 2.41096e-05 -0.0081335 -0.0154304 -0.0081335 3.56794e-05)
(7.61927e-05 -0.0127895 -0.0154257 -0.0127895 4.63288e-05 -0.00814771 -0.0154257 -0.00814771 7.72107e-05)
(0.000111473 -0.0127978 -0.0154056 -0.0127978 2.72236e-05 -0.0081257 -0.0154056 -0.0081257 8.16466e-05)
(4.97228e-05 -0.0127901 -0.0154155 -0.0127901 2.46656e-05 -0.00812809 -0.0154155 -0.00812809 8.63038e-05)
(1.85591e-05 -0.0127838 -0.0154307 -0.0127838 1.86081e-05 -0.00812682 -0.0154307 -0.00812682 6.06374e-05)
(3.7412e-05 -0.012792 -0.0154375 -0.012792 2.14455e-05 -0.00813126 -0.0154375 -0.00813126 3.4613e-05)
(3.11972e-05 -0.0127891 -0.0154307 -0.0127891 1.99285e-05 -0.00813 -0.0154307 -0.00813 3.71736e-05)
(-5.1015e-05 -0.0128095 -0.0154512 -0.0128095 6.29908e-05 -0.00811865 -0.0154512 -0.00811865 6.45287e-05)
(7.66417e-05 -0.0127977 -0.0154299 -0.0127977 2.49357e-05 -0.00813052 -0.0154299 -0.00813052 4.52013e-05)
(7.45522e-05 -0.0128087 -0.015424 -0.0128087 5.23918e-05 -0.00814497 -0.015424 -0.00814497 4.45064e-05)
(4.69434e-05 -0.0127902 -0.0154163 -0.0127902 3.17804e-05 -0.0081377 -0.0154163 -0.0081377 0.000119738)
(6.17565e-05 -0.0127962 -0.0154207 -0.0127962 3.16434e-05 -0.00813774 -0.0154207 -0.00813774 5.71938e-05)
(4.33193e-05 -0.0127912 -0.0154263 -0.0127912 2.54226e-05 -0.008134 -0.0154263 -0.008134 4.45896e-05)
(1.54293e-05 -0.0127861 -0.0154332 -0.0127861 1.93767e-05 -0.00812582 -0.0154332 -0.00812582 5.54962e-05)
(2.00671e-05 -0.0127965 -0.0154365 -0.0127965 4.29964e-05 -0.00812173 -0.0154365 -0.00812173 6.30322e-05)
(-2.84902e-05 -0.0127997 -0.0154354 -0.0127997 5.41486e-05 -0.00810655 -0.0154354 -0.00810655 9.22165e-05)
(2.77997e-05 -0.0127833 -0.0154316 -0.0127833 1.96172e-05 -0.00812863 -0.0154316 -0.00812863 5.22628e-05)
(5.63887e-05 -0.0127951 -0.0154343 -0.0127951 3.6202e-05 -0.0081353 -0.0154343 -0.0081353 3.50911e-05)
(1.68324e-05 -0.0127943 -0.0154345 -0.0127943 4.87504e-05 -0.00811523 -0.0154345 -0.00811523 7.40523e-05)
(1.69909e-05 -0.0127896 -0.0154257 -0.0127896 2.3493e-05 -0.00811984 -0.0154257 -0.00811984 6.6012e-05)
(8.80149e-05 -0.0128034 -0.0154246 -0.0128034 7.29833e-05 -0.00815055 -0.0154246 -0.00815055 4.91806e-05)
(4.47045e-05 -0.0127899 -0.0154169 -0.0127899 2.60296e-05 -0.00812812 -0.0154169 -0.00812812 9.78309e-05)
(7.49493e-06 -0.0127951 -0.0154249 -0.0127951 4.37672e-05 -0.00810959 -0.0154249 -0.00810959 0.00010636)
(5.13345e-05 -0.0127921 -0.0154391 -0.0127921 2.65038e-05 -0.00813325 -0.0154391 -0.00813325 3.89824e-05)
(3.53226e-05 -0.0127922 -0.0154385 -0.0127922 2.32502e-05 -0.00812984 -0.0154385 -0.00812984 4.47565e-05)
(0.000101374 -0.0128253 -0.0154294 -0.0128253 9.29512e-05 -0.00814596 -0.0154294 -0.00814596 3.43489e-05)
(7.80382e-05 -0.0127962 -0.0154208 -0.0127962 4.62551e-05 -0.00814768 -0.0154208 -0.00814768 8.04175e-05)
(2.09158e-05 -0.0127874 -0.0154373 -0.0127874 1.86676e-05 -0.00812973 -0.0154373 -0.00812973 3.39581e-05)
