/*--------------------------------*- C++ -*----------------------------------*\
  =========                 |
  \\      /  F ield         | OpenFOAM: The Open Source CFD Toolbox
   \\    /   O peration     | Website:  https://openfoam.org
    \\  /    A nd           | Version:  10
     \\/     M anipulation  |
\*---------------------------------------------------------------------------*/
FoamFile
{
    format      ascii;
    class       volTensorField;
    location    "42.5";
    object      TauNN;
}
// * * * * * * * * * * * * * * * * * * * * * * * * * * * * * * * * * * * * * //

dimensions      [0 2 -2 0 0 0 0];

internalField   nonuniform List<tensor> 
25600
(
(1.14859e-05 -0.0127841 -0.0154285 -0.0127841 2.15702e-05 -0.00812647 -0.0154285 -0.00812647 7.47114e-05)
(4.70359e-05 -0.0127901 -0.0154152 -0.0127901 2.80095e-05 -0.0081318 -0.0154152 -0.0081318 0.000103662)
(1.66486e-05 -0.0127872 -0.0154222 -0.0127872 2.45427e-05 -0.00812318 -0.0154222 -0.00812318 8.88095e-05)
(1.31462e-05 -0.0127875 -0.0154229 -0.0127875 2.49773e-05 -0.00812222 -0.0154229 -0.00812222 8.86716e-05)
(3.74174e-05 -0.0127883 -0.0154223 -0.0127883 2.23746e-05 -0.00812796 -0.0154223 -0.00812796 5.8624e-05)
(1.8254e-05 -0.012788 -0.0154221 -0.012788 2.43872e-05 -0.00812126 -0.0154221 -0.00812126 6.71201e-05)
(1.74357e-05 -0.012791 -0.0154213 -0.012791 3.57585e-05 -0.00811455 -0.0154213 -0.00811455 9.30394e-05)
(1.8799e-06 -0.0127904 -0.0154325 -0.0127904 3.33878e-05 -0.008122 -0.0154325 -0.008122 6.45963e-05)
(-1.76379e-05 -0.0127917 -0.0154303 -0.0127917 3.41727e-05 -0.00811574 -0.0154303 -0.00811574 7.15309e-05)
(-6.0544e-07 -0.0127917 -0.0154353 -0.0127917 2.80306e-05 -0.00812561 -0.0154353 -0.00812561 4.71083e-05)
(-2.57108e-06 -0.0127954 -0.0154356 -0.0127954 3.6121e-05 -0.00812231 -0.0154356 -0.00812231 5.98996e-05)
(5.96228e-05 -0.0127898 -0.0154187 -0.0127898 3.46478e-05 -0.00812006 -0.0154187 -0.00812006 8.10713e-05)
(-3.3247e-05 -0.012796 -0.0154404 -0.012796 4.63812e-05 -0.00811694 -0.0154404 -0.00811694 6.98552e-05)
(-4.52804e-06 -0.0127963 -0.0154369 -0.0127963 3.74773e-05 -0.00812047 -0.0154369 -0.00812047 6.33931e-05)
(9.40515e-05 -0.0128071 -0.0154155 -0.0128071 5.22391e-05 -0.00814889 -0.0154155 -0.00814889 7.68147e-05)
(7.44101e-05 -0.0127964 -0.0154152 -0.0127964 3.65518e-05 -0.00814331 -0.0154152 -0.00814331 0.000120341)
(1.7952e-05 -0.0127871 -0.0154218 -0.0127871 2.92852e-05 -0.00812006 -0.0154218 -0.00812006 7.25845e-05)
(-7.00741e-06 -0.0127881 -0.0154283 -0.0127881 2.49674e-05 -0.00812015 -0.0154283 -0.00812015 7.16499e-05)
(1.57252e-05 -0.0127906 -0.0154322 -0.0127906 2.43129e-05 -0.00812555 -0.0154322 -0.00812555 5.08065e-05)
(7.47378e-05 -0.0127975 -0.0154526 -0.0127975 2.94223e-05 -0.00813622 -0.0154526 -0.00813622 5.1198e-05)
(2.52409e-05 -0.0127892 -0.0154223 -0.0127892 2.48044e-05 -0.00812292 -0.0154223 -0.00812292 9.89994e-05)
(2.52854e-05 -0.0127867 -0.0154229 -0.0127867 2.25138e-05 -0.00812666 -0.0154229 -0.00812666 7.44122e-05)
(1.41248e-05 -0.0127941 -0.0154513 -0.0127941 3.56173e-05 -0.00813791 -0.0154513 -0.00813791 5.18136e-05)
(3.72892e-05 -0.0127919 -0.0154186 -0.0127919 2.9294e-05 -0.00811888 -0.0154186 -0.00811888 9.62135e-05)
(5.47181e-05 -0.0127906 -0.0154145 -0.0127906 2.67738e-05 -0.00813335 -0.0154145 -0.00813335 8.38337e-05)
(2.32159e-05 -0.0127854 -0.0154286 -0.0127854 2.10897e-05 -0.00812977 -0.0154286 -0.00812977 5.00149e-05)
(3.41474e-05 -0.0127872 -0.015423 -0.0127872 2.4884e-05 -0.00813195 -0.015423 -0.00813195 7.8921e-05)
(5.90746e-05 -0.0127939 -0.0154162 -0.0127939 3.03429e-05 -0.00813719 -0.0154162 -0.00813719 6.69169e-05)
(4.17889e-05 -0.0127886 -0.0154289 -0.0127886 2.61196e-05 -0.00813139 -0.0154289 -0.00813139 5.4688e-05)
(2.37579e-05 -0.0127865 -0.0154192 -0.0127865 2.49804e-05 -0.0081266 -0.0154192 -0.0081266 9.06696e-05)
(5.59268e-05 -0.0127885 -0.0154111 -0.0127885 2.42397e-05 -0.00812347 -0.0154111 -0.00812347 7.79981e-05)
(4.91349e-05 -0.0127916 -0.0154232 -0.0127916 2.59032e-05 -0.0081339 -0.0154232 -0.0081339 5.33014e-05)
(6.50482e-05 -0.0127909 -0.0154211 -0.0127909 3.07016e-05 -0.00813672 -0.0154211 -0.00813672 8.09623e-05)
(3.23671e-05 -0.0127935 -0.0154185 -0.0127935 3.36734e-05 -0.00811609 -0.0154185 -0.00811609 0.000107431)
(2.43657e-05 -0.012788 -0.0154203 -0.012788 2.56083e-05 -0.0081205 -0.0154203 -0.0081205 7.21975e-05)
(2.95355e-05 -0.0127886 -0.0154247 -0.0127886 2.31507e-05 -0.00812496 -0.0154247 -0.00812496 7.14696e-05)
(1.20302e-05 -0.0127885 -0.0154214 -0.0127885 2.68856e-05 -0.00811876 -0.0154214 -0.00811876 9.00214e-05)
(4.91241e-05 -0.0127914 -0.015425 -0.0127914 2.20126e-05 -0.00813098 -0.015425 -0.00813098 4.60517e-05)
(7.59988e-05 -0.0127926 -0.0154094 -0.0127926 2.71942e-05 -0.00812828 -0.0154094 -0.00812828 9.19481e-05)
(2.5044e-05 -0.0127869 -0.0154227 -0.0127869 2.43422e-05 -0.00812643 -0.0154227 -0.00812643 8.02463e-05)
(2.54552e-05 -0.0127876 -0.0154268 -0.0127876 2.04977e-05 -0.00812496 -0.0154268 -0.00812496 6.63054e-05)
(3.409e-05 -0.0127883 -0.0154266 -0.0127883 2.15055e-05 -0.00812882 -0.0154266 -0.00812882 5.25717e-05)
(3.41936e-05 -0.0127906 -0.015418 -0.0127906 2.96138e-05 -0.00811798 -0.015418 -0.00811798 9.67972e-05)
(3.93775e-05 -0.0127898 -0.0154235 -0.0127898 2.2789e-05 -0.00812618 -0.0154235 -0.00812618 5.55074e-05)
(2.14784e-05 -0.0127917 -0.0154208 -0.0127917 3.09268e-05 -0.0081166 -0.0154208 -0.0081166 0.000101508)
(5.28885e-05 -0.0127883 -0.0154092 -0.0127883 2.62082e-05 -0.00812282 -0.0154092 -0.00812282 9.23029e-05)
(6.85055e-05 -0.0128008 -0.0154323 -0.0128008 3.42859e-05 -0.00813601 -0.0154323 -0.00813601 3.48259e-05)
(6.34999e-05 -0.0127952 -0.0154292 -0.0127952 2.90136e-05 -0.0081344 -0.0154292 -0.0081344 3.90531e-05)
(2.11662e-05 -0.0127866 -0.0154231 -0.0127866 2.18058e-05 -0.00812614 -0.0154231 -0.00812614 7.34842e-05)
(3.19332e-05 -0.01279 -0.0154185 -0.01279 2.72032e-05 -0.00811968 -0.0154185 -0.00811968 9.59261e-05)
(1.99727e-05 -0.0127911 -0.015423 -0.0127911 2.88997e-05 -0.00811669 -0.015423 -0.00811669 8.30826e-05)
(6.42341e-05 -0.0127906 -0.015411 -0.0127906 2.55633e-05 -0.00812726 -0.015411 -0.00812726 8.21697e-05)
(4.21175e-05 -0.012789 -0.0154177 -0.012789 2.42188e-05 -0.00812737 -0.0154177 -0.00812737 8.3238e-05)
(2.02772e-05 -0.0127885 -0.0154379 -0.0127885 1.99679e-05 -0.00812572 -0.0154379 -0.00812572 3.33201e-05)
(4.86246e-05 -0.0127878 -0.0154207 -0.0127878 2.89529e-05 -0.00813776 -0.0154207 -0.00813776 9.41121e-05)
(0.000121513 -0.0128004 -0.0154177 -0.0128004 2.95202e-05 -0.00813373 -0.0154177 -0.00813373 6.05393e-05)
(6.71664e-05 -0.0127936 -0.0154157 -0.0127936 2.64507e-05 -0.00812694 -0.0154157 -0.00812694 8.61803e-05)
(4.81374e-05 -0.0127827 -0.0154289 -0.0127827 2.49633e-05 -0.00813525 -0.0154289 -0.00813525 6.23142e-05)
(4.62451e-05 -0.0127888 -0.0154153 -0.0127888 2.49031e-05 -0.00812364 -0.0154153 -0.00812364 7.03526e-05)
(7.63102e-05 -0.0127978 -0.0154148 -0.0127978 3.04558e-05 -0.00813602 -0.0154148 -0.00813602 6.83089e-05)
(4.15501e-05 -0.012784 -0.0154302 -0.012784 2.67712e-05 -0.00813586 -0.0154302 -0.00813586 4.5998e-05)
(-1.21981e-05 -0.0127944 -0.0154373 -0.0127944 2.95973e-05 -0.00811585 -0.0154373 -0.00811585 8.12694e-05)
(6.07652e-05 -0.0127937 -0.0154189 -0.0127937 2.47632e-05 -0.00813143 -0.0154189 -0.00813143 5.85616e-05)
(7.40687e-05 -0.0128024 -0.0154249 -0.0128024 3.26509e-05 -0.008136 -0.0154249 -0.008136 4.2384e-05)
(3.09251e-05 -0.0127877 -0.0154266 -0.0127877 2.16852e-05 -0.0081276 -0.0154266 -0.0081276 5.85357e-05)
(3.82265e-05 -0.0127888 -0.0154225 -0.0127888 2.33749e-05 -0.00812716 -0.0154225 -0.00812716 6.84405e-05)
(3.39317e-05 -0.012791 -0.0154193 -0.012791 2.88978e-05 -0.00812233 -0.0154193 -0.00812233 0.000105466)
(1.14184e-05 -0.0127939 -0.0154292 -0.0127939 3.02256e-05 -0.00811735 -0.0154292 -0.00811735 0.000101841)
(3.90452e-05 -0.0127896 -0.0154207 -0.0127896 2.65301e-05 -0.00813001 -0.0154207 -0.00813001 0.00010406)
(0.000103037 -0.0127959 -0.0154022 -0.0127959 3.12017e-05 -0.00813441 -0.0154022 -0.00813441 0.000107561)
(3.56122e-05 -0.0127878 -0.0154198 -0.0127878 2.29831e-05 -0.00812802 -0.0154198 -0.00812802 7.01964e-05)
(3.90682e-05 -0.0127793 -0.0154347 -0.0127793 2.35338e-05 -0.00813428 -0.0154347 -0.00813428 6.45648e-05)
(8.15884e-05 -0.0127969 -0.0154146 -0.0127969 2.79093e-05 -0.00813351 -0.0154146 -0.00813351 6.55684e-05)
(9.25272e-05 -0.0127949 -0.0154172 -0.0127949 2.5234e-05 -0.0081285 -0.0154172 -0.0081285 6.49031e-05)
(2.74489e-05 -0.0127875 -0.0154223 -0.0127875 2.27781e-05 -0.00812569 -0.0154223 -0.00812569 8.25006e-05)
(8.08409e-05 -0.0128025 -0.0154166 -0.0128025 3.52706e-05 -0.00813918 -0.0154166 -0.00813918 5.75239e-05)
(8.61449e-05 -0.0127962 -0.0154094 -0.0127962 2.96555e-05 -0.00813308 -0.0154094 -0.00813308 9.49527e-05)
(4.35644e-05 -0.0127915 -0.0154215 -0.0127915 2.8938e-05 -0.00813068 -0.0154215 -0.00813068 0.000114703)
(4.42532e-05 -0.0127918 -0.0154322 -0.0127918 3.14008e-05 -0.00813531 -0.0154322 -0.00813531 3.39101e-05)
(5.03422e-05 -0.0127851 -0.0154283 -0.0127851 2.8787e-05 -0.00813793 -0.0154283 -0.00813793 5.91944e-05)
(8.193e-06 -0.0127921 -0.0154352 -0.0127921 2.81574e-05 -0.00812291 -0.0154352 -0.00812291 5.57217e-05)
(4.7708e-05 -0.012792 -0.0154388 -0.012792 2.39313e-05 -0.00813267 -0.0154388 -0.00813267 4.35462e-05)
(1.88033e-05 -0.0127881 -0.0154238 -0.0127881 2.29141e-05 -0.00812232 -0.0154238 -0.00812232 6.37425e-05)
(2.31249e-05 -0.0127881 -0.0154313 -0.0127881 2.03065e-05 -0.00812841 -0.0154313 -0.00812841 4.27921e-05)
(5.71765e-05 -0.0127952 -0.0154178 -0.0127952 2.89307e-05 -0.00813633 -0.0154178 -0.00813633 6.36435e-05)
(2.76764e-05 -0.0127854 -0.0154381 -0.0127854 2.20849e-05 -0.00812444 -0.0154381 -0.00812444 8.62799e-05)
(3.50964e-05 -0.0127865 -0.0154253 -0.0127865 2.31896e-05 -0.0081279 -0.0154253 -0.0081279 7.59149e-05)
(9.89418e-05 -0.0128018 -0.0154068 -0.0128018 3.57472e-05 -0.00814001 -0.0154068 -0.00814001 8.36039e-05)
(0.000100377 -0.0128002 -0.0154069 -0.0128002 3.42918e-05 -0.00813859 -0.0154069 -0.00813859 8.78744e-05)
(7.81859e-05 -0.0128011 -0.0154207 -0.0128011 3.46519e-05 -0.0081381 -0.0154207 -0.0081381 5.50384e-05)
(2.42706e-05 -0.0127855 -0.0154291 -0.0127855 1.99929e-05 -0.008131 -0.0154291 -0.008131 4.5382e-05)
(4.0032e-05 -0.0127889 -0.0154279 -0.0127889 2.20828e-05 -0.00813089 -0.0154279 -0.00813089 5.06073e-05)
(5.08512e-05 -0.0127921 -0.0154243 -0.0127921 2.43578e-05 -0.00813234 -0.0154243 -0.00813234 4.98291e-05)
(1.26304e-05 -0.0127887 -0.0154322 -0.0127887 2.12149e-05 -0.00812284 -0.0154322 -0.00812284 5.87856e-05)
(2.80819e-05 -0.0127896 -0.0154268 -0.0127896 2.34603e-05 -0.00812395 -0.0154268 -0.00812395 6.8749e-05)
(6.74775e-05 -0.0127905 -0.0154123 -0.0127905 3.41237e-05 -0.00811773 -0.0154123 -0.00811773 0.000100926)
(4.48046e-05 -0.0127903 -0.0154183 -0.0127903 2.5113e-05 -0.00813175 -0.0154183 -0.00813175 8.5762e-05)
(5.07671e-07 -0.012795 -0.0154301 -0.012795 3.37036e-05 -0.0081119 -0.0154301 -0.0081119 9.80503e-05)
(-8.8218e-06 -0.0127918 -0.0154292 -0.0127918 3.1815e-05 -0.00811427 -0.0154292 -0.00811427 8.52289e-05)
(4.65614e-05 -0.0127918 -0.015426 -0.0127918 3.54597e-05 -0.00814176 -0.015426 -0.00814176 5.4698e-05)
(0.000118015 -0.0128123 -0.0154089 -0.0128123 5.47627e-05 -0.00815026 -0.0154089 -0.00815026 8.4233e-05)
(5.94954e-05 -0.0127935 -0.0154165 -0.0127935 3.09072e-05 -0.00813103 -0.0154165 -0.00813103 0.000116497)
(-2.02622e-05 -0.0128063 -0.0154499 -0.0128063 3.81847e-05 -0.00811113 -0.0154499 -0.00811113 7.82074e-05)
(5.28728e-05 -0.0127898 -0.015421 -0.0127898 2.3841e-05 -0.00812754 -0.015421 -0.00812754 6.26364e-05)
(0.000105971 -0.0127952 -0.0154038 -0.0127952 2.88293e-05 -0.0081263 -0.0154038 -0.0081263 9.41588e-05)
(4.09377e-05 -0.01279 -0.0154192 -0.01279 2.32327e-05 -0.00812473 -0.0154192 -0.00812473 6.96351e-05)
(4.38616e-05 -0.0127899 -0.0154195 -0.0127899 2.46118e-05 -0.00813298 -0.0154195 -0.00813298 6.56544e-05)
(1.5271e-05 -0.0127867 -0.0154256 -0.0127867 1.99573e-05 -0.00812395 -0.0154256 -0.00812395 6.28577e-05)
(-6.4935e-06 -0.0127978 -0.015439 -0.0127978 3.16996e-05 -0.00811996 -0.015439 -0.00811996 5.6562e-05)
(2.23584e-05 -0.0127915 -0.0154284 -0.0127915 2.62291e-05 -0.00812152 -0.0154284 -0.00812152 6.90106e-05)
(3.30679e-05 -0.0127896 -0.015427 -0.0127896 2.29973e-05 -0.00812645 -0.015427 -0.00812645 5.47794e-05)
(1.48456e-05 -0.0127939 -0.0154294 -0.0127939 2.8234e-05 -0.00811634 -0.0154294 -0.00811634 8.61788e-05)
(7.04164e-05 -0.0127943 -0.0154128 -0.0127943 3.15998e-05 -0.0081184 -0.0154128 -0.0081184 0.000106604)
(8.37548e-05 -0.0128086 -0.0154201 -0.0128086 4.42047e-05 -0.00814209 -0.0154201 -0.00814209 4.65222e-05)
(2.33736e-05 -0.0127864 -0.0154332 -0.0127864 1.94688e-05 -0.00812608 -0.0154332 -0.00812608 5.08566e-05)
(-4.41604e-06 -0.0127958 -0.0154358 -0.0127958 3.05079e-05 -0.00811568 -0.0154358 -0.00811568 7.94907e-05)
(7.897e-05 -0.0128011 -0.0154163 -0.0128011 3.32303e-05 -0.00813792 -0.0154163 -0.00813792 5.97412e-05)
(1.63028e-05 -0.0127898 -0.0154248 -0.0127898 2.68574e-05 -0.00811987 -0.0154248 -0.00811987 8.07122e-05)
(4.9585e-05 -0.0127885 -0.0154252 -0.0127885 2.46842e-05 -0.00813197 -0.0154252 -0.00813197 5.8947e-05)
(6.77751e-05 -0.0127941 -0.0154174 -0.0127941 2.38287e-05 -0.00812821 -0.0154174 -0.00812821 5.94002e-05)
(1.56193e-05 -0.0127909 -0.0154282 -0.0127909 2.56652e-05 -0.00811964 -0.0154282 -0.00811964 8.84338e-05)
(-2.62794e-05 -0.012801 -0.015441 -0.012801 4.13073e-05 -0.0081135 -0.015441 -0.0081135 7.46908e-05)
(7.25274e-05 -0.0128123 -0.0154276 -0.0128123 6.67416e-05 -0.00814444 -0.0154276 -0.00814444 3.20809e-05)
(-4.03249e-06 -0.0127952 -0.0154372 -0.0127952 3.00716e-05 -0.00811557 -0.0154372 -0.00811557 9.57303e-05)
(3.46413e-05 -0.0127881 -0.0154203 -0.0127881 2.22767e-05 -0.00812578 -0.0154203 -0.00812578 7.69866e-05)
(9.40453e-05 -0.0128004 -0.0154178 -0.0128004 3.1081e-05 -0.00813526 -0.0154178 -0.00813526 6.00901e-05)
(-4.87887e-05 -0.0128054 -0.0154458 -0.0128054 5.58377e-05 -0.0081123 -0.0154458 -0.0081123 7.51138e-05)
(3.27571e-05 -0.0127885 -0.0154273 -0.0127885 2.0474e-05 -0.00812983 -0.0154273 -0.00812983 4.65104e-05)
(3.7524e-05 -0.0127881 -0.0154205 -0.0127881 2.70361e-05 -0.00813433 -0.0154205 -0.00813433 0.000101377)
(5.62482e-05 -0.012791 -0.0154178 -0.012791 2.46594e-05 -0.00813062 -0.0154178 -0.00813062 6.94412e-05)
(7.432e-05 -0.0127946 -0.0154173 -0.0127946 2.62549e-05 -0.00813129 -0.0154173 -0.00813129 6.79553e-05)
(7.03973e-05 -0.0127927 -0.0154133 -0.0127927 2.59093e-05 -0.00812989 -0.0154133 -0.00812989 7.47367e-05)
(7.23153e-05 -0.0127947 -0.0154158 -0.0127947 2.90785e-05 -0.00813479 -0.0154158 -0.00813479 6.768e-05)
(2.6151e-05 -0.0127833 -0.0154317 -0.0127833 1.88767e-05 -0.00812953 -0.0154317 -0.00812953 4.39021e-05)
(4.34047e-05 -0.0127901 -0.0154207 -0.0127901 2.23383e-05 -0.00812653 -0.0154207 -0.00812653 5.95601e-05)
(7.72726e-05 -0.0127919 -0.0154107 -0.0127919 2.56134e-05 -0.00812395 -0.0154107 -0.00812395 7.82481e-05)
(3.62936e-05 -0.0127912 -0.0154327 -0.0127912 2.53847e-05 -0.00812805 -0.0154327 -0.00812805 5.34746e-05)
(6.42503e-05 -0.0127919 -0.0154122 -0.0127919 2.5191e-05 -0.00812429 -0.0154122 -0.00812429 8.4999e-05)
(-8.52972e-06 -0.012799 -0.0154476 -0.012799 3.10958e-05 -0.00811217 -0.0154476 -0.00811217 8.98079e-05)
(7.39428e-06 -0.0128132 -0.0154532 -0.0128132 4.20181e-05 -0.00811652 -0.0154532 -0.00811652 6.34395e-05)
(7.82787e-05 -0.0127945 -0.0154122 -0.0127945 2.66549e-05 -0.00812947 -0.0154122 -0.00812947 7.8065e-05)
(0.000133187 -0.0128147 -0.0154036 -0.0128147 5.08736e-05 -0.0081486 -0.0154036 -0.0081486 8.88174e-05)
(3.9443e-05 -0.0127866 -0.0154126 -0.0127866 2.48281e-05 -0.0081222 -0.0154126 -0.0081222 8.43015e-05)
(-3.7611e-06 -0.0127947 -0.0154299 -0.0127947 3.36326e-05 -0.00811301 -0.0154299 -0.00811301 9.35585e-05)
(3.19745e-05 -0.0127885 -0.0154221 -0.0127885 2.16356e-05 -0.00812746 -0.0154221 -0.00812746 5.95905e-05)
(3.13872e-05 -0.0127851 -0.0154279 -0.0127851 2.27012e-05 -0.00813343 -0.0154279 -0.00813343 5.68161e-05)
(3.56379e-05 -0.0127884 -0.0154253 -0.0127884 2.11759e-05 -0.00812941 -0.0154253 -0.00812941 5.62524e-05)
(9.31623e-05 -0.0127933 -0.0154108 -0.0127933 2.71243e-05 -0.00812753 -0.0154108 -0.00812753 7.80654e-05)
(6.14449e-05 -0.0127974 -0.0154224 -0.0127974 3.52354e-05 -0.00813982 -0.0154224 -0.00813982 5.1267e-05)
(1.71881e-05 -0.0127951 -0.0154277 -0.0127951 3.70059e-05 -0.00811151 -0.0154277 -0.00811151 9.07645e-05)
(2.03028e-05 -0.0127936 -0.015425 -0.0127936 3.15164e-05 -0.00811482 -0.015425 -0.00811482 9.75415e-05)
(-6.89439e-06 -0.0127949 -0.0154394 -0.0127949 2.6003e-05 -0.00811734 -0.0154394 -0.00811734 6.13684e-05)
(-1.83941e-05 -0.0128004 -0.0154429 -0.0128004 3.36262e-05 -0.00811273 -0.0154429 -0.00811273 7.55225e-05)
(9.45169e-05 -0.0128133 -0.0154117 -0.0128133 6.58623e-05 -0.00815507 -0.0154117 -0.00815507 8.7215e-05)
(0.000141601 -0.0128124 -0.0154008 -0.0128124 4.88496e-05 -0.00814801 -0.0154008 -0.00814801 9.581e-05)
(-1.48542e-06 -0.0127951 -0.0154325 -0.0127951 3.21178e-05 -0.00811433 -0.0154325 -0.00811433 9.28173e-05)
(3.93611e-05 -0.0127887 -0.015416 -0.0127887 2.61523e-05 -0.00812168 -0.015416 -0.00812168 8.73365e-05)
(7.62735e-05 -0.0127999 -0.0154159 -0.0127999 4.24597e-05 -0.00814603 -0.0154159 -0.00814603 7.8583e-05)
(-3.38358e-05 -0.0128005 -0.0154415 -0.0128005 4.03588e-05 -0.00810909 -0.0154415 -0.00810909 0.000107852)
(6.02943e-05 -0.0127923 -0.0154134 -0.0127923 2.49792e-05 -0.00813087 -0.0154134 -0.00813087 7.35492e-05)
(0.000120071 -0.0127997 -0.0154136 -0.0127997 2.94956e-05 -0.00813204 -0.0154136 -0.00813204 6.41454e-05)
(2.30323e-05 -0.0127853 -0.0154371 -0.0127853 1.86451e-05 -0.0081257 -0.0154371 -0.0081257 3.34523e-05)
(1.51624e-05 -0.0127875 -0.0154328 -0.0127875 2.10952e-05 -0.00812452 -0.0154328 -0.00812452 6.07492e-05)
(0.00014058 -0.0127983 -0.0153993 -0.0127983 3.09019e-05 -0.00812816 -0.0153993 -0.00812816 0.000103837)
(-5.35216e-06 -0.0127935 -0.0154356 -0.0127935 2.64829e-05 -0.00811887 -0.0154356 -0.00811887 6.01594e-05)
(4.07558e-05 -0.0127899 -0.0154217 -0.0127899 2.22636e-05 -0.00812924 -0.0154217 -0.00812924 4.72936e-05)
(-5.63459e-06 -0.0127887 -0.0154297 -0.0127887 2.52131e-05 -0.008119 -0.0154297 -0.008119 6.03654e-05)
(-1.16765e-05 -0.0128183 -0.0154491 -0.0128183 4.89909e-05 -0.00813675 -0.0154491 -0.00813675 5.12878e-05)
(7.56075e-05 -0.0128008 -0.015436 -0.0128008 3.15964e-05 -0.00813516 -0.015436 -0.00813516 4.02417e-05)
(7.10253e-05 -0.0127929 -0.015416 -0.0127929 2.52474e-05 -0.00813006 -0.015416 -0.00813006 5.7333e-05)
(-2.75571e-06 -0.0127922 -0.0154331 -0.0127922 2.92727e-05 -0.00812182 -0.0154331 -0.00812182 5.72789e-05)
(2.21593e-05 -0.0127884 -0.0154264 -0.0127884 2.30107e-05 -0.00812566 -0.0154264 -0.00812566 5.51575e-05)
(6.63337e-05 -0.0127945 -0.0154127 -0.0127945 3.19968e-05 -0.00813799 -0.0154127 -0.00813799 9.12671e-05)
(3.13471e-05 -0.0127877 -0.0154267 -0.0127877 2.26329e-05 -0.00813245 -0.0154267 -0.00813245 4.38103e-05)
(3.15002e-05 -0.0127921 -0.0154311 -0.0127921 2.77073e-05 -0.00812496 -0.0154311 -0.00812496 5.27869e-05)
(0.000113197 -0.0128032 -0.0154054 -0.0128032 3.2486e-05 -0.00813563 -0.0154054 -0.00813563 7.48923e-05)
(2.71339e-05 -0.0127867 -0.0154248 -0.0127867 2.17396e-05 -0.0081276 -0.0154248 -0.0081276 6.30862e-05)
(4.74135e-05 -0.0127926 -0.015425 -0.0127926 2.69685e-05 -0.00813481 -0.015425 -0.00813481 4.5333e-05)
(0.000113571 -0.012815 -0.0154115 -0.012815 6.23798e-05 -0.00815294 -0.0154115 -0.00815294 8.22448e-05)
(-1.56342e-05 -0.0128083 -0.0154567 -0.0128083 4.18559e-05 -0.00811335 -0.0154567 -0.00811335 0.000118045)
(-6.71913e-05 -0.0128122 -0.0154536 -0.0128122 5.01064e-05 -0.00810758 -0.0154536 -0.00810758 7.82435e-05)
(5.56714e-05 -0.0127917 -0.0154235 -0.0127917 2.60865e-05 -0.00812468 -0.0154235 -0.00812468 5.8577e-05)
(7.42252e-05 -0.0128026 -0.0154233 -0.0128026 3.43281e-05 -0.00813732 -0.0154233 -0.00813732 4.1493e-05)
(6.19595e-05 -0.0128002 -0.0154276 -0.0128002 4.31631e-05 -0.00814004 -0.0154276 -0.00814004 3.84206e-05)
(2.70084e-05 -0.0127854 -0.015426 -0.0127854 2.08104e-05 -0.00813106 -0.015426 -0.00813106 5.68432e-05)
(2.12485e-05 -0.012789 -0.0154272 -0.012789 2.33796e-05 -0.00812366 -0.0154272 -0.00812366 6.55758e-05)
(8.67781e-05 -0.0127934 -0.0154097 -0.0127934 2.77932e-05 -0.00812588 -0.0154097 -0.00812588 8.57914e-05)
(1.56471e-05 -0.0127848 -0.0154277 -0.0127848 2.17993e-05 -0.00812658 -0.0154277 -0.00812658 7.20133e-05)
(5.65142e-05 -0.0127952 -0.015417 -0.0127952 2.96372e-05 -0.00813703 -0.015417 -0.00813703 6.27912e-05)
(0.000114542 -0.0128166 -0.0154176 -0.0128166 4.91834e-05 -0.00814273 -0.0154176 -0.00814273 5.019e-05)
(4.10041e-05 -0.0127905 -0.0154276 -0.0127905 2.94257e-05 -0.00813637 -0.0154276 -0.00813637 3.91703e-05)
(8.37809e-06 -0.0127877 -0.0154388 -0.0127877 2.2614e-05 -0.00813069 -0.0154388 -0.00813069 4.06169e-05)
(3.67747e-05 -0.0127974 -0.0154415 -0.0127974 2.47603e-05 -0.00812721 -0.0154415 -0.00812721 3.54164e-05)
(-5.19942e-05 -0.0128219 -0.0154543 -0.0128219 5.82219e-05 -0.00811838 -0.0154543 -0.00811838 6.20414e-05)
(0.000154564 -0.0127987 -0.0153957 -0.0127987 3.03557e-05 -0.00813088 -0.0153957 -0.00813088 9.26078e-05)
(8.0036e-05 -0.0128157 -0.0154265 -0.0128157 6.13961e-05 -0.00814364 -0.0154265 -0.00814364 3.35327e-05)
(3.69898e-05 -0.0127841 -0.015437 -0.0127841 1.88858e-05 -0.00812936 -0.015437 -0.00812936 3.4645e-05)
(0.000100682 -0.012818 -0.0154214 -0.012818 7.81636e-05 -0.00815086 -0.0154214 -0.00815086 4.80844e-05)
(7.93573e-05 -0.0128059 -0.015416 -0.0128059 4.75754e-05 -0.00814798 -0.015416 -0.00814798 7.29778e-05)
(5.67532e-05 -0.0127925 -0.0154189 -0.0127925 3.37138e-05 -0.00814086 -0.0154189 -0.00814086 7.43965e-05)
(6.92092e-05 -0.012798 -0.0154154 -0.012798 3.00103e-05 -0.00813586 -0.0154154 -0.00813586 5.82458e-05)
(6.49931e-05 -0.0127993 -0.0154203 -0.0127993 5.44343e-05 -0.00815267 -0.0154203 -0.00815267 8.4983e-05)
(1.29095e-07 -0.0127966 -0.0154308 -0.0127966 4.14857e-05 -0.00811169 -0.0154308 -0.00811169 8.77489e-05)
(-4.6535e-06 -0.0127944 -0.0154388 -0.0127944 3.04936e-05 -0.00812626 -0.0154388 -0.00812626 4.15308e-05)
(2.09874e-05 -0.0127855 -0.0154212 -0.0127855 2.1737e-05 -0.00812884 -0.0154212 -0.00812884 7.2891e-05)
(7.50856e-05 -0.0127893 -0.0154063 -0.0127893 2.65725e-05 -0.00812222 -0.0154063 -0.00812222 9.08425e-05)
(0.000109604 -0.0128013 -0.0154081 -0.0128013 3.1197e-05 -0.00813404 -0.0154081 -0.00813404 6.99102e-05)
(2.53229e-05 -0.012791 -0.0154395 -0.012791 2.27582e-05 -0.00812495 -0.0154395 -0.00812495 3.98295e-05)
(-2.07402e-05 -0.0128176 -0.0154477 -0.0128176 4.7105e-05 -0.00813041 -0.0154477 -0.00813041 4.11279e-05)
(0.000121341 -0.0127944 -0.0154173 -0.0127944 2.82286e-05 -0.00812854 -0.0154173 -0.00812854 6.65076e-05)
(6.99318e-05 -0.0127923 -0.0154179 -0.0127923 2.98404e-05 -0.00812205 -0.0154179 -0.00812205 7.45854e-05)
(-3.85528e-05 -0.0128001 -0.0154399 -0.0128001 3.93353e-05 -0.00811161 -0.0154399 -0.00811161 7.91415e-05)
(1.01209e-05 -0.0127881 -0.0154235 -0.0127881 2.47869e-05 -0.00811892 -0.0154235 -0.00811892 7.80175e-05)
(6.2987e-05 -0.0127944 -0.0154164 -0.0127944 2.48647e-05 -0.0081306 -0.0154164 -0.0081306 6.57347e-05)
(3.19873e-05 -0.012791 -0.0154309 -0.012791 2.16211e-05 -0.00812773 -0.0154309 -0.00812773 4.06284e-05)
(4.11719e-05 -0.0127902 -0.0154283 -0.0127902 2.25353e-05 -0.00812992 -0.0154283 -0.00812992 4.77359e-05)
(5.78361e-05 -0.0127995 -0.0154374 -0.0127995 4.85701e-05 -0.0081338 -0.0154374 -0.0081338 3.24208e-05)
(8.57568e-06 -0.0127909 -0.0154385 -0.0127909 2.13518e-05 -0.00812585 -0.0154385 -0.00812585 4.09682e-05)
(4.41909e-05 -0.0127916 -0.015431 -0.0127916 2.44758e-05 -0.00813243 -0.015431 -0.00813243 3.41872e-05)
(7.44019e-05 -0.0128027 -0.0154257 -0.0128027 3.05287e-05 -0.00813486 -0.0154257 -0.00813486 3.5808e-05)
(3.4288e-05 -0.0127921 -0.015421 -0.0127921 2.83705e-05 -0.00811851 -0.015421 -0.00811851 9.21926e-05)
(-2.7578e-05 -0.0128051 -0.0154449 -0.0128051 4.31748e-05 -0.00812092 -0.0154449 -0.00812092 5.48669e-05)
(3.29272e-05 -0.0127836 -0.0154291 -0.0127836 2.45571e-05 -0.00813336 -0.0154291 -0.00813336 8.91332e-05)
(7.81314e-05 -0.0127964 -0.0154155 -0.0127964 3.70465e-05 -0.00814245 -0.0154155 -0.00814245 9.38311e-05)
(9.25287e-05 -0.0128024 -0.015457 -0.0128024 3.30501e-05 -0.00813596 -0.015457 -0.00813596 5.57337e-05)
(1.79059e-05 -0.0127877 -0.0154275 -0.0127877 2.15509e-05 -0.00812595 -0.0154275 -0.00812595 5.09098e-05)
(3.19876e-05 -0.0127904 -0.0154293 -0.0127904 2.45682e-05 -0.00813305 -0.0154293 -0.00813305 2.98172e-05)
(6.63633e-05 -0.0127954 -0.0154176 -0.0127954 3.16094e-05 -0.00813827 -0.0154176 -0.00813827 7.82514e-05)
(-3.36857e-05 -0.0128035 -0.0154458 -0.0128035 4.05906e-05 -0.00810955 -0.0154458 -0.00810955 0.000106005)
(7.90171e-05 -0.0127965 -0.0154118 -0.0127965 4.13014e-05 -0.00814736 -0.0154118 -0.00814736 0.000112571)
(0.000132742 -0.0128227 -0.015405 -0.0128227 7.74951e-05 -0.00815543 -0.015405 -0.00815543 8.98383e-05)
(7.28693e-05 -0.0128034 -0.0154195 -0.0128034 5.1456e-05 -0.00814858 -0.0154195 -0.00814858 6.60632e-05)
(4.77691e-05 -0.0127909 -0.0154241 -0.0127909 2.67425e-05 -0.00813482 -0.0154241 -0.00813482 5.39052e-05)
(-5.73383e-06 -0.0127964 -0.015439 -0.0127964 3.5579e-05 -0.00811912 -0.015439 -0.00811912 6.50863e-05)
(1.90483e-05 -0.0127919 -0.0154396 -0.0127919 2.31873e-05 -0.00811835 -0.0154396 -0.00811835 7.68493e-05)
(5.48302e-05 -0.0127959 -0.0154242 -0.0127959 4.41694e-05 -0.00814599 -0.0154242 -0.00814599 5.81836e-05)
(1.6451e-05 -0.0127894 -0.0154325 -0.0127894 2.2644e-05 -0.00812599 -0.0154325 -0.00812599 4.92741e-05)
(-4.55719e-05 -0.0128119 -0.0154506 -0.0128119 5.1097e-05 -0.0081241 -0.0154506 -0.0081241 4.75063e-05)
(5.73247e-05 -0.0127931 -0.0154188 -0.0127931 2.45159e-05 -0.00813141 -0.0154188 -0.00813141 5.76774e-05)
(0.000116793 -0.012799 -0.0154069 -0.012799 2.76166e-05 -0.00812996 -0.0154069 -0.00812996 6.94854e-05)
(4.14712e-05 -0.0127896 -0.0154269 -0.0127896 2.28408e-05 -0.00813013 -0.0154269 -0.00813013 5.16663e-05)
(3.77223e-05 -0.0127903 -0.0154341 -0.0127903 2.22154e-05 -0.00812978 -0.0154341 -0.00812978 4.61207e-05)
(0.000110342 -0.0127963 -0.0154108 -0.0127963 2.71866e-05 -0.00812817 -0.0154108 -0.00812817 6.66145e-05)
(5.18441e-05 -0.0127971 -0.015424 -0.0127971 3.38243e-05 -0.00813881 -0.015424 -0.00813881 4.36225e-05)
(-1.21641e-05 -0.0128034 -0.0154471 -0.0128034 3.52338e-05 -0.00812269 -0.0154471 -0.00812269 5.16091e-05)
(4.52735e-05 -0.0127918 -0.0154237 -0.0127918 2.59753e-05 -0.00812279 -0.0154237 -0.00812279 7.40987e-05)
(7.17112e-05 -0.0128028 -0.0154228 -0.0128028 5.29368e-05 -0.00814839 -0.0154228 -0.00814839 5.70557e-05)
(5.37653e-05 -0.0127983 -0.0154259 -0.0127983 3.99699e-05 -0.00814095 -0.0154259 -0.00814095 4.27421e-05)
(7.59369e-05 -0.012794 -0.0154121 -0.012794 2.71176e-05 -0.00813186 -0.0154121 -0.00813186 8.21005e-05)
(2.10617e-05 -0.0127924 -0.0154291 -0.0127924 3.50483e-05 -0.00811805 -0.0154291 -0.00811805 7.24105e-05)
(4.32179e-05 -0.012793 -0.0154381 -0.012793 2.58645e-05 -0.00813113 -0.0154381 -0.00813113 4.04011e-05)
(1.85684e-05 -0.0127882 -0.0154284 -0.0127882 1.98556e-05 -0.00812522 -0.0154284 -0.00812522 5.07013e-05)
(3.69051e-05 -0.0127837 -0.0154288 -0.0127837 2.25333e-05 -0.00813111 -0.0154288 -0.00813111 8.48327e-05)
(5.45098e-05 -0.0127922 -0.0154252 -0.0127922 3.71421e-05 -0.0081422 -0.0154252 -0.0081422 5.76126e-05)
(7.96876e-05 -0.0128082 -0.0154208 -0.0128082 4.94715e-05 -0.00814582 -0.0154208 -0.00814582 5.07464e-05)
(4.93894e-05 -0.0127954 -0.0154301 -0.0127954 4.19647e-05 -0.00813858 -0.0154301 -0.00813858 3.10409e-05)
(2.49195e-05 -0.0127896 -0.0154385 -0.0127896 2.36633e-05 -0.00813174 -0.0154385 -0.00813174 4.07216e-05)
(6.2317e-05 -0.0127973 -0.0154304 -0.0127973 2.88237e-05 -0.00813447 -0.0154304 -0.00813447 4.02519e-05)
(-1.52066e-06 -0.0128017 -0.0154505 -0.0128017 4.04732e-05 -0.00813657 -0.0154505 -0.00813657 5.05174e-05)
(2.8223e-05 -0.0127883 -0.0154289 -0.0127883 2.03837e-05 -0.00812865 -0.0154289 -0.00812865 4.35738e-05)
(6.93812e-05 -0.0128113 -0.0154318 -0.0128113 6.32854e-05 -0.00813854 -0.0154318 -0.00813854 2.83537e-05)
(2.98095e-05 -0.0127897 -0.0154304 -0.0127897 2.09717e-05 -0.00813108 -0.0154304 -0.00813108 3.12056e-05)
(-1.82329e-05 -0.0127974 -0.0154419 -0.0127974 3.2043e-05 -0.00811268 -0.0154419 -0.00811268 9.89243e-05)
(-3.14842e-07 -0.0127954 -0.0154313 -0.0127954 4.25492e-05 -0.00811348 -0.0154313 -0.00811348 7.82301e-05)
(5.66127e-05 -0.0127964 -0.0154458 -0.0127964 2.97415e-05 -0.00813395 -0.0154458 -0.00813395 3.83642e-05)
(3.83478e-05 -0.012785 -0.0154398 -0.012785 2.31074e-05 -0.00813087 -0.0154398 -0.00813087 3.56608e-05)
(3.22119e-05 -0.0127897 -0.015455 -0.0127897 2.50841e-05 -0.00813398 -0.015455 -0.00813398 5.33101e-05)
(7.17452e-05 -0.0128043 -0.015446 -0.0128043 4.47436e-05 -0.00813182 -0.015446 -0.00813182 3.68049e-05)
(4.30558e-05 -0.0127943 -0.0154367 -0.0127943 2.79374e-05 -0.00813236 -0.0154367 -0.00813236 2.84752e-05)
(-3.91787e-07 -0.0127941 -0.0154407 -0.0127941 2.54912e-05 -0.00812743 -0.0154407 -0.00812743 3.9174e-05)
(2.76691e-05 -0.0127867 -0.015428 -0.0127867 2.05276e-05 -0.00812649 -0.015428 -0.00812649 6.31072e-05)
(7.23248e-05 -0.0127929 -0.0154187 -0.0127929 2.48647e-05 -0.00812928 -0.0154187 -0.00812928 6.30633e-05)
(7.54675e-05 -0.0127953 -0.0154111 -0.0127953 3.66646e-05 -0.00814299 -0.0154111 -0.00814299 0.000106627)
(5.65843e-05 -0.0127898 -0.0154198 -0.0127898 3.07055e-05 -0.00813805 -0.0154198 -0.00813805 0.000103753)
(1.6403e-05 -0.0127927 -0.015432 -0.0127927 2.51031e-05 -0.00812015 -0.015432 -0.00812015 6.74273e-05)
(3.95797e-05 -0.01279 -0.0154274 -0.01279 3.41233e-05 -0.0081215 -0.0154274 -0.0081215 6.61296e-05)
(9.43688e-05 -0.0127934 -0.0154355 -0.0127934 3.80874e-05 -0.00813082 -0.0154355 -0.00813082 6.02363e-05)
(1.04089e-05 -0.0127946 -0.0154449 -0.0127946 2.988e-05 -0.00813197 -0.0154449 -0.00813197 4.49189e-05)
(-2.85372e-05 -0.0128029 -0.0154452 -0.0128029 3.72289e-05 -0.0081168 -0.0154452 -0.0081168 6.20101e-05)
(-5.5419e-06 -0.0127949 -0.0154425 -0.0127949 3.42123e-05 -0.00812829 -0.0154425 -0.00812829 4.86859e-05)
(-7.12058e-05 -0.0128109 -0.0154502 -0.0128109 6.60284e-05 -0.00811631 -0.0154502 -0.00811631 6.81927e-05)
(-9.03888e-06 -0.0127957 -0.0154363 -0.0127957 3.70236e-05 -0.00811725 -0.0154363 -0.00811725 6.02308e-05)
(-1.23215e-05 -0.0127953 -0.0154378 -0.0127953 3.16425e-05 -0.00812007 -0.0154378 -0.00812007 5.99995e-05)
(5.99846e-05 -0.0127967 -0.0154372 -0.0127967 3.54117e-05 -0.00813508 -0.0154372 -0.00813508 3.82044e-05)
(7.18231e-05 -0.0127927 -0.0154119 -0.0127927 2.7431e-05 -0.0081209 -0.0154119 -0.0081209 8.93558e-05)
(-1.69378e-05 -0.0127962 -0.0154386 -0.0127962 3.06106e-05 -0.00811234 -0.0154386 -0.00811234 8.68996e-05)
(5.76844e-05 -0.0127897 -0.0154227 -0.0127897 2.96662e-05 -0.00813723 -0.0154227 -0.00813723 6.79724e-05)
(4.13938e-05 -0.0127867 -0.0154323 -0.0127867 2.07496e-05 -0.00812923 -0.0154323 -0.00812923 4.86308e-05)
(4.76812e-05 -0.0127974 -0.0154496 -0.0127974 4.33008e-05 -0.00812896 -0.0154496 -0.00812896 4.16849e-05)
(0.000146578 -0.0128062 -0.0154279 -0.0128062 3.29254e-05 -0.00813637 -0.0154279 -0.00813637 5.4469e-05)
(6.20571e-05 -0.0127957 -0.0154226 -0.0127957 3.31841e-05 -0.00813848 -0.0154226 -0.00813848 5.26986e-05)
(7.41871e-05 -0.0127824 -0.0154313 -0.0127824 4.64922e-05 -0.00813638 -0.0154313 -0.00813638 2.91508e-05)
(4.78251e-05 -0.0127827 -0.0154313 -0.0127827 2.64932e-05 -0.00813671 -0.0154313 -0.00813671 5.74747e-05)
(2.87025e-05 -0.0127848 -0.0154225 -0.0127848 2.44524e-05 -0.00813195 -0.0154225 -0.00813195 7.92317e-05)
(3.37192e-05 -0.0127873 -0.0154287 -0.0127873 2.39974e-05 -0.0081313 -0.0154287 -0.0081313 5.34469e-05)
(0.00011587 -0.0128085 -0.0154096 -0.0128085 4.17513e-05 -0.00814255 -0.0154096 -0.00814255 6.9738e-05)
(6.69667e-05 -0.0127925 -0.0154138 -0.0127925 2.47467e-05 -0.00812898 -0.0154138 -0.00812898 6.63368e-05)
(3.86677e-05 -0.012788 -0.0154193 -0.012788 2.98435e-05 -0.00813853 -0.0154193 -0.00813853 7.45162e-05)
(2.01485e-05 -0.01279 -0.0154322 -0.01279 2.82724e-05 -0.00812838 -0.0154322 -0.00812838 4.66533e-05)
(2.28705e-05 -0.0127814 -0.0154336 -0.0127814 1.78508e-05 -0.00812796 -0.0154336 -0.00812796 4.58334e-05)
(-1.53752e-05 -0.0127976 -0.0154325 -0.0127976 3.93365e-05 -0.00811285 -0.0154325 -0.00811285 0.000111489)
(9.95478e-05 -0.0128087 -0.015427 -0.0128087 3.7538e-05 -0.00813712 -0.015427 -0.00813712 4.13834e-05)
(4.76437e-05 -0.012793 -0.0154265 -0.012793 2.17591e-05 -0.00812935 -0.0154265 -0.00812935 4.38118e-05)
(-0.000107293 -0.0128171 -0.0154542 -0.0128171 7.01653e-05 -0.00811458 -0.0154542 -0.00811458 6.55277e-05)
(7.30768e-05 -0.0128051 -0.0154283 -0.0128051 7.47235e-05 -0.00814482 -0.0154283 -0.00814482 3.31653e-05)
(6.59312e-05 -0.0127988 -0.0154178 -0.0127988 4.09271e-05 -0.00814579 -0.0154178 -0.00814579 8.2302e-05)
(-5.22767e-05 -0.0128092 -0.0154486 -0.0128092 5.08831e-05 -0.00812628 -0.0154486 -0.00812628 4.46349e-05)
(1.04248e-05 -0.0127865 -0.0154297 -0.0127865 2.15429e-05 -0.00812723 -0.0154297 -0.00812723 4.70452e-05)
(4.73129e-05 -0.0127917 -0.0154271 -0.0127917 2.45339e-05 -0.00812732 -0.0154271 -0.00812732 5.00986e-05)
(5.51304e-05 -0.012796 -0.0154556 -0.012796 2.81698e-05 -0.00813603 -0.0154556 -0.00813603 5.00216e-05)
(6.79136e-05 -0.0127906 -0.0154115 -0.0127906 2.65216e-05 -0.00812236 -0.0154115 -0.00812236 8.58884e-05)
(-6.76876e-05 -0.0128077 -0.0154466 -0.0128077 5.83707e-05 -0.00810767 -0.0154466 -0.00810767 8.41329e-05)
(3.63759e-05 -0.0127889 -0.0154202 -0.0127889 2.29595e-05 -0.0081258 -0.0154202 -0.0081258 7.65219e-05)
(6.64205e-05 -0.0127905 -0.015411 -0.0127905 3.04216e-05 -0.00811525 -0.015411 -0.00811525 9.30295e-05)
(-0.000143397 -0.0128175 -0.0154562 -0.0128175 8.55606e-05 -0.00810436 -0.0154562 -0.00810436 8.49283e-05)
(4.84583e-06 -0.0127961 -0.0154334 -0.0127961 3.97462e-05 -0.00811754 -0.0154334 -0.00811754 7.0995e-05)
(5.21117e-05 -0.0127914 -0.0154163 -0.0127914 3.12209e-05 -0.00813873 -0.0154163 -0.00813873 9.65862e-05)
(3.32934e-05 -0.0127841 -0.015427 -0.0127841 2.23524e-05 -0.00813178 -0.015427 -0.00813178 6.07801e-05)
(6.9363e-05 -0.0127966 -0.0154194 -0.0127966 3.00166e-05 -0.00813598 -0.0154194 -0.00813598 5.95519e-05)
(4.63054e-05 -0.0127891 -0.0154152 -0.0127891 2.72899e-05 -0.0081217 -0.0154152 -0.0081217 8.45213e-05)
(7.0471e-05 -0.0128064 -0.0154288 -0.0128064 4.25341e-05 -0.00813804 -0.0154288 -0.00813804 3.19442e-05)
(1.36802e-05 -0.0127852 -0.0154331 -0.0127852 1.82509e-05 -0.0081273 -0.0154331 -0.0081273 4.24608e-05)
(3.19889e-05 -0.0127896 -0.0154308 -0.0127896 2.2948e-05 -0.00812797 -0.0154308 -0.00812797 5.25872e-05)
(-4.54507e-05 -0.0128012 -0.0154402 -0.0128012 4.83748e-05 -0.00810929 -0.0154402 -0.00810929 8.25378e-05)
(3.75242e-05 -0.0127944 -0.0154446 -0.0127944 3.32657e-05 -0.00812783 -0.0154446 -0.00812783 3.22641e-05)
(7.56046e-06 -0.0127926 -0.0154355 -0.0127926 2.5073e-05 -0.00812246 -0.0154355 -0.00812246 5.5976e-05)
(-3.44818e-05 -0.0128092 -0.0154471 -0.0128092 4.72015e-05 -0.00812483 -0.0154471 -0.00812483 4.92241e-05)
(3.09737e-05 -0.0127883 -0.0154403 -0.0127883 3.29384e-05 -0.00812826 -0.0154403 -0.00812826 3.02101e-05)
(5.12049e-06 -0.0127927 -0.0154305 -0.0127927 4.1069e-05 -0.00811589 -0.0154305 -0.00811589 8.25593e-05)
(6.86612e-05 -0.0127948 -0.0154393 -0.0127948 2.67512e-05 -0.00813328 -0.0154393 -0.00813328 4.97214e-05)
(5.0236e-05 -0.0127919 -0.0154208 -0.0127919 3.27219e-05 -0.00814105 -0.0154208 -0.00814105 8.03057e-05)
(1.86684e-05 -0.0127871 -0.01543 -0.0127871 1.86302e-05 -0.00812701 -0.01543 -0.00812701 4.48365e-05)
(2.23199e-05 -0.0127899 -0.015429 -0.0127899 2.32098e-05 -0.00812353 -0.015429 -0.00812353 6.3248e-05)
(-2.18867e-05 -0.0128013 -0.0154365 -0.0128013 4.78623e-05 -0.00810906 -0.0154365 -0.00810906 9.62823e-05)
(-1.33125e-05 -0.0128076 -0.0154529 -0.0128076 5.39495e-05 -0.00813018 -0.0154529 -0.00813018 5.85235e-05)
(-2.92199e-05 -0.0127998 -0.015438 -0.0127998 4.68393e-05 -0.00810689 -0.015438 -0.00810689 9.38918e-05)
(6.73173e-05 -0.0128022 -0.0154255 -0.0128022 3.80882e-05 -0.00813841 -0.0154255 -0.00813841 4.21855e-05)
(0.000105436 -0.0127947 -0.0154041 -0.0127947 2.99842e-05 -0.00812473 -0.0154041 -0.00812473 0.000100365)
(3.21571e-05 -0.012789 -0.0154214 -0.012789 2.45103e-05 -0.00812373 -0.0154214 -0.00812373 6.61743e-05)
(3.06019e-05 -0.0127888 -0.015435 -0.0127888 2.12813e-05 -0.00813064 -0.015435 -0.00813064 3.7714e-05)
(-3.3734e-05 -0.0128023 -0.0154386 -0.0128023 4.98013e-05 -0.00810667 -0.0154386 -0.00810667 9.73127e-05)
(-3.67509e-05 -0.0127982 -0.0154392 -0.0127982 3.60535e-05 -0.00811381 -0.0154392 -0.00811381 7.45851e-05)
(8.44988e-05 -0.0128061 -0.015418 -0.0128061 3.95014e-05 -0.00814078 -0.015418 -0.00814078 5.32386e-05)
(2.88304e-05 -0.0127874 -0.0154385 -0.0127874 1.94655e-05 -0.00812681 -0.0154385 -0.00812681 4.30958e-05)
(-6.00851e-05 -0.0128262 -0.0154566 -0.0128262 6.17201e-05 -0.00811329 -0.0154566 -0.00811329 6.78268e-05)
(0.000163792 -0.0127947 -0.0154153 -0.0127947 3.896e-05 -0.00812486 -0.0154153 -0.00812486 7.24792e-05)
(5.54515e-05 -0.0127935 -0.0154383 -0.0127935 3.2986e-05 -0.00813007 -0.0154383 -0.00813007 5.60132e-05)
(-4.0477e-05 -0.0128088 -0.0154482 -0.0128088 5.25982e-05 -0.00810599 -0.0154482 -0.00810599 0.00010821)
(-2.64749e-05 -0.0127978 -0.0154372 -0.0127978 5.18438e-05 -0.00811166 -0.0154372 -0.00811166 7.55494e-05)
(-9.48813e-05 -0.0128242 -0.0154533 -0.0128242 7.40732e-05 -0.00812879 -0.0154533 -0.00812879 4.86437e-05)
(-1.88141e-05 -0.0128086 -0.0154538 -0.0128086 7.10155e-05 -0.00812754 -0.0154538 -0.00812754 6.3492e-05)
(4.06012e-05 -0.0127912 -0.0154234 -0.0127912 2.97367e-05 -0.00811971 -0.0154234 -0.00811971 6.74993e-05)
(5.04411e-06 -0.0127899 -0.0154317 -0.0127899 2.11028e-05 -0.00812094 -0.0154317 -0.00812094 5.27983e-05)
(0.000112021 -0.0128054 -0.0154629 -0.0128054 3.34606e-05 -0.00813783 -0.0154629 -0.00813783 5.74757e-05)
(4.54654e-05 -0.012791 -0.0154449 -0.012791 3.21929e-05 -0.00813192 -0.0154449 -0.00813192 3.78388e-05)
(4.5721e-05 -0.0127752 -0.0154334 -0.0127752 2.14315e-05 -0.00813087 -0.0154334 -0.00813087 2.91273e-05)
(8.79078e-05 -0.0128009 -0.0154138 -0.0128009 4.06111e-05 -0.00814529 -0.0154138 -0.00814529 0.00010301)
(5.85553e-05 -0.012792 -0.01542 -0.012792 2.72187e-05 -0.00813385 -0.01542 -0.00813385 7.2636e-05)
(3.93226e-05 -0.0127892 -0.015421 -0.0127892 2.3873e-05 -0.00813182 -0.015421 -0.00813182 7.27548e-05)
(0.000143548 -0.0128145 -0.0154031 -0.0128145 4.75874e-05 -0.00814536 -0.0154031 -0.00814536 8.43379e-05)
(0.000118277 -0.0128198 -0.0154076 -0.0128198 9.22941e-05 -0.00815534 -0.0154076 -0.00815534 8.05431e-05)
(9.69776e-05 -0.0128123 -0.0154185 -0.0128123 6.21337e-05 -0.00814999 -0.0154185 -0.00814999 6.06318e-05)
(8.41021e-05 -0.0128171 -0.0154284 -0.0128171 7.66056e-05 -0.0081441 -0.0154284 -0.0081441 3.46927e-05)
(1.14903e-05 -0.0127869 -0.0154259 -0.0127869 2.046e-05 -0.00812246 -0.0154259 -0.00812246 6.80094e-05)
(3.72975e-05 -0.0127906 -0.0154352 -0.0127906 2.26686e-05 -0.00813069 -0.0154352 -0.00813069 4.27559e-05)
(5.99419e-05 -0.0127956 -0.0154394 -0.0127956 2.61558e-05 -0.00813371 -0.0154394 -0.00813371 3.88683e-05)
(-1.04077e-05 -0.0127933 -0.0154395 -0.0127933 2.38668e-05 -0.00812318 -0.0154395 -0.00812318 3.9764e-05)
(2.80365e-05 -0.0127875 -0.0154383 -0.0127875 2.02391e-05 -0.00812954 -0.0154383 -0.00812954 3.9421e-05)
(4.59686e-05 -0.0127973 -0.015436 -0.0127973 5.53671e-05 -0.00811958 -0.015436 -0.00811958 7.83023e-05)
(4.38443e-05 -0.012789 -0.0154208 -0.012789 2.91102e-05 -0.00812014 -0.0154208 -0.00812014 7.1002e-05)
(9.25864e-06 -0.0127947 -0.0154399 -0.0127947 3.11562e-05 -0.00812667 -0.0154399 -0.00812667 4.8371e-05)
(1.72342e-05 -0.0127906 -0.0154361 -0.0127906 2.32119e-05 -0.00812767 -0.0154361 -0.00812767 4.47484e-05)
(1.00163e-05 -0.0127926 -0.0154375 -0.0127926 2.74821e-05 -0.00812742 -0.0154375 -0.00812742 4.7447e-05)
