/*--------------------------------*- C++ -*----------------------------------*\
  =========                 |
  \\      /  F ield         | OpenFOAM: The Open Source CFD Toolbox
   \\    /   O peration     | Website:  https://openfoam.org
    \\  /    A nd           | Version:  10
     \\/     M anipulation  |
\*---------------------------------------------------------------------------*/
FoamFile
{
    format      ascii;
    class       volTensorField;
    location    "4";
    object      TauNN;
}
// * * * * * * * * * * * * * * * * * * * * * * * * * * * * * * * * * * * * * //

dimensions      [0 2 -2 0 0 0 0];

internalField   nonuniform List<tensor> 
25600
(
(0.00018706 -2.02004e-05 0.000131727 -2.02004e-05 0.000155388 -2.30372e-05 0.000131727 -2.30372e-05 1.41958e-05)
(0.00019426 -1.0727e-05 0.000129594 -1.0727e-05 0.000138179 -6.88434e-06 0.000129594 -6.88434e-06 5.17239e-05)
(0.000193718 1.11014e-06 0.000119295 1.11014e-06 0.000162979 8.63709e-06 0.000119295 8.63709e-06 7.30978e-05)
(0.000186601 1.56797e-05 0.000109088 1.56797e-05 0.00017367 3.70946e-06 0.000109088 3.70946e-06 5.94787e-05)
(0.00017473 1.46115e-05 0.000108068 1.46115e-05 0.0001543 -1.04625e-05 0.000108068 -1.04625e-05 2.55405e-05)
(0.000168901 -1.52178e-06 0.000109257 -1.52178e-06 0.000151477 -1.48332e-05 0.000109257 -1.48332e-05 8.37115e-06)
(0.000163474 -1.56825e-05 0.000103035 -1.56825e-05 0.000146825 -6.17933e-06 0.000103035 -6.17933e-06 2.15047e-05)
(0.000162483 -7.7635e-06 8.63951e-05 -7.7635e-06 0.000115839 -9.22941e-06 8.63951e-05 -9.22941e-06 4.05699e-05)
(0.000152316 2.7338e-05 5.97322e-05 2.7338e-05 0.000105891 -2.62558e-05 5.97322e-05 -2.62558e-05 3.74394e-05)
(0.000129861 4.86383e-05 6.1186e-05 4.86383e-05 0.000125739 -3.48613e-05 6.1186e-05 -3.48613e-05 -4.52918e-06)
(0.000137165 4.27198e-05 8.72361e-05 4.27198e-05 0.000138832 -2.16169e-05 8.72361e-05 -2.16169e-05 -4.32151e-05)
(0.000192027 2.67914e-05 0.000114773 2.67914e-05 0.000191619 -2.62298e-05 0.000114773 -2.62298e-05 -4.7956e-05)
(0.000310852 5.17601e-05 0.000126904 5.17601e-05 0.000364338 -9.02144e-05 0.000126904 -9.02144e-05 3.13914e-06)
(0.000430688 0.000112416 0.000146421 0.000112416 0.000581739 -0.000146813 0.000146421 -0.000146813 8.84207e-05)
(0.000498973 0.000163821 0.000190554 0.000163821 0.000781391 -0.000124481 0.000190554 -0.000124481 0.000150497)
(0.000462061 0.000102415 0.000205612 0.000102415 0.000904094 -5.02747e-05 0.000205612 -5.02747e-05 0.00015097)
(0.000386514 -2.77599e-05 0.00016629 -2.77599e-05 0.000823825 -3.54983e-05 0.00016629 -3.54983e-05 9.74321e-05)
(0.000355819 -8.84226e-05 0.000119593 -8.84226e-05 0.000553841 -0.000110776 0.000119593 -0.000110776 4.76072e-05)
(0.000388512 -1.82074e-05 0.000118696 -1.82074e-05 0.000326295 -0.000135955 0.000118696 -0.000135955 0.000158157)
(0.000410204 5.65425e-05 0.000176073 5.65425e-05 0.000231233 -4.61321e-05 0.000176073 -4.61321e-05 0.000320608)
(0.000331021 4.01381e-05 0.000195477 4.01381e-05 0.000189202 1.79298e-05 0.000195477 1.79298e-05 0.000211279)
(0.000210047 1.63894e-05 0.000122328 1.63894e-05 0.000124341 6.80052e-06 0.000122328 6.80052e-06 5.34551e-05)
(0.000141366 1.45715e-05 1.97589e-05 1.45715e-05 7.99346e-05 2.02032e-05 1.97589e-05 2.02032e-05 0.00011147)
(0.000126262 9.06922e-06 1.53929e-05 9.06922e-06 8.21363e-05 6.80285e-05 1.53929e-05 6.80285e-05 0.000207551)
(0.000134877 1.11358e-05 9.31481e-05 1.11358e-05 8.58081e-05 5.97667e-05 9.31481e-05 5.97667e-05 0.000160958)
(0.00014909 -3.76254e-07 0.000128601 -3.76254e-07 8.33962e-05 1.75247e-05 0.000128601 1.75247e-05 9.43249e-05)
(0.000167986 -1.04802e-05 0.000116584 -1.04802e-05 0.000119532 1.09738e-05 0.000116584 1.09738e-05 0.000122469)
(0.000176096 4.81028e-06 7.24262e-05 4.81028e-06 0.00018257 -9.8506e-06 7.24262e-05 -9.8506e-06 0.000166857)
(0.000146567 6.88992e-06 3.23961e-05 6.88992e-06 0.000172214 -6.13229e-05 3.23961e-05 -6.13229e-05 0.000198307)
(0.000117156 -1.07801e-05 4.48907e-05 -1.07801e-05 0.000123516 -6.56927e-05 4.48907e-05 -6.56927e-05 0.000245016)
(0.000134548 -2.95108e-05 0.000100156 -2.95108e-05 0.000143629 1.91079e-05 0.000100156 1.91079e-05 0.000259406)
(0.000162547 -4.11421e-05 0.000126751 -4.11421e-05 0.000212239 6.17988e-05 0.000126751 6.17988e-05 0.00019339)
(0.000168751 -5.06928e-05 0.00012318 -5.06928e-05 0.000204528 3.49432e-05 0.00012318 3.49432e-05 0.000138541)
(0.000176666 -4.1021e-05 0.000105567 -4.1021e-05 0.000171227 1.94702e-05 0.000105567 1.94702e-05 0.000127583)
(0.000181757 -2.16328e-05 6.62571e-05 -2.16328e-05 0.000138289 2.60742e-05 6.62571e-05 2.60742e-05 0.000179917)
(0.000180261 8.34372e-06 6.81356e-06 8.34372e-06 0.000124329 -7.94418e-07 6.81356e-06 -7.94418e-07 0.000251516)
(0.000161163 2.64589e-05 -2.05822e-06 2.64589e-05 0.000118337 -2.01389e-05 -2.05822e-06 -2.01389e-05 0.000250194)
(0.000131221 1.8511e-05 4.04418e-05 1.8511e-05 0.000122731 -2.02749e-06 4.04418e-05 -2.02749e-06 0.000169916)
(0.000137179 -6.10203e-06 8.98745e-05 -6.10203e-06 0.000163506 1.25514e-05 8.98745e-05 1.25514e-05 6.54117e-05)
(0.000165222 -2.81539e-05 0.000117998 -2.81539e-05 0.000184242 -8.54675e-06 0.000117998 -8.54675e-06 3.48209e-06)
(0.000236002 -4.52437e-05 0.000152851 -4.52437e-05 0.000148148 3.87337e-06 0.000152851 3.87337e-06 0.000113407)
(0.000201803 -2.80887e-06 7.95657e-05 -2.80887e-06 0.000101962 -1.20616e-05 7.95657e-05 -1.20616e-05 0.00015549)
(0.000129519 5.08241e-05 5.27874e-06 5.08241e-05 0.000155931 -7.55843e-05 5.27874e-06 -7.55843e-05 0.000118334)
(8.5687e-05 5.64242e-05 2.7555e-05 5.64242e-05 0.0002155 -9.36044e-05 2.7555e-05 -9.36044e-05 0.000136705)
(9.45097e-05 3.18531e-05 8.12281e-05 3.18531e-05 0.000209013 -5.49508e-05 8.12281e-05 -5.49508e-05 0.000228163)
(0.000101466 5.4054e-06 5.87692e-05 5.4054e-06 0.000163576 -1.93138e-05 5.87692e-05 -1.93138e-05 0.000193272)
(0.00011186 -1.50697e-05 2.72384e-05 -1.50697e-05 0.000114631 -1.35368e-05 2.72384e-05 -1.35368e-05 9.72894e-05)
(0.000136511 -2.61571e-05 2.85544e-05 -2.61571e-05 8.77548e-05 -5.44731e-06 2.85544e-05 -5.44731e-06 4.96566e-05)
(0.000134223 -3.91947e-05 3.98541e-05 -3.91947e-05 0.000104732 3.0648e-05 3.98541e-05 3.0648e-05 3.64202e-05)
(0.00014094 -1.57692e-05 8.68235e-05 -1.57692e-05 0.0001954 0.000114348 8.68235e-05 0.000114348 0.000114929)
(0.000194357 2.87751e-05 0.000162905 2.87751e-05 0.000275452 0.000154699 0.000162905 0.000154699 0.000181844)
(0.000241723 5.55962e-05 0.000198737 5.55962e-05 0.000275409 8.91853e-05 0.000198737 8.91853e-05 0.000100814)
(0.000259963 4.84427e-05 0.000150505 4.84427e-05 0.000219847 -3.08333e-05 0.000150505 -3.08333e-05 5.21519e-05)
(0.000336959 5.61196e-05 0.000124576 5.61196e-05 0.000213789 -7.22781e-05 0.000124576 -7.22781e-05 0.000236569)
(0.00041989 9.11774e-05 0.000131342 9.11774e-05 0.000257099 -4.68343e-05 0.000131342 -4.68343e-05 0.000411988)
(0.000407329 9.79258e-05 0.000114264 9.79258e-05 0.000307341 -6.0305e-05 0.000114264 -6.0305e-05 0.000327934)
(0.000319485 3.83565e-05 0.000109872 3.83565e-05 0.000356795 -8.03312e-05 0.000109872 -8.03312e-05 0.000161946)
(0.000230954 -7.59074e-05 0.000111835 -7.59074e-05 0.000402995 -4.25493e-05 0.000111835 -4.25493e-05 9.61247e-05)
(0.000237928 -0.000185685 0.000104751 -0.000185685 0.000415731 1.3208e-05 0.000104751 1.3208e-05 9.14853e-05)
(0.000298308 -0.000230125 9.52519e-05 -0.000230125 0.00037435 4.8087e-05 9.52519e-05 4.8087e-05 8.45139e-05)
(0.00029604 -0.00020747 6.68652e-05 -0.00020747 0.000321296 7.93515e-05 6.68652e-05 7.93515e-05 7.90843e-05)
(0.000259714 -0.000154827 2.79499e-05 -0.000154827 0.000363371 0.000182767 2.79499e-05 0.000182767 0.000176018)
(0.000289507 -7.02022e-05 1.6056e-05 -7.02022e-05 0.000496734 0.000380472 1.6056e-05 0.000380472 0.000528783)
(0.000389181 -1.2937e-05 7.87498e-05 -1.2937e-05 0.000487131 0.000447094 7.87498e-05 0.000447094 0.000940809)
(0.000375253 -3.19742e-05 0.000108826 -3.19742e-05 0.00027306 0.000262426 0.000108826 0.000262426 0.000977801)
(0.000250781 4.68269e-06 -2.66535e-05 4.68269e-06 0.000128152 -5.88503e-06 -2.66535e-05 -5.88503e-06 0.000630342)
(0.000263302 0.000102139 -0.00013239 0.000102139 0.00019568 -0.000105248 -0.00013239 -0.000105248 0.000348694)
(0.000285051 0.000173352 -8.60626e-05 0.000173352 0.00023026 -7.03977e-05 -8.60626e-05 -7.03977e-05 0.000192219)
(0.000118589 9.03951e-05 -3.86471e-05 9.03951e-05 0.000114372 -5.94417e-05 -3.86471e-05 -5.94417e-05 8.79653e-05)
(8.55826e-05 -1.81794e-06 0.000129709 -1.81794e-06 6.88118e-05 -2.06325e-05 0.000129709 -2.06325e-05 0.00022794)
(0.000320174 -1.1079e-05 0.000327045 -1.1079e-05 0.000179203 6.97654e-05 0.000327045 6.97654e-05 0.000511302)
(0.000343949 -1.69128e-06 0.000287734 -1.69128e-06 0.000253608 0.000122937 0.000287734 0.000122937 0.000525504)
(0.000181757 -3.76441e-05 0.000135834 -3.76441e-05 0.000227182 9.37637e-05 0.000135834 9.37637e-05 0.000331234)
(0.000143518 -5.51101e-05 4.98705e-05 -5.51101e-05 0.00018584 3.08165e-05 4.98705e-05 3.08165e-05 0.000147183)
(0.000191411 -1.2462e-05 4.64953e-05 -1.2462e-05 0.000176082 -1.46357e-05 4.64953e-05 -1.46357e-05 3.94601e-05)
(0.000198753 5.1653e-05 7.14073e-05 5.1653e-05 0.000196575 -2.1426e-05 7.14073e-05 -2.1426e-05 -6.78715e-06)
(0.000164578 7.82358e-05 8.85436e-05 7.82358e-05 0.000227275 -2.55276e-06 8.85436e-05 -2.55276e-06 -2.03775e-05)
(0.000156219 4.95212e-05 0.000120079 4.95212e-05 0.000205956 1.37882e-05 0.000120079 1.37882e-05 -1.38135e-05)
(0.000185465 6.24079e-06 0.000145677 6.24079e-06 0.00019668 9.7435e-06 0.000145677 9.7435e-06 8.39036e-06)
(0.000211796 -3.32519e-05 0.000151857 -3.32519e-05 0.000203398 -8.83266e-06 0.000151857 -8.83266e-06 4.07016e-05)
(0.000273289 6.41681e-07 6.11683e-05 6.41681e-07 0.000136592 -5.63264e-06 6.11683e-05 -5.63264e-06 0.000212727)
(0.000232612 7.96588e-05 2.42824e-05 7.96588e-05 0.000144112 -6.67451e-05 2.42824e-05 -6.67451e-05 0.000138497)
(0.000172353 7.0354e-05 8.73813e-05 7.0354e-05 0.000133894 -5.34467e-05 8.73813e-05 -5.34467e-05 2.28573e-05)
(0.000158723 3.80911e-05 0.000125515 3.80911e-05 0.000134426 -3.25469e-05 0.000125515 -3.25469e-05 -1.32757e-05)
(0.000173935 1.06925e-05 0.000141929 1.06925e-05 0.000150753 -9.08505e-06 0.000141929 -9.08505e-06 3.65768e-06)
(0.000158325 -2.20397e-05 0.000130548 -2.20397e-05 0.000127039 3.5828e-06 0.000130548 3.5828e-06 3.4191e-05)
(0.000153648 -2.58982e-05 0.000113774 -2.58982e-05 0.000116551 4.33251e-06 0.000113774 4.33251e-06 6.92074e-05)
(0.00017035 -1.61957e-05 0.000122242 -1.61957e-05 0.000177534 2.10144e-05 0.000122242 2.10144e-05 8.55866e-05)
(0.000225238 -1.6612e-05 0.000137491 -1.6612e-05 0.000374136 0.000154194 0.000137491 0.000154194 0.000214842)
(0.000337235 -7.97287e-05 6.04605e-05 -7.97287e-05 0.000549137 0.000423394 6.04605e-05 0.000423394 0.000695025)
(0.000459943 -0.000189713 -4.36995e-05 -0.000189713 0.000478967 0.000524451 -4.36995e-05 0.000524451 0.00128955)
(0.000326243 -0.000137275 1.13575e-05 -0.000137275 0.000234501 0.000248084 1.13575e-05 0.000248084 0.000948795)
(0.00012716 -1.33738e-05 9.78289e-05 -1.33738e-05 0.000124962 -1.57524e-05 9.78289e-05 -1.57524e-05 4.7876e-05)
(0.000469509 0.000126512 0.000234362 0.000126512 0.000249553 7.58581e-05 0.000234362 7.58581e-05 0.000694874)
(0.000937187 0.00030258 0.000241306 0.00030258 0.000428451 0.00021979 0.000241306 0.00021979 0.00193154)
(0.000940377 0.000266493 0.000186866 0.000266493 0.000520764 0.000187344 0.000186866 0.000187344 0.00137347)
(0.000638425 0.000113443 0.00021348 0.000113443 0.000596153 0.000159813 0.00021348 0.000159813 0.000636968)
(0.000295829 5.05615e-05 0.000142079 5.05615e-05 0.000574794 5.00046e-05 0.000142079 5.00046e-05 0.000363301)
(0.000140501 4.83617e-05 5.71487e-05 4.83617e-05 0.000434835 -4.73745e-05 5.71487e-05 -4.73745e-05 0.000213704)
(0.000109959 -4.2282e-06 2.82656e-05 -4.2282e-06 0.000263418 -3.26671e-05 2.82656e-05 -3.26671e-05 0.000153445)
(0.000167176 -7.99671e-05 1.92989e-05 -7.99671e-05 0.000318934 0.000135383 1.92989e-05 0.000135383 0.000328991)
(0.000321786 -0.000140632 -5.47972e-05 -0.000140632 0.000596509 0.000414901 -5.47972e-05 0.000414901 0.000700836)
(0.000332187 -0.000174122 -0.000113432 -0.000174122 0.000539816 0.000398597 -0.000113432 0.000398597 0.000708367)
(0.000231442 -6.9337e-05 -0.00012257 -6.9337e-05 0.00023311 9.41493e-05 -0.00012257 9.41493e-05 0.000421994)
(0.000236248 8.89758e-05 -0.000115948 8.89758e-05 0.000198815 -9.85833e-05 -0.000115948 -9.85833e-05 0.000233689)
(0.000218173 0.000108166 -3.99156e-05 0.000108166 0.000183683 -9.20091e-05 -3.99156e-05 -9.20091e-05 0.000114937)
(0.000153508 1.27135e-05 5.88633e-05 1.27135e-05 9.68388e-05 -8.14628e-06 5.88633e-05 -8.14628e-06 -1.00368e-06)
(0.000255895 -4.63855e-05 0.000154786 -4.63855e-05 0.000341424 6.42305e-05 0.000154786 6.42305e-05 2.35322e-05)
(0.000446201 7.31228e-05 0.000204856 7.31228e-05 0.000889128 0.000121956 0.000204856 0.000121956 0.000129019)
(0.000552831 0.00025095 0.000249818 0.00025095 0.00128275 0.000250645 0.000249818 0.000250645 0.000241568)
(0.000542122 0.000238271 0.000278095 0.000238271 0.0010952 0.00033502 0.000278095 0.00033502 0.000336837)
(0.000386307 6.23753e-05 0.000227397 6.23753e-05 0.000638382 0.000258125 0.000227397 0.000258125 0.00035068)
(0.000214057 -5.67259e-05 0.000122781 -5.67259e-05 0.000364355 0.000138327 0.000122781 0.000138327 0.000287646)
(0.000144565 -7.78697e-05 3.28394e-05 -7.78697e-05 0.000290285 6.28745e-05 3.28394e-05 6.28745e-05 0.0001957)
(0.000169551 -8.84477e-05 1.82847e-05 -8.84477e-05 0.000318653 6.19153e-05 1.82847e-05 6.19153e-05 0.000110896)
(0.000213225 -0.00010954 6.93928e-05 -0.00010954 0.000387099 9.28631e-05 6.93928e-05 9.28631e-05 5.80973e-05)
(0.000253908 -8.71308e-05 0.000146121 -8.71308e-05 0.000477291 0.000101022 0.000146121 0.000101022 5.19242e-05)
(0.000352474 -1.20616e-05 0.000223376 -1.20616e-05 0.000556239 8.59816e-05 0.000223376 8.59816e-05 0.000114943)
(0.000421992 -1.24397e-05 0.000240678 -1.24397e-05 0.000462354 5.98272e-05 0.000240678 5.98272e-05 0.000184486)
(0.000327726 -6.54412e-05 0.000177408 -6.54412e-05 0.000236367 5.58132e-05 0.000177408 5.58132e-05 0.00019584)
(0.000321308 3.56603e-06 0.000142012 3.56603e-06 0.000265983 -9.89493e-05 0.000142012 -9.89493e-05 5.50052e-05)
(0.000376444 7.43279e-05 0.000218619 7.43279e-05 0.000219571 -8.184e-05 0.000218619 -8.184e-05 0.000231176)
(0.000458191 0.000151116 0.000234347 0.000151116 0.00018867 -2.46856e-05 0.000234347 -2.46856e-05 0.000624745)
(0.000463326 0.000151823 0.000194529 0.000151823 0.000184758 -6.22142e-05 0.000194529 -6.22142e-05 0.000686758)
(0.000330939 6.79083e-05 0.000192193 6.79083e-05 0.000175848 -8.88761e-05 0.000192193 -8.88761e-05 0.000306685)
(0.0001622 -1.10557e-05 0.000122062 -1.10557e-05 0.000134365 -1.39773e-05 0.000122062 -1.39773e-05 6.65091e-05)
(0.000173865 -3.86015e-05 4.89373e-05 -3.86015e-05 0.000140886 4.22606e-05 4.89373e-05 4.22606e-05 0.000510324)
(0.000280457 -6.64722e-05 0.000104311 -6.64722e-05 0.000223937 7.64616e-07 0.000104311 7.64616e-07 0.00103866)
(0.000180785 -2.28593e-05 7.388e-05 -2.28593e-05 0.000210966 -7.36071e-05 7.388e-05 -7.36071e-05 0.000609378)
(0.000125433 1.81189e-05 2.61609e-05 1.81189e-05 0.000190302 -7.24457e-05 2.61609e-05 -7.24457e-05 0.000155611)
(0.000166473 5.91325e-05 4.22169e-05 5.91325e-05 0.000184916 -3.8242e-05 4.22169e-05 -3.8242e-05 0.000116457)
(0.000190468 7.15833e-05 7.64458e-05 7.15833e-05 0.000184971 2.02656e-06 7.64458e-05 2.02656e-06 0.000110904)
(0.000222175 4.47789e-05 0.000150592 4.47789e-05 0.000164915 1.91675e-05 0.000150592 1.91675e-05 0.000118485)
(0.000374053 6.47195e-05 0.000110489 6.47195e-05 0.000241018 -0.000102634 0.000110489 -0.000102634 0.000297087)
(0.000547648 5.20069e-05 9.08589e-05 5.20069e-05 0.000418549 -0.000177879 9.08589e-05 -0.000177879 0.000277885)
(0.000444927 -3.66094e-05 0.000182822 -3.66094e-05 0.000359028 8.13231e-06 0.000182822 8.13231e-06 0.000228839)
(0.000288401 -3.72073e-05 -3.33926e-05 -3.72073e-05 0.000199202 5.20227e-05 -3.33926e-05 5.20227e-05 0.00055469)
(0.000240875 7.81827e-05 -0.000206406 7.81827e-05 0.000265522 -0.000127016 -0.000206406 -0.000127016 0.000767798)
(0.000198986 0.000104033 -9.46159e-05 0.000104033 0.000365311 -0.000213818 -9.46159e-05 -0.000213818 0.000530739)
(0.000162154 3.15802e-05 3.33143e-05 3.15802e-05 0.000292075 -0.000155671 3.33143e-05 -0.000155671 0.000312237)
(0.000184974 8.78423e-06 8.11666e-05 8.78423e-06 0.000248669 -6.71595e-05 8.11666e-05 -6.71595e-05 0.000310074)
(0.000174057 -7.29319e-06 2.97148e-05 -7.29319e-06 0.00023237 -2.91225e-06 2.97148e-05 -2.91225e-06 0.000263012)
(0.000182661 -6.35637e-05 -3.98746e-05 -6.35637e-05 0.00022368 1.42548e-05 -3.98746e-05 1.42548e-05 0.000189741)
(0.000223154 -0.000136733 -8.45985e-05 -0.000136733 0.000237923 8.0727e-05 -8.45985e-05 8.0727e-05 0.000183343)
(0.000266116 -0.000151189 2.36798e-05 -0.000151189 0.000367207 0.000199647 2.36798e-05 0.000199647 0.000242584)
(0.000332003 -3.44412e-05 0.000199551 -3.44412e-05 0.000530365 0.000206823 0.000199551 0.000206823 0.000219129)
(0.000437325 7.14939e-05 0.000216056 7.14939e-05 0.000593952 6.62422e-05 0.000216056 6.62422e-05 0.000139039)
(0.000415734 6.34808e-05 0.000174934 6.34808e-05 0.0004987 -1.86265e-06 0.000174934 -1.86265e-06 0.000112745)
(0.000294274 3.23718e-05 0.000177681 3.23718e-05 0.000372863 5.33368e-05 0.000177681 5.33368e-05 0.000110498)
(0.000246073 2.02972e-05 0.000177288 2.02972e-05 0.000331557 9.63667e-05 0.000177288 9.63667e-05 0.00020928)
(0.00020838 -1.26641e-05 0.000137703 -1.26641e-05 0.0003091 6.95726e-05 0.000137703 6.95726e-05 0.000280147)
(0.000145991 -3.62014e-05 6.9282e-05 -3.62014e-05 0.000274364 1.63615e-05 6.9282e-05 1.63615e-05 0.000292609)
(0.000112782 -2.43178e-05 9.44547e-06 -2.43178e-05 0.000240476 -2.96943e-05 9.44547e-06 -2.96943e-05 0.000321723)
(0.000126414 -2.6403e-06 -4.46942e-06 -2.6403e-06 0.000220123 -4.76297e-05 -4.46942e-06 -4.76297e-05 0.000291218)
(0.000161227 -7.51484e-06 6.96499e-05 -7.51484e-06 0.000204395 -2.04081e-05 6.96499e-05 -2.04081e-05 0.000131573)
(0.000289917 -8.77678e-06 0.000168405 -8.77678e-06 0.000260161 -3.35239e-05 0.000168405 -3.35239e-05 0.000148091)
(0.000503041 3.29306e-05 0.000185785 3.29306e-05 0.000482211 -0.000136081 0.000185785 -0.000136081 0.00029638)
(0.000548005 -5.76116e-06 0.000214534 -5.76116e-06 0.000564134 -0.000117335 0.000214534 -0.000117335 0.000294642)
(0.000361739 -9.53861e-05 0.000189191 -9.53861e-05 0.000339794 -2.76268e-05 0.000189191 -2.76268e-05 0.000156418)
(0.000269793 -6.59768e-05 8.96053e-05 -6.59768e-05 0.00022143 -5.20227e-05 8.96053e-05 -5.20227e-05 8.05192e-05)
(0.000799081 0.000120633 0.000468777 0.000120633 0.000313844 -9.1562e-05 0.000468777 -9.1562e-05 0.000920707)
(0.000950748 0.000237817 0.00068693 0.000237817 0.000280864 7.04201e-05 0.00068693 7.04201e-05 0.0015498)
(0.000574943 0.000169021 0.000468418 0.000169021 0.000211924 8.07149e-05 0.000468418 8.07149e-05 0.00105386)
(0.000361403 0.000102625 0.000178889 0.000102625 0.000204905 -3.3536e-05 0.000178889 -3.3536e-05 0.000485944)
(0.000373064 9.56049e-05 0.000166287 9.56049e-05 0.000208396 -3.28096e-05 0.000166287 -3.28096e-05 0.000393204)
(0.000384233 8.35266e-05 0.000217084 8.35266e-05 0.000212856 -7.67224e-06 0.000217084 -7.67224e-06 0.000327089)
(0.000256957 1.25663e-05 0.00013853 1.25663e-05 0.000215431 -3.96231e-05 0.00013853 -3.96231e-05 8.70215e-05)
(0.00014623 -4.1035e-05 0.000100086 -4.1035e-05 0.00018531 -1.75377e-05 0.000100086 -1.75377e-05 1.75731e-05)
(0.000156601 -1.26874e-05 0.000107985 -1.26874e-05 0.000173573 -1.12513e-05 0.000107985 -1.12513e-05 -2.65273e-05)
(0.000259478 5.68116e-05 0.000142657 5.68116e-05 0.000169625 -9.50042e-06 0.000142657 -9.50042e-06 0.000105327)
(0.000318496 0.000105856 0.000234576 0.000105856 0.000239767 0.000106383 0.000234576 0.000106383 0.000291251)
(0.000187799 2.0816e-05 0.000113233 2.0816e-05 0.000219452 5.24893e-05 0.000113233 5.24893e-05 0.000128828)
(0.000213528 -3.46974e-05 0.000189131 -3.46974e-05 0.000167105 4.37275e-05 0.000189131 4.37275e-05 0.00012457)
(0.000533335 0.00016224 0.000259891 0.00016224 0.000768566 8.9759e-05 0.000259891 8.9759e-05 0.000236223)
(0.000812653 0.000251261 6.78692e-05 0.000251261 0.00156063 -0.000293285 6.78692e-05 -0.000293285 0.000348795)
(0.00108369 -1.12811e-05 -2.68426e-05 -1.12811e-05 0.00163552 -0.000719804 -2.68426e-05 -0.000719804 0.000719305)
(0.000901008 -0.000223732 0.000220275 -0.000223732 0.00123524 -0.000613761 0.000220275 -0.000613761 0.000596075)
(0.000511188 -0.000140209 0.00025559 -0.000140209 0.000649023 -0.000296121 0.00025559 -0.000296121 0.000306163)
(0.000326563 2.40896e-05 0.000190746 2.40896e-05 0.000234942 -0.000102845 0.000190746 -0.000102845 0.000245745)
(0.000233391 1.23261e-05 0.000124249 1.23261e-05 0.000157082 -3.80632e-06 0.000124249 -3.80632e-06 0.000239886)
(0.00026215 -3.8594e-05 7.17584e-05 -3.8594e-05 0.000274151 -0.000128591 7.17584e-05 -0.000128591 0.000485345)
(0.000274013 -1.74157e-07 2.86093e-05 -1.74157e-07 0.000294387 -0.000182782 2.86093e-05 -0.000182782 0.000618193)
(0.000217856 -5.30574e-06 4.16096e-05 -5.30574e-06 0.000216127 -1.30692e-05 4.16096e-05 -1.30692e-05 0.000412932)
(0.000254807 -0.000145579 0.000131213 -0.000145579 0.000513849 7.05402e-05 0.000131213 7.05402e-05 0.000141394)
(0.000490994 -0.000270363 0.000183727 -0.000270363 0.00108143 -0.000148409 0.000183727 -0.000148409 8.39322e-05)
(0.000710813 -0.000204342 0.000116081 -0.000204342 0.000929255 -0.000364886 0.000116081 -0.000364886 0.000267934)
(0.000492077 -4.82993e-05 0.000143075 -4.82993e-05 0.000459462 -0.000142882 0.000143075 -0.000142882 0.000204927)
(0.000159654 -2.1263e-05 4.70625e-05 -2.1263e-05 0.000160921 -8.76375e-07 4.70625e-05 -8.76375e-07 0.000175423)
(0.000230814 3.08221e-05 -0.000122149 3.08221e-05 0.000329083 -0.000365008 -0.000122149 -0.000365008 0.000877905)
(0.00029169 -1.02604e-05 -4.80637e-05 -1.02604e-05 0.00109034 -0.000862915 -4.80637e-05 -0.000862915 0.00121219)
(0.000206823 -5.9396e-05 0.000112903 -5.9396e-05 0.00206765 -0.000862099 0.000112903 -0.000862099 0.00096064)
(0.000176064 1.66437e-05 6.69798e-05 1.66437e-05 0.00164687 -0.000424616 6.69798e-05 -0.000424616 0.00050648)
(0.000189992 7.91717e-05 3.694e-05 7.91717e-05 0.000654763 -7.83009e-05 3.694e-05 -7.83009e-05 0.000273353)
(0.000261327 0.000103728 0.000123248 0.000103728 0.000373752 4.00264e-05 0.000123248 4.00264e-05 0.000292124)
(0.000270553 4.87156e-05 0.00016303 4.87156e-05 0.000295369 7.34562e-05 0.00016303 7.34562e-05 0.000275009)
(0.000258827 -1.90046e-05 0.000158389 -1.90046e-05 0.000233845 5.07841e-05 0.000158389 5.07841e-05 0.000198965)
(0.000283175 -2.9291e-05 0.000178257 -2.9291e-05 0.000231887 5.90608e-05 0.000178257 5.90608e-05 0.000232514)
(0.00023094 -2.87099e-05 0.000120453 -2.87099e-05 0.000224263 3.66149e-05 0.000120453 3.66149e-05 0.000243008)
(0.00022113 -1.07186e-05 8.75471e-05 -1.07186e-05 0.000265126 -2.88282e-05 8.75471e-05 -2.88282e-05 0.000150648)
(0.000422467 5.96046e-06 0.000198694 5.96046e-06 0.000325869 -0.000100712 0.000198694 -0.000100712 0.000194957)
(0.000896483 0.000260747 0.000564257 0.000260747 0.000677958 0.000167532 0.000564257 0.000167532 0.00101798)
(0.000425945 -0.000109751 0.00020409 -0.000109751 0.000318347 -7.43894e-05 0.00020409 -7.43894e-05 0.000103788)
(0.00025449 -2.6132e-05 0.000159922 -2.6132e-05 0.00041693 0.000105689 0.000159922 0.000105689 5.42178e-05)
(0.000241974 8.35583e-05 9.66322e-05 8.35583e-05 0.00023449 -9.79938e-06 9.66322e-05 -9.79938e-06 7.31253e-05)
(0.000669324 0.000233238 0.000298478 0.000233238 0.000888319 0.00056439 0.000298478 0.00056439 0.00133298)
(0.00104282 0.000472519 0.000460314 0.000472519 0.00151723 0.000893515 0.000460314 0.000893515 0.00212762)
(0.000614163 0.000227665 0.000184528 0.000227665 0.00052244 0.000151305 0.000184528 0.000151305 0.000786726)
(0.000298405 2.08151e-05 0.000157026 2.08151e-05 0.000434001 -1.41347e-05 0.000157026 -1.41347e-05 8.33424e-05)
(0.000350269 -0.000113821 0.000136664 -0.000113821 0.000824022 0.000317542 0.000136664 0.000317542 0.000331025)
(0.000375347 -0.000237159 0.000152398 -0.000237159 0.000602469 0.000110148 0.000152398 0.000110148 0.000183522)
(0.000404837 -0.000193991 0.00019292 -0.000193991 0.000510718 -1.92784e-06 0.00019292 -1.92784e-06 0.000116776)
(0.000502057 0.000131799 0.000195365 0.000131799 0.00127561 0.000467358 0.000195365 0.000467358 0.000449049)
(0.00160353 0.000675995 0.000326589 0.000675995 0.00293283 0.00149093 0.000326589 0.00149093 0.00191096)
(0.00170108 0.000752124 0.000401001 0.000752124 0.00309694 0.00139957 0.000401001 0.00139957 0.00180899)
(0.00075054 0.000396973 0.000344962 0.000396973 0.00202042 0.000144425 0.000344962 0.000144425 0.000576121)
(0.000697503 -0.000100322 0.000297382 -0.000100322 0.00127389 -0.000603772 0.000297382 -0.000603772 0.000703954)
(0.000582718 -0.000340104 0.000409251 -0.000340104 0.000889129 -0.00050851 0.000409251 -0.00050851 0.000611089)
(0.000460693 -0.000285568 0.000108371 -0.000285568 0.000533478 -0.000191582 0.000108371 -0.000191582 0.000428544)
(0.000385987 -9.58564e-05 -7.78995e-05 -9.58564e-05 0.000201847 5.28619e-06 -7.78995e-05 5.28619e-06 0.000367378)
(0.000242572 0.000118114 -0.000109238 0.000118114 0.000224847 -6.8224e-05 -0.000109238 -6.8224e-05 0.000304005)
(0.000157291 9.27681e-05 -1.82996e-05 9.27681e-05 0.0007402 -0.000195619 -1.82996e-05 -0.000195619 0.000204878)
(0.000337695 2.6552e-06 5.79087e-05 2.6552e-06 0.00109768 -4.66062e-05 5.79087e-05 -4.66062e-05 0.000155608)
(0.000518304 4.13526e-05 0.000105861 4.13526e-05 0.00102925 0.000199158 0.000105861 0.000199158 0.00035271)
(0.000521983 0.00011084 0.000271995 0.00011084 0.000476824 0.000191324 0.000271995 0.000191324 0.000690443)
(0.00073261 5.27892e-05 0.00024588 5.27892e-05 0.000740645 -0.000233258 0.00024588 -0.000233258 0.000595123)
(0.00122688 -0.000592119 0.000345776 -0.000592119 0.0028375 -0.000372545 0.000345776 -0.000372545 0.00056218)
(0.00148838 -0.00106178 0.000198672 -0.00106178 0.00383433 0.000203461 0.000198672 0.000203461 0.000742759)
(0.00082926 -0.000610138 0.000119677 -0.000610138 0.00181519 0.000278338 0.000119677 0.000278338 0.00039292)
(0.000350659 -3.91901e-05 0.000152159 -3.91901e-05 0.000158397 6.60587e-06 0.000152159 6.60587e-06 0.000105977)
(0.000524415 0.000566318 0.000176751 0.000566318 0.00109121 0.00025674 0.000176751 0.00025674 0.000436049)
(-6.05655e-05 0.00029074 1.03666e-05 0.00029074 0.00265121 -0.000347487 1.03666e-05 -0.000347487 0.000609554)
(0.000267188 -0.000388502 0.000444215 -0.000388502 0.00166678 -0.00142287 0.000444215 -0.00142287 0.00199426)
(0.000581647 -0.00019522 0.000260882 -0.00019522 0.00045153 -0.000631712 0.000260882 -0.000631712 0.00192976)
(0.000280151 -2.56142e-05 4.38867e-05 -2.56142e-05 0.000132132 -1.0266e-05 4.38867e-05 -1.0266e-05 0.000641689)
(0.000290506 1.26632e-05 0.000207987 1.26632e-05 0.000205262 -4.9375e-05 0.000207987 -4.9375e-05 0.000287789)
(0.000372468 5.86221e-05 0.00021011 5.86221e-05 0.000245513 -0.000100566 0.00021011 -0.000100566 0.000361358)
(0.000301136 -6.05173e-06 0.000144294 -6.05173e-06 0.000236817 -8.43685e-06 0.000144294 -8.43685e-06 0.000277126)
(0.000269455 3.01814e-05 4.18453e-05 3.01814e-05 0.000395287 -7.05859e-05 4.18453e-05 -7.05859e-05 0.000297685)
(0.0003399 0.000148143 6.70403e-05 0.000148143 0.000565265 1.91303e-05 6.70403e-05 1.91303e-05 0.000299024)
(0.000710175 0.000351304 0.000418631 0.000351304 0.00081568 0.000289157 0.000418631 0.000289157 0.000789956)
(0.00051381 5.68572e-05 0.000123497 5.68572e-05 0.000561676 -0.000242543 0.000123497 -0.000242543 0.00024562)
(0.000370928 -0.000120976 0.000162364 -0.000120976 0.000986821 0.000196475 0.000162364 0.000196475 0.000204274)
(0.000427579 -0.000350967 0.000148688 -0.000350967 0.000973502 0.000147314 0.000148688 0.000147314 0.000134937)
(0.000757162 1.02008e-05 0.000333078 1.02008e-05 0.0004581 -0.000164459 0.000333078 -0.000164459 0.000567973)
(0.00156615 0.000625184 0.000645828 0.000625184 0.00117964 0.000844927 0.000645828 0.000844927 0.0037231)
(0.00178328 0.000601398 -8.7522e-05 0.000601398 0.00252097 0.00187034 -8.7522e-05 0.00187034 0.00470713)
(0.0011082 6.2217e-05 -0.000133785 6.2217e-05 0.0017074 0.000928055 -0.000133785 0.000928055 0.00131328)
(0.000312499 -0.00015543 0.000212252 -0.00015543 0.000325375 -8.80845e-05 0.000212252 -8.80845e-05 0.000298066)
(0.000516749 -0.000159514 9.78177e-05 -0.000159514 0.000226024 0.000139164 9.78177e-05 0.000139164 0.00135236)
(0.000408597 -9.36501e-05 -0.000117615 -9.36501e-05 0.000187619 0.0001295 -0.000117615 0.0001295 0.00104764)
(0.000202283 -5.05587e-05 9.4464e-05 -5.05587e-05 0.000272656 0.000110941 9.4464e-05 0.000110941 0.000324257)
(0.000611927 0.000209655 0.000288637 0.000209655 0.0012387 0.000342991 0.000288637 0.000342991 0.00047189)
(0.000936939 0.000437066 0.000362428 0.000437066 0.00218134 0.000382644 0.000362428 0.000382644 0.000756894)
(0.000734774 0.00014064 0.000293992 0.00014064 0.00125147 0.00012638 0.000293992 0.00012638 0.000519738)
(0.00044014 -3.55849e-05 0.000180535 -3.55849e-05 0.000459021 -1.71624e-05 0.000180535 -1.71624e-05 0.000293257)
(0.000690443 0.000125195 0.00026888 0.000125195 0.000719487 -7.30203e-05 0.00026888 -7.30203e-05 0.000618449)
(0.00121648 0.000522573 0.000628928 0.000522573 0.00146685 1.62888e-05 0.000628928 1.62888e-05 0.00113081)
(0.000850262 0.000283351 0.000437321 0.000283351 0.000771944 -8.55355e-05 0.000437321 -8.55355e-05 0.000810505)
(0.000358766 -0.00014463 -0.000204186 -0.00014463 0.00022537 4.78309e-05 -0.000204186 4.78309e-05 0.000490918)
(0.000819062 -0.000455905 -0.000885179 -0.000455905 0.000742701 0.00107107 -0.000885179 0.00107107 0.0024013)
(0.000819791 -0.000212424 -0.00055705 -0.000212424 0.000901314 0.00106585 -0.00055705 0.00106585 0.00244261)
(0.000218424 4.90109e-05 0.000125293 4.90109e-05 0.000264822 9.05208e-05 0.000125293 9.05208e-05 0.000259183)
(0.000575349 0.000119808 0.000105823 0.000119808 0.000299311 4.73307e-05 0.000105823 4.73307e-05 0.000964036)
(0.00161533 0.000420523 -0.000652175 0.000420523 0.000547777 7.78744e-05 -0.000652175 7.78744e-05 0.00335412)
(0.00233609 0.000763246 -0.00115981 0.000763246 0.00114544 -0.00078714 -0.00115981 -0.00078714 0.0028543)
(0.00135473 0.000512172 4.10285e-05 0.000512172 0.00413922 -0.000762328 4.10285e-05 -0.000762328 0.00112074)
(0.00205726 -0.00165725 -0.000359351 -0.00165725 0.00686092 0.00102905 -0.000359351 0.00102905 0.00209155)
(0.00240355 -0.00251868 -0.000809147 -0.00251868 0.0063037 0.00128135 -0.000809147 0.00128135 0.00213258)
(0.00168043 -0.00185576 0.000215366 -0.00185576 0.00233327 -0.000116758 0.000215366 -0.000116758 0.000378816)
(0.00157326 -0.000386118 0.000770118 -0.000386118 0.000579572 -0.000263593 0.000770118 -0.000263593 0.000860831)
(0.000406791 7.29626e-05 0.000178881 7.29626e-05 0.000192197 -0.000108422 0.000178881 -0.000108422 0.000201873)
(0.000327625 -6.13835e-06 0.000231573 -6.13835e-06 0.000119767 4.22588e-05 0.000231573 4.22588e-05 8.32491e-05)
(0.000483235 -0.000207916 0.000313411 -0.000207916 0.000285969 -0.000110287 0.000313411 -0.000110287 0.000450189)
(0.000367134 -9.11392e-05 0.000134413 -9.11392e-05 0.000290728 -0.000165439 0.000134413 -0.000165439 0.000634917)
(0.000307069 1.42213e-06 8.26698e-05 1.42213e-06 0.000235308 -9.29143e-05 8.26698e-05 -9.29143e-05 0.000509169)
(0.000315357 3.20636e-05 0.000107002 3.20636e-05 0.00026799 -4.03803e-05 0.000107002 -4.03803e-05 0.00034012)
(0.000443902 0.000181643 0.000220697 0.000181643 0.00061153 0.000144761 0.000220697 0.000144761 0.000385655)
(0.000540244 0.000234177 0.000351178 0.000234177 0.000710352 0.000318647 0.000351178 0.000318647 0.000621165)
(0.000694003 0.00024204 0.000395723 0.00024204 0.000461173 0.00020986 0.000395723 0.00020986 0.000956151)
(0.000732131 0.000194169 0.000232149 0.000194169 0.00032874 -0.000133774 0.000232149 -0.000133774 0.000924554)
(0.000562533 -7.9656e-05 0.000268484 -7.9656e-05 0.000636922 -0.000490761 0.000268484 -0.000490761 0.000568032)
(0.000566189 -9.68752e-05 0.000364736 -9.68752e-05 0.000447281 -0.000380725 0.000364736 -0.000380725 0.00061634)
(0.000755438 -0.000311796 0.000385782 -0.000311796 0.000992167 -0.000515363 0.000385782 -0.000515363 0.00054503)
(0.00131376 -0.000897088 0.000498623 -0.000897088 0.00203692 -0.00081959 0.000498623 -0.00081959 0.000674799)
(0.00204858 -0.000720952 0.00070142 -0.000720952 0.00159417 -0.00112512 0.00070142 -0.00112512 0.0018169)
(0.00247336 0.000458358 0.000653468 0.000458358 0.000567907 -0.000141624 0.000653468 -0.000141624 0.00455106)
(0.00189212 0.000368956 -0.00031337 0.000368956 0.00150569 0.00126807 -0.00031337 0.00126807 0.00503061)
(0.00141956 0.000225747 -0.000153012 0.000225747 0.00233506 0.00123528 -0.000153012 0.00123528 0.00221248)
(0.000579869 0.000376618 0.000204844 0.000376618 0.00241608 0.000677565 0.000204844 0.000677565 0.000912846)
(0.000521468 0.000677195 0.000292908 0.000677195 0.00245467 0.000633372 0.000292908 0.000633372 0.00084974)
(0.000709564 0.000406557 0.000301335 0.000406557 0.00150338 0.000728332 0.000301335 0.000728332 0.0010321)
(0.00101323 0.000340998 -0.000366643 0.000340998 0.000762508 0.000314274 -0.000366643 0.000314274 0.00187577)
(0.000975705 0.000367411 -0.00037709 0.000367411 0.000726671 6.51134e-05 -0.00037709 6.51134e-05 0.00145589)
(0.000411181 6.0251e-05 9.01343e-05 6.0251e-05 0.000541723 2.48179e-05 9.01343e-05 2.48179e-05 0.000288173)
(0.000399603 0.000209148 -0.000128469 0.000209148 0.000745336 -0.000286027 -0.000128469 -0.000286027 0.000782789)
(0.000585827 0.000479848 -0.000429591 0.000479848 0.00135601 -0.000708941 -0.000429591 -0.000708941 0.00110631)
(0.000534488 0.000468049 -0.00013481 0.000468049 0.00145824 -0.00037428 -0.00013481 -0.00037428 0.000642887)
(0.000385008 6.53304e-05 0.000153704 6.53304e-05 0.000656746 -3.82382e-05 0.000153704 -3.82382e-05 0.000369936)
(0.000224688 -3.41339e-05 0.000121398 -3.41339e-05 0.000363899 -8.27331e-05 0.000121398 -8.27331e-05 0.000218705)
(0.000675774 -6.79782e-05 -0.000328763 -6.79782e-05 0.00270192 0.0011264 -0.000328763 0.0011264 0.00141679)
(0.00127613 -0.0005314 -0.000563677 -0.0005314 0.00401267 0.00160081 -0.000563677 0.00160081 0.00196411)
(0.000370926 -0.000206307 0.000211729 -0.000206307 0.000911777 2.98396e-06 0.000211729 2.98396e-06 0.000125407)
(0.000618175 0.000224655 0.00018348 0.000224655 0.000308277 5.7335e-05 0.00018348 5.7335e-05 0.00113601)
(0.00141368 0.000153087 -0.000337358 0.000153087 0.00079475 0.000530615 -0.000337358 0.000530615 0.00309438)
(0.00258359 -1.10492e-05 -0.000717329 -1.10492e-05 0.00141964 0.00089119 -0.000717329 0.00089119 0.00466284)
(0.00222764 0.000389591 0.000105165 0.000389591 0.00213509 0.00108868 0.000105165 0.00108868 0.00344633)
(0.00109534 0.000714122 0.00041225 0.000714122 0.00196915 0.000443398 0.00041225 0.000443398 0.000980604)
(0.00066862 0.000252888 -0.000198239 0.000252888 0.000817468 -4.20148e-05 -0.000198239 -4.20148e-05 0.000526042)
(0.00104031 -0.000782104 -0.000578032 -0.000782104 0.00077331 0.00036733 -0.000578032 0.00036733 0.000719784)
(0.00160458 -0.00157695 -0.000691452 -0.00157695 0.0035456 0.0010858 -0.000691452 0.0010858 0.00133454)
(0.00233768 -0.0013868 -0.000721942 -0.0013868 0.00557 0.00178255 -0.000721942 0.00178255 0.00244151)
(0.0014486 -5.52088e-05 -0.00041102 -5.52088e-05 0.0035578 0.00179354 -0.00041102 0.00179354 0.00207826)
(0.000662536 0.000133203 0.000101928 0.000133203 0.000694951 0.000541406 0.000101928 0.000541406 0.00127203)
(0.000486277 0.00010577 9.48049e-05 0.00010577 0.000477655 -0.000218591 9.48049e-05 -0.000218591 0.00129553)
(0.000415852 6.07884e-05 1.21882e-05 6.07884e-05 0.00042342 -0.00031921 1.21882e-05 -0.00031921 0.000992652)
(0.000324573 6.4671e-05 -6.10892e-05 6.4671e-05 0.000341188 -0.000169701 -6.10892e-05 -0.000169701 0.000464015)
(0.000222098 4.29647e-05 3.60161e-05 4.29647e-05 0.000298596 -4.44241e-05 3.60161e-05 -4.44241e-05 0.000113284)
(0.000291451 4.25475e-05 0.000104382 4.25475e-05 0.000294316 -1.21864e-05 0.000104382 -1.21864e-05 9.20409e-05)
(0.000549497 0.000132955 0.00013059 0.000132955 0.000719023 -0.00029955 0.00013059 -0.00029955 0.000368615)
(0.000619504 4.29219e-05 0.00019973 4.29219e-05 0.00105318 -0.00057544 0.00019973 -0.00057544 0.000546868)
(0.000855433 -4.99003e-06 0.000266997 -4.99003e-06 0.000622938 -0.000622286 0.000266997 -0.000622286 0.00122193)
(0.000771944 0.000128802 0.000191169 0.000128802 0.000524287 -0.000568688 0.000191169 -0.000568688 0.0012199)
(0.000470933 1.77333e-05 0.000214508 1.77333e-05 0.000564906 -0.000319419 0.000214508 -0.000319419 0.000381801)
(0.000408767 -0.00035059 9.10899e-05 -0.00035059 0.00066291 2.15229e-05 9.10899e-05 2.15229e-05 0.000222058)
(0.000943978 -0.000936768 0.000261065 -0.000936768 0.00111328 -0.000243309 0.000261065 -0.000243309 5.92413e-05)
(0.00243367 -0.000802123 0.00077994 -0.000802123 0.00161757 -0.00112461 0.00077994 -0.00112461 0.00219047)
(0.00363721 0.000199826 0.000247801 0.000199826 0.00126439 -0.000665134 0.000247801 -0.000665134 0.00570408)
(0.0029064 0.00058176 -0.000575181 0.00058176 0.00105036 0.00056136 -0.000575181 0.00056136 0.00673509)
(0.00208475 0.000614775 -0.000158609 0.000614775 0.00105256 0.00068296 -0.000158609 0.00068296 0.00521548)
(0.00140836 0.000486666 0.000154822 0.000486666 0.000562971 -0.000167788 0.000154822 -0.000167788 0.00232312)
(0.00109686 0.00056115 -0.000141467 0.00056115 0.0012725 -0.000660675 -0.000141467 -0.000660675 0.000904104)
(0.000991512 0.000633547 -8.55662e-05 0.000633547 0.00134348 -0.000368729 -8.55662e-05 -0.000368729 0.000576302)
(0.000568601 0.000187644 0.000134577 0.000187644 0.000577324 1.86116e-05 0.000134577 1.86116e-05 0.000298615)
(0.000344131 4.17959e-05 0.000224339 4.17959e-05 0.000707932 -1.74455e-05 0.000224339 -1.74455e-05 0.000526912)
(0.000348797 0.000156101 -2.38847e-05 0.000156101 0.000774501 -0.000260114 -2.38847e-05 -0.000260114 0.000927832)
(0.000476155 0.000243139 -0.000276841 0.000243139 0.000540209 -0.000251329 -0.000276841 -0.000251329 0.000622847)
(0.000347192 -2.38353e-05 -4.73941e-05 -2.38353e-05 0.000270784 -1.99201e-05 -4.73941e-05 -1.99201e-05 0.000284944)
(0.000332799 -0.000123641 0.000171756 -0.000123641 0.000438344 0.000145337 0.000171756 0.000145337 0.000322985)
(0.000572292 0.000137266 0.000274716 0.000137266 0.000916103 0.000419363 0.000274716 0.000419363 0.000746456)
(0.000508178 8.96268e-05 0.000157052 8.96268e-05 0.000918368 0.000451356 0.000157052 0.000451356 0.000890899)
(0.000363641 2.30037e-05 8.28784e-06 2.30037e-05 0.000368886 -2.02255e-05 8.28784e-06 -2.02255e-05 0.000286926)
(0.00144968 0.000804123 0.000876773 0.000804123 0.0010626 0.000472791 0.000876773 0.000472791 0.00124206)
(0.00135824 0.000706966 0.000728363 0.000706966 0.00106472 0.00069863 0.000728363 0.00069863 0.00274274)
(0.00110404 0.000371684 -0.000251804 0.000371684 0.000679276 0.000494663 -0.000251804 0.000494663 0.00327348)
(0.00155206 1.9432e-05 -0.000397526 1.9432e-05 0.00107801 0.00081462 -0.000397526 0.00081462 0.00327633)
(0.0017815 0.000243429 0.000207398 0.000243429 0.00320673 0.00137853 0.000207398 0.00137853 0.00205691)
(0.00199226 0.000914576 0.000567861 0.000914576 0.00468351 0.000879064 0.000567861 0.000879064 0.00163981)
(0.000904766 0.00119821 0.000317214 0.00119821 0.00373002 0.000216587 0.000317214 0.000216587 0.00088262)
(0.000308039 0.00029983 -0.000178625 0.00029983 0.000675997 -0.000170048 -0.000178625 -0.000170048 0.000431234)
(0.00047446 -0.000171629 -0.00020337 -0.000171629 0.00148887 0.00073385 -0.00020337 0.00073385 0.000924549)
(0.00110877 -0.000174071 -0.000449357 -0.000174071 0.00350312 0.00152707 -0.000449357 0.00152707 0.00187043)
(0.00107901 -0.000341698 -0.000397048 -0.000341698 0.00373628 0.00133639 -0.000397048 0.00133639 0.0016827)
(0.0007152 -0.000253619 -2.82116e-05 -0.000253619 0.00358099 0.000612879 -2.82116e-05 0.000612879 0.00115665)
(0.000384021 3.76655e-05 0.000330849 3.76655e-05 0.0023855 -0.000226961 0.000330849 -0.000226961 0.000613739)
(0.000335765 4.6365e-05 0.00021751 4.6365e-05 0.000463963 -0.000237052 0.00021751 -0.000237052 0.000259286)
