/*--------------------------------*- C++ -*----------------------------------*\
  =========                 |
  \\      /  F ield         | OpenFOAM: The Open Source CFD Toolbox
   \\    /   O peration     | Website:  https://openfoam.org
    \\  /    A nd           | Version:  10
     \\/     M anipulation  |
\*---------------------------------------------------------------------------*/
FoamFile
{
    format      ascii;
    class       volTensorField;
    location    "40";
    object      TauNN;
}
// * * * * * * * * * * * * * * * * * * * * * * * * * * * * * * * * * * * * * //

dimensions      [0 2 -2 0 0 0 0];

internalField   nonuniform List<tensor> 
25600
(
(0.00148454 -0.0129809 -0.0151357 -0.0129809 0.000160218 -0.00815293 -0.0151357 -0.00815293 0.000114642)
(0.00149911 -0.0129758 -0.0151318 -0.0129758 0.000157367 -0.00814949 -0.0151318 -0.00814949 0.000117183)
(0.00146698 -0.0129734 -0.0151393 -0.0129734 0.000158918 -0.0081483 -0.0151393 -0.0081483 0.000117155)
(0.00145671 -0.0129798 -0.0151402 -0.0129798 0.000161106 -0.00815224 -0.0151402 -0.00815224 0.000115558)
(0.00146203 -0.0129815 -0.0151397 -0.0129815 0.000161394 -0.00815326 -0.0151397 -0.00815326 0.000115)
(0.00148875 -0.0129793 -0.0151356 -0.0129793 0.000159506 -0.00815179 -0.0151356 -0.00815179 0.000115952)
(0.00149632 -0.0129756 -0.0151324 -0.0129756 0.000157419 -0.00814932 -0.0151324 -0.00814932 0.00011739)
(0.00148636 -0.0129754 -0.0151342 -0.0129754 0.000157995 -0.0081493 -0.0151342 -0.0081493 0.000117092)
(0.00147268 -0.0129793 -0.0151368 -0.0129793 0.000160108 -0.0081519 -0.0151368 -0.0081519 0.000115232)
(0.00148876 -0.0129775 -0.0151336 -0.0129775 0.000158472 -0.00815062 -0.0151336 -0.00815062 0.000116529)
(0.00148878 -0.0129774 -0.0151346 -0.0129774 0.000158568 -0.00815048 -0.0151346 -0.00815048 0.000116989)
(0.00148277 -0.0129788 -0.0151354 -0.0129788 0.000159486 -0.00815152 -0.0151354 -0.00815152 0.000115602)
(0.00148114 -0.0129778 -0.0151356 -0.0129778 0.00015929 -0.00815095 -0.0151356 -0.00815095 0.000115713)
(0.00148045 -0.0129749 -0.0151349 -0.0129749 0.000158065 -0.00814903 -0.0151349 -0.00814903 0.000117178)
(0.00148257 -0.0129774 -0.0151353 -0.0129774 0.00015886 -0.00815056 -0.0151353 -0.00815056 0.00011677)
(0.00147601 -0.0129788 -0.0151389 -0.0129788 0.00016016 -0.00815152 -0.0151389 -0.00815152 0.000116535)
(0.00145588 -0.0129809 -0.0151415 -0.0129809 0.000161834 -0.00815307 -0.0151415 -0.00815307 0.000114796)
(0.00147181 -0.0129799 -0.0151374 -0.0129799 0.00016061 -0.00815239 -0.0151374 -0.00815239 0.000114266)
(0.00147477 -0.012972 -0.0151338 -0.012972 0.000157317 -0.00814747 -0.0151338 -0.00814747 0.00011678)
(0.00150412 -0.0129771 -0.01513 -0.0129771 0.000157233 -0.00815031 -0.01513 -0.00815031 0.000117193)
(0.00149896 -0.0129774 -0.015135 -0.0129774 0.000158268 -0.00815031 -0.015135 -0.00815031 0.000118037)
(0.0014558 -0.0129687 -0.0151416 -0.0129687 0.000158185 -0.00814561 -0.0151416 -0.00814561 0.000117981)
(0.00148403 -0.0129742 -0.0151333 -0.0129742 0.000157322 -0.00814854 -0.0151333 -0.00814854 0.000117827)
(0.00148916 -0.0129768 -0.015133 -0.0129768 0.000158167 -0.00815021 -0.015133 -0.00815021 0.000116509)
(0.00146893 -0.0129804 -0.015137 -0.0129804 0.000160651 -0.0081527 -0.015137 -0.0081527 0.000114178)
(0.00146914 -0.0129796 -0.0151397 -0.0129796 0.000160605 -0.00815193 -0.0151397 -0.00815193 0.000116314)
(0.00146711 -0.0129822 -0.0151372 -0.0129822 0.000161187 -0.0081538 -0.0151372 -0.0081538 0.000113629)
(0.00148749 -0.0129787 -0.0151335 -0.0129787 0.00015904 -0.00815148 -0.0151335 -0.00815148 0.000115352)
(0.00150263 -0.0129794 -0.015132 -0.0129794 0.000158616 -0.00815182 -0.015132 -0.00815182 0.000115559)
(0.00143345 -0.0129755 -0.0151483 -0.0129755 0.000162393 -0.00815013 -0.0151483 -0.00815013 0.000115503)
(0.00147364 -0.0129751 -0.0151346 -0.0129751 0.000158376 -0.00814935 -0.0151346 -0.00814935 0.000116375)
(0.00149617 -0.0129762 -0.0151317 -0.0129762 0.000157494 -0.00814971 -0.0151317 -0.00814971 0.000116966)
(0.00145325 -0.0129732 -0.015142 -0.0129732 0.000159843 -0.00814844 -0.015142 -0.00814844 0.000116548)
(0.00145887 -0.0129806 -0.0151399 -0.0129806 0.000161417 -0.00815289 -0.0151399 -0.00815289 0.000114647)
(0.00146655 -0.0129765 -0.0151414 -0.0129765 0.000160212 -0.00815015 -0.0151414 -0.00815015 0.000116889)
(0.00146302 -0.0129739 -0.0151388 -0.0129739 0.000159218 -0.00814875 -0.0151388 -0.00814875 0.000116336)
(0.00148497 -0.0129779 -0.0151343 -0.0129779 0.000158903 -0.00815093 -0.0151343 -0.00815093 0.000116025)
(0.0014804 -0.0129769 -0.0151356 -0.0129769 0.000158919 -0.00815034 -0.0151356 -0.00815034 0.000116427)
(0.00149167 -0.0129756 -0.0151316 -0.0129756 0.000157404 -0.00814944 -0.0151316 -0.00814944 0.000117061)
(0.00149499 -0.01298 -0.0151329 -0.01298 0.000159156 -0.00815225 -0.0151329 -0.00815225 0.000115113)
(2.18109e-05 -0.0128019 -0.0154414 -0.0128019 3.58989e-05 -0.00811514 -0.0154414 -0.00811514 6.35452e-05)
(1.42253e-05 -0.0127948 -0.0154372 -0.0127948 2.58777e-05 -0.00812024 -0.0154372 -0.00812024 6.10558e-05)
(0.00017522 -0.0128273 -0.0154181 -0.0128273 0.000120324 -0.00814933 -0.0154181 -0.00814933 4.25366e-05)
(0.000114665 -0.0128236 -0.0154192 -0.0128236 8.44445e-05 -0.00814525 -0.0154192 -0.00814525 4.46681e-05)
(8.06381e-05 -0.0128086 -0.0154262 -0.0128086 3.5205e-05 -0.00812996 -0.0154262 -0.00812996 4.60373e-05)
(5.30772e-05 -0.0127971 -0.0154313 -0.0127971 2.20842e-05 -0.00812529 -0.0154313 -0.00812529 5.12523e-05)
(5.21917e-05 -0.012792 -0.0154265 -0.012792 2.32597e-05 -0.00813085 -0.0154265 -0.00813085 5.46603e-05)
(7.05355e-05 -0.0127996 -0.0154242 -0.0127996 2.73696e-05 -0.00813098 -0.0154242 -0.00813098 5.47069e-05)
(-0.000132509 -0.0128278 -0.0154538 -0.0128278 0.000101204 -0.00810859 -0.0154538 -0.00810859 7.93234e-05)
(1.63133e-05 -0.0127994 -0.0154357 -0.0127994 3.58879e-05 -0.00811622 -0.0154357 -0.00811622 6.70868e-05)
(0.000104063 -0.0128112 -0.0154236 -0.0128112 7.19783e-05 -0.00814425 -0.0154236 -0.00814425 4.29646e-05)
(4.2808e-05 -0.0128028 -0.0154384 -0.0128028 3.44048e-05 -0.00811538 -0.0154384 -0.00811538 6.50818e-05)
(0.000123839 -0.012819 -0.0154213 -0.012819 9.61756e-05 -0.00814818 -0.0154213 -0.00814818 4.14105e-05)
(0.000150797 -0.0128259 -0.015421 -0.0128259 0.000116556 -0.00815091 -0.015421 -0.00815091 3.83857e-05)
(9.76422e-05 -0.0128137 -0.0154235 -0.0128137 6.59959e-05 -0.00814278 -0.0154235 -0.00814278 3.88766e-05)
(8.4109e-05 -0.0128101 -0.0154278 -0.0128101 7.01085e-05 -0.00814055 -0.0154278 -0.00814055 3.03981e-05)
(7.58101e-05 -0.0128068 -0.0154256 -0.0128068 4.28109e-05 -0.00813551 -0.0154256 -0.00813551 4.27956e-05)
(6.89258e-05 -0.0128018 -0.015428 -0.0128018 2.77017e-05 -0.00812407 -0.015428 -0.00812407 6.70397e-05)
(0.000125297 -0.0128144 -0.0154097 -0.0128144 6.0963e-05 -0.00815024 -0.0154097 -0.00815024 0.000105577)
(2.37223e-05 -0.0127996 -0.0154359 -0.0127996 4.01215e-05 -0.00811576 -0.0154359 -0.00811576 7.09017e-05)
(6.61447e-05 -0.0127898 -0.0154341 -0.0127898 2.91457e-05 -0.00812873 -0.0154341 -0.00812873 3.39706e-05)
(0.000385803 -0.0128481 -0.0154218 -0.0128481 0.000130932 -0.00814286 -0.0154218 -0.00814286 4.05914e-05)
(0.000161416 -0.0128398 -0.0154237 -0.0128398 0.000129351 -0.00815085 -0.0154237 -0.00815085 3.3283e-05)
(7.83811e-05 -0.0128029 -0.0154214 -0.0128029 3.85825e-05 -0.00813963 -0.0154214 -0.00813963 5.2515e-05)
(1.72358e-05 -0.012806 -0.0154434 -0.012806 4.62427e-05 -0.00810787 -0.0154434 -0.00810787 7.83445e-05)
(0.000116732 -0.01282 -0.0154227 -0.01282 8.40927e-05 -0.0081412 -0.0154227 -0.0081412 4.02325e-05)
(1.91808e-05 -0.0128079 -0.0154493 -0.0128079 5.84877e-05 -0.00810543 -0.0154493 -0.00810543 8.38999e-05)
(6.73475e-05 -0.0127992 -0.0154244 -0.0127992 2.58835e-05 -0.00812066 -0.0154244 -0.00812066 7.44768e-05)
(-7.15024e-05 -0.0128221 -0.0154601 -0.0128221 7.72867e-05 -0.00810911 -0.0154601 -0.00810911 7.41669e-05)
(0.000128167 -0.0128146 -0.0154197 -0.0128146 9.11792e-05 -0.00814688 -0.0154197 -0.00814688 4.78817e-05)
(8.65941e-05 -0.0128028 -0.0154162 -0.0128028 3.01091e-05 -0.00813332 -0.0154162 -0.00813332 6.39681e-05)
(0.000141636 -0.0128178 -0.0154197 -0.0128178 0.000103152 -0.00814931 -0.0154197 -0.00814931 4.45567e-05)
(-0.000155061 -0.0128347 -0.0154418 -0.0128347 0.000108921 -0.00810293 -0.0154418 -0.00810293 8.69859e-05)
(-0.000103449 -0.0128256 -0.0154583 -0.0128256 9.36029e-05 -0.00810915 -0.0154583 -0.00810915 7.37856e-05)
(0.000448431 -0.0128521 -0.0154428 -0.0128521 0.000118222 -0.00814183 -0.0154428 -0.00814183 2.59626e-05)
(8.07511e-05 -0.012799 -0.0154145 -0.012799 3.27142e-05 -0.00813764 -0.0154145 -0.00813764 8.03454e-05)
(1.17745e-05 -0.0128089 -0.0154482 -0.0128089 5.78499e-05 -0.00810719 -0.0154482 -0.00810719 7.95544e-05)
(0.000153757 -0.0128315 -0.0154217 -0.0128315 0.000117428 -0.00814936 -0.0154217 -0.00814936 3.65329e-05)
(8.87396e-05 -0.0128085 -0.0154201 -0.0128085 4.32126e-05 -0.00814048 -0.0154201 -0.00814048 5.35304e-05)
(-7.91413e-05 -0.0128218 -0.015459 -0.0128218 8.76973e-05 -0.008106 -0.015459 -0.008106 7.88235e-05)
(5.12169e-05 -0.0127939 -0.0154261 -0.0127939 2.35746e-05 -0.00813102 -0.0154261 -0.00813102 5.10546e-05)
(6.09676e-05 -0.0127918 -0.0154298 -0.0127918 2.75947e-05 -0.00813248 -0.0154298 -0.00813248 5.02034e-05)
(3.64677e-05 -0.0127947 -0.015428 -0.0127947 2.44583e-05 -0.00811806 -0.015428 -0.00811806 7.67233e-05)
(6.26285e-05 -0.0127971 -0.0154232 -0.0127971 2.42312e-05 -0.00812107 -0.0154232 -0.00812107 6.43399e-05)
(5.73847e-05 -0.0127967 -0.0154271 -0.0127967 2.20707e-05 -0.0081259 -0.0154271 -0.0081259 5.20394e-05)
(5.54661e-05 -0.0127965 -0.0154298 -0.0127965 2.25461e-05 -0.00812812 -0.0154298 -0.00812812 4.84073e-05)
(6.74477e-05 -0.0127974 -0.0154273 -0.0127974 3.21702e-05 -0.00813439 -0.0154273 -0.00813439 4.89136e-05)
(7.08503e-05 -0.0128005 -0.0154249 -0.0128005 2.43513e-05 -0.00812629 -0.0154249 -0.00812629 5.50474e-05)
(-0.000116084 -0.0128149 -0.015452 -0.0128149 8.79038e-05 -0.00811052 -0.015452 -0.00811052 7.39046e-05)
(-3.67973e-05 -0.0128037 -0.0154405 -0.0128037 4.73521e-05 -0.00811132 -0.0154405 -0.00811132 7.71423e-05)
(9.94558e-05 -0.0128085 -0.0154223 -0.0128085 6.59972e-05 -0.00814535 -0.0154223 -0.00814535 5.04606e-05)
(2.98082e-05 -0.0127984 -0.015435 -0.0127984 3.03186e-05 -0.00811697 -0.015435 -0.00811697 6.51475e-05)
(0.000172226 -0.0128251 -0.0154252 -0.0128251 0.000119544 -0.00814824 -0.0154252 -0.00814824 3.28344e-05)
(8.61349e-05 -0.012809 -0.0154248 -0.012809 6.15705e-05 -0.00814558 -0.0154248 -0.00814558 3.98441e-05)
(9.59922e-05 -0.0128148 -0.0154235 -0.0128148 6.74181e-05 -0.00814311 -0.0154235 -0.00814311 3.88938e-05)
(3.21279e-05 -0.0127896 -0.0154334 -0.0127896 2.15408e-05 -0.00813093 -0.0154334 -0.00813093 3.70454e-05)
(4.09364e-05 -0.0127895 -0.0154224 -0.0127895 2.39466e-05 -0.00813266 -0.0154224 -0.00813266 5.47787e-05)
(8.52154e-05 -0.0128031 -0.0154207 -0.0128031 4.01045e-05 -0.00813918 -0.0154207 -0.00813918 7.32572e-05)
(-4.53857e-05 -0.0128121 -0.0154552 -0.0128121 7.47529e-05 -0.00809844 -0.0154552 -0.00809844 9.34093e-05)
(0.000172811 -0.0128337 -0.0154154 -0.0128337 0.000123395 -0.00814932 -0.0154154 -0.00814932 4.53397e-05)
(8.30589e-05 -0.0127896 -0.0154301 -0.0127896 5.08836e-05 -0.00813435 -0.0154301 -0.00813435 3.39627e-05)
(7.48986e-05 -0.0127992 -0.0154205 -0.0127992 3.17043e-05 -0.00813505 -0.0154205 -0.00813505 0.000100966)
(8.7335e-05 -0.012814 -0.0154237 -0.012814 5.22336e-05 -0.00814114 -0.0154237 -0.00814114 3.7166e-05)
(9.15363e-05 -0.0128121 -0.0154196 -0.0128121 5.43518e-05 -0.0081455 -0.0154196 -0.0081455 5.30934e-05)
(2.75718e-05 -0.0127954 -0.0154274 -0.0127954 2.94907e-05 -0.0081138 -0.0154274 -0.0081138 8.42072e-05)
(5.02246e-05 -0.0127964 -0.0154293 -0.0127964 2.32231e-05 -0.00812164 -0.0154293 -0.00812164 6.30316e-05)
(0.000149249 -0.0128291 -0.0154154 -0.0128291 0.000116004 -0.00814967 -0.0154154 -0.00814967 4.86484e-05)
(0.000145164 -0.0128263 -0.0154117 -0.0128263 0.000114277 -0.00815163 -0.0154117 -0.00815163 5.65418e-05)
(8.38167e-05 -0.0128004 -0.0154244 -0.0128004 4.78393e-05 -0.00814027 -0.0154244 -0.00814027 5.53012e-05)
(-0.000158923 -0.012831 -0.0154531 -0.012831 0.000100891 -0.00811139 -0.0154531 -0.00811139 7.67897e-05)
(9.07321e-05 -0.0128041 -0.0154173 -0.0128041 4.1058e-05 -0.00814256 -0.0154173 -0.00814256 7.41819e-05)
(0.000269279 -0.0128445 -0.0154263 -0.0128445 0.000129441 -0.00814589 -0.0154263 -0.00814589 3.04639e-05)
(0.000587572 -0.0128681 -0.0152621 -0.0128681 0.000103744 -0.00813469 -0.0152621 -0.00813469 0.000108318)
(7.03e-05 -0.0128575 -0.015367 -0.0128575 0.000115146 -0.00812328 -0.015367 -0.00812328 9.75039e-05)
(0.000407291 -0.0128456 -0.0154431 -0.0128456 0.000121294 -0.00814131 -0.0154431 -0.00814131 2.61462e-05)
(0.000108571 -0.0128062 -0.0154072 -0.0128062 4.92025e-05 -0.00815078 -0.0154072 -0.00815078 0.000110031)
(-0.00014955 -0.0128223 -0.0154584 -0.0128223 9.53395e-05 -0.00810229 -0.0154584 -0.00810229 8.44363e-05)
(9.29691e-05 -0.0128084 -0.0154231 -0.0128084 6.37875e-05 -0.00814709 -0.0154231 -0.00814709 5.01081e-05)
(0.000137202 -0.0128374 -0.0154127 -0.0128374 0.000123494 -0.00815268 -0.0154127 -0.00815268 5.12459e-05)
(6.76941e-05 -0.0127978 -0.0154191 -0.0127978 2.41301e-05 -0.00812776 -0.0154191 -0.00812776 6.35005e-05)
(8.25705e-05 -0.0128053 -0.015425 -0.0128053 6.38714e-05 -0.00814723 -0.015425 -0.00814723 4.50171e-05)
(0.00013504 -0.0128127 -0.0154226 -0.0128127 9.70367e-05 -0.00814629 -0.0154226 -0.00814629 4.32292e-05)
(-0.000101132 -0.012816 -0.0154559 -0.012816 8.11936e-05 -0.00810741 -0.0154559 -0.00810741 8.0875e-05)
(-4.48105e-05 -0.0128089 -0.01545 -0.0128089 6.90346e-05 -0.00810925 -0.01545 -0.00810925 7.83944e-05)
(2.62036e-05 -0.0127926 -0.01543 -0.0127926 2.74387e-05 -0.00812133 -0.01543 -0.00812133 6.07308e-05)
(5.81453e-05 -0.0127952 -0.015427 -0.0127952 2.55091e-05 -0.00813192 -0.015427 -0.00813192 5.00595e-05)
(8.01341e-05 -0.0128016 -0.0154263 -0.0128016 4.34342e-05 -0.00813741 -0.0154263 -0.00813741 4.82222e-05)
(4.03687e-05 -0.0128011 -0.015439 -0.0128011 3.94245e-05 -0.00811649 -0.015439 -0.00811649 6.57165e-05)
(7.48709e-05 -0.0128049 -0.0154217 -0.0128049 4.14004e-05 -0.00814168 -0.0154217 -0.00814168 4.57108e-05)
(4.47261e-05 -0.0127891 -0.0154212 -0.0127891 2.58549e-05 -0.00813035 -0.0154212 -0.00813035 8.7808e-05)
(6.90824e-05 -0.0127947 -0.0154212 -0.0127947 3.05565e-05 -0.00813637 -0.0154212 -0.00813637 7.09419e-05)
(3.69459e-05 -0.0127913 -0.0154263 -0.0127913 2.15992e-05 -0.00812453 -0.0154263 -0.00812453 5.90796e-05)
(5.36309e-05 -0.012791 -0.0154309 -0.012791 2.82386e-05 -0.00813368 -0.0154309 -0.00813368 3.57825e-05)
(4.90198e-05 -0.0127948 -0.0154318 -0.0127948 2.2297e-05 -0.00812702 -0.0154318 -0.00812702 4.7125e-05)
(9.20563e-05 -0.0128116 -0.0154234 -0.0128116 5.79892e-05 -0.00814205 -0.0154234 -0.00814205 4.39864e-05)
(2.81289e-05 -0.0127929 -0.0154366 -0.0127929 2.4399e-05 -0.00812781 -0.0154366 -0.00812781 4.27878e-05)
(1.44583e-05 -0.0127838 -0.0154191 -0.0127838 2.78354e-05 -0.00813291 -0.0154191 -0.00813291 6.39839e-05)
(7.87657e-05 -0.0127978 -0.0154154 -0.0127978 3.71305e-05 -0.00814268 -0.0154154 -0.00814268 9.62764e-05)
(-0.000139566 -0.012833 -0.015448 -0.012833 0.000107803 -0.00811385 -0.015448 -0.00811385 7.80575e-05)
(0.000217823 -0.0128331 -0.0154144 -0.0128331 0.000126185 -0.00814705 -0.0154144 -0.00814705 4.67488e-05)
(7.49778e-05 -0.0127934 -0.0154272 -0.0127934 4.61949e-05 -0.00814171 -0.0154272 -0.00814171 4.81408e-05)
(-9.20509e-06 -0.0128426 -0.0154099 -0.0128426 0.0001058 -0.00811054 -0.0154099 -0.00811054 9.27924e-05)
(1.11047e-05 -0.0128062 -0.0154495 -0.0128062 5.66336e-05 -0.00811748 -0.0154495 -0.00811748 6.50431e-05)
(9.29274e-05 -0.0128107 -0.0154195 -0.0128107 5.04488e-05 -0.00814297 -0.0154195 -0.00814297 5.58953e-05)
(8.12199e-05 -0.0128006 -0.0154175 -0.0128006 4.37155e-05 -0.00814628 -0.0154175 -0.00814628 8.25075e-05)
(-4.71185e-05 -0.0128084 -0.0154486 -0.0128084 5.6361e-05 -0.00810852 -0.0154486 -0.00810852 8.05262e-05)
(0.000269413 -0.0128385 -0.0154199 -0.0128385 0.000126315 -0.00814409 -0.0154199 -0.00814409 3.56998e-05)
(0.000138938 -0.0128309 -0.0154129 -0.0128309 0.000119315 -0.00815258 -0.0154129 -0.00815258 5.23297e-05)
(0.000186115 -0.0128313 -0.0154156 -0.0128313 0.000122116 -0.00814796 -0.0154156 -0.00814796 4.47548e-05)
(-4.2764e-05 -0.0128439 -0.0154122 -0.0128439 0.000117392 -0.00811943 -0.0154122 -0.00811943 8.78925e-05)
(0.000104312 -0.0128034 -0.0154184 -0.0128034 6.13444e-05 -0.00815019 -0.0154184 -0.00815019 8.24451e-05)
(9.80709e-05 -0.0128125 -0.0154203 -0.0128125 5.06742e-05 -0.00814357 -0.0154203 -0.00814357 4.73007e-05)
(0.000169652 -0.0128329 -0.0154113 -0.0128329 0.000105129 -0.00810772 -0.0154113 -0.00810772 8.4024e-05)
(-0.000211274 -0.0128437 -0.0154394 -0.0128437 0.000111444 -0.00811276 -0.0154394 -0.00811276 7.87355e-05)
(3.58594e-05 -0.0127856 -0.0154296 -0.0127856 2.14137e-05 -0.00813061 -0.0154296 -0.00813061 4.64245e-05)
(0.00013553 -0.0128335 -0.015391 -0.0128335 0.000117976 -0.00814999 -0.015391 -0.00814999 0.000101112)
(-4.21936e-06 -0.0128006 -0.0154354 -0.0128006 4.69439e-05 -0.00810745 -0.0154354 -0.00810745 8.95561e-05)
(-0.00018163 -0.0128329 -0.0154504 -0.0128329 0.000104954 -0.00811182 -0.0154504 -0.00811182 7.67932e-05)
(0.000146262 -0.0128306 -0.0154034 -0.0128306 0.000119944 -0.00815102 -0.0154034 -0.00815102 7.24005e-05)
(0.000127266 -0.0128303 -0.0154164 -0.0128303 0.000116298 -0.00815391 -0.0154164 -0.00815391 4.72925e-05)
(7.26253e-05 -0.0128017 -0.0154256 -0.0128017 5.48538e-05 -0.00814626 -0.0154256 -0.00814626 4.58219e-05)
(0.000162418 -0.0128256 -0.0154206 -0.0128256 0.000115306 -0.00814831 -0.0154206 -0.00814831 4.02403e-05)
(-3.33888e-05 -0.0128033 -0.0154458 -0.0128033 5.91687e-05 -0.00811541 -0.0154458 -0.00811541 7.45361e-05)
(-9.528e-05 -0.0128168 -0.0154545 -0.0128168 8.66541e-05 -0.00811183 -0.0154545 -0.00811183 7.72363e-05)
(-9.49872e-06 -0.0127973 -0.0154376 -0.0127973 3.95272e-05 -0.00811776 -0.0154376 -0.00811776 6.49585e-05)
(6.30156e-05 -0.0127958 -0.0154247 -0.0127958 3.62298e-05 -0.00813987 -0.0154247 -0.00813987 5.4196e-05)
(7.35025e-05 -0.0128003 -0.0154245 -0.0128003 3.47888e-05 -0.00813587 -0.0154245 -0.00813587 5.38747e-05)
(-6.81142e-07 -0.0128034 -0.0154455 -0.0128034 5.30229e-05 -0.00811577 -0.0154455 -0.00811577 6.85609e-05)
(7.72173e-05 -0.0128022 -0.0154216 -0.0128022 3.77436e-05 -0.00813996 -0.0154216 -0.00813996 5.45351e-05)
(0.000135853 -0.0128104 -0.0154091 -0.0128104 9.72347e-05 -0.00815263 -0.0154091 -0.00815263 8.31445e-05)
(2.84616e-05 -0.0127898 -0.0154225 -0.0127898 2.49899e-05 -0.00812105 -0.0154225 -0.00812105 7.97568e-05)
(4.56834e-05 -0.0127911 -0.0154233 -0.0127911 2.21434e-05 -0.00812826 -0.0154233 -0.00812826 5.79802e-05)
(-6.11871e-06 -0.0127989 -0.0154444 -0.0127989 3.53679e-05 -0.00812747 -0.0154444 -0.00812747 4.82556e-05)
(4.64434e-05 -0.012794 -0.0154338 -0.012794 2.12708e-05 -0.00812735 -0.0154338 -0.00812735 4.67879e-05)
(7.9331e-05 -0.0128027 -0.0154228 -0.0128027 4.21671e-05 -0.00814065 -0.0154228 -0.00814065 5.35592e-05)
(9.98762e-05 -0.0128195 -0.0154242 -0.0128195 8.54089e-05 -0.00814657 -0.0154242 -0.00814657 3.6152e-05)
(3.83172e-05 -0.0127902 -0.0154233 -0.0127902 3.48412e-05 -0.0081411 -0.0154233 -0.0081411 5.47268e-05)
(-9.85058e-06 -0.0127959 -0.015429 -0.0127959 4.4526e-05 -0.00810912 -0.015429 -0.00810912 0.000102219)
(-0.000117836 -0.0128404 -0.0154445 -0.0128404 0.000111479 -0.00812292 -0.0154445 -0.00812292 7.02119e-05)
(0.000117922 -0.0128102 -0.0154189 -0.0128102 8.19277e-05 -0.00814965 -0.0154189 -0.00814965 5.92591e-05)
(4.28241e-05 -0.0127912 -0.0154196 -0.0127912 2.48899e-05 -0.00812192 -0.0154196 -0.00812192 8.43844e-05)
(-1.55977e-05 -0.0128348 -0.0154221 -0.0128348 0.000108522 -0.00811019 -0.0154221 -0.00811019 8.87711e-05)
(5.59834e-06 -0.0128041 -0.015445 -0.0128041 4.49047e-05 -0.00811435 -0.015445 -0.00811435 6.85331e-05)
(7.42805e-05 -0.0127987 -0.0154212 -0.0127987 2.82927e-05 -0.00813266 -0.0154212 -0.00813266 6.29496e-05)
(0.000107624 -0.012814 -0.015414 -0.012814 8.936e-05 -0.00815623 -0.015414 -0.00815623 7.11334e-05)
(-0.000177326 -0.0128215 -0.0154573 -0.0128215 9.39757e-05 -0.00810395 -0.0154573 -0.00810395 8.46267e-05)
(-2.16428e-06 -0.0127976 -0.0154348 -0.0127976 3.65749e-05 -0.00811007 -0.0154348 -0.00811007 9.06217e-05)
(5.23595e-05 -0.0127981 -0.0154263 -0.0127981 3.24869e-05 -0.0081145 -0.0154263 -0.0081145 7.58978e-05)
(0.000122848 -0.0128244 -0.0154135 -0.0128244 9.95011e-05 -0.0081519 -0.0154135 -0.0081519 5.93637e-05)
(-0.000110502 -0.012816 -0.0154542 -0.012816 7.85609e-05 -0.00811146 -0.0154542 -0.00811146 7.67838e-05)
(6.5453e-05 -0.012794 -0.015423 -0.012794 2.8398e-05 -0.00813438 -0.015423 -0.00813438 8.17855e-05)
(9.32791e-05 -0.0128353 -0.0154361 -0.0128353 0.000111031 -0.00812469 -0.0154361 -0.00812469 8.09474e-05)
(2.22113e-05 -0.0128069 -0.0154427 -0.0128069 6.68372e-05 -0.00810032 -0.0154427 -0.00810032 0.000101089)
(9.89499e-05 -0.012786 -0.0154292 -0.012786 6.68509e-05 -0.00814916 -0.0154292 -0.00814916 5.80206e-05)
(-0.000234421 -0.0128328 -0.0154533 -0.0128328 0.000108242 -0.00810302 -0.0154533 -0.00810302 8.56948e-05)
(7.76786e-05 -0.0127939 -0.0154149 -0.0127939 3.23892e-05 -0.00811434 -0.0154149 -0.00811434 9.138e-05)
(8.57349e-05 -0.0127969 -0.0154106 -0.0127969 2.71497e-05 -0.0081288 -0.0154106 -0.0081288 8.60108e-05)
(0.000219363 -0.0128628 -0.0153463 -0.0128628 0.000118186 -0.0081325 -0.0153463 -0.0081325 0.000100172)
(9.11047e-05 -0.0128006 -0.0154161 -0.0128006 4.13882e-05 -0.00814577 -0.0154161 -0.00814577 0.000111738)
(7.56319e-05 -0.0128016 -0.0154175 -0.0128016 3.8627e-05 -0.00814177 -0.0154175 -0.00814177 6.02044e-05)
(4.17727e-05 -0.0127885 -0.0154247 -0.0127885 2.72717e-05 -0.00813625 -0.0154247 -0.00813625 5.7351e-05)
(9.04514e-05 -0.0128089 -0.0154223 -0.0128089 6.43605e-05 -0.00814767 -0.0154223 -0.00814767 5.21923e-05)
(6.11784e-05 -0.0127926 -0.0154207 -0.0127926 2.36637e-05 -0.00812973 -0.0154207 -0.00812973 6.19821e-05)
(-7.09422e-05 -0.0128104 -0.0154508 -0.0128104 7.40411e-05 -0.00811187 -0.0154508 -0.00811187 7.84541e-05)
(3.17961e-05 -0.0127894 -0.0154273 -0.0127894 2.04312e-05 -0.00812669 -0.0154273 -0.00812669 5.31015e-05)
(8.34833e-05 -0.0128018 -0.0154225 -0.0128018 6.3982e-05 -0.00815096 -0.0154225 -0.00815096 6.21732e-05)
(5.5505e-05 -0.0127944 -0.0154232 -0.0127944 2.34727e-05 -0.00812258 -0.0154232 -0.00812258 7.25702e-05)
(6.06469e-05 -0.012794 -0.0154222 -0.012794 2.32726e-05 -0.00812837 -0.0154222 -0.00812837 5.86308e-05)
(2.77765e-05 -0.0127953 -0.0154288 -0.0127953 2.79993e-05 -0.00811676 -0.0154288 -0.00811676 7.51047e-05)
(0.000180008 -0.0128231 -0.0154122 -0.0128231 0.000121629 -0.0081493 -0.0154122 -0.0081493 5.46139e-05)
(7.08839e-06 -0.0127931 -0.0154285 -0.0127931 3.49772e-05 -0.00811659 -0.0154285 -0.00811659 7.78809e-05)
(4.97263e-05 -0.0127912 -0.0154224 -0.0127912 2.30245e-05 -0.00812951 -0.0154224 -0.00812951 6.28264e-05)
(3.34871e-05 -0.0127887 -0.0154343 -0.0127887 2.0299e-05 -0.00812993 -0.0154343 -0.00812993 3.90472e-05)
(5.05588e-05 -0.0127924 -0.01543 -0.0127924 2.17963e-05 -0.00812942 -0.01543 -0.00812942 4.80305e-05)
(6.8794e-05 -0.0127959 -0.0154223 -0.0127959 4.08416e-05 -0.00814344 -0.0154223 -0.00814344 6.20468e-05)
(0.000220917 -0.0128423 -0.0154207 -0.0128423 0.000129354 -0.00814726 -0.0154207 -0.00814726 3.69002e-05)
(5.76827e-05 -0.0127957 -0.0154203 -0.0127957 3.27131e-05 -0.00813892 -0.0154203 -0.00813892 5.76727e-05)
(-5.27108e-05 -0.0128042 -0.0154446 -0.0128042 7.4224e-05 -0.00810369 -0.0154446 -0.00810369 9.33223e-05)
(-0.00013175 -0.01284 -0.0154424 -0.01284 0.000110748 -0.00811942 -0.0154424 -0.00811942 7.39862e-05)
(6.35379e-05 -0.0127944 -0.0154251 -0.0127944 2.70644e-05 -0.00813298 -0.0154251 -0.00813298 6.63179e-05)
(-4.38988e-05 -0.0128052 -0.0154446 -0.0128052 6.42498e-05 -0.00810407 -0.0154446 -0.00810407 8.90717e-05)
(-0.000103465 -0.0128112 -0.0154523 -0.0128112 7.6802e-05 -0.00810757 -0.0154523 -0.00810757 8.1007e-05)
(-9.06096e-06 -0.0128032 -0.0154428 -0.0128032 4.43134e-05 -0.00811069 -0.0154428 -0.00811069 7.88366e-05)
(5.0256e-05 -0.0127924 -0.0154242 -0.0127924 2.21318e-05 -0.00812671 -0.0154242 -0.00812671 6.51294e-05)
(4.8029e-05 -0.0127897 -0.0154181 -0.0127897 3.15927e-05 -0.00813663 -0.0154181 -0.00813663 6.06718e-05)
(-0.000152452 -0.0128275 -0.0154494 -0.0128275 0.000117114 -0.00810466 -0.0154494 -0.00810466 8.49537e-05)
(-0.000197894 -0.012825 -0.0154564 -0.012825 0.000104013 -0.00810301 -0.0154564 -0.00810301 8.38732e-05)
(-5.57213e-05 -0.0128139 -0.0154535 -0.0128139 7.19155e-05 -0.00810719 -0.0154535 -0.00810719 7.73269e-05)
(7.62548e-05 -0.0128021 -0.0154198 -0.0128021 3.7423e-05 -0.00813966 -0.0154198 -0.00813966 6.23883e-05)
(-2.19616e-05 -0.0127977 -0.0154381 -0.0127977 4.1328e-05 -0.00811692 -0.0154381 -0.00811692 7.36579e-05)
(-3.48772e-05 -0.0128078 -0.0154484 -0.0128078 5.72171e-05 -0.00810872 -0.0154484 -0.00810872 8.13975e-05)
(7.63364e-05 -0.0128329 -0.0154502 -0.0128329 0.0001079 -0.0081277 -0.0154502 -0.0081277 7.83676e-05)
(7.99181e-05 -0.0128025 -0.0154243 -0.0128025 3.52102e-05 -0.00813038 -0.0154243 -0.00813038 0.000126128)
(0.000238357 -0.0128207 -0.015423 -0.0128207 0.000126101 -0.00814655 -0.015423 -0.00814655 4.09434e-05)
(-0.000209147 -0.0128258 -0.0154583 -0.0128258 0.000101946 -0.0081022 -0.0154583 -0.0081022 8.54917e-05)
(-2.42685e-05 -0.012804 -0.0154452 -0.012804 6.99088e-05 -0.00811254 -0.0154452 -0.00811254 7.76986e-05)
(7.47256e-05 -0.0127936 -0.0154128 -0.0127936 2.69899e-05 -0.008119 -0.0154128 -0.008119 8.51962e-05)
(-9.27451e-05 -0.0128523 -0.0154132 -0.0128523 0.00012179 -0.00812581 -0.0154132 -0.00812581 8.20105e-05)
(1.10067e-05 -0.0128016 -0.0154371 -0.0128016 3.82926e-05 -0.00811074 -0.0154371 -0.00811074 0.000106232)
(-7.43601e-05 -0.012807 -0.0154459 -0.012807 7.21518e-05 -0.00810898 -0.0154459 -0.00810898 7.82371e-05)
(2.54835e-05 -0.0127855 -0.0154238 -0.0127855 2.35823e-05 -0.00812905 -0.0154238 -0.00812905 8.20182e-05)
(4.58784e-05 -0.0127913 -0.0154227 -0.0127913 2.19633e-05 -0.00812797 -0.0154227 -0.00812797 5.88544e-05)
(8.6906e-05 -0.0127991 -0.0154123 -0.0127991 3.01839e-05 -0.00813466 -0.0154123 -0.00813466 8.01132e-05)
(3.54139e-05 -0.0127895 -0.0154195 -0.0127895 2.5258e-05 -0.00812142 -0.0154195 -0.00812142 8.46508e-05)
(6.9997e-05 -0.0127948 -0.0154271 -0.0127948 4.45006e-05 -0.00814218 -0.0154271 -0.00814218 4.76724e-05)
(8.99477e-05 -0.0128032 -0.0154188 -0.0128032 5.74055e-05 -0.00815055 -0.0154188 -0.00815055 7.81647e-05)
(1.89644e-05 -0.0127985 -0.0154346 -0.0127985 4.21e-05 -0.00810923 -0.0154346 -0.00810923 8.67015e-05)
(7.21784e-05 -0.0127969 -0.0154175 -0.0127969 2.98374e-05 -0.00813563 -0.0154175 -0.00813563 6.99092e-05)
(1.54935e-05 -0.0127943 -0.0154299 -0.0127943 2.85157e-05 -0.00811649 -0.0154299 -0.00811649 7.7908e-05)
(0.000100095 -0.0128085 -0.0154252 -0.0128085 8.04724e-05 -0.008148 -0.0154252 -0.008148 3.87185e-05)
(3.8447e-05 -0.0127911 -0.0154215 -0.0127911 2.86684e-05 -0.00812037 -0.0154215 -0.00812037 7.49626e-05)
(3.27369e-05 -0.0127897 -0.0154227 -0.0127897 2.31132e-05 -0.00812299 -0.0154227 -0.00812299 7.81095e-05)
(2.5118e-05 -0.0127929 -0.0154351 -0.0127929 2.23902e-05 -0.00812552 -0.0154351 -0.00812552 4.62518e-05)
(3.53589e-05 -0.0127904 -0.0154292 -0.0127904 2.12242e-05 -0.00812627 -0.0154292 -0.00812627 5.51795e-05)
(2.26325e-05 -0.0127861 -0.0154234 -0.0127861 2.33973e-05 -0.00812673 -0.0154234 -0.00812673 7.2225e-05)
(0.000104765 -0.0128169 -0.0154131 -0.0128169 7.97203e-05 -0.00815415 -0.0154131 -0.00815415 8.01862e-05)
(5.4896e-05 -0.0127884 -0.0154158 -0.0127884 2.86404e-05 -0.00811741 -0.0154158 -0.00811741 8.10447e-05)
(-2.93859e-05 -0.0128054 -0.0154472 -0.0128054 8.23062e-05 -0.0081021 -0.0154472 -0.0081021 9.12791e-05)
(-0.000131158 -0.0128274 -0.0154563 -0.0128274 9.33294e-05 -0.00811317 -0.0154563 -0.00811317 7.26654e-05)
(-8.28744e-06 -0.0128036 -0.0154432 -0.0128036 3.92896e-05 -0.00811312 -0.0154432 -0.00811312 6.82202e-05)
(-6.72435e-05 -0.0128078 -0.0154497 -0.0128078 7.47598e-05 -0.0081049 -0.0154497 -0.0081049 8.50645e-05)
(-1.85219e-05 -0.0127975 -0.0154367 -0.0127975 4.25248e-05 -0.00811349 -0.0154367 -0.00811349 7.63349e-05)
(-5.0662e-05 -0.0128076 -0.0154484 -0.0128076 5.55155e-05 -0.00810798 -0.0154484 -0.00810798 8.1507e-05)
(4.6311e-05 -0.0127912 -0.0154223 -0.0127912 2.30123e-05 -0.00812577 -0.0154223 -0.00812577 7.62982e-05)
(-2.09128e-06 -0.0128037 -0.0154502 -0.0128037 6.52115e-05 -0.00813141 -0.0154502 -0.00813141 6.32706e-05)
(-0.000172379 -0.0128244 -0.0154534 -0.0128244 0.000111185 -0.00810478 -0.0154534 -0.00810478 8.4985e-05)
(-9.51659e-05 -0.0128116 -0.01545 -0.0128116 6.52787e-05 -0.00810873 -0.01545 -0.00810873 7.65339e-05)
(1.24039e-05 -0.012794 -0.0154351 -0.012794 2.66856e-05 -0.00812163 -0.0154351 -0.00812163 5.15606e-05)
(3.60206e-05 -0.0127889 -0.0154223 -0.0127889 2.44081e-05 -0.00812465 -0.0154223 -0.00812465 6.50185e-05)
(1.11441e-07 -0.012792 -0.0154344 -0.012792 3.40575e-05 -0.00812433 -0.0154344 -0.00812433 6.38008e-05)
(-0.000129653 -0.0128246 -0.0154536 -0.0128246 9.8618e-05 -0.00811118 -0.0154536 -0.00811118 7.91367e-05)
(7.59587e-05 -0.0127982 -0.0154336 -0.0127982 2.87072e-05 -0.00812548 -0.0154336 -0.00812548 5.47913e-05)
(0.000101608 -0.0128023 -0.0154166 -0.0128023 4.64163e-05 -0.00815044 -0.0154166 -0.00815044 0.000138101)
(-2.24995e-05 -0.0128039 -0.0154453 -0.0128039 3.91458e-05 -0.00810752 -0.0154453 -0.00810752 9.18192e-05)
(-0.000177996 -0.0128359 -0.0154424 -0.0128359 0.000112659 -0.00811326 -0.0154424 -0.00811326 7.84752e-05)
(5.21806e-05 -0.0127908 -0.0154194 -0.0127908 2.47532e-05 -0.00812299 -0.0154194 -0.00812299 6.72025e-05)
(6.24643e-05 -0.0127959 -0.0154254 -0.0127959 4.13648e-05 -0.00811226 -0.0154254 -0.00811226 8.1071e-05)
(-0.000120581 -0.0128238 -0.0154558 -0.0128238 8.24144e-05 -0.00811462 -0.0154558 -0.00811462 6.67071e-05)
(-3.57257e-05 -0.012807 -0.015447 -0.012807 5.21135e-05 -0.00810398 -0.015447 -0.00810398 9.73855e-05)
(1.71581e-06 -0.0127972 -0.0154331 -0.0127972 4.14089e-05 -0.00811424 -0.0154331 -0.00811424 7.30347e-05)
(2.6354e-05 -0.0127869 -0.0154234 -0.0127869 2.60206e-05 -0.0081295 -0.0154234 -0.0081295 0.00010039)
(1.60772e-05 -0.0127937 -0.0154293 -0.0127937 3.0386e-05 -0.00811709 -0.0154293 -0.00811709 6.86483e-05)
(6.25278e-05 -0.0127955 -0.0154189 -0.0127955 3.38739e-05 -0.0081143 -0.0154189 -0.0081143 0.000103226)
(9.12301e-05 -0.0128013 -0.015413 -0.0128013 5.26494e-05 -0.00815118 -0.015413 -0.00815118 0.000105568)
(-1.29966e-05 -0.0127941 -0.0154312 -0.0127941 3.27343e-05 -0.00811289 -0.0154312 -0.00811289 8.5219e-05)
(1.50561e-05 -0.0128011 -0.0154356 -0.0128011 4.34294e-05 -0.00810672 -0.0154356 -0.00810672 9.14097e-05)
(2.98874e-05 -0.0127936 -0.0154268 -0.0127936 3.3448e-05 -0.00811259 -0.0154268 -0.00811259 8.53622e-05)
(4.95759e-05 -0.0127916 -0.0154192 -0.0127916 2.50145e-05 -0.00812177 -0.0154192 -0.00812177 8.49228e-05)
(1.68543e-05 -0.0127919 -0.0154299 -0.0127919 2.49513e-05 -0.00811996 -0.0154299 -0.00811996 6.86228e-05)
(2.21064e-05 -0.0127902 -0.0154328 -0.0127902 2.11631e-05 -0.00812676 -0.0154328 -0.00812676 4.41065e-05)
(6.52543e-05 -0.0127932 -0.015418 -0.0127932 2.47971e-05 -0.00812909 -0.015418 -0.00812909 6.30804e-05)
(-1.7423e-05 -0.0127973 -0.0154325 -0.0127973 4.08115e-05 -0.00811057 -0.0154325 -0.00811057 8.8044e-05)
(-7.41194e-05 -0.0128169 -0.0154536 -0.0128169 6.98328e-05 -0.00811658 -0.0154536 -0.00811658 6.47678e-05)
(2.8292e-05 -0.0127907 -0.0154287 -0.0127907 2.2679e-05 -0.00812318 -0.0154287 -0.00812318 6.31262e-05)
(-0.000100356 -0.0128123 -0.0154528 -0.0128123 6.98313e-05 -0.00810694 -0.0154528 -0.00810694 8.37518e-05)
(-9.62955e-05 -0.0128105 -0.0154541 -0.0128105 7.82717e-05 -0.00810102 -0.0154541 -0.00810102 8.88423e-05)
(6.99163e-05 -0.0127914 -0.0154189 -0.0127914 3.6447e-05 -0.00811181 -0.0154189 -0.00811181 8.85828e-05)
(-1.61802e-05 -0.0128046 -0.0154468 -0.0128046 7.86939e-05 -0.00810092 -0.0154468 -0.00810092 9.33247e-05)
(-6.96382e-05 -0.0128107 -0.0154536 -0.0128107 6.36e-05 -0.00810791 -0.0154536 -0.00810791 7.60464e-05)
(-0.000167273 -0.0128272 -0.015456 -0.0128272 9.61221e-05 -0.00810893 -0.015456 -0.00810893 7.62956e-05)
(-1.44518e-05 -0.0128022 -0.0154412 -0.0128022 5.48381e-05 -0.00810948 -0.0154412 -0.00810948 8.03789e-05)
(1.65808e-06 -0.0127962 -0.015432 -0.0127962 3.60595e-05 -0.00811125 -0.015432 -0.00811125 8.74936e-05)
(3.65448e-05 -0.0127903 -0.0154241 -0.0127903 2.32781e-05 -0.00812425 -0.0154241 -0.00812425 8.78731e-05)
(1.39005e-05 -0.012794 -0.0154312 -0.012794 3.08171e-05 -0.00811773 -0.0154312 -0.00811773 7.35492e-05)
(5.90367e-05 -0.0127961 -0.0154462 -0.0127961 3.49741e-05 -0.00813262 -0.0154462 -0.00813262 5.45193e-05)
(-4.01294e-05 -0.012799 -0.0154329 -0.012799 4.9492e-05 -0.00811165 -0.0154329 -0.00811165 8.66262e-05)
(-8.64386e-05 -0.0128139 -0.0154511 -0.0128139 6.27485e-05 -0.00811427 -0.0154511 -0.00811427 6.63913e-05)
(1.6235e-05 -0.01279 -0.0154356 -0.01279 2.11473e-05 -0.00812764 -0.0154356 -0.00812764 4.0266e-05)
(-1.16898e-05 -0.0127954 -0.0154336 -0.0127954 4.47018e-05 -0.00812105 -0.0154336 -0.00812105 6.61567e-05)
(3.11122e-05 -0.0127868 -0.0154267 -0.0127868 2.50867e-05 -0.00813154 -0.0154267 -0.00813154 5.36336e-05)
(-0.000130759 -0.0128213 -0.0154549 -0.0128213 9.29197e-05 -0.00811118 -0.0154549 -0.00811118 7.75097e-05)
(5.93105e-05 -0.0127937 -0.0154244 -0.0127937 2.2942e-05 -0.00812557 -0.0154244 -0.00812557 5.8397e-05)
(8.60895e-05 -0.0127991 -0.0154127 -0.0127991 3.87708e-05 -0.00814503 -0.0154127 -0.00814503 0.000124475)
(-0.000184509 -0.0128343 -0.0154422 -0.0128343 0.000109638 -0.00810585 -0.0154422 -0.00810585 8.56354e-05)
(-0.000140943 -0.0128511 -0.0154223 -0.0128511 0.000119392 -0.00812407 -0.0154223 -0.00812407 7.87049e-05)
(1.47441e-05 -0.0127938 -0.0154339 -0.0127938 3.49906e-05 -0.00812194 -0.0154339 -0.00812194 6.31507e-05)
(6.78139e-05 -0.0127965 -0.015429 -0.0127965 4.26858e-05 -0.00811503 -0.015429 -0.00811503 7.62377e-05)
(1.54957e-06 -0.0127977 -0.0154376 -0.0127977 3.00271e-05 -0.00811816 -0.0154376 -0.00811816 5.75605e-05)
(-2.42573e-05 -0.0128017 -0.0154413 -0.0128017 4.16257e-05 -0.00810984 -0.0154413 -0.00810984 8.36343e-05)
(6.64778e-05 -0.0127968 -0.0154224 -0.0127968 3.1508e-05 -0.00813692 -0.0154224 -0.00813692 5.37313e-05)
(4.50825e-05 -0.0127885 -0.0154206 -0.0127885 2.82443e-05 -0.00813609 -0.0154206 -0.00813609 9.54152e-05)
(-7.10821e-05 -0.0128068 -0.0154482 -0.0128068 6.87511e-05 -0.00810736 -0.0154482 -0.00810736 7.98752e-05)
(8.21504e-06 -0.0128028 -0.0154371 -0.0128028 5.11155e-05 -0.00810533 -0.0154371 -0.00810533 0.000104843)
(0.000110307 -0.0128054 -0.0154158 -0.0128054 4.52164e-05 -0.00815007 -0.0154158 -0.00815007 0.000139057)
(-1.29982e-05 -0.0127924 -0.0154209 -0.0127924 3.97734e-05 -0.0081159 -0.0154209 -0.0081159 0.000111695)
(-0.000175864 -0.0128216 -0.0154587 -0.0128216 9.77097e-05 -0.00810159 -0.0154587 -0.00810159 8.21983e-05)
(3.98766e-05 -0.0127919 -0.0154226 -0.0127919 2.42364e-05 -0.00811971 -0.0154226 -0.00811971 7.62915e-05)
(4.72568e-05 -0.0127928 -0.0154217 -0.0127928 2.67241e-05 -0.00811898 -0.0154217 -0.00811898 8.72681e-05)
(2.32075e-05 -0.0127926 -0.0154308 -0.0127926 2.36358e-05 -0.00812088 -0.0154308 -0.00812088 6.34811e-05)
(-5.08331e-06 -0.0127968 -0.0154366 -0.0127968 3.33227e-05 -0.00811601 -0.0154366 -0.00811601 6.89045e-05)
(6.74827e-05 -0.0127967 -0.0154233 -0.0127967 2.65444e-05 -0.00813287 -0.0154233 -0.00813287 4.7715e-05)
(-2.51423e-05 -0.0127964 -0.0154305 -0.0127964 4.58653e-05 -0.00811277 -0.0154305 -0.00811277 8.00322e-05)
(-0.000173098 -0.0128369 -0.0154478 -0.0128369 0.00010892 -0.00811898 -0.0154478 -0.00811898 6.97729e-05)
(2.28552e-05 -0.0127908 -0.0154314 -0.0127908 2.34274e-05 -0.00812384 -0.0154314 -0.00812384 5.82291e-05)
(-0.000138497 -0.0128197 -0.0154598 -0.0128197 9.58286e-05 -0.00809995 -0.0154598 -0.00809995 8.70456e-05)
(-6.07114e-05 -0.0128324 -0.0154292 -0.0128324 0.000112325 -0.0081101 -0.0154292 -0.0081101 8.72151e-05)
(8.49355e-05 -0.0127959 -0.01541 -0.0127959 2.61945e-05 -0.00812675 -0.01541 -0.00812675 9.06949e-05)
(8.29142e-05 -0.0127917 -0.0154107 -0.0127917 2.8194e-05 -0.00811899 -0.0154107 -0.00811899 9.21123e-05)
(-0.000133238 -0.0128223 -0.0154572 -0.0128223 9.18048e-05 -0.00810867 -0.0154572 -0.00810867 7.79624e-05)
(-0.000161259 -0.0128404 -0.0154286 -0.0128404 0.000114402 -0.00811193 -0.0154286 -0.00811193 8.64294e-05)
(1.48232e-05 -0.012796 -0.0154314 -0.012796 3.50828e-05 -0.00811463 -0.0154314 -0.00811463 7.42504e-05)
(2.43012e-05 -0.0127936 -0.0154271 -0.0127936 2.73041e-05 -0.00811614 -0.0154271 -0.00811614 8.99754e-05)
(5.91295e-05 -0.0127909 -0.0154209 -0.0127909 2.96548e-05 -0.00813725 -0.0154209 -0.00813725 9.34283e-05)
(2.05384e-05 -0.0127922 -0.0154321 -0.0127922 2.78913e-05 -0.00812377 -0.0154321 -0.00812377 5.84928e-05)
(7.20734e-05 -0.0127983 -0.0154374 -0.0127983 2.66222e-05 -0.0081297 -0.0154374 -0.0081297 4.76444e-05)
(6.5741e-05 -0.0127943 -0.0154173 -0.0127943 3.15761e-05 -0.00813772 -0.0154173 -0.00813772 6.71823e-05)
(-6.66043e-05 -0.0128085 -0.0154481 -0.0128085 5.39028e-05 -0.00811659 -0.0154481 -0.00811659 6.20148e-05)
(-1.74687e-05 -0.0128024 -0.0154459 -0.0128024 4.22463e-05 -0.00812259 -0.0154459 -0.00812259 5.323e-05)
(4.93113e-05 -0.0127918 -0.0154249 -0.0127918 2.69723e-05 -0.00813368 -0.0154249 -0.00813368 4.31728e-05)
(7.91168e-05 -0.012804 -0.0154244 -0.012804 5.7162e-05 -0.00814704 -0.0154244 -0.00814704 4.88793e-05)
(-0.000108474 -0.0128138 -0.0154534 -0.0128138 7.93073e-05 -0.00810758 -0.0154534 -0.00810758 8.08957e-05)
(4.63731e-05 -0.0127912 -0.015421 -0.0127912 2.41536e-05 -0.00812139 -0.015421 -0.00812139 7.18081e-05)
(6.06607e-05 -0.0127919 -0.0154134 -0.0127919 2.81718e-05 -0.00812468 -0.0154134 -0.00812468 0.000107061)
(-0.000144762 -0.0128203 -0.0154588 -0.0128203 8.98181e-05 -0.00810414 -0.0154588 -0.00810414 8.09614e-05)
(-1.75979e-05 -0.0128073 -0.0154471 -0.0128073 4.15407e-05 -0.0081216 -0.0154471 -0.0081216 5.20148e-05)
(2.13425e-05 -0.0127912 -0.0154348 -0.0127912 2.51884e-05 -0.00812665 -0.0154348 -0.00812665 4.82632e-05)
(6.81429e-05 -0.0127932 -0.0154207 -0.0127932 2.98473e-05 -0.00811801 -0.0154207 -0.00811801 7.35175e-05)
(3.90443e-05 -0.0127901 -0.0154289 -0.0127901 2.00834e-05 -0.00812844 -0.0154289 -0.00812844 4.72736e-05)
(-2.28774e-05 -0.0127989 -0.01544 -0.0127989 3.68294e-05 -0.00811517 -0.01544 -0.00811517 6.94371e-05)
(5.29162e-05 -0.0127932 -0.0154241 -0.0127932 2.26608e-05 -0.00812929 -0.0154241 -0.00812929 5.615e-05)
(3.25161e-05 -0.0127881 -0.0154213 -0.0127881 2.21076e-05 -0.00812649 -0.0154213 -0.00812649 7.70968e-05)
(-0.000108505 -0.0128099 -0.0154513 -0.0128099 8.35752e-05 -0.00810524 -0.0154513 -0.00810524 8.3283e-05)
(-7.24571e-05 -0.0128075 -0.0154483 -0.0128075 6.62442e-05 -0.00810133 -0.0154483 -0.00810133 9.88784e-05)
(4.08303e-05 -0.0128018 -0.0154336 -0.0128018 3.72246e-05 -0.0081224 -0.0154336 -0.0081224 0.000123065)
(-6.92614e-06 -0.0127959 -0.015427 -0.0127959 4.17422e-05 -0.00811096 -0.015427 -0.00811096 0.000106573)
(-0.000118742 -0.0128093 -0.0154456 -0.0128093 7.51849e-05 -0.00810632 -0.0154456 -0.00810632 8.36949e-05)
(2.30026e-05 -0.0127935 -0.0154276 -0.0127935 2.73088e-05 -0.00811759 -0.0154276 -0.00811759 7.20083e-05)
(3.88273e-05 -0.0127932 -0.0154225 -0.0127932 3.05693e-05 -0.00811543 -0.0154225 -0.00811543 9.20771e-05)
(2.18135e-05 -0.012794 -0.0154335 -0.012794 2.51706e-05 -0.00812081 -0.0154335 -0.00812081 6.2021e-05)
(4.97234e-05 -0.0127895 -0.015423 -0.0127895 2.51262e-05 -0.0081322 -0.015423 -0.0081322 8.08263e-05)
(6.62565e-05 -0.0127944 -0.0154185 -0.0127944 2.43079e-05 -0.00812971 -0.0154185 -0.00812971 5.85711e-05)
(3.37647e-05 -0.0127906 -0.0154212 -0.0127906 3.21377e-05 -0.00812091 -0.0154212 -0.00812091 6.65168e-05)
(-0.000144109 -0.0128309 -0.0154526 -0.0128309 9.46857e-05 -0.00812318 -0.0154526 -0.00812318 5.88636e-05)
