/*--------------------------------*- C++ -*----------------------------------*\
  =========                 |
  \\      /  F ield         | OpenFOAM: The Open Source CFD Toolbox
   \\    /   O peration     | Website:  https://openfoam.org
    \\  /    A nd           | Version:  10
     \\/     M anipulation  |
\*---------------------------------------------------------------------------*/
FoamFile
{
    format      ascii;
    class       volTensorField;
    location    "10";
    object      TauNN;
}
// * * * * * * * * * * * * * * * * * * * * * * * * * * * * * * * * * * * * * //

dimensions      [0 2 -2 0 0 0 0];

internalField   nonuniform List<tensor> 
25600
(
(0.000530459 -2.12835e-05 0.000131015 -2.12835e-05 0.00119291 -0.000104926 0.000131015 -0.000104926 0.000198469)
(0.000496076 -0.000128324 0.000161153 -0.000128324 0.00130959 -4.23091e-05 0.000161153 -4.23091e-05 0.000182504)
(0.000426701 -0.000178247 0.000168577 -0.000178247 0.00109695 1.64816e-05 0.000168577 1.64816e-05 0.000155084)
(0.00038452 -0.000156481 0.000170993 -0.000156481 0.000799928 -9.92138e-06 0.000170993 -9.92138e-06 0.000118298)
(0.00036999 -8.72165e-05 0.000165374 -8.72165e-05 0.00048865 -0.000119164 0.000165374 -0.000119164 8.80737e-05)
(0.000417988 -7.53254e-06 0.000181847 -7.53254e-06 0.000310683 -0.000156696 0.000181847 -0.000156696 0.00021684)
(0.000490587 8.1961e-05 0.000238603 8.1961e-05 0.000244004 -0.000106191 0.000238603 -0.000106191 0.000449803)
(0.000510949 0.000147671 0.000284735 0.000147671 0.000230614 -2.65166e-05 0.000284735 -2.65166e-05 0.000591144)
(0.000417362 0.000130953 0.00023623 0.000130953 0.000212515 -3.60869e-05 0.00023623 -3.60869e-05 0.000505347)
(0.00032548 8.47187e-05 0.000172636 8.47187e-05 0.000187884 -7.89072e-05 0.000172636 -7.89072e-05 0.000349574)
(0.000290094 4.48124e-05 0.000163914 4.48124e-05 0.000175743 -7.15926e-05 0.000163914 -7.15926e-05 0.000250287)
(0.000261209 2.00197e-05 0.000158324 2.00197e-05 0.000175637 -3.90019e-05 0.000158324 -3.90019e-05 0.000184523)
(0.000234452 1.05333e-05 0.00014986 1.05333e-05 0.00018006 -2.69432e-05 0.00014986 -2.69432e-05 0.000144829)
(0.00021205 -9.7882e-07 0.00013818 -9.7882e-07 0.00016793 -3.62787e-05 0.00013818 -3.62787e-05 0.000117377)
(0.000219638 -1.82893e-05 0.00013863 -1.82893e-05 0.000164817 -4.61945e-05 0.00013863 -4.61945e-05 9.89726e-05)
(0.000259986 -1.5378e-05 0.000177354 -1.5378e-05 0.000165539 -5.5857e-05 0.000177354 -5.5857e-05 0.000116999)
(0.000329936 1.90707e-05 0.000192264 1.90707e-05 0.000190949 -6.48331e-05 0.000192264 -6.48331e-05 0.000191404)
(0.000348776 5.64037e-05 0.000171807 5.64037e-05 0.000206464 -3.34261e-05 0.000171807 -3.34261e-05 0.00024213)
(0.000274837 4.96972e-05 0.000148434 4.96972e-05 0.000189276 -1.21351e-06 0.000148434 -1.21351e-06 0.000136823)
(0.000165068 2.13366e-05 0.000106246 2.13366e-05 0.000147656 -5.67455e-06 0.000106246 -5.67455e-06 3.45093e-05)
(0.000117832 1.37324e-05 5.31357e-05 1.37324e-05 0.000119946 -2.07741e-05 5.31357e-05 -2.07741e-05 8.19898e-05)
(0.00012271 1.77519e-05 3.67127e-05 1.77519e-05 0.000106932 -3.04598e-05 3.67127e-05 -3.04598e-05 7.08591e-05)
(0.000162342 4.41829e-05 9.0423e-05 4.41829e-05 0.000124789 -2.29729e-05 9.0423e-05 -2.29729e-05 4.1526e-05)
(0.000221351 5.79804e-05 0.000153437 5.79804e-05 0.000189348 4.3394e-05 0.000153437 4.3394e-05 0.000125396)
(0.000205464 1.75443e-05 0.00012382 1.75443e-05 0.000203833 4.63435e-05 0.00012382 4.63435e-05 9.9664e-05)
(0.000142637 -2.01715e-05 0.000100877 -2.01715e-05 0.000169305 -2.64896e-05 0.000100877 -2.64896e-05 8.14644e-05)
(0.000120212 -3.15635e-05 0.000110548 -3.15635e-05 0.000134662 -2.12826e-05 0.000110548 -2.12826e-05 0.000219168)
(0.000146544 -6.49309e-05 8.98372e-05 -6.49309e-05 0.00017038 5.81089e-05 8.98372e-05 5.81089e-05 0.000222568)
(0.000208954 -8.8457e-05 0.000117008 -8.8457e-05 0.000207982 1.1038e-05 0.000117008 1.1038e-05 7.52241e-05)
(0.000306156 -3.13055e-05 0.000203725 -3.13055e-05 0.00016647 -4.32609e-05 0.000203725 -4.32609e-05 0.000123352)
(0.000374579 8.26772e-05 0.000288632 8.26772e-05 0.000153721 2.58312e-05 0.000288632 2.58312e-05 0.000343735)
(0.000368145 0.000157791 0.000264829 0.000157791 0.000328045 0.000161435 0.000264829 0.000161435 0.000390479)
(0.000303422 0.000109885 0.00016195 0.000109885 0.000605939 0.000174737 0.00016195 0.000174737 0.000192235)
(0.000245738 3.22778e-05 6.53099e-05 3.22778e-05 0.00060626 -2.70642e-06 6.53099e-05 -2.70642e-06 7.09661e-05)
(0.00017106 -2.03215e-06 6.41234e-05 -2.03215e-06 0.000367947 -0.000109142 6.41234e-05 -0.000109142 0.000120954)
(0.000118005 -6.30319e-06 6.57123e-05 -6.30319e-06 0.000167001 -7.09835e-05 6.57123e-05 -7.09835e-05 0.000147048)
(0.000131535 -1.95354e-05 9.25716e-05 -1.95354e-05 0.000124206 -7.67596e-06 9.25716e-05 -7.67596e-06 0.000106024)
(0.000199278 -3.12813e-05 0.000148588 -3.12813e-05 0.000227386 1.82437e-05 0.000148588 1.82437e-05 6.31345e-05)
(0.000316518 7.27363e-07 0.000156825 7.27363e-07 0.000461759 -2.6973e-05 0.000156825 -2.6973e-05 7.04228e-05)
(0.000454224 2.79984e-05 0.000123954 2.79984e-05 0.000807779 -9.48552e-05 0.000123954 -9.48552e-05 0.000149894)
(0.000381551 -3.62657e-06 0.000254778 -3.62657e-06 0.000659845 0.000270454 0.000254778 0.000270454 0.000666169)
(0.000218286 -7.2116e-05 0.000153452 -7.2116e-05 0.000495534 0.000140096 0.000153452 0.000140096 0.000488754)
(0.000209371 -9.86168e-05 9.95444e-05 -9.86168e-05 0.000393088 7.71331e-05 9.95444e-05 7.71331e-05 0.00038515)
(0.000261572 -0.00011684 6.55465e-05 -0.00011684 0.000364039 5.87348e-05 6.55465e-05 5.87348e-05 0.000318496)
(0.000310003 -0.000129281 4.84139e-05 -0.000129281 0.000332627 4.11235e-05 4.84139e-05 4.11235e-05 0.000252177)
(0.000353978 -0.000120507 9.62643e-05 -0.000120507 0.000305069 -1.25887e-05 9.62643e-05 -1.25887e-05 0.000135207)
(0.000398725 -5.66915e-05 0.000171411 -5.66915e-05 0.000274896 -6.41812e-05 0.000171411 -6.41812e-05 9.85775e-05)
(0.000346428 4.90323e-05 0.000179321 4.90323e-05 0.00020855 -3.90178e-05 0.000179321 -3.90178e-05 0.000119801)
(0.000250956 8.57236e-05 0.000118784 8.57236e-05 0.00020517 -1.215e-05 0.000118784 -1.215e-05 0.000107181)
(0.000198117 5.25685e-05 6.84774e-05 5.25685e-05 0.000217798 -2.5236e-05 6.84774e-05 -2.5236e-05 0.000126864)
(0.000177696 2.51317e-05 5.71227e-05 2.51317e-05 0.00022203 -3.51872e-05 5.71227e-05 -3.51872e-05 0.000163521)
(0.000165682 2.73837e-05 6.35879e-05 2.73837e-05 0.000229176 -3.00668e-05 6.35879e-05 -3.00668e-05 0.000137734)
(0.000161673 1.6816e-05 7.28257e-05 1.6816e-05 0.000286909 -1.75592e-05 7.28257e-05 -1.75592e-05 0.000116219)
(0.000155324 7.906e-06 5.04674e-05 7.906e-06 0.000370402 -5.08595e-05 5.04674e-05 -5.08595e-05 0.000117662)
(0.000137813 2.75951e-06 4.14131e-05 2.75951e-06 0.000339618 -8.70638e-05 4.14131e-05 -8.70638e-05 0.000125316)
(0.000138119 -1.58884e-06 6.14198e-05 -1.58884e-06 0.000218569 -5.15971e-05 6.14198e-05 -5.15971e-05 9.25238e-05)
(0.000179239 2.58908e-07 9.7746e-05 2.58908e-07 0.000169621 -1.32602e-05 9.7746e-05 -1.32602e-05 3.93709e-05)
(0.000250831 -1.22115e-05 0.000145837 -1.22115e-05 0.00019805 -5.68535e-05 0.000145837 -5.68535e-05 4.44081e-05)
(0.000314835 -1.47428e-06 0.000175662 -1.47428e-06 0.000209977 -9.66424e-05 0.000175662 -9.66424e-05 0.000107127)
(0.00027658 3.8079e-05 0.000162642 3.8079e-05 0.000160856 -4.47007e-05 0.000162642 -4.47007e-05 9.70548e-05)
(0.000175493 4.63044e-05 0.000109805 4.63044e-05 0.000152636 3.4282e-06 0.000109805 3.4282e-06 2.29368e-05)
(0.000123494 3.18764e-05 7.81445e-05 3.18764e-05 0.000161978 -1.45342e-05 7.81445e-05 -1.45342e-05 6.24625e-06)
(0.000133235 1.83973e-05 9.22708e-05 1.83973e-05 0.000128044 -1.90157e-05 9.22708e-05 -1.90157e-05 -1.1454e-05)
(0.000177825 -2.80142e-06 0.000117551 -2.80142e-06 0.000152806 -4.39649e-05 0.000117551 -4.39649e-05 -2.31911e-05)
(0.000162457 1.83471e-05 0.000109027 1.83471e-05 0.000161056 -5.09936e-05 0.000109027 -5.09936e-05 -2.1394e-05)
(8.61559e-05 4.94681e-05 6.33495e-05 4.94681e-05 0.000127808 -5.28153e-05 6.33495e-05 -5.28153e-05 4.84302e-05)
(0.000122139 -3.63411e-05 0.000114525 -3.63411e-05 0.000194725 -0.000162637 0.000114525 -0.000162637 0.000333969)
(0.000185747 -8.84067e-05 0.0001768 -8.84067e-05 0.000170336 -0.00012297 0.0001768 -0.00012297 0.000449644)
(0.000159157 -5.06025e-05 0.000119201 -5.06025e-05 0.000138442 9.43523e-06 0.000119201 9.43523e-06 0.000197452)
(0.000245303 -7.21766e-05 0.000133307 -7.21766e-05 0.000192993 -3.27518e-05 0.000133307 -3.27518e-05 3.49867e-05)
(0.000514558 -0.000109963 0.000262309 -0.000109963 0.000258089 -0.000119745 0.000262309 -0.000119745 9.97819e-05)
(0.000506199 6.08722e-05 0.000266731 6.08722e-05 0.000200598 -5.09229e-05 0.000266731 -5.09229e-05 8.7407e-05)
(0.000166479 0.000181804 7.7921e-05 0.000181804 0.000248898 -1.73617e-05 7.7921e-05 -1.73617e-05 -8.19134e-05)
(7.12709e-05 5.1965e-05 7.32513e-05 5.1965e-05 0.000339152 -0.00011135 7.32513e-05 -0.00011135 -7.94769e-06)
(0.000146329 -8.91667e-05 0.000153979 -8.91667e-05 0.000240986 -0.000107978 0.000153979 -0.000107978 9.18639e-05)
(0.000204705 -2.95555e-05 0.000143174 -2.95555e-05 0.00011157 5.12321e-06 0.000143174 5.12321e-06 3.60292e-05)
(0.000362707 8.90177e-05 0.000129174 8.90177e-05 0.000269599 -5.90878e-05 0.000129174 -5.90878e-05 0.000105664)
(0.000472582 0.000170092 0.000166671 0.000170092 0.000593958 -3.5489e-05 0.000166671 -3.5489e-05 0.000160347)
(0.000519752 0.000196286 0.000274485 0.000196286 0.000822102 0.000152323 0.000274485 0.000152323 0.000297998)
(0.000551106 0.000135435 0.00033658 0.000135435 0.000833033 0.000326072 0.00033658 0.000326072 0.000607112)
(0.000302891 0.000123442 3.09516e-05 0.000123442 0.000772097 -4.84418e-05 3.09516e-05 -4.84418e-05 0.000517919)
(0.000422352 0.000276691 0.000212602 0.000276691 0.00101102 0.000178631 0.000212602 0.000178631 0.000553793)
(0.000659969 0.000407186 0.000413189 0.000407186 0.00115854 0.000378611 0.000413189 0.000378611 0.000769771)
(0.0008245 0.000435808 0.000460107 0.000435808 0.00110926 0.000433812 0.000460107 0.000433812 0.000998202)
(0.000811178 0.000386802 0.000433091 0.000386802 0.000939232 0.000367887 0.000433091 0.000367887 0.000934389)
(0.000758312 0.000393161 0.000408361 0.000393161 0.000735776 0.000260161 0.000408361 0.000260161 0.000771294)
(0.000679 0.000355432 0.000358354 0.000355432 0.000539854 0.000137309 0.000358354 0.000137309 0.000543067)
(0.000607751 0.000302222 0.000276862 0.000302222 0.000398828 8.13827e-05 0.000276862 8.13827e-05 0.000420364)
(0.000401268 0.000190026 0.0001427 0.000190026 0.000245931 2.51392e-05 0.0001427 2.51392e-05 0.000247163)
(0.000202394 5.56037e-05 0.000111782 5.56037e-05 0.000146168 1.49189e-05 0.000111782 1.49189e-05 0.000108073)
(0.00019969 3.20785e-05 0.000136275 3.20785e-05 0.000147513 2.80412e-05 0.000136275 2.80412e-05 8.97294e-05)
(0.000243031 5.36153e-05 0.000157437 5.36153e-05 0.000163117 3.82503e-05 0.000157437 3.82503e-05 0.000148275)
(0.000282476 8.55271e-05 0.000206934 8.55271e-05 0.000158695 5.18514e-05 0.000206934 5.18514e-05 0.000207388)
(0.000247989 6.35749e-05 0.000164088 6.35749e-05 0.000114659 -2.19364e-05 0.000164088 -2.19364e-05 9.12905e-05)
(0.000231035 4.13721e-05 0.000117939 4.13721e-05 0.00018661 -5.70798e-05 0.000117939 -5.70798e-05 -1.38958e-05)
(0.000310095 7.01854e-05 0.000132035 7.01854e-05 0.000345886 -1.93939e-05 0.000132035 -1.93939e-05 4.06549e-05)
(0.000360536 8.82894e-05 0.000160539 8.82894e-05 0.000410329 1.63792e-05 0.000160539 1.63792e-05 9.5945e-05)
(0.000296793 4.49717e-05 0.000147944 4.49717e-05 0.00033006 -1.52783e-05 0.000147944 -1.52783e-05 6.48918e-05)
(0.000284883 -5.18411e-05 0.000156207 -5.18411e-05 0.000277809 -7.93515e-05 0.000156207 -7.93515e-05 6.52704e-05)
(0.000349324 -0.000129028 0.000193154 -0.000129028 0.000272943 -9.87938e-05 0.000193154 -9.87938e-05 5.53962e-05)
(0.000253899 -0.000172049 9.10601e-05 -0.000172049 0.000283368 3.07346e-05 9.10601e-05 3.07346e-05 2.39163e-05)
(0.000204339 -0.000135859 3.67211e-05 -0.000135859 0.000353433 0.000276233 3.67211e-05 0.000276233 0.000424798)
(0.000337672 -5.58514e-06 0.00016108 -5.58514e-06 0.000493603 0.000379754 0.00016108 0.000379754 0.000630836)
(0.000249323 1.36215e-05 0.000176244 1.36215e-05 0.000398367 9.87863e-05 0.000176244 9.87863e-05 8.74372e-05)
(0.000365119 -3.32892e-05 0.000205835 -3.32892e-05 0.000290403 -0.00022528 0.000205835 -0.00022528 0.000230755)
(0.000557978 -6.7167e-06 0.000393068 -6.7167e-06 0.000242502 -0.000284719 0.000393068 -0.000284719 0.00063223)
(0.000361408 3.0281e-05 0.000262661 3.0281e-05 0.000151184 -9.16636e-05 0.000262661 -9.16636e-05 0.000272019)
(0.000282802 4.85592e-06 0.000194289 4.85592e-06 0.000119911 4.28613e-05 0.000194289 4.28613e-05 0.000278823)
(0.000248083 -3.36757e-05 0.000176621 -3.36757e-05 0.000145421 -3.382e-05 0.000176621 -3.382e-05 0.000431278)
(0.000154434 2.73306e-05 8.23699e-05 2.73306e-05 0.000195977 -3.61968e-05 8.23699e-05 -3.61968e-05 0.000111848)
(0.000403137 -5.83353e-05 0.000146576 -5.83353e-05 0.000340227 -4.95678e-05 0.000146576 -4.95678e-05 6.86669e-05)
(0.000679515 -0.000445265 0.000211762 -0.000445265 0.000643228 -0.000145826 0.000211762 -0.000145826 2.84048e-05)
(0.000578011 -0.000434027 0.000161246 -0.000434027 0.0008355 -5.61932e-05 0.000161246 -5.61932e-05 -4.5742e-05)
(0.00035845 2.93367e-06 0.000151244 2.93367e-06 0.000529647 3.9991e-06 0.000151244 3.9991e-06 -1.18271e-05)
(0.000538057 0.000198056 -6.5648e-05 0.000198056 0.000286681 -0.000112507 -6.5648e-05 -0.000112507 0.00022706)
(0.00110448 0.000381943 -0.00050378 0.000381943 0.000407268 -0.0001796 -0.00050378 -0.0001796 0.00128531)
(0.00121031 0.000476903 -0.000471652 0.000476903 0.00055764 -0.000341382 -0.000471652 -0.000341382 0.00135581)
(0.000636601 0.000237749 -2.81483e-05 0.000237749 0.000516603 -0.000181971 -2.81483e-05 -0.000181971 0.000467236)
(0.000277899 3.85856e-05 0.000135209 3.85856e-05 0.000340977 -4.10993e-06 0.000135209 -4.10993e-06 0.000220985)
(0.000258797 1.92001e-05 4.24329e-05 1.92001e-05 0.000417475 -9.55332e-05 4.24329e-05 -9.55332e-05 0.000470229)
(0.0011412 0.000465531 0.000606334 0.000465531 0.000799154 0.000504804 0.000606334 0.000504804 0.00194231)
(0.000665767 0.00025516 0.000362696 0.00025516 0.000581025 0.0002645 0.000362696 0.0002645 0.000813981)
(0.000436026 0.000166775 0.000200957 0.000166775 0.000421064 7.49212e-05 0.000200957 7.49212e-05 0.000412707)
(0.00040853 0.000132994 0.000204965 0.000132994 0.000343399 3.22033e-05 0.000204965 3.22033e-05 0.000371608)
(0.000556448 0.00017427 0.000348004 0.00017427 0.000372834 0.000111471 0.000348004 0.000111471 0.000628438)
(0.000771916 0.000313967 0.000518613 0.000313967 0.000512409 0.000256471 0.000518613 0.000256471 0.000988558)
(0.000811599 0.000394873 0.000567602 0.000394873 0.000671942 0.000339008 0.000567602 0.000339008 0.000926929)
(0.000510384 0.000265653 0.000355786 0.000265653 0.000481818 0.000179843 0.000355786 0.000179843 0.000477484)
(0.000201987 5.31795e-05 0.000134016 5.31795e-05 0.000117399 -7.62194e-06 0.000134016 -7.62194e-06 7.80966e-05)
(0.000209357 4.39119e-06 0.000149552 4.39119e-06 0.000119688 2.82275e-05 0.000149552 2.82275e-05 8.85579e-05)
(0.000199637 -3.66475e-06 0.000110161 -3.66475e-06 0.000104759 3.64706e-05 0.000110161 3.64706e-05 0.000150999)
(0.000123473 3.60608e-05 2.53199e-05 3.60608e-05 0.000135578 -5.14276e-05 2.53199e-05 -5.14276e-05 0.00011378)
(0.000119037 3.26829e-05 5.15748e-05 3.26829e-05 0.000182839 -5.10607e-05 5.15748e-05 -5.10607e-05 7.10484e-05)
(0.00019592 -5.33182e-06 0.000181777 -5.33182e-06 0.000150514 1.53305e-05 0.000181777 1.53305e-05 0.000112385)
(0.000353288 2.38223e-05 0.000268022 2.38223e-05 0.000362608 0.000105087 0.000268022 0.000105087 0.000239719)
(0.000345026 -5.06798e-05 0.000222232 -5.06798e-05 0.00054335 0.000168284 0.000222232 0.000168284 0.000287204)
(0.000283418 -0.00013181 0.000152382 -0.00013181 0.00048049 0.000133805 0.000152382 0.000133805 0.000217364)
(0.000233909 -7.59717e-05 0.000115645 -7.59717e-05 0.000279979 -1.47084e-05 0.000115645 -1.47084e-05 5.76473e-05)
(0.000328979 -1.73738e-05 0.000132193 -1.73738e-05 0.000293045 -8.14917e-05 0.000132193 -8.14917e-05 0.000129064)
(0.000413033 -2.81315e-05 0.000154426 -2.81315e-05 0.000434389 -0.000128453 0.000154426 -0.000128453 0.000167317)
(0.000405559 -5.29336e-05 0.000194693 -5.29336e-05 0.00079851 -5.73592e-05 0.000194693 -5.73592e-05 0.000146332)
(0.000378189 2.17082e-05 0.000218876 2.17082e-05 0.00123181 -0.000149327 0.000218876 -0.000149327 0.00020214)
(0.000490053 -3.94275e-05 0.00023525 -3.94275e-05 0.0010926 -0.000566315 0.00023525 -0.000566315 0.000428793)
(0.00072926 -3.03267e-05 0.000282938 -3.03267e-05 0.00058685 -0.000614635 0.000282938 -0.000614635 0.000974182)
(0.000912842 0.000170445 0.000414163 0.000170445 0.000365449 -0.000267154 0.000414163 -0.000267154 0.00148788)
(0.000949559 0.00024044 0.000400124 0.00024044 0.00046777 -5.78603e-05 0.000400124 -5.78603e-05 0.0014881)
(0.000708688 0.000196984 0.000256134 0.000196984 0.000404774 -5.29988e-05 0.000256134 -5.29988e-05 0.000965478)
(0.000532184 0.000201051 0.000201195 0.000201051 0.0002756 1.74278e-05 0.000201195 1.74278e-05 0.000741113)
(0.00064118 0.000242689 0.000312643 0.000242689 0.000387867 0.000186223 0.000312643 0.000186223 0.00106382)
(0.000757325 0.000240275 0.000325875 0.000240275 0.000475142 0.00016883 0.000325875 0.00016883 0.00125397)
(0.000614946 0.000183146 0.00021912 0.000183146 0.000306008 -4.97261e-05 0.00021912 -4.97261e-05 0.000716227)
(0.000456153 4.58118e-06 0.000172393 4.58118e-06 0.000470884 -0.000170443 0.000172393 -0.000170443 0.000186888)
(0.000693568 -0.000415094 0.000216847 -0.000415094 0.00174958 -7.73855e-05 0.000216847 -7.73855e-05 0.000220631)
(0.0011097 -0.000492046 0.000233008 -0.000492046 0.00315762 0.000171023 0.000233008 0.000171023 0.000495924)
(0.000974092 5.56884e-05 0.000261238 5.56884e-05 0.00275609 0.000214063 0.000261238 0.000214063 0.000456783)
(0.000733636 0.000425457 0.00018651 0.000425457 0.00136473 -6.93863e-05 0.00018651 -6.93863e-05 0.000266803)
(0.000625276 0.000268206 -3.2777e-05 0.000268206 0.000529486 -0.00024994 -3.2777e-05 -0.00024994 0.000375507)
(0.000800674 0.00025038 0.000119839 0.00025038 0.000414211 -9.7706e-05 0.000119839 -9.7706e-05 0.00130531)
(0.00155955 0.000490616 0.000669055 0.000490616 0.000662337 0.000366628 0.000669055 0.000366628 0.00306768)
(0.00163235 0.000574229 0.000734555 0.000574229 0.000914889 0.000612558 0.000734555 0.000612558 0.00322347)
(0.000207294 7.56951e-05 -0.000192822 7.56951e-05 0.000299337 -0.000194613 -0.000192822 -0.000194613 0.000731268)
(0.000149444 1.95708e-05 -8.60281e-05 1.95708e-05 0.000250454 -9.18051e-05 -8.60281e-05 -9.18051e-05 0.000614671)
(0.000158935 -2.51215e-05 4.39975e-05 -2.51215e-05 0.000222591 9.50694e-06 4.39975e-05 9.50694e-06 0.000402284)
(0.000214406 -4.23472e-05 0.000117904 -4.23472e-05 0.000224059 1.46339e-05 0.000117904 1.46339e-05 0.000240089)
(0.00027193 -7.90004e-05 9.37041e-05 -7.90004e-05 0.000244787 6.55465e-05 9.37041e-05 6.55465e-05 0.000259583)
(0.000318795 -0.000113565 5.88559e-05 -0.000113565 0.000218127 3.33218e-05 5.88559e-05 3.33218e-05 0.000156374)
(0.000452599 -3.56678e-05 0.000267938 -3.56678e-05 0.000179254 -8.77585e-05 0.000267938 -8.77585e-05 0.000192776)
(0.000596449 5.33527e-05 0.000352057 5.33527e-05 0.000250975 -0.000310746 0.000352057 -0.000310746 0.000639607)
(0.000843531 0.000215867 0.000164706 0.000215867 0.000479308 -0.000568597 0.000164706 -0.000568597 0.00117723)
(0.000616687 0.000155851 0.000184726 0.000155851 0.000372761 -0.000402516 0.000184726 -0.000402516 0.000682544)
(0.000293529 4.15547e-05 0.000215434 4.15547e-05 0.000175026 -0.000119721 0.000215434 -0.000119721 0.000141937)
(0.000199331 0.000149092 3.6764e-05 0.000149092 0.000318414 -0.000105451 3.6764e-05 -0.000105451 9.99095e-05)
(0.000115452 6.39074e-06 1.06832e-05 6.39074e-06 0.00043642 -0.000190765 1.06832e-05 -0.000190765 0.000162417)
(0.000168093 -0.000204982 0.000180873 -0.000204982 0.000503529 -0.000252428 0.000180873 -0.000252428 0.000294684)
(0.000180176 -0.000249066 0.00029435 -0.000249066 0.000537939 -0.00033447 0.00029435 -0.00033447 0.000481612)
(0.000172872 -9.64394e-05 0.000217943 -9.64394e-05 0.000342717 -0.000181442 0.000217943 -0.000181442 0.000433597)
(0.000184609 2.52975e-05 8.56677e-05 2.52975e-05 0.00027015 -3.88222e-05 8.56677e-05 -3.88222e-05 0.000159596)
(0.000422872 0.000137614 0.000221858 0.000137614 0.000403128 0.000105923 0.000221858 0.000105923 0.000403144)
(0.0006338 0.000219527 0.000320444 0.000219527 0.000692764 0.000355831 0.000320444 0.000355831 0.000957896)
(0.000409372 5.30304e-05 0.000132572 5.30304e-05 0.000649861 0.000186479 0.000132572 0.000186479 0.000346252)
(0.000188247 7.09295e-06 0.000107489 7.09295e-06 0.000339316 -7.39638e-05 0.000107489 -7.39638e-05 0.00036422)
(0.000427412 -4.39938e-05 5.70901e-06 -4.39938e-05 0.000433756 0.000240497 5.70901e-06 0.000240497 0.00115129)
(0.000379068 -0.000151261 4.12837e-05 -0.000151261 0.000509291 0.000241465 4.12837e-05 0.000241465 0.000550827)
(0.000472052 -0.00020605 0.000328084 -0.00020605 0.000404158 -0.000160825 0.000328084 -0.000160825 0.000316953)
(0.00134065 0.000168335 0.000909086 0.000168335 0.000425678 -6.88713e-06 0.000909086 -6.88713e-06 0.00211325)
(0.00175876 0.0004516 0.000745401 0.0004516 0.000738173 0.00030106 0.000745401 0.00030106 0.00340679)
(0.00119386 0.000443114 0.000334781 0.000443114 0.000631557 0.000119848 0.000334781 0.000119848 0.00188857)
(0.000410454 0.000155642 6.44391e-05 0.000155642 0.0003727 -7.73156e-05 6.44391e-05 -7.73156e-05 0.000240317)
(0.00019612 -3.26522e-06 0.000218848 -3.26522e-06 0.000309563 6.3194e-05 0.000218848 6.3194e-05 0.000390775)
(0.000323858 -5.03324e-05 0.000256758 -5.03324e-05 0.000310781 0.000126466 0.000256758 0.000126466 0.000691304)
(0.00023786 -5.28777e-05 0.00017098 -5.28777e-05 0.00017061 1.04886e-05 0.00017098 1.04886e-05 0.00019896)
(0.000453764 1.74111e-05 0.000240888 1.74111e-05 0.000331843 0.000108146 0.000240888 0.000108146 0.000392472)
(0.00083939 0.000284884 0.000184123 0.000284884 0.000739555 -0.000107416 0.000184123 -0.000107416 0.000720316)
(0.000867734 0.000302253 0.000193521 0.000302253 0.00163384 -0.000233328 0.000193521 -0.000233328 0.000576549)
(0.000710822 -3.49805e-05 0.000131004 -3.49805e-05 0.00278594 0.000629791 0.000131004 0.000629791 0.000866513)
(0.000988547 -0.000157552 -0.000408584 -0.000157552 0.00307414 0.00160558 -0.000408584 0.00160558 0.00215597)
(0.000938443 -0.00019279 -0.000556262 -0.00019279 0.00208903 0.0015036 -0.000556262 0.0015036 0.00259167)
(0.000601471 -0.000267709 -0.00039689 -0.000267709 0.000760251 0.000694638 -0.00039689 0.000694638 0.00169337)
(0.000313358 -4.7151e-05 -0.000174575 -4.7151e-05 0.000235365 1.57394e-06 -0.000174575 1.57394e-06 0.000742011)
(0.000286447 7.20257e-05 -0.000197582 7.20257e-05 0.000281795 -0.000178628 -0.000197582 -0.000178628 0.000666568)
(0.000633672 -0.000226058 0.000200635 -0.000226058 0.00069415 -0.000868738 0.000200635 -0.000868738 0.00354488)
(0.000808644 -0.000287103 0.000100359 -0.000287103 0.000451344 1.39354e-05 0.000100359 1.39354e-05 0.00319554)
(0.000433553 -0.000127929 1.48229e-05 -0.000127929 0.000381691 0.000272423 1.48229e-05 0.000272423 0.00136725)
(0.000163527 -5.37671e-05 5.16046e-05 -5.37671e-05 0.000265996 -2.00914e-05 5.16046e-05 -2.00914e-05 0.000265522)
(0.000168797 1.24499e-05 3.72157e-06 1.24499e-05 0.000380181 -7.60369e-05 3.72157e-06 -7.60369e-05 0.000193357)
(0.000186308 2.70111e-05 -6.7289e-05 2.70111e-05 0.000355018 -3.15448e-05 -6.7289e-05 -3.15448e-05 0.000286049)
(0.000237788 -0.000112429 0.000119044 -0.000112429 0.000466575 -5.50598e-05 0.000119044 -5.50598e-05 0.00021921)
(0.000513187 -0.000102908 0.000299441 -0.000102908 0.00130333 -0.000423169 0.000299441 -0.000423169 0.000380934)
(0.000849441 -0.000103453 0.000146057 -0.000103453 0.00142577 -0.000765602 0.000146057 -0.000765602 0.000649767)
(0.000752574 -8.12309e-05 0.00019072 -8.12309e-05 0.000579909 -0.000405317 0.00019072 -0.000405317 0.000560021)
(0.000971407 8.75974e-05 0.000491418 8.75974e-05 0.000345668 -0.000103233 0.000491418 -0.000103233 0.000863364)
(0.000890582 0.000138323 0.000567034 0.000138323 0.000206862 -6.9174e-05 0.000567034 -6.9174e-05 0.000946965)
(0.000252554 7.16336e-05 0.000174564 7.16336e-05 0.000104156 -6.89523e-05 0.000174564 -6.89523e-05 6.15158e-05)
(0.000133678 1.65617e-05 0.000221344 1.65617e-05 0.000164778 -3.27919e-06 0.000221344 -3.27919e-06 0.00024359)
(0.000479591 -0.000133727 0.000570929 -0.000133727 0.000343722 -0.00016643 0.000570929 -0.00016643 0.00123121)
(0.000381021 -9.7001e-05 0.000375314 -9.7001e-05 0.000241382 -5.3402e-06 0.000375314 -5.3402e-06 0.000650207)
(0.000258765 1.55102e-05 0.000135703 1.55102e-05 0.000280134 3.92748e-05 0.000135703 3.92748e-05 0.000199843)
(0.00111972 0.000457072 0.000780815 0.000457072 0.000879203 0.000568915 0.000780815 0.000568915 0.00189325)
(0.00129739 0.000614465 0.000826309 0.000614465 0.00119041 0.000752636 0.000826309 0.000752636 0.00226598)
(0.000391853 0.000122761 0.000180393 0.000122761 0.000474817 0.000180356 0.000180393 0.000180356 0.000383718)
(0.000342085 -6.18352e-05 0.00031667 -6.18352e-05 0.000205987 5.7932e-05 0.00031667 5.7932e-05 0.000406992)
(0.000618801 6.33672e-06 0.000425441 6.33672e-06 0.000555923 0.000242036 0.000425441 0.000242036 0.000582658)
(0.000466065 2.4328e-05 0.000130316 2.4328e-05 0.000526299 -0.000119121 0.000130316 -0.000119121 0.000248449)
(0.00103914 0.000203741 0.000464126 0.000203741 0.000533937 -1.9324e-05 0.000464126 -1.9324e-05 0.00138692)
(0.00147298 0.000304432 0.000808159 0.000304432 0.000595661 0.000170431 0.000808159 0.000170431 0.0018361)
(0.000769655 0.000126535 0.00035904 0.000126535 0.000399234 9.98657e-06 0.00035904 9.98657e-06 0.000577983)
(0.000340075 -1.96481e-05 0.000131959 -1.96481e-05 0.00029015 -0.000104286 0.000131959 -0.000104286 6.3284e-05)
(0.000352453 3.32845e-05 0.000200285 3.32845e-05 0.000545701 5.94929e-06 0.000200285 5.94929e-06 0.000112573)
(0.000387447 1.04476e-05 0.000247594 1.04476e-05 0.000419211 8.36626e-05 0.000247594 8.36626e-05 0.000207177)
(0.000354079 -1.50474e-05 0.000247329 -1.50474e-05 0.00024594 6.60745e-05 0.000247329 6.60745e-05 0.000284571)
(0.000405393 2.48849e-06 0.000322038 2.48849e-06 0.000422866 0.000208794 0.000322038 0.000208794 0.000571968)
(0.000304013 -6.38561e-05 0.000114099 -6.38561e-05 0.000942638 8.50447e-05 0.000114099 8.50447e-05 0.000307049)
(0.000244731 -0.000160305 6.26771e-05 -0.000160305 0.000962083 -0.000346948 6.26771e-05 -0.000346948 0.000448261)
(0.000211373 -0.000105915 0.000120422 -0.000105915 0.000829449 -0.00052128 0.000120422 -0.00052128 0.00082401)
(0.000269317 -9.08319e-06 9.26293e-05 -9.08319e-06 0.000773322 -0.000384646 9.26293e-05 -0.000384646 0.000669844)
(0.000328871 4.12315e-05 8.93176e-05 4.12315e-05 0.000563505 -0.000121454 8.93176e-05 -0.000121454 0.000347061)
(0.000363233 4.70728e-05 0.000103705 4.70728e-05 0.00044984 -4.49512e-05 0.000103705 -4.49512e-05 0.000234459)
(0.000460074 2.56849e-05 0.000137395 2.56849e-05 0.000412195 -2.98517e-05 0.000137395 -2.98517e-05 0.000234888)
(0.000472053 0.000284724 -0.000312975 0.000284724 0.000551206 -0.000253729 -0.000312975 -0.000253729 0.000527189)
(0.000337207 0.000142303 -0.000255871 0.000142303 0.000887349 -0.000935139 -0.000255871 -0.000935139 0.00208896)
(0.000968197 0.000491287 0.000226093 0.000491287 0.00240123 0.0010013 0.000226093 0.0010013 0.00115261)
(0.00108222 0.000393368 0.000268128 0.000393368 0.00220462 0.00103584 0.000268128 0.00103584 0.0013034)
(0.000479874 -0.000145628 0.000180254 -0.000145628 0.000819805 0.000406596 0.000180254 0.000406596 0.000638208)
(0.000205296 -5.667e-05 2.48803e-05 -5.667e-05 0.000204372 3.39784e-05 2.48803e-05 3.39784e-05 0.000294483)
(0.000178398 8.14013e-05 -4.50127e-05 8.14013e-05 0.000314028 -0.000130098 -4.50127e-05 -0.000130098 0.000255858)
(0.000216993 2.15843e-05 8.69958e-05 2.15843e-05 0.000416257 -5.72074e-05 8.69958e-05 -5.72074e-05 0.00012112)
(0.000341756 2.99737e-05 0.000128568 2.99737e-05 0.00037277 -0.00011987 0.000128568 -0.00011987 0.000147889)
(0.000450027 7.255e-07 0.000101542 7.255e-07 0.000453945 -0.000182264 0.000101542 -0.000182264 0.000236646)
(0.000376808 -5.28302e-05 0.000149357 -5.28302e-05 0.000341342 -6.82771e-05 0.000149357 -6.82771e-05 0.000115272)
(0.000457253 -0.000319316 0.000108918 -0.000319316 0.00044685 -2.6783e-05 0.000108918 -2.6783e-05 6.32703e-05)
(0.000807113 -0.000664514 0.000277311 -0.000664514 0.00167813 -0.000188059 0.000277311 -0.000188059 0.000169318)
(0.00117309 -0.000351939 0.000275066 -0.000351939 0.00241029 -0.000897628 0.000275066 -0.000897628 0.000690923)
(0.00133245 -8.39252e-05 -4.03021e-05 -8.39252e-05 0.00129146 -0.000861735 -4.03021e-05 -0.000861735 0.00130202)
(0.000439088 0.000154391 7.41892e-06 0.000154391 0.000283445 -0.000135596 7.41892e-06 -0.000135596 0.000380038)
(0.000367773 -6.75973e-05 0.000219248 -6.75973e-05 0.000273307 2.37431e-05 0.000219248 2.37431e-05 0.000181074)
(0.000386909 -5.72111e-05 0.000243846 -5.72111e-05 0.00026793 5.70389e-05 0.000243846 5.70389e-05 0.00029553)
(0.000247585 5.24614e-06 0.000125586 5.24614e-06 0.000211859 2.13487e-05 0.000125586 2.13487e-05 0.000242411)
(0.000343807 0.000170717 3.53502e-05 0.000170717 0.000312067 -3.7455e-05 3.53502e-05 -3.7455e-05 0.000267013)
(0.000244949 0.000139344 8.11648e-06 0.000139344 0.000431296 -5.21196e-05 8.11648e-06 -5.21196e-05 0.000132876)
(0.000440416 7.41053e-06 2.50619e-05 7.41053e-06 0.000299137 3.77707e-05 2.50619e-05 3.77707e-05 0.000344197)
(0.00104464 0.000348355 -0.000181698 0.000348355 0.00054122 -0.000157091 -0.000181698 -0.000157091 0.00114475)
(0.000735737 0.000225077 0.000138163 0.000225077 0.000466774 -7.05104e-06 0.000138163 -7.05104e-06 0.000855088)
(0.00055256 0.000217435 0.000177887 0.000217435 0.00050878 5.12684e-05 0.000177887 5.12684e-05 0.0003872)
(0.000605107 0.000252713 3.22042e-05 0.000252713 0.000496835 -5.55655e-05 3.22042e-05 -5.55655e-05 0.000261228)
(0.000656982 -0.000220243 0.000233402 -0.000220243 0.000543344 -0.000188763 0.000233402 -0.000188763 0.000211717)
(0.00112574 -0.000189397 0.000137086 -0.000189397 0.00132353 -0.000649591 0.000137086 -0.000649591 0.000669002)
(0.00129142 0.000109718 0.000120263 0.000109718 0.00275509 -0.000927023 0.000120263 -0.000927023 0.000958488)
(0.000886333 -0.000110547 0.000357823 -0.000110547 0.00359686 -0.00024494 0.000357823 -0.00024494 0.000726863)
(0.00071672 -0.00033765 0.000173156 -0.00033765 0.00226644 0.000369477 0.000173156 0.000369477 0.000553376)
(0.000479482 -0.000159299 0.000215022 -0.000159299 0.000373689 -8.32863e-05 0.000215022 -8.32863e-05 0.000121982)
(0.000937668 0.000682077 0.000700232 0.000682077 0.00124598 0.00063023 0.000700232 0.00063023 0.00121534)
(0.00088929 0.00060118 0.000471771 0.00060118 0.00257852 0.000832112 0.000471771 0.000832112 0.00101269)
(0.000576388 -0.000121031 0.000192592 -0.000121031 0.00324628 -0.000154154 0.000192592 -0.000154154 0.000653391)
(0.000407336 -0.000492736 0.000383461 -0.000492736 0.00456683 -0.00132532 0.000383461 -0.00132532 0.00158522)
(0.000438058 -0.00085048 0.000517828 -0.00085048 0.00546386 -0.00168758 0.000517828 -0.00168758 0.00215876)
(0.00050194 -0.00092684 0.000550387 -0.00092684 0.00554119 -0.00154741 0.000550387 -0.00154741 0.00207534)
(0.000178471 -5.45327e-05 0.000209728 -5.45327e-05 0.00300448 -0.000887833 0.000209728 -0.000887833 0.00109309)
(0.000384246 0.000470368 -0.000127954 0.000470368 0.00120942 -0.000256373 -0.000127954 -0.000256373 0.000571314)
(0.000403623 0.000160424 -6.15874e-05 0.000160424 0.000304176 -9.67775e-05 -6.15874e-05 -9.67775e-05 0.000294996)
(0.000347631 -0.000234095 4.58285e-05 -0.000234095 0.000804632 0.000281509 4.58285e-05 0.000281509 0.000357082)
(0.00063768 0.000191429 0.00031355 0.000191429 0.0012202 0.000240073 0.00031355 0.000240073 0.000628264)
(0.000305066 -0.000170745 2.05794e-05 -0.000170745 0.000448994 0.000271491 2.05794e-05 0.000271491 0.00081562)
(0.000366991 -0.000227277 -0.000376658 -0.000227277 0.000323006 0.000251362 -0.000376658 0.000251362 0.00132129)
(0.000409526 -0.000287916 -0.000472881 -0.000287916 0.000313289 0.000367058 -0.000472881 0.000367058 0.00154693)
(0.000266443 -0.000152064 -7.51903e-05 -0.000152064 0.000359704 0.000285346 -7.51903e-05 0.000285346 0.000772571)
(0.000313053 -2.77003e-05 0.000182702 -2.77003e-05 0.000581757 0.000160707 0.000182702 0.000160707 0.000202529)
(0.000334868 -6.45779e-05 0.000175516 -6.45779e-05 0.000637922 9.74499e-05 0.000175516 9.74499e-05 0.000149641)
(0.000275908 -0.000143063 7.21766e-05 -0.000143063 0.00041918 0.000131356 7.21766e-05 0.000131356 0.000222225)
(0.000281754 3.78583e-06 0.000145541 3.78583e-06 0.000467568 8.17068e-05 0.000145541 8.17068e-05 0.000276677)
(0.000438374 0.000151994 0.000284189 0.000151994 0.000763585 -0.000147298 0.000284189 -0.000147298 0.000309098)
(0.00061001 -2.51736e-05 0.000277871 -2.51736e-05 0.000692073 -0.000543599 0.000277871 -0.000543599 0.000731831)
(0.00144379 -0.000420889 0.000725809 -0.000420889 0.00124455 -0.00109857 0.000725809 -0.00109857 0.00192992)
(0.00211932 -0.00124647 0.000773057 -0.00124647 0.00281925 -0.0016034 0.000773057 -0.0016034 0.00192491)
(0.00155639 -0.000781913 0.000318125 -0.000781913 0.00340607 -0.000873942 0.000318125 -0.000873942 0.000682487)
(0.000811369 0.000384016 0.000274528 0.000384016 0.00193655 0.000234887 0.000274528 0.000234887 0.000414115)
(0.000229722 -5.47711e-05 0.000257766 -5.47711e-05 0.000277271 -1.52877e-05 0.000257766 -1.52877e-05 0.000352098)
(0.000282977 0.000348275 -4.04362e-05 0.000348275 0.00176074 -0.000337976 -4.04362e-05 -0.000337976 0.000358255)
(0.000259345 0.000365082 -0.00022665 0.000365082 0.00111315 -0.000372923 -0.00022665 -0.000372923 0.000354022)
(0.000245136 -2.18553e-05 0.000132919 -2.18553e-05 0.00020208 -8.1189e-05 0.000132919 -8.1189e-05 -3.7337e-05)
(0.00138956 0.000509623 -0.000455412 0.000509623 0.000553381 -0.000504986 -0.000455412 -0.000504986 0.00196658)
(0.00165875 0.000328166 -0.000391415 0.000328166 0.0007424 0.000484105 -0.000391415 0.000484105 0.00384776)
(0.00168792 0.000729346 0.000180925 0.000729346 0.00310216 0.00163572 0.000180925 0.00163572 0.00275858)
(0.00149136 0.000937604 0.000434278 0.000937604 0.00406946 0.00127306 0.000434278 0.00127306 0.00157048)
(0.00076889 0.000306455 0.000479652 0.000306455 0.00162944 0.00067818 0.000479652 0.00067818 0.0011971)
(0.00098585 0.000189786 0.000435203 0.000189786 0.00138726 0.00026093 0.000435203 0.00026093 0.000966324)
(0.000856194 0.000102238 0.000342524 0.000102238 0.00118097 0.000163674 0.000342524 0.000163674 0.000701524)
(0.000505829 -5.29997e-05 0.000123658 -5.29997e-05 0.000656177 0.000123976 0.000123658 0.000123976 0.000531581)
(0.00162827 0.000954049 0.000398707 0.000954049 0.00415484 0.000899775 0.000398707 0.000899775 0.0013383)
(0.00315023 0.001929 0.00127656 0.001929 0.00420282 0.00172824 0.00127656 0.00172824 0.00307434)
(0.00352832 0.0013727 0.00155526 0.0013727 0.00185099 0.0010804 0.00155526 0.0010804 0.00502931)
(0.00279179 0.000412648 0.00148535 0.000412648 0.000494698 0.000146796 0.00148535 0.000146796 0.00395729)
(0.00082095 0.000208519 0.000627695 0.000208519 0.000190607 1.93715e-06 0.000627695 1.93715e-06 0.00135604)
(0.00103865 0.000910402 0.000380998 0.000910402 0.00301869 0.00100804 0.000380998 0.00100804 0.000962559)
(0.00104953 0.000846999 0.000351649 0.000846999 0.00424921 0.000467166 0.000351649 0.000467166 0.000783208)
(7.42012e-05 0.000103195 1.63075e-05 0.000103195 0.00103609 -0.000339498 1.63075e-05 -0.000339498 0.000188629)
(0.00074944 0.000158577 0.000547465 0.000158577 0.000715682 0.000165919 0.000547465 0.000165919 0.00152406)
(0.000841393 -3.3401e-05 0.000657918 -3.3401e-05 0.000481934 8.81022e-05 0.000657918 8.81022e-05 0.00146771)
(0.000295227 -6.81449e-05 0.000195142 -6.81449e-05 0.000233539 1.35135e-05 0.000195142 1.35135e-05 0.000393796)
(0.000734512 0.000119754 0.000386741 0.000119754 0.00071537 0.000151083 0.000386741 0.000151083 0.000588618)
(0.000979106 0.000585401 0.000477809 0.000585401 0.00213118 0.000165696 0.000477809 0.000165696 0.000936128)
(0.00041615 0.000279755 1.68262e-05 0.000279755 0.000930922 -3.86797e-05 1.68262e-05 -3.86797e-05 0.000285446)
(0.000426574 0.000414619 6.50808e-05 0.000414619 0.00232505 -5.305e-05 6.50808e-05 -5.305e-05 0.000605823)
(0.000509368 0.000447717 8.73161e-05 0.000447717 0.00210474 -0.0001447 8.73161e-05 -0.0001447 0.00077852)
(0.000431744 0.000373918 -5.0623e-05 0.000373918 0.00129457 -0.000299231 -5.0623e-05 -0.000299231 0.000593439)
(0.000263451 0.000138487 1.64546e-05 0.000138487 0.000448126 -0.00011051 1.64546e-05 -0.00011051 0.000294225)
(0.000378128 -4.80898e-05 0.000239901 -4.80898e-05 0.000560686 0.000112112 0.000239901 0.000112112 0.000319291)
(0.000731851 -0.000360336 7.50143e-05 -0.000360336 0.00100675 0.000739957 7.50143e-05 0.000739957 0.00151548)
(0.00150689 -0.000471102 -0.000640968 -0.000471102 0.00244718 0.00189795 -0.000640968 0.00189795 0.00326813)
(0.00136374 -0.000372455 -0.000378367 -0.000372455 0.00351344 0.00161097 -0.000378367 0.00161097 0.00200234)
(0.000563492 -0.000279864 0.000160093 -0.000279864 0.000574874 -5.29811e-05 0.000160093 -5.29811e-05 0.000134933)
(0.000732295 0.000664243 0.000248561 0.000664243 0.00163346 0.000385126 0.000248561 0.000385126 0.000566194)
(0.000254055 6.87577e-05 6.80145e-06 6.87577e-05 0.000685589 -0.000132309 6.80145e-06 -0.000132309 0.000238351)
(0.000579142 2.11094e-05 7.58525e-05 2.11094e-05 0.00121225 0.000645056 7.58525e-05 0.000645056 0.000981587)
(0.00165797 -0.00100459 -6.7099e-05 -0.00100459 0.00626236 0.000789886 -6.7099e-05 0.000789886 0.00236627)
(0.00111652 -0.00101922 -3.58988e-05 -0.00101922 0.00529817 0.000459535 -3.58988e-05 0.000459535 0.00131038)
(0.000565934 7.46194e-05 -0.000202315 7.46194e-05 0.00147811 0.000357179 -0.000202315 0.000357179 0.000546263)
(0.00028782 0.000327878 -7.15265e-05 0.000327878 0.00150946 -1.26669e-05 -7.15265e-05 -1.26669e-05 0.001097)
(0.00069644 1.89142e-05 3.86238e-05 1.89142e-05 0.00102029 0.000735285 3.86238e-05 0.000735285 0.00123745)
(0.00101157 0.000482645 0.000345537 0.000482645 0.00216987 0.000569202 0.000345537 0.000569202 0.000701496)
(0.00068331 0.000188549 -2.58405e-05 0.000188549 0.000412672 -0.000322706 -2.58405e-05 -0.000322706 0.00071888)
(0.00148603 0.000906067 0.000671607 0.000906067 0.00287826 0.00134088 0.000671607 0.00134088 0.0021764)
(0.00203943 0.00141112 0.000795478 0.00141112 0.0038531 0.00148992 0.000795478 0.00148992 0.00209785)
(0.00184705 0.000657484 0.000189254 0.000657484 0.00170727 0.00121748 0.000189254 0.00121748 0.0047099)
(0.00278264 0.000514152 -0.000713191 0.000514152 0.00143048 0.000947508 -0.000713191 0.000947508 0.00713533)
(0.0022392 0.000554116 -0.000179302 0.000554116 0.00128961 0.000395021 -0.000179302 0.000395021 0.00564702)
(0.00101125 8.05128e-06 0.000344418 8.05128e-06 0.000882184 -0.000232306 0.000344418 -0.000232306 0.00090793)
(0.000835894 0.0003992 9.3759e-05 0.0003992 0.000820906 2.16085e-05 9.3759e-05 2.16085e-05 0.00048136)
(0.0024803 0.00155964 0.000638761 0.00155964 0.00401988 0.00182489 0.000638761 0.00182489 0.00293383)
(0.00360881 0.000630364 -0.000893171 0.000630364 0.00431495 0.00298057 -0.000893171 0.00298057 0.00618448)
(0.00144598 0.000560175 0.000263939 0.000560175 0.00167776 0.00114501 0.000263939 0.00114501 0.00357833)
(0.00099618 9.41297e-05 0.000431506 9.41297e-05 0.000432358 -0.00048204 0.000431506 -0.00048204 0.001759)
(0.00442257 -0.00037678 0.00127745 -0.00037678 0.00162165 -0.00104096 0.00127745 -0.00104096 0.00594648)
(0.00600162 0.000273937 0.000611663 0.000273937 0.00167515 0.000366426 0.000611663 0.000366426 0.00953887)
(0.00833653 0.000771341 0.000889678 0.000771341 0.00266632 -0.000412749 0.000889678 -0.000412749 0.0100746)
(0.00379634 0.000360042 -0.000714534 0.000360042 0.00439984 -0.00285262 -0.000714534 -0.00285262 0.00452093)
(0.00164762 -0.000403292 0.000279831 -0.000403292 0.00631772 -0.00046508 0.000279831 -0.00046508 0.00241086)
