/*--------------------------------*- C++ -*----------------------------------*\
  =========                 |
  \\      /  F ield         | OpenFOAM: The Open Source CFD Toolbox
   \\    /   O peration     | Website:  https://openfoam.org
    \\  /    A nd           | Version:  10
     \\/     M anipulation  |
\*---------------------------------------------------------------------------*/
FoamFile
{
    format      ascii;
    class       volTensorField;
    location    "18";
    object      TauNN;
}
// * * * * * * * * * * * * * * * * * * * * * * * * * * * * * * * * * * * * * //

dimensions      [0 2 -2 0 0 0 0];

internalField   nonuniform List<tensor> 
25600
(
(-0.00151149 -0.00199309 0.00509237 -0.00199309 0.0094637 -0.0012853 0.00509237 -0.0012853 0.00736835)
(-0.00123351 -0.00341721 0.00579219 -0.00341721 0.00962782 -0.00165864 0.00579219 -0.00165864 0.00892895)
(0.00148864 -0.00226916 0.00436999 -0.00226916 0.00785362 -0.00273154 0.00436999 -0.00273154 0.00607469)
(0.00399705 -0.00298943 0.00270939 -0.00298943 0.00668162 -0.00319454 0.00270939 -0.00319454 0.00514706)
(0.00467904 -0.00275484 0.00203183 -0.00275484 0.00649662 -0.0031761 0.00203183 -0.0031761 0.00501605)
(0.00110795 -0.00259988 0.0040007 -0.00259988 0.00785855 -0.00279214 0.0040007 -0.00279214 0.0062042)
(0.00245734 -0.00393513 0.00238254 -0.00393513 0.00817215 -0.00315602 0.00238254 -0.00315602 0.00568552)
(-1.3723e-06 -0.00220007 0.00471542 -0.00220007 0.00854808 -0.00172763 0.00471542 -0.00172763 0.00746457)
(0.00681473 -0.00175606 0.000948839 -0.00175606 0.00642791 -0.00310423 0.000948839 -0.00310423 0.00510322)
(-0.00119477 -0.00268753 0.00522521 -0.00268753 0.00893749 -0.0018995 0.00522521 -0.0018995 0.00798258)
(-0.00159607 -0.00273849 0.00557992 -0.00273849 0.00935996 -0.0014947 0.00557992 -0.0014947 0.00809196)
(-0.000801114 -0.00191864 0.00421886 -0.00191864 0.00967524 -0.000886621 0.00421886 -0.000886621 0.00805585)
(-0.00172884 -0.00283525 0.00522998 -0.00283525 0.00967458 -0.001198 0.00522998 -0.001198 0.00886611)
(-0.00149988 -0.00258748 0.00497978 -0.00258748 0.0091694 -0.000879797 0.00497978 -0.000879797 0.00839706)
(-0.00162372 -0.00261721 0.00495773 -0.00261721 0.00904847 -0.000893542 0.00495773 -0.000893542 0.00872492)
(0.000638407 -0.00164513 0.004621 -0.00164513 0.00825298 -0.00148572 0.004621 -0.00148572 0.00720133)
(0.00241854 0.000619073 0.00292112 0.000619073 0.00874962 -0.000770726 0.00292112 -0.000770726 0.00384094)
(-0.001917 -0.00253005 0.00569738 -0.00253005 0.00982601 -0.0017279 0.00569738 -0.0017279 0.00809323)
(0.000187472 -0.00285554 0.0051798 -0.00285554 0.0091217 -0.00242678 0.0051798 -0.00242678 0.0079466)
(3.1689e-05 -0.0027714 0.00513356 -0.0027714 0.00893644 -0.00247688 0.00513356 -0.00247688 0.00767381)
(0.000386119 -0.00230731 0.00484813 -0.00230731 0.00832088 -0.00250839 0.00484813 -0.00250839 0.00678635)
(0.000328589 -0.00208746 0.00454409 -0.00208746 0.00821636 -0.00208267 0.00454409 -0.00208267 0.00697825)
(-0.000458472 -0.00192881 0.00481104 -0.00192881 0.00965265 -0.00136878 0.00481104 -0.00136878 0.00743928)
(-0.00157904 -0.00318399 0.00577335 -0.00318399 0.00966812 -0.00156218 0.00577335 -0.00156218 0.00877076)
(-0.000279247 -0.0022399 0.00485292 -0.0022399 0.00838444 -0.00222041 0.00485292 -0.00222041 0.0071409)
(0.00544834 -0.00105224 0.00219683 -0.00105224 0.00657155 -0.00245377 0.00219683 -0.00245377 0.00500205)
(-0.00192489 -0.00240794 0.00523223 -0.00240794 0.00959319 -0.00127295 0.00523223 -0.00127295 0.00803949)
(0.000173422 -0.00354999 0.00611658 -0.00354999 0.00998766 -0.00202101 0.00611658 -0.00202101 0.00924448)
(0.000613638 -0.00278859 0.00503324 -0.00278859 0.00876298 -0.00269281 0.00503324 -0.00269281 0.00723515)
(0.0020933 -0.00261201 0.00398584 -0.00261201 0.00761465 -0.00281641 0.00398584 -0.00281641 0.00607451)
(-0.000771083 -0.00252139 0.00503402 -0.00252139 0.00880843 -0.0016547 0.00503402 -0.0016547 0.00804402)
(0.00260868 -0.00245804 0.00330525 -0.00245804 0.00760978 -0.00270294 0.00330525 -0.00270294 0.00580262)
(0.00701353 -0.00147094 0.0011632 -0.00147094 0.00654634 -0.00284126 0.0011632 -0.00284126 0.00503466)
(-0.00164893 -0.00282653 0.00520204 -0.00282653 0.00916503 -0.00131463 0.00520204 -0.00131463 0.00870456)
(-0.00165813 -0.00313431 0.00554939 -0.00313431 0.0093764 -0.00138389 0.00554939 -0.00138389 0.00871701)
(-0.00118293 -0.00245701 0.00506021 -0.00245701 0.00887966 -0.00141945 0.00506021 -0.00141945 0.00824673)
(-0.00132307 -0.00302605 0.00537396 -0.00302605 0.0092719 -0.00173753 0.00537396 -0.00173753 0.00853321)
(0.000214882 -0.00291995 0.00522257 -0.00291995 0.0091813 -0.00237142 0.00522257 -0.00237142 0.00809352)
(0.000731331 -0.00241458 0.00484533 -0.00241458 0.00835637 -0.00260504 0.00484533 -0.00260504 0.00672833)
(0.00190321 -0.00204276 0.00407918 -0.00204276 0.00761169 -0.00254299 0.00407918 -0.00254299 0.00597593)
(0.00337028 0.000130177 0.00404445 0.000130177 0.00905699 -0.00126575 0.00404445 -0.00126575 0.00580844)
(0.00218334 -0.00139232 0.00445084 -0.00139232 0.00951312 -0.00156599 0.00445084 -0.00156599 0.00655396)
(0.00427218 0.000431532 0.0050257 0.000431532 0.0063728 -0.00351778 0.0050257 -0.00351778 0.00596421)
(0.00719813 0.000739002 0.00481567 0.000739002 0.00352266 -0.00413965 0.00481567 -0.00413965 0.00654341)
(0.00432719 0.00113939 0.00493492 0.00113939 0.00504673 -0.00321652 0.00493492 -0.00321652 0.00625548)
(0.0122595 0.00155612 0.00603685 0.00155612 0.00397922 -0.00329583 0.00603685 -0.00329583 0.0065421)
(0.00624294 0.00188548 -0.000611394 0.00188548 0.00558379 0.00193304 -0.000611394 0.00193304 0.00894819)
(0.00576738 0.00245161 0.00523474 0.00245161 0.00728501 -0.00142579 0.00523474 -0.00142579 0.00500366)
(0.0099985 0.00239893 0.0051656 0.00239893 0.00321942 -0.00163911 0.0051656 -0.00163911 0.00426538)
(0.00242296 0.000591459 0.00570722 0.000591459 0.00815843 -0.00172818 0.00570722 -0.00172818 0.00620486)
(0.00568562 0.00164179 0.00611043 0.00164179 0.00740568 -0.0015728 0.00611043 -0.0015728 0.00583953)
(0.00546285 -0.000600163 0.00303876 -0.000600163 0.00861827 -0.000250654 0.00303876 -0.000250654 0.00686403)
(0.000587886 -0.00160965 0.00446928 -0.00160965 0.00790835 -0.000284838 0.00446928 -0.000284838 0.00925024)
(-6.7978e-05 -0.00171526 0.00461475 -0.00171526 0.00922304 -0.00132089 0.00461475 -0.00132089 0.00813752)
(-0.000568735 -0.000822754 0.00450687 -0.000822754 0.00910874 -0.00149483 0.00450687 -0.00149483 0.0066663)
(-0.000734481 8.32882e-06 0.00510747 8.32882e-06 0.00863743 -0.00186029 0.00510747 -0.00186029 0.0068702)
(0.00856845 0.00149983 0.0051552 0.00149983 0.00822586 -0.00112543 0.0051552 -0.00112543 0.00609348)
(0.00645994 -7.26571e-05 0.00376075 -7.26571e-05 0.00922583 -0.00115156 0.00376075 -0.00115156 0.00566672)
(-0.000452037 -0.002312 0.00571406 -0.002312 0.00943227 -0.00227151 0.00571406 -0.00227151 0.00783016)
(-0.000196652 -0.00266508 0.00521339 -0.00266508 0.00906354 -0.00258474 0.00521339 -0.00258474 0.00838119)
(0.000426643 -0.00327242 0.00504768 -0.00327242 0.00914587 -0.00255981 0.00504768 -0.00255981 0.00822992)
(0.00343648 -0.000970162 0.00644203 -0.000970162 0.00857821 -0.00263091 0.00644203 -0.00263091 0.00848574)
(0.00398088 -0.00104672 0.00366026 -0.00104672 0.00922986 -0.000965821 0.00366026 -0.000965821 0.00690143)
(-4.71174e-05 -0.00246927 0.00547151 -0.00246927 0.0096303 -0.0016056 0.00547151 -0.0016056 0.00864636)
(0.00101468 -0.00111032 0.00558686 -0.00111032 0.00858419 -0.002452 0.00558686 -0.002452 0.00701717)
(0.00498614 0.000415445 0.00664703 0.000415445 0.00770863 -0.0022365 0.00664703 -0.0022365 0.00848237)
(0.0109615 0.000748762 0.00379438 0.000748762 0.00868257 -0.00079406 0.00379438 -0.00079406 0.00510045)
(0.00382753 -0.00160387 0.00512521 -0.00160387 0.00949744 -0.00203359 0.00512521 -0.00203359 0.00616011)
(0.00456914 -0.00189572 0.00472549 -0.00189572 0.00867179 -0.00300128 0.00472549 -0.00300128 0.00655377)
(0.00366285 9.94829e-05 0.00627284 9.94829e-05 0.0067146 -0.00301093 0.00627284 -0.00301093 0.00695628)
(-0.000138979 0.000123656 0.0052985 0.000123656 0.00821306 -0.00180515 0.0052985 -0.00180515 0.00627739)
(0.00542393 -0.00295622 -0.000493506 -0.00295622 0.00555619 -0.000613616 -0.000493506 -0.000613616 0.0103999)
(0.00429423 -0.00112994 -0.00274941 -0.00112994 0.0040384 0.00177991 -0.00274941 0.00177991 0.00848205)
(0.00131298 -0.00153764 0.00501808 -0.00153764 0.00923073 -0.002213 0.00501808 -0.002213 0.00845562)
(0.00112516 -0.000501065 0.00439365 -0.000501065 0.00880797 -0.00148583 0.00439365 -0.00148583 0.00591535)
(0.000533312 0.000210234 0.00497289 0.000210234 0.00843072 -0.00168391 0.00497289 -0.00168391 0.00602642)
(0.00535261 0.00129587 0.00487968 0.00129587 0.00802079 -0.0014975 0.00487968 -0.0014975 0.00476036)
(0.00344546 0.000117149 0.00496536 0.000117149 0.00782554 -0.00245515 0.00496536 -0.00245515 0.00519317)
(0.00405279 -0.00388958 0.00337922 -0.00388958 0.00948503 -0.00285309 0.00337922 -0.00285309 0.00698918)
(0.00244481 -0.00348521 0.00423559 -0.00348521 0.00884631 -0.00315309 0.00423559 -0.00315309 0.00742377)
(0.011798 -0.00248441 0.00409284 -0.00248441 0.00976842 2.41725e-05 0.00409284 2.41725e-05 0.00714092)
(0.0105119 -0.00361881 0.00357921 -0.00361881 0.00961216 -0.00141678 0.00357921 -0.00141678 0.00547075)
(0.0163161 -0.00400807 0.00239638 -0.00400807 0.00989902 -0.00423195 0.00239638 -0.00423195 0.00520613)
(0.0029681 -0.000100819 0.00377529 -0.000100819 0.00675374 -0.00314424 0.00377529 -0.00314424 0.0048828)
(3.90129e-05 -0.00178856 0.00516232 -0.00178856 0.00927915 -0.00175895 0.00516232 -0.00175895 0.00583315)
(0.0029098 0.000126437 -3.46517e-05 0.000126437 0.00223258 -0.0011229 -3.46517e-05 -0.0011229 0.00330786)
(0.00326171 -0.000415704 0.00278563 -0.000415704 0.006278 -0.00186468 0.00278563 -0.00186468 0.00446908)
(0.0192497 -0.00322151 0.00193 -0.00322151 0.00942765 0.00191599 0.00193 0.00191599 0.00804215)
(0.00649712 0.0010696 0.0026972 0.0010696 0.00753814 -0.00100629 0.0026972 -0.00100629 0.00231752)
(0.00389643 -0.00237205 0.0046154 -0.00237205 0.00956383 -0.000503033 0.0046154 -0.000503033 0.00761776)
(0.0132075 -0.00326264 0.00437803 -0.00326264 0.0100758 -0.000455727 0.00437803 -0.000455727 0.00712313)
(0.0107516 -0.00493665 -0.00409281 -0.00493665 0.0121913 5.05969e-05 -0.00409281 5.05969e-05 0.0115773)
(0.00910922 0.000591256 0.00357006 0.000591256 0.00747526 -0.00102199 0.00357006 -0.00102199 0.0072677)
(0.00800456 -0.00115885 0.00536248 -0.00115885 0.00827343 -0.000663804 0.00536248 -0.000663804 0.00784573)
(0.00909843 -0.00381369 0.0046226 -0.00381369 0.0102934 -0.000312291 0.0046226 -0.000312291 0.00994814)
(0.00938454 -0.0036187 0.00380873 -0.0036187 0.0103372 -0.000610892 0.00380873 -0.000610892 0.00824397)
(0.0170687 -0.00171976 0.00301031 -0.00171976 0.00873276 0.00187522 0.00301031 0.00187522 0.0061614)
(0.0110751 0.00308811 0.00468315 0.00308811 0.00665512 0.000205231 0.00468315 0.000205231 0.00586389)
(0.00923835 -0.00405111 0.00441755 -0.00405111 0.0100575 -0.00229093 0.00441755 -0.00229093 0.00674002)
(0.00917519 -0.00408868 0.00322703 -0.00408868 0.00961677 -0.00245916 0.00322703 -0.00245916 0.00579561)
(0.00611596 -0.00432813 0.00552589 -0.00432813 0.0106188 -0.00251177 0.00552589 -0.00251177 0.00820851)
(0.000661404 -0.00316534 0.00542574 -0.00316534 0.00941182 -0.00194428 0.00542574 -0.00194428 0.0067255)
(0.00891912 0.00235151 0.00410051 0.00235151 0.00685275 -0.000210739 0.00410051 -0.000210739 0.00645431)
(0.0102787 -0.00250303 0.00539557 -0.00250303 0.00930647 -0.00164291 0.00539557 -0.00164291 0.0082927)
(0.0217463 -0.00778859 0.0053773 -0.00778859 0.011042 -0.0027715 0.0053773 -0.0027715 0.0107425)
(0.0124747 -0.00092133 0.00317109 -0.00092133 0.00837714 0.00137927 0.00317109 0.00137927 0.00526265)
(0.0159363 0.000892327 0.00431093 0.000892327 0.0077151 0.00121375 0.00431093 0.00121375 0.00575205)
(0.0039844 -0.00335329 0.00161766 -0.00335329 0.00941048 -0.00142793 0.00161766 -0.00142793 0.00454968)
(0.0133472 -0.00258209 0.00453218 -0.00258209 0.00940831 -0.00368709 0.00453218 -0.00368709 0.0057428)
(0.00496504 -0.00142197 0.00400797 -0.00142197 0.00963813 -0.00166952 0.00400797 -0.00166952 0.00422072)
(0.00459925 -0.00220808 0.00412311 -0.00220808 0.0102056 -0.00116381 0.00412311 -0.00116381 0.00726795)
(0.00158025 -0.00159736 0.0042991 -0.00159736 0.00805224 -0.00331066 0.0042991 -0.00331066 0.00592506)
(0.00106735 0.000439708 0.00328401 0.000439708 0.00682485 -0.000308746 0.00328401 -0.000308746 0.00307671)
(0.00959935 0.00147038 0.0044489 0.00147038 0.00755172 -0.000283243 0.0044489 -0.000283243 0.00573027)
(0.00829055 -0.00361126 0.00474804 -0.00361126 0.010566 -0.00121238 0.00474804 -0.00121238 0.00831154)
(0.006949 -0.00226381 0.00434949 -0.00226381 0.0104351 -0.00164271 0.00434949 -0.00164271 0.00650862)
(0.0114662 -0.0028804 0.00364635 -0.0028804 0.0103924 -0.00140548 0.00364635 -0.00140548 0.00477704)
(0.0199289 0.000475377 0.00570883 0.000475377 0.00863633 -0.00121588 0.00570883 -0.00121588 0.00345178)
(0.00552108 -0.0022148 0.00392884 -0.0022148 0.00917045 -0.00350026 0.00392884 -0.00350026 0.00646185)
(-0.000112417 -0.00363632 0.0051796 -0.00363632 0.00929419 -0.00252785 0.0051796 -0.00252785 0.00733508)
(0.0162497 -0.00158484 0.0021477 -0.00158484 0.00886982 -0.000758077 0.0021477 -0.000758077 0.00853536)
(0.0190297 -0.00205217 0.00419494 -0.00205217 0.00815592 -0.00196636 0.00419494 -0.00196636 0.00810366)
(0.0155772 -0.000360718 0.00312852 -0.000360718 0.00416418 -0.00172966 0.00312852 -0.00172966 0.00741018)
(0.00873616 -0.00176823 -0.000252144 -0.00176823 0.00339596 -0.00283123 -0.000252144 -0.00283123 0.00625984)
(0.00401296 -0.000985078 0.00631635 -0.000985078 0.00858483 -0.00245616 0.00631635 -0.00245616 0.00747168)
(0.0159878 0.00302789 -0.000347011 0.00302789 0.00588123 0.000716712 -0.000347011 0.000716712 0.00894287)
(0.00452419 0.000603762 0.00412066 0.000603762 0.00852403 -0.00108525 0.00412066 -0.00108525 0.00579189)
(0.0161492 0.00059518 0.00187853 0.00059518 0.00755353 0.000910856 0.00187853 0.000910856 0.00861856)
(0.0125955 -0.000344963 0.0031739 -0.000344963 0.00866421 -0.000228697 0.0031739 -0.000228697 0.0052761)
(0.00931688 -0.00272965 0.00296482 -0.00272965 0.00941688 -0.00171989 0.00296482 -0.00171989 0.00799686)
(0.0216333 -0.0028531 -0.00126014 -0.0028531 0.00894417 -0.000686547 -0.00126014 -0.000686547 0.00954172)
(0.0116475 -0.00377136 -0.00162304 -0.00377136 0.0120357 -0.00280766 -0.00162304 -0.00280766 0.00886054)
(0.0116927 -0.00150197 0.00206312 -0.00150197 0.0106872 -0.000974645 0.00206312 -0.000974645 0.00785113)
(0.0219681 -0.000916131 0.00231121 -0.000916131 0.00819352 -0.000508899 0.00231121 -0.000508899 0.0090758)
(0.0266635 -0.00263281 0.000868855 -0.00263281 0.00864978 -0.000175386 0.000868855 -0.000175386 0.0106796)
(0.0260393 -0.00501602 0.00161154 -0.00501602 0.00983805 -0.000768419 0.00161154 -0.000768419 0.0106255)
(0.0117836 -0.00105124 0.00469111 -0.00105124 0.00841699 -0.000607693 0.00469111 -0.000607693 0.00790291)
(0.0193681 -0.00101881 0.000343043 -0.00101881 0.00762024 -0.00170111 0.000343043 -0.00170111 0.00397881)
(0.011966 -0.0023846 0.00165271 -0.0023846 0.0087385 -0.00255714 0.00165271 -0.00255714 0.00946753)
(0.0116464 -0.00166455 0.0010581 -0.00166455 0.00755871 -0.00270878 0.0010581 -0.00270878 0.0115512)
(0.0164215 -0.0045694 -0.00140791 -0.0045694 0.00987971 -0.00286372 -0.00140791 -0.00286372 0.00757795)
(0.00104155 -0.00303359 0.00444916 -0.00303359 0.00929405 -0.00247434 0.00444916 -0.00247434 0.00792504)
(0.0142092 0.00122813 0.00282986 0.00122813 0.00802231 -0.00108013 0.00282986 -0.00108013 0.00768601)
(0.0241014 -0.00262947 0.00288737 -0.00262947 0.00916155 -0.0017718 0.00288737 -0.0017718 0.00905897)
(0.0318273 -0.00665536 0.000766784 -0.00665536 0.0103555 -0.00132144 0.000766784 -0.00132144 0.0108728)
(0.0086105 -0.00152384 0.00376334 -0.00152384 0.0088569 -0.000779687 0.00376334 -0.000779687 0.00777614)
(0.0172046 -0.000709842 0.00138779 -0.000709842 0.00833752 0.00130852 0.00138779 0.00130852 0.00617674)
(0.00988564 -0.00412601 -0.00100394 -0.00412601 0.0112441 -0.00159229 -0.00100394 -0.00159229 0.00850261)
(0.0152092 -0.00242119 0.00255246 -0.00242119 0.00680014 -0.0019014 0.00255246 -0.0019014 0.00778787)
(0.0140463 -0.000944438 0.00348175 -0.000944438 0.00811193 -0.000952586 0.00348175 -0.000952586 0.00973292)
(0.0180964 -0.0013584 0.00581953 -0.0013584 0.00895219 -0.00163836 0.00581953 -0.00163836 0.00869689)
(0.00395525 -0.00173917 0.00531217 -0.00173917 0.00882459 -0.00257418 0.00531217 -0.00257418 0.00661429)
(0.00438096 0.00161251 0.00530429 0.00161251 0.00760131 -0.00192431 0.00530429 -0.00192431 0.00570929)
(0.0126988 -0.00175779 0.00274019 -0.00175779 0.00928492 -0.00125787 0.00274019 -0.00125787 0.00799745)
(0.0133148 0.00122635 0.00151848 0.00122635 0.00731269 -0.000253805 0.00151848 -0.000253805 0.0067722)
(0.01333 -0.00288121 0.00421904 -0.00288121 0.00957034 -0.00192269 0.00421904 -0.00192269 0.00864775)
(0.0173761 -0.00131739 0.00471401 -0.00131739 0.00917722 -0.0016212 0.00471401 -0.0016212 0.00725974)
(0.0115226 0.0013288 -0.000257397 0.0013288 0.00632433 0.00300297 -0.000257397 0.00300297 0.00571505)
(0.0236021 0.0011957 0.00532705 0.0011957 0.00695288 -0.00253875 0.00532705 -0.00253875 0.00745046)
(0.00890149 -0.00106655 0.00266756 -0.00106655 0.00854828 -0.0037365 0.00266756 -0.0037365 0.00543743)
(0.0119167 -0.000477633 0.00450828 -0.000477633 0.0084104 -0.000537199 0.00450828 -0.000537199 0.00741465)
(0.00748526 -0.00141849 0.000575554 -0.00141849 0.00726572 -0.000164477 0.000575554 -0.000164477 0.0074747)
(0.026814 -0.00400903 0.00195729 -0.00400903 0.00931413 -0.00483457 0.00195729 -0.00483457 0.00583197)
(0.0147349 -0.00291717 0.000674032 -0.00291717 0.00920031 -0.00083694 0.000674032 -0.00083694 0.00636481)
(0.00716995 -0.00496743 0.00101294 -0.00496743 0.0095495 -0.00335356 0.00101294 -0.00335356 0.00396447)
(0.00700812 0.000438148 0.00372709 0.000438148 0.00785852 -0.00154954 0.00372709 -0.00154954 0.00394804)
(0.00871091 -0.000240823 0.00192167 -0.000240823 0.0091298 0.000140444 0.00192167 0.000140444 0.00431849)
(0.0124788 0.000253478 0.00425725 0.000253478 0.00797124 0.000176147 0.00425725 0.000176147 0.00789618)
(0.0183812 -0.00189442 0.00253424 -0.00189442 0.00893143 0.00133819 0.00253424 0.00133819 0.00591806)
(0.00911811 -0.00261147 -0.000466051 -0.00261147 0.0105269 -0.00172149 -0.000466051 -0.00172149 0.00857113)
(0.0147719 0.000968376 0.00223528 0.000968376 0.00656161 0.000949901 0.00223528 0.000949901 0.00732729)
(0.00764798 -6.63232e-05 0.00435621 -6.63232e-05 0.0082368 2.40225e-05 0.00435621 2.40225e-05 0.00629698)
(0.0183572 -3.86313e-05 0.00281582 -3.86313e-05 0.0108694 1.22469e-06 0.00281582 1.22469e-06 0.00659934)
(0.00716581 -0.000497672 0.00157757 -0.000497672 0.00687927 0.00169977 0.00157757 0.00169977 0.00564377)
(0.0168251 0.00052702 0.00208766 0.00052702 0.00669715 0.000700261 0.00208766 0.000700261 0.00819837)
(0.0244508 -0.00461224 0.000942361 -0.00461224 0.00906521 0.000871194 0.000942361 0.000871194 0.0103079)
(0.0198378 -0.00225915 -0.000355346 -0.00225915 0.00941967 0.00142345 -0.000355346 0.00142345 0.00608884)
(0.0102872 -4.21833e-05 0.00297108 -4.21833e-05 0.00750964 0.000844224 0.00297108 0.000844224 0.00232463)
(0.00382138 -0.00121829 0.0011545 -0.00121829 0.00694881 -0.00114224 0.0011545 -0.00114224 0.00298887)
(0.00652213 -0.00327796 4.75664e-05 -0.00327796 0.00849028 -0.00257554 4.75664e-05 -0.00257554 0.00473551)
(0.00994395 -0.00122299 7.58469e-05 -0.00122299 0.0076473 -0.00279435 7.58469e-05 -0.00279435 0.00559842)
(0.00834906 -0.00394125 0.00396432 -0.00394125 0.0100099 -0.00223558 0.00396432 -0.00223558 0.00706786)
(0.00824021 -0.00380594 0.00105255 -0.00380594 0.00991056 -0.000263965 0.00105255 -0.000263965 0.00772173)
(0.00225104 -0.000500424 1.21854e-05 -0.000500424 0.00533899 0.0020684 1.21854e-05 0.0020684 0.00486645)
(0.0295066 -0.00537696 0.00274544 -0.00537696 0.0105637 -0.00183318 0.00274544 -0.00183318 0.0113692)
(0.0134853 -0.00250125 0.00273594 -0.00250125 0.00937089 0.000911927 0.00273594 0.000911927 0.00767902)
(0.0225894 -0.00195191 -0.000278898 -0.00195191 0.00930801 0.00147474 -0.000278898 0.00147474 0.0042026)
(0.00819757 -0.00505077 -0.00101487 -0.00505077 0.0112585 -0.000515083 -0.00101487 -0.000515083 0.00753309)
(0.00864151 -0.00194727 0.00162973 -0.00194727 0.0070635 0.000102861 0.00162973 0.000102861 0.00897164)
(0.0176023 -0.0036973 0.000935327 -0.0036973 0.00934628 0.000818927 0.000935327 0.000818927 0.00587032)
(0.0109794 0.00266983 0.00173471 0.00266983 0.00674086 -0.000662817 0.00173471 -0.000662817 0.00530508)
(0.0184757 -0.00707322 0.00349733 -0.00707322 0.0106866 -0.00403218 0.00349733 -0.00403218 0.00685347)
(0.00521381 0.00119992 0.00333309 0.00119992 0.00743711 -0.00134727 0.00333309 -0.00134727 0.00305411)
(0.0168893 0.000329273 0.00311103 0.000329273 0.00918457 -0.000816825 0.00311103 -0.000816825 0.00234348)
(0.0098526 -0.00407318 0.000693832 -0.00407318 0.00938327 0.000616174 0.000693832 0.000616174 0.00754644)
(0.0130687 -0.00284537 0.00466558 -0.00284537 0.00958817 -0.000992376 0.00466558 -0.000992376 0.00866895)
(0.00735753 0.000916936 0.00060487 0.000916936 0.00413624 -7.71685e-05 0.00060487 -7.71685e-05 0.005744)
(0.00969158 -0.00483205 -5.82132e-05 -0.00483205 0.011161 0.000853769 -5.82132e-05 0.000853769 0.00606908)
(0.0123866 -8.83471e-05 0.00113797 -8.83471e-05 0.00776591 0.00237063 0.00113797 0.00237063 0.00542921)
(0.0151758 -0.00381789 0.00148499 -0.00381789 0.00881699 6.90687e-05 0.00148499 6.90687e-05 0.00812841)
(0.0121963 0.000206594 0.00299981 0.000206594 0.0080015 -0.000773387 0.00299981 -0.000773387 0.00778923)
(0.0116963 -0.00270656 0.0021262 -0.00270656 0.00796591 -0.00126462 0.0021262 -0.00126462 0.00688379)
(0.0211415 -0.00104386 0.00593835 -0.00104386 0.00877028 -0.00294423 0.00593835 -0.00294423 0.00644076)
(0.00583781 -0.0035534 0.00271729 -0.0035534 0.00974582 -0.00241795 0.00271729 -0.00241795 0.00739966)
(0.0133795 -0.00454081 0.00125571 -0.00454081 0.0110067 0.000668731 0.00125571 0.000668731 0.00763728)
(0.017397 0.00261489 0.00493835 0.00261489 0.00640566 0.000297448 0.00493835 0.000297448 0.00642592)
(0.00892664 -0.000670596 0.00341445 -0.000670596 0.00948639 -0.00103783 0.00341445 -0.00103783 0.00537548)
(0.0153178 -0.00259622 0.00321306 -0.00259622 0.00941035 -0.00086141 0.00321306 -0.00086141 0.00915957)
(0.0215919 -0.00350527 -0.00148237 -0.00350527 0.00904273 0.00158836 -0.00148237 0.00158836 0.00965509)
(0.0172474 -0.0010754 0.00117276 -0.0010754 0.0114522 -0.000783735 0.00117276 -0.000783735 0.0097347)
(0.0155449 4.65214e-05 0.0013458 4.65214e-05 0.00832881 -0.00138478 0.0013458 -0.00138478 0.00828503)
(0.00861747 -0.000997335 0.00368813 -0.000997335 0.00853539 -0.001074 0.00368813 -0.001074 0.00750038)
(0.0152477 0.00151968 0.00269746 0.00151968 0.00813582 -3.50876e-05 0.00269746 -3.50876e-05 0.0035952)
(0.0071734 -0.00232665 0.00105743 -0.00232665 0.0106351 0.000392711 0.00105743 0.000392711 0.00476359)
(0.0100988 0.000810002 -0.0026358 0.000810002 0.00226932 0.000216777 -0.0026358 0.000216777 0.0087292)
(0.0214338 -0.00360038 -0.00587641 -0.00360038 0.00548393 0.00362385 -0.00587641 0.00362385 0.00912209)
(0.0130821 -0.000602975 -0.000280626 -0.000602975 0.0052746 0.00171557 -0.000280626 0.00171557 0.0102629)
(0.00762201 -0.000282587 0.00111876 -0.000282587 0.00787682 -0.000746509 0.00111876 -0.000746509 0.00486499)
(0.0027975 -0.000434715 -0.000345969 -0.000434715 0.00275189 5.95478e-05 -0.000345969 5.95478e-05 0.00420802)
(0.0128524 -0.0022801 0.000462668 -0.0022801 0.0093385 -0.00278568 0.000462668 -0.00278568 0.00958278)
(0.013269 -0.00203907 -0.000603339 -0.00203907 0.00888765 -0.00386574 -0.000603339 -0.00386574 0.00799144)
(0.0150726 -0.00518945 -0.000376671 -0.00518945 0.00969411 -0.00271726 -0.000376671 -0.00271726 0.00666367)
(0.0122439 -0.000281003 0.00219704 -0.000281003 0.00989426 -0.00134886 0.00219704 -0.00134886 0.00492289)
(0.0129665 -0.00137999 4.77452e-05 -0.00137999 0.0111075 -0.00112462 4.77452e-05 -0.00112462 0.00709212)
(0.0258547 -0.00357206 0.00232335 -0.00357206 0.00944637 -0.00221874 0.00232335 -0.00221874 0.0088208)
(0.0222224 -0.00301705 0.000754546 -0.00301705 0.00899075 0.000720622 0.000754546 0.000720622 0.0103166)
(0.0214898 -0.00220347 -0.00213675 -0.00220347 0.00784358 0.00316876 -0.00213675 0.00316876 0.00769456)
(0.00714932 -0.000161032 -0.000797811 -0.000161032 0.00682162 -0.00223294 -0.000797811 -0.00223294 0.00363481)
(0.00821712 -0.00185213 0.00389165 -0.00185213 0.0052546 -0.00280573 0.00389165 -0.00280573 0.0059549)
(0.0124579 -0.00315161 -0.00241001 -0.00315161 0.00880156 -0.00329931 -0.00241001 -0.00329931 0.00564214)
(0.00774319 -0.00320269 5.49145e-05 -0.00320269 0.00979603 -3.19062e-05 5.49145e-05 -3.19062e-05 0.00962516)
(0.0195215 -0.00225462 0.00109426 -0.00225462 0.00754581 0.000469146 0.00109426 0.000469146 0.00597475)
(0.0118583 0.00115182 0.0053144 0.00115182 0.00823113 -0.00118021 0.0053144 -0.00118021 0.00508835)
(0.0160493 0.000297336 0.00317501 0.000297336 0.0079408 0.000318769 0.00317501 0.000318769 0.00659068)
(0.0105439 -0.00227174 0.000222776 -0.00227174 0.0110833 -0.00355891 0.000222776 -0.00355891 0.00842184)
(0.016766 -0.00390336 0.00185794 -0.00390336 0.00903545 -0.00133762 0.00185794 -0.00133762 0.00818287)
(0.0129729 -0.00377052 -0.00221672 -0.00377052 0.0109118 -0.00221119 -0.00221672 -0.00221119 0.0093626)
(0.0121921 -0.000811003 0.000653591 -0.000811003 0.00849488 -0.0017921 0.000653591 -0.0017921 0.00713381)
(0.0117827 -0.00333003 0.0007411 -0.00333003 0.00977239 0.00126065 0.0007411 0.00126065 0.00728389)
(0.0130264 -0.00262108 -0.0016414 -0.00262108 0.00643304 -0.00379596 -0.0016414 -0.00379596 0.00551414)
(0.0107247 0.00202583 0.00318641 0.00202583 0.00583187 0.00231062 0.00318641 0.00231062 0.00627947)
(0.00292422 -0.000709041 0.000456439 -0.000709041 0.00541327 -0.00235555 0.000456439 -0.00235555 0.00393395)
(0.0145899 -0.00589846 0.00190251 -0.00589846 0.0100101 -0.00324921 0.00190251 -0.00324921 0.00604597)
(0.0213402 -0.00229343 0.004398 -0.00229343 0.00918061 -0.00233529 0.004398 -0.00233529 0.00686409)
(0.0131237 -0.00477984 0.000811959 -0.00477984 0.0111585 0.000369152 0.000811959 0.000369152 0.00764525)
(0.0105071 -0.00197117 0.000639424 -0.00197117 0.011765 -0.00289769 0.000639424 -0.00289769 0.00623528)
(0.0129818 -0.000128117 0.00448352 -0.000128117 0.00839895 -0.000603115 0.00448352 -0.000603115 0.00651456)
(0.0143078 -0.00358003 0.00241661 -0.00358003 0.00853386 -8.96128e-05 0.00241661 -8.96128e-05 0.0080478)
(0.0171744 0.00052896 0.000763368 0.00052896 0.0067077 0.00243658 0.000763368 0.00243658 0.00783241)
(0.0103529 -0.000637495 -0.000766261 -0.000637495 0.00470587 4.79445e-06 -0.000766261 4.79445e-06 0.0103896)
(0.0123497 0.00308047 0.00364279 0.00308047 0.00580969 0.0023918 0.00364279 0.0023918 0.00620196)
(0.0166219 -0.00199702 0.000686424 -0.00199702 0.00863619 0.00110782 0.000686424 0.00110782 0.00561996)
(0.0081234 0.00251884 0.00155027 0.00251884 0.00688376 -0.000725412 0.00155027 -0.000725412 0.00455599)
(0.00505538 -0.00238455 0.00244891 -0.00238455 0.010137 0.000207619 0.00244891 0.000207619 0.00500383)
(0.0113792 -0.000560156 -0.000454626 -0.000560156 0.0103956 -0.000849917 -0.000454626 -0.000849917 0.00584357)
(0.022425 -0.000636136 -0.00243459 -0.000636136 0.00573315 0.00422468 -0.00243459 0.00422468 0.0102948)
(0.0171826 0.000600923 0.00149078 0.000600923 0.00661681 0.00272591 0.00149078 0.00272591 0.00868556)
(0.00585514 -0.00384415 0.000306809 -0.00384415 0.0102685 -0.000576951 0.000306809 -0.000576951 0.00388602)
(0.0025516 -0.000656373 -0.00079705 -0.000656373 0.00140606 0.000100131 -0.00079705 0.000100131 0.0047772)
(0.00945284 -0.00244651 -0.000170991 -0.00244651 0.0085019 -0.00231483 -0.000170991 -0.00231483 0.0081176)
(0.00635856 0.000257285 -0.00235382 0.000257285 0.00447874 -0.000145618 -0.00235382 -0.000145618 0.00847974)
(0.0104267 -0.00531814 0.000425186 -0.00531814 0.00968799 -0.00289641 0.000425186 -0.00289641 0.00582099)
(0.0209972 -0.00253605 -7.00299e-05 -0.00253605 0.00864747 0.00150527 -7.00299e-05 0.00150527 0.00610651)
(0.0174767 0.000380099 0.0011588 0.000380099 0.0108408 -0.0011515 0.0011588 -0.0011515 0.00732514)
(0.00477695 -0.000359431 -0.000132153 -0.000359431 0.00598947 0.00177667 -0.000132153 0.00177667 0.00420771)
(0.0214211 -0.00435861 -0.00197956 -0.00435861 0.00798174 0.00287198 -0.00197956 0.00287198 0.00801398)
(0.0118721 -0.000307722 -0.000459319 -0.000307722 0.0066268 0.00307391 -0.000459319 0.00307391 0.00675203)
(0.00629763 0.000556014 0.000874022 0.000556014 0.00704759 -0.00186226 0.000874022 -0.00186226 0.00406518)
(0.00607048 -0.00352726 0.00281796 -0.00352726 0.0075558 -0.00385858 0.00281796 -0.00385858 0.00863049)
(0.00777776 -0.00425358 -0.000336209 -0.00425358 0.0087155 -0.00292185 -0.000336209 -0.00292185 0.00413645)
(0.0116685 -0.00415173 0.00129975 -0.00415173 0.0108945 0.000396926 0.00129975 0.000396926 0.00683538)
(0.0102695 -0.000405038 -0.00145497 -0.000405038 0.00792311 -0.00133872 -0.00145497 -0.00133872 0.00442325)
(0.0211495 -0.00339816 0.000746954 -0.00339816 0.00938886 0.000624755 0.000746954 0.000624755 0.00623577)
(0.0105378 0.00101966 0.000793463 0.00101966 0.00853612 -0.000946759 0.000793463 -0.000946759 0.00644578)
(0.0135573 -0.00169021 0.00484162 -0.00169021 0.00895628 -0.00367433 0.00484162 -0.00367433 0.0120433)
(0.0125457 -0.00188849 0.00262613 -0.00188849 0.00799948 -0.000191856 0.00262613 -0.000191856 0.0075935)
(0.0163893 0.000309713 -0.00058996 0.000309713 0.00758636 -0.000722493 -0.00058996 -0.000722493 0.00537863)
(0.0121143 -0.00344598 0.0037942 -0.00344598 0.00949499 -0.00177886 0.0037942 -0.00177886 0.00679301)
(0.00808699 -0.00180149 -0.000863302 -0.00180149 0.0087658 0.00146167 -0.000863302 0.00146167 0.00732723)
(0.0110278 -0.00355351 -0.00120189 -0.00355351 0.00826348 -0.00309392 -0.00120189 -0.00309392 0.00495495)
(0.0064642 -0.000995798 -0.000233855 -0.000995798 0.0101677 -0.000568488 -0.000233855 -0.000568488 0.00511843)
(0.00504841 -0.00141781 0.00128807 -0.00141781 0.00261366 -0.000676237 0.00128807 -0.000676237 0.00960157)
(0.0093748 0.000959627 0.00196902 0.000959627 0.00641189 0.000907547 0.00196902 0.000907547 0.00438095)
(0.0123342 -7.21775e-06 0.00262327 -7.21775e-06 0.00204777 5.42887e-05 0.00262327 5.42887e-05 0.00566092)
(0.0119392 -0.000628933 -3.87803e-05 -0.000628933 0.00806954 0.000478042 -3.87803e-05 0.000478042 0.00352197)
(0.00908744 0.0015328 0.00276121 0.0015328 0.00514601 0.00158217 0.00276121 0.00158217 0.00253397)
(0.0126263 -0.00501866 -0.00233798 -0.00501866 0.0124054 -8.59341e-05 -0.00233798 -8.59341e-05 0.00805029)
(0.00815323 -0.00161574 0.00121568 -0.00161574 0.00812698 0.00080234 0.00121568 0.00080234 0.00427632)
(0.00958086 -0.000274801 6.94711e-05 -0.000274801 0.00667382 0.000684443 6.94711e-05 0.000684443 0.00235976)
(0.0176672 -0.0017097 0.00222711 -0.0017097 0.00810743 -0.000208834 0.00222711 -0.000208834 0.00954983)
(0.0182276 -0.00224322 0.00161655 -0.00224322 0.009118 0.000757428 0.00161655 0.000757428 0.00546119)
(0.0185873 0.00134197 0.00334219 0.00134197 0.00782334 0.000574246 0.00334219 0.000574246 0.00486166)
(0.00918322 -0.0031961 0.00242193 -0.0031961 0.00911678 -0.0022249 0.00242193 -0.0022249 0.00736929)
(0.00523046 -0.00170737 -0.000223112 -0.00170737 0.0102768 -0.0019817 -0.000223112 -0.0019817 0.00461088)
(0.00765128 -0.000887394 -0.000879221 -0.000887394 0.0103875 -0.000280624 -0.000879221 -0.000280624 0.00419379)
(0.0213601 -0.0033227 -0.00402564 -0.0033227 0.00666261 0.00415229 -0.00402564 0.00415229 0.00944576)
(0.0203387 -0.00319819 -7.77189e-06 -0.00319819 0.00829288 0.00152348 -7.77189e-06 0.00152348 0.00966944)
(0.00434647 -0.00170331 0.000403272 -0.00170331 0.00410302 -4.22401e-05 0.000403272 -4.22401e-05 0.00241805)
(0.00293616 -0.000479326 -0.000621325 -0.000479326 0.00336309 -0.0019779 -0.000621325 -0.0019779 0.00439775)
(0.00439393 -0.00366173 -0.000806718 -0.00366173 0.00608289 -0.00299294 -0.000806718 -0.00299294 0.00692043)
(0.00451743 -0.00100149 -0.00233466 -0.00100149 0.00440781 -0.000626053 -0.00233466 -0.000626053 0.0114656)
(0.00988014 -0.000126231 -0.00173763 -0.000126231 0.00756848 -0.00348844 -0.00173763 -0.00348844 0.00598679)
(0.0186892 -0.00330929 -0.00489881 -0.00330929 0.00705355 0.00366207 -0.00489881 0.00366207 0.00960878)
(0.00907877 -0.00229273 0.00274533 -0.00229273 0.0108866 0.000153971 0.00274533 0.000153971 0.00469462)
(0.00485078 -0.00132415 0.00036113 -0.00132415 0.00959846 -7.01556e-05 0.00036113 -7.01556e-05 0.00305173)
(0.0078027 -0.00148445 -0.00019779 -0.00148445 0.00655472 -0.000594473 -0.00019779 -0.000594473 0.00761042)
(0.00686625 0.000398583 0.00101476 0.000398583 0.00274404 2.4667e-05 0.00101476 2.4667e-05 0.00631267)
(0.00899352 0.000545181 -5.43408e-05 0.000545181 0.00759652 -0.00188073 -5.43408e-05 -0.00188073 0.00401534)
(0.00771344 -0.00171503 0.00189828 -0.00171503 0.00553216 -0.00296434 0.00189828 -0.00296434 0.00446251)
(0.00596136 -0.00134002 -7.50655e-05 -0.00134002 0.00336422 -0.00161543 -7.50655e-05 -0.00161543 0.00614764)
(0.0160589 -0.000744723 0.00367598 -0.000744723 0.00921408 -0.00185092 0.00367598 -0.00185092 0.00500349)
(0.00845386 -0.00193056 0.000765657 -0.00193056 0.00742996 0.000533647 0.000765657 0.000533647 0.0049686)
(0.0113451 -0.000125493 -0.000355927 -0.000125493 0.00448047 0.00103979 -0.000355927 0.00103979 0.00942448)
(0.0136863 0.00150865 0.000276802 0.00150865 0.00762994 -0.000372242 0.000276802 -0.000372242 0.0070797)
(0.0153533 -0.00126125 0.00515704 -0.00126125 0.00840492 -0.00302229 0.00515704 -0.00302229 0.0116633)
(0.00986945 0.00189267 0.00240765 0.00189267 0.00643401 -0.00012485 0.00240765 -0.00012485 0.00529875)
(0.0174726 -0.00425576 0.000987124 -0.00425576 0.00935338 -0.00180206 0.000987124 -0.00180206 0.00822683)
(0.00505961 0.000356633 0.000404306 0.000356633 0.00509496 -0.00221465 0.000404306 -0.00221465 0.00317566)
(0.0106411 -0.00087016 -0.000151343 -0.00087016 0.00859745 -0.00247386 -0.000151343 -0.00247386 0.00859714)
(0.0118759 -0.00437357 -0.00111699 -0.00437357 0.0093022 -0.00264005 -0.00111699 -0.00264005 0.00634283)
(0.0130344 -0.000933767 0.00159264 -0.000933767 0.0106092 -0.00132364 0.00159264 -0.00132364 0.00785773)
(0.0018122 -0.00153403 5.71711e-05 -0.00153403 0.00342 -0.00253141 5.71711e-05 -0.00253141 0.00611661)
(0.00848926 -0.00329261 -0.000299002 -0.00329261 0.00730322 -0.0033141 -0.000299002 -0.0033141 0.00430567)
(0.00852217 -0.00176381 0.00236126 -0.00176381 0.00335274 -0.000682792 0.00236126 -0.000682792 0.00978246)
(0.014059 -0.00277421 0.00153411 -0.00277421 0.00930576 -0.00184927 0.00153411 -0.00184927 0.00752013)
(0.0128447 -0.00218301 0.00334828 -0.00218301 0.009323 -0.00101855 0.00334828 -0.00101855 0.00648774)
(0.0097296 -0.00542435 -0.000601305 -0.00542435 0.0119195 -8.18437e-05 -0.000601305 -8.18437e-05 0.00696673)
(0.00888407 -0.00307769 0.000405317 -0.00307769 0.00987122 0.000652298 0.000405317 0.000652298 0.00655605)
(0.0079198 -0.000818946 -0.000275337 -0.000818946 0.00459808 0.000661897 -0.000275337 0.000661897 0.00229619)
(0.0220256 -0.00242421 0.000344189 -0.00242421 0.00922442 0.00150314 0.000344189 0.00150314 0.00498242)
(0.0197169 -0.000521298 0.003282 -0.000521298 0.00913946 -0.000638362 0.003282 -0.000638362 0.00360943)
(0.0163072 0.00259407 0.00403408 0.00259407 0.00756001 -0.000410382 0.00403408 -0.000410382 0.004754)
(0.00708529 -0.000202312 0.00401941 -0.000202312 0.00680581 -0.00109833 0.00401941 -0.00109833 0.00894205)
(0.011496 -0.00304181 -0.00251096 -0.00304181 0.0105739 -0.00200701 -0.00251096 -0.00200701 0.00877936)
(0.00598355 0.000140085 0.00177661 0.000140085 0.00727389 -0.000532336 0.00177661 -0.000532336 0.00495533)
(0.0154417 -0.00417089 0.00221805 -0.00417089 0.00879169 -0.000204418 0.00221805 -0.000204418 0.00850862)
(0.0160536 -0.00132439 -0.00101361 -0.00132439 0.00690549 0.00270422 -0.00101361 0.00270422 0.00733038)
(0.00818464 -0.000156801 0.00160144 -0.000156801 0.00744722 0.00025457 0.00160144 0.00025457 0.00384801)
(0.00419553 0.00063608 0.00014577 0.00063608 0.0057471 -0.00019455 0.00014577 -0.00019455 0.00162954)
(0.00412168 -0.000782576 -0.00021071 -0.000782576 0.0049546 -0.000255639 -0.00021071 -0.000255639 0.0116924)
(0.00868157 -0.00240179 -0.000868361 -0.00240179 0.00764838 -0.0021833 -0.000868361 -0.0021833 0.0087588)
(0.00398637 -0.0037708 -0.000582976 -0.0037708 0.00923245 -6.66287e-05 -0.000582976 -6.66287e-05 0.00671968)
(0.0120804 -0.000321176 -0.000470581 -0.000321176 0.00593961 0.00204086 -0.000470581 0.00204086 0.00833866)
(0.0162907 5.12628e-05 0.00397468 5.12628e-05 0.00761883 -0.000929035 0.00397468 -0.000929035 0.00582828)
(0.0146324 -0.000838298 0.00129277 -0.000838298 0.0105954 -0.000698835 0.00129277 -0.000698835 0.00624124)
(0.0132374 -0.000329339 -0.00257222 -0.000329339 0.00516995 0.00384032 -0.00257222 0.00384032 0.0108705)
(0.00871813 5.89443e-05 0.00116805 5.89443e-05 0.00533796 -0.00162349 0.00116805 -0.00162349 0.00659232)
(0.00994018 0.00163345 0.00236162 0.00163345 0.00539017 0.00010561 0.00236162 0.00010561 0.00360193)
(0.00965607 -0.00116037 -5.89183e-05 -0.00116037 0.00855145 -0.00319495 -5.89183e-05 -0.00319495 0.00734894)
(0.00763731 -0.00181522 -0.000596476 -0.00181522 0.00554579 -0.00258949 -0.000596476 -0.00258949 0.00587397)
(0.0123004 -0.00329082 0.00348726 -0.00329082 0.00936305 -0.0019176 0.00348726 -0.0019176 0.00722477)
(0.0127519 0.00076856 -0.00249626 0.00076856 0.00394192 -0.000198289 -0.00249626 -0.000198289 0.00873043)
(0.01118 -0.00175413 -0.00104293 -0.00175413 0.00933155 -0.00198157 -0.00104293 -0.00198157 0.00735917)
(0.0167264 -0.000899227 0.000482386 -0.000899227 0.00714024 0.00271102 0.000482386 0.00271102 0.0081055)
(0.0192198 -0.00205254 -0.000412282 -0.00205254 0.00859828 0.00279654 -0.000412282 0.00279654 0.00640148)
(0.00423696 -0.00333657 -0.00163951 -0.00333657 0.0107279 -0.00184723 -0.00163951 -0.00184723 0.00587195)
(0.00592144 0.000384405 -0.000575659 0.000384405 0.0029065 -0.000884523 -0.000575659 -0.000884523 0.00309502)
(0.00913934 -0.00420991 -0.00125916 -0.00420991 0.0110419 -0.00169086 -0.00125916 -0.00169086 0.00850283)
(0.00967025 -0.000462759 -0.0016352 -0.000462759 0.00735726 -0.00329017 -0.0016352 -0.00329017 0.00541558)
(0.00880366 -0.00445166 0.000494832 -0.00445166 0.00929666 -0.0027579 0.000494832 -0.0027579 0.00557071)
(0.0147478 -0.000435234 0.00181681 -0.000435234 0.00614204 -0.00188358 0.00181681 -0.00188358 0.0107709)
(0.00278494 -0.00254274 0.000364251 -0.00254274 0.00750363 -0.00290661 0.000364251 -0.00290661 0.00422787)
(0.013945 -0.00205593 0.00256634 -0.00205593 0.00787506 -0.00162018 0.00256634 -0.00162018 0.0058386)
(0.00915217 -0.00174183 0.00120801 -0.00174183 0.00517324 -0.00174383 0.00120801 -0.00174383 0.0061863)
(0.0142297 -0.0034875 0.00209562 -0.0034875 0.00926839 -0.00238695 0.00209562 -0.00238695 0.00737191)
(0.017279 -0.00226662 0.000672631 -0.00226662 0.00906415 -0.00113061 0.000672631 -0.00113061 0.00841118)
(0.0086455 -0.000260316 -0.00118928 -0.000260316 0.0050962 -0.00236253 -0.00118928 -0.00236253 0.00608797)
(0.00667039 -0.000999269 -0.00159299 -0.000999269 0.00646952 -0.00366758 -0.00159299 -0.00366758 0.00599483)
(0.0159972 -0.000723888 0.00122848 -0.000723888 0.00798911 0.000651924 0.00122848 0.000651924 0.00678146)
(0.0192341 -0.00153449 0.00221444 -0.00153449 0.00940499 -0.000123424 0.00221444 -0.000123424 0.00398679)
(0.0123654 -0.00267682 0.00259074 -0.00267682 0.00899424 -0.00123379 0.00259074 -0.00123379 0.00466709)
(0.0177581 0.00354968 0.00481663 0.00354968 0.0066687 0.00032981 0.00481663 0.00032981 0.00505805)
(0.00299923 0.00128547 -3.4322e-05 0.00128547 0.00570979 0.000785944 -3.4322e-05 0.000785944 0.00240034)
(0.0111493 -0.0046141 -0.00494133 -0.0046141 0.0115053 -0.00169628 -0.00494133 -0.00169628 0.0103293)
(0.0118286 0.000337375 0.00331494 0.000337375 0.00691607 0.00070065 0.00331494 0.00070065 0.00736418)
