/*--------------------------------*- C++ -*----------------------------------*\
  =========                 |
  \\      /  F ield         | OpenFOAM: The Open Source CFD Toolbox
   \\    /   O peration     | Website:  https://openfoam.org
    \\  /    A nd           | Version:  10
     \\/     M anipulation  |
\*---------------------------------------------------------------------------*/
FoamFile
{
    format      ascii;
    class       volTensorField;
    location    "14";
    object      TauNN;
}
// * * * * * * * * * * * * * * * * * * * * * * * * * * * * * * * * * * * * * //

dimensions      [0 2 -2 0 0 0 0];

internalField   nonuniform List<tensor> 
25600
(
(0.00018155 -4.12473e-05 0.000118046 -4.12473e-05 0.000246846 4.26928e-05 0.000118046 4.26928e-05 0.000127843)
(0.000170472 5.94631e-05 3.35816e-05 5.94631e-05 0.000291134 -5.72689e-05 3.35816e-05 -5.72689e-05 5.72399e-05)
(0.000289073 0.000263484 2.72887e-05 0.000263484 0.000728212 -3.03406e-05 2.72887e-05 -3.03406e-05 9.90274e-05)
(0.000339093 0.0002989 0.00011782 0.0002989 0.000753 8.27471e-05 0.00011782 8.27471e-05 0.000153474)
(0.000272758 0.000133973 0.000146592 0.000133973 0.000284468 5.865e-05 0.000146592 5.865e-05 0.000110734)
(0.000212893 4.34536e-05 0.000110136 4.34536e-05 0.000131387 -1.65589e-05 0.000110136 -1.65589e-05 2.8756e-05)
(0.000237519 3.22815e-05 0.000108227 3.22815e-05 0.000208443 -5.03818e-05 0.000108227 -5.03818e-05 -1.13811e-06)
(0.000278067 4.54606e-05 0.000133568 4.54606e-05 0.000321217 -6.45556e-05 0.000133568 -6.45556e-05 1.75238e-05)
(0.000296731 3.14796e-05 0.000154501 3.14796e-05 0.000311009 -0.000109325 0.000154501 -0.000109325 5.66253e-05)
(0.000384467 -4.05833e-05 0.000206834 -4.05833e-05 0.000322797 -0.000174955 0.000206834 -0.000174955 0.000137114)
(0.000544044 -9.55267e-05 0.000306133 -9.55267e-05 0.000318124 -0.000198972 0.000306133 -0.000198972 0.000247936)
(0.000570241 -0.000125359 0.000318758 -0.000125359 0.000308725 -0.000159657 0.000318758 -0.000159657 0.000197423)
(0.000436345 -5.84153e-05 0.000235867 -5.84153e-05 0.000310333 -0.000119173 0.000235867 -0.000119173 6.89331e-05)
(0.000347274 0.000139724 0.00015639 0.000139724 0.000317489 -7.46716e-05 0.00015639 -7.46716e-05 2.65474e-05)
(0.000445005 0.000212559 0.000146709 0.000212559 0.000319665 -2.01855e-05 0.000146709 -2.01855e-05 9.45705e-05)
(0.000376518 9.59961e-05 0.00014841 9.59961e-05 0.000227558 -1.22469e-06 0.00014841 -1.22469e-06 0.000106164)
(0.0002343 1.50306e-05 0.000135764 1.50306e-05 0.000181506 1.53016e-06 0.000135764 1.53016e-06 9.27693e-05)
(0.000238607 3.14862e-05 0.000129318 3.14862e-05 0.000201399 -9.24896e-06 0.000129318 -9.24896e-06 0.000111401)
(0.000346568 4.9646e-05 0.000187373 4.9646e-05 0.000219524 -2.17408e-05 0.000187373 -2.17408e-05 0.000150777)
(0.000381812 2.1196e-05 0.000211356 2.1196e-05 0.000204859 -4.59328e-05 0.000211356 -4.59328e-05 0.00012852)
(0.000361807 4.25614e-06 0.000151204 4.25614e-06 0.000225949 -8.7928e-05 0.000151204 -8.7928e-05 0.00010508)
(0.000303629 2.11736e-05 9.47844e-05 2.11736e-05 0.000255203 -7.15023e-05 9.47844e-05 -7.15023e-05 5.35292e-05)
(0.000247216 1.99964e-05 0.000130136 1.99964e-05 0.000258705 -1.17775e-05 0.000130136 -1.17775e-05 4.78184e-05)
(0.000163297 3.94881e-07 0.000158108 3.94881e-07 0.000215542 3.93018e-05 0.000158108 3.93018e-05 8.54426e-05)
(0.00011132 -1.46423e-05 0.000115151 -1.46423e-05 0.000162169 4.35114e-05 0.000115151 4.35114e-05 0.00018007)
(0.000110209 1.93771e-05 2.99951e-05 1.93771e-05 0.000144783 -2.41306e-05 2.99951e-05 -2.41306e-05 0.000188125)
(0.000139122 8.22702e-05 -1.96984e-05 8.22702e-05 0.000160485 -6.83349e-05 -1.96984e-05 -6.83349e-05 0.000100059)
(0.000179223 9.81819e-05 4.01177e-05 9.81819e-05 0.000156022 -4.15398e-05 4.01177e-05 -4.15398e-05 4.08319e-05)
(0.000236682 9.10163e-05 0.000174863 9.10163e-05 0.000143601 1.45454e-05 0.000174863 1.45454e-05 0.000129675)
(0.000258613 6.33849e-05 0.000233475 6.33849e-05 8.0378e-05 1.11088e-05 0.000233475 1.11088e-05 0.000209133)
(0.00022544 4.55091e-05 0.000163896 4.55091e-05 6.92469e-05 -2.75942e-05 0.000163896 -2.75942e-05 0.000122197)
(0.00023404 4.5306e-05 0.000160174 4.5306e-05 0.000113569 -6.77165e-06 0.000160174 -6.77165e-06 7.55218e-05)
(0.000252685 2.65362e-05 0.000193303 2.65362e-05 0.000155503 2.80133e-05 0.000193303 2.80133e-05 0.000118054)
(0.000210743 -1.74567e-05 0.000156743 -1.74567e-05 0.000146354 1.93836e-05 0.000156743 1.93836e-05 0.000137772)
(0.000206845 9.63733e-06 0.00011403 9.63733e-06 0.000181078 2.05263e-06 0.00011403 2.05263e-06 0.000143222)
(0.000267637 5.66561e-05 0.000150134 5.66561e-05 0.000209746 2.01548e-05 0.000150134 2.01548e-05 0.00020141)
(0.000242725 3.51015e-05 0.000150113 3.51015e-05 0.00016372 1.64313e-05 0.000150113 1.64313e-05 0.000161633)
(0.000193717 -1.76812e-05 0.000133153 -1.76812e-05 0.000161818 -3.32389e-06 0.000133153 -3.32389e-06 6.7527e-05)
(0.000219153 -3.02391e-05 0.000169638 -3.02391e-05 0.000271477 5.73071e-05 0.000169638 5.73071e-05 0.000104501)
(0.000225295 -4.60632e-05 0.000174216 -4.60632e-05 0.00030648 0.00010108 0.000174216 0.00010108 0.000170544)
(0.000330943 0.000268796 -0.000176948 0.000268796 0.000381106 -0.00016833 -0.000176948 -0.00016833 0.000275986)
(0.000474329 0.000441537 -7.93189e-05 0.000441537 0.00061922 -0.000125151 -7.93189e-05 -0.000125151 0.000321647)
(0.000282068 0.000275043 6.04959e-05 0.000275043 0.000613708 -3.89852e-06 6.04959e-05 -3.89852e-06 0.00019313)
(0.000195481 -3.29372e-05 9.53684e-05 -3.29372e-05 0.000252759 8.00462e-05 9.53684e-05 8.00462e-05 4.65674e-05)
(0.000536737 0.000146555 -5.44712e-05 0.000146555 0.000254689 -7.31377e-05 -5.44712e-05 -7.31377e-05 0.000275942)
(0.000803857 0.0003132 -0.000202851 0.0003132 0.00054628 -0.00033704 -0.000202851 -0.00033704 0.000658897)
(0.00093323 0.000198402 -0.000112617 0.000198402 0.000789225 -0.000525672 -0.000112617 -0.000525672 0.000901458)
(0.00107602 0.000116835 7.9534e-05 0.000116835 0.000714398 -0.000556983 7.9534e-05 -0.000556983 0.00127729)
(0.0012935 0.000199032 0.000307197 0.000199032 0.000566704 -0.000442336 0.000307197 -0.000442336 0.00203189)
(0.00147457 0.000254516 0.000428447 0.000254516 0.000554066 -0.000374588 0.000428447 -0.000374588 0.00255934)
(0.0012979 0.000175647 0.000350544 0.000175647 0.000569778 -0.000475148 0.000350544 -0.000475148 0.00192698)
(0.00093847 -1.04988e-05 0.000182246 -1.04988e-05 0.000799647 -0.000594188 0.000182246 -0.000594188 0.000823088)
(0.0007064 -7.79461e-05 0.000181396 -7.79461e-05 0.00118411 -0.000445912 0.000181396 -0.000445912 0.000288598)
(0.000562783 2.82461e-05 0.000184471 2.82461e-05 0.00113789 -0.000194643 0.000184471 -0.000194643 0.000145598)
(0.000453084 5.69746e-05 0.000142555 5.69746e-05 0.000604192 -0.000121525 0.000142555 -0.000121525 0.000118674)
(0.00035654 7.33482e-05 9.10815e-05 7.33482e-05 0.000275864 -7.95191e-05 9.10815e-05 -7.95191e-05 0.000163406)
(0.000415939 0.000116912 7.96979e-05 0.000116912 0.000276536 -2.49092e-05 7.96979e-05 -2.49092e-05 0.000362488)
(0.000512824 0.000168891 7.00373e-05 0.000168891 0.000322856 -4.74155e-05 7.00373e-05 -4.74155e-05 0.000570642)
(0.000525168 0.000155255 0.000103073 0.000155255 0.000341646 -8.73897e-05 0.000103073 -8.73897e-05 0.000523597)
(0.000459124 5.51138e-05 0.000113532 5.51138e-05 0.000374679 -0.000146228 0.000113532 -0.000146228 0.000304703)
(0.000451141 -3.59695e-05 0.000111871 -3.59695e-05 0.000430398 -0.000165826 0.000111871 -0.000165826 0.000215451)
(0.00037615 -4.46942e-05 0.000107571 -4.46942e-05 0.000363884 -0.000103712 0.000107571 -0.000103712 0.000107475)
(0.000295052 9.67737e-06 0.000101472 9.67737e-06 0.000294319 -1.18967e-05 0.000101472 -1.18967e-05 5.34126e-05)
(0.000262063 0.000123848 8.08407e-05 0.000123848 0.000383161 2.65893e-05 8.08407e-05 2.65893e-05 4.54727e-05)
(0.000199933 0.000207645 6.86198e-06 0.000207645 0.000475026 -8.05184e-05 6.86198e-06 -8.05184e-05 8.31915e-05)
(0.000187969 0.000200975 -1.90502e-05 0.000200975 0.000418418 -0.000128069 -1.90502e-05 -0.000128069 9.83237e-05)
(0.0001782 9.67504e-05 4.7381e-05 9.67504e-05 0.000190025 -4.96153e-05 4.7381e-05 -4.96153e-05 2.80097e-05)
(0.000242576 5.03752e-05 0.000130391 5.03752e-05 0.000139288 -2.28714e-05 0.000130391 -2.28714e-05 5.41753e-05)
(0.000309068 7.45468e-05 0.000124159 7.45468e-05 0.00016474 -6.74529e-05 0.000124159 -6.74529e-05 0.000164536)
(0.000289749 6.29695e-05 0.000111159 6.29695e-05 0.000202202 -9.87267e-05 0.000111159 -9.87267e-05 0.000115711)
(0.000278222 3.68776e-05 0.000142289 3.68776e-05 0.000205991 -7.29067e-05 0.000142289 -7.29067e-05 8.77472e-05)
(0.000258689 1.22972e-05 0.00016004 1.22972e-05 0.000173571 -3.55607e-05 0.00016004 -3.55607e-05 8.83247e-05)
(0.000295445 2.92873e-05 0.000188358 2.92873e-05 0.000184523 9.60007e-06 0.000188358 9.60007e-06 0.000154591)
(0.000488492 0.000168322 0.000368183 0.000168322 0.000319393 0.000167411 0.000368183 0.000167411 0.000484073)
(0.000769106 0.000333549 0.000484772 0.000333549 0.000469997 0.000332245 0.000484772 0.000332245 0.0011478)
(0.000860897 0.000345051 0.000292957 0.000345051 0.000448377 0.000303215 0.000292957 0.000303215 0.00161355)
(0.000734803 0.000284552 -6.55428e-05 0.000284552 0.000355236 1.88313e-05 -6.55428e-05 1.88313e-05 0.00117407)
(0.000475463 0.000141762 -3.89107e-05 0.000141762 0.000339493 -0.000102074 -3.89107e-05 -0.000102074 0.000368408)
(0.00021187 -1.05239e-07 0.000149083 -1.05239e-07 0.000260534 -1.66679e-05 0.000149083 -1.66679e-05 0.000138807)
(0.000127592 4.89876e-07 1.89878e-05 4.89876e-07 0.000202365 -3.2777e-05 1.89878e-05 -3.2777e-05 0.000261028)
(0.000514277 0.00056868 -6.8102e-05 0.00056868 0.000826967 -0.000115847 -6.8102e-05 -0.000115847 0.000224471)
(0.000318102 0.000136644 -8.56193e-05 0.000136644 0.000150117 -8.62498e-05 -8.56193e-05 -8.62498e-05 9.40753e-05)
(0.000257305 -2.95434e-05 0.000142333 -2.95434e-05 0.000158678 3.42773e-05 0.000142333 3.42773e-05 1.59819e-05)
(0.000471032 0.000258227 4.78122e-05 0.000258227 0.000307704 -0.000141078 4.78122e-05 -0.000141078 0.000211243)
(0.000907081 0.000306393 -0.000333134 0.000306393 0.000325272 -4.60288e-05 -0.000333134 -4.60288e-05 0.00102754)
(0.00147293 0.000422614 -0.00024811 0.000422614 0.000866559 0.000564449 -0.00024811 0.000564449 0.00262972)
(0.00211022 0.000785819 0.000138381 0.000785819 0.00136393 0.00098938 0.000138381 0.00098938 0.0045452)
(0.00244137 0.00082339 0.000436328 0.00082339 0.00122659 0.000790297 0.000436328 0.000790297 0.00528588)
(0.00231465 0.00068043 0.000441439 0.00068043 0.000914719 0.000269573 0.000441439 0.000269573 0.00479475)
(0.00190443 0.000533771 0.000308692 0.000533771 0.000789167 -0.000208837 0.000308692 -0.000208837 0.00335428)
(0.00129086 0.000344278 0.000135764 0.000344278 0.00069152 -0.000405651 0.000135764 -0.000405651 0.00169244)
(0.000808955 0.000165341 0.000130458 0.000165341 0.000610738 -0.000372076 0.000130458 -0.000372076 0.00076852)
(0.000562289 4.1062e-06 0.000197193 4.1062e-06 0.000511299 -0.000285122 0.000197193 -0.000285122 0.000416051)
(0.000539131 -2.07042e-05 0.000216233 -2.07042e-05 0.000401841 -0.000242276 0.000216233 -0.000242276 0.00039458)
(0.000587046 4.69908e-05 0.000226697 4.69908e-05 0.000325318 -0.00018507 0.000226697 -0.00018507 0.000540747)
(0.000656423 0.000143074 0.000204965 0.000143074 0.000303578 -0.000150893 0.000204965 -0.000150893 0.000762794)
(0.000757526 0.000233021 8.8104e-05 0.000233021 0.000352869 -0.000164848 8.8104e-05 -0.000164848 0.00105285)
(0.000760128 0.000228412 8.71196e-05 0.000228412 0.000403067 -0.000175418 8.71196e-05 -0.000175418 0.000998768)
(0.000546464 0.000158502 0.000189723 0.000158502 0.000323093 -2.91951e-05 0.000189723 -2.91951e-05 0.000550623)
(0.000318971 0.000115437 0.000152729 0.000115437 0.000330434 3.58419e-05 0.000152729 3.58419e-05 0.000205064)
(0.000272203 0.000196583 5.11408e-05 0.000196583 0.000498764 -2.98722e-05 5.11408e-05 -2.98722e-05 0.000164893)
(0.000319784 0.000270295 3.81758e-05 0.000270295 0.000735378 -4.57224e-05 3.81758e-05 -4.57224e-05 0.000180638)
(0.00038688 0.000269325 6.07232e-05 0.000269325 0.000648921 3.83891e-06 6.07232e-05 3.83891e-06 0.00016445)
(0.000327668 0.00014679 4.67049e-05 0.00014679 0.000354049 -1.8172e-05 4.67049e-05 -1.8172e-05 6.75036e-05)
(0.000139773 1.73151e-05 1.61463e-05 1.73151e-05 9.67047e-05 -3.11248e-05 1.61463e-05 -3.11248e-05 -1.12702e-05)
(0.000127102 -3.63681e-05 0.000109736 -3.63681e-05 5.59678e-05 1.12429e-05 0.000109736 1.12429e-05 1.15084e-05)
(0.000245023 2.39136e-05 0.000166105 2.39136e-05 0.000140374 -1.42362e-05 0.000166105 -1.42362e-05 2.99028e-05)
(0.000416948 0.00013145 0.000153801 0.00013145 0.00019997 -0.00011105 0.000153801 -0.00011105 0.000358543)
(0.000470668 0.000148609 0.00017206 0.000148609 0.000198218 -0.000108206 0.00017206 -0.000108206 0.000495725)
(0.000266027 3.23066e-05 0.000124784 3.23066e-05 0.000187911 -6.31586e-05 0.000124784 -6.31586e-05 7.85027e-05)
(0.000126746 -4.34564e-05 0.000118429 -4.34564e-05 0.000155151 -1.24509e-05 0.000118429 -1.24509e-05 7.1534e-05)
(0.00011542 -1.48332e-05 9.67123e-05 -1.48332e-05 0.000150923 -3.8337e-05 9.67123e-05 -3.8337e-05 0.000119666)
(0.000247766 6.27171e-05 0.000140386 6.27171e-05 0.000273546 5.57136e-05 0.000140386 5.57136e-05 0.000137108)
(0.000746977 0.000284959 0.000462925 0.000284959 0.000400218 0.000303402 0.000462925 0.000303402 0.00132545)
(0.00115034 0.000400421 0.000326388 0.000400421 0.000343353 7.97687e-05 0.000326388 7.97687e-05 0.00240309)
(0.00138391 0.000407321 -6.94236e-05 0.000407321 0.000531272 -0.000396563 -6.94236e-05 -0.000396563 0.00231765)
(0.00124766 0.000367099 -0.000232117 0.000367099 0.00064572 -0.000512329 -0.000232117 -0.000512329 0.00164091)
(0.00070023 0.000257853 1.47568e-05 0.000257853 0.0003606 -0.000101674 1.47568e-05 -0.000101674 0.000822826)
(0.000476081 0.000217982 0.000168356 0.000217982 0.000533231 0.000139306 0.000168356 0.000139306 0.000347611)
(0.000522305 0.000512521 7.75466e-05 0.000512521 0.000996731 4.8982e-05 7.75466e-05 4.8982e-05 0.000258959)
(0.000563269 4.59356e-05 0.000232102 4.59356e-05 0.000480971 -0.000241172 0.000232102 -0.000241172 0.000229222)
(0.00107632 0.000232615 0.000131184 0.000232615 0.00118989 -0.000669633 0.000131184 -0.000669633 0.000902083)
(0.00109724 0.000265028 4.65158e-05 0.000265028 0.000953864 -0.000774513 4.65158e-05 -0.000774513 0.00128059)
(0.000588888 0.000230712 0.000150329 0.000230712 0.000252124 -0.000304124 0.000150329 -0.000304124 0.00107896)
(0.000577197 0.000236984 0.000304634 0.000236984 0.000326891 0.000155848 0.000304634 0.000155848 0.000887585)
(0.000701851 0.00027302 0.000213929 0.00027302 0.000341883 0.000116094 0.000213929 0.000116094 0.000743139)
(0.000657858 0.000244313 7.88197e-05 0.000244313 0.000351624 -5.27101e-05 7.88197e-05 -5.27101e-05 0.000733509)
(0.000633649 0.000195285 6.54934e-05 0.000195285 0.000471807 -4.28502e-06 6.54934e-05 -4.28502e-06 0.000886535)
(0.000851053 0.000304259 3.13381e-05 0.000304259 0.000650081 8.21054e-05 3.13381e-05 8.21054e-05 0.00160896)
(0.00131129 0.000492146 -2.07871e-06 0.000492146 0.00071078 -5.49881e-05 -2.07871e-06 -5.49881e-05 0.00275745)
(0.00146483 0.00039285 0.000164459 0.00039285 0.000632416 -0.000299385 0.000164459 -0.000299385 0.00276017)
(0.00108464 0.000108588 0.000274548 0.000108588 0.000577426 -0.000459623 0.000274548 -0.000459623 0.00157801)
(0.000603828 -9.58042e-05 0.00026386 -9.58042e-05 0.000450847 -0.000266342 0.00026386 -0.000266342 0.000424813)
(0.000355424 -0.000137074 0.000145596 -0.000137074 0.000356272 -2.21515e-05 0.000145596 -2.21515e-05 0.000155558)
(0.000305883 -8.36179e-05 4.55743e-05 -8.36179e-05 0.000289106 0.000135403 4.55743e-05 0.000135403 0.000360069)
(0.000221202 -9.696e-06 0.000109093 -9.696e-06 0.000238713 6.91982e-05 0.000109093 6.91982e-05 0.000258426)
(0.000250572 1.5879e-06 0.000153139 1.5879e-06 0.000326635 1.00434e-05 0.000153139 1.00434e-05 9.47653e-05)
(0.000349363 -4.38904e-05 0.000134413 -4.38904e-05 0.000433406 -0.000120984 0.000134413 -0.000120984 0.000107988)
(0.000412448 -5.60451e-05 0.000227783 -5.60451e-05 0.000288376 -0.000124708 0.000227783 -0.000124708 0.000200539)
(0.000450915 0.00016407 0.000172243 0.00016407 0.000260787 -4.15863e-05 0.000172243 -4.15863e-05 0.000238267)
(0.000532076 0.000491073 4.36725e-05 0.000491073 0.00078853 -4.81904e-05 4.36725e-05 -4.81904e-05 0.000310872)
(0.000395268 0.000325001 -1.43331e-06 0.000325001 0.000959148 -0.000148349 -1.43331e-06 -0.000148349 0.000259522)
(0.000242392 4.2621e-05 0.000101273 4.2621e-05 0.000281945 -5.23338e-05 0.000101273 -5.23338e-05 0.000108981)
(0.000276819 -2.74554e-06 0.000165733 -2.74554e-06 0.000266083 -8.80361e-05 0.000165733 -8.80361e-05 5.24551e-05)
(0.000713724 8.1406e-05 0.000257917 8.1406e-05 0.000839428 -0.000374477 0.000257917 -0.000374477 0.000433398)
(0.000913386 0.000200314 0.000249306 0.000200314 0.000903836 -0.000469676 0.000249306 -0.000469676 0.000737948)
(0.000486046 0.00010902 0.00021233 0.00010902 0.000394672 -0.000155404 0.00021233 -0.000155404 0.000294812)
(0.000229163 -4.5877e-06 0.000169569 -4.5877e-06 0.000204436 3.08221e-05 0.000169569 3.08221e-05 0.000124517)
(0.000270207 -2.55276e-05 0.000152578 -2.55276e-05 0.000473176 0.000147638 0.000152578 0.000147638 0.000215449)
(0.000442552 -3.19034e-05 0.000220489 -3.19034e-05 0.00112072 2.63825e-05 0.000220489 2.63825e-05 0.000139896)
(0.000667586 -4.4981e-05 0.000207502 -4.4981e-05 0.000957189 -0.000385764 0.000207502 -0.000385764 0.000279218)
(0.000768626 7.53384e-05 0.000365952 7.53384e-05 0.000372013 -0.000233849 0.000365952 -0.000233849 0.000770639)
(0.000616579 0.000138718 0.000416979 0.000138718 0.000264149 6.91777e-05 0.000416979 6.91777e-05 0.000675798)
(0.000245763 3.31523e-05 0.000115435 3.31523e-05 0.000186974 -2.03121e-06 0.000115435 -2.03121e-06 6.55008e-05)
(0.000310123 4.33875e-05 0.000243813 4.33875e-05 0.000273745 6.74771e-05 0.000243813 6.74771e-05 0.000192156)
(0.000410105 9.52445e-05 0.000295008 9.52445e-05 0.000441664 0.000143917 0.000295008 0.000143917 0.00034672)
(0.000180982 -1.64686e-05 0.000104419 -1.64686e-05 0.000223862 -1.79606e-05 0.000104419 -1.79606e-05 0.00015774)
(0.000339201 0.000246855 -2.92128e-05 0.000246855 0.000399107 -8.93492e-05 -2.92128e-05 -8.93492e-05 0.000238562)
(0.000377757 0.000369499 -0.000155423 0.000369499 0.000426405 -0.000159684 -0.000155423 -0.000159684 0.00025666)
(0.000279695 4.91161e-05 4.47771e-05 4.91161e-05 8.91176e-05 -4.06895e-05 4.47771e-05 -4.06895e-05 7.51157e-05)
(0.00128097 0.000201007 0.000246925 0.000201007 0.00428703 -0.00156455 0.000246925 -0.00156455 0.00177092)
(0.00172745 -0.000411318 0.000576541 -0.000411318 0.00286511 -0.00179294 0.000576541 -0.00179294 0.00232848)
(0.000880422 -0.000101675 0.000700019 -0.000101675 0.000337302 -0.000376837 0.000700019 -0.000376837 0.00100185)
(0.000426542 0.000446117 6.65989e-05 0.000446117 0.000916101 -1.85408e-05 6.65989e-05 -1.85408e-05 0.000248213)
(0.000194516 -8.10232e-05 5.8068e-05 -8.10232e-05 0.00109955 -0.000229387 5.8068e-05 -0.000229387 0.000258675)
(0.000571427 -0.000190968 0.0001879 -0.000190968 0.000371777 6.34752e-05 0.0001879 6.34752e-05 0.00030839)
(0.000979887 0.000382202 7.2455e-05 0.000382202 0.000651102 -0.000210106 7.2455e-05 -0.000210106 0.00130293)
(0.00222203 0.000457143 0.000152545 0.000457143 0.00115663 -0.00057003 0.000152545 -0.00057003 0.00358014)
(0.00320949 0.000418661 -0.000224082 0.000418661 0.0014676 -0.000690653 -0.000224082 -0.000690653 0.00522803)
(0.00344732 0.000698417 -0.000400726 0.000698417 0.00140923 -0.000689395 -0.000400726 -0.000689395 0.00535731)
(0.00272822 0.000714145 2.92957e-05 0.000714145 0.0010489 -0.000599045 2.92957e-05 -0.000599045 0.00448511)
(0.00243171 0.000535247 0.000483109 0.000535247 0.000946347 -0.000639297 0.000483109 -0.000639297 0.00413903)
(0.00195733 0.000307228 0.000556612 0.000307228 0.000890298 -0.000583066 0.000556612 -0.000583066 0.00324596)
(0.00135077 -5.56251e-05 0.000327775 -5.56251e-05 0.000917495 -0.000582832 0.000327775 -0.000582832 0.00161853)
(0.000758201 -9.95928e-05 0.000238311 -9.95928e-05 0.000558295 -0.000258551 0.000238311 -0.000258551 0.000490742)
(0.000482775 0.000131851 0.000166682 0.000131851 0.000373936 4.0317e-06 0.000166682 4.0317e-06 0.000332365)
(0.000431981 0.000124421 5.93951e-05 0.000124421 0.000385641 -1.03377e-06 5.93951e-05 -1.03377e-06 0.000304639)
(0.00032315 4.94188e-05 0.000115884 4.94188e-05 0.000381539 -4.64786e-05 0.000115884 -4.64786e-05 0.000180375)
(0.000214956 -0.000145611 -1.93473e-05 -0.000145611 0.000284638 3.49833e-05 -1.93473e-05 3.49833e-05 0.000255689)
(0.000657518 -0.000475487 -0.000787143 -0.000475487 0.000590005 0.00064342 -0.000787143 0.00064342 0.00142067)
(0.000883631 -0.000444365 -0.00102217 -0.000444365 0.000883779 0.00102904 -0.00102217 0.00102904 0.00212316)
(0.00119566 -0.000138756 -0.00051266 -0.000138756 0.0013368 0.00138981 -0.00051266 0.00138981 0.00247939)
(0.00123954 0.000275378 0.000277994 0.000275378 0.0014798 0.00106629 0.000277994 0.00106629 0.00151443)
(0.000858071 0.000472492 0.000426751 0.000472492 0.00139108 0.000298694 0.000426751 0.000298694 0.00052301)
(0.000692177 0.000219527 0.000323014 0.000219527 0.00145905 -0.000179222 0.000323014 -0.000179222 0.000497824)
(0.000498851 -0.000167456 0.000289405 -0.000167456 0.000713522 -0.000173372 0.000289405 -0.000173372 0.000291726)
(0.000236315 -3.11844e-05 0.000114716 -3.11844e-05 0.000150227 4.44967e-05 0.000114716 4.44967e-05 0.000145376)
(0.000178009 -6.58603e-05 0.000138262 -6.58603e-05 0.000187112 2.98107e-05 0.000138262 2.98107e-05 0.000217249)
(0.00052281 0.000142517 0.00026015 0.000142517 0.000507564 2.96077e-05 0.00026015 2.96077e-05 0.000215697)
(0.000923792 0.000199408 -3.30238e-05 0.000199408 0.00149947 -0.000659287 -3.30238e-05 -0.000659287 0.000663508)
(0.00172093 -0.000135982 0.000464588 -0.000135982 0.00102606 -0.000883417 0.000464588 -0.000883417 0.0024943)
(0.00183972 0.000245648 0.00104059 0.000245648 0.000533881 1.02846e-05 0.00104059 1.02846e-05 0.00293745)
(0.000788891 0.000146745 0.000426451 0.000146745 0.000356018 8.23755e-06 0.000426451 8.23755e-06 0.000675185)
(0.000256989 -1.77911e-05 0.000143943 -1.77911e-05 0.000335027 3.57628e-06 0.000143943 3.57628e-06 6.60962e-05)
(0.00031808 0.000117613 0.00017583 0.000117613 0.000373175 2.304e-05 0.00017583 2.304e-05 8.97349e-05)
(0.000347502 6.19562e-05 0.000174648 6.19562e-05 0.000363495 0.000108343 0.000174648 0.000108343 0.000332556)
(0.00118572 0.00096578 0.000737578 0.00096578 0.0021135 0.000817312 0.000737578 0.000817312 0.0013149)
(0.000842814 0.000585209 0.000469906 0.000585209 0.00103014 0.000386204 0.000469906 0.000386204 0.000710833)
(0.000361279 0.000125344 0.000156236 0.000125344 0.000488895 -2.74694e-05 0.000156236 -2.74694e-05 6.6671e-05)
(0.000797326 0.000715468 0.000296731 0.000715468 0.00319465 -0.000194781 0.000296731 -0.000194781 0.000646657)
(0.000557863 -4.7856e-05 0.000172775 -4.7856e-05 0.000766999 -0.000266444 0.000172775 -0.000266444 0.000372352)
(0.0014737 -0.000816249 0.000670066 -0.000816249 0.00115354 -0.00058931 0.000670066 -0.00058931 0.000741566)
(0.0025989 -0.00137072 0.00132737 -0.00137072 0.0014977 -0.00097034 0.00132737 -0.00097034 0.00142814)
(0.00137383 -0.000659326 0.000853099 -0.000659326 0.00127315 -0.000813677 0.000853099 -0.000813677 0.00107171)
(0.000562783 0.000150894 0.000406038 0.000150894 0.000175179 0.000104651 0.000406038 0.000104651 0.000827571)
(0.000447208 -0.000714793 0.000435922 -0.000714793 0.00391712 -0.000318868 0.000435922 -0.000318868 0.00147399)
(0.00132739 -0.00156671 0.000735987 -0.00156671 0.00628159 -0.00174785 0.000735987 -0.00174785 0.00307043)
(0.00045158 -0.000336866 0.000338009 -0.000336866 0.00378723 -0.000561245 0.000338009 -0.000561245 0.00115048)
(0.000553459 0.000140445 8.6165e-05 0.000140445 0.000834102 0.00010478 8.6165e-05 0.00010478 0.000446645)
(0.00105574 0.000396724 0.000203695 0.000396724 0.000887688 0.000153787 0.000203695 0.000153787 0.0013327)
(0.00227324 0.000515394 0.000615641 0.000515394 0.000851648 0.000138177 0.000615641 0.000138177 0.00510383)
(0.00369945 0.000354772 0.000150309 0.000354772 0.00144395 0.000425636 0.000150309 0.000425636 0.0079259)
(0.00342378 0.000411084 -0.000372183 0.000411084 0.00203504 0.00107638 -0.000372183 0.00107638 0.00783791)
(0.00282369 0.000729105 0.000485584 0.000729105 0.0017724 0.000811949 0.000485584 0.000811949 0.00608096)
(0.00184651 0.000239993 0.00112492 0.000239993 0.000526922 -0.000194567 0.00112492 -0.000194567 0.00235827)
(0.000725955 -0.000411545 0.000343025 -0.000411545 0.002254 -0.000910641 0.000343025 -0.000910641 0.000692097)
(0.000957119 -0.000106862 0.000259016 -0.000106862 0.00451788 -6.61816e-05 0.000259016 -6.61816e-05 0.000780238)
(0.000539998 0.000296563 0.000261921 0.000296563 0.00228223 0.000343359 0.000261921 0.000343359 0.000532491)
(0.000547528 -0.000138754 -1.69314e-06 -0.000138754 0.000531833 0.000469889 -1.69314e-06 0.000469889 0.00106429)
(0.00144357 -0.00055401 -0.000978401 -0.00055401 0.00124998 0.00154003 -0.000978401 0.00154003 0.00414451)
(0.00224834 -0.000625454 -0.000882341 -0.000625454 0.00400695 0.00232007 -0.000882341 0.00232007 0.0066305)
(0.0033993 -0.000500362 -0.000645857 -0.000500362 0.00475845 0.00281794 -0.000645857 0.00281794 0.00573095)
(0.00138183 0.000252442 0.000116725 0.000252442 0.00365774 0.00120744 0.000116725 0.00120744 0.00141748)
(0.00110069 0.000217646 7.19652e-05 0.000217646 0.00168839 -0.000775062 7.19652e-05 -0.000775062 0.000978015)
(0.000565178 -0.000117108 0.000232169 -0.000117108 0.000573125 -0.000272337 0.000232169 -0.000272337 0.000391477)
(0.000357726 -0.000168107 -0.000111175 -0.000168107 0.000301477 4.22262e-06 -0.000111175 4.22262e-06 0.000212818)
(0.000393521 -0.00034328 6.06626e-05 -0.00034328 0.000464133 3.93325e-05 6.06626e-05 3.93325e-05 4.46825e-05)
(0.000908463 0.000430583 9.7529e-05 0.000430583 0.00156293 -0.000395669 9.7529e-05 -0.000395669 0.000527795)
(0.00131548 0.00088145 -0.000147341 0.00088145 0.00177988 -0.000513155 -0.000147341 -0.000513155 0.000855002)
(0.000584523 0.000155455 0.000144356 0.000155455 0.000562782 -0.000155902 0.000144356 -0.000155902 0.000443844)
(0.00118457 0.000308852 0.000814468 0.000308852 0.00059383 0.000244359 0.000814468 0.000244359 0.00123711)
(0.0020091 0.000334268 0.00139552 0.000334268 0.000475687 0.000156797 0.00139552 0.000156797 0.00257732)
(0.00126833 0.000216071 0.000484353 0.000216071 0.000413525 -0.000332469 0.000484353 -0.000332469 0.0020747)
(0.000661584 0.000207055 -3.20068e-05 0.000207055 0.000428916 -0.000359724 -3.20068e-05 -0.000359724 0.000688539)
(0.000397566 6.88806e-06 0.00016846 6.88806e-06 0.000281858 -0.000142975 0.00016846 -0.000142975 0.000200878)
(0.000848157 6.99647e-05 0.00049519 6.99647e-05 0.00026103 -9.38065e-05 0.00049519 -9.38065e-05 0.00060375)
(0.00157623 0.000377474 0.00070701 0.000377474 0.000375471 -4.41447e-06 0.00070701 -4.41447e-06 0.00255492)
(0.00103085 0.000464733 -0.000259619 0.000464733 0.000461591 -0.000463808 -0.000259619 -0.000463808 0.00147461)
(0.00134551 0.000745326 0.000339709 0.000745326 0.00111366 -1.89366e-05 0.000339709 -1.89366e-05 0.000534456)
(0.000902151 0.000310818 0.000363277 0.000310818 0.000816617 4.94188e-05 0.000363277 4.94188e-05 0.000504667)
(0.000741233 8.7372e-05 -2.3176e-05 8.7372e-05 0.00155757 -0.000626399 -2.3176e-05 -0.000626399 0.000960176)
(0.00103053 0.000778153 0.000255454 0.000778153 0.00252056 0.000560968 0.000255454 0.000560968 0.00080372)
(0.00195973 0.000703414 0.000400979 0.000703414 0.00120199 0.00022419 0.000400979 0.00022419 0.0037896)
(0.00441325 -0.00113205 0.000843208 -0.00113205 0.00234334 -0.000886356 0.000843208 -0.000886356 0.00680944)
(0.00289174 0.000736676 0.00094326 0.000736676 0.00208855 0.000792193 0.00094326 0.000792193 0.00514653)
(0.00119011 0.0013549 0.000714066 0.0013549 0.00277322 0.000783087 0.000714066 0.000783087 0.000839826)
(0.000308991 -0.000245576 0.000383737 -0.000245576 0.000407414 -0.000607817 0.000383737 -0.000607817 0.00188386)
(0.00227922 0.000533956 0.00127923 0.000533956 0.000869352 0.000376515 0.00127923 0.000376515 0.00178766)
(0.0012378 0.000784897 0.000385206 0.000784897 0.00169169 0.000337395 0.000385206 0.000337395 0.000516721)
(0.000779555 0.000387855 -9.71435e-05 0.000387855 0.00109594 -0.000342989 -9.71435e-05 -0.000342989 0.000611205)
(0.00119392 0.00046285 -0.000435655 0.00046285 0.000926694 -0.000462022 -0.000435655 -0.000462022 0.00195305)
(0.00210402 0.000752807 0.000229575 0.000752807 0.00128143 0.000407734 0.000229575 0.000407734 0.00490264)
(0.00268438 0.000730057 9.55099e-05 0.000730057 0.00204801 0.00141941 9.55099e-05 0.00141941 0.00723936)
(0.00211429 0.000596004 -0.000189763 0.000596004 0.00187667 0.00138137 -0.000189763 0.00138137 0.00600605)
(0.000826151 -0.000215695 9.8601e-05 -0.000215695 0.000625749 7.91876e-05 9.8601e-05 7.91876e-05 0.000411236)
(0.0015037 -0.000168102 0.000911145 -0.000168102 0.000531674 -4.05405e-06 0.000911145 -4.05405e-06 0.00156807)
(0.000505323 -4.68967e-05 0.000174356 -4.68967e-05 0.000525467 9.02899e-05 0.000174356 9.02899e-05 0.000718397)
(0.000815587 -5.28805e-06 0.000294423 -5.28805e-06 0.000695843 -0.000101513 0.000294423 -0.000101513 0.000606632)
(0.000887898 0.000647972 0.000101095 0.000647972 0.00157317 -0.00019918 0.000101095 -0.00019918 0.000913163)
(0.000406278 0.000167119 -0.000245753 0.000167119 0.00189635 -0.0013033 -0.000245753 -0.0013033 0.00185967)
(0.000384476 -4.54532e-05 7.56467e-05 -4.54532e-05 0.000486515 -0.000362256 7.56467e-05 -0.000362256 0.0011612)
(0.000522298 1.50548e-05 7.50879e-05 1.50548e-05 0.000852633 -0.000265978 7.50879e-05 -0.000265978 0.000336061)
(0.00142 -6.13676e-05 -0.000144171 -6.13676e-05 0.00198133 -0.00101227 -0.000144171 -0.00101227 0.00137662)
(0.000854254 -5.81564e-05 0.000151324 -5.81564e-05 0.00103714 -0.000430627 0.000151324 -0.000430627 0.000590228)
(0.00060069 0.000337489 0.000163577 0.000337489 0.000615708 2.86158e-05 0.000163577 2.86158e-05 0.000449084)
(0.00103699 0.000669719 0.00057218 0.000669719 0.00147078 0.000556896 0.00057218 0.000556896 0.00109178)
(0.00133241 0.000375101 -7.19531e-05 0.000375101 0.00065615 -0.000369223 -7.19531e-05 -0.000369223 0.00322009)
(0.00121518 0.000384539 -0.000167428 0.000384539 0.00160081 -0.00128756 -0.000167428 -0.00128756 0.00174782)
(0.0005178 1.54106e-05 0.000239883 1.54106e-05 0.000438418 -0.000102714 0.000239883 -0.000102714 0.00044027)
(0.00193942 0.00106752 0.00113646 0.00106752 0.00187901 0.000769976 0.00113646 0.000769976 0.00209122)
(0.00241782 0.00111179 0.000399794 0.00111179 0.0031519 0.00186655 0.000399794 0.00186655 0.00597244)
(0.00162862 0.000563432 0.000352602 0.000563432 0.00160458 0.00104737 0.000352602 0.00104737 0.00470704)
(0.000434604 1.6694e-05 0.000172309 1.6694e-05 0.00032779 -0.000130072 0.000172309 -0.000130072 0.000171636)
(0.000415001 0.000231534 -1.27871e-05 0.000231534 0.0018048 0.000591222 -1.27871e-05 0.000591222 0.000755358)
(0.000422412 0.000207103 0.000235235 0.000207103 0.0018957 -1.66316e-05 0.000235235 -1.66316e-05 0.00031016)
(0.00131416 -0.000133416 0.000183094 -0.000133416 0.00195969 -0.00131337 0.000183094 -0.00131337 0.00167633)
(0.0033867 -0.000331513 0.00064243 -0.000331513 0.00331573 -0.00217578 0.00064243 -0.00217578 0.00454641)
(0.0028631 -1.58586e-05 0.000187296 -1.58586e-05 0.00388309 -0.00240724 0.000187296 -0.00240724 0.00382698)
(0.000886335 0.000226271 6.96452e-05 0.000226271 0.00187571 -0.000866067 6.96452e-05 -0.000866067 0.000839468)
(0.000390483 0.000158365 0.000113355 0.000158365 0.000679815 -0.000266201 0.000113355 -0.000266201 0.000684185)
(0.00150133 -0.000724341 0.000674989 -0.000724341 0.0017693 -0.00159702 0.000674989 -0.00159702 0.00200466)
(0.00160209 0.00019249 0.000233056 0.00019249 0.000764848 -0.000253754 0.000233056 -0.000253754 0.00209197)
(0.00272864 0.0016865 0.000392362 0.0016865 0.00337157 0.00125218 0.000392362 0.00125218 0.00385764)
(0.00195378 0.00147512 0.000417646 0.00147512 0.00333643 5.84899e-05 0.000417646 5.84899e-05 0.00128332)
(0.00251882 -0.00212516 -0.000881661 -0.00212516 0.00330382 0.00112565 -0.000881661 0.00112565 0.00281633)
(0.00491021 -0.00237351 0.000485349 -0.00237351 0.00727704 0.00159091 0.000485349 0.00159091 0.00326682)
(0.00560203 -0.001785 0.000641549 -0.001785 0.00698399 0.00131201 0.000641549 0.00131201 0.0034049)
(0.00607574 -0.00147945 0.000782726 -0.00147945 0.00720115 0.00141879 0.000782726 0.00141879 0.00393688)
(0.0053299 -0.00236309 7.14771e-05 -0.00236309 0.00828093 0.00140877 7.14771e-05 0.00140877 0.00460211)
(0.0030699 -0.00212566 0.00012747 -0.00212566 0.00876021 -0.000150201 0.00012747 -0.000150201 0.00364862)
(0.00149369 -0.00122624 0.000451654 -0.00122624 0.00583506 -0.0012717 0.000451654 -0.0012717 0.0013796)
(0.00134391 -5.29122e-05 0.000368649 -5.29122e-05 0.000998377 -0.000380178 0.000368649 -0.000380178 0.00121014)
(0.00213286 0.00111618 0.000668244 0.00111618 0.00206005 0.000866134 0.000668244 0.000866134 0.00388119)
(0.001866 0.000820625 0.000520656 0.000820625 0.00156434 0.000563604 0.000520656 0.000563604 0.00389049)
(0.000401818 0.000153614 6.33998e-05 0.000153614 0.000338061 -1.57272e-05 6.33998e-05 -1.57272e-05 0.000311975)
(0.000367635 -7.48225e-06 2.33119e-05 -7.48225e-06 0.00134154 -0.00119736 2.33119e-05 -0.00119736 0.00177208)
(0.000320416 -0.000376971 0.0002746 -0.000376971 0.00390743 -0.00188482 0.0002746 -0.00188482 0.00254353)
(0.000491615 0.000795067 8.29436e-05 0.000795067 0.00334701 -0.000482231 8.29436e-05 -0.000482231 0.00170629)
(0.000814437 0.000406335 -0.000172419 0.000406335 0.000760057 -0.000286945 -0.000172419 -0.000286945 0.00122733)
(0.000834958 -3.94499e-05 -0.000234041 -3.94499e-05 0.00055821 -0.000750705 -0.000234041 -0.000750705 0.00243137)
(0.000902827 -0.000344148 0.000585305 -0.000344148 0.00110396 -0.000968804 0.000585305 -0.000968804 0.00162367)
(0.00116827 -0.000327608 0.000321308 -0.000327608 0.00147909 -0.000393464 0.000321308 -0.000393464 0.000824547)
(0.000358862 -6.35814e-05 0.000139019 -6.35814e-05 0.000909745 -0.000295712 0.000139019 -0.000295712 0.000665666)
(0.0005659 0.000433789 -0.000175694 0.000433789 0.00110089 -0.000279711 -0.000175694 -0.000279711 0.000729983)
(0.00109467 0.000551327 0.000131736 0.000551327 0.000859477 -0.000162818 0.000131736 -0.000162818 0.00112073)
(0.00101943 0.000245303 0.000860348 0.000245303 0.000648538 -8.51564e-05 0.000860348 -8.51564e-05 0.00179233)
(0.000869284 -0.000128557 0.000235531 -0.000128557 0.00111608 0.000603078 0.000235531 0.000603078 0.00146677)
(0.00045682 -0.000151007 0.000137057 -0.000151007 0.000470961 7.52406e-05 0.000137057 7.52406e-05 0.000319507)
(0.000545509 0.000120374 -0.000368122 0.000120374 0.000527428 -0.000414234 -0.000368122 -0.000414234 0.00171955)
(0.000650778 0.000209329 -0.000649794 0.000209329 0.000872184 -0.000605113 -0.000649794 -0.000605113 0.00258863)
(0.000455969 0.000158929 5.40363e-05 0.000158929 0.000384729 -5.33806e-05 5.40363e-05 -5.33806e-05 8.25728e-05)
(0.000821127 3.02587e-05 0.000106339 3.02587e-05 0.000504253 -0.000387874 0.000106339 -0.000387874 0.000669342)
(0.00113576 0.000711631 0.00044772 0.000711631 0.0020055 0.000603558 0.00044772 0.000603558 0.000623377)
(0.00167595 0.000661659 0.000375479 0.000661659 0.00298556 0.00146811 0.000375479 0.00146811 0.00197205)
(0.000553776 -4.87762e-05 0.000323953 -4.87762e-05 0.00235268 -0.0001204 0.000323953 -0.0001204 0.000387089)
(0.00184755 -0.000721478 0.000417246 -0.000721478 0.00332543 -0.00234408 0.000417246 -0.00234408 0.00294978)
(0.00207809 -0.000762462 0.000103131 -0.000762462 0.00627994 -0.0027193 0.000103131 -0.0027193 0.00322812)
(0.00190805 -0.00102433 0.000132334 -0.00102433 0.00674385 0.000291429 0.000132334 0.000291429 0.00182713)
(0.00215824 -0.00107766 -0.000675657 -0.00107766 0.00592915 0.00186783 -0.000675657 0.00186783 0.00327503)
(0.000588695 -0.000759128 0.000383876 -0.000759128 0.00428704 -0.000275164 0.000383876 -0.000275164 0.00109415)
(0.0015627 -0.000897469 0.000347463 -0.000897469 0.00290572 -0.000778732 0.000347463 -0.000778732 0.000771205)
(0.00340201 -0.00172383 0.000990942 -0.00172383 0.00832993 -0.00228272 0.000990942 -0.00228272 0.00403492)
(0.00503881 -0.000905692 0.0024948 -0.000905692 0.00452991 -0.00230895 0.0024948 -0.00230895 0.00538815)
(0.00157436 1.60355e-05 0.000250384 1.60355e-05 0.00152493 -0.000924295 0.000250384 -0.000924295 0.00189053)
(0.00391413 -0.00224413 -3.48194e-05 -0.00224413 0.00788067 0.00115571 -3.48194e-05 0.00115571 0.00326055)
(0.00486151 -0.00261582 -7.289e-05 -0.00261582 0.00770159 0.00178699 -7.289e-05 0.00178699 0.00533442)
(0.00364684 -7.17025e-06 0.00116056 -7.17025e-06 0.00476167 0.00128026 0.00116056 0.00128026 0.00813814)
(0.00570586 0.00043123 0.00273137 0.00043123 0.00431412 0.00104256 0.00273137 0.00104256 0.00901624)
(0.00353787 -0.000359358 0.00155225 -0.000359358 0.00225058 0.000661602 0.00155225 0.000661602 0.00719739)
(0.00106047 -0.000343032 -0.00013988 -0.000343032 0.00125179 0.00062468 -0.00013988 0.00062468 0.00142316)
(0.00198712 -0.000615306 0.000995131 -0.000615306 0.00117641 -0.000295756 0.000995131 -0.000295756 0.00105839)
(0.00411311 0.000723976 0.00241358 0.000723976 0.00146139 0.000136819 0.00241358 0.000136819 0.00321894)
(0.00367241 -8.23122e-05 0.00161876 -8.23122e-05 0.00134183 -0.000746304 0.00161876 -0.000746304 0.00539811)
(0.00252688 -0.000171451 -0.000218261 -0.000171451 0.00322501 -0.00210746 -0.000218261 -0.00210746 0.00377606)
(0.000514343 0.000197156 0.000223503 0.000197156 0.000486605 -2.53972e-06 0.000223503 -2.53972e-06 0.000257235)
(0.000529992 -1.27861e-05 -6.89495e-05 -1.27861e-05 0.000274215 6.46524e-06 -6.89495e-05 6.46524e-06 0.00120916)
(0.000425119 -5.30854e-08 4.54672e-06 -5.30854e-08 0.000254183 -2.19792e-07 4.54672e-06 -2.19792e-07 0.000607257)
(0.000633251 7.26245e-05 0.000413489 7.26245e-05 0.000761275 0.000286606 0.000413489 0.000286606 0.00101433)
(0.000690986 -2.67178e-05 6.47008e-05 -2.67178e-05 0.000415864 2.43215e-05 6.47008e-05 2.43215e-05 0.00111685)
(0.00138569 -0.000643453 -0.000419256 -0.000643453 0.000612681 0.000784988 -0.000419256 0.000784988 0.00418383)
(0.00151794 -0.000783634 0.000791347 -0.000783634 0.000694352 0.000131595 0.000791347 0.000131595 0.00406529)
(0.000616605 -0.000544491 0.000483537 -0.000544491 0.00150597 -0.00117721 0.000483537 -0.00117721 0.00212473)
(0.000269752 -4.76278e-05 2.06148e-05 -4.76278e-05 0.00251348 -0.00058725 2.06148e-05 -0.00058725 0.00225585)
(0.000685292 0.000425488 0.000165819 0.000425488 0.00118378 0.000219499 0.000165819 0.000219499 0.00112845)
(0.000334151 -0.000196069 -0.000110361 -0.000196069 0.000825241 0.000159547 -0.000110361 0.000159547 0.000452802)
(0.00115988 -0.000745884 -1.52504e-05 -0.000745884 0.002989 0.000704412 -1.52504e-05 0.000704412 0.000653001)
(0.000788578 2.32384e-05 -0.00010094 2.32384e-05 0.00212751 0.000925819 -0.00010094 0.000925819 0.000975888)
(0.00228831 -0.000174378 -0.000632623 -0.000174378 0.00420664 0.00198471 -0.000632623 0.00198471 0.00234266)
(0.000792447 -7.56336e-05 -0.000282477 -7.56336e-05 0.000409018 -4.57913e-05 -0.000282477 -4.57913e-05 0.00246803)
(0.00203169 -0.00128504 -0.00065508 -0.00128504 0.00485466 0.00174881 -0.00065508 0.00174881 0.00727808)
(0.0025369 -0.00161276 -0.000523145 -0.00161276 0.00642265 0.00163935 -0.000523145 0.00163935 0.00270481)
(0.000969128 -0.000155755 0.000158835 -0.000155755 0.00308524 -0.00126018 0.000158835 -0.00126018 0.00120644)
(0.0007132 -0.00011632 0.000155051 -0.00011632 0.00135276 0.00040456 0.000155051 0.00040456 0.000924399)
(0.000328728 -0.000310715 0.000103259 -0.000310715 0.00431357 -0.000823469 0.000103259 -0.000823469 0.00127219)
(0.000624011 -9.31956e-05 0.000443248 -9.31956e-05 0.000791844 -0.000178809 0.000443248 -0.000178809 0.0009547)
(0.000890361 0.000276582 0.000286177 0.000276582 0.0016988 0.000691275 0.000286177 0.000691275 0.00102802)
(0.000815269 0.000303359 -0.00028785 0.000303359 0.00278373 0.00117085 -0.00028785 0.00117085 0.00233053)
(0.00102622 -0.000330186 -0.000592013 -0.000330186 0.0016484 0.00041262 -0.000592013 0.00041262 0.00533437)
