/*--------------------------------*- C++ -*----------------------------------*\
  =========                 |
  \\      /  F ield         | OpenFOAM: The Open Source CFD Toolbox
   \\    /   O peration     | Website:  https://openfoam.org
    \\  /    A nd           | Version:  10
     \\/     M anipulation  |
\*---------------------------------------------------------------------------*/
FoamFile
{
    format      ascii;
    class       volTensorField;
    location    "6";
    object      TauNN;
}
// * * * * * * * * * * * * * * * * * * * * * * * * * * * * * * * * * * * * * //

dimensions      [0 2 -2 0 0 0 0];

internalField   nonuniform List<tensor> 
25600
(
(0.000585084 -0.00317111 0.00541044 -0.00317111 0.00941728 -0.0019713 0.00541044 -0.0019713 0.00900816)
(0.000733689 -0.00297086 0.00527743 -0.00297086 0.00931523 -0.00229327 0.00527743 -0.00229327 0.0083998)
(0.000276764 -0.0034946 0.00623731 -0.0034946 0.0100998 -0.00221669 0.00623731 -0.00221669 0.00910211)
(0.000930964 -0.00298603 0.005194 -0.00298603 0.00924583 -0.0025741 0.005194 -0.0025741 0.00794893)
(0.00152581 -0.0024969 0.00430175 -0.0024969 0.00796494 -0.00290323 0.00430175 -0.00290323 0.00592562)
(0.00225322 -0.0026422 0.00376343 -0.0026422 0.00737393 -0.00302009 0.00376343 -0.00302009 0.0055786)
(-0.00100771 -0.0030028 0.00537432 -0.0030028 0.00925345 -0.00186317 0.00537432 -0.00186317 0.00848083)
(-0.000742049 -0.00272494 0.00596547 -0.00272494 0.00988143 -0.00192349 0.00596547 -0.00192349 0.00818167)
(-0.00138072 -0.00328352 0.00606921 -0.00328352 0.00975744 -0.00184666 0.00606921 -0.00184666 0.00864768)
(-0.000397945 -0.00317082 0.00541964 -0.00317082 0.00933387 -0.00190294 0.00541964 -0.00190294 0.00878502)
(-0.000147303 -0.00252954 0.00507472 -0.00252954 0.00881545 -0.00237313 0.00507472 -0.00237313 0.00754616)
(5.41727e-06 -0.00200943 0.00481729 -0.00200943 0.00830161 -0.00231623 0.00481729 -0.00231623 0.00674599)
(-0.00101254 -0.00240815 0.00506816 -0.00240815 0.00870099 -0.00195374 0.00506816 -0.00195374 0.00780246)
(-0.000217616 -0.00250248 0.00463754 -0.00250248 0.00833903 -0.00250986 0.00463754 -0.00250986 0.00693283)
(0.000649375 -0.00169399 0.00440767 -0.00169399 0.00809334 -0.00196012 0.00440767 -0.00196012 0.00676916)
(-0.00167548 -0.00288719 0.00500236 -0.00288719 0.00933334 -0.000915281 0.00500236 -0.000915281 0.00913357)
(-0.001513 -0.00244044 0.00528785 -0.00244044 0.00980296 -0.00149223 0.00528785 -0.00149223 0.0082517)
(-0.00181563 -0.00300249 0.00585322 -0.00300249 0.00963253 -0.00166529 0.00585322 -0.00166529 0.00837224)
(-0.000703941 -0.00343785 0.00576332 -0.00343785 0.00952457 -0.00207536 0.00576332 -0.00207536 0.00853126)
(0.00154745 -0.00243729 0.00420874 -0.00243729 0.00781083 -0.00284711 0.00420874 -0.00284711 0.00599088)
(0.00206372 -0.00210594 0.00394206 -0.00210594 0.00744752 -0.00268982 0.00394206 -0.00268982 0.00570736)
(-0.001395 -0.00215125 0.00485986 -0.00215125 0.00884241 -0.00108672 0.00485986 -0.00108672 0.00829348)
(-0.00123508 -0.00334144 0.00557048 -0.00334144 0.00953274 -0.00149202 0.00557048 -0.00149202 0.00906507)
(-0.000448052 -0.00287351 0.00526015 -0.00287351 0.00893018 -0.00227292 0.00526015 -0.00227292 0.00794056)
(-0.000797124 -0.00293671 0.00522684 -0.00293671 0.00891765 -0.00206486 0.00522684 -0.00206486 0.00800638)
(-0.000793136 -0.00281198 0.00512634 -0.00281198 0.00885236 -0.00224325 0.00512634 -0.00224325 0.00775784)
(-0.000856447 -0.00261216 0.00501105 -0.00261216 0.0086886 -0.00228229 0.00501105 -0.00228229 0.00748483)
(0.00438252 -0.00242166 0.00299619 -0.00242166 0.0066082 -0.00301297 0.00299619 -0.00301297 0.00501859)
(0.00386129 -0.00258747 0.00296028 -0.00258747 0.00661936 -0.00305696 0.00296028 -0.00305696 0.00506947)
(-0.00145429 -0.00240296 0.00504566 -0.00240296 0.00893342 -0.00142233 0.00504566 -0.00142233 0.00839769)
(-0.00137789 -0.00252233 0.00574499 -0.00252233 0.00985247 -0.00179409 0.00574499 -0.00179409 0.0080584)
(-0.00167703 -0.00281753 0.00579343 -0.00281753 0.00983118 -0.00170493 0.00579343 -0.00170493 0.00846094)
(-0.00100927 -0.00314037 0.00536099 -0.00314037 0.0092445 -0.00156892 0.00536099 -0.00156892 0.00897196)
(-0.000954608 -0.0025426 0.00515635 -0.0025426 0.00887857 -0.00201159 0.00515635 -0.00201159 0.00803398)
(0.00038346 -0.00200619 0.00467986 -0.00200619 0.00813246 -0.00220533 0.00467986 -0.00220533 0.006874)
(-0.00112886 -0.00196936 0.00481965 -0.00196936 0.00889237 -0.0014753 0.00481965 -0.0014753 0.00767669)
(-0.00179302 -0.00285615 0.00509523 -0.00285615 0.00931034 -0.00106317 0.00509523 -0.00106317 0.00895786)
(-0.000914461 -0.0018001 0.00482918 -0.0018001 0.00876552 -0.00183911 0.00482918 -0.00183911 0.00753971)
(-0.000643381 -0.00273776 0.0051512 -0.00273776 0.00915417 -0.00186698 0.0051512 -0.00186698 0.00851094)
(-0.000988368 -0.00319175 0.00635509 -0.00319175 0.0100183 -0.00212084 0.00635509 -0.00212084 0.00864664)
(0.00100608 -0.00214058 0.00538207 -0.00214058 0.00972682 -0.00179894 0.00538207 -0.00179894 0.00715875)
(0.00170373 -0.00245867 0.00521772 -0.00245867 0.00956936 -0.00237409 0.00521772 -0.00237409 0.00793342)
(0.0102056 -0.00273983 0.00160394 -0.00273983 0.00845576 -0.00340135 0.00160394 -0.00340135 0.00566872)
(0.00289058 -6.40508e-05 0.00419579 -6.40508e-05 0.00645397 -0.00396319 0.00419579 -0.00396319 0.0059932)
(0.00377973 -0.00227101 0.00374729 -0.00227101 0.00830466 -0.00336839 0.00374729 -0.00336839 0.00589373)
(0.00324654 -0.00245433 0.00362359 -0.00245433 0.00670557 -0.00358407 0.00362359 -0.00358407 0.00649244)
(0.00639118 -8.089e-05 0.00710719 -8.089e-05 0.00817482 -0.00209952 0.00710719 -0.00209952 0.00824995)
(0.00269561 -0.00116809 0.00432854 -0.00116809 0.00934742 -0.00144009 0.00432854 -0.00144009 0.00673593)
(0.00262725 -0.000290441 0.00472973 -0.000290441 0.00871489 -0.00151136 0.00472973 -0.00151136 0.00578332)
(4.67987e-05 -0.00155755 0.00545251 -0.00155755 0.00911659 -0.00183786 0.00545251 -0.00183786 0.00666134)
(-0.000417625 -0.00273885 0.00623269 -0.00273885 0.00978102 -0.00228644 0.00623269 -0.00228644 0.00807082)
(-0.000140878 -0.00299028 0.00551371 -0.00299028 0.00938751 -0.00234942 0.00551371 -0.00234942 0.00824075)
(-0.000660392 -0.000953684 0.00542844 -0.000953684 0.0088643 -0.00217221 0.00542844 -0.00217221 0.00745872)
(0.00373578 0.00113314 0.00579213 0.00113314 0.00632161 -0.00266942 0.00579213 -0.00266942 0.00587259)
(0.00553339 9.46941e-05 0.00697263 9.46941e-05 0.00790669 -0.00173935 0.00697263 -0.00173935 0.00908688)
(0.00944739 -0.000723697 0.00327129 -0.000723697 0.00827121 -0.000446374 0.00327129 -0.000446374 0.00709798)
(0.00466034 -0.00163463 0.0033248 -0.00163463 0.00904032 -0.000754262 0.0033248 -0.000754262 0.00797082)
(0.00217857 -6.39521e-05 0.00442776 -6.39521e-05 0.00885149 -0.0015094 0.00442776 -0.0015094 0.00651416)
(0.00395966 0.000456478 0.00431771 0.000456478 0.00584746 -0.00225714 0.00431771 -0.00225714 0.00424076)
(0.00333387 0.000989659 0.00467418 0.000989659 0.00446493 -0.00347112 0.00467418 -0.00347112 0.00572472)
(0.00283928 -0.00166515 0.0050173 -0.00166515 0.00778568 -0.002992 0.0050173 -0.002992 0.00692674)
(0.000271017 -0.00211569 0.00418518 -0.00211569 0.00928181 -0.00217849 0.00418518 -0.00217849 0.00877997)
(0.00252278 -0.00242793 0.00415917 -0.00242793 0.00933396 -0.00154533 0.00415917 -0.00154533 0.00865314)
(0.000762757 -0.00286846 0.00514482 -0.00286846 0.0092225 -0.00252689 0.00514482 -0.00252689 0.00783336)
(0.00316456 0.00101829 0.00537724 0.00101829 0.00624867 -0.00247509 0.00537724 -0.00247509 0.00517243)
(0.00419268 0.00143703 0.00545749 0.00143703 0.00544657 -0.00253711 0.00545749 -0.00253711 0.00533279)
(0.00276955 0.00123166 0.00533151 0.00123166 0.00694132 -0.00198743 0.00533151 -0.00198743 0.00506127)
(0.00372824 0.000585437 0.00392858 0.000585437 0.00478801 -0.00406913 0.00392858 -0.00406913 0.00595135)
(0.00713017 -0.0015455 0.00254465 -0.0015455 0.00634987 -0.00302179 0.00254465 -0.00302179 0.00826896)
(0.00314144 -2.91737e-05 0.00437845 -2.91737e-05 0.00894794 -0.00130856 0.00437845 -0.00130856 0.00582313)
(0.00603583 -0.000293572 0.00330845 -0.000293572 0.00927447 -0.000981316 0.00330845 -0.000981316 0.00545997)
(0.00188806 -0.000799509 0.00358221 -0.000799509 0.00910937 -0.00111354 0.00358221 -0.00111354 0.00687021)
(-0.000336151 -0.00161279 0.00510082 -0.00161279 0.00924642 -0.00184659 0.00510082 -0.00184659 0.00763913)
(-0.00113665 -0.00158588 0.0054289 -0.00158588 0.00903724 -0.00214848 0.0054289 -0.00214848 0.00783289)
(-3.18855e-05 -0.000908528 0.00653609 -0.000908528 0.00875322 -0.00277897 0.00653609 -0.00277897 0.00888164)
(0.00653108 0.00171023 0.0058976 0.00171023 0.008155 -0.00151087 0.0058976 -0.00151087 0.00703323)
(0.0056227 0.000276272 0.00319272 0.000276272 0.00918692 -0.000938626 0.00319272 -0.000938626 0.00510955)
(0.000612323 -0.00119465 0.00377207 -0.00119465 0.00916948 -0.000601395 0.00377207 -0.000601395 0.00793925)
(0.00435767 -0.00142353 0.00402205 -0.00142353 0.00815222 -0.00118425 0.00402205 -0.00118425 0.00772995)
(0.00144281 -0.00276136 0.00512822 -0.00276136 0.00972052 -0.00202371 0.00512822 -0.00202371 0.00808284)
(0.0115395 -0.00582603 0.00300187 -0.00582603 0.0103458 -0.0019452 0.00300187 -0.0019452 0.00718786)
(0.0158181 -0.00333378 0.00269648 -0.00333378 0.0094824 -0.00482107 0.00269648 -0.00482107 0.00545773)
(0.0199771 -0.0041272 0.0010312 -0.0041272 0.0116142 0.00038725 0.0010312 0.00038725 0.0105047)
(0.0111952 -0.00371654 -2.96719e-05 -0.00371654 0.00889147 -0.00449732 -2.96719e-05 -0.00449732 0.00681269)
(0.00846828 -0.00241377 0.00207347 -0.00241377 0.00900368 -0.00430103 0.00207347 -0.00430103 0.00555852)
(0.000602561 -0.00447722 0.00475852 -0.00447722 0.00885429 -0.00306797 0.00475852 -0.00306797 0.0054916)
(0.00888536 -0.0036268 0.000364164 -0.0036268 0.0101341 -0.000421964 0.000364164 -0.000421964 0.00605385)
(0.00963049 0.00182328 0.00286206 0.00182328 0.00545673 0.00239486 0.00286206 0.00239486 0.007232)
(0.0134851 -0.00353979 0.00382325 -0.00353979 0.0093043 -0.00078796 0.00382325 -0.00078796 0.00523807)
(0.00620983 -0.00291149 0.00534781 -0.00291149 0.0104406 -0.002014 0.00534781 -0.002014 0.00608647)
(0.00615408 -0.00385313 0.00570055 -0.00385313 0.0110391 -0.00277221 0.00570055 -0.00277221 0.00830848)
(0.0100554 -0.00505352 0.00581717 -0.00505352 0.01092 -0.00265399 0.00581717 -0.00265399 0.00907429)
(0.0119349 -0.00460801 0.00448851 -0.00460801 0.01056 -0.00191568 0.00448851 -0.00191568 0.00770363)
(0.00895664 -0.00331546 0.00419403 -0.00331546 0.010571 -0.00231173 0.00419403 -0.00231173 0.00616478)
(0.00546777 -0.000787867 0.00466129 -0.000787867 0.00837432 -0.000127805 0.00466129 -0.000127805 0.00630874)
(0.0120786 -0.0035675 -0.00164535 -0.0035675 0.0109857 -0.00134417 -0.00164535 -0.00134417 0.0115311)
(0.00970416 0.00162087 0.00245557 0.00162087 0.00545057 0.00235643 0.00245557 0.00235643 0.00745871)
(0.0147724 -0.00366872 0.00354388 -0.00366872 0.00948844 -0.000233536 0.00354388 -0.000233536 0.00711457)
(0.0119156 -0.00328803 0.00407226 -0.00328803 0.0101703 -0.00228772 0.00407226 -0.00228772 0.00478591)
(0.00779091 0.00107082 0.00461144 0.00107082 0.00656257 -0.00247564 0.00461144 -0.00247564 0.00505664)
(0.00410033 -0.00462603 0.00232363 -0.00462603 0.00911497 -0.00320385 0.00232363 -0.00320385 0.0048477)
(0.00449381 -0.000621426 0.00472348 -0.000621426 0.00839289 -0.000804727 0.00472348 -0.000804727 0.00632938)
(0.01005 0.00140037 0.00407578 0.00140037 0.00738012 -0.000722512 0.00407578 -0.000722512 0.00671673)
(0.00633208 -0.00441395 0.00519476 -0.00441395 0.0108373 -0.00271801 0.00519476 -0.00271801 0.00739856)
(0.00415828 -0.00158243 0.00435508 -0.00158243 0.00965311 -0.00229202 0.00435508 -0.00229202 0.00524611)
(0.00503609 -0.000221449 0.00389466 -0.000221449 0.00808553 -0.00260101 0.00389466 -0.00260101 0.00437474)
(0.00580695 -0.000371739 0.00378647 -0.000371739 0.00873679 -0.00199874 0.00378647 -0.00199874 0.00397081)
(0.0056799 -0.000254101 0.00354269 -0.000254101 0.00748705 -0.00346105 0.00354269 -0.00346105 0.00517985)
(0.00434092 -0.00213372 0.0013008 -0.00213372 0.00716894 -0.00216284 0.0013008 -0.00216284 0.00414509)
(0.00782289 -0.00194453 0.00291952 -0.00194453 0.00989932 -0.000186287 0.00291952 -0.000186287 0.00637118)
(0.017468 -0.00219095 0.00254577 -0.00219095 0.00863744 0.00176976 0.00254577 0.00176976 0.00916521)
(0.0112752 0.000111572 0.00445469 0.000111572 0.00741893 0.000108629 0.00445469 0.000108629 0.00802583)
(0.0116256 -0.00373849 0.00501228 -0.00373849 0.0095963 -0.00129981 0.00501228 -0.00129981 0.00856321)
(0.0110148 -0.00428363 0.00510602 -0.00428363 0.010527 -0.00166868 0.00510602 -0.00166868 0.00798469)
(0.00506161 -0.00353648 0.00543356 -0.00353648 0.00997256 -0.00147334 0.00543356 -0.00147334 0.00821451)
(0.0159859 -0.00167815 0.00352246 -0.00167815 0.00880234 0.00144201 0.00352246 0.00144201 0.00667611)
(0.0189891 -0.00196297 0.00262725 -0.00196297 0.00972205 0.000420199 0.00262725 0.000420199 0.00421967)
(0.0127845 -0.00339825 0.00350663 -0.00339825 0.00956465 -0.000258593 0.00350663 -0.000258593 0.00672941)
(0.010529 -0.00180184 0.00523541 -0.00180184 0.0090033 -0.00121086 0.00523541 -0.00121086 0.00816642)
(0.00732048 -4.88842e-05 0.000838673 -4.88842e-05 0.00654555 0.0015687 0.000838673 0.0015687 0.00681878)
(0.0134604 -0.00312759 0.000989983 -0.00312759 0.0104802 -0.000318758 0.000989983 -0.000318758 0.00860778)
(0.00755007 1.889e-05 0.00180808 1.889e-05 0.00385137 4.76232e-05 0.00180808 4.76232e-05 0.0103037)
(0.0136714 -0.00255823 -0.000110315 -0.00255823 0.00526493 -0.00253682 -0.000110315 -0.00253682 0.00976157)
(0.00389256 -0.000920215 6.35618e-05 -0.000920215 0.00512277 -0.00295798 6.35618e-05 -0.00295798 0.00652545)
(0.0199048 -0.00469177 -0.000485307 -0.00469177 0.00946656 -0.00252889 -0.000485307 -0.00252889 0.00733576)
(0.0139892 -0.00495416 0.000751833 -0.00495416 0.00936987 -0.0028569 0.000751833 -0.0028569 0.00671255)
(0.0115843 0.000180615 0.0024173 0.000180615 0.00746675 0.00168945 0.0024173 0.00168945 0.00527877)
(0.0110917 -0.00298672 -0.0014059 -0.00298672 0.0110131 -0.00281557 -0.0014059 -0.00281557 0.00925331)
(0.0152108 -7.31405e-05 -0.000162384 -7.31405e-05 0.00627198 -0.00160933 -0.000162384 -0.00160933 0.00413482)
(0.0152248 -0.00269745 0.00183968 -0.00269745 0.00954546 -0.00229817 0.00183968 -0.00229817 0.0103407)
(0.0119763 -0.00230267 0.00299526 -0.00230267 0.00771546 -0.00231408 0.00299526 -0.00231408 0.00732438)
(0.0261166 -0.0048281 0.0030269 -0.0048281 0.00929496 -0.00265978 0.0030269 -0.00265978 0.00700925)
(0.0190005 -0.00370477 0.00187707 -0.00370477 0.00914756 -0.00124073 0.00187707 -0.00124073 0.00769182)
(0.0196398 -0.00132594 0.00391209 -0.00132594 0.00876692 -0.000855165 0.00391209 -0.000855165 0.00859062)
(0.00279191 -0.00401836 0.0023118 -0.00401836 0.00897981 -0.0028348 0.0023118 -0.0028348 0.00788363)
(0.0149356 -0.00036019 0.000741955 -0.00036019 0.00656769 0.00174372 0.000741955 0.00174372 0.00796775)
(0.0222718 -0.00458763 -0.00363297 -0.00458763 0.00840103 -0.000150764 -0.00363297 -0.000150764 0.00430976)
(0.0143921 -0.00067715 0.00104457 -0.00067715 0.00747678 0.00105249 0.00104457 0.00105249 0.0060369)
(0.0131239 -0.000694464 0.00045754 -0.000694464 0.00791814 -0.000478884 0.00045754 -0.000478884 0.00587661)
(0.0128191 -0.00192881 0.000109402 -0.00192881 0.00524309 -0.000348066 0.000109402 -0.000348066 0.0116695)
(0.0118529 -0.00424629 -0.00163701 -0.00424629 0.00979073 -0.00313317 -0.00163701 -0.00313317 0.00713942)
(0.00823997 -0.00322322 0.0014837 -0.00322322 0.00952786 -0.00248577 0.0014837 -0.00248577 0.00760729)
(0.0125548 -0.00173995 -0.00155323 -0.00173995 0.00860984 -0.00314612 -0.00155323 -0.00314612 0.00633399)
(0.0121182 -0.00294599 -0.000111602 -0.00294599 0.00754948 -0.00335995 -0.000111602 -0.00335995 0.00682183)
(0.0212271 -0.00065803 0.00621665 -0.00065803 0.00858421 -0.00157537 0.00621665 -0.00157537 0.00922238)
(0.00886645 -0.00155221 0.0010618 -0.00155221 0.00654769 -0.00123121 0.0010618 -0.00123121 0.00799752)
(0.0180378 0.00173854 0.00543831 0.00173854 0.00729791 -0.00220171 0.00543831 -0.00220171 0.00766848)
(0.0194614 -0.00194343 0.000546983 -0.00194343 0.00659221 -0.00217671 0.000546983 -0.00217671 0.0097986)
(0.00678888 -0.00206146 -0.00327533 -0.00206146 0.00322085 -0.000699662 -0.00327533 -0.000699662 0.010063)
(0.0148168 0.000663705 0.00317387 0.000663705 0.00800503 -0.000491641 0.00317387 -0.000491641 0.00810002)
(0.0213222 -0.000697753 0.00141714 -0.000697753 0.00470087 0.00060066 0.00141714 0.00060066 0.0121673)
(0.0122049 -0.00172352 -0.00336174 -0.00172352 0.00859793 -0.00293423 -0.00336174 -0.00293423 0.0076132)
(0.0120336 -0.00123863 -0.000318392 -0.00123863 0.00707943 0.000635193 -0.000318392 0.000635193 0.00413482)
(0.0203896 -0.00066206 0.00576894 -0.00066206 0.00851817 -0.00136672 0.00576894 -0.00136672 0.0104234)
(0.0205361 -0.00352894 0.000614425 -0.00352894 0.00944299 -0.00290809 0.000614425 -0.00290809 0.00893384)
(0.00873804 -0.00237886 0.00223692 -0.00237886 0.00902164 -0.00115576 0.00223692 -0.00115576 0.00823599)
(0.0192035 -0.00205111 0.00273719 -0.00205111 0.0097541 -0.000567505 0.00273719 -0.000567505 0.00519978)
(0.0171267 0.000129327 0.00488888 0.000129327 0.00823624 -0.00153329 0.00488888 -0.00153329 0.00572449)
(0.0157719 -0.00159935 0.00608854 -0.00159935 0.00894016 -0.00239456 0.00608854 -0.00239456 0.00845026)
(0.0197053 -0.000771188 0.00568434 -0.000771188 0.00857149 -0.00162792 0.00568434 -0.00162792 0.00886141)
(0.00806424 -0.0032297 7.41398e-05 -0.0032297 0.00979104 0.000752502 7.41398e-05 0.000752502 0.00478668)
(0.0103056 -0.00217641 0.000799539 -0.00217641 0.00815124 -0.0024258 0.000799539 -0.0024258 0.00939294)
(0.0150227 -0.00105402 0.000719033 -0.00105402 0.00748149 -0.00342484 0.000719033 -0.00342484 0.00727406)
(0.00911571 -0.00354088 -0.000660878 -0.00354088 0.00684668 -0.00332247 -0.000660878 -0.00332247 0.00536481)
(0.00856296 -0.00620921 -0.0010292 -0.00620921 0.0091814 -0.00346056 -0.0010292 -0.00346056 0.00480639)
(0.00982456 -0.00555504 0.00112434 -0.00555504 0.00677303 -0.00353558 0.00112434 -0.00353558 0.00882565)
(0.0127815 -0.00274274 0.00405145 -0.00274274 0.00947095 -0.00129226 0.00405145 -0.00129226 0.00782412)
(0.00811796 -0.00473054 -0.00233216 -0.00473054 0.0113284 -0.00123222 -0.00233216 -0.00123222 0.00806873)
(0.0171452 -0.00295832 0.00176955 -0.00295832 0.0101055 -0.00116932 0.00176955 -0.00116932 0.00360285)
(0.0102934 -0.00239398 0.000819512 -0.00239398 0.0091317 -0.00120026 0.000819512 -0.00120026 0.00310407)
(0.00720271 -0.00286331 0.000583177 -0.00286331 0.00920037 0.000834958 0.000583177 0.000834958 0.00570684)
(0.0101996 -0.00166326 0.00271399 -0.00166326 0.00772976 -0.00152687 0.00271399 -0.00152687 0.00551744)
(0.0145381 -0.00274836 0.002969 -0.00274836 0.00854313 -0.000403526 0.002969 -0.000403526 0.00800071)
(0.0120472 -0.00463626 -0.00434699 -0.00463626 0.0116752 -0.00116445 -0.00434699 -0.00116445 0.0106519)
(0.0089718 -0.00515692 -0.00204605 -0.00515692 0.011564 -0.000260381 -0.00204605 -0.000260381 0.00786378)
(0.0170255 0.00185686 0.00330087 0.00185686 0.00652212 0.00268763 0.00330087 0.00268763 0.00709406)
(0.0181971 -0.00232265 0.00147449 -0.00232265 0.00769914 0.00159749 0.00147449 0.00159749 0.00686582)
(0.0122154 0.00196455 0.00374801 0.00196455 0.00639457 0.00116924 0.00374801 0.00116924 0.0070287)
(0.0119974 -0.000661434 0.00282786 -0.000661434 0.00763466 -0.000363009 0.00282786 -0.000363009 0.00698168)
(0.00682531 -0.000202173 0.00104566 -0.000202173 0.00620814 -6.12903e-05 0.00104566 -6.12903e-05 0.0036882)
(0.00743412 -0.00339548 0.00191892 -0.00339548 0.00948942 -0.00252589 0.00191892 -0.00252589 0.00606221)
(0.00756951 -0.00328358 -0.000126642 -0.00328358 0.0086367 -0.00245691 -0.000126642 -0.00245691 0.00605846)
(0.00573731 -0.00187223 0.00226018 -0.00187223 0.00784191 -0.000985794 0.00226018 -0.000985794 0.00372291)
(0.0107514 -0.00505462 -0.000415359 -0.00505462 0.0115501 0.00064385 -0.000415359 0.00064385 0.0074567)
(0.0118603 0.000249282 0.00258864 0.000249282 0.00740619 -0.00037164 0.00258864 -0.00037164 0.00578915)
(0.0124527 -0.00130002 0.00147631 -0.00130002 0.00862727 -0.00165219 0.00147631 -0.00165219 0.00634418)
(0.00606281 -0.00246728 0.000510296 -0.00246728 0.00776339 -0.00231708 0.000510296 -0.00231708 0.00358267)
(0.0145642 -0.00035257 0.00241093 -0.00035257 0.00708218 -0.00362006 0.00241093 -0.00362006 0.00673773)
(0.00260752 -0.00173307 0.00360272 -0.00173307 0.00807747 -0.00257288 0.00360272 -0.00257288 0.00482683)
(0.00670825 -0.00287968 0.00120433 -0.00287968 0.00976822 0.000330217 0.00120433 0.000330217 0.00623915)
(0.0136344 -0.00124642 0.0014572 -0.00124642 0.00999828 -0.0020888 0.0014572 -0.0020888 0.0120392)
(0.015095 -0.00135625 -0.00171422 -0.00135625 0.0110762 -0.00142507 -0.00171422 -0.00142507 0.00810714)
(0.0114338 -0.0032534 0.003668 -0.0032534 0.00915472 -0.00167109 0.003668 -0.00167109 0.0073332)
(0.0137194 -0.00415204 0.00289827 -0.00415204 0.00943447 -0.00135673 0.00289827 -0.00135673 0.00511874)
(0.0117725 -0.00094579 0.00052179 -0.00094579 0.00765514 0.000943913 0.00052179 0.000943913 0.00602531)
(0.0124359 -0.00164287 0.00361326 -0.00164287 0.0091621 0.000615254 0.00361326 0.000615254 0.00707936)
(0.0174745 -0.00273484 0.00313256 -0.00273484 0.00978974 -0.000146222 0.00313256 -0.000146222 0.0061829)
(0.0104877 -0.00251475 0.00316812 -0.00251475 0.00924193 -0.00243578 0.00316812 -0.00243578 0.00462654)
(0.0125667 -0.00301327 0.00383827 -0.00301327 0.00923615 -0.0030288 0.00383827 -0.0030288 0.00537004)
(0.0142656 0.000149624 0.00451543 0.000149624 0.00824882 -0.00145364 0.00451543 -0.00145364 0.0038503)
(0.019106 0.00209711 0.00422674 0.00209711 0.00648271 0.000378687 0.00422674 0.000378687 0.00588725)
(0.01443 -0.00266671 0.000422131 -0.00266671 0.00799359 -0.00348617 0.000422131 -0.00348617 0.00766427)
(0.013339 -0.00237804 -5.32409e-05 -0.00237804 0.00620004 -0.00440975 -5.32409e-05 -0.00440975 0.00779331)
(0.0110224 -0.00229817 0.000634937 -0.00229817 0.00656326 -0.00322963 0.000634937 -0.00322963 0.00803015)
(0.0150072 -0.00517604 -0.000366446 -0.00517604 0.00863001 -0.00296051 -0.000366446 -0.00296051 0.00584634)
(0.0200908 -0.00397311 -0.000309368 -0.00397311 0.00660907 -0.00199612 -0.000309368 -0.00199612 0.00976989)
(0.0139102 -0.00300869 0.00102087 -0.00300869 0.0092375 -0.00176884 0.00102087 -0.00176884 0.00801804)
(0.00887342 -0.000396347 0.000235731 -0.000396347 0.00810145 -0.0014535 0.000235731 -0.0014535 0.0035952)
(0.0121697 -0.00427689 -0.00200828 -0.00427689 0.0117995 -0.000682195 -0.00200828 -0.000682195 0.00901422)
(0.0105386 -0.0032533 0.00187051 -0.0032533 0.0105664 -0.000689878 0.00187051 -0.000689878 0.00785797)
(0.00372649 -0.00236441 -0.000612228 -0.00236441 0.00829446 0.00102927 -0.000612228 0.00102927 0.00677243)
(0.0155893 -0.00415939 0.00128856 -0.00415939 0.009428 -0.00265753 0.00128856 -0.00265753 0.00697088)
(0.0216869 -0.00261061 -0.00146826 -0.00261061 0.00786962 0.000619351 -0.00146826 0.000619351 0.00781904)
(0.0177619 -0.00208565 -0.00287257 -0.00208565 0.00746767 0.0013986 -0.00287257 0.0013986 0.00477813)
(0.0126863 -0.00371229 0.00104266 -0.00371229 0.0114205 -0.000372402 0.00104266 -0.000372402 0.00785659)
(0.0127699 -0.00129434 0.0018464 -0.00129434 0.00898704 -0.00129278 0.0018464 -0.00129278 0.00222296)
(0.00898953 -0.0019582 0.000431092 -0.0019582 0.011282 -0.00363682 0.000431092 -0.00363682 0.00601697)
(0.0116599 -0.00376325 -0.00127837 -0.00376325 0.00812428 0.000662599 -0.00127837 0.000662599 0.00512468)
(0.0135391 -0.00154089 -0.00114724 -0.00154089 0.00682366 0.00212381 -0.00114724 0.00212381 0.00609886)
(0.0171385 -0.00190197 0.00102158 -0.00190197 0.00818983 -0.00014096 0.00102158 -0.00014096 0.00666274)
(0.013885 -0.00273789 -0.000985621 -0.00273789 0.0093101 -0.00305939 -0.000985621 -0.00305939 0.00926944)
(0.0111653 -0.00225879 -0.000297925 -0.00225879 0.00812938 -0.00204087 -0.000297925 -0.00204087 0.00968515)
(0.00294351 -0.000548712 -1.41878e-05 -0.000548712 0.00389664 -0.00105756 -1.41878e-05 -0.00105756 0.0032483)
(0.013135 -0.00241518 0.00251734 -0.00241518 0.010136 0.000194971 0.00251734 0.000194971 0.00743393)
(0.0136572 -4.80292e-05 0.000848437 -4.80292e-05 0.00771352 -0.00123612 0.000848437 -0.00123612 0.0063799)
(0.012765 0.000350536 0.00363811 0.000350536 0.00617602 0.000530654 0.00363811 0.000530654 0.00885514)
(0.0135257 -0.00198663 0.00126325 -0.00198663 0.00937214 8.12355e-05 0.00126325 8.12355e-05 0.00899796)
(0.0125366 -0.00295281 0.00173265 -0.00295281 0.00867599 -0.00261062 0.00173265 -0.00261062 0.00717559)
(0.00665438 -0.00382578 0.00199594 -0.00382578 0.00976528 -0.00259619 0.00199594 -0.00259619 0.00625674)
(0.00856289 -0.0043011 -0.00266729 -0.0043011 0.0114749 -0.00328191 -0.00266729 -0.00328191 0.00814546)
(0.0186468 0.00229256 0.00402983 0.00229256 0.00799613 -0.00281799 0.00402983 -0.00281799 0.011684)
(0.0156221 -0.000554221 0.00267094 -0.000554221 0.00963663 -0.00293819 0.00267094 -0.00293819 0.00952291)
(0.00979401 -6.98641e-05 0.00255478 -6.98641e-05 0.00773262 -0.000979747 0.00255478 -0.000979747 0.00713219)
(0.00699684 -0.00034573 0.000252701 -0.00034573 0.00520365 -0.00035011 0.000252701 -0.00035011 0.00216563)
(0.008397 -0.00234946 -0.00119506 -0.00234946 0.0077389 -0.00252321 -0.00119506 -0.00252321 0.00609972)
(0.0182134 -0.00135636 0.00314638 -0.00135636 0.00912828 -0.000175526 0.00314638 -0.000175526 0.00697281)
(0.0137494 -0.00127543 0.00269135 -0.00127543 0.00830845 -0.000306816 0.00269135 -0.000306816 0.00798829)
(0.00697505 -0.00352238 0.00089439 -0.00352238 0.00834179 -0.00300622 0.00089439 -0.00300622 0.00553063)
(0.0168902 -0.00169275 0.00369593 -0.00169275 0.00814785 -0.00309556 0.00369593 -0.00309556 0.00651451)
(0.0131832 -0.00371066 0.00241998 -0.00371066 0.00840369 -0.00200303 0.00241998 -0.00200303 0.00667754)
(0.0125051 -0.00115099 0.0035544 -0.00115099 0.0076016 -0.00146963 0.0035544 -0.00146963 0.00634357)
(0.00634289 -0.00307855 -0.000864092 -0.00307855 0.00566942 -0.00258476 -0.000864092 -0.00258476 0.00831981)
(0.0105991 -0.00285328 -0.00187953 -0.00285328 0.00797425 -0.00308402 -0.00187953 -0.00308402 0.00876671)
(0.00257334 -0.00112379 0.00100785 -0.00112379 0.00525515 -0.00279833 0.00100785 -0.00279833 0.00488498)
(0.0149901 -0.0052855 -0.000317848 -0.0052855 0.00957531 -0.00443536 -0.000317848 -0.00443536 0.00451333)
(0.0153518 -0.00383864 0.00205656 -0.00383864 0.00854729 -0.000878831 0.00205656 -0.000878831 0.0128379)
(0.0161053 0.000756835 0.00316832 0.000756835 0.00746276 -0.00137438 0.00316832 -0.00137438 0.00291312)
(0.0159544 -0.00245482 0.00263995 -0.00245482 0.00966474 -0.00238108 0.00263995 -0.00238108 0.00510027)
(0.0111828 -0.00241743 0.00158384 -0.00241743 0.00950381 0.000232565 0.00158384 0.000232565 0.00625875)
(0.00933131 -0.00493283 0.000576496 -0.00493283 0.0109169 0.000599906 0.000576496 0.000599906 0.00592765)
(0.00881043 -0.00260117 0.000702519 -0.00260117 0.00964024 0.00140319 0.000702519 0.00140319 0.00470228)
(0.0093585 -0.0038529 0.00305443 -0.0038529 0.00888053 -0.00248863 0.00305443 -0.00248863 0.00725183)
(0.0153781 -0.000535624 -0.0015793 -0.000535624 0.00635812 0.00208498 -0.0015793 0.00208498 0.00650186)
(0.0191603 -0.00499953 0.00374154 -0.00499953 0.0102147 -0.00187115 0.00374154 -0.00187115 0.009034)
(0.00433621 -0.000554824 0.00339349 -0.000554824 0.00938257 -0.00163088 0.00339349 -0.00163088 0.00493333)
(0.0209934 0.00274256 0.00548169 0.00274256 0.00734061 -0.000155174 0.00548169 -0.000155174 0.00314578)
(0.0106274 -0.00157216 0.000905542 -0.00157216 0.0104234 0.00111429 0.000905542 0.00111429 0.00766877)
(0.0075686 -0.00448465 -0.00266852 -0.00448465 0.0114735 -0.00138597 -0.00266852 -0.00138597 0.00938643)
(0.00591851 -4.46383e-05 6.01169e-05 -4.46383e-05 0.00626388 0.00202082 6.01169e-05 0.00202082 0.00577469)
(0.0115929 -0.000197955 -0.000472475 -0.000197955 0.00684076 0.000557523 -0.000472475 0.000557523 0.00379266)
(0.00679521 -0.00136739 -0.00150327 -0.00136739 0.0033605 -0.00154085 -0.00150327 -0.00154085 0.00551212)
(0.0076625 -0.00353417 -0.00113544 -0.00353417 0.00708981 -0.0024611 -0.00113544 -0.0024611 0.00727636)
(0.00974348 -0.0024338 0.000642797 -0.0024338 0.00895386 0.001462 0.000642797 0.001462 0.00646498)
(0.00683583 -0.00285373 -0.000477454 -0.00285373 0.00717077 -0.00252097 -0.000477454 -0.00252097 0.0043647)
(0.00745779 -0.00344944 -0.000556172 -0.00344944 0.010722 -0.00274143 -0.000556172 -0.00274143 0.00767658)
(0.0106469 0.0015441 0.00146255 0.0015441 0.00833503 0.00113997 0.00146255 0.00113997 0.00412958)
(0.0133867 -0.00311736 0.00196603 -0.00311736 0.00879458 0.00025675 0.00196603 0.00025675 0.00809062)
(0.00635033 -0.00106568 0.000212658 -0.00106568 0.00460898 -0.00259889 0.000212658 -0.00259889 0.00450999)
(0.00793127 -0.00501767 0.000223503 -0.00501767 0.00949543 -0.00330171 0.000223503 -0.00330171 0.00429)
(0.0118234 -0.00207666 0.00366858 -0.00207666 0.00622949 -0.00257984 0.00366858 -0.00257984 0.00973866)
(0.0131635 -0.00097383 0.00142582 -0.00097383 0.00327696 0.000188225 0.00142582 0.000188225 0.0114192)
(0.0199496 -0.00279077 -0.00250436 -0.00279077 0.00830492 0.00315554 -0.00250436 0.00315554 0.00704934)
(0.00794901 -0.0043209 -0.00336564 -0.0043209 0.0110362 -0.00225946 -0.00336564 -0.00225946 0.00905721)
(0.0114885 -0.00412155 -0.000463501 -0.00412155 0.0108502 -0.000495216 -0.000463501 -0.000495216 0.00804498)
(0.0172266 0.00305577 0.00473967 0.00305577 0.00665113 -0.00107723 0.00473967 -0.00107723 0.00538213)
(0.0127482 0.00133541 0.00326852 0.00133541 0.00662228 0.00174811 0.00326852 0.00174811 0.00662981)
(0.0141945 -0.00271023 7.79182e-05 -0.00271023 0.00649889 0.00153171 7.79182e-05 0.00153171 0.00639787)
(0.00230525 -0.000528848 0.00155818 -0.000528848 0.0061879 -0.00183315 0.00155818 -0.00183315 0.00340686)
(0.0120905 -0.00574761 0.000298314 -0.00574761 0.0101694 -0.00422918 0.000298314 -0.00422918 0.00480958)
(0.0101607 0.00052106 -0.00028169 0.00052106 0.00613058 0.00116688 -0.00028169 0.00116688 0.00483126)
(0.00618459 0.000949908 0.00118818 0.000949908 0.00527783 -0.000582933 0.00118818 -0.000582933 0.00391195)
(0.0112092 -0.00172624 0.000776608 -0.00172624 0.0061499 -0.00217015 0.000776608 -0.00217015 0.00902183)
(0.00937111 -0.00207866 -0.00153372 -0.00207866 0.00757423 -0.00410919 -0.00153372 -0.00410919 0.00766343)
(0.00257893 -0.000760168 -7.64234e-05 -0.000760168 0.00423919 -0.00225218 -7.64234e-05 -0.00225218 0.00593172)
(0.0119821 -0.00430686 0.00365062 -0.00430686 0.00649057 -0.00234495 0.00365062 -0.00234495 0.0125768)
(0.0107612 -0.00084113 0.00395923 -0.00084113 0.00567194 -0.000313153 0.00395923 -0.000313153 0.0101437)
(0.0145486 -0.0040081 0.00266865 -0.0040081 0.00966995 -0.00242634 0.00266865 -0.00242634 0.00668747)
(0.0153421 -0.00149608 0.00406414 -0.00149608 0.00929794 -0.00221659 0.00406414 -0.00221659 0.00503894)
(0.0103948 -0.00385579 0.00161008 -0.00385579 0.00920433 -0.00182206 0.00161008 -0.00182206 0.00515121)
(0.00450313 -0.00131832 3.14731e-05 -0.00131832 0.00497012 -0.000207385 3.14731e-05 -0.000207385 0.00306814)
(0.008974 -0.00229359 0.000757687 -0.00229359 0.00929133 0.00157011 0.000757687 0.00157011 0.00602162)
(0.00102781 -0.000337888 0.000551689 -0.000337888 0.00543431 -0.000918776 0.000551689 -0.000918776 0.00585937)
(0.0179005 -0.00306943 -0.00136624 -0.00306943 0.00772184 0.00159794 -0.00136624 0.00159794 0.00880715)
(0.0180354 -0.00389913 0.00214508 -0.00389913 0.00966461 -0.00130228 0.00214508 -0.00130228 0.0087563)
(0.0106512 -0.0020608 0.0041519 -0.0020608 0.0101995 -0.00186931 0.0041519 -0.00186931 0.00640945)
(0.0239509 0.00295349 0.0043216 0.00295349 0.00685415 0.000949807 0.0043216 0.000949807 0.00447286)
(0.0159508 -0.00120367 -0.00108333 -0.00120367 0.00775125 0.00281893 -0.00108333 0.00281893 0.00695915)
(0.0154095 -0.000766934 0.00168177 -0.000766934 0.006603 0.00200174 0.00168177 0.00200174 0.00764368)
(0.00934495 -0.00261847 -0.00131008 -0.00261847 0.00734047 0.00129785 -0.00131008 0.00129785 0.00555241)
(0.00958333 -0.00127143 -0.000547132 -0.00127143 0.00679513 -0.00180298 -0.000547132 -0.00180298 0.00348501)
(0.00852602 -0.00175847 -0.00202657 -0.00175847 0.00576729 -0.00316021 -0.00202657 -0.00316021 0.00605214)
(0.00929955 -0.00416826 -0.000376316 -0.00416826 0.0108924 -0.000128956 -0.000376316 -0.000128956 0.00814458)
(0.0112959 -0.00388063 0.000673497 -0.00388063 0.0104754 0.000389791 0.000673497 0.000389791 0.00765755)
(0.00801477 -0.000252693 6.43637e-05 -0.000252693 0.00553042 -0.00177162 6.43637e-05 -0.00177162 0.00292117)
(0.00919602 -0.00290793 -0.00132709 -0.00290793 0.011028 -0.00333559 -0.00132709 -0.00333559 0.0073809)
(0.0105117 -0.00107046 -0.000599618 -0.00107046 0.00774535 -0.00109475 -0.000599618 -0.00109475 0.00378219)
(0.0152303 -0.00111751 0.00295707 -0.00111751 0.00846708 -0.00208176 0.00295707 -0.00208176 0.00735629)
(0.0117709 -0.00442604 -0.000635452 -0.00442604 0.0093244 -0.00267528 -0.000635452 -0.00267528 0.00546453)
(0.00881964 -0.00378688 -0.00106565 -0.00378688 0.00841632 -0.0034436 -0.00106565 -0.0034436 0.00501783)
(0.00869359 -0.000797783 0.00280264 -0.000797783 0.00449978 -0.0011062 0.00280264 -0.0011062 0.00765069)
(0.0150014 -0.00071583 0.00340848 -0.00071583 0.00369917 -0.00154955 0.00340848 -0.00154955 0.0118656)
(0.0161376 -0.000874438 -0.0016727 -0.000874438 0.00676578 0.00222444 -0.0016727 0.00222444 0.00890047)
(0.00850907 -0.00190123 -0.000337047 -0.00190123 0.00744124 -0.00415728 -0.000337047 -0.00415728 0.00653039)
(0.0058999 -0.00162552 0.00130958 -0.00162552 0.00801785 -0.00154078 0.00130958 -0.00154078 0.00339153)
(0.0128556 -0.00188475 0.00306197 -0.00188475 0.00920582 -0.00156812 0.00306197 -0.00156812 0.00698134)
(0.00387332 0.00108263 -0.000653146 0.00108263 0.00453372 0.00115223 -0.000653146 0.00115223 0.00633976)
(0.00354194 -0.00443302 -0.00212838 -0.00443302 0.0105317 -0.0032953 -0.00212838 -0.0032953 0.00784604)
(0.00384159 -0.00555333 -0.00111176 -0.00555333 0.0103304 0.000702443 -0.00111176 0.000702443 0.0053973)
(0.00490056 -0.000105078 0.000685563 -0.000105078 0.00610766 -0.000860012 0.000685563 -0.000860012 0.00344634)
(0.0111552 -0.0019537 -0.00220944 -0.0019537 0.00676948 0.00121933 -0.00220944 0.00121933 0.00402571)
(0.00443012 -0.00128733 0.000474332 -0.00128733 0.00683507 0.00100739 0.000474332 0.00100739 0.00354455)
(0.0108128 -0.00180534 0.0021355 -0.00180534 0.00830138 -0.00307057 0.0021355 -0.00307057 0.0062271)
(0.00690407 -0.00224808 -0.000716349 -0.00224808 0.0069752 -0.0036818 -0.000716349 -0.0036818 0.00515821)
(0.00721515 -0.00253266 6.82883e-05 -0.00253266 0.00871372 0.00173976 6.82883e-05 0.00173976 0.00592133)
(0.0146922 -0.00342147 0.0020645 -0.00342147 0.0098932 0.00125736 0.0020645 0.00125736 0.00646639)
(0.0124856 7.66888e-05 -0.00177714 7.66888e-05 0.00768432 -0.00350185 -0.00177714 -0.00350185 0.00611592)
(0.0124694 -0.000166683 0.00405242 -0.000166683 0.00811628 -0.000352746 0.00405242 -0.000352746 0.00778189)
(0.0091666 -0.00315392 0.00328178 -0.00315392 0.00858071 -0.0016891 0.00328178 -0.0016891 0.00675139)
(0.0166568 -0.00267706 0.00211157 -0.00267706 0.0091365 -0.00354412 0.00211157 -0.00354412 0.0055702)
(0.00315524 -0.000590934 -0.000119154 -0.000590934 0.00223954 0.000508875 -0.000119154 0.000508875 0.00166355)
(0.00459184 -0.00128987 -0.000752013 -0.00128987 0.00636886 -0.00186712 -0.000752013 -0.00186712 0.00530583)
(0.00237219 -0.00148869 -0.00174903 -0.00148869 0.00180751 0.00144775 -0.00174903 0.00144775 0.00445785)
(0.0154206 -0.00376225 0.00201786 -0.00376225 0.00883961 -0.000575969 0.00201786 -0.000575969 0.00777763)
(0.0120636 0.000405899 0.00344351 0.000405899 0.00708674 0.000331474 0.00344351 0.000331474 0.00728915)
(0.0130638 0.000719386 0.000736084 0.000719386 0.00658156 0.00155189 0.000736084 0.00155189 0.0061013)
(0.0141755 0.000818111 0.000329729 0.000818111 0.0061371 0.0029435 0.000329729 0.0029435 0.00739361)
(0.011764 0.000937907 0.000836546 0.000937907 0.00655187 0.00180344 0.000836546 0.00180344 0.00524832)
(0.0130639 0.00196721 0.00316136 0.00196721 0.00684855 0.000926883 0.00316136 0.000926883 0.00639122)
(0.00736359 -0.00194204 -0.00021232 -0.00194204 0.00807279 -0.000270742 -0.00021232 -0.000270742 0.00692457)
(0.0119234 -0.00182418 0.00191264 -0.00182418 0.00665531 -0.00195331 0.00191264 -0.00195331 0.00638859)
(0.00853737 -0.000843825 -0.000729924 -0.000843825 0.00382404 -0.00331875 -0.000729924 -0.00331875 0.00701483)
(0.0121224 -0.00508256 5.23338e-05 -0.00508256 0.0117658 0.00063875 5.23338e-05 0.00063875 0.00733269)
(0.00353039 -2.58675e-05 -0.000988913 -2.58675e-05 0.00268703 0.00090644 -0.000988913 0.00090644 0.00531476)
(0.0114215 -0.00102194 0.000161136 -0.00102194 0.00640212 -0.00112798 0.000161136 -0.00112798 0.00227877)
(0.0164819 -0.00112204 -3.66922e-05 -0.00112204 0.00585813 0.0030047 -3.66922e-05 0.0030047 0.0109133)
(0.0143952 0.00168989 0.00208452 0.00168989 0.00727758 -0.00021222 0.00208452 -0.00021222 0.00688181)
(0.0168858 -0.00168375 0.00356463 -0.00168375 0.00915036 -0.00151793 0.00356463 -0.00151793 0.00492197)
(0.0124624 -0.00475485 0.00335775 -0.00475485 0.00966756 -0.00270151 0.00335775 -0.00270151 0.00684084)
(0.013607 -0.00416569 -0.00124745 -0.00416569 0.00931586 -0.0031479 -0.00124745 -0.0031479 0.00568948)
(0.0109858 -0.00195188 -0.000148035 -0.00195188 0.0114598 -0.00208509 -0.000148035 -0.00208509 0.00605101)
(0.0130598 -0.000992358 0.000353344 -0.000992358 0.00355431 0.000685098 0.000353344 0.000685098 0.0119973)
(0.00810164 0.000591769 0.000270208 0.000591769 0.00330024 0.000830153 0.000270208 0.000830153 0.00720453)
(0.00639512 -0.000742665 0.00188315 -0.000742665 0.00739055 -0.000564351 0.00188315 -0.000564351 0.00543302)
(0.0117538 0.000957884 0.00294391 0.000957884 0.00759599 -0.000635701 0.00294391 -0.000635701 0.006876)
(0.00853309 0.00188928 0.00158241 0.00188928 0.00706426 -0.000703516 0.00158241 -0.000703516 0.00421327)
(0.00402161 -0.000176481 0.00159681 -0.000176481 0.00846384 0.0007328 0.00159681 0.0007328 0.0037314)
(0.0153648 -0.000751585 -0.000855884 -0.000751585 0.0108637 -0.00183747 -0.000855884 -0.00183747 0.00785238)
(0.00675195 -0.0049689 -0.00280434 -0.0049689 0.0110394 -0.00176484 -0.00280434 -0.00176484 0.00840708)
(0.00658008 -0.00530139 -0.000991841 -0.00530139 0.0107942 0.00106231 -0.000991841 0.00106231 0.00700206)
(0.00375634 -0.00168038 -0.000284347 -0.00168038 0.00654765 -0.000229715 -0.000284347 -0.000229715 0.0048953)
(0.00158743 0.000167543 0.000292931 0.000167543 0.00180543 -0.000408343 0.000292931 -0.000408343 0.00157866)
(0.00114284 -0.00129937 7.18646e-05 -0.00129937 0.00306132 -0.00136482 7.18646e-05 -0.00136482 0.00614113)
(0.00589674 -0.00415573 -0.000395674 -0.00415573 0.00827587 -0.00318961 -0.000395674 -0.00318961 0.00567099)
(0.0032992 0.00108209 -0.000307762 0.00108209 0.00388107 0.00180202 -0.000307762 0.00180202 0.0042049)
(0.00960914 -0.00170766 0.0013403 -0.00170766 0.00952431 0.000448686 0.0013403 0.000448686 0.00569726)
(0.0132484 -0.000581131 0.00138303 -0.000581131 0.00874496 -0.00180117 0.00138303 -0.00180117 0.00852806)
(0.0107131 0.00149918 0.00178866 0.00149918 0.00639497 0.000679904 0.00178866 0.000679904 0.00589064)
(0.01128 -0.00217826 -0.00155864 -0.00217826 0.00748429 0.000552155 -0.00155864 0.000552155 0.00338567)
(0.0076426 -0.00298308 0.00277737 -0.00298308 0.00616535 -0.00318316 0.00277737 -0.00318316 0.00501408)
(0.00422677 -0.000293441 0.000473684 -0.000293441 0.00238545 -0.000368719 0.000473684 -0.000368719 0.00111152)
(0.00659951 0.00187108 0.00127138 0.00187108 0.00516664 0.00100344 0.00127138 0.00100344 0.00375812)
(0.00126075 5.91092e-05 -0.00075041 5.91092e-05 0.00347084 -0.000530616 -0.00075041 -0.000530616 0.00228346)
(0.0102722 -0.00277906 0.00245176 -0.00277906 0.0082273 -0.000899642 0.00245176 -0.000899642 0.00659887)
(0.0102275 -0.0029083 0.000692116 -0.0029083 0.00784075 -0.000993579 0.000692116 -0.000993579 0.00629386)
(0.011788 -0.000788762 -0.00102766 -0.000788762 0.0065047 0.00167493 -0.00102766 0.00167493 0.00469784)
