/*--------------------------------*- C++ -*----------------------------------*\
  =========                 |
  \\      /  F ield         | OpenFOAM: The Open Source CFD Toolbox
   \\    /   O peration     | Website:  https://openfoam.org
    \\  /    A nd           | Version:  10
     \\/     M anipulation  |
\*---------------------------------------------------------------------------*/
FoamFile
{
    format      ascii;
    class       volTensorField;
    location    "16";
    object      TauNN;
}
// * * * * * * * * * * * * * * * * * * * * * * * * * * * * * * * * * * * * * //

dimensions      [0 2 -2 0 0 0 0];

internalField   nonuniform List<tensor> 
25600
(
(0.00151261 -0.00315434 0.00545789 -0.00315434 0.00948691 -0.00218662 0.00545789 -0.00218662 0.00896028)
(0.000418307 -0.00303578 0.00527892 -0.00303578 0.00915651 -0.00248602 0.00527892 -0.00248602 0.00800995)
(0.00147912 -0.00262067 0.00417958 -0.00262067 0.00799223 -0.00293668 0.00417958 -0.00293668 0.00604794)
(0.00133322 -0.00239044 0.00418296 -0.00239044 0.00784748 -0.00284918 0.00418296 -0.00284918 0.00590983)
(-0.000554917 -0.00266359 0.00511613 -0.00266359 0.00886955 -0.00236467 0.00511613 -0.00236467 0.00762942)
(0.00180158 -0.00261846 0.00394246 -0.00261846 0.00770025 -0.00294666 0.00394246 -0.00294666 0.00585926)
(0.00328412 -0.00272049 0.00320551 -0.00272049 0.00677167 -0.0031008 0.00320551 -0.0031008 0.00515374)
(-0.00154339 -0.00221758 0.00513103 -0.00221758 0.00931261 -0.00122293 0.00513103 -0.00122293 0.0078208)
(-0.00164733 -0.00313785 0.00573983 -0.00313785 0.0096895 -0.00156255 0.00573983 -0.00156255 0.00876281)
(-0.000393967 -0.00222933 0.00472493 -0.00222933 0.0098193 -0.00129816 0.00472493 -0.00129816 0.00816594)
(0.000314802 -0.00350689 0.00569601 -0.00350689 0.0096586 -0.00193251 0.00569601 -0.00193251 0.00914843)
(-8.22224e-05 -0.00290415 0.00523578 -0.00290415 0.0090431 -0.00240403 0.00523578 -0.00240403 0.00791888)
(-0.00106359 -0.00236105 0.00508066 -0.00236105 0.0088047 -0.00178908 0.00508066 -0.00178908 0.008131)
(0.00350161 -0.00281232 0.00309421 -0.00281232 0.0068535 -0.00313792 0.00309421 -0.00313792 0.00509736)
(0.00183915 -0.00207674 0.00404961 -0.00207674 0.00753074 -0.00270892 0.00404961 -0.00270892 0.00570314)
(0.00315767 -0.00230928 0.00326088 -0.00230928 0.00711099 -0.00282445 0.00326088 -0.00282445 0.00537088)
(-2.98453e-05 -0.00299876 0.0045911 -0.00299876 0.00858292 -0.00250577 0.0045911 -0.00250577 0.00710806)
(0.0024318 -0.00224839 0.0037045 -0.00224839 0.00734037 -0.00283401 0.0037045 -0.00283401 0.00548306)
(0.000647216 -0.00148037 0.00450239 -0.00148037 0.0081079 -0.00170344 0.00450239 -0.00170344 0.00677983)
(-0.00169909 -0.00238775 0.00557962 -0.00238775 0.00970817 -0.00160658 0.00557962 -0.00160658 0.00784899)
(0.000777925 -0.00182288 0.0043467 -0.00182288 0.00951377 -0.00119345 0.0043467 -0.00119345 0.00714798)
(0.000278654 -0.00286141 0.00625859 -0.00286141 0.0101738 -0.00212534 0.00625859 -0.00212534 0.00874345)
(0.00101331 -0.00366043 0.00590261 -0.00366043 0.00983773 -0.00190763 0.00590261 -0.00190763 0.00957408)
(-0.000329207 -0.00336331 0.00557971 -0.00336331 0.0093168 -0.00202551 0.00557971 -0.00202551 0.00867147)
(0.00358193 -0.00253336 0.00329736 -0.00253336 0.00675779 -0.0030503 0.00329736 -0.0030503 0.00509743)
(-0.00135185 -0.00245744 0.00507447 -0.00245744 0.008986 -0.00183022 0.00507447 -0.00183022 0.00813533)
(2.25991e-05 -0.00261944 0.005103 -0.00261944 0.00896959 -0.00238373 0.005103 -0.00238373 0.00772484)
(0.0010172 -0.00249723 0.00457939 -0.00249723 0.00807925 -0.0027448 0.00457939 -0.0027448 0.00644405)
(-0.00080351 -0.00247279 0.00503022 -0.00247279 0.0086549 -0.00220038 0.00503022 -0.00220038 0.00757025)
(-0.000626607 -0.00209585 0.00480692 -0.00209585 0.00840938 -0.00225224 0.00480692 -0.00225224 0.00699899)
(-3.3333e-05 -0.00172055 0.00465963 -0.00172055 0.0081485 -0.00225892 0.00465963 -0.00225892 0.00643874)
(-0.00126042 -0.00174335 0.00480525 -0.00174335 0.00862422 -0.00126642 0.00480525 -0.00126642 0.00787424)
(-0.00193519 -0.00285827 0.00528856 -0.00285827 0.00960764 -0.0011977 0.00528856 -0.0011977 0.00877981)
(0.00165094 -0.00226676 0.00421939 -0.00226676 0.00780914 -0.0027681 0.00421939 -0.0027681 0.00594247)
(0.00430393 -0.00317471 0.00233443 -0.00317471 0.00644447 -0.00331479 0.00233443 -0.00331479 0.00508602)
(-0.000700506 -0.00265432 0.00500883 -0.00265432 0.00868788 -0.00233979 0.00500883 -0.00233979 0.00752917)
(-0.00148874 -0.00150718 0.00506473 -0.00150718 0.00926959 -0.00147194 0.00506473 -0.00147194 0.00644836)
(0.000296618 -0.00287546 0.00591114 -0.00287546 0.00969712 -0.00186359 0.00591114 -0.00186359 0.00803192)
(-0.000949078 -0.00291661 0.00640101 -0.00291661 0.0100819 -0.0022051 0.00640101 -0.0022051 0.0084535)
(0.0002826 -0.00359698 0.00589986 -0.00359698 0.00984308 -0.00190952 0.00589986 -0.00190952 0.0093113)
(0.000413087 -0.00296363 0.00597928 -0.00296363 0.00982252 -0.00252051 0.00597928 -0.00252051 0.00816535)
(0.00230809 -0.00149452 0.00552803 -0.00149452 0.00826308 -0.00271664 0.00552803 -0.00271664 0.00626536)
(0.002706 0.000507639 0.00447886 0.000507639 0.00437979 -0.00376208 0.00447886 -0.00376208 0.00601463)
(0.00368468 -0.00247352 0.00387601 -0.00247352 0.00750556 -0.0032204 0.00387601 -0.0032204 0.00648207)
(-3.3586e-05 -0.00269651 0.00501644 -0.00269651 0.00904776 -0.00260671 0.00501644 -0.00260671 0.00807042)
(0.0022406 -0.000130244 0.00443037 -0.000130244 0.00587108 -0.00380611 0.00443037 -0.00380611 0.00585165)
(0.00578637 -0.00118765 0.00311949 -0.00118765 0.00581339 -0.00349473 0.00311949 -0.00349473 0.00766877)
(0.00964103 0.000966045 0.00624957 0.000966045 0.0082614 -0.0015028 0.00624957 -0.0015028 0.00740321)
(0.00245007 -0.00132198 0.00437072 -0.00132198 0.0094675 -0.00144006 0.00437072 -0.00144006 0.00717084)
(0.00593029 -0.000740488 0.00143723 -0.000740488 0.00858712 0.000828715 0.00143723 0.000828715 0.00653394)
(0.00118343 -0.00217955 0.00572212 -0.00217955 0.00932731 -0.00205099 0.00572212 -0.00205099 0.0069195)
(0.000380823 -0.00194965 0.00585006 -0.00194965 0.00889508 -0.00246869 0.00585006 -0.00246869 0.00730852)
(-0.00121715 -0.000851474 0.00534307 -0.000851474 0.00869136 -0.00198167 0.00534307 -0.00198167 0.00742202)
(0.0119476 -0.00339324 -0.000791217 -0.00339324 0.00550499 -0.00122731 -0.000791217 -0.00122731 0.0118987)
(0.00401303 -0.00325381 0.00364266 -0.00325381 0.00892967 -0.00301486 0.00364266 -0.00301486 0.00712989)
(0.00340814 0.00045665 0.00566924 0.00045665 0.00650284 -0.00291101 0.00566924 -0.00291101 0.00649518)
(0.00460103 0.00139864 0.00467631 0.00139864 0.00378052 -0.00273972 0.00467631 -0.00273972 0.00505346)
(0.00196715 -9.33558e-06 0.0050367 -9.33558e-06 0.00672626 -0.00312628 0.0050367 -0.00312628 0.00566878)
(0.00293622 0.000455573 0.00614428 0.000455573 0.00854548 -0.00206264 0.00614428 -0.00206264 0.00770552)
(0.00449388 -0.000216481 0.00447215 -0.000216481 0.00907002 -0.00130311 0.00447215 -0.00130311 0.00594143)
(0.0135218 0.00111138 0.00305042 0.00111138 0.00860957 -0.000319545 0.00305042 -0.000319545 0.00386718)
(0.000788386 -0.00162961 0.00451563 -0.00162961 0.0098787 -0.00137919 0.00451563 -0.00137919 0.00745013)
(0.00249465 -0.00323586 0.00675171 -0.00323586 0.00985546 -0.00230319 0.00675171 -0.00230319 0.00861836)
(0.00210803 -0.00257498 0.00612831 -0.00257498 0.00898501 -0.00240545 0.00612831 -0.00240545 0.0073498)
(0.0028522 0.000221595 0.00373271 0.000221595 0.0038415 -0.00443604 0.00373271 -0.00443604 0.00629228)
(0.000935428 -0.00184323 0.00447478 -0.00184323 0.00945288 -0.00181958 0.00447478 -0.00181958 0.00819704)
(0.00227613 -0.00327421 0.00431774 -0.00327421 0.00951354 -0.0019642 0.00431774 -0.0019642 0.00913685)
(0.003777 -0.00273422 0.00523827 -0.00273422 0.00854709 -0.00309745 0.00523827 -0.00309745 0.0075199)
(0.00144677 -0.000109685 0.0068514 -0.000109685 0.00839887 -0.00249355 0.0068514 -0.00249355 0.00818962)
(-0.00115002 -0.00165434 0.00575634 -0.00165434 0.00899898 -0.00222577 0.00575634 -0.00222577 0.00725903)
(-0.0011033 -0.00196327 0.00552214 -0.00196327 0.00901067 -0.00264553 0.00552214 -0.00264553 0.00848607)
(0.000425629 -0.00074442 0.00413009 -0.00074442 0.00917576 -0.00169165 0.00413009 -0.00169165 0.00758888)
(0.00204483 -0.000627515 0.00288177 -0.000627515 0.00915343 -0.000593022 0.00288177 -0.000593022 0.00677419)
(0.00279476 -0.00168891 0.00459167 -0.00168891 0.00852606 -0.00305305 0.00459167 -0.00305305 0.00629408)
(0.00528645 0.00118147 0.00456408 0.00118147 0.00355737 -0.00357505 0.00456408 -0.00357505 0.00605939)
(0.00453165 0.000595771 0.00690578 0.000595771 0.0070878 -0.0023194 0.00690578 -0.0023194 0.00739995)
(0.00757836 0.000690748 0.00331541 0.000690748 0.00828551 -0.00100342 0.00331541 -0.00100342 0.00383121)
(0.00850593 -0.00044363 0.00381419 -0.00044363 0.00904305 -0.00129938 0.00381419 -0.00129938 0.00411988)
(0.00375494 -0.00173873 0.0046274 -0.00173873 0.00958752 -0.00153144 0.0046274 -0.00153144 0.00614496)
(0.00049175 -0.002186 0.00550267 -0.002186 0.00981641 -0.00186463 0.00550267 -0.00186463 0.00728899)
(0.00467182 -0.000529272 0.000842402 -0.000529272 0.00269555 -0.000752758 0.000842402 -0.000752758 0.00346062)
(0.00973404 -0.00325292 0.00485042 -0.00325292 0.010563 -0.00264528 0.00485042 -0.00264528 0.00568003)
(0.00466039 -0.000449851 0.00426148 -0.000449851 0.00567805 -0.00290982 0.00426148 -0.00290982 0.00574173)
(0.00147191 -0.00172261 0.0043598 -0.00172261 0.00838387 -0.00308601 0.0043598 -0.00308601 0.00498654)
(0.00411887 -0.00449559 0.00446246 -0.00449559 0.0101613 -0.00268295 0.00446246 -0.00268295 0.00585721)
(0.000794144 -0.0031473 0.00497653 -0.0031473 0.00972204 -0.00325386 0.00497653 -0.00325386 0.00644183)
(0.00236688 -0.00250222 0.00360726 -0.00250222 0.00846787 -0.00316878 0.00360726 -0.00316878 0.0047779)
(0.012926 0.00123645 0.00457536 0.00123645 0.00754685 0.000897993 0.00457536 0.000897993 0.00604789)
(0.00885792 0.00303052 0.00425498 0.00303052 0.00592749 0.000426468 0.00425498 0.000426468 0.00594837)
(0.0198254 -0.0023375 0.000997473 -0.0023375 0.00827866 0.00272107 0.000997473 0.00272107 0.0100255)
(0.0110427 -0.00571459 0.00476589 -0.00571459 0.01052 -0.0035743 0.00476589 -0.0035743 0.00744611)
(0.0101368 -0.00430998 0.00394456 -0.00430998 0.0101653 -0.00333567 0.00394456 -0.00333567 0.00548905)
(0.0137942 -0.00439706 0.00436275 -0.00439706 0.0103352 -0.00124853 0.00436275 -0.00124853 0.00775063)
(0.0027688 0.000554746 0.00396848 0.000554746 0.00566786 -0.002598 0.00396848 -0.002598 0.00467366)
(0.00502717 -0.00301732 0.00371639 -0.00301732 0.0092625 -0.00208285 0.00371639 -0.00208285 0.00559337)
(0.00192219 -0.00231236 0.0048819 -0.00231236 0.009364 -0.00171332 0.0048819 -0.00171332 0.00496573)
(0.00515227 -0.000915048 0.00387584 -0.000915048 0.00904712 -0.00200404 0.00387584 -0.00200404 0.00375738)
(0.00194246 -0.00147602 0.00412996 -0.00147602 0.00746017 -0.00326157 0.00412996 -0.00326157 0.00559428)
(0.00498891 -0.0021246 0.00344334 -0.0021246 0.00970719 -9.97456e-05 0.00344334 -9.97456e-05 0.00696922)
(0.0172674 -0.00317911 0.00321279 -0.00317911 0.0102961 -2.33436e-05 0.00321279 -2.33436e-05 0.00584865)
(0.0197588 -0.00240623 0.00330669 -0.00240623 0.00957211 0.000939697 0.00330669 0.000939697 0.00579475)
(0.00897278 0.00122343 0.00472503 0.00122343 0.0065581 0.000126862 0.00472503 0.000126862 0.00715563)
(0.0174109 -0.00754438 0.00480744 -0.00754438 0.0109986 -0.00342156 0.00480744 -0.00342156 0.00924889)
(0.0138593 -0.00654489 0.00541889 -0.00654489 0.0108456 -0.00385413 0.00541889 -0.00385413 0.00864334)
(0.00307088 -0.000380745 0.00402597 -0.000380745 0.00534416 -0.0033866 0.00402597 -0.0033866 0.00644531)
(0.0042287 -0.00222456 0.00486038 -0.00222456 0.0100337 -0.00138852 0.00486038 -0.00138852 0.00627135)
(0.00913209 -0.00506266 0.00464387 -0.00506266 0.0102918 -0.00303497 0.00464387 -0.00303497 0.00645439)
(0.00790527 -0.0031816 0.000971863 -0.0031816 0.00836366 -0.00244837 0.000971863 -0.00244837 0.0044388)
(0.00940511 -0.00245426 0.00472001 -0.00245426 0.00954979 -0.000921886 0.00472001 -0.000921886 0.00569256)
(-0.00169952 -0.00308647 0.00587559 -0.00308647 0.00963474 -0.00169675 0.00587559 -0.00169675 0.00817693)
(0.00210932 -0.00292689 0.005288 -0.00292689 0.00952509 -0.0017469 0.005288 -0.0017469 0.00809755)
(0.00605727 -0.000713318 0.00442789 -0.000713318 0.00850976 0.000184958 0.00442789 0.000184958 0.00659447)
(0.0159938 -0.00397488 0.00293008 -0.00397488 0.00951848 0.00113135 0.00293008 0.00113135 0.00866752)
(0.00176703 -0.00313076 0.00612502 -0.00313076 0.0101757 -0.00265753 0.00612502 -0.00265753 0.00802975)
(0.00372383 -0.00296269 0.00486727 -0.00296269 0.0098613 -0.00181566 0.00486727 -0.00181566 0.00639996)
(0.00437475 -0.00250473 0.00499347 -0.00250473 0.00932903 -0.00106191 0.00499347 -0.00106191 0.00593633)
(0.00954358 -0.00284285 0.00269732 -0.00284285 0.00997487 0.00039385 0.00269732 0.00039385 0.00733732)
(0.0170915 -0.00372627 0.00349658 -0.00372627 0.0102066 -0.000546473 0.00349658 -0.000546473 0.00555555)
(0.011015 -0.00423153 0.0044636 -0.00423153 0.00974685 -0.00113163 0.0044636 -0.00113163 0.00805672)
(0.0073362 -0.00384972 0.00428639 -0.00384972 0.00907339 -0.00130257 0.00428639 -0.00130257 0.00693692)
(0.0142363 -0.0044991 0.000156911 -0.0044991 0.0111016 -0.000293056 0.000156911 -0.000293056 0.00862681)
(0.0141175 -0.00317881 -0.00228195 -0.00317881 0.00621843 0.0007873 -0.00228195 0.0007873 0.00680249)
(0.0133378 -0.00164387 0.00683626 -0.00164387 0.00879173 -0.00237944 0.00683626 -0.00237944 0.00822691)
(0.00269438 -0.000494687 0.00617701 -0.000494687 0.00812165 -0.00240007 0.00617701 -0.00240007 0.00635574)
(0.00917922 0.000130157 0.00393217 0.000130157 0.00739261 -0.00319583 0.00393217 -0.00319583 0.00630927)
(0.016642 -0.00395867 0.000849115 -0.00395867 0.00892414 -0.00288099 0.000849115 -0.00288099 0.0060339)
(0.00432415 -0.00245476 0.0044949 -0.00245476 0.00873819 -0.00283485 0.0044949 -0.00283485 0.00670685)
(0.0149041 -0.000155696 0.00234605 -0.000155696 0.00855621 -0.00068414 0.00234605 -0.00068414 0.00855106)
(0.0135243 -0.00328343 -0.00105108 -0.00328343 0.008789 -0.00233912 -0.00105108 -0.00233912 0.00274786)
(0.0115775 -0.00301531 -0.00356447 -0.00301531 0.0103371 -0.0035332 -0.00356447 -0.0035332 0.00894098)
(0.0221816 -0.00190359 0.00492631 -0.00190359 0.00834355 -0.00288954 0.00492631 -0.00288954 0.00672961)
(0.015662 -0.0045627 0.000944389 -0.0045627 0.00894664 -0.00285244 0.000944389 -0.00285244 0.00544542)
(0.0237693 -0.00246104 0.00441543 -0.00246104 0.0090009 -0.00136945 0.00441543 -0.00136945 0.0104759)
(0.00491022 0.00118445 0.00509483 0.00118445 0.0051822 -0.00247279 0.00509483 -0.00247279 0.0047699)
(0.00295685 -0.00228653 0.00431244 -0.00228653 0.00867804 -0.00273517 0.00431244 -0.00273517 0.00669016)
(0.0110097 -0.00114221 0.00599373 -0.00114221 0.00883009 -0.00212225 0.00599373 -0.00212225 0.00972987)
(0.0185772 -0.00263205 -0.00029893 -0.00263205 0.00926164 -0.0011031 -0.00029893 -0.0011031 0.00284489)
(0.00564067 -0.00412746 0.00310452 -0.00412746 0.00952452 -0.00258372 0.00310452 -0.00258372 0.00659415)
(0.00728365 -0.00110791 0.00335744 -0.00110791 0.00953541 -0.00102322 0.00335744 -0.00102322 0.00623156)
(0.0241185 -0.002136 0.00213788 -0.002136 0.00909956 -0.000264482 0.00213788 -0.000264482 0.00821164)
(0.0193385 -0.00219634 0.0025724 -0.00219634 0.009721 -0.000613214 0.0025724 -0.000613214 0.00643009)
(0.00725355 -0.00302412 -0.000765351 -0.00302412 0.0105815 -0.00218641 -0.000765351 -0.00218641 0.00850175)
(0.0173591 -0.00452856 -0.000299591 -0.00452856 0.00988978 0.000323128 -0.000299591 0.000323128 0.0101583)
(0.0118419 0.000740013 0.00406769 0.000740013 0.00562333 0.000615939 0.00406769 0.000615939 0.00950932)
(0.00790035 -0.000929754 0.00287013 -0.000929754 0.00768105 -0.00440609 0.00287013 -0.00440609 0.0059361)
(0.00847739 0.000505527 0.00475181 0.000505527 0.00820909 -0.00239351 0.00475181 -0.00239351 0.00486739)
(0.0113065 0.000767533 0.00509702 0.000767533 0.00788029 -0.00316108 0.00509702 -0.00316108 0.00606689)
(0.0201921 -0.00340264 0.000502191 -0.00340264 0.00867735 -0.00236265 0.000502191 -0.00236265 0.00972434)
(0.0152414 0.00073828 -0.001775 0.00073828 0.00799506 -0.00305595 -0.001775 -0.00305595 0.00576702)
(0.00514976 -0.00295846 0.00470698 -0.00295846 0.00972546 -0.00208346 0.00470698 -0.00208346 0.00808318)
(0.00906014 -0.00421614 0.00431201 -0.00421614 0.0101439 -0.00231191 0.00431201 -0.00231191 0.00910225)
(0.0106912 -0.000376889 0.00267676 -0.000376889 0.00804296 -0.00135357 0.00267676 -0.00135357 0.00669059)
(0.0153771 -0.000184338 0.000792418 -0.000184338 0.00741659 0.000659216 0.000792418 0.000659216 0.00846647)
(0.0108197 -0.00448743 0.00528325 -0.00448743 0.0104208 -0.00280501 0.00528325 -0.00280501 0.00880977)
(0.00929596 -0.00470275 0.00177156 -0.00470275 0.00980224 -0.00241616 0.00177156 -0.00241616 0.007855)
(0.0151263 -0.000209007 0.00149393 -0.000209007 0.00816769 -0.00175004 0.00149393 -0.00175004 0.00723925)
(0.0135432 0.00191579 0.00269487 0.00191579 0.00607013 0.00114354 0.00269487 0.00114354 0.00759062)
(0.0105724 -0.000325814 -0.00108114 -0.000325814 0.007234 -0.00170034 -0.00108114 -0.00170034 0.00395241)
(0.0117407 -0.00314853 0.00198422 -0.00314853 0.00846123 -0.00182395 0.00198422 -0.00182395 0.00838103)
(0.0154097 -0.00224869 0.0020314 -0.00224869 0.0102535 -0.00123117 0.0020314 -0.00123117 0.00938066)
(0.00288277 -0.00187466 0.00310795 -0.00187466 0.00541436 -0.00218691 0.00310795 -0.00218691 0.00680817)
(0.008864 -0.00419559 -0.00129798 -0.00419559 0.00842689 0.00191531 -0.00129798 0.00191531 0.00898561)
(0.00860542 0.000771531 0.00256966 0.000771531 0.00638813 0.000628748 0.00256966 0.000628748 0.00509132)
(0.0124026 -0.00377878 0.00409636 -0.00377878 0.00990592 -0.00288061 0.00409636 -0.00288061 0.00527497)
(0.0107034 -0.000104736 0.00446269 -0.000104736 0.00884049 -0.00251162 0.00446269 -0.00251162 0.00490371)
(0.0128072 -0.0045528 0.00156927 -0.0045528 0.00925522 -0.00338464 0.00156927 -0.00338464 0.00563532)
(0.0074023 -0.00198512 0.00396213 -0.00198512 0.0098188 -0.00283472 0.00396213 -0.00283472 0.00508408)
(0.0156642 -0.00150846 0.00269093 -0.00150846 0.00929901 0.00025723 0.00269093 0.00025723 0.00365942)
(0.00540372 -0.00461808 0.00347242 -0.00461808 0.009861 -0.0028834 0.00347242 -0.0028834 0.00539377)
(0.0176762 -0.00406485 -0.00176833 -0.00406485 0.00789571 0.000585027 -0.00176833 0.000585027 0.00937242)
(0.00207157 -0.00106206 0.00141627 -0.00106206 0.0047692 -0.000853862 0.00141627 -0.000853862 0.00655306)
(0.00826249 -0.00567239 0.00236819 -0.00567239 0.009805 -0.00348145 0.00236819 -0.00348145 0.005621)
(0.0104199 0.00110847 0.00362776 0.00110847 0.00673471 0.000531969 0.00362776 0.000531969 0.00627826)
(0.00777605 -0.00271147 0.00354191 -0.00271147 0.00980508 -0.0038984 0.00354191 -0.0038984 0.0054106)
(0.00503234 -0.00198406 0.0038564 -0.00198406 0.0093551 -0.00319639 0.0038564 -0.00319639 0.00508826)
(0.0112533 -0.00297522 0.00251625 -0.00297522 0.00930497 -0.00163367 0.00251625 -0.00163367 0.00643996)
(0.00968252 0.00238522 0.000744462 0.00238522 0.0074342 -0.00122569 0.000744462 -0.00122569 0.00489921)
(0.0101157 -0.00043813 0.00197341 -0.00043813 0.00721813 -0.00196734 0.00197341 -0.00196734 0.00540499)
(0.0149286 -0.00166729 0.00438028 -0.00166729 0.00924373 -3.44543e-05 0.00438028 -3.44543e-05 0.00752437)
(0.0119108 0.00112985 0.00398351 0.00112985 0.00692488 0.00039666 0.00398351 0.00039666 0.00742669)
(0.014466 -0.00357152 0.00332103 -0.00357152 0.00959346 -0.000634599 0.00332103 -0.000634599 0.00777559)
(0.012719 -0.00176421 0.000774991 -0.00176421 0.0109269 -0.00061001 0.000774991 -0.00061001 0.00663845)
(0.0116546 -0.00640367 -0.0011061 -0.00640367 0.0107491 0.000178965 -0.0011061 0.000178965 0.00841232)
(0.0216798 -0.00557635 0.000585407 -0.00557635 0.0109574 0.000833221 0.000585407 0.000833221 0.0100916)
(0.00782696 0.000805723 0.00332088 0.000805723 0.00621658 -0.000745716 0.00332088 -0.000745716 0.00783215)
(0.00749514 -0.00488789 0.00278028 -0.00488789 0.0102781 -0.00340242 0.00278028 -0.00340242 0.00521972)
(0.0152955 -0.00326258 0.00237106 -0.00326258 0.00892082 -0.00432097 0.00237106 -0.00432097 0.00536715)
(0.0204494 0.000287361 0.00390772 0.000287361 0.00697865 -0.00320606 0.00390772 -0.00320606 0.00597638)
(0.00524439 -0.00133426 0.00465163 -0.00133426 0.00858332 -0.00131601 0.00465163 -0.00131601 0.00647538)
(0.0133434 -0.00503816 0.000680612 -0.00503816 0.00944895 0.000352189 0.000680612 0.000352189 0.00658136)
(0.0157102 -0.00599188 0.0045174 -0.00599188 0.0103964 -0.00301907 0.0045174 -0.00301907 0.00862456)
(0.00933403 0.00179007 0.00290712 0.00179007 0.00672244 0.000318659 0.00290712 0.000318659 0.00519873)
(0.015339 -0.00478472 -0.000963312 -0.00478472 0.00761619 0.00206338 -0.000963312 0.00206338 0.00786049)
(0.0230578 -0.00688463 0.00380002 -0.00688463 0.0108428 -0.00292926 0.00380002 -0.00292926 0.00932908)
(0.0161558 -0.00573093 0.00411094 -0.00573093 0.0108677 -0.00272793 0.00411094 -0.00272793 0.00887389)
(0.0103094 -0.00226453 0.00398358 -0.00226453 0.00929296 -0.0015191 0.00398358 -0.0015191 0.00626101)
(0.0117959 -0.00436956 -0.0052429 -0.00436956 0.0117526 -0.00250833 -0.0052429 -0.00250833 0.00989035)
(0.00866806 -0.00370373 -0.00247772 -0.00370373 0.0107335 0.000403771 -0.00247772 0.000403771 0.00994165)
(0.00521377 0.00092362 0.00187777 0.00092362 0.00608706 0.000667535 0.00187777 0.000667535 0.00495253)
(0.00972142 -0.00503472 -0.00257697 -0.00503472 0.0112648 4.79305e-05 -0.00257697 4.79305e-05 0.0086214)
(0.00498265 -0.00248791 0.00118145 -0.00248791 0.00413765 -0.00307001 0.00118145 -0.00307001 0.00961661)
(0.00655769 -0.00337386 -0.00206997 -0.00337386 0.0103881 -0.00364183 -0.00206997 -0.00364183 0.00703063)
(0.00706046 -0.0033416 -0.00231279 -0.0033416 0.00970841 -0.00221827 -0.00231279 -0.00221827 0.00763316)
(0.0138264 -0.00219278 0.00348247 -0.00219278 0.00829676 -0.00198755 0.00348247 -0.00198755 0.00903144)
(0.0184499 0.000659368 0.00582718 0.000659368 0.00821874 -0.00184907 0.00582718 -0.00184907 0.0075156)
(0.0176285 -0.00397549 0.000842482 -0.00397549 0.00904629 -0.00254585 0.000842482 -0.00254585 0.00872874)
(0.0180087 -0.0016452 0.00497863 -0.0016452 0.00876955 -0.00215894 0.00497863 -0.00215894 0.00851011)
(0.00963252 -0.000798097 0.00392955 -0.000798097 0.00950891 -0.00134494 0.00392955 -0.00134494 0.0055066)
(0.00944612 -0.000471706 0.00329434 -0.000471706 0.00888485 -0.00340566 0.00329434 -0.00340566 0.00528594)
(0.0143573 -0.00131068 0.00269911 -0.00131068 0.00403975 -0.000225028 0.00269911 -0.000225028 0.0111417)
(0.0109103 -0.000685058 -0.000156964 -0.000685058 0.00653025 -0.00221031 -0.000156964 -0.00221031 0.00396146)
(0.00629179 -0.00349081 0.000274397 -0.00349081 0.00774337 -0.00298151 0.000274397 -0.00298151 0.00430517)
(0.00930285 -0.000398259 -0.000262724 -0.000398259 0.00690384 -6.41299e-05 -0.000262724 -6.41299e-05 0.00391629)
(0.018135 -0.00552492 0.00196821 -0.00552492 0.00986706 -0.00322572 0.00196821 -0.00322572 0.0065196)
(0.0155757 -0.00439019 0.0011159 -0.00439019 0.00911981 -0.00330649 0.0011159 -0.00330649 0.00535772)
(0.00764129 0.00036487 0.000421036 0.00036487 0.00604383 -0.000217831 0.000421036 -0.000217831 0.00346784)
(0.0117968 -0.000999846 0.00200369 -0.000999846 0.00894232 -0.00162276 0.00200369 -0.00162276 0.00948254)
(0.0114589 0.000572671 -0.00102205 0.000572671 0.00738726 -0.00249684 -0.00102205 -0.00249684 0.00552814)
(0.0139798 -0.00393781 -0.00253656 -0.00393781 0.00771875 8.04225e-05 -0.00253656 8.04225e-05 0.00739565)
(0.00884225 0.00110454 0.000505723 0.00110454 0.00626391 -0.000846287 0.000505723 -0.000846287 0.00480153)
(0.0157962 -0.000833552 0.000829829 -0.000833552 0.0076608 0.00044886 0.000829829 0.00044886 0.00849951)
(0.0116027 -0.00222753 0.00119079 -0.00222753 0.00894871 0.000986692 0.00119079 0.000986692 0.0067275)
(0.0199656 -0.00426016 0.00254878 -0.00426016 0.0106387 -0.000676769 0.00254878 -0.000676769 0.00947632)
(0.0172893 -0.00234625 0.00310915 -0.00234625 0.010476 -0.00041231 0.00310915 -0.00041231 0.00874916)
(0.0192734 -0.00412271 0.00128467 -0.00412271 0.0115078 0.000175468 0.00128467 0.000175468 0.0114344)
(0.00612135 -0.00204999 0.000558469 -0.00204999 0.00790005 -0.00261859 0.000558469 -0.00261859 0.00419203)
(0.0106572 0.000843345 0.00340585 0.000843345 0.00614525 0.00174453 0.00340585 0.00174453 0.00960781)
(0.0206565 -0.000722024 0.00158181 -0.000722024 0.00636547 -0.00236032 0.00158181 -0.00236032 0.00883319)
(0.00628028 -0.00325744 0.00364125 -0.00325744 0.00944878 -0.00223319 0.00364125 -0.00223319 0.00683437)
(0.0160052 -1.07568e-06 0.00261669 -1.07568e-06 0.0106073 -0.000938749 0.00261669 -0.000938749 0.00725264)
(0.00820274 -0.00445163 0.000872575 -0.00445163 0.00887378 -0.00312356 0.000872575 -0.00312356 0.0058387)
(0.0203536 0.00133144 0.00498203 0.00133144 0.00796743 -0.000804431 0.00498203 -0.000804431 0.00532211)
(0.0103756 -0.00481273 -0.00514314 -0.00481273 0.0116474 -0.00265594 -0.00514314 -0.00265594 0.00905914)
(0.0151395 4.17503e-05 -8.7237e-06 4.17503e-05 0.00664431 -0.00239817 -8.7237e-06 -0.00239817 0.00464564)
(0.0190118 -0.00697222 0.000489207 -0.00697222 0.0102844 -0.00339609 0.000489207 -0.00339609 0.00562476)
(0.0108403 -0.0049974 0.00317291 -0.0049974 0.0103009 -0.00272914 0.00317291 -0.00272914 0.00737764)
(0.0108693 -0.00381507 -0.00325754 -0.00381507 0.0106048 -0.00359872 -0.00325754 -0.00359872 0.0087131)
(0.00855755 -0.00460615 -0.00185272 -0.00460615 0.0114542 -0.00266869 -0.00185272 -0.00266869 0.00789893)
(0.00759405 -0.00381533 -0.00470844 -0.00381533 0.010163 -0.00114816 -0.00470844 -0.00114816 0.00949024)
(0.0142599 -0.00172503 -0.000830165 -0.00172503 0.00725435 0.00191104 -0.000830165 0.00191104 0.00698396)
(0.0151514 -0.00471148 0.000861138 -0.00471148 0.0111299 0.000404952 0.000861138 0.000404952 0.00810479)
(0.0133077 -0.00144404 -0.00111198 -0.00144404 0.0110814 -0.00186426 -0.00111198 -0.00186426 0.00753495)
(0.0101275 -0.0012359 0.000372123 -0.0012359 0.00630731 0.00138803 0.000372123 0.00138803 0.00681954)
(0.00662078 -0.00356467 0.00311455 -0.00356467 0.00902248 -0.00230129 0.00311455 -0.00230129 0.0059006)
(0.00613463 -0.0021965 0.00257801 -0.0021965 0.007879 -0.00166521 0.00257801 -0.00166521 0.00628506)
(0.00738631 -0.00397409 0.00127721 -0.00397409 0.00860696 -0.00237306 0.00127721 -0.00237306 0.00509763)
(0.0124374 0.00180412 0.0021781 0.00180412 0.00695149 0.000147396 0.0021781 0.000147396 0.00444443)
(0.0180597 -0.00162757 0.00353956 -0.00162757 0.00992854 -0.00125991 0.00353956 -0.00125991 0.00370983)
(0.0127698 -0.0043113 0.00254118 -0.0043113 0.009952 -0.00467037 0.00254118 -0.00467037 0.00542931)
(0.0207573 0.00118384 0.00207021 0.00118384 0.00583044 0.000283222 0.00207021 0.000283222 0.00703048)
(0.010892 0.00151258 0.00192649 0.00151258 0.00653467 -0.000317982 0.00192649 -0.000317982 0.00546304)
(0.00333677 -0.000653321 0.00155257 -0.000653321 0.00332314 -0.00182646 0.00155257 -0.00182646 0.00512095)
(0.00465019 -0.000608158 -0.000265548 -0.000608158 0.00579078 0.000547796 -0.000265548 0.000547796 0.00193462)
(0.017662 1.27442e-05 0.0026112 1.27442e-05 0.00785687 -0.000847669 0.0026112 -0.000847669 0.00774959)
(0.010534 -0.00591546 -7.23423e-05 -0.00591546 0.00894261 -0.00359088 -7.23423e-05 -0.00359088 0.00466978)
(0.00845142 -0.00246755 -0.000618394 -0.00246755 0.00807277 -0.00219585 -0.000618394 -0.00219585 0.00487966)
(0.0106145 0.0015418 0.00190526 0.0015418 0.00590762 0.000969797 0.00190526 0.000969797 0.00319)
(0.0156777 -0.00370712 0.00248896 -0.00370712 0.0103177 0.00115285 0.00248896 0.00115285 0.00705195)
(0.00907372 -0.00377246 -0.00334257 -0.00377246 0.0113332 -0.00224963 -0.00334257 -0.00224963 0.00827042)
(0.0120254 -0.00106952 0.000741605 -0.00106952 0.00583261 0.00192203 0.000741605 0.00192203 0.00608209)
(0.013576 0.00139175 0.0010239 0.00139175 0.00479437 0.00285061 0.0010239 0.00285061 0.00872359)
(0.00585499 0.00100814 -0.000107538 0.00100814 0.00350689 -0.00148294 -0.000107538 -0.00148294 0.00321349)
(0.0139305 -0.00251469 0.00337118 -0.00251469 0.00982326 -0.00102198 0.00337118 -0.00102198 0.0057224)
(0.0147773 -0.000157855 0.00183066 -0.000157855 0.00757438 -0.00213963 0.00183066 -0.00213963 0.00343055)
(0.00545647 -0.00130405 -0.000978602 -0.00130405 0.00505928 -0.00286318 -0.000978602 -0.00286318 0.00527266)
(0.0047589 -0.00230982 0.00255415 -0.00230982 0.00799594 -0.00230093 0.00255415 -0.00230093 0.00485123)
(0.0180694 -0.00325233 0.00293219 -0.00325233 0.0101505 -3.29502e-06 0.00293219 -3.29502e-06 0.00895327)
(0.0132968 -0.00578378 -0.00212042 -0.00578378 0.00945139 -0.00318174 -0.00212042 -0.00318174 0.00481274)
(0.00599234 -0.0049731 -0.000982342 -0.0049731 0.0106543 0.000376372 -0.000982342 0.000376372 0.00621089)
(0.00971195 0.00196114 0.00188582 0.00196114 0.00907981 -7.10534e-05 0.00188582 -7.10534e-05 0.00334054)
(0.0120156 0.000148655 0.00381991 0.000148655 0.00858486 -0.00198202 0.00381991 -0.00198202 0.00420718)
(0.0135346 -0.0023792 0.00451989 -0.0023792 0.00900326 -0.00212798 0.00451989 -0.00212798 0.00468825)
(0.00830287 -0.00123641 0.000261609 -0.00123641 0.0106348 -0.00104144 0.000261609 -0.00104144 0.00440173)
(0.0167877 -0.00482692 0.000185273 -0.00482692 0.00834703 -0.00152418 0.000185273 -0.00152418 0.00894091)
(0.0155846 -0.00610093 0.0027942 -0.00610093 0.0101236 -0.00322477 0.0027942 -0.00322477 0.00694511)
(0.0174429 -0.00585027 0.00488625 -0.00585027 0.0106528 -0.00274264 0.00488625 -0.00274264 0.00961892)
(0.0145683 -0.00114866 -7.99447e-06 -0.00114866 0.00556106 -0.000673123 -7.99447e-06 -0.000673123 0.0116862)
(0.0111548 0.00070948 0.00304371 0.00070948 0.00732716 0.00110893 0.00304371 0.00110893 0.00265694)
(0.00834925 -0.00492826 -0.0044579 -0.00492826 0.0112801 -0.00188973 -0.0044579 -0.00188973 0.00970958)
(0.015566 -0.00368356 0.00247509 -0.00368356 0.00910458 -0.00103432 0.00247509 -0.00103432 0.00599608)
(0.0103477 0.000844042 0.00145995 0.000844042 0.00788 0.000219608 0.00145995 0.000219608 0.00432489)
(0.00505908 -0.000436077 0.00095854 -0.000436077 0.00602753 0.000816152 0.00095854 0.000816152 0.00237463)
(0.0129623 0.00141045 0.00165129 0.00141045 0.00565588 0.00308389 0.00165129 0.00308389 0.00895207)
(0.00563739 -0.00161427 -9.78131e-05 -0.00161427 0.00761641 -0.00113636 -9.78131e-05 -0.00113636 0.00243455)
(0.00563958 -0.00178328 -0.00300381 -0.00178328 0.00714059 -0.000754166 -0.00300381 -0.000754166 0.00738072)
(0.020027 -0.00347319 0.0034649 -0.00347319 0.00871039 -0.00198667 0.0034649 -0.00198667 0.00748238)
(0.0168719 -0.00234127 0.00297103 -0.00234127 0.00889572 -0.00108729 0.00297103 -0.00108729 0.00726009)
(0.0155499 -0.00187531 0.00254853 -0.00187531 0.00884196 -0.000601087 0.00254853 -0.000601087 0.00507681)
(0.011828 -0.00444981 0.00122475 -0.00444981 0.00875995 -0.00343837 0.00122475 -0.00343837 0.0058499)
(0.0227696 -8.32006e-05 -0.00108294 -8.32006e-05 0.00698067 0.00277021 -0.00108294 0.00277021 0.00619624)
(0.00921845 -0.00248176 -0.00234784 -0.00248176 0.00689273 0.000123156 -0.00234784 0.000123156 0.00420357)
(0.00837265 -0.00268915 0.00167484 -0.00268915 0.00691892 -0.00374418 0.00167484 -0.00374418 0.00497171)
(0.00359375 -0.000668624 0.00149881 -0.000668624 0.00528911 -0.000607233 0.00149881 -0.000607233 0.00193447)
(0.0119722 0.00165476 0.000788914 0.00165476 0.00660187 -0.0011716 0.000788914 -0.0011716 0.00517496)
(0.0139935 -0.00423892 -0.000400321 -0.00423892 0.00801195 -0.00306756 -0.000400321 -0.00306756 0.00483324)
(0.0162231 -0.00473909 -0.00213107 -0.00473909 0.00978909 -0.00298591 -0.00213107 -0.00298591 0.00669311)
(0.0135896 -0.00231674 0.00175357 -0.00231674 0.00951135 -0.0018194 0.00175357 -0.0018194 0.00883114)
(0.011008 0.000706923 0.000365146 0.000706923 0.00613459 0.00371896 0.000365146 0.00371896 0.00623935)
(0.0109901 -0.00199396 0.00142191 -0.00199396 0.0108303 -0.000494652 0.00142191 -0.000494652 0.00708583)
(0.00477036 -0.00499716 -0.00248213 -0.00499716 0.0113076 -0.00166348 -0.00248213 -0.00166348 0.0077344)
(0.0050622 -0.00122631 0.000509875 -0.00122631 0.00499336 -0.0029872 0.000509875 -0.0029872 0.00837015)
(0.0122211 0.000177504 -0.00174503 0.000177504 0.00231595 0.00134105 -0.00174503 0.00134105 0.00821442)
(0.0175126 -0.00141557 0.00224505 -0.00141557 0.0103955 -0.000623899 0.00224505 -0.000623899 0.0083301)
(0.00608399 -0.00164316 0.000196259 -0.00164316 0.00724969 -0.00156408 0.000196259 -0.00156408 0.00441707)
(0.00824747 0.00118222 0.00445238 0.00118222 0.00701665 -0.00184155 0.00445238 -0.00184155 0.00373045)
(0.001739 0.000475063 0.000190441 0.000475063 0.00565223 0.00120883 0.000190441 0.00120883 0.00426443)
(0.0176364 -0.00415512 0.00198971 -0.00415512 0.010659 -0.000809213 0.00198971 -0.000809213 0.00954182)
(0.0116565 -0.0064191 -0.00196242 -0.0064191 0.0093427 -0.0032914 -0.00196242 -0.0032914 0.00478101)
(0.0175855 -0.000558618 0.00363488 -0.000558618 0.0100277 0.000691669 0.00363488 0.000691669 0.006293)
(0.0129456 -0.00210602 0.00330775 -0.00210602 0.00910098 -0.00138873 0.00330775 -0.00138873 0.0065977)
(0.0102661 -0.00181049 0.00266806 -0.00181049 0.00912029 -0.00319637 0.00266806 -0.00319637 0.00534061)
(0.00295675 -0.000875444 -0.000205051 -0.000875444 0.00188727 0.00042003 -0.000205051 0.00042003 0.000740139)
(0.0156146 0.000144943 0.00396236 0.000144943 0.00855653 -0.00150181 0.00396236 -0.00150181 0.00425422)
(0.0066872 -0.00514375 -0.000555157 -0.00514375 0.0106312 0.00108456 -0.000555157 0.00108456 0.00646604)
(0.0126152 -0.00385104 0.00367428 -0.00385104 0.00974376 -0.00215234 0.00367428 -0.00215234 0.00810968)
(0.0213351 -0.0063306 0.00354315 -0.0063306 0.0102902 -0.00287378 0.00354315 -0.00287378 0.00884044)
(0.0260769 -0.00362376 -0.00187088 -0.00362376 0.00824575 0.00237886 -0.00187088 0.00237886 0.00889482)
(0.00982074 0.000997878 0.000281274 0.000997878 0.00712968 -0.00156033 0.000281274 -0.00156033 0.00371063)
(0.00464659 -0.00169242 0.00247729 -0.00169242 0.00578771 -0.00328849 0.00247729 -0.00328849 0.00584248)
(0.00986092 -0.000433595 0.000298416 -0.000433595 0.00684476 0.000393333 0.000298416 0.000393333 0.00548762)
(0.0187718 0.00104316 0.00336305 0.00104316 0.00787697 0.000133703 0.00336305 0.000133703 0.00425086)
(0.0117468 -0.000299592 0.00342348 -0.000299592 0.00833499 -0.00143484 0.00342348 -0.00143484 0.0071306)
(0.00724084 -0.000164036 0.000664281 -0.000164036 0.00512638 0.00220911 0.000664281 0.00220911 0.00804342)
(0.00997987 -0.00487573 -0.000880742 -0.00487573 0.0109937 0.00027743 -0.000880742 0.00027743 0.0078579)
(0.00969309 -0.00540597 -0.00490285 -0.00540597 0.0115494 -0.00117182 -0.00490285 -0.00117182 0.00990113)
(0.00880067 -0.00244888 0.00200298 -0.00244888 0.00793319 -0.000653788 0.00200298 -0.000653788 0.00563646)
(0.0202442 -0.00196822 0.00269876 -0.00196822 0.00872092 -0.000576364 0.00269876 -0.000576364 0.00549307)
(0.0112098 -0.00179673 0.00211632 -0.00179673 0.00810208 -0.000237561 0.00211632 -0.000237561 0.00478179)
(0.00279948 -0.00331759 -0.000117388 -0.00331759 0.00791566 -0.00317123 -0.000117388 -0.00317123 0.00526779)
(0.0159126 -0.00124634 -0.00216191 -0.00124634 0.00604451 0.00436375 -0.00216191 0.00436375 0.00921805)
(0.0063797 0.00030439 -0.000323514 0.00030439 0.00471742 0.00288056 -0.000323514 0.00288056 0.00856104)
(0.0102256 -0.00522259 0.000358164 -0.00522259 0.00899462 -0.00346072 0.000358164 -0.00346072 0.00461873)
(0.00460442 0.000710781 0.000196924 0.000710781 0.00449079 0.000199817 0.000196924 0.000199817 0.00722594)
(0.00146315 -0.00218695 -0.000555765 -0.00218695 0.0068212 -0.00204711 -0.000555765 -0.00204711 0.00557728)
(0.00611715 -0.000796583 -0.000939026 -0.000796583 0.00336178 0.000455424 -0.000939026 0.000455424 0.00145831)
(0.0116705 -0.00148125 0.000690198 -0.00148125 0.00857066 -0.00222961 0.000690198 -0.00222961 0.00605709)
(0.0120409 -0.00283199 0.000686016 -0.00283199 0.00934009 -0.0023348 0.000686016 -0.0023348 0.0073531)
(0.0175296 0.00224832 0.00431309 0.00224832 0.00729183 -0.000363966 0.00431309 -0.000363966 0.00461511)
(0.0108253 -0.00171251 0.00337293 -0.00171251 0.00862827 -0.00136909 0.00337293 -0.00136909 0.0067182)
(0.0100492 -0.00328933 0.000339188 -0.00328933 0.0112352 -0.000888188 0.000339188 -0.000888188 0.00714313)
(0.0111967 -0.00281797 -0.00280983 -0.00281797 0.0112148 -0.00305623 -0.00280983 -0.00305623 0.00840929)
(0.00724207 0.000497917 -0.00304939 0.000497917 0.00225942 -0.000516044 -0.00304939 -0.000516044 0.00442731)
(0.0117112 -0.00505012 -0.00154826 -0.00505012 0.0112519 0.000142284 -0.00154826 0.000142284 0.0082043)
(0.0142986 0.00170331 0.00226051 0.00170331 0.00732463 -0.000969368 0.00226051 -0.000969368 0.00548689)
(0.0120549 -0.00340877 0.00404321 -0.00340877 0.00963052 -0.00251417 0.00404321 -0.00251417 0.00527025)
(0.0191377 -0.00381152 0.00239149 -0.00381152 0.0103596 0.000515791 0.00239149 0.000515791 0.00818484)
(0.00764389 -0.00350901 -2.9495e-06 -0.00350901 0.00934953 0.00128334 -2.9495e-06 0.00128334 0.00516114)
(0.00652834 -0.00309866 -0.000913508 -0.00309866 0.00526207 -0.00244547 -0.000913508 -0.00244547 0.00983589)
(0.00917048 -0.00483232 -0.00151615 -0.00483232 0.0108584 -0.00214914 -0.00151615 -0.00214914 0.00909953)
(0.0104912 0.00343905 0.00395668 0.00343905 0.00630608 0.000456614 0.00395668 0.000456614 0.00480108)
(0.00354325 -0.0051508 -0.00111356 -0.0051508 0.0102152 0.000547003 -0.00111356 0.000547003 0.00545109)
(0.0113515 -0.0042482 -0.00406076 -0.0042482 0.0106299 -0.00140386 -0.00406076 -0.00140386 0.00912519)
(0.0140816 -0.00555029 0.00306438 -0.00555029 0.00985663 -0.00350151 0.00306438 -0.00350151 0.0068705)
(0.0142183 -0.000952335 0.00279074 -0.000952335 0.00939568 0.00102791 0.00279074 0.00102791 0.0061463)
(0.00603825 0.00155349 0.00161149 0.00155349 0.00566494 0.000865282 0.00161149 0.000865282 0.00333982)
(0.0133278 -0.00312367 -0.00282412 -0.00312367 0.00982334 -0.000159913 -0.00282412 -0.000159913 0.0073638)
(0.0114812 -0.000269278 0.00146695 -0.000269278 0.00227644 6.40145e-05 0.00146695 6.40145e-05 0.00215548)
(0.00809881 -0.00492246 -0.00115889 -0.00492246 0.0115698 -0.000827729 -0.00115889 -0.000827729 0.00668655)
(0.00483485 -0.00326077 -0.00070041 -0.00326077 0.0108975 -0.00273835 -0.00070041 -0.00273835 0.00590687)
(0.00268694 -0.000418515 0.000638099 -0.000418515 0.00535654 -0.00166779 0.000638099 -0.00166779 0.00246307)
(0.0115864 -0.00192616 0.00249028 -0.00192616 0.00819207 -0.00131454 0.00249028 -0.00131454 0.00831161)
(0.0061324 -0.00149502 0.00190885 -0.00149502 0.00782135 -0.00185909 0.00190885 -0.00185909 0.0065276)
(0.00997412 -0.00281678 -0.00195295 -0.00281678 0.00721956 -0.000115511 -0.00195295 -0.000115511 0.00241636)
(0.0026173 0.000277019 0.000609124 0.000277019 0.00165428 -0.000189789 0.000609124 -0.000189789 0.00279067)
(0.0136258 -0.00249919 0.00162527 -0.00249919 0.0111447 -0.000109869 0.00162527 -0.000109869 0.0064188)
(0.00724884 -0.00303527 -3.33991e-05 -0.00303527 0.00756584 0.00127941 -3.33991e-05 0.00127941 0.00242023)
(0.0135416 -0.000109611 0.00135777 -0.000109611 0.00643834 0.00244598 0.00135777 0.00244598 0.00798524)
(0.00688978 0.000781133 0.00192859 0.000781133 0.00621675 0.00073768 0.00192859 0.00073768 0.00458468)
(0.00147605 -0.000322105 0.00135955 -0.000322105 0.00597661 -0.00244136 0.00135955 -0.00244136 0.00348767)
(0.0119066 0.000790141 0.00180224 0.000790141 0.00589525 0.00241878 0.00180224 0.00241878 0.00736117)
(0.0102033 -0.00202597 -0.00308671 -0.00202597 0.0060765 0.00343969 -0.00308671 0.00343969 0.00814232)
(0.00996901 -0.000341368 0.000286952 -0.000341368 0.00677139 -0.000932961 0.000286952 -0.000932961 0.0039483)
(0.0173613 0.00104011 0.00158399 0.00104011 0.00743819 0.00123386 0.00158399 0.00123386 0.00443604)
(0.0141469 -0.000415765 0.000120675 -0.000415765 0.0107738 -0.00235792 0.000120675 -0.00235792 0.00732269)
(0.00387892 -0.00165665 0.000269284 -0.00165665 0.00709282 0.000746976 0.000269284 0.000746976 0.00248792)
(0.00792167 -0.00111453 0.00184107 -0.00111453 0.007828 -0.000938178 0.00184107 -0.000938178 0.00523592)
