/*--------------------------------*- C++ -*----------------------------------*\
  =========                 |
  \\      /  F ield         | OpenFOAM: The Open Source CFD Toolbox
   \\    /   O peration     | Website:  https://openfoam.org
    \\  /    A nd           | Version:  10
     \\/     M anipulation  |
\*---------------------------------------------------------------------------*/
FoamFile
{
    format      ascii;
    class       volTensorField;
    location    "3";
    object      TauNN;
}
// * * * * * * * * * * * * * * * * * * * * * * * * * * * * * * * * * * * * * //

dimensions      [0 2 -2 0 0 0 0];

internalField   nonuniform List<tensor> 
25600
(
(-0.00158643 -0.00258125 0.00449821 -0.00258125 0.00948264 -0.000602133 0.00449821 -0.000602133 0.00898012)
(-0.000808104 -0.00231702 0.00495582 -0.00231702 0.00858054 -0.00221207 0.00495582 -0.00221207 0.00735561)
(0.000758823 -0.00244203 0.00405909 -0.00244203 0.0079909 -0.0025343 0.00405909 -0.0025343 0.00642875)
(-0.000978657 -0.00246762 0.00522781 -0.00246762 0.00909793 -0.00148763 0.00522781 -0.00148763 0.00801863)
(-0.00176729 -0.00307397 0.00577767 -0.00307397 0.00967885 -0.00159904 0.00577767 -0.00159904 0.00858485)
(-0.000805266 -0.00346309 0.00563973 -0.00346309 0.00947282 -0.00164603 0.00563973 -0.00164603 0.00907067)
(-0.000961381 -0.00278902 0.00522843 -0.00278902 0.00901725 -0.00197984 0.00522843 -0.00197984 0.00825851)
(4.65811e-05 -0.00209131 0.00466295 -0.00209131 0.00827671 -0.00249788 0.00466295 -0.00249788 0.00651026)
(0.000543449 -0.0020511 0.00448921 -0.0020511 0.00801912 -0.0025779 0.00448921 -0.0025779 0.00618612)
(-0.000784504 -0.00257772 0.00504182 -0.00257772 0.00878551 -0.00230172 0.00504182 -0.00230172 0.00757024)
(-0.000573122 -0.0029117 0.00524053 -0.0029117 0.00916422 -0.00223192 0.00524053 -0.00223192 0.00809115)
(0.000372275 -0.00248283 0.00470996 -0.00248283 0.00858351 -0.00270926 0.00470996 -0.00270926 0.00670024)
(0.00188838 -0.00236119 0.0041422 -0.00236119 0.00769563 -0.00289281 0.0041422 -0.00289281 0.00564371)
(0.00149503 -0.00239554 0.00423739 -0.00239554 0.00782173 -0.00287173 0.00423739 -0.00287173 0.00584338)
(0.000722069 -0.00236268 0.00453064 -0.00236268 0.00823054 -0.00276452 0.00453064 -0.00276452 0.00623909)
(0.00130328 -0.00228832 0.00444199 -0.00228832 0.00796889 -0.00278247 0.00444199 -0.00278247 0.00597232)
(0.00202186 -0.00214125 0.00415162 -0.00214125 0.00751121 -0.0027784 0.00415162 -0.0027784 0.00563915)
(0.000552105 -0.0021282 0.00434371 -0.0021282 0.00794321 -0.00263789 0.00434371 -0.00263789 0.00615029)
(-0.000379866 -0.00244221 0.00485719 -0.00244221 0.00873986 -0.00253495 0.00485719 -0.00253495 0.0070735)
(0.000167519 -0.0030443 0.00530862 -0.0030443 0.00932727 -0.00226651 0.00530862 -0.00226651 0.00836177)
(0.000519472 -0.00282198 0.00500619 -0.00282198 0.00904136 -0.00265901 0.00500619 -0.00265901 0.00747244)
(0.00110975 -0.00246081 0.00435983 -0.00246081 0.00814942 -0.00287192 0.00435983 -0.00287192 0.00600953)
(0.00127279 -0.002466 0.00426655 -0.002466 0.00787255 -0.0028907 0.00426655 -0.0028907 0.00593201)
(-0.000847958 -0.00252145 0.0050691 -0.00252145 0.00894223 -0.00220271 0.0050691 -0.00220271 0.00777198)
(-0.00026473 -0.00327359 0.00545589 -0.00327359 0.0095217 -0.00176368 0.00545589 -0.00176368 0.00903955)
(0.00196206 -0.0030928 0.00546604 -0.0030928 0.00950443 -0.00212292 0.00546604 -0.00212292 0.00915505)
(0.00127652 -0.00295118 0.00535251 -0.00295118 0.00928841 -0.00237219 0.00535251 -0.00237219 0.00842511)
(0.000721882 -0.00326513 0.00548113 -0.00326513 0.00946723 -0.00196283 0.00548113 -0.00196283 0.00909016)
(0.00139552 -0.00322946 0.00548374 -0.00322946 0.00952221 -0.00216882 0.00548374 -0.00216882 0.0089675)
(0.000774583 -0.00283712 0.00504281 -0.00283712 0.00907007 -0.00264991 0.00504281 -0.00264991 0.00755501)
(0.000940646 -0.00260729 0.00479239 -0.00260729 0.0086848 -0.0027685 0.00479239 -0.0027685 0.0067911)
(0.00168745 -0.00241372 0.00442659 -0.00241372 0.00787618 -0.0028518 0.00442659 -0.0028518 0.00594396)
(0.00105294 -0.0024861 0.00432833 -0.0024861 0.00790029 -0.00273313 0.00432833 -0.00273313 0.00632648)
(-0.00148538 -0.00274976 0.00525683 -0.00274976 0.00908613 -0.00136986 0.00525683 -0.00136986 0.00845662)
(-0.00131484 -0.00289997 0.00525726 -0.00289997 0.00912917 -0.00159936 0.00525726 -0.00159936 0.00866236)
(-0.00155741 -0.0031777 0.00540759 -0.0031777 0.0092817 -0.00133618 0.00540759 -0.00133618 0.00889919)
(-0.00172628 -0.00308751 0.00552691 -0.00308751 0.0094181 -0.00135418 0.00552691 -0.00135418 0.00870819)
(-0.00170253 -0.00289391 0.00524784 -0.00289391 0.00925095 -0.00113059 0.00524784 -0.00113059 0.00881236)
(-0.00148207 -0.00238945 0.00487504 -0.00238945 0.00916606 -0.000829161 0.00487504 -0.000829161 0.00825506)
(-0.00156501 -0.00255917 0.00455197 -0.00255917 0.00946332 -0.000611478 0.00455197 -0.000611478 0.00893908)
(0.00347478 -0.00082079 0.0016922 -0.00082079 0.00804866 0.000932084 0.0016922 0.000932084 0.00817717)
(-0.000386896 -0.000867762 0.00450674 -0.000867762 0.00900045 -0.00161051 0.00450674 -0.00161051 0.00694383)
(0.00556644 -0.000540193 0.00627133 -0.000540193 0.00698586 -0.00257302 0.00627133 -0.00257302 0.00943973)
(0.00764816 0.000694199 0.00641264 0.000694199 0.0071226 -0.000513431 0.00641264 -0.000513431 0.0089111)
(0.0018368 -0.00201258 0.00437799 -0.00201258 0.00910063 -0.00138273 0.00437799 -0.00138273 0.00845744)
(0.000232998 -0.00209271 0.00518426 -0.00209271 0.00972373 -0.00180548 0.00518426 -0.00180548 0.00783238)
(0.00119848 -0.00141922 0.00465575 -0.00141922 0.00947338 -0.0017469 0.00465575 -0.0017469 0.00708506)
(-0.000263676 -0.00127595 0.00567293 -0.00127595 0.00880747 -0.0023709 0.00567293 -0.0023709 0.00702034)
(0.000811861 -0.00128023 0.00620756 -0.00128023 0.00851032 -0.0027447 0.00620756 -0.0027447 0.00783499)
(0.00181273 -1.60746e-05 0.00641805 -1.60746e-05 0.00800451 -0.00226144 0.00641805 -0.00226144 0.00682541)
(0.00334706 0.000747893 0.00556411 0.000747893 0.00735334 -0.00195383 0.00556411 -0.00195383 0.0052178)
(0.000420538 -0.00144952 0.00584814 -0.00144952 0.0087763 -0.00257658 0.00584814 -0.00257658 0.0073372)
(0.00239175 -0.00328686 0.0040066 -0.00328686 0.00883894 -0.00311631 0.0040066 -0.00311631 0.00719707)
(0.00127247 -0.00194069 0.00581274 -0.00194069 0.0087028 -0.00304073 0.00581274 -0.00304073 0.00829125)
(0.000511649 -0.00180928 0.00588563 -0.00180928 0.00879618 -0.00284934 0.00588563 -0.00284934 0.00832618)
(0.000545923 -0.00295094 0.00455951 -0.00295094 0.00897094 -0.00287292 0.00455951 -0.00287292 0.0077768)
(0.00121594 -0.00290952 0.00467558 -0.00290952 0.0087256 -0.00303179 0.00467558 -0.00303179 0.00750407)
(0.00307245 -0.000928229 0.00650717 -0.000928229 0.00804151 -0.00274294 0.00650717 -0.00274294 0.008441)
(0.00218471 -0.00123292 0.00658325 -0.00123292 0.00870426 -0.00267229 0.00658325 -0.00267229 0.00877582)
(0.00107888 -0.00105357 0.00631608 -0.00105357 0.00869215 -0.00232392 0.00631608 -0.00232392 0.00761914)
(0.000636475 -0.00147936 0.00598534 -0.00147936 0.00869855 -0.00247969 0.00598534 -0.00247969 0.00681498)
(0.00153271 -0.00213886 0.00480087 -0.00213886 0.00880391 -0.0031395 0.00480087 -0.0031395 0.00735653)
(0.00252515 -0.00288374 0.00430294 -0.00288374 0.00818153 -0.00331367 0.00430294 -0.00331367 0.00720798)
(0.000728422 -0.00280363 0.00494986 -0.00280363 0.00907818 -0.00292953 0.00494986 -0.00292953 0.00862742)
(0.00436802 -0.00180708 0.00436547 -0.00180708 0.00914669 -0.00138683 0.00436547 -0.00138683 0.00817445)
(-2.80209e-05 -0.00256543 0.00538358 -0.00256543 0.00972024 -0.00166065 0.00538358 -0.00166065 0.00824179)
(0.0023495 -0.00330351 0.00598911 -0.00330351 0.00936879 -0.00162597 0.00598911 -0.00162597 0.00957404)
(0.000348125 -0.00235011 0.00543491 -0.00235011 0.00960975 -0.00172156 0.00543491 -0.00172156 0.00824041)
(-0.000602103 -0.00271896 0.00625272 -0.00271896 0.00991966 -0.00238076 0.00625272 -0.00238076 0.00783742)
(-0.000712358 -0.00293418 0.00647473 -0.00293418 0.0100139 -0.00265263 0.00647473 -0.00265263 0.00796922)
(-7.44809e-05 -0.00340905 0.00601896 -0.00340905 0.0100183 -0.00275499 0.00601896 -0.00275499 0.00818608)
(0.00359441 -0.00419723 0.00248919 -0.00419723 0.00880191 -0.00310665 0.00248919 -0.00310665 0.00638001)
(0.00326813 -0.00142665 0.00534237 -0.00142665 0.00725897 -0.00313416 0.00534237 -0.00313416 0.00698546)
(0.00233126 -0.00067529 0.00586119 -0.00067529 0.00896187 -0.00230197 0.00586119 -0.00230197 0.00854872)
(-0.000301053 -0.00227125 0.00488367 -0.00227125 0.00917933 -0.0013399 0.00488367 -0.0013399 0.00867942)
(-0.000336878 -0.00212377 0.00489105 -0.00212377 0.00922867 -0.00129636 0.00489105 -0.00129636 0.00848579)
(0.00123391 -0.000374798 0.00425334 -0.000374798 0.00903845 -0.00149503 0.00425334 -0.00149503 0.00655245)
(0.00140817 0.00013527 0.0028197 0.00013527 0.00881414 -0.00081771 0.0028197 -0.00081771 0.0059478)
(0.0062009 0.00105004 0.00163645 0.00105004 0.00845683 -5.28265e-05 0.00163645 -5.28265e-05 0.00410555)
(0.00423103 -0.000439283 0.00275872 -0.000439283 0.00812333 0.000525283 0.00275872 0.000525283 0.00745198)
(0.0158027 -0.000225937 0.0028325 -0.000225937 0.00691258 0.00109264 0.0028325 0.00109264 0.00839241)
(0.0216292 -0.00483274 0.00293077 -0.00483274 0.00945447 0.000157624 0.00293077 0.000157624 0.00987002)
(0.00758103 -0.00262786 0.00428877 -0.00262786 0.00938986 -0.000850669 0.00428877 -0.000850669 0.0053094)
(0.00910019 0.00302048 0.00397673 0.00302048 0.00707579 -0.000139589 0.00397673 -0.000139589 0.00543845)
(0.0090614 0.00170069 0.00424734 0.00170069 0.00742827 -0.000409583 0.00424734 -0.000409583 0.00670844)
(0.0113157 -0.00303191 0.00468593 -0.00303191 0.00902165 -0.000708502 0.00468593 -0.000708502 0.00879201)
(0.0149009 -0.00521018 0.00323065 -0.00521018 0.010057 -0.000989174 0.00323065 -0.000989174 0.00785681)
(0.0107738 -0.00206715 0.00397838 -0.00206715 0.00982323 -0.00219391 0.00397838 -0.00219391 0.00434787)
(0.00531252 -0.00248122 0.00468905 -0.00248122 0.0100154 -0.00189081 0.00468905 -0.00189081 0.005025)
(0.00438698 -0.00231017 0.00482911 -0.00231017 0.00984728 -0.00173102 0.00482911 -0.00173102 0.00518164)
(0.00917396 -0.00136544 0.00379169 -0.00136544 0.00974281 -0.0022496 0.00379169 -0.0022496 0.00388925)
(0.00516332 -0.00155905 0.00388267 -0.00155905 0.00952093 -0.00330411 0.00388267 -0.00330411 0.00509882)
(0.0063738 -0.00155554 0.00308245 -0.00155554 0.00908639 -0.00362043 0.00308245 -0.00362043 0.00506437)
(0.00594378 -0.0031902 0.00468973 -0.0031902 0.00976565 -0.00195111 0.00468973 -0.00195111 0.00474523)
(0.00909063 -0.00216668 0.00348056 -0.00216668 0.00899374 -0.00123123 0.00348056 -0.00123123 0.00382889)
(0.00604283 -0.0020489 0.00308074 -0.0020489 0.00932142 -0.00368781 0.00308074 -0.00368781 0.00517438)
(0.00289446 -0.00254445 0.00426962 -0.00254445 0.00945586 -0.00321028 0.00426962 -0.00321028 0.00523391)
(0.00676971 -0.00317816 0.0039833 -0.00317816 0.00959045 -0.00180005 0.0039833 -0.00180005 0.00498407)
(0.0091648 -0.00145066 0.00402554 -0.00145066 0.00907342 -0.00149604 0.00402554 -0.00149604 0.00355492)
(0.0121869 -0.00135899 0.00303192 -0.00135899 0.00907629 -0.00189764 0.00303192 -0.00189764 0.00444425)
(0.00996982 -0.000697845 0.00381688 -0.000697845 0.00898011 -0.00316617 0.00381688 -0.00316617 0.00538006)
(0.0156949 -0.0041856 -0.00035141 -0.0041856 0.00886951 -0.00431504 -0.00035141 -0.00431504 0.00676756)
(0.00894077 -0.00577844 -3.54648e-06 -0.00577844 0.00706682 -0.00298279 -3.54648e-06 -0.00298279 0.0100782)
(0.00679568 -0.00169334 0.00453348 -0.00169334 0.00850847 -0.00151137 0.00453348 -0.00151137 0.0055365)
(0.00815341 0.00116911 0.00444817 0.00116911 0.00789978 -0.000559182 0.00444817 -0.000559182 0.00623401)
(0.0109664 0.00185662 0.00439843 0.00185662 0.00578715 0.00227659 0.00439843 0.00227659 0.00741971)
(0.0108289 -0.0029674 0.00511892 -0.0029674 0.00892779 -0.00115513 0.00511892 -0.00115513 0.0091867)
(0.0129655 -0.00161532 0.00480338 -0.00161532 0.00849428 -0.000596684 0.00480338 -0.000596684 0.009156)
(0.0106344 -0.00566675 0.00419464 -0.00566675 0.0102606 -0.00298547 0.00419464 -0.00298547 0.00736929)
(0.00388804 -0.00415646 0.00583875 -0.00415646 0.010854 -0.00288459 0.00583875 -0.00288459 0.00812884)
(0.0138435 -0.0062671 0.00506324 -0.0062671 0.0112211 -0.00320279 0.00506324 -0.00320279 0.00900604)
(0.00894791 -0.00655573 0.00134712 -0.00655573 0.0105951 -0.00402591 0.00134712 -0.00402591 0.00494968)
(0.00798964 -0.00208369 0.00298879 -0.00208369 0.00937396 -0.00301284 0.00298879 -0.00301284 0.00453632)
(0.00619287 -0.0013391 0.00487529 -0.0013391 0.00869609 -0.000673827 0.00487529 -0.000673827 0.00647462)
(0.00348988 -0.0006464 0.00478161 -0.0006464 0.00870023 -0.000990869 0.00478161 -0.000990869 0.00651489)
(0.0107096 -0.000859248 0.0050459 -0.000859248 0.00874914 -0.000893093 0.0050459 -0.000893093 0.0078213)
(0.0144123 -0.00345437 0.00411045 -0.00345437 0.0094839 -0.000324714 0.00411045 -0.000324714 0.00894091)
(0.0186059 -0.00389906 0.00268451 -0.00389906 0.00965078 0.00129119 0.00268451 0.00129119 0.00874922)
(0.021849 -0.0029873 0.00182262 -0.0029873 0.00905423 0.00239387 0.00182262 0.00239387 0.0089522)
(0.0122195 0.000265293 0.00381509 0.000265293 0.00719435 0.000885636 0.00381509 0.000885636 0.00798377)
(0.00984579 -0.00231944 -0.00514112 -0.00231944 0.00835991 -0.00175676 -0.00514112 -0.00175676 0.00985069)
(0.0279271 -0.00436247 -0.00602127 -0.00436247 0.00608576 0.00362835 -0.00602127 0.00362835 0.010498)
(0.0149586 -0.00108884 0.00452072 -0.00108884 0.00838011 -0.00164453 0.00452072 -0.00164453 0.0107959)
(0.0131895 0.00147984 0.00192086 0.00147984 0.00815429 -0.0023146 0.00192086 -0.0023146 0.00760293)
(0.0085435 -0.000784534 0.00223657 -0.000784534 0.00447315 -0.00117627 0.00223657 -0.00117627 0.00585956)
(0.0112653 -0.00234423 -0.00176502 -0.00234423 0.0064361 0.00179393 -0.00176502 0.00179393 0.0046404)
(0.0153987 -0.000646302 -0.000208924 -0.000646302 0.00796669 -0.000638785 -0.000208924 -0.000638785 0.00593228)
(0.0150346 -0.0030104 0.00188252 -0.0030104 0.00918015 -0.00207266 0.00188252 -0.00207266 0.00868098)
(0.0111967 -0.000431649 0.00628641 -0.000431649 0.00871162 -0.00196936 0.00628641 -0.00196936 0.00786456)
(0.00934421 -0.000404963 0.00596952 -0.000404963 0.00876292 -0.00182642 0.00596952 -0.00182642 0.00712504)
(0.0133933 -0.00037007 0.00623955 -0.00037007 0.00842527 -0.00181791 0.00623955 -0.00181791 0.00787656)
(0.016046 0.000470367 0.00310404 0.000470367 0.00776194 -0.00313661 0.00310404 -0.00313661 0.00687727)
(0.0207588 -0.0024993 0.000723433 -0.0024993 0.00747429 -0.00212678 0.000723433 -0.00212678 0.00903472)
(0.0130884 -0.00250344 0.00103703 -0.00250344 0.00831456 -0.00218317 0.00103703 -0.00218317 0.0107497)
(0.0124231 -0.00063971 0.00474598 -0.00063971 0.00829446 -0.00159601 0.00474598 -0.00159601 0.0121111)
(0.0123473 -0.000761617 0.00428363 -0.000761617 0.00824443 -0.0024829 0.00428363 -0.0024829 0.00758959)
(0.00809447 -0.000995275 0.00442551 -0.000995275 0.00814572 -0.00311586 0.00442551 -0.00311586 0.00618041)
(0.0137675 -0.0035179 -0.000513347 -0.0035179 0.00923545 -0.00291214 -0.000513347 -0.00291214 0.00813296)
(0.00388996 -0.00267333 -0.00246317 -0.00267333 0.00549261 0.000534785 -0.00246317 0.000534785 0.0111373)
(0.00645161 -0.000825182 -0.00136799 -0.000825182 0.0032463 -0.00282436 -0.00136799 -0.00282436 0.00621335)
(0.00544711 -0.00219141 0.00104009 -0.00219141 0.00455354 -0.000942906 0.00104009 -0.000942906 0.00864088)
(0.0211191 -0.00327237 0.00118127 -0.00327237 0.00731693 -0.00186749 0.00118127 -0.00186749 0.00952103)
(0.0167618 -0.00205693 0.00235261 -0.00205693 0.00618796 -0.00312578 0.00235261 -0.00312578 0.0100268)
(0.00879812 -0.00323932 0.00230067 -0.00323932 0.00965726 -0.00276743 0.00230067 -0.00276743 0.00891596)
(0.016225 0.000701109 0.00307072 0.000701109 0.00794359 0.000799732 0.00307072 0.000799732 0.00679336)
(0.00132418 -0.00213198 -0.000679657 -0.00213198 0.00904005 -0.00197772 -0.000679657 -0.00197772 0.00557664)
(0.00211317 0.00101302 -4.84167e-05 0.00101302 0.00248322 -0.00141456 -4.84167e-05 -0.00141456 0.00206202)
(0.018739 -0.00164932 6.78236e-05 -0.00164932 0.00771678 0.000901373 6.78236e-05 0.000901373 0.00877528)
(0.0150321 -0.000294491 0.000168785 -0.000294491 0.00773304 -0.00228626 0.000168785 -0.00228626 0.00554295)
(0.00937063 -0.00378877 -0.000502521 -0.00378877 0.00813707 -0.0031443 -0.000502521 -0.0031443 0.0052414)
(0.0186534 -0.00517004 0.000828695 -0.00517004 0.00872371 -0.0036155 0.000828695 -0.0036155 0.00520328)
(0.0238382 -0.00515474 0.0013717 -0.00515474 0.0083779 -0.00310702 0.0013717 -0.00310702 0.00608193)
(0.0128697 -0.00258775 0.00170284 -0.00258775 0.00623518 -0.00153211 0.00170284 -0.00153211 0.0098144)
(0.00578088 -0.00152234 0.00303818 -0.00152234 0.0080849 -0.00191033 0.00303818 -0.00191033 0.00621455)
(0.0125937 -0.000373238 0.00207553 -0.000373238 0.00866026 -0.00141372 0.00207553 -0.00141372 0.00881591)
(0.00994101 -0.00141282 -0.00287708 -0.00141282 0.00358843 0.00255138 -0.00287708 0.00255138 0.00772471)
(0.0149348 -0.00219214 -0.00301347 -0.00219214 0.00552493 0.00343605 -0.00301347 0.00343605 0.00845007)
(0.0205314 -0.000475725 0.000312544 -0.000475725 0.00430924 -0.000594763 0.000312544 -0.000594763 0.00865554)
(0.0220033 -0.0026627 -0.00478397 -0.0026627 0.0071693 0.00393493 -0.00478397 0.00393493 0.0109742)
(0.0108824 -0.00378323 -0.0031647 -0.00378323 0.0116818 -0.00332546 -0.0031647 -0.00332546 0.00915596)
(0.0101378 -0.00425248 -0.00510655 -0.00425248 0.011357 -0.00153496 -0.00510655 -0.00153496 0.00926476)
(0.0173156 0.000191998 -0.00036025 0.000191998 0.00581464 0.0036204 -0.00036025 0.0036204 0.00925273)
(0.0139678 -0.00104504 0.00315762 -0.00104504 0.00853078 -0.00055074 0.00315762 -0.00055074 0.00676376)
(0.0102275 -0.00244984 0.000847023 -0.00244984 0.00967762 -0.000847123 0.000847023 -0.000847123 0.00638088)
(0.0133149 -0.00237896 0.00453425 -0.00237896 0.00921313 -0.00160772 0.00453425 -0.00160772 0.00865599)
(0.0110481 0.00104222 0.00402635 0.00104222 0.00672714 0.000573832 0.00402635 0.000573832 0.00712629)
(0.013177 -0.00121034 0.00404285 -0.00121034 0.00825583 -0.000715519 0.00404285 -0.000715519 0.00822349)
(0.0111045 0.000901876 0.00219466 0.000901876 0.00759563 -0.00124855 0.00219466 -0.00124855 0.00602054)
(0.0129767 -0.00325753 0.00335448 -0.00325753 0.00935705 -0.00145363 0.00335448 -0.00145363 0.00486314)
(0.0188708 -0.00263313 0.00287248 -0.00263313 0.00976537 -0.000860529 0.00287248 -0.000860529 0.00387822)
(0.0168584 -0.00221501 0.00364357 -0.00221501 0.009611 -0.00170329 0.00364357 -0.00170329 0.00421435)
(0.011849 -0.00389871 0.000504155 -0.00389871 0.00923278 -0.00492969 0.000504155 -0.00492969 0.00509156)
(0.0101514 -0.00235941 0.0025809 -0.00235941 0.00470695 -0.00152047 0.0025809 -0.00152047 0.0108327)
(0.00901824 -0.00267882 -0.00128856 -0.00267882 0.00407193 -0.000116725 -0.00128856 -0.000116725 0.00953101)
(0.0122294 -0.00232968 0.00379537 -0.00232968 0.00959118 -0.00106061 0.00379537 -0.00106061 0.00416444)
(0.0133429 -0.000818262 0.0042685 -0.000818262 0.00920027 -0.00217124 0.0042685 -0.00217124 0.00476514)
(0.0092632 -0.00629393 -0.000387088 -0.00629393 0.00911655 -0.00366518 -0.000387088 -0.00366518 0.00497148)
(0.00976729 -0.00379973 0.00189646 -0.00379973 0.00938551 -0.00237683 0.00189646 -0.00237683 0.00450359)
(0.00797822 -0.00513108 -0.000362751 -0.00513108 0.0107298 0.00094219 -0.000362751 0.00094219 0.00483993)
(0.00643677 -0.000335282 -0.000793055 -0.000335282 0.00694829 -0.00247034 -0.000793055 -0.00247034 0.00481571)
(0.00109704 -0.000918982 0.00199189 -0.000918982 0.00513589 -0.00204008 0.00199189 -0.00204008 0.00548021)
(0.0101402 -0.0059537 -0.00112451 -0.0059537 0.00809159 -0.00302389 -0.00112451 -0.00302389 0.0072951)
(0.0140442 -0.00434539 -0.000658268 -0.00434539 0.00654207 -0.00353728 -0.000658268 -0.00353728 0.00554641)
(0.00894072 -0.00327226 0.00340707 -0.00327226 0.00968253 -0.0020615 0.00340707 -0.0020615 0.00572519)
(0.0109033 -0.000530062 0.00401861 -0.000530062 0.00952736 0.000370616 0.00401861 0.000370616 0.00660658)
(0.00456546 -0.00499555 -0.00171226 -0.00499555 0.0105546 0.000415838 -0.00171226 0.000415838 0.00735447)
(0.00885505 0.00221958 0.00234875 0.00221958 0.00541846 0.00153478 0.00234875 0.00153478 0.00542496)
(0.0128281 6.25597e-05 0.00159726 6.25597e-05 0.00605901 0.00282052 0.00159726 0.00282052 0.00818735)
(0.002534 0.00031661 -0.000375573 0.00031661 0.00507645 0.00230145 -0.000375573 0.00230145 0.00360754)
(0.00679714 -0.00115137 0.000866421 -0.00115137 0.0063047 -0.00306888 0.000866421 -0.00306888 0.0055111)
(0.0129266 -0.00645289 -0.000164493 -0.00645289 0.00962117 -0.00381916 -0.000164493 -0.00381916 0.00620006)
(0.0191831 -0.00658623 0.0019941 -0.00658623 0.00893684 -0.00402579 0.0019941 -0.00402579 0.00787246)
(0.00920703 -0.00218373 0.00299346 -0.00218373 0.00879601 -0.00204594 0.00299346 -0.00204594 0.00630723)
(0.00796173 5.03669e-05 0.00415114 5.03669e-05 0.00800236 -0.00112262 0.00415114 -0.00112262 0.00600053)
(0.00326433 0.000214033 0.00166841 0.000214033 0.00633059 0.000535931 0.00166841 0.000535931 0.00192854)
(0.0121588 -0.000980262 -0.00040763 -0.000980262 0.010617 -0.00074766 -0.00040763 -0.00074766 0.00714809)
(0.0187395 -0.0012809 8.87467e-05 -0.0012809 0.00698367 0.0035779 8.87467e-05 0.0035779 0.00956819)
(0.0111185 0.0019809 0.00234205 0.0019809 0.0060851 0.00273522 0.00234205 0.00273522 0.00630238)
(0.0236286 -0.00288187 -0.00387374 -0.00288187 0.00762397 0.00440936 -0.00387374 0.00440936 0.00949812)
(0.0102001 -0.00401963 -0.00308081 -0.00401963 0.0115032 -0.00215543 -0.00308081 -0.00215543 0.0111289)
(0.0100599 -0.000655789 0.00121859 -0.000655789 0.00729696 0.000922082 0.00121859 0.000922082 0.00617082)
(0.022606 -0.00474707 -0.000646641 -0.00474707 0.00833666 0.00126304 -0.000646641 0.00126304 0.00917047)
(0.0161087 -0.00244344 -0.000616992 -0.00244344 0.00775245 -0.00182637 -0.000616992 -0.00182637 0.00486922)
(0.0082903 0.000657234 0.00252477 0.000657234 0.00739935 4.47957e-05 0.00252477 4.47957e-05 0.00629317)
(0.0144728 0.00185709 0.00365669 0.00185709 0.00755589 1.96518e-05 0.00365669 1.96518e-05 0.00715987)
(0.0121563 0.000818946 0.00224103 0.000818946 0.00627815 0.00162922 0.00224103 0.00162922 0.00756069)
(0.0125623 -0.00118548 -4.76902e-05 -0.00118548 0.0070246 0.0014439 -4.76902e-05 0.0014439 0.00665662)
(0.011295 -0.00204048 -0.000149448 -0.00204048 0.00865681 -0.00218299 -0.000149448 -0.00218299 0.00669578)
(0.0117425 0.0001968 0.000106429 0.0001968 0.00759891 -0.00139675 0.000106429 -0.00139675 0.00509123)
(0.0178742 -0.00228612 -0.00085123 -0.00228612 0.00822685 0.00133042 -0.00085123 0.00133042 0.00829441)
(0.0234862 -0.00245358 0.00071851 -0.00245358 0.00851061 0.000523792 0.00071851 0.000523792 0.00688375)
(0.0112008 -0.00468019 5.22006e-06 -0.00468019 0.00854477 -0.00328482 5.22006e-06 -0.00328482 0.00503445)
(0.0163382 -0.00334027 0.00156071 -0.00334027 0.00662734 -0.00305685 0.00156071 -0.00305685 0.00810809)
(0.00569991 -0.0013123 -0.000372013 -0.0013123 0.00239725 -0.000982213 -0.000372013 -0.000982213 0.0104248)
(0.00728592 -0.000198076 0.00119892 -0.000198076 0.00672235 -0.00195801 0.00119892 -0.00195801 0.00735721)
(0.0163286 5.28758e-05 0.00538293 5.28758e-05 0.00770539 -0.00105781 0.00538293 -0.00105781 0.0108071)
(0.0126112 -0.00150207 0.000430346 -0.00150207 0.00640295 -0.00388454 0.000430346 -0.00388454 0.00615408)
(0.0152027 -0.00306231 0.00220791 -0.00306231 0.00959237 -0.00205375 0.00220791 -0.00205375 0.00949402)
(0.00829315 -0.000222806 0.000714241 -0.000222806 0.00390749 -0.000813506 0.000714241 -0.000813506 0.00170705)
(0.00661723 -0.0013197 -0.00110562 -0.0013197 0.00695363 -0.00243806 -0.00110562 -0.00243806 0.00497917)
(0.00327249 -0.00131281 0.000439363 -0.00131281 0.00564901 -0.00205619 0.000439363 -0.00205619 0.00573751)
(0.00871147 -0.00282432 0.00201063 -0.00282432 0.00544269 -0.00101319 0.00201063 -0.00101319 0.0115601)
(0.0152053 -0.00383459 -0.000737377 -0.00383459 0.0062774 -0.00390223 -0.000737377 -0.00390223 0.00563741)
(0.00983272 -0.00269428 -0.000355425 -0.00269428 0.00737225 -0.00325522 -0.000355425 -0.00325522 0.00721652)
(0.0163324 -0.00102702 0.00286596 -0.00102702 0.00842764 -0.000221303 0.00286596 -0.000221303 0.00639911)
(0.00556282 -0.00261403 0.00296305 -0.00261403 0.00620853 -0.00283666 0.00296305 -0.00283666 0.00619446)
(0.00782863 0.00177216 0.00112494 0.00177216 0.00563136 0.000217392 0.00112494 0.000217392 0.00444691)
(0.0128868 -0.00203262 -0.00336796 -0.00203262 0.0059455 0.00350433 -0.00336796 0.00350433 0.00872065)
(0.00383938 0.000584138 -0.000713035 0.000584138 0.00793906 0.000258461 -0.000713035 0.000258461 0.00351566)
(0.0118232 -0.00110722 -0.000575115 -0.00110722 0.00695258 -0.00339146 -0.000575115 -0.00339146 0.00531883)
(0.0145621 -0.00494404 0.000366291 -0.00494404 0.00821076 -0.00326031 0.000366291 -0.00326031 0.00588773)
(0.0229637 -0.0056074 0.00108479 -0.0056074 0.00910224 -0.0039115 0.00108479 -0.0039115 0.00446285)
(0.00833563 -0.00332545 0.00247755 -0.00332545 0.00936607 -0.00241435 0.00247755 -0.00241435 0.00707732)
(0.0126856 -0.00230347 0.00236806 -0.00230347 0.00946963 -0.00195552 0.00236806 -0.00195552 0.00932182)
(0.00168804 -0.000475275 0.00118515 -0.000475275 0.00580237 -0.00083103 0.00118515 -0.00083103 0.0061521)
(0.0131937 -0.000224381 -0.000359724 -0.000224381 0.00656356 0.00181302 -0.000359724 0.00181302 0.00600043)
(0.0145335 0.000220452 0.00026446 0.000220452 0.00608593 0.00228852 0.00026446 0.00228852 0.00797438)
(0.0129834 -0.00216288 -0.00133928 -0.00216288 0.00737087 0.000194781 -0.00133928 0.000194781 0.00414815)
(0.0201703 -0.00170651 -0.00171572 -0.00170651 0.00617429 0.00264511 -0.00171572 0.00264511 0.0114349)
(0.0180391 -0.000927065 -0.000435144 -0.000927065 0.00655339 0.00188261 -0.000435144 0.00188261 0.0093814)
(0.00805001 0.000550649 0.00318469 0.000550649 0.00675374 0.000490079 0.00318469 0.000490079 0.00489492)
(0.0244435 -0.00527315 -0.0022792 -0.00527315 0.00803148 0.00214938 -0.0022792 0.00214938 0.00927515)
(0.0213471 -0.00139474 0.0021703 -0.00139474 0.00819627 0.000402889 0.0021703 0.000402889 0.00546624)
(0.00579024 -0.00179364 0.00440447 -0.00179364 0.00940348 -0.00120519 0.00440447 -0.00120519 0.00635549)
(0.0147032 -0.00172357 0.00352055 -0.00172357 0.00923889 -0.000474739 0.00352055 -0.000474739 0.00514538)
(0.0139521 -0.00193218 -0.00111704 -0.00193218 0.00706616 0.00350191 -0.00111704 0.00350191 0.00853526)
(0.0120865 0.000967429 0.000629002 0.000967429 0.0058001 0.00284828 0.000629002 0.00284828 0.00746353)
(0.00987988 0.00132846 0.000951957 0.00132846 0.00682553 0.000459361 0.000951957 0.000459361 0.00451964)
(0.0101256 0.00211668 0.00205945 0.00211668 0.00721569 -0.000823226 0.00205945 -0.000823226 0.00533871)
(0.0111168 0.00247265 0.00363554 0.00247265 0.005863 0.000953741 0.00363554 0.000953741 0.00670292)
(0.013427 0.000687052 0.000992185 0.000687052 0.00567666 0.00290037 0.000992185 0.00290037 0.00811963)
(0.00941371 -0.00548188 0.000695961 -0.00548188 0.00937416 -0.0035629 0.000695961 -0.0035629 0.00503295)
(0.0178948 -0.00282727 0.0015323 -0.00282727 0.00884998 -0.00388133 0.0015323 -0.00388133 0.00561879)
(0.00650143 2.59606e-05 -0.000458986 2.59606e-05 0.00578387 -0.00162977 -0.000458986 -0.00162977 0.00363669)
(0.00678114 -0.00152177 -0.00109588 -0.00152177 0.00677162 -0.00254583 -0.00109588 -0.00254583 0.00501412)
(0.00247988 -0.00132267 0.000526616 -0.00132267 0.00639471 -0.00170319 0.000526616 -0.00170319 0.00559619)
(0.0143151 -0.00283269 0.00307414 -0.00283269 0.00846762 -0.00263154 0.00307414 -0.00263154 0.00686446)
(0.0194983 -0.00245427 0.00352959 -0.00245427 0.00920662 -0.00157417 0.00352959 -0.00157417 0.00635177)
(0.0177715 -0.000962479 0.00304664 -0.000962479 0.0092515 -0.000642607 0.00304664 -0.000642607 0.00407083)
(0.0132021 -0.00208067 0.00359393 -0.00208067 0.00911743 -0.00133771 0.00359393 -0.00133771 0.00512941)
(0.00922334 -0.00175064 0.00246953 -0.00175064 0.00834635 -0.00191659 0.00246953 -0.00191659 0.00493913)
(0.0123025 -0.00304759 7.57277e-05 -0.00304759 0.00706263 -0.00338067 7.57277e-05 -0.00338067 0.00734701)
(0.0133465 -0.00255209 -0.000752887 -0.00255209 0.00625645 -0.0020625 -0.000752887 -0.0020625 0.0104239)
(0.00732373 -0.00225661 -0.000456957 -0.00225661 0.00697479 -0.00291257 -0.000456957 -0.00291257 0.00463207)
(0.00975522 0.00238434 0.00392554 0.00238434 0.00635847 7.93906e-05 0.00392554 7.93906e-05 0.00617528)
(0.00523462 0.00114978 0.000790989 0.00114978 0.00288788 0.000926242 0.000790989 0.000926242 0.00626671)
(0.00851028 -0.00373708 -0.00468594 -0.00373708 0.011055 -0.000924999 -0.00468594 -0.000924999 0.00857884)
(0.00506556 -0.00145316 -0.000263885 -0.00145316 0.00683014 -0.00226485 -0.000263885 -0.00226485 0.00624341)
(0.0146687 0.00149724 0.00285497 0.00149724 0.00691924 0.000497962 0.00285497 0.000497962 0.00417583)
(0.000713445 0.000437389 0.000890743 0.000437389 0.00566576 -0.00132777 0.000890743 -0.00132777 0.00212184)
(0.00693475 -0.00149429 0.00352018 -0.00149429 0.00623316 -0.00191972 0.00352018 -0.00191972 0.00788596)
(0.0162677 -0.00663452 0.00079182 -0.00663452 0.00976635 -0.00431101 0.00079182 -0.00431101 0.00523544)
(0.00946339 -0.00506504 0.00212239 -0.00506504 0.00956847 -0.00316845 0.00212239 -0.00316845 0.00584938)
(0.00714351 -0.00169843 0.00278912 -0.00169843 0.00833243 -0.00106471 0.00278912 -0.00106471 0.00383195)
(0.00527311 -0.000456644 0.00221111 -0.000456644 0.00710395 -0.000619005 0.00221111 -0.000619005 0.00672187)
(0.0114741 0.00175692 0.00243061 0.00175692 0.0056344 0.00168517 0.00243061 0.00168517 0.00684389)
(0.0137335 -0.000610108 -2.71918e-05 -0.000610108 0.00566451 0.00307128 -2.71918e-05 0.00307128 0.00808848)
(0.0107441 0.000809625 0.000765335 0.000809625 0.00607907 0.00214696 0.000765335 0.00214696 0.00624208)
(0.00897469 0.00175458 0.000133161 0.00175458 0.00465266 0.00193052 0.000133161 0.00193052 0.00979433)
(0.0133305 0.00128884 -0.000902078 0.00128884 0.00532321 0.00123843 -0.000902078 0.00123843 0.00757325)
(0.0110048 9.98843e-05 0.00184185 9.98843e-05 0.0106582 -0.00269297 0.00184185 -0.00269297 0.00641426)
(0.0143809 -0.00172673 -0.00302285 -0.00172673 0.00624732 0.00211346 -0.00302285 0.00211346 0.00645417)
(0.0225075 -0.0028666 0.00225588 -0.0028666 0.00934896 -9.31416e-05 0.00225588 -9.31416e-05 0.00721965)
(0.0117824 -0.000755848 0.00334422 -0.000755848 0.00967548 -0.0011582 0.00334422 -0.0011582 0.00450422)
(0.0163534 0.000217277 0.00505974 0.000217277 0.00830559 -0.000924761 0.00505974 -0.000924761 0.00706571)
(0.0198259 0.00204059 0.00331895 0.00204059 0.0068212 0.00116131 0.00331895 0.00116131 0.0048016)
(0.0181039 -0.00384534 0.000863133 -0.00384534 0.00827688 0.000625848 0.000863133 0.000625848 0.0075893)
(0.0102881 0.000169535 0.001819 0.000169535 0.00738428 -0.00070683 0.001819 -0.00070683 0.00579263)
(0.0106156 -0.000435617 0.00117351 -0.000435617 0.00843631 -0.00182934 0.00117351 -0.00182934 0.00738769)
(0.0127054 0.000165432 0.00129209 0.000165432 0.00602691 0.000777589 0.00129209 0.000777589 0.00763614)
(0.0117738 -0.00110613 -0.000873621 -0.00110613 0.00563226 0.00230709 -0.000873621 0.00230709 0.00951461)
(0.0166693 -0.00453638 0.00289421 -0.00453638 0.00913287 -0.00269617 0.00289421 -0.00269617 0.00675141)
(0.0176374 -0.00455796 0.00199642 -0.00455796 0.00885838 -0.00304305 0.00199642 -0.00304305 0.00613634)
(0.0111551 -0.000249668 0.00111856 -0.000249668 0.00788018 -0.00050925 0.00111856 -0.00050925 0.00538884)
(0.00928902 -0.000697786 0.00250588 -0.000697786 0.00776921 0.000608743 0.00250588 0.000608743 0.00287485)
(0.00224988 -0.00250432 0.000515508 -0.00250432 0.00498464 -0.00320182 0.000515508 -0.00320182 0.0060914)
(0.0153372 -0.00393015 0.00233313 -0.00393015 0.00911377 -0.0033738 0.00233313 -0.0033738 0.00582544)
(0.0224743 -0.00206806 0.00375045 -0.00206806 0.00907002 -0.00236726 0.00375045 -0.00236726 0.0062022)
(0.0189587 -0.00192088 0.00325218 -0.00192088 0.00936954 -0.00165976 0.00325218 -0.00165976 0.00614944)
(0.0195207 -0.000918804 0.00222673 -0.000918804 0.00844351 0.000429754 0.00222673 0.000429754 0.00523069)
(0.00659799 -0.000883156 -0.000521957 -0.000883156 0.00628952 -2.44118e-05 -0.000521957 -2.44118e-05 0.00278982)
(0.00429277 -0.00112648 0.00273205 -0.00112648 0.00345255 -0.00257011 0.00273205 -0.00257011 0.00503405)
(0.00744558 -0.00329416 2.42647e-05 -0.00329416 0.00700615 0.00149624 2.42647e-05 0.00149624 0.00746896)
(0.00485348 0.000489069 -0.00065839 0.000489069 0.00446758 -0.00100516 -0.00065839 -0.00100516 0.00282183)
(0.00498374 -0.000412442 0.00282896 -0.000412442 0.00373774 -0.00169269 0.00282896 -0.00169269 0.00520588)
(0.00383697 0.00135928 0.00107412 0.00135928 0.00345078 0.00121355 0.00107412 0.00121355 0.00502528)
(0.015805 0.000529981 0.0014902 0.000529981 0.0104693 -0.00139397 0.0014902 -0.00139397 0.00735308)
(0.0122594 8.38796e-05 0.00189491 8.38796e-05 0.0105165 -0.00290855 0.00189491 -0.00290855 0.00718558)
(0.00192281 0.00106171 0.00109248 0.00106171 0.0048229 0.00112029 0.00109248 0.00112029 0.00261641)
(0.00267137 3.68617e-05 -0.000624769 3.68617e-05 0.00691812 0.00163092 -0.000624769 0.00163092 0.00239775)
(0.00605626 -0.00113627 -0.000274036 -0.00113627 0.00582576 -0.00089551 -0.000274036 -0.00089551 0.00251358)
(0.0118202 -0.00348166 0.00148019 -0.00348166 0.0069128 -0.00314401 0.00148019 -0.00314401 0.00420106)
(0.0141211 -0.00288333 0.0030869 -0.00288333 0.00929764 -0.00294683 0.0030869 -0.00294683 0.0055343)
(0.0113762 -0.00184183 0.00337492 -0.00184183 0.0085297 -0.00212751 0.00337492 -0.00212751 0.00599942)
(0.0134603 0.00189094 0.00456655 0.00189094 0.00665301 0.00016313 0.00456655 0.00016313 0.00821526)
(0.0130229 -0.0023109 0.00178749 -0.0023109 0.00774511 -0.000740611 0.00178749 -0.000740611 0.00798472)
(0.0139326 0.000238645 0.001159 0.000238645 0.00632616 0.00202046 0.001159 0.00202046 0.00734393)
(0.0100876 0.000404081 0.000278573 0.000404081 0.00621782 0.0028381 0.000278573 0.0028381 0.00635905)
(0.00585463 0.000355795 -0.00132932 0.000355795 0.00283578 -0.00049238 -0.00132932 -0.00049238 0.00620671)
(0.0194141 0.00216887 0.000828389 0.00216887 0.00518092 0.00180328 0.000828389 0.00180328 0.0062333)
(0.00934109 -0.00189639 0.00099699 -0.00189639 0.00954963 -0.00116135 0.00099699 -0.00116135 0.00754612)
(0.00535168 0.000508433 -4.02918e-05 0.000508433 0.00155677 5.2467e-05 -4.02918e-05 5.2467e-05 0.00798242)
(0.0238294 -0.00234106 -0.00173594 -0.00234106 0.00839425 0.00282358 -0.00173594 0.00282358 0.00666112)
(0.0190187 -0.00221135 0.00224544 -0.00221135 0.00954894 -0.000259971 0.00224544 -0.000259971 0.00497921)
(0.010264 -0.000286111 0.00364458 -0.000286111 0.00785617 -0.000956607 0.00364458 -0.000956607 0.00514867)
(0.0106033 -0.00121613 0.00332269 -0.00121613 0.00766174 -0.00114803 0.00332269 -0.00114803 0.00554575)
(0.019062 -7.56094e-05 0.00384909 -7.56094e-05 0.00763717 -0.000260745 0.00384909 -0.000260745 0.00476115)
(0.0153041 -0.00199123 0.00305516 -0.00199123 0.00872932 -0.00229292 0.00305516 -0.00229292 0.00515521)
(0.00494031 -0.00074749 0.00165146 -0.00074749 0.00713049 -9.17101e-05 0.00165146 -9.17101e-05 0.0040721)
(0.00650799 -0.000885778 0.00363972 -0.000885778 0.00399565 -0.00295634 0.00363972 -0.00295634 0.00781057)
(0.011997 -0.00106461 0.00201688 -0.00106461 0.00745677 0.000499452 0.00201688 0.000499452 0.00716673)
(0.00986202 -0.0030589 0.00197969 -0.0030589 0.00821433 -0.00179672 0.00197969 -0.00179672 0.00640265)
(0.0092926 -0.00386025 0.00071477 -0.00386025 0.00783277 -0.00298412 0.00071477 -0.00298412 0.00409715)
(0.00904558 -0.00068041 0.000977427 -0.00068041 0.00683677 -0.00198073 0.000977427 -0.00198073 0.00263437)
(0.0058905 -0.00424362 -0.000309728 -0.00424362 0.0107826 -0.000149589 -0.000309728 -0.000149589 0.00368735)
(0.00642798 -0.00488844 -0.00130145 -0.00488844 0.0109239 0.000282143 -0.00130145 0.000282143 0.00735799)
(0.00451171 -0.00280921 -2.94689e-05 -0.00280921 0.00830179 0.000778067 -2.94689e-05 0.000778067 0.00590933)
(0.00515655 -0.000149218 0.00101128 -0.000149218 0.00612905 0.00208685 0.00101128 0.00208685 0.00537262)
(0.00779705 0.000565377 0.00172022 0.000565377 0.00676329 0.000593628 0.00172022 0.000593628 0.00516813)
(0.00665829 0.0015703 0.00128646 0.0015703 0.00449404 0.00234201 0.00128646 0.00234201 0.0104685)
(0.00566745 -0.000400829 0.000266535 -0.000400829 0.00679265 -0.00114933 0.000266535 -0.00114933 0.00547315)
(0.00468161 -0.00135381 0.00182737 -0.00135381 0.00551727 -0.0027627 0.00182737 -0.0027627 0.00417881)
(0.00961601 -0.0016956 -0.0014999 -0.0016956 0.00727089 -0.00373892 -0.0014999 -0.00373892 0.00536189)
(0.00808155 -0.00360253 0.00056579 -0.00360253 0.00991409 0.00082886 0.00056579 0.00082886 0.00630401)
(0.0070697 -0.0015003 0.00195041 -0.0015003 0.0096992 -0.00300265 0.00195041 -0.00300265 0.00752149)
(0.00363209 0.00163841 0.001774 0.00163841 0.00428909 0.000911181 0.001774 0.000911181 0.00390201)
(0.00416048 -0.00172568 0.00022587 -0.00172568 0.00900614 0.000899564 0.00022587 0.000899564 0.00290597)
(0.0055251 0.000865325 0.00105407 0.000865325 0.00397725 0.00183888 0.00105407 0.00183888 0.0105806)
(0.00879916 -0.00122263 -0.000673885 -0.00122263 0.00670896 0.000618322 -0.000673885 0.000618322 0.00324529)
(0.00228173 -0.000723357 -0.00116921 -0.000723357 0.00161679 0.000420147 -0.00116921 0.000420147 0.00154295)
(0.00964921 -0.00095833 0.00214645 -0.00095833 0.00701623 -0.000548081 0.00214645 -0.000548081 0.00673868)
(0.0188722 -0.00382312 0.0025534 -0.00382312 0.00926447 -0.00251177 0.0025534 -0.00251177 0.00764398)
(0.0118628 -0.00528384 0.00287438 -0.00528384 0.0097962 -0.00331565 0.00287438 -0.00331565 0.00666048)
(0.00855263 -0.00326631 0.00220662 -0.00326631 0.00910617 -0.00271932 0.00220662 -0.00271932 0.00503118)
(0.0024517 0.000177596 0.000501018 0.000177596 0.00519961 -0.000279285 0.000501018 -0.000279285 0.00185489)
(0.0103027 -0.00107803 0.00228239 -0.00107803 0.00722202 -0.000224354 0.00228239 -0.000224354 0.00605926)
(0.0164385 -0.00365945 0.00372046 -0.00365945 0.00899628 -0.00300192 0.00372046 -0.00300192 0.0060483)
(0.0110106 0.00158319 0.00377646 0.00158319 0.00691794 0.000300854 0.00377646 0.000300854 0.00490224)
(0.00722915 -0.00174851 -0.00012443 -0.00174851 0.00942775 -0.000727054 -0.00012443 -0.000727054 0.00652264)
(0.00964773 0.000464352 -0.00161291 0.000464352 0.0061174 0.00319914 -0.00161291 0.00319914 0.0091259)
(0.00624348 0.000392733 0.00152648 0.000392733 0.0023601 -0.000392636 0.00152648 -0.000392636 0.00692226)
(0.0143719 -0.00191888 0.000238191 -0.00191888 0.0109101 -0.000830303 0.000238191 -0.000830303 0.00850011)
(0.0181318 -0.00289872 -0.00342228 -0.00289872 0.00830952 0.0031453 -0.00342228 0.0031453 0.00750126)
(0.0142918 0.000841446 0.00351184 0.000841446 0.00631985 0.000255424 0.00351184 0.000255424 0.00615166)
(0.00167152 -4.56842e-05 -0.000723277 -4.56842e-05 0.00608379 -0.00157851 -0.000723277 -0.00157851 0.0035029)
(0.00466179 -0.00128013 -0.00021081 -0.00128013 0.00671357 0.000280015 -0.00021081 0.000280015 0.00298381)
(0.00704317 0.000156558 -0.000237002 0.000156558 0.00557847 0.00210388 -0.000237002 0.00210388 0.00429604)
(0.00981675 -0.00247232 0.00206824 -0.00247232 0.00814 -0.0025689 0.00206824 -0.0025689 0.0051862)
(0.00214256 0.000377569 0.000371603 0.000377569 0.00161404 0.000301763 0.000371603 0.000301763 0.00159735)
(0.00617308 0.000218806 -0.000113083 0.000218806 0.00574421 0.00176205 -0.000113083 0.00176205 0.00705526)
(0.0176657 -0.00286283 -0.000922444 -0.00286283 0.00806114 0.00143074 -0.000922444 0.00143074 0.00573548)
(0.0117104 -0.00106656 -0.00205777 -0.00106656 0.00608933 0.000889758 -0.00205777 0.000889758 0.00452319)
(0.0119392 -0.000999393 0.00265127 -0.000999393 0.00702463 -0.00197468 0.00265127 -0.00197468 0.0055939)
(0.0190846 -0.00102796 0.00254649 -0.00102796 0.00862008 -0.00252689 0.00254649 -0.00252689 0.00448653)
(0.0113222 -0.00197018 0.00131633 -0.00197018 0.0107328 -7.415e-05 0.00131633 -7.415e-05 0.00431743)
