/*--------------------------------*- C++ -*----------------------------------*\
  =========                 |
  \\      /  F ield         | OpenFOAM: The Open Source CFD Toolbox
   \\    /   O peration     | Website:  https://openfoam.org
    \\  /    A nd           | Version:  10
     \\/     M anipulation  |
\*---------------------------------------------------------------------------*/
FoamFile
{
    format      ascii;
    class       volTensorField;
    location    "30";
    object      TauNN;
}
// * * * * * * * * * * * * * * * * * * * * * * * * * * * * * * * * * * * * * //

dimensions      [0 2 -2 0 0 0 0];

internalField   nonuniform List<tensor> 
25600
(
(0.00150057 -0.0129763 -0.0151298 -0.0129763 0.000157054 -0.00814981 -0.0151298 -0.00814981 0.000116947)
(0.00148731 -0.0129777 -0.0151359 -0.0129777 0.000158956 -0.00815066 -0.0151359 -0.00815066 0.00011692)
(0.00136071 -0.0129796 -0.0151575 -0.0129796 0.00016661 -0.00815349 -0.0151575 -0.00815349 0.000114207)
(0.00146292 -0.012985 -0.0151341 -0.012985 0.000161262 -0.00815555 -0.0151341 -0.00815555 0.000112012)
(0.0014713 -0.0129819 -0.0151357 -0.0129819 0.000160846 -0.0081537 -0.0151357 -0.0081537 0.000113225)
(0.00147148 -0.0129801 -0.0151373 -0.0129801 0.000160474 -0.00815242 -0.0151373 -0.00815242 0.000114998)
(0.00148279 -0.0129819 -0.0151353 -0.0129819 0.000160448 -0.00815354 -0.0151353 -0.00815354 0.000114113)
(0.00148868 -0.0129788 -0.0151361 -0.0129788 0.000159378 -0.0081514 -0.0151361 -0.0081514 0.000116396)
(0.00148167 -0.0129775 -0.0151358 -0.0129775 0.000159136 -0.00815066 -0.0151358 -0.00815066 0.000116186)
(0.00145582 -0.0129765 -0.0151424 -0.0129765 0.000160693 -0.0081503 -0.0151424 -0.0081503 0.000116531)
(0.00147311 -0.0129789 -0.0151382 -0.0129789 0.00016025 -0.00815164 -0.0151382 -0.00815164 0.00011574)
(0.00148009 -0.0129777 -0.0151356 -0.0129777 0.000159219 -0.00815084 -0.0151356 -0.00815084 0.000115961)
(0.00147274 -0.0129774 -0.0151376 -0.0129774 0.000159532 -0.00815064 -0.0151376 -0.00815064 0.000116636)
(0.00147257 -0.0129814 -0.0151372 -0.0129814 0.000160761 -0.00815321 -0.0151372 -0.00815321 0.000114782)
(0.00148988 -0.0129795 -0.0151346 -0.0129795 0.000159393 -0.00815193 -0.0151346 -0.00815193 0.000115557)
(0.00148387 -0.0129773 -0.0151355 -0.0129773 0.000158966 -0.00815057 -0.0151355 -0.00815057 0.000116386)
(0.00148619 -0.0129779 -0.0151355 -0.0129779 0.000159032 -0.00815084 -0.0151355 -0.00815084 0.000116494)
(0.00148393 -0.0129761 -0.0151353 -0.0129761 0.000158502 -0.00814978 -0.0151353 -0.00814978 0.000116946)
(0.00149109 -0.0129758 -0.015133 -0.0129758 0.000157669 -0.00814944 -0.015133 -0.00814944 0.000117357)
(0.00147836 -0.0129792 -0.0151362 -0.0129792 0.000159981 -0.00815191 -0.0151362 -0.00815191 0.000114871)
(0.00147429 -0.0129711 -0.0151368 -0.0129711 0.000157325 -0.00814672 -0.0151368 -0.00814672 0.000118366)
(0.00147569 -0.0129742 -0.0151374 -0.0129742 0.000158157 -0.00814845 -0.0151374 -0.00814845 0.000118621)
(0.00148028 -0.0129773 -0.0151362 -0.0129773 0.000159151 -0.00815056 -0.0151362 -0.00815056 0.000116453)
(0.00149399 -0.0129741 -0.0151319 -0.0129741 0.000156784 -0.00814836 -0.0151319 -0.00814836 0.000118076)
(0.00148975 -0.0129731 -0.0151335 -0.0129731 0.000156778 -0.0081477 -0.0151335 -0.0081477 0.000118664)
(0.00145365 -0.0129747 -0.0151417 -0.0129747 0.000160243 -0.00814935 -0.0151417 -0.00814935 0.000116184)
(0.00147703 -0.0129783 -0.0151355 -0.0129783 0.000159444 -0.00815126 -0.0151355 -0.00815126 0.000115707)
(0.00149241 -0.0129764 -0.0151324 -0.0129764 0.000157801 -0.00814988 -0.0151324 -0.00814988 0.000116881)
(0.00147641 -0.0129784 -0.0151364 -0.0129784 0.000159742 -0.00815137 -0.0151364 -0.00815137 0.000115433)
(0.00146245 -0.012982 -0.0151385 -0.012982 0.000161343 -0.0081536 -0.0151385 -0.0081536 0.000114364)
(0.00148266 -0.0129786 -0.0151358 -0.0129786 0.000159507 -0.0081514 -0.0151358 -0.0081514 0.000115725)
(0.00149166 -0.0129769 -0.0151328 -0.0129769 0.000158139 -0.00815025 -0.0151328 -0.00815025 0.000116359)
(0.00147925 -0.0129758 -0.0151363 -0.0129758 0.000158707 -0.00814964 -0.0151363 -0.00814964 0.000116902)
(0.00148173 -0.0129755 -0.0151367 -0.0129755 0.000158495 -0.00814931 -0.0151367 -0.00814931 0.000117627)
(0.00147474 -0.0129752 -0.0151363 -0.0129752 0.000158692 -0.00814934 -0.0151363 -0.00814934 0.000116704)
(0.00147245 -0.0129791 -0.0151368 -0.0129791 0.000159976 -0.00815171 -0.0151368 -0.00815171 0.000115556)
(0.00148699 -0.0129806 -0.015135 -0.0129806 0.000159818 -0.00815261 -0.015135 -0.00815261 0.000115352)
(0.00149365 -0.0129776 -0.0151335 -0.0129776 0.000158481 -0.00815071 -0.0151335 -0.00815071 0.00011633)
(0.00147822 -0.0129768 -0.0151366 -0.0129768 0.000159235 -0.00815035 -0.0151366 -0.00815035 0.000116142)
(0.00146593 -0.0129797 -0.015137 -0.0129797 0.000160559 -0.00815233 -0.015137 -0.00815233 0.00011423)
(6.60786e-05 -0.0127983 -0.0154247 -0.0127983 2.53719e-05 -0.0081304 -0.0154247 -0.0081304 5.14659e-05)
(9.22404e-06 -0.0128061 -0.0154473 -0.0128061 3.80736e-05 -0.00811583 -0.0154473 -0.00811583 5.84492e-05)
(0.000535165 -0.0128697 -0.0154347 -0.0128697 0.000124881 -0.00814777 -0.0154347 -0.00814777 4.08147e-05)
(0.000197342 -0.0128525 -0.0153807 -0.0128525 9.6514e-05 -0.00811244 -0.0153807 -0.00811244 9.66371e-05)
(-0.000123542 -0.0128328 -0.0154607 -0.0128328 9.44972e-05 -0.0081019 -0.0154607 -0.0081019 8.27572e-05)
(6.52973e-05 -0.0128009 -0.0154266 -0.0128009 2.44394e-05 -0.00812504 -0.0154266 -0.00812504 5.50771e-05)
(-6.03697e-05 -0.0128156 -0.0154571 -0.0128156 7.61533e-05 -0.00810702 -0.0154571 -0.00810702 7.67145e-05)
(0.000223433 -0.0128329 -0.0154318 -0.0128329 0.000121333 -0.00814486 -0.0154318 -0.00814486 3.05735e-05)
(2.83477e-05 -0.0128042 -0.015442 -0.0128042 3.62274e-05 -0.00811507 -0.015442 -0.00811507 6.59462e-05)
(0.000131093 -0.0128248 -0.0154224 -0.0128248 0.00010954 -0.0081503 -0.0154224 -0.0081503 3.6382e-05)
(0.000106722 -0.0128222 -0.0154218 -0.0128222 8.43893e-05 -0.00814504 -0.0154218 -0.00814504 4.02807e-05)
(0.000104386 -0.0128131 -0.0154219 -0.0128131 7.25254e-05 -0.00814631 -0.0154219 -0.00814631 4.66624e-05)
(0.000120621 -0.0128236 -0.0154228 -0.0128236 0.000102564 -0.00814983 -0.0154228 -0.00814983 3.58359e-05)
(5.82682e-05 -0.012801 -0.0154324 -0.012801 2.85135e-05 -0.00811958 -0.0154324 -0.00811958 5.62897e-05)
(3.8996e-05 -0.0127992 -0.0154366 -0.0127992 2.71046e-05 -0.00811998 -0.0154366 -0.00811998 5.66584e-05)
(7.88557e-05 -0.0128037 -0.0154253 -0.0128037 4.23983e-05 -0.00813775 -0.0154253 -0.00813775 4.44032e-05)
(7.67536e-05 -0.0128036 -0.0154267 -0.0128036 4.14781e-05 -0.00813602 -0.0154267 -0.00813602 4.14467e-05)
(0.00012228 -0.012819 -0.0154213 -0.012819 9.36348e-05 -0.00814758 -0.0154213 -0.00814758 4.27737e-05)
(0.000104989 -0.012815 -0.0154214 -0.012815 7.14696e-05 -0.0081448 -0.0154214 -0.0081448 4.70105e-05)
(-1.73489e-07 -0.0128074 -0.0154473 -0.0128074 4.84942e-05 -0.0081089 -0.0154473 -0.0081089 7.58354e-05)
(0.000555021 -0.0128569 -0.0154362 -0.0128569 0.000118166 -0.00814179 -0.0154362 -0.00814179 2.77662e-05)
(0.00018931 -0.0128376 -0.0154303 -0.0128376 0.000127961 -0.00814838 -0.0154303 -0.00814838 2.94418e-05)
(0.000146344 -0.0128304 -0.0154208 -0.0128304 0.000115544 -0.00814957 -0.0154208 -0.00814957 3.88974e-05)
(0.000154826 -0.012825 -0.0154225 -0.012825 0.00011452 -0.00814892 -0.0154225 -0.00814892 3.7022e-05)
(0.000127154 -0.0128163 -0.0154223 -0.0128163 9.58482e-05 -0.00814724 -0.0154223 -0.00814724 3.93904e-05)
(0.000135372 -0.0128287 -0.0154126 -0.0128287 0.000112109 -0.00815228 -0.0154126 -0.00815228 5.80639e-05)
(9.20914e-05 -0.0128101 -0.0154193 -0.0128101 4.20736e-05 -0.00813878 -0.0154193 -0.00813878 5.67782e-05)
(6.6779e-05 -0.0127963 -0.0154234 -0.0127963 2.87078e-05 -0.00813441 -0.0154234 -0.00813441 5.54332e-05)
(0.000123423 -0.0128211 -0.0154176 -0.0128211 9.42514e-05 -0.00814872 -0.0154176 -0.00814872 4.99073e-05)
(5.97294e-05 -0.0128044 -0.0154354 -0.0128044 3.31877e-05 -0.00811651 -0.0154354 -0.00811651 6.27116e-05)
(8.62574e-05 -0.0128074 -0.0154238 -0.0128074 4.30446e-05 -0.00813654 -0.0154238 -0.00813654 5.07259e-05)
(4.17894e-05 -0.0128012 -0.0154357 -0.0128012 3.07118e-05 -0.00811574 -0.0154357 -0.00811574 6.82264e-05)
(0.000111919 -0.0128117 -0.0154218 -0.0128117 8.1062e-05 -0.00814831 -0.0154218 -0.00814831 4.69734e-05)
(8.81058e-05 -0.0128067 -0.0154257 -0.0128067 5.70258e-05 -0.00814135 -0.0154257 -0.00814135 4.08457e-05)
(7.70086e-05 -0.012802 -0.015421 -0.012802 2.96047e-05 -0.00813248 -0.015421 -0.00813248 5.96726e-05)
(9.04387e-05 -0.0128088 -0.0154192 -0.0128088 3.79773e-05 -0.00813584 -0.0154192 -0.00813584 5.89517e-05)
(6.24108e-05 -0.0127986 -0.0154272 -0.0127986 2.29838e-05 -0.00812641 -0.0154272 -0.00812641 5.17806e-05)
(8.93599e-05 -0.0128064 -0.0154252 -0.0128064 6.09078e-05 -0.00814177 -0.0154252 -0.00814177 4.14783e-05)
(4.91337e-05 -0.0128038 -0.0154372 -0.0128038 3.51898e-05 -0.008114 -0.0154372 -0.008114 6.81274e-05)
(-0.00013572 -0.0128257 -0.0154578 -0.0128257 0.000100849 -0.00810079 -0.0154578 -0.00810079 8.4122e-05)
(0.000469841 -0.0128568 -0.0154361 -0.0128568 0.00012376 -0.00814452 -0.0154361 -0.00814452 2.89433e-05)
(1.08976e-05 -0.0127942 -0.0154369 -0.0127942 2.34946e-05 -0.00812008 -0.0154369 -0.00812008 5.55306e-05)
(0.000133646 -0.0128317 -0.0154135 -0.0128317 0.000115446 -0.00815175 -0.0154135 -0.00815175 5.17653e-05)
(6.64334e-05 -0.0127994 -0.0154311 -0.0127994 5.27554e-05 -0.00810738 -0.0154311 -0.00810738 8.93327e-05)
(-8.59459e-05 -0.0128167 -0.0154573 -0.0128167 6.94792e-05 -0.00810243 -0.0154573 -0.00810243 8.52392e-05)
(4.62008e-05 -0.0127943 -0.015426 -0.0127943 2.24509e-05 -0.00812227 -0.015426 -0.00812227 6.42828e-05)
(-1.91541e-05 -0.012802 -0.015442 -0.012802 4.40239e-05 -0.00811065 -0.015442 -0.00811065 7.69779e-05)
(0.000337348 -0.0128436 -0.0154387 -0.0128436 0.000120951 -0.00814253 -0.0154387 -0.00814253 2.6417e-05)
(-1.42181e-05 -0.0128089 -0.0154496 -0.0128089 5.55795e-05 -0.00811435 -0.0154496 -0.00811435 6.89071e-05)
(3.27134e-05 -0.0127885 -0.0154204 -0.0127885 2.39748e-05 -0.00812723 -0.0154204 -0.00812723 6.21873e-05)
(9.17908e-05 -0.0128133 -0.0154214 -0.0128133 6.72123e-05 -0.00814774 -0.0154214 -0.00814774 5.02417e-05)
(0.000102031 -0.012813 -0.0154219 -0.012813 7.56349e-05 -0.00814955 -0.0154219 -0.00814955 4.84406e-05)
(5.33304e-05 -0.0127931 -0.0154191 -0.0127931 2.36167e-05 -0.00812796 -0.0154191 -0.00812796 5.20904e-05)
(1.21596e-05 -0.0127987 -0.0154368 -0.0127987 4.49915e-05 -0.00811597 -0.0154368 -0.00811597 6.51344e-05)
(5.14691e-05 -0.0127941 -0.015429 -0.0127941 2.17726e-05 -0.00812889 -0.015429 -0.00812889 4.62764e-05)
(8.72067e-05 -0.0128061 -0.0154247 -0.0128061 5.77451e-05 -0.00814327 -0.0154247 -0.00814327 4.34807e-05)
(8.85631e-05 -0.0128078 -0.0154263 -0.0128078 6.32588e-05 -0.00814131 -0.0154263 -0.00814131 3.70487e-05)
(0.000100199 -0.0128109 -0.0154222 -0.0128109 7.2046e-05 -0.0081471 -0.0154222 -0.0081471 4.90894e-05)
(0.000108908 -0.0128197 -0.0154187 -0.0128197 7.42715e-05 -0.00814542 -0.0154187 -0.00814542 5.2015e-05)
(-6.69607e-06 -0.0128037 -0.0154432 -0.0128037 4.05185e-05 -0.00810889 -0.0154432 -0.00810889 8.14126e-05)
(0.000436619 -0.012848 -0.0154398 -0.012848 0.000123422 -0.00814201 -0.0154398 -0.00814201 2.49207e-05)
(5.03478e-05 -0.0127933 -0.0154235 -0.0127933 2.80385e-05 -0.00813269 -0.0154235 -0.00813269 3.70735e-05)
(0.000177621 -0.0128333 -0.0154173 -0.0128333 0.000125872 -0.00814939 -0.0154173 -0.00814939 4.13438e-05)
(0.000239558 -0.0128396 -0.0154313 -0.0128396 0.000126946 -0.00814639 -0.0154313 -0.00814639 2.8638e-05)
(6.61085e-05 -0.0127992 -0.0154253 -0.0127992 2.48123e-05 -0.00812652 -0.0154253 -0.00812652 6.10327e-05)
(3.73618e-05 -0.0128085 -0.015444 -0.0128085 5.33239e-05 -0.00810402 -0.015444 -0.00810402 0.000107726)
(5.30039e-05 -0.0127989 -0.0154277 -0.0127989 3.56893e-05 -0.00811119 -0.0154277 -0.00811119 8.42598e-05)
(6.4568e-05 -0.0127948 -0.0154228 -0.0127948 2.726e-05 -0.00813349 -0.0154228 -0.00813349 6.30379e-05)
(0.000205847 -0.012838 -0.0154173 -0.012838 0.000129508 -0.00814863 -0.0154173 -0.00814863 4.19674e-05)
(1.3207e-05 -0.0128015 -0.0154393 -0.0128015 4.51274e-05 -0.00811022 -0.0154393 -0.00811022 7.53889e-05)
(8.76638e-05 -0.0128065 -0.0154217 -0.0128065 4.29921e-05 -0.00813887 -0.0154217 -0.00813887 5.95159e-05)
(7.08757e-05 -0.0127996 -0.0154236 -0.0127996 2.65541e-05 -0.00812899 -0.0154236 -0.00812899 6.56117e-05)
(5.33733e-05 -0.0127919 -0.0154234 -0.0127919 2.44219e-05 -0.0081316 -0.0154234 -0.0081316 5.96132e-05)
(4.24971e-05 -0.012792 -0.0154298 -0.012792 2.17244e-05 -0.00812733 -0.0154298 -0.00812733 5.01294e-05)
(-7.64229e-05 -0.0128166 -0.0154567 -0.0128166 8.1855e-05 -0.00810495 -0.0154567 -0.00810495 8.10075e-05)
(6.74903e-05 -0.0127949 -0.0154151 -0.0127949 2.60949e-05 -0.00812969 -0.0154151 -0.00812969 8.02934e-05)
(0.000145393 -0.0128249 -0.015423 -0.0128249 0.000116279 -0.00815005 -0.015423 -0.00815005 3.59889e-05)
(0.000249437 -0.0128419 -0.0154293 -0.0128419 0.000124878 -0.00814607 -0.0154293 -0.00814607 3.07629e-05)
(-3.50743e-05 -0.0128224 -0.0154614 -0.0128224 8.73768e-05 -0.00810041 -0.0154614 -0.00810041 8.50386e-05)
(-8.12156e-05 -0.0128346 -0.0154286 -0.0128346 0.000111275 -0.00810474 -0.0154286 -0.00810474 8.77276e-05)
(0.000441001 -0.0128517 -0.0154352 -0.0128517 0.000125201 -0.00814405 -0.0154352 -0.00814405 2.75678e-05)
(6.84991e-05 -0.0127938 -0.0154259 -0.0127938 4.42695e-05 -0.00814331 -0.0154259 -0.00814331 5.01907e-05)
(-5.00034e-05 -0.0128081 -0.0154503 -0.0128081 8.67986e-05 -0.00810339 -0.0154503 -0.00810339 8.73946e-05)
(8.20539e-05 -0.0127934 -0.0154178 -0.0127934 3.26591e-05 -0.00811656 -0.0154178 -0.00811656 8.00595e-05)
(-6.11956e-05 -0.0128079 -0.0154464 -0.0128079 5.18926e-05 -0.00810669 -0.0154464 -0.00810669 8.88043e-05)
(3.0658e-05 -0.0127931 -0.0154265 -0.0127931 2.60644e-05 -0.00811839 -0.0154265 -0.00811839 7.40651e-05)
(-1.90033e-06 -0.0127963 -0.0154351 -0.0127963 3.14468e-05 -0.00811341 -0.0154351 -0.00811341 8.05847e-05)
(0.000162604 -0.012823 -0.0154244 -0.012823 0.00011563 -0.00814752 -0.0154244 -0.00814752 3.5952e-05)
(5.30786e-05 -0.0127956 -0.0154292 -0.0127956 2.40377e-05 -0.00812404 -0.0154292 -0.00812404 5.7378e-05)
(-0.00012598 -0.0128165 -0.0154571 -0.0128165 8.09338e-05 -0.00810072 -0.0154571 -0.00810072 8.60049e-05)
(3.49586e-05 -0.0127906 -0.0154201 -0.0127906 2.50496e-05 -0.00811951 -0.0154201 -0.00811951 8.20914e-05)
(6.37748e-05 -0.0127954 -0.0154209 -0.0127954 2.41155e-05 -0.00812859 -0.0154209 -0.00812859 6.44286e-05)
(5.98073e-05 -0.0127966 -0.0154226 -0.0127966 3.0575e-05 -0.00811526 -0.0154226 -0.00811526 7.49782e-05)
(-1.64759e-05 -0.0128002 -0.0154384 -0.0128002 5.2219e-05 -0.00811205 -0.0154384 -0.00811205 7.28191e-05)
(5.836e-05 -0.0127927 -0.0154265 -0.0127927 2.87953e-05 -0.00813529 -0.0154265 -0.00813529 5.0412e-05)
(7.1987e-05 -0.0127984 -0.0154245 -0.0127984 3.7253e-05 -0.008139 -0.0154245 -0.008139 5.28658e-05)
(8.3062e-05 -0.0128051 -0.0154262 -0.0128051 5.93425e-05 -0.00814324 -0.0154262 -0.00814324 3.9461e-05)
(7.93286e-05 -0.0128006 -0.0154216 -0.0128006 4.45091e-05 -0.00814377 -0.0154216 -0.00814377 6.2337e-05)
(9.29034e-05 -0.0128083 -0.0154184 -0.0128083 4.20731e-05 -0.00813915 -0.0154184 -0.00813915 6.35927e-05)
(9.30123e-05 -0.0127962 -0.0154213 -0.0127962 5.01504e-05 -0.00814848 -0.0154213 -0.00814848 9.51335e-05)
(-6.7528e-07 -0.0128045 -0.015447 -0.0128045 4.01026e-05 -0.00813158 -0.015447 -0.00813158 4.50605e-05)
(-7.22773e-05 -0.0128152 -0.0154518 -0.0128152 8.58719e-05 -0.00811622 -0.0154518 -0.00811622 6.66521e-05)
(0.000140249 -0.0128172 -0.0154115 -0.0128172 0.000110085 -0.00815322 -0.0154115 -0.00815322 6.66455e-05)
(0.000223166 -0.0128429 -0.0154346 -0.0128429 0.000127607 -0.00814669 -0.0154346 -0.00814669 2.88494e-05)
(-8.93297e-05 -0.0128251 -0.0154604 -0.0128251 9.48189e-05 -0.00809949 -0.0154604 -0.00809949 8.71714e-05)
(-0.000113586 -0.0128275 -0.0154661 -0.0128275 0.000100056 -0.00809521 -0.0154661 -0.00809521 8.17213e-05)
(-0.0001371 -0.0128229 -0.015461 -0.0128229 9.68511e-05 -0.00809937 -0.015461 -0.00809937 8.63739e-05)
(4.89035e-05 -0.0127915 -0.0154272 -0.0127915 2.18227e-05 -0.00812644 -0.0154272 -0.00812644 6.99104e-05)
(0.000124271 -0.0128227 -0.015412 -0.0128227 0.000104826 -0.00815381 -0.015412 -0.00815381 6.32557e-05)
(-3.82353e-05 -0.0128036 -0.0154432 -0.0128036 6.33927e-05 -0.00810533 -0.0154432 -0.00810533 8.58894e-05)
(5.03071e-05 -0.0127955 -0.0154246 -0.0127955 2.48327e-05 -0.00812054 -0.0154246 -0.00812054 8.32039e-05)
(0.000113233 -0.0128134 -0.0154173 -0.0128134 8.00055e-05 -0.00815145 -0.0154173 -0.00815145 6.46068e-05)
(-1.21501e-05 -0.0127995 -0.0154379 -0.0127995 4.07289e-05 -0.00811715 -0.0154379 -0.00811715 6.77218e-05)
(2.97901e-05 -0.0127931 -0.0154331 -0.0127931 2.85385e-05 -0.00812385 -0.0154331 -0.00812385 5.92716e-05)
(-0.000120585 -0.0128285 -0.0154524 -0.0128285 0.000101049 -0.00810591 -0.0154524 -0.00810591 8.43669e-05)
(6.60568e-05 -0.0127935 -0.0154189 -0.0127935 3.51017e-05 -0.00814161 -0.0154189 -0.00814161 8.585e-05)
(0.000203901 -0.012829 -0.0154251 -0.012829 0.000125263 -0.00814778 -0.0154251 -0.00814778 3.24964e-05)
(0.000171928 -0.0128373 -0.0154187 -0.0128373 0.000120637 -0.00814794 -0.0154187 -0.00814794 4.23592e-05)
(0.00010632 -0.0128053 -0.0154158 -0.0128053 3.14001e-05 -0.00812079 -0.0154158 -0.00812079 8.26843e-05)
(-0.000209204 -0.0128275 -0.0154653 -0.0128275 0.000103041 -0.00809618 -0.0154653 -0.00809618 8.65467e-05)
(1.52769e-05 -0.012794 -0.0154331 -0.012794 2.44312e-05 -0.00811997 -0.0154331 -0.00811997 5.88481e-05)
(5.59706e-05 -0.0127942 -0.0154252 -0.0127942 3.21137e-05 -0.00813732 -0.0154252 -0.00813732 4.56929e-05)
(-2.16068e-07 -0.0128154 -0.0154501 -0.0128154 9.87762e-05 -0.00810251 -0.0154501 -0.00810251 8.33098e-05)
(8.45812e-05 -0.0127994 -0.0154176 -0.0127994 2.60885e-05 -0.0081305 -0.0154176 -0.0081305 5.99369e-05)
(-1.23269e-05 -0.0127946 -0.0154325 -0.0127946 3.26324e-05 -0.00811508 -0.0154325 -0.00811508 8.66009e-05)
(-6.76507e-05 -0.0128073 -0.0154465 -0.0128073 6.24866e-05 -0.00810669 -0.0154465 -0.00810669 8.40334e-05)
(9.15078e-06 -0.0127938 -0.0154319 -0.0127938 2.73247e-05 -0.00811585 -0.0154319 -0.00811585 8.7578e-05)
(9.42024e-05 -0.012803 -0.0154219 -0.012803 6.48702e-05 -0.00814894 -0.0154219 -0.00814894 6.07387e-05)
(7.77594e-05 -0.0127992 -0.0154213 -0.0127992 2.66619e-05 -0.00813145 -0.0154213 -0.00813145 5.53896e-05)
(-0.000174363 -0.0128237 -0.015462 -0.0128237 9.7577e-05 -0.00809856 -0.015462 -0.00809856 8.60472e-05)
(-8.9416e-05 -0.0128088 -0.0154511 -0.0128088 6.92312e-05 -0.00810141 -0.0154511 -0.00810141 9.03649e-05)
(-8.00082e-05 -0.0128127 -0.0154532 -0.0128127 7.43936e-05 -0.00810943 -0.0154532 -0.00810943 7.77814e-05)
(8.07939e-05 -0.0127983 -0.0154167 -0.0127983 2.60376e-05 -0.00812479 -0.0154167 -0.00812479 8.23473e-05)
(5.5348e-05 -0.012792 -0.0154167 -0.012792 2.4113e-05 -0.00812562 -0.0154167 -0.00812562 7.75022e-05)
(0.000125467 -0.0128084 -0.0154175 -0.0128084 9.42136e-05 -0.00815178 -0.0154175 -0.00815178 5.98281e-05)
(2.96263e-05 -0.0127923 -0.015427 -0.0127923 2.35747e-05 -0.00812004 -0.015427 -0.00812004 7.11532e-05)
(6.96756e-05 -0.0127993 -0.0154255 -0.0127993 4.4017e-05 -0.00814204 -0.0154255 -0.00814204 4.57972e-05)
(7.75297e-05 -0.0127992 -0.0154193 -0.0127992 4.37199e-05 -0.00814552 -0.0154193 -0.00814552 7.31276e-05)
(6.29178e-05 -0.012794 -0.0154184 -0.012794 2.35784e-05 -0.00812708 -0.0154184 -0.00812708 7.08208e-05)
(0.000202421 -0.0128176 -0.0153928 -0.0128176 0.000120503 -0.00814188 -0.0153928 -0.00814188 9.54204e-05)
(0.000194818 -0.0128643 -0.0153688 -0.0128643 0.000123668 -0.00813819 -0.0153688 -0.00813819 9.3473e-05)
(-6.47495e-05 -0.0128249 -0.0154574 -0.0128249 8.53692e-05 -0.0081143 -0.0154574 -0.0081143 7.09008e-05)
(3.68526e-05 -0.0127889 -0.015422 -0.0127889 2.64082e-05 -0.00812751 -0.015422 -0.00812751 8.90521e-05)
(0.000117386 -0.0128334 -0.0154248 -0.0128334 0.000109654 -0.00814871 -0.0154248 -0.00814871 3.34163e-05)
(3.335e-05 -0.012826 -0.015446 -0.012826 9.78021e-05 -0.00810158 -0.015446 -0.00810158 8.46027e-05)
(-0.000107387 -0.0128183 -0.0154562 -0.0128183 9.34038e-05 -0.00810514 -0.0154562 -0.00810514 8.35467e-05)
(-0.000103228 -0.0128136 -0.0154599 -0.0128136 7.773e-05 -0.00809877 -0.0154599 -0.00809877 9.18339e-05)
(2.52614e-05 -0.012793 -0.0154335 -0.012793 2.27279e-05 -0.00812015 -0.0154335 -0.00812015 6.80211e-05)
(-7.91696e-05 -0.0128089 -0.0154497 -0.0128089 7.51047e-05 -0.0081034 -0.0154497 -0.0081034 8.86349e-05)
(-5.34119e-05 -0.0128042 -0.0154437 -0.0128042 6.73039e-05 -0.00810187 -0.0154437 -0.00810187 9.39456e-05)
(-1.20894e-05 -0.0128006 -0.0154379 -0.0128006 3.9828e-05 -0.00810859 -0.0154379 -0.00810859 9.11362e-05)
(0.000102899 -0.0128106 -0.0154188 -0.0128106 7.2379e-05 -0.00815172 -0.0154188 -0.00815172 6.47998e-05)
(1.99929e-06 -0.012798 -0.0154374 -0.012798 3.86211e-05 -0.00811952 -0.0154374 -0.00811952 6.32874e-05)
(2.07504e-05 -0.0127934 -0.0154329 -0.0127934 3.32261e-05 -0.00812126 -0.0154329 -0.00812126 6.53789e-05)
(-0.000114293 -0.0128167 -0.0154579 -0.0128167 8.47126e-05 -0.00810308 -0.0154579 -0.00810308 8.52164e-05)
(7.47062e-05 -0.0127937 -0.0154249 -0.0127937 4.54485e-05 -0.00814661 -0.0154249 -0.00814661 6.57285e-05)
(5.31411e-05 -0.0127928 -0.0154261 -0.0127928 2.39559e-05 -0.0081316 -0.0154261 -0.0081316 4.83871e-05)
(7.36048e-05 -0.0127996 -0.0154182 -0.0127996 3.04068e-05 -0.00813462 -0.0154182 -0.00813462 6.85168e-05)
(0.000128944 -0.0128394 -0.0154111 -0.0128394 0.000117392 -0.00815168 -0.0154111 -0.00815168 5.619e-05)
(-9.27838e-05 -0.0128152 -0.0154589 -0.0128152 7.15785e-05 -0.00809956 -0.0154589 -0.00809956 9.0411e-05)
(-0.000180568 -0.012844 -0.015424 -0.012844 0.000117041 -0.00811298 -0.015424 -0.00811298 8.7716e-05)
(2.56079e-05 -0.0127911 -0.0154332 -0.0127911 2.35299e-05 -0.0081269 -0.0154332 -0.0081269 4.80126e-05)
(-4.84357e-05 -0.0128141 -0.0154482 -0.0128141 0.000100364 -0.0081051 -0.0154482 -0.0081051 8.5035e-05)
(9.50406e-05 -0.0128128 -0.0154199 -0.0128128 5.92083e-05 -0.00814736 -0.0154199 -0.00814736 5.78834e-05)
(4.25277e-05 -0.0127879 -0.0154212 -0.0127879 2.60368e-05 -0.00813107 -0.0154212 -0.00813107 8.19706e-05)
(-6.00295e-05 -0.0128035 -0.0154415 -0.0128035 5.65542e-05 -0.00810816 -0.0154415 -0.00810816 8.48889e-05)
(4.39451e-06 -0.0127952 -0.0154356 -0.0127952 2.8591e-05 -0.00811496 -0.0154356 -0.00811496 9.22463e-05)
(5.2748e-05 -0.0127907 -0.0154216 -0.0127907 2.52859e-05 -0.00813187 -0.0154216 -0.00813187 8.01708e-05)
(8.01025e-05 -0.0127971 -0.0154214 -0.0127971 2.45781e-05 -0.00812699 -0.0154214 -0.00812699 5.90604e-05)
(-0.000105112 -0.0128162 -0.0154567 -0.0128162 8.22292e-05 -0.00810335 -0.0154567 -0.00810335 8.31019e-05)
(-8.38569e-05 -0.0128086 -0.0154511 -0.0128086 6.90643e-05 -0.00810233 -0.0154511 -0.00810233 8.82105e-05)
(-0.000131712 -0.012825 -0.0154548 -0.012825 9.60033e-05 -0.00811387 -0.0154548 -0.00811387 7.47817e-05)
(2.99054e-05 -0.0127946 -0.015427 -0.0127946 3.15563e-05 -0.00811462 -0.015427 -0.00811462 8.67161e-05)
(8.525e-05 -0.0127991 -0.015417 -0.0127991 4.49551e-05 -0.00814727 -0.015417 -0.00814727 9.20324e-05)
(0.000256979 -0.0128298 -0.0154082 -0.0128298 0.000127223 -0.00814265 -0.0154082 -0.00814265 5.61562e-05)
(-4.84701e-05 -0.0128039 -0.015443 -0.0128039 5.47371e-05 -0.00810916 -0.015443 -0.00810916 8.13057e-05)
(5.70493e-05 -0.0127927 -0.0154243 -0.0127927 2.97687e-05 -0.00813682 -0.0154243 -0.00813682 5.52154e-05)
(8.92285e-05 -0.0128042 -0.0154171 -0.0128042 5.52905e-05 -0.00815058 -0.0154171 -0.00815058 7.92117e-05)
(1.32541e-06 -0.0127947 -0.01543 -0.0127947 3.72598e-05 -0.00811489 -0.01543 -0.00811489 8.01289e-05)
(0.000167707 -0.0128198 -0.0153929 -0.0128198 0.000115865 -0.00814537 -0.0153929 -0.00814537 9.94774e-05)
(-0.00010738 -0.0128326 -0.0154397 -0.0128326 0.0001106 -0.00811151 -0.0154397 -0.00811151 8.35031e-05)
(2.68369e-05 -0.0127974 -0.0154376 -0.0127974 2.7409e-05 -0.00812285 -0.0154376 -0.00812285 5.30004e-05)
(-0.000221872 -0.0128344 -0.015451 -0.0128344 0.000109561 -0.00810881 -0.015451 -0.00810881 7.82555e-05)
(6.49699e-05 -0.0127929 -0.0154189 -0.0127929 2.85791e-05 -0.00811949 -0.0154189 -0.00811949 7.10477e-05)
(-8.90701e-06 -0.0128026 -0.0154424 -0.0128026 7.23732e-05 -0.00810235 -0.0154424 -0.00810235 9.39796e-05)
(1.61979e-06 -0.0127917 -0.0154344 -0.0127917 3.0847e-05 -0.00812184 -0.0154344 -0.00812184 6.20971e-05)
(3.96739e-05 -0.0127926 -0.0154222 -0.0127926 2.77995e-05 -0.00812464 -0.0154222 -0.00812464 0.000108521)
(1.96064e-05 -0.0127938 -0.0154335 -0.0127938 2.46401e-05 -0.00812111 -0.0154335 -0.00812111 5.98757e-05)
(-5.64166e-05 -0.0128248 -0.0154428 -0.0128248 0.00010838 -0.00810582 -0.0154428 -0.00810582 8.46868e-05)
(1.98996e-05 -0.0127989 -0.015429 -0.0127989 4.16012e-05 -0.00810996 -0.015429 -0.00810996 0.00011009)
(9.48005e-06 -0.0127913 -0.0154288 -0.0127913 2.59087e-05 -0.00811807 -0.0154288 -0.00811807 8.15558e-05)
(7.26309e-05 -0.0127981 -0.015423 -0.0127981 3.84632e-05 -0.00814115 -0.015423 -0.00814115 5.69287e-05)
(0.000104704 -0.0128145 -0.0154205 -0.0128145 7.67406e-05 -0.00815121 -0.0154205 -0.00815121 5.24594e-05)
(4.41089e-05 -0.0127908 -0.0154224 -0.0127908 2.5684e-05 -0.0081226 -0.0154224 -0.0081226 6.88887e-05)
(-7.34743e-05 -0.012808 -0.0154488 -0.012808 6.26669e-05 -0.00810514 -0.0154488 -0.00810514 8.88004e-05)
(4.00454e-05 -0.01279 -0.0154263 -0.01279 2.14484e-05 -0.00812638 -0.0154263 -0.00812638 6.88326e-05)
(-4.34053e-05 -0.0128086 -0.0154482 -0.0128086 5.86937e-05 -0.00811268 -0.0154482 -0.00811268 6.90405e-05)
(-5.81271e-05 -0.0128015 -0.0154405 -0.0128015 5.55648e-05 -0.00811368 -0.0154405 -0.00811368 7.72828e-05)
(0.000105462 -0.0128125 -0.0154138 -0.0128125 5.7737e-05 -0.0081502 -0.0154138 -0.0081502 7.27046e-05)
(4.40312e-05 -0.0127904 -0.0154202 -0.0127904 2.37666e-05 -0.00812566 -0.0154202 -0.00812566 8.19488e-05)
(-0.000191984 -0.0128345 -0.0154472 -0.0128345 0.000107404 -0.00810894 -0.0154472 -0.00810894 8.15515e-05)
(1.4829e-05 -0.0127955 -0.0154396 -0.0127955 3.00129e-05 -0.00812662 -0.0154396 -0.00812662 4.70421e-05)
(-1.96619e-05 -0.0128207 -0.0154445 -0.0128207 0.000105835 -0.00810791 -0.0154445 -0.00810791 8.22687e-05)
(9.01569e-05 -0.0128096 -0.0154185 -0.0128096 5.84897e-05 -0.00814841 -0.0154185 -0.00814841 6.60493e-05)
(-1.6186e-05 -0.0128017 -0.0154386 -0.0128017 4.34508e-05 -0.00810882 -0.0154386 -0.00810882 8.68257e-05)
(2.66217e-05 -0.0127883 -0.01542 -0.0127883 2.50821e-05 -0.00812224 -0.01542 -0.00812224 7.85854e-05)
(-2.52878e-05 -0.0128012 -0.0154418 -0.0128012 3.67268e-05 -0.00811115 -0.0154418 -0.00811115 7.90627e-05)
(-0.00018337 -0.0128251 -0.0154563 -0.0128251 0.000100287 -0.00810435 -0.0154563 -0.00810435 8.27881e-05)
(6.44941e-05 -0.0127959 -0.0154321 -0.0127959 3.75288e-05 -0.00812002 -0.0154321 -0.00812002 6.77831e-05)
(-7.876e-05 -0.0128151 -0.0154546 -0.0128151 7.77059e-05 -0.00811158 -0.0154546 -0.00811158 7.42644e-05)
(-4.78536e-05 -0.0128042 -0.0154448 -0.0128042 5.75122e-05 -0.00810634 -0.0154448 -0.00810634 8.36909e-05)
(-6.05224e-05 -0.0128125 -0.0154522 -0.0128125 6.5999e-05 -0.0081167 -0.0154522 -0.0081167 6.75901e-05)
(-2.32636e-05 -0.0128011 -0.0154394 -0.0128011 4.68447e-05 -0.00810811 -0.0154394 -0.00810811 9.00714e-05)
(6.11315e-05 -0.012792 -0.0154219 -0.012792 3.09646e-05 -0.00813806 -0.0154219 -0.00813806 0.000107286)
(0.000159832 -0.0128184 -0.0154003 -0.0128184 0.000114118 -0.00814762 -0.0154003 -0.00814762 8.20291e-05)
(-0.000120443 -0.0128142 -0.0154522 -0.0128142 8.64069e-05 -0.00810975 -0.0154522 -0.00810975 7.94677e-05)
(1.76606e-05 -0.0127905 -0.0154285 -0.0127905 2.34914e-05 -0.00812094 -0.0154285 -0.00812094 6.93534e-05)
(8.0035e-05 -0.0127998 -0.0154157 -0.0127998 3.81171e-05 -0.00814255 -0.0154157 -0.00814255 7.94819e-05)
(-3.94975e-05 -0.0128004 -0.0154379 -0.0128004 5.13065e-05 -0.00811334 -0.0154379 -0.00811334 8.02754e-05)
(6.49011e-05 -0.0127937 -0.0154157 -0.0127937 2.8762e-05 -0.00813461 -0.0154157 -0.00813461 9.06437e-05)
(-7.13718e-05 -0.0128149 -0.0154558 -0.0128149 8.66219e-05 -0.00811207 -0.0154558 -0.00811207 7.35295e-05)
(4.80926e-05 -0.012792 -0.0154282 -0.012792 2.36607e-05 -0.00813191 -0.0154282 -0.00813191 4.15682e-05)
(-0.000158111 -0.0128472 -0.0154234 -0.0128472 0.000121465 -0.0081191 -0.0154234 -0.0081191 8.09948e-05)
(-0.000117453 -0.0128177 -0.0154532 -0.0128177 0.000100181 -0.00810453 -0.0154532 -0.00810453 8.35801e-05)
(7.33876e-05 -0.0127928 -0.0154098 -0.0127928 2.88652e-05 -0.00813315 -0.0154098 -0.00813315 7.50221e-05)
(-4.74937e-05 -0.0128005 -0.0154403 -0.0128005 5.06764e-05 -0.00811209 -0.0154403 -0.00811209 8.04903e-05)
(3.46522e-05 -0.0127916 -0.0154217 -0.0127916 2.76121e-05 -0.00812287 -0.0154217 -0.00812287 0.000103504)
(5.42881e-05 -0.012792 -0.0154263 -0.012792 2.46481e-05 -0.00813226 -0.0154263 -0.00813226 4.85764e-05)
(-4.98535e-05 -0.0128012 -0.0154379 -0.0128012 6.00496e-05 -0.00810764 -0.0154379 -0.00810764 9.05555e-05)
(5.22392e-05 -0.0127934 -0.0154187 -0.0127934 2.90897e-05 -0.00812719 -0.0154187 -0.00812719 0.000112561)
(1.51595e-05 -0.0127924 -0.0154319 -0.0127924 2.39011e-05 -0.00811934 -0.0154319 -0.00811934 6.87428e-05)
(4.51031e-05 -0.0127886 -0.015426 -0.0127886 2.57139e-05 -0.00813434 -0.015426 -0.00813434 5.12132e-05)
(0.000251435 -0.0128427 -0.0154184 -0.0128427 0.000134255 -0.00814645 -0.0154184 -0.00814645 4.0776e-05)
(9.44834e-05 -0.0128054 -0.015415 -0.0128054 4.12194e-05 -0.00814231 -0.015415 -0.00814231 6.34927e-05)
(2.09415e-05 -0.0127879 -0.0154209 -0.0127879 2.53315e-05 -0.00812221 -0.0154209 -0.00812221 8.15196e-05)
(-6.46643e-05 -0.0128109 -0.0154528 -0.0128109 5.9785e-05 -0.00810471 -0.0154528 -0.00810471 8.35171e-05)
(-2.71736e-06 -0.012798 -0.0154338 -0.012798 4.03723e-05 -0.00811048 -0.0154338 -0.00811048 8.16149e-05)
(-0.000118224 -0.012818 -0.0154513 -0.012818 8.561e-05 -0.00811727 -0.0154513 -0.00811727 7.14852e-05)
(2.66063e-05 -0.0127918 -0.0154273 -0.0127918 4.65822e-05 -0.00811607 -0.0154273 -0.00811607 8.50139e-05)
(9.08696e-05 -0.0128037 -0.0154159 -0.0128037 5.49869e-05 -0.00815078 -0.0154159 -0.00815078 8.50969e-05)
(-0.000172897 -0.012824 -0.0154588 -0.012824 9.48364e-05 -0.00810364 -0.0154588 -0.00810364 8.26744e-05)
(4.63226e-07 -0.0128006 -0.0154442 -0.0128006 4.17845e-05 -0.00812423 -0.0154442 -0.00812423 5.12942e-05)
(-4.67491e-05 -0.0128049 -0.0154477 -0.0128049 7.14043e-05 -0.00811283 -0.0154477 -0.00811283 7.52488e-05)
(6.70463e-05 -0.0127962 -0.0154186 -0.0127962 3.2041e-05 -0.00813804 -0.0154186 -0.00813804 6.69535e-05)
(-0.000123675 -0.0128191 -0.015456 -0.0128191 8.62105e-05 -0.00810842 -0.015456 -0.00810842 7.7852e-05)
(3.84136e-05 -0.0127887 -0.0154205 -0.0127887 2.29724e-05 -0.00812675 -0.0154205 -0.00812675 7.57584e-05)
(2.15539e-05 -0.0127882 -0.0154276 -0.0127882 2.04183e-05 -0.00812431 -0.0154276 -0.00812431 6.07617e-05)
(5.42234e-05 -0.0128456 -0.0153895 -0.0128456 0.000112668 -0.00811582 -0.0153895 -0.00811582 9.43558e-05)
(4.48022e-05 -0.012796 -0.0154336 -0.012796 3.85722e-05 -0.00811847 -0.0154336 -0.00811847 6.95758e-05)
(-1.18138e-05 -0.0128049 -0.0154485 -0.0128049 5.04186e-05 -0.00812126 -0.0154485 -0.00812126 5.97269e-05)
(-2.5323e-05 -0.0128008 -0.0154403 -0.0128008 4.72445e-05 -0.00810891 -0.0154403 -0.00810891 8.08083e-05)
(7.37884e-06 -0.0127939 -0.015434 -0.0127939 2.95673e-05 -0.00812054 -0.015434 -0.00812054 6.1946e-05)
(-2.02957e-06 -0.012796 -0.0154314 -0.012796 3.54895e-05 -0.00811197 -0.0154314 -0.00811197 9.55468e-05)
(-3.00551e-05 -0.0128062 -0.0154487 -0.0128062 4.59745e-05 -0.00810631 -0.0154487 -0.00810631 0.000106129)
(4.51192e-05 -0.0127924 -0.0154191 -0.0127924 2.68406e-05 -0.00811956 -0.0154191 -0.00811956 9.33569e-05)
(-0.000100708 -0.0128164 -0.0154528 -0.0128164 9.16041e-05 -0.00811434 -0.0154528 -0.00811434 7.5386e-05)
(-4.28143e-05 -0.0128039 -0.0154429 -0.0128039 4.36467e-05 -0.00811086 -0.0154429 -0.00811086 7.92942e-05)
(3.01186e-05 -0.0127929 -0.0154236 -0.0127929 3.15766e-05 -0.00811607 -0.0154236 -0.00811607 7.87911e-05)
(5.14726e-05 -0.01279 -0.0154176 -0.01279 2.60932e-05 -0.00813291 -0.0154176 -0.00813291 6.99779e-05)
(-6.48994e-05 -0.0128086 -0.0154491 -0.0128086 6.85432e-05 -0.00811541 -0.0154491 -0.00811541 7.18678e-05)
(4.85977e-05 -0.0127964 -0.0154382 -0.0127964 2.42627e-05 -0.00812808 -0.0154382 -0.00812808 4.36818e-05)
(3.02711e-05 -0.0127949 -0.0154317 -0.0127949 2.73772e-05 -0.00812135 -0.0154317 -0.00812135 5.97363e-05)
(-3.43962e-05 -0.0128077 -0.0154472 -0.0128077 5.31682e-05 -0.00811633 -0.0154472 -0.00811633 6.26489e-05)
(-0.000151219 -0.0128195 -0.0154559 -0.0128195 9.84549e-05 -0.00810351 -0.0154559 -0.00810351 8.452e-05)
(8.75825e-05 -0.0128128 -0.0154202 -0.0128128 6.69072e-05 -0.00815188 -0.0154202 -0.00815188 5.40746e-05)
(-7.10455e-05 -0.0128035 -0.0154435 -0.0128035 6.23483e-05 -0.00810812 -0.0154435 -0.00810812 8.53648e-05)
(-1.76139e-06 -0.012793 -0.0154304 -0.012793 2.99594e-05 -0.00811494 -0.0154304 -0.00811494 8.70995e-05)
(5.60085e-05 -0.0127922 -0.0154239 -0.0127922 2.64743e-05 -0.00813387 -0.0154239 -0.00813387 5.66413e-05)
(1.30981e-06 -0.0127956 -0.0154264 -0.0127956 4.48189e-05 -0.0081103 -0.0154264 -0.0081103 9.39377e-05)
(3.54587e-05 -0.0127906 -0.0154195 -0.0127906 2.56581e-05 -0.00812016 -0.0154195 -0.00812016 9.1929e-05)
(-1.20118e-05 -0.0128013 -0.0154416 -0.0128013 3.61031e-05 -0.00811445 -0.0154416 -0.00811445 6.97586e-05)
(3.7785e-05 -0.0127832 -0.015429 -0.0127832 2.32165e-05 -0.00813311 -0.015429 -0.00813311 5.41163e-05)
(0.000122504 -0.0128227 -0.0154143 -0.0128227 0.000106163 -0.00815458 -0.0154143 -0.00815458 5.96307e-05)
(0.000111566 -0.0128087 -0.0154087 -0.0128087 4.31207e-05 -0.00814379 -0.0154087 -0.00814379 7.68055e-05)
(7.44093e-05 -0.0128002 -0.0154174 -0.0128002 4.60032e-05 -0.00814773 -0.0154174 -0.00814773 7.46385e-05)
(-0.000128958 -0.0128197 -0.0154581 -0.0128197 8.37362e-05 -0.00810635 -0.0154581 -0.00810635 7.89418e-05)
(2.27089e-05 -0.0127954 -0.0154268 -0.0127954 3.25178e-05 -0.00811328 -0.0154268 -0.00811328 9.97734e-05)
(-1.64648e-05 -0.0127977 -0.0154376 -0.0127977 4.26494e-05 -0.00811934 -0.0154376 -0.00811934 6.50237e-05)
(1.08068e-05 -0.012793 -0.0154305 -0.012793 4.48569e-05 -0.00811572 -0.0154305 -0.00811572 8.23636e-05)
(8.58597e-05 -0.0128015 -0.0154151 -0.0128015 4.61897e-05 -0.00814737 -0.0154151 -0.00814737 9.02025e-05)
(-0.000129568 -0.0128186 -0.0154603 -0.0128186 8.53114e-05 -0.00810119 -0.0154603 -0.00810119 8.60592e-05)
(-4.26952e-05 -0.0128112 -0.0154518 -0.0128112 6.16087e-05 -0.00811951 -0.0154518 -0.00811951 5.8279e-05)
(2.81829e-05 -0.012789 -0.0154263 -0.012789 2.37904e-05 -0.00812378 -0.0154263 -0.00812378 5.85598e-05)
(2.61121e-05 -0.0127899 -0.0154251 -0.0127899 3.27908e-05 -0.00811966 -0.0154251 -0.00811966 7.54922e-05)
(2.53389e-05 -0.0127933 -0.0154341 -0.0127933 2.4517e-05 -0.00812499 -0.0154341 -0.00812499 5.00358e-05)
(4.32325e-05 -0.0127889 -0.0154236 -0.0127889 2.27401e-05 -0.00812972 -0.0154236 -0.00812972 7.27303e-05)
(7.46405e-05 -0.0128025 -0.0154239 -0.0128025 5.30398e-05 -0.00814603 -0.0154239 -0.00814603 5.14666e-05)
(-0.000137061 -0.0128187 -0.0154564 -0.0128187 8.78558e-05 -0.0081063 -0.0154564 -0.0081063 7.92293e-05)
(4.71922e-05 -0.0127914 -0.0154234 -0.0127914 2.27838e-05 -0.00812478 -0.0154234 -0.00812478 6.28194e-05)
(4.08208e-05 -0.0127919 -0.0154332 -0.0127919 2.11167e-05 -0.00812914 -0.0154332 -0.00812914 4.32492e-05)
(-1.67692e-05 -0.0127994 -0.0154381 -0.0127994 4.31328e-05 -0.00810897 -0.0154381 -0.00810897 8.40432e-05)
(3.20663e-05 -0.0127891 -0.0154256 -0.0127891 2.16383e-05 -0.00812559 -0.0154256 -0.00812559 6.26764e-05)
(1.08535e-05 -0.0127934 -0.0154267 -0.0127934 3.24581e-05 -0.00811432 -0.0154267 -0.00811432 9.32322e-05)
(-0.000139065 -0.0128178 -0.0154667 -0.0128178 8.02444e-05 -0.00809658 -0.0154667 -0.00809658 9.50494e-05)
(-0.000164952 -0.0128246 -0.0154531 -0.0128246 0.000105941 -0.00810413 -0.0154531 -0.00810413 8.35189e-05)
(-7.11629e-06 -0.0128025 -0.0154444 -0.0128025 5.23637e-05 -0.00812029 -0.0154444 -0.00812029 6.34947e-05)
(-2.25289e-05 -0.0127986 -0.0154388 -0.0127986 3.4935e-05 -0.00811455 -0.0154388 -0.00811455 7.4089e-05)
(-7.75602e-05 -0.0128078 -0.0154478 -0.0128078 6.6765e-05 -0.00810771 -0.0154478 -0.00810771 8.21835e-05)
(0.000113663 -0.012812 -0.0154069 -0.012812 8.14438e-05 -0.00815531 -0.0154069 -0.00815531 9.66908e-05)
(-7.72404e-05 -0.0128248 -0.0154553 -0.0128248 9.70992e-05 -0.00812632 -0.0154553 -0.00812632 6.53056e-05)
(8.15766e-05 -0.0128076 -0.0154259 -0.0128076 5.08206e-05 -0.00814068 -0.0154259 -0.00814068 3.87433e-05)
(4.60283e-06 -0.0127994 -0.0154358 -0.0127994 4.22415e-05 -0.00811251 -0.0154358 -0.00811251 7.84789e-05)
(4.98292e-05 -0.0127922 -0.0154258 -0.0127922 2.46375e-05 -0.0081327 -0.0154258 -0.0081327 4.6714e-05)
(-3.08186e-05 -0.0128034 -0.0154418 -0.0128034 5.21192e-05 -0.00810859 -0.0154418 -0.00810859 8.4033e-05)
(8.99704e-05 -0.0128109 -0.0154186 -0.0128109 6.11815e-05 -0.00815077 -0.0154186 -0.00815077 6.0357e-05)
(3.70421e-05 -0.0127879 -0.0154149 -0.0127879 2.57544e-05 -0.00812168 -0.0154149 -0.00812168 8.79826e-05)
(-1.71168e-05 -0.0127972 -0.0154362 -0.0127972 3.56271e-05 -0.00811155 -0.0154362 -0.00811155 8.79567e-05)
(-5.97559e-06 -0.0128009 -0.0154374 -0.0128009 4.31898e-05 -0.00811042 -0.0154374 -0.00811042 7.94118e-05)
(-2.42583e-05 -0.0128023 -0.0154413 -0.0128023 6.23413e-05 -0.00810606 -0.0154413 -0.00810606 8.63691e-05)
(1.54456e-05 -0.0127925 -0.0154259 -0.0127925 2.92949e-05 -0.00811487 -0.0154259 -0.00811487 9.08274e-05)
(2.9402e-05 -0.012785 -0.0154277 -0.012785 2.12893e-05 -0.0081291 -0.0154277 -0.0081291 6.32283e-05)
(5.65254e-05 -0.0127827 -0.0154294 -0.0127827 2.98448e-05 -0.00813806 -0.0154294 -0.00813806 5.52922e-05)
(4.26795e-05 -0.0127928 -0.0154226 -0.0127928 2.5222e-05 -0.00811948 -0.0154226 -0.00811948 7.27012e-05)
(0.000100704 -0.012796 -0.0154085 -0.012796 3.43308e-05 -0.00811335 -0.0154085 -0.00811335 9.99019e-05)
(6.78522e-05 -0.0127944 -0.0154133 -0.0127944 2.90206e-05 -0.00813488 -0.0154133 -0.00813488 7.49869e-05)
(-9.20835e-05 -0.0128129 -0.0154539 -0.0128129 7.13323e-05 -0.00810715 -0.0154539 -0.00810715 7.96447e-05)
(1.99163e-06 -0.0128026 -0.0154388 -0.0128026 4.22327e-05 -0.00810788 -0.0154388 -0.00810788 0.000104469)
(3.21209e-05 -0.0127901 -0.0154254 -0.0127901 2.25868e-05 -0.00812413 -0.0154254 -0.00812413 5.95646e-05)
(1.57729e-05 -0.0127912 -0.0154253 -0.0127912 3.69305e-05 -0.00811475 -0.0154253 -0.00811475 8.6551e-05)
(7.31149e-05 -0.0127955 -0.0154146 -0.0127955 2.77966e-05 -0.00813284 -0.0154146 -0.00813284 8.51427e-05)
(1.36507e-05 -0.0127966 -0.0154346 -0.0127966 3.24985e-05 -0.00811452 -0.0154346 -0.00811452 7.26805e-05)
(-3.30604e-06 -0.0127984 -0.0154391 -0.0127984 3.47159e-05 -0.00811907 -0.0154391 -0.00811907 5.5184e-05)
(4.39515e-05 -0.0127901 -0.0154209 -0.0127901 2.36312e-05 -0.00813168 -0.0154209 -0.00813168 5.50628e-05)
(1.42228e-05 -0.0127923 -0.0154322 -0.0127923 3.61814e-05 -0.00811962 -0.0154322 -0.00811962 7.02661e-05)
(6.3018e-05 -0.0127929 -0.015427 -0.0127929 3.30397e-05 -0.00813765 -0.015427 -0.00813765 4.80558e-05)
(3.18707e-05 -0.0127894 -0.0154251 -0.0127894 2.24397e-05 -0.00812389 -0.0154251 -0.00812389 8.03785e-05)
(5.87514e-05 -0.0127964 -0.0154234 -0.0127964 3.53475e-05 -0.00813993 -0.0154234 -0.00813993 5.30708e-05)
(5.82623e-05 -0.0127938 -0.0154203 -0.0127938 3.15417e-05 -0.0081385 -0.0154203 -0.0081385 6.4539e-05)
(3.73398e-05 -0.0127904 -0.0154243 -0.0127904 2.41981e-05 -0.00812322 -0.0154243 -0.00812322 6.53214e-05)
(5.1892e-05 -0.0127932 -0.0154297 -0.0127932 2.41516e-05 -0.00813204 -0.0154297 -0.00813204 4.40074e-05)
(-3.22778e-05 -0.0128014 -0.0154411 -0.0128014 4.94578e-05 -0.0081061 -0.0154411 -0.0081061 9.04555e-05)
(4.18106e-05 -0.0127901 -0.0154236 -0.0127901 2.22629e-05 -0.00812666 -0.0154236 -0.00812666 6.97264e-05)
(-2.53692e-05 -0.0128002 -0.0154381 -0.0128002 5.14577e-05 -0.00810964 -0.0154381 -0.00810964 8.63723e-05)
