/*--------------------------------*- C++ -*----------------------------------*\
  =========                 |
  \\      /  F ield         | OpenFOAM: The Open Source CFD Toolbox
   \\    /   O peration     | Website:  https://openfoam.org
    \\  /    A nd           | Version:  10
     \\/     M anipulation  |
\*---------------------------------------------------------------------------*/
FoamFile
{
    format      ascii;
    class       volTensorField;
    location    "45";
    object      TauNN;
}
// * * * * * * * * * * * * * * * * * * * * * * * * * * * * * * * * * * * * * //

dimensions      [0 2 -2 0 0 0 0];

internalField   nonuniform List<tensor> 
25600
(
(0.00148971 -0.0129792 -0.0151346 -0.0129792 0.000159389 -0.00815181 -0.0151346 -0.00815181 0.000115292)
(0.00148153 -0.0129775 -0.0151368 -0.0129775 0.000159481 -0.00815078 -0.0151368 -0.00815078 0.000115874)
(0.00144557 -0.0129747 -0.0151457 -0.0129747 0.000161249 -0.00814945 -0.0151457 -0.00814945 0.000116266)
(0.00145845 -0.0129702 -0.0151399 -0.0129702 0.000157882 -0.00814627 -0.0151399 -0.00814627 0.000118805)
(0.00147986 -0.012978 -0.0151355 -0.012978 0.000159174 -0.00815094 -0.0151355 -0.00815094 0.000116317)
(0.00147525 -0.0129807 -0.0151366 -0.0129807 0.000160457 -0.00815278 -0.0151366 -0.00815278 0.000114641)
(0.0014777 -0.0129791 -0.0151359 -0.0129791 0.000159852 -0.00815179 -0.0151359 -0.00815179 0.000115066)
(0.00147821 -0.0129794 -0.0151358 -0.0129794 0.000159846 -0.00815194 -0.0151358 -0.00815194 0.000115286)
(0.00149986 -0.0129798 -0.0151323 -0.0129798 0.000158914 -0.00815216 -0.0151323 -0.00815216 0.000115205)
(0.00149326 -0.0129768 -0.0151338 -0.0129768 0.000158304 -0.00815019 -0.0151338 -0.00815019 0.000116573)
(0.00145888 -0.0129764 -0.0151403 -0.0129764 0.000160333 -0.00815033 -0.0151403 -0.00815033 0.000115812)
(0.00148209 -0.0129794 -0.0151348 -0.0129794 0.000159561 -0.00815189 -0.0151348 -0.00815189 0.00011528)
(0.00148848 -0.0129784 -0.0151341 -0.0129784 0.00015894 -0.00815119 -0.0151341 -0.00815119 0.000115983)
(0.00149558 -0.012977 -0.0151331 -0.012977 0.000157989 -0.0081502 -0.0151331 -0.0081502 0.000117176)
(0.00148132 -0.0129742 -0.0151367 -0.0129742 0.00015811 -0.0081485 -0.0151367 -0.0081485 0.000117887)
(0.00148335 -0.0129762 -0.0151345 -0.0129762 0.000158351 -0.00814985 -0.0151345 -0.00814985 0.000116885)
(0.00149224 -0.0129778 -0.0151326 -0.0129778 0.000158374 -0.00815082 -0.0151326 -0.00815082 0.000116075)
(0.00148639 -0.0129787 -0.0151347 -0.0129787 0.000159172 -0.0081514 -0.0151347 -0.0081514 0.000115896)
(0.00149235 -0.0129752 -0.0151341 -0.0129752 0.00015755 -0.00814897 -0.0151341 -0.00814897 0.000118218)
(0.00147436 -0.0129768 -0.0151366 -0.0129768 0.000159368 -0.00815037 -0.0151366 -0.00815037 0.00011569)
(0.00146544 -0.0129804 -0.0151359 -0.0129804 0.000160471 -0.00815272 -0.0151359 -0.00815272 0.000114025)
(0.00147683 -0.0129825 -0.015136 -0.0129825 0.000160795 -0.00815392 -0.015136 -0.00815392 0.000114182)
(0.00149227 -0.0129795 -0.0151341 -0.0129795 0.000159342 -0.00815196 -0.0151341 -0.00815196 0.000115095)
(0.0014778 -0.0129766 -0.0151366 -0.0129766 0.00015916 -0.00815019 -0.0151366 -0.00815019 0.000116143)
(0.00146001 -0.0129753 -0.0151409 -0.0129753 0.000160014 -0.00814959 -0.0151409 -0.00814959 0.000116548)
(0.00146959 -0.0129725 -0.0151366 -0.0129725 0.000157831 -0.00814764 -0.0151366 -0.00814764 0.000117944)
(0.00149303 -0.0129767 -0.0151327 -0.0129767 0.00015789 -0.00815006 -0.0151327 -0.00815006 0.000117078)
(0.00148515 -0.0129776 -0.0151348 -0.0129776 0.000158995 -0.00815081 -0.0151348 -0.00815081 0.0001158)
(0.00148106 -0.0129758 -0.0151353 -0.0129758 0.000158403 -0.00814956 -0.0151353 -0.00814956 0.00011708)
(0.00147867 -0.0129786 -0.0151374 -0.0129786 0.000159896 -0.00815146 -0.0151374 -0.00815146 0.000115832)
(0.00146374 -0.0129738 -0.01514 -0.0129738 0.000159385 -0.00814868 -0.01514 -0.00814868 0.000116579)
(0.0014777 -0.0129752 -0.0151351 -0.0129752 0.000158292 -0.00814925 -0.0151351 -0.00814925 0.000117005)
(0.00149396 -0.0129775 -0.0151325 -0.0129775 0.000158197 -0.00815062 -0.0151325 -0.00815062 0.000116361)
(0.00148932 -0.0129779 -0.015134 -0.0129779 0.000158771 -0.00815088 -0.015134 -0.00815088 0.000116005)
(0.0014757 -0.0129773 -0.0151372 -0.0129773 0.000159494 -0.00815062 -0.0151372 -0.00815062 0.00011618)
(0.0014755 -0.0129773 -0.0151368 -0.0129773 0.000159347 -0.00815056 -0.0151368 -0.00815056 0.000116349)
(0.00147745 -0.0129803 -0.0151369 -0.0129803 0.000160367 -0.00815253 -0.0151369 -0.00815253 0.000114987)
(0.00147392 -0.0129759 -0.0151373 -0.0129759 0.000159264 -0.00814987 -0.0151373 -0.00814987 0.000116098)
(0.0014667 -0.0129768 -0.0151383 -0.0129768 0.000159699 -0.00815033 -0.0151383 -0.00815033 0.000116349)
(0.0014715 -0.0129818 -0.0151376 -0.0129818 0.000160929 -0.00815345 -0.0151376 -0.00815345 0.000114805)
(3.11295e-05 -0.0127979 -0.0154363 -0.0127979 2.73824e-05 -0.00811906 -0.0154363 -0.00811906 5.73871e-05)
(5.11534e-05 -0.0127957 -0.0154309 -0.0127957 2.20556e-05 -0.00812522 -0.0154309 -0.00812522 5.4363e-05)
(0.00025815 -0.0128373 -0.0154282 -0.0128373 0.000126828 -0.00814637 -0.0154282 -0.00814637 2.97093e-05)
(0.000404332 -0.0128561 -0.0154366 -0.0128561 0.000129904 -0.00814458 -0.0154366 -0.00814458 2.90003e-05)
(6.70272e-05 -0.012797 -0.0154216 -0.012797 2.43436e-05 -0.00812196 -0.0154216 -0.00812196 6.24022e-05)
(-3.03662e-05 -0.012812 -0.0154536 -0.012812 6.77357e-05 -0.00810632 -0.0154536 -0.00810632 7.90927e-05)
(4.11327e-05 -0.0128001 -0.0154338 -0.0128001 3.11988e-05 -0.00811517 -0.0154338 -0.00811517 6.99889e-05)
(6.54231e-05 -0.0128043 -0.0154339 -0.0128043 3.578e-05 -0.0081147 -0.0154339 -0.0081147 6.76395e-05)
(-0.000110392 -0.0128353 -0.0154431 -0.0128353 0.000105777 -0.00811052 -0.0154431 -0.00811052 8.42207e-05)
(-2.80122e-05 -0.0128103 -0.015452 -0.0128103 5.24788e-05 -0.00811233 -0.015452 -0.00811233 6.95365e-05)
(0.000135013 -0.0128281 -0.0154201 -0.0128281 0.000116358 -0.00815241 -0.0154201 -0.00815241 4.03403e-05)
(6.0773e-05 -0.0128001 -0.0154288 -0.0128001 2.95047e-05 -0.00811679 -0.0154288 -0.00811679 7.14202e-05)
(-7.41028e-06 -0.0128134 -0.0154535 -0.0128134 6.43266e-05 -0.00810764 -0.0154535 -0.00810764 7.91529e-05)
(-1.25738e-05 -0.0128084 -0.0154497 -0.0128084 4.9915e-05 -0.00811839 -0.0154497 -0.00811839 6.03006e-05)
(0.000111818 -0.0128126 -0.0154212 -0.0128126 8.29833e-05 -0.008147 -0.0154212 -0.008147 4.88523e-05)
(7.6393e-05 -0.0128024 -0.0154212 -0.0128024 3.03847e-05 -0.00813404 -0.0154212 -0.00813404 5.11425e-05)
(1.18006e-05 -0.0128036 -0.0154416 -0.0128036 4.71302e-05 -0.00811148 -0.0154416 -0.00811148 7.45122e-05)
(1.38725e-05 -0.0128055 -0.0154449 -0.0128055 4.15356e-05 -0.00811624 -0.0154449 -0.00811624 6.15198e-05)
(0.000123 -0.0128144 -0.0154266 -0.0128144 9.67457e-05 -0.00814475 -0.0154266 -0.00814475 3.44698e-05)
(7.83745e-05 -0.0127991 -0.0154179 -0.0127991 2.71654e-05 -0.00812896 -0.0154179 -0.00812896 8.09796e-05)
(-2.64827e-06 -0.0128395 -0.0154114 -0.0128395 0.000112143 -0.0081092 -0.0154114 -0.0081092 8.99506e-05)
(-0.000113353 -0.0128384 -0.0154337 -0.0128384 0.000111683 -0.00811328 -0.0154337 -0.00811328 8.28746e-05)
(3.31306e-05 -0.0127952 -0.0154335 -0.0127952 2.33251e-05 -0.00812026 -0.0154335 -0.00812026 6.25192e-05)
(-8.64379e-05 -0.0128207 -0.0154575 -0.0128207 7.83009e-05 -0.0081082 -0.0154575 -0.0081082 7.64073e-05)
(6.18763e-05 -0.0127964 -0.0154249 -0.0127964 3.1357e-05 -0.00813652 -0.0154249 -0.00813652 4.52835e-05)
(0.000331527 -0.012853 -0.015434 -0.012853 0.000132988 -0.00814601 -0.015434 -0.00814601 2.85732e-05)
(7.18093e-05 -0.0128009 -0.0154232 -0.0128009 3.01007e-05 -0.00813426 -0.0154232 -0.00813426 4.6461e-05)
(4.9024e-05 -0.0127974 -0.0154298 -0.0127974 2.36957e-05 -0.00812053 -0.0154298 -0.00812053 6.41074e-05)
(0.000112654 -0.0128155 -0.0154214 -0.0128155 8.15148e-05 -0.00814743 -0.0154214 -0.00814743 4.47976e-05)
(8.84653e-05 -0.0128082 -0.0154245 -0.0128082 5.48354e-05 -0.00813822 -0.0154245 -0.00813822 4.32002e-05)
(0.000181474 -0.0128313 -0.0154177 -0.0128313 0.000121678 -0.00814877 -0.0154177 -0.00814877 4.28968e-05)
(0.000109784 -0.0128242 -0.0154196 -0.0128242 8.90949e-05 -0.00815047 -0.0154196 -0.00815047 4.53557e-05)
(5.15471e-05 -0.0127983 -0.01543 -0.0127983 2.71077e-05 -0.00811865 -0.01543 -0.00811865 6.37412e-05)
(3.94514e-05 -0.0127982 -0.0154338 -0.0127982 2.59617e-05 -0.00811829 -0.0154338 -0.00811829 6.37469e-05)
(0.000107776 -0.0128126 -0.0154222 -0.0128126 7.72163e-05 -0.00814623 -0.0154222 -0.00814623 4.50471e-05)
(8.30985e-05 -0.0128047 -0.0154215 -0.0128047 3.55462e-05 -0.00813579 -0.0154215 -0.00813579 5.54465e-05)
(1.92232e-05 -0.0128038 -0.015444 -0.0128038 4.26253e-05 -0.00811444 -0.015444 -0.00811444 6.42501e-05)
(5.70949e-05 -0.0127962 -0.0154262 -0.0127962 2.28491e-05 -0.0081269 -0.0154262 -0.0081269 5.94525e-05)
(0.000115074 -0.0128204 -0.0154184 -0.0128204 8.80653e-05 -0.00815064 -0.0154184 -0.00815064 5.06877e-05)
(7.30086e-05 -0.0128037 -0.0154262 -0.0128037 2.61788e-05 -0.00812723 -0.0154262 -0.00812723 4.79441e-05)
(6.27937e-05 -0.0128 -0.0154276 -0.0128 2.76414e-05 -0.00813082 -0.0154276 -0.00813082 4.3808e-05)
(-5.08689e-05 -0.0128136 -0.0154552 -0.0128136 6.15832e-05 -0.0081089 -0.0154552 -0.0081089 7.19579e-05)
(1.79461e-05 -0.0127908 -0.0154336 -0.0127908 2.21624e-05 -0.00812414 -0.0154336 -0.00812414 5.29289e-05)
(0.000114435 -0.0128316 -0.0154216 -0.0128316 0.000108851 -0.00815174 -0.0154216 -0.00815174 3.67179e-05)
(6.69227e-05 -0.0127966 -0.0154241 -0.0127966 4.01624e-05 -0.0081112 -0.0154241 -0.0081112 8.11949e-05)
(-0.000150937 -0.0128208 -0.0154579 -0.0128208 9.64168e-05 -0.00810245 -0.0154579 -0.00810245 8.41215e-05)
(3.56657e-05 -0.0127927 -0.0154242 -0.0127927 2.47227e-05 -0.00811925 -0.0154242 -0.00811925 7.6174e-05)
(5.67776e-05 -0.0127959 -0.0154235 -0.0127959 2.80335e-05 -0.00811725 -0.0154235 -0.00811725 7.15029e-05)
(-8.91361e-05 -0.0128207 -0.0154583 -0.0128207 8.72386e-05 -0.00810925 -0.0154583 -0.00810925 7.6752e-05)
(-0.000167167 -0.0128362 -0.015449 -0.0128362 0.00010341 -0.00811297 -0.015449 -0.00811297 7.78613e-05)
(0.000103578 -0.0128164 -0.0154207 -0.0128164 9.11509e-05 -0.00815459 -0.0154207 -0.00815459 5.19589e-05)
(6.41216e-05 -0.0127969 -0.0154227 -0.0127969 3.05535e-05 -0.00811534 -0.0154227 -0.00811534 8.13379e-05)
(-0.000115975 -0.0128251 -0.0154568 -0.0128251 9.53224e-05 -0.00810732 -0.0154568 -0.00810732 8.19117e-05)
(-9.08197e-06 -0.0128063 -0.0154485 -0.0128063 4.25486e-05 -0.00812418 -0.0154485 -0.00812418 5.04418e-05)
(7.27307e-05 -0.0127973 -0.0154233 -0.0127973 3.70848e-05 -0.00813908 -0.0154233 -0.00813908 6.41428e-05)
(8.89752e-05 -0.0128099 -0.0154198 -0.0128099 4.34229e-05 -0.00814008 -0.0154198 -0.00814008 5.24018e-05)
(-4.89993e-06 -0.0128058 -0.0154449 -0.0128058 5.69061e-05 -0.00810757 -0.0154449 -0.00810757 8.06089e-05)
(1.28158e-05 -0.012801 -0.0154406 -0.012801 3.28068e-05 -0.00811971 -0.0154406 -0.00811971 5.42735e-05)
(6.44222e-05 -0.0127947 -0.0154312 -0.0127947 4.20653e-05 -0.00813639 -0.0154312 -0.00813639 3.38204e-05)
(6.65927e-05 -0.0127939 -0.0154155 -0.0127939 3.02542e-05 -0.00811654 -0.0154155 -0.00811654 9.41687e-05)
(-0.000121752 -0.0128182 -0.0154619 -0.0128182 9.67598e-05 -0.00809652 -0.0154619 -0.00809652 8.65065e-05)
(-0.000183447 -0.012832 -0.0154498 -0.012832 0.00010782 -0.00811191 -0.0154498 -0.00811191 7.53857e-05)
(8.42863e-05 -0.0128004 -0.015424 -0.0128004 5.27605e-05 -0.008144 -0.015424 -0.008144 5.70673e-05)
(-0.000169812 -0.012833 -0.0154471 -0.012833 0.000108264 -0.00811156 -0.0154471 -0.00811156 7.9793e-05)
(-8.7801e-05 -0.0128208 -0.0154534 -0.0128208 7.1961e-05 -0.00811665 -0.0154534 -0.00811665 6.15001e-05)
(0.00014526 -0.0128339 -0.0154232 -0.0128339 0.000123659 -0.00815202 -0.0154232 -0.00815202 3.41839e-05)
(8.0741e-05 -0.0128045 -0.0154214 -0.0128045 3.39959e-05 -0.00813614 -0.0154214 -0.00813614 4.68684e-05)
(3.40094e-05 -0.0127963 -0.0154313 -0.0127963 2.58019e-05 -0.00811794 -0.0154313 -0.00811794 6.68491e-05)
(9.30347e-05 -0.012807 -0.0154229 -0.012807 6.34646e-05 -0.00814894 -0.0154229 -0.00814894 5.20896e-05)
(8.07953e-05 -0.0128045 -0.015425 -0.0128045 4.84043e-05 -0.00813893 -0.015425 -0.00813893 4.57888e-05)
(8.13602e-05 -0.0128043 -0.015423 -0.0128043 4.96922e-05 -0.00814495 -0.015423 -0.00814495 5.43993e-05)
(9.97113e-05 -0.0128228 -0.0154206 -0.0128228 8.71224e-05 -0.0081524 -0.0154206 -0.0081524 4.50831e-05)
(8.1173e-05 -0.012804 -0.01542 -0.012804 3.098e-05 -0.00813266 -0.01542 -0.00813266 5.98128e-05)
(3.00885e-05 -0.0127969 -0.0154328 -0.0127969 2.64484e-05 -0.00811714 -0.0154328 -0.00811714 6.75262e-05)
(5.00393e-05 -0.0127926 -0.0154249 -0.0127926 2.19064e-05 -0.00812829 -0.0154249 -0.00812829 5.69893e-05)
(5.67337e-05 -0.0127937 -0.0154203 -0.0127937 2.3752e-05 -0.00812234 -0.0154203 -0.00812234 6.89744e-05)
(3.47949e-05 -0.012795 -0.0154316 -0.012795 2.47941e-05 -0.00812098 -0.0154316 -0.00812098 5.65094e-05)
(1.71608e-05 -0.0127989 -0.0154361 -0.0127989 3.14319e-05 -0.00811443 -0.0154361 -0.00811443 7.12145e-05)
(2.54678e-05 -0.0127895 -0.015417 -0.0127895 3.02227e-05 -0.00811929 -0.015417 -0.00811929 8.03197e-05)
(7.22637e-05 -0.0128041 -0.015424 -0.0128041 3.66585e-05 -0.0081373 -0.015424 -0.0081373 4.12393e-05)
(7.73005e-05 -0.0128068 -0.0154251 -0.0128068 4.30797e-05 -0.00813694 -0.0154251 -0.00813694 4.2669e-05)
(-0.00014121 -0.012825 -0.0154586 -0.012825 9.24407e-05 -0.00810591 -0.0154586 -0.00810591 7.9869e-05)
(-0.000107988 -0.012848 -0.0154188 -0.012848 0.000118384 -0.00812247 -0.0154188 -0.00812247 8.35771e-05)
(-7.81544e-05 -0.0128173 -0.015454 -0.0128173 8.92832e-05 -0.0081131 -0.015454 -0.0081131 7.779e-05)
(0.000100101 -0.0127978 -0.0154099 -0.0127978 2.7998e-05 -0.00811895 -0.0154099 -0.00811895 8.55449e-05)
(9.80388e-06 -0.0127981 -0.0154315 -0.0127981 3.84782e-05 -0.00810916 -0.0154315 -0.00810916 9.52201e-05)
(9.93821e-05 -0.0128043 -0.0154188 -0.0128043 6.83842e-05 -0.00815367 -0.0154188 -0.00815367 7.71509e-05)
(7.76167e-05 -0.0127991 -0.0154144 -0.0127991 3.3023e-05 -0.008138 -0.0154144 -0.008138 6.78878e-05)
(5.12635e-05 -0.0127959 -0.0154289 -0.0127959 2.37902e-05 -0.00812307 -0.0154289 -0.00812307 5.61019e-05)
(-0.000131659 -0.0128305 -0.0154562 -0.0128305 8.65746e-05 -0.00811693 -0.0154562 -0.00811693 6.67798e-05)
(4.38869e-05 -0.012789 -0.0154203 -0.012789 2.43136e-05 -0.00812961 -0.0154203 -0.00812961 7.17201e-05)
(0.000104259 -0.0128039 -0.0154099 -0.0128039 3.49361e-05 -0.00813755 -0.0154099 -0.00813755 9.01115e-05)
(-6.5693e-05 -0.0128147 -0.0154542 -0.0128147 7.58388e-05 -0.00811295 -0.0154542 -0.00811295 7.52932e-05)
(-1.35183e-05 -0.0128075 -0.0154489 -0.0128075 4.23884e-05 -0.00812778 -0.0154489 -0.00812778 4.72137e-05)
(4.54159e-05 -0.0127898 -0.0154246 -0.0127898 2.22416e-05 -0.00812814 -0.0154246 -0.00812814 7.25799e-05)
(0.000133781 -0.0128377 -0.0154182 -0.0128377 0.000118148 -0.00815097 -0.0154182 -0.00815097 4.19409e-05)
(-1.27532e-05 -0.0128057 -0.0154449 -0.0128057 6.08436e-05 -0.00810619 -0.0154449 -0.00810619 8.42699e-05)
(1.95817e-06 -0.0128027 -0.0154412 -0.0128027 3.63624e-05 -0.00811839 -0.0154412 -0.00811839 5.64824e-05)
(3.33302e-05 -0.0127897 -0.0154347 -0.0127897 2.10545e-05 -0.00812993 -0.0154347 -0.00812993 4.01244e-05)
(1.74859e-05 -0.0127963 -0.0154292 -0.0127963 4.65507e-05 -0.00810986 -0.0154292 -0.00810986 9.22031e-05)
(7.65882e-05 -0.0127952 -0.0154139 -0.0127952 2.83904e-05 -0.00811834 -0.0154139 -0.00811834 8.94034e-05)
(1.13397e-05 -0.0127948 -0.0154332 -0.0127948 2.70717e-05 -0.00811859 -0.0154332 -0.00811859 6.07978e-05)
(5.00345e-05 -0.0127913 -0.0154261 -0.0127913 2.26785e-05 -0.00812962 -0.0154261 -0.00812962 6.51247e-05)
(8.98438e-05 -0.0128053 -0.0154208 -0.0128053 5.13762e-05 -0.00814654 -0.0154208 -0.00814654 6.31338e-05)
(6.31173e-05 -0.0127906 -0.0154298 -0.0127906 3.30763e-05 -0.00813592 -0.0154298 -0.00813592 3.55647e-05)
(6.00316e-05 -0.0127975 -0.0154267 -0.0127975 2.32441e-05 -0.00812932 -0.0154267 -0.00812932 4.28762e-05)
(8.37915e-05 -0.0128029 -0.0154191 -0.0128029 2.94819e-05 -0.00813289 -0.0154191 -0.00813289 5.56221e-05)
(4.40593e-05 -0.0127929 -0.0154268 -0.0127929 2.10891e-05 -0.0081246 -0.0154268 -0.0081246 6.07995e-05)
(7.54562e-05 -0.0127982 -0.015422 -0.0127982 4.26034e-05 -0.00814476 -0.015422 -0.00814476 6.45798e-05)
(4.4177e-05 -0.0127908 -0.0154242 -0.0127908 2.1554e-05 -0.00812863 -0.0154242 -0.00812863 5.7938e-05)
(1.49757e-06 -0.0127966 -0.0154346 -0.0127966 3.50769e-05 -0.00811965 -0.0154346 -0.00811965 6.0001e-05)
(9.05235e-05 -0.0128118 -0.0154199 -0.0128118 5.88752e-05 -0.00814838 -0.0154199 -0.00814838 5.44891e-05)
(0.000118028 -0.0128254 -0.0154139 -0.0128254 9.26438e-05 -0.00815135 -0.0154139 -0.00815135 5.99831e-05)
(6.02377e-05 -0.0127953 -0.0154231 -0.0127953 2.53149e-05 -0.00813148 -0.0154231 -0.00813148 6.16993e-05)
(-7.61933e-06 -0.0127992 -0.0154377 -0.0127992 3.91677e-05 -0.00811566 -0.0154377 -0.00811566 7.04004e-05)
(7.247e-05 -0.0127978 -0.0154185 -0.0127978 3.53271e-05 -0.00814007 -0.0154185 -0.00814007 6.35105e-05)
(7.73335e-05 -0.0128065 -0.0154255 -0.0128065 5.57787e-05 -0.00814347 -0.0154255 -0.00814347 3.99143e-05)
(7.25815e-05 -0.0127984 -0.0154238 -0.0127984 3.56604e-05 -0.00813871 -0.0154238 -0.00813871 5.85414e-05)
(-0.00015288 -0.0128163 -0.0154526 -0.0128163 8.88009e-05 -0.0081045 -0.0154526 -0.0081045 8.54132e-05)
(6.53773e-05 -0.0128003 -0.0154236 -0.0128003 3.5865e-05 -0.00813847 -0.0154236 -0.00813847 4.36919e-05)
(7.69114e-05 -0.0128068 -0.0154235 -0.0128068 3.95894e-05 -0.00813682 -0.0154235 -0.00813682 4.63464e-05)
(-7.47878e-05 -0.0128124 -0.0154554 -0.0128124 7.43715e-05 -0.00810551 -0.0154554 -0.00810551 8.13106e-05)
(-1.27781e-05 -0.0128539 -0.0153974 -0.0128539 0.000118472 -0.00812645 -0.0153974 -0.00812645 8.95247e-05)
(0.00029452 -0.0128519 -0.0153563 -0.0128519 0.000111813 -0.0081278 -0.0153563 -0.0081278 0.000101436)
(8.40489e-05 -0.0127958 -0.0154109 -0.0127958 2.76297e-05 -0.0081227 -0.0154109 -0.0081227 9.74142e-05)
(0.000124419 -0.0128111 -0.0154095 -0.0128111 9.11675e-05 -0.00815406 -0.0154095 -0.00815406 8.82842e-05)
(0.000184179 -0.0128221 -0.0154079 -0.0128221 0.000122944 -0.00814808 -0.0154079 -0.00814808 6.23621e-05)
(8.83287e-05 -0.0128046 -0.0154141 -0.0128046 4.27334e-05 -0.00814468 -0.0154141 -0.00814468 7.12115e-05)
(9.66051e-05 -0.0128183 -0.0154239 -0.0128183 7.64293e-05 -0.00814648 -0.0154239 -0.00814648 3.82738e-05)
(2.21647e-05 -0.012789 -0.0154374 -0.012789 1.93616e-05 -0.00812698 -0.0154374 -0.00812698 4.19632e-05)
(-0.000171792 -0.0128245 -0.0154542 -0.0128245 9.68212e-05 -0.00810956 -0.0154542 -0.00810956 8.01597e-05)
(0.000122794 -0.0128182 -0.0154062 -0.0128182 7.60612e-05 -0.00815345 -0.0154062 -0.00815345 9.36027e-05)
(9.54899e-06 -0.0127997 -0.0154431 -0.0127997 4.2903e-05 -0.00812253 -0.0154431 -0.00812253 6.18822e-05)
(-2.18445e-05 -0.0128097 -0.0154492 -0.0128097 4.58307e-05 -0.00813069 -0.0154492 -0.00813069 4.64323e-05)
(-4.02253e-05 -0.0128045 -0.0154444 -0.0128045 4.47457e-05 -0.00811238 -0.0154444 -0.00811238 7.37642e-05)
(0.000102859 -0.0128255 -0.0154196 -0.0128255 8.55816e-05 -0.00814977 -0.0154196 -0.00814977 4.5974e-05)
(8.06921e-05 -0.0127965 -0.0154145 -0.0127965 2.5363e-05 -0.00812316 -0.0154145 -0.00812316 7.79249e-05)
(-0.000181085 -0.0128442 -0.01543 -0.0128442 0.000118133 -0.00811632 -0.01543 -0.00811632 8.15256e-05)
(-2.42373e-05 -0.0128078 -0.0154487 -0.0128078 5.16796e-05 -0.00812282 -0.0154487 -0.00812282 5.51411e-05)
(-2.87062e-05 -0.0128072 -0.0154483 -0.0128072 7.9489e-05 -0.00810938 -0.0154483 -0.00810938 8.50233e-05)
(2.41824e-05 -0.0127954 -0.0154275 -0.0127954 3.91485e-05 -0.0081147 -0.0154275 -0.0081147 8.28427e-05)
(9.96677e-05 -0.0128066 -0.0154227 -0.0128066 8.15701e-05 -0.0081522 -0.0154227 -0.0081522 5.24759e-05)
(-7.24684e-05 -0.0128145 -0.0154561 -0.0128145 6.62438e-05 -0.0081113 -0.0154561 -0.0081113 7.24506e-05)
(0.000442517 -0.0128496 -0.0154211 -0.0128496 0.000126719 -0.00814168 -0.0154211 -0.00814168 4.3199e-05)
(0.000357726 -0.0128451 -0.0154297 -0.0128451 0.000129775 -0.00814559 -0.0154297 -0.00814559 3.05196e-05)
(4.53642e-05 -0.0127957 -0.0154314 -0.0127957 2.46831e-05 -0.0081244 -0.0154314 -0.0081244 4.88783e-05)
(9.45206e-05 -0.0128084 -0.0154163 -0.0128084 4.27496e-05 -0.00814112 -0.0154163 -0.00814112 6.6943e-05)
(6.35174e-05 -0.012795 -0.0154252 -0.012795 3.10098e-05 -0.00813631 -0.0154252 -0.00813631 5.2414e-05)
(5.70069e-05 -0.0127937 -0.0154201 -0.0127937 2.55304e-05 -0.00813098 -0.0154201 -0.00813098 6.61003e-05)
(-8.28164e-05 -0.0128073 -0.0154458 -0.0128073 6.74895e-05 -0.00811261 -0.0154458 -0.00811261 7.508e-05)
(-0.000125929 -0.0128234 -0.0154548 -0.0128234 8.85596e-05 -0.00811624 -0.0154548 -0.00811624 7.01164e-05)
(6.30498e-05 -0.0127929 -0.015416 -0.0127929 2.60232e-05 -0.00813079 -0.015416 -0.00813079 8.10056e-05)
(0.00015459 -0.0128337 -0.0154078 -0.0128337 0.000121847 -0.00815021 -0.0154078 -0.00815021 6.02902e-05)
(9.18058e-05 -0.0128097 -0.0154209 -0.0128097 6.05348e-05 -0.00814793 -0.0154209 -0.00814793 5.73532e-05)
(3.7629e-05 -0.0127884 -0.015423 -0.0127884 2.31942e-05 -0.00812858 -0.015423 -0.00812858 6.23156e-05)
(9.68763e-05 -0.012809 -0.0154201 -0.012809 8.23386e-05 -0.00815581 -0.0154201 -0.00815581 5.94015e-05)
(7.34539e-05 -0.0128046 -0.0154252 -0.0128046 5.45909e-05 -0.0081448 -0.0154252 -0.0081448 4.23312e-05)
(0.000104171 -0.0128164 -0.015422 -0.0128164 8.19556e-05 -0.00814906 -0.015422 -0.00814906 4.55257e-05)
(-0.000170995 -0.0128228 -0.0154557 -0.0128228 0.000103322 -0.00810328 -0.0154557 -0.00810328 8.46219e-05)
(6.73169e-05 -0.0127995 -0.0154232 -0.0127995 4.30334e-05 -0.00814333 -0.0154232 -0.00814333 5.21099e-05)
(5.96115e-05 -0.0127938 -0.0154215 -0.0127938 2.23124e-05 -0.00812478 -0.0154215 -0.00812478 6.1445e-05)
(3.59311e-05 -0.0127922 -0.0154245 -0.0127922 2.79598e-05 -0.00811742 -0.0154245 -0.00811742 7.87618e-05)
(-7.7589e-05 -0.0128186 -0.0154561 -0.0128186 7.41024e-05 -0.00811848 -0.0154561 -0.00811848 6.52115e-05)
(6.53449e-05 -0.0128466 -0.0154057 -0.0128466 0.000116824 -0.00812547 -0.0154057 -0.00812547 8.86367e-05)
(-4.55528e-05 -0.012807 -0.0154455 -0.012807 5.86007e-05 -0.00810295 -0.0154455 -0.00810295 0.000100655)
(0.000146844 -0.0128101 -0.0154078 -0.0128101 0.000105573 -0.00815144 -0.0154078 -0.00815144 8.08776e-05)
(0.000137544 -0.0128139 -0.0154055 -0.0128139 9.98945e-05 -0.00815182 -0.0154055 -0.00815182 8.55243e-05)
(8.42038e-05 -0.0127956 -0.0154091 -0.0127956 2.7552e-05 -0.0081298 -0.0154091 -0.0081298 8.38026e-05)
(0.000122112 -0.0128285 -0.0154216 -0.0128285 0.000108474 -0.00815073 -0.0154216 -0.00815073 3.8198e-05)
(9.27743e-05 -0.0128008 -0.01543 -0.0128008 7.37047e-05 -0.0081398 -0.01543 -0.0081398 3.30765e-05)
(-0.000157514 -0.0128325 -0.015446 -0.0128325 0.000110049 -0.00811419 -0.015446 -0.00811419 7.90254e-05)
(0.000119941 -0.0128171 -0.0154071 -0.0128171 8.11819e-05 -0.00815362 -0.0154071 -0.00815362 8.91985e-05)
(3.96934e-05 -0.0127975 -0.0154405 -0.0127975 3.49036e-05 -0.00812457 -0.0154405 -0.00812457 5.86957e-05)
(-3.43801e-06 -0.0128019 -0.0154461 -0.0128019 3.58485e-05 -0.00813234 -0.0154461 -0.00813234 4.38574e-05)
(-9.87312e-05 -0.0128166 -0.0154523 -0.0128166 6.65044e-05 -0.00811343 -0.0154523 -0.00811343 7.0287e-05)
(-7.31829e-05 -0.012811 -0.0154509 -0.012811 8.16993e-05 -0.00811296 -0.0154509 -0.00811296 7.62433e-05)
(0.000133208 -0.0128397 -0.0154071 -0.0128397 0.000120177 -0.00815135 -0.0154071 -0.00815135 6.13109e-05)
(6.35977e-05 -0.0128544 -0.0153735 -0.0128544 0.000119596 -0.00812361 -0.0153735 -0.00812361 9.60739e-05)
(-1.46385e-05 -0.0128565 -0.0153956 -0.0128565 0.000123954 -0.00812858 -0.0153956 -0.00812858 8.63627e-05)
(-2.33043e-05 -0.0128143 -0.0154536 -0.0128143 8.77923e-05 -0.00811375 -0.0154536 -0.00811375 8.02873e-05)
(4.06033e-05 -0.0127932 -0.0154244 -0.0127932 2.63169e-05 -0.00811964 -0.0154244 -0.00811964 7.98806e-05)
(0.000183801 -0.0128235 -0.0154133 -0.0128235 0.000123158 -0.00814841 -0.0154133 -0.00814841 5.03456e-05)
(1.47421e-05 -0.0127932 -0.0154352 -0.0127932 2.37286e-05 -0.00811927 -0.0154352 -0.00811927 6.69429e-05)
(0.000179047 -0.0128081 -0.0154059 -0.0128081 0.000111521 -0.00814655 -0.0154059 -0.00814655 7.88535e-05)
(0.00010332 -0.0128103 -0.0154168 -0.0128103 6.62712e-05 -0.00815136 -0.0154168 -0.00815136 7.94853e-05)
(4.14984e-05 -0.0127981 -0.0154365 -0.0127981 3.64821e-05 -0.00812096 -0.0154365 -0.00812096 5.81003e-05)
(8.99869e-05 -0.0128035 -0.0154145 -0.0128035 3.79621e-05 -0.00814061 -0.0154145 -0.00814061 7.8941e-05)
(7.41745e-05 -0.0127992 -0.0154257 -0.0127992 4.79553e-05 -0.00814316 -0.0154257 -0.00814316 4.71876e-05)
(5.52261e-05 -0.0127948 -0.0154221 -0.0127948 2.23959e-05 -0.00812507 -0.0154221 -0.00812507 5.89976e-05)
(-5.89124e-05 -0.0128046 -0.015444 -0.0128046 6.39139e-05 -0.00811485 -0.015444 -0.00811485 7.1881e-05)
(-6.96313e-05 -0.0128127 -0.0154518 -0.0128127 6.29332e-05 -0.00811484 -0.0154518 -0.00811484 6.90516e-05)
(1.88176e-05 -0.0127931 -0.0154265 -0.0127931 2.84287e-05 -0.00811572 -0.0154265 -0.00811572 9.03448e-05)
(0.000104288 -0.0128111 -0.0154135 -0.0128111 6.30758e-05 -0.00815186 -0.0154135 -0.00815186 8.5535e-05)
(6.8818e-05 -0.0127976 -0.0154196 -0.0127976 2.79991e-05 -0.00813375 -0.0154196 -0.00813375 6.291e-05)
(9.18604e-05 -0.0128048 -0.0154247 -0.0128048 7.21835e-05 -0.00815046 -0.0154247 -0.00815046 4.7309e-05)
(7.96756e-05 -0.0128036 -0.0154201 -0.0128036 6.16017e-05 -0.00815364 -0.0154201 -0.00815364 6.74325e-05)
(5.95978e-06 -0.012792 -0.0154279 -0.012792 3.17481e-05 -0.00811716 -0.0154279 -0.00811716 7.14336e-05)
(6.66808e-05 -0.0127975 -0.0154231 -0.0127975 2.69749e-05 -0.008133 -0.0154231 -0.008133 5.18759e-05)
(-5.84398e-05 -0.0128104 -0.0154504 -0.0128104 6.99237e-05 -0.00810348 -0.0154504 -0.00810348 8.83868e-05)
(7.23832e-05 -0.0127958 -0.0154197 -0.0127958 4.40703e-05 -0.00814781 -0.0154197 -0.00814781 8.76339e-05)
(5.39324e-05 -0.0127909 -0.0154195 -0.0127909 2.2945e-05 -0.00812836 -0.0154195 -0.00812836 5.8594e-05)
(5.06531e-05 -0.0127905 -0.0154173 -0.0127905 2.69522e-05 -0.00813449 -0.0154173 -0.00813449 7.11667e-05)
(3.87734e-05 -0.01279 -0.0154263 -0.01279 2.26253e-05 -0.00812726 -0.0154263 -0.00812726 5.78513e-05)
(-5.05341e-05 -0.0128132 -0.0154544 -0.0128132 6.99172e-05 -0.00812057 -0.0154544 -0.00812057 6.77117e-05)
(-0.000157269 -0.0128175 -0.0154619 -0.0128175 8.58113e-05 -0.00809897 -0.0154619 -0.00809897 9.22016e-05)
(5.69321e-05 -0.0127899 -0.0154244 -0.0127899 2.98979e-05 -0.00813672 -0.0154244 -0.00813672 0.000101724)
(7.52226e-05 -0.0127962 -0.0154156 -0.0127962 3.34808e-05 -0.00813958 -0.0154156 -0.00813958 0.00010136)
(6.49905e-05 -0.012792 -0.0154128 -0.012792 2.755e-05 -0.00811954 -0.0154128 -0.00811954 8.82727e-05)
(9.79228e-05 -0.0128145 -0.0154211 -0.0128145 7.45903e-05 -0.0081498 -0.0154211 -0.0081498 5.02584e-05)
(0.000109546 -0.0128136 -0.0154295 -0.0128136 9.32918e-05 -0.00814354 -0.0154295 -0.00814354 3.36836e-05)
(-8.62984e-05 -0.0128135 -0.015452 -0.0128135 6.78012e-05 -0.00811496 -0.015452 -0.00811496 7.13928e-05)
(0.000102856 -0.0128096 -0.015412 -0.0128096 6.25157e-05 -0.00815201 -0.015412 -0.00815201 8.76395e-05)
(5.8329e-05 -0.0128005 -0.0154379 -0.0128005 3.78684e-05 -0.00812025 -0.0154379 -0.00812025 6.49981e-05)
(1.41917e-05 -0.0127966 -0.0154435 -0.0127966 2.73454e-05 -0.0081317 -0.0154435 -0.0081317 3.95662e-05)
(-2.25232e-06 -0.0127924 -0.015432 -0.0127924 2.8778e-05 -0.00812021 -0.015432 -0.00812021 6.54122e-05)
(-0.000104101 -0.0128309 -0.0154412 -0.0128309 0.000112952 -0.00811336 -0.0154412 -0.00811336 8.11989e-05)
(0.000135011 -0.0128343 -0.0153988 -0.0128343 0.000114547 -0.0081506 -0.0153988 -0.0081506 8.06682e-05)
(-4.28676e-05 -0.0128066 -0.0154475 -0.0128066 7.15989e-05 -0.00810991 -0.0154475 -0.00810991 7.65805e-05)
(2.9448e-05 -0.0128613 -0.0153834 -0.0128613 0.000126849 -0.00813184 -0.0153834 -0.00813184 8.75498e-05)
(-5.51203e-05 -0.0128152 -0.0154563 -0.0128152 7.8897e-05 -0.00811705 -0.0154563 -0.00811705 7.28312e-05)
(6.10793e-05 -0.0127908 -0.0154219 -0.0127908 2.76048e-05 -0.00813449 -0.0154219 -0.00813449 8.57507e-05)
(0.000188897 -0.0128154 -0.015402 -0.0128154 0.000118855 -0.00814496 -0.015402 -0.00814496 7.3794e-05)
(0.000160566 -0.0128175 -0.0154135 -0.0128175 0.000115992 -0.00814934 -0.0154135 -0.00814934 5.40394e-05)
(-0.000184752 -0.0128257 -0.0154612 -0.0128257 9.69161e-05 -0.00809968 -0.0154612 -0.00809968 8.66339e-05)
(-9.19705e-05 -0.0128337 -0.0154313 -0.0128337 0.000109315 -0.00810595 -0.0154313 -0.00810595 8.81375e-05)
(-5.96982e-05 -0.0128176 -0.015456 -0.0128176 8.35778e-05 -0.00811543 -0.015456 -0.00811543 7.20034e-05)
(6.05605e-05 -0.0127931 -0.0154169 -0.0127931 2.38689e-05 -0.008127 -0.0154169 -0.008127 7.62605e-05)
(4.30058e-05 -0.0127894 -0.0154263 -0.0127894 2.53096e-05 -0.00813385 -0.0154263 -0.00813385 4.72783e-05)
(2.11746e-06 -0.0128028 -0.0154436 -0.0128028 4.9088e-05 -0.0081188 -0.0154436 -0.0081188 6.51304e-05)
(5.48339e-05 -0.0127939 -0.0154237 -0.0127939 2.48293e-05 -0.00813234 -0.0154237 -0.00813234 4.80992e-05)
(-3.21396e-05 -0.0128049 -0.0154461 -0.0128049 4.71954e-05 -0.00811564 -0.0154461 -0.00811564 6.67927e-05)
(-6.14829e-05 -0.0128079 -0.0154488 -0.0128079 5.97872e-05 -0.00810511 -0.0154488 -0.00810511 8.60247e-05)
(2.68368e-06 -0.0127944 -0.0154286 -0.0127944 3.96699e-05 -0.00811301 -0.0154286 -0.00811301 8.15252e-05)
(-9.72252e-07 -0.0127994 -0.0154382 -0.0127994 4.21967e-05 -0.0081131 -0.0154382 -0.0081131 7.29692e-05)
(8.48749e-05 -0.0128021 -0.0154275 -0.0128021 6.37558e-05 -0.00814439 -0.0154275 -0.00814439 3.68185e-05)
(7.0976e-05 -0.0127958 -0.0154148 -0.0127958 3.0392e-05 -0.00813635 -0.0154148 -0.00813635 7.29373e-05)
(-7.96402e-05 -0.0128058 -0.015447 -0.0128058 6.91384e-05 -0.00810568 -0.015447 -0.00810568 8.51903e-05)
(-9.0263e-06 -0.0128008 -0.0154428 -0.0128008 5.01948e-05 -0.00811602 -0.0154428 -0.00811602 7.00721e-05)
(5.31619e-05 -0.0127933 -0.0154203 -0.0127933 2.46328e-05 -0.00812282 -0.0154203 -0.00812282 8.28848e-05)
(1.48158e-05 -0.0127946 -0.0154271 -0.0127946 3.2187e-05 -0.00811699 -0.0154271 -0.00811699 0.00011082)
(7.09922e-05 -0.0128024 -0.0154194 -0.0128024 4.69326e-05 -0.00814684 -0.0154194 -0.00814684 6.27162e-05)
(6.16325e-05 -0.0127968 -0.01542 -0.0127968 4.19946e-05 -0.00814517 -0.01542 -0.00814517 6.38314e-05)
(4.75919e-05 -0.0127892 -0.0154203 -0.0127892 2.61815e-05 -0.00813325 -0.0154203 -0.00813325 6.51912e-05)
(3.98686e-05 -0.0127924 -0.0154288 -0.0127924 2.52226e-05 -0.00812333 -0.0154288 -0.00812333 6.31493e-05)
(-3.92419e-05 -0.0128022 -0.0154412 -0.0128022 4.6405e-05 -0.00810701 -0.0154412 -0.00810701 0.000102129)
(-5.56708e-05 -0.0128099 -0.0154505 -0.0128099 5.15566e-05 -0.0081047 -0.0154505 -0.0081047 8.77802e-05)
(-1.95733e-05 -0.0127997 -0.015439 -0.0127997 4.66458e-05 -0.00811093 -0.015439 -0.00811093 7.94743e-05)
(3.37178e-05 -0.0127903 -0.0154215 -0.0127903 3.0938e-05 -0.00811861 -0.0154215 -0.00811861 7.33457e-05)
(7.80218e-05 -0.0128012 -0.0154202 -0.0128012 4.27701e-05 -0.00814396 -0.0154202 -0.00814396 6.8429e-05)
(6.93113e-05 -0.0128019 -0.01543 -0.0128019 4.82113e-05 -0.00813934 -0.01543 -0.00813934 3.61084e-05)
(-1.52608e-05 -0.0127973 -0.0154383 -0.0127973 3.64199e-05 -0.00811892 -0.0154383 -0.00811892 6.69195e-05)
(6.90205e-05 -0.0127929 -0.0154115 -0.0127929 2.85308e-05 -0.00813422 -0.0154115 -0.00813422 9.1279e-05)
(6.41866e-05 -0.0127991 -0.0154327 -0.0127991 3.98369e-05 -0.00811687 -0.0154327 -0.00811687 7.09196e-05)
(1.9334e-05 -0.0127974 -0.0154425 -0.0127974 2.51908e-05 -0.00813009 -0.0154425 -0.00813009 3.65169e-05)
(3.21211e-05 -0.0127878 -0.0154245 -0.0127878 2.14954e-05 -0.00812716 -0.0154245 -0.00812716 6.48994e-05)
(-3.59727e-05 -0.0127996 -0.0154373 -0.0127996 4.7168e-05 -0.00811098 -0.0154373 -0.00811098 8.41982e-05)
(9.33905e-05 -0.0127964 -0.0154092 -0.0127964 3.04651e-05 -0.00812602 -0.0154092 -0.00812602 0.000111139)
(9.12031e-05 -0.0128014 -0.0154132 -0.0128014 3.02942e-05 -0.00813436 -0.0154132 -0.00813436 6.64036e-05)
(-8.25909e-05 -0.0128202 -0.0154537 -0.0128202 7.41225e-05 -0.00812189 -0.0154537 -0.00812189 5.74726e-05)
(-1.6019e-05 -0.0127997 -0.0154428 -0.0127997 4.08258e-05 -0.00811813 -0.0154428 -0.00811813 6.6342e-05)
(5.81896e-05 -0.0127885 -0.015425 -0.0127885 2.83983e-05 -0.00813648 -0.015425 -0.00813648 9.24494e-05)
(0.000111481 -0.0127928 -0.0154101 -0.0127928 6.80283e-05 -0.00815336 -0.0154101 -0.00815336 0.000129958)
(0.000169689 -0.01283 -0.0154054 -0.01283 0.000123289 -0.00814744 -0.0154054 -0.00814744 6.14531e-05)
(8.92207e-05 -0.0128356 -0.0154086 -0.0128356 0.000104866 -0.0081091 -0.0154086 -0.0081091 8.92122e-05)
(0.000128124 -0.0128468 -0.0153735 -0.0128468 0.000110242 -0.00811713 -0.0153735 -0.00811713 9.7436e-05)
(-0.000133429 -0.0128343 -0.0154473 -0.0128343 0.000107163 -0.0081171 -0.0154473 -0.0081171 7.6092e-05)
(4.87509e-05 -0.0127917 -0.0154194 -0.0127917 2.35701e-05 -0.00812429 -0.0154194 -0.00812429 8.2176e-05)
(2.67701e-05 -0.0127887 -0.0154289 -0.0127887 2.40004e-05 -0.00812839 -0.0154289 -0.00812839 4.99847e-05)
(-4.99175e-05 -0.0128141 -0.0154545 -0.0128141 7.11412e-05 -0.0081258 -0.0154545 -0.0081258 6.25631e-05)
(5.28073e-05 -0.0127934 -0.0154238 -0.0127934 2.43065e-05 -0.00813209 -0.0154238 -0.00813209 5.06224e-05)
(-6.0982e-05 -0.0128113 -0.0154521 -0.0128113 6.68177e-05 -0.00811322 -0.0154521 -0.00811322 7.1761e-05)
(-0.000161181 -0.0128212 -0.0154599 -0.0128212 9.3865e-05 -0.00810102 -0.0154599 -0.00810102 8.58841e-05)
(-0.000106504 -0.0128134 -0.0154508 -0.0128134 8.4732e-05 -0.00811336 -0.0154508 -0.00811336 7.47589e-05)
(-5.563e-05 -0.0128076 -0.0154483 -0.0128076 5.84335e-05 -0.00811006 -0.0154483 -0.00811006 7.64507e-05)
(5.75365e-05 -0.0127915 -0.0154297 -0.0127915 2.92172e-05 -0.00813452 -0.0154297 -0.00813452 3.77768e-05)
(8.12247e-05 -0.0127964 -0.0154137 -0.0127964 2.60504e-05 -0.00812494 -0.0154137 -0.00812494 8.8216e-05)
(-4.60418e-05 -0.0128034 -0.0154459 -0.0128034 6.5667e-05 -0.00810305 -0.0154459 -0.00810305 8.98414e-05)
(-6.64903e-05 -0.0128103 -0.0154526 -0.0128103 7.09814e-05 -0.00811126 -0.0154526 -0.00811126 7.54695e-05)
(5.50522e-05 -0.0127928 -0.0154209 -0.0127928 2.34982e-05 -0.00812631 -0.0154209 -0.00812631 7.4498e-05)
(-6.89061e-05 -0.0128074 -0.0154479 -0.0128074 5.86349e-05 -0.00810248 -0.0154479 -0.00810248 9.24443e-05)
(5.01741e-05 -0.0127905 -0.0154169 -0.0127905 2.6667e-05 -0.00813364 -0.0154169 -0.00813364 7.17436e-05)
(7.6776e-05 -0.0128093 -0.0154218 -0.0128093 6.82306e-05 -0.00815269 -0.0154218 -0.00815269 5.66504e-05)
(6.18596e-05 -0.0127946 -0.0154192 -0.0127946 3.51689e-05 -0.00814125 -0.0154192 -0.00814125 6.86888e-05)
(6.4209e-05 -0.0127933 -0.0154185 -0.0127933 2.45399e-05 -0.00812867 -0.0154185 -0.00812867 7.49785e-05)
(3.37711e-05 -0.0127936 -0.0154238 -0.0127936 3.04374e-05 -0.00812527 -0.0154238 -0.00812527 0.000117615)
(-8.17908e-05 -0.0128152 -0.0154538 -0.0128152 6.51773e-05 -0.00810995 -0.0154538 -0.00810995 7.15382e-05)
(-0.000122842 -0.0128303 -0.0154527 -0.0128303 0.000103002 -0.0081214 -0.0154527 -0.0081214 6.88166e-05)
(1.75707e-06 -0.0127952 -0.0154355 -0.0127952 3.85933e-05 -0.00812126 -0.0154355 -0.00812126 6.15721e-05)
(7.14691e-05 -0.0127962 -0.0154199 -0.0127962 4.11305e-05 -0.00814525 -0.0154199 -0.00814525 7.8754e-05)
(4.73849e-05 -0.0127917 -0.0154291 -0.0127917 2.38965e-05 -0.00813215 -0.0154291 -0.00813215 4.37195e-05)
(2.07365e-05 -0.0127882 -0.0154286 -0.0127882 2.22344e-05 -0.00812544 -0.0154286 -0.00812544 5.8384e-05)
(-1.76844e-05 -0.0127998 -0.0154374 -0.0127998 5.62873e-05 -0.0081072 -0.0154374 -0.0081072 9.19449e-05)
(7.20818e-05 -0.0127941 -0.0154194 -0.0127941 2.55216e-05 -0.00812357 -0.0154194 -0.00812357 6.40382e-05)
(5.45423e-05 -0.0127885 -0.015433 -0.0127885 2.85807e-05 -0.00813124 -0.015433 -0.00813124 2.62197e-05)
(3.67726e-05 -0.0127883 -0.0154255 -0.0127883 2.11682e-05 -0.00812869 -0.0154255 -0.00812869 6.03012e-05)
(4.23953e-05 -0.0127883 -0.0154167 -0.0127883 2.47485e-05 -0.00812827 -0.0154167 -0.00812827 8.81327e-05)
(1.31887e-05 -0.0128003 -0.0154337 -0.0128003 5.5049e-05 -0.00810513 -0.0154337 -0.00810513 0.000103102)
(9.21516e-05 -0.0128041 -0.0154168 -0.0128041 3.54741e-05 -0.00813819 -0.0154168 -0.00813819 6.10648e-05)
(5.5742e-05 -0.0127931 -0.0154291 -0.0127931 3.0031e-05 -0.00813473 -0.0154291 -0.00813473 3.50634e-05)
(2.24685e-05 -0.0127887 -0.0154248 -0.0127887 2.31837e-05 -0.00812218 -0.0154248 -0.00812218 7.99293e-05)
(-1.80331e-06 -0.0128022 -0.0154434 -0.0128022 3.56412e-05 -0.00811081 -0.0154434 -0.00811081 9.02494e-05)
(4.00004e-05 -0.012792 -0.0154298 -0.012792 3.63654e-05 -0.00813962 -0.0154298 -0.00813962 0.000133833)
(9.508e-05 -0.0127975 -0.015406 -0.0127975 3.55797e-05 -0.00814004 -0.015406 -0.00814004 0.000114242)
(-7.63421e-05 -0.0128162 -0.0154542 -0.0128162 0.000101023 -0.00810175 -0.0154542 -0.00810175 8.45696e-05)
(-0.000189637 -0.0128243 -0.0154569 -0.0128243 0.000100458 -0.00810376 -0.0154569 -0.00810376 8.37578e-05)
(-0.000125935 -0.0128226 -0.0154566 -0.0128226 8.31908e-05 -0.00811399 -0.0154566 -0.00811399 6.99061e-05)
(3.26299e-05 -0.0127914 -0.0154235 -0.0127914 2.48891e-05 -0.00812101 -0.0154235 -0.00812101 9.1258e-05)
(3.85922e-05 -0.0127898 -0.0154282 -0.0127898 2.35667e-05 -0.00813038 -0.0154282 -0.00813038 4.53833e-05)
(4.33195e-05 -0.01279 -0.0154272 -0.01279 2.32305e-05 -0.00813093 -0.0154272 -0.00813093 4.85271e-05)
(4.123e-05 -0.0127893 -0.0154195 -0.0127893 2.30765e-05 -0.00812399 -0.0154195 -0.00812399 7.08489e-05)
(-2.75976e-05 -0.0128042 -0.0154457 -0.0128042 5.6039e-05 -0.00811409 -0.0154457 -0.00811409 7.16318e-05)
(-0.000133812 -0.0128163 -0.0154605 -0.0128163 8.45905e-05 -0.00809954 -0.0154605 -0.00809954 8.84823e-05)
(-6.35675e-05 -0.0128054 -0.0154454 -0.0128054 6.30512e-05 -0.00810949 -0.0154454 -0.00810949 8.01261e-05)
(-6.12522e-05 -0.0128077 -0.0154479 -0.0128077 5.52082e-05 -0.00810764 -0.0154479 -0.00810764 8.09664e-05)
(2.71589e-05 -0.0127925 -0.0154374 -0.0127925 2.09488e-05 -0.00812738 -0.0154374 -0.00812738 3.92263e-05)
(7.46812e-05 -0.0127961 -0.0154197 -0.0127961 3.395e-05 -0.00811386 -0.0154197 -0.00811386 9.73054e-05)
(9.475e-06 -0.0127979 -0.0154358 -0.0127979 4.98075e-05 -0.00810601 -0.0154358 -0.00810601 9.17726e-05)
(-7.54258e-05 -0.01281 -0.0154526 -0.01281 6.98994e-05 -0.00810703 -0.0154526 -0.00810703 8.1239e-05)
(8.54506e-06 -0.0127984 -0.0154361 -0.0127984 3.73464e-05 -0.00811371 -0.0154361 -0.00811371 7.74083e-05)
(-9.00825e-06 -0.0127984 -0.0154363 -0.0127984 3.56029e-05 -0.00810977 -0.0154363 -0.00810977 8.68618e-05)
(1.79599e-05 -0.0127905 -0.0154271 -0.0127905 2.51712e-05 -0.00812115 -0.0154271 -0.00812115 6.28256e-05)
(9.02825e-05 -0.0128099 -0.0154169 -0.0128099 7.2011e-05 -0.00815434 -0.0154169 -0.00815434 7.30534e-05)
(6.7377e-05 -0.0127952 -0.0154179 -0.0127952 2.855e-05 -0.00813491 -0.0154179 -0.00813491 6.8092e-05)
(8.75701e-05 -0.0128022 -0.0154153 -0.0128022 4.01746e-05 -0.00814246 -0.0154153 -0.00814246 7.89517e-05)
(-3.72671e-05 -0.0128076 -0.0154479 -0.0128076 5.71967e-05 -0.00810475 -0.0154479 -0.00810475 0.000107623)
(-4.83892e-06 -0.012801 -0.0154414 -0.012801 3.66475e-05 -0.00811877 -0.0154414 -0.00811877 5.82394e-05)
(-2.00406e-05 -0.012804 -0.0154464 -0.012804 4.7822e-05 -0.00812667 -0.0154464 -0.00812667 5.1287e-05)
(1.17815e-05 -0.0127908 -0.0154303 -0.0127908 2.51609e-05 -0.00812222 -0.0154303 -0.00812222 5.74131e-05)
(4.30785e-05 -0.0127881 -0.0154207 -0.0127881 2.55468e-05 -0.00813342 -0.0154207 -0.00813342 7.44953e-05)
(4.07633e-05 -0.0127906 -0.0154293 -0.0127906 2.48434e-05 -0.00812878 -0.0154293 -0.00812878 5.13452e-05)
(6.59466e-05 -0.0127965 -0.0154243 -0.0127965 3.76363e-05 -0.00814007 -0.0154243 -0.00814007 5.21257e-05)
(-7.35822e-05 -0.0128144 -0.0154542 -0.0128144 9.10566e-05 -0.00810189 -0.0154542 -0.00810189 8.82849e-05)
(6.89923e-05 -0.0127983 -0.0154203 -0.0127983 3.41392e-05 -0.00813894 -0.0154203 -0.00813894 5.54257e-05)
(0.000106786 -0.0128013 -0.0154279 -0.0128013 8.34271e-05 -0.00814448 -0.0154279 -0.00814448 3.24431e-05)
