/*--------------------------------*- C++ -*----------------------------------*\
  =========                 |
  \\      /  F ield         | OpenFOAM: The Open Source CFD Toolbox
   \\    /   O peration     | Website:  https://openfoam.org
    \\  /    A nd           | Version:  10
     \\/     M anipulation  |
\*---------------------------------------------------------------------------*/
FoamFile
{
    format      ascii;
    class       volTensorField;
    location    "15";
    object      TauNN;
}
// * * * * * * * * * * * * * * * * * * * * * * * * * * * * * * * * * * * * * //

dimensions      [0 2 -2 0 0 0 0];

internalField   nonuniform List<tensor> 
25600
(
(0.00150035 -0.0129794 -0.0151311 -0.0129794 0.000158564 -0.00815191 -0.0151311 -0.00815191 0.000115092)
(0.00149869 -0.0129808 -0.0151332 -0.0129808 0.000159358 -0.00815272 -0.0151332 -0.00815272 0.000115142)
(0.00147587 -0.0129787 -0.0151395 -0.0129787 0.000160265 -0.00815143 -0.0151395 -0.00815143 0.000116474)
(0.00146276 -0.0129822 -0.0151375 -0.0129822 0.000161329 -0.00815384 -0.0151375 -0.00815384 0.000113584)
(0.00148002 -0.0129797 -0.0151344 -0.0129797 0.000159704 -0.00815218 -0.0151344 -0.00815218 0.000114587)
(0.00147184 -0.0129805 -0.0151365 -0.0129805 0.000160373 -0.00815264 -0.0151365 -0.00815264 0.000114909)
(0.00147785 -0.0129828 -0.015136 -0.0129828 0.000160918 -0.00815414 -0.015136 -0.00815414 0.00011374)
(0.0014835 -0.0129796 -0.0151356 -0.0129796 0.0001599 -0.00815212 -0.0151356 -0.00815212 0.00011475)
(0.00147187 -0.0129788 -0.0151378 -0.0129788 0.000160197 -0.0081516 -0.0151378 -0.0081516 0.000115382)
(0.00147756 -0.0129794 -0.015137 -0.0129794 0.000159913 -0.00815179 -0.015137 -0.00815179 0.000116046)
(0.0014905 -0.0129805 -0.0151341 -0.0129805 0.000159644 -0.0081526 -0.0151341 -0.0081526 0.000114967)
(0.0014929 -0.0129777 -0.0151331 -0.0129777 0.000158594 -0.00815089 -0.0151331 -0.00815089 0.000115617)
(0.00147982 -0.0129689 -0.0151353 -0.0129689 0.000156111 -0.00814525 -0.0151353 -0.00814525 0.000119077)
(0.00148101 -0.0129736 -0.0151345 -0.0129736 0.000157537 -0.00814818 -0.0151345 -0.00814818 0.00011758)
(0.00148071 -0.012978 -0.0151361 -0.012978 0.000159282 -0.00815094 -0.0151361 -0.00815094 0.000116459)
(0.00148655 -0.0129779 -0.0151349 -0.0129779 0.000158911 -0.00815084 -0.0151349 -0.00815084 0.000116402)
(0.0014857 -0.012979 -0.0151348 -0.012979 0.000159311 -0.00815159 -0.0151348 -0.00815159 0.00011582)
(0.00148318 -0.0129791 -0.0151364 -0.0129791 0.000159693 -0.00815166 -0.0151364 -0.00815166 0.000115905)
(0.0014802 -0.0129745 -0.0151381 -0.0129745 0.000158591 -0.00814876 -0.0151381 -0.00814876 0.00011772)
(0.0014774 -0.0129759 -0.0151365 -0.0129759 0.000158835 -0.00814968 -0.0151365 -0.00814968 0.000116778)
(0.00149277 -0.01298 -0.0151327 -0.01298 0.000159115 -0.00815221 -0.0151327 -0.00815221 0.000115146)
(0.00149738 -0.0129804 -0.0151332 -0.0129804 0.000159247 -0.00815247 -0.0151332 -0.00815247 0.000115313)
(0.00148369 -0.0129801 -0.0151356 -0.0129801 0.000159989 -0.00815241 -0.0151356 -0.00815241 0.000114798)
(0.00148602 -0.0129791 -0.0151338 -0.0129791 0.000159426 -0.00815187 -0.0151338 -0.00815187 0.000114452)
(0.00148345 -0.0129713 -0.0151315 -0.0129713 0.000156131 -0.00814681 -0.0151315 -0.00814681 0.00011795)
(0.00148577 -0.0129764 -0.0151344 -0.0129764 0.000158132 -0.00814977 -0.0151344 -0.00814977 0.000117637)
(0.00149559 -0.0129801 -0.0151345 -0.0129801 0.000159265 -0.00815216 -0.0151345 -0.00815216 0.000116376)
(0.00147611 -0.0129772 -0.0151394 -0.0129772 0.000159702 -0.00815042 -0.0151394 -0.00815042 0.000117203)
(0.00147231 -0.0129784 -0.015138 -0.0129784 0.000160099 -0.00815133 -0.015138 -0.00815133 0.000115674)
(0.0014675 -0.0129766 -0.0151386 -0.0129766 0.000159814 -0.00815032 -0.0151386 -0.00815032 0.000116075)
(0.00149029 -0.0129775 -0.0151324 -0.0129775 0.000158341 -0.0081507 -0.0151324 -0.0081507 0.000115906)
(0.00148816 -0.0129801 -0.0151343 -0.0129801 0.000159399 -0.00815221 -0.0151343 -0.00815221 0.000115763)
(0.0014688 -0.012985 -0.0151361 -0.012985 0.000161422 -0.00815548 -0.0151361 -0.00815548 0.000113415)
(0.00145869 -0.0129807 -0.0151407 -0.0129807 0.00016178 -0.00815311 -0.0151407 -0.00815311 0.000113927)
(0.00147449 -0.0129756 -0.015137 -0.0129756 0.000159021 -0.00814961 -0.015137 -0.00814961 0.000116433)
(0.00149301 -0.0129767 -0.0151317 -0.0129767 0.000157699 -0.00815002 -0.0151317 -0.00815002 0.00011689)
(0.00149506 -0.012981 -0.0151334 -0.012981 0.00015947 -0.00815283 -0.0151334 -0.00815283 0.000115226)
(0.00149507 -0.0129821 -0.0151336 -0.0129821 0.000160018 -0.00815371 -0.0151336 -0.00815371 0.000114005)
(0.00145989 -0.012981 -0.0151396 -0.012981 0.000161369 -0.00815307 -0.0151396 -0.00815307 0.000114647)
(0.00148257 -0.0129798 -0.0151352 -0.0129798 0.000159715 -0.00815215 -0.0151352 -0.00815215 0.000115356)
(4.9187e-05 -0.0128452 -0.0153996 -0.0128452 0.000125158 -0.00811833 -0.0153996 -0.00811833 8.97316e-05)
(-6.94734e-05 -0.0128205 -0.0154558 -0.0128205 7.164e-05 -0.0081159 -0.0154558 -0.0081159 6.3371e-05)
(0.000107029 -0.0128152 -0.0154261 -0.0128152 8.18732e-05 -0.00813797 -0.0154261 -0.00813797 3.17248e-05)
(-0.000126325 -0.01282 -0.0154552 -0.01282 9.67505e-05 -0.00810715 -0.0154552 -0.00810715 8.09058e-05)
(-0.000110187 -0.0128181 -0.0154534 -0.0128181 8.21199e-05 -0.00810976 -0.0154534 -0.00810976 7.63212e-05)
(0.000159646 -0.0128357 -0.0154236 -0.0128357 0.000123115 -0.00815022 -0.0154236 -0.00815022 3.35445e-05)
(-1.31342e-05 -0.0128162 -0.0154572 -0.0128162 7.24023e-05 -0.00810935 -0.0154572 -0.00810935 6.9338e-05)
(2.46888e-05 -0.0128018 -0.0154413 -0.0128018 3.3162e-05 -0.00811485 -0.0154413 -0.00811485 6.54015e-05)
(7.65707e-05 -0.0128012 -0.0154239 -0.0128012 3.23633e-05 -0.00813348 -0.0154239 -0.00813348 5.86662e-05)
(8.73641e-05 -0.0128082 -0.0154231 -0.0128082 3.55241e-05 -0.00813234 -0.0154231 -0.00813234 5.22085e-05)
(-8.40968e-05 -0.0128348 -0.0154436 -0.0128348 0.000104095 -0.00810941 -0.0154436 -0.00810941 8.50408e-05)
(5.37904e-07 -0.012801 -0.0154412 -0.012801 3.4091e-05 -0.00811546 -0.0154412 -0.00811546 6.55861e-05)
(0.000273908 -0.0128346 -0.0154166 -0.0128346 0.000124806 -0.00814358 -0.0154166 -0.00814358 4.1291e-05)
(9.11899e-05 -0.0128055 -0.0154231 -0.0128055 3.30071e-05 -0.00812244 -0.0154231 -0.00812244 8.59501e-05)
(4.06821e-05 -0.012808 -0.0154454 -0.012808 5.04938e-05 -0.00810925 -0.0154454 -0.00810925 7.71704e-05)
(-5.85e-06 -0.0128067 -0.0154479 -0.0128067 5.54564e-05 -0.00811065 -0.0154479 -0.00811065 7.49677e-05)
(6.69969e-05 -0.0127993 -0.0154266 -0.0127993 2.58691e-05 -0.00812971 -0.0154266 -0.00812971 4.96484e-05)
(0.000128885 -0.0128169 -0.0154221 -0.0128169 9.42893e-05 -0.00814476 -0.0154221 -0.00814476 4.0496e-05)
(0.000190886 -0.0128311 -0.0154231 -0.0128311 0.000119084 -0.00814628 -0.0154231 -0.00814628 3.7307e-05)
(0.000113946 -0.0128246 -0.0154182 -0.0128246 8.42399e-05 -0.00814646 -0.0154182 -0.00814646 5.12769e-05)
(-7.87977e-05 -0.0128322 -0.0154521 -0.0128322 0.000101429 -0.00810647 -0.0154521 -0.00810647 8.49862e-05)
(-8.21919e-05 -0.0128434 -0.0154323 -0.0128434 0.000107742 -0.00811386 -0.0154323 -0.00811386 8.63432e-05)
(-0.000120752 -0.012827 -0.0154569 -0.012827 9.55536e-05 -0.00810975 -0.0154569 -0.00810975 7.70608e-05)
(-0.000171404 -0.0128336 -0.0154413 -0.0128336 0.000112163 -0.00810926 -0.0154413 -0.00810926 8.42662e-05)
(3.1462e-05 -0.0127933 -0.015425 -0.0127933 2.6778e-05 -0.00811859 -0.015425 -0.00811859 8.38961e-05)
(0.000159685 -0.0128341 -0.0154203 -0.0128341 0.000118478 -0.0081491 -0.0154203 -0.0081491 3.91893e-05)
(4.75984e-05 -0.0128001 -0.0154382 -0.0128001 2.49688e-05 -0.00812298 -0.0154382 -0.00812298 4.81075e-05)
(0.000130668 -0.0128172 -0.0154257 -0.0128172 9.84841e-05 -0.00814339 -0.0154257 -0.00814339 3.38327e-05)
(6.65265e-05 -0.0127978 -0.0154237 -0.0127978 3.55304e-05 -0.00813899 -0.0154237 -0.00813899 5.20528e-05)
(0.000266944 -0.0128479 -0.0154315 -0.0128479 0.000130168 -0.0081467 -0.0154315 -0.0081467 2.80375e-05)
(-2.71393e-05 -0.0128191 -0.0154584 -0.0128191 8.27816e-05 -0.00810332 -0.0154584 -0.00810332 8.27929e-05)
(0.000273144 -0.012853 -0.0153568 -0.012853 0.000100849 -0.00812117 -0.0153568 -0.00812117 0.000101483)
(0.000441516 -0.0128654 -0.0152995 -0.0128654 9.95463e-05 -0.00813117 -0.0152995 -0.00813117 0.000112075)
(6.77055e-05 -0.0127962 -0.0154292 -0.0127962 3.2188e-05 -0.00813242 -0.0154292 -0.00813242 4.72192e-05)
(7.70908e-05 -0.012802 -0.015423 -0.012802 4.11833e-05 -0.00814116 -0.015423 -0.00814116 5.14298e-05)
(6.01052e-05 -0.0127928 -0.0154193 -0.0127928 2.60049e-05 -0.00812396 -0.0154193 -0.00812396 6.63684e-05)
(1.99091e-05 -0.0128445 -0.0154159 -0.0128445 0.00011189 -0.00811942 -0.0154159 -0.00811942 8.73518e-05)
(0.000498582 -0.0128667 -0.0152826 -0.0128667 0.000102369 -0.00813414 -0.0152826 -0.00813414 0.000114575)
(6.60923e-05 -0.0127997 -0.0154276 -0.0127997 3.07273e-05 -0.00813251 -0.0154276 -0.00813251 4.1457e-05)
(-0.000104706 -0.0128331 -0.0154457 -0.0128331 0.000107488 -0.00811147 -0.0154457 -0.00811147 8.10052e-05)
(-2.07737e-05 -0.0127981 -0.0154319 -0.0127981 4.53429e-05 -0.00811156 -0.0154319 -0.00811156 7.95589e-05)
(6.85241e-05 -0.0127908 -0.0154292 -0.0127908 4.05936e-05 -0.00813787 -0.0154292 -0.00813787 3.54821e-05)
(8.21594e-05 -0.0128108 -0.0154275 -0.0128108 5.69649e-05 -0.00813462 -0.0154275 -0.00813462 3.00195e-05)
(-3.254e-05 -0.0127979 -0.0154344 -0.0127979 5.48799e-05 -0.00811466 -0.0154344 -0.00811466 8.08378e-05)
(-0.000147763 -0.0128217 -0.0154558 -0.0128217 8.66651e-05 -0.00810873 -0.0154558 -0.00810873 7.91231e-05)
(0.000184955 -0.0128354 -0.0154276 -0.0128354 0.000126649 -0.00814891 -0.0154276 -0.00814891 3.01284e-05)
(7.35578e-05 -0.0128111 -0.0154259 -0.0128111 4.21624e-05 -0.00813507 -0.0154259 -0.00813507 3.17057e-05)
(2.38117e-05 -0.0127999 -0.0154403 -0.0127999 2.96172e-05 -0.00811796 -0.0154403 -0.00811796 5.80606e-05)
(9.15063e-06 -0.012799 -0.0154372 -0.012799 3.63155e-05 -0.00811249 -0.0154372 -0.00811249 7.69582e-05)
(8.69712e-05 -0.0128052 -0.0154189 -0.0128052 3.16144e-05 -0.008132 -0.0154189 -0.008132 6.43477e-05)
(-0.000100131 -0.0128256 -0.0154557 -0.0128256 9.78078e-05 -0.00810596 -0.0154557 -0.00810596 8.32234e-05)
(-8.53383e-05 -0.0128194 -0.0154559 -0.0128194 6.77569e-05 -0.00811116 -0.0154559 -0.00811116 6.97593e-05)
(8.15638e-05 -0.0127988 -0.0154209 -0.0127988 4.2041e-05 -0.00814211 -0.0154209 -0.00814211 7.6263e-05)
(4.67918e-05 -0.0128 -0.0154356 -0.0128 4.67716e-05 -0.00810726 -0.0154356 -0.00810726 9.52194e-05)
(-7.28702e-05 -0.0128251 -0.0154621 -0.0128251 9.19447e-05 -0.0081004 -0.0154621 -0.0081004 8.72502e-05)
(-0.000131428 -0.0128278 -0.0154547 -0.0128278 9.93061e-05 -0.00810557 -0.0154547 -0.00810557 8.38674e-05)
(7.2531e-05 -0.0127971 -0.0154268 -0.0127971 4.18788e-05 -0.00813952 -0.0154268 -0.00813952 4.3325e-05)
(0.000192876 -0.0128264 -0.0154241 -0.0128264 0.000119829 -0.00814717 -0.0154241 -0.00814717 3.46502e-05)
(0.000131588 -0.0128191 -0.0154167 -0.0128191 9.38084e-05 -0.00814581 -0.0154167 -0.00814581 5.6085e-05)
(0.00010247 -0.0128145 -0.0154173 -0.0128145 5.23383e-05 -0.00814234 -0.0154173 -0.00814234 6.35443e-05)
(7.36139e-05 -0.0127977 -0.0154234 -0.0127977 3.01836e-05 -0.00811783 -0.0154234 -0.00811783 6.80077e-05)
(-4.27288e-05 -0.0128163 -0.0154568 -0.0128163 7.11178e-05 -0.00811269 -0.0154568 -0.00811269 6.92727e-05)
(-8.82245e-05 -0.0128381 -0.0154347 -0.0128381 0.000112052 -0.00811802 -0.0154347 -0.00811802 8.10306e-05)
(-8.56869e-06 -0.0127964 -0.0154327 -0.0127964 3.58615e-05 -0.00811514 -0.0154327 -0.00811514 7.37139e-05)
(-0.000168185 -0.0128215 -0.0154573 -0.0128215 8.68662e-05 -0.0081032 -0.0154573 -0.0081032 8.62499e-05)
(4.56732e-05 -0.0127955 -0.0154262 -0.0127955 2.66862e-05 -0.00811851 -0.0154262 -0.00811851 6.90331e-05)
(7.14265e-05 -0.0128028 -0.0154291 -0.0128028 3.48858e-05 -0.00813271 -0.0154291 -0.00813271 3.54972e-05)
(1.14268e-05 -0.0128022 -0.0154445 -0.0128022 3.62386e-05 -0.00811997 -0.0154445 -0.00811997 5.52023e-05)
(-2.96266e-05 -0.012797 -0.0154343 -0.012797 4.16956e-05 -0.00811717 -0.0154343 -0.00811717 7.20776e-05)
(0.000164985 -0.0128375 -0.0154255 -0.0128375 0.000126844 -0.0081497 -0.0154255 -0.0081497 3.22178e-05)
(1.86725e-05 -0.0128169 -0.0154566 -0.0128169 8.7493e-05 -0.00810046 -0.0154566 -0.00810046 8.64568e-05)
(0.000484746 -0.0128607 -0.0152948 -0.0128607 0.000100823 -0.00813011 -0.0152948 -0.00813011 0.000109133)
(-0.000137457 -0.012849 -0.0154211 -0.012849 0.000121659 -0.00812103 -0.0154211 -0.00812103 7.85548e-05)
(2.75816e-05 -0.012794 -0.015438 -0.012794 2.0081e-05 -0.00812159 -0.015438 -0.00812159 5.14206e-05)
(2.99359e-05 -0.0127903 -0.0154251 -0.0127903 2.66327e-05 -0.0081236 -0.0154251 -0.0081236 6.46622e-05)
(8.68145e-05 -0.0128034 -0.0154154 -0.0128034 4.60077e-05 -0.0081464 -0.0154154 -0.0081464 6.70615e-05)
(2.45351e-05 -0.0128024 -0.0154457 -0.0128024 5.87666e-05 -0.00812033 -0.0154457 -0.00812033 6.51473e-05)
(0.000136139 -0.0128588 -0.0153605 -0.0128588 0.000114893 -0.00812619 -0.0153605 -0.00812619 9.81094e-05)
(1.64713e-05 -0.0127963 -0.0154361 -0.0127963 2.60596e-05 -0.00812075 -0.0154361 -0.00812075 5.27518e-05)
(-8.54379e-05 -0.0128303 -0.015449 -0.0128303 0.000104072 -0.00810667 -0.015449 -0.00810667 8.36729e-05)
(0.000105327 -0.012804 -0.0154171 -0.012804 6.60277e-05 -0.00815533 -0.0154171 -0.00815533 9.54976e-05)
(0.000153534 -0.0128118 -0.0154233 -0.0128118 0.000109793 -0.00814908 -0.0154233 -0.00814908 3.881e-05)
(7.48367e-05 -0.0128072 -0.0154267 -0.0128072 3.78495e-05 -0.00813255 -0.0154267 -0.00813255 3.9434e-05)
(8.59147e-05 -0.0128043 -0.0154181 -0.0128043 3.42164e-05 -0.0081365 -0.0154181 -0.0081365 6.42623e-05)
(-5.66134e-06 -0.0128004 -0.0154394 -0.0128004 3.56605e-05 -0.0081109 -0.0154394 -0.0081109 8.98132e-05)
(-4.30597e-05 -0.0128078 -0.0154463 -0.0128078 5.5369e-05 -0.00811664 -0.0154463 -0.00811664 6.45163e-05)
(7.21836e-05 -0.012816 -0.015428 -0.012816 6.82023e-05 -0.00814199 -0.015428 -0.00814199 2.61903e-05)
(6.27245e-05 -0.0127994 -0.0154306 -0.0127994 2.71471e-05 -0.00813039 -0.0154306 -0.00813039 3.72427e-05)
(-3.12997e-05 -0.0128075 -0.0154476 -0.0128075 5.50184e-05 -0.00810593 -0.0154476 -0.00810593 8.51127e-05)
(8.80784e-05 -0.0127997 -0.0154137 -0.0127997 2.81981e-05 -0.00812858 -0.0154137 -0.00812858 9.06507e-05)
(-1.93492e-05 -0.0128037 -0.0154461 -0.0128037 6.14253e-05 -0.00810659 -0.0154461 -0.00810659 8.5502e-05)
(-7.92367e-05 -0.0128221 -0.0154582 -0.0128221 6.93627e-05 -0.0081097 -0.0154582 -0.0081097 7.19066e-05)
(3.5135e-05 -0.0127962 -0.0154324 -0.0127962 2.56221e-05 -0.00811871 -0.0154324 -0.00811871 7.20237e-05)
(9.08997e-05 -0.0127983 -0.015411 -0.0127983 3.35357e-05 -0.00813804 -0.015411 -0.00813804 9.12318e-05)
(-4.73952e-05 -0.0128115 -0.0154555 -0.0128115 7.78718e-05 -0.00810112 -0.0154555 -0.00810112 9.10052e-05)
(-0.000153812 -0.012826 -0.0154572 -0.012826 9.75043e-05 -0.00810359 -0.0154572 -0.00810359 8.51237e-05)
(5.18758e-05 -0.0127863 -0.0154283 -0.0127863 2.6228e-05 -0.00813483 -0.0154283 -0.00813483 4.99851e-05)
(0.000152483 -0.0128183 -0.0154217 -0.0128183 0.000112824 -0.00814967 -0.0154217 -0.00814967 3.89868e-05)
(9.9362e-05 -0.0128097 -0.0154186 -0.0128097 5.56639e-05 -0.00814179 -0.0154186 -0.00814179 7.16231e-05)
(7.83942e-05 -0.0127947 -0.0154137 -0.0127947 2.67656e-05 -0.00813153 -0.0154137 -0.00813153 7.69793e-05)
(0.000111764 -0.0128321 -0.01542 -0.0128321 0.00010966 -0.00815323 -0.01542 -0.00815323 4.04632e-05)
(0.000107779 -0.0128201 -0.0154244 -0.0128201 9.00072e-05 -0.00814644 -0.0154244 -0.00814644 3.57361e-05)
(-8.55045e-05 -0.0128397 -0.0154407 -0.0128397 0.000113494 -0.00812577 -0.0154407 -0.00812577 7.40402e-05)
(0.000197282 -0.0128252 -0.0154194 -0.0128252 0.000124785 -0.0081486 -0.0154194 -0.0081486 3.95818e-05)
(-1.09722e-05 -0.0127977 -0.0154314 -0.0127977 3.81834e-05 -0.00811289 -0.0154314 -0.00811289 8.52249e-05)
(0.000284475 -0.0128566 -0.0153487 -0.0128566 0.000117372 -0.00812708 -0.0153487 -0.00812708 9.99361e-05)
(3.87894e-05 -0.0127941 -0.0154323 -0.0127941 2.22375e-05 -0.00812524 -0.0154323 -0.00812524 4.8097e-05)
(-8.04176e-05 -0.0128435 -0.0154257 -0.0128435 0.000113469 -0.00811881 -0.0154257 -0.00811881 8.40519e-05)
(-0.000175955 -0.012826 -0.0154542 -0.012826 9.92022e-05 -0.00811022 -0.0154542 -0.00811022 7.89456e-05)
(4.10012e-05 -0.0127955 -0.0154322 -0.0127955 2.98061e-05 -0.00812025 -0.0154322 -0.00812025 6.56743e-05)
(0.000122384 -0.0128019 -0.0154274 -0.0128019 5.56284e-05 -0.00810585 -0.0154274 -0.00810585 9.07677e-05)
(-7.15468e-05 -0.012816 -0.0154572 -0.012816 8.88455e-05 -0.00810103 -0.0154572 -0.00810103 8.47884e-05)
(3.42349e-05 -0.0127869 -0.0154326 -0.0127869 1.77506e-05 -0.00812832 -0.0154326 -0.00812832 3.5434e-05)
(3.36964e-05 -0.0127901 -0.0154361 -0.0127901 1.75936e-05 -0.00812496 -0.0154361 -0.00812496 4.47879e-05)
(-1.97895e-05 -0.0128017 -0.0154422 -0.0128017 4.74849e-05 -0.0081183 -0.0154422 -0.0081183 6.80932e-05)
(5.50381e-05 -0.0127899 -0.0154136 -0.0127899 2.90947e-05 -0.00812381 -0.0154136 -0.00812381 7.62608e-05)
(6.05417e-05 -0.0127937 -0.0154311 -0.0127937 3.92309e-05 -0.00812383 -0.0154311 -0.00812383 6.18455e-05)
(-0.000125116 -0.0128434 -0.0154245 -0.0128434 0.000114724 -0.0081151 -0.0154245 -0.0081151 8.47718e-05)
(-2.42263e-05 -0.0128068 -0.0154468 -0.0128068 4.5785e-05 -0.00811647 -0.0154468 -0.00811647 6.22822e-05)
(-2.57579e-06 -0.0128094 -0.0154498 -0.0128094 6.97524e-05 -0.00810098 -0.0154498 -0.00810098 9.01286e-05)
(7.10656e-05 -0.0127944 -0.0154224 -0.0127944 3.69512e-05 -0.00814299 -0.0154224 -0.00814299 8.87394e-05)
(0.000148404 -0.0128126 -0.0154175 -0.0128126 0.000104718 -0.00814959 -0.0154175 -0.00814959 5.33545e-05)
(5.57325e-05 -0.0127967 -0.0154275 -0.0127967 2.19928e-05 -0.00812694 -0.0154275 -0.00812694 5.00817e-05)
(0.000101884 -0.0128141 -0.0154177 -0.0128141 4.74619e-05 -0.00813909 -0.0154177 -0.00813909 6.52204e-05)
(8.40385e-05 -0.0127988 -0.0154205 -0.0127988 3.28205e-05 -0.0081359 -0.0154205 -0.0081359 0.000100852)
(0.000283263 -0.0128562 -0.0153414 -0.0128562 0.000116991 -0.00812504 -0.0153414 -0.00812504 0.000101556)
(3.29025e-05 -0.0127888 -0.0154273 -0.0127888 2.57059e-05 -0.00813299 -0.0154273 -0.00813299 3.81644e-05)
(7.12937e-05 -0.0128029 -0.0154265 -0.0128029 3.87666e-05 -0.00813678 -0.0154265 -0.00813678 3.87349e-05)
(-3.14545e-05 -0.0128106 -0.0154502 -0.0128106 6.18634e-05 -0.00810294 -0.0154502 -0.00810294 8.79894e-05)
(6.85238e-05 -0.0127965 -0.0154177 -0.0127965 3.24159e-05 -0.00811733 -0.0154177 -0.00811733 0.000107823)
(4.07946e-05 -0.0127936 -0.0154236 -0.0127936 3.25886e-05 -0.00811414 -0.0154236 -0.00811414 8.8962e-05)
(3.23198e-05 -0.0127938 -0.0154371 -0.0127938 2.13957e-05 -0.00812037 -0.0154371 -0.00812037 6.38379e-05)
(3.74958e-06 -0.0127923 -0.0154321 -0.0127923 2.7393e-05 -0.00812006 -0.0154321 -0.00812006 6.77402e-05)
(0.000113457 -0.0128119 -0.0154097 -0.0128119 6.19917e-05 -0.00815239 -0.0154097 -0.00815239 8.94557e-05)
(4.8432e-05 -0.0127918 -0.0154172 -0.0127918 3.26595e-05 -0.00811546 -0.0154172 -0.00811546 9.74892e-05)
(-9.99293e-06 -0.0127998 -0.0154394 -0.0127998 3.82917e-05 -0.00811068 -0.0154394 -0.00811068 8.47341e-05)
(-3.12638e-05 -0.0128027 -0.0154423 -0.0128027 3.92012e-05 -0.00811298 -0.0154423 -0.00811298 7.60256e-05)
(4.66395e-05 -0.0127894 -0.0154235 -0.0127894 2.5229e-05 -0.00813353 -0.0154235 -0.00813353 6.20079e-05)
(5.63512e-05 -0.0127943 -0.015422 -0.0127943 2.29973e-05 -0.00812733 -0.015422 -0.00812733 6.91428e-05)
(7.78442e-05 -0.0127956 -0.0154131 -0.0127956 2.88808e-05 -0.00813422 -0.0154131 -0.00813422 8.15159e-05)
(0.000133221 -0.0128328 -0.0154211 -0.0128328 0.000120596 -0.00815231 -0.0154211 -0.00815231 3.72721e-05)
(0.000169951 -0.0128408 -0.0154317 -0.0128408 0.000126671 -0.00814806 -0.0154317 -0.00814806 3.15183e-05)
(-6.7215e-05 -0.0128176 -0.0154575 -0.0128176 7.25061e-05 -0.00812962 -0.0154575 -0.00812962 5.81085e-05)
(0.000212947 -0.0128239 -0.0154186 -0.0128239 0.000123695 -0.00814717 -0.0154186 -0.00814717 4.14811e-05)
(0.000102512 -0.0128117 -0.0154149 -0.0128117 5.76513e-05 -0.00815009 -0.0154149 -0.00815009 7.53542e-05)
(0.000418415 -0.0128654 -0.0153237 -0.0128654 0.000118087 -0.00813454 -0.0153237 -0.00813454 0.000105101)
(-8.76018e-05 -0.0128164 -0.0154532 -0.0128164 7.43318e-05 -0.00811725 -0.0154532 -0.00811725 6.57788e-05)
(-5.69175e-05 -0.0128155 -0.0154543 -0.0128155 7.49779e-05 -0.00811552 -0.0154543 -0.00811552 6.56119e-05)
(-7.1493e-05 -0.0128111 -0.015451 -0.0128111 5.98201e-05 -0.00811253 -0.015451 -0.00811253 7.10803e-05)
(-6.93483e-05 -0.0128186 -0.0154552 -0.0128186 9.0098e-05 -0.00810951 -0.0154552 -0.00810951 8.07701e-05)
(0.000106584 -0.0127962 -0.0154118 -0.0127962 3.27727e-05 -0.0081159 -0.0154118 -0.0081159 9.35355e-05)
(9.89844e-05 -0.0128082 -0.0154152 -0.0128082 4.60938e-05 -0.00814422 -0.0154152 -0.00814422 7.8727e-05)
(7.33663e-05 -0.0127929 -0.0154291 -0.0127929 5.1275e-05 -0.00813771 -0.0154291 -0.00813771 3.15496e-05)
(6.95351e-05 -0.0127909 -0.0154297 -0.0127909 4.03996e-05 -0.00813792 -0.0154297 -0.00813792 4.05781e-05)
(2.38151e-05 -0.0127962 -0.0154398 -0.0127962 3.33243e-05 -0.00812633 -0.0154398 -0.00812633 5.44756e-05)
(4.4235e-05 -0.0127941 -0.0154256 -0.0127941 3.53267e-05 -0.00811774 -0.0154256 -0.00811774 7.59747e-05)
(3.4474e-05 -0.0128002 -0.0154407 -0.0128002 6.92656e-05 -0.00811541 -0.0154407 -0.00811541 7.483e-05)
(-0.000109038 -0.0128423 -0.0154171 -0.0128423 0.000115251 -0.00811098 -0.0154171 -0.00811098 8.96708e-05)
(-3.20728e-05 -0.012804 -0.0154444 -0.012804 4.23329e-05 -0.00811242 -0.0154444 -0.00811242 7.2717e-05)
(7.43156e-05 -0.012801 -0.0154227 -0.012801 3.37949e-05 -0.00811689 -0.0154227 -0.00811689 0.000106506)
(-1.42266e-05 -0.012803 -0.015444 -0.012803 3.80519e-05 -0.00811793 -0.015444 -0.00811793 5.60647e-05)
(6.06703e-05 -0.0127936 -0.0154267 -0.0127936 2.56866e-05 -0.00812935 -0.0154267 -0.00812935 8.16812e-05)
(3.30048e-05 -0.0127888 -0.0154238 -0.0127888 2.36672e-05 -0.00812453 -0.0154238 -0.00812453 6.05067e-05)
(5.83067e-05 -0.0127943 -0.0154259 -0.0127943 2.75427e-05 -0.00812007 -0.0154259 -0.00812007 7.02452e-05)
(5.31345e-05 -0.0127954 -0.015424 -0.0127954 2.70504e-05 -0.00811808 -0.015424 -0.00811808 8.20155e-05)
(0.000266016 -0.012851 -0.0153492 -0.012851 0.000111593 -0.00812111 -0.0153492 -0.00812111 9.94471e-05)
(-9.47276e-05 -0.012816 -0.0154512 -0.012816 7.07588e-05 -0.00812127 -0.0154512 -0.00812127 5.89398e-05)
(-0.000120998 -0.0128129 -0.0154553 -0.0128129 8.5152e-05 -0.00810425 -0.0154553 -0.00810425 8.12882e-05)
(-0.000125548 -0.0128323 -0.0154412 -0.0128323 0.000107034 -0.00810558 -0.0154412 -0.00810558 8.64723e-05)
(-7.14701e-05 -0.0128111 -0.015456 -0.0128111 7.84105e-05 -0.00809776 -0.015456 -0.00809776 9.51018e-05)
(7.30319e-05 -0.0127957 -0.0154145 -0.0127957 2.72852e-05 -0.00812922 -0.0154145 -0.00812922 9.72471e-05)
(6.38566e-05 -0.0127856 -0.0154289 -0.0127856 3.04257e-05 -0.00813864 -0.0154289 -0.00813864 6.95915e-05)
(-1.29429e-05 -0.0127951 -0.015436 -0.0127951 3.23827e-05 -0.00812072 -0.015436 -0.00812072 6.3172e-05)
(0.000103792 -0.012803 -0.0154083 -0.012803 4.22053e-05 -0.00814532 -0.0154083 -0.00814532 9.77673e-05)
(8.55128e-05 -0.0127953 -0.0154058 -0.0127953 3.47543e-05 -0.00813961 -0.0154058 -0.00813961 0.000106849)
(9.18513e-05 -0.0128011 -0.0154189 -0.0128011 5.86894e-05 -0.0081507 -0.0154189 -0.0081507 8.11726e-05)
(-0.000114837 -0.0128172 -0.0154556 -0.0128172 6.81872e-05 -0.00810291 -0.0154556 -0.00810291 9.09781e-05)
(-0.000141075 -0.0128182 -0.0154541 -0.0128182 7.89678e-05 -0.00810566 -0.0154541 -0.00810566 8.1811e-05)
(-1.96786e-05 -0.0127995 -0.0154401 -0.0127995 4.67633e-05 -0.0081145 -0.0154401 -0.0081145 7.54065e-05)
(8.58038e-05 -0.0127997 -0.0154141 -0.0127997 3.3128e-05 -0.00813766 -0.0154141 -0.00813766 8.48642e-05)
(0.000119936 -0.0128259 -0.0154185 -0.0128259 0.000107119 -0.00815349 -0.0154185 -0.00815349 4.52474e-05)
(9.55386e-05 -0.0128268 -0.0154305 -0.0128268 9.66774e-05 -0.00814494 -0.0154305 -0.00814494 3.27442e-05)
(-1.13522e-05 -0.0127987 -0.0154499 -0.0127987 3.90597e-05 -0.00813173 -0.0154499 -0.00813173 5.23931e-05)
(4.64411e-05 -0.0127902 -0.0154288 -0.0127902 2.21493e-05 -0.00812684 -0.0154288 -0.00812684 7.56032e-05)
(0.000113067 -0.0128172 -0.0154137 -0.0128172 5.0573e-05 -0.00814139 -0.0154137 -0.00814139 6.78986e-05)
(-8.57457e-05 -0.0128194 -0.0154541 -0.0128194 9.43738e-05 -0.00811134 -0.0154541 -0.00811134 7.72729e-05)
(-0.000163096 -0.0128312 -0.0154523 -0.0128312 0.000101102 -0.00811437 -0.0154523 -0.00811437 7.36602e-05)
(8.23263e-05 -0.0128081 -0.0154265 -0.0128081 6.18782e-05 -0.00814429 -0.0154265 -0.00814429 3.37661e-05)
(8.30931e-05 -0.0128002 -0.0154259 -0.0128002 5.71662e-05 -0.00814575 -0.0154259 -0.00814575 4.59801e-05)
(1.07308e-05 -0.0127957 -0.0154345 -0.0127957 3.85191e-05 -0.00811374 -0.0154345 -0.00811374 7.89592e-05)
(8.01692e-05 -0.0127908 -0.0154089 -0.0127908 3.00802e-05 -0.00811866 -0.0154089 -0.00811866 9.70259e-05)
(-2.94374e-05 -0.0128063 -0.0154465 -0.0128063 6.34623e-05 -0.00810337 -0.0154465 -0.00810337 9.10182e-05)
(5.9184e-05 -0.0127864 -0.0154305 -0.0127864 2.73401e-05 -0.00813404 -0.0154305 -0.00813404 4.42686e-05)
(7.16895e-05 -0.0127914 -0.0154284 -0.0127914 5.21934e-05 -0.00814547 -0.0154284 -0.00814547 4.90736e-05)
(7.7941e-05 -0.0128061 -0.0154325 -0.0128061 5.63473e-05 -0.00813833 -0.0154325 -0.00813833 3.1473e-05)
(0.000111481 -0.0128109 -0.0154124 -0.0128109 4.67427e-05 -0.00814282 -0.0154124 -0.00814282 8.06165e-05)
(7.45195e-05 -0.0128129 -0.0154506 -0.0128129 8.82549e-05 -0.00810305 -0.0154506 -0.00810305 8.75788e-05)
(-8.45848e-05 -0.0128148 -0.0154568 -0.0128148 6.94198e-05 -0.0081011 -0.0154568 -0.0081011 8.50642e-05)
(3.9467e-05 -0.0127839 -0.015428 -0.0127839 2.361e-05 -0.00813198 -0.015428 -0.00813198 8.24554e-05)
(6.34759e-05 -0.0127929 -0.0154141 -0.0127929 2.79941e-05 -0.00812612 -0.0154141 -0.00812612 9.96739e-05)
(1.61097e-05 -0.0127957 -0.015438 -0.0127957 2.43191e-05 -0.00812387 -0.015438 -0.00812387 4.45264e-05)
(-0.000120128 -0.012817 -0.0154562 -0.012817 7.20375e-05 -0.00810373 -0.0154562 -0.00810373 8.28315e-05)
(-3.94275e-05 -0.0127956 -0.0154288 -0.0127956 5.008e-05 -0.00811938 -0.0154288 -0.00811938 7.40773e-05)
(5.74197e-05 -0.0127946 -0.015427 -0.0127946 3.26462e-05 -0.00813753 -0.015427 -0.00813753 4.48446e-05)
(5.51874e-05 -0.0127906 -0.0154209 -0.0127906 2.37893e-05 -0.00812774 -0.0154209 -0.00812774 6.31529e-05)
(0.000154721 -0.0128435 -0.0153809 -0.0128435 0.000105644 -0.0081159 -0.0153809 -0.0081159 9.60016e-05)
(-2.0998e-05 -0.0128467 -0.0154135 -0.0128467 0.000118241 -0.00812172 -0.0154135 -0.00812172 8.17287e-05)
(-9.87772e-05 -0.0128277 -0.0154429 -0.0128277 0.000110898 -0.00810757 -0.0154429 -0.00810757 8.21722e-05)
(6.37837e-06 -0.0128374 -0.0154128 -0.0128374 0.000110496 -0.00811192 -0.0154128 -0.00811192 8.99618e-05)
(-0.000176678 -0.012822 -0.0154652 -0.012822 9.84165e-05 -0.00809693 -0.0154652 -0.00809693 8.69466e-05)
(8.73424e-05 -0.0128018 -0.0154163 -0.0128018 4.09474e-05 -0.0081436 -0.0154163 -0.0081436 9.92857e-05)
(6.34031e-05 -0.012786 -0.0154264 -0.012786 3.3069e-05 -0.00814148 -0.0154264 -0.00814148 8.33129e-05)
(-5.77249e-05 -0.0128149 -0.0154516 -0.0128149 6.00598e-05 -0.00811997 -0.0154516 -0.00811997 6.38639e-05)
(5.38667e-05 -0.0127893 -0.0154104 -0.0127893 2.87584e-05 -0.00812249 -0.0154104 -0.00812249 8.82823e-05)
(9.3032e-05 -0.0127999 -0.0154074 -0.0127999 4.54897e-05 -0.00815117 -0.0154074 -0.00815117 0.000130451)
(0.00015925 -0.0128175 -0.0154007 -0.0128175 0.000114246 -0.00814778 -0.0154007 -0.00814778 7.92605e-05)
(1.3748e-05 -0.0127953 -0.0154294 -0.0127953 3.11411e-05 -0.00811476 -0.0154294 -0.00811476 9.9265e-05)
(-0.000232438 -0.0128306 -0.0154542 -0.0128306 0.000113903 -0.00810339 -0.0154542 -0.00810339 8.45202e-05)
(-0.000121723 -0.0128154 -0.0154516 -0.0128154 7.86236e-05 -0.00811037 -0.0154516 -0.00811037 7.93077e-05)
(4.23949e-05 -0.0127918 -0.0154198 -0.0127918 2.65382e-05 -0.00812005 -0.0154198 -0.00812005 9.02995e-05)
(9.18314e-05 -0.0128076 -0.0154184 -0.0128076 5.29242e-05 -0.00814786 -0.0154184 -0.00814786 6.58938e-05)
(8.49686e-05 -0.012803 -0.015431 -0.012803 3.19164e-05 -0.00813499 -0.015431 -0.00813499 4.09693e-05)
(4.53658e-05 -0.0127911 -0.0154394 -0.0127911 3.55096e-05 -0.00813376 -0.0154394 -0.00813376 3.83886e-05)
(-5.34578e-05 -0.012813 -0.0154529 -0.012813 5.54459e-05 -0.00810842 -0.0154529 -0.00810842 7.56571e-05)
(0.000111877 -0.0128123 -0.015417 -0.0128123 3.64471e-05 -0.00813011 -0.015417 -0.00813011 6.82543e-05)
(5.70428e-05 -0.0127975 -0.0154271 -0.0127975 3.89608e-05 -0.00811031 -0.0154271 -0.00811031 8.67126e-05)
(-0.000171051 -0.0128313 -0.0154539 -0.0128313 9.87155e-05 -0.00811032 -0.0154539 -0.00811032 7.66669e-05)
(1.51702e-05 -0.0127911 -0.0154325 -0.0127911 2.23286e-05 -0.00812591 -0.0154325 -0.00812591 3.99154e-05)
(0.000119333 -0.012817 -0.0154244 -0.012817 9.74964e-05 -0.00814912 -0.0154244 -0.00814912 3.48854e-05)
(8.21075e-05 -0.0128051 -0.0154196 -0.0128051 5.022e-05 -0.00814595 -0.0154196 -0.00814595 6.08751e-05)
(9.96182e-05 -0.0127908 -0.0154064 -0.0127908 3.30946e-05 -0.00811736 -0.0154064 -0.00811736 9.57267e-05)
(-0.000134702 -0.0128195 -0.0154583 -0.0128195 9.55598e-05 -0.00810153 -0.0154583 -0.00810153 8.51545e-05)
(5.55368e-06 -0.0127957 -0.0154418 -0.0127957 2.48527e-05 -0.00811727 -0.0154418 -0.00811727 6.3358e-05)
(4.13751e-05 -0.0127834 -0.0154283 -0.0127834 2.79983e-05 -0.0081376 -0.0154283 -0.0081376 5.61634e-05)
(8.89408e-05 -0.0128121 -0.0154324 -0.0128121 7.40326e-05 -0.00813894 -0.0154324 -0.00813894 2.99738e-05)
(0.000119568 -0.0128054 -0.0154085 -0.0128054 3.09908e-05 -0.00812934 -0.0154085 -0.00812934 8.52016e-05)
(0.000123145 -0.0128227 -0.0154519 -0.0128227 9.34762e-05 -0.0081015 -0.0154519 -0.0081015 8.68058e-05)
(0.000101799 -0.0127987 -0.0154253 -0.0127987 6.87872e-05 -0.0081477 -0.0154253 -0.0081477 5.65156e-05)
(6.21394e-05 -0.0127842 -0.0154275 -0.0127842 3.37874e-05 -0.00814169 -0.0154275 -0.00814169 7.01596e-05)
(1.36117e-05 -0.0127893 -0.0154225 -0.0127893 3.68477e-05 -0.00811852 -0.0154225 -0.00811852 7.49613e-05)
(8.04821e-05 -0.0127985 -0.0154286 -0.0127985 5.17749e-05 -0.00813751 -0.0154286 -0.00813751 3.11438e-05)
(-4.18071e-05 -0.0128014 -0.0154391 -0.0128014 4.30629e-05 -0.00810969 -0.0154391 -0.00810969 8.48854e-05)
(-9.95427e-05 -0.0128084 -0.0154433 -0.0128084 6.68455e-05 -0.00811569 -0.0154433 -0.00811569 7.41974e-05)
(9.36395e-05 -0.0128236 -0.0154295 -0.0128236 0.000114116 -0.00815017 -0.0154295 -0.00815017 3.64589e-05)
(0.000105846 -0.012821 -0.0154182 -0.012821 7.33856e-05 -0.0081514 -0.0154182 -0.0081514 5.58717e-05)
(-5.84873e-05 -0.0128147 -0.015455 -0.0128147 8.37803e-05 -0.00810666 -0.015455 -0.00810666 8.46783e-05)
(-0.000146731 -0.0128386 -0.0154327 -0.0128386 0.000109769 -0.00810826 -0.0154327 -0.00810826 8.65462e-05)
(3.08553e-05 -0.0127889 -0.0154188 -0.0127889 2.58529e-05 -0.00812126 -0.0154188 -0.00812126 7.47165e-05)
(2.33404e-05 -0.0127913 -0.0154244 -0.0127913 2.63772e-05 -0.00811887 -0.0154244 -0.00811887 7.82803e-05)
(-5.96763e-05 -0.0128126 -0.0154538 -0.0128126 6.32699e-05 -0.00810096 -0.0154538 -0.00810096 9.22938e-05)
(5.65922e-05 -0.0127936 -0.0154213 -0.0127936 2.69265e-05 -0.00813374 -0.0154213 -0.00813374 8.05425e-05)
(4.64983e-05 -0.012787 -0.0154243 -0.012787 2.70613e-05 -0.00813587 -0.0154243 -0.00813587 8.01719e-05)
(-1.39863e-05 -0.0128029 -0.0154434 -0.0128029 4.07536e-05 -0.00812078 -0.0154434 -0.00812078 5.92678e-05)
(3.71109e-05 -0.0127882 -0.0154142 -0.0127882 2.75054e-05 -0.00812223 -0.0154142 -0.00812223 8.62957e-05)
(7.77357e-05 -0.0128003 -0.015418 -0.0128003 4.20595e-05 -0.00814692 -0.015418 -0.00814692 0.000143313)
(0.000121103 -0.012807 -0.0154063 -0.012807 8.18007e-05 -0.00815376 -0.0154063 -0.00815376 0.00010153)
(6.40835e-05 -0.0127951 -0.0154192 -0.0127951 2.4748e-05 -0.00812655 -0.0154192 -0.00812655 8.1882e-05)
(-0.000176433 -0.0128198 -0.015459 -0.0128198 9.2419e-05 -0.00810087 -0.015459 -0.00810087 8.58553e-05)
(-0.000105618 -0.0128086 -0.0154465 -0.0128086 6.48839e-05 -0.00810911 -0.0154465 -0.00810911 8.00489e-05)
(-9.01796e-06 -0.012799 -0.0154345 -0.012799 4.18558e-05 -0.00810879 -0.0154345 -0.00810879 9.75005e-05)
(4.19593e-05 -0.0127948 -0.0154262 -0.0127948 2.89243e-05 -0.00811862 -0.0154262 -0.00811862 7.13584e-05)
(2.01952e-05 -0.0127986 -0.0154447 -0.0127986 5.42838e-05 -0.00812637 -0.0154447 -0.00812637 6.37726e-05)
(0.000180182 -0.0128278 -0.0154398 -0.0128278 0.000120858 -0.00814353 -0.0154398 -0.00814353 3.79336e-05)
(-2.98923e-06 -0.0128039 -0.0154458 -0.0128039 3.64721e-05 -0.00811675 -0.0154458 -0.00811675 6.10907e-05)
(0.000100946 -0.0128019 -0.0154144 -0.0128019 2.99304e-05 -0.00812188 -0.0154144 -0.00812188 9.23971e-05)
(7.58421e-05 -0.0128019 -0.0154294 -0.0128019 4.8216e-05 -0.00810662 -0.0154294 -0.00810662 9.69779e-05)
(6.67417e-05 -0.0127915 -0.0154252 -0.0127915 3.76097e-05 -0.00814121 -0.0154252 -0.00814121 6.97062e-05)
(-0.000126556 -0.0128626 -0.0154105 -0.0128626 0.000129815 -0.00813457 -0.0154105 -0.00813457 7.18789e-05)
(5.52548e-05 -0.0127927 -0.0154311 -0.0127927 3.66024e-05 -0.0081335 -0.0154311 -0.0081335 2.28996e-05)
(9.78524e-05 -0.012826 -0.0154198 -0.012826 0.000105531 -0.0081552 -0.0154198 -0.0081552 4.54212e-05)
(0.000120405 -0.0128087 -0.0154121 -0.0128087 3.73464e-05 -0.00813831 -0.0154121 -0.00813831 5.90853e-05)
(6.5856e-05 -0.0127933 -0.0154147 -0.0127933 2.58426e-05 -0.00812961 -0.0154147 -0.00812961 8.40273e-05)
(1.43128e-05 -0.0127929 -0.0154408 -0.0127929 2.52411e-05 -0.00811756 -0.0154408 -0.00811756 8.51765e-05)
(-2.73394e-05 -0.0128002 -0.0154424 -0.0128002 3.54116e-05 -0.00811592 -0.0154424 -0.00811592 6.65808e-05)
(7.08263e-05 -0.0128016 -0.0154332 -0.0128016 3.48708e-05 -0.00813399 -0.0154332 -0.00813399 3.54114e-05)
(0.000130082 -0.0127981 -0.0154231 -0.0127981 4.80642e-05 -0.00811038 -0.0154231 -0.00811038 8.98081e-05)
(6.83667e-05 -0.0128021 -0.0154426 -0.0128021 7.04822e-05 -0.00810757 -0.0154426 -0.00810757 8.58654e-05)
(0.000139506 -0.0128038 -0.0154256 -0.0128038 0.000103969 -0.00814847 -0.0154256 -0.00814847 4.04962e-05)
(5.34002e-06 -0.0127944 -0.0154366 -0.0127944 2.68628e-05 -0.00812124 -0.0154366 -0.00812124 5.7767e-05)
(-1.58061e-05 -0.0128017 -0.0154398 -0.0128017 5.44805e-05 -0.00812435 -0.0154398 -0.00812435 6.6605e-05)
(9.72587e-05 -0.0127992 -0.0154289 -0.0127992 7.05728e-05 -0.00813473 -0.0154289 -0.00813473 2.82923e-05)
(4.99952e-05 -0.0127905 -0.0154212 -0.0127905 2.67365e-05 -0.00813471 -0.0154212 -0.00813471 6.92285e-05)
(1.03734e-05 -0.0127882 -0.0154307 -0.0127882 2.41168e-05 -0.00812665 -0.0154307 -0.00812665 4.98822e-05)
(6.1591e-05 -0.0127978 -0.0154283 -0.0127978 4.42872e-05 -0.00814063 -0.0154283 -0.00814063 4.18313e-05)
(0.000113561 -0.0127973 -0.0154104 -0.0127973 2.75835e-05 -0.00812163 -0.0154104 -0.00812163 7.92089e-05)
(0.000103268 -0.0128213 -0.015419 -0.0128213 7.3905e-05 -0.00814884 -0.015419 -0.00814884 5.21982e-05)
(1.12242e-05 -0.0127935 -0.0154326 -0.0127935 2.5932e-05 -0.00811622 -0.0154326 -0.00811622 8.67064e-05)
(7.59337e-05 -0.0128027 -0.0154198 -0.0128027 7.30398e-05 -0.00815654 -0.0154198 -0.00815654 7.70884e-05)
(0.000130947 -0.0128235 -0.0154198 -0.0128235 0.000115892 -0.0081529 -0.0154198 -0.0081529 4.15434e-05)
(1.92937e-05 -0.0127917 -0.0154269 -0.0127917 2.54426e-05 -0.00811787 -0.0154269 -0.00811787 7.50428e-05)
(3.22989e-05 -0.0127912 -0.0154268 -0.0127912 2.27113e-05 -0.00812228 -0.0154268 -0.00812228 7.33714e-05)
(1.76799e-05 -0.0127914 -0.0154323 -0.0127914 2.36512e-05 -0.0081217 -0.0154323 -0.0081217 6.55297e-05)
(5.80062e-05 -0.012792 -0.0154256 -0.012792 2.68023e-05 -0.00813418 -0.0154256 -0.00813418 5.4175e-05)
(4.24837e-05 -0.0127916 -0.015417 -0.0127916 2.96904e-05 -0.00811816 -0.015417 -0.00811816 9.79081e-05)
(4.03878e-05 -0.0127999 -0.0154276 -0.0127999 3.83167e-05 -0.00812073 -0.0154276 -0.00812073 0.000122879)
(5.39355e-05 -0.0127931 -0.01542 -0.0127931 3.18914e-05 -0.00813944 -0.01542 -0.00813944 6.89713e-05)
(4.48332e-05 -0.012793 -0.0154267 -0.012793 2.53026e-05 -0.00812126 -0.0154267 -0.00812126 6.66038e-05)
(1.25654e-05 -0.0127925 -0.0154265 -0.0127925 2.895e-05 -0.00811512 -0.0154265 -0.00811512 8.64545e-05)
(-4.50638e-05 -0.0127972 -0.0154342 -0.0127972 4.16723e-05 -0.00811127 -0.0154342 -0.00811127 8.74134e-05)
(3.38836e-05 -0.0127952 -0.015425 -0.0127952 3.08094e-05 -0.00811718 -0.015425 -0.00811718 0.000104907)
(-1.15609e-06 -0.0128019 -0.0154413 -0.0128019 5.16771e-05 -0.00811563 -0.0154413 -0.00811563 7.1638e-05)
(1.65395e-05 -0.0127921 -0.0154342 -0.0127921 3.34247e-05 -0.00812577 -0.0154342 -0.00812577 5.79293e-05)
(0.000177022 -0.0128292 -0.015425 -0.0128292 0.000120685 -0.00814743 -0.015425 -0.00814743 3.45615e-05)
(4.51464e-05 -0.0127915 -0.0154295 -0.0127915 2.08985e-05 -0.00812903 -0.0154295 -0.00812903 4.7566e-05)
(6.84511e-05 -0.0127935 -0.015418 -0.0127935 3.54835e-05 -0.00811282 -0.015418 -0.00811282 9.48822e-05)
(6.79112e-05 -0.0127976 -0.0154208 -0.0127976 3.10193e-05 -0.00811854 -0.0154208 -0.00811854 0.000104887)
(0.000146683 -0.0128158 -0.0154157 -0.0128158 0.000108986 -0.0081498 -0.0154157 -0.0081498 5.24515e-05)
(-0.000133205 -0.0128496 -0.0154415 -0.0128496 0.000114182 -0.0081313 -0.0154415 -0.0081313 6.67982e-05)
(2.89189e-05 -0.0127878 -0.0154366 -0.0127878 1.83836e-05 -0.00812922 -0.0154366 -0.00812922 3.01252e-05)
(7.58188e-05 -0.0128092 -0.0154251 -0.0128092 5.98947e-05 -0.00814638 -0.0154251 -0.00814638 3.93598e-05)
(9.62433e-05 -0.0128547 -0.015432 -0.0128547 0.00013309 -0.00815184 -0.015432 -0.00815184 3.23225e-05)
(9.72187e-05 -0.0128188 -0.0154176 -0.0128188 8.57847e-05 -0.00815424 -0.0154176 -0.00815424 5.79847e-05)
(4.39729e-05 -0.0127845 -0.0154309 -0.0127845 2.56026e-05 -0.00813299 -0.0154309 -0.00813299 9.94556e-05)
(-9.28575e-05 -0.0128173 -0.0154544 -0.0128173 6.37767e-05 -0.00811242 -0.0154544 -0.00811242 7.02417e-05)
(6.82945e-05 -0.0127987 -0.0154328 -0.0127987 2.61688e-05 -0.00813093 -0.0154328 -0.00813093 4.40474e-05)
(0.000136098 -0.0127986 -0.0154262 -0.0127986 5.85032e-05 -0.00810629 -0.0154262 -0.00810629 9.57181e-05)
(9.06995e-05 -0.0127983 -0.0154133 -0.0127983 2.72643e-05 -0.008131 -0.0154133 -0.008131 7.09687e-05)
(0.000180702 -0.0128083 -0.0154243 -0.0128083 0.000118081 -0.00814817 -0.0154243 -0.00814817 3.89614e-05)
(1.54553e-05 -0.012791 -0.0154317 -0.012791 2.42272e-05 -0.00812265 -0.0154317 -0.00812265 5.90575e-05)
(1.95165e-05 -0.0127929 -0.015437 -0.0127929 3.25252e-05 -0.00812986 -0.015437 -0.00812986 5.54534e-05)
(3.68358e-05 -0.0127884 -0.0154323 -0.0127884 1.85313e-05 -0.00812856 -0.0154323 -0.00812856 3.79765e-05)
(3.47808e-05 -0.012788 -0.0154235 -0.012788 2.27786e-05 -0.00812952 -0.0154235 -0.00812952 5.66524e-05)
(5.21185e-05 -0.0127907 -0.0154311 -0.0127907 3.1842e-05 -0.00813539 -0.0154311 -0.00813539 3.41618e-05)
(2.81168e-05 -0.0127911 -0.0154337 -0.0127911 2.95162e-05 -0.00812403 -0.0154337 -0.00812403 5.90656e-05)
(3.81266e-05 -0.0127974 -0.0154385 -0.0127974 6.2717e-05 -0.00811135 -0.0154385 -0.00811135 8.36411e-05)
(9.03401e-05 -0.012812 -0.0154201 -0.012812 6.31304e-05 -0.00814824 -0.0154201 -0.00814824 5.75644e-05)
(0.000101697 -0.0127985 -0.0154195 -0.0127985 7.97123e-05 -0.00815451 -0.0154195 -0.00815451 7.59863e-05)
(2.89474e-05 -0.0127858 -0.0154186 -0.0127858 3.1664e-05 -0.00813938 -0.0154186 -0.00813938 0.000101323)
(9.61492e-05 -0.0128229 -0.0154239 -0.0128229 0.000111228 -0.00815335 -0.0154239 -0.00815335 3.75827e-05)
(3.2422e-05 -0.0127873 -0.0154157 -0.0127873 2.46826e-05 -0.00812353 -0.0154157 -0.00812353 8.6323e-05)
(2.88687e-05 -0.0127886 -0.0154274 -0.0127886 1.98427e-05 -0.00812746 -0.0154274 -0.00812746 5.13691e-05)
(1.66916e-05 -0.0127931 -0.0154347 -0.0127931 2.36379e-05 -0.00812159 -0.0154347 -0.00812159 5.77263e-05)
(3.45577e-05 -0.0127954 -0.015431 -0.0127954 2.4541e-05 -0.00812093 -0.015431 -0.00812093 6.20156e-05)
(3.6253e-06 -0.0128 -0.0154357 -0.0128 5.30235e-05 -0.00810756 -0.0154357 -0.00810756 9.04254e-05)
