/*--------------------------------*- C++ -*----------------------------------*\
  =========                 |
  \\      /  F ield         | OpenFOAM: The Open Source CFD Toolbox
   \\    /   O peration     | Website:  https://openfoam.org
    \\  /    A nd           | Version:  10
     \\/     M anipulation  |
\*---------------------------------------------------------------------------*/
FoamFile
{
    format      ascii;
    class       volTensorField;
    location    "15";
    object      TauNN;
}
// * * * * * * * * * * * * * * * * * * * * * * * * * * * * * * * * * * * * * //

dimensions      [0 2 -2 0 0 0 0];

internalField   nonuniform List<tensor> 
25600
(
(0.00419123 -0.00162917 0.00282476 -0.00162917 0.0070263 -0.00249729 0.00282476 -0.00249729 0.00527915)
(-0.000890835 -0.00209709 0.00490366 -0.00209709 0.00871478 -0.00136038 0.00490366 -0.00136038 0.00799751)
(-0.00158853 -0.00230144 0.00482881 -0.00230144 0.00961857 -0.00102386 0.00482881 -0.00102386 0.00825707)
(-0.000663851 -0.00232519 0.00493607 -0.00232519 0.00988901 -0.00142073 0.00493607 -0.00142073 0.00833849)
(-0.000679472 -0.00350507 0.00566123 -0.00350507 0.00948798 -0.00161907 0.00566123 -0.00161907 0.00918593)
(0.000828965 -0.00237547 0.00462684 -0.00237547 0.00827894 -0.00228145 0.00462684 -0.00228145 0.00705654)
(0.00279289 -0.00171795 0.00364842 -0.00171795 0.00780626 -0.00208013 0.00364842 -0.00208013 0.00619939)
(-0.00147364 -0.00242196 0.00495847 -0.00242196 0.00914725 -0.000956806 0.00495847 -0.000956806 0.0083934)
(-0.00111721 -0.00246652 0.00572644 -0.00246652 0.00978816 -0.00179433 0.00572644 -0.00179433 0.0078088)
(0.00128904 -0.00325869 0.00619747 -0.00325869 0.00980435 -0.00197761 0.00619747 -0.00197761 0.00854506)
(-0.000165444 -0.00334197 0.00632222 -0.00334197 0.010094 -0.00208868 0.00632222 -0.00208868 0.00917843)
(0.000421784 -0.00271804 0.0049379 -0.00271804 0.00856263 -0.00268859 0.0049379 -0.00268859 0.00705147)
(-0.0012758 -0.00284195 0.00527422 -0.00284195 0.00902613 -0.00149199 0.00527422 -0.00149199 0.00876431)
(0.00610039 -0.00205182 0.00217139 -0.00205182 0.006885 -0.00280731 0.00217139 -0.00280731 0.00517076)
(0.0124811 -0.00129091 -0.00247492 -0.00129091 0.00626248 -0.00381287 -0.00247492 -0.00381287 0.00565401)
(-0.00162028 -0.00265309 0.00560343 -0.00265309 0.0094612 -0.00153369 0.00560343 -0.00153369 0.00801799)
(-0.00165807 -0.00237458 0.0053387 -0.00237458 0.00969929 -0.00145006 0.0053387 -0.00145006 0.00806957)
(-0.00131682 -0.00275832 0.00526444 -0.00275832 0.00899213 -0.00166749 0.00526444 -0.00166749 0.00825866)
(-0.0011729 -0.00268522 0.00519772 -0.00268522 0.00896366 -0.00197523 0.00519772 -0.00197523 0.00807913)
(-0.00178719 -0.00284523 0.00586149 -0.00284523 0.00957759 -0.00169111 0.00586149 -0.00169111 0.0080689)
(-0.00166809 -0.00308267 0.00599039 -0.00308267 0.00966137 -0.00178306 0.00599039 -0.00178306 0.00836517)
(-0.0016123 -0.00297987 0.00533633 -0.00297987 0.0091776 -0.0012841 0.00533633 -0.0012841 0.00871499)
(-0.000885987 -0.00252498 0.00509326 -0.00252498 0.00869254 -0.00207539 0.00509326 -0.00207539 0.00770858)
(0.0044725 -0.00215561 0.00260457 -0.00215561 0.00716503 -0.00269454 0.00260457 -0.00269454 0.00535918)
(-0.00081348 -0.0010114 0.00464274 -0.0010114 0.00914348 -0.00143225 0.00464274 -0.00143225 0.00568927)
(-0.0015497 -0.00243041 0.0054848 -0.00243041 0.00989187 -0.00167554 0.0054848 -0.00167554 0.00822088)
(-0.00116635 -0.0033532 0.00541851 -0.0033532 0.00933081 -0.00129692 0.00541851 -0.00129692 0.00929391)
(-0.000326728 -0.00215604 0.00480475 -0.00215604 0.00848936 -0.00169429 0.00480475 -0.00169429 0.00777027)
(-0.00028343 -0.00172996 0.00446186 -0.00172996 0.00884017 -0.000539251 0.00446186 -0.000539251 0.00779763)
(0.000962314 -0.00306612 0.00537801 -0.00306612 0.00938814 -0.00203846 0.00537801 -0.00203846 0.00893146)
(-0.000368913 -0.00359117 0.00586728 -0.00359117 0.00969274 -0.00178862 0.00586728 -0.00178862 0.00913897)
(-0.000804869 -0.00296913 0.00651073 -0.00296913 0.0100949 -0.00227783 0.00651073 -0.00227783 0.00841086)
(0.0013685 -0.00319353 0.00546635 -0.00319353 0.00948374 -0.00220834 0.00546635 -0.00220834 0.00889923)
(0.00156295 -0.00247932 0.00467222 -0.00247932 0.00808394 -0.00279957 0.00467222 -0.00279957 0.00626691)
(-0.00064336 -0.00224397 0.00492761 -0.00224397 0.00853071 -0.00225626 0.00492761 -0.00225626 0.00722102)
(-0.0017053 -0.00245628 0.00565342 -0.00245628 0.00971183 -0.00167316 0.00565342 -0.00167316 0.00779905)
(-0.000614615 -0.00285412 0.00636771 -0.00285412 0.0101445 -0.00220919 0.00636771 -0.00220919 0.00858356)
(0.000941183 -0.00251609 0.00471799 -0.00251609 0.00839152 -0.00277229 0.00471799 -0.00277229 0.00652178)
(0.00195716 -0.00233295 0.00433224 -0.00233295 0.00767819 -0.0028074 0.00433224 -0.0028074 0.00589932)
(0.00231443 -0.00208469 0.00400961 -0.00208469 0.00746962 -0.00264742 0.00400961 -0.00264742 0.00579443)
(0.00256818 0.000874968 0.00621735 0.000874968 0.0083397 -0.00213786 0.00621735 -0.00213786 0.00744292)
(0.00240893 0.000483474 0.00449685 0.000483474 0.00887473 -0.00153016 0.00449685 -0.00153016 0.00650247)
(0.00495697 -0.00104826 0.00357805 -0.00104826 0.00897499 -0.00088978 0.00357805 -0.00088978 0.00725781)
(0.00550883 -0.00103808 0.00204301 -0.00103808 0.00871234 0.00057424 0.00204301 0.00057424 0.00779674)
(0.00197037 -0.00237197 0.00508729 -0.00237197 0.00949437 -0.00159972 0.00508729 -0.00159972 0.00852968)
(0.000979473 -0.00291446 0.00507361 -0.00291446 0.00892641 -0.00256014 0.00507361 -0.00256014 0.00826404)
(0.00273144 0.00080724 0.00639644 0.00080724 0.00787317 -0.00218467 0.00639644 -0.00218467 0.00697423)
(0.00304501 -0.000595824 0.00453737 -0.000595824 0.00914614 -0.00173869 0.00453737 -0.00173869 0.00739661)
(0.00617927 -0.000791537 0.0036929 -0.000791537 0.00947944 -0.0011083 0.0036929 -0.0011083 0.00606919)
(0.00472185 -0.00176379 0.0040479 -0.00176379 0.0100646 -0.00131094 0.0040479 -0.00131094 0.00694027)
(0.00242272 -0.00289681 0.00607183 -0.00289681 0.00990826 -0.0020193 0.00607183 -0.0020193 0.00866515)
(0.00273722 -0.00200167 0.00568286 -0.00200167 0.00853622 -0.00292692 0.00568286 -0.00292692 0.00751116)
(-0.00109709 -0.000388901 0.00607377 -0.000388901 0.00826499 -0.00211613 0.00607377 -0.00211613 0.00739028)
(0.00233549 0.00102946 0.00561123 0.00102946 0.00698026 -0.00249983 0.00561123 -0.00249983 0.00562043)
(0.00533844 0.00179818 0.00430428 0.00179818 0.0036716 -0.00275441 0.00430428 -0.00275441 0.00487801)
(0.00878571 0.00164547 0.00480581 0.00164547 0.00773314 -0.000860301 0.00480581 -0.000860301 0.0045266)
(0.00375199 -5.18207e-05 0.00274425 -5.18207e-05 0.00891527 -0.000699458 0.00274425 -0.000699458 0.0055854)
(0.00298168 0.00148843 0.00536412 0.00148843 0.00775225 -0.00158468 0.00536412 -0.00158468 0.00564609)
(-0.000701333 -0.00146394 0.00569735 -0.00146394 0.00896268 -0.00240669 0.00569735 -0.00240669 0.00793716)
(0.00351335 0.000481395 0.00440659 0.000481395 0.00829197 -0.001365 0.00440659 -0.001365 0.00489195)
(0.00192001 0.000128883 0.00566756 0.000128883 0.00806694 -0.00179772 0.00566756 -0.00179772 0.00597624)
(-0.00116005 -0.00153633 0.00496865 -0.00153633 0.00921672 -0.00169802 0.00496865 -0.00169802 0.00753878)
(-0.00079366 -0.00225809 0.00568126 -0.00225809 0.0091223 -0.00235116 0.00568126 -0.00235116 0.00778315)
(0.00122649 -0.000250953 0.00639953 -0.000250953 0.00809609 -0.00256395 0.00639953 -0.00256395 0.00728139)
(0.00927326 0.00254954 0.00499394 0.00254954 0.00755706 -0.000813355 0.00499394 -0.000813355 0.00488641)
(0.00360081 -0.00104352 0.00345566 -0.00104352 0.0093487 -0.000698781 0.00345566 -0.000698781 0.00702869)
(0.00116255 -0.00222985 0.00497751 -0.00222985 0.00945795 -0.00143759 0.00497751 -0.00143759 0.00866624)
(-0.000613742 5.98775e-05 0.00583297 5.98775e-05 0.00831507 -0.0021225 0.00583297 -0.0021225 0.00718354)
(0.0110202 0.00102223 0.00362328 0.00102223 0.00841667 -0.000502792 0.00362328 -0.000502792 0.00488272)
(0.000842268 -0.0018286 0.00484099 -0.0018286 0.00881532 -0.00164628 0.00484099 -0.00164628 0.00771558)
(0.00180341 -0.00343754 0.0056932 -0.00343754 0.00925462 -0.00188304 0.0056932 -0.00188304 0.0093434)
(0.00143895 -0.00233278 0.00574121 -0.00233278 0.00950029 -0.00187678 0.00574121 -0.00187678 0.00664184)
(0.00239777 -0.00246384 0.00571771 -0.00246384 0.00986346 -0.00239539 0.00571771 -0.00239539 0.00746114)
(0.00195136 -0.0029187 0.00486434 -0.0029187 0.00903858 -0.00280086 0.00486434 -0.00280086 0.00768935)
(0.000405784 -0.00213507 0.00584239 -0.00213507 0.00880914 -0.00295885 0.00584239 -0.00295885 0.00866646)
(0.00418824 -0.00216235 0.00364804 -0.00216235 0.00917225 -0.00163036 0.00364804 -0.00163036 0.00807272)
(0.00397686 -0.00159216 0.00420744 -0.00159216 0.00981001 -0.00139298 0.00420744 -0.00139298 0.00700254)
(0.0010761 -0.00289295 0.00529255 -0.00289295 0.00941505 -0.00279176 0.00529255 -0.00279176 0.00753385)
(0.00109486 -0.0019421 0.00571856 -0.0019421 0.00857464 -0.00295311 0.00571856 -0.00295311 0.00767499)
(-0.000862958 -0.00115134 0.00625418 -0.00115134 0.00862443 -0.00274184 0.00625418 -0.00274184 0.00825057)
(0.00446499 -0.00153311 0.00322071 -0.00153311 0.00970056 -0.000403596 0.00322071 -0.000403596 0.00627811)
(0.00696804 -0.00279174 0.00346445 -0.00279174 0.00962086 0.000518359 0.00346445 0.000518359 0.00845718)
(0.0142308 0.000486717 0.00364975 0.000486717 0.00704575 0.00197825 0.00364975 0.00197825 0.00802554)
(0.0100428 0.0014449 0.00407907 0.0014449 0.00618132 0.000779172 0.00407907 0.000779172 0.00745991)
(0.0136702 -0.00529033 0.00481199 -0.00529033 0.0100056 -0.00181128 0.00481199 -0.00181128 0.00872445)
(0.00800811 -0.00438275 0.00656246 -0.00438275 0.0108881 -0.00236929 0.00656246 -0.00236929 0.00974283)
(0.00373606 -0.00259075 0.00473011 -0.00259075 0.00961034 -0.00084237 0.00473011 -0.00084237 0.00749265)
(0.0133435 0.00157598 0.00445011 0.00157598 0.00714027 0.00128806 0.00445011 0.00128806 0.00636263)
(0.0101251 0.00284679 0.00456804 0.00284679 0.00606985 0.000819729 0.00456804 0.000819729 0.00615998)
(0.0103075 0.00221002 0.00359456 0.00221002 0.00502826 0.00260717 0.00359456 0.00260717 0.0076186)
(0.0121363 -0.00816256 0.00228938 -0.00816256 0.0113147 -0.00311228 0.00228938 -0.00311228 0.00898792)
(0.0103628 -0.00507237 0.00321034 -0.00507237 0.0103259 -0.00450308 0.00321034 -0.00450308 0.00569107)
(0.0158635 -0.00422915 0.00370931 -0.00422915 0.0104923 -0.000337949 0.00370931 -0.000337949 0.00713689)
(0.000238028 -0.00256012 0.00584893 -0.00256012 0.00959266 -0.00195536 0.00584893 -0.00195536 0.00733548)
(0.000871057 -0.00106947 0.00460196 -0.00106947 0.00903311 -0.00172604 0.00460196 -0.00172604 0.00519603)
(0.0122971 -0.00226919 0.00363345 -0.00226919 0.00986473 -0.000143379 0.00363345 -0.000143379 0.00501722)
(0.0174269 -0.00342129 0.0027183 -0.00342129 0.00911334 0.00107772 0.0027183 0.00107772 0.00695451)
(0.018831 -0.00380411 0.00295049 -0.00380411 0.0101479 -0.000479779 0.00295049 -0.000479779 0.00561711)
(0.00616479 -0.00316616 0.00518047 -0.00316616 0.0100175 -0.00152559 0.00518047 -0.00152559 0.00729464)
(0.019606 -0.00256521 0.00281054 -0.00256521 0.0100072 -0.000489505 0.00281054 -0.000489505 0.00338224)
(0.0128953 -0.0038827 0.00424973 -0.0038827 0.0104478 -0.00191273 0.00424973 -0.00191273 0.00519757)
(0.00122098 -0.00319802 0.00533296 -0.00319802 0.0100237 -0.00109919 0.00533296 -0.00109919 0.00867511)
(0.0016478 -0.00357403 0.00627042 -0.00357403 0.0103142 -0.00215941 0.00627042 -0.00215941 0.00853939)
(0.0026498 -0.00318596 0.00526754 -0.00318596 0.0097411 -0.00154096 0.00526754 -0.00154096 0.00780939)
(0.0154387 -0.00148248 0.00333852 -0.00148248 0.00877459 0.00135045 0.00333852 0.00135045 0.0062925)
(0.0122377 0.00202303 0.00390211 0.00202303 0.00554496 0.00252066 0.00390211 0.00252066 0.00794008)
(0.0137258 -0.00438929 0.00564635 -0.00438929 0.00988723 -0.0016876 0.00564635 -0.0016876 0.00991256)
(0.0139235 -0.00347667 0.00419373 -0.00347667 0.0105471 -0.0014453 0.00419373 -0.0014453 0.00641444)
(0.0148263 -0.000840055 0.00247753 -0.000840055 0.00863886 0.00172109 0.00247753 0.00172109 0.00363077)
(0.0108284 -0.000970953 0.00423256 -0.000970953 0.0074943 0.000729514 0.00423256 0.000729514 0.00830275)
(0.0146743 -0.00379569 0.00504689 -0.00379569 0.00988519 -0.00203715 0.00504689 -0.00203715 0.00905003)
(0.00924719 -0.00412267 0.00540112 -0.00412267 0.0104255 -0.00176989 0.00540112 -0.00176989 0.0085799)
(0.012135 -0.00380372 0.0034156 -0.00380372 0.0101212 -0.00310255 0.0034156 -0.00310255 0.00570226)
(0.0137871 -0.00296015 0.00417061 -0.00296015 0.00954949 -0.0039967 0.00417061 -0.0039967 0.00570883)
(0.00338939 -0.00389233 0.00548534 -0.00389233 0.0101208 -0.00206533 0.00548534 -0.00206533 0.00808828)
(0.00710308 0.00108434 0.00393657 0.00108434 0.00780053 -0.000872478 0.00393657 -0.000872478 0.00604624)
(0.0178895 -0.00476533 -0.000183525 -0.00476533 0.00815202 0.00136771 -0.000183525 0.00136771 0.00733767)
(0.00319943 -0.00384084 0.00408752 -0.00384084 0.0100335 -0.00342856 0.00408752 -0.00342856 0.00587802)
(0.00453987 -0.00401609 0.00206755 -0.00401609 0.00867712 -0.0033337 0.00206755 -0.0033337 0.00512234)
(0.00253113 -0.00237099 0.00520412 -0.00237099 0.00989511 -0.00197445 0.00520412 -0.00197445 0.00597984)
(0.00394415 -0.000550871 0.00337373 -0.000550871 0.00931261 -0.00106984 0.00337373 -0.00106984 0.0060708)
(0.00764168 -0.00244707 0.00423446 -0.00244707 0.0098128 -0.0014539 0.00423446 -0.0014539 0.0082663)
(0.0138227 0.00381214 0.00306704 0.00381214 0.00607985 0.00163311 0.00306704 0.00163311 0.00743597)
(0.0100358 -0.00444616 -0.00420493 -0.00444616 0.0114124 -0.00326726 -0.00420493 -0.00326726 0.00884009)
(0.0217382 -0.00342049 0.00300602 -0.00342049 0.00847984 -0.00168834 0.00300602 -0.00168834 0.00834914)
(0.02686 -0.00406255 0.00431094 -0.00406255 0.00939651 -0.00294641 0.00431094 -0.00294641 0.00726236)
(0.00874937 -0.00293626 0.0037691 -0.00293626 0.00956712 -0.0021665 0.0037691 -0.0021665 0.00901691)
(0.012109 -0.00180853 0.00121301 -0.00180853 0.0121077 -0.00294382 0.00121301 -0.00294382 0.00678441)
(0.0144264 -0.000406724 0.00191541 -0.000406724 0.0112314 -0.00246398 0.00191541 -0.00246398 0.00796242)
(0.00880132 -0.00308645 -0.000466466 -0.00308645 0.0105603 -0.00251889 -0.000466466 -0.00251889 0.00912458)
(0.0138021 -0.00165284 0.00264411 -0.00165284 0.00787525 0.00104777 0.00264411 0.00104777 0.00837568)
(0.0240998 -0.00380961 0.00185952 -0.00380961 0.00813228 -0.00220537 0.00185952 -0.00220537 0.00757656)
(0.0214209 -0.000820708 0.000351151 -0.000820708 0.00544883 -0.000148792 0.000351151 -0.000148792 0.0059041)
(0.00826873 -0.00207075 0.00530022 -0.00207075 0.00932272 -0.00222907 0.00530022 -0.00222907 0.0078731)
(0.00704506 -0.000339569 0.00439231 -0.000339569 0.00903413 -0.00143786 0.00439231 -0.00143786 0.00547704)
(0.0171228 0.000624934 0.00247026 0.000624934 0.00803728 -0.0010919 0.00247026 -0.0010919 0.00833332)
(0.021098 -0.00381327 -0.00575991 -0.00381327 0.00681213 0.00378082 -0.00575991 0.00378082 0.0114832)
(0.0219988 8.30274e-06 7.97454e-05 8.30274e-06 0.00626401 0.00190311 7.97454e-05 0.00190311 0.00860709)
(0.0102318 -0.00352554 0.00152553 -0.00352554 0.0096126 -0.00219043 0.00152553 -0.00219043 0.00788615)
(0.0201172 -0.000656572 1.64434e-05 -0.000656572 0.00682535 0.00162118 1.64434e-05 0.00162118 0.00840227)
(0.0163825 0.000423998 0.00125205 0.000423998 0.00840529 -0.00168862 0.00125205 -0.00168862 0.00825835)
(0.00963702 -0.00388646 0.0038202 -0.00388646 0.0100834 -0.00215957 0.0038202 -0.00215957 0.0081923)
(0.0182737 -0.00329022 0.00396986 -0.00329022 0.0093823 -0.00345485 0.00396986 -0.00345485 0.00571191)
(0.0181473 -0.00384018 0.00193721 -0.00384018 0.00976126 -0.002303 0.00193721 -0.002303 0.00926982)
(0.0169505 -0.000890435 0.00220001 -0.000890435 0.00830126 0.000289299 0.00220001 0.000289299 0.00795059)
(0.0199252 0.000851293 0.0036425 0.000851293 0.0116257 -0.00328874 0.0036425 -0.00328874 0.0125625)
(0.0116911 -0.00166114 0.00073663 -0.00166114 0.00728237 0.00116054 0.00073663 0.00116054 0.0059805)
(0.0265847 -0.00235515 0.00312923 -0.00235515 0.00830426 -0.00128325 0.00312923 -0.00128325 0.0102132)
(0.0121895 0.000999703 0.00212542 0.000999703 0.00591852 0.00168971 0.00212542 0.00168971 0.00693735)
(0.0177341 0.00112593 0.00290492 0.00112593 0.0102832 -0.000509263 0.00290492 -0.000509263 0.00624479)
(0.00348153 -0.00113377 0.0015998 -0.00113377 0.00290639 -0.000191561 0.0015998 -0.000191561 0.00412288)
(0.00412763 -0.00104105 0.000236789 -0.00104105 0.00666785 -0.00217295 0.000236789 -0.00217295 0.00422847)
(0.00635107 -0.000114804 0.00148541 -0.000114804 0.0038547 -4.39957e-05 0.00148541 -4.39957e-05 0.00282384)
(0.0175482 -0.00202166 0.00317799 -0.00202166 0.00738217 -0.00173416 0.00317799 -0.00173416 0.00751488)
(0.00607962 -0.00436476 0.00248874 -0.00436476 0.00985403 -0.00254657 0.00248874 -0.00254657 0.0074036)
(0.0110478 -0.0035148 0.00190418 -0.0035148 0.00980748 -0.00206988 0.00190418 -0.00206988 0.00830916)
(0.0117919 -0.00207703 -0.00481668 -0.00207703 0.00987944 -0.00150862 -0.00481668 -0.00150862 0.0078289)
(0.0150257 -0.00469473 0.000255996 -0.00469473 0.00938899 -0.0026011 0.000255996 -0.0026011 0.00671534)
(0.0184209 -0.00236776 0.000275869 -0.00236776 0.00826483 -0.00276641 0.000275869 -0.00276641 0.010217)
(0.0126241 -0.00128432 0.00623124 -0.00128432 0.00884047 -0.00213987 0.00623124 -0.00213987 0.00986154)
(0.0135229 -0.00110592 0.00457264 -0.00110592 0.00893188 1.80537e-05 0.00457264 1.80537e-05 0.00773081)
(0.0170151 -0.00590463 0.00345501 -0.00590463 0.0101077 -0.00217776 0.00345501 -0.00217776 0.00874024)
(0.00787666 -0.0015079 0.00100844 -0.0015079 0.00786174 -0.000961658 0.00100844 -0.000961658 0.00873399)
(0.011241 -0.00280131 -0.00326113 -0.00280131 0.0114014 -0.00112374 -0.00326113 -0.00112374 0.00783098)
(0.0114691 0.00178462 0.00342865 0.00178462 0.00572913 0.00197303 0.00342865 0.00197303 0.00722804)
(0.0111236 -0.0041723 0.00172027 -0.0041723 0.00741248 -0.00357542 0.00172027 -0.00357542 0.00489153)
(0.0192556 -0.00513429 0.00298155 -0.00513429 0.0100876 -0.00185342 0.00298155 -0.00185342 0.00710771)
(0.00945331 0.000585208 0.00136754 0.000585208 0.0076751 -0.000602119 0.00136754 -0.000602119 0.00481854)
(0.0160024 -0.00073398 0.00121541 -0.00073398 0.0114119 -0.00116192 0.00121541 -0.00116192 0.00698375)
(0.00632463 -0.00557465 -0.00337215 -0.00557465 0.0112268 -0.00127401 -0.00337215 -0.00127401 0.00837467)
(0.000739639 -0.00169393 0.0012344 -0.00169393 0.00549226 -0.00245573 0.0012344 -0.00245573 0.00460707)
(0.0118494 -0.00271092 0.00237162 -0.00271092 0.0068463 -0.00310952 0.00237162 -0.00310952 0.00532527)
(0.00725793 -0.000160542 -1.26632e-05 -0.000160542 0.00760006 -0.00029978 -1.26632e-05 -0.00029978 0.00496853)
(0.00876333 -0.00442615 0.0016578 -0.00442615 0.00933641 -0.00251763 0.0016578 -0.00251763 0.00492555)
(0.0159573 -0.00358071 0.00253333 -0.00358071 0.00955057 -0.0011658 0.00253333 -0.0011658 0.00748572)
(0.0114563 -0.00258563 0.00214907 -0.00258563 0.00997279 -0.000201204 0.00214907 -0.000201204 0.00474185)
(0.0161451 -0.00135708 0.000592211 -0.00135708 0.00599583 0.00237696 0.000592211 0.00237696 0.0101283)
(0.0185854 -0.00246782 -0.000581373 -0.00246782 0.00818481 0.00316294 -0.000581373 0.00316294 0.00768859)
(0.0109073 -0.00113177 0.00292347 -0.00113177 0.00855089 -0.00171316 0.00292347 -0.00171316 0.00655129)
(0.0139358 0.00168521 0.00364069 0.00168521 0.00697439 0.000675709 0.00364069 0.000675709 0.00686566)
(0.0144745 -0.000405226 0.0035095 -0.000405226 0.00843656 -0.00103514 0.0035095 -0.00103514 0.00666707)
(0.00717261 0.000985998 0.00319634 0.000985998 0.00684419 -0.000956878 0.00319634 -0.000956878 0.00515827)
(0.00741909 -0.00349585 0.00352179 -0.00349585 0.00662853 -0.00407199 0.00352179 -0.00407199 0.00833735)
(0.0118433 -0.00567594 0.00276168 -0.00567594 0.0101714 -0.00289525 0.00276168 -0.00289525 0.00584465)
(0.0145468 6.44512e-05 0.0039707 6.44512e-05 0.00812092 0.000248208 0.0039707 0.000248208 0.007248)
(0.0121678 5.34672e-06 -0.00247772 5.34672e-06 0.00764452 0.00173361 -0.00247772 0.00173361 0.0102399)
(0.00453823 0.000686323 -0.000363573 0.000686323 0.0057626 0.00220019 -0.000363573 0.00220019 0.00519563)
(0.0164269 -0.000659222 -0.000473846 -0.000659222 0.00677777 0.00189231 -0.000473846 0.00189231 0.00609673)
(0.00768294 -0.00125019 0.00328672 -0.00125019 0.00954963 -0.000426196 0.00328672 -0.000426196 0.00490255)
(0.0157102 -0.000964152 0.000856481 -0.000964152 0.0116395 -0.0011981 0.000856481 -0.0011981 0.00680314)
(0.00307001 -0.000781848 -0.000469163 -0.000781848 0.00402194 0.000337476 -0.000469163 0.000337476 0.00240801)
(0.00666008 -0.00569725 -0.00085351 -0.00569725 0.0108327 0.00079872 -0.00085351 0.00079872 0.00581884)
(0.0128876 0.00131194 0.00144241 0.00131194 0.00927509 0.000129549 0.00144241 0.000129549 0.00564008)
(0.00632012 -0.0034745 0.00160486 -0.0034745 0.00855794 -0.00246945 0.00160486 -0.00246945 0.00498028)
(0.0111223 -0.0048339 0.00293096 -0.0048339 0.0102328 -0.00284272 0.00293096 -0.00284272 0.00702111)
(0.00565479 -0.00248336 0.000652689 -0.00248336 0.00787375 -0.00247273 0.000652689 -0.00247273 0.00474587)
(0.00972676 0.00236972 0.00310608 0.00236972 0.00693535 -0.000695924 0.00310608 -0.000695924 0.00594783)
(0.012871 -0.00592575 7.32066e-05 -0.00592575 0.00948138 -0.00349925 7.32066e-05 -0.00349925 0.00508856)
(0.0123756 -0.00462262 -0.00165647 -0.00462262 0.00671007 -0.00274407 -0.00165647 -0.00274407 0.00738782)
(0.0133129 -0.000696581 0.00333547 -0.000696581 0.0084061 -0.00110661 0.00333547 -0.00110661 0.00585182)
(0.0135383 -0.00258522 -0.000283746 -0.00258522 0.00762779 -0.00066427 -0.000283746 -0.00066427 0.00384423)
(0.0153464 -0.00188524 0.00183888 -0.00188524 0.00847526 0.00119843 0.00183888 0.00119843 0.00838288)
(0.0154767 0.000446525 0.00276094 0.000446525 0.00747815 -0.000397401 0.00276094 -0.000397401 0.00772818)
(0.0121066 -0.00212914 0.000646701 -0.00212914 0.011545 -0.00134741 0.000646701 -0.00134741 0.0063506)
(0.00587241 -0.00377767 -0.00281005 -0.00377767 0.0107523 -0.00308841 -0.00281005 -0.00308841 0.00736926)
(0.0123348 -0.00236936 0.00308449 -0.00236936 0.00406602 -0.00234914 0.00308449 -0.00234914 0.00604376)
(0.0183694 -0.00416247 0.000548234 -0.00416247 0.00930712 -0.00151424 0.000548234 -0.00151424 0.00753657)
(0.0159944 -0.00278415 0.0022912 -0.00278415 0.00944612 -0.000809865 0.0022912 -0.000809865 0.00855513)
(0.00682406 -0.0021815 5.17685e-05 -0.0021815 0.00873503 7.61915e-05 5.17685e-05 7.61915e-05 0.00374673)
(0.00619548 -0.00481343 -0.00214607 -0.00481343 0.0114786 -0.00191 -0.00214607 -0.00191 0.00781802)
(0.000705337 -0.000622052 0.000283554 -0.000622052 0.00098848 -0.000366421 0.000283554 -0.000366421 0.00487414)
(0.0108511 -0.00220428 0.0013862 -0.00220428 0.00521972 -0.00305937 0.0013862 -0.00305937 0.00567614)
(0.00944838 -0.00199254 -0.00101573 -0.00199254 0.00668554 -0.00361516 -0.00101573 -0.00361516 0.00506462)
(0.00851704 -0.00162177 -0.000228928 -0.00162177 0.00640653 -0.00298052 -0.000228928 -0.00298052 0.00451709)
(0.0169957 -0.00171723 -0.000457552 -0.00171723 0.00815437 0.000377635 -0.000457552 0.000377635 0.00776555)
(0.00746075 -0.00213108 0.00138232 -0.00213108 0.00943383 -0.00147303 0.00138232 -0.00147303 0.00364734)
(0.00944222 1.06785e-05 0.000279028 1.06785e-05 0.00443653 -0.00149391 0.000279028 -0.00149391 0.0092416)
(0.0225865 -0.000752991 1.94144e-05 -0.000752991 0.0076609 0.00258221 1.94144e-05 0.00258221 0.00780125)
(0.00643961 -0.00273004 0.000683699 -0.00273004 0.00958872 -0.000195062 0.000683699 -0.000195062 0.0068884)
(0.00878782 -0.000429324 0.0015796 -0.000429324 0.003384 -0.00108531 0.0015796 -0.00108531 0.00379928)
(0.0142562 -0.000227033 0.00502768 -0.000227033 0.00810274 -0.0012095 0.00502768 -0.0012095 0.0118537)
(0.00389174 -0.00158554 0.00160325 -0.00158554 0.00731495 -0.0019774 0.00160325 -0.0019774 0.00553923)
(0.0217263 -0.0039871 0.000943011 -0.0039871 0.0105765 2.80067e-05 0.000943011 2.80067e-05 0.0112775)
(0.0107228 -0.00323908 0.00388277 -0.00323908 0.00979675 -0.00254313 0.00388277 -0.00254313 0.0069381)
(0.0155032 -0.000501299 0.00119252 -0.000501299 0.00796819 0.00147365 0.00119252 0.00147365 0.00599734)
(0.0143703 0.000321819 0.00300765 0.000321819 0.00817984 -0.00066317 0.00300765 -0.00066317 0.00814915)
(0.0175239 -0.00355382 0.00160352 -0.00355382 0.00874467 0.000649902 0.00160352 0.000649902 0.00916915)
(0.0184393 -0.00238719 -0.001318 -0.00238719 0.00768945 0.000103048 -0.001318 0.000103048 0.00555069)
(0.00506609 -0.00242636 0.00455903 -0.00242636 0.00972165 -0.00162944 0.00455903 -0.00162944 0.00771894)
(0.0101381 -0.00503318 -3.6899e-06 -0.00503318 0.0112102 0.000570036 -3.6899e-06 0.000570036 0.00637891)
(0.00645783 -0.00317319 0.000874115 -0.00317319 0.0100926 -0.000510682 0.000874115 -0.000510682 0.00635025)
(0.00646559 -0.00386784 -0.000104169 -0.00386784 0.00968521 0.000320662 -0.000104169 0.000320662 0.00728639)
(0.0043099 -0.000643108 0.00111594 -0.000643108 0.00625062 -0.000849474 0.00111594 -0.000849474 0.00666543)
(0.01446 -0.00114 0.00391141 -0.00114 0.00815702 -0.00184289 0.00391141 -0.00184289 0.0095062)
(0.00942658 -0.0051308 -0.000346998 -0.0051308 0.00907473 -0.003541 -0.000346998 -0.003541 0.00511378)
(0.00408605 -0.00161144 -0.00078994 -0.00161144 0.00554036 -0.00269635 -0.00078994 -0.00269635 0.00609997)
(0.00556518 -0.00257894 -0.000836164 -0.00257894 0.00798919 -0.00305473 -0.000836164 -0.00305473 0.00492961)
(0.0147267 -0.00403594 0.00100553 -0.00403594 0.00735078 -0.00313469 0.00100553 -0.00313469 0.00600485)
(0.014634 -0.00302323 0.00186227 -0.00302323 0.00647917 -0.00215372 0.00186227 -0.00215372 0.00707179)
(0.00574677 -3.25451e-05 -6.17476e-05 -3.25451e-05 0.00231752 -0.00134531 -6.17476e-05 -0.00134531 0.00378364)
(0.00927057 -0.00154876 0.000928052 -0.00154876 0.0105251 -0.00135491 0.000928052 -0.00135491 0.00608826)
(0.0113532 -0.00228293 0.000218078 -0.00228293 0.00942305 0.000600864 0.000218078 0.000600864 0.00828051)
(0.0151347 -0.000844276 0.000398124 -0.000844276 0.006673 0.00208539 0.000398124 0.00208539 0.0083793)
(0.00945379 0.00133111 0.00307669 0.00133111 0.00818598 0.000461396 0.00307669 0.000461396 0.0061358)
(0.0069138 -0.0052882 -0.00433225 -0.0052882 0.0112032 -0.00176002 -0.00433225 -0.00176002 0.00935703)
(0.0169416 -0.00281863 0.00162072 -0.00281863 0.00910441 -0.00397137 0.00162072 -0.00397137 0.00507426)
(0.0154863 -0.00500937 0.00306743 -0.00500937 0.00969376 -0.0016243 0.00306743 -0.0016243 0.00818395)
(0.0221255 -0.00211125 0.0019784 -0.00211125 0.00868947 0.000471262 0.0019784 0.000471262 0.00646841)
(0.0122537 -0.00129392 -0.000230413 -0.00129392 0.00844285 -0.000339394 -0.000230413 -0.000339394 0.00484794)
(0.00906293 -0.00343153 -0.00136296 -0.00343153 0.0114323 -0.00105921 -0.00136296 -0.00105921 0.00650869)
(0.00620638 -0.00295449 0.00065445 -0.00295449 0.00798841 0.000776588 0.00065445 0.000776588 0.00577651)
(0.0154766 -0.00522196 0.000578066 -0.00522196 0.00936018 -0.00395711 0.000578066 -0.00395711 0.00487567)
(0.00274019 -0.000317834 -0.000251139 -0.000317834 0.0014189 -0.000762308 -0.000251139 -0.000762308 0.00443093)
(0.00243491 -0.00141029 0.00122858 -0.00141029 0.00555236 -0.00170723 0.00122858 -0.00170723 0.00303919)
(0.0120199 0.000266109 -0.000630748 0.000266109 0.00627102 0.00218641 -0.000630748 0.00218641 0.00504596)
(0.0104381 2.05813e-05 0.00204549 2.05813e-05 0.00773614 0.000558783 0.00204549 0.000558783 0.00330337)
(0.00727723 0.000111189 -0.00123332 0.000111189 0.00335325 0.00159281 -0.00123332 0.00159281 0.0104522)
(0.0174844 -0.00386728 -0.000398121 -0.00386728 0.00885147 0.000801485 -0.000398121 0.000801485 0.00679243)
(0.0126912 -0.00300783 0.00123749 -0.00300783 0.0110543 5.6982e-05 0.00123749 5.6982e-05 0.00636126)
(0.00860749 -0.00389797 -0.000489778 -0.00389797 0.0111338 -0.00214839 -0.000489778 -0.00214839 0.00863695)
(0.00741275 -0.00036041 0.00037585 -0.00036041 0.00569907 0.00033699 0.00037585 0.00033699 0.00392956)
(0.0109913 -0.00212353 0.00246866 -0.00212353 0.00868893 -0.00274415 0.00246866 -0.00274415 0.00501194)
(0.0121391 -0.00318234 0.00188655 -0.00318234 0.00787526 -0.00150264 0.00188655 -0.00150264 0.00901758)
(0.0107107 -0.00411061 0.00326216 -0.00411061 0.00943581 -0.00232418 0.00326216 -0.00232418 0.00702838)
(0.0174647 0.00114285 0.00151966 0.00114285 0.00767068 0.00139602 0.00151966 0.00139602 0.00369308)
(0.0125005 -0.00103474 0.00385665 -0.00103474 0.00880169 -0.00104034 0.00385665 -0.00104034 0.00777344)
(0.00364413 0.00112766 -0.000940453 0.00112766 0.00374246 0.000523385 -0.000940453 0.000523385 0.00611771)
(0.00532202 0.000335438 -0.000604338 0.000335438 0.00258666 -7.35e-05 -0.000604338 -7.35e-05 0.00263603)
(0.0151155 -0.00209599 0.00393901 -0.00209599 0.00889751 -0.00162099 0.00393901 -0.00162099 0.00633369)
(0.00812577 -0.000654655 0.00115881 -0.000654655 0.00447173 0.00068004 0.00115881 0.00068004 0.0106741)
(0.0107568 -0.00278152 0.00120824 -0.00278152 0.0107417 7.46287e-05 0.00120824 7.46287e-05 0.0050593)
(0.00247089 -0.00148095 0.000434933 -0.00148095 0.00603424 -0.00275353 0.000434933 -0.00275353 0.00374019)
(0.00780739 -0.00111018 0.00376841 -0.00111018 0.00773673 -0.00128674 0.00376841 -0.00128674 0.00648608)
(0.00846819 -0.00219687 0.00285094 -0.00219687 0.0082667 -0.00167269 0.00285094 -0.00167269 0.00536267)
(0.0076512 -0.00368567 0.000778101 -0.00368567 0.00810344 -0.0045816 0.000778101 -0.0045816 0.00601399)
(0.00241004 0.000614666 0.000165166 0.000614666 0.00340145 -0.00070819 0.000165166 -0.00070819 0.00275093)
(0.00668936 -0.0041595 -0.00138178 -0.0041595 0.00654409 0.00177249 -0.00138178 0.00177249 0.00647965)
(0.00824423 -0.00266106 0.00385093 -0.00266106 0.00472111 -0.000722184 0.00385093 -0.000722184 0.0118285)
(0.0159038 -0.00703977 0.000515867 -0.00703977 0.00971458 -0.00369455 0.000515867 -0.00369455 0.00453988)
(0.00790414 -0.00507903 -0.000713531 -0.00507903 0.0115474 -0.00080497 -0.000713531 -0.00080497 0.00687208)
(0.0131158 -0.00146449 0.00281196 -0.00146449 0.0103251 -0.000367995 0.00281196 -0.000367995 0.00712117)
(0.011003 -0.000839182 -0.000880103 -0.000839182 0.00658807 -0.00278938 -0.000880103 -0.00278938 0.00535111)
(0.0148345 0.00113223 0.00150674 0.00113223 0.00332307 -0.000708173 0.00150674 -0.000708173 0.011308)
(0.0214646 0.00194763 0.00203809 0.00194763 0.00727536 0.00126089 0.00203809 0.00126089 0.00450575)
(0.00569969 -0.00329825 -0.00114382 -0.00329825 0.0108222 -0.00331417 -0.00114382 -0.00331417 0.00672609)
(0.00356446 -0.00198452 0.000431761 -0.00198452 0.0065633 -0.00184972 0.000431761 -0.00184972 0.00264477)
(0.0157688 -0.00437515 0.000998249 -0.00437515 0.00900155 -0.000888007 0.000998249 -0.000888007 0.00650316)
(0.0235305 -0.00340607 0.00108901 -0.00340607 0.00870137 0.000768857 0.00108901 0.000768857 0.00766657)
(0.00766261 -0.000226128 0.000257332 -0.000226128 0.00489639 -0.000318053 0.000257332 -0.000318053 0.00229061)
(0.00933522 -0.00497775 -0.00151583 -0.00497775 0.01228 -0.00163595 -0.00151583 -0.00163595 0.00735967)
(0.00796613 -0.00499077 -0.00455402 -0.00499077 0.0113011 -0.00286219 -0.00455402 -0.00286219 0.0082193)
(0.00336133 -0.000683886 0.00252451 -0.000683886 0.00330885 -0.00120292 0.00252451 -0.00120292 0.00372851)
(0.00473602 0.00122697 0.000403896 0.00122697 0.0058584 0.000831981 0.000403896 0.000831981 0.002366)
(0.00821162 -0.00239972 0.000441574 -0.00239972 0.0100322 -8.20411e-05 0.000441574 -8.20411e-05 0.00451677)
(0.00875569 -0.000573512 -0.000402929 -0.000573512 0.00693386 0.000928667 -0.000402929 0.000928667 0.00244683)
(0.00713379 0.000893693 0.000714561 0.000893693 0.00708478 0.00105968 0.000714561 0.00105968 0.00409135)
(0.00855835 -0.000390749 -0.00127665 -0.000390749 0.00362092 0.00114598 -0.00127665 0.00114598 0.0108698)
(0.0110655 1.33347e-05 -0.0018852 1.33347e-05 0.00589566 0.00261181 -0.0018852 0.00261181 0.00501749)
(0.00729652 -0.00105121 0.000251675 -0.00105121 0.00630329 -0.00020524 0.000251675 -0.00020524 0.00292556)
(0.00787636 -0.00452839 5.51268e-05 -0.00452839 0.0113332 -0.0023204 5.51268e-05 -0.0023204 0.00633867)
(0.00705173 -0.00521058 -0.00255226 -0.00521058 0.00657937 0.000759738 -0.00255226 0.000759738 0.005895)
(0.00168487 0.000234875 0.000527576 0.000234875 0.00590924 -9.56664e-05 0.000527576 -9.56664e-05 0.0039668)
(0.00838675 -0.00409571 0.000905316 -0.00409571 0.00757245 -0.00341874 0.000905316 -0.00341874 0.00448085)
(0.0102969 -0.00105013 -0.000268661 -0.00105013 0.00806249 -0.00301833 -0.000268661 -0.00301833 0.00699719)
(0.0059151 0.000827887 0.00153967 0.000827887 0.00662567 0.000400846 0.00153967 0.000400846 0.00496966)
(0.00836075 -0.00214306 0.00298765 -0.00214306 0.00827197 -0.001772 0.00298765 -0.001772 0.00761995)
(0.0209965 -0.00156642 0.00244003 -0.00156642 0.0103126 -0.000164293 0.00244003 -0.000164293 0.00823046)
(0.00653363 0.000537774 0.000528479 0.000537774 0.00748487 0.000398949 0.000528479 0.000398949 0.00331264)
(0.0135638 -0.00194961 0.00325687 -0.00194961 0.00858571 -0.001375 0.00325687 -0.001375 0.00740833)
(0.0133693 -0.00143682 0.00318339 -0.00143682 0.0079067 -0.00252437 0.00318339 -0.00252437 0.00784194)
(0.00524325 -0.00259013 0.00152544 -0.00259013 0.00843204 -0.00224909 0.00152544 -0.00224909 0.00469514)
(0.00106495 0.00020333 -0.000198504 0.00020333 0.00257893 -0.000896225 -0.000198504 -0.000896225 0.00133206)
(0.00786473 -0.00413733 -0.00188787 -0.00413733 0.0107728 -0.00174715 -0.00188787 -0.00174715 0.00841309)
(0.00257239 -0.00271785 -0.000488903 -0.00271785 0.00799471 -0.00329806 -0.000488903 -0.00329806 0.00550818)
(0.00860895 -0.00152783 0.000346534 -0.00152783 0.00631618 -0.00361003 0.000346534 -0.00361003 0.00482213)
(0.00817057 -0.00323823 0.000794629 -0.00323823 0.00845692 -0.00243084 0.000794629 -0.00243084 0.00652758)
(0.00556769 -0.00168815 -8.21892e-05 -0.00168815 0.00280784 -0.00105858 -8.21892e-05 -0.00105858 0.0123166)
(0.00500489 -0.00107604 0.00215502 -0.00107604 0.00415091 0.000431952 0.00215502 0.000431952 0.00693989)
(0.0201136 -0.00569943 0.000829257 -0.00569943 0.00965157 -0.00344204 0.000829257 -0.00344204 0.00558886)
(0.00867716 -0.00137225 -0.00117535 -0.00137225 0.00611132 -0.00346577 -0.00117535 -0.00346577 0.0057404)
(0.00780503 -0.00533695 -0.000599176 -0.00533695 0.011211 0.000148772 -0.000599176 0.000148772 0.00590566)
(0.00840642 0.00254616 0.00226434 0.00254616 0.00545083 0.00176185 0.00226434 0.00176185 0.00409548)
(0.00666367 0.00124567 0.000203492 0.00124567 0.00309554 0.000660477 0.000203492 0.000660477 0.00761367)
(0.0138086 0.00165647 0.00174095 0.00165647 0.00597639 0.00306318 0.00174095 0.00306318 0.00877623)
(0.0131316 -0.00033556 0.00092642 -0.00033556 0.0108972 -0.00232496 0.00092642 -0.00232496 0.0067111)
(0.00898891 -0.00228705 -0.00012261 -0.00228705 0.00717423 0.00141381 -0.00012261 0.00141381 0.00546948)
(0.00746754 -0.00117808 -0.000670265 -0.00117808 0.00678157 0.00208204 -0.000670265 0.00208204 0.00422642)
(0.0185498 -0.00276745 -0.000106506 -0.00276745 0.0078227 0.00131465 -0.000106506 0.00131465 0.00879486)
(0.00564986 0.000945903 0.000170595 0.000945903 0.00422849 -0.000262679 0.000170595 -0.000262679 0.00189212)
(0.0133593 0.00190433 0.000460839 0.00190433 0.00715944 -0.0018169 0.000460839 -0.0018169 0.0045198)
(0.00579446 -0.00505525 -0.0033718 -0.00505525 0.0112731 -0.00101733 -0.0033718 -0.00101733 0.0106222)
(0.0131199 -0.00427765 0.000990937 -0.00427765 0.010795 0.000857575 0.000990937 0.000857575 0.00840539)
(0.00721524 -0.00320869 -0.000356772 -0.00320869 0.0101913 -0.000875717 -0.000356772 -0.000875717 0.00541653)
(0.0114941 -0.00163294 8.11797e-05 -0.00163294 0.00823509 9.59504e-05 8.11797e-05 9.59504e-05 0.00537329)
(0.00328282 0.000189655 0.000286821 0.000189655 0.00143879 1.97887e-05 0.000286821 1.97887e-05 0.00161765)
(0.0079128 -0.000937269 0.00112229 -0.000937269 0.00774716 -0.00119881 0.00112229 -0.00119881 0.00318753)
(0.0141802 -0.00053589 0.00236364 -0.00053589 0.00958041 -0.00303843 0.00236364 -0.00303843 0.0116316)
(0.0117594 -0.00133574 4.72972e-05 -0.00133574 0.00839295 -0.00113137 4.72972e-05 -0.00113137 0.0070779)
(0.0161599 -0.00180906 0.00127318 -0.00180906 0.00832752 0.000763017 0.00127318 0.000763017 0.00475383)
(0.0122591 -0.00140688 0.00233213 -0.00140688 0.00871469 -0.000522504 0.00233213 -0.000522504 0.00519067)
(0.00697211 -0.00103871 -0.000654984 -0.00103871 0.00809046 -0.00196792 -0.000654984 -0.00196792 0.00504114)
(0.0050364 -0.00465738 -0.000648134 -0.00465738 0.0100509 0.000665816 -0.000648134 0.000665816 0.00559355)
(0.0106893 -0.00487455 0.000329832 -0.00487455 0.00924868 -0.00400221 0.000329832 -0.00400221 0.0047369)
(0.00368947 -0.000753202 0.00049573 -0.000753202 0.00703222 0.000660782 0.00049573 0.000660782 0.00885418)
(0.00495974 0.000579198 0.000170478 0.000579198 0.0065314 -0.00132567 0.000170478 -0.00132567 0.00307217)
(0.00172814 0.000434077 -0.00048052 0.000434077 0.00183879 6.04913e-05 -0.00048052 6.04913e-05 0.00136551)
(0.00964976 -0.0044421 0.000555921 -0.0044421 0.00806073 -0.0025299 0.000555921 -0.0025299 0.00383758)
(0.00943433 -0.0023249 0.000893526 -0.0023249 0.008594 -0.00205844 0.000893526 -0.00205844 0.0049979)
(0.00908457 0.000829315 0.00285073 0.000829315 0.00730138 -0.000879435 0.00285073 -0.000879435 0.00625294)
(0.00394627 0.00105858 0.00124552 0.00105858 0.00604946 -0.000401815 0.00124552 -0.000401815 0.00251357)
(0.00953382 -0.00223035 0.00415697 -0.00223035 0.00849027 -0.00134755 0.00415697 -0.00134755 0.00732931)
(0.00415526 -0.00015317 -0.000425639 -0.00015317 0.00601594 -0.000471039 -0.000425639 -0.000471039 0.00231906)
(0.00919745 -0.00441818 -0.00248876 -0.00441818 0.0109247 -0.00175832 -0.00248876 -0.00175832 0.00900216)
(0.00518929 -0.00336136 -0.000639528 -0.00336136 0.00969816 -0.00235195 -0.000639528 -0.00235195 0.00643639)
(0.00383462 -0.00152123 0.000633836 -0.00152123 0.00597452 -0.00331777 0.000633836 -0.00331777 0.00430168)
(0.0111313 -0.00237351 0.00226189 -0.00237351 0.00827038 -0.000866689 0.00226189 -0.000866689 0.00496009)
(0.0044969 -0.000957153 0.000707531 -0.000957153 0.00629829 -0.00175501 0.000707531 -0.00175501 0.00848185)
(0.0017146 -0.00199339 0.00138963 -0.00199339 0.00503962 -0.00126613 0.00138963 -0.00126613 0.00470951)
(0.0153512 -0.00543766 0.000386635 -0.00543766 0.00883821 -0.00356659 0.000386635 -0.00356659 0.00473306)
(0.00602253 -0.0027889 0.000265008 -0.0027889 0.00554197 -0.00288691 0.000265008 -0.00288691 0.00492456)
(0.0105452 0.00100456 -0.00029482 0.00100456 0.00698841 -0.0016592 -0.00029482 -0.0016592 0.00392084)
(0.00586183 0.000907842 0.00121938 0.000907842 0.00641731 0.00121555 0.00121938 0.00121555 0.0032507)
(0.00864132 0.00103123 0.000801675 0.00103123 0.00465501 0.00221645 0.000801675 0.00221645 0.00529158)
(0.00767762 0.000103251 0.000445053 0.000103251 0.00505466 0.000981593 0.000445053 0.000981593 0.00337528)
(0.00813555 -0.00342967 -0.00221424 -0.00342967 0.0113026 -0.00289893 -0.00221424 -0.00289893 0.00715911)
(0.00561177 0.000458039 0.00147164 0.000458039 0.00354551 -0.000402412 0.00147164 -0.000402412 0.00335879)
(0.0063698 0.00103882 0.000178538 0.00103882 0.00586172 0.00212535 0.000178538 0.00212535 0.00393494)
(0.01377 -0.00176151 -0.00240061 -0.00176151 0.00599559 0.00303759 -0.00240061 0.00303759 0.00643147)
(0.00590457 0.000282764 -0.000127938 0.000282764 0.00302488 -0.000347579 -0.000127938 -0.000347579 0.00169192)
(0.0113588 0.000652459 0.00387139 0.000652459 0.00791654 -0.000675635 0.00387139 -0.000675635 0.00634097)
(0.00830724 -0.00324274 -0.00269465 -0.00324274 0.01125 -0.0025436 -0.00269465 -0.0025436 0.00834949)
(0.0036601 0.000139279 0.00018098 0.000139279 0.00268513 0.000212183 0.00018098 0.000212183 0.00195203)
(0.0100979 -0.00164248 0.000721846 -0.00164248 0.00871961 -0.000109655 0.000721846 -0.000109655 0.005958)
(0.0101752 0.000334926 -0.000315435 0.000334926 0.0071359 3.9977e-05 -0.000315435 3.9977e-05 0.00377508)
(0.0101987 6.92476e-05 0.0009175 6.92476e-05 0.00551679 3.12179e-05 0.0009175 3.12179e-05 0.00275884)
