/*--------------------------------*- C++ -*----------------------------------*\
  =========                 |
  \\      /  F ield         | OpenFOAM: The Open Source CFD Toolbox
   \\    /   O peration     | Website:  https://openfoam.org
    \\  /    A nd           | Version:  10
     \\/     M anipulation  |
\*---------------------------------------------------------------------------*/
FoamFile
{
    format      ascii;
    class       volTensorField;
    location    "13";
    object      TauNN;
}
// * * * * * * * * * * * * * * * * * * * * * * * * * * * * * * * * * * * * * //

dimensions      [0 2 -2 0 0 0 0];

internalField   nonuniform List<tensor> 
25600
(
(-0.000408489 -0.00233585 0.00495266 -0.00233585 0.0085974 -0.00230127 0.00495266 -0.00230127 0.00728706)
(0.0133474 -0.00220712 0.000146725 -0.00220712 0.00426054 -0.00327732 0.000146725 -0.00327732 0.00546407)
(0.00386263 -0.00202142 0.00267131 -0.00202142 0.00675067 -0.00276661 0.00267131 -0.00276661 0.00506207)
(-0.00167743 -0.00260468 0.0048464 -0.00260468 0.00923245 -0.000799733 0.0048464 -0.000799733 0.00887674)
(-0.00103975 -0.00246586 0.00546359 -0.00246586 0.00995387 -0.00170891 0.00546359 -0.00170891 0.00831615)
(-0.000444552 -0.0028682 0.0061763 -0.0028682 0.00999546 -0.0020626 0.0061763 -0.0020626 0.00838482)
(0.00118554 -0.00324634 0.00549572 -0.00324634 0.0094491 -0.00216441 0.00549572 -0.00216441 0.00891799)
(0.00195508 -0.00232784 0.00442896 -0.00232784 0.00776632 -0.00277857 0.00442896 -0.00277857 0.00599356)
(-0.000860614 -0.00237497 0.0049937 -0.00237497 0.00859767 -0.00208104 0.0049937 -0.00208104 0.00755588)
(-0.00138427 -0.00271931 0.00523321 -0.00271931 0.00898493 -0.00164234 0.00523321 -0.00164234 0.00835497)
(-0.00107431 -0.00267359 0.00518645 -0.00267359 0.00884766 -0.00191252 0.00518645 -0.00191252 0.00806219)
(-7.02535e-05 -0.00287734 0.00494888 -0.00287734 0.00887048 -0.00190819 0.00494888 -0.00190819 0.00779707)
(0.00220666 -0.00254333 0.00340861 -0.00254333 0.0083797 -0.00231485 0.00340861 -0.00231485 0.00657308)
(0.000864933 -0.00296366 0.00407446 -0.00296366 0.00857749 -0.00244702 0.00407446 -0.00244702 0.00678426)
(-0.00010817 -0.00280268 0.00469262 -0.00280268 0.00858073 -0.00238128 0.00469262 -0.00238128 0.00722649)
(0.00131066 -0.00209476 0.00393114 -0.00209476 0.00752033 -0.00272361 0.00393114 -0.00272361 0.00572884)
(0.00122755 -0.00177619 0.00420769 -0.00177619 0.00766147 -0.00248711 0.00420769 -0.00248711 0.00589993)
(0.00538502 -0.0026716 0.00266179 -0.0026716 0.00631131 -0.00309252 0.00266179 -0.00309252 0.00519767)
(0.00402087 -0.00292141 0.00223108 -0.00292141 0.00707049 -0.0030278 0.00223108 -0.0030278 0.00536485)
(-0.000838605 -0.00247981 0.00491066 -0.00247981 0.00883597 -0.00199053 0.00491066 -0.00199053 0.00726016)
(0.000180562 -0.00236735 0.00461928 -0.00236735 0.00853103 -0.00195497 0.00461928 -0.00195497 0.00743601)
(-0.000109742 -0.00275351 0.00478062 -0.00275351 0.00871106 -0.00209716 0.00478062 -0.00209716 0.00754035)
(0.00430795 -0.00175233 0.00283908 -0.00175233 0.00680528 -0.00268706 0.00283908 -0.00268706 0.00506814)
(0.00599161 -0.00181341 0.00204708 -0.00181341 0.00603085 -0.00281349 0.00204708 -0.00281349 0.0051338)
(-0.00105999 -0.00202821 0.00482547 -0.00202821 0.00874735 -0.0010753 0.00482547 -0.0010753 0.0081918)
(-0.000737032 -0.00182253 0.00487867 -0.00182253 0.0096096 -0.00138014 0.00487867 -0.00138014 0.00722335)
(-0.0015208 -0.00304047 0.00605007 -0.00304047 0.00989046 -0.00187713 0.00605007 -0.00187713 0.00855495)
(-0.000266436 -0.00336878 0.00553608 -0.00336878 0.00938853 -0.00185362 0.00553608 -0.00185362 0.008943)
(-0.000443908 -0.00267397 0.0051543 -0.00267397 0.0088187 -0.00229727 0.0051543 -0.00229727 0.00773371)
(-0.000880512 -0.00209644 0.00501396 -0.00209644 0.0085953 -0.00179082 0.00501396 -0.00179082 0.00770916)
(-0.000898785 -0.00224292 0.00491345 -0.00224292 0.00881171 -0.00117827 0.00491345 -0.00117827 0.008122)
(-0.0016889 -0.00231939 0.00494662 -0.00231939 0.00898255 -0.0012892 0.00494662 -0.0012892 0.00828685)
(-0.000451246 -0.00330094 0.00633314 -0.00330094 0.0100972 -0.00216052 0.00633314 -0.00216052 0.0089543)
(0.000888078 -0.00277194 0.00496453 -0.00277194 0.00883423 -0.00273818 0.00496453 -0.00273818 0.00716801)
(0.00141368 -0.00269114 0.00421954 -0.00269114 0.00785324 -0.0028482 0.00421954 -0.0028482 0.0062844)
(-0.00160278 -0.0031161 0.00602346 -0.0031161 0.00966165 -0.00187812 0.00602346 -0.00187812 0.00830715)
(-0.000558368 -0.00335255 0.0055727 -0.00335255 0.00941082 -0.00192617 0.0055727 -0.00192617 0.00873385)
(-0.000957497 -0.00295316 0.00532533 -0.00295316 0.00912888 -0.00189835 0.00532533 -0.00189835 0.00845998)
(-0.000565143 -0.00267968 0.00516753 -0.00267968 0.00894734 -0.00222753 0.00516753 -0.00222753 0.0079074)
(-0.00149771 -0.0026634 0.00513573 -0.0026634 0.00896095 -0.00136021 0.00513573 -0.00136021 0.00864146)
(-0.000146121 -0.00216445 0.00570145 -0.00216445 0.00929557 -0.00225629 0.00570145 -0.00225629 0.00755988)
(0.0028439 0.000188623 0.00379765 0.000188623 0.00443094 -0.00432227 0.00379765 -0.00432227 0.00604953)
(0.00517211 0.000582455 0.00622067 0.000582455 0.00757934 -0.00211715 0.00622067 -0.00211715 0.00761826)
(0.00608115 4.36045e-05 0.00391852 4.36045e-05 0.00918932 -0.00122794 0.00391852 -0.00122794 0.005939)
(0.00622664 -0.0010048 0.00271634 -0.0010048 0.00951556 -0.000484205 0.00271634 -0.000484205 0.0062355)
(0.00548371 -0.00108512 0.00395789 -0.00108512 0.00959766 -0.00139392 0.00395789 -0.00139392 0.00608646)
(0.00167368 -0.00300927 0.00611326 -0.00300927 0.0100819 -0.00265902 0.00611326 -0.00265902 0.00813761)
(0.00475328 -0.00292785 0.00360143 -0.00292785 0.00889801 -0.00304984 0.00360143 -0.00304984 0.00611458)
(0.00118032 8.64509e-05 0.00638928 8.64509e-05 0.00808387 -0.00228103 0.00638928 -0.00228103 0.0069669)
(0.000649764 0.000207094 0.00542068 0.000207094 0.00841811 -0.00178715 0.00542068 -0.00178715 0.00646999)
(-0.000348551 -7.46166e-05 0.00530495 -7.46166e-05 0.00854119 -0.00189689 0.00530495 -0.00189689 0.00681322)
(0.00655333 0.000903171 0.00644548 0.000903171 0.00799431 -0.00204575 0.00644548 -0.00204575 0.00703548)
(0.00733252 0.00287633 0.00449361 0.00287633 0.00411924 -0.00117839 0.00449361 -0.00117839 0.00352549)
(0.00979896 0.00262354 0.00486077 0.00262354 0.00323463 -0.00132957 0.00486077 -0.00132957 0.00370068)
(0.0071783 0.00258137 0.00515839 0.00258137 0.00426957 -0.00185514 0.00515839 -0.00185514 0.00465273)
(0.00409792 0.000897891 0.00714375 0.000897891 0.00730636 -0.00225527 0.00714375 -0.00225527 0.0081612)
(-0.000141996 -0.000280648 0.00681307 -0.000280648 0.00861472 -0.00265887 0.00681307 -0.00265887 0.00879624)
(0.0036996 0.000820287 0.00438116 0.000820287 0.00423899 -0.00376705 0.00438116 -0.00376705 0.00593594)
(0.0076457 0.00206521 0.00540204 0.00206521 0.00472035 -0.00232392 0.00540204 -0.00232392 0.00604574)
(0.00584091 0.0023922 0.00593949 0.0023922 0.00617215 -0.00153411 0.00593949 -0.00153411 0.00554953)
(0.00423925 0.0016837 0.00633836 0.0016837 0.00747479 -0.00192845 0.00633836 -0.00192845 0.00661331)
(0.0036221 0.00162106 0.00584645 0.00162106 0.00734053 -0.00193852 0.00584645 -0.00193852 0.00580622)
(0.00330092 0.000666118 0.00567166 0.000666118 0.00720557 -0.00265001 0.00567166 -0.00265001 0.00649375)
(0.00396164 -0.000257073 0.00625024 -0.000257073 0.00766183 -0.00253714 0.00625024 -0.00253714 0.0086436)
(0.00298389 0.000548234 0.00434177 0.000548234 0.00890621 -0.0014332 0.00434177 -0.0014332 0.00650141)
(0.00480433 -0.000233655 0.00325698 -0.000233655 0.00937745 -0.00101311 0.00325698 -0.00101311 0.00556946)
(0.00359857 -0.00124389 0.00420716 -0.00124389 0.0093791 -0.00140986 0.00420716 -0.00140986 0.0058041)
(0.000396398 -0.0027079 0.00591509 -0.0027079 0.00958895 -0.00226418 0.00591509 -0.00226418 0.0079961)
(0.0013106 -0.00329395 0.00428807 -0.00329395 0.00898604 -0.00273773 0.00428807 -0.00273773 0.00790174)
(-0.00039514 -0.00288954 0.00549447 -0.00288954 0.00936055 -0.00215276 0.00549447 -0.00215276 0.00854427)
(-0.00115822 -0.00053381 0.00576247 -0.00053381 0.00872559 -0.00228371 0.00576247 -0.00228371 0.00774891)
(0.00718089 -0.00194444 0.00290418 -0.00194444 0.00915667 -0.00146411 0.00290418 -0.00146411 0.00798701)
(0.00240795 -0.00264481 0.00513386 -0.00264481 0.0099791 -0.00241725 0.00513386 -0.00241725 0.00749744)
(0.00891283 -0.00269726 0.00294403 -0.00269726 0.00925381 -0.00324998 0.00294403 -0.00324998 0.00568106)
(0.0102149 -0.00218022 0.00319445 -0.00218022 0.00625643 -0.00310135 0.00319445 -0.00310135 0.00817478)
(0.00420604 -8.79848e-05 0.00622763 -8.79848e-05 0.00851248 -0.00196186 0.00622763 -0.00196186 0.00712836)
(0.00247436 -0.000137432 0.00638761 -0.000137432 0.00824302 -0.00221689 0.00638761 -0.00221689 0.00690946)
(-6.17564e-05 -0.00103961 0.00593287 -0.00103961 0.00877875 -0.0023326 0.00593287 -0.0023326 0.00756675)
(-0.000160303 -0.00236677 0.0053506 -0.00236677 0.00911809 -0.00250833 0.0053506 -0.00250833 0.00796514)
(-0.00070118 -0.000811191 0.00515892 -0.000811191 0.00898645 -0.00206719 0.00515892 -0.00206719 0.00778631)
(0.00423098 -0.00332307 0.00556753 -0.00332307 0.0108539 -0.00266526 0.00556753 -0.00266526 0.00789885)
(0.00173205 -0.0015097 0.00420105 -0.0015097 0.00811709 -0.00364282 0.00420105 -0.00364282 0.00572873)
(0.00384601 -0.00137377 0.00398902 -0.00137377 0.0089653 -0.000859384 0.00398902 -0.000859384 0.00538913)
(0.018097 -0.00175166 0.00313912 -0.00175166 0.00926255 0.000914498 0.00313912 0.000914498 0.00396647)
(0.0152998 -0.00280963 0.00311366 -0.00280963 0.0088913 0.0010393 0.00311366 0.0010393 0.00932497)
(0.00981492 0.00144832 0.00288022 0.00144832 0.00595064 0.00320608 0.00288022 0.00320608 0.00843759)
(0.0145568 -0.00613825 0.00342093 -0.00613825 0.0109268 -0.00518653 0.00342093 -0.00518653 0.00740907)
(0.0101444 -0.00533206 0.00154386 -0.00533206 0.0101979 -0.00468663 0.00154386 -0.00468663 0.00494035)
(0.0089091 -0.00260688 0.00392045 -0.00260688 0.0102621 -0.00176501 0.00392045 -0.00176501 0.00447666)
(0.0129024 -0.00210598 0.00346602 -0.00210598 0.0101893 -0.00109432 0.00346602 -0.00109432 0.00385229)
(0.0148831 -0.00305018 0.00369768 -0.00305018 0.0103116 -0.000833147 0.00369768 -0.000833147 0.00581367)
(0.0103082 -0.0028163 0.00370819 -0.0028163 0.00965341 0.000316745 0.00370819 0.000316745 0.00764613)
(0.00703862 -0.00215206 0.00370285 -0.00215206 0.0100008 -0.000793891 0.00370285 -0.000793891 0.00660769)
(0.00679899 -0.000760579 0.00317961 -0.000760579 0.0095701 -0.00086339 0.00317961 -0.00086339 0.00461379)
(0.00889751 -0.000977309 0.00321332 -0.000977309 0.00960774 -0.00100409 0.00321332 -0.00100409 0.00333825)
(0.0107266 -0.00137411 0.00271112 -0.00137411 0.00941283 -5.94119e-05 0.00271112 -5.94119e-05 0.00233093)
(0.010109 -0.00186497 0.00344439 -0.00186497 0.00997766 -0.000686555 0.00344439 -0.000686555 0.0044257)
(0.00196417 -0.00147422 0.00461444 -0.00147422 0.00899516 -0.00277401 0.00461444 -0.00277401 0.00557424)
(0.00421245 -0.0025712 0.00440739 -0.0025712 0.0094974 -0.00128086 0.00440739 -0.00128086 0.0049976)
(0.00805236 -0.00198634 0.00330138 -0.00198634 0.010029 -0.000577487 0.00330138 -0.000577487 0.0057305)
(0.0108606 -0.00262173 0.00309003 -0.00262173 0.00995156 0.000105293 0.00309003 0.000105293 0.00672596)
(0.00645299 -0.00192235 0.00401447 -0.00192235 0.00992672 -0.00108116 0.00401447 -0.00108116 0.00594837)
(0.00404182 -0.00176548 0.0041549 -0.00176548 0.00941626 -0.00187207 0.0041549 -0.00187207 0.00459779)
(0.00850997 0.000953765 0.00284185 0.000953765 0.00609265 -0.00107397 0.00284185 -0.00107397 0.00253085)
(0.0113392 -0.00190224 0.00337108 -0.00190224 0.00897871 0.00122206 0.00337108 0.00122206 0.00717967)
(0.0167003 -0.00301502 0.00335857 -0.00301502 0.00962113 0.000860996 0.00335857 0.000860996 0.00841775)
(0.0120594 -0.00508812 0.00353649 -0.00508812 0.0100422 -0.00139713 0.00353649 -0.00139713 0.00703504)
(0.0130011 -0.0067026 0.00515194 -0.0067026 0.0108017 -0.00333242 0.00515194 -0.00333242 0.0082513)
(0.0105859 -0.00519419 2.52109e-06 -0.00519419 0.00884294 -0.00314502 2.52109e-06 -0.00314502 0.00500584)
(0.00133569 -0.00300065 0.00522825 -0.00300065 0.00942529 -0.00218591 0.00522825 -0.00218591 0.00785063)
(0.00743751 -0.00320752 0.00523771 -0.00320752 0.0098288 -0.000794872 0.00523771 -0.000794872 0.00913408)
(0.00661935 -0.00164259 0.00353098 -0.00164259 0.00913518 0.000504666 0.00353098 0.000504666 0.00661007)
(0.0118832 -0.00395052 0.00165535 -0.00395052 0.00938967 -0.000108516 0.00165535 -0.000108516 0.00497314)
(0.0198628 -0.00253232 0.00425583 -0.00253232 0.00917595 -0.00432366 0.00425583 -0.00432366 0.00617047)
(0.00373976 -0.00355776 0.00498288 -0.00355776 0.00960703 -0.00196022 0.00498288 -0.00196022 0.00742893)
(0.0238244 -0.00499818 0.00124342 -0.00499818 0.0103369 -2.12342e-06 0.00124342 -2.12342e-06 0.0066903)
(0.00642699 -0.000284796 0.00217741 -0.000284796 0.00625359 0.000275916 0.00217741 0.000275916 0.00251112)
(0.00841034 -0.00444078 0.00457668 -0.00444078 0.0103257 -0.00248479 0.00457668 -0.00248479 0.00577349)
(0.0072343 -0.00530575 0.00336974 -0.00530575 0.0104538 -0.00347836 0.00336974 -0.00347836 0.00516623)
(0.0130467 -0.00346296 0.00418757 -0.00346296 0.0102842 -0.000608453 0.00418757 -0.000608453 0.00705997)
(0.0162213 -0.00318412 0.00375231 -0.00318412 0.00904114 -0.00279797 0.00375231 -0.00279797 0.006985)
(0.00775979 -0.00262863 0.00270754 -0.00262863 0.00912227 -0.00353327 0.00270754 -0.00353327 0.00529909)
(0.00648903 -0.000929985 0.0063725 -0.000929985 0.0087326 -0.00214714 0.0063725 -0.00214714 0.00936415)
(0.0131989 0.000694137 0.000432119 0.000694137 0.00540387 0.00211263 0.000432119 0.00211263 0.00617764)
(0.0133231 0.00118734 0.00220716 0.00118734 0.00676864 0.000337373 0.00220716 0.000337373 0.00770608)
(0.0151354 -0.00263708 -0.00186526 -0.00263708 0.011118 -0.00222378 -0.00186526 -0.00222378 0.00968908)
(0.00897755 -0.000528576 0.0026905 -0.000528576 0.00671512 0.000850836 0.0026905 0.000850836 0.00982494)
(0.0139611 -0.00421595 0.00093822 -0.00421595 0.00922225 -0.00329028 0.00093822 -0.00329028 0.00486871)
(0.01492 -0.00279422 -4.74676e-05 -0.00279422 0.00942862 -0.00203647 -4.74676e-05 -0.00203647 0.00783057)
(0.016942 -0.00239196 0.00346327 -0.00239196 0.00933498 -0.0015033 0.00346327 -0.0015033 0.00950024)
(0.0214158 -0.00115234 0.00532103 -0.00115234 0.00877732 -0.00133982 0.00532103 -0.00133982 0.00971614)
(0.0110307 0.00020784 0.00615307 0.00020784 0.00856193 -0.00188216 0.00615307 -0.00188216 0.00728042)
(0.0170359 -0.00215693 -0.00111268 -0.00215693 0.00817794 0.00276885 -0.00111268 0.00276885 0.00782311)
(0.0249063 -0.00143487 0.00149847 -0.00143487 0.00875108 0.00089093 0.00149847 0.00089093 0.00638498)
(0.0177385 0.00104018 0.00552957 0.00104018 0.00787223 -0.000433835 0.00552957 -0.000433835 0.00811435)
(0.0117755 0.000518389 0.00517841 0.000518389 0.00743272 -0.00039923 0.00517841 -0.00039923 0.0114461)
(0.0136925 0.000398025 0.00479707 0.000398025 0.00752226 0.000200744 0.00479707 0.000200744 0.00999795)
(0.00748293 -0.000376369 0.00535007 -0.000376369 0.00853625 -0.00264745 0.00535007 -0.00264745 0.00588539)
(0.00622868 -0.000271344 0.00527979 -0.000271344 0.0076444 -0.00266268 0.00527979 -0.00266268 0.00693877)
(0.00832243 -0.000617733 9.51765e-05 -0.000617733 0.00563066 0.00085291 9.51765e-05 0.00085291 0.00210141)
(0.02 0.000334094 0.00513229 0.000334094 0.00829816 -0.000616146 0.00513229 -0.000616146 0.00712436)
(0.012226 -0.000122646 0.00651493 -0.000122646 0.00846392 -0.00173857 0.00651493 -0.00173857 0.00812069)
(0.00944741 -0.000752917 0.00274276 -0.000752917 0.00780457 -0.00107348 0.00274276 -0.00107348 0.00801739)
(0.0101822 0.000980019 0.00257481 0.000980019 0.00550363 -0.00143708 0.00257481 -0.00143708 0.00904589)
(0.0165205 -0.00173799 0.00206035 -0.00173799 0.0090884 -0.000311219 0.00206035 -0.000311219 0.00780788)
(0.013657 -0.00328746 -0.00174237 -0.00328746 0.00823496 -0.000934245 -0.00174237 -0.000934245 0.00971016)
(0.0099586 -0.00261344 -0.000883539 -0.00261344 0.00961109 0.000784639 -0.000883539 0.000784639 0.00918186)
(0.0207671 -0.00228552 0.00267051 -0.00228552 0.00767117 -0.00257569 0.00267051 -0.00257569 0.00714295)
(0.014967 -0.00214547 -0.00056948 -0.00214547 0.00686624 -0.00194103 -0.00056948 -0.00194103 0.0102005)
(0.00669538 -0.00317582 0.00341646 -0.00317582 0.00898703 -0.00270884 0.00341646 -0.00270884 0.00653812)
(0.0141271 -0.00385243 0.00207918 -0.00385243 0.00888719 -0.00210138 0.00207918 -0.00210138 0.00758105)
(0.00508057 -0.000498283 0.00472939 -0.000498283 0.00920611 -0.00162177 0.00472939 -0.00162177 0.00672881)
(0.0151905 -0.00417637 -0.00163318 -0.00417637 0.0117044 -0.00140188 -0.00163318 -0.00140188 0.0108188)
(0.0229755 -0.001947 0.00231138 -0.001947 0.00837356 -0.00322453 0.00231138 -0.00322453 0.00665847)
(0.015011 -0.00472976 0.00188573 -0.00472976 0.00962584 -0.00269519 0.00188573 -0.00269519 0.00702524)
(0.0149321 -0.00176827 -0.00131759 -0.00176827 0.00915525 -0.0022101 -0.00131759 -0.0022101 0.00437798)
(0.00773925 -0.00116519 -0.00142908 -0.00116519 0.00532156 -0.00312112 -0.00142908 -0.00312112 0.00551307)
(0.0113422 -0.00289723 -0.000238939 -0.00289723 0.00895828 -0.00227056 -0.000238939 -0.00227056 0.0077212)
(0.011359 -0.00357356 0.00213999 -0.00357356 0.00936006 -0.00288206 0.00213999 -0.00288206 0.00594065)
(0.0141055 -0.00253342 0.00347565 -0.00253342 0.00953131 -0.0016646 0.00347565 -0.0016646 0.00861732)
(0.0102108 -0.00487594 0.0026745 -0.00487594 0.00971481 -0.00338343 0.0026745 -0.00338343 0.0058935)
(0.0190002 -0.00397476 0.000804614 -0.00397476 0.00925239 -0.00424845 0.000804614 -0.00424845 0.00509953)
(0.0137531 0.00189603 0.00340899 0.00189603 0.00743257 -0.000277604 0.00340899 -0.000277604 0.0017888)
(0.0189918 -0.00152173 0.00159921 -0.00152173 0.00926645 0.001133 0.00159921 0.001133 0.00315241)
(0.0116673 0.00187355 0.00323863 0.00187355 0.0052796 0.00229621 0.00323863 0.00229621 0.00780768)
(0.00891628 0.000381966 -0.00064389 0.000381966 0.00915365 -0.00120905 -0.00064389 -0.00120905 0.00456061)
(0.0163148 -0.00532473 0.00166922 -0.00532473 0.011001 0.00113031 0.00166922 0.00113031 0.00740466)
(0.0142313 -0.00804628 0.00110779 -0.00804628 0.0110439 -0.00443986 0.00110779 -0.00443986 0.00516057)
(0.012644 0.00126144 0.00349847 0.00126144 0.0074156 -0.000491661 0.00349847 -0.000491661 0.00686242)
(0.0117536 0.00140462 0.00365591 0.00140462 0.00745355 -0.000568647 0.00365591 -0.000568647 0.00674273)
(0.0129282 0.000746684 0.00389452 0.000746684 0.00754946 -0.000471291 0.00389452 -0.000471291 0.00750616)
(0.0178134 -0.00498346 0.00313203 -0.00498346 0.0101664 -0.00107065 0.00313203 -0.00107065 0.00779159)
(0.0179048 -0.00234772 -0.00119279 -0.00234772 0.00871216 0.00259819 -0.00119279 0.00259819 0.00660129)
(0.0205169 0.000103004 0.000253925 0.000103004 0.00697902 0.00389528 0.000253925 0.00389528 0.0105211)
(0.0184139 -0.00148697 0.000813629 -0.00148697 0.00826148 0.00303658 0.000813629 0.00303658 0.00824354)
(0.0188917 -0.000725732 -0.000600924 -0.000725732 0.00814602 0.00231753 -0.000600924 0.00231753 0.00456014)
(0.0153678 -0.00150827 0.00178383 -0.00150827 0.00893429 0.000752321 0.00178383 0.000752321 0.00399985)
(0.014245 -0.00232153 0.00317848 -0.00232153 0.00928617 -0.00345191 0.00317848 -0.00345191 0.00553438)
(0.00929882 -0.00128443 0.00379656 -0.00128443 0.00968818 -0.00175403 0.00379656 -0.00175403 0.00441776)
(0.0134875 -0.00337766 0.000757217 -0.00337766 0.0114477 0.000630768 0.000757217 0.000630768 0.0078161)
(0.0167171 -0.00321191 0.00340265 -0.00321191 0.00980692 -0.000496434 0.00340265 -0.000496434 0.00615412)
(0.0181846 -0.0031186 -0.000379105 -0.0031186 0.00909265 0.00215978 -0.000379105 0.00215978 0.00727235)
(0.0108287 -0.00484786 -0.000199201 -0.00484786 0.0113913 0.000124614 -0.000199201 0.000124614 0.00724534)
(0.0129023 0.00157567 0.0033848 0.00157567 0.00714242 -0.000641115 0.0033848 -0.000641115 0.00466055)
(0.0169649 -0.000708544 0.000746733 -0.000708544 0.00903744 0.000832345 0.000746733 0.000832345 0.00428089)
(0.0121667 -0.00244631 0.0018214 -0.00244631 0.00980586 -0.0018841 0.0018214 -0.0018841 0.0108804)
(0.00990263 -0.00535666 -0.00402318 -0.00535666 0.0116554 -0.000209143 -0.00402318 -0.000209143 0.0100277)
(0.00634376 -0.00451204 0.00174873 -0.00451204 0.0091719 -0.00492532 0.00174873 -0.00492532 0.00727154)
(0.00843968 0.0015901 0.00480723 0.0015901 0.00399136 -0.00237013 0.00480723 -0.00237013 0.00521349)
(0.00643995 -0.00481679 0.00413692 -0.00481679 0.0102293 -0.00356264 0.00413692 -0.00356264 0.00603214)
(0.0164537 -0.00474044 0.00481538 -0.00474044 0.0105026 -0.00243051 0.00481538 -0.00243051 0.00936628)
(0.0115552 -0.00410036 0.00421568 -0.00410036 0.0098819 -0.00211136 0.00421568 -0.00211136 0.00783138)
(0.00773944 -0.00534724 -0.00187679 -0.00534724 0.011435 -0.000988537 -0.00187679 -0.000988537 0.00788359)
(0.00390834 0.000177886 0.00123301 0.000177886 0.00274957 -0.000497973 0.00123301 -0.000497973 0.00708323)
(0.0110218 -0.00279449 0.00254593 -0.00279449 0.00745468 -0.000723698 0.00254593 -0.000723698 0.0066475)
(0.0123678 0.000907261 0.00335678 0.000907261 0.00771916 -0.000638998 0.00335678 -0.000638998 0.00564025)
(0.0110336 -0.00150815 0.000837838 -0.00150815 0.00819402 -0.00228894 0.000837838 -0.00228894 0.0054521)
(0.00694907 -0.00270662 0.000346111 -0.00270662 0.00755324 -0.00277336 0.000346111 -0.00277336 0.00418505)
(0.00866384 -0.00467592 0.00242544 -0.00467592 0.0102394 -0.00398408 0.00242544 -0.00398408 0.0050239)
(0.0111693 -0.0023589 0.00464619 -0.0023589 0.00936862 -0.00127306 0.00464619 -0.00127306 0.0077802)
(0.00855156 -0.00349254 -0.000689416 -0.00349254 0.00800522 -0.0030022 -0.000689416 -0.0030022 0.00490601)
(0.0155956 -0.00411217 1.48667e-05 -0.00411217 0.00738579 -0.00306357 1.48667e-05 -0.00306357 0.00582181)
(0.0208764 0.00155525 0.00530074 0.00155525 0.00763785 -0.00030899 0.00530074 -0.00030899 0.00695311)
(0.0176215 0.00066055 0.0025085 0.00066055 0.00793478 0.000563744 0.0025085 0.000563744 0.00750369)
(0.0067165 -0.000416246 0.00118403 -0.000416246 0.00525062 -0.00226961 0.00118403 -0.00226961 0.00913153)
(0.0252039 0.000324701 0.00305631 0.000324701 0.00688014 0.00116876 0.00305631 0.00116876 0.00605212)
(0.0149365 -0.00470798 0.000337606 -0.00470798 0.0115469 0.000261773 0.000337606 0.000261773 0.00841891)
(0.00821166 -0.0013302 0.00258375 -0.0013302 0.00690435 -0.00176075 0.00258375 -0.00176075 0.00654482)
(0.0124849 -0.00363571 0.00161489 -0.00363571 0.00955594 -0.00246133 0.00161489 -0.00246133 0.00692409)
(0.00877067 -0.00212184 0.000399804 -0.00212184 0.00968691 6.29667e-05 0.000399804 6.29667e-05 0.00693721)
(0.0130929 -0.00409899 -0.00260573 -0.00409899 0.00791316 0.000728719 -0.00260573 0.000728719 0.00625784)
(0.018381 -0.00101955 -0.00185029 -0.00101955 0.00660221 0.00240374 -0.00185029 0.00240374 0.00716561)
(0.0176917 -0.00133069 -0.00212134 -0.00133069 0.00711441 0.00306639 -0.00212134 0.00306639 0.00947898)
(0.0162529 -0.00106508 -0.000859015 -0.00106508 0.00539708 0.00350849 -0.000859015 0.00350849 0.0116968)
(0.0180584 -0.00138096 -0.00159876 -0.00138096 0.00660856 0.00373096 -0.00159876 0.00373096 0.0106591)
(0.0138828 -0.000733375 -0.000137726 -0.000733375 0.00524119 0.00158805 -0.000137726 0.00158805 0.00967069)
(0.0153421 0.000781159 0.00303277 0.000781159 0.0075259 0.00112426 0.00303277 0.00112426 0.00675589)
(0.00924676 -0.00247701 0.000261666 -0.00247701 0.00841996 -0.00187115 0.000261666 -0.00187115 0.0059633)
(0.0213151 -0.00337321 0.00264696 -0.00337321 0.00911454 -0.000100317 0.00264696 -0.000100317 0.00839512)
(0.0113389 -0.00179897 0.00264872 -0.00179897 0.00929833 -0.0015826 0.00264872 -0.0015826 0.00819543)
(0.0163804 0.000341339 0.0015612 0.000341339 0.00705805 0.00207869 0.0015612 0.00207869 0.00800442)
(0.0210391 -0.00358112 -0.00511279 -0.00358112 0.0107667 -0.00180948 -0.00511279 -0.00180948 0.0108815)
(0.00404868 0.00172054 0.000813555 0.00172054 0.00552497 0.000571983 0.000813555 0.000571983 0.00329501)
(0.0154312 0.00213161 0.00365007 0.00213161 0.00736185 0.00020103 0.00365007 0.00020103 0.0056059)
(0.00791259 0.000297273 -8.48249e-06 0.000297273 0.0045556 0.000813842 -8.48249e-06 0.000813842 0.00812565)
(0.0193209 -0.00316591 -0.00119918 -0.00316591 0.00825902 0.0017795 -0.00119918 0.0017795 0.0091348)
(0.0105261 -0.00326519 0.00107647 -0.00326519 0.0112244 -0.000927406 0.00107647 -0.000927406 0.00677846)
(0.00210879 -0.00135222 0.000760505 -0.00135222 0.00145106 -0.000974372 0.000760505 -0.000974372 0.00687516)
(0.013116 0.00106262 0.00333613 0.00106262 0.00570689 -0.00316648 0.00333613 -0.00316648 0.00664759)
(0.0231058 -0.00328939 0.00198786 -0.00328939 0.0102699 0.000632473 0.00198786 0.000632473 0.00654733)
(0.0209073 -0.00279833 0.00434452 -0.00279833 0.00845772 -0.00335659 0.00434452 -0.00335659 0.00632678)
(0.0160013 -0.00477801 0.000183515 -0.00477801 0.00862828 -0.00278377 0.000183515 -0.00278377 0.00540437)
(0.0119269 -0.00113702 0.00208874 -0.00113702 0.00994785 9.30848e-05 0.00208874 9.30848e-05 0.00583777)
(0.013947 -0.00446971 0.00142165 -0.00446971 0.0105063 0.000580338 0.00142165 0.000580338 0.00775967)
(0.00636442 -0.000446994 0.00085563 -0.000446994 0.00234012 0.0005751 0.00085563 0.0005751 0.00470746)
(0.0111718 -0.00348327 0.00102767 -0.00348327 0.00972189 -0.00228019 0.00102767 -0.00228019 0.00657586)
(0.011115 -0.00347437 0.00184282 -0.00347437 0.0107538 -0.000321058 0.00184282 -0.000321058 0.00739651)
(0.0161584 -0.00379968 -0.00128208 -0.00379968 0.00960153 -0.00388822 -0.00128208 -0.00388822 0.0072258)
(0.00919626 -0.005005 -0.000528769 -0.005005 0.00933402 -0.00301682 -0.000528769 -0.00301682 0.00526171)
(0.0129936 -0.00121286 0.00294756 -0.00121286 0.00871691 -0.00126821 0.00294756 -0.00126821 0.00806944)
(0.00971213 -0.00293964 0.00136088 -0.00293964 0.00781018 -0.000376995 0.00136088 -0.000376995 0.00623451)
(0.0136175 -0.00235857 -0.000311365 -0.00235857 0.00662497 -0.00383934 -0.000311365 -0.00383934 0.00620509)
(0.014852 0.00186987 0.00248147 0.00186987 0.00663903 0.00175884 0.00248147 0.00175884 0.00629833)
(0.0151874 0.00212095 0.00330804 0.00212095 0.00609133 0.00270984 0.00330804 0.00270984 0.00724799)
(0.00557115 -0.00422056 -0.00265606 -0.00422056 0.00991606 -0.000859535 -0.00265606 -0.000859535 0.0113515)
(0.0152442 -0.000558839 -0.00215882 -0.000558839 0.00585096 0.00283308 -0.00215882 0.00283308 0.00750668)
(0.018107 0.00191385 0.00421428 0.00191385 0.00694195 -0.00189059 0.00421428 -0.00189059 0.00829184)
(0.00864305 -0.00562357 0.00160073 -0.00562357 0.00878302 -0.00323959 0.00160073 -0.00323959 0.0060795)
(0.013034 -0.00595294 0.00209066 -0.00595294 0.0104154 -0.00351206 0.00209066 -0.00351206 0.00587157)
(0.0048295 0.00103759 0.000514148 0.00103759 0.00477146 0.00141233 0.000514148 0.00141233 0.0027528)
(0.0169204 -0.000340504 -0.000326466 -0.000340504 0.0111033 -0.00178126 -0.000326466 -0.00178126 0.00779035)
(0.0113015 -0.000609485 -0.000931357 -0.000609485 0.0103283 -0.00219894 -0.000931357 -0.00219894 0.00566238)
(0.0117477 -0.00187841 -0.00139755 -0.00187841 0.0109543 -0.00304268 -0.00139755 -0.00304268 0.00840454)
(0.0178954 0.000521812 0.00078739 0.000521812 0.00540736 0.00375136 0.00078739 0.00375136 0.0107765)
(0.0108755 0.000329896 0.00124257 0.000329896 0.00746685 0.001118 0.00124257 0.001118 0.0109867)
(0.0130551 -0.0015365 0.00276645 -0.0015365 0.00403877 -0.0019873 0.00276645 -0.0019873 0.00992436)
(0.0158302 0.00142312 0.00272425 0.00142312 0.00727144 0.00130917 0.00272425 0.00130917 0.00459317)
(0.00854908 -0.00245191 0.000700895 -0.00245191 0.0086046 -0.000799846 0.000700895 -0.000799846 0.00354248)
(0.0214684 -0.00210229 0.00150324 -0.00210229 0.00861906 0.00148569 0.00150324 0.00148569 0.0103135)
(0.0195096 -0.00233957 0.00296034 -0.00233957 0.00958615 -0.000221066 0.00296034 -0.000221066 0.00601174)
(0.0104172 0.00111978 -0.000415568 0.00111978 0.00554325 -0.00177395 -0.000415568 -0.00177395 0.00511839)
(0.0195834 -0.00320982 -0.000897807 -0.00320982 0.0105264 0.00113914 -0.000897807 0.00113914 0.0110319)
(0.00894728 -0.00344432 0.000647457 -0.00344432 0.00932732 -0.0025341 0.000647457 -0.0025341 0.00529704)
(0.0178956 0.00196494 0.00276629 0.00196494 0.00730493 0.000442462 0.00276629 0.000442462 0.00238767)
(0.0129907 -0.0004887 0.00334291 -0.0004887 0.0065707 0.000876137 0.00334291 0.000876137 0.0117133)
(0.0105739 4.5496e-05 -0.0011237 4.5496e-05 0.00535803 0.00347056 -0.0011237 0.00347056 0.0107845)
(0.013282 -0.0036534 0.00394378 -0.0036534 0.00966105 -0.00157782 0.00394378 -0.00157782 0.00714422)
(0.0045256 -0.00184144 0.000964873 -0.00184144 0.00754086 0.000476779 0.000964873 0.000476779 0.00236566)
(0.00723391 -0.0027043 5.96121e-05 -0.0027043 0.0095927 -0.000185109 5.96121e-05 -0.000185109 0.0076905)
(0.0109421 -0.00301118 0.00147154 -0.00301118 0.00972594 0.00127578 0.00147154 0.00127578 0.00466458)
(0.0109531 -0.00136755 0.00179407 -0.00136755 0.00782292 -0.00370221 0.00179407 -0.00370221 0.00500352)
(0.0158239 -0.00653043 0.00061514 -0.00653043 0.0100673 -0.00412036 0.00061514 -0.00412036 0.00492819)
(0.00762988 -0.00107725 -0.000749163 -0.00107725 0.00703221 -0.00237447 -0.000749163 -0.00237447 0.00379565)
(0.0104002 -0.00476101 -0.000117246 -0.00476101 0.0111212 -0.000809479 -0.000117246 -0.000809479 0.00821824)
(0.0130128 -0.00313364 -0.00129661 -0.00313364 0.00920149 -0.00290166 -0.00129661 -0.00290166 0.00574879)
(0.0171479 -0.00222381 0.00341667 -0.00222381 0.00926475 -0.00183372 0.00341667 -0.00183372 0.00580967)
(0.0101981 -0.00439602 0.000699617 -0.00439602 0.0111694 -0.000354979 0.000699617 -0.000354979 0.00757343)
(0.012947 -0.00411268 -0.000170167 -0.00411268 0.0119598 0.000319846 -0.000170167 0.000319846 0.007303)
(0.00773454 0.00173583 0.00104119 0.00173583 0.00699865 -0.00150943 0.00104119 -0.00150943 0.00457583)
(0.00893302 -0.00264198 0.00366215 -0.00264198 0.00857296 -0.00176911 0.00366215 -0.00176911 0.00716723)
(0.0133336 -0.00178869 0.00175035 -0.00178869 0.00822358 0.000127589 0.00175035 0.000127589 0.00847912)
(0.00924428 -0.00128227 0.00110341 -0.00128227 0.00854116 -0.00286761 0.00110341 -0.00286761 0.00574915)
(0.0101879 0.000965496 0.00183483 0.000965496 0.00506215 0.00174739 0.00183483 0.00174739 0.0101204)
(0.0118309 4.48776e-05 0.00149259 4.48776e-05 0.00720726 -3.15793e-05 0.00149259 -3.15793e-05 0.00903711)
(0.0123483 -0.00273687 -0.00379537 -0.00273687 0.0111702 -0.00207469 -0.00379537 -0.00207469 0.00824012)
(0.0105472 -0.00459849 -0.00429529 -0.00459849 0.0110575 -0.00169117 -0.00429529 -0.00169117 0.00965311)
(0.0144217 -6.14235e-05 0.00469743 -6.14235e-05 0.00821329 -0.00164166 0.00469743 -0.00164166 0.00737821)
(0.0182003 0.000190977 0.00205743 0.000190977 0.00738442 -0.00307289 0.00205743 -0.00307289 0.00768903)
(0.0171573 -0.00354895 0.00296769 -0.00354895 0.00916658 -0.00238789 0.00296769 -0.00238789 0.00586503)
(0.0163797 -0.00435741 0.00207235 -0.00435741 0.00919462 -0.00196377 0.00207235 -0.00196377 0.00790343)
(0.0159368 -0.000121311 0.000680458 -0.000121311 0.0109809 -0.0019992 0.000680458 -0.0019992 0.00705955)
(0.0167338 -8.68924e-06 0.000292884 -8.68924e-06 0.010943 -0.00247882 0.000292884 -0.00247882 0.00790164)
(0.00840629 0.000536297 0.00176278 0.000536297 0.00238215 -0.000671015 0.00176278 -0.000671015 0.00393133)
(0.0155204 0.000348296 0.00183987 0.000348296 0.00635141 0.00263892 0.00183987 0.00263892 0.00885652)
(0.0138064 -0.00337764 -0.00194425 -0.00337764 0.0110447 1.51424e-05 -0.00194425 1.51424e-05 0.0106878)
(0.0126355 -0.00197816 0.00164087 -0.00197816 0.00703807 -0.0022618 0.00164087 -0.0022618 0.00794784)
(0.0156737 -0.00163903 0.00188235 -0.00163903 0.00866299 0.000324477 0.00188235 0.000324477 0.00562078)
(0.00832691 -0.00457116 -0.00227865 -0.00457116 0.0112573 -0.00269874 -0.00227865 -0.00269874 0.006939)
(0.0123032 0.00239878 0.00252165 0.00239878 0.00480247 0.00180752 0.00252165 0.00180752 0.00761956)
(0.026963 -0.00474679 -0.00173134 -0.00474679 0.00906528 0.00234684 -0.00173134 0.00234684 0.0105631)
(0.0129129 -0.000127307 -0.00165914 -0.000127307 0.00612204 0.0031776 -0.00165914 0.0031776 0.00677469)
(0.0112796 -0.00224843 5.99017e-05 -0.00224843 0.00843167 0.000280569 5.99017e-05 0.000280569 0.00467843)
(0.00817415 -0.00321385 0.00124129 -0.00321385 0.00942351 -0.00260001 0.00124129 -0.00260001 0.00577505)
(0.0153159 -0.000177408 0.00254983 -0.000177408 0.00860063 0.000439815 0.00254983 0.000439815 0.00413018)
(0.0138989 0.000549394 0.00228262 0.000549394 0.00590243 0.00175178 0.00228262 0.00175178 0.00963371)
(0.00786815 -0.00366871 -0.00226711 -0.00366871 0.011341 -0.00348068 -0.00226711 -0.00348068 0.00823513)
(0.0108948 -0.00432529 0.00372262 -0.00432529 0.0101086 -0.0022599 0.00372262 -0.0022599 0.00826727)
(0.0114911 0.00124753 0.00126467 0.00124753 0.00710815 0.000854748 0.00126467 0.000854748 0.00513914)
(0.0126881 -0.00404795 -0.00090526 -0.00404795 0.0116591 -0.000609772 -0.00090526 -0.000609772 0.0101159)
(0.0114784 -0.00488579 0.000875134 -0.00488579 0.0104635 0.00107823 0.000875134 0.00107823 0.00668426)
(0.00749881 -0.00349801 0.000567364 -0.00349801 0.00896135 0.00161261 0.000567364 0.00161261 0.00604554)
(0.0129255 -0.000275712 0.002517 -0.000275712 0.00725755 0.00173709 0.002517 0.00173709 0.00698299)
(0.0123736 -0.00232009 -0.000410769 -0.00232009 0.00750262 -0.000881555 -0.000410769 -0.000881555 0.00407968)
(0.0107738 -0.00357717 -0.000909576 -0.00357717 0.0108659 -0.00215051 -0.000909576 -0.00215051 0.00908837)
(0.0124358 -0.00209485 9.87146e-05 -0.00209485 0.00928623 -0.00225761 9.87146e-05 -0.00225761 0.0071836)
(0.0188638 -0.00214123 0.00433764 -0.00214123 0.00859338 -0.00186383 0.00433764 -0.00186383 0.00813376)
(0.00673255 0.00119998 0.00157891 0.00119998 0.00512274 -0.00127415 0.00157891 -0.00127415 0.00247353)
(0.0108352 -0.00218237 0.00257779 -0.00218237 0.0110287 -0.0014978 0.00257779 -0.0014978 0.00514322)
(0.00435969 -0.00558157 -0.00133746 -0.00558157 0.0107832 -0.00020979 -0.00133746 -0.00020979 0.00520723)
(0.000149622 -0.000741592 0.000275753 -0.000741592 0.00405866 -0.00166539 0.000275753 -0.00166539 0.00229798)
(0.00301911 -0.00104047 0.00101903 -0.00104047 0.00456016 -0.00202155 0.00101903 -0.00202155 0.00283545)
(0.0097175 0.000653732 0.0010111 0.000653732 0.00764433 0.00166145 0.0010111 0.00166145 0.00432601)
(0.0132844 -0.00128851 -0.000741431 -0.00128851 0.0113731 -0.00310814 -0.000741431 -0.00310814 0.00744156)
(0.0170273 -0.000261947 0.00279704 -0.000261947 0.010273 -0.00266486 0.00279704 -0.00266486 0.0108422)
(0.0182869 0.000701634 0.000654148 0.000701634 0.0104457 -0.0013465 0.000654148 -0.0013465 0.0078005)
(0.00884402 -0.00440198 -0.000729702 -0.00440198 0.011267 -0.000723402 -0.000729702 -0.000723402 0.00741588)
(0.00580442 -0.00142066 -0.00014433 -0.00142066 0.00790982 -0.000843102 -0.00014433 -0.000843102 0.00316576)
(0.000411404 -0.000429908 0.00132587 -0.000429908 0.00601489 -0.00231407 0.00132587 -0.00231407 0.00344569)
(0.0069476 -0.00273691 0.00250047 -0.00273691 0.00819388 -0.00239582 0.00250047 -0.00239582 0.00546832)
(0.0161071 -0.00344143 0.00211703 -0.00344143 0.00835365 -0.00208421 0.00211703 -0.00208421 0.00488255)
(0.00991805 -0.000735326 -0.00148933 -0.000735326 0.00580504 0.00179988 -0.00148933 0.00179988 0.00377992)
(0.00844523 1.5541e-05 -6.32973e-05 1.5541e-05 0.00625644 0.00256445 -6.32973e-05 0.00256445 0.00759898)
(0.0119166 -0.000994355 0.00245618 -0.000994355 0.00902694 -0.00160734 0.00245618 -0.00160734 0.00723645)
(0.0165625 -0.0030249 0.00246593 -0.0030249 0.00904864 -0.000680535 0.00246593 -0.000680535 0.00600747)
(0.0188024 -0.00153794 0.00304889 -0.00153794 0.00800614 0.000889179 0.00304889 0.000889179 0.00923437)
(0.0164981 0.0013051 0.00287248 0.0013051 0.00668713 0.00205863 0.00287248 0.00205863 0.00474667)
(0.0105059 0.00238058 0.00325184 0.00238058 0.00602625 0.000875792 0.00325184 0.000875792 0.00344485)
(0.00778176 -0.00297738 -0.000359602 -0.00297738 0.011119 -0.00225136 -0.000359602 -0.00225136 0.00582053)
(0.0176009 -0.00287929 0.000621229 -0.00287929 0.00709817 0.000878859 0.000621229 0.000878859 0.0103595)
(0.0187245 -0.000214443 -0.000666885 -0.000214443 0.00584489 0.00312852 -0.000666885 0.00312852 0.00914181)
(0.0173877 -0.0022547 -0.00398497 -0.0022547 0.00675387 0.00401904 -0.00398497 0.00401904 0.00845364)
(0.00716112 -0.00303121 0.00427232 -0.00303121 0.0099043 -0.00232397 0.00427232 -0.00232397 0.00702757)
(0.00349635 -0.00377464 0.0048329 -0.00377464 0.0102709 -0.00242674 0.0048329 -0.00242674 0.00723953)
(0.0137704 -0.00203345 0.00381448 -0.00203345 0.00924368 -0.000740939 0.00381448 -0.000740939 0.00760043)
(0.00864039 0.000436746 -0.00206214 0.000436746 0.00597903 0.00181626 -0.00206214 0.00181626 0.0085642)
(0.0110916 -0.000320931 0.00267122 -0.000320931 0.00325564 -0.000423794 0.00267122 -0.000423794 0.00986661)
(0.0096917 -0.00223026 0.00342183 -0.00223026 0.00851158 -0.00199084 0.00342183 -0.00199084 0.0071553)
(0.0148586 -0.000662528 -3.07774e-05 -0.000662528 0.00724673 -0.000881663 -3.07774e-05 -0.000881663 0.00480199)
(0.0078847 -0.0048351 -0.00119293 -0.0048351 0.00854272 -0.00321682 -0.00119293 -0.00321682 0.0053957)
(0.0030053 -0.000493596 -0.0007149 -0.000493596 0.00602648 0.0014819 -0.0007149 0.0014819 0.00931067)
(0.0145889 -0.00341062 0.00239355 -0.00341062 0.0103539 4.20408e-05 0.00239355 4.20408e-05 0.00827228)
(0.0164103 -0.00347563 0.00224478 -0.00347563 0.0104638 0.000513249 0.00224478 0.000513249 0.00772632)
(0.00820648 -0.000143445 0.00172571 -0.000143445 0.00548694 -0.000554075 0.00172571 -0.000554075 0.00214961)
(0.00717436 -0.00348288 0.000688834 -0.00348288 0.00953596 -0.00249231 0.000688834 -0.00249231 0.0052477)
(0.0126373 -0.00189837 0.00283634 -0.00189837 0.00913019 -0.00126086 0.00283634 -0.00126086 0.00660916)
(0.00497589 -0.000659392 -0.000240942 -0.000659392 0.00584434 8.32975e-06 -0.000240942 8.32975e-06 0.00183416)
(0.00989367 -0.00260722 0.00270136 -0.00260722 0.00935159 -0.00175993 0.00270136 -0.00175993 0.00690413)
(0.0179299 0.00283944 0.00396395 0.00283944 0.00687736 0.000156003 0.00396395 0.000156003 0.00241733)
(0.00886885 -0.00321199 -0.000373737 -0.00321199 0.0114967 -0.0021084 -0.000373737 -0.0021084 0.00733111)
(0.0114135 -0.00473677 0.00100031 -0.00473677 0.010502 0.00081859 0.00100031 0.00081859 0.0066107)
(0.00478813 -0.00228738 0.00143649 -0.00228738 0.00772754 -0.00218843 0.00143649 -0.00218843 0.00645609)
(0.012835 -0.000940124 0.00153178 -0.000940124 0.00861649 -0.000410856 0.00153178 -0.000410856 0.0030578)
(0.00887585 -0.00407097 -0.000132603 -0.00407097 0.0114354 -0.000683797 -0.000132603 -0.000683797 0.00582745)
(0.0170505 4.65252e-05 5.03669e-05 4.65252e-05 0.00626137 0.00297564 5.03669e-05 0.00297564 0.0106892)
(0.0147788 0.00027649 0.00190535 0.00027649 0.0102264 -0.000794641 0.00190535 -0.000794641 0.00555152)
(0.0115885 -0.00143758 0.001425 -0.00143758 0.0112113 -0.00165178 0.001425 -0.00165178 0.00581051)
(0.00734521 -0.00469709 -0.000911381 -0.00469709 0.0114633 -0.00107901 -0.000911381 -0.00107901 0.00656629)
(0.0081356 -0.00296998 0.000955399 -0.00296998 0.00989495 0.000742515 0.000955399 0.000742515 0.00548403)
(0.00373675 -0.00056189 0.000691799 -0.00056189 0.00641666 -0.00172138 0.000691799 -0.00172138 0.00337352)
(0.00620899 -0.00185609 0.00193721 -0.00185609 0.00297876 -0.00147709 0.00193721 -0.00147709 0.00291827)
(0.0151947 -0.00110395 -0.00140185 -0.00110395 0.00696268 0.000717525 -0.00140185 0.000717525 0.00429052)
(0.01638 0.000646443 0.00108646 0.000646443 0.00671252 0.00260272 0.00108646 0.00260272 0.00741291)
(0.0140969 -0.00014274 0.00396124 -0.00014274 0.00839275 -0.000645827 0.00396124 -0.000645827 0.00773572)
(0.0179376 0.00369488 0.00375337 0.00369488 0.00618474 0.00147297 0.00375337 0.00147297 0.00542127)
(0.0212938 -0.00495977 0.00200076 -0.00495977 0.00943796 8.92263e-05 0.00200076 8.92263e-05 0.00988236)
(0.0161986 -0.00184832 0.00177056 -0.00184832 0.00866092 0.000165856 0.00177056 0.000165856 0.0080315)
