/*--------------------------------*- C++ -*----------------------------------*\
  =========                 |
  \\      /  F ield         | OpenFOAM: The Open Source CFD Toolbox
   \\    /   O peration     | Website:  https://openfoam.org
    \\  /    A nd           | Version:  10
     \\/     M anipulation  |
\*---------------------------------------------------------------------------*/
FoamFile
{
    format      ascii;
    class       volTensorField;
    location    "7";
    object      TauNN;
}
// * * * * * * * * * * * * * * * * * * * * * * * * * * * * * * * * * * * * * //

dimensions      [0 2 -2 0 0 0 0];

internalField   nonuniform List<tensor> 
25600
(
(0.000587686 -0.00239921 0.00458163 -0.00239921 0.00819129 -0.00271788 0.00458163 -0.00271788 0.00642328)
(-0.000327622 -0.00261669 0.00506165 -0.00261669 0.00872479 -0.0024015 0.00506165 -0.0024015 0.00748548)
(0.00115643 -0.00253155 0.00380433 -0.00253155 0.00772216 -0.00274984 0.00380433 -0.00274984 0.00602873)
(-0.00162077 -0.00294617 0.00545427 -0.00294617 0.00941011 -0.00139844 0.00545427 -0.00139844 0.00861133)
(-0.00144429 -0.0032196 0.00566253 -0.0032196 0.00965133 -0.00145991 0.00566253 -0.00145991 0.00899802)
(-0.0017144 -0.00246786 0.00504756 -0.00246786 0.00926497 -0.00099873 0.00504756 -0.00099873 0.00832416)
(-0.00198504 -0.00261693 0.00516252 -0.00261693 0.00952661 -0.00112068 0.00516252 -0.00112068 0.00846453)
(0.000223081 -0.00339017 0.00550273 -0.00339017 0.00953236 -0.00173015 0.00550273 -0.00173015 0.00933722)
(0.000171368 -0.0025552 0.00510209 -0.0025552 0.00892285 -0.00236339 0.00510209 -0.00236339 0.00770955)
(-0.000315074 -0.0024571 0.00500411 -0.0024571 0.00894544 -0.00227457 0.00500411 -0.00227457 0.00766953)
(-0.000319675 -0.00329237 0.00631385 -0.00329237 0.0100989 -0.00212391 0.00631385 -0.00212391 0.00903208)
(0.00149329 -0.00339762 0.00561183 -0.00339762 0.00962638 -0.00206649 0.00561183 -0.00206649 0.00926995)
(0.00010897 -0.00292543 0.00515007 -0.00292543 0.00903022 -0.00258174 0.00515007 -0.00258174 0.00766912)
(-0.000312629 -0.00279627 0.00504816 -0.00279627 0.00889501 -0.00255375 0.00504816 -0.00255375 0.00748077)
(-0.000633844 -0.00297284 0.00531708 -0.00297284 0.0092485 -0.00205878 0.00531708 -0.00205878 0.00837345)
(4.33022e-05 -0.00348364 0.00568889 -0.00348364 0.00964088 -0.00192376 0.00568889 -0.00192376 0.00905551)
(0.000411731 -0.00260095 0.00499354 -0.00260095 0.0087556 -0.0026031 0.00499354 -0.0026031 0.00718962)
(0.00550672 -0.00246773 0.00325186 -0.00246773 0.00643962 -0.00303066 0.00325186 -0.00303066 0.00520336)
(0.000950195 -0.00242678 0.00420296 -0.00242678 0.00784972 -0.00277644 0.00420296 -0.00277644 0.00615482)
(-0.00060126 -0.00257363 0.0048043 -0.00257363 0.00853837 -0.00251344 0.0048043 -0.00251344 0.00716219)
(-0.00144106 -0.00304893 0.00546822 -0.00304893 0.00939491 -0.00149594 0.00546822 -0.00149594 0.00876686)
(-0.00118996 -0.00324698 0.00563967 -0.00324698 0.0095144 -0.00171073 0.00563967 -0.00171073 0.00878028)
(-0.000486643 -0.00301821 0.00532652 -0.00301821 0.0092501 -0.00209696 0.00532652 -0.00209696 0.00841644)
(0.00120036 -0.00248204 0.0044091 -0.00248204 0.00806756 -0.00286563 0.0044091 -0.00286563 0.00608335)
(0.0031445 -0.00175214 0.00338672 -0.00175214 0.00685577 -0.00262935 0.00338672 -0.00262935 0.00521127)
(-0.00199003 -0.00265002 0.00551193 -0.00265002 0.00981419 -0.00153869 0.00551193 -0.00153869 0.00844213)
(-0.000768743 -0.00292508 0.00645449 -0.00292508 0.0100909 -0.00225318 0.00645449 -0.00225318 0.00837691)
(0.00061468 -0.00362782 0.00601329 -0.00362782 0.0099267 -0.00197972 0.00601329 -0.00197972 0.00940098)
(0.000998957 -0.00270956 0.00493756 -0.00270956 0.00882639 -0.00273324 0.00493756 -0.00273324 0.00711014)
(0.00205544 -0.00236737 0.00422151 -0.00236737 0.00764103 -0.00287789 0.00422151 -0.00287789 0.00571842)
(-0.000196159 -0.00291409 0.00517488 -0.00291409 0.00917968 -0.0023887 0.00517488 -0.0023887 0.00792918)
(0.00144152 -0.00303619 0.00533402 -0.00303619 0.00940734 -0.00239687 0.00533402 -0.00239687 0.00848438)
(0.000917135 -0.00275252 0.00495624 -0.00275252 0.00874775 -0.00273721 0.00495624 -0.00273721 0.00709534)
(-0.000917326 -0.00297607 0.00536577 -0.00297607 0.00908985 -0.00185419 0.00536577 -0.00185419 0.00847523)
(-0.00103494 -0.00257027 0.00565134 -0.00257027 0.00991642 -0.00179203 0.00565134 -0.00179203 0.00825211)
(-2.47279e-05 -0.00345591 0.00556752 -0.00345591 0.00943234 -0.00180887 0.00556752 -0.00180887 0.00913825)
(0.00127225 -0.00124959 0.0042819 -0.00124959 0.00765226 -0.00216908 0.0042819 -0.00216908 0.00579167)
(-0.00146736 -0.00299906 0.00510237 -0.00299906 0.00939892 -0.00108419 0.00510237 -0.00108419 0.00923115)
(-0.00134014 -0.00286228 0.00603617 -0.00286228 0.00993629 -0.00192218 0.00603617 -0.00192218 0.00843222)
(-0.000261382 -0.00282678 0.00511743 -0.00282678 0.00894801 -0.00251733 0.00511743 -0.00251733 0.00760679)
(0.000587368 -0.00289359 0.00480345 -0.00289359 0.00886073 -0.00308713 0.00480345 -0.00308713 0.00819742)
(-0.000766783 -0.00229009 0.00565908 -0.00229009 0.00895427 -0.00253362 0.00565908 -0.00253362 0.00797197)
(0.00343616 0.000244467 0.00560248 0.000244467 0.00664187 -0.00291014 0.00560248 -0.00291014 0.00666604)
(0.00818851 -0.000858559 0.0055389 -0.000858559 0.0089361 -0.00175796 0.0055389 -0.00175796 0.00832114)
(0.00105797 -0.00127109 0.00410224 -0.00127109 0.00908655 -0.00122027 0.00410224 -0.00122027 0.00748776)
(-2.07448e-05 -6.61835e-05 0.00371124 -6.61835e-05 0.00879618 -0.00123466 0.00371124 -0.00123466 0.0066099)
(0.00388783 -0.000102746 0.00347965 -0.000102746 0.00937204 -0.00111507 0.00347965 -0.00111507 0.00565249)
(0.00363027 -0.00147888 0.00427874 -0.00147888 0.00991017 -0.00147056 0.00427874 -0.00147056 0.00647612)
(-1.88726e-05 -0.00218646 0.00557935 -0.00218646 0.00962029 -0.00191558 0.00557935 -0.00191558 0.00775777)
(0.000100466 -0.00244852 0.00481497 -0.00244852 0.00925496 -0.00173266 0.00481497 -0.00173266 0.00860139)
(0.00161831 -0.00280648 0.00512552 -0.00280648 0.00928391 -0.00219288 0.00512552 -0.00219288 0.00800604)
(0.000793545 -0.00323433 0.00638793 -0.00323433 0.0100377 -0.00272214 0.00638793 -0.00272214 0.00828415)
(0.000919821 -0.00100932 0.0067028 -0.00100932 0.00820241 -0.0027913 0.0067028 -0.0027913 0.0077659)
(0.00164978 -0.00108924 0.00661447 -0.00108924 0.00828224 -0.00299327 0.00661447 -0.00299327 0.00847825)
(0.000490752 -0.000905974 0.00642343 -0.000905974 0.00859007 -0.00236874 0.00642343 -0.00236874 0.00779149)
(0.000829072 -0.00148634 0.00562763 -0.00148634 0.0091818 -0.00208983 0.00562763 -0.00208983 0.00740616)
(0.00234646 -0.00254865 0.00530823 -0.00254865 0.00951374 -0.00259629 0.00530823 -0.00259629 0.00773491)
(0.00482602 -0.000153534 0.00366481 -0.000153534 0.00490085 -0.00456381 0.00366481 -0.00456381 0.00615821)
(0.00823678 0.000788506 0.00440599 0.000788506 0.00379775 -0.00389275 0.00440599 -0.00389275 0.00716736)
(0.00745988 0.000405495 0.00665696 0.000405495 0.00562033 -0.00229239 0.00665696 -0.00229239 0.008738)
(0.0047107 0.000710035 0.00383748 0.000710035 0.00877536 -0.00103491 0.00383748 -0.00103491 0.00560356)
(0.00146598 -1.21081e-05 0.00540762 -1.21081e-05 0.0086436 -0.0016902 0.00540762 -0.0016902 0.00675329)
(-0.000737651 -0.00125954 0.00551863 -0.00125954 0.00910146 -0.0020719 0.00551863 -0.0020719 0.00745661)
(0.00200721 -0.00277705 0.004252 -0.00277705 0.00853825 -0.00316306 0.004252 -0.00316306 0.00662564)
(0.00134517 -0.00162374 0.0063698 -0.00162374 0.0088638 -0.0029994 0.0063698 -0.0029994 0.00917767)
(0.00810711 -0.000342588 0.00276961 -0.000342588 0.00894274 -0.000472657 0.00276961 -0.000472657 0.00589397)
(0.0161841 0.000852739 0.00524678 0.000852739 0.00858631 -0.00173301 0.00524678 -0.00173301 0.00522335)
(0.00291219 -0.00360188 0.00513541 -0.00360188 0.0101995 -0.00263061 0.00513541 -0.00263061 0.00828802)
(0.00412616 -0.00460312 0.00382058 -0.00460312 0.00993059 -0.00284434 0.00382058 -0.00284434 0.00793151)
(0.00189957 -0.00298302 0.00453188 -0.00298302 0.00870956 -0.00310195 0.00453188 -0.00310195 0.00734362)
(0.00813245 0.00207316 0.00550673 0.00207316 0.00425275 -0.00210715 0.00550673 -0.00210715 0.00492207)
(0.00232292 -0.00155763 0.00564096 -0.00155763 0.0089276 -0.00254159 0.00564096 -0.00254159 0.00647118)
(0.00226764 -0.00316348 0.00367628 -0.00316348 0.00919249 -0.00302332 0.00367628 -0.00302332 0.00681918)
(-8.83604e-06 -0.00310058 0.00501515 -0.00310058 0.00932398 -0.00219359 0.00501515 -0.00219359 0.00860137)
(0.00110942 -0.00172756 0.00410044 -0.00172756 0.009247 -0.000557092 0.00410044 -0.000557092 0.00853523)
(0.000933537 -0.0028263 0.00610532 -0.0028263 0.00992945 -0.00205079 0.00610532 -0.00205079 0.00862649)
(-0.00160156 -0.00140439 0.00594651 -0.00140439 0.0088487 -0.00266225 0.00594651 -0.00266225 0.00844205)
(0.0101678 -0.000902851 0.00287713 -0.000902851 0.00848169 -0.000238689 0.00287713 -0.000238689 0.00724271)
(0.00533829 -0.00140365 0.00330569 -0.00140365 0.00928932 -0.000908708 0.00330569 -0.000908708 0.00757704)
(0.000131609 -0.00213664 0.00563676 -0.00213664 0.00878633 -0.00299158 0.00563676 -0.00299158 0.00841024)
(0.00203182 -0.00335018 0.0047012 -0.00335018 0.00876808 -0.00250866 0.0047012 -0.00250866 0.00588694)
(0.000203597 -0.00330613 0.0061077 -0.00330613 0.0098676 -0.00229795 0.0061077 -0.00229795 0.00761988)
(-0.000196359 -0.00340815 0.00588819 -0.00340815 0.00962881 -0.00183118 0.00588819 -0.00183118 0.00821083)
(0.0224772 -0.00524452 0.00158632 -0.00524452 0.0103146 0.00111838 0.00158632 0.00111838 0.00777756)
(0.0101416 0.000797863 0.00464907 0.000797863 0.00758513 -0.000333223 0.00464907 -0.000333223 0.00733482)
(0.0149794 -0.00333587 0.00388564 -0.00333587 0.00958557 0.000697573 0.00388564 0.000697573 0.00925906)
(0.0127169 -0.00272884 0.00406485 -0.00272884 0.00960041 0.000407401 0.00406485 0.000407401 0.00829885)
(0.0143888 -0.00473042 0.00235156 -0.00473042 0.00974568 -3.38675e-05 0.00235156 -3.38675e-05 0.00640875)
(0.0118536 -0.0042901 0.003855 -0.0042901 0.00992561 -0.00203559 0.003855 -0.00203559 0.0058463)
(0.00591098 -0.00287725 0.00534949 -0.00287725 0.0103832 -0.00194982 0.00534949 -0.00194982 0.00692292)
(0.0152629 -0.000722765 0.00334403 -0.000722765 0.00835135 -0.0020219 0.00334403 -0.0020219 0.00698448)
(0.0134932 -0.00702159 0.00220313 -0.00702159 0.0100783 -0.00369707 0.00220313 -0.00369707 0.00625439)
(0.0113152 -0.00659413 0.00389895 -0.00659413 0.0108286 -0.00388244 0.00389895 -0.00388244 0.00619071)
(0.00570945 -0.00455891 0.00427194 -0.00455891 0.00994855 -0.00259049 0.00427194 -0.00259049 0.00548878)
(0.00601506 -0.00363869 0.00474541 -0.00363869 0.00982405 -0.00215332 0.00474541 -0.00215332 0.00581207)
(0.00842103 -0.00197998 0.00347447 -0.00197998 0.00832233 -0.00124742 0.00347447 -0.00124742 0.0045511)
(0.014601 -0.00223694 0.00345931 -0.00223694 0.00935012 -0.00386505 0.00345931 -0.00386505 0.00559858)
(0.00485836 -0.000569276 0.00393847 -0.000569276 0.00663879 -0.0038196 0.00393847 -0.0038196 0.00624845)
(0.00569942 -0.00385579 0.000843087 -0.00385579 0.00765636 -0.00411578 0.000843087 -0.00411578 0.00750561)
(0.00951608 -0.00115298 0.00417565 -0.00115298 0.00877855 4.06494e-05 0.00417565 4.06494e-05 0.00396781)
(0.0185777 -0.00200839 0.00345613 -0.00200839 0.00906496 0.00144786 0.00345613 0.00144786 0.00750446)
(0.0116331 -0.00268748 0.00511558 -0.00268748 0.0096117 -0.000481361 0.00511558 -0.000481361 0.00772504)
(0.00928524 -0.00330001 0.00497523 -0.00330001 0.00994339 -0.00174916 0.00497523 -0.00174916 0.00737757)
(0.00821136 -0.00289221 -6.91721e-05 -0.00289221 0.00779996 -0.00309463 -6.91721e-05 -0.00309463 0.00710319)
(3.03088e-05 -0.00288789 0.0055243 -0.00288789 0.00915915 -0.00214884 0.0055243 -0.00214884 0.00537725)
(0.0150886 0.00130783 0.00216945 0.00130783 0.00568887 0.00353105 0.00216945 0.00353105 0.00863791)
(0.00908874 -0.00395317 -0.00312357 -0.00395317 0.0112426 -0.000866852 -0.00312357 -0.000866852 0.00712826)
(0.00494285 -0.00158347 0.00298284 -0.00158347 0.00695843 -0.000884987 0.00298284 -0.000884987 0.00745039)
(0.012788 -0.00170219 0.00353895 -0.00170219 0.00701125 -0.00285798 0.00353895 -0.00285798 0.0064913)
(0.00582886 -0.0054043 0.00270603 -0.0054043 0.0102032 -0.00359708 0.00270603 -0.00359708 0.00500128)
(0.00708273 -0.00208655 0.00427962 -0.00208655 0.00962488 -0.00204743 0.00427962 -0.00204743 0.00401929)
(0.00977664 -0.00543742 0.000493536 -0.00543742 0.0106978 0.000765051 0.000493536 0.000765051 0.00576656)
(0.00835094 -0.0032119 0.000310635 -0.0032119 0.00387352 -0.00254171 0.000310635 -0.00254171 0.0118065)
(0.00771658 -0.000335518 0.00354578 -0.000335518 0.0080739 -0.00160437 0.00354578 -0.00160437 0.00593746)
(0.00791588 0.0020321 0.00395422 0.0020321 0.00585907 0.000287354 0.00395422 0.000287354 0.00654519)
(0.0160752 -0.00411377 0.00571519 -0.00411377 0.00962906 -0.00170515 0.00571519 -0.00170515 0.0103292)
(0.00364504 -0.00411992 0.00622619 -0.00411992 0.0104926 -0.00217746 0.00622619 -0.00217746 0.0088039)
(0.0162953 -0.000103149 0.00308129 -0.000103149 0.00669509 0.00259862 0.00308129 0.00259862 0.0105111)
(0.0130216 -6.29239e-05 0.0036895 -6.29239e-05 0.0071306 0.0013693 0.0036895 0.0013693 0.00847263)
(0.00235301 -0.00419542 0.00520894 -0.00419542 0.00993646 -0.00265272 0.00520894 -0.00265272 0.00681971)
(0.0109986 -0.000744479 0.00222382 -0.000744479 0.00649971 -0.00321041 0.00222382 -0.00321041 0.0111417)
(0.00944789 -0.00138073 0.00663404 -0.00138073 0.00872861 -0.00226046 0.00663404 -0.00226046 0.00821823)
(0.00711942 -0.00458565 0.00462104 -0.00458565 0.00994096 -0.00233306 0.00462104 -0.00233306 0.00916477)
(0.0127686 -0.000768745 -0.00198411 -0.000768745 0.00775415 -0.00362206 -0.00198411 -0.00362206 0.00593531)
(0.00372855 -0.00394453 -0.00028942 -0.00394453 0.0106713 -0.00229661 -0.00028942 -0.00229661 0.00594088)
(0.020679 -0.00314704 -0.00297931 -0.00314704 0.00836611 0.00213453 -0.00297931 0.00213453 0.00953038)
(0.0138627 -0.000738511 0.000211034 -0.000738511 0.007189 0.00170263 0.000211034 0.00170263 0.00815888)
(0.00921979 0.000725846 0.00115552 0.000725846 0.00714664 -0.000312876 0.00115552 -0.000312876 0.0053932)
(0.00925616 -0.00268206 0.00128831 -0.00268206 0.00832059 -0.00231759 0.00128831 -0.00231759 0.00776635)
(0.0146219 -0.000686512 0.00531 -0.000686512 0.00836475 -0.00156984 0.00531 -0.00156984 0.0097259)
(0.00674771 -0.00237311 0.00136603 -0.00237311 0.00827542 -0.00268413 0.00136603 -0.00268413 0.00632587)
(0.0169455 -0.00237301 0.00420558 -0.00237301 0.0054298 -0.00292011 0.00420558 -0.00292011 0.00542121)
(0.0227603 -0.0031401 0.00215942 -0.0031401 0.00848032 -0.00265422 0.00215942 -0.00265422 0.00797074)
(0.0187652 -0.00218177 0.00180775 -0.00218177 0.00783806 -0.0037132 0.00180775 -0.0037132 0.0088772)
(0.0100776 -0.00190871 0.00100386 -0.00190871 0.00695471 -0.00312463 0.00100386 -0.00312463 0.00934722)
(0.00787434 -0.00127483 0.00139896 -0.00127483 0.00609094 -0.00275677 0.00139896 -0.00275677 0.00909297)
(0.0163213 -0.00319473 -0.000149647 -0.00319473 0.00800284 -0.00341601 -0.000149647 -0.00341601 0.00717459)
(0.0243109 -0.00395651 0.000302887 -0.00395651 0.00795111 -0.0018885 0.000302887 -0.0018885 0.00928232)
(0.00922618 -0.00195701 -0.000178965 -0.00195701 0.00294946 -0.00284128 -0.000178965 -0.00284128 0.00785768)
(0.0100567 -0.00116675 0.00183425 -0.00116675 0.00691431 -0.00262773 0.00183425 -0.00262773 0.0081083)
(0.0180617 -0.000841957 0.00158256 -0.000841957 0.00849839 8.44859e-05 0.00158256 8.44859e-05 0.00923676)
(0.0147939 -0.00139266 0.00190007 -0.00139266 0.00867236 -0.00208652 0.00190007 -0.00208652 0.00822634)
(0.0147144 -0.00235735 0.00146155 -0.00235735 0.00818877 -0.00240191 0.00146155 -0.00240191 0.0107723)
(0.0132328 -0.00178687 -0.000620007 -0.00178687 0.00801735 -0.00197335 -0.000620007 -0.00197335 0.0118107)
(0.00446619 -0.0039686 0.00284209 -0.0039686 0.00897042 -0.00290612 0.00284209 -0.00290612 0.00654981)
(0.0225645 -0.00270796 -0.00116909 -0.00270796 0.00529972 0.00178358 -0.00116909 0.00178358 0.0106238)
(0.0132367 -0.00153546 0.000367166 -0.00153546 0.0111055 -0.00227488 0.000367166 -0.00227488 0.00788199)
(0.0107153 8.59741e-05 0.00352404 8.59741e-05 0.0073935 -0.00111064 0.00352404 -0.00111064 0.0090551)
(0.0187538 -0.00203188 0.000173231 -0.00203188 0.00754205 -0.00375333 0.000173231 -0.00375333 0.00643467)
(0.0179007 -0.00506656 -0.000520852 -0.00506656 0.00951379 -0.00257218 -0.000520852 -0.00257218 0.00675312)
(0.0150493 -0.00295855 0.00288103 -0.00295855 0.00906359 -0.00249229 0.00288103 -0.00249229 0.00728744)
(0.0171223 -0.0018316 0.00403818 -0.0018316 0.0101912 -7.37915e-05 0.00403818 -7.37915e-05 0.00772936)
(0.0135055 -0.00264869 -0.000738917 -0.00264869 0.00917692 -0.00302367 -0.000738917 -0.00302367 0.00919518)
(0.00679078 -0.00277577 0.00152167 -0.00277577 0.00898621 -0.00245726 0.00152167 -0.00245726 0.00687262)
(0.0111671 -0.00367979 -0.00386326 -0.00367979 0.0115004 -0.00321363 -0.00386326 -0.00321363 0.00882622)
(0.0142475 -0.00365678 -0.00434046 -0.00365678 0.00876385 0.00165501 -0.00434046 0.00165501 0.0118353)
(0.0211691 -0.00623269 0.000261556 -0.00623269 0.0103185 -0.00279352 0.000261556 -0.00279352 0.00677106)
(0.0187394 -0.00199622 0.00158834 -0.00199622 0.00925808 6.8726e-05 0.00158834 6.8726e-05 0.00668701)
(0.0137217 -0.00143017 -0.000992322 -0.00143017 0.00714948 0.0022916 -0.000992322 0.0022916 0.0081993)
(0.021287 -0.00445319 0.000771189 -0.00445319 0.00923091 -0.00238337 0.000771189 -0.00238337 0.00741377)
(0.0132506 -0.00295568 -0.00213211 -0.00295568 0.00868018 0.000541985 -0.00213211 0.000541985 0.00738999)
(0.00352219 -0.000437539 0.00199432 -0.000437539 0.00642486 -0.00166477 0.00199432 -0.00166477 0.00384284)
(0.0161417 -0.00611266 0.00423355 -0.00611266 0.010709 -0.00294265 0.00423355 -0.00294265 0.00858487)
(0.004091 -0.00282726 0.0042381 -0.00282726 0.0101524 -0.00296636 0.0042381 -0.00296636 0.00580721)
(0.00796175 -0.00259502 0.000418345 -0.00259502 0.0107703 -0.000706882 0.000418345 -0.000706882 0.003486)
(0.0189842 -0.0015638 -0.000769035 -0.0015638 0.00855959 0.00146477 -0.000769035 0.00146477 0.00550117)
(0.0139749 -0.00291467 0.00177454 -0.00291467 0.00871578 0.00105641 0.00177454 0.00105641 0.00645947)
(0.00981975 -0.00319055 0.000838494 -0.00319055 0.00949897 0.000717487 0.000838494 0.000717487 0.00729688)
(0.002608 -0.000341363 0.00208627 -0.000341363 0.00680269 -0.00113695 0.00208627 -0.00113695 0.00356979)
(0.0073142 -0.00227845 0.00155801 -0.00227845 0.00851925 -0.00238363 0.00155801 -0.00238363 0.00602119)
(0.000969585 -0.00189709 0.00100347 -0.00189709 0.00649853 -0.00315352 0.00100347 -0.00315352 0.00447369)
(0.0129469 -0.00258418 0.00526005 -0.00258418 0.00515853 -0.00279836 0.00526005 -0.00279836 0.010141)
(0.0114016 -0.00485573 0.00142713 -0.00485573 0.00880147 -0.00483281 0.00142713 -0.00483281 0.00531685)
(0.013899 -0.00404235 -0.000425602 -0.00404235 0.00582946 -0.00291973 -0.000425602 -0.00291973 0.00713824)
(0.00814199 -0.000517497 -0.000499431 -0.000517497 0.00720571 -0.00124328 -0.000499431 -0.00124328 0.00835683)
(0.00864677 -0.000570479 0.00118403 -0.000570479 0.00772864 -0.00210072 0.00118403 -0.00210072 0.00511571)
(0.0126542 -0.00313562 -0.000784442 -0.00313562 0.00714015 -0.00370244 -0.000784442 -0.00370244 0.00558627)
(0.0217257 -0.00322181 0.000406308 -0.00322181 0.00692339 -0.00204592 0.000406308 -0.00204592 0.00867188)
(0.00700564 -0.00392639 -0.000685306 -0.00392639 0.00603028 -0.00350698 -0.000685306 -0.00350698 0.00680505)
(0.00847719 -0.0048292 5.59278e-05 -0.0048292 0.00684966 -0.00257872 5.59278e-05 -0.00257872 0.00680696)
(0.0148814 -0.000379659 0.00418058 -0.000379659 0.00746656 -0.000443951 0.00418058 -0.000443951 0.00412554)
(0.00775846 -8.7494e-05 0.000202866 -8.7494e-05 0.00681582 0.00073981 0.000202866 0.00073981 0.00195371)
(0.0075098 -0.00389538 0.0031879 -0.00389538 0.0091864 -0.00231755 0.0031879 -0.00231755 0.00479395)
(0.00820689 -0.00353409 -0.0010308 -0.00353409 0.00984359 0.00118022 -0.0010308 0.00118022 0.00620199)
(0.00204955 -0.00406723 0.00443956 -0.00406723 0.00968529 -0.00273416 0.00443956 -0.00273416 0.00637415)
(0.0109775 -0.00156624 0.00357095 -0.00156624 0.00836289 -0.00111313 0.00357095 -0.00111313 0.00733592)
(0.0140295 -0.000640762 0.00451887 -0.000640762 0.00850938 -3.27537e-05 0.00451887 -3.27537e-05 0.00722268)
(0.011754 -7.93021e-05 0.00357591 -7.93021e-05 0.00962918 -0.00162552 0.00357591 -0.00162552 0.00348102)
(0.0114426 -0.00305157 -3.50643e-05 -0.00305157 0.00808962 -0.00337064 -3.50643e-05 -0.00337064 0.00534626)
(0.0104675 -0.00413262 -0.00162896 -0.00413262 0.00728411 -0.00344272 -0.00162896 -0.00344272 0.00518104)
(0.00991402 -0.00582669 8.64919e-06 -0.00582669 0.00938769 -0.00326732 8.64919e-06 -0.00326732 0.00479739)
(0.0190609 -0.00126746 0.00515475 -0.00126746 0.0109307 -0.000271 0.00515475 -0.000271 0.00553381)
(0.00576991 -0.00212765 0.00297615 -0.00212765 0.00912271 -0.00339447 0.00297615 -0.00339447 0.00538473)
(0.00935828 -0.00136518 0.00417227 -0.00136518 0.00946699 -0.00284508 0.00417227 -0.00284508 0.00452739)
(0.0108671 -0.00215538 0.00251991 -0.00215538 0.0102367 0.000733626 0.00251991 0.000733626 0.00815098)
(0.0112728 -0.0036112 -0.00409194 -0.0036112 0.0110777 -0.00184369 -0.00409194 -0.00184369 0.0084544)
(0.00506565 -0.000476764 0.0020651 -0.000476764 0.00453469 -0.00153321 0.0020651 -0.00153321 0.00839613)
(0.0199107 -0.00225613 0.00259601 -0.00225613 0.00963215 -0.000217244 0.00259601 -0.000217244 0.00490063)
(0.0108581 0.00184287 0.00177097 0.00184287 0.00560221 0.00313907 0.00177097 0.00313907 0.0075977)
(0.00407874 -0.0021514 0.00407553 -0.0021514 0.00617775 -0.00149482 0.00407553 -0.00149482 0.00845032)
(0.0116467 -0.00245586 -0.00142317 -0.00245586 0.00689391 -0.00202974 -0.00142317 -0.00202974 0.0104469)
(0.00953318 -0.00456852 -0.00240144 -0.00456852 0.0114489 -0.00123246 -0.00240144 -0.00123246 0.00996148)
(0.0116512 -0.00505383 -0.00113452 -0.00505383 0.00884442 -0.00311835 -0.00113452 -0.00311835 0.0054156)
(0.0101187 -0.00179154 0.00309758 -0.00179154 0.00920205 -0.00342073 0.00309758 -0.00342073 0.00545214)
(0.00862261 -0.000910847 0.000373574 -0.000910847 0.00825263 -0.00200486 0.000373574 -0.00200486 0.00549207)
(0.0180708 0.000723871 -0.000186336 0.000723871 0.0066065 0.00305064 -0.000186336 0.00305064 0.00573169)
(0.0135029 -0.00409589 0.00384577 -0.00409589 0.00981809 -0.00231899 0.00384577 -0.00231899 0.00846376)
(0.0118261 -0.0025702 -0.00137938 -0.0025702 0.0113807 -0.00126732 -0.00137938 -0.00126732 0.00724722)
(0.00232008 -0.00189221 0.00046674 -0.00189221 0.00923816 -0.00217566 0.00046674 -0.00217566 0.00424351)
(0.00623728 -0.00143077 0.00142641 -0.00143077 0.00829389 -0.00209875 0.00142641 -0.00209875 0.010077)
(0.00218899 -0.000374028 -0.000488272 -0.000374028 0.00268549 -0.00159256 -0.000488272 -0.00159256 0.00915186)
(0.0083888 -0.00036828 0.00396714 -0.00036828 0.00608529 -0.00101898 0.00396714 -0.00101898 0.00640369)
(0.00840873 -0.00113754 0.00368952 -0.00113754 0.00296775 -0.00138061 0.00368952 -0.00138061 0.00519641)
(0.0153263 -0.00451708 -0.00111452 -0.00451708 0.00776897 -0.00320238 -0.00111452 -0.00320238 0.00598128)
(0.0138036 -0.00409678 -0.000332553 -0.00409678 0.0118277 -0.00211981 -0.000332553 -0.00211981 0.0121251)
(0.00856198 -0.00136911 -0.00147972 -0.00136911 0.00767743 -0.00366028 -0.00147972 -0.00366028 0.00595404)
(0.0156072 -0.00177574 0.00182158 -0.00177574 0.00727674 -0.00350296 0.00182158 -0.00350296 0.00908255)
(0.0205059 -0.00265743 0.00189793 -0.00265743 0.00443999 -0.0030926 0.00189793 -0.0030926 0.00809385)
(0.00985482 -0.00236555 0.000195049 -0.00236555 0.00795269 -0.00244885 0.000195049 -0.00244885 0.00743162)
(0.0155575 -0.00330668 -0.00152771 -0.00330668 0.0102806 -0.00317697 -0.00152771 -0.00317697 0.0112869)
(0.0105339 -0.00477058 -0.00298706 -0.00477058 0.011719 -0.00226721 -0.00298706 -0.00226721 0.00806831)
(0.0120553 -0.00115231 -0.000506358 -0.00115231 0.00687985 -0.00177401 -0.000506358 -0.00177401 0.00365167)
(0.00981079 -0.000977794 -0.00127602 -0.000977794 0.007449 -0.00389457 -0.00127602 -0.00389457 0.00615942)
(0.012101 -0.00401646 0.00121378 -0.00401646 0.0104796 0.000826983 0.00121378 0.000826983 0.00744732)
(0.00361285 -0.00395789 0.00359828 -0.00395789 0.0097751 -0.00271376 0.00359828 -0.00271376 0.00662571)
(0.00975093 -0.00388022 -0.00118558 -0.00388022 0.00863078 -0.00310672 -0.00118558 -0.00310672 0.00571579)
(0.0168284 -0.000203246 0.000624405 -0.000203246 0.00717026 0.000851781 0.000624405 0.000851781 0.00743221)
(0.00588027 -0.00213429 -0.000687752 -0.00213429 0.00771312 0.000910665 -0.000687752 0.000910665 0.00323887)
(0.00811721 -0.00148262 0.000648135 -0.00148262 0.00490209 -0.00197325 0.000648135 -0.00197325 0.0107477)
(0.015548 -0.00328893 -0.00110723 -0.00328893 0.00736041 -0.00412887 -0.00110723 -0.00412887 0.00665716)
(0.0168587 -0.00158828 -0.000278368 -0.00158828 0.00776135 -0.00260876 -0.000278368 -0.00260876 0.00613998)
(0.0120272 -0.00395518 0.00362972 -0.00395518 0.0101484 -0.00252066 0.00362972 -0.00252066 0.00666815)
(0.00855091 -0.0033289 0.000156296 -0.0033289 0.00695402 -0.00120552 0.000156296 -0.00120552 0.0128253)
(0.00701425 -0.00188107 0.00069367 -0.00188107 0.00655452 -0.00207148 0.00069367 -0.00207148 0.00867523)
(0.0174549 -0.00196302 0.00369308 -0.00196302 0.00875831 -0.00160082 0.00369308 -0.00160082 0.00865479)
(0.013187 -0.00266736 -0.00237152 -0.00266736 0.0109414 -0.00319928 -0.00237152 -0.00319928 0.00830139)
(0.00715893 -0.00150053 -0.00103969 -0.00150053 0.00321589 -0.00288202 -0.00103969 -0.00288202 0.00765641)
(0.00744777 0.00073177 0.00115437 0.00073177 0.00634096 0.00162612 0.00115437 0.00162612 0.00547176)
(0.0117273 1.15028e-05 0.000344411 1.15028e-05 0.00674576 0.000984123 0.000344411 0.000984123 0.00595073)
(0.00794096 -0.0036139 0.000214901 -0.0036139 0.00746781 -0.00319313 0.000214901 -0.00319313 0.00408033)
(0.00658461 -0.00040534 -0.000637289 -0.00040534 0.00388037 0.00265561 -0.000637289 0.00265561 0.00828125)
(0.00714905 -0.00459251 -0.00101959 -0.00459251 0.0110133 -0.000257509 -0.00101959 -0.000257509 0.00666735)
(0.00579989 -0.00242737 0.000166772 -0.00242737 0.00563979 -0.00352859 0.000166772 -0.00352859 0.00507058)
(0.0135726 -0.00392506 0.000772893 -0.00392506 0.0093476 -0.00411626 0.000772893 -0.00411626 0.00495596)
(0.00378958 -0.00315081 0.000488533 -0.00315081 0.00755175 -0.00317762 0.000488533 -0.00317762 0.00387915)
(0.0115312 0.00188095 0.00251932 0.00188095 0.00597149 0.00211204 0.00251932 0.00211204 0.00642563)
(0.0132061 -0.00437974 0.0033054 -0.00437974 0.00943378 -0.0021846 0.0033054 -0.0021846 0.00761258)
(0.0113878 -0.00110582 0.00111852 -0.00110582 0.00858041 0.00173147 0.00111852 0.00173147 0.00637138)
(0.00902707 -0.00323052 -0.00143411 -0.00323052 0.0112182 -0.000972182 -0.00143411 -0.000972182 0.00640756)
(0.00626298 -0.00266407 0.00335158 -0.00266407 0.00869754 -0.00201779 0.00335158 -0.00201779 0.00531583)
(0.00128545 0.000790984 -0.000724795 0.000790984 0.0049743 -0.000459915 -0.000724795 -0.000459915 0.00612204)
(0.00562626 4.91375e-05 0.00197417 4.91375e-05 0.00641288 -0.0012276 0.00197417 -0.0012276 0.00279126)
(0.00761318 -0.000959918 -3.44925e-05 -0.000959918 0.0064463 -0.000394137 -3.44925e-05 -0.000394137 0.00371945)
(0.0113824 -0.00463813 -0.00039901 -0.00463813 0.00829876 -0.00360895 -0.00039901 -0.00360895 0.00544309)
(0.00834852 -0.00158786 -0.000246744 -0.00158786 0.00284447 -0.00117779 -0.000246744 -0.00117779 0.00894517)
(0.00676702 -0.00200876 0.0013362 -0.00200876 0.00827364 -0.0020812 0.0013362 -0.0020812 0.00543605)
(0.0093718 -0.0013546 0.00175385 -0.0013546 0.00250745 -0.00234728 0.00175385 -0.00234728 0.0115629)
(0.0214765 -0.00358286 0.000944335 -0.00358286 0.00825639 -0.00298689 0.000944335 -0.00298689 0.00653483)
(0.0122622 -0.00268463 -0.000460306 -0.00268463 0.00904458 -0.00261562 -0.000460306 -0.00261562 0.0055964)
(0.0166715 -0.0047306 -0.00165225 -0.0047306 0.0122445 -0.000291023 -0.00165225 -0.000291023 0.0102418)
(0.00829135 -0.00550137 -0.00148629 -0.00550137 0.0117999 -0.000483717 -0.00148629 -0.000483717 0.0072633)
(0.0100711 0.00194333 0.00263708 0.00194333 0.00655239 0.000573997 0.00263708 0.000573997 0.00378365)
(0.014435 -0.00336926 0.000124229 -0.00336926 0.0103498 -0.00128085 0.000124229 -0.00128085 0.00889311)
(0.0118697 -0.00484606 -0.00202216 -0.00484606 0.00853839 -0.00318927 -0.00202216 -0.00318927 0.00493346)
(0.0102587 -0.0027892 -0.00107533 -0.0027892 0.00933325 -0.00333237 -0.00107533 -0.00333237 0.00926223)
(0.0109682 -0.00519903 -0.00113062 -0.00519903 0.0107877 -0.000325433 -0.00113062 -0.000325433 0.00840326)
(0.0132955 -0.00200252 0.00155294 -0.00200252 0.00832833 -0.00414781 0.00155294 -0.00414781 0.00963923)
(0.00994847 -0.00490244 -0.00304127 -0.00490244 0.0120828 -0.0011145 -0.00304127 -0.0011145 0.0078181)
(0.00379842 -0.00102907 -0.00140763 -0.00102907 0.00520215 0.00171456 -0.00140763 0.00171456 0.00761681)
(0.0127139 -0.00204789 -0.00157445 -0.00204789 0.00673952 -0.00428827 -0.00157445 -0.00428827 0.0063043)
(0.0107898 -0.00244413 0.00188479 -0.00244413 0.00872251 -0.00225547 0.00188479 -0.00225547 0.00656177)
(0.0104734 -0.00269855 0.00372652 -0.00269855 0.00877686 -0.00158658 0.00372652 -0.00158658 0.00701992)
(0.00472378 -0.00140256 -0.000282764 -0.00140256 0.00307537 -0.00230671 -0.000282764 -0.00230671 0.00977329)
(0.00322773 -0.000276459 -0.000780578 -0.000276459 0.00744527 -0.00328176 -0.000780578 -0.00328176 0.00624476)
(0.0090467 0.000884673 0.000358542 0.000884673 0.00602292 0.000487123 0.000358542 0.000487123 0.00440386)
(0.0121088 0.000682212 0.00262497 0.000682212 0.00635069 0.00151988 0.00262497 0.00151988 0.00702962)
(0.00751168 -0.00212402 0.000336191 -0.00212402 0.00847203 -0.00243276 0.000336191 -0.00243276 0.00748785)
(0.00467826 0.00152717 0.00127339 0.00152717 0.00623746 0.000179807 0.00127339 0.000179807 0.00246451)
(0.0129279 -0.00256188 1.06953e-05 -0.00256188 0.00766405 0.0017024 1.06953e-05 0.0017024 0.00556575)
(0.0189972 -0.0015323 0.00280369 -0.0015323 0.00804172 -0.00306819 0.00280369 -0.00306819 0.00685078)
(0.00603297 -0.00123854 -0.000429171 -0.00123854 0.00700332 0.002165 -0.000429171 0.002165 0.00471362)
(0.00906018 0.00156596 0.00193189 0.00156596 0.00408543 -0.000672925 0.00193189 -0.000672925 0.00392912)
(0.002379 -0.00166385 0.000498451 -0.00166385 0.00655539 -0.002089 0.000498451 -0.002089 0.00680991)
(0.00972897 -0.00454805 -0.000467747 -0.00454805 0.00865169 -0.00295308 -0.000467747 -0.00295308 0.00556358)
(0.00234105 -0.00173249 0.000266867 -0.00173249 0.00491128 -0.00300201 0.000266867 -0.00300201 0.00445309)
(0.00696152 -0.00151393 0.00125495 -0.00151393 0.00666488 0.000111491 0.00125495 0.000111491 0.0043019)
(0.00136257 -0.000256341 0.000136283 -0.000256341 0.00434881 -0.000410464 0.000136283 -0.000410464 0.00106451)
(0.0126321 -0.0045678 0.000283295 -0.0045678 0.00876077 -0.00317326 0.000283295 -0.00317326 0.00519843)
(0.00988219 -0.00396727 0.000484955 -0.00396727 0.0111898 -0.000245182 0.000484955 -0.000245182 0.00643397)
(0.00424234 0.00155659 -0.000273802 0.00155659 0.00647133 -0.00152398 -0.000273802 -0.00152398 0.00304266)
(0.00503312 -0.00104741 0.000230873 -0.00104741 0.00738528 -0.00176242 0.000230873 -0.00176242 0.00275828)
(0.00487945 0.00107355 0.0014219 0.00107355 0.00329858 0.000260411 0.0014219 0.000260411 0.00174852)
(0.00963223 -0.00149279 -0.000794145 -0.00149279 0.00467905 0.0011385 -0.000794145 0.0011385 0.00300188)
(0.00632376 -0.00379979 4.50201e-05 -0.00379979 0.00806897 -0.00291804 4.50201e-05 -0.00291804 0.00374793)
(0.0150762 -0.00104227 0.0026397 -0.00104227 0.00888014 -0.00237766 0.0026397 -0.00237766 0.00589692)
(0.00600975 -0.00403166 -0.000984146 -0.00403166 0.00816021 -0.00292737 -0.000984146 -0.00292737 0.00555933)
(0.00490209 0.000207338 0.00146053 0.000207338 0.00434279 -0.000528918 0.00146053 -0.000528918 0.0112353)
(0.0229124 -0.00190299 0.00472221 -0.00190299 0.00889731 -0.0025541 0.00472221 -0.0025541 0.00731274)
(0.0142363 -0.00421703 -0.00114312 -0.00421703 0.00903079 -0.00287436 -0.00114312 -0.00287436 0.00544547)
(0.00756126 -0.000901296 -0.000797287 -0.000901296 0.00306519 -0.00125285 -0.000797287 -0.00125285 0.0101755)
(0.0112344 -0.00513012 -0.000520129 -0.00513012 0.0121487 0.000394823 -0.000520129 0.000394823 0.00739482)
(0.00703725 -0.00242347 0.00100204 -0.00242347 0.0102751 -0.00243093 0.00100204 -0.00243093 0.00719028)
(0.00667422 -0.00292458 0.000490395 -0.00292458 0.00940336 -0.000614435 0.000490395 -0.000614435 0.00510523)
(0.0100762 -0.00262604 0.00280324 -0.00262604 0.0092538 -0.00197968 0.00280324 -0.00197968 0.006776)
(0.0113369 -0.00523474 0.00033484 -0.00523474 0.0109762 0.00012445 0.00033484 0.00012445 0.00732544)
(0.0193403 -0.00527013 -0.00317696 -0.00527013 0.0113935 -0.000829888 -0.00317696 -0.000829888 0.00991438)
(0.0156846 0.000147982 0.00302468 0.000147982 0.00518569 3.80017e-05 0.00302468 3.80017e-05 0.00712009)
(0.00835612 -0.000662173 -0.000147175 -0.000662173 0.00844436 -0.00231987 -0.000147175 -0.00231987 0.00586942)
(0.00768076 -0.00259895 0.000884861 -0.00259895 0.00870501 0.000882656 0.000884861 0.000882656 0.00824893)
(0.0125288 -0.00204685 -0.00227402 -0.00204685 0.00694294 -0.00427382 -0.00227402 -0.00427382 0.00622032)
(0.00576319 -0.00180296 -0.000538723 -0.00180296 0.00694419 -0.0030595 -0.000538723 -0.0030595 0.00435698)
(0.0142213 -0.00155773 2.93832e-05 -0.00155773 0.00768318 0.000157608 2.93832e-05 0.000157608 0.00776534)
(0.00930651 -0.000686225 0.0029321 -0.000686225 0.00742169 -0.00150143 0.0029321 -0.00150143 0.00965699)
(0.00204068 -0.000979378 -0.00140665 -0.000979378 0.00300746 -0.00146069 -0.00140665 -0.00146069 0.00681105)
(0.00698685 0.00201117 0.000475828 0.00201117 0.00444663 0.00191358 0.000475828 0.00191358 0.00537114)
(0.0111775 -0.00345731 0.00104619 -0.00345731 0.00796253 -0.000743515 0.00104619 -0.000743515 0.00642922)
(0.00743214 -0.00157524 0.00141628 -0.00157524 0.0082255 -0.00234123 0.00141628 -0.00234123 0.00925623)
(0.00735068 0.000500212 0.00293815 0.000500212 0.00681498 -0.000297896 0.00293815 -0.000297896 0.00656328)
(0.00653897 -0.00135383 0.000770241 -0.00135383 0.00701926 0.000578279 0.000770241 0.000578279 0.00401117)
(0.00478906 -0.00212753 0.00206191 -0.00212753 0.00499776 -0.00241608 0.00206191 -0.00241608 0.0037601)
(0.00758714 -0.00256259 -0.000612868 -0.00256259 0.0049836 -0.00286774 -0.000612868 -0.00286774 0.00664628)
(0.0102705 -0.000481949 0.00228299 -0.000481949 0.00822198 -0.000430171 0.00228299 -0.000430171 0.00626803)
(0.00189575 -0.00184071 0.00049011 -0.00184071 0.00733453 -0.00252278 0.00049011 -0.00252278 0.00513578)
(0.009099 -0.0046002 0.000377972 -0.0046002 0.00880126 -0.00295555 0.000377972 -0.00295555 0.00646314)
(0.00473893 -0.00341385 0.00100029 -0.00341385 0.00831087 -0.00270129 0.00100029 -0.00270129 0.00505685)
(0.00499671 -0.00107568 0.000592569 -0.00107568 0.00656473 0.000420359 0.000592569 0.000420359 0.00226622)
(0.00930577 -0.00293717 0.000232331 -0.00293717 0.00815843 -0.00228956 0.000232331 -0.00228956 0.00615987)
(0.0123031 -0.00458336 0.000238322 -0.00458336 0.00862185 -0.00315494 0.000238322 -0.00315494 0.00560005)
(0.00830143 0.0013995 0.000423521 0.0013995 0.00723096 -0.000774582 0.000423521 -0.000774582 0.0039724)
(0.00553544 -0.00553218 -0.00134389 -0.00553218 0.0111317 0.000398315 -0.00134389 0.000398315 0.00586778)
(0.00368857 -0.00491459 -0.000929978 -0.00491459 0.00994092 0.000485866 -0.000929978 0.000485866 0.00496128)
(0.00274749 -0.000437105 -0.00103449 -0.000437105 0.00450165 4.91291e-05 -0.00103449 4.91291e-05 0.00328044)
(0.0115935 -0.00113996 -0.00257083 -0.00113996 0.00583958 0.00339396 -0.00257083 0.00339396 0.00650015)
(0.0133902 -0.00342887 0.0019173 -0.00342887 0.00907566 -0.00284567 0.0019173 -0.00284567 0.0054165)
(0.00978057 -0.00306301 0.00165395 -0.00306301 0.00876547 -0.00151423 0.00165395 -0.00151423 0.00527657)
(0.000443483 2.00141e-05 -0.00122625 2.00141e-05 0.0052371 -0.000305499 -0.00122625 -0.000305499 0.00878663)
(0.00408587 0.000520493 0.000317486 0.000520493 0.00439847 -0.00094257 0.000317486 -0.00094257 0.0114481)
(0.00855984 -0.00252071 -0.000432657 -0.00252071 0.00717348 -0.00131308 -0.000432657 -0.00131308 0.00320749)
(0.0187495 -0.00211344 0.00407694 -0.00211344 0.00915997 -0.00195333 0.00407694 -0.00195333 0.00661566)
(0.00527459 0.00180244 0.00430476 0.00180244 0.0052705 -0.00199253 0.00430476 -0.00199253 0.00415359)
(0.00867699 -0.00357642 -0.000359117 -0.00357642 0.00811214 -0.00317603 -0.000359117 -0.00317603 0.0050346)
(0.0105402 -0.00308842 -0.000250671 -0.00308842 0.0113268 -0.00205791 -0.000250671 -0.00205791 0.00865401)
(0.00730237 -0.000689045 0.000632906 -0.000689045 0.00566989 -0.000202533 0.000632906 -0.000202533 0.00170032)
(0.00445298 0.000238881 0.000735458 0.000238881 0.00672795 -0.000829667 0.000735458 -0.000829667 0.00261082)
(0.00356252 -0.000472754 0.000347767 -0.000472754 0.00293928 -0.00214625 0.000347767 -0.00214625 0.00394719)
(0.0101849 -0.00194946 0.00142225 -0.00194946 0.00811665 -0.00149518 0.00142225 -0.00149518 0.00876339)
(0.0149996 -0.00141414 0.00209372 -0.00141414 0.00889173 -0.000513989 0.00209372 -0.000513989 0.00751989)
(0.0065176 0.00023363 0.00156274 0.00023363 0.0072947 -0.000186983 0.00156274 -0.000186983 0.00601153)
(0.00838356 -0.0015073 0.000160038 -0.0015073 0.00575151 0.00136281 0.000160038 0.00136281 0.0100081)
(0.00376165 -0.00157598 -0.000598993 -0.00157598 0.00583486 -0.00348712 -0.000598993 -0.00348712 0.00483971)
(0.00698187 -0.00280671 -0.000242677 -0.00280671 0.0069793 0.00116143 -0.000242677 0.00116143 0.00292638)
(0.0129805 0.000808611 0.000989504 0.000808611 0.00601838 0.00201044 0.000989504 0.00201044 0.00777216)
(0.00282011 -0.00115189 0.00124544 -0.00115189 0.00697501 -0.00180816 0.00124544 -0.00180816 0.00665956)
(0.00228998 -0.00250018 -0.00024075 -0.00250018 0.00357937 0.000628213 -0.00024075 0.000628213 0.00825768)
(0.00524152 0.00208162 0.00213081 0.00208162 0.00469727 0.00120169 0.00213081 0.00120169 0.00302322)
(0.00361605 -0.00117583 -0.000581221 -0.00117583 0.00518931 -0.000438836 -0.000581221 -0.000438836 0.00158683)
(0.00304097 -7.85245e-05 -0.000300616 -7.85245e-05 0.00234431 -0.0012846 -0.000300616 -0.0012846 0.00265263)
(0.00190767 0.000536999 -0.000643858 0.000536999 0.00338862 -0.000431496 -0.000643858 -0.000431496 0.00375178)
(0.00679941 -0.00152036 0.00248742 -0.00152036 0.00762888 -0.00170163 0.00248742 -0.00170163 0.00568455)
(0.0134269 -0.00124593 0.00135327 -0.00124593 0.00680763 -0.0027258 0.00135327 -0.0027258 0.00516952)
(0.00971464 -0.00272099 -0.000609912 -0.00272099 0.00800789 -0.00237024 -0.000609912 -0.00237024 0.00631237)
(0.00994787 -0.000100487 0.00220454 -0.000100487 0.00809876 -0.000651962 0.00220454 -0.000651962 0.00711074)
(0.005881 -0.0019334 -0.000152114 -0.0019334 0.00745932 -0.0013098 -0.000152114 -0.0013098 0.00158292)
(0.00968294 -0.00239996 0.00130239 -0.00239996 0.0079359 -0.00138903 0.00130239 -0.00138903 0.00704618)
(0.00812881 -0.00312067 0.000291971 -0.00312067 0.00828976 -0.00263697 0.000291971 -0.00263697 0.00659245)
(0.00304474 -0.000292209 -0.000138193 -0.000292209 0.00583491 0.00145859 -0.000138193 0.00145859 0.00213101)
(0.00296854 -0.0046969 -0.0012057 -0.0046969 0.0102531 -0.000373187 -0.0012057 -0.000373187 0.00589654)
(0.0024506 -0.000307682 0.000976084 -0.000307682 0.00105217 -0.000473951 0.000976084 -0.000473951 0.00188527)
(0.00971715 -3.79393e-05 0.0030588 -3.79393e-05 0.00738729 -0.000961852 0.0030588 -0.000961852 0.00611286)
(0.00290405 -0.00354642 -0.000141323 -0.00354642 0.0098337 -0.00222617 -0.000141323 -0.00222617 0.00456038)
(0.00477521 0.000795105 0.00130843 0.000795105 0.0083308 -0.00102861 0.00130843 -0.00102861 0.00426287)
(0.0122402 0.00172458 0.00244914 0.00172458 0.00325517 -0.00129025 0.00244914 -0.00129025 0.00854925)
(0.0102016 -0.00084574 -0.00304119 -0.00084574 0.0046713 0.00304776 -0.00304119 0.00304776 0.00902029)
(0.0145875 -0.000236152 0.00314269 -0.000236152 0.00813968 -0.00201322 0.00314269 -0.00201322 0.00545239)
