/*--------------------------------*- C++ -*----------------------------------*\
  =========                 |
  \\      /  F ield         | OpenFOAM: The Open Source CFD Toolbox
   \\    /   O peration     | Website:  https://openfoam.org
    \\  /    A nd           | Version:  10
     \\/     M anipulation  |
\*---------------------------------------------------------------------------*/
FoamFile
{
    format      ascii;
    class       volTensorField;
    location    "17.5";
    object      TauNN;
}
// * * * * * * * * * * * * * * * * * * * * * * * * * * * * * * * * * * * * * //

dimensions      [0 2 -2 0 0 0 0];

internalField   nonuniform List<tensor> 
25600
(
(0.001501 -0.0129797 -0.0151317 -0.0129797 0.000158762 -0.00815211 -0.0151317 -0.00815211 0.000115114)
(0.00150176 -0.0129769 -0.0151304 -0.0129769 0.000157406 -0.00815024 -0.0151304 -0.00815024 0.000116643)
(0.00148178 -0.0129784 -0.015137 -0.0129784 0.000159625 -0.00815119 -0.015137 -0.00815119 0.000116077)
(0.00141708 -0.0129754 -0.0151533 -0.0129754 0.00016355 -0.00815014 -0.0151533 -0.00815014 0.000116152)
(0.00146284 -0.0129745 -0.0151381 -0.0129745 0.000159284 -0.00814918 -0.0151381 -0.00814918 0.00011601)
(0.00148327 -0.0129725 -0.0151317 -0.0129725 0.000156345 -0.00814744 -0.0151317 -0.00814744 0.000118459)
(0.00146989 -0.0129833 -0.0151363 -0.0129833 0.000161067 -0.00815435 -0.0151363 -0.00815435 0.00011401)
(0.00147275 -0.0129816 -0.0151372 -0.0129816 0.000160906 -0.00815341 -0.0151372 -0.00815341 0.000114189)
(0.00147857 -0.0129796 -0.0151359 -0.0129796 0.000159978 -0.00815209 -0.0151359 -0.00815209 0.000114843)
(0.00148384 -0.0129802 -0.0151349 -0.0129802 0.000159811 -0.00815242 -0.0151349 -0.00815242 0.000114984)
(0.00148508 -0.0129804 -0.0151348 -0.0129804 0.000159911 -0.0081526 -0.0151348 -0.0081526 0.000114545)
(0.00147698 -0.0129757 -0.0151365 -0.0129757 0.000158836 -0.00814961 -0.0151365 -0.00814961 0.000116613)
(0.00147992 -0.0129775 -0.0151351 -0.0129775 0.000159046 -0.00815074 -0.0151351 -0.00815074 0.000116035)
(0.00146998 -0.01298 -0.0151369 -0.01298 0.000160459 -0.00815243 -0.0151369 -0.00815243 0.000114678)
(0.00148424 -0.012978 -0.0151352 -0.012978 0.000159074 -0.00815097 -0.0151352 -0.00815097 0.000116318)
(0.00148188 -0.0129798 -0.0151354 -0.0129798 0.000159915 -0.00815222 -0.0151354 -0.00815222 0.000114784)
(0.00149801 -0.0129775 -0.015131 -0.0129775 0.000157908 -0.00815068 -0.015131 -0.00815068 0.000115981)
(0.00150253 -0.0129766 -0.01513 -0.0129766 0.000157165 -0.00815001 -0.01513 -0.00815001 0.000116956)
(0.00149572 -0.0129751 -0.0151318 -0.0129751 0.000157 -0.00814893 -0.0151318 -0.00814893 0.000118045)
(0.00149834 -0.0129725 -0.0151302 -0.0129725 0.00015539 -0.0081471 -0.0151302 -0.0081471 0.000119974)
(0.00149326 -0.0129768 -0.0151338 -0.0129768 0.000158051 -0.00815001 -0.0151338 -0.00815001 0.00011748)
(0.00148069 -0.0129804 -0.0151359 -0.0129804 0.000160032 -0.00815249 -0.0151359 -0.00815249 0.000115264)
(0.00148984 -0.0129805 -0.0151339 -0.0129805 0.000159617 -0.00815262 -0.0151339 -0.00815262 0.000114903)
(0.00150073 -0.0129771 -0.0151312 -0.0129771 0.00015765 -0.00815035 -0.0151312 -0.00815035 0.000116641)
(0.00148312 -0.012971 -0.0151347 -0.012971 0.000156422 -0.00814639 -0.0151347 -0.00814639 0.000119199)
(0.00148682 -0.0129841 -0.015133 -0.0129841 0.000160644 -0.00815502 -0.015133 -0.00815502 0.000112222)
(0.00147038 -0.0129828 -0.0151368 -0.0129828 0.000161217 -0.00815421 -0.0151368 -0.00815421 0.000113443)
(0.00148604 -0.012978 -0.0151335 -0.012978 0.000158943 -0.00815112 -0.0151335 -0.00815112 0.000115158)
(0.00147738 -0.0129749 -0.0151355 -0.0129749 0.000158243 -0.00814907 -0.0151355 -0.00814907 0.00011721)
(0.00147931 -0.0129824 -0.0151353 -0.0129824 0.000160658 -0.00815385 -0.0151353 -0.00815385 0.000113659)
(0.00140958 -0.0129709 -0.0151569 -0.0129709 0.000163389 -0.00814763 -0.0151569 -0.00814763 0.000116499)
(0.00145411 -0.0129712 -0.0151426 -0.0129712 0.000159039 -0.00814705 -0.0151426 -0.00814705 0.000118171)
(0.00147388 -0.0129751 -0.0151373 -0.0129751 0.000158746 -0.0081492 -0.0151373 -0.0081492 0.000117289)
(0.00144623 -0.0129793 -0.0151427 -0.0129793 0.000161734 -0.00815207 -0.0151427 -0.00815207 0.000115399)
(0.00148669 -0.0129803 -0.0151343 -0.0129803 0.000159715 -0.00815247 -0.0151343 -0.00815247 0.000114696)
(0.00148568 -0.0129796 -0.0151354 -0.0129796 0.00015982 -0.00815212 -0.0151354 -0.00815212 0.000114787)
(0.00144913 -0.0129723 -0.0151461 -0.0129723 0.000160286 -0.00814779 -0.0151461 -0.00814779 0.000117806)
(0.00147247 -0.0129769 -0.0151371 -0.0129769 0.000159383 -0.0081504 -0.0151371 -0.0081504 0.000116447)
(0.00146172 -0.0129814 -0.0151385 -0.0129814 0.000161094 -0.00815317 -0.0151385 -0.00815317 0.000114982)
(0.0014551 -0.0129848 -0.0151361 -0.0129848 0.000161615 -0.00815539 -0.0151361 -0.00815539 0.000112945)
(0.000130178 -0.0128519 -0.0153714 -0.0128519 0.000105652 -0.00811972 -0.0153714 -0.00811972 0.00010065)
(-7.37558e-05 -0.0128462 -0.0154121 -0.0128462 0.000112933 -0.00811632 -0.0154121 -0.00811632 9.0624e-05)
(0.000260211 -0.0128285 -0.015424 -0.0128285 0.00012215 -0.00814493 -0.015424 -0.00814493 3.46982e-05)
(0.000456293 -0.0128563 -0.0154342 -0.0128563 0.000120588 -0.00814355 -0.0154342 -0.00814355 2.84973e-05)
(5.0591e-05 -0.0127973 -0.0154265 -0.0127973 3.83624e-05 -0.00811098 -0.0154265 -0.00811098 7.59965e-05)
(6.84366e-05 -0.0127985 -0.0154177 -0.0127985 2.97392e-05 -0.00813381 -0.0154177 -0.00813381 4.80638e-05)
(-9.63311e-05 -0.0128393 -0.0154356 -0.0128393 0.000108534 -0.00811089 -0.0154356 -0.00811089 8.38911e-05)
(4.94874e-05 -0.0127992 -0.0154333 -0.0127992 2.47647e-05 -0.00812041 -0.0154333 -0.00812041 6.00972e-05)
(6.98047e-05 -0.0128021 -0.0154274 -0.0128021 2.66529e-05 -0.0081217 -0.0154274 -0.0081217 6.54829e-05)
(-9.12643e-05 -0.0128392 -0.0154448 -0.0128392 0.000103993 -0.00810868 -0.0154448 -0.00810868 8.5573e-05)
(-0.00014834 -0.0128335 -0.0154525 -0.0128335 0.000101721 -0.0081082 -0.0154525 -0.0081082 8.07477e-05)
(7.443e-05 -0.0127989 -0.0154227 -0.0127989 3.29523e-05 -0.00813681 -0.0154227 -0.00813681 6.01316e-05)
(-0.000119035 -0.0128207 -0.0154556 -0.0128207 9.40026e-05 -0.00810841 -0.0154556 -0.00810841 7.47592e-05)
(7.16337e-05 -0.012804 -0.0154232 -0.012804 3.85562e-05 -0.00813915 -0.0154232 -0.00813915 4.65114e-05)
(0.000116143 -0.0128197 -0.0154227 -0.0128197 9.26616e-05 -0.00814815 -0.0154227 -0.00814815 3.81923e-05)
(-9.45609e-05 -0.0128269 -0.0154579 -0.0128269 9.64208e-05 -0.00810489 -0.0154579 -0.00810489 8.27754e-05)
(-8.91726e-05 -0.0128222 -0.0154594 -0.0128222 9.03086e-05 -0.00810418 -0.0154594 -0.00810418 8.20327e-05)
(-8.2355e-05 -0.0128196 -0.0154564 -0.0128196 7.90583e-05 -0.00811014 -0.0154564 -0.00811014 7.55373e-05)
(4.72053e-05 -0.0127931 -0.0154282 -0.0127931 2.15868e-05 -0.00812637 -0.0154282 -0.00812637 5.3098e-05)
(3.64552e-05 -0.0127914 -0.0154297 -0.0127914 2.29005e-05 -0.00812774 -0.0154297 -0.00812774 4.66364e-05)
(4.34737e-05 -0.0127944 -0.0154301 -0.0127944 2.24987e-05 -0.00812221 -0.0154301 -0.00812221 6.12536e-05)
(7.50258e-05 -0.0128045 -0.0154307 -0.0128045 3.0524e-05 -0.00811949 -0.0154307 -0.00811949 6.51022e-05)
(-0.000120643 -0.0128352 -0.0154465 -0.0128352 0.000105871 -0.00810983 -0.0154465 -0.00810983 8.24437e-05)
(1.76103e-05 -0.0127987 -0.0154403 -0.0127987 2.7247e-05 -0.00812059 -0.0154403 -0.00812059 5.34996e-05)
(0.000480743 -0.0128573 -0.0154329 -0.0128573 0.000119327 -0.00814245 -0.0154329 -0.00814245 2.78191e-05)
(0.000776145 -0.0128757 -0.0152098 -0.0128757 0.000101077 -0.00814469 -0.0152098 -0.00814469 0.00011507)
(0.000424108 -0.0128669 -0.0152937 -0.0128669 9.57343e-05 -0.00812867 -0.0152937 -0.00812867 0.000113238)
(-0.000117914 -0.012845 -0.0154165 -0.012845 0.000113137 -0.00811351 -0.0154165 -0.00811351 9.05176e-05)
(1.69703e-05 -0.0127997 -0.0154337 -0.0127997 4.04049e-05 -0.00811093 -0.0154337 -0.00811093 7.80781e-05)
(2.52324e-05 -0.0127947 -0.0154331 -0.0127947 2.40575e-05 -0.00811782 -0.0154331 -0.00811782 7.20649e-05)
(0.000964827 -0.0128749 -0.0154307 -0.0128749 0.000114941 -0.00814643 -0.0154307 -0.00814643 8.06411e-05)
(0.00014467 -0.0128423 -0.0154249 -0.0128423 0.000128243 -0.00815154 -0.0154249 -0.00815154 3.19432e-05)
(0.000279617 -0.012846 -0.0154309 -0.012846 0.000128923 -0.00814605 -0.0154309 -0.00814605 2.785e-05)
(0.000151885 -0.0128341 -0.0154168 -0.0128341 0.000114285 -0.00814821 -0.0154168 -0.00814821 4.63459e-05)
(-5.40686e-05 -0.0128188 -0.0154599 -0.0128188 8.50152e-05 -0.00810232 -0.0154599 -0.00810232 8.5402e-05)
(-2.36467e-05 -0.012813 -0.015455 -0.012813 5.68043e-05 -0.00810801 -0.015455 -0.00810801 7.38586e-05)
(0.000316734 -0.0128457 -0.0154348 -0.0128457 0.00012576 -0.00814518 -0.0154348 -0.00814518 2.67407e-05)
(9.70517e-05 -0.0128196 -0.0154215 -0.0128196 7.38177e-05 -0.00814755 -0.0154215 -0.00814755 4.26608e-05)
(7.79727e-05 -0.0128049 -0.0154212 -0.0128049 3.19308e-05 -0.00813446 -0.0154212 -0.00813446 4.56131e-05)
(-9.2438e-05 -0.0128357 -0.0154506 -0.0128357 0.000101848 -0.00810318 -0.0154506 -0.00810318 8.58933e-05)
(-0.000127667 -0.0128262 -0.0154574 -0.0128262 9.69084e-05 -0.00810533 -0.0154574 -0.00810533 8.20847e-05)
(-0.000165177 -0.0128449 -0.0154266 -0.0128449 0.00011419 -0.00811498 -0.0154266 -0.00811498 8.57123e-05)
(0.000420713 -0.0128408 -0.0154286 -0.0128408 0.000121736 -0.00814121 -0.0154286 -0.00814121 3.03364e-05)
(-1.55049e-05 -0.0128075 -0.0154494 -0.0128075 6.52547e-05 -0.00810542 -0.0154494 -0.00810542 8.32152e-05)
(-1.55069e-05 -0.0128393 -0.0154204 -0.0128393 0.000106408 -0.00810745 -0.0154204 -0.00810745 8.87999e-05)
(5.66295e-05 -0.012799 -0.0154278 -0.012799 3.75138e-05 -0.00811345 -0.0154278 -0.00811345 6.87961e-05)
(-0.000133463 -0.012835 -0.0154373 -0.012835 0.000116562 -0.00811165 -0.0154373 -0.00811165 8.11092e-05)
(4.05629e-05 -0.0127886 -0.0154277 -0.0127886 2.09556e-05 -0.00812975 -0.0154277 -0.00812975 5.37234e-05)
(0.000133783 -0.0128292 -0.0154177 -0.0128292 0.000106707 -0.00814933 -0.0154177 -0.00814933 4.5691e-05)
(2.16754e-05 -0.0128091 -0.0154494 -0.0128091 6.03411e-05 -0.00811049 -0.0154494 -0.00811049 7.22097e-05)
(-0.000146303 -0.012823 -0.0154567 -0.012823 8.90756e-05 -0.00810863 -0.0154567 -0.00810863 7.5873e-05)
(1.32676e-05 -0.012802 -0.0154385 -0.012802 4.00532e-05 -0.00811093 -0.0154385 -0.00811093 7.85209e-05)
(0.000137253 -0.012858 -0.0153701 -0.012858 0.000103168 -0.00811828 -0.0153701 -0.00811828 0.000100224)
(8.46502e-05 -0.0128047 -0.0154252 -0.0128047 6.03621e-05 -0.00814812 -0.0154252 -0.00814812 4.97166e-05)
(0.000173273 -0.0128398 -0.0154263 -0.0128398 0.000128652 -0.00814989 -0.0154263 -0.00814989 3.12524e-05)
(9.6071e-05 -0.0128374 -0.0154101 -0.0128374 0.000104918 -0.00811213 -0.0154101 -0.00811213 8.95071e-05)
(-0.00011375 -0.0128216 -0.0154611 -0.0128216 9.06512e-05 -0.0081001 -0.0154611 -0.0081001 8.52394e-05)
(4.42815e-05 -0.0127965 -0.015429 -0.0127965 2.38691e-05 -0.00812011 -0.015429 -0.00812011 6.65692e-05)
(5.48963e-05 -0.0127923 -0.0154231 -0.0127923 2.45333e-05 -0.00813088 -0.0154231 -0.00813088 6.05738e-05)
(5.74051e-05 -0.0127949 -0.0154268 -0.0127949 3.35908e-05 -0.00813702 -0.0154268 -0.00813702 3.61576e-05)
(-4.79903e-05 -0.0128098 -0.0154527 -0.0128098 6.75877e-05 -0.00810859 -0.0154527 -0.00810859 7.91698e-05)
(6.32701e-05 -0.0127991 -0.015428 -0.0127991 2.91044e-05 -0.00811716 -0.015428 -0.00811716 7.50279e-05)
(1.96502e-05 -0.0128001 -0.0154357 -0.0128001 4.06345e-05 -0.00811296 -0.0154357 -0.00811296 7.08847e-05)
(7.85266e-05 -0.0127886 -0.0154299 -0.0127886 4.12106e-05 -0.008137 -0.0154299 -0.008137 3.94498e-05)
(0.000119359 -0.0128266 -0.0154161 -0.0128266 7.7494e-05 -0.00814871 -0.0154161 -0.00814871 5.56577e-05)
(-1.28861e-05 -0.012822 -0.0154596 -0.012822 9.91558e-05 -0.00809635 -0.0154596 -0.00809635 8.28949e-05)
(-0.0001227 -0.0128242 -0.0154632 -0.0128242 8.25445e-05 -0.00810015 -0.0154632 -0.00810015 8.26925e-05)
(-0.000182597 -0.0128406 -0.0154346 -0.0128406 0.000114096 -0.00811319 -0.0154346 -0.00811319 8.30735e-05)
(-0.000203248 -0.0128289 -0.0154542 -0.0128289 0.000108978 -0.00810057 -0.0154542 -0.00810057 8.61109e-05)
(7.77281e-05 -0.0127818 -0.0154307 -0.0127818 4.66228e-05 -0.00814812 -0.0154307 -0.00814812 7.0484e-05)
(0.000320115 -0.0128411 -0.0154221 -0.0128411 0.000133747 -0.00814636 -0.0154221 -0.00814636 4.17132e-05)
(7.64773e-05 -0.012798 -0.0154238 -0.012798 2.51599e-05 -0.00812462 -0.0154238 -0.00812462 4.88535e-05)
(0.000271599 -0.0128457 -0.0154317 -0.0128457 0.000127207 -0.00814578 -0.0154317 -0.00814578 2.77742e-05)
(9.32646e-05 -0.0128062 -0.0154151 -0.0128062 4.219e-05 -0.00814255 -0.0154151 -0.00814255 6.9334e-05)
(1.56504e-05 -0.0128024 -0.0154407 -0.0128024 5.4867e-05 -0.00810394 -0.0154407 -0.00810394 9.32786e-05)
(-0.000149552 -0.012829 -0.0154599 -0.012829 9.1997e-05 -0.00810421 -0.0154599 -0.00810421 8.07912e-05)
(-8.19975e-05 -0.0128208 -0.015457 -0.0128208 7.81249e-05 -0.00811275 -0.015457 -0.00811275 6.87614e-05)
(8.4426e-05 -0.0128087 -0.0154209 -0.0128087 4.78981e-05 -0.0081436 -0.0154209 -0.0081436 4.9752e-05)
(6.28062e-05 -0.0127922 -0.0154158 -0.0127922 2.48552e-05 -0.00812499 -0.0154158 -0.00812499 6.11134e-05)
(8.15964e-05 -0.0127953 -0.0154105 -0.0127953 2.57669e-05 -0.00812291 -0.0154105 -0.00812291 8.27633e-05)
(6.66263e-05 -0.0127988 -0.015423 -0.0127988 2.8656e-05 -0.00811701 -0.015423 -0.00811701 8.00979e-05)
(-5.95341e-05 -0.0128192 -0.0154545 -0.0128192 5.70601e-05 -0.00811364 -0.0154545 -0.00811364 6.6481e-05)
(0.000181093 -0.0128066 -0.0154135 -0.0128066 0.000114393 -0.00814728 -0.0154135 -0.00814728 5.73061e-05)
(0.000313751 -0.0128404 -0.0153698 -0.0128404 0.000103557 -0.00811812 -0.0153698 -0.00811812 9.4337e-05)
(0.000468749 -0.0128583 -0.0152977 -0.0128583 9.96215e-05 -0.00812931 -0.0152977 -0.00812931 0.000108221)
(-0.000107545 -0.0128262 -0.0154556 -0.0128262 9.87336e-05 -0.00810684 -0.0154556 -0.00810684 8.13759e-05)
(-8.58462e-05 -0.012813 -0.0154516 -0.012813 7.66035e-05 -0.00810932 -0.0154516 -0.00810932 7.39358e-05)
(4.24737e-05 -0.0127817 -0.015429 -0.0127817 2.82855e-05 -0.00813699 -0.015429 -0.00813699 4.84026e-05)
(0.000132219 -0.0128262 -0.0154176 -0.0128262 0.000102596 -0.00814857 -0.0154176 -0.00814857 4.81642e-05)
(0.000161264 -0.0128475 -0.0154269 -0.0128475 0.000127158 -0.0081492 -0.0154269 -0.0081492 3.282e-05)
(7.73787e-05 -0.0128014 -0.0154255 -0.0128014 5.62509e-05 -0.00814864 -0.0154255 -0.00814864 5.1204e-05)
(3.71232e-05 -0.012796 -0.0154311 -0.012796 2.90007e-05 -0.00811767 -0.0154311 -0.00811767 7.01383e-05)
(0.000255311 -0.0128576 -0.015356 -0.0128576 9.74561e-05 -0.00812039 -0.015356 -0.00812039 0.000104675)
(4.64581e-05 -0.0127874 -0.0154293 -0.0127874 2.20527e-05 -0.00812904 -0.0154293 -0.00812904 7.18886e-05)
(0.000132155 -0.0128393 -0.0154219 -0.0128393 0.000122407 -0.00815156 -0.0154219 -0.00815156 3.5873e-05)
(-3.786e-05 -0.0128214 -0.0154484 -0.0128214 0.000102911 -0.00810603 -0.0154484 -0.00810603 8.25834e-05)
(-7.63134e-05 -0.0128136 -0.0154562 -0.0128136 7.1018e-05 -0.00809959 -0.0154562 -0.00809959 9.04174e-05)
(7.07364e-05 -0.012795 -0.0154243 -0.012795 3.08603e-05 -0.00813642 -0.0154243 -0.00813642 6.72334e-05)
(0.000136054 -0.0128121 -0.0154159 -0.0128121 9.9575e-05 -0.00815419 -0.0154159 -0.00815419 6.45172e-05)
(8.73863e-05 -0.0128111 -0.0154249 -0.0128111 7.00299e-05 -0.00814933 -0.0154249 -0.00814933 3.84607e-05)
(-0.000101798 -0.0128227 -0.0154525 -0.0128227 9.85901e-05 -0.0081068 -0.0154525 -0.0081068 8.3215e-05)
(4.30229e-05 -0.0127917 -0.015422 -0.0127917 2.47187e-05 -0.00812087 -0.015422 -0.00812087 7.9557e-05)
(6.84148e-05 -0.0127977 -0.0154195 -0.0127977 3.01319e-05 -0.0081359 -0.0154195 -0.0081359 6.686e-05)
(9.11911e-05 -0.0127942 -0.015427 -0.0127942 5.59705e-05 -0.00814524 -0.015427 -0.00814524 5.17624e-05)
(5.59853e-05 -0.0128242 -0.0154432 -0.0128242 0.000102889 -0.00811404 -0.0154432 -0.00811404 8.38205e-05)
(0.000196134 -0.0128512 -0.0154105 -0.0128512 0.000135511 -0.00814726 -0.0154105 -0.00814726 5.30959e-05)
(0.000265234 -0.0128335 -0.0154176 -0.0128335 0.000129565 -0.00814561 -0.0154176 -0.00814561 4.46562e-05)
(1.3847e-05 -0.0128017 -0.0154403 -0.0128017 3.55627e-05 -0.00811967 -0.0154403 -0.00811967 5.68946e-05)
(1.80693e-05 -0.0128006 -0.0154347 -0.0128006 3.62408e-05 -0.00811451 -0.0154347 -0.00811451 0.000111988)
(-0.000204907 -0.0128456 -0.0154229 -0.0128456 0.000117334 -0.00810932 -0.0154229 -0.00810932 9.08935e-05)
(0.00052804 -0.0128661 -0.0152693 -0.0128661 9.90182e-05 -0.00813241 -0.0152693 -0.00813241 0.000111982)
(-9.34959e-05 -0.0128205 -0.0154544 -0.0128205 9.55688e-05 -0.00811518 -0.0154544 -0.00811518 7.19823e-05)
(0.00019535 -0.0128337 -0.0154295 -0.0128337 0.00012635 -0.00814748 -0.0154295 -0.00814748 3.01627e-05)
(9.54016e-05 -0.0128079 -0.0154144 -0.0128079 5.39143e-05 -0.0081501 -0.0154144 -0.0081501 6.87277e-05)
(0.000110611 -0.0128067 -0.0154084 -0.0128067 4.45482e-05 -0.00814646 -0.0154084 -0.00814646 0.000107168)
(6.91881e-06 -0.0128007 -0.0154398 -0.0128007 3.53308e-05 -0.00811049 -0.0154398 -0.00811049 8.41915e-05)
(0.00032275 -0.0128605 -0.0153176 -0.0128605 0.000106581 -0.00812827 -0.0153176 -0.00812827 0.000108296)
(7.42051e-05 -0.0127999 -0.0154207 -0.0127999 3.23512e-05 -0.00813667 -0.0154207 -0.00813667 5.71781e-05)
(-3.83283e-05 -0.0128052 -0.0154447 -0.0128052 7.13519e-05 -0.0081069 -0.0154447 -0.0081069 8.36361e-05)
(9.35356e-05 -0.0127974 -0.015408 -0.0127974 2.99112e-05 -0.00812954 -0.015408 -0.00812954 0.000105194)
(3.77393e-05 -0.0128014 -0.0154322 -0.0128014 4.13981e-05 -0.00810807 -0.0154322 -0.00810807 9.20959e-05)
(-3.39937e-05 -0.0128149 -0.0154523 -0.0128149 4.80079e-05 -0.00811526 -0.0154523 -0.00811526 6.15246e-05)
(-2.03515e-05 -0.0127993 -0.0154385 -0.0127993 3.65117e-05 -0.00811297 -0.0154385 -0.00811297 8.25724e-05)
(7.74233e-05 -0.0128135 -0.0154435 -0.0128135 0.000102625 -0.00810597 -0.0154435 -0.00810597 8.33153e-05)
(0.000291936 -0.0128484 -0.015354 -0.0128484 0.000109125 -0.00812282 -0.015354 -0.00812282 9.9136e-05)
(-7.19504e-07 -0.0128477 -0.015409 -0.0128477 0.000115486 -0.00812247 -0.015409 -0.00812247 8.72542e-05)
(4.64997e-05 -0.012792 -0.015425 -0.012792 2.14764e-05 -0.00812732 -0.015425 -0.00812732 5.83325e-05)
(0.000105676 -0.0127943 -0.015427 -0.0127943 8.64924e-05 -0.00814842 -0.015427 -0.00814842 4.13359e-05)
(1.62631e-05 -0.0127965 -0.0154362 -0.0127965 3.29082e-05 -0.00811563 -0.0154362 -0.00811563 7.3093e-05)
(0.000155224 -0.0128447 -0.01542 -0.0128447 0.000128322 -0.00815073 -0.01542 -0.00815073 3.88378e-05)
(0.000196153 -0.0128385 -0.0154215 -0.0128385 0.000134755 -0.00815061 -0.0154215 -0.00815061 3.82902e-05)
(8.64199e-05 -0.0128099 -0.0154272 -0.0128099 4.4018e-05 -0.00813657 -0.0154272 -0.00813657 3.93284e-05)
(-9.54557e-05 -0.0128267 -0.0154549 -0.0128267 9.7028e-05 -0.00811102 -0.0154549 -0.00811102 8.01189e-05)
(-4.57469e-05 -0.0128099 -0.0154515 -0.0128099 4.61009e-05 -0.00810817 -0.0154515 -0.00810817 8.56947e-05)
(9.87027e-05 -0.0128075 -0.0154148 -0.0128075 4.29749e-05 -0.00814269 -0.0154148 -0.00814269 6.72692e-05)
(9.1411e-05 -0.0127941 -0.0154099 -0.0127941 2.70004e-05 -0.00812048 -0.0154099 -0.00812048 8.28956e-05)
(5.50629e-05 -0.0127931 -0.0154224 -0.0127931 2.66449e-05 -0.00813006 -0.0154224 -0.00813006 9.46919e-05)
(4.54822e-05 -0.0127893 -0.0154297 -0.0127893 2.09096e-05 -0.00812886 -0.0154297 -0.00812886 5.07164e-05)
(0.000185277 -0.0128247 -0.015421 -0.0128247 0.000123737 -0.00814966 -0.015421 -0.00814966 3.82865e-05)
(6.87833e-05 -0.0127945 -0.0154157 -0.0127945 2.58135e-05 -0.0081219 -0.0154157 -0.0081219 6.24372e-05)
(-0.000112959 -0.0128161 -0.0154534 -0.0128161 9.10172e-05 -0.00810644 -0.0154534 -0.00810644 8.23044e-05)
(2.80795e-05 -0.0127882 -0.0154209 -0.0127882 2.46412e-05 -0.00812343 -0.0154209 -0.00812343 8.022e-05)
(5.15901e-05 -0.012793 -0.0154199 -0.012793 2.35795e-05 -0.00812531 -0.0154199 -0.00812531 7.98269e-05)
(4.76612e-05 -0.0127896 -0.0154243 -0.0127896 2.42098e-05 -0.00813167 -0.0154243 -0.00813167 6.81533e-05)
(4.1187e-05 -0.0128255 -0.0154447 -0.0128255 0.000103567 -0.00811621 -0.0154447 -0.00811621 8.3226e-05)
(0.000125444 -0.0128222 -0.0154104 -0.0128222 0.000101421 -0.00815419 -0.0154104 -0.00815419 6.65438e-05)
(4.64964e-05 -0.0127896 -0.0154199 -0.0127896 2.85692e-05 -0.00813559 -0.0154199 -0.00813559 8.70423e-05)
(6.1236e-05 -0.0127988 -0.0154314 -0.0127988 2.76406e-05 -0.00813169 -0.0154314 -0.00813169 3.09525e-05)
(9.64086e-05 -0.0128051 -0.0154148 -0.0128051 4.61838e-05 -0.00814727 -0.0154148 -0.00814727 9.87567e-05)
(0.000435988 -0.012863 -0.0152958 -0.012863 0.00010423 -0.00812933 -0.0152958 -0.00812933 0.000109594)
(0.000707163 -0.0128741 -0.0152256 -0.0128741 0.0001047 -0.00814193 -0.0152256 -0.00814193 0.00011639)
(0.000274756 -0.0128629 -0.0153324 -0.0128629 0.000113648 -0.0081318 -0.0153324 -0.0081318 0.000104216)
(4.90698e-05 -0.0127902 -0.0154302 -0.0127902 2.95622e-05 -0.00813459 -0.0154302 -0.00813459 3.22833e-05)
(0.000110537 -0.0128325 -0.015416 -0.0128325 0.00011336 -0.00815558 -0.015416 -0.00815558 4.90463e-05)
(0.000118478 -0.0128188 -0.0154049 -0.0128188 8.44862e-05 -0.00815673 -0.0154049 -0.00815673 9.73656e-05)
(9.3404e-05 -0.012804 -0.0154172 -0.012804 4.86145e-05 -0.00814618 -0.0154172 -0.00814618 8.38297e-05)
(9.58113e-05 -0.0128521 -0.0153677 -0.0128521 0.000111908 -0.00812081 -0.0153677 -0.00812081 9.97736e-05)
(6.25367e-05 -0.0127952 -0.0154218 -0.0127952 2.7046e-05 -0.00813363 -0.0154218 -0.00813363 5.94704e-05)
(-4.49503e-05 -0.0128078 -0.0154493 -0.0128078 7.88588e-05 -0.00810134 -0.0154493 -0.00810134 9.03976e-05)
(-0.000131708 -0.012816 -0.0154661 -0.012816 9.44006e-05 -0.00809553 -0.0154661 -0.00809553 8.89846e-05)
(7.37122e-05 -0.0127966 -0.0154157 -0.0127966 2.8253e-05 -0.00812902 -0.0154157 -0.00812902 9.84674e-05)
(-7.29348e-05 -0.0128278 -0.0154556 -0.0128278 6.84543e-05 -0.00811794 -0.0154556 -0.00811794 5.88006e-05)
(-0.000174527 -0.0128289 -0.0154534 -0.0128289 9.82609e-05 -0.00811151 -0.0154534 -0.00811151 7.9193e-05)
(0.00011659 -0.0127904 -0.0153982 -0.0127904 3.12429e-05 -0.00812467 -0.0153982 -0.00812467 9.46448e-05)
(-7.99181e-05 -0.0128122 -0.0154525 -0.0128122 8.61903e-05 -0.00811163 -0.0154525 -0.00811163 7.77205e-05)
(-0.000115949 -0.0128472 -0.0154402 -0.0128472 0.000115412 -0.00813027 -0.0154402 -0.00813027 6.78896e-05)
(0.000105708 -0.0127966 -0.0154222 -0.0127966 7.36792e-05 -0.00815086 -0.0154222 -0.00815086 6.5783e-05)
(0.000106039 -0.0127988 -0.0154253 -0.0127988 8.23298e-05 -0.00814973 -0.0154253 -0.00814973 4.54463e-05)
(-3.62075e-05 -0.0127998 -0.0154373 -0.0127998 5.13172e-05 -0.00811636 -0.0154373 -0.00811636 7.84381e-05)
(-9.71203e-05 -0.0128123 -0.0154563 -0.0128123 7.8872e-05 -0.00810001 -0.0154563 -0.00810001 8.97944e-05)
(5.96227e-05 -0.0127995 -0.0154235 -0.0127995 2.37412e-05 -0.00812717 -0.0154235 -0.00812717 5.19983e-05)
(7.06191e-05 -0.012798 -0.0154483 -0.012798 3.1896e-05 -0.00813205 -0.0154483 -0.00813205 5.22792e-05)
(-9.54245e-06 -0.0127983 -0.0154415 -0.0127983 4.53341e-05 -0.0081202 -0.0154415 -0.0081202 6.33459e-05)
(-6.74765e-05 -0.0128141 -0.0154536 -0.0128141 5.29562e-05 -0.00810866 -0.0154536 -0.00810866 7.91723e-05)
(9.35821e-06 -0.012796 -0.0154258 -0.012796 4.57432e-05 -0.00811044 -0.0154258 -0.00811044 9.79917e-05)
(0.000111125 -0.0128079 -0.0154064 -0.0128079 4.88759e-05 -0.00814982 -0.0154064 -0.00814982 0.000103382)
(8.67605e-05 -0.0127995 -0.0154199 -0.0127995 5.06344e-05 -0.00814937 -0.0154199 -0.00814937 8.66902e-05)
(4.99049e-05 -0.0127877 -0.0154296 -0.0127877 2.18199e-05 -0.00813026 -0.0154296 -0.00813026 5.57471e-05)
(3.39887e-05 -0.0127944 -0.0154415 -0.0127944 2.27845e-05 -0.00813033 -0.0154415 -0.00813033 3.84598e-05)
(-5.02869e-06 -0.0128094 -0.0154498 -0.0128094 8.13202e-05 -0.00810876 -0.0154498 -0.00810876 7.61736e-05)
(-1.46466e-05 -0.0127971 -0.0154333 -0.0127971 4.43805e-05 -0.00811177 -0.0154333 -0.00811177 7.90637e-05)
(2.92768e-06 -0.0127918 -0.0154275 -0.0127918 3.05809e-05 -0.00811729 -0.0154275 -0.00811729 8.03778e-05)
(9.59005e-06 -0.0128008 -0.0154371 -0.0128008 4.10808e-05 -0.00810818 -0.0154371 -0.00810818 9.02198e-05)
(-8.49638e-05 -0.012812 -0.0154499 -0.012812 6.4974e-05 -0.0081105 -0.0154499 -0.0081105 7.48428e-05)
(5.17574e-05 -0.0127929 -0.0154311 -0.0127929 3.17175e-05 -0.00812598 -0.0154311 -0.00812598 5.94541e-05)
(0.000113106 -0.0128245 -0.0154103 -0.0128245 0.000103107 -0.00815473 -0.0154103 -0.00815473 6.67025e-05)
(-0.000196404 -0.0128321 -0.0154449 -0.0128321 0.000116669 -0.00810387 -0.0154449 -0.00810387 8.5917e-05)
(4.9737e-05 -0.0127956 -0.015433 -0.0127956 2.10403e-05 -0.00812844 -0.015433 -0.00812844 3.56098e-05)
(7.99156e-05 -0.0127997 -0.0154163 -0.0127997 2.48116e-05 -0.00812552 -0.0154163 -0.00812552 6.66772e-05)
(-0.000138945 -0.0128287 -0.01545 -0.0128287 0.000105256 -0.00810479 -0.01545 -0.00810479 8.28889e-05)
(0.000506038 -0.0128633 -0.0152815 -0.0128633 0.000104334 -0.00813239 -0.0152815 -0.00813239 0.000111745)
(0.000557331 -0.0128694 -0.0152734 -0.0128694 0.000107551 -0.00813866 -0.0152734 -0.00813866 0.000117624)
(-0.000180205 -0.0128474 -0.0154407 -0.0128474 0.000113454 -0.00812513 -0.0154407 -0.00812513 6.5186e-05)
(0.000104516 -0.0128176 -0.015415 -0.0128176 7.78463e-05 -0.00815529 -0.015415 -0.00815529 6.68036e-05)
(0.0001233 -0.0128334 -0.0154033 -0.0128334 0.000114131 -0.00815408 -0.0154033 -0.00815408 7.71772e-05)
(8.68781e-06 -0.0127983 -0.0154344 -0.0127983 4.94588e-05 -0.00810581 -0.0154344 -0.00810581 8.94023e-05)
(-0.000180125 -0.0128281 -0.0154557 -0.0128281 9.9738e-05 -0.00810554 -0.0154557 -0.00810554 8.17577e-05)
(9.68415e-06 -0.012795 -0.0154323 -0.012795 3.16285e-05 -0.00811658 -0.0154323 -0.00811658 7.06229e-05)
(6.30539e-05 -0.0127976 -0.0154253 -0.0127976 4.9404e-05 -0.00810579 -0.0154253 -0.00810579 0.000100003)
(-0.000116628 -0.0128153 -0.0154647 -0.0128153 9.15783e-05 -0.00809614 -0.0154647 -0.00809614 9.05424e-05)
(0.000152282 -0.0128277 -0.0154138 -0.0128277 0.000120187 -0.00815154 -0.0154138 -0.00815154 5.04564e-05)
(5.51771e-05 -0.0127829 -0.0154319 -0.0127829 3.02875e-05 -0.00813371 -0.0154319 -0.00813371 3.09088e-05)
(-0.000164233 -0.0128303 -0.0154543 -0.0128303 9.44565e-05 -0.0081157 -0.0154543 -0.0081157 7.12477e-05)
(0.000115274 -0.0128048 -0.0154082 -0.0128048 3.81745e-05 -0.00814061 -0.0154082 -0.00814061 7.67799e-05)
(3.86859e-05 -0.0127909 -0.0154282 -0.0127909 3.22675e-05 -0.00812197 -0.0154282 -0.00812197 6.6098e-05)
(-7.32491e-05 -0.012826 -0.0154559 -0.012826 7.39397e-05 -0.00812869 -0.0154559 -0.00812869 5.39749e-05)
(0.000126104 -0.0127929 -0.0154103 -0.0127929 8.46896e-05 -0.00815044 -0.0154103 -0.00815044 0.000103372)
(-1.62131e-05 -0.0128019 -0.0154407 -0.0128019 3.91867e-05 -0.00811581 -0.0154407 -0.00811581 6.55259e-05)
(-4.73456e-05 -0.0128066 -0.0154375 -0.0128066 7.17332e-05 -0.00811825 -0.0154375 -0.00811825 7.94405e-05)
(0.000333935 -0.0128523 -0.0153556 -0.0128523 0.000119985 -0.00812466 -0.0153556 -0.00812466 9.77842e-05)
(-1.76181e-05 -0.0128091 -0.015451 -0.0128091 5.4462e-05 -0.00811736 -0.015451 -0.00811736 5.67399e-05)
(0.000352247 -0.0128646 -0.0153919 -0.0128646 0.000122502 -0.00814727 -0.0153919 -0.00814727 9.61849e-05)
(-4.20681e-05 -0.0128047 -0.0154435 -0.0128047 5.65881e-05 -0.00811833 -0.0154435 -0.00811833 6.5819e-05)
(-8.19842e-06 -0.0128026 -0.0154444 -0.0128026 3.35409e-05 -0.00811653 -0.0154444 -0.00811653 6.29128e-05)
(-0.000124354 -0.0128133 -0.0154535 -0.0128133 9.05977e-05 -0.00810233 -0.0154535 -0.00810233 8.95069e-05)
(9.86927e-05 -0.0128 -0.0154064 -0.0128 4.25681e-05 -0.00814834 -0.0154064 -0.00814834 0.000134202)
(5.22636e-05 -0.0127902 -0.0154205 -0.0127902 2.86689e-05 -0.00813675 -0.0154205 -0.00813675 8.58496e-05)
(0.00012539 -0.0127998 -0.015411 -0.0127998 7.69462e-05 -0.00815246 -0.015411 -0.00815246 0.000102323)
(-8.60114e-05 -0.0128465 -0.0154443 -0.0128465 0.000115425 -0.00813376 -0.0154443 -0.00813376 7.07402e-05)
(1.8518e-06 -0.0128172 -0.0154572 -0.0128172 8.32691e-05 -0.00812026 -0.0154572 -0.00812026 6.60405e-05)
(3.62887e-05 -0.0127895 -0.0154206 -0.0127895 2.27328e-05 -0.00812423 -0.0154206 -0.00812423 6.52607e-05)
(2.11311e-05 -0.0127906 -0.0154281 -0.0127906 2.51748e-05 -0.00812265 -0.0154281 -0.00812265 6.30755e-05)
(2.78505e-05 -0.0127986 -0.0154332 -0.0127986 3.63196e-05 -0.00811076 -0.0154332 -0.00811076 8.93065e-05)
(-0.000149848 -0.012842 -0.015426 -0.012842 0.000116965 -0.00811557 -0.015426 -0.00811557 8.47337e-05)
(4.98614e-05 -0.012791 -0.0154282 -0.012791 2.89359e-05 -0.00813497 -0.0154282 -0.00813497 4.36217e-05)
(0.000119608 -0.0128335 -0.0153981 -0.0128335 0.000120864 -0.00815168 -0.0153981 -0.00815168 8.01778e-05)
(-0.000193356 -0.0128253 -0.0154586 -0.0128253 0.000105121 -0.00809952 -0.0154586 -0.00809952 8.40878e-05)
(-0.000137776 -0.0128292 -0.015456 -0.0128292 9.07611e-05 -0.00811313 -0.015456 -0.00811313 7.04916e-05)
(7.66884e-05 -0.0127957 -0.0154146 -0.0127957 2.50795e-05 -0.0081234 -0.0154146 -0.0081234 7.59589e-05)
(8.6902e-05 -0.0128005 -0.0154113 -0.0128005 2.78404e-05 -0.00813026 -0.0154113 -0.00813026 7.98681e-05)
(-0.000103059 -0.012817 -0.0154551 -0.012817 7.99301e-05 -0.0081114 -0.0154551 -0.0081114 7.3898e-05)
(0.000110267 -0.0128578 -0.0153547 -0.0128578 0.000116495 -0.00812613 -0.0153547 -0.00812613 0.000101887)
(-0.000169297 -0.0128523 -0.0154085 -0.0128523 0.000119091 -0.0081175 -0.0154085 -0.0081175 8.9525e-05)
(-1.44753e-05 -0.0127962 -0.0154263 -0.0127962 4.36769e-05 -0.00811122 -0.0154263 -0.00811122 9.67443e-05)
(0.000115886 -0.0128191 -0.0154093 -0.0128191 6.15482e-05 -0.00814992 -0.0154093 -0.00814992 8.02957e-05)
(-3.91867e-05 -0.0128089 -0.0154528 -0.0128089 8.25228e-05 -0.00810021 -0.0154528 -0.00810021 8.71013e-05)
(2.0076e-05 -0.0127944 -0.0154322 -0.0127944 2.52863e-05 -0.00811761 -0.0154322 -0.00811761 7.42722e-05)
(-0.000103918 -0.012815 -0.0154547 -0.012815 7.73276e-05 -0.00810857 -0.0154547 -0.00810857 7.81779e-05)
(7.88946e-05 -0.0127944 -0.0154146 -0.0127944 3.60994e-05 -0.0081125 -0.0154146 -0.0081125 0.00010156)
(6.36858e-05 -0.012795 -0.015417 -0.012795 2.94104e-05 -0.00812468 -0.015417 -0.00812468 0.000110714)
(0.000146388 -0.0128229 -0.0154234 -0.0128229 0.000113625 -0.00814939 -0.0154234 -0.00814939 3.71472e-05)
(0.000341818 -0.0128392 -0.0154418 -0.0128392 0.000126224 -0.00814245 -0.0154418 -0.00814245 2.75618e-05)
(-8.21649e-05 -0.0128205 -0.0154546 -0.0128205 6.95276e-05 -0.00812124 -0.0154546 -0.00812124 5.98828e-05)
(0.000101911 -0.0127937 -0.0154112 -0.0127937 2.64834e-05 -0.00812453 -0.0154112 -0.00812453 7.89486e-05)
(7.42954e-05 -0.0127994 -0.0154243 -0.0127994 3.02776e-05 -0.00813536 -0.0154243 -0.00813536 4.82179e-05)
(-0.000101634 -0.0128313 -0.0154547 -0.0128313 8.17285e-05 -0.00812685 -0.0154547 -0.00812685 5.59467e-05)
(0.000110874 -0.0127908 -0.0154163 -0.0127908 6.85614e-05 -0.00815282 -0.0154163 -0.00815282 0.000105664)
(5.11136e-06 -0.0127948 -0.0154331 -0.0127948 3.24393e-05 -0.00811894 -0.0154331 -0.00811894 6.27195e-05)
(-5.62862e-05 -0.0128168 -0.0154469 -0.0128168 0.000102827 -0.00811087 -0.0154469 -0.00811087 8.22339e-05)
(-0.000136558 -0.0128253 -0.0154508 -0.0128253 0.000103665 -0.00811528 -0.0154508 -0.00811528 7.56751e-05)
(7.64028e-05 -0.0128008 -0.0154269 -0.0128008 4.67968e-05 -0.00814047 -0.0154269 -0.00814047 3.83177e-05)
(0.000189356 -0.0128516 -0.0154259 -0.0128516 0.000124035 -0.00814251 -0.0154259 -0.00814251 8.21482e-05)
(1.97309e-06 -0.0127891 -0.0154302 -0.0127891 2.52923e-05 -0.00812335 -0.0154302 -0.00812335 5.60929e-05)
(7.25285e-05 -0.0127831 -0.0154313 -0.0127831 3.55967e-05 -0.00814055 -0.0154313 -0.00814055 5.19802e-05)
(1.61318e-05 -0.0128006 -0.0154327 -0.0128006 4.66686e-05 -0.00810812 -0.0154327 -0.00810812 9.23668e-05)
(8.6418e-05 -0.0127992 -0.0154128 -0.0127992 4.0143e-05 -0.00814379 -0.0154128 -0.00814379 0.000137624)
(-1.70607e-05 -0.0127962 -0.0154355 -0.0127962 3.3924e-05 -0.00811462 -0.0154355 -0.00811462 7.60594e-05)
(9.77513e-05 -0.0127997 -0.0154146 -0.0127997 5.4462e-05 -0.00815199 -0.0154146 -0.00815199 0.000113848)
(-5.5588e-05 -0.0128101 -0.0154512 -0.0128101 7.53918e-05 -0.00810712 -0.0154512 -0.00810712 8.26077e-05)
(4.38215e-05 -0.0128024 -0.0154455 -0.0128024 3.9388e-05 -0.00812459 -0.0154455 -0.00812459 5.07275e-05)
(3.53302e-05 -0.0127906 -0.015424 -0.0127906 2.19403e-05 -0.0081241 -0.015424 -0.0081241 6.13257e-05)
(4.72691e-05 -0.0127916 -0.0154294 -0.0127916 2.58466e-05 -0.00813327 -0.0154294 -0.00813327 3.74467e-05)
(5.60189e-05 -0.012793 -0.0154198 -0.012793 2.59534e-05 -0.0081189 -0.0154198 -0.0081189 8.30022e-05)
(-0.000182865 -0.0128359 -0.0154412 -0.0128359 0.000109226 -0.00810878 -0.0154412 -0.00810878 8.49984e-05)
(9.44376e-06 -0.0127947 -0.0154412 -0.0127947 3.09529e-05 -0.00813129 -0.0154412 -0.00813129 4.57109e-05)
(0.000111608 -0.0128291 -0.0154046 -0.0128291 0.00010529 -0.00815687 -0.0154046 -0.00815687 7.81151e-05)
(6.22386e-05 -0.0127928 -0.0154148 -0.0127928 2.61139e-05 -0.00811852 -0.0154148 -0.00811852 8.9567e-05)
(-0.00013616 -0.0128226 -0.0154575 -0.0128226 8.16602e-05 -0.00810786 -0.0154575 -0.00810786 7.58274e-05)
(1.85582e-05 -0.0127949 -0.0154277 -0.0127949 3.35721e-05 -0.00811352 -0.0154277 -0.00811352 8.44668e-05)
(0.000118352 -0.0128241 -0.0154068 -0.0128241 9.61042e-05 -0.00815549 -0.0154068 -0.00815549 8.67526e-05)
(0.00012338 -0.0128259 -0.015421 -0.0128259 0.000109191 -0.00815175 -0.015421 -0.00815175 3.99649e-05)
(-9.08312e-06 -0.0127982 -0.0154398 -0.0127982 3.23457e-05 -0.00811375 -0.0154398 -0.00811375 7.44624e-05)
(-0.000219897 -0.0128391 -0.0154356 -0.0128391 0.000110671 -0.00810387 -0.0154356 -0.00810387 9.20324e-05)
(-5.76872e-05 -0.0128088 -0.0154468 -0.0128088 6.08659e-05 -0.00810289 -0.0154468 -0.00810289 9.99635e-05)
(3.08071e-05 -0.0127925 -0.0154207 -0.0127925 5.1486e-05 -0.00811031 -0.0154207 -0.00811031 9.44987e-05)
(3.58537e-05 -0.0127954 -0.0154275 -0.0127954 4.34285e-05 -0.0081089 -0.0154275 -0.0081089 9.03929e-05)
(7.09927e-05 -0.0127916 -0.0154252 -0.0127916 3.54013e-05 -0.0081406 -0.0154252 -0.0081406 6.70388e-05)
(-1.67599e-05 -0.0128009 -0.01544 -0.0128009 4.52153e-05 -0.00811161 -0.01544 -0.00811161 7.99091e-05)
(6.90535e-05 -0.0127923 -0.0154114 -0.0127923 2.93096e-05 -0.00811956 -0.0154114 -0.00811956 0.000102428)
(6.78281e-05 -0.0127949 -0.0154185 -0.0127949 3.53137e-05 -0.00814153 -0.0154185 -0.00814153 8.47207e-05)
(4.71509e-05 -0.0127879 -0.0154326 -0.0127879 2.40108e-05 -0.00813206 -0.0154326 -0.00813206 4.0863e-05)
(0.000211069 -0.0128321 -0.0154335 -0.0128321 0.000124028 -0.00814573 -0.0154335 -0.00814573 2.92669e-05)
(-8.45599e-05 -0.0128226 -0.0154551 -0.0128226 8.46323e-05 -0.00812372 -0.0154551 -0.00812372 6.52162e-05)
(3.13798e-05 -0.0128014 -0.0154429 -0.0128014 6.96031e-05 -0.00811147 -0.0154429 -0.00811147 8.46924e-05)
(0.000100405 -0.0128248 -0.0154215 -0.0128248 8.2023e-05 -0.00814958 -0.0154215 -0.00814958 4.79407e-05)
(-1.00236e-05 -0.012803 -0.0154445 -0.012803 3.52925e-05 -0.00812562 -0.0154445 -0.00812562 4.58046e-05)
(6.4145e-05 -0.0127799 -0.0154313 -0.0127799 3.12706e-05 -0.0081384 -0.0154313 -0.0081384 5.0982e-05)
(4.64744e-05 -0.0127908 -0.0154222 -0.0127908 2.26692e-05 -0.00812943 -0.0154222 -0.00812943 5.29566e-05)
(-1.64673e-05 -0.0128006 -0.015438 -0.0128006 7.0383e-05 -0.00810942 -0.015438 -0.00810942 8.64461e-05)
(4.38998e-05 -0.0127882 -0.0154256 -0.0127882 2.60871e-05 -0.00813535 -0.0154256 -0.00813535 5.83825e-05)
(3.41923e-05 -0.0127898 -0.015426 -0.0127898 2.14705e-05 -0.00812836 -0.015426 -0.00812836 4.5185e-05)
(7.91026e-05 -0.0127973 -0.0154402 -0.0127973 2.94057e-05 -0.00813485 -0.0154402 -0.00813485 4.34431e-05)
(4.06606e-05 -0.0127823 -0.0154285 -0.0127823 2.70164e-05 -0.00813663 -0.0154285 -0.00813663 5.36554e-05)
(0.000135567 -0.0127934 -0.0154181 -0.0127934 9.30714e-05 -0.00815204 -0.0154181 -0.00815204 7.63362e-05)
(0.000122552 -0.0128298 -0.0154131 -0.0128298 0.00010673 -0.00815351 -0.0154131 -0.00815351 5.67606e-05)
(8.43759e-05 -0.0127979 -0.0154091 -0.0127979 3.35073e-05 -0.00813903 -0.0154091 -0.00813903 9.17571e-05)
(-0.000151731 -0.0128303 -0.0154535 -0.0128303 9.80138e-05 -0.00811995 -0.0154535 -0.00811995 6.55549e-05)
(-0.000123994 -0.0128187 -0.0154564 -0.0128187 8.20721e-05 -0.00810861 -0.0154564 -0.00810861 7.84482e-05)
(2.87018e-05 -0.0127977 -0.0154276 -0.0127977 3.99394e-05 -0.00810997 -0.0154276 -0.00810997 0.000102477)
(7.01412e-05 -0.0127977 -0.0154205 -0.0127977 2.38352e-05 -0.00812676 -0.0154205 -0.00812676 6.31032e-05)
(2.04076e-05 -0.0127937 -0.0154302 -0.0127937 2.59041e-05 -0.0081186 -0.0154302 -0.0081186 6.38771e-05)
(2.32766e-05 -0.0127908 -0.0154319 -0.0127908 2.31949e-05 -0.00812642 -0.0154319 -0.00812642 4.64508e-05)
(7.40979e-06 -0.0127957 -0.0154324 -0.0127957 5.34441e-05 -0.00810879 -0.0154324 -0.00810879 9.04065e-05)
(3.54503e-05 -0.012793 -0.0154284 -0.012793 2.41559e-05 -0.00812152 -0.0154284 -0.00812152 8.52924e-05)
(-2.19818e-05 -0.0128093 -0.0154488 -0.0128093 4.56649e-05 -0.00812801 -0.0154488 -0.00812801 4.87475e-05)
(8.8444e-05 -0.0128007 -0.0154131 -0.0128007 3.91725e-05 -0.00814166 -0.0154131 -0.00814166 6.61486e-05)
(7.78049e-05 -0.0128021 -0.0154169 -0.0128021 3.86222e-05 -0.00814169 -0.0154169 -0.00814169 6.18198e-05)
(4.4389e-05 -0.012787 -0.0154242 -0.012787 2.51535e-05 -0.00813275 -0.0154242 -0.00813275 7.1893e-05)
(-1.29166e-06 -0.0127968 -0.0154333 -0.0127968 3.59795e-05 -0.00811432 -0.0154333 -0.00811432 7.86456e-05)
(8.56252e-05 -0.0128005 -0.0154153 -0.0128005 4.67867e-05 -0.00814951 -0.0154153 -0.00814951 0.00010083)
(0.000209571 -0.0128406 -0.0154231 -0.0128406 0.000131752 -0.00814827 -0.0154231 -0.00814827 3.3085e-05)
(7.1039e-05 -0.0128017 -0.0154239 -0.0128017 4.84881e-05 -0.00814482 -0.0154239 -0.00814482 5.28506e-05)
(-0.000225152 -0.0128289 -0.0154636 -0.0128289 9.95642e-05 -0.00809782 -0.0154636 -0.00809782 8.86799e-05)
(-4.20399e-06 -0.0128043 -0.0154406 -0.0128043 4.47145e-05 -0.00810725 -0.0154406 -0.00810725 0.000102567)
(-2.56953e-05 -0.012803 -0.0154369 -0.012803 7.76914e-05 -0.00810565 -0.0154369 -0.00810565 9.23949e-05)
(2.85874e-05 -0.0127876 -0.0154133 -0.0127876 2.97332e-05 -0.00811953 -0.0154133 -0.00811953 9.81709e-05)
(8.60487e-05 -0.0127952 -0.0154229 -0.0127952 6.30739e-05 -0.00815192 -0.0154229 -0.00815192 7.09373e-05)
(4.9034e-05 -0.0127898 -0.0154181 -0.0127898 2.56325e-05 -0.00813246 -0.0154181 -0.00813246 8.00527e-05)
(7.97692e-05 -0.012795 -0.0154092 -0.012795 3.05949e-05 -0.00813575 -0.0154092 -0.00813575 9.14986e-05)
(4.22231e-05 -0.012788 -0.0154223 -0.012788 2.51868e-05 -0.00813413 -0.0154223 -0.00813413 6.84512e-05)
(-3.44452e-05 -0.0128145 -0.0154566 -0.0128145 5.64837e-05 -0.00812957 -0.0154566 -0.00812957 5.1003e-05)
(2.76613e-05 -0.0127961 -0.0154354 -0.0127961 2.83722e-05 -0.00812217 -0.0154354 -0.00812217 4.86721e-05)
(-2.54809e-05 -0.0128037 -0.0154439 -0.0128037 5.75994e-05 -0.00812496 -0.0154439 -0.00812496 5.6375e-05)
(3.97561e-06 -0.0127995 -0.015443 -0.0127995 5.47154e-05 -0.00811683 -0.015443 -0.00811683 7.34448e-05)
(0.00010103 -0.0128154 -0.0154185 -0.0128154 6.5953e-05 -0.00814897 -0.0154185 -0.00814897 6.02708e-05)
(6.09367e-05 -0.0127891 -0.0154296 -0.0127891 3.72864e-05 -0.00813772 -0.0154296 -0.00813772 3.65001e-05)
(1.31615e-05 -0.0127906 -0.0154381 -0.0127906 2.1239e-05 -0.00812483 -0.0154381 -0.00812483 4.52606e-05)
(4.08385e-05 -0.0127954 -0.0154349 -0.0127954 2.98953e-05 -0.00812442 -0.0154349 -0.00812442 5.48454e-05)
(4.17464e-05 -0.0127932 -0.0154248 -0.0127932 3.87141e-05 -0.00811328 -0.0154248 -0.00811328 8.60304e-05)
(1.79615e-05 -0.0127901 -0.0154287 -0.0127901 2.29815e-05 -0.0081207 -0.0154287 -0.0081207 7.12902e-05)
(-0.000130047 -0.012827 -0.0154527 -0.012827 0.000104054 -0.00812265 -0.0154527 -0.00812265 6.40916e-05)
(8.62267e-05 -0.012826 -0.015434 -0.012826 9.48174e-05 -0.00814121 -0.015434 -0.00814121 2.96345e-05)
(8.70283e-05 -0.0127897 -0.0154281 -0.0127897 6.89384e-05 -0.00814748 -0.0154281 -0.00814748 4.61616e-05)
(1.03685e-05 -0.0127955 -0.0154423 -0.0127955 2.65754e-05 -0.00811708 -0.0154423 -0.00811708 7.08883e-05)
