/*--------------------------------*- C++ -*----------------------------------*\
  =========                 |
  \\      /  F ield         | OpenFOAM: The Open Source CFD Toolbox
   \\    /   O peration     | Website:  https://openfoam.org
    \\  /    A nd           | Version:  10
     \\/     M anipulation  |
\*---------------------------------------------------------------------------*/
FoamFile
{
    format      ascii;
    class       volTensorField;
    location    "14";
    object      TauNN;
}
// * * * * * * * * * * * * * * * * * * * * * * * * * * * * * * * * * * * * * //

dimensions      [0 2 -2 0 0 0 0];

internalField   nonuniform List<tensor> 
25600
(
(0.000122721 -6.54515e-05 3.29372e-05 -6.54515e-05 0.000218731 3.37493e-05 3.29372e-05 3.37493e-05 0.000296752)
(0.000130114 -1.1567e-05 4.41447e-05 -1.1567e-05 0.000212638 -2.11755e-05 4.41447e-05 -2.11755e-05 0.000186789)
(0.000178536 3.91146e-05 6.16889e-05 3.91146e-05 0.000327109 -3.42326e-05 6.16889e-05 -3.42326e-05 0.00015356)
(0.000202201 5.30845e-05 7.35279e-05 5.30845e-05 0.000360066 -3.46508e-05 7.35279e-05 -3.46508e-05 0.000135778)
(0.000210886 3.34177e-05 8.09403e-05 3.34177e-05 0.000307065 -4.39016e-05 8.09403e-05 -4.39016e-05 9.57653e-05)
(0.000304878 9.9251e-06 0.000119821 9.9251e-06 0.000287006 -5.34039e-05 0.000119821 -5.34039e-05 0.00010781)
(0.000407913 8.99937e-06 0.000159663 8.99937e-06 0.000271589 -9.0654e-05 0.000159663 -9.0654e-05 0.000191219)
(0.000465777 6.62692e-05 0.000133685 6.62692e-05 0.000272989 -0.000116911 0.000133685 -0.000116911 0.000348968)
(0.000423944 8.47867e-05 0.000122288 8.47867e-05 0.000258463 -9.19234e-05 0.000122288 -9.19234e-05 0.000308407)
(0.000255083 4.47119e-05 0.000123689 4.47119e-05 0.000209391 -3.5624e-05 0.000123689 -3.5624e-05 4.59885e-05)
(0.000146724 7.05477e-06 0.000116597 7.05477e-06 0.000181409 2.47778e-05 0.000116597 2.47778e-05 5.26636e-05)
(0.000128459 -1.09337e-06 9.13003e-05 -1.09337e-06 0.000158665 1.87634e-05 9.13003e-05 1.87634e-05 0.000182546)
(0.000132703 1.17905e-06 7.80588e-05 1.17905e-06 0.000154226 -8.91089e-06 7.80588e-05 -8.91089e-06 0.000133546)
(0.000166498 1.4835e-05 8.84393e-05 1.4835e-05 0.000164492 -3.90941e-05 8.84393e-05 -3.90941e-05 6.20508e-05)
(0.000230165 3.56482e-05 0.000166601 3.56482e-05 0.000165426 -2.16635e-05 0.000166601 -2.16635e-05 0.000157526)
(0.000267867 4.13693e-05 0.000212992 4.13693e-05 0.000141629 -1.16695e-05 0.000212992 -1.16695e-05 0.000225334)
(0.000270762 3.6737e-05 0.000182786 3.6737e-05 0.000144683 -5.54491e-05 0.000182786 -5.54491e-05 0.000181291)
(0.000267885 2.44137e-05 0.000151119 2.44137e-05 0.000197958 -7.28406e-05 0.000151119 -7.28406e-05 9.93677e-05)
(0.000271346 -1.65589e-06 0.000148465 -1.65589e-06 0.000279728 -5.57322e-05 0.000148465 -5.57322e-05 5.19969e-05)
(0.000248541 -3.81358e-05 0.000143471 -3.81358e-05 0.000250445 -2.8871e-05 0.000143471 -2.8871e-05 4.23148e-05)
(0.000237968 -1.54097e-05 0.000138248 -1.54097e-05 0.000188999 -2.1942e-06 0.000138248 -2.1942e-06 7.09414e-05)
(0.000281788 6.48042e-05 0.000175496 6.48042e-05 0.000214266 4.64376e-05 0.000175496 4.64376e-05 0.000166221)
(0.000349521 0.000144427 0.000229066 0.000144427 0.000340965 0.0001354 0.000229066 0.0001354 0.000319241)
(0.000381377 0.000142109 0.000240594 0.000142109 0.000426944 0.000205098 0.000240594 0.000205098 0.000392553)
(0.000325266 0.000111209 0.000176283 0.000111209 0.000472209 0.000169084 0.000176283 0.000169084 0.000244015)
(0.000186334 7.58432e-05 6.1309e-05 7.58432e-05 0.000397384 -1.71047e-05 6.1309e-05 -1.71047e-05 9.61769e-05)
(0.000134975 8.00993e-05 -6.52466e-05 8.00993e-05 0.00025084 -0.000166226 -6.52466e-05 -0.000166226 0.000300847)
(0.000177055 8.01729e-05 -0.000126472 8.01729e-05 0.000206071 -0.000195091 -0.000126472 -0.000195091 0.000481625)
(0.000158921 2.76417e-06 4.44055e-06 2.76417e-06 0.000149203 -6.07669e-05 4.44055e-06 -6.07669e-05 0.000308555)
(0.000171911 -1.91675e-05 0.000125676 -1.91675e-05 0.000149535 3.18326e-05 0.000125676 3.18326e-05 0.000117287)
(0.000222643 1.12988e-05 0.000137678 1.12988e-05 0.000170207 8.48435e-06 0.000137678 8.48435e-06 8.76114e-05)
(0.000237085 -5.39795e-06 0.000136979 -5.39795e-06 0.000189387 -4.14141e-05 0.000136979 -4.14141e-05 5.24469e-05)
(0.000213388 -3.84199e-05 0.000123914 -3.84199e-05 0.000166114 -5.05885e-05 0.000123914 -5.05885e-05 2.69315e-05)
(0.00021428 7.74227e-05 6.4495e-05 7.74227e-05 0.000190233 -7.36443e-05 6.4495e-05 -7.36443e-05 7.25546e-05)
(0.000275469 0.000198398 7.07172e-05 0.000198398 0.000477207 -2.48663e-05 7.07172e-05 -2.48663e-05 0.000103969)
(0.000322166 0.000112075 9.97391e-05 0.000112075 0.00079966 0.000125926 9.97391e-05 0.000125926 0.000137498)
(0.00032676 -6.64648e-05 5.83045e-05 -6.64648e-05 0.000594041 6.8428e-05 5.83045e-05 6.8428e-05 6.21372e-05)
(0.000276315 -5.74468e-05 0.000161176 -5.74468e-05 0.000326644 -3.50336e-05 0.000161176 -3.50336e-05 0.000124326)
(0.00020828 -4.31705e-05 0.000191679 -4.31705e-05 0.000253222 -1.81608e-05 0.000191679 -1.81608e-05 0.000348908)
(0.000164607 -6.62841e-05 9.66284e-05 -6.62841e-05 0.000253881 6.11143e-05 9.66284e-05 6.11143e-05 0.000456678)
(0.00032131 5.37131e-05 0.000233116 5.37131e-05 0.000199696 2.79779e-05 0.000233116 2.79779e-05 0.000284815)
(0.000525565 0.000116304 0.000385098 0.000116304 0.000201997 2.49948e-05 0.000385098 2.49948e-05 0.000549565)
(0.000443462 0.000130753 0.000290211 0.000130753 0.000199495 4.55854e-05 0.000290211 4.55854e-05 0.000456342)
(0.000367579 0.000129426 0.000172765 0.000129426 0.000280461 8.87457e-05 0.000172765 8.87457e-05 0.000329124)
(0.00031936 8.21128e-05 7.48849e-05 8.21128e-05 0.000398369 7.73072e-05 7.48849e-05 7.73072e-05 0.000230253)
(0.000318165 8.22209e-05 4.51291e-05 8.22209e-05 0.000435406 3.95253e-05 4.51291e-05 3.95253e-05 0.000231429)
(0.000365818 8.85511e-05 6.93426e-05 8.85511e-05 0.000327017 -2.95658e-05 6.93426e-05 -2.95658e-05 0.000267673)
(0.000467523 1.89142e-05 0.00010384 1.89142e-05 0.000367173 -0.00014975 0.00010384 -0.00014975 0.000273502)
(0.000543732 -5.05019e-05 0.000169298 -5.05019e-05 0.000403991 -0.000196571 0.000169298 -0.000196571 0.000260123)
(0.00051226 -2.79536e-05 0.000191325 -2.79536e-05 0.000347719 -0.000174182 0.000191325 -0.000174182 0.000207959)
(0.000369695 7.76974e-05 0.00017087 7.76974e-05 0.000218334 -5.23375e-05 0.00017087 -5.23375e-05 0.000159035)
(0.00025894 0.000106581 0.000128509 0.000106581 0.000260174 4.13638e-05 0.000128509 4.13638e-05 0.000121422)
(0.000206926 6.30198e-05 9.03811e-05 6.30198e-05 0.000264734 8.84384e-06 9.03811e-05 8.84384e-06 7.57344e-05)
(0.00021853 5.36172e-05 0.00011689 5.36172e-05 0.000220219 6.37025e-07 0.00011689 6.37025e-07 8.42093e-05)
(0.000230669 3.70629e-05 0.000155794 3.70629e-05 0.000168758 7.90693e-06 0.000155794 7.90693e-06 0.000107845)
(0.000177036 2.59662e-05 0.000107709 2.59662e-05 0.000169022 -1.15642e-05 0.000107709 -1.15642e-05 7.42049e-05)
(0.000144502 -1.39298e-05 6.57383e-05 -1.39298e-05 0.000267408 -9.41502e-05 6.57383e-05 -9.41502e-05 0.000138355)
(0.000169887 -4.88218e-05 0.000119716 -4.88218e-05 0.00031056 -0.000192245 0.000119716 -0.000192245 0.00035735)
(0.000170879 -5.06286e-05 0.000111219 -5.06286e-05 0.000233042 -0.000139755 0.000111219 -0.000139755 0.000462314)
(0.000156835 -5.24651e-05 3.75025e-05 -5.24651e-05 0.000156471 -9.70438e-06 3.75025e-05 -9.70438e-06 0.000293814)
(0.000239235 -8.30293e-05 9.757e-05 -8.30293e-05 0.000187773 1.16527e-05 9.757e-05 1.16527e-05 7.26877e-05)
(0.000447599 -3.01162e-05 0.000239251 -3.01162e-05 0.000244269 -0.000113416 0.000239251 -0.000113416 0.000191628)
(0.00064516 0.000105768 0.000287889 0.000105768 0.000241251 -0.000173019 0.000287889 -0.000173019 0.00065209)
(0.000516825 0.000166067 0.000312777 0.000166067 0.000182265 -7.65547e-07 0.000312777 -7.65547e-07 0.000589792)
(0.000261211 0.000118209 0.000187483 0.000118209 0.000249728 4.81978e-05 0.000187483 4.81978e-05 0.000141904)
(0.00012813 8.59443e-05 4.74732e-05 8.59443e-05 0.000188406 -5.87692e-05 4.74732e-05 -5.87692e-05 3.32363e-05)
(0.000122286 3.33004e-05 0.000112053 3.33004e-05 5.28091e-05 -2.31536e-05 0.000112053 -2.31536e-05 4.92247e-06)
(0.000318381 8.24947e-05 0.0001582 8.24947e-05 0.000266672 -8.79075e-05 0.0001582 -8.79075e-05 3.90088e-05)
(0.000485459 0.000177295 9.4546e-05 0.000177295 0.000511707 -0.000158309 9.4546e-05 -0.000158309 0.000145166)
(0.000362957 0.000133627 0.000189647 0.000133627 0.000406608 2.52081e-05 0.000189647 2.52081e-05 8.8027e-05)
(0.000275096 1.98931e-05 0.000229493 1.98931e-05 0.000271026 0.000153469 0.000229493 0.000153469 0.000418419)
(0.000209906 1.00052e-05 2.7461e-05 1.00052e-05 0.000265702 5.59352e-06 2.7461e-05 5.59352e-06 0.000648195)
(0.000234652 0.000114083 -0.000153594 0.000114083 0.00026303 -0.000132455 -0.000153594 -0.000132455 0.000286966)
(0.000486204 0.000100771 0.00025435 0.000100771 0.000194083 -4.852e-05 0.00025435 -4.852e-05 0.000181206)
(0.000748176 7.34078e-05 0.000526341 7.34078e-05 0.000142971 -0.000129227 0.000526341 -0.000129227 0.000707348)
(0.000642651 0.000178169 0.000191253 0.000178169 0.000228359 -0.000274831 0.000191253 -0.000274831 0.000683647)
(0.00046727 0.000236007 2.04695e-05 0.000236007 0.000347478 -0.000167793 2.04695e-05 -0.000167793 0.000164852)
(0.000327154 4.04036e-05 0.000288686 4.04036e-05 0.000230414 5.06584e-05 0.000288686 5.06584e-05 0.000182572)
(0.000222883 -8.93911e-05 0.000273841 -8.93911e-05 0.000144597 -1.98847e-05 0.000273841 -1.98847e-05 0.00039745)
(0.00016231 -3.67546e-05 0.000120877 -3.67546e-05 0.00015616 -1.85976e-05 0.000120877 -1.85976e-05 0.000178896)
(0.000360932 -4.70309e-05 0.000181769 -4.70309e-05 0.000886502 0.000192307 0.000181769 0.000192307 0.00029386)
(0.000369368 -0.000150103 7.36611e-05 -0.000150103 0.000890316 0.000299493 7.36611e-05 0.000299493 0.000476043)
(0.000376904 -0.000276845 -6.67935e-05 -0.000276845 0.000763198 0.000302163 -6.67935e-05 0.000302163 0.000529821)
(0.000342926 -0.000241249 -4.35552e-05 -0.000241249 0.000634028 0.000204924 -4.35552e-05 0.000204924 0.000428849)
(0.000282413 -0.000137069 3.67966e-06 -0.000137069 0.000512985 0.000217296 3.67966e-06 0.000217296 0.000343876)
(0.000217467 -8.74233e-06 0.000112163 -8.74233e-06 0.000374082 0.000181282 0.000112163 0.000181282 0.000307367)
(0.000304712 5.57657e-05 0.000239976 5.57657e-05 0.00040631 0.00017402 0.000239976 0.00017402 0.0003632)
(0.000251834 2.46875e-05 0.000192318 2.46875e-05 0.000323896 6.45891e-05 0.000192318 6.45891e-05 0.000194973)
(0.000326494 5.84247e-05 0.00013931 5.84247e-05 0.000282986 -3.70163e-05 0.00013931 -3.70163e-05 0.000190381)
(0.000720073 0.000142111 0.000478128 0.000142111 0.000298249 -4.1225e-05 0.000478128 -4.1225e-05 0.000955707)
(0.00117949 0.000217984 0.000897182 0.000217984 0.000292252 6.62822e-06 0.000897182 6.62822e-06 0.00172632)
(0.00071147 0.000184976 0.000580421 0.000184976 0.000214004 0.000110675 0.000580421 0.000110675 0.000957632)
(0.00022076 4.60446e-05 0.000125586 4.60446e-05 0.000178488 2.63881e-05 0.000125586 2.63881e-05 0.000137501)
(0.000130252 1.74381e-05 7.71619e-05 1.74381e-05 0.000169839 -2.25902e-05 7.71619e-05 -2.25902e-05 6.83254e-05)
(0.000208993 6.08172e-05 0.000126719 6.08172e-05 0.000147359 -1.14068e-05 0.000126719 -1.14068e-05 4.6245e-05)
(0.000382333 0.000100674 0.000290116 0.000100674 0.000157236 -3.30992e-05 0.000290116 -3.30992e-05 0.00030841)
(0.000300938 0.000127275 0.000252197 0.000127275 0.000186747 6.62887e-05 0.000252197 6.62887e-05 0.000285226)
(0.000235894 -6.30878e-06 9.43309e-05 -6.30878e-06 0.000381999 0.00011086 9.43309e-05 0.00011086 0.000116027)
(0.000321727 -7.88653e-05 6.69044e-05 -7.88653e-05 0.000330565 7.53757e-05 6.69044e-05 7.53757e-05 0.000148054)
(0.000455845 0.000105817 3.56548e-05 0.000105817 0.000263896 -9.25716e-05 3.56548e-05 -9.25716e-05 0.000276229)
(0.00051404 9.97568e-05 9.04407e-05 9.97568e-05 0.000610349 -0.000309826 9.04407e-05 -0.000309826 0.000309642)
(0.000436909 -8.92999e-05 0.000186176 -8.92999e-05 0.000810787 -0.000236624 0.000186176 -0.000236624 0.000139654)
(0.00040465 -0.000252174 0.000172912 -0.000252174 0.00049042 -9.22382e-05 0.000172912 -9.22382e-05 8.08171e-06)
(0.000421838 -5.39515e-06 0.000181039 -5.39515e-06 0.000200278 -3.55542e-05 0.000181039 -3.55542e-05 3.67357e-05)
(0.00029826 0.00011525 0.000204001 0.00011525 0.000141663 1.93315e-05 0.000204001 1.93315e-05 0.00011516)
(0.000374416 0.00014751 5.77793e-05 0.00014751 0.000155049 -9.52799e-05 5.77793e-05 -9.52799e-05 0.000375522)
(0.000755826 0.000335305 -0.000124301 0.000335305 0.000451985 -0.000348572 -0.000124301 -0.000348572 0.000609011)
(0.000712836 0.000263079 -3.51127e-05 0.000263079 0.000667323 -0.00034159 -3.51127e-05 -0.00034159 0.000464907)
(0.000401903 1.2476e-05 0.000100695 1.2476e-05 0.000454995 -0.000153475 0.000100695 -0.000153475 0.000206306)
(0.000332493 9.7556e-06 0.000131917 9.7556e-06 0.000322907 -5.39757e-05 0.000131917 -5.39757e-05 9.39271e-05)
(0.000373913 5.49192e-05 0.000188321 5.49192e-05 0.000257876 -5.81983e-05 0.000188321 -5.81983e-05 0.000158849)
(0.00044372 2.21319e-05 0.000313329 2.21319e-05 0.000206435 -0.000127768 0.000313329 -0.000127768 0.000365351)
(0.000567911 -5.80586e-06 0.000291308 -5.80586e-06 0.000417649 -0.000289129 0.000291308 -0.000289129 0.000402506)
(0.000806311 6.13108e-05 0.000100537 6.13108e-05 0.0011562 -0.000518028 0.000100537 -0.000518028 0.000448577)
(0.000969211 0.000197696 -9.16421e-06 0.000197696 0.0017664 -0.000600542 -9.16421e-06 -0.000600542 0.00052291)
(0.00101055 0.000254435 -9.09623e-05 0.000254435 0.00152186 -0.000616138 -9.09623e-05 -0.000616138 0.000585269)
(0.000988911 0.000143704 -0.000114015 0.000143704 0.00120293 -0.000622198 -0.000114015 -0.000622198 0.000695217)
(0.000829179 3.76543e-05 2.14167e-05 3.76543e-05 0.000971875 -0.000511818 2.14167e-05 -0.000511818 0.000562497)
(0.000602676 1.9093e-05 9.65381e-05 1.9093e-05 0.000953989 -0.000320321 9.65381e-05 -0.000320321 0.000267189)
(0.000432815 5.85429e-06 0.000182425 5.85429e-06 0.00101171 1.03833e-05 0.000182425 1.03833e-05 0.000184474)
(0.000237259 2.58945e-05 8.27089e-05 2.58945e-05 0.000349093 -3.26335e-05 8.27089e-05 -3.26335e-05 0.000250689)
(0.000329679 0.000140982 7.31098e-05 0.000140982 0.00048579 -4.05032e-05 7.31098e-05 -4.05032e-05 0.000279259)
(0.000239499 5.39199e-05 6.81598e-05 5.39199e-05 0.000328434 -3.70117e-05 6.81598e-05 -3.70117e-05 0.000172949)
(0.00020691 -7.4612e-05 0.000104723 -7.4612e-05 0.000369079 7.01565e-06 0.000104723 7.01565e-06 0.000148343)
(0.000307584 -8.25059e-05 6.47027e-05 -8.25059e-05 0.00104259 0.000288362 6.47027e-05 0.000288362 0.000416252)
(0.000320188 -1.15046e-05 8.25636e-05 -1.15046e-05 0.00117182 0.00027288 8.25636e-05 0.00027288 0.000465974)
(0.000305372 -0.000136088 0.000199404 -0.000136088 0.000692466 -0.000130271 0.000199404 -0.000130271 0.000185411)
(0.000485675 -8.49525e-05 0.000325434 -8.49525e-05 0.000350857 -0.000242483 0.000325434 -0.000242483 0.000444977)
(0.000556267 6.9797e-05 0.000389405 6.9797e-05 0.000262121 -2.16663e-05 0.000389405 -2.16663e-05 0.000628199)
(0.000458283 4.95706e-05 0.00028372 4.95706e-05 0.000255516 1.40555e-05 0.00028372 1.40555e-05 0.000374734)
(0.00042405 1.87326e-05 0.000278251 1.87326e-05 0.000176079 2.00905e-05 0.000278251 2.00905e-05 0.000323831)
(0.000438394 5.73024e-05 0.000371056 5.73024e-05 0.000120458 -5.97807e-05 0.000371056 -5.97807e-05 0.000414874)
(0.000450472 0.000168882 0.000329306 0.000168882 0.000272271 5.20991e-05 0.000329306 5.20991e-05 0.000533727)
(0.000312432 7.83661e-05 0.000113431 7.83661e-05 0.000672079 6.80033e-05 0.000113431 6.80033e-05 0.000120677)
(8.77502e-05 -1.61026e-05 8.26763e-05 -1.61026e-05 0.000269965 -0.000227991 8.26763e-05 -0.000227991 0.000377928)
(0.000313901 -0.000188683 1.7697e-05 -0.000188683 0.000194109 0.000196318 1.7697e-05 0.000196318 0.000857154)
(0.000613599 -0.000288858 4.30252e-05 -0.000288858 0.000650577 0.000436715 4.30252e-05 0.000436715 0.000581244)
(0.000433022 4.92949e-06 0.000215288 4.92949e-06 0.000474989 7.32988e-05 0.000215288 7.32988e-05 0.000136911)
(0.000522226 0.000172846 2.30949e-05 0.000172846 0.000278553 -5.55469e-05 2.30949e-05 -5.55469e-05 0.000185424)
(0.000708338 0.000183168 -2.61944e-05 0.000183168 0.000479871 -1.88528e-05 -2.61944e-05 -1.88528e-05 0.000355507)
(0.000504667 5.55022e-05 8.00109e-05 5.55022e-05 0.00051132 1.46907e-05 8.00109e-05 1.46907e-05 0.000338597)
(0.000589994 0.000154478 0.000272738 0.000154478 0.000534996 5.55357e-05 0.000272738 5.55357e-05 0.000407124)
(0.000845237 0.000335666 0.000220207 0.000335666 0.000504744 3.07662e-05 0.000220207 3.07662e-05 0.000463196)
(0.000458483 -0.000104777 -3.53893e-05 -0.000104777 0.000123495 4.76567e-05 -3.53893e-05 4.76567e-05 0.000190226)
(0.000396952 -4.83068e-05 0.000169317 -4.83068e-05 0.00101147 0.000132306 0.000169317 0.000132306 0.000114748)
(0.000631092 0.000435928 0.000206979 0.000435928 0.00137975 -0.000105172 0.000206979 -0.000105172 0.000241217)
(0.000439199 0.000172034 7.06334e-05 0.000172034 0.00030154 -0.000121547 7.06334e-05 -0.000121547 0.000226868)
(0.000534237 0.000172764 0.000242215 0.000172764 0.0011537 0.000349856 0.000242215 0.000349856 0.000515029)
(0.00127751 0.000965696 0.000539698 0.000965696 0.00295701 0.000859573 0.000539698 0.000859573 0.00122492)
(0.00135299 0.000678162 0.00064729 0.000678162 0.00182641 0.000895919 0.00064729 0.000895919 0.00194105)
(0.00109493 0.000393388 0.000197832 0.000393388 0.000494381 0.000236738 0.000197832 0.000236738 0.0025173)
(0.00114214 0.00044771 -0.000199806 0.00044771 0.000575234 -0.000295469 -0.000199806 -0.000295469 0.00209616)
(0.000893275 0.000232588 -5.25173e-06 0.000232588 0.000752613 -0.000363616 -5.25173e-06 -0.000363616 0.000880058)
(0.000476105 -0.000199361 0.000200888 -0.000199361 0.000828739 3.16091e-05 0.000200888 3.16091e-05 0.00024838)
(0.0004974 -0.000476971 -0.0001239 -0.000476971 0.000875281 0.000527278 -0.0001239 0.000527278 0.000755493)
(0.000406679 -0.000346747 -1.80695e-05 -0.000346747 0.000670201 0.000413978 -1.80695e-05 0.000413978 0.00059981)
(0.000315474 -8.67015e-05 0.000210583 -8.67015e-05 0.000476802 0.000133067 0.000210583 0.000133067 0.000305245)
(0.000459023 7.30753e-05 0.000208175 7.30753e-05 0.000549757 -9.94094e-06 0.000208175 -9.94094e-06 0.000291235)
(0.000416902 7.86949e-05 0.000192855 7.86949e-05 0.000539445 5.80214e-07 0.000192855 5.80214e-07 0.000278583)
(0.000240773 -1.49235e-05 0.000137545 -1.49235e-05 0.000422953 4.24655e-05 0.000137545 4.24655e-05 0.000247973)
(0.0013567 0.00118465 0.000801226 0.00118465 0.00279777 0.000914342 0.000801226 0.000914342 0.00150565)
(0.000959936 0.000938956 0.000503846 0.000938956 0.00304564 0.000814973 0.000503846 0.000814973 0.00103202)
(0.000306563 3.37204e-05 8.79904e-05 3.37204e-05 0.00159309 1.4985e-05 8.79904e-05 1.4985e-05 0.000370336)
(0.000224274 -0.000134948 0.000214089 -0.000134948 0.000357319 -0.00023666 0.000214089 -0.00023666 0.00062626)
(0.000479788 -0.000229444 0.000127343 -0.000229444 0.000436964 0.000330542 0.000127343 0.000330542 0.00164874)
(0.000427524 -0.000228229 6.23688e-05 -0.000228229 0.000528358 0.000426784 6.23688e-05 0.000426784 0.0011361)
(0.000329361 -0.0001534 0.000158437 -0.0001534 0.000556456 7.3052e-05 0.000158437 7.3052e-05 0.000191254)
(0.000576378 -0.000197866 0.000167573 -0.000197866 0.00068796 -0.000273494 0.000167573 -0.000273494 0.000237096)
(0.000741328 -7.80039e-05 0.000290593 -7.80039e-05 0.000474176 -0.000290492 0.000290593 -0.000290492 0.00064158)
(0.000669455 4.9036e-05 0.000389136 4.9036e-05 0.00032063 -9.02619e-05 0.000389136 -9.02619e-05 0.000659756)
(0.000494466 5.38435e-05 0.000327962 5.38435e-05 0.000228149 -1.29174e-05 0.000327962 -1.29174e-05 0.000322745)
(0.000399083 -0.000110765 0.000162963 -0.000110765 0.000265338 -6.4305e-05 0.000162963 -6.4305e-05 -1.86242e-06)
(0.000389747 -0.000201179 8.80826e-05 -0.000201179 0.000486119 1.92001e-05 8.80826e-05 1.92001e-05 -5.53843e-05)
(0.00022667 -1.51796e-05 0.000127997 -1.51796e-05 0.000308826 -7.80364e-05 0.000127997 -7.80364e-05 -9.05872e-05)
(0.000306584 2.89697e-05 0.000110554 2.89697e-05 0.000127115 -4.2866e-05 0.000110554 -4.2866e-05 7.8039e-05)
(0.000458099 -5.97527e-05 0.000110801 -5.97527e-05 0.000269539 9.639e-05 0.000110801 9.639e-05 0.000265296)
(0.000292281 -2.3026e-05 0.000136653 -2.3026e-05 0.000299073 1.41999e-05 0.000136653 1.41999e-05 0.000141751)
(0.00013165 -0.000108954 0.000101684 -0.000108954 0.000248949 0.000149408 0.000101684 0.000149408 0.000473648)
(0.000219065 -8.54293e-05 0.000297595 -8.54293e-05 0.00029599 2.60323e-05 0.000297595 2.60323e-05 0.00112932)
(0.000299858 -0.000110255 0.00044751 -0.000110255 0.00062738 -0.000498284 0.00044751 -0.000498284 0.00117361)
(0.000167533 4.47035e-05 4.47109e-05 4.47035e-05 0.00122213 -0.000482691 4.47109e-05 -0.000482691 0.000474679)
(0.000276637 0.000216578 3.4377e-05 0.000216578 0.000842706 -5.19278e-05 3.4377e-05 -5.19278e-05 0.000186273)
(0.000132612 -9.02265e-06 7.53021e-05 -9.02265e-06 0.000133126 -5.80233e-05 7.53021e-05 -5.80233e-05 0.000110485)
(0.000449142 0.000344248 0.000305807 0.000344248 0.00112691 0.000105875 0.000305807 0.000105875 0.000442467)
(0.000578474 0.000351031 0.000352925 0.000351031 0.002508 -0.000123215 0.000352925 -0.000123215 0.000550748)
(0.00102957 -0.00030218 0.000143407 -0.00030218 0.00152403 -0.000778178 0.000143407 -0.000778178 0.000634245)
(0.00168781 -0.000110056 0.000685129 -0.000110056 0.000641731 -0.000294369 0.000685129 -0.000294369 0.00158)
(0.00132462 0.00034729 0.000758072 0.00034729 0.000381133 0.000125184 0.000758072 0.000125184 0.00106482)
(0.000232007 0.000127838 0.00014467 0.000127838 0.000124515 1.04383e-05 0.00014467 1.04383e-05 6.95366e-05)
(0.000322934 -2.48421e-05 0.000104297 -2.48421e-05 0.000159909 2.86093e-05 0.000104297 2.86093e-05 8.8514e-05)
(0.000665093 2.29729e-05 -0.000103736 2.29729e-05 0.000362948 0.000104451 -0.000103736 0.000104451 0.000631258)
(0.000998468 0.000249221 8.87616e-05 0.000249221 0.000846944 0.000529495 8.87616e-05 0.000529495 0.00211486)
(0.00129767 0.000545403 0.000341197 0.000545403 0.0019522 0.00113067 0.000341197 0.00113067 0.00236688)
(0.00131285 0.000627032 0.000243979 0.000627032 0.00255685 0.00120927 0.000243979 0.00120927 0.00174931)
(0.00112696 0.000533438 0.000368113 0.000533438 0.0020144 0.000973972 0.000368113 0.000973972 0.00156266)
(0.00100673 0.000420221 0.000456978 0.000420221 0.00112402 0.000640735 0.000456978 0.000640735 0.00163977)
(0.00112012 0.000422945 0.000464354 0.000422945 0.0010208 0.000633975 0.000464354 0.000633975 0.00211825)
(0.00153044 0.000611137 0.000604827 0.000611137 0.00166807 0.00105751 0.000604827 0.00105751 0.00302329)
(0.00160644 0.000924286 0.000682816 0.000924286 0.00237773 0.00122435 0.000682816 0.00122435 0.00254598)
(0.00136411 0.00099647 0.000697903 0.00099647 0.00231866 0.000880965 0.000697903 0.000880965 0.00160515)
(0.000248389 0.000710891 4.35747e-05 0.000710891 0.00226665 5.41508e-05 4.35747e-05 5.41508e-05 0.00048942)
(0.000193844 0.000356294 -0.000109882 0.000356294 0.00119632 -0.000196395 -0.000109882 -0.000196395 0.000301825)
(0.000231897 -0.000182379 6.72778e-05 -0.000182379 0.00056731 -8.72361e-05 6.72778e-05 -8.72361e-05 0.000139989)
(0.000555379 -0.000132441 0.00026793 -0.000132441 0.000314797 -1.08592e-05 0.00026793 -1.08592e-05 0.00027595)
(0.000445847 -0.000147123 0.000435801 -0.000147123 0.000417788 4.29181e-05 0.000435801 4.29181e-05 0.000859925)
(0.000339621 -0.000223631 0.000249349 -0.000223631 0.000401695 -0.000199792 0.000249349 -0.000199792 0.00138701)
(0.000303229 1.63252e-05 4.64581e-05 1.63252e-05 0.000520028 -0.000327338 4.64581e-05 -0.000327338 0.000952103)
(0.000406166 0.000258938 -1.86181e-05 0.000258938 0.000748963 -0.000104825 -1.86181e-05 -0.000104825 0.000332638)
(0.000992498 0.000347083 0.000661548 0.000347083 0.000826777 0.000195872 0.000661548 0.000195872 0.000985919)
(0.00133067 0.000431 0.00104758 0.000431 0.000818886 0.000299059 0.00104758 0.000299059 0.00186969)
(0.00053811 0.000172299 0.000383282 0.000172299 0.000406566 5.34542e-05 0.000383282 5.34542e-05 0.000618907)
(0.000217596 -4.49726e-05 3.43565e-06 -4.49726e-05 0.000206419 0.000147353 3.43565e-06 0.000147353 0.00045061)
(0.000579386 -0.000237586 -9.66089e-05 -0.000237586 0.00130644 0.000827289 -9.66089e-05 0.000827289 0.00104543)
(0.000547062 -0.000276659 0.000199262 -0.000276659 0.00176852 2.2538e-05 0.000199262 2.2538e-05 0.000113323)
(0.000788553 -0.00010217 0.000157725 -0.00010217 0.000692961 -0.000543093 0.000157725 -0.000543093 0.000596568)
(0.000650175 0.000137914 0.000191018 0.000137914 0.000227369 -6.18435e-05 0.000191018 -6.18435e-05 0.000929689)
(0.000288139 8.22684e-05 9.80785e-05 8.22684e-05 0.000277213 3.12775e-05 9.80785e-05 3.12775e-05 0.000125188)
(7.983e-05 -1.92942e-05 0.00010307 -1.92942e-05 0.000137495 1.15205e-06 0.00010307 1.15205e-06 7.52872e-05)
(0.000297246 -4.32758e-05 0.00019641 -4.32758e-05 0.000454009 0.000214177 0.00019641 0.000214177 0.000246092)
(0.000318266 -3.72054e-05 0.000168417 -3.72054e-05 0.000256908 0.000216875 0.000168417 0.000216875 0.000409741)
(0.000276818 -9.56934e-06 8.66745e-05 -9.56934e-06 0.000161937 -6.8563e-05 8.66745e-05 -6.8563e-05 0.00068604)
(0.000292389 1.23e-05 0.000140197 1.23e-05 0.000467589 -0.000210036 0.000140197 -0.000210036 0.000677449)
(0.000315948 -8.70135e-05 0.000187367 -8.70135e-05 0.000485845 -0.000150618 0.000187367 -0.000150618 0.000352782)
(0.000373282 -0.000110188 9.15928e-05 -0.000110188 0.000540284 7.31843e-05 9.15928e-05 7.31843e-05 0.000204841)
(0.000632623 0.000217665 0.00021535 0.000217665 0.00116055 0.000408174 0.00021535 0.000408174 0.000844748)
(0.00118701 0.000716844 0.000595421 0.000716844 0.00151629 0.000603818 0.000595421 0.000603818 0.00174736)
(0.00154942 0.000487496 0.000672307 0.000487496 0.000705677 3.85838e-05 0.000672307 3.85838e-05 0.00173388)
(0.00132585 -0.000443524 0.000255544 -0.000443524 0.00151861 -0.000793654 0.000255544 -0.000793654 0.000872118)
(0.00103513 -0.00040963 0.000212654 -0.00040963 0.00247538 -0.000625034 0.000212654 -0.000625034 0.000440694)
(0.000522392 -0.000128596 0.000171049 -0.000128596 0.000920793 -5.67082e-05 0.000171049 -5.67082e-05 0.000113198)
(0.000209316 -6.31269e-05 0.000171873 -6.31269e-05 0.00024207 8.46395e-05 0.000171873 8.46395e-05 0.000398701)
(0.000168544 -3.89926e-05 2.61059e-05 -3.89926e-05 0.000218673 -6.50408e-05 2.61059e-05 -6.50408e-05 0.000819529)
(0.000122873 9.74648e-05 -4.7694e-05 9.74648e-05 0.000379794 -0.000191985 -4.7694e-05 -0.000191985 0.00020293)
(0.000813494 0.000253619 0.000471443 0.000253619 0.00108091 0.000422865 0.000471443 0.000422865 0.000918973)
(0.00145594 0.000435172 0.000640554 0.000435172 0.00177214 0.00107968 0.000640554 0.00107968 0.0029398)
(0.00130474 0.000511562 0.000534954 0.000511562 0.00222079 0.00104903 0.000534954 0.00104903 0.0021711)
(0.000949236 0.000530717 0.000292674 0.000530717 0.00233691 0.000619762 0.000292674 0.000619762 0.000895872)
(0.000836202 0.000537406 0.000336671 0.000537406 0.00281683 0.000637677 0.000336671 0.000637677 0.000777925)
(0.00081658 0.000504788 0.000255244 0.000504788 0.00274204 0.000903927 0.000255244 0.000903927 0.000795939)
(0.000494492 0.000558328 0.000175951 0.000558328 0.00239913 0.000501684 0.000175951 0.000501684 0.00049426)
(0.00124396 0.000704047 0.000731723 0.000704047 0.00144383 0.000782516 0.000731723 0.000782516 0.00145789)
(0.000678527 0.000248557 0.000283986 0.000248557 0.00101302 0.000547858 0.000283986 0.000547858 0.00073976)
(0.000818036 -0.000130401 -0.000139549 -0.000130401 0.000749224 0.000424662 -0.000139549 0.000424662 0.000719666)
(0.000845492 4.72413e-05 -0.000279535 4.72413e-05 0.000515476 0.000102669 -0.000279535 0.000102669 0.000718401)
(0.000279449 8.57934e-05 6.48312e-05 8.57934e-05 0.000451105 -2.65259e-05 6.48312e-05 -2.65259e-05 0.000237119)
(0.000139972 0.00016023 -0.000109231 0.00016023 0.00048986 -0.000195047 -0.000109231 -0.000195047 0.000397082)
(0.00025761 0.000201574 -0.000130253 0.000201574 0.000961056 -0.000699749 -0.000130253 -0.000699749 0.00112733)
(0.000314671 0.000470117 -0.000119376 0.000470117 0.00191327 -0.000917968 -0.000119376 -0.000917968 0.00110388)
(0.000416822 0.000683404 -6.04875e-05 0.000683404 0.00229916 -0.000210484 -6.04875e-05 -0.000210484 0.000386904)
(0.000526671 0.000322872 0.000218898 0.000322872 0.000846705 0.000143181 0.000218898 0.000143181 0.000337184)
(0.000383433 6.84988e-05 0.000155343 6.84988e-05 0.000244536 -7.27251e-05 0.000155343 -7.27251e-05 0.000272049)
(0.000469312 0.000110371 0.000103253 0.000110371 0.000445774 -0.000152077 0.000103253 -0.000152077 0.000274724)
(0.000511796 3.84906e-05 0.000214763 3.84906e-05 0.000593309 -0.000115756 0.000214763 -0.000115756 0.000259347)
(0.000525857 -2.71471e-05 0.00027469 -2.71471e-05 0.000425702 -0.000155838 0.00027469 -0.000155838 0.000345624)
(0.000435057 -7.62036e-05 0.000232859 -7.62036e-05 0.000296533 -0.0001344 0.000232859 -0.0001344 0.000220587)
(0.000453056 -0.000208084 0.000146412 -0.000208084 0.000488798 5.47962e-05 0.000146412 5.47962e-05 9.75185e-05)
(0.000791347 -0.000179928 2.5291e-05 -0.000179928 0.00135509 0.000833437 2.5291e-05 0.000833437 0.00130916)
(0.00107637 0.000325146 7.66888e-05 0.000325146 0.00179659 0.00122329 7.66888e-05 0.00122329 0.00186317)
(0.000412266 3.24911e-05 0.000231694 3.24911e-05 0.000383632 0.000295931 0.000231694 0.000295931 0.000656701)
(0.000322874 0.000152652 -0.000143416 0.000152652 0.000440434 -0.000221864 -0.000143416 -0.000221864 0.000558548)
(0.000436209 0.000455286 -0.000287052 0.000455286 0.000983556 -0.000340888 -0.000287052 -0.000340888 0.000579416)
(0.000309058 0.000189492 -8.38656e-05 0.000189492 0.000367624 -0.000108792 -8.38656e-05 -0.000108792 0.000199845)
(0.000244372 -2.2389e-06 0.000101746 -2.2389e-06 0.000241472 -8.47969e-06 0.000101746 -8.47969e-06 2.63706e-06)
(0.000462797 2.57241e-05 -1.9596e-05 2.57241e-05 0.000838067 0.000174076 -1.9596e-05 0.000174076 0.000307909)
(0.000607832 1.14357e-05 -0.000103225 1.14357e-05 0.00326188 0.000618128 -0.000103225 0.000618128 0.000445092)
(0.000515732 0.000186946 5.67613e-05 0.000186946 0.00379236 0.000145151 5.67613e-05 0.000145151 0.000518712)
(0.000371744 0.000161887 2.30912e-05 0.000161887 0.00131393 -0.000205369 2.30912e-05 -0.000205369 0.00032596)
(0.000309183 5.76731e-05 0.000130628 5.76731e-05 0.000277361 -1.82781e-05 0.000130628 -1.82781e-05 0.000153532)
(0.000441673 -0.000148092 0.000141428 -0.000148092 0.000511735 -0.000176506 0.000141428 -0.000176506 0.00012407)
(0.000422615 -0.000185606 0.000119762 -0.000185606 0.000594999 -0.000147713 0.000119762 -0.000147713 4.16454e-05)
(0.000279036 -1.01328e-06 0.000150395 -1.01328e-06 0.000327971 -2.31285e-05 0.000150395 -2.31285e-05 4.84522e-05)
(0.000207296 -5.41219e-05 0.000124769 -5.41219e-05 0.000248522 -5.0338e-06 0.000124769 -5.0338e-06 5.39778e-05)
(0.000345483 9.49698e-05 0.000172315 9.49698e-05 0.000216174 -1.90036e-05 0.000172315 -1.90036e-05 0.000149232)
(0.000407304 0.000111003 0.000223694 0.000111003 0.000286354 -9.1048e-05 0.000223694 -9.1048e-05 0.000340172)
(0.00038263 -0.000111521 0.000226567 -0.000111521 0.000620612 -0.000356948 0.000226567 -0.000356948 0.000339645)
(0.0006591 -6.74827e-05 0.000337439 -6.74827e-05 0.000559285 -0.000499165 0.000337439 -0.000499165 0.00116429)
(0.00165496 0.000255382 0.000638485 0.000255382 0.000534058 9.96375e-05 0.000638485 9.96375e-05 0.00396469)
(0.00212648 0.000410275 0.000518683 0.000410275 0.000691067 0.000532432 0.000518683 0.000532432 0.00516019)
(0.00171351 0.000471518 0.000221178 0.000471518 0.000496361 0.000129535 0.000221178 0.000129535 0.00340246)
(0.00135093 0.000494432 0.000570385 0.000494432 0.00062433 0.000417338 0.000570385 0.000417338 0.00201874)
(0.000958761 -0.000461065 0.000596991 -0.000461065 0.000918284 -0.000717437 0.000596991 -0.000717437 0.000637374)
(0.000485555 7.47638e-05 0.000270691 7.47638e-05 0.000114408 -0.000140361 0.000270691 -0.000140361 0.000325446)
(0.000625816 -0.000124712 -7.5385e-05 -0.000124712 0.000394041 0.000187402 -7.5385e-05 0.000187402 0.000391656)
(0.00199387 -0.000573117 -0.00055616 -0.000573117 0.00323234 0.00110027 -0.00055616 0.00110027 0.000940829)
(0.00282902 0.000176294 0.000228215 0.000176294 0.00536575 0.000639969 0.000228215 0.000639969 0.00178282)
(0.000271713 0.000663735 0.000111117 0.000663735 0.00384159 -0.00067491 0.000111117 -0.00067491 0.00090351)
(0.000466177 -7.35866e-05 -0.000446456 -7.35866e-05 0.000392614 -0.000242985 -0.000446456 -0.000242985 0.00237635)
(0.000985677 -0.000718435 -0.000831987 -0.000718435 0.000819077 0.0011917 -0.000831987 0.0011917 0.00258016)
(0.000306678 -0.000182392 8.94815e-05 -0.000182392 0.000259353 0.000171978 8.94815e-05 0.000171978 0.000245564)
(0.000756889 0.000188836 0.000192842 0.000188836 0.00097337 -0.000439702 0.000192842 -0.000439702 0.000553146)
(0.000849218 0.000172951 0.000125208 0.000172951 0.00139519 -0.000637058 0.000125208 -0.000637058 0.000657942)
(0.000379576 6.83228e-05 0.00014749 6.83228e-05 0.000240785 -4.97643e-05 0.00014749 -4.97643e-05 0.000324676)
(0.000382409 0.000127099 0.000114004 0.000127099 0.000465594 2.83495e-06 0.000114004 2.83495e-06 0.0003155)
(0.000541223 0.00029875 0.000282161 0.00029875 0.00063555 0.000137476 0.000282161 0.000137476 0.000407725)
(0.000674369 0.000139094 0.000390273 0.000139094 0.00028415 5.70267e-05 0.000390273 5.70267e-05 0.0010677)
(0.00104184 0.000215528 -9.26694e-05 0.000215528 0.000693786 -0.000616263 -9.26694e-05 -0.000616263 0.00114332)
(0.000632494 0.000309573 0.000230657 0.000309573 0.00225957 4.22569e-05 0.000230657 4.22569e-05 0.000345454)
(0.000420821 -0.000140692 -0.000263144 -0.000140692 0.00116324 0.000770549 -0.000263144 0.000770549 0.00121072)
(0.000418176 0.000220385 -0.00043616 0.000220385 0.000518144 -0.000147831 -0.00043616 -0.000147831 0.000936916)
(0.00019645 0.000286641 -0.000230422 0.000286641 0.000425212 -0.000265316 -0.000230422 -0.000265316 0.000334921)
(0.000133271 -2.70903e-05 8.90698e-05 -2.70903e-05 0.000265626 -0.000110828 8.90698e-05 -0.000110828 0.000117785)
(0.000632458 0.000182379 -6.22496e-05 0.000182379 0.000614913 -0.000247119 -6.22496e-05 -0.000247119 0.000465967)
(0.000522978 -9.16654e-05 0.000115856 -9.16654e-05 0.000907503 -0.000174535 0.000115856 -0.000174535 0.000333489)
(0.000786804 -0.00084056 -0.00014322 -0.00084056 0.00123583 0.000509048 -0.00014322 0.000509048 0.00114762)
(0.00071383 -0.000410458 -0.000255965 -0.000410458 0.000653842 -0.000170165 -0.000255965 -0.000170165 0.00367316)
(0.000535752 -0.000245168 0.000856148 -0.000245168 0.00146677 -0.0013925 0.000856148 -0.0013925 0.00442791)
(0.000298593 -0.000116174 0.000746284 -0.000116174 0.00121286 -0.000785758 0.000746284 -0.000785758 0.00178327)
(0.000306195 -3.01292e-05 0.000221442 -3.01292e-05 0.000482309 -2.95853e-05 0.000221442 -2.95853e-05 0.000193857)
(0.000237303 -2.29515e-05 0.000151809 -2.29515e-05 0.000407008 4.29126e-05 0.000151809 4.29126e-05 0.000173258)
(0.000286355 -0.000140641 0.000115952 -0.000140641 0.000302608 0.000153885 0.000115952 0.000153885 0.000374693)
(0.000318146 5.44284e-05 -0.000132912 5.44284e-05 0.000634946 -0.000276757 -0.000132912 -0.000276757 0.000653369)
(7.54451e-05 0.00044814 -0.000125293 0.00044814 0.00237739 -0.000834398 -0.000125293 -0.000834398 0.000964791)
(0.000258599 0.000338908 -0.00013311 0.000338908 0.00123543 -0.000687059 -0.00013311 -0.000687059 0.000852559)
(0.000537974 -4.52371e-05 0.000296542 -4.52371e-05 0.000315869 0.000288383 0.000296542 0.000288383 0.000703681)
(0.00151604 0.000516816 0.000186188 0.000516816 0.00356054 0.00129392 0.000186188 0.00129392 0.00141298)
(0.00141596 -0.000433674 0.00035798 -0.000433674 0.00454119 -0.000608373 0.00035798 -0.000608373 0.000789515)
(0.0026691 -0.00070636 0.00020346 -0.00070636 0.00417209 -0.00185153 0.00020346 -0.00185153 0.00268578)
(0.00232894 -0.000394058 -8.53455e-05 -0.000394058 0.00402275 -0.00189322 -8.53455e-05 -0.00189322 0.0026397)
(0.00173032 -0.000712645 1.62236e-05 -0.000712645 0.00430092 -0.00155233 1.62236e-05 -0.00155233 0.00182084)
(0.00139981 -0.000875029 0.000566235 -0.000875029 0.00247546 -0.00128323 0.000566235 -0.00128323 0.00118995)
(0.00250697 -0.00157433 0.00060959 -0.00157433 0.00700651 -0.00245881 0.00060959 -0.00245881 0.00300451)
(0.00445723 -0.000797412 0.00112005 -0.000797412 0.00551545 -0.00270322 0.00112005 -0.00270322 0.00558212)
(0.00244474 -0.000324319 0.0004892 -0.000324319 0.00333683 -0.00195732 0.0004892 -0.00195732 0.00306511)
(0.00114376 0.000237348 0.000275491 0.000237348 0.000402504 -0.000429764 0.000275491 -0.000429764 0.00148574)
(0.0026401 0.000622377 0.000707205 0.000622377 0.00222744 0.00126445 0.000707205 0.00126445 0.004986)
(0.0042317 -0.000137478 -0.000905399 -0.000137478 0.00425919 0.00248602 -0.000905399 0.00248602 0.0061001)
(0.00229497 -0.000254462 -0.000500688 -0.000254462 0.00395099 0.00133386 -0.000500688 0.00133386 0.00142541)
(0.000706685 -0.000177645 -0.00010447 -0.000177645 0.00126406 0.000984782 -0.00010447 0.000984782 0.00168341)
(0.00426475 -0.000893775 -0.000562928 -0.000893775 0.0062383 0.00266298 -0.000562928 0.00266298 0.0044674)
(0.00263489 -0.000340421 -0.000503594 -0.000340421 0.00518046 0.00226921 -0.000503594 0.00226921 0.00332945)
(0.000666206 -0.000375275 8.5515e-05 -0.000375275 0.00133609 0.000247543 8.5515e-05 0.000247543 0.000332814)
(0.000990249 0.000352923 0.000582835 0.000352923 0.000865851 0.000390121 0.000582835 0.000390121 0.00110977)
(0.0016083 0.000991235 0.00062654 0.000991235 0.00201502 0.00129438 0.00062654 0.00129438 0.00247417)
(0.000898718 0.000594401 0.000444099 0.000594401 0.00174398 0.000645111 0.000444099 0.000645111 0.00087214)
(0.000446201 -0.000256814 0.000126046 -0.000256814 0.00153605 -0.000332718 0.000126046 -0.000332718 0.000509859)
(0.000515119 -0.000176414 8.9338e-05 -0.000176414 0.000973516 -0.000265641 8.9338e-05 -0.000265641 0.000348441)
(0.000287633 1.05221e-05 1.04196e-05 1.05221e-05 0.000501721 -3.95561e-05 1.04196e-05 -3.95561e-05 0.000810578)
(0.000323021 -0.000166547 -0.000392191 -0.000166547 0.000408675 0.000105972 -0.000392191 0.000105972 0.00175215)
(0.000639839 -0.000374301 -0.000600507 -0.000374301 0.00160296 0.00110046 -0.000600507 0.00110046 0.00162252)
(0.000475437 0.000104536 -5.83325e-05 0.000104536 0.0021529 0.000700007 -5.83325e-05 0.000700007 0.000865677)
(0.000470662 2.75746e-05 0.000169367 2.75746e-05 0.00102771 -0.000303412 0.000169367 -0.000303412 0.000204067)
(0.001207 0.000207625 0.000394462 0.000207625 0.00158122 0.000637976 0.000394462 0.000637976 0.00216426)
(0.00161218 0.000428346 0.00051566 0.000428346 0.00227407 0.00121283 0.00051566 0.00121283 0.00257377)
(0.00040425 0.000133689 0.000195431 0.000133689 0.000550506 4.63799e-05 0.000195431 4.63799e-05 0.000278088)
(0.000653022 -0.000403807 -0.0010881 -0.000403807 0.00155191 0.00131604 -0.0010881 0.00131604 0.00266022)
(0.00209896 -0.000310644 -0.000631095 -0.000310644 0.00455244 0.00217951 -0.000631095 0.00217951 0.0059755)
(0.0023122 0.000378292 -5.00204e-05 0.000378292 0.00376718 0.00197309 -5.00204e-05 0.00197309 0.00466589)
(0.00114282 0.000593631 0.00027452 0.000593631 0.0027961 0.000842696 0.00027452 0.000842696 0.000880284)
(0.000369079 -0.000148507 0.000131082 -0.000148507 0.000913511 6.29509e-05 0.000131082 6.29509e-05 0.000157581)
(0.000475309 0.000248715 -0.000238542 0.000248715 0.000618012 -0.00024915 -0.000238542 -0.00024915 0.000367817)
(0.000620649 0.000568219 -0.0005661 0.000568219 0.000929011 -0.000507808 -0.0005661 -0.000507808 0.000774653)
(0.000242153 0.000115743 -0.000114102 0.000115743 0.000676969 0.000118771 -0.000114102 0.000118771 0.000467581)
(0.000768543 0.000704488 0.000395926 0.000704488 0.0018127 0.00041602 0.000395926 0.00041602 0.000465575)
(0.00242682 0.00147429 0.000834875 0.00147429 0.00291058 0.000736309 0.000834875 0.000736309 0.00118968)
(0.00165866 0.000592185 0.000609566 0.000592185 0.00216943 0.000528576 0.000609566 0.000528576 0.00116242)
(0.000462459 -0.000101666 0.000200052 -0.000101666 0.000762264 -5.5396e-05 0.000200052 -5.5396e-05 0.000260177)
