/*--------------------------------*- C++ -*----------------------------------*\
  =========                 |
  \\      /  F ield         | OpenFOAM: The Open Source CFD Toolbox
   \\    /   O peration     | Website:  https://openfoam.org
    \\  /    A nd           | Version:  10
     \\/     M anipulation  |
\*---------------------------------------------------------------------------*/
FoamFile
{
    format      ascii;
    class       volTensorField;
    location    "7";
    object      TauNN;
}
// * * * * * * * * * * * * * * * * * * * * * * * * * * * * * * * * * * * * * //

dimensions      [0 2 -2 0 0 0 0];

internalField   nonuniform List<tensor> 
25600
(
(1.08231e-05 -0.00358277 0.00574754 -0.00358277 0.00965828 -0.00176685 0.00574754 -0.00176685 0.00932188)
(-0.000569073 -0.00287024 0.00525655 -0.00287024 0.00916385 -0.00196866 0.00525655 -0.00196866 0.00850408)
(-0.00128211 -0.00327765 0.00583067 -0.00327765 0.00977891 -0.0016522 0.00583067 -0.0016522 0.00895235)
(0.000466274 -0.00298134 0.00530739 -0.00298134 0.00931778 -0.00215495 0.00530739 -0.00215495 0.00861876)
(0.000669228 -0.00267684 0.00502299 -0.00267684 0.00889397 -0.00261149 0.00502299 -0.00261149 0.00736189)
(0.00017743 -0.00316333 0.00539993 -0.00316333 0.00929247 -0.00229987 0.00539993 -0.00229987 0.00834826)
(0.00103286 -0.00254436 0.00448115 -0.00254436 0.00816793 -0.00282199 0.00448115 -0.00282199 0.00633679)
(0.00343284 -0.00256714 0.00335148 -0.00256714 0.00695572 -0.00302233 0.00335148 -0.00302233 0.00522454)
(-0.000261648 -0.00258608 0.00465052 -0.00258608 0.0083643 -0.00262341 0.00465052 -0.00262341 0.00689502)
(-0.00116155 -0.00286674 0.00536527 -0.00286674 0.00912193 -0.00171121 0.00536527 -0.00171121 0.00841409)
(-0.00173167 -0.00261984 0.00522487 -0.00261984 0.00935123 -0.00115085 0.00522487 -0.00115085 0.00841122)
(-0.0016264 -0.00258288 0.0057287 -0.00258288 0.00978465 -0.001726 0.0057287 -0.001726 0.00808652)
(-0.00152161 -0.00323367 0.00558894 -0.00323367 0.00938057 -0.00152002 0.00558894 -0.00152002 0.00875844)
(-0.00147823 -0.00288537 0.00529815 -0.00288537 0.00911863 -0.00162134 0.00529815 -0.00162134 0.00850905)
(-0.000362263 -0.00310758 0.00536225 -0.00310758 0.00920893 -0.00226259 0.00536225 -0.00226259 0.0081923)
(0.00255789 -0.00256703 0.00371459 -0.00256703 0.00742192 -0.00296259 0.00371459 -0.00296259 0.00557553)
(0.000179147 -0.00243693 0.00470368 -0.00243693 0.00834744 -0.00261148 0.00470368 -0.00261148 0.00675013)
(0.00145563 -0.00251367 0.00385562 -0.00251367 0.00761718 -0.00283013 0.00385562 -0.00283013 0.00589913)
(-0.00112682 -0.00257204 0.00520692 -0.00257204 0.00893649 -0.00151678 0.00520692 -0.00151678 0.00815264)
(-0.00134121 -0.0023745 0.00532114 -0.0023745 0.0091944 -0.00150406 0.00532114 -0.00150406 0.00762451)
(-0.000759807 -0.00337975 0.00560191 -0.00337975 0.00949988 -0.00179228 0.00560191 -0.00179228 0.00886793)
(-1.8455e-05 -0.0032694 0.00548888 -0.0032694 0.00931133 -0.00211966 0.00548888 -0.00211966 0.00860782)
(0.00077267 -0.00188903 0.00462054 -0.00188903 0.0079891 -0.00240148 0.00462054 -0.00240148 0.00630907)
(0.00305679 -0.000931489 0.00375492 -0.000931489 0.0071172 -0.00218358 0.00375492 -0.00218358 0.00526847)
(-0.00140803 -0.00228075 0.00451746 -0.00228075 0.00904505 -0.000486137 0.00451746 -0.000486137 0.00871713)
(-0.00162063 -0.00300829 0.00592293 -0.00300829 0.00984861 -0.00178082 0.00592293 -0.00178082 0.00856845)
(-0.000471519 -0.00304301 0.0053442 -0.00304301 0.00912991 -0.00222995 0.0053442 -0.00222995 0.0081806)
(0.000438383 -0.00233761 0.00476569 -0.00233761 0.00829835 -0.0025602 0.00476569 -0.0025602 0.0067144)
(0.00621365 -0.00223441 0.00262191 -0.00223441 0.00637133 -0.00292964 0.00262191 -0.00292964 0.00521851)
(0.000880223 -0.00246804 0.00414534 -0.00246804 0.00821916 -0.00225882 0.00414534 -0.00225882 0.00701396)
(-0.00178135 -0.00176821 0.00534404 -0.00176821 0.00894075 -0.00185774 0.00534404 -0.00185774 0.00620725)
(-0.00147137 -0.00213173 0.00562402 -0.00213173 0.00942492 -0.00166301 0.00562402 -0.00166301 0.00706085)
(-0.00179702 -0.0028039 0.00574734 -0.0028039 0.00955511 -0.00158098 0.00574734 -0.00158098 0.00815832)
(-0.00119691 -0.00193646 0.00497749 -0.00193646 0.00961652 -0.00131947 0.00497749 -0.00131947 0.00741654)
(-0.000501174 -0.00269481 0.0058452 -0.00269481 0.0100109 -0.00190656 0.0058452 -0.00190656 0.00843279)
(0.000950904 -0.00340128 0.00557619 -0.00340128 0.0095167 -0.00194318 0.00557619 -0.00194318 0.00926644)
(0.00292652 -0.00230496 0.00420355 -0.00230496 0.00734444 -0.00285208 0.00420355 -0.00285208 0.00564205)
(-0.00013024 -0.00156968 0.00464866 -0.00156968 0.00820511 -0.00180744 0.00464866 -0.00180744 0.00694987)
(-0.00107593 -0.00221537 0.00543432 -0.00221537 0.00967115 -0.001625 0.00543432 -0.001625 0.00747708)
(-0.000473104 -0.00278943 0.00594804 -0.00278943 0.00993471 -0.00192832 0.00594804 -0.00192832 0.00834505)
(0.000109616 -0.00253421 0.00579835 -0.00253421 0.00960938 -0.00207093 0.00579835 -0.00207093 0.00795561)
(-0.000389322 -0.00161376 0.00545294 -0.00161376 0.00919359 -0.00201347 0.00545294 -0.00201347 0.00732585)
(0.00680554 -0.000207192 0.00287569 -0.000207192 0.00934661 -0.00075044 0.00287569 -0.00075044 0.00533757)
(0.000731356 -0.00191579 0.00508742 -0.00191579 0.00978486 -0.00166195 0.00508742 -0.00166195 0.00721553)
(0.000387652 -0.00344494 0.00561932 -0.00344494 0.00970078 -0.00254061 0.00561932 -0.00254061 0.00841481)
(0.000378663 -0.00222023 0.00579024 -0.00222023 0.00882398 -0.00266636 0.00579024 -0.00266636 0.0076161)
(0.00268734 0.000285442 0.00467092 0.000285442 0.00557213 -0.00363735 0.00467092 -0.00363735 0.00576281)
(0.00289304 0.00035605 0.00417405 0.00035605 0.00467979 -0.00395853 0.00417405 -0.00395853 0.00597136)
(0.00482329 0.00150558 0.00652038 0.00150558 0.00643275 -0.00182226 0.00652038 -0.00182226 0.0061044)
(0.00260248 0.00048678 0.00509187 0.00048678 0.00812555 -0.00135859 0.00509187 -0.00135859 0.00569728)
(0.00451657 0.000865571 0.00359509 0.000865571 0.00874308 -0.000949492 0.00359509 -0.000949492 0.00546605)
(0.00127242 -0.00111899 0.00420444 -0.00111899 0.00931125 -0.00130732 0.00420444 -0.00130732 0.00658632)
(0.000341586 -0.00137607 0.00509577 -0.00137607 0.00887299 -0.0017158 0.00509577 -0.0017158 0.00627185)
(0.000451032 -0.000371473 0.00502045 -0.000371473 0.00866946 -0.00169015 0.00502045 -0.00169015 0.00610081)
(0.00272712 0.000371817 0.00530583 0.000371817 0.00674459 -0.00246196 0.00530583 -0.00246196 0.00514042)
(0.0029683 0.000338279 0.0040061 0.000338279 0.00384015 -0.00417439 0.0040061 -0.00417439 0.00603366)
(0.0036849 -0.000216864 0.0048403 -0.000216864 0.00682652 -0.00328384 0.0048403 -0.00328384 0.00610881)
(0.00484018 0.000235941 0.00412708 0.000235941 0.00469205 -0.00400058 0.00412708 -0.00400058 0.00672586)
(0.00513517 0.000636552 0.00713037 0.000636552 0.00764438 -0.00229616 0.00713037 -0.00229616 0.00806836)
(0.00663537 0.0022309 0.00532662 0.0022309 0.00764846 -0.00111978 0.00532662 -0.00111978 0.00549896)
(0.000326643 -0.00287073 0.0047396 -0.00287073 0.00941415 -0.00205379 0.0047396 -0.00205379 0.00836444)
(-0.000226106 -0.00322812 0.00602787 -0.00322812 0.00976268 -0.00257264 0.00602787 -0.00257264 0.00815825)
(-0.000512653 -0.00180821 0.00572181 -0.00180821 0.00893536 -0.00238982 0.00572181 -0.00238982 0.0073139)
(0.00114876 -0.00107738 0.00617431 -0.00107738 0.00892238 -0.00269954 0.00617431 -0.00269954 0.00875203)
(0.00500477 4.81689e-05 0.00271005 4.81689e-05 0.00894151 -0.000794353 0.00271005 -0.000794353 0.00566489)
(0.00498539 -0.000918457 0.0030764 -0.000918457 0.00940449 -0.000937744 0.0030764 -0.000937744 0.00659856)
(0.00178158 -0.00167509 0.0054186 -0.00167509 0.00901973 -0.00245964 0.0054186 -0.00245964 0.00771085)
(0.000810602 -0.0024542 0.00503206 -0.0024542 0.0088501 -0.00277542 0.00503206 -0.00277542 0.00759351)
(0.000673976 -0.00199592 0.00545445 -0.00199592 0.00856017 -0.00291993 0.00545445 -0.00291993 0.00741159)
(0.00402905 0.00195444 0.00560603 0.00195444 0.00733884 -0.00144549 0.00560603 -0.00144549 0.00565914)
(0.00914423 0.00311909 0.00501952 0.00311909 0.00545685 -0.000820434 0.00501952 -0.000820434 0.0038466)
(0.00518236 0.000635661 0.00417269 0.000635661 0.00859022 -0.00107168 0.00417269 -0.00107168 0.00528321)
(0.00338378 7.24429e-05 0.00345582 7.24429e-05 0.00891185 -0.00101181 0.00345582 -0.00101181 0.00546559)
(0.00683671 0.000450263 0.00291036 0.000450263 0.00901575 -0.000769414 0.00291036 -0.000769414 0.00490597)
(0.00646208 -0.00104389 0.00287559 -0.00104389 0.00961352 -0.000621538 0.00287559 -0.000621538 0.00628181)
(0.00235232 -0.00297305 0.00633638 -0.00297305 0.00996117 -0.00226044 0.00633638 -0.00226044 0.00870886)
(0.00381004 -0.00352738 0.00364777 -0.00352738 0.00876991 -0.00301087 0.00364777 -0.00301087 0.00670741)
(0.00203464 4.76521e-05 0.00677334 4.76521e-05 0.00865664 -0.00246547 0.00677334 -0.00246547 0.00875509)
(0.00517513 -7.38436e-05 0.00429124 -7.38436e-05 0.00914907 -0.00132001 0.00429124 -0.00132001 0.00606657)
(0.00112895 -0.00217293 0.0049917 -0.00217293 0.00954643 -0.00131498 0.0049917 -0.00131498 0.00801792)
(0.00997026 -0.00563917 0.00445049 -0.00563917 0.0100328 -0.00301682 0.00445049 -0.00301682 0.00724417)
(0.0130935 -0.00346028 0.00362483 -0.00346028 0.0100868 -0.00212582 0.00362483 -0.00212582 0.00437514)
(0.0173393 -0.00240001 0.00296501 -0.00240001 0.00958847 -0.000257872 0.00296501 -0.000257872 0.00363326)
(0.0107329 -0.00267214 0.00376837 -0.00267214 0.00934363 -0.00159015 0.00376837 -0.00159015 0.00423457)
(0.0112159 -0.00691826 0.00370864 -0.00691826 0.0107685 -0.00391548 0.00370864 -0.00391548 0.00668652)
(0.0087034 -0.00470831 0.00244931 -0.00470831 0.0102436 -0.00421888 0.00244931 -0.00421888 0.00509706)
(0.00420093 -0.00173774 0.00395817 -0.00173774 0.00901874 -0.00377298 0.00395817 -0.00377298 0.00596927)
(0.00263475 -0.0016298 0.00380878 -0.0016298 0.00857771 -0.00345492 0.00380878 -0.00345492 0.00511858)
(0.0148543 -0.00115008 0.00274861 -0.00115008 0.00968231 -0.000404499 0.00274861 -0.000404499 0.00238697)
(0.0206175 -0.00383106 0.00245536 -0.00383106 0.0101964 0.0010087 0.00245536 0.0010087 0.00591394)
(0.0191095 -0.00253142 0.00311666 -0.00253142 0.00919623 0.00172694 0.00311666 0.00172694 0.00784558)
(0.0117424 -0.00130226 0.00496116 -0.00130226 0.00892875 -0.000358236 0.00496116 -0.000358236 0.00809791)
(0.00842889 -0.00429378 0.00565788 -0.00429378 0.0108725 -0.00206998 0.00565788 -0.00206998 0.00904325)
(0.006039 -0.00255044 0.00436436 -0.00255044 0.0105035 -0.00141425 0.00436436 -0.00141425 0.00716069)
(0.00777424 0.000617746 0.00453858 0.000617746 0.00727877 -0.00269929 0.00453858 -0.00269929 0.00525983)
(0.00240398 -0.000842443 0.00386804 -0.000842443 0.00580046 -0.00354867 0.00386804 -0.00354867 0.00633376)
(0.012055 -0.00657847 0.000260537 -0.00657847 0.00909617 -0.00413413 0.000260537 -0.00413413 0.00770153)
(0.00394696 -0.00340394 0.00173225 -0.00340394 0.00766261 -0.00265646 0.00173225 -0.00265646 0.00394939)
(0.00668236 -0.00247782 0.00504417 -0.00247782 0.00927475 -0.000679058 0.00504417 -0.000679058 0.00711371)
(0.00763944 -0.00141704 0.0031639 -0.00141704 0.00965867 -0.000276688 0.0031639 -0.000276688 0.00530115)
(0.00868219 -0.000436473 0.00471738 -0.000436473 0.00853526 -0.00105501 0.00471738 -0.00105501 0.00661661)
(0.0163558 -0.000727527 0.00284079 -0.000727527 0.00741471 -0.00249409 0.00284079 -0.00249409 0.0057379)
(0.01174 -0.00535409 0.00459941 -0.00535409 0.0105111 -0.00337072 0.00459941 -0.00337072 0.00697632)
(0.0140641 -0.00348178 0.0031955 -0.00348178 0.010201 -0.000508294 0.0031955 -0.000508294 0.00582541)
(0.0160698 -0.00154546 0.00340786 -0.00154546 0.00880324 0.00142747 0.00340786 0.00142747 0.00742154)
(0.0139272 -0.00221474 0.00364405 -0.00221474 0.00841605 0.000837248 0.00364405 0.000837248 0.00924362)
(0.0113744 -0.00454951 0.00279675 -0.00454951 0.00957842 -0.00182008 0.00279675 -0.00182008 0.00490451)
(0.00536601 -0.00489786 0.00351459 -0.00489786 0.0102984 -0.00332461 0.00351459 -0.00332461 0.00540564)
(-0.000326852 -0.00310994 0.00566904 -0.00310994 0.00926355 -0.0022771 0.00566904 -0.0022771 0.0069342)
(0.00805385 -0.00153606 0.00327693 -0.00153606 0.00987838 -0.00069307 0.00327693 -0.00069307 0.00488099)
(0.0108119 -0.00234709 0.00404585 -0.00234709 0.00964201 -0.000278964 0.00404585 -0.000278964 0.00495619)
(0.0169933 -0.00185362 0.00371137 -0.00185362 0.0090195 0.00131169 0.00371137 0.00131169 0.00757701)
(0.0204791 -0.00420785 0.0017652 -0.00420785 0.00953059 0.00197409 0.0017652 0.00197409 0.00828292)
(0.015006 -0.00034296 0.00368666 -0.00034296 0.00790042 0.00129832 0.00368666 0.00129832 0.00838755)
(0.0150902 -1.1038e-05 0.00224627 -1.1038e-05 0.00670277 0.00278328 0.00224627 0.00278328 0.00864955)
(0.0155272 -0.00477168 0.00507801 -0.00477168 0.0101086 -0.00350035 0.00507801 -0.00350035 0.00719818)
(0.0122882 -0.0047351 0.000866093 -0.0047351 0.00972003 -0.00463164 0.000866093 -0.00463164 0.00484913)
(0.0122581 -0.0023188 0.00447319 -0.0023188 0.00930794 0.000295871 0.00447319 0.000295871 0.00664951)
(0.0121232 0.000667373 0.00475699 0.000667373 0.00807522 0.000140777 0.00475699 0.000140777 0.0068865)
(0.0092626 0.000388959 0.00458977 0.000388959 0.00764315 -0.000832701 0.00458977 -0.000832701 0.0073278)
(0.0197254 -0.00329404 0.0035354 -0.00329404 0.00858714 -0.00292275 0.0035354 -0.00292275 0.00677553)
(0.0223599 -2.738e-05 0.00507235 -2.738e-05 0.00835629 -0.000650882 0.00507235 -0.000650882 0.00821666)
(0.0129534 0.000938728 0.00210616 0.000938728 0.00649803 0.00041968 0.00210616 0.00041968 0.00704195)
(0.0146233 -0.00207955 0.00432838 -0.00207955 0.00803968 -0.00242242 0.00432838 -0.00242242 0.00780384)
(0.0188058 -0.00325485 0.00216679 -0.00325485 0.00829179 -0.00311239 0.00216679 -0.00311239 0.00642985)
(0.0155459 -0.00484977 -0.00099705 -0.00484977 0.00865904 -0.00299432 -0.00099705 -0.00299432 0.00574319)
(0.0180989 -0.00411239 0.000817599 -0.00411239 0.0088139 -0.00264571 0.000817599 -0.00264571 0.00659934)
(0.0167956 -0.00433801 -0.000779084 -0.00433801 0.00880921 -0.00255161 -0.000779084 -0.00255161 0.00666987)
(0.013966 0.00171083 0.00285771 0.00171083 0.00336733 -0.00110617 0.00285771 -0.00110617 0.00821419)
(0.023116 -0.00193908 -0.00162815 -0.00193908 0.00828455 0.00258697 -0.00162815 0.00258697 0.00887913)
(0.0187271 -0.00203219 -0.000242392 -0.00203219 0.00879083 0.000605941 -0.000242392 0.000605941 0.00955145)
(0.0158007 -0.00433744 -0.00656114 -0.00433744 0.00772123 -0.000349475 -0.00656114 -0.000349475 0.00541498)
(0.0111474 0.000372129 -0.000825914 0.000372129 0.00702445 -0.000362652 -0.000825914 -0.000362652 0.00387659)
(0.0163245 -0.00430614 0.0033123 -0.00430614 0.00998533 -0.00249144 0.0033123 -0.00249144 0.00748485)
(0.0204506 -0.000536353 0.00136851 -0.000536353 0.00632478 -0.00205998 0.00136851 -0.00205998 0.0100156)
(0.0126208 2.27531e-05 0.00313986 2.27531e-05 0.00591114 -0.00411419 0.00313986 -0.00411419 0.00684669)
(0.0194295 -0.00204535 0.00324455 -0.00204535 0.0102791 -0.000107737 0.00324455 -0.000107737 0.01121)
(0.00560778 -0.000852051 -0.000483874 -0.000852051 0.00490122 -0.00213123 -0.000483874 -0.00213123 0.00353626)
(0.0140371 -2.43392e-05 -0.00160337 -2.43392e-05 0.00733015 -0.00276645 -0.00160337 -0.00276645 0.00515358)
(0.00741547 -0.00278345 0.00352738 -0.00278345 0.00951367 -0.00208567 0.00352738 -0.00208567 0.00896319)
(0.0158545 0.00284067 0.00496524 0.00284067 0.00498866 0.00150128 0.00496524 0.00150128 0.00702159)
(0.0225893 -0.00544893 -0.00301433 -0.00544893 0.011271 -0.000602566 -0.00301433 -0.000602566 0.0103024)
(0.0149099 -0.000722788 -0.000915701 -0.000722788 0.00680188 0.000894831 -0.000915701 0.000894831 0.00439109)
(0.0105873 -0.00242068 0.00327009 -0.00242068 0.00976942 -0.00121201 0.00327009 -0.00121201 0.00784879)
(0.0233091 -0.00282409 -0.000439591 -0.00282409 0.00922055 0.00167061 -0.000439591 0.00167061 0.00618859)
(0.0242254 -0.00306267 -0.00309356 -0.00306267 0.0074902 0.00373527 -0.00309356 0.00373527 0.00799183)
(0.0145648 -0.00267843 0.000681395 -0.00267843 0.00898585 -0.00256567 0.000681395 -0.00256567 0.00883188)
(0.0152351 -0.00448883 -0.00239417 -0.00448883 0.00911102 -0.00325133 -0.00239417 -0.00325133 0.00628523)
(0.003473 -0.00331015 0.00408231 -0.00331015 0.00878362 -0.00293774 0.00408231 -0.00293774 0.0071404)
(0.0163178 -0.000308452 0.00548721 -0.000308452 0.0079687 -0.000623815 0.00548721 -0.000623815 0.00777919)
(0.0115301 -0.00192273 0.00380594 -0.00192273 0.00921944 -0.0016514 0.00380594 -0.0016514 0.00971605)
(0.0176075 -0.00107796 -0.000182074 -0.00107796 0.00658563 0.00197953 -0.000182074 0.00197953 0.00953648)
(0.0200004 -0.00180136 -0.000438302 -0.00180136 0.00544872 0.00205806 -0.000438302 0.00205806 0.0129171)
(0.0193524 -0.00205877 0.00186966 -0.00205877 0.00727147 0.000273832 0.00186966 0.000273832 0.0116099)
(0.0125382 -0.00437055 -0.00531824 -0.00437055 0.0109605 -0.00360431 -0.00531824 -0.00360431 0.0085319)
(0.0249436 -0.00110848 0.00390574 -0.00110848 0.00807762 -0.00270479 0.00390574 -0.00270479 0.00808202)
(0.018485 -0.00173936 0.00258888 -0.00173936 0.0084207 -0.00361518 0.00258888 -0.00361518 0.00577163)
(0.012017 -0.00259663 0.00194097 -0.00259663 0.00948397 -0.00144501 0.00194097 -0.00144501 0.00920734)
(0.016898 -0.00359357 -0.000506998 -0.00359357 0.00844061 -0.00107245 -0.000506998 -0.00107245 0.00234556)
(0.00587718 0.000338684 0.00216658 0.000338684 0.00721273 -0.000696995 0.00216658 -0.000696995 0.00573892)
(0.00929695 -0.00332909 0.00218773 -0.00332909 0.00847159 -0.0004269 0.00218773 -0.0004269 0.00568007)
(0.0153333 -0.00159311 0.00132896 -0.00159311 0.00755575 0.00218973 0.00132896 0.00218973 0.00731986)
(0.0193024 -0.00312853 0.000276968 -0.00312853 0.00779219 -7.36695e-05 0.000276968 -7.36695e-05 0.00801069)
(0.00805218 0.00193908 0.00258482 0.00193908 0.00623573 -0.000347683 0.00258482 -0.000347683 0.00483859)
(0.0149839 -0.0029697 0.00255239 -0.0029697 0.00903591 -0.00408801 0.00255239 -0.00408801 0.00542695)
(0.0148512 -0.00415911 0.00152195 -0.00415911 0.00915155 -0.00306828 0.00152195 -0.00306828 0.00586303)
(0.0127054 -0.00658405 0.000256939 -0.00658405 0.0100305 -0.00409519 0.000256939 -0.00409519 0.00474255)
(0.0122275 -0.00393391 -1.55056e-05 -0.00393391 0.00797551 -0.00305912 -1.55056e-05 -0.00305912 0.00453057)
(0.0113908 0.00225156 0.00165848 0.00225156 0.00710617 0.000228747 0.00165848 0.000228747 0.00476629)
(0.0143347 0.00099331 0.00381304 0.00099331 0.00703361 0.00173362 0.00381304 0.00173362 0.00688643)
(0.00926512 -0.000492353 -0.00309575 -0.000492353 0.00575271 0.000980156 -0.00309575 0.000980156 0.00832125)
(0.0107072 -0.0050061 -0.00489015 -0.0050061 0.0112241 -0.00324793 -0.00489015 -0.00324793 0.00887063)
(0.00898906 -0.0033604 -0.000196532 -0.0033604 0.00993096 -2.10619e-05 -0.000196532 -2.10619e-05 0.00841346)
(0.0067457 -0.0040245 -0.00213727 -0.0040245 0.0107945 -0.000422554 -0.00213727 -0.000422554 0.00667231)
(0.00315558 -0.000737437 0.00143912 -0.000737437 0.00544342 -0.00144647 0.00143912 -0.00144647 0.00526756)
(0.0108413 -0.00288041 0.00088219 -0.00288041 0.00452114 -0.00297632 0.00088219 -0.00297632 0.00917007)
(0.0135196 -0.00274252 0.000686066 -0.00274252 0.00806626 -0.00414571 0.000686066 -0.00414571 0.00536528)
(0.00656895 -0.000998341 0.0035831 -0.000998341 0.00911196 -0.00125596 0.0035831 -0.00125596 0.00392411)
(0.00907721 -0.00481371 -0.000412792 -0.00481371 0.0113695 0.000346568 -0.000412792 0.000346568 0.00600484)
(0.0198979 -0.00464056 0.00163668 -0.00464056 0.010282 -0.000148761 0.00163668 -0.000148761 0.00488284)
(0.00559465 -0.000669578 0.000336671 -0.000669578 0.00631644 -0.000692672 0.000336671 -0.000692672 0.00399098)
(0.0156764 0.00109373 0.00267661 0.00109373 0.00923203 0.000953157 0.00267661 0.000953157 0.00499713)
(0.0117223 -0.00325178 -0.00101463 -0.00325178 0.00703549 0.00195887 -0.00101463 0.00195887 0.00709871)
(0.0148749 -0.00306595 0.00371784 -0.00306595 0.00992614 -0.000701791 0.00371784 -0.000701791 0.007436)
(0.0217958 -0.00412445 -0.00252816 -0.00412445 0.00928919 0.00261466 -0.00252816 0.00261466 0.00714459)
(0.0161899 -0.00241879 -0.00209692 -0.00241879 0.00804741 0.0022497 -0.00209692 0.0022497 0.00774321)
(0.0115779 -0.00207764 0.00319495 -0.00207764 0.00863615 -0.00168911 0.00319495 -0.00168911 0.00675026)
(0.0122736 -0.00262815 -0.00122621 -0.00262815 0.00695713 -0.00351847 -0.00122621 -0.00351847 0.00542375)
(0.0100651 -0.0043291 -0.00219399 -0.0043291 0.00814946 -0.00306088 -0.00219399 -0.00306088 0.00554899)
(0.0191446 -0.00296117 0.00280021 -0.00296117 0.00953373 0.000325748 0.00280021 0.000325748 0.00782741)
(0.0197075 -0.00312466 0.000161329 -0.00312466 0.00936006 0.0018582 0.000161329 0.0018582 0.00489607)
(0.0096817 -0.00362408 -0.00303771 -0.00362408 0.0111298 -0.00164439 -0.00303771 -0.00164439 0.007842)
(0.0232334 -0.00337336 0.000466419 -0.00337336 0.00825306 0.000426915 0.000466419 0.000426915 0.0122464)
(0.0084806 -0.00464705 -0.00431374 -0.00464705 0.0112843 -0.00169778 -0.00431374 -0.00169778 0.00997642)
(0.00813872 -0.00442498 -0.00362567 -0.00442498 0.0114089 -0.000508438 -0.00362567 -0.000508438 0.0108688)
(0.00622051 0.000858167 0.00071869 0.000858167 0.00639952 -0.00134871 0.00071869 -0.00134871 0.00379342)
(0.0145607 -0.00508537 0.00251875 -0.00508537 0.00994808 -0.00434599 0.00251875 -0.00434599 0.00500383)
(0.0153776 -0.00325885 0.00354576 -0.00325885 0.00997333 -0.00139857 0.00354576 -0.00139857 0.00516227)
(0.0106675 -0.00509016 -0.00512027 -0.00509016 0.0114057 -0.00340338 -0.00512027 -0.00340338 0.00859543)
(0.00711205 -0.00548646 -0.00419273 -0.00548646 0.0113045 -0.00196119 -0.00419273 -0.00196119 0.0097728)
(0.00203537 -0.000350156 0.000860957 -0.000350156 0.00203768 -0.000136326 0.000860957 -0.000136326 0.00207246)
(0.0172052 -0.00381401 -0.00262693 -0.00381401 0.0066086 0.00117355 -0.00262693 0.00117355 0.00825618)
(0.00956958 -0.000418837 0.00331227 -0.000418837 0.00547236 -0.00342974 0.00331227 -0.00342974 0.00859383)
(0.00222475 -0.000600466 0.000931146 -0.000600466 0.00476782 -0.00217933 0.000931146 -0.00217933 0.00222796)
(0.0141845 0.000193926 0.00283528 0.000193926 0.00677543 -0.00319682 0.00283528 -0.00319682 0.00651528)
(0.0111417 -0.00408544 0.000393551 -0.00408544 0.00806363 -0.00294693 0.000393551 -0.00294693 0.00601343)
(0.0133481 -0.0051973 -2.81585e-05 -0.0051973 0.00862431 -0.00314215 -2.81585e-05 -0.00314215 0.00441557)
(0.0139562 -0.00450408 -0.00159131 -0.00450408 0.00858614 -0.00305591 -0.00159131 -0.00305591 0.00541169)
(0.0132193 0.000730139 -0.00101622 0.000730139 0.00793146 -0.00250084 -0.00101622 -0.00250084 0.00551173)
(0.014225 -0.00026092 0.000629596 -0.00026092 0.00588859 0.00215093 0.000629596 0.00215093 0.00950571)
(0.0165761 -6.12298e-05 -0.000702203 -6.12298e-05 0.0102838 -0.00285929 -0.000702203 -0.00285929 0.00887284)
(0.0102883 -0.00195061 0.000448916 -0.00195061 0.00902166 -0.00409261 0.000448916 -0.00409261 0.00739853)
(0.00507992 0.000959598 0.00113921 0.000959598 0.00233468 0.000726928 0.00113921 0.000726928 0.00293914)
(0.0154142 -0.000857389 0.00109157 -0.000857389 0.0107719 -0.00161961 0.00109157 -0.00161961 0.00822621)
(0.0159994 -0.00388405 0.00035686 -0.00388405 0.0112132 -0.000156912 0.00035686 -0.000156912 0.00911273)
(0.0107601 -0.00118195 0.000574375 -0.00118195 0.00318314 -0.0027536 0.000574375 -0.0027536 0.00702934)
(0.0111843 0.00038713 0.00472997 0.00038713 0.00793848 -0.00293218 0.00472997 -0.00293218 0.00624167)
(0.0132492 -0.00060311 0.00508539 -0.00060311 0.008878 -0.00174828 0.00508539 -0.00174828 0.00722053)
(0.0138967 -0.000888826 0.000637647 -0.000888826 0.0115956 -0.00248419 0.000637647 -0.00248419 0.00684789)
(0.00906266 -0.00428131 -0.000982028 -0.00428131 0.0112541 -0.00273148 -0.000982028 -0.00273148 0.00851913)
(0.0114734 -0.00257933 -0.000508105 -0.00257933 0.010701 -0.000390351 -0.000508105 -0.000390351 0.00764586)
(0.0137602 -0.0011369 0.00443414 -0.0011369 0.0088842 -0.00143132 0.00443414 -0.00143132 0.00673859)
(0.0153727 -0.00276577 -0.000466833 -0.00276577 0.00777183 0.000214035 -0.000466833 0.000214035 0.00360205)
(0.0180611 -0.00284429 -0.00079101 -0.00284429 0.00828313 0.0016106 -0.00079101 0.0016106 0.00791522)
(0.0173064 -0.00289379 -0.00439585 -0.00289379 0.00687448 0.0039178 -0.00439585 0.0039178 0.0107222)
(0.0115401 -0.000891913 -0.00221933 -0.000891913 0.00560713 0.00400735 -0.00221933 0.00400735 0.00978165)
(0.0131483 -0.00161653 0.000491509 -0.00161653 0.00844331 -0.00163169 0.000491509 -0.00163169 0.00639928)
(0.0155794 -0.00313564 -0.000998581 -0.00313564 0.00930472 -0.00336897 -0.000998581 -0.00336897 0.00809187)
(0.0120925 -0.00282251 -0.000901809 -0.00282251 0.0077944 -0.0032485 -0.000901809 -0.0032485 0.00794542)
(0.0179702 -0.00122215 -0.00143711 -0.00122215 0.00638802 0.00286278 -0.00143711 0.00286278 0.00990973)
(0.0175634 -0.00122834 -0.00138642 -0.00122834 0.0106101 -0.00298021 -0.00138642 -0.00298021 0.00954259)
(0.0136689 -0.00408469 -0.00478548 -0.00408469 0.0111719 -0.00332131 -0.00478548 -0.00332131 0.00920544)
(0.00986581 -0.00222547 -0.00122581 -0.00222547 0.00879889 -0.00342379 -0.00122581 -0.00342379 0.00813479)
(0.0133437 -0.000928649 0.00117145 -0.000928649 0.0113702 -0.00279403 0.00117145 -0.00279403 0.00758263)
(0.00872577 -0.0048669 -0.0041911 -0.0048669 0.011578 -0.00321545 -0.0041911 -0.00321545 0.00838368)
(0.00543554 -0.00198107 -0.000793957 -0.00198107 0.00748361 0.00024885 -0.000793957 0.00024885 0.00581662)
(0.0188651 -0.00510811 0.00311442 -0.00510811 0.00958178 -0.00338707 0.00311442 -0.00338707 0.00618945)
(0.0228128 -0.00182277 0.00381379 -0.00182277 0.00840782 -0.00107174 0.00381379 -0.00107174 0.00932601)
(0.0126168 -0.00348792 -0.000321014 -0.00348792 0.0115019 -0.00220472 -0.000321014 -0.00220472 0.00922717)
(0.0155895 -0.000326068 0.00136559 -0.000326068 0.0115844 -0.00338084 0.00136559 -0.00338084 0.00855952)
(0.00558605 -0.00013716 0.00144774 -0.00013716 0.00318467 -0.000907647 0.00144774 -0.000907647 0.00562008)
(0.0106301 7.62437e-05 -0.000381541 7.62437e-05 0.00598909 0.00325302 -0.000381541 0.00325302 0.00741438)
(0.0142703 -0.00156402 -0.00175834 -0.00156402 0.00742101 0.00271594 -0.00175834 0.00271594 0.00574367)
(0.00432556 0.0012536 0.001227 0.0012536 0.00567601 0.00131676 0.001227 0.00131676 0.00341335)
(0.00185517 -0.00130292 0.00122291 -0.00130292 0.00365836 -0.00239831 0.00122291 -0.00239831 0.00595364)
(0.00636597 -0.000946669 0.00262275 -0.000946669 0.0080538 -0.00152191 0.00262275 -0.00152191 0.00358713)
(0.0152289 -0.00336329 0.00210655 -0.00336329 0.00881084 -0.00259696 0.00210655 -0.00259696 0.00649961)
(0.0118185 -0.00647956 0.000341734 -0.00647956 0.00983212 -0.00361322 0.000341734 -0.00361322 0.00442371)
(0.00602974 0.000462544 -0.000295029 0.000462544 0.00358579 -0.000981069 -0.000295029 -0.000981069 0.00203413)
(0.0090594 -0.00130694 0.000992795 -0.00130694 0.00557644 -0.00270362 0.000992795 -0.00270362 0.00712071)
(0.0131267 -0.00295707 -0.00198097 -0.00295707 0.011146 -0.00328238 -0.00198097 -0.00328238 0.00951723)
(0.0147077 -0.00164925 0.00236344 -0.00164925 0.00862383 0.000168961 0.00236344 0.000168961 0.00594242)
(0.0111699 -0.00397196 0.004125 -0.00397196 0.00954617 -0.00200637 0.004125 -0.00200637 0.00753587)
(0.0155751 0.000253743 0.000878239 0.000253743 0.00656612 0.00315385 0.000878239 0.00315385 0.007938)
(0.00543027 0.00072029 0.000149522 0.00072029 0.00488255 0.000743092 0.000149522 0.000743092 0.00322877)
(0.0109228 -0.00529312 0.00196327 -0.00529312 0.00992341 -0.00327139 0.00196327 -0.00327139 0.00572877)
(0.0126541 -0.00452117 0.0011487 -0.00452117 0.00924131 -0.00296218 0.0011487 -0.00296218 0.00576348)
(0.0144024 -0.00067771 0.00109441 -0.00067771 0.00804096 -0.000449008 0.00109441 -0.000449008 0.00585776)
(0.0142583 -0.00221909 0.000183135 -0.00221909 0.00848464 0.00198623 0.000183135 0.00198623 0.00662226)
(0.0118741 -0.00518758 -0.000709148 -0.00518758 0.0123125 0.000607275 -0.000709148 0.000607275 0.00739238)
(0.0100936 -0.00435155 -0.00135953 -0.00435155 0.0116566 -0.000978698 -0.00135953 -0.000978698 0.00877568)
(0.00681032 0.00188987 0.00101274 0.00188987 0.00554571 0.000284904 0.00101274 0.000284904 0.00185869)
(0.0084304 0.000634682 3.37409e-05 0.000634682 0.00679461 0.00176756 3.37409e-05 0.00176756 0.00435833)
(0.0125831 0.000578503 0.00150434 0.000578503 0.00611802 0.00185089 0.00150434 0.00185089 0.00680971)
(0.0148299 -0.000270066 -0.00129062 -0.000270066 0.00585761 0.00338625 -0.00129062 0.00338625 0.0111226)
(0.0129861 0.0011761 0.00111968 0.0011761 0.00549632 0.00325431 0.00111968 0.00325431 0.00839213)
(0.0183825 -0.0025816 0.00260985 -0.0025816 0.00920225 -0.00166675 0.00260985 -0.00166675 0.0055658)
(0.00717775 -0.00357075 -0.00163903 -0.00357075 0.00796776 -0.00291908 -0.00163903 -0.00291908 0.00570906)
(0.0106615 -0.00280522 -0.00154416 -0.00280522 0.00620236 -0.00370056 -0.00154416 -0.00370056 0.00575346)
(0.0134929 -0.00146769 -0.00153157 -0.00146769 0.00528082 0.0010038 -0.00153157 0.0010038 0.00713533)
(0.0140353 -0.00180411 -0.000510973 -0.00180411 0.00987741 -0.00401645 -0.000510973 -0.00401645 0.00884842)
(0.0155658 0.00136256 0.00364834 0.00136256 0.00720845 0.00185268 0.00364834 0.00185268 0.00536384)
(0.00913992 -0.00222451 0.00125339 -0.00222451 0.0079572 -0.00265723 0.00125339 -0.00265723 0.00648519)
(0.00659516 -0.00176782 0.000257283 -0.00176782 0.00998452 -9.97484e-05 0.000257283 -9.97484e-05 0.00396176)
(0.0139444 -0.00164903 -0.0010238 -0.00164903 0.011346 -0.00156536 -0.0010238 -0.00156536 0.00873158)
(0.00394048 -0.00390248 -0.00145387 -0.00390248 0.00989211 1.67191e-05 -0.00145387 1.67191e-05 0.00802474)
(0.0160278 -0.00538627 0.00284356 -0.00538627 0.00975621 -0.00309501 0.00284356 -0.00309501 0.00658849)
(0.0209418 -0.00292632 -0.00285725 -0.00292632 0.0067579 0.0025234 -0.00285725 0.0025234 0.00530601)
(0.0074174 -0.000608022 0.00337969 -0.000608022 0.00868241 -0.00167388 0.00337969 -0.00167388 0.00437629)
(0.0197954 0.000357065 6.28913e-05 0.000357065 0.00779184 0.000475342 6.28913e-05 0.000475342 0.00452347)
(0.00771965 0.00128056 0.00158303 0.00128056 0.0060376 0.000417729 0.00158303 0.000417729 0.00485409)
(0.0165363 0.000775155 0.00451158 0.000775155 0.00773633 -0.001276 0.00451158 -0.001276 0.0066397)
(0.0139325 -0.00206969 0.00113692 -0.00206969 0.00830485 -3.38256e-06 0.00113692 -3.38256e-06 0.00719596)
(0.00417935 -0.000164678 -2.80002e-05 -0.000164678 0.00670691 -0.00205092 -2.80002e-05 -0.00205092 0.00362544)
(0.00824277 -0.000556273 0.000606567 -0.000556273 0.00702321 -0.000889581 0.000606567 -0.000889581 0.00450985)
(0.0110242 -0.00156215 0.000308409 -0.00156215 0.00702518 0.00133028 0.000308409 0.00133028 0.00644262)
(0.0144546 -0.00317516 0.00167074 -0.00317516 0.00870513 -0.00242317 0.00167074 -0.00242317 0.0068696)
(0.0212256 -0.00249147 0.00180704 -0.00249147 0.00841326 -0.00284359 0.00180704 -0.00284359 0.00618655)
(0.00811104 -0.00175178 0.000476142 -0.00175178 0.010168 -0.000507493 0.000476142 -0.000507493 0.0036315)
(0.0104578 -0.00334864 -0.00294408 -0.00334864 0.011074 -0.00294924 -0.00294408 -0.00294924 0.00852322)
(0.0118612 -0.000974246 0.00229112 -0.000974246 0.00462365 -0.00169766 0.00229112 -0.00169766 0.00823111)
(0.0111765 0.00142807 0.00114477 0.00142807 0.00557849 0.000650053 0.00114477 0.000650053 0.00661206)
(0.0143012 -0.00217386 0.00369346 -0.00217386 0.00892834 -0.00154139 0.00369346 -0.00154139 0.00842983)
(0.0208482 -0.00107598 -0.00037528 -0.00107598 0.00712655 0.00202511 -0.00037528 0.00202511 0.00925155)
(0.0117033 -0.00118125 0.00254148 -0.00118125 0.0082799 -0.00108149 0.00254148 -0.00108149 0.00704782)
(0.0120636 -0.000199053 0.00180023 -0.000199053 0.0076645 -0.00102069 0.00180023 -0.00102069 0.0059434)
(0.0132061 -0.000847547 -0.000368758 -0.000847547 0.00758817 -0.00247693 -0.000368758 -0.00247693 0.00474304)
(0.00693238 -0.000118861 -4.21302e-05 -0.000118861 0.00323478 -0.00110966 -4.21302e-05 -0.00110966 0.00277981)
(0.018109 -0.00101976 0.00390431 -0.00101976 0.00899401 -0.000926364 0.00390431 -0.000926364 0.00655307)
(0.00385995 -0.00256802 0.00347018 -0.00256802 0.00940352 -0.00214042 0.00347018 -0.00214042 0.0066912)
(0.00553668 -0.00311318 -0.00219376 -0.00311318 0.00581159 0.00249541 -0.00219376 0.00249541 0.00838671)
(0.00749801 0.000523013 0.000782249 0.000523013 0.00646918 0.00118719 0.000782249 0.00118719 0.00402969)
(0.0144454 8.26661e-05 0.00296119 8.26661e-05 0.00822244 -0.00258767 0.00296119 -0.00258767 0.00675573)
(0.00974496 0.00180296 0.00158654 0.00180296 0.00701207 -0.000283479 0.00158654 -0.000283479 0.00535068)
(0.0121154 -0.000896079 -0.00346551 -0.000896079 0.00630898 0.00382098 -0.00346551 0.00382098 0.00907676)
(0.00489322 -0.000867886 0.000316232 -0.000867886 0.00599038 -0.00216121 0.000316232 -0.00216121 0.00588808)
(0.0081279 -0.00165464 -0.000234433 -0.00165464 0.00783054 -0.00179804 -0.000234433 -0.00179804 0.00266746)
(0.00310884 -0.000722263 -0.000182721 -0.000722263 0.00225523 -0.000527603 -0.000182721 -0.000527603 0.0048922)
(0.0117182 -0.00230742 -0.0012703 -0.00230742 0.00551132 -0.0041255 -0.0012703 -0.0041255 0.00705803)
(0.0179838 -0.00128678 -0.0014408 -0.00128678 0.00698014 0.000638874 -0.0014408 0.000638874 0.00610315)
(0.0209979 -0.00338231 -0.00216177 -0.00338231 0.0088488 0.00251459 -0.00216177 0.00251459 0.00814651)
(0.0108812 -0.00160116 0.00325012 -0.00160116 0.0098821 -0.000882416 0.00325012 -0.000882416 0.00565247)
(0.0204247 -0.000723208 0.00167739 -0.000723208 0.00831728 0.000935417 0.00167739 0.000935417 0.0047622)
(0.0134263 -0.00249518 0.00144131 -0.00249518 0.00881881 -0.000590938 0.00144131 -0.000590938 0.00624585)
(0.0137364 -0.00109573 0.00219159 -0.00109573 0.0108428 -0.00270574 0.00219159 -0.00270574 0.00764505)
(0.00344976 -0.00469743 -0.00158608 -0.00469743 0.0110068 -0.00324804 -0.00158608 -0.00324804 0.00714779)
(0.00829426 -0.00153582 -0.00101 -0.00153582 0.00631846 0.00222128 -0.00101 0.00222128 0.00480867)
(0.026094 8.98726e-06 0.00165897 8.98726e-06 0.00682063 0.00210748 0.00165897 0.00210748 0.00541147)
(0.0115482 0.00115091 0.00492995 0.00115091 0.00798643 -0.00212385 0.00492995 -0.00212385 0.00591666)
(0.0145282 0.0014603 0.00355994 0.0014603 0.00583831 0.00187978 0.00355994 0.00187978 0.00795569)
(0.008636 0.0021641 0.00141457 0.0021641 0.00684401 -0.0011166 0.00141457 -0.0011166 0.0050812)
(0.00569115 -0.00113969 0.00277958 -0.00113969 0.00734497 -0.000422353 0.00277958 -0.000422353 0.00471892)
(0.00433553 0.00160646 0.00154492 0.00160646 0.00289828 0.000425018 0.00154492 0.000425018 0.0048327)
(0.00372222 -0.00340239 -0.000317342 -0.00340239 0.00857579 0.000896183 -0.000317342 0.000896183 0.00397375)
(0.0103978 0.00157588 0.00146784 0.00157588 0.00542613 0.00176084 0.00146784 0.00176084 0.00603169)
(0.0133502 0.000376465 -0.00033967 0.000376465 0.00514414 0.00319935 -0.00033967 0.00319935 0.0106243)
(0.00588733 -0.00275135 0.00103231 -0.00275135 0.00770636 -0.00117983 0.00103231 -0.00117983 0.00421768)
(0.0214297 -0.00202452 0.00200496 -0.00202452 0.00740186 -0.00325516 0.00200496 -0.00325516 0.00592608)
(0.0121096 -0.00471606 -0.00183744 -0.00471606 0.0115896 -0.000870112 -0.00183744 -0.000870112 0.00899515)
(0.0132899 -0.00160526 -0.000866024 -0.00160526 0.0112334 -0.00307001 -0.000866024 -0.00307001 0.00847707)
(0.0213957 0.00283071 0.00414549 0.00283071 0.00693396 0.000455197 0.00414549 0.000455197 0.00316644)
(0.0209803 0.00215086 0.00488659 0.00215086 0.0075776 6.23921e-05 0.00488659 6.23921e-05 0.00453266)
(0.00984285 -0.000331969 0.00277529 -0.000331969 0.00680452 0.000991704 0.00277529 0.000991704 0.00638452)
(0.0202591 -0.00143299 -0.000821773 -0.00143299 0.00689394 0.00289936 -0.000821773 0.00289936 0.00938848)
(0.0110036 0.000341426 0.000950575 0.000341426 0.00749545 -0.000823265 0.000950575 -0.000823265 0.00566096)
(0.0144943 -0.0034516 -0.00139536 -0.0034516 0.00817256 0.000771711 -0.00139536 0.000771711 0.00687688)
(0.0163338 -0.00277446 0.00203018 -0.00277446 0.00837214 -0.00048586 0.00203018 -0.00048586 0.0069595)
(0.00713278 -0.00168939 -0.000707119 -0.00168939 0.00681277 -0.00192765 -0.000707119 -0.00192765 0.00520391)
(0.0211589 -0.00232458 0.00252533 -0.00232458 0.00947682 -0.000391672 0.00252533 -0.000391672 0.00501765)
(0.00792994 -0.00132397 0.00429943 -0.00132397 0.00944306 -0.00201952 0.00429943 -0.00201952 0.00537057)
(0.00763729 0.000293015 0.0007373 0.000293015 0.00673782 -2.65986e-05 0.0007373 -2.65986e-05 0.00498332)
(0.0158484 0.000433068 0.00395925 0.000433068 0.00863166 -0.00138134 0.00395925 -0.00138134 0.00465633)
(0.019341 0.00272358 0.00496046 0.00272358 0.00684977 -0.00111421 0.00496046 -0.00111421 0.00575342)
(0.00702808 -0.00175574 0.00181847 -0.00175574 0.00766568 -0.000788824 0.00181847 -0.000788824 0.00558173)
(0.0180784 -0.00355327 -0.0060153 -0.00355327 0.0070003 0.00476999 -0.0060153 0.00476999 0.00890471)
(0.00970511 -0.00332588 -0.00238735 -0.00332588 0.0112252 -0.00288927 -0.00238735 -0.00288927 0.00791572)
(0.013304 -0.00314399 0.00091281 -0.00314399 0.0108978 -0.000231227 0.00091281 -0.000231227 0.00743262)
(0.00433345 -0.000535116 0.000265129 -0.000535116 0.00658883 0.000393566 0.000265129 0.000393566 0.00219958)
(0.0107195 -0.00340118 -0.00162325 -0.00340118 0.00884349 -0.00308572 -0.00162325 -0.00308572 0.00543246)
(0.00580504 -0.000327611 -0.000276471 -0.000327611 0.00231137 -0.00145462 -0.000276471 -0.00145462 0.00319176)
(0.0263265 -0.00405901 -0.00293832 -0.00405901 0.00929127 0.00273582 -0.00293832 0.00273582 0.00818342)
(0.0147643 -0.00223235 0.00327392 -0.00223235 0.009277 -0.00213958 0.00327392 -0.00213958 0.00530627)
(0.0186639 -0.00041003 0.00279405 -0.00041003 0.00838476 -0.000692362 0.00279405 -0.000692362 0.00479958)
(0.0133237 -0.00271736 0.00221946 -0.00271736 0.00895222 -0.00156816 0.00221946 -0.00156816 0.00726493)
(0.0103445 0.00195897 0.00124232 0.00195897 0.00683191 -0.000634575 0.00124232 -0.000634575 0.00347956)
(0.00565392 0.00217294 0.00217299 0.00217294 0.00551979 0.000666907 0.00217299 0.000666907 0.00187689)
(0.0123692 0.00131095 0.00131055 0.00131095 0.00524009 0.00281035 0.00131055 0.00281035 0.00814355)
(0.0260222 -0.00470432 -0.00433576 -0.00470432 0.00749202 0.00409318 -0.00433576 0.00409318 0.0091484)
(0.0135261 -0.00135898 0.00245655 -0.00135898 0.00863362 -0.00139848 0.00245655 -0.00139848 0.0055496)
(0.0168212 -0.000460663 0.00341362 -0.000460663 0.00662514 0.000212804 0.00341362 0.000212804 0.00685828)
(0.00713224 0.0019057 0.00216643 0.0019057 0.0055277 0.000809917 0.00216643 0.000809917 0.0041183)
(0.00295618 -0.00070326 -0.000192547 -0.00070326 0.00549798 -0.00382058 -0.000192547 -0.00382058 0.00554411)
(0.0116122 -0.00104209 0.00155551 -0.00104209 0.0100294 -0.00152487 0.00155551 -0.00152487 0.00797573)
(0.00532488 -0.00450335 -0.00066724 -0.00450335 0.0108121 -0.0010446 -0.00066724 -0.0010446 0.00706743)
(0.00163963 -0.00253411 -0.000874447 -0.00253411 0.00703294 -0.00290438 -0.000874447 -0.00290438 0.00721705)
(0.00882868 -0.00168814 -0.00042544 -0.00168814 0.00597991 0.00104911 -0.00042544 0.00104911 0.00994527)
(0.0086182 -0.00280389 0.00165791 -0.00280389 0.00837414 -0.00211949 0.00165791 -0.00211949 0.00465808)
(0.0209824 -0.00508238 0.00157098 -0.00508238 0.0085696 -0.00346827 0.00157098 -0.00346827 0.00523033)
(0.00875736 0.000582498 0.00144709 0.000582498 0.00675799 0.000263827 0.00144709 0.000263827 0.00347395)
(0.0168028 0.00150668 0.00270675 0.00150668 0.00665361 0.000752932 0.00270675 0.000752932 0.00415381)
(0.0197393 -0.00175438 0.00235455 -0.00175438 0.00919905 -0.000142095 0.00235455 -0.000142095 0.00572578)
(0.0202779 0.00335329 0.004599 0.00335329 0.0059564 0.000232441 0.004599 0.000232441 0.00477406)
(0.0126789 0.00281269 0.00305047 0.00281269 0.00674141 0.000206231 0.00305047 0.000206231 0.00384936)
(0.016839 -0.0029525 -0.00109499 -0.0029525 0.0072694 0.00199894 -0.00109499 0.00199894 0.0084631)
(0.0117131 -0.00409171 0.00107958 -0.00409171 0.00846625 -0.00135026 0.00107958 -0.00135026 0.006115)
