/*--------------------------------*- C++ -*----------------------------------*\
  =========                 |
  \\      /  F ield         | OpenFOAM: The Open Source CFD Toolbox
   \\    /   O peration     | Website:  https://openfoam.org
    \\  /    A nd           | Version:  10
     \\/     M anipulation  |
\*---------------------------------------------------------------------------*/
FoamFile
{
    format      ascii;
    class       volTensorField;
    location    "2.5";
    object      TauNN;
}
// * * * * * * * * * * * * * * * * * * * * * * * * * * * * * * * * * * * * * //

dimensions      [0 2 -2 0 0 0 0];

internalField   nonuniform List<tensor> 
25600
(
(0.00147484 -0.0129784 -0.0151369 -0.0129784 0.000159838 -0.00815134 -0.0151369 -0.00815134 0.000115589)
(0.00147604 -0.0129787 -0.0151366 -0.0129787 0.000159805 -0.00815147 -0.0151366 -0.00815147 0.000115635)
(0.00147909 -0.0129794 -0.0151359 -0.0129794 0.000159831 -0.00815193 -0.0151359 -0.00815193 0.000115382)
(0.0014807 -0.0129795 -0.0151355 -0.0129795 0.000159752 -0.00815196 -0.0151355 -0.00815196 0.000115224)
(0.00147881 -0.0129786 -0.015136 -0.0129786 0.000159644 -0.00815145 -0.015136 -0.00815145 0.00011551)
(0.00147525 -0.0129782 -0.0151369 -0.0129782 0.000159748 -0.0081512 -0.0151369 -0.0081512 0.000115673)
(0.00147511 -0.0129786 -0.0151368 -0.0129786 0.000159854 -0.00815146 -0.0151368 -0.00815146 0.000115648)
(0.00147941 -0.0129795 -0.0151359 -0.0129795 0.000159824 -0.00815196 -0.0151359 -0.00815196 0.000115365)
(0.0014811 -0.0129794 -0.0151354 -0.0129794 0.000159717 -0.00815193 -0.0151354 -0.00815193 0.000115245)
(0.00147861 -0.0129786 -0.015136 -0.0129786 0.000159658 -0.00815146 -0.015136 -0.00815146 0.000115485)
(0.00147495 -0.0129782 -0.0151369 -0.0129782 0.000159765 -0.0081512 -0.0151369 -0.0081512 0.000115674)
(0.0014749 -0.0129786 -0.0151368 -0.0129786 0.000159866 -0.00815147 -0.0151368 -0.00815147 0.00011562)
(0.00147952 -0.0129795 -0.0151358 -0.0129795 0.000159834 -0.00815199 -0.0151358 -0.00815199 0.00011534)
(0.00148064 -0.0129793 -0.0151355 -0.0129793 0.000159726 -0.00815188 -0.0151355 -0.00815188 0.000115283)
(0.00147826 -0.0129785 -0.0151361 -0.0129785 0.000159649 -0.00815141 -0.0151361 -0.00815141 0.000115519)
(0.00147466 -0.0129783 -0.0151369 -0.0129783 0.000159817 -0.0081513 -0.0151369 -0.0081513 0.000115631)
(0.00147639 -0.0129788 -0.0151366 -0.0129788 0.000159839 -0.00815159 -0.0151366 -0.00815159 0.00011561)
(0.00147999 -0.0129794 -0.0151358 -0.0129794 0.000159787 -0.00815193 -0.0151358 -0.00815193 0.000115366)
(0.00148067 -0.0129793 -0.0151355 -0.0129793 0.000159713 -0.00815186 -0.0151355 -0.00815186 0.000115285)
(0.00147809 -0.0129785 -0.0151362 -0.0129785 0.000159661 -0.00815139 -0.0151362 -0.00815139 0.000115524)
(0.00147404 -0.0129782 -0.0151371 -0.0129782 0.000159822 -0.00815122 -0.0151371 -0.00815122 0.000115656)
(0.00147561 -0.0129787 -0.0151367 -0.0129787 0.000159844 -0.00815151 -0.0151367 -0.00815151 0.00011564)
(0.00147941 -0.0129796 -0.0151359 -0.0129796 0.000159856 -0.00815202 -0.0151359 -0.00815202 0.000115333)
(0.00148189 -0.0129795 -0.0151353 -0.0129795 0.000159691 -0.00815196 -0.0151353 -0.00815196 0.00011526)
(0.00147818 -0.0129785 -0.0151361 -0.0129785 0.000159667 -0.00815141 -0.0151361 -0.00815141 0.000115501)
(0.00147335 -0.0129783 -0.0151372 -0.0129783 0.000159886 -0.00815128 -0.0151372 -0.00815128 0.00011561)
(0.00147602 -0.0129789 -0.0151366 -0.0129789 0.000159856 -0.00815159 -0.0151366 -0.00815159 0.000115588)
(0.00147995 -0.0129795 -0.0151358 -0.0129795 0.000159812 -0.00815198 -0.0151358 -0.00815198 0.000115352)
(0.00148137 -0.0129792 -0.0151354 -0.0129792 0.000159636 -0.00815178 -0.0151354 -0.00815178 0.000115374)
(0.00147887 -0.0129786 -0.015136 -0.0129786 0.000159639 -0.00815145 -0.015136 -0.00815145 0.000115511)
(0.00147383 -0.0129784 -0.0151371 -0.0129784 0.000159883 -0.00815132 -0.0151371 -0.00815132 0.000115586)
(0.00147628 -0.0129789 -0.0151365 -0.0129789 0.000159847 -0.00815161 -0.0151365 -0.00815161 0.000115555)
(0.00147954 -0.0129794 -0.0151359 -0.0129794 0.000159798 -0.00815191 -0.0151359 -0.00815191 0.000115413)
(0.00148181 -0.0129793 -0.0151353 -0.0129793 0.000159648 -0.00815186 -0.0151353 -0.00815186 0.000115339)
(0.0014782 -0.0129786 -0.0151361 -0.0129786 0.000159684 -0.00815147 -0.0151361 -0.00815147 0.000115465)
(0.00147497 -0.0129784 -0.0151369 -0.0129784 0.000159831 -0.00815136 -0.0151369 -0.00815136 0.00011558)
(0.00147576 -0.0129787 -0.0151367 -0.0129787 0.000159852 -0.00815153 -0.0151367 -0.00815153 0.0001156)
(0.00147963 -0.0129794 -0.0151358 -0.0129794 0.000159805 -0.00815194 -0.0151358 -0.00815194 0.000115362)
(0.00148104 -0.0129794 -0.0151354 -0.0129794 0.000159726 -0.00815195 -0.0151354 -0.00815195 0.000115245)
(0.00147863 -0.0129788 -0.015136 -0.0129788 0.000159709 -0.00815158 -0.015136 -0.00815158 0.000115374)
(7.3332e-05 -0.0128009 -0.0154228 -0.0128009 2.79803e-05 -0.0081301 -0.0154228 -0.0081301 6.31598e-05)
(7.54875e-05 -0.0128022 -0.0154223 -0.0128022 2.85721e-05 -0.00813055 -0.0154223 -0.00813055 5.92545e-05)
(7.07815e-05 -0.0128008 -0.0154237 -0.0128008 2.59488e-05 -0.00812875 -0.0154237 -0.00812875 5.59372e-05)
(6.35041e-05 -0.0127982 -0.0154249 -0.0127982 2.3629e-05 -0.00812658 -0.0154249 -0.00812658 5.89358e-05)
(7.36995e-05 -0.0128003 -0.0154233 -0.0128003 3.00279e-05 -0.00813282 -0.0154233 -0.00813282 5.9725e-05)
(7.60194e-05 -0.0128016 -0.0154222 -0.0128016 3.00813e-05 -0.00813202 -0.0154222 -0.00813202 6.32707e-05)
(7.83968e-05 -0.0128034 -0.0154219 -0.0128034 3.06595e-05 -0.0081319 -0.0154219 -0.0081319 5.89774e-05)
(6.97741e-05 -0.0128005 -0.0154239 -0.0128005 2.52686e-05 -0.00812807 -0.0154239 -0.00812807 5.59401e-05)
(6.34988e-05 -0.0127982 -0.0154251 -0.0127982 2.36455e-05 -0.00812661 -0.0154251 -0.00812661 5.87633e-05)
(7.21414e-05 -0.0127999 -0.0154234 -0.0127999 2.86089e-05 -0.00813169 -0.0154234 -0.00813169 6.08846e-05)
(7.47217e-05 -0.0128012 -0.0154224 -0.0128012 2.89864e-05 -0.00813111 -0.0154224 -0.00813111 6.35908e-05)
(7.76502e-05 -0.012803 -0.0154218 -0.012803 2.97712e-05 -0.00813136 -0.0154218 -0.00813136 5.97727e-05)
(6.89423e-05 -0.0128002 -0.0154241 -0.0128002 2.4918e-05 -0.00812761 -0.0154241 -0.00812761 5.6319e-05)
(6.56377e-05 -0.0127986 -0.0154247 -0.0127986 2.46408e-05 -0.00812832 -0.0154247 -0.00812832 5.7401e-05)
(7.49624e-05 -0.0128007 -0.015423 -0.0128007 3.05418e-05 -0.00813307 -0.015423 -0.00813307 6.09104e-05)
(7.50559e-05 -0.0128015 -0.0154223 -0.0128015 2.86369e-05 -0.00813053 -0.0154223 -0.00813053 6.36312e-05)
(7.59995e-05 -0.0128027 -0.0154225 -0.0128027 2.89645e-05 -0.00813074 -0.0154225 -0.00813074 5.76316e-05)
(6.81119e-05 -0.0127999 -0.0154242 -0.0127999 2.47977e-05 -0.00812764 -0.0154242 -0.00812764 5.6455e-05)
(6.7965e-05 -0.0127991 -0.0154242 -0.0127991 2.58267e-05 -0.00812954 -0.0154242 -0.00812954 5.75349e-05)
(7.62297e-05 -0.0128011 -0.0154229 -0.0128011 3.20709e-05 -0.00813412 -0.0154229 -0.00813412 6.04409e-05)
(7.89077e-05 -0.0128027 -0.0154218 -0.0128027 3.19705e-05 -0.00813315 -0.0154218 -0.00813315 6.31288e-05)
(7.8257e-05 -0.0128035 -0.015422 -0.0128035 3.0543e-05 -0.00813187 -0.015422 -0.00813187 5.80815e-05)
(6.99418e-05 -0.0128006 -0.015424 -0.0128006 2.53948e-05 -0.00812821 -0.015424 -0.00812821 5.53604e-05)
(6.49303e-05 -0.0127985 -0.015425 -0.0127985 2.42705e-05 -0.00812787 -0.015425 -0.00812787 5.68591e-05)
(7.10852e-05 -0.0127995 -0.0154236 -0.0127995 2.78611e-05 -0.00813096 -0.0154236 -0.00813096 6.16911e-05)
(7.78984e-05 -0.0128023 -0.0154218 -0.0128023 3.08861e-05 -0.00813239 -0.0154218 -0.00813239 6.37526e-05)
(7.95133e-05 -0.0128041 -0.0154219 -0.0128041 3.18124e-05 -0.00813267 -0.0154219 -0.00813267 5.75057e-05)
(7.21437e-05 -0.0128014 -0.0154237 -0.0128014 2.74534e-05 -0.00813034 -0.0154237 -0.00813034 5.40796e-05)
(7.06994e-05 -0.0128 -0.0154241 -0.0128 2.74767e-05 -0.00813089 -0.0154241 -0.00813089 5.60329e-05)
(6.75757e-05 -0.0127988 -0.0154241 -0.0127988 2.54983e-05 -0.00812848 -0.0154241 -0.00812848 6.22556e-05)
(7.58546e-05 -0.0128017 -0.0154222 -0.0128017 2.94573e-05 -0.00813129 -0.0154222 -0.00813129 6.35586e-05)
(7.64901e-05 -0.0128027 -0.0154223 -0.0128027 2.91745e-05 -0.0081309 -0.0154223 -0.0081309 5.86624e-05)
(7.47748e-05 -0.0128024 -0.0154234 -0.0128024 2.94648e-05 -0.00813174 -0.0154234 -0.00813174 5.33934e-05)
(6.71463e-05 -0.012799 -0.0154245 -0.012799 2.52987e-05 -0.00812911 -0.0154245 -0.00812911 5.61906e-05)
(6.89428e-05 -0.012799 -0.0154236 -0.012799 2.62931e-05 -0.00812954 -0.0154236 -0.00812954 6.23892e-05)
(7.43313e-05 -0.0128011 -0.0154224 -0.0128011 2.84694e-05 -0.0081306 -0.0154224 -0.0081306 6.34784e-05)
(7.59705e-05 -0.0128025 -0.0154223 -0.0128025 2.87693e-05 -0.00813047 -0.0154223 -0.00813047 5.92818e-05)
(6.96398e-05 -0.0128004 -0.0154238 -0.0128004 2.53355e-05 -0.00812821 -0.0154238 -0.00812821 5.6246e-05)
(6.63452e-05 -0.0127989 -0.0154246 -0.0127989 2.45887e-05 -0.00812778 -0.0154246 -0.00812778 5.80495e-05)
(6.34253e-05 -0.0127981 -0.0154247 -0.0127981 2.39502e-05 -0.0081259 -0.0154247 -0.0081259 6.41225e-05)
(-1.55767e-05 -0.0128053 -0.015444 -0.0128053 5.326e-05 -0.00810401 -0.015444 -0.00810401 9.15649e-05)
(-2.11187e-05 -0.0128057 -0.0154451 -0.0128057 5.66545e-05 -0.00810431 -0.0154451 -0.00810431 8.81709e-05)
(4.58351e-05 -0.0127941 -0.0154237 -0.0127941 2.43921e-05 -0.00811976 -0.0154237 -0.00811976 7.24452e-05)
(6.95648e-05 -0.0127973 -0.0154204 -0.0127973 3.04388e-05 -0.00813605 -0.0154204 -0.00813605 6.64577e-05)
(6.03383e-05 -0.0127942 -0.0154195 -0.0127942 2.4706e-05 -0.00812777 -0.0154195 -0.00812777 8.1851e-05)
(-3.75028e-06 -0.0128038 -0.0154411 -0.0128038 4.93281e-05 -0.00810491 -0.0154411 -0.00810491 9.27329e-05)
(-2.92925e-05 -0.0128069 -0.0154471 -0.0128069 6.03123e-05 -0.00810347 -0.0154471 -0.00810347 8.85774e-05)
(4.61014e-05 -0.0127941 -0.0154236 -0.0127941 2.43445e-05 -0.00811987 -0.0154236 -0.00811987 7.16287e-05)
(7.10205e-05 -0.0127979 -0.0154206 -0.0127979 3.17056e-05 -0.00813693 -0.0154206 -0.00813693 6.55837e-05)
(5.89444e-05 -0.0127942 -0.0154197 -0.0127942 2.44806e-05 -0.00812636 -0.0154197 -0.00812636 8.33319e-05)
(-1.51441e-05 -0.0128054 -0.0154441 -0.0128054 5.38975e-05 -0.00810369 -0.0154441 -0.00810369 9.23129e-05)
(-2.57693e-05 -0.0128063 -0.0154461 -0.0128063 5.87873e-05 -0.00810376 -0.0154461 -0.00810376 8.86633e-05)
(4.71389e-05 -0.012794 -0.0154232 -0.012794 2.39106e-05 -0.00812045 -0.0154232 -0.00812045 7.16054e-05)
(6.83167e-05 -0.0127969 -0.0154207 -0.0127969 2.97969e-05 -0.00813557 -0.0154207 -0.00813557 6.56464e-05)
(5.96136e-05 -0.0127942 -0.0154195 -0.0127942 2.46096e-05 -0.00812636 -0.0154195 -0.00812636 8.41175e-05)
(-1.87268e-05 -0.012806 -0.0154451 -0.012806 5.57765e-05 -0.00810321 -0.0154451 -0.00810321 9.23726e-05)
(-6.03266e-06 -0.0128035 -0.0154414 -0.0128035 5.08466e-05 -0.00810603 -0.0154414 -0.00810603 8.67298e-05)
(4.78701e-05 -0.0127939 -0.015423 -0.0127939 2.3486e-05 -0.00812114 -0.015423 -0.00812114 7.13523e-05)
(7.35057e-05 -0.0127987 -0.0154207 -0.0127987 3.43619e-05 -0.00813878 -0.0154207 -0.00813878 6.60294e-05)
(5.87775e-05 -0.0127942 -0.0154196 -0.0127942 2.45813e-05 -0.008126 -0.0154196 -0.008126 8.48675e-05)
(-1.25046e-05 -0.0128052 -0.0154436 -0.0128052 5.33585e-05 -0.00810378 -0.0154436 -0.00810378 9.26874e-05)
(-1.50653e-05 -0.0128049 -0.0154437 -0.0128049 5.49725e-05 -0.00810479 -0.0154437 -0.00810479 8.7941e-05)
(4.82374e-05 -0.0127938 -0.0154229 -0.0127938 2.34185e-05 -0.00812132 -0.0154229 -0.00812132 6.99272e-05)
(7.96043e-05 -0.012802 -0.0154215 -0.012802 4.2284e-05 -0.00814251 -0.0154215 -0.00814251 6.08137e-05)
(5.21904e-05 -0.0127941 -0.0154214 -0.0127941 2.44732e-05 -0.00812212 -0.0154214 -0.00812212 8.52524e-05)
(-2.15868e-05 -0.0128062 -0.0154455 -0.0128062 5.62026e-05 -0.00810306 -0.0154455 -0.00810306 9.25458e-05)
(8.68546e-06 -0.0128013 -0.0154372 -0.0128013 4.44604e-05 -0.00810754 -0.0154372 -0.00810754 8.71149e-05)
(5.78465e-05 -0.0127944 -0.0154209 -0.0127944 2.30964e-05 -0.00812723 -0.0154209 -0.00812723 6.64181e-05)
(7.96104e-05 -0.0128017 -0.0154209 -0.0128017 4.04294e-05 -0.00814168 -0.0154209 -0.00814168 6.31188e-05)
(5.16625e-05 -0.0127942 -0.0154215 -0.0127942 2.46374e-05 -0.00812125 -0.0154215 -0.00812125 8.47202e-05)
(-1.58648e-05 -0.0128054 -0.0154441 -0.0128054 5.39135e-05 -0.00810366 -0.0154441 -0.00810366 9.24407e-05)
(-3.63286e-06 -0.0128032 -0.0154407 -0.0128032 4.93468e-05 -0.00810613 -0.0154407 -0.00810613 8.75859e-05)
(5.26978e-05 -0.0127939 -0.0154218 -0.0127939 2.26966e-05 -0.00812371 -0.0154218 -0.00812371 6.87725e-05)
(7.93078e-05 -0.012802 -0.0154211 -0.012802 4.10256e-05 -0.0081419 -0.0154211 -0.0081419 6.12875e-05)
(5.50723e-05 -0.0127939 -0.0154202 -0.0127939 2.4362e-05 -0.00812363 -0.0154202 -0.00812363 8.49436e-05)
(-6.60972e-07 -0.0128031 -0.0154399 -0.0128031 4.76344e-05 -0.0081055 -0.0154399 -0.0081055 9.24347e-05)
(-2.12426e-05 -0.0128059 -0.0154454 -0.0128059 5.709e-05 -0.00810412 -0.0154454 -0.00810412 8.84034e-05)
(4.7842e-05 -0.0127938 -0.0154229 -0.0127938 2.35369e-05 -0.00812112 -0.0154229 -0.00812112 7.12616e-05)
(7.70511e-05 -0.0128006 -0.0154206 -0.0128006 3.72307e-05 -0.00814014 -0.0154206 -0.00814014 6.41633e-05)
(5.00649e-05 -0.0127942 -0.0154218 -0.0127942 2.49016e-05 -0.00812067 -0.0154218 -0.00812067 8.55835e-05)
(-6.37471e-05 -0.0128094 -0.0154518 -0.0128094 6.87919e-05 -0.00810033 -0.0154518 -0.00810033 9.51682e-05)
(-0.00013815 -0.0128171 -0.0154616 -0.0128171 8.82806e-05 -0.00809852 -0.0154616 -0.00809852 8.93116e-05)
(-4.5261e-05 -0.0128069 -0.0154469 -0.0128069 5.79219e-05 -0.00810445 -0.0154469 -0.00810445 8.90155e-05)
(5.20177e-05 -0.0127922 -0.0154195 -0.0127922 2.43711e-05 -0.00812589 -0.0154195 -0.00812589 8.45827e-05)
(4.96697e-05 -0.0127935 -0.0154194 -0.0127935 2.72919e-05 -0.00812001 -0.0154194 -0.00812001 9.65996e-05)
(-4.76157e-05 -0.012808 -0.0154492 -0.012808 6.50015e-05 -0.00810093 -0.0154492 -0.00810093 9.67703e-05)
(-0.000152544 -0.0128187 -0.0154625 -0.0128187 9.3005e-05 -0.00809838 -0.0154625 -0.00809838 8.81264e-05)
(-5.1353e-05 -0.0128078 -0.0154482 -0.0128078 6.01257e-05 -0.00810412 -0.0154482 -0.00810412 8.86296e-05)
(5.35711e-05 -0.0127923 -0.0154193 -0.0127923 2.44646e-05 -0.00812675 -0.0154193 -0.00812675 8.39411e-05)
(4.94311e-05 -0.0127938 -0.0154197 -0.0127938 2.77333e-05 -0.00811927 -0.0154197 -0.00811927 9.71581e-05)
(-5.82545e-05 -0.0128091 -0.0154513 -0.0128091 6.82208e-05 -0.0081003 -0.0154513 -0.0081003 9.57855e-05)
(-0.000144804 -0.0128178 -0.015462 -0.0128178 9.03717e-05 -0.00809848 -0.015462 -0.00809848 8.87928e-05)
(-3.98966e-05 -0.0128063 -0.0154459 -0.0128063 5.61629e-05 -0.00810469 -0.0154459 -0.00810469 8.91013e-05)
(4.70541e-05 -0.012792 -0.0154205 -0.012792 2.41564e-05 -0.00812346 -0.0154205 -0.00812346 8.38583e-05)
(4.85165e-05 -0.012794 -0.01542 -0.012794 2.82473e-05 -0.00811869 -0.01542 -0.00811869 9.79496e-05)
(-7.706e-05 -0.0128109 -0.0154546 -0.0128109 7.38031e-05 -0.00809934 -0.0154546 -0.00809934 9.45775e-05)
(-0.000132324 -0.0128164 -0.0154606 -0.0128164 8.64544e-05 -0.00809893 -0.0154606 -0.00809893 8.94285e-05)
(-2.65067e-05 -0.0128042 -0.0154428 -0.0128042 5.05416e-05 -0.00810595 -0.0154428 -0.00810595 8.92224e-05)
(5.10149e-05 -0.0127921 -0.0154197 -0.0127921 2.43253e-05 -0.00812531 -0.0154197 -0.00812531 8.48323e-05)
(4.38165e-05 -0.0127947 -0.0154218 -0.0127947 2.98555e-05 -0.00811648 -0.0154218 -0.00811648 9.88373e-05)
(-8.06867e-05 -0.0128111 -0.0154548 -0.0128111 7.47119e-05 -0.00809938 -0.0154548 -0.00809938 9.40567e-05)
(-0.000145548 -0.0128178 -0.0154619 -0.0128178 9.0604e-05 -0.00809859 -0.0154619 -0.00809859 8.86292e-05)
(-4.04248e-05 -0.0128061 -0.0154456 -0.0128061 5.54671e-05 -0.0081052 -0.0154456 -0.0081052 8.82222e-05)
(6.31405e-05 -0.0127937 -0.0154186 -0.0127937 2.72211e-05 -0.0081331 -0.0154186 -0.0081331 7.94912e-05)
(4.43968e-05 -0.0127946 -0.0154216 -0.0127946 2.9692e-05 -0.00811645 -0.0154216 -0.00811645 9.79158e-05)
(-9.48522e-05 -0.0128124 -0.0154568 -0.0128124 7.77638e-05 -0.00809905 -0.0154568 -0.00809905 9.2992e-05)
(-0.0001253 -0.0128157 -0.0154602 -0.0128157 8.38812e-05 -0.00809889 -0.0154602 -0.00809889 9.0302e-05)
(-3.27832e-06 -0.0128 -0.0154363 -0.0128 4.07245e-05 -0.00810927 -0.0154363 -0.00810927 8.72335e-05)
(6.01622e-05 -0.0127931 -0.015418 -0.0127931 2.54538e-05 -0.00812964 -0.015418 -0.00812964 8.22769e-05)
(4.79282e-05 -0.0127944 -0.0154205 -0.0127944 2.89978e-05 -0.0081175 -0.0154205 -0.0081175 9.81503e-05)
(-7.62369e-05 -0.0128107 -0.0154541 -0.0128107 7.25786e-05 -0.00809959 -0.0154541 -0.00809959 9.46438e-05)
(-0.000125516 -0.0128157 -0.0154602 -0.0128157 8.41768e-05 -0.00809892 -0.0154602 -0.00809892 9.02339e-05)
(-4.06274e-05 -0.0128063 -0.0154459 -0.0128063 5.57704e-05 -0.00810505 -0.0154459 -0.00810505 8.84274e-05)
(5.86883e-05 -0.0127929 -0.0154185 -0.0127929 2.51153e-05 -0.00812928 -0.0154185 -0.00812928 8.11409e-05)
(4.95782e-05 -0.012794 -0.0154197 -0.012794 2.81821e-05 -0.00811889 -0.0154197 -0.00811889 9.81699e-05)
(-4.54406e-05 -0.0128075 -0.0154484 -0.0128075 6.3679e-05 -0.00810127 -0.0154484 -0.00810127 9.66853e-05)
(-0.000143726 -0.0128176 -0.0154621 -0.0128176 8.99726e-05 -0.00809837 -0.0154621 -0.00809837 8.89614e-05)
(-3.44152e-05 -0.0128053 -0.0154444 -0.0128053 5.32797e-05 -0.00810551 -0.0154444 -0.00810551 8.87223e-05)
(5.91322e-05 -0.0127929 -0.0154182 -0.0127929 2.53865e-05 -0.00812944 -0.0154182 -0.00812944 8.31403e-05)
(5.22162e-05 -0.012794 -0.0154191 -0.012794 2.78394e-05 -0.00811976 -0.0154191 -0.00811976 9.85335e-05)
(-3.73323e-05 -0.0128045 -0.0154439 -0.0128045 5.99255e-05 -0.00810299 -0.0154439 -0.00810299 9.58426e-05)
(-8.97546e-05 -0.0128111 -0.0154554 -0.0128111 7.35412e-05 -0.00809997 -0.0154554 -0.00809997 9.38412e-05)
(-0.000118188 -0.0128151 -0.0154589 -0.0128151 7.86351e-05 -0.00809984 -0.0154589 -0.00809984 9.0962e-05)
(-3.91167e-05 -0.0128055 -0.0154445 -0.0128055 5.34885e-05 -0.00810444 -0.0154445 -0.00810444 9.34464e-05)
(-1.03714e-05 -0.0128009 -0.0154365 -0.0128009 4.82735e-05 -0.00810601 -0.0154365 -0.00810601 9.61798e-05)
(-2.84215e-05 -0.0128035 -0.0154422 -0.0128035 5.81346e-05 -0.00810334 -0.0154422 -0.00810334 9.68375e-05)
(-0.000100347 -0.0128121 -0.015457 -0.0128121 7.74353e-05 -0.00809946 -0.015457 -0.00809946 9.30059e-05)
(-0.000130031 -0.0128163 -0.0154603 -0.0128163 8.18951e-05 -0.00809947 -0.0154603 -0.00809947 9.03412e-05)
(-4.39352e-05 -0.0128061 -0.0154455 -0.0128061 5.50775e-05 -0.0081041 -0.0154455 -0.0081041 9.30536e-05)
(-1.99444e-05 -0.0128022 -0.015439 -0.0128022 5.22997e-05 -0.00810488 -0.015439 -0.00810488 9.54795e-05)
(-3.08528e-05 -0.0128039 -0.0154428 -0.0128039 5.86042e-05 -0.00810319 -0.0154428 -0.00810319 9.66458e-05)
(-9.55436e-05 -0.0128116 -0.0154561 -0.0128116 7.5521e-05 -0.00809982 -0.0154561 -0.00809982 9.32425e-05)
(-0.000120309 -0.0128153 -0.0154593 -0.0128153 7.93294e-05 -0.00809959 -0.0154593 -0.00809959 9.09875e-05)
(-4.51041e-05 -0.0128062 -0.0154456 -0.0128062 5.54469e-05 -0.00810415 -0.0154456 -0.00810415 9.25247e-05)
(-1.6024e-05 -0.0128018 -0.015438 -0.0128018 5.1216e-05 -0.00810517 -0.015438 -0.00810517 9.6172e-05)
(-5.38857e-05 -0.0128065 -0.0154478 -0.0128065 6.63435e-05 -0.00810154 -0.0154478 -0.00810154 9.53274e-05)
(-9.56813e-05 -0.0128117 -0.015456 -0.0128117 7.46847e-05 -0.00809989 -0.015456 -0.00809989 9.33372e-05)
(-0.000105549 -0.0128139 -0.0154575 -0.0128139 7.46789e-05 -0.00810011 -0.0154575 -0.00810011 9.19333e-05)
(-5.71538e-05 -0.0128078 -0.015448 -0.0128078 6.00709e-05 -0.00810312 -0.015448 -0.00810312 9.2459e-05)
(-2.75143e-05 -0.0128035 -0.0154412 -0.0128035 5.57195e-05 -0.00810383 -0.0154412 -0.00810383 9.61284e-05)
(-5.92732e-05 -0.012807 -0.0154485 -0.012807 6.79924e-05 -0.00810151 -0.0154485 -0.00810151 9.43618e-05)
(-0.000105219 -0.0128126 -0.0154575 -0.0128126 7.81127e-05 -0.00809947 -0.0154575 -0.00809947 9.25526e-05)
(-0.000125925 -0.012816 -0.0154597 -0.012816 8.01631e-05 -0.00809969 -0.0154597 -0.00809969 9.05843e-05)
(-3.521e-05 -0.0128046 -0.0154432 -0.0128046 5.22283e-05 -0.00810505 -0.0154432 -0.00810505 9.23978e-05)
(-1.07592e-05 -0.0128011 -0.0154368 -0.0128011 5.04264e-05 -0.00810542 -0.0154368 -0.00810542 9.61467e-05)
(-6.71328e-05 -0.0128077 -0.0154497 -0.0128077 6.93637e-05 -0.00810152 -0.0154497 -0.00810152 9.34156e-05)
(-0.000113508 -0.0128134 -0.0154583 -0.0128134 7.89571e-05 -0.00809939 -0.0154583 -0.00809939 9.21915e-05)
(-9.62595e-05 -0.0128129 -0.0154558 -0.0128129 7.16918e-05 -0.00810092 -0.0154558 -0.00810092 9.15907e-05)
(-3.8612e-05 -0.0128051 -0.0154439 -0.0128051 5.47174e-05 -0.00810441 -0.0154439 -0.00810441 9.3009e-05)
(-7.39972e-06 -0.0128008 -0.0154361 -0.0128008 4.9236e-05 -0.00810562 -0.0154361 -0.00810562 9.72067e-05)
(-5.73362e-05 -0.0128068 -0.0154481 -0.0128068 6.63684e-05 -0.00810164 -0.0154481 -0.00810164 9.485e-05)
(-9.22395e-05 -0.0128112 -0.0154554 -0.0128112 7.35546e-05 -0.00810012 -0.0154554 -0.00810012 9.36139e-05)
(-0.000127928 -0.0128161 -0.0154599 -0.0128161 8.11566e-05 -0.00809962 -0.0154599 -0.00809962 9.04581e-05)
(-5.40577e-05 -0.0128074 -0.0154475 -0.0128074 5.94654e-05 -0.0081033 -0.0154475 -0.0081033 9.24001e-05)
(-1.92616e-05 -0.0128022 -0.0154388 -0.0128022 5.24715e-05 -0.0081048 -0.0154388 -0.0081048 9.59604e-05)
(-3.59145e-05 -0.0128043 -0.0154437 -0.0128043 6.00425e-05 -0.00810305 -0.0154437 -0.00810305 9.57218e-05)
(-0.000104104 -0.0128125 -0.0154574 -0.0128125 7.78903e-05 -0.0080994 -0.0154574 -0.0080994 9.27615e-05)
(-0.00011381 -0.0128148 -0.0154584 -0.0128148 7.68736e-05 -0.00810008 -0.0154584 -0.00810008 9.11162e-05)
(-4.52259e-05 -0.0128061 -0.0154454 -0.0128061 5.62333e-05 -0.0081039 -0.0154454 -0.0081039 9.32391e-05)
(2.4003e-06 -0.0127994 -0.0154333 -0.0127994 4.49475e-05 -0.00810704 -0.0154333 -0.00810704 9.77569e-05)
(-5.7811e-05 -0.0128062 -0.0154469 -0.0128062 6.56555e-05 -0.0081029 -0.0154469 -0.0081029 9.25076e-05)
(-5.04787e-05 -0.0128053 -0.0154462 -0.0128053 5.96556e-05 -0.00810348 -0.0154462 -0.00810348 9.44254e-05)
(-9.51189e-05 -0.0128122 -0.0154562 -0.0128122 7.15423e-05 -0.00810049 -0.0154562 -0.00810049 9.35831e-05)
(-0.000121031 -0.0128151 -0.015459 -0.0128151 7.94679e-05 -0.00809967 -0.015459 -0.00809967 9.14064e-05)
(-8.89603e-05 -0.0128105 -0.0154527 -0.0128105 7.38839e-05 -0.00810097 -0.0154527 -0.00810097 9.22388e-05)
(-5.07842e-05 -0.0128054 -0.0154457 -0.0128054 6.44104e-05 -0.00810298 -0.0154457 -0.00810298 9.33549e-05)
(-4.93509e-05 -0.0128052 -0.0154462 -0.0128052 6.03582e-05 -0.00810334 -0.0154462 -0.00810334 9.4638e-05)
(-0.000100777 -0.0128129 -0.0154572 -0.0128129 7.31718e-05 -0.00810014 -0.0154572 -0.00810014 9.33571e-05)
(-0.000128941 -0.0128158 -0.0154597 -0.0128158 8.17326e-05 -0.0080995 -0.0154597 -0.0080995 9.08582e-05)
(-0.000110032 -0.0128126 -0.0154556 -0.0128126 8.0397e-05 -0.00810044 -0.0154556 -0.00810044 9.06017e-05)
(-5.36598e-05 -0.0128057 -0.0154461 -0.0128057 6.45775e-05 -0.0081029 -0.0154461 -0.0081029 9.32245e-05)
(-5.04704e-05 -0.0128053 -0.0154463 -0.0128053 6.01824e-05 -0.00810347 -0.0154463 -0.00810347 9.42571e-05)
(-0.00010287 -0.0128131 -0.0154574 -0.0128131 7.38972e-05 -0.0081 -0.0154574 -0.0081 9.32633e-05)
(-0.000116353 -0.0128146 -0.0154582 -0.0128146 7.8042e-05 -0.00809991 -0.0154582 -0.00809991 9.15328e-05)
(-9.07746e-05 -0.0128106 -0.0154529 -0.0128106 7.53993e-05 -0.00810087 -0.0154529 -0.00810087 9.20299e-05)
(-6.76022e-05 -0.0128074 -0.0154489 -0.0128074 6.94483e-05 -0.0081022 -0.0154489 -0.0081022 9.23001e-05)
(-5.69399e-05 -0.0128062 -0.0154475 -0.0128062 6.10779e-05 -0.00810315 -0.0154475 -0.00810315 9.41318e-05)
(-9.38587e-05 -0.0128122 -0.0154562 -0.0128122 7.11964e-05 -0.0081004 -0.0154562 -0.0081004 9.39415e-05)
(-0.000134785 -0.0128162 -0.0154601 -0.0128162 8.39513e-05 -0.0080994 -0.0154601 -0.0080994 9.03097e-05)
(-0.000104074 -0.0128119 -0.0154551 -0.0128119 7.91729e-05 -0.00810031 -0.0154551 -0.00810031 9.1391e-05)
(-6.9397e-05 -0.0128076 -0.0154491 -0.0128076 7.00389e-05 -0.00810228 -0.0154491 -0.00810228 9.18727e-05)
(-5.87378e-05 -0.0128064 -0.0154479 -0.0128064 6.24914e-05 -0.00810296 -0.0154479 -0.00810296 9.38092e-05)
(-0.000104343 -0.0128134 -0.0154578 -0.0128134 7.38034e-05 -0.00810004 -0.0154578 -0.00810004 9.31517e-05)
(-0.000142861 -0.0128171 -0.0154608 -0.0128171 8.60674e-05 -0.00809931 -0.0154608 -0.00809931 8.97318e-05)
(-9.36084e-05 -0.0128108 -0.0154534 -0.0128108 7.69844e-05 -0.00810067 -0.0154534 -0.00810067 9.16912e-05)
(-6.36037e-05 -0.0128068 -0.0154479 -0.0128068 6.75538e-05 -0.00810291 -0.0154479 -0.00810291 9.16091e-05)
(-8.35071e-05 -0.0128093 -0.0154522 -0.0128093 6.90067e-05 -0.00810196 -0.0154522 -0.00810196 9.22136e-05)
(-0.000101528 -0.012813 -0.015457 -0.012813 7.30237e-05 -0.00810038 -0.015457 -0.00810038 9.28712e-05)
(-0.000130376 -0.0128156 -0.0154596 -0.0128156 8.35962e-05 -0.00809944 -0.0154596 -0.00809944 9.05077e-05)
(-9.28958e-05 -0.0128107 -0.0154535 -0.0128107 7.66164e-05 -0.00810043 -0.0154535 -0.00810043 9.22503e-05)
(-7.34737e-05 -0.012808 -0.0154497 -0.012808 7.0403e-05 -0.00810203 -0.0154497 -0.00810203 9.204e-05)
(-6.1569e-05 -0.0128066 -0.0154483 -0.0128066 6.27976e-05 -0.00810297 -0.0154483 -0.00810297 9.35672e-05)
(-0.000104694 -0.0128133 -0.0154577 -0.0128133 7.44888e-05 -0.00810001 -0.0154577 -0.00810001 9.30641e-05)
(-0.000145626 -0.0128173 -0.0154613 -0.0128173 8.73973e-05 -0.00809907 -0.0154613 -0.00809907 8.96233e-05)
(-0.000110269 -0.0128126 -0.0154556 -0.0128126 8.06848e-05 -0.00810036 -0.0154556 -0.00810036 9.06877e-05)
(-5.95403e-05 -0.0128064 -0.0154473 -0.0128064 6.6648e-05 -0.00810287 -0.0154473 -0.00810287 9.21792e-05)
(-6.37007e-05 -0.0128069 -0.0154489 -0.0128069 6.43633e-05 -0.0081026 -0.0154489 -0.0081026 9.3591e-05)
(-9.44691e-05 -0.0128123 -0.0154561 -0.0128123 7.08996e-05 -0.00810063 -0.0154561 -0.00810063 9.3497e-05)
(-0.000141408 -0.0128168 -0.0154608 -0.0128168 8.59081e-05 -0.0080992 -0.0154608 -0.0080992 9.00014e-05)
(-8.48294e-05 -0.01281 -0.0154522 -0.01281 7.33258e-05 -0.00810084 -0.0154522 -0.00810084 9.28759e-05)
(-3.82974e-05 -0.0128032 -0.015442 -0.0128032 5.72414e-05 -0.0081046 -0.015442 -0.0081046 9.27994e-05)
(-3.0213e-05 -0.0128017 -0.0154404 -0.0128017 5.10134e-05 -0.00810638 -0.0154404 -0.00810638 9.2219e-05)
(-5.64725e-05 -0.0128063 -0.0154479 -0.0128063 5.82073e-05 -0.00810363 -0.0154479 -0.00810363 9.46826e-05)
(-0.000109667 -0.0128138 -0.0154581 -0.0128138 7.65353e-05 -0.00809992 -0.0154581 -0.00809992 9.24072e-05)
(-8.32562e-05 -0.01281 -0.0154525 -0.01281 7.17388e-05 -0.00810091 -0.0154525 -0.00810091 9.30859e-05)
(-3.28878e-05 -0.0128024 -0.0154407 -0.0128024 5.63844e-05 -0.00810463 -0.0154407 -0.00810463 9.37445e-05)
(-2.37851e-05 -0.0128008 -0.0154389 -0.0128008 4.96796e-05 -0.00810672 -0.0154389 -0.00810672 9.27056e-05)
(-5.56878e-05 -0.0128063 -0.0154479 -0.0128063 5.78385e-05 -0.00810365 -0.0154479 -0.00810365 9.48382e-05)
(-0.000108644 -0.0128137 -0.015458 -0.0128137 7.65173e-05 -0.00809983 -0.015458 -0.00809983 9.2692e-05)
(-9.58305e-05 -0.0128112 -0.0154544 -0.0128112 7.57225e-05 -0.0081004 -0.0154544 -0.0081004 9.22281e-05)
(-3.81932e-05 -0.0128031 -0.0154418 -0.0128031 5.71726e-05 -0.00810442 -0.0154418 -0.00810442 9.34882e-05)
(-2.63622e-05 -0.0128012 -0.0154397 -0.0128012 5.03248e-05 -0.00810659 -0.0154397 -0.00810659 9.23639e-05)
(-6.59312e-05 -0.0128077 -0.01545 -0.0128077 6.15156e-05 -0.00810281 -0.01545 -0.00810281 9.43892e-05)
(-0.000105556 -0.0128134 -0.0154574 -0.0128134 7.51352e-05 -0.00810009 -0.0154574 -0.00810009 9.27146e-05)
(-7.37601e-05 -0.0128089 -0.0154509 -0.0128089 7.00484e-05 -0.00810115 -0.0154509 -0.00810115 9.37783e-05)
(-3.41726e-05 -0.0128026 -0.015441 -0.0128026 5.63312e-05 -0.0081047 -0.015441 -0.0081047 9.33562e-05)
(-3.28616e-05 -0.012802 -0.0154409 -0.012802 5.11036e-05 -0.00810632 -0.0154409 -0.00810632 9.2087e-05)
(-5.70116e-05 -0.0128066 -0.0154483 -0.0128066 5.86328e-05 -0.00810336 -0.0154483 -0.00810336 9.51859e-05)
(-0.000112187 -0.0128139 -0.0154584 -0.0128139 7.80403e-05 -0.00809968 -0.0154584 -0.00809968 9.22379e-05)
(-8.40789e-05 -0.0128099 -0.0154526 -0.0128099 7.2667e-05 -0.00810074 -0.0154526 -0.00810074 9.32075e-05)
(-3.6877e-05 -0.012803 -0.0154417 -0.012803 5.72212e-05 -0.00810458 -0.0154417 -0.00810458 9.30269e-05)
(-3.11914e-05 -0.0128018 -0.0154407 -0.0128018 5.12913e-05 -0.00810634 -0.0154407 -0.00810634 9.19721e-05)
(-5.43529e-05 -0.0128062 -0.0154478 -0.0128062 5.71488e-05 -0.0081038 -0.0154478 -0.0081038 9.48474e-05)
(-0.000129994 -0.0128158 -0.0154605 -0.0128158 8.30925e-05 -0.00809918 -0.0154605 -0.00809918 9.10249e-05)
(-8.97302e-05 -0.0128105 -0.0154536 -0.0128105 7.48869e-05 -0.00810043 -0.0154536 -0.00810043 9.27589e-05)
(-3.25107e-05 -0.0128023 -0.0154406 -0.0128023 5.52808e-05 -0.00810508 -0.0154406 -0.00810508 9.2857e-05)
(-5.01458e-05 -0.0128046 -0.015445 -0.0128046 5.71027e-05 -0.00810501 -0.015445 -0.00810501 9.12119e-05)
(-7.34968e-05 -0.0128087 -0.0154514 -0.0128087 6.36169e-05 -0.00810255 -0.0154514 -0.00810255 9.35101e-05)
(-0.000114257 -0.012814 -0.0154587 -0.012814 7.95275e-05 -0.00809952 -0.0154587 -0.00809952 9.20904e-05)
(-8.42606e-05 -0.01281 -0.0154529 -0.01281 7.36548e-05 -0.00810044 -0.0154529 -0.00810044 9.33767e-05)
(-4.36479e-05 -0.0128038 -0.0154429 -0.0128038 5.88027e-05 -0.00810403 -0.0154429 -0.00810403 9.32862e-05)
(-3.71261e-05 -0.0128027 -0.015442 -0.0128027 5.30532e-05 -0.0081059 -0.015442 -0.0081059 9.18947e-05)
(-6.39553e-05 -0.0128075 -0.0154497 -0.0128075 6.11396e-05 -0.00810297 -0.0154497 -0.00810297 9.43446e-05)
(-0.000121897 -0.012815 -0.0154598 -0.012815 8.12645e-05 -0.00809926 -0.0154598 -0.00809926 9.1615e-05)
(-9.24868e-05 -0.0128109 -0.015454 -0.0128109 7.47778e-05 -0.00810045 -0.015454 -0.00810045 9.25187e-05)
(-3.77112e-05 -0.012803 -0.0154417 -0.012803 5.72534e-05 -0.00810452 -0.0154417 -0.00810452 9.31556e-05)
(-3.56228e-05 -0.0128025 -0.0154419 -0.0128025 5.33004e-05 -0.00810575 -0.0154419 -0.00810575 9.21993e-05)
(-5.59339e-05 -0.0128063 -0.0154479 -0.0128063 5.76833e-05 -0.00810377 -0.0154479 -0.00810377 9.44914e-05)
(-0.00012155 -0.0128149 -0.0154596 -0.0128149 8.08756e-05 -0.00809941 -0.0154596 -0.00809941 9.16086e-05)
(-7.79827e-05 -0.0128093 -0.0154516 -0.0128093 7.04721e-05 -0.008101 -0.0154516 -0.008101 9.37765e-05)
(-1.13061e-05 -0.0127986 -0.0154345 -0.0127986 4.53513e-05 -0.00810765 -0.0154345 -0.00810765 9.37414e-05)
(-4.62983e-06 -0.0127967 -0.0154324 -0.0127967 3.989e-05 -0.00811017 -0.0154324 -0.00811017 9.0821e-05)
(-2.35117e-05 -0.0128003 -0.0154388 -0.0128003 4.56445e-05 -0.00810772 -0.0154388 -0.00810772 9.35413e-05)
(-7.72384e-05 -0.0128096 -0.0154526 -0.0128096 6.64241e-05 -0.0081018 -0.0154526 -0.0081018 9.39088e-05)
(-7.15501e-05 -0.0128088 -0.0154512 -0.0128088 6.74113e-05 -0.00810147 -0.0154512 -0.00810147 9.38903e-05)
(-1.4191e-05 -0.0127992 -0.0154353 -0.0127992 4.74434e-05 -0.00810692 -0.0154353 -0.00810692 9.42368e-05)
(1.57114e-06 -0.0127957 -0.0154305 -0.0127957 3.82957e-05 -0.00811086 -0.0154305 -0.00811086 9.11362e-05)
(-2.18125e-05 -0.0128 -0.0154383 -0.0128 4.47773e-05 -0.00810801 -0.0154383 -0.00810801 9.34689e-05)
(-7.15169e-05 -0.012809 -0.0154516 -0.012809 6.49296e-05 -0.00810198 -0.0154516 -0.00810198 9.46284e-05)
(-7.33139e-05 -0.0128089 -0.0154515 -0.0128089 6.81477e-05 -0.00810128 -0.0154515 -0.00810128 9.39871e-05)
(-1.66808e-05 -0.0127994 -0.0154358 -0.0127994 4.72242e-05 -0.00810691 -0.0154358 -0.00810691 9.42983e-05)
(-5.84179e-07 -0.0127962 -0.0154314 -0.0127962 3.91756e-05 -0.00811049 -0.0154314 -0.00811049 9.10085e-05)
(-3.00819e-05 -0.0128015 -0.0154407 -0.0128015 4.83088e-05 -0.00810682 -0.0154407 -0.00810682 9.34876e-05)
(-7.9167e-05 -0.0128099 -0.0154529 -0.0128099 6.66974e-05 -0.00810176 -0.0154529 -0.00810176 9.37481e-05)
(-6.0284e-05 -0.0128076 -0.0154491 -0.0128076 6.48538e-05 -0.00810189 -0.0154491 -0.00810189 9.48206e-05)
(-5.48789e-06 -0.0127977 -0.0154328 -0.0127977 4.35572e-05 -0.00810821 -0.0154328 -0.00810821 9.4251e-05)
(-5.52478e-06 -0.0127967 -0.0154325 -0.0127967 3.94937e-05 -0.00811036 -0.0154325 -0.00811036 9.05249e-05)
(-2.3846e-05 -0.0128005 -0.015439 -0.0128005 4.59895e-05 -0.0081075 -0.015439 -0.0081075 9.41515e-05)
(-7.45778e-05 -0.0128094 -0.0154523 -0.0128094 6.64619e-05 -0.00810172 -0.0154523 -0.00810172 9.42347e-05)
(-6.36967e-05 -0.0128077 -0.0154496 -0.0128077 6.5347e-05 -0.00810179 -0.0154496 -0.00810179 9.46716e-05)
(-8.95016e-06 -0.0127983 -0.015434 -0.0127983 4.48262e-05 -0.00810782 -0.015434 -0.00810782 9.38481e-05)
(-4.7502e-06 -0.0127966 -0.0154323 -0.0127966 3.96439e-05 -0.00811028 -0.0154323 -0.00811028 9.06267e-05)
(-1.58224e-05 -0.0127989 -0.0154367 -0.0127989 4.22302e-05 -0.00810893 -0.0154367 -0.00810893 9.3426e-05)
(-8.59357e-05 -0.0128107 -0.0154543 -0.0128107 7.01243e-05 -0.00810105 -0.0154543 -0.00810105 9.3706e-05)
(-6.5965e-05 -0.012808 -0.01545 -0.012808 6.62108e-05 -0.00810161 -0.01545 -0.00810161 9.47268e-05)
(-8.98228e-06 -0.0127983 -0.015434 -0.0127983 4.45757e-05 -0.00810797 -0.015434 -0.00810797 9.34583e-05)
(-1.55218e-05 -0.0127987 -0.0154357 -0.0127987 4.34881e-05 -0.00810879 -0.0154357 -0.00810879 9.07375e-05)
(-4.02703e-05 -0.0128032 -0.0154432 -0.0128032 5.15779e-05 -0.00810603 -0.0154432 -0.00810603 9.26504e-05)
(-7.52779e-05 -0.0128094 -0.0154523 -0.0128094 6.73834e-05 -0.00810155 -0.0154523 -0.00810155 9.43916e-05)
(-6.09997e-05 -0.0128076 -0.0154493 -0.0128076 6.54345e-05 -0.00810166 -0.0154493 -0.00810166 9.51499e-05)
(-1.43603e-05 -0.012799 -0.0154352 -0.012799 4.61612e-05 -0.00810723 -0.0154352 -0.00810723 9.42717e-05)
(-6.90829e-06 -0.012797 -0.0154329 -0.012797 4.02856e-05 -0.00811001 -0.0154329 -0.00811001 9.08416e-05)
(-2.79947e-05 -0.0128013 -0.0154402 -0.0128013 4.78412e-05 -0.00810704 -0.0154402 -0.00810704 9.34648e-05)
(-7.59733e-05 -0.0128096 -0.0154526 -0.0128096 6.71254e-05 -0.00810155 -0.0154526 -0.00810155 9.43497e-05)
(-6.7108e-05 -0.0128083 -0.0154505 -0.0128083 6.61141e-05 -0.00810157 -0.0154505 -0.00810157 9.44277e-05)
(-1.38945e-05 -0.012799 -0.0154352 -0.012799 4.65705e-05 -0.00810718 -0.0154352 -0.00810718 9.41869e-05)
(-5.69633e-06 -0.0127968 -0.0154327 -0.0127968 4.03709e-05 -0.00810997 -0.0154327 -0.00810997 9.08527e-05)
(-2.59833e-05 -0.0128008 -0.0154395 -0.0128008 4.6309e-05 -0.00810751 -0.0154395 -0.00810751 9.32187e-05)
(-7.90773e-05 -0.0128098 -0.015453 -0.0128098 6.7806e-05 -0.00810153 -0.015453 -0.00810153 9.39204e-05)
(-5.63588e-05 -0.0128069 -0.0154481 -0.0128069 6.25379e-05 -0.00810231 -0.0154481 -0.00810231 9.52691e-05)
(-5.32157e-06 -0.0127975 -0.0154328 -0.0127975 4.14492e-05 -0.00810907 -0.0154328 -0.00810907 9.31609e-05)
(7.95565e-06 -0.0127936 -0.0154276 -0.0127936 3.35753e-05 -0.00811324 -0.0154276 -0.00811324 8.88293e-05)
(-1.54168e-06 -0.0127958 -0.0154315 -0.0127958 3.70751e-05 -0.0081114 -0.0154315 -0.0081114 9.16092e-05)
(-4.11159e-05 -0.012804 -0.0154442 -0.012804 5.41901e-05 -0.00810492 -0.0154442 -0.00810492 9.44303e-05)
(-5.64019e-05 -0.0128071 -0.0154485 -0.0128071 6.19172e-05 -0.00810275 -0.0154485 -0.00810275 9.4126e-05)
(-1.37683e-05 -0.0127991 -0.0154355 -0.0127991 4.55099e-05 -0.00810757 -0.0154355 -0.00810757 9.34361e-05)
(1.12688e-05 -0.0127931 -0.0154264 -0.0127931 3.28954e-05 -0.0081137 -0.0154264 -0.0081137 8.90259e-05)
(-2.45942e-07 -0.0127954 -0.015431 -0.0127954 3.62556e-05 -0.00811181 -0.015431 -0.00811181 9.11352e-05)
(-3.43801e-05 -0.0128031 -0.0154426 -0.0128031 5.21514e-05 -0.00810542 -0.0154426 -0.00810542 9.51473e-05)
(-5.51783e-05 -0.0128069 -0.0154482 -0.0128069 6.1674e-05 -0.00810275 -0.0154482 -0.00810275 9.44505e-05)
(-1.47236e-05 -0.012799 -0.0154354 -0.012799 4.46746e-05 -0.00810779 -0.0154354 -0.00810779 9.35822e-05)
(1.06603e-05 -0.0127933 -0.0154268 -0.0127933 3.32612e-05 -0.00811344 -0.0154268 -0.00811344 8.92604e-05)
(-3.99244e-06 -0.0127963 -0.0154324 -0.0127963 3.81149e-05 -0.00811092 -0.0154324 -0.00811092 9.13598e-05)
(-4.39945e-05 -0.0128045 -0.0154449 -0.0128045 5.47309e-05 -0.00810474 -0.0154449 -0.00810474 9.43167e-05)
(-5.07531e-05 -0.0128064 -0.0154474 -0.0128064 6.07365e-05 -0.00810296 -0.0154474 -0.00810296 9.47138e-05)
(-3.47505e-06 -0.0127972 -0.0154323 -0.0127972 4.09967e-05 -0.00810925 -0.0154323 -0.00810925 9.32507e-05)
(7.05933e-06 -0.0127937 -0.0154279 -0.0127937 3.34792e-05 -0.0081133 -0.0154279 -0.0081133 8.86826e-05)
(-2.20667e-06 -0.0127959 -0.0154316 -0.0127959 3.73588e-05 -0.00811127 -0.0154316 -0.00811127 9.17641e-05)
(-3.60266e-05 -0.0128035 -0.0154432 -0.0128035 5.31237e-05 -0.00810515 -0.0154432 -0.00810515 9.503e-05)
(-4.7385e-05 -0.0128058 -0.0154464 -0.0128058 5.91273e-05 -0.0081033 -0.0154464 -0.0081033 9.49179e-05)
(-4.10346e-06 -0.0127974 -0.0154327 -0.0127974 4.11479e-05 -0.00810923 -0.0154327 -0.00810923 9.29701e-05)
(6.23451e-06 -0.0127937 -0.0154281 -0.0127937 3.38014e-05 -0.00811314 -0.0154281 -0.00811314 8.86635e-05)
(4.45357e-06 -0.0127945 -0.0154295 -0.0127945 3.42348e-05 -0.00811289 -0.0154295 -0.00811289 9.08177e-05)
(-4.09579e-05 -0.0128042 -0.0154444 -0.0128042 5.51066e-05 -0.0081046 -0.0154444 -0.0081046 9.5007e-05)
(-4.42202e-05 -0.0128052 -0.0154455 -0.0128052 5.77532e-05 -0.0081036 -0.0154455 -0.0081036 9.54874e-05)
(-3.17215e-06 -0.0127972 -0.0154324 -0.0127972 4.07729e-05 -0.00810944 -0.0154324 -0.00810944 9.26575e-05)
(1.42641e-06 -0.0127949 -0.0154299 -0.0127949 3.58366e-05 -0.00811198 -0.0154299 -0.00811198 8.9082e-05)
(-1.59458e-05 -0.0127985 -0.015436 -0.0127985 4.20943e-05 -0.00810935 -0.015436 -0.00810935 9.10655e-05)
(-3.78147e-05 -0.0128038 -0.0154436 -0.0128038 5.43299e-05 -0.00810479 -0.0154436 -0.00810479 9.53007e-05)
(-4.0332e-05 -0.0128049 -0.0154449 -0.0128049 5.74258e-05 -0.0081037 -0.0154449 -0.0081037 9.54468e-05)
(-6.00899e-06 -0.0127976 -0.0154331 -0.0127976 4.13182e-05 -0.00810908 -0.0154331 -0.00810908 9.31569e-05)
(6.81458e-06 -0.0127937 -0.0154278 -0.0127937 3.36237e-05 -0.00811322 -0.0154278 -0.00811322 8.88684e-05)
(-3.84384e-06 -0.0127963 -0.0154324 -0.0127963 3.81487e-05 -0.00811098 -0.0154324 -0.00811098 9.12651e-05)
(-3.41191e-05 -0.0128032 -0.0154427 -0.0128032 5.25481e-05 -0.00810528 -0.0154427 -0.00810528 9.53005e-05)
(-5.01556e-05 -0.0128063 -0.0154472 -0.0128063 5.98038e-05 -0.00810315 -0.0154472 -0.00810315 9.45683e-05)
(-1.02225e-05 -0.0127984 -0.0154343 -0.0127984 4.34954e-05 -0.00810827 -0.0154343 -0.00810827 9.3364e-05)
(8.43936e-06 -0.0127933 -0.0154273 -0.0127933 3.32649e-05 -0.00811343 -0.0154273 -0.00811343 8.88227e-05)
(-4.97093e-06 -0.0127964 -0.0154326 -0.0127964 3.81389e-05 -0.00811092 -0.0154326 -0.00811092 9.1297e-05)
(-3.97663e-05 -0.0128039 -0.015444 -0.0128039 5.41559e-05 -0.00810492 -0.015444 -0.00810492 9.46096e-05)
(-4.18759e-05 -0.012805 -0.0154451 -0.012805 5.66562e-05 -0.00810387 -0.0154451 -0.00810387 9.5223e-05)
(1.11538e-07 -0.0127961 -0.0154312 -0.0127961 3.76646e-05 -0.00811068 -0.0154312 -0.00811068 9.16652e-05)
(1.38443e-05 -0.012792 -0.0154252 -0.012792 3.04387e-05 -0.00811522 -0.0154252 -0.00811522 8.74576e-05)
(9.35541e-06 -0.0127934 -0.0154273 -0.0127934 3.29984e-05 -0.00811372 -0.0154273 -0.00811372 9.00606e-05)
(-1.51836e-05 -0.0127992 -0.0154365 -0.0127992 4.44454e-05 -0.00810819 -0.0154365 -0.00810819 9.37121e-05)
(-2.92855e-05 -0.0128027 -0.0154417 -0.0128027 5.11084e-05 -0.00810563 -0.0154417 -0.00810563 9.41406e-05)
(-7.0545e-06 -0.0127976 -0.0154336 -0.0127976 4.09412e-05 -0.00810925 -0.0154336 -0.00810925 9.20577e-05)
(1.43673e-05 -0.012792 -0.015425 -0.012792 3.06309e-05 -0.00811516 -0.015425 -0.00811516 8.77161e-05)
(8.99013e-06 -0.0127932 -0.0154273 -0.0127932 3.27372e-05 -0.00811385 -0.0154273 -0.00811385 8.95892e-05)
(-7.46661e-06 -0.012798 -0.0154343 -0.012798 4.18894e-05 -0.00810907 -0.0154343 -0.00810907 9.44444e-05)
(-2.32838e-05 -0.0128017 -0.0154401 -0.0128017 4.91148e-05 -0.00810618 -0.0154401 -0.00810618 9.45775e-05)
(-7.36035e-06 -0.0127973 -0.0154333 -0.0127973 4.00148e-05 -0.00810956 -0.0154333 -0.00810956 9.21482e-05)
(1.51829e-05 -0.0127918 -0.0154247 -0.0127918 3.04239e-05 -0.00811526 -0.0154247 -0.00811526 8.81378e-05)
