/*--------------------------------*- C++ -*----------------------------------*\
  =========                 |
  \\      /  F ield         | OpenFOAM: The Open Source CFD Toolbox
   \\    /   O peration     | Website:  https://openfoam.org
    \\  /    A nd           | Version:  10
     \\/     M anipulation  |
\*---------------------------------------------------------------------------*/
FoamFile
{
    format      ascii;
    class       volTensorField;
    location    "50";
    object      TauNN;
}
// * * * * * * * * * * * * * * * * * * * * * * * * * * * * * * * * * * * * * //

dimensions      [0 2 -2 0 0 0 0];

internalField   nonuniform List<tensor> 
25600
(
(-3.7012e-05 -0.0127987 -0.015439 -0.0127987 4.21978e-05 -0.00811423 -0.015439 -0.00811423 7.49776e-05)
(-3.58167e-06 -0.0127936 -0.0154349 -0.0127936 2.6974e-05 -0.00811772 -0.0154349 -0.00811772 6.64256e-05)
(2.01024e-05 -0.0127934 -0.0154327 -0.0127934 2.72703e-05 -0.008124 -0.0154327 -0.008124 5.51852e-05)
(2.62147e-05 -0.0127934 -0.0154487 -0.0127934 2.72885e-05 -0.00813541 -0.0154487 -0.00813541 5.02101e-05)
(1.93401e-05 -0.0127872 -0.0154348 -0.0127872 1.97844e-05 -0.00812973 -0.0154348 -0.00812973 3.45653e-05)
(7.60944e-05 -0.0128012 -0.015423 -0.0128012 3.73974e-05 -0.00813915 -0.015423 -0.00813915 4.5702e-05)
(9.85993e-05 -0.0128112 -0.0154652 -0.0128112 4.60506e-05 -0.00813365 -0.0154652 -0.00813365 5.6675e-05)
(4.91864e-05 -0.0127951 -0.0154254 -0.0127951 2.95801e-05 -0.0081359 -0.0154254 -0.0081359 4.14681e-05)
(5.40885e-05 -0.0127905 -0.0154161 -0.0127905 2.64211e-05 -0.00813216 -0.0154161 -0.00813216 9.13042e-05)
(3.35082e-05 -0.0127889 -0.015427 -0.0127889 2.0469e-05 -0.00812866 -0.015427 -0.00812866 4.9548e-05)
(2.74236e-05 -0.012787 -0.015428 -0.012787 2.12278e-05 -0.00812861 -0.015428 -0.00812861 4.63923e-05)
(-1.05692e-05 -0.0127939 -0.0154286 -0.0127939 4.0898e-05 -0.00811184 -0.0154286 -0.00811184 8.79043e-05)
(5.55659e-05 -0.0127904 -0.0154178 -0.0127904 2.53141e-05 -0.00812989 -0.0154178 -0.00812989 7.26749e-05)
(5.76539e-05 -0.0127927 -0.0154178 -0.0127927 3.18591e-05 -0.00813909 -0.0154178 -0.00813909 7.25495e-05)
(2.50766e-05 -0.0127918 -0.0154393 -0.0127918 3.33599e-05 -0.00812958 -0.0154393 -0.00812958 5.40652e-05)
(7.95026e-05 -0.0128006 -0.0154443 -0.0128006 3.35789e-05 -0.00813598 -0.0154443 -0.00813598 4.27443e-05)
(2.95532e-05 -0.0127863 -0.0154234 -0.0127863 2.46541e-05 -0.00812957 -0.0154234 -0.00812957 9.2037e-05)
(2.12214e-05 -0.012792 -0.0154357 -0.012792 2.75428e-05 -0.00811956 -0.0154357 -0.00811956 9.86613e-05)
(3.71934e-05 -0.0127906 -0.0154401 -0.0127906 2.51656e-05 -0.00813288 -0.0154401 -0.00813288 4.3903e-05)
(6.74738e-05 -0.0127934 -0.0154453 -0.0127934 3.62885e-05 -0.0081337 -0.0154453 -0.0081337 5.9824e-05)
(2.32105e-05 -0.0127916 -0.0154214 -0.0127916 2.96696e-05 -0.00811964 -0.0154214 -0.00811964 0.000105828)
(5.46927e-06 -0.0127843 -0.0154333 -0.0127843 1.78579e-05 -0.00812601 -0.0154333 -0.00812601 4.24369e-05)
(-2.39459e-05 -0.0127974 -0.0154351 -0.0127974 3.80147e-05 -0.00811066 -0.0154351 -0.00811066 9.51754e-05)
(8.29165e-05 -0.0127934 -0.0154076 -0.0127934 3.00377e-05 -0.0081243 -0.0154076 -0.0081243 0.000108193)
(1.37538e-05 -0.0127908 -0.0154219 -0.0127908 3.31713e-05 -0.00811514 -0.0154219 -0.00811514 8.56422e-05)
(1.28009e-05 -0.0127889 -0.0154257 -0.0127889 2.82455e-05 -0.00811972 -0.0154257 -0.00811972 6.77899e-05)
(-4.55501e-06 -0.0127952 -0.0154433 -0.0127952 3.85936e-05 -0.00812891 -0.0154433 -0.00812891 5.14443e-05)
(-2.67258e-05 -0.0127952 -0.0154371 -0.0127952 3.22358e-05 -0.00811806 -0.0154371 -0.00811806 6.24535e-05)
(3.31905e-05 -0.0127891 -0.0154177 -0.0127891 2.69187e-05 -0.00812112 -0.0154177 -0.00812112 8.53966e-05)
(4.72223e-06 -0.0127895 -0.0154356 -0.0127895 2.65168e-05 -0.00812882 -0.0154356 -0.00812882 4.60742e-05)
(2.40275e-05 -0.0127886 -0.0154222 -0.0127886 2.59896e-05 -0.00812459 -0.0154222 -0.00812459 0.00010122)
(8.4034e-05 -0.0127935 -0.0154416 -0.0127935 3.19414e-05 -0.00813454 -0.0154416 -0.00813454 5.43284e-05)
(3.84588e-06 -0.0127864 -0.0154379 -0.0127864 2.12892e-05 -0.00813036 -0.0154379 -0.00813036 3.79877e-05)
(-5.34277e-06 -0.0127988 -0.0154405 -0.0127988 3.06445e-05 -0.00812304 -0.0154405 -0.00812304 4.74485e-05)
(2.39011e-05 -0.0127887 -0.015443 -0.0127887 2.42391e-05 -0.0081337 -0.015443 -0.0081337 3.85499e-05)
(7.08596e-06 -0.0127872 -0.0154339 -0.0127872 2.07326e-05 -0.00812669 -0.0154339 -0.00812669 4.37435e-05)
(4.94821e-05 -0.0127933 -0.0154246 -0.0127933 2.7631e-05 -0.00812311 -0.0154246 -0.00812311 6.83227e-05)
(3.92743e-05 -0.0127894 -0.0154152 -0.0127894 3.26969e-05 -0.0081159 -0.0154152 -0.0081159 8.73317e-05)
(3.52372e-05 -0.0127917 -0.0154256 -0.0127917 2.80137e-05 -0.00812461 -0.0154256 -0.00812461 5.69948e-05)
(4.75826e-05 -0.0127908 -0.0154211 -0.0127908 4.35968e-05 -0.00811548 -0.0154211 -0.00811548 8.7972e-05)
(7.00858e-05 -0.0127953 -0.0154174 -0.0127953 3.48284e-05 -0.00814132 -0.0154174 -0.00814132 9.20634e-05)
(4.49017e-05 -0.0127921 -0.0154177 -0.0127921 2.84147e-05 -0.00811931 -0.0154177 -0.00811931 9.77444e-05)
(7.42109e-05 -0.0127988 -0.0154196 -0.0127988 3.76083e-05 -0.00814333 -0.0154196 -0.00814333 0.000135272)
(2.31566e-05 -0.0127885 -0.0154219 -0.0127885 2.29903e-05 -0.00812145 -0.0154219 -0.00812145 8.58032e-05)
(-2.05656e-05 -0.0128027 -0.0154449 -0.0128027 3.57313e-05 -0.00811018 -0.0154449 -0.00811018 8.17131e-05)
(1.06763e-05 -0.0127922 -0.0154347 -0.0127922 2.29256e-05 -0.00812019 -0.0154347 -0.00812019 5.99623e-05)
(6.56114e-05 -0.0127923 -0.0154213 -0.0127923 2.40618e-05 -0.00812818 -0.0154213 -0.00812818 6.10748e-05)
(8.50918e-05 -0.0127998 -0.0154274 -0.0127998 3.14713e-05 -0.00813558 -0.0154274 -0.00813558 5.27331e-05)
(4.34935e-05 -0.0127916 -0.0154297 -0.0127916 2.41319e-05 -0.00813253 -0.0154297 -0.00813253 3.80971e-05)
(4.75258e-05 -0.0127915 -0.0154212 -0.0127915 2.79971e-05 -0.00813586 -0.0154212 -0.00813586 5.68963e-05)
(7.33532e-05 -0.0127929 -0.015415 -0.0127929 2.57311e-05 -0.00812861 -0.015415 -0.00812861 7.15796e-05)
(5.55199e-05 -0.0127911 -0.015416 -0.0127911 2.80776e-05 -0.00813377 -0.015416 -0.00813377 9.39685e-05)
(3.49601e-05 -0.0127791 -0.0154349 -0.0127791 1.81198e-05 -0.00812959 -0.0154349 -0.00812959 4.89668e-05)
(5.84438e-05 -0.0127931 -0.015418 -0.0127931 2.91326e-05 -0.00813648 -0.015418 -0.00813648 6.94381e-05)
(4.70993e-05 -0.0127895 -0.0154167 -0.0127895 2.43557e-05 -0.00812725 -0.0154167 -0.00812725 8.47241e-05)
(3.10474e-05 -0.0127826 -0.015433 -0.0127826 1.80642e-05 -0.0081298 -0.015433 -0.0081298 4.2987e-05)
(0.000114748 -0.012804 -0.0154092 -0.012804 3.35417e-05 -0.00813622 -0.0154092 -0.00813622 7.44415e-05)
(7.20963e-05 -0.0127921 -0.0154099 -0.0127921 2.69515e-05 -0.00812813 -0.0154099 -0.00812813 9.02501e-05)
(1.6707e-05 -0.0127869 -0.0154238 -0.0127869 2.22171e-05 -0.00812348 -0.0154238 -0.00812348 7.6988e-05)
(5.36531e-05 -0.0127946 -0.0154232 -0.0127946 3.02496e-05 -0.00813687 -0.0154232 -0.00813687 4.89945e-05)
(3.65736e-05 -0.0127884 -0.0154269 -0.0127884 2.2873e-05 -0.00813226 -0.0154269 -0.00813226 4.79185e-05)
(9.33378e-05 -0.0127941 -0.0154076 -0.0127941 2.70799e-05 -0.00812838 -0.0154076 -0.00812838 8.25224e-05)
(4.71262e-05 -0.0127923 -0.0154204 -0.0127923 2.76297e-05 -0.00812006 -0.0154204 -0.00812006 7.81762e-05)
(9.3283e-06 -0.0127916 -0.0154354 -0.0127916 2.48776e-05 -0.00812548 -0.0154354 -0.00812548 4.80406e-05)
(4.66348e-05 -0.0127896 -0.0154176 -0.0127896 2.42792e-05 -0.00812964 -0.0154176 -0.00812964 7.41092e-05)
(6.62476e-05 -0.0127926 -0.0154104 -0.0127926 3.07603e-05 -0.00813502 -0.0154104 -0.00813502 0.000110241)
(3.21579e-05 -0.012787 -0.0154235 -0.012787 2.25171e-05 -0.00812926 -0.0154235 -0.00812926 6.36231e-05)
(3.21095e-05 -0.0127887 -0.0154235 -0.0127887 2.22514e-05 -0.0081256 -0.0154235 -0.0081256 7.10723e-05)
(2.80554e-05 -0.0127905 -0.0154232 -0.0127905 2.44945e-05 -0.00812039 -0.0154232 -0.00812039 8.19366e-05)
(3.63463e-05 -0.012787 -0.0154259 -0.012787 2.42472e-05 -0.00813197 -0.0154259 -0.00813197 8.5414e-05)
(2.40763e-05 -0.0127921 -0.0154209 -0.0127921 3.18373e-05 -0.00811477 -0.0154209 -0.00811477 9.59927e-05)
(3.63127e-05 -0.0127895 -0.0154195 -0.0127895 2.5968e-05 -0.00812191 -0.0154195 -0.00812191 7.32407e-05)
(7.89933e-05 -0.0127943 -0.0154087 -0.0127943 2.79549e-05 -0.00813271 -0.0154087 -0.00813271 8.38459e-05)
(1.22706e-05 -0.0127895 -0.0154279 -0.0127895 2.5893e-05 -0.00812223 -0.0154279 -0.00812223 6.33118e-05)
(1.2092e-05 -0.0127843 -0.0154303 -0.0127843 1.96737e-05 -0.0081263 -0.0154303 -0.0081263 5.46857e-05)
(9.27688e-05 -0.0127933 -0.0154135 -0.0127933 2.97079e-05 -0.00812217 -0.0154135 -0.00812217 7.82653e-05)
(4.12127e-05 -0.0127944 -0.0154306 -0.0127944 2.77251e-05 -0.00812354 -0.0154306 -0.00812354 5.87472e-05)
(2.05373e-05 -0.0127875 -0.0154286 -0.0127875 2.37131e-05 -0.0081252 -0.0154286 -0.0081252 9.12045e-05)
(4.2556e-05 -0.012789 -0.0154237 -0.012789 2.44455e-05 -0.00812886 -0.0154237 -0.00812886 5.2678e-05)
(7.64847e-05 -0.0127955 -0.015412 -0.0127955 3.28278e-05 -0.00813729 -0.015412 -0.00813729 0.000107825)
(6.8997e-05 -0.0127955 -0.0154186 -0.0127955 2.51943e-05 -0.00813193 -0.0154186 -0.00813193 5.76334e-05)
(4.44198e-05 -0.012792 -0.0154285 -0.012792 3.02857e-05 -0.00813614 -0.0154285 -0.00813614 3.76549e-05)
(2.6819e-05 -0.0127855 -0.0154314 -0.0127855 2.07722e-05 -0.00813126 -0.0154314 -0.00813126 3.36449e-05)
(0.000114883 -0.0127952 -0.0154026 -0.0127952 2.77851e-05 -0.00812865 -0.0154026 -0.00812865 8.10043e-05)
(4.70168e-05 -0.0127898 -0.0154187 -0.0127898 2.48985e-05 -0.00813071 -0.0154187 -0.00813071 8.60847e-05)
(-2.28881e-06 -0.0127921 -0.0154384 -0.0127921 2.45384e-05 -0.00812391 -0.0154384 -0.00812391 4.85016e-05)
(1.16014e-05 -0.0127933 -0.0154258 -0.0127933 3.54069e-05 -0.00811436 -0.0154258 -0.00811436 9.14153e-05)
(5.68597e-05 -0.0127915 -0.0154192 -0.0127915 3.06214e-05 -0.00813603 -0.0154192 -0.00813603 0.000106844)
(2.95214e-05 -0.0127898 -0.0154204 -0.0127898 2.58686e-05 -0.00812093 -0.0154204 -0.00812093 8.93325e-05)
(4.87151e-05 -0.012793 -0.0154174 -0.012793 3.0791e-05 -0.0081265 -0.0154174 -0.0081265 0.000116795)
(4.42004e-05 -0.0127914 -0.0154203 -0.0127914 2.8968e-05 -0.00813136 -0.0154203 -0.00813136 0.000114481)
(5.32801e-05 -0.0127901 -0.0154264 -0.0127901 3.04766e-05 -0.00813743 -0.0154264 -0.00813743 4.91114e-05)
(5.77956e-05 -0.0127903 -0.0154231 -0.0127903 2.76616e-05 -0.00813511 -0.0154231 -0.00813511 6.47494e-05)
(6.48676e-05 -0.0127937 -0.0154133 -0.0127937 3.10821e-05 -0.00811933 -0.0154133 -0.00811933 0.000107918)
(6.50652e-05 -0.0127927 -0.0154167 -0.0127927 2.37339e-05 -0.00812826 -0.0154167 -0.00812826 5.99795e-05)
(1.03771e-05 -0.0127955 -0.0154309 -0.0127955 3.58517e-05 -0.00811635 -0.0154309 -0.00811635 7.61045e-05)
(3.9058e-05 -0.0127916 -0.0154189 -0.0127916 2.86435e-05 -0.00812367 -0.0154189 -0.00812367 0.000108535)
(2.93342e-05 -0.012787 -0.0154201 -0.012787 2.25422e-05 -0.00812723 -0.0154201 -0.00812723 7.94283e-05)
(7.47063e-06 -0.0127928 -0.0154317 -0.0127928 2.76135e-05 -0.00811841 -0.0154317 -0.00811841 7.94004e-05)
(5.17692e-05 -0.0127923 -0.0154244 -0.0127923 2.33288e-05 -0.00812894 -0.0154244 -0.00812894 5.06616e-05)
(8.71014e-05 -0.0128075 -0.0154188 -0.0128075 4.12413e-05 -0.00814101 -0.0154188 -0.00814101 4.85474e-05)
(2.71615e-05 -0.0127901 -0.0154309 -0.0127901 2.58185e-05 -0.00812653 -0.0154309 -0.00812653 5.32737e-05)
(5.34982e-05 -0.012797 -0.0154234 -0.012797 3.05294e-05 -0.00813655 -0.0154234 -0.00813655 4.1006e-05)
(5.8078e-05 -0.012798 -0.0154231 -0.012798 4.15727e-05 -0.00814532 -0.0154231 -0.00814532 6.40162e-05)
(2.56419e-05 -0.0127841 -0.015435 -0.0127841 1.81523e-05 -0.00812968 -0.015435 -0.00812968 3.20468e-05)
(4.97504e-05 -0.0127938 -0.015445 -0.0127938 3.0733e-05 -0.0081323 -0.015445 -0.0081323 3.8626e-05)
(7.68495e-05 -0.0127938 -0.0154092 -0.0127938 3.09448e-05 -0.00813218 -0.0154092 -0.00813218 0.000112174)
(1.31017e-05 -0.0127889 -0.0154246 -0.0127889 2.39915e-05 -0.00811948 -0.0154246 -0.00811948 7.51524e-05)
(4.3928e-05 -0.0127897 -0.0154289 -0.0127897 2.77147e-05 -0.00813478 -0.0154289 -0.00813478 3.70213e-05)
(4.35468e-05 -0.0127897 -0.0154214 -0.0127897 2.30877e-05 -0.00812678 -0.0154214 -0.00812678 5.89452e-05)
(6.31536e-05 -0.012792 -0.0154171 -0.012792 2.42738e-05 -0.00812862 -0.0154171 -0.00812862 5.79964e-05)
(4.15547e-05 -0.0127884 -0.0154186 -0.0127884 2.53285e-05 -0.0081302 -0.0154186 -0.0081302 8.74966e-05)
(4.48536e-05 -0.0127892 -0.0154163 -0.0127892 2.50795e-05 -0.00812803 -0.0154163 -0.00812803 8.87527e-05)
(5.20428e-05 -0.0127907 -0.0154217 -0.0127907 3.01472e-05 -0.00813849 -0.0154217 -0.00813849 7.70356e-05)
(2.14347e-05 -0.0127919 -0.0154287 -0.0127919 2.60746e-05 -0.00812092 -0.0154287 -0.00812092 6.75425e-05)
(4.74632e-05 -0.0127915 -0.015425 -0.0127915 2.22611e-05 -0.00812867 -0.015425 -0.00812867 4.8195e-05)
(1.71239e-05 -0.0127859 -0.0154342 -0.0127859 1.98046e-05 -0.00813078 -0.0154342 -0.00813078 3.05193e-05)
(4.28376e-05 -0.0127917 -0.0154334 -0.0127917 2.75302e-05 -0.00813331 -0.0154334 -0.00813331 2.98354e-05)
(3.8115e-05 -0.0127893 -0.0154221 -0.0127893 2.17667e-05 -0.00812764 -0.0154221 -0.00812764 6.52574e-05)
(2.20006e-05 -0.0127888 -0.0154293 -0.0127888 2.14182e-05 -0.00812471 -0.0154293 -0.00812471 5.84233e-05)
(-1.89334e-05 -0.0127997 -0.0154435 -0.0127997 3.12806e-05 -0.00811549 -0.0154435 -0.00811549 6.2922e-05)
(3.43383e-05 -0.0127894 -0.0154325 -0.0127894 2.33433e-05 -0.00812955 -0.0154325 -0.00812955 5.19951e-05)
(9.12833e-05 -0.0127935 -0.0154101 -0.0127935 2.76413e-05 -0.00812573 -0.0154101 -0.00812573 8.79492e-05)
(4.39769e-05 -0.0127899 -0.0154239 -0.0127899 2.25219e-05 -0.0081294 -0.0154239 -0.0081294 5.56266e-05)
(5.19078e-05 -0.0127886 -0.0154236 -0.0127886 3.06109e-05 -0.00813894 -0.0154236 -0.00813894 6.79335e-05)
(6.71257e-05 -0.0127921 -0.0154121 -0.0127921 2.58719e-05 -0.00812791 -0.0154121 -0.00812791 8.80602e-05)
(3.04335e-05 -0.0127875 -0.015426 -0.0127875 2.05479e-05 -0.0081287 -0.015426 -0.0081287 5.48955e-05)
(3.33737e-05 -0.0127899 -0.0154272 -0.0127899 2.11997e-05 -0.00812625 -0.0154272 -0.00812625 5.04765e-05)
(5.81177e-05 -0.0127915 -0.0154252 -0.0127915 2.91721e-05 -0.00812392 -0.0154252 -0.00812392 6.02954e-05)
(3.11787e-06 -0.0127914 -0.015436 -0.0127914 2.43177e-05 -0.00812518 -0.015436 -0.00812518 4.57211e-05)
(8.93059e-06 -0.0127908 -0.0154314 -0.0127908 2.41212e-05 -0.00812095 -0.0154314 -0.00812095 6.3943e-05)
(3.31777e-05 -0.0127878 -0.0154279 -0.0127878 2.1444e-05 -0.00813153 -0.0154279 -0.00813153 4.42445e-05)
(3.57321e-05 -0.0127915 -0.0154289 -0.0127915 2.12325e-05 -0.00812661 -0.0154289 -0.00812661 4.62473e-05)
(6.14003e-05 -0.0127915 -0.0154172 -0.0127915 3.16886e-05 -0.00811624 -0.0154172 -0.00811624 7.85273e-05)
(8.97338e-05 -0.0127951 -0.0154062 -0.0127951 2.92262e-05 -0.00813143 -0.0154062 -0.00813143 9.73463e-05)
(-2.33048e-06 -0.0127932 -0.0154363 -0.0127932 2.64519e-05 -0.0081256 -0.0154363 -0.0081256 3.95437e-05)
(4.71857e-05 -0.0127902 -0.0154168 -0.0127902 2.70408e-05 -0.00813397 -0.0154168 -0.00813397 9.08564e-05)
(7.72918e-05 -0.0127914 -0.015411 -0.0127914 2.55749e-05 -0.0081249 -0.015411 -0.0081249 7.46523e-05)
(3.36237e-07 -0.0127987 -0.0154327 -0.0127987 3.67003e-05 -0.00811075 -0.0154327 -0.00811075 9.51511e-05)
(6.12259e-06 -0.0127959 -0.0154461 -0.0127959 2.83657e-05 -0.00811489 -0.0154461 -0.00811489 9.52118e-05)
(5.35634e-05 -0.0127922 -0.0154284 -0.0127922 2.31429e-05 -0.00812886 -0.0154284 -0.00812886 5.13553e-05)
(0.000109644 -0.0128009 -0.0154061 -0.0128009 3.24735e-05 -0.00813605 -0.0154061 -0.00813605 8.0119e-05)
(3.09316e-05 -0.012782 -0.0154368 -0.012782 1.69572e-05 -0.00812773 -0.0154368 -0.00812773 3.40951e-05)
(5.12326e-05 -0.0127919 -0.0154273 -0.0127919 2.89926e-05 -0.00813561 -0.0154273 -0.00813561 4.90081e-05)
(7.55887e-05 -0.0127981 -0.0154133 -0.0127981 3.53538e-05 -0.00814095 -0.0154133 -0.00814095 7.90531e-05)
(5.89388e-05 -0.0127906 -0.0154158 -0.0127906 2.43175e-05 -0.00812675 -0.0154158 -0.00812675 7.87713e-05)
(0.000100114 -0.0127971 -0.015407 -0.0127971 2.75218e-05 -0.00812907 -0.015407 -0.00812907 8.03689e-05)
(1.9272e-05 -0.0127882 -0.0154319 -0.0127882 2.4398e-05 -0.00812345 -0.0154319 -0.00812345 9.56816e-05)
(2.60345e-05 -0.012785 -0.0154315 -0.012785 2.02542e-05 -0.00812922 -0.0154315 -0.00812922 5.22396e-05)
(2.69504e-05 -0.01279 -0.015431 -0.01279 2.52005e-05 -0.00812648 -0.015431 -0.00812648 5.40303e-05)
(5.18442e-05 -0.0127907 -0.0154171 -0.0127907 2.86216e-05 -0.00813552 -0.0154171 -0.00813552 0.000100411)
(5.75014e-05 -0.0127956 -0.0154246 -0.0127956 3.07574e-05 -0.00813638 -0.0154246 -0.00813638 4.73119e-05)
(4.67744e-05 -0.0127903 -0.0154204 -0.0127903 2.33029e-05 -0.00813086 -0.0154204 -0.00813086 6.18198e-05)
(6.09186e-05 -0.0127945 -0.0154227 -0.0127945 2.48425e-05 -0.00813177 -0.0154227 -0.00813177 4.60197e-05)
(1.96498e-05 -0.0127892 -0.0154276 -0.0127892 2.3205e-05 -0.00812419 -0.0154276 -0.00812419 5.37047e-05)
(3.19608e-05 -0.012788 -0.0154257 -0.012788 2.16764e-05 -0.00812858 -0.0154257 -0.00812858 5.24326e-05)
(-2.22059e-05 -0.0128011 -0.0154439 -0.0128011 3.85801e-05 -0.00812194 -0.0154439 -0.00812194 5.91634e-05)
(5.21217e-06 -0.0127902 -0.0154316 -0.0127902 2.33461e-05 -0.00811984 -0.0154316 -0.00811984 6.78304e-05)
(0.000113406 -0.0127952 -0.0154132 -0.0127952 2.72318e-05 -0.00812594 -0.0154132 -0.00812594 6.84104e-05)
(4.48947e-05 -0.0127902 -0.0154182 -0.0127902 2.63709e-05 -0.00813006 -0.0154182 -0.00813006 0.00010282)
(8.94034e-05 -0.0127926 -0.0154052 -0.0127926 2.89263e-05 -0.00812771 -0.0154052 -0.00812771 0.000101675)
(-8.09705e-06 -0.0127954 -0.0154393 -0.0127954 2.93991e-05 -0.00812026 -0.0154393 -0.00812026 6.15613e-05)
(-5.38123e-06 -0.0127949 -0.0154379 -0.0127949 2.85295e-05 -0.00811856 -0.0154379 -0.00811856 6.58264e-05)
(5.59765e-05 -0.0127911 -0.0154156 -0.0127911 2.50441e-05 -0.00813136 -0.0154156 -0.00813136 7.82355e-05)
(2.93205e-05 -0.0127873 -0.0154296 -0.0127873 2.09281e-05 -0.00812953 -0.0154296 -0.00812953 4.85681e-05)
(3.02102e-05 -0.0127894 -0.0154369 -0.0127894 2.16683e-05 -0.00813062 -0.0154369 -0.00813062 4.17236e-05)
(3.74912e-05 -0.0127896 -0.0154243 -0.0127896 2.56819e-05 -0.00812466 -0.0154243 -0.00812466 6.12162e-05)
(4.52586e-05 -0.012792 -0.0154367 -0.012792 2.81905e-05 -0.00813062 -0.0154367 -0.00813062 4.58953e-05)
(5.14861e-05 -0.0127905 -0.0154192 -0.0127905 2.40258e-05 -0.0081262 -0.0154192 -0.0081262 6.76363e-05)
(3.70822e-05 -0.0127878 -0.0154208 -0.0127878 2.3014e-05 -0.00812854 -0.0154208 -0.00812854 7.43532e-05)
(1.05038e-05 -0.0127873 -0.015436 -0.0127873 1.97197e-05 -0.00812305 -0.015436 -0.00812305 5.26934e-05)
(9.2559e-06 -0.0127894 -0.0154391 -0.0127894 2.17952e-05 -0.00812856 -0.0154391 -0.00812856 4.05172e-05)
(7.73449e-05 -0.0127949 -0.0154442 -0.0127949 3.8513e-05 -0.00813236 -0.0154442 -0.00813236 5.84871e-05)
(2.85297e-05 -0.0127917 -0.0154479 -0.0127917 2.65476e-05 -0.008134 -0.0154479 -0.008134 4.87625e-05)
(6.3673e-05 -0.0127985 -0.0154287 -0.0127985 3.26104e-05 -0.00813628 -0.0154287 -0.00813628 4.00597e-05)
(4.32855e-05 -0.0127905 -0.0154205 -0.0127905 2.75049e-05 -0.00813643 -0.0154205 -0.00813643 7.11935e-05)
(-1.09932e-05 -0.0127993 -0.0154374 -0.0127993 3.66754e-05 -0.00811322 -0.0154374 -0.00811322 0.000107622)
(0.000111765 -0.0127989 -0.0154119 -0.0127989 2.93143e-05 -0.00813276 -0.0154119 -0.00813276 6.98267e-05)
(4.51015e-05 -0.0127921 -0.0154303 -0.0127921 3.23457e-05 -0.00813557 -0.0154303 -0.00813557 3.31053e-05)
(1.86654e-05 -0.0127864 -0.0154259 -0.0127864 2.37851e-05 -0.0081265 -0.0154259 -0.0081265 9.51679e-05)
(-6.12112e-05 -0.0128073 -0.0154478 -0.0128073 5.89522e-05 -0.00811686 -0.0154478 -0.00811686 6.91686e-05)
(5.69401e-05 -0.012795 -0.0154284 -0.012795 2.96267e-05 -0.00813528 -0.0154284 -0.00813528 3.98377e-05)
(7.02871e-05 -0.012797 -0.0154205 -0.012797 3.86852e-05 -0.00814287 -0.0154205 -0.00814287 6.83081e-05)
(-8.65649e-06 -0.0127952 -0.0154377 -0.0127952 2.91881e-05 -0.00811621 -0.0154377 -0.00811621 7.65313e-05)
(8.52958e-06 -0.0127916 -0.0154364 -0.0127916 2.9921e-05 -0.00812761 -0.0154364 -0.00812761 5.05465e-05)
(6.48638e-05 -0.0127947 -0.0154353 -0.0127947 2.63085e-05 -0.00813371 -0.0154353 -0.00813371 4.22924e-05)
(7.78899e-05 -0.0128092 -0.0154258 -0.0128092 5.07238e-05 -0.00814218 -0.0154258 -0.00814218 4.09333e-05)
(7.56203e-05 -0.0128026 -0.0154296 -0.0128026 7.0325e-05 -0.00813896 -0.0154296 -0.00813896 2.66938e-05)
(4.25391e-05 -0.012792 -0.0154189 -0.012792 2.87498e-05 -0.00812472 -0.0154189 -0.00812472 0.000109227)
(1.88215e-05 -0.0127916 -0.0154321 -0.0127916 2.59141e-05 -0.00812265 -0.0154321 -0.00812265 6.10776e-05)
(2.95243e-05 -0.012787 -0.0154294 -0.012787 2.01381e-05 -0.0081263 -0.0154294 -0.0081263 6.03559e-05)
(5.04297e-05 -0.0127913 -0.0154175 -0.0127913 2.56662e-05 -0.00813277 -0.0154175 -0.00813277 7.5064e-05)
(5.51595e-05 -0.0127961 -0.015433 -0.0127961 2.52675e-05 -0.00813284 -0.015433 -0.00813284 3.25743e-05)
(5.1185e-05 -0.0127904 -0.015416 -0.0127904 2.45404e-05 -0.00813032 -0.015416 -0.00813032 6.22446e-05)
(6.16375e-05 -0.0127925 -0.0154149 -0.0127925 3.04433e-05 -0.00813741 -0.0154149 -0.00813741 8.69172e-05)
(0.000106712 -0.0127955 -0.015402 -0.0127955 3.04207e-05 -0.00813095 -0.015402 -0.00813095 0.000100431)
(3.71324e-05 -0.0127904 -0.0154274 -0.0127904 2.20835e-05 -0.00813138 -0.0154274 -0.00813138 3.98581e-05)
(-9.59906e-05 -0.0128205 -0.0154545 -0.0128205 6.74734e-05 -0.00811854 -0.0154545 -0.00811854 5.97034e-05)
(-3.77677e-06 -0.0127945 -0.0154421 -0.0127945 2.91711e-05 -0.0081297 -0.0154421 -0.0081297 4.32283e-05)
(6.02295e-05 -0.0128014 -0.015432 -0.0128014 4.13394e-05 -0.00813661 -0.015432 -0.00813661 3.31946e-05)
(6.11643e-05 -0.0127977 -0.0154288 -0.0127977 2.98422e-05 -0.00813508 -0.0154288 -0.00813508 3.85667e-05)
(4.81065e-05 -0.0127887 -0.0154182 -0.0127887 2.62298e-05 -0.00812304 -0.0154182 -0.00812304 6.93695e-05)
(1.04064e-05 -0.0127925 -0.0154338 -0.0127925 2.84148e-05 -0.0081233 -0.0154338 -0.0081233 6.12075e-05)
(8.49908e-06 -0.0127934 -0.0154401 -0.0127934 2.62854e-05 -0.00812673 -0.0154401 -0.00812673 4.83954e-05)
(2.98522e-05 -0.0127884 -0.0154235 -0.0127884 2.21685e-05 -0.00812541 -0.0154235 -0.00812541 6.27112e-05)
(6.67437e-05 -0.0127915 -0.0154228 -0.0127915 2.75679e-05 -0.00812733 -0.0154228 -0.00812733 5.74462e-05)
(-1.30905e-05 -0.0127955 -0.015433 -0.0127955 4.29844e-05 -0.0081124 -0.015433 -0.0081124 8.13855e-05)
(2.7905e-05 -0.0127874 -0.0154281 -0.0127874 2.08497e-05 -0.00812909 -0.0154281 -0.00812909 4.96571e-05)
(8.31966e-05 -0.0127968 -0.015414 -0.0127968 4.03811e-05 -0.00814587 -0.015414 -0.00814587 0.000106726)
(3.07073e-05 -0.0127873 -0.0154247 -0.0127873 2.1028e-05 -0.00812881 -0.0154247 -0.00812881 6.1546e-05)
(3.85172e-05 -0.0127894 -0.0154244 -0.0127894 2.38751e-05 -0.00813283 -0.0154244 -0.00813283 4.89201e-05)
(4.21804e-05 -0.0127904 -0.0154209 -0.0127904 2.50377e-05 -0.00812325 -0.0154209 -0.00812325 6.773e-05)
(1.79615e-05 -0.0127915 -0.0154303 -0.0127915 2.97411e-05 -0.00812207 -0.0154303 -0.00812207 6.07273e-05)
(2.59655e-06 -0.0127923 -0.0154386 -0.0127923 2.61935e-05 -0.00812429 -0.0154386 -0.00812429 5.35377e-05)
(1.53992e-05 -0.01279 -0.0154485 -0.01279 2.56637e-05 -0.008135 -0.0154485 -0.008135 4.77172e-05)
(8.97511e-05 -0.0128218 -0.015428 -0.0128218 7.16521e-05 -0.008143 -0.015428 -0.008143 3.26649e-05)
(3.78034e-05 -0.0127898 -0.0154236 -0.0127898 2.27475e-05 -0.00812479 -0.0154236 -0.00812479 5.918e-05)
(7.1043e-06 -0.0127896 -0.0154294 -0.0127896 2.58306e-05 -0.0081202 -0.0154294 -0.0081202 8.79238e-05)
(5.55958e-05 -0.0127937 -0.0154285 -0.0127937 3.30576e-05 -0.0081366 -0.0154285 -0.0081366 3.79917e-05)
(8.12443e-05 -0.0127961 -0.0154199 -0.0127961 2.59577e-05 -0.00813041 -0.0154199 -0.00813041 5.25045e-05)
(5.66052e-05 -0.0127907 -0.015416 -0.0127907 3.09265e-05 -0.00813733 -0.015416 -0.00813733 0.000101426)
(2.17893e-05 -0.0127889 -0.0154375 -0.0127889 2.25317e-05 -0.0081206 -0.0154375 -0.0081206 7.9549e-05)
(2.29082e-05 -0.0127897 -0.0154325 -0.0127897 2.05173e-05 -0.00812759 -0.0154325 -0.00812759 4.11953e-05)
(0.000118826 -0.0127966 -0.0154085 -0.0127966 2.78875e-05 -0.00812935 -0.0154085 -0.00812935 6.65705e-05)
(-3.77753e-05 -0.0127995 -0.0154383 -0.0127995 4.73881e-05 -0.0081058 -0.0154383 -0.0081058 8.89604e-05)
(-3.91581e-05 -0.0128103 -0.015449 -0.0128103 4.32172e-05 -0.00811498 -0.015449 -0.00811498 6.06919e-05)
(2.60579e-05 -0.0127842 -0.0154315 -0.0127842 2.00826e-05 -0.00812871 -0.0154315 -0.00812871 5.00501e-05)
(5.26426e-05 -0.012796 -0.0154355 -0.012796 3.02168e-05 -0.00813384 -0.0154355 -0.00813384 3.59278e-05)
(0.000119235 -0.0128125 -0.0154426 -0.0128125 3.81424e-05 -0.00813615 -0.0154426 -0.00813615 4.02834e-05)
(2.75319e-05 -0.0127891 -0.0154276 -0.0127891 2.09548e-05 -0.00812756 -0.0154276 -0.00812756 4.36479e-05)
(-3.47663e-05 -0.0128018 -0.0154435 -0.0128018 3.66175e-05 -0.00811633 -0.0154435 -0.00811633 5.90692e-05)
(-5.16773e-06 -0.0127939 -0.0154337 -0.0127939 3.28472e-05 -0.00811943 -0.0154337 -0.00811943 6.66498e-05)
(4.06999e-05 -0.0127924 -0.0154182 -0.0127924 3.12425e-05 -0.00811812 -0.0154182 -0.00811812 0.000104417)
(7.33661e-05 -0.0128039 -0.0154291 -0.0128039 4.48057e-05 -0.00813884 -0.0154291 -0.00813884 3.64577e-05)
(5.17814e-05 -0.0127921 -0.0154233 -0.0127921 2.47372e-05 -0.00813262 -0.0154233 -0.00813262 5.60535e-05)
(4.14626e-05 -0.0127889 -0.0154223 -0.0127889 2.18616e-05 -0.0081273 -0.0154223 -0.0081273 5.50924e-05)
(0.000109666 -0.0128038 -0.0154163 -0.0128038 3.26371e-05 -0.00813578 -0.0154163 -0.00813578 5.63773e-05)
(4.54761e-05 -0.0127912 -0.0154242 -0.0127912 2.36733e-05 -0.00812706 -0.0154242 -0.00812706 5.37286e-05)
(4.87116e-05 -0.0127781 -0.0154349 -0.0127781 1.87901e-05 -0.00812932 -0.0154349 -0.00812932 5.16734e-05)
(1.18476e-05 -0.0127939 -0.0154356 -0.0127939 2.73241e-05 -0.00812097 -0.0154356 -0.00812097 6.74873e-05)
(4.68095e-05 -0.0127902 -0.0154267 -0.0127902 2.8711e-05 -0.00812564 -0.0154267 -0.00812564 5.27584e-05)
(1.71751e-05 -0.0127946 -0.0154319 -0.0127946 3.52656e-05 -0.00811996 -0.0154319 -0.00811996 6.83054e-05)
(2.42751e-05 -0.0127858 -0.0154322 -0.0127858 1.94985e-05 -0.00813001 -0.0154322 -0.00813001 3.69281e-05)
(2.42711e-05 -0.0127906 -0.0154213 -0.0127906 2.77577e-05 -0.00811984 -0.0154213 -0.00811984 0.000100751)
(-2.88259e-05 -0.0127995 -0.0154371 -0.0127995 4.3791e-05 -0.00810855 -0.0154371 -0.00810855 8.62492e-05)
(7.39714e-05 -0.0127899 -0.0154107 -0.0127899 3.0282e-05 -0.00811859 -0.0154107 -0.00811859 8.21267e-05)
(4.40891e-05 -0.0127915 -0.0154304 -0.0127915 2.36418e-05 -0.00813212 -0.0154304 -0.00813212 3.64277e-05)
(4.44569e-05 -0.0127854 -0.0154393 -0.0127854 2.0045e-05 -0.00813023 -0.0154393 -0.00813023 3.82609e-05)
(7.19079e-05 -0.0127949 -0.0154136 -0.0127949 3.23427e-05 -0.00813845 -0.0154136 -0.00813845 9.27579e-05)
(6.16683e-05 -0.0128019 -0.0154267 -0.0128019 4.32615e-05 -0.00814018 -0.0154267 -0.00814018 3.81009e-05)
(3.32446e-05 -0.0127853 -0.0154267 -0.0127853 2.20248e-05 -0.00812848 -0.0154267 -0.00812848 7.50412e-05)
(5.39743e-05 -0.0127893 -0.0154129 -0.0127893 2.44485e-05 -0.00812648 -0.0154129 -0.00812648 7.64971e-05)
(9.22747e-05 -0.0128139 -0.0154359 -0.0128139 4.90154e-05 -0.00813689 -0.0154359 -0.00813689 3.1112e-05)
(3.9298e-05 -0.0127891 -0.0154207 -0.0127891 2.38296e-05 -0.0081276 -0.0154207 -0.0081276 8.35542e-05)
(-3.67139e-05 -0.0128041 -0.0154479 -0.0128041 3.79654e-05 -0.00810949 -0.0154479 -0.00810949 8.32225e-05)
(2.61839e-05 -0.0127869 -0.0154267 -0.0127869 2.06991e-05 -0.00813018 -0.0154267 -0.00813018 4.71926e-05)
(9.4151e-05 -0.0128014 -0.0154529 -0.0128014 3.14934e-05 -0.00813659 -0.0154529 -0.00813659 5.09594e-05)
(3.92401e-05 -0.0127887 -0.0154177 -0.0127887 2.48347e-05 -0.00812403 -0.0154177 -0.00812403 8.16965e-05)
(2.31116e-05 -0.0127883 -0.0154231 -0.0127883 2.50842e-05 -0.00812586 -0.0154231 -0.00812586 0.000100396)
(7.6231e-05 -0.0128029 -0.0154211 -0.0128029 5.40635e-05 -0.0081504 -0.0154211 -0.0081504 7.52189e-05)
(8.57514e-05 -0.0128058 -0.0154186 -0.0128058 5.83469e-05 -0.00815045 -0.0154186 -0.00815045 7.27332e-05)
(8.92771e-05 -0.0127968 -0.0154081 -0.0127968 3.20807e-05 -0.008135 -0.0154081 -0.008135 0.000113915)
(2.78747e-05 -0.0127896 -0.0154385 -0.0127896 2.03924e-05 -0.00813102 -0.0154385 -0.00813102 3.26932e-05)
(3.39083e-05 -0.0127906 -0.015434 -0.0127906 2.30003e-05 -0.00812947 -0.015434 -0.00812947 4.30376e-05)
(0.000122033 -0.0128245 -0.0154044 -0.0128245 8.24246e-05 -0.00815521 -0.0154044 -0.00815521 9.14475e-05)
(1.39298e-05 -0.0127923 -0.0154423 -0.0127923 2.34579e-05 -0.00813099 -0.0154423 -0.00813099 3.82995e-05)
(-0.000114398 -0.012828 -0.0154561 -0.012828 7.52012e-05 -0.00811176 -0.0154561 -0.00811176 7.33064e-05)
(-6.32466e-05 -0.0128109 -0.0154488 -0.0128109 5.29309e-05 -0.00811377 -0.0154488 -0.00811377 7.1435e-05)
(5.03027e-05 -0.0127917 -0.0154346 -0.0127917 3.32093e-05 -0.00812878 -0.0154346 -0.00812878 5.5874e-05)
(0.000111156 -0.0127977 -0.0154112 -0.0127977 2.78412e-05 -0.00812937 -0.0154112 -0.00812937 6.24337e-05)
(4.53023e-05 -0.0127901 -0.0154219 -0.0127901 2.32362e-05 -0.00812815 -0.0154219 -0.00812815 6.29054e-05)
(-1.55042e-05 -0.0127942 -0.0154325 -0.0127942 3.29762e-05 -0.00811465 -0.0154325 -0.00811465 8.68275e-05)
(-5.26149e-05 -0.0128092 -0.0154549 -0.0128092 4.64261e-05 -0.00810894 -0.0154549 -0.00810894 0.000110608)
(4.66351e-05 -0.0127901 -0.0154321 -0.0127901 3.4721e-05 -0.00813397 -0.0154321 -0.00813397 2.9133e-05)
(8.66929e-05 -0.0128023 -0.0154337 -0.0128023 2.84248e-05 -0.00813382 -0.0154337 -0.00813382 3.87988e-05)
(9.08262e-05 -0.0127997 -0.0154134 -0.0127997 2.93803e-05 -0.0081341 -0.0154134 -0.0081341 6.62438e-05)
(4.88206e-05 -0.012791 -0.0154178 -0.012791 2.4337e-05 -0.00812322 -0.0154178 -0.00812322 7.4172e-05)
(3.88877e-05 -0.0127858 -0.0154272 -0.0127858 2.57548e-05 -0.00813589 -0.0154272 -0.00813589 5.75126e-05)
(4.88439e-05 -0.0127912 -0.0154316 -0.0127912 3.62681e-05 -0.00813509 -0.0154316 -0.00813509 3.13018e-05)
(-3.29861e-05 -0.0128024 -0.0154458 -0.0128024 5.30844e-05 -0.00812248 -0.0154458 -0.00812248 5.40946e-05)
(5.51402e-05 -0.0127965 -0.0154345 -0.0127965 3.41229e-05 -0.00813393 -0.0154345 -0.00813393 2.94846e-05)
(4.13368e-05 -0.0127905 -0.0154255 -0.0127905 2.43405e-05 -0.00813317 -0.0154255 -0.00813317 4.55796e-05)
(-4.12658e-05 -0.0128076 -0.0154478 -0.0128076 4.68315e-05 -0.00812162 -0.0154478 -0.00812162 5.50785e-05)
(8.6377e-05 -0.0128 -0.0154115 -0.0128 3.34328e-05 -0.00813825 -0.0154115 -0.00813825 7.9304e-05)
(6.47296e-05 -0.012796 -0.0154177 -0.012796 3.04144e-05 -0.00813693 -0.0154177 -0.00813693 6.74645e-05)
(1.75169e-05 -0.0127897 -0.0154307 -0.0127897 2.31327e-05 -0.00812417 -0.0154307 -0.00812417 5.75715e-05)
(9.78317e-05 -0.0128058 -0.0154135 -0.0128058 7.87565e-05 -0.00815448 -0.0154135 -0.00815448 9.0049e-05)
(1.00026e-05 -0.0127919 -0.0154452 -0.0127919 2.55112e-05 -0.00813368 -0.0154452 -0.00813368 4.12573e-05)
(-2.4132e-05 -0.0128111 -0.015448 -0.0128111 4.50411e-05 -0.0081293 -0.015448 -0.0081293 4.49406e-05)
(5.9977e-05 -0.0127991 -0.0154278 -0.0127991 4.20197e-05 -0.00813943 -0.0154278 -0.00813943 3.65907e-05)
(7.97941e-05 -0.0127978 -0.0154177 -0.0127978 2.68242e-05 -0.0081321 -0.0154177 -0.0081321 5.50159e-05)
(-9.67677e-06 -0.0127934 -0.0154303 -0.0127934 3.24628e-05 -0.00811479 -0.0154303 -0.00811479 0.00010537)
(6.51551e-05 -0.0127947 -0.0154151 -0.0127947 3.49275e-05 -0.00814161 -0.0154151 -0.00814161 8.44552e-05)
(8.86355e-05 -0.0128152 -0.0154243 -0.0128152 5.76929e-05 -0.00814384 -0.0154243 -0.00814384 4.0084e-05)
(1.42351e-05 -0.0127912 -0.0154367 -0.0127912 2.38911e-05 -0.00812632 -0.0154367 -0.00812632 4.88182e-05)
(-2.46187e-05 -0.0127978 -0.0154342 -0.0127978 4.13429e-05 -0.00811276 -0.0154342 -0.00811276 8.96436e-05)
(5.45506e-05 -0.0127932 -0.0154415 -0.0127932 2.57848e-05 -0.00813397 -0.0154415 -0.00813397 4.40442e-05)
(1.10059e-05 -0.0127911 -0.015447 -0.0127911 2.46461e-05 -0.00813485 -0.015447 -0.00813485 4.73851e-05)
(1.11617e-05 -0.0127893 -0.0154384 -0.0127893 2.18416e-05 -0.0081207 -0.0154384 -0.0081207 6.15255e-05)
(3.26888e-05 -0.0127879 -0.0154281 -0.0127879 2.18286e-05 -0.00812733 -0.0154281 -0.00812733 5.93528e-05)
(6.7372e-05 -0.0127965 -0.0154481 -0.0127965 3.02097e-05 -0.00813451 -0.0154481 -0.00813451 5.02843e-05)
(3.08086e-05 -0.0127878 -0.015419 -0.0127878 2.38011e-05 -0.0081251 -0.015419 -0.0081251 8.51016e-05)
(6.51269e-05 -0.0128032 -0.0154234 -0.0128032 4.60176e-05 -0.00814425 -0.0154234 -0.00814425 4.67863e-05)
(4.81196e-05 -0.012793 -0.015425 -0.012793 2.50748e-05 -0.00813332 -0.015425 -0.00813332 4.91846e-05)
(9.90343e-05 -0.0128093 -0.0154108 -0.0128093 7.67501e-05 -0.00815424 -0.0154108 -0.00815424 9.24163e-05)
(0.000114556 -0.0128285 -0.0154336 -0.0128285 6.94396e-05 -0.0081393 -0.0154336 -0.0081393 3.33527e-05)
(-9.56232e-06 -0.0128121 -0.0154569 -0.0128121 6.12304e-05 -0.0081435 -0.0154569 -0.0081435 6.68898e-05)
(-5.37878e-05 -0.0128155 -0.0154484 -0.0128155 5.6283e-05 -0.00813001 -0.0154484 -0.00813001 4.30995e-05)
(4.70743e-05 -0.0127924 -0.0154284 -0.0127924 2.83238e-05 -0.00812384 -0.0154284 -0.00812384 5.85321e-05)
(2.53182e-05 -0.0127867 -0.0154309 -0.0127867 1.9545e-05 -0.00812854 -0.0154309 -0.00812854 4.40982e-05)
(6.73268e-05 -0.0127985 -0.0154287 -0.0127985 5.90403e-05 -0.00814314 -0.0154287 -0.00814314 3.44553e-05)
(9.67136e-05 -0.0128045 -0.0154086 -0.0128045 4.40098e-05 -0.00814762 -0.0154086 -0.00814762 0.000100425)
(3.19982e-05 -0.0127833 -0.0154349 -0.0127833 1.73471e-05 -0.00812657 -0.0154349 -0.00812657 4.60053e-05)
(-6.04488e-08 -0.0127925 -0.0154345 -0.0127925 2.58597e-05 -0.00811916 -0.0154345 -0.00811916 6.64394e-05)
(7.67501e-05 -0.0128013 -0.0154158 -0.0128013 3.69954e-05 -0.00814086 -0.0154158 -0.00814086 6.01165e-05)
(8.32272e-05 -0.0128109 -0.0154299 -0.0128109 4.73309e-05 -0.00813862 -0.0154299 -0.00813862 3.36905e-05)
(8.84324e-05 -0.0128156 -0.0154375 -0.0128156 5.34122e-05 -0.00813581 -0.0154375 -0.00813581 3.06755e-05)
(6.034e-05 -0.0127875 -0.015427 -0.0127875 3.61994e-05 -0.00814367 -0.015427 -0.00814367 7.81092e-05)
(6.32162e-05 -0.0127926 -0.0154124 -0.0127926 2.80895e-05 -0.00812695 -0.0154124 -0.00812695 0.000109381)
(6.45835e-05 -0.012797 -0.0154497 -0.012797 2.89831e-05 -0.00813524 -0.0154497 -0.00813524 4.8363e-05)
(4.87328e-05 -0.0127925 -0.0154305 -0.0127925 3.15033e-05 -0.00813594 -0.0154305 -0.00813594 3.75678e-05)
(0.000114879 -0.0128359 -0.0154305 -0.0128359 9.55299e-05 -0.00814674 -0.0154305 -0.00814674 4.03818e-05)
(5.9018e-06 -0.012791 -0.0154393 -0.012791 2.25321e-05 -0.00813038 -0.0154393 -0.00813038 3.38075e-05)
(2.16479e-06 -0.0128027 -0.0154442 -0.0128027 3.10562e-05 -0.00812303 -0.0154442 -0.00812303 4.30147e-05)
(8.33042e-05 -0.0128083 -0.0154229 -0.0128083 5.18092e-05 -0.00814476 -0.0154229 -0.00814476 4.52526e-05)
(4.44265e-05 -0.012792 -0.015426 -0.012792 2.84741e-05 -0.00813591 -0.015426 -0.00813591 4.27022e-05)
(6.00681e-05 -0.012795 -0.0154192 -0.012795 3.41242e-05 -0.00814078 -0.0154192 -0.00814078 7.12961e-05)
(9.80925e-05 -0.0128073 -0.0154286 -0.0128073 3.46115e-05 -0.00813602 -0.0154286 -0.00813602 3.77772e-05)
(2.65039e-05 -0.0127833 -0.0154327 -0.0127833 1.77482e-05 -0.00812879 -0.0154327 -0.00812879 3.86348e-05)
(-6.49341e-05 -0.0128157 -0.0154513 -0.0128157 5.59026e-05 -0.00812277 -0.0154513 -0.00812277 5.19712e-05)
(7.09788e-05 -0.0127927 -0.0154141 -0.0127927 2.45569e-05 -0.00812802 -0.0154141 -0.00812802 6.72816e-05)
(3.78692e-05 -0.012792 -0.015432 -0.012792 2.06173e-05 -0.00812943 -0.015432 -0.00812943 3.70279e-05)
(-1.84739e-05 -0.0127976 -0.0154375 -0.0127976 3.68153e-05 -0.00811538 -0.0154375 -0.00811538 7.09734e-05)
(8.33657e-05 -0.012799 -0.0154124 -0.012799 3.30337e-05 -0.00813812 -0.0154124 -0.00813812 7.41981e-05)
(6.14487e-05 -0.0128017 -0.0154437 -0.0128017 3.73545e-05 -0.00813125 -0.0154437 -0.00813125 3.15107e-05)
(8.12414e-06 -0.0127897 -0.0154349 -0.0127897 2.1986e-05 -0.00812619 -0.0154349 -0.00812619 4.32139e-05)
(8.33984e-05 -0.0128119 -0.0154198 -0.0128119 5.40462e-05 -0.00814679 -0.0154198 -0.00814679 5.30091e-05)
(6.40925e-05 -0.0128019 -0.0154327 -0.0128019 3.91816e-05 -0.00813513 -0.0154327 -0.00813513 3.0543e-05)
(6.90191e-07 -0.0127968 -0.0154426 -0.0127968 2.82867e-05 -0.00812873 -0.0154426 -0.00812873 4.03514e-05)
(-5.70079e-05 -0.0128035 -0.0154435 -0.0128035 5.59205e-05 -0.00811522 -0.0154435 -0.00811522 7.10209e-05)
(1.0488e-05 -0.0127924 -0.0154334 -0.0127924 3.12414e-05 -0.00812403 -0.0154334 -0.00812403 5.8509e-05)
(8.55136e-06 -0.0127953 -0.0154444 -0.0127953 2.79848e-05 -0.0081319 -0.0154444 -0.0081319 4.28171e-05)
(-7.02941e-06 -0.0127903 -0.0154304 -0.0127903 2.68121e-05 -0.00811857 -0.0154304 -0.00811857 7.46794e-05)
(3.90188e-05 -0.0127877 -0.0154331 -0.0127877 2.35344e-05 -0.00813214 -0.0154331 -0.00813214 3.55086e-05)
(-3.00191e-06 -0.0127992 -0.0154423 -0.0127992 4.57571e-05 -0.00812163 -0.0154423 -0.00812163 6.36794e-05)
(0.000156874 -0.0128073 -0.0154268 -0.0128073 3.28029e-05 -0.00813573 -0.0154268 -0.00813573 5.18035e-05)
(8.37674e-05 -0.012803 -0.0154321 -0.012803 3.23022e-05 -0.00813566 -0.0154321 -0.00813566 3.32318e-05)
(1.42044e-05 -0.0127841 -0.0154362 -0.0127841 1.64703e-05 -0.0081252 -0.0154362 -0.0081252 3.99785e-05)
(3.97069e-05 -0.0127883 -0.0154362 -0.0127883 3.73975e-05 -0.00813159 -0.0154362 -0.00813159 3.2206e-05)
(2.92369e-05 -0.012787 -0.0154422 -0.012787 2.14637e-05 -0.00813185 -0.0154422 -0.00813185 4.01147e-05)
(3.44376e-06 -0.0127946 -0.0154391 -0.0127946 2.61669e-05 -0.00812548 -0.0154391 -0.00812548 4.38361e-05)
(7.98561e-05 -0.0127976 -0.0154153 -0.0127976 2.73627e-05 -0.00813271 -0.0154153 -0.00813271 6.08271e-05)
(4.64263e-05 -0.0127929 -0.0154267 -0.0127929 2.67009e-05 -0.00813417 -0.0154267 -0.00813417 3.96255e-05)
(-3.22694e-05 -0.0128083 -0.0154488 -0.0128083 4.31908e-05 -0.00812325 -0.0154488 -0.00812325 5.12469e-05)
(1.86692e-05 -0.0127866 -0.0154309 -0.0127866 2.15348e-05 -0.00812885 -0.0154309 -0.00812885 4.90119e-05)
(6.00899e-05 -0.0127893 -0.0154117 -0.0127893 2.46492e-05 -0.00812703 -0.0154117 -0.00812703 7.63688e-05)
(6.92546e-05 -0.0128042 -0.0154365 -0.0128042 5.13028e-05 -0.00813548 -0.0154365 -0.00813548 3.37304e-05)
(7.26351e-05 -0.0128098 -0.0154351 -0.0128098 7.01455e-05 -0.00813308 -0.0154351 -0.00813308 2.73199e-05)
(6.64087e-05 -0.0127981 -0.0154288 -0.0127981 2.65038e-05 -0.0081331 -0.0154288 -0.0081331 3.88565e-05)
(4.9916e-05 -0.0127868 -0.0154288 -0.0127868 3.09866e-05 -0.00813745 -0.0154288 -0.00813745 4.50963e-05)
(-5.03331e-05 -0.0128009 -0.0154417 -0.0128009 4.2436e-05 -0.00810859 -0.0154417 -0.00810859 9.44986e-05)
(7.53373e-05 -0.0128093 -0.0154307 -0.0128093 4.57671e-05 -0.00813783 -0.0154307 -0.00813783 3.19281e-05)
(8.03543e-05 -0.0128053 -0.0154586 -0.0128053 3.44107e-05 -0.00813437 -0.0154586 -0.00813437 4.37306e-05)
(-2.66134e-05 -0.0128053 -0.0154461 -0.0128053 4.17739e-05 -0.00812582 -0.0154461 -0.00812582 4.52041e-05)
(-1.41265e-05 -0.0127916 -0.0154331 -0.0127916 2.75569e-05 -0.0081167 -0.0154331 -0.0081167 7.6002e-05)
(3.27057e-05 -0.0127871 -0.0154198 -0.0127871 2.27646e-05 -0.00812857 -0.0154198 -0.00812857 7.12357e-05)
(6.37784e-06 -0.0127889 -0.0154261 -0.0127889 2.6524e-05 -0.00812095 -0.0154261 -0.00812095 6.95315e-05)
(4.96776e-05 -0.0127941 -0.0154221 -0.0127941 3.0305e-05 -0.00813732 -0.0154221 -0.00813732 4.97303e-05)
(8.27519e-05 -0.0128096 -0.0154212 -0.0128096 4.99086e-05 -0.00814464 -0.0154212 -0.00814464 4.98815e-05)
(1.97546e-05 -0.012794 -0.0154392 -0.012794 2.90836e-05 -0.00812809 -0.0154392 -0.00812809 5.00155e-05)
(-4.21849e-06 -0.0127922 -0.0154299 -0.0127922 3.05444e-05 -0.00811791 -0.0154299 -0.00811791 7.54548e-05)
(2.19331e-05 -0.0127901 -0.0154242 -0.0127901 3.01751e-05 -0.00811865 -0.0154242 -0.00811865 7.34162e-05)
(3.22477e-05 -0.0127885 -0.0154326 -0.0127885 2.0616e-05 -0.00812926 -0.0154326 -0.00812926 4.55115e-05)
