/*--------------------------------*- C++ -*----------------------------------*\
  =========                 |
  \\      /  F ield         | OpenFOAM: The Open Source CFD Toolbox
   \\    /   O peration     | Website:  https://openfoam.org
    \\  /    A nd           | Version:  10
     \\/     M anipulation  |
\*---------------------------------------------------------------------------*/
FoamFile
{
    format      ascii;
    class       volTensorField;
    location    "12";
    object      TauNN;
}
// * * * * * * * * * * * * * * * * * * * * * * * * * * * * * * * * * * * * * //

dimensions      [0 2 -2 0 0 0 0];

internalField   nonuniform List<tensor> 
25600
(
(0.000303937 -7.17137e-05 0.000124798 -7.17137e-05 0.000258988 -7.64104e-05 0.000124798 -7.64104e-05 -7.73506e-06)
(0.000297393 -3.23709e-05 0.000142723 -3.23709e-05 0.00042053 1.29649e-05 0.000142723 1.29649e-05 4.95332e-05)
(0.000308385 7.0733e-05 0.000204705 7.0733e-05 0.000428477 9.80971e-05 0.000204705 9.80971e-05 0.000113051)
(0.000224237 4.5618e-05 0.000192473 4.5618e-05 0.000240549 5.65238e-05 0.000192473 5.65238e-05 7.36328e-05)
(0.000171481 2.57445e-05 0.000119934 2.57445e-05 0.000151671 -1.41738e-05 0.000119934 -1.41738e-05 5.17129e-05)
(0.000310442 0.000109982 0.000179288 0.000109982 0.00021244 -2.24914e-06 0.000179288 -2.24914e-06 0.000225235)
(0.000478319 0.000189018 0.000315789 0.000189018 0.00023129 3.4471e-05 0.000315789 3.4471e-05 0.000396663)
(0.000384799 0.000128737 0.000284089 0.000128737 0.000133616 1.23912e-05 0.000284089 1.23912e-05 0.000304552)
(0.000223446 4.12045e-05 0.000173316 4.12045e-05 8.17357e-05 -6.30785e-06 0.000173316 -6.30785e-06 0.000131207)
(0.000196394 -6.20168e-06 0.000146478 -6.20168e-06 8.2602e-05 4.7544e-06 0.000146478 4.7544e-06 8.3426e-05)
(0.000231377 3.82401e-06 0.000151412 3.82401e-06 0.000123125 1.09207e-05 0.000151412 1.09207e-05 9.61947e-05)
(0.000251312 1.8646e-05 0.00017648 1.8646e-05 0.000181379 2.64598e-05 0.00017648 2.64598e-05 0.000121015)
(0.000246085 -6.31344e-06 0.000187572 -6.31344e-06 0.000225406 6.40927e-05 0.000187572 6.40927e-05 0.000158489)
(0.000204288 -5.04637e-05 0.000139555 -5.04637e-05 0.000195265 7.04471e-05 0.000139555 7.04471e-05 0.000217836)
(0.000154428 -4.40059e-05 7.73789e-05 -4.40059e-05 0.000158494 1.60225e-05 7.73789e-05 1.60225e-05 0.000205498)
(0.000140757 -1.05603e-05 3.78983e-05 -1.05603e-05 0.000170547 -2.82498e-05 3.78983e-05 -2.82498e-05 0.000144906)
(0.000141437 5.49573e-06 4.45284e-05 5.49573e-06 0.000166602 -3.12254e-05 4.45284e-05 -3.12254e-05 7.75946e-05)
(0.000153784 3.43844e-06 8.26577e-05 3.43844e-06 0.000153967 -2.32169e-05 8.26577e-05 -2.32169e-05 2.23525e-05)
(0.000166553 3.1665e-08 0.000101452 3.1665e-08 0.000167121 -2.21785e-05 0.000101452 -2.21785e-05 8.3835e-06)
(0.000155566 -4.27477e-07 0.000103682 -4.27477e-07 0.000169834 -1.5161e-05 0.000103682 -1.5161e-05 1.11696e-05)
(0.000156272 1.8321e-05 8.19061e-05 1.8321e-05 0.000206413 -2.18656e-05 8.19061e-05 -2.18656e-05 1.858e-05)
(0.000224794 9.76697e-05 8.47243e-05 9.76697e-05 0.000376565 1.55084e-05 8.47243e-05 1.55084e-05 6.27833e-05)
(0.00039465 0.000263656 0.000203503 0.000263656 0.000657257 0.000157418 0.000203503 0.000157418 0.000235798)
(0.000529948 0.000349244 0.000353327 0.000349244 0.000748009 0.000286045 0.000353327 0.000286045 0.00043807)
(0.00044406 0.000208675 0.000317425 0.000208675 0.000335505 0.000185356 0.000317425 0.000185356 0.00040525)
(0.000249427 7.39116e-05 0.000147319 7.39116e-05 8.81816e-05 -2.11215e-05 0.000147319 -2.11215e-05 0.000103853)
(0.000253768 6.73775e-05 0.000160172 6.73775e-05 0.000228453 -2.41455e-05 0.000160172 -2.41455e-05 2.20205e-05)
(0.000303123 4.23985e-05 0.000189416 4.23985e-05 0.000535101 9.07946e-05 0.000189416 9.07946e-05 0.000105055)
(0.000321618 -7.96625e-05 0.00016514 -7.96625e-05 0.000696016 9.28557e-05 0.00016514 9.28557e-05 0.000110308)
(0.00037219 -0.000166929 0.00018023 -0.000166929 0.000618553 -4.55324e-05 0.00018023 -4.55324e-05 4.36249e-05)
(0.000422122 -0.000138227 0.000209365 -0.000138227 0.000435217 -0.000125132 0.000209365 -0.000125132 2.38148e-05)
(0.000357823 -1.34027e-05 0.000181058 -1.34027e-05 0.000285088 -0.000108687 0.000181058 -0.000108687 3.46122e-05)
(0.000299214 7.82069e-05 0.000144829 7.82069e-05 0.000221922 -6.96657e-05 0.000144829 -6.96657e-05 2.25116e-05)
(0.000294014 9.67477e-05 0.000160349 9.67477e-05 0.000230372 3.14694e-06 0.000160349 3.14694e-06 2.80495e-05)
(0.000291103 6.34836e-05 0.000201121 6.34836e-05 0.000224796 5.45047e-05 0.000201121 5.45047e-05 9.44786e-05)
(0.000219971 1.89301e-05 0.000185262 1.89301e-05 0.0001978 4.55491e-05 0.000185262 4.55491e-05 0.000123163)
(0.000169625 3.51574e-06 0.000110327 3.51574e-06 0.00018737 -6.80052e-06 0.000110327 -6.80052e-06 0.000107137)
(0.000237832 6.30049e-05 8.08612e-05 6.30049e-05 0.000245964 -2.5034e-05 8.08612e-05 -2.5034e-05 0.000102674)
(0.000353256 8.77548e-05 0.000158654 8.77548e-05 0.000249061 -1.48676e-05 0.000158654 -1.48676e-05 0.000137835)
(0.000361219 1.41924e-05 0.000176941 1.41924e-05 0.000209948 -5.05317e-05 0.000176941 -5.05317e-05 8.21187e-05)
(0.000250082 -0.000141889 9.68762e-05 -0.000141889 0.000626165 0.000191503 9.68762e-05 0.000191503 0.000189784)
(0.000253308 -0.000161557 8.37538e-05 -0.000161557 0.000604009 0.000156891 8.37538e-05 0.000156891 0.000123818)
(0.000206533 -7.74637e-05 9.39146e-05 -7.74637e-05 0.00030819 1.48686e-05 9.39146e-05 1.48686e-05 -9.62128e-06)
(0.000229168 6.33672e-05 0.000105514 6.33672e-05 0.000216841 -1.56872e-05 0.000105514 -1.56872e-05 1.16868e-05)
(0.000310916 0.000170832 0.000138453 0.000170832 0.000362051 5.15785e-05 0.000138453 5.15785e-05 0.000127692)
(0.000327478 0.000161137 0.000172077 0.000161137 0.000350032 6.45351e-05 0.000172077 6.45351e-05 0.000179624)
(0.000246878 6.25737e-05 0.000181236 6.25737e-05 0.000130275 -3.46918e-06 0.000181236 -3.46918e-06 0.00014459)
(0.00025349 1.43172e-05 0.000205662 1.43172e-05 9.89952e-05 -6.4251e-05 0.000205662 -6.4251e-05 0.00014143)
(0.000312015 1.97608e-05 0.000206672 1.97608e-05 0.000171967 -9.54196e-05 0.000206672 -9.54196e-05 0.000154405)
(0.000349703 6.86832e-05 0.000147237 6.86832e-05 0.000186127 -8.70591e-05 0.000147237 -8.70591e-05 0.000183685)
(0.000372393 8.66111e-05 6.21295e-05 8.66111e-05 0.000211848 -4.77247e-05 6.21295e-05 -4.77247e-05 0.000248723)
(0.000348199 5.8691e-05 6.94124e-05 5.8691e-05 0.000256257 9.20333e-06 6.94124e-05 9.20333e-06 0.000230206)
(0.000280374 5.09778e-05 0.000115155 5.09778e-05 0.000292553 2.79546e-05 0.000115155 2.79546e-05 0.000152079)
(0.000251232 7.70576e-05 0.000124354 7.70576e-05 0.00027468 2.05534e-05 0.000124354 2.05534e-05 0.000131926)
(0.00026513 6.45788e-05 0.000152953 6.45788e-05 0.000190194 8.39029e-06 0.000152953 8.39029e-06 0.000121421)
(0.000323978 7.06883e-05 0.000134554 7.06883e-05 0.000217701 -6.88033e-05 0.000134554 -6.88033e-05 0.000155614)
(0.000377674 0.000109613 9.73325e-05 0.000109613 0.00032631 -0.00012088 9.73325e-05 -0.00012088 0.000150075)
(0.000312448 6.15679e-05 0.000135617 6.15679e-05 0.000330767 -5.81741e-05 0.000135617 -5.81741e-05 9.0141e-05)
(0.000198354 -1.75713e-05 0.000141553 -1.75713e-05 0.000218044 -2.65054e-06 0.000141553 -2.65054e-06 8.78514e-05)
(0.000189111 1.94684e-05 5.7118e-05 1.94684e-05 0.000215213 -3.32789e-05 5.7118e-05 -3.32789e-05 0.00013461)
(0.000335041 0.00016228 8.25534e-05 0.00016228 0.00034746 -1.07763e-05 8.25534e-05 -1.07763e-05 0.000229315)
(0.000472257 0.000234622 0.000265954 0.000234622 0.000330279 4.8928e-05 0.000265954 4.8928e-05 0.000331128)
(0.000415302 0.000150737 0.00034542 0.000150737 0.000162918 3.61325e-05 0.00034542 3.61325e-05 0.000338468)
(0.000330285 0.000101383 0.000188345 0.000101383 9.97146e-05 -3.91016e-05 0.000188345 -3.91016e-05 0.000284479)
(0.000570253 0.000242183 -6.15837e-05 0.000242183 0.000368874 -0.000207909 -6.15837e-05 -0.000207909 0.000322835)
(0.000783711 0.000357799 4.22634e-05 0.000357799 0.000881922 -0.000180898 4.22634e-05 -0.000180898 0.000343774)
(0.000603375 0.000240552 0.000254616 0.000240552 0.00118565 0.000110803 0.000254616 0.000110803 0.000334199)
(0.000419232 -3.90364e-05 0.000201812 -3.90364e-05 0.00111188 0.000209212 0.000201812 0.000209212 0.000300868)
(0.000383932 -0.000194842 0.000169422 -0.000194842 0.000821264 -7.22231e-05 0.000169422 -7.22231e-05 9.18242e-05)
(0.000631917 -0.000239195 0.000260029 -0.000239195 0.000726315 -0.00039176 0.000260029 -0.00039176 0.000315153)
(0.000837455 -0.000240931 0.0002787 -0.000240931 0.000864928 -0.000555862 0.0002787 -0.000555862 0.000560383)
(0.000724755 -0.000144479 0.000181287 -0.000144479 0.0009867 -0.000450091 0.000181287 -0.000450091 0.000319014)
(0.000550254 -1.68178e-05 0.000185304 -1.68178e-05 0.00105203 -0.000124091 0.000185304 -0.000124091 0.000131137)
(0.000442517 2.06484e-05 0.000209551 2.06484e-05 0.000872464 0.000113443 0.000209551 0.000113443 0.000182415)
(0.000339258 -1.87745e-05 0.000180807 -1.87745e-05 0.000532715 6.26761e-05 0.000180807 6.26761e-05 0.000125005)
(0.000293826 -3.07001e-05 0.000138459 -3.07001e-05 0.000359274 -2.56877e-05 0.000138459 -2.56877e-05 5.93387e-05)
(0.000290666 -1.26176e-05 0.000128465 -1.26176e-05 0.000286929 -5.59473e-05 0.000128465 -5.59473e-05 6.26146e-05)
(0.000275367 -1.35405e-05 0.000123617 -1.35405e-05 0.000271577 -4.68688e-05 0.000123617 -4.68688e-05 6.22058e-05)
(0.000258896 -5.58356e-05 0.000134256 -5.58356e-05 0.000343779 -1.21724e-06 0.000134256 -1.21724e-06 7.09386e-05)
(0.000237517 -8.95737e-05 0.000132957 -8.95737e-05 0.000466906 0.000104566 0.000132957 0.000104566 0.000134809)
(0.000148118 5.74049e-05 9.87202e-07 5.74049e-05 0.000259897 -4.3489e-05 9.87202e-07 -4.3489e-05 0.000191131)
(0.000174696 0.000114882 -0.000125508 0.000114882 0.000305008 -0.000170056 -0.000125508 -0.000170056 0.000415311)
(0.000220779 0.000176131 -0.000215133 0.000176131 0.000321627 -0.000226882 -0.000215133 -0.000226882 0.000432557)
(0.00019673 0.000126668 -0.00019382 0.000126668 0.000198626 -0.000160981 -0.00019382 -0.000160981 0.000342603)
(0.000120362 2.99178e-05 -7.45021e-05 2.99178e-05 9.70273e-05 -9.16235e-05 -7.45021e-05 -9.16235e-05 0.000273843)
(0.00010661 -5.09797e-05 9.31742e-05 -5.09797e-05 7.6595e-05 -1.79363e-05 9.31742e-05 -1.79363e-05 0.000174602)
(0.000195371 -4.16422e-05 0.000179614 -4.16422e-05 0.000154504 2.38102e-05 0.000179614 2.38102e-05 8.53232e-05)
(0.000324343 3.454e-05 0.000137704 3.454e-05 0.000270451 -4.67198e-05 0.000137704 -4.67198e-05 0.000117901)
(0.00041946 5.97145e-05 9.74778e-05 5.97145e-05 0.000313964 -0.000131926 9.74778e-05 -0.000131926 0.000208497)
(0.000420904 5.97415e-05 9.7381e-05 5.97415e-05 0.000261467 -0.000122517 9.7381e-05 -0.000122517 0.000235296)
(0.000354212 6.6678e-05 0.000100523 6.6678e-05 0.000215358 -6.37854e-05 0.000100523 -6.37854e-05 0.000197991)
(0.000251388 4.53321e-05 0.000105726 4.53321e-05 0.00020782 -1.18278e-05 0.000105726 -1.18278e-05 8.2341e-05)
(0.000192681 3.3333e-05 7.32131e-05 3.3333e-05 0.00028435 -1.75815e-05 7.32131e-05 -1.75815e-05 7.74149e-05)
(0.000232499 -4.53833e-06 7.80448e-05 -4.53833e-06 0.000329702 1.92467e-05 7.80448e-05 1.92467e-05 0.000134823)
(0.000372356 6.44876e-05 6.01867e-05 6.44876e-05 0.000289384 3.49237e-05 6.01867e-05 3.49237e-05 0.000313186)
(0.000547609 0.000197639 6.50669e-05 0.000197639 0.000325581 2.86661e-06 6.50669e-05 2.86661e-06 0.000736255)
(0.000760581 0.00029687 0.0002524 0.00029687 0.000427695 0.000101179 0.0002524 0.000101179 0.00115921)
(0.000974359 0.000409852 0.000504905 0.000409852 0.000589066 0.000230799 0.000504905 0.000230799 0.00121103)
(0.000869357 0.00044242 0.000481015 0.00044242 0.0006503 0.000214523 0.000481015 0.000214523 0.000702284)
(0.000369086 0.00031733 5.24335e-05 0.00031733 0.000517852 -2.60938e-05 5.24335e-05 -2.60938e-05 0.000127407)
(0.000158955 0.000221441 -0.000133014 0.000221441 0.000453542 -0.00025974 -0.000133014 -0.00025974 0.000238842)
(0.000136749 0.000124833 -3.10317e-05 0.000124833 0.000268445 -0.000148717 -3.10317e-05 -0.000148717 0.000135571)
(0.000227126 4.68185e-05 0.000139896 4.68185e-05 0.000122743 -4.79175e-05 0.000139896 -4.79175e-05 7.23817e-05)
(0.00110819 0.000336923 -0.000222543 0.000336923 0.000632137 -0.000575777 -0.000222543 -0.000575777 0.00133735)
(0.00220448 0.000467042 -0.000712889 0.000467042 0.00121411 -0.000940835 -0.000712889 -0.000940835 0.00303759)
(0.00239805 0.000690758 -0.000646655 0.000690758 0.00100523 -0.000633856 -0.000646655 -0.000633856 0.00386067)
(0.0020073 0.000733196 -9.18135e-05 0.000733196 0.000774829 -6.72974e-06 -9.18135e-05 -6.72974e-06 0.00379629)
(0.00177575 0.000744894 0.00037862 0.000744894 0.000851122 0.000325167 0.00037862 0.000325167 0.00314794)
(0.00155418 0.000653674 0.000490593 0.000653674 0.0007837 0.000238241 0.000490593 0.000238241 0.00248193)
(0.00117113 0.000364362 0.000342976 0.000364362 0.000592388 -0.000122312 0.000342976 -0.000122312 0.00165422)
(0.000912308 8.67313e-05 0.000158917 8.67313e-05 0.000654802 -0.000414262 0.000158917 -0.000414262 0.000922907)
(0.000769623 1.8253e-05 0.000117522 1.8253e-05 0.000756476 -0.000447925 0.000117522 -0.000447925 0.000584637)
(0.000632494 -9.90555e-06 0.000121348 -9.90555e-06 0.000752242 -0.000367641 0.000121348 -0.000367641 0.000379301)
(0.000489775 2.19755e-05 0.000113587 2.19755e-05 0.000507037 -0.000231454 0.000113587 -0.000231454 0.000285797)
(0.000405533 7.19605e-05 0.000127349 7.19605e-05 0.000308651 -7.85962e-05 0.000127349 -7.85962e-05 0.000333014)
(0.000413278 9.85572e-05 0.0001723 9.85572e-05 0.000345045 3.56939e-05 0.0001723 3.56939e-05 0.000388152)
(0.000443189 0.00010702 0.000216877 0.00010702 0.0004296 7.68406e-05 0.000216877 7.68406e-05 0.000401447)
(0.000409933 9.28389e-05 0.000202648 9.28389e-05 0.000362877 1.93818e-05 0.000202648 1.93818e-05 0.00033629)
(0.000332964 6.88564e-05 0.000158803 6.88564e-05 0.000313739 -2.61813e-05 0.000158803 -2.61813e-05 0.000214425)
(0.000222091 5.71683e-05 9.21357e-05 5.71683e-05 0.000283946 -1.87727e-05 9.21357e-05 -1.87727e-05 0.000111878)
(0.000428701 0.000180378 0.00019829 0.000180378 0.00032086 2.18013e-05 0.00019829 2.18013e-05 0.000235406)
(0.000181957 0.00013996 -3.20552e-05 0.00013996 0.000235245 -8.01552e-05 -3.20552e-05 -8.01552e-05 0.000104951)
(0.000112247 3.1271e-05 -8.71429e-05 3.1271e-05 0.000134816 -0.000151633 -8.71429e-05 -0.000151633 0.000396139)
(0.000158362 -6.19935e-05 2.57222e-05 -6.19935e-05 5.885e-05 1.39885e-05 2.57222e-05 1.39885e-05 0.00035426)
(0.000290726 -5.75455e-05 0.000192706 -5.75455e-05 0.000252784 4.45591e-05 0.000192706 4.45591e-05 0.000110759)
(0.000572555 5.82961e-05 0.000186959 5.82961e-05 0.000669753 -0.000182405 0.000186959 -0.000182405 0.000206535)
(0.000659135 0.000150677 0.000124535 0.000150677 0.000799897 -0.000254476 0.000124535 -0.000254476 0.000280512)
(0.00046327 8.74158e-05 0.000155445 8.74158e-05 0.000587119 -0.000117468 0.000155445 -0.000117468 0.000158061)
(0.000252956 -3.01637e-05 0.000168284 -3.01637e-05 0.000371332 5.13671e-05 0.000168284 5.13671e-05 9.30862e-05)
(0.000202343 -5.65918e-05 0.000112445 -5.65918e-05 0.000305636 6.33765e-05 0.000112445 6.33765e-05 0.000113906)
(0.000231752 -5.59948e-05 0.000133497 -5.59948e-05 0.000338473 -4.41363e-05 0.000133497 -4.41363e-05 4.06659e-05)
(0.000401802 -9.90173e-05 0.000172585 -9.90173e-05 0.00034928 -0.000169766 0.000172585 -0.000169766 7.23241e-05)
(0.000696969 2.51215e-05 0.000176518 2.51215e-05 0.0003559 -0.000255025 0.000176518 -0.000255025 0.000454947)
(0.000722098 0.000216984 0.000103049 0.000216984 0.000266121 -8.16714e-05 0.000103049 -8.16714e-05 0.000766786)
(0.000625748 0.000186161 0.000135733 0.000186161 0.000399618 0.000238786 0.000135733 0.000238786 0.000782803)
(0.000591795 0.000166709 0.000213126 0.000166709 0.000976251 0.000422954 0.000213126 0.000422954 0.0005122)
(0.000457264 0.00026592 0.000145867 0.00026592 0.00108219 0.000190024 0.000145867 0.000190024 0.000277649)
(0.000333894 0.000191882 8.858e-05 0.000191882 0.00038145 -6.44103e-06 8.858e-05 -6.44103e-06 0.000198746)
(0.000339829 2.08737e-05 0.000164878 2.08737e-05 0.000202603 -8.81637e-05 0.000164878 -8.81637e-05 0.000126395)
(0.000520433 -0.000107605 0.000254625 -0.000107605 0.000467729 -0.000304068 0.000254625 -0.000304068 0.000206399)
(0.000555782 -2.79909e-05 0.000283327 -2.79909e-05 0.000433397 -0.00040079 0.000283327 -0.00040079 0.000403741)
(0.000482461 0.000176484 0.000151688 0.000176484 0.000280079 -0.000315871 0.000151688 -0.000315871 0.00049789)
(0.0007092 0.000382556 -3.70815e-05 0.000382556 0.000500053 -0.000342681 -3.70815e-05 -0.000342681 0.000475532)
(0.000892413 0.000506188 -2.24411e-05 0.000506188 0.000895707 -0.000357318 -2.24411e-05 -0.000357318 0.000469241)
(0.000486565 0.000165431 0.00010396 0.000165431 0.000446698 -0.000172274 0.00010396 -0.000172274 0.000287073)
(0.000417875 0.000108955 0.000108577 0.000108955 0.000669576 -3.88836e-05 0.000108577 -3.88836e-05 0.000337064)
(0.000555009 0.000594104 2.18032e-05 0.000594104 0.00214429 -5.6657e-05 2.18032e-05 -5.6657e-05 0.000434268)
(0.00045295 0.00049084 -1.83955e-05 0.00049084 0.00186322 -8.39364e-05 -1.83955e-05 -8.39364e-05 0.000322656)
(0.000284444 0.000141438 1.4049e-05 0.000141438 0.000666183 -9.37507e-05 1.4049e-05 -9.37507e-05 0.000234707)
(0.000296891 3.88259e-05 0.000109077 3.88259e-05 0.000377904 -7.27437e-05 0.000109077 -7.27437e-05 0.000289373)
(0.000453594 2.72142e-05 0.000151717 2.72142e-05 0.000544736 -0.000134761 0.000151717 -0.000134761 0.000383905)
(0.00052333 -2.55564e-05 0.000158682 -2.55564e-05 0.000589632 -0.000185785 0.000158682 -0.000185785 0.000372673)
(0.000450179 -8.28449e-05 0.000156772 -8.28449e-05 0.000478462 -0.000142831 0.000156772 -0.000142831 0.000232887)
(0.000329205 -0.000113508 0.000103083 -0.000113508 0.000372405 -5.33769e-05 0.000103083 -5.33769e-05 7.98964e-05)
(0.000276662 -2.85283e-05 1.99452e-05 -2.85283e-05 0.000349644 -2.5155e-05 1.99452e-05 -2.5155e-05 7.19784e-05)
(0.000190625 2.53599e-05 1.80807e-05 2.53599e-05 0.000283214 -2.48002e-05 1.80807e-05 -2.48002e-05 6.97068e-05)
(0.00011766 3.38173e-05 6.99386e-05 3.38173e-05 0.000202572 -4.49969e-05 6.99386e-05 -4.49969e-05 7.5707e-05)
(0.000178793 -5.20796e-06 0.000119143 -5.20796e-06 0.000206969 -3.82988e-05 0.000119143 -3.82988e-05 8.02449e-05)
(0.000264428 2.15787e-05 0.000133784 2.15787e-05 0.000270293 -1.57664e-05 0.000133784 -1.57664e-05 0.000178137)
(0.000424999 0.000138388 0.000237135 0.000138388 0.000321042 2.74237e-05 0.000237135 2.74237e-05 0.000369059)
(0.000450179 -0.000252993 -0.000489857 -0.000252993 0.000872069 0.000757393 -0.000489857 0.000757393 0.00152729)
(0.000677354 -0.000365311 -0.000666887 -0.000365311 0.0010512 0.00105136 -0.000666887 0.00105136 0.00196389)
(0.000738396 -0.000222978 -0.000226664 -0.000222978 0.001076 0.000939014 -0.000226664 0.000939014 0.00134109)
(0.000577998 7.95573e-05 0.000271212 7.95573e-05 0.000927564 0.000327736 0.000271212 0.000327736 0.00041091)
(0.000655019 0.000263848 0.000127866 0.000263848 0.000837108 -0.000225768 0.000127866 -0.000225768 0.000298246)
(0.00101555 0.000334197 -0.000155383 0.000334197 0.000986242 -0.00059355 -0.000155383 -0.00059355 0.000878771)
(0.000956099 0.000176233 -6.4983e-05 0.000176233 0.000833158 -0.000542336 -6.4983e-05 -0.000542336 0.000928449)
(0.000461564 -5.30705e-05 0.000131897 -5.30705e-05 0.000569673 -0.000169581 0.000131897 -0.000169581 0.0002006)
(0.000279339 -0.000163514 0.000117423 -0.000163514 0.000414635 0.000177817 0.000117423 0.000177817 0.000275157)
(0.000255495 -6.99516e-05 6.92168e-05 -6.99516e-05 0.00024915 0.00016288 6.92168e-05 0.00016288 0.000356881)
(0.000206087 2.96254e-06 0.0001434 2.96254e-06 0.000190731 -3.1421e-05 0.0001434 -3.1421e-05 9.07171e-05)
(0.000509567 4.74872e-05 0.000111569 4.74872e-05 0.000354127 -0.000171767 0.000111569 -0.000171767 0.000417983)
(0.00084122 -0.000172723 0.000130076 -0.000172723 0.000832 -0.000469274 0.000130076 -0.000469274 0.000559457)
(0.000655219 -0.000277447 0.00027632 -0.000277447 0.00087312 -0.000491092 0.00027632 -0.000491092 0.000339311)
(0.000470266 -2.18023e-05 0.000430014 -2.18023e-05 0.000255759 -0.000341587 0.000430014 -0.000341587 0.000623217)
(0.000595837 0.000214878 0.000509586 0.000214878 0.000265712 0.000146107 0.000509586 0.000146107 0.000962184)
(0.000499548 0.000183784 0.000107658 0.000183784 0.000237914 9.98117e-05 0.000107658 9.98117e-05 0.000666837)
(0.000510839 0.000196177 5.31692e-05 0.000196177 0.000375558 -0.000122021 5.31692e-05 -0.000122021 0.000236637)
(0.000502478 0.000185781 0.000259515 0.000185781 0.000786614 1.92728e-05 0.000259515 1.92728e-05 0.000249)
(0.000445493 -0.000137669 0.000221329 -0.000137669 0.00105863 1.70534e-05 0.000221329 1.70534e-05 0.000180757)
(0.000565812 -0.000446564 0.000180783 -0.000446564 0.00119842 0.000103863 0.000180783 0.000103863 0.00017439)
(0.00060329 -0.000177299 0.00022357 -0.000177299 0.00145617 0.000295768 0.00022357 0.000295768 0.00034706)
(0.000681935 0.000325625 0.00033671 0.000325625 0.00152598 0.000227549 0.00033671 0.000227549 0.000399848)
(0.000438976 8.57189e-05 0.000189606 8.57189e-05 0.000411982 -0.000127167 0.000189606 -0.000127167 0.000233197)
(0.000882598 0.000942379 0.000512281 0.000942379 0.00244196 0.000638487 0.000512281 0.000638487 0.000883975)
(0.00187686 0.00111444 0.000889812 0.00111444 0.0052454 0.000535807 0.000889812 0.000535807 0.00181507)
(0.000385493 0.000629988 4.47258e-05 0.000629988 0.00279692 5.29615e-05 4.47258e-05 5.29615e-05 0.000423616)
(0.000576273 0.0001682 0.000175579 0.0001682 0.000595821 -5.87497e-05 0.000175579 -5.87497e-05 0.000242365)
(0.00125434 0.000947861 -9.68948e-06 0.000947861 0.00336838 -0.000484096 -9.68948e-06 -0.000484096 0.000873048)
(0.00215623 0.000434284 -0.000407095 0.000434284 0.00388703 -0.00160087 -0.000407095 -0.00160087 0.00224563)
(0.00255653 0.000192829 -0.000196447 0.000192829 0.00273232 -0.00159005 -0.000196447 -0.00159005 0.00294525)
(0.0016945 0.000109117 9.70289e-05 0.000109117 0.00145978 -0.000945842 9.70289e-05 -0.000945842 0.00197309)
(0.000927694 9.3258e-05 0.000260329 9.3258e-05 0.000684514 -0.000276585 0.000260329 -0.000276585 0.00078252)
(0.000623784 6.27609e-05 0.000201257 6.27609e-05 0.000708949 -8.99127e-05 0.000201257 -8.99127e-05 0.000362538)
(0.000423279 -8.13622e-05 0.000171056 -8.13622e-05 0.000638618 -0.000160703 0.000171056 -0.000160703 0.000212218)
(0.00054571 -0.000243327 0.000173234 -0.000243327 0.00077113 -0.000330445 0.000173234 -0.000330445 0.00024573)
(0.000716736 -0.000284144 0.000131292 -0.000284144 0.000947591 -0.000383438 0.000131292 -0.000383438 0.000283739)
(0.000424659 -0.000114251 0.000126264 -0.000114251 0.000592806 -0.000129783 0.000126264 -0.000129783 8.28211e-05)
(0.000209299 -4.82146e-05 0.000130815 -4.82146e-05 0.0003208 9.81884e-05 0.000130815 9.81884e-05 0.000139017)
(0.000293143 -9.7787e-05 -7.34329e-05 -9.7787e-05 0.000505569 0.000340484 -7.34329e-05 0.000340484 0.000735781)
(0.00174895 -0.000152268 -0.00111704 -0.000152268 0.00399003 0.00244963 -0.00111704 0.00244963 0.00452416)
(0.00200603 -0.000459392 -0.000730961 -0.000459392 0.00517495 0.0020196 -0.000730961 0.0020196 0.00305839)
(0.00172665 -0.000333399 -9.79137e-05 -0.000333399 0.0050117 0.00122273 -9.79137e-05 0.00122273 0.00191448)
(0.000711742 -6.73542e-05 0.000288958 -6.73542e-05 0.00175408 0.000164247 0.000288958 0.000164247 0.000555616)
(0.00032195 3.19667e-05 0.000185624 3.19667e-05 0.000218467 -3.29101e-05 0.000185624 -3.29101e-05 0.000246084)
(0.000752156 0.000236092 0.000269989 0.000236092 0.000568884 0.000243411 0.000269989 0.000243411 0.00105632)
(0.00128892 0.000325527 0.000107627 0.000325527 0.000586613 -0.000276184 0.000107627 -0.000276184 0.00188721)
(0.00106467 3.60301e-05 0.000117846 3.60301e-05 0.00166152 -0.00070917 0.000117846 -0.00070917 0.000788411)
(0.000454597 -4.5009e-05 0.000192255 -4.5009e-05 0.00157287 0.000190143 0.000192255 0.000190143 0.000450879)
(0.00033328 -9.08533e-05 -5.45345e-05 -9.08533e-05 0.000188789 0.000139185 -5.45345e-05 0.000139185 0.000443276)
(0.000244825 -2.97986e-05 6.89588e-05 -2.97986e-05 0.000177585 6.4943e-05 6.89588e-05 6.4943e-05 0.000250575)
(0.000697654 0.000236661 0.00020132 0.000236661 0.000995974 -0.00018858 0.00020132 -0.00018858 0.000345602)
(0.000787373 0.000342759 0.000266261 0.000342759 0.00206098 -0.000435883 0.000266261 -0.000435883 0.000607551)
(0.000425917 -0.000196562 0.000319356 -0.000196562 0.000619446 -0.000328346 0.000319356 -0.000328346 0.000377388)
(0.000828478 0.00011185 0.000734076 0.00011185 0.000236421 -8.08015e-06 0.000734076 -8.08015e-06 0.00100216)
(0.000998433 0.000253225 0.000519106 0.000253225 0.000241867 -2.73855e-05 0.000519106 -2.73855e-05 0.00171372)
(0.00104574 0.000398572 -0.000146229 0.000398572 0.000640484 -0.000574167 -0.000146229 -0.000574167 0.00108393)
(0.000526423 0.000264702 0.000181735 0.000264702 0.00055962 -0.000122382 0.000181735 -0.000122382 0.000266639)
(0.000269987 -5.26849e-06 0.000107221 -5.26849e-06 0.000260161 5.8759e-05 0.000107221 5.8759e-05 0.000713113)
(0.000383837 7.43885e-05 -0.00027441 7.43885e-05 0.00036815 -0.000227454 -0.00027441 -0.000227454 0.00142958)
(0.000288774 -0.000125031 -0.000165844 -0.000125031 0.000237532 0.000155038 -0.000165844 0.000155038 0.000772413)
(0.000518333 5.12544e-05 0.000298029 5.12544e-05 0.000924426 0.000161811 0.000298029 0.000161811 0.000454983)
(0.000577275 2.19839e-05 0.000299349 2.19839e-05 0.000774687 0.000106211 0.000299349 0.000106211 0.00042795)
(0.000769203 0.000189557 -0.000424124 0.000189557 0.000379448 -0.000109083 -0.000424124 -0.000109083 0.000761184)
(0.000940604 0.00153672 0.00016572 0.00153672 0.00354035 -0.000193195 0.00016572 -0.000193195 0.00118955)
(0.000984804 0.00105121 0.000391671 0.00105121 0.00351878 0.000724099 0.000391671 0.000724099 0.000873105)
(0.00206737 -0.000109282 -0.000909057 -0.000109282 0.000869522 0.000171337 -0.000909057 0.000171337 0.00131346)
(0.00328712 0.00091149 -0.000421674 0.00091149 0.00140229 -0.000341467 -0.000421674 -0.000341467 0.00147431)
(0.00222849 0.00102353 -0.000305336 0.00102353 0.00168436 -0.000487919 -0.000305336 -0.000487919 0.00162508)
(0.00249342 0.000638776 -0.000337091 0.000638776 0.00211938 -0.000863788 -0.000337091 -0.000863788 0.00253338)
(0.00363221 -0.000112739 0.000507202 -0.000112739 0.00239608 -0.00125068 0.000507202 -0.00125068 0.00423428)
(0.00292736 -0.000317854 0.000989215 -0.000317854 0.00173328 -0.00105617 0.000989215 -0.00105617 0.00326628)
(0.00123691 -0.000451885 0.00049559 -0.000451885 0.00126379 -0.000621406 0.00049559 -0.000621406 0.000820514)
(0.000666829 -0.000219786 0.000337346 -0.000219786 0.00136087 -0.000289734 0.000337346 -0.000289734 0.000442747)
(0.00083236 9.2742e-05 0.000397107 9.2742e-05 0.00108862 -9.41632e-05 0.000397107 -9.41632e-05 0.000622019)
(0.000779171 0.000104605 0.000350714 0.000104605 0.000788413 -7.08709e-05 0.000350714 -7.08709e-05 0.000600758)
(0.000448914 -5.21988e-05 0.000224754 -5.21988e-05 0.0007405 0.000104432 0.000224754 0.000104432 0.000370994)
(0.000795376 -0.000242378 -0.000387286 -0.000242378 0.0015343 0.0011865 -0.000387286 0.0011865 0.00177851)
(0.0016833 -0.000306961 -0.000902117 -0.000306961 0.00284612 0.0022147 -0.000902117 0.0022147 0.00427675)
(0.00189472 -0.000228091 -0.000790407 -0.000228091 0.00348174 0.00229348 -0.000790407 0.00229348 0.00556865)
(0.000597675 0.000132146 0.000220532 0.000132146 0.000625191 -0.000148172 0.000220532 -0.000148172 0.000506926)
(0.00135109 -8.03759e-05 0.000142273 -8.03759e-05 0.00297607 -0.00105705 0.000142273 -0.00105705 0.00117881)
(0.0021341 -0.00108281 0.000456018 -0.00108281 0.00286458 -0.00129788 0.000456018 -0.00129788 0.00162362)
(0.00170918 -0.000173093 0.000797836 -0.000173093 0.000809892 -0.000140648 0.000797836 -0.000140648 0.000939628)
(0.000882768 0.00058661 0.000266653 0.00058661 0.000827858 0.000122056 0.000266653 0.000122056 0.000375457)
(0.000417379 5.94622e-05 3.45567e-05 5.94622e-05 0.000421639 7.16429e-05 3.45567e-05 7.16429e-05 0.000185025)
(0.00106548 0.000615897 1.37249e-05 0.000615897 0.00152908 -0.000227346 1.37249e-05 -0.000227346 0.00058118)
(0.000531176 0.000208472 0.000311455 0.000208472 0.00147802 -0.000685351 0.000311455 -0.000685351 0.00081097)
(0.000993438 0.000368021 7.91894e-05 0.000368021 0.00134074 -0.000351747 7.91894e-05 -0.000351747 0.00133201)
(0.000419359 0.000997682 0.000163658 0.000997682 0.00368616 -6.61956e-05 0.000163658 -6.61956e-05 0.0016705)
(0.000312229 -0.000188908 0.00012202 -0.000188908 0.000585597 5.76954e-05 0.00012202 5.76954e-05 0.000445245)
(0.00087431 0.000365327 2.16961e-05 0.000365327 0.000745065 -0.00020942 2.16961e-05 -0.00020942 0.000503056)
(0.00102603 -0.000445831 0.000216173 -0.000445831 0.00166554 -0.000585054 0.000216173 -0.000585054 0.000568858)
(0.00144413 -0.000539643 0.000725428 -0.000539643 0.000690036 -0.000273872 0.000725428 -0.000273872 0.00065763)
(0.00105638 0.000177665 0.000787655 0.000177665 0.000236996 -2.44975e-05 0.000787655 -2.44975e-05 0.000960845)
(0.000490001 0.000160746 0.000101209 0.000160746 0.000839069 -0.000485052 0.000101209 -0.000485052 0.00044647)
(0.000681969 0.000196008 0.000198856 0.000196008 0.00280601 -0.000640697 0.000198856 -0.000640697 0.000773225)
(0.00049534 -4.05321e-05 0.000300979 -4.05321e-05 0.00171276 -0.000548179 0.000300979 -0.000548179 0.000439889)
(0.000262699 -4.99263e-05 0.000149987 -4.99263e-05 0.000355146 -0.000149988 0.000149987 -0.000149988 0.000236286)
(0.000388763 0.000131062 0.000123389 0.000131062 0.00037585 -0.000108612 0.000123389 -0.000108612 0.000403261)
(0.000594465 6.80787e-05 0.000309275 6.80787e-05 0.000338726 3.05995e-05 0.000309275 3.05995e-05 0.00133275)
(0.000818427 0.00019648 0.000120908 0.00019648 0.000489758 -0.000347247 0.000120908 -0.000347247 0.00108712)
(0.000673181 -0.000229566 8.984e-05 -0.000229566 0.000627581 0.000264408 8.984e-05 0.000264408 0.000511819)
(0.00205182 -0.00104523 -0.0019241 -0.00104523 0.000822357 0.00121761 -0.0019241 0.00121761 0.00338889)
(0.00244982 -0.0018253 -0.00185941 -0.0018253 0.00215489 0.00163389 -0.00185941 0.00163389 0.00289003)
(0.00131543 -0.000235347 -5.70416e-05 -0.000235347 0.00263911 0.00114558 -5.70416e-05 0.00114558 0.00110305)
(0.0019933 0.000450614 0.00111579 0.000450614 0.00104914 0.000537959 0.00111579 0.000537959 0.00162261)
(0.00172721 -0.000855101 0.00169784 -0.000855101 0.000881552 -0.00100943 0.00169784 -0.00100943 0.00282172)
(0.000829687 -0.000669102 0.000884376 -0.000669102 0.00303913 -0.00165963 0.000884376 -0.00165963 0.00218737)
(0.000715338 0.000115627 0.000236278 0.000115627 0.00232044 -0.000465857 0.000236278 -0.000465857 0.000887142)
(0.000889856 0.000483003 0.000135846 0.000483003 0.00129427 3.41404e-05 0.000135846 3.41404e-05 0.000841753)
(0.00108111 0.000318724 0.000339419 0.000318724 0.000799078 -6.6584e-05 0.000339419 -6.6584e-05 0.00105502)
(0.00109592 1.88062e-05 0.000345599 1.88062e-05 0.00104106 -0.000295842 0.000345599 -0.000295842 0.00102388)
(0.00188958 6.84131e-05 0.000374597 6.84131e-05 0.00199791 -0.000727619 0.000374597 -0.000727619 0.00205271)
(0.0017348 7.13496e-05 0.000549495 7.13496e-05 0.00164791 -0.000405358 0.000549495 -0.000405358 0.00199958)
(0.000896513 0.000293533 0.000492226 0.000293533 0.000992411 0.000279727 0.000492226 0.000279727 0.00114047)
(0.000681003 0.000137228 0.000335494 0.000137228 0.000703329 0.000264439 0.000335494 0.000264439 0.000919298)
(0.000684197 8.37771e-05 0.000324346 8.37771e-05 0.000558673 -8.16844e-05 0.000324346 -8.16844e-05 0.000676226)
(0.000560663 -2.27988e-06 0.000302238 -2.27988e-06 0.000559632 9.04305e-05 0.000302238 9.04305e-05 0.000618149)
(0.000446031 2.34004e-05 0.000149606 2.34004e-05 0.000392415 -3.60971e-05 0.000149606 -3.60971e-05 0.000580536)
(0.00100209 -0.000454038 0.000490589 -0.000454038 0.0012749 -0.0009193 0.000490589 -0.0009193 0.00202215)
(0.000653434 -0.000139429 0.000177991 -0.000139429 0.00173952 -0.000332793 0.000177991 -0.000332793 0.0010072)
(0.00126721 0.00160498 0.000496166 0.00160498 0.00382901 0.000328623 0.000496166 0.000328623 0.00104699)
(0.00125117 0.000609057 0.000122613 0.000609057 0.00105055 1.97599e-05 0.000122613 1.97599e-05 0.000526368)
(0.000735783 -0.000341766 6.87111e-05 -0.000341766 0.0037402 0.000334691 6.87111e-05 0.000334691 0.00061387)
(0.00161858 0.000263961 0.000357166 0.000263961 0.00566989 0.000333594 0.000357166 0.000333594 0.00197753)
(0.000576815 9.12696e-05 0.000190591 9.12696e-05 0.000376717 -0.000110374 0.000190591 -0.000110374 0.000573856)
(0.00209861 0.00143907 0.00103732 0.00143907 0.00501053 0.00113388 0.00103732 0.00113388 0.00204558)
(0.00272204 0.00175402 0.00121779 0.00175402 0.0044834 0.0012172 0.00121779 0.0012172 0.002047)
(0.000611989 2.5711e-05 0.000316666 2.5711e-05 0.000355589 0.000288327 0.000316666 0.000288327 0.000429624)
(0.00109471 -0.000143787 0.000800218 -0.000143787 0.000401966 3.55421e-05 0.000800218 3.55421e-05 0.000727392)
(0.00160217 -0.000826482 0.00118643 -0.000826482 0.00177247 -0.000572619 0.00118643 -0.000572619 0.00110716)
(0.000706101 0.000340251 0.000113707 0.000340251 0.00130185 0.000198452 0.000113707 0.000198452 0.000665096)
(0.00175348 7.08802e-05 0.000898872 7.08802e-05 0.000764452 -0.000126424 0.000898872 -0.000126424 0.0014544)
(0.000523236 -0.000177464 0.000266124 -0.000177464 0.000378336 -0.00020553 0.000266124 -0.00020553 0.000152673)
(0.000788486 0.000433769 0.000173382 0.000433769 0.000858545 -8.6898e-05 0.000173382 -8.6898e-05 0.000284294)
(0.000943079 0.000469952 0.000114847 0.000469952 0.00216812 -0.000419943 0.000114847 -0.000419943 0.000603872)
(0.000917641 -0.000678266 0.000312457 -0.000678266 0.00344439 -0.000384753 0.000312457 -0.000384753 0.00051797)
(0.00099228 -0.00121981 4.58602e-05 -0.00121981 0.00216384 0.000294851 4.58602e-05 0.000294851 0.000468302)
(0.000710065 -0.000608252 -9.29814e-05 -0.000608252 0.000741881 0.000337375 -9.29814e-05 0.000337375 0.000580191)
(0.000281101 -3.68115e-05 7.90693e-05 -3.68115e-05 0.000362813 1.18921e-05 7.90693e-05 1.18921e-05 9.81468e-05)
(0.000866782 -0.000447575 -3.67565e-05 -0.000447575 0.00150126 0.000527021 -3.67565e-05 0.000527021 0.000514228)
(0.00054043 0.000113376 7.4367e-05 0.000113376 0.00419373 0.000166791 7.4367e-05 0.000166791 0.000852116)
(-9.97163e-07 0.000747895 0.000118382 0.000747895 0.0041364 -0.000391483 0.000118382 -0.000391483 0.00151761)
(0.000566314 -0.000431567 -0.000156708 -0.000431567 0.000442672 9.68194e-05 -0.000156708 9.68194e-05 0.000455551)
(0.00365509 -0.00245184 -0.000180461 -0.00245184 0.00788075 0.000882476 -0.000180461 0.000882476 0.00270388)
(0.00662237 -0.00129845 0.000535203 -0.00129845 0.00695896 0.0024649 0.000535203 0.0024649 0.00523666)
(0.00643655 -0.000460218 0.000987457 -0.000460218 0.00623027 0.00243789 0.000987457 0.00243789 0.00675658)
(0.00451822 -0.00041378 1.93976e-05 -0.00041378 0.00607993 0.00232648 1.93976e-05 0.00232648 0.00534206)
(0.000844683 0.000457659 0.00050576 0.000457659 0.00459817 7.83606e-05 0.00050576 7.83606e-05 0.00185151)
(0.0015852 0.000247398 0.000287818 0.000247398 0.00233476 -0.00173522 0.000287818 -0.00173522 0.00305667)
(0.00378965 0.000452372 0.000993531 0.000452372 0.00150475 -0.000929437 0.000993531 -0.000929437 0.00645947)
(0.00331485 0.00057918 0.000350419 0.00057918 0.00149986 -0.000577416 0.000350419 -0.000577416 0.00528641)
(0.0025962 0.00065608 0.000592146 0.00065608 0.00150251 -0.000295727 0.000592146 -0.000295727 0.00398524)
(0.00204265 0.000599532 0.00124118 0.000599532 0.00121506 0.000536676 0.00124118 0.000536676 0.00232312)
(0.00145782 0.000488305 0.000974959 0.000488305 0.000781168 0.000462908 0.000974959 0.000462908 0.0017056)
(0.00100151 0.000309943 0.000381503 0.000309943 0.000425131 6.42054e-05 0.000381503 6.42054e-05 0.00224983)
(0.000842399 2.78438e-05 0.000243943 2.78438e-05 0.00104378 0.000423444 0.000243943 0.000423444 0.00110932)
(0.00047533 0.000402522 0.0001125 0.000402522 0.00490861 -0.000842443 0.0001125 -0.000842443 0.00188921)
(0.000371633 -0.000277826 0.000121398 -0.000277826 0.0051043 -0.00202011 0.000121398 -0.00202011 0.00295122)
(0.0012758 -0.000266097 0.000654556 -0.000266097 0.000589867 -0.000204545 0.000654556 -0.000204545 0.0012675)
(0.00217024 0.000830902 0.00100169 0.000830902 0.00562072 0.000106458 0.00100169 0.000106458 0.00315731)
(0.00313145 0.000930389 0.00111862 0.000930389 0.00575991 5.90151e-05 0.00111862 5.90151e-05 0.00315872)
(0.000344228 3.65824e-05 0.000178301 3.65824e-05 0.000460108 -0.000111884 0.000178301 -0.000111884 0.000488098)
(0.00211891 0.000284469 0.00035887 0.000284469 0.00585351 0.00089145 0.00035887 0.00089145 0.00260213)
(0.000977613 -0.000606402 0.000698248 -0.000606402 0.00334144 -0.00166038 0.000698248 -0.00166038 0.00183851)
(0.00360874 0.00164435 0.000853818 0.00164435 0.00442846 0.00176346 0.000853818 0.00176346 0.00512875)
(0.00356253 0.00115902 0.000443952 0.00115902 0.004918 0.00197025 0.000443952 0.00197025 0.00369545)
(0.00118355 0.000694036 0.000245534 0.000694036 0.00234014 -0.000297829 0.000245534 -0.000297829 0.000769597)
(0.00138668 2.62409e-05 -0.000293973 2.62409e-05 0.00233957 0.0015467 -0.000293973 0.0015467 0.00218427)
(-0.000504324 -0.000354544 0.000309607 -0.000354544 0.00352004 -0.00198212 0.000309607 -0.00198212 0.00249088)
(0.000704594 -0.000241187 0.000234066 -0.000241187 0.000893497 -8.33459e-05 0.000234066 -8.33459e-05 0.000297435)
(0.00185345 0.000380633 0.000396308 0.000380633 0.00238894 0.00110618 0.000396308 0.00110618 0.00213638)
(0.00344699 0.00133116 0.000882359 0.00133116 0.00521568 0.00163668 0.000882359 0.00163668 0.00325536)
(0.000385008 -0.000190224 4.58555e-05 -0.000190224 0.000430661 4.23072e-05 4.58555e-05 4.23072e-05 0.000322846)
(0.0012353 0.000489856 0.000416853 0.000489856 0.00307144 0.000627501 0.000416853 0.000627501 0.000950894)
(0.0016784 0.000483477 -0.0010126 0.000483477 0.000942836 0.000118558 -0.0010126 0.000118558 0.00271092)
(0.00419578 0.00051745 -0.000513863 0.00051745 0.00516036 0.00260573 -0.000513863 0.00260573 0.00496313)
(0.00219526 0.0010381 0.00134718 0.0010381 0.00193192 0.000598654 0.00134718 0.000598654 0.00228791)
(0.00345999 -0.00336806 -0.000318965 -0.00336806 0.00899297 0.000310866 -0.000318965 0.000310866 0.00298354)
(0.00357917 -0.00355351 -0.000595589 -0.00355351 0.00971343 -0.000464638 -0.000595589 -0.000464638 0.00329767)
(0.00163575 -0.00036166 0.000312284 -0.00036166 0.000977003 -0.000403267 0.000312284 -0.000403267 0.00150104)
(0.00719806 0.000313291 0.00037628 0.000313291 0.00572839 0.0024501 0.00037628 0.0024501 0.00526592)
(0.00708795 4.40795e-05 -0.00045301 4.40795e-05 0.00560877 0.00251004 -0.00045301 0.00251004 0.00525474)
(0.00161841 -0.000265092 -0.000546382 -0.000265092 0.00219626 0.00111449 -0.000546382 0.00111449 0.00119993)
(0.00311166 0.000417653 0.000241149 0.000417653 0.00586877 0.000117242 0.000241149 0.000117242 0.0022256)
(0.00467381 -0.000907509 0.000278462 -0.000907509 0.00796138 0.000384722 0.000278462 0.000384722 0.00353751)
(0.00367969 -0.000152704 -0.000209983 -0.000152704 0.00612779 0.00223508 -0.000209983 0.00223508 0.00410136)
(0.00236119 -0.000276619 -0.000280779 -0.000276619 0.0056405 0.00191252 -0.000280779 0.00191252 0.00732768)
(0.00152711 -0.000716425 -0.00117775 -0.000716425 0.00536357 0.00217721 -0.00117775 0.00217721 0.00674286)
(0.00108903 -0.000634448 0.000299584 -0.000634448 0.00301847 -1.83173e-05 0.000299584 -1.83173e-05 0.000817386)
(0.00520716 0.0003699 0.0015817 0.0003699 0.00176113 -0.00105395 0.0015817 -0.00105395 0.00703418)
(0.00385191 0.000740064 0.000888029 0.000740064 0.00144158 -0.00029404 0.000888029 -0.00029404 0.00573814)
(0.00246746 -0.000210313 0.000659924 -0.000210313 0.00178061 -0.000772288 0.000659924 -0.000772288 0.00256961)
(0.00158369 0.00028803 0.0007495 0.00028803 0.000958734 7.0299e-05 0.0007495 7.0299e-05 0.00118237)
(0.000341829 -3.20617e-05 4.31072e-05 -3.20617e-05 0.00036817 -5.67744e-05 4.31072e-05 -5.67744e-05 0.000326189)
(0.000931638 1.22953e-05 -0.000648548 1.22953e-05 0.00118244 0.000687704 -0.000648548 0.000687704 0.00248537)
(0.00150951 0.000275184 -0.00108999 0.000275184 0.00139566 -0.0013025 -0.00108999 -0.0013025 0.00338146)
