/*--------------------------------*- C++ -*----------------------------------*\
  =========                 |
  \\      /  F ield         | OpenFOAM: The Open Source CFD Toolbox
   \\    /   O peration     | Website:  https://openfoam.org
    \\  /    A nd           | Version:  10
     \\/     M anipulation  |
\*---------------------------------------------------------------------------*/
FoamFile
{
    format      ascii;
    class       volTensorField;
    location    "12";
    object      TauNN;
}
// * * * * * * * * * * * * * * * * * * * * * * * * * * * * * * * * * * * * * //

dimensions      [0 2 -2 0 0 0 0];

internalField   nonuniform List<tensor> 
25600
(
(0.000447985 -0.00334536 0.00553346 -0.00334536 0.00944351 -0.00226508 0.00553346 -0.00226508 0.00858118)
(-0.000203125 -0.0028094 0.00498022 -0.0028094 0.00877791 -0.00261966 0.00498022 -0.00261966 0.00730742)
(-0.000438168 -0.00261878 0.00495462 -0.00261878 0.00873914 -0.00251867 0.00495462 -0.00251867 0.00727946)
(0.000270762 -0.00243401 0.00472275 -0.00243401 0.00840933 -0.00264473 0.00472275 -0.00264473 0.00669368)
(0.0030616 -0.00330172 0.00289396 -0.00330172 0.00702107 -0.00329002 0.00289396 -0.00329002 0.00523097)
(0.00141845 -0.00118824 0.00388624 -0.00118824 0.00747294 -0.00220256 0.00388624 -0.00220256 0.00554654)
(-0.000115204 -0.00328802 0.00548775 -0.00328802 0.0095732 -0.00180241 0.00548775 -0.00180241 0.00904658)
(-0.000678041 -0.00290423 0.0063881 -0.00290423 0.0101332 -0.00220306 0.0063881 -0.00220306 0.00861809)
(0.000662338 -0.00358345 0.00566982 -0.00358345 0.00955761 -0.00169871 0.00566982 -0.00169871 0.0095865)
(-0.00154823 -0.00312982 0.00521596 -0.00312982 0.00927799 -0.00103687 0.00521596 -0.00103687 0.00923358)
(-0.00148491 -0.00320381 0.00557594 -0.00320381 0.00944223 -0.00146465 0.00557594 -0.00146465 0.00887486)
(-0.000111545 -0.00252757 0.00479709 -0.00252757 0.00845022 -0.00235119 0.00479709 -0.00235119 0.00722417)
(-4.80304e-05 -0.00258031 0.00461539 -0.00258031 0.00847588 -0.00227063 0.00461539 -0.00227063 0.00722834)
(0.00666082 -0.00249124 0.0021603 -0.00249124 0.00606613 -0.00309795 0.0021603 -0.00309795 0.00523262)
(0.00807046 -0.00264853 0.000800565 -0.00264853 0.00521125 -0.00340435 0.000800565 -0.00340435 0.00530398)
(-0.00122108 -0.00247687 0.00514434 -0.00247687 0.00905412 -0.00129249 0.00514434 -0.00129249 0.00824496)
(-0.0018802 -0.00273058 0.0058475 -0.00273058 0.00967412 -0.00171629 0.0058475 -0.00171629 0.00802313)
(-0.00156254 -0.00296945 0.00619767 -0.00296945 0.00984648 -0.00199781 0.00619767 -0.00199781 0.00825542)
(-0.000246032 -0.00356806 0.00583201 -0.00356806 0.00961198 -0.00200416 0.00583201 -0.00200416 0.00886591)
(0.00127913 -0.00133373 0.00408303 -0.00133373 0.007583 -0.00235502 0.00408303 -0.00235502 0.0055327)
(-0.000325527 -0.00289903 0.00521861 -0.00289903 0.00927488 -0.00202062 0.00521861 -0.00202062 0.00845192)
(-0.00019696 -0.00325053 0.00631893 -0.00325053 0.0101524 -0.00223505 0.00631893 -0.00223505 0.00905545)
(0.001661 -0.00297937 0.00533055 -0.00297937 0.00935351 -0.00247022 0.00533055 -0.00247022 0.00836071)
(0.00106417 -0.00253871 0.00465847 -0.00253871 0.00826721 -0.0028202 0.00465847 -0.0028202 0.00636814)
(-0.000861161 -0.00304443 0.00540102 -0.00304443 0.00916187 -0.00206377 0.00540102 -0.00206377 0.00825549)
(3.59393e-05 -0.00305614 0.00529917 -0.00305614 0.00917017 -0.00239941 0.00529917 -0.00239941 0.00806175)
(0.00274214 -0.00183663 0.00372073 -0.00183663 0.00725745 -0.0025513 0.00372073 -0.0025513 0.00557802)
(-0.00151121 -0.00261633 0.0051364 -0.00261633 0.00916917 -0.00127966 0.0051364 -0.00127966 0.00855562)
(-0.00141781 -0.00329428 0.0058363 -0.00329428 0.00966711 -0.00175761 0.0058363 -0.00175761 0.00868409)
(-0.000904083 -0.00297076 0.0064163 -0.00297076 0.0100566 -0.00218951 0.0064163 -0.00218951 0.00845289)
(0.000497152 -0.00333185 0.00553183 -0.00333185 0.00942979 -0.00214772 0.00553183 -0.00214772 0.00877494)
(0.00220569 -0.00264615 0.00403622 -0.00264615 0.00760405 -0.00294971 0.00403622 -0.00294971 0.00588669)
(-0.000169388 -0.00266967 0.00450902 -0.00266967 0.00828924 -0.00266933 0.00450902 -0.00266933 0.00682115)
(-0.00119746 -0.00180356 0.00515295 -0.00180356 0.00946406 -0.00146013 0.00515295 -0.00146013 0.00690248)
(-0.00121177 -0.00313673 0.00633649 -0.00313673 0.00995438 -0.0021 0.00633649 -0.0021 0.00848035)
(-0.00115811 -0.00302173 0.00540979 -0.00302173 0.009208 -0.00187808 0.00540979 -0.00187808 0.00838858)
(1.14849e-05 -0.00358274 0.0060147 -0.00358274 0.00988993 -0.00184218 0.0060147 -0.00184218 0.009366)
(0.000959975 -0.00221838 0.00463657 -0.00221838 0.00805365 -0.00262031 0.00463657 -0.00262031 0.00633876)
(-0.00129578 -0.00157538 0.00473673 -0.00157538 0.00874032 -0.00149359 0.00473673 -0.00149359 0.00762672)
(-0.000655186 -0.00293216 0.00648989 -0.00293216 0.0101195 -0.00227581 0.00648989 -0.00227581 0.00844376)
(0.0025118 -0.000717433 0.00596033 -0.000717433 0.00794562 -0.00274228 0.00596033 -0.00274228 0.0064265)
(0.00153505 -1.90753e-05 0.00616576 -1.90753e-05 0.00720604 -0.00254524 0.00616576 -0.00254524 0.00613086)
(0.00165401 -0.000335213 0.00656117 -0.000335213 0.00815809 -0.00247725 0.00656117 -0.00247725 0.00734228)
(0.000693265 -0.00140095 0.00568105 -0.00140095 0.00860223 -0.0026099 0.00568105 -0.0026099 0.00698683)
(0.0108341 -0.00371369 -0.000332048 -0.00371369 0.00526238 -0.000380669 -0.000332048 -0.000380669 0.0124567)
(0.00716084 -0.000963594 -0.00189824 -0.000963594 0.00508463 -0.00256896 -0.00189824 -0.00256896 0.00644046)
(0.0120118 -0.00237435 0.00309775 -0.00237435 0.00938375 -0.00151625 0.00309775 -0.00151625 0.00856191)
(0.00531054 -0.00213752 0.0046152 -0.00213752 0.0100703 -0.00174882 0.0046152 -0.00174882 0.0075315)
(0.00397285 -0.00365604 0.00633517 -0.00365604 0.00962739 -0.00192159 0.00633517 -0.00192159 0.00963895)
(0.00142371 -0.00190077 0.00414771 -0.00190077 0.00875316 -0.00075525 0.00414771 -0.00075525 0.00886725)
(-0.000516592 -0.00152192 0.00478649 -0.00152192 0.0091454 -0.00156394 0.00478649 -0.00156394 0.00749754)
(0.000257512 -0.00137822 0.00598219 -0.00137822 0.0085312 -0.00272424 0.00598219 -0.00272424 0.00763371)
(0.000430329 0.00019036 0.0056686 0.00019036 0.00784613 -0.00211157 0.0056686 -0.00211157 0.00600929)
(0.0111937 -5.03734e-05 0.00274768 -5.03734e-05 0.00489551 -0.00457613 0.00274768 -0.00457613 0.00700764)
(0.00904497 0.00142437 0.00448758 0.00142437 0.0042128 -0.00331659 0.00448758 -0.00331659 0.00731805)
(0.00864215 0.00122021 0.0059471 0.00122021 0.00826964 -0.00142637 0.0059471 -0.00142637 0.00705182)
(0.00351616 -0.000126753 0.00407503 -0.000126753 0.00910889 -0.00129651 0.00407503 -0.00129651 0.00572466)
(0.00239273 -0.000852644 0.00454649 -0.000852644 0.00922512 -0.00157647 0.00454649 -0.00157647 0.00637383)
(0.00259488 -0.000878153 0.00489541 -0.000878153 0.00794311 -0.00221732 0.00489541 -0.00221732 0.00518459)
(0.00097555 0.00032112 0.00536101 0.00032112 0.00787488 -0.00181457 0.00536101 -0.00181457 0.00561683)
(0.0040287 -0.00215778 0.00429397 -0.00215778 0.0094709 -0.00168187 0.00429397 -0.00168187 0.00789887)
(0.00197296 -0.00245676 0.00565456 -0.00245676 0.0098748 -0.00224539 0.00565456 -0.00224539 0.00703723)
(0.000370042 -0.00305503 0.00648309 -0.00305503 0.0101547 -0.00273198 0.00648309 -0.00273198 0.00813288)
(0.00361181 -0.00347676 0.00315513 -0.00347676 0.00892253 -0.00318043 0.00315513 -0.00318043 0.00656852)
(0.00164652 -0.000510661 0.00671212 -0.000510661 0.00804253 -0.00253731 0.00671212 -0.00253731 0.00737728)
(0.00212149 -0.000805641 0.00517104 -0.000805641 0.0081371 -0.0029063 0.00517104 -0.0029063 0.00596054)
(0.00169355 -0.000429953 0.00671979 -0.000429953 0.00819033 -0.00275052 0.00671979 -0.00275052 0.00780781)
(0.00814848 0.000493279 0.00630428 0.000493279 0.00847177 -0.00175271 0.00630428 -0.00175271 0.00780677)
(0.00251701 -0.00232263 0.0042436 -0.00232263 0.00933289 -0.00169054 0.0042436 -0.00169054 0.00835517)
(0.00359293 -0.00162481 0.00437399 -0.00162481 0.00980013 -0.00150832 0.00437399 -0.00150832 0.00690556)
(0.00152421 -0.00267942 0.00603981 -0.00267942 0.00941401 -0.00229028 0.00603981 -0.00229028 0.00791422)
(0.003167 -0.000115737 0.00417237 -0.000115737 0.00530654 -0.00416144 0.00417237 -0.00416144 0.00600559)
(0.0070724 -0.000204414 0.00562586 -0.000204414 0.00516702 -0.00277001 0.00562586 -0.00277001 0.00864643)
(0.00365887 -3.43937e-05 0.00456947 -3.43937e-05 0.00906737 -0.0014611 0.00456947 -0.0014611 0.00649693)
(0.00387603 -0.00127125 0.00428261 -0.00127125 0.00932474 -0.00160097 0.00428261 -0.00160097 0.00584712)
(0.00332086 0.000815867 0.00476437 0.000815867 0.00799194 -0.00144218 0.00476437 -0.00144218 0.00483991)
(0.00331685 -0.00191124 0.00428223 -0.00191124 0.00985919 -0.0014012 0.00428223 -0.0014012 0.00713637)
(0.000216373 -0.00201347 0.00578117 -0.00201347 0.00876715 -0.00266882 0.00578117 -0.00266882 0.00745615)
(0.0030699 -0.000999891 0.00361342 -0.000999891 0.0091208 -0.00117745 0.00361342 -0.00117745 0.00739783)
(0.00385865 -0.00210264 0.00525791 -0.00210264 0.00954061 -0.00222721 0.00525791 -0.00222721 0.00720508)
(0.0045525 -0.00441673 0.00108275 -0.00441673 0.0084213 -0.00309025 0.00108275 -0.00309025 0.0044973)
(0.00578462 -0.00216366 0.00453434 -0.00216366 0.00997768 -0.00269279 0.00453434 -0.00269279 0.00495978)
(0.0119851 -0.00126131 0.00344543 -0.00126131 0.00968046 -0.00121077 0.00344543 -0.00121077 0.00303474)
(0.00658104 -0.000952537 0.00445945 -0.000952537 0.00917526 -0.00274628 0.00445945 -0.00274628 0.00480454)
(0.00233203 -0.00248437 0.00319268 -0.00248437 0.00753481 -0.00429223 0.00319268 -0.00429223 0.00551457)
(0.00925268 -0.00524481 8.77753e-05 -0.00524481 0.0116037 0.000992178 8.77753e-05 0.000992178 0.00497918)
(0.00725665 -0.00539608 -0.00333264 -0.00539608 0.0112479 -0.00160298 -0.00333264 -0.00160298 0.00829749)
(0.00785162 -0.00514376 -0.00350676 -0.00514376 0.0116674 0.000235674 -0.00350676 0.000235674 0.00963007)
(0.0109056 -0.00504603 0.00520018 -0.00504603 0.00994712 -0.00252266 0.00520018 -0.00252266 0.00834895)
(0.0119779 -0.00356623 0.00531258 -0.00356623 0.00959069 -0.00104652 0.00531258 -0.00104652 0.00937239)
(0.00996304 -0.0041852 0.00525665 -0.0041852 0.0106589 -0.00127598 0.00525665 -0.00127598 0.00950232)
(0.00143332 -0.003502 0.0059536 -0.003502 0.0100491 -0.00220166 0.0059536 -0.00220166 0.00788442)
(0.00216926 -0.00279587 0.00536882 -0.00279587 0.0101029 -0.00161384 0.00536882 -0.00161384 0.00792081)
(0.00201547 -0.0014775 0.00397907 -0.0014775 0.00864878 -0.00317905 0.00397907 -0.00317905 0.00550933)
(0.00687943 0.00105591 0.00265395 0.00105591 0.00678469 -0.000988732 0.00265395 -0.000988732 0.00245531)
(0.0164617 -0.000990416 0.00325708 -0.000990416 0.00852544 0.00155582 0.00325708 0.00155582 0.00420271)
(0.0191388 -0.00246779 0.0033985 -0.00246779 0.00949035 0.000905416 0.0033985 0.000905416 0.00654763)
(0.0151644 -0.00328457 0.00383176 -0.00328457 0.00970272 -0.000287094 0.00383176 -0.000287094 0.0073688)
(0.00891491 -0.00455225 0.00450918 -0.00455225 0.0103569 -0.00289349 0.00450918 -0.00289349 0.00614285)
(0.00721761 0.000248089 0.00347235 0.000248089 0.00646244 -0.00153738 0.00347235 -0.00153738 0.00366679)
(0.012354 -0.00265939 0.00381161 -0.00265939 0.0103288 -0.000918613 0.00381161 -0.000918613 0.00527257)
(0.00443668 -0.00296647 0.00262906 -0.00296647 0.00654389 -0.000883361 0.00262906 -0.000883361 0.00677231)
(0.0147084 -0.00563822 0.0039214 -0.00563822 0.0105189 -0.00485845 0.0039214 -0.00485845 0.00744338)
(0.0102483 -0.00709864 0.000514653 -0.00709864 0.0105486 -0.00440996 0.000514653 -0.00440996 0.00467282)
(0.007232 -0.00348582 0.00499431 -0.00348582 0.0101049 -0.00176946 0.00499431 -0.00176946 0.00648999)
(0.00884723 -0.000798195 0.00412977 -0.000798195 0.00891957 -0.00294744 0.00412977 -0.00294744 0.00539983)
(0.00894307 -0.00283572 0.00302077 -0.00283572 0.00982474 -0.00318509 0.00302077 -0.00318509 0.00464766)
(0.0172882 -0.00242234 0.0031977 -0.00242234 0.00924362 0.00117597 0.0031977 0.00117597 0.00657396)
(0.00986896 -0.000596845 0.00483465 -0.000596845 0.00860504 -9.95016e-05 0.00483465 -9.95016e-05 0.00693224)
(0.0115952 0.00240849 0.0041019 0.00240849 0.00542523 0.00265165 0.0041019 0.00265165 0.00776848)
(0.0125184 -0.00542073 0.00515375 -0.00542073 0.0104899 -0.00270702 0.00515375 -0.00270702 0.00821162)
(0.00555547 -0.00345148 0.00419133 -0.00345148 0.0105672 -0.00368631 0.00419133 -0.00368631 0.00683732)
(0.0054975 -0.00221275 0.00474087 -0.00221275 0.00893677 -0.00121799 0.00474087 -0.00121799 0.00557318)
(0.010714 0.00242883 0.00457486 0.00242883 0.00641949 0.000751404 0.00457486 0.000751404 0.00648834)
(0.0128336 -0.00468507 0.00398683 -0.00468507 0.00977396 -0.000590019 0.00398683 -0.000590019 0.00967385)
(0.0103188 -0.00224844 0.00405272 -0.00224844 0.0102425 -0.00107343 0.00405272 -0.00107343 0.00545976)
(0.0126589 -0.00386103 0.00299942 -0.00386103 0.00946673 -0.000624894 0.00299942 -0.000624894 0.00571186)
(0.00471514 -0.00395626 0.00430918 -0.00395626 0.0108236 -0.00381904 0.00430918 -0.00381904 0.0067897)
(0.010298 -0.0023326 0.00366179 -0.0023326 0.00981192 4.15975e-05 0.00366179 4.15975e-05 0.00698522)
(0.00451203 -0.000305492 0.0025022 -0.000305492 0.00641783 0.000626527 0.0025022 0.000626527 0.00573678)
(0.011374 -0.0018986 0.00126079 -0.0018986 0.00751293 -0.0028317 0.00126079 -0.0028317 0.00913353)
(0.0181326 -0.00330729 0.00164615 -0.00330729 0.00927895 -0.00224041 0.00164615 -0.00224041 0.00948978)
(0.013256 -0.000119689 0.00671816 -0.000119689 0.00803814 -0.00152125 0.00671816 -0.00152125 0.0107245)
(0.00635603 -0.00175214 0.00037631 -0.00175214 0.00507881 -0.000365539 0.00037631 -0.000365539 0.0100369)
(0.00158547 -0.00251672 0.00511442 -0.00251672 0.00857872 -0.00283018 0.00511442 -0.00283018 0.0067352)
(-0.00131618 -0.00132325 0.0049002 -0.00132325 0.00915969 -0.00204585 0.0049002 -0.00204585 0.00697418)
(0.0123259 -0.000654215 0.00260179 -0.000654215 0.0105058 -0.000478671 0.00260179 -0.000478671 0.0051993)
(0.0111423 -0.00453184 -0.00392515 -0.00453184 0.0120865 -0.00287108 -0.00392515 -0.00287108 0.00768149)
(0.00485682 -0.000111453 -0.00083482 -0.000111453 0.00477138 0.00238084 -0.00083482 0.00238084 0.00590491)
(0.0136856 -0.00234734 0.00153656 -0.00234734 0.00824014 -0.000746047 0.00153656 -0.000746047 0.00728261)
(0.0199586 -0.00532682 0.00170032 -0.00532682 0.00973232 -0.00241054 0.00170032 -0.00241054 0.00803433)
(0.0087113 -0.00304461 0.00451808 -0.00304461 0.00938113 -0.0025184 0.00451808 -0.0025184 0.0073335)
(0.0214403 -0.00286621 0.00385151 -0.00286621 0.00908879 -0.00222359 0.00385151 -0.00222359 0.00864336)
(0.00317672 -0.00143789 0.00534464 -0.00143789 0.00904688 -0.00236553 0.00534464 -0.00236553 0.00665332)
(0.00782298 0.00153987 0.00604747 0.00153987 0.00718912 -0.00189354 0.00604747 -0.00189354 0.0066911)
(0.0151834 -0.000784121 0.00147989 -0.000784121 0.00820784 0.00117639 0.00147989 0.00117639 0.00694555)
(0.0212033 -0.0016641 -0.000939978 -0.0016641 0.00715029 0.00196699 -0.000939978 0.00196699 0.00930735)
(0.0220383 -0.00141196 0.00335176 -0.00141196 0.00894931 -0.000377333 0.00335176 -0.000377333 0.00709983)
(0.0154656 -0.00309816 0.00333778 -0.00309816 0.00871327 -0.00204506 0.00333778 -0.00204506 0.00819181)
(0.0121803 0.00098131 0.00595528 0.00098131 0.00799735 -0.001751 0.00595528 -0.001751 0.00500238)
(0.0190761 0.00314972 0.00548815 0.00314972 0.00670849 -0.000366558 0.00548815 -0.000366558 0.00524077)
(0.012193 -0.00101691 -0.000334898 -0.00101691 0.00675084 -0.00311229 -0.000334898 -0.00311229 0.00470828)
(0.00818283 -0.00195036 0.00428866 -0.00195036 0.00224142 -0.00145954 0.00428866 -0.00145954 0.00955009)
(0.0144493 -0.00451706 0.000766613 -0.00451706 0.00893064 -0.00346228 0.000766613 -0.00346228 0.00431237)
(0.0161194 -0.00297614 -0.00131278 -0.00297614 0.00878849 -0.00343443 -0.00131278 -0.00343443 0.00732127)
(0.0192469 -0.00365737 0.000995001 -0.00365737 0.00930912 -0.00245053 0.000995001 -0.00245053 0.00945199)
(0.0123835 -0.00254709 0.000865694 -0.00254709 0.00758461 -0.00238363 0.000865694 -0.00238363 0.00906337)
(0.0139175 -0.00157606 0.00303921 -0.00157606 0.00936013 -0.000898381 0.00303921 -0.000898381 0.00674922)
(0.0180358 -0.00103599 0.00379077 -0.00103599 0.0087066 -0.000826105 0.00379077 -0.000826105 0.00784585)
(0.00872034 -0.00108985 -0.000230742 -0.00108985 0.00717447 -0.00115259 -0.000230742 -0.00115259 0.00359291)
(0.0170532 -0.00362689 0.0035861 -0.00362689 0.00862216 -0.00252204 0.0035861 -0.00252204 0.00841588)
(0.0138124 -0.00416401 0.00437578 -0.00416401 0.0103626 -0.00271505 0.00437578 -0.00271505 0.00829768)
(0.00613976 -0.00385101 0.00238347 -0.00385101 0.00951605 -0.0029306 0.00238347 -0.0029306 0.00809686)
(0.0242793 -0.00345744 0.00108126 -0.00345744 0.0080562 0.000199973 0.00108126 0.000199973 0.00789192)
(0.00906842 -0.000594311 -0.00160214 -0.000594311 0.0071817 -0.00106071 -0.00160214 -0.00106071 0.00329658)
(0.0176264 -0.00146655 0.0013338 -0.00146655 0.00899077 -0.000954939 0.0013338 -0.000954939 0.00995705)
(0.00825478 -0.000590876 0.000240244 -0.000590876 0.00598732 -6.63027e-05 0.000240244 -6.63027e-05 0.00447167)
(0.0148348 -0.00544188 0.000666907 -0.00544188 0.00942754 -0.00315249 0.000666907 -0.00315249 0.00526436)
(0.0152536 -0.00188068 0.00474584 -0.00188068 0.0092876 -0.00164802 0.00474584 -0.00164802 0.00907166)
(0.0204778 -0.00185089 0.00574766 -0.00185089 0.008897 -0.00173102 0.00574766 -0.00173102 0.0101641)
(0.0135658 -0.00246952 0.00353933 -0.00246952 0.00921608 -0.00227762 0.00353933 -0.00227762 0.00494507)
(0.00724846 -0.00359623 0.000364361 -0.00359623 0.00838578 -0.00284602 0.000364361 -0.00284602 0.00478356)
(0.0105814 -0.000936517 0.00318869 -0.000936517 0.0079669 -0.00066805 0.00318869 -0.00066805 0.00537524)
(0.00955808 -0.00393768 0.000660345 -0.00393768 0.0104417 -9.97214e-05 0.000660345 -9.97214e-05 0.00521714)
(0.00528337 -0.00461174 0.00395465 -0.00461174 0.0101923 -0.00276486 0.00395465 -0.00276486 0.00675063)
(0.00161878 -0.00251406 0.00552575 -0.00251406 0.00994878 -0.0019867 0.00552575 -0.0019867 0.00738672)
(0.0151686 -0.00103723 0.00218421 -0.00103723 0.0089894 0.000728244 0.00218421 0.000728244 0.00311255)
(0.0166671 0.000711902 0.00457319 0.000711902 0.00708924 0.00202116 0.00457319 0.00202116 0.00907657)
(0.00497783 -0.00379699 -0.000699881 -0.00379699 0.00772519 0.00088591 -0.000699881 0.00088591 0.00342715)
(0.0113524 -0.00324725 0.00321245 -0.00324725 0.00870592 -0.000595883 0.00321245 -0.000595883 0.00729484)
(0.00968579 -0.00367592 0.00330318 -0.00367592 0.00894279 -0.00251007 0.00330318 -0.00251007 0.0064437)
(0.013441 -0.00490763 0.00227095 -0.00490763 0.00930298 -0.00314132 0.00227095 -0.00314132 0.00618778)
(0.00679302 -0.0021996 0.000918414 -0.0021996 0.00686397 -0.00130754 0.000918414 -0.00130754 0.00482695)
(0.00882152 -0.00437232 0.00434646 -0.00437232 0.0104014 -0.00292433 0.00434646 -0.00292433 0.00631781)
(0.0161291 -0.000509693 0.00342152 -0.000509693 0.00904627 -0.000876893 0.00342152 -0.000876893 0.0044923)
(0.0178167 -0.00228848 0.000590406 -0.00228848 0.00923204 0.00188788 0.000590406 0.00188788 0.00384908)
(0.014391 0.00220935 0.00371849 0.00220935 0.00599396 0.00255444 0.00371849 0.00255444 0.00712463)
(0.0189571 -0.00296325 0.00213885 -0.00296325 0.00959707 2.23583e-05 0.00213885 2.23583e-05 0.00650402)
(0.00714182 -0.00244083 0.00329801 -0.00244083 0.00818415 -0.00131053 0.00329801 -0.00131053 0.00595233)
(0.00855366 -0.00399426 0.00327093 -0.00399426 0.00919572 -0.00229209 0.00327093 -0.00229209 0.00606837)
(0.0077499 0.000541565 0.00210082 0.000541565 0.00695094 0.00116349 0.00210082 0.00116349 0.0030081)
(0.00689688 -0.00299837 0.000450881 -0.00299837 0.00781661 -0.00318908 0.000450881 -0.00318908 0.0045558)
(0.01235 -0.00428884 0.0015678 -0.00428884 0.0103388 0.000875365 0.0015678 0.000875365 0.00776923)
(0.0137599 -0.00480965 0.00121533 -0.00480965 0.00944364 -0.00450624 0.00121533 -0.00450624 0.00499367)
(0.00781909 -0.00200279 0.000612129 -0.00200279 0.00757646 0.000254 0.000612129 0.000254 0.0081031)
(0.00967321 0.00131024 -0.000331565 0.00131024 0.00739557 -0.00237932 -0.000331565 -0.00237932 0.00605471)
(0.00738588 -0.00442702 0.00235295 -0.00442702 0.00960774 -0.00262766 0.00235295 -0.00262766 0.00627352)
(0.0133726 -0.00226361 0.00428982 -0.00226361 0.0095834 -0.000895457 0.00428982 -0.000895457 0.00711814)
(0.0125411 -0.00360672 0.00307635 -0.00360672 0.00935146 -0.000492228 0.00307635 -0.000492228 0.00598424)
(0.00972755 0.00196464 0.00273898 0.00196464 0.00524741 0.00224334 0.00273898 0.00224334 0.00678511)
(0.00618926 -0.000988692 0.00241331 -0.000988692 0.00744963 -0.00166455 0.00241331 -0.00166455 0.0051548)
(0.0196824 -0.00603447 0.00463687 -0.00603447 0.0102748 -0.00272962 0.00463687 -0.00272962 0.00928244)
(0.0109547 -0.00412221 0.00267267 -0.00412221 0.00963639 -0.0028307 0.00267267 -0.0028307 0.00503823)
(0.0176234 -0.00217668 0.00301059 -0.00217668 0.00961927 0.000269167 0.00301059 0.000269167 0.0049953)
(0.00853372 -0.00339589 -7.76863e-05 -0.00339589 0.0101021 0.000622772 -7.76863e-05 0.000622772 0.00834833)
(0.0172172 -0.00173938 0.00273343 -0.00173938 0.00704736 0.00160214 0.00273343 0.00160214 0.0103954)
(0.00463862 -0.00258608 -0.000856196 -0.00258608 0.00780215 -0.00237515 -0.000856196 -0.00237515 0.00865616)
(0.00874982 -0.00578708 0.00116653 -0.00578708 0.00959473 -0.0035496 0.00116653 -0.0035496 0.00528854)
(0.00917588 -0.00038885 0.00334727 -0.00038885 0.00733496 0.00028323 0.00334727 0.00028323 0.00495898)
(0.0156041 -0.00297045 0.0030979 -0.00297045 0.00930974 -0.000436548 0.0030979 -0.000436548 0.00854975)
(0.00867386 -0.000901153 0.00176469 -0.000901153 0.00261014 -0.000221815 0.00176469 -0.000221815 0.00349984)
(0.0133373 -0.00412474 -0.000493169 -0.00412474 0.00855418 -0.0026182 -0.000493169 -0.0026182 0.00671909)
(0.0069011 -0.00197372 0.000448689 -0.00197372 0.0062255 -0.000442812 0.000448689 -0.000442812 0.00239723)
(0.0135657 -0.0022872 0.00123191 -0.0022872 0.0101923 -0.000142449 0.00123191 -0.000142449 0.00893303)
(0.0122026 -0.00477159 -0.00190889 -0.00477159 0.00939817 -0.00290499 -0.00190889 -0.00290499 0.00588554)
(0.0176017 -0.00288594 0.00397015 -0.00288594 0.00945856 -0.00212981 0.00397015 -0.00212981 0.00758105)
(0.013263 -0.00165344 0.00262556 -0.00165344 0.00930647 -0.00135708 0.00262556 -0.00135708 0.00927957)
(0.0164859 -0.00135421 0.00486336 -0.00135421 0.0082178 -0.00322619 0.00486336 -0.00322619 0.0132814)
(0.00230979 0.000925962 -0.000270087 0.000925962 0.00285625 -0.000195091 -0.000270087 -0.000195091 0.0011997)
(0.0141374 -0.00162205 0.00421119 -0.00162205 0.00805972 -0.0016539 0.00421119 -0.0016539 0.00684599)
(0.0148169 -0.00487306 0.00103602 -0.00487306 0.00889262 -0.0034068 0.00103602 -0.0034068 0.00494815)
(0.0120855 -0.0010069 0.00281928 -0.0010069 0.0018788 -0.000996903 0.00281928 -0.000996903 0.0102028)
(0.0171217 -0.00142225 0.00343449 -0.00142225 0.00879504 -0.001528 0.00343449 -0.001528 0.00811342)
(0.0140331 -0.00609725 0.00242498 -0.00609725 0.0104801 -0.00302087 0.00242498 -0.00302087 0.00699661)
(0.0178728 -0.00249748 -0.00137728 -0.00249748 0.00811468 0.00297915 -0.00137728 0.00297915 0.00748416)
(0.015266 0.000157384 0.000279538 0.000157384 0.0076796 0.00240116 0.000279538 0.00240116 0.00573891)
(0.0149308 -0.00254077 0.00209959 -0.00254077 0.00667535 0.000658799 0.00209959 0.000658799 0.0102392)
(0.0152645 -0.0023729 -2.90731e-05 -0.0023729 0.00501709 0.00132788 -2.90731e-05 0.00132788 0.0103707)
(0.00910351 -0.000226691 -0.00137015 -0.000226691 0.00724193 -0.0021679 -0.00137015 -0.0021679 0.00396616)
(0.0113398 0.000250057 0.000565687 0.000250057 0.00737349 -0.000710233 0.000565687 -0.000710233 0.00572443)
(0.00637446 -0.00342952 -0.000815609 -0.00342952 0.0106302 -0.0035014 -0.000815609 -0.0035014 0.00741712)
(0.00655781 -0.00326566 0.00227816 -0.00326566 0.00826186 -0.00263299 0.00227816 -0.00263299 0.00765389)
(0.0144927 -0.00489811 0.00134569 -0.00489811 0.0104195 0.000568911 0.00134569 0.000568911 0.00806898)
(0.0188479 -0.00299696 0.00148035 -0.00299696 0.00766766 -0.00338437 0.00148035 -0.00338437 0.00665786)
(0.0165952 -0.00522375 0.000993956 -0.00522375 0.0100294 -0.00264505 0.000993956 -0.00264505 0.00710324)
(0.010018 -0.00110077 -0.00201529 -0.00110077 0.0076358 -0.00438988 -0.00201529 -0.00438988 0.00655858)
(0.0141556 -0.0048542 -0.00124851 -0.0048542 0.0099124 -0.00280685 -0.00124851 -0.00280685 0.00703057)
(0.0158589 -0.000954818 0.00230165 -0.000954818 0.00877138 -0.000802282 0.00230165 -0.000802282 0.00882149)
(0.0120287 -0.00232443 0.00375583 -0.00232443 0.00924635 -0.00150634 0.00375583 -0.00150634 0.00847838)
(0.00538715 0.000572692 0.0013086 0.000572692 0.00277389 0.00118834 0.0013086 0.00118834 0.00996671)
(0.00276923 -0.000768769 -0.0003229 -0.000768769 0.00573061 -0.000952721 -0.0003229 -0.000952721 0.0017336)
(0.0258885 -0.00486348 0.000979109 -0.00486348 0.00866476 -0.000667158 0.000979109 -0.000667158 0.00862082)
(0.0175002 -0.00277318 0.000851784 -0.00277318 0.00825375 -0.00211664 0.000851784 -0.00211664 0.00756097)
(0.0136581 -0.00294005 0.00361938 -0.00294005 0.00982656 -0.00179202 0.00361938 -0.00179202 0.00711114)
(0.0153974 0.000138533 0.000850866 0.000138533 0.0110819 -0.00285811 0.000850866 -0.00285811 0.00743969)
(0.0147699 -0.00133882 -0.000382056 -0.00133882 0.0117546 -0.00376339 -0.000382056 -0.00376339 0.00896748)
(0.010846 -0.000270732 0.00444217 -0.000270732 0.00694872 -0.00318139 0.00444217 -0.00318139 0.0102882)
(0.0112243 -0.00527132 0.00168923 -0.00527132 0.00945391 -0.00311011 0.00168923 -0.00311011 0.00646099)
(0.00539772 -0.000279197 0.000765523 -0.000279197 0.00746252 -0.00123983 0.000765523 -0.00123983 0.00414632)
(0.0135425 0.000369563 0.000265399 0.000369563 0.00509111 0.00271154 0.000265399 0.00271154 0.00972818)
(0.0100549 -0.00465108 -0.000921361 -0.00465108 0.0108621 0.000460537 -0.000921361 0.000460537 0.007638)
(0.0098451 -0.003008 0.000566881 -0.003008 0.0091739 -0.00278309 0.000566881 -0.00278309 0.00393895)
(0.0106733 -0.00530089 8.92142e-05 -0.00530089 0.00953215 -0.00181384 8.92142e-05 -0.00181384 0.00545616)
(0.00764502 -0.00364216 -0.00111563 -0.00364216 0.00922577 0.00181822 -0.00111563 0.00181822 0.00493852)
(0.00739065 0.000651373 -0.000643948 0.000651373 0.00717413 -0.00249011 -0.000643948 -0.00249011 0.004603)
(0.0156847 -0.00417115 0.00353366 -0.00417115 0.00964416 -0.00224725 0.00353366 -0.00224725 0.00664729)
(0.0162354 -0.000977427 0.000101907 -0.000977427 0.00826722 0.00191789 0.000101907 0.00191789 0.00489377)
(0.018332 -0.00105911 0.0036471 -0.00105911 0.00763744 -0.00246245 0.0036471 -0.00246245 0.0127913)
(0.00458571 -0.00496982 -0.00075396 -0.00496982 0.00980236 0.000247833 -0.00075396 0.000247833 0.0034677)
(0.00998895 -0.00195651 0.000808636 -0.00195651 0.00781351 0.0010792 0.000808636 0.0010792 0.00450636)
(0.00401428 -0.00177668 0.00173683 -0.00177668 0.00517508 -0.00132751 0.00173683 -0.00132751 0.00336787)
(0.0103039 -0.0019394 0.00112937 -0.0019394 0.00281357 -0.00246761 0.00112937 -0.00246761 0.011038)
(0.0131071 -0.000790837 0.00434571 -0.000790837 0.00859255 -0.00131036 0.00434571 -0.00131036 0.00815785)
(0.0198138 -0.00486601 0.00318062 -0.00486601 0.00973691 -0.00254694 0.00318062 -0.00254694 0.0081883)
(0.0153078 -0.00186736 -0.00202295 -0.00186736 0.00820756 0.00245284 -0.00202295 0.00245284 0.00701261)
(0.0185266 -0.00211786 0.00158671 -0.00211786 0.00888498 0.00150438 0.00158671 0.00150438 0.00624782)
(0.0136086 -0.00116501 0.00125258 -0.00116501 0.0111976 -0.00334639 0.00125258 -0.00334639 0.0104335)
(0.0080948 -0.00194714 0.00359824 -0.00194714 0.0081927 -0.0039284 0.00359824 -0.0039284 0.00981397)
(0.00866222 0.00247486 0.00190124 0.00247486 0.00629946 -0.000209252 0.00190124 -0.000209252 0.00477476)
(0.0124058 -0.00394946 0.0036856 -0.00394946 0.00935196 -0.00210669 0.0036856 -0.00210669 0.00795996)
(0.0126273 -0.000118227 0.00276138 -0.000118227 0.00814783 -0.00310926 0.00276138 -0.00310926 0.00835898)
(0.00672131 -0.00264107 0.00345802 -0.00264107 0.00832096 -0.00236831 0.00345802 -0.00236831 0.00710291)
(0.00461382 -0.00140026 0.00187666 -0.00140026 0.00247421 -0.000257989 0.00187666 -0.000257989 0.00869802)
(0.0150295 -0.00451708 0.00143915 -0.00451708 0.0110111 0.000879936 0.00143915 0.000879936 0.0093567)
(0.011365 -0.00526384 0.00407003 -0.00526384 0.0103646 -0.00365646 0.00407003 -0.00365646 0.00669895)
(0.00885058 -0.00448288 0.00242108 -0.00448288 0.00910495 -0.00199468 0.00242108 -0.00199468 0.0120626)
(0.00988007 -0.00368764 -0.00188135 -0.00368764 0.00701754 -0.00323817 -0.00188135 -0.00323817 0.00564823)
(0.0136659 0.00041531 0.00375233 0.00041531 0.00805442 -0.000160585 0.00375233 -0.000160585 0.00687685)
(0.0107859 0.000450573 0.00358928 0.000450573 0.00734843 -0.00089456 0.00358928 -0.00089456 0.00716653)
(0.0148252 0.00144391 0.000580292 0.00144391 0.00669791 0.00144993 0.000580292 0.00144993 0.00503439)
(0.00268578 -0.0050143 -0.00135354 -0.0050143 0.0103358 -0.000716452 -0.00135354 -0.000716452 0.00589123)
(0.00320223 0.00062764 -0.00063722 0.00062764 0.00229394 -0.000294661 -0.00063722 -0.000294661 0.00336858)
(0.013937 -0.00557635 -0.000970191 -0.00557635 0.00921193 -0.00318628 -0.000970191 -0.00318628 0.00435718)
(0.0115903 -0.00283639 0.00328539 -0.00283639 0.00898459 -0.00124707 0.00328539 -0.00124707 0.00540031)
(0.0216816 -0.00399103 -0.00402169 -0.00399103 0.00751179 0.00391032 -0.00402169 0.00391032 0.00822382)
(0.010359 -0.00151371 0.000301236 -0.00151371 0.0108622 -3.29688e-06 0.000301236 -3.29688e-06 0.00681428)
(0.00943754 -0.00185206 0.00448951 -0.00185206 0.00777874 -0.00101604 0.00448951 -0.00101604 0.0119056)
(0.0107568 -0.00571358 0.00134228 -0.00571358 0.00994119 -0.00400648 0.00134228 -0.00400648 0.00539224)
(0.00120016 0.000663545 2.17883e-05 0.000663545 0.00275753 -7.30809e-06 2.17883e-05 -7.30809e-06 0.00104303)
(0.00668264 -0.00245447 -0.00256614 -0.00245447 0.00745418 -0.00125715 -0.00256614 -0.00125715 0.00977365)
(0.00895271 -0.0027578 0.000280231 -0.0027578 0.0098 -0.00116803 0.000280231 -0.00116803 0.0061852)
(0.0114175 -0.00350747 0.00288619 -0.00350747 0.00909532 -0.0017791 0.00288619 -0.0017791 0.00596008)
(0.0111164 -0.00327007 0.000877744 -0.00327007 0.00805995 -0.00205543 0.000877744 -0.00205543 0.00453836)
(0.00584611 0.00065879 -0.000310984 0.00065879 0.00243348 -0.000370164 -0.000310984 -0.000370164 0.00201051)
(0.00821637 -0.00137485 -0.0017247 -0.00137485 0.00825909 -0.00380191 -0.0017247 -0.00380191 0.00565848)
(0.0105425 -0.0024185 0.00146518 -0.0024185 0.00788969 -0.002181 0.00146518 -0.002181 0.00810753)
(0.0142403 -0.000947348 -0.0013728 -0.000947348 0.0064296 0.00326185 -0.0013728 0.00326185 0.00728135)
(0.0165969 -0.000379985 0.000246845 -0.000379985 0.00741207 0.0028738 0.000246845 0.0028738 0.0077294)
(0.00280387 -0.00113752 0.000601253 -0.00113752 0.00660502 -0.000891839 0.000601253 -0.000891839 0.00452395)
(0.00606334 -0.00232044 7.12592e-05 -0.00232044 0.0104198 -0.00371311 7.12592e-05 -0.00371311 0.00904251)
(0.0103462 -0.00136922 0.00162547 -0.00136922 0.00696692 0.000825104 0.00162547 0.000825104 0.00714166)
(0.00788299 -0.0025013 -0.000649592 -0.0025013 0.00607355 -0.00280631 -0.000649592 -0.00280631 0.0076808)
(0.00887716 -0.00155755 0.00241731 -0.00155755 0.00768104 -0.00064075 0.00241731 -0.00064075 0.00673206)
(0.0214478 -0.00365761 0.00132486 -0.00365761 0.00896355 -0.00233287 0.00132486 -0.00233287 0.00736194)
(0.0245205 -0.00371188 -0.00181164 -0.00371188 0.00813203 0.00315889 -0.00181164 0.00315889 0.00871084)
(0.01503 -0.0011004 0.00219637 -0.0011004 0.00769594 0.00172749 0.00219637 0.00172749 0.00815334)
(0.0101923 -0.000704757 0.00104858 -0.000704757 0.00532191 -0.000426115 0.00104858 -0.000426115 0.00840701)
(0.00724667 -3.84357e-05 0.0011451 -3.84357e-05 0.00281595 0.000353384 0.0011451 0.000353384 0.00856279)
(0.00682571 0.001619 0.00193905 0.001619 0.00568789 0.00179532 0.00193905 0.00179532 0.0041092)
(0.0136813 -0.00171508 0.000750514 -0.00171508 0.00797394 -0.00186891 0.000750514 -0.00186891 0.00614539)
(0.0186334 -0.00273151 -0.000106258 -0.00273151 0.00867229 0.00113169 -0.000106258 0.00113169 0.00663139)
(0.00736554 -0.00243538 -0.000183849 -0.00243538 0.00794975 -0.00207409 -0.000183849 -0.00207409 0.00540667)
(0.0130295 -0.00326141 0.00341788 -0.00326141 0.00848062 -0.00315575 0.00341788 -0.00315575 0.00673502)
(0.0104678 -0.00298359 0.000706717 -0.00298359 0.00969218 0.000995326 0.000706717 0.000995326 0.00831642)
(0.0148141 -0.00744448 -0.000505308 -0.00744448 0.0107849 -0.00460364 -0.000505308 -0.00460364 0.00432805)
(0.0138535 -0.00403198 0.0041964 -0.00403198 0.00909717 -0.00130595 0.0041964 -0.00130595 0.0127686)
(0.00995226 -0.00494378 -0.00182723 -0.00494378 0.00845353 -0.00320465 -0.00182723 -0.00320465 0.00521418)
(0.0108517 -0.00121532 0.0026025 -0.00121532 0.00849581 -0.00119095 0.0026025 -0.00119095 0.00766064)
(0.0010264 0.000585633 0.000315659 0.000585633 0.00330098 0.000432634 0.000315659 0.000432634 0.000891118)
(0.0134501 -0.000601638 0.000526171 -0.000601638 0.00629232 0.00252787 0.000526171 0.00252787 0.00803081)
(0.00623561 -0.0037637 -0.0018745 -0.0037637 0.0100286 -0.00304044 -0.0018745 -0.00304044 0.00772138)
(0.0122483 -0.0034543 5.98589e-05 -0.0034543 0.0102298 -0.000334717 5.98589e-05 -0.000334717 0.00814198)
(0.0127635 -0.00448239 -0.000618839 -0.00448239 0.00909944 -0.00375921 -0.000618839 -0.00375921 0.00460428)
(0.0066875 -0.00323985 0.00183284 -0.00323985 0.00890137 -0.00257637 0.00183284 -0.00257637 0.00520742)
(0.0158267 -0.000749808 -0.00220629 -0.000749808 0.00558618 0.00288719 -0.00220629 0.00288719 0.00974254)
(0.0176169 0.00092072 0.00175688 0.00092072 0.00783903 0.00112631 0.00175688 0.00112631 0.00366292)
(0.00781378 -0.00266402 0.00324214 -0.00266402 0.00936146 -0.00310127 0.00324214 -0.00310127 0.0113423)
(0.00858315 -0.00444284 0.00107124 -0.00444284 0.0091405 -0.00354194 0.00107124 -0.00354194 0.0055382)
(0.00345611 5.24931e-05 0.000398638 5.24931e-05 0.00157961 0.000346308 0.000398638 0.000346308 0.00157354)
(0.0054232 -0.00343063 -0.00190147 -0.00343063 0.00922389 -0.00178776 -0.00190147 -0.00178776 0.00725632)
(0.00990442 0.000253992 -0.000387946 0.000253992 0.00681468 -0.0015692 -0.000387946 -0.0015692 0.00337509)
(0.00965006 0.00167204 0.00138729 0.00167204 0.00710443 -0.00132649 0.00138729 -0.00132649 0.00547408)
(0.0130015 -0.00526259 0.000924049 -0.00526259 0.00905353 -0.00321296 0.000924049 -0.00321296 0.00434173)
(0.0101704 -0.00152904 0.000423633 -0.00152904 0.00820904 1.04923e-05 0.000423633 1.04923e-05 0.00347996)
(0.00560995 -7.10599e-07 -0.000809038 -7.10599e-07 0.00656478 -0.00264915 -0.000809038 -0.00264915 0.00452836)
(0.00508161 -0.00074017 0.000704022 -0.00074017 0.00648009 0.000254737 0.000704022 0.000254737 0.00311539)
(0.0144679 -0.00206932 0.00282376 -0.00206932 0.00888762 -0.000821753 0.00282376 -0.000821753 0.00829464)
(0.0127969 -0.000262901 0.00257545 -0.000262901 0.00460227 0.000352885 0.00257545 0.000352885 0.0123147)
(0.00865528 0.000650085 0.00141424 0.000650085 0.00635731 0.00108536 0.00141424 0.00108536 0.00421649)
(0.00796012 -0.0032993 -0.00127957 -0.0032993 0.00928863 -0.000537443 -0.00127957 -0.000537443 0.0113028)
(0.0088994 -0.00113171 -0.000251302 -0.00113171 0.00753671 -0.000774874 -0.000251302 -0.000774874 0.00499964)
(0.00894544 -0.00354041 -0.000565021 -0.00354041 0.00883159 -0.00273116 -0.000565021 -0.00273116 0.00613676)
(0.00837894 0.00024583 0.00309245 0.00024583 0.00689169 0.000377806 0.00309245 0.000377806 0.00519108)
(0.0115952 -0.00125366 0.00196085 -0.00125366 0.00723209 -0.000460149 0.00196085 -0.000460149 0.0057818)
(0.0261948 -0.00504758 -0.00205066 -0.00504758 0.00882452 0.00254447 -0.00205066 0.00254447 0.0102391)
(0.0130336 0.000351146 0.00176931 0.000351146 0.00658316 0.00284147 0.00176931 0.00284147 0.00774669)
(0.0174845 -0.00223781 -0.000792945 -0.00223781 0.00847384 0.00225439 -0.000792945 0.00225439 0.00559335)
(0.0113552 -0.000936806 -0.00317396 -0.000936806 0.00712523 0.00252017 -0.00317396 0.00252017 0.00684353)
(0.00942714 -0.00146869 0.000378912 -0.00146869 0.0107972 -0.00186562 0.000378912 -0.00186562 0.00609726)
(0.00374215 -0.00327493 -0.00104432 -0.00327493 0.00873499 0.00095684 -0.00104432 0.00095684 0.00704706)
(0.00878006 -0.0016645 0.00249988 -0.0016645 0.00783891 -0.0010682 0.00249988 -0.0010682 0.00688475)
(0.00719326 -0.00574706 -0.00265078 -0.00574706 0.0114455 -0.000167107 -0.00265078 -0.000167107 0.0079955)
(0.000740605 0.000172596 0.00097901 0.000172596 0.00466813 -0.000422928 0.00097901 -0.000422928 0.00323658)
(0.00830088 -0.00238854 0.002625 -0.00238854 0.00805479 -0.00157349 0.002625 -0.00157349 0.0055004)
(0.00839771 0.000150528 -0.000820871 0.000150528 0.0072458 -0.00168955 -0.000820871 -0.00168955 0.00404457)
(0.00447662 -0.000460512 0.00180062 -0.000460512 0.00360637 -0.000878187 0.00180062 -0.000878187 0.00471139)
(0.00817625 -0.00436341 6.67665e-06 -0.00436341 0.00916433 -0.00315411 6.67665e-06 -0.00315411 0.00496453)
(0.00425246 -0.00120608 0.0021855 -0.00120608 0.00767634 -0.00116728 0.0021855 -0.00116728 0.00508523)
(0.0019856 0.000150336 0.000550276 0.000150336 0.00414926 -0.000490752 0.000550276 -0.000490752 0.00138641)
(0.00432198 0.000689327 0.000105271 0.000689327 0.00375219 0.00209297 0.000105271 0.00209297 0.00952471)
(0.0061929 0.00102573 6.31362e-05 0.00102573 0.00530356 -0.000461485 6.31362e-05 -0.000461485 0.00507666)
(0.00567945 -0.00132803 0.000286547 -0.00132803 0.00730068 0.000144819 0.000286547 0.000144819 0.00425529)
(0.014266 -0.0015172 0.000978978 -0.0015172 0.00876715 -0.00379711 0.000978978 -0.00379711 0.00466843)
(0.00938287 -0.00246629 0.00263847 -0.00246629 0.00894552 -0.00262247 0.00263847 -0.00262247 0.00507712)
(0.00660875 0.000205894 -0.00084175 0.000205894 0.00292418 0.00133853 -0.00084175 0.00133853 0.00595996)
(0.0141061 -0.00198471 0.00147635 -0.00198471 0.00839587 -0.000214739 0.00147635 -0.000214739 0.00714488)
(0.0130994 -0.000894173 0.00376742 -0.000894173 0.00954794 -0.00306457 0.00376742 -0.00306457 0.0114455)
(0.00134719 -0.000364271 -0.000620463 -0.000364271 0.00162668 0.000632759 -0.000620463 0.000632759 0.00179295)
(0.0025624 0.000570595 -0.000214289 0.000570595 0.00235918 0.000387389 -0.000214289 0.000387389 0.00133048)
(0.00587098 -0.00297181 0.000186347 -0.00297181 0.00877506 0.00106204 0.000186347 0.00106204 0.0044172)
(0.00358075 -0.00084825 0.000532977 -0.00084825 0.0057913 -0.00162936 0.000532977 -0.00162936 0.00403266)
(0.0116181 -0.00413854 -0.000627759 -0.00413854 0.00835307 -0.00136395 -0.000627759 -0.00136395 0.00333241)
(0.0169497 -0.0022868 0.000554567 -0.0022868 0.00818006 -0.00232079 0.000554567 -0.00232079 0.00574153)
(0.0132072 -0.00315712 0.00286052 -0.00315712 0.00930478 -0.00206115 0.00286052 -0.00206115 0.00635843)
(0.00211739 -0.000427575 0.000603564 -0.000427575 0.00130981 0.000169373 0.000603564 0.000169373 0.000978787)
(0.00479495 8.94843e-05 0.000378562 8.94843e-05 0.005722 -0.00195369 0.000378562 -0.00195369 0.0031092)
(0.0137128 -0.0037016 0.00136147 -0.0037016 0.00920622 -0.00208584 0.00136147 -0.00208584 0.00840174)
(0.0133302 0.000477909 0.00332094 0.000477909 0.00191181 -0.000624758 0.00332094 -0.000624758 0.00925928)
(0.00474909 -0.00103744 0.00124048 -0.00103744 0.00792131 -0.00186311 0.00124048 -0.00186311 0.00223587)
(0.00442805 -0.0023251 0.000188245 -0.0023251 0.0087101 -0.00140312 0.000188245 -0.00140312 0.00786267)
(0.00206481 -0.000452388 -0.000532455 -0.000452388 0.00492533 0.00177842 -0.000532455 0.00177842 0.00156869)
(0.0100246 -0.00153997 0.00125331 -0.00153997 0.00843263 -0.00206407 0.00125331 -0.00206407 0.00666348)
(0.0074781 -0.000526159 0.00230977 -0.000526159 0.0069859 -0.000438973 0.00230977 -0.000438973 0.00645881)
(0.0124955 -0.00197044 -0.00200591 -0.00197044 0.0100087 -0.001349 -0.00200591 -0.001349 0.00663382)
(0.0236182 -0.00422057 -0.00582718 -0.00422057 0.00706162 0.00485552 -0.00582718 0.00485552 0.00912473)
