/*--------------------------------*- C++ -*----------------------------------*\
  =========                 |
  \\      /  F ield         | OpenFOAM: The Open Source CFD Toolbox
   \\    /   O peration     | Website:  https://openfoam.org
    \\  /    A nd           | Version:  10
     \\/     M anipulation  |
\*---------------------------------------------------------------------------*/
FoamFile
{
    format      ascii;
    class       volTensorField;
    location    "25";
    object      TauNN;
}
// * * * * * * * * * * * * * * * * * * * * * * * * * * * * * * * * * * * * * //

dimensions      [0 2 -2 0 0 0 0];

internalField   nonuniform List<tensor> 
25600
(
(0.00139138 -0.0129725 -0.0151573 -0.0129725 0.00016434 -0.00814884 -0.0151573 -0.00814884 0.000115877)
(0.00146531 -0.0129792 -0.0151367 -0.0129792 0.000160504 -0.00815207 -0.0151367 -0.00815207 0.000113795)
(0.00149528 -0.0129704 -0.0151298 -0.0129704 0.000154862 -0.00814587 -0.0151298 -0.00814587 0.000119564)
(0.00149503 -0.0129701 -0.0151274 -0.0129701 0.000153975 -0.00814566 -0.0151274 -0.00814566 0.000120536)
(0.00150248 -0.012978 -0.0151306 -0.012978 0.000157778 -0.00815099 -0.0151306 -0.00815099 0.000116456)
(0.00149263 -0.0129779 -0.0151334 -0.0129779 0.000158619 -0.00815095 -0.0151334 -0.00815095 0.000116054)
(0.00148749 -0.0129788 -0.0151348 -0.0129788 0.000159333 -0.00815153 -0.0151348 -0.00815153 0.000115448)
(0.00148043 -0.0129788 -0.0151352 -0.0129788 0.000159542 -0.00815154 -0.0151352 -0.00815154 0.00011519)
(0.00148691 -0.0129792 -0.0151341 -0.0129792 0.00015922 -0.00815175 -0.0151341 -0.00815175 0.000115718)
(0.00150013 -0.0129804 -0.0151328 -0.0129804 0.000159117 -0.00815247 -0.0151328 -0.00815247 0.000115365)
(0.00149122 -0.0129803 -0.0151348 -0.0129803 0.000159689 -0.00815244 -0.0151348 -0.00815244 0.000115141)
(0.00146541 -0.0129772 -0.0151418 -0.0129772 0.000160756 -0.00815077 -0.0151418 -0.00815077 0.000115891)
(0.00143458 -0.0129692 -0.0151497 -0.0129692 0.000160619 -0.00814621 -0.0151497 -0.00814621 0.000117648)
(0.00147757 -0.012971 -0.0151333 -0.012971 0.00015633 -0.00814657 -0.0151333 -0.00814657 0.000118718)
(0.0014846 -0.012978 -0.0151344 -0.012978 0.000158836 -0.00815094 -0.0151344 -0.00815094 0.000116555)
(0.00149121 -0.0129811 -0.0151346 -0.0129811 0.000159881 -0.00815296 -0.0151346 -0.00815296 0.000114939)
(0.00149481 -0.0129804 -0.0151331 -0.0129804 0.000159536 -0.00815268 -0.0151331 -0.00815268 0.000114062)
(0.00145856 -0.0129742 -0.0151416 -0.0129742 0.000159875 -0.00814892 -0.0151416 -0.00814892 0.00011674)
(0.00144887 -0.0129808 -0.0151418 -0.0129808 0.000161849 -0.00815295 -0.0151418 -0.00815295 0.000115248)
(0.00148222 -0.0129805 -0.0151356 -0.0129805 0.000160124 -0.00815265 -0.0151356 -0.00815265 0.000114733)
(0.00148465 -0.0129788 -0.0151352 -0.0129788 0.000159551 -0.00815163 -0.0151352 -0.00815163 0.000115121)
(0.00147122 -0.0129765 -0.0151388 -0.0129765 0.000159699 -0.00815017 -0.0151388 -0.00815017 0.000116318)
(0.0014728 -0.0129746 -0.0151383 -0.0129746 0.000158672 -0.00814877 -0.0151383 -0.00814877 0.000117892)
(0.00148033 -0.0129752 -0.015136 -0.0129752 0.000158226 -0.0081491 -0.015136 -0.0081491 0.000117906)
(0.00149041 -0.0129801 -0.015134 -0.0129801 0.00015943 -0.00815229 -0.015134 -0.00815229 0.000115299)
(0.00148648 -0.0129799 -0.0151358 -0.0129799 0.000159774 -0.00815214 -0.0151358 -0.00815214 0.000115636)
(0.00147831 -0.0129759 -0.0151375 -0.0129759 0.000159134 -0.00814977 -0.0151375 -0.00814977 0.000116489)
(0.00142622 -0.0129631 -0.0151528 -0.0129631 0.000159076 -0.00814232 -0.0151528 -0.00814232 0.000119772)
(0.00144169 -0.0129745 -0.0151439 -0.0129745 0.000160849 -0.00814932 -0.0151439 -0.00814932 0.00011632)
(0.00149833 -0.0129746 -0.0151294 -0.0129746 0.000156354 -0.00814868 -0.0151294 -0.00814868 0.00011778)
(0.00149748 -0.0129711 -0.0151307 -0.0129711 0.00015495 -0.00814614 -0.0151307 -0.00814614 0.000120589)
(0.00148733 -0.0129772 -0.0151346 -0.0129772 0.000158565 -0.00815042 -0.0151346 -0.00815042 0.000116979)
(0.00150159 -0.0129775 -0.0151309 -0.0129775 0.000157767 -0.0081506 -0.0151309 -0.0081506 0.00011628)
(0.00148844 -0.0129731 -0.0151319 -0.0129731 0.000156572 -0.00814777 -0.0151319 -0.00814777 0.00011803)
(0.00147866 -0.0129795 -0.0151359 -0.0129795 0.000159865 -0.00815199 -0.0151359 -0.00815199 0.000115239)
(0.00145476 -0.0129819 -0.0151393 -0.0129819 0.000161659 -0.00815366 -0.0151393 -0.00815366 0.000114063)
(0.00147329 -0.0129761 -0.0151362 -0.0129761 0.000158924 -0.00814987 -0.0151362 -0.00814987 0.000116581)
(0.00149907 -0.0129789 -0.0151316 -0.0129789 0.000158385 -0.00815151 -0.0151316 -0.00815151 0.000115881)
(0.00150535 -0.0129791 -0.0151315 -0.0129791 0.000158423 -0.00815168 -0.0151315 -0.00815168 0.000115585)
(0.00147006 -0.0129735 -0.0151402 -0.0129735 0.000159069 -0.00814832 -0.0151402 -0.00814832 0.000117269)
(0.00024963 -0.012849 -0.0154226 -0.012849 0.000135002 -0.00814884 -0.0154226 -0.00814884 3.86034e-05)
(0.000186738 -0.0128364 -0.015401 -0.0128364 0.000128701 -0.00814573 -0.015401 -0.00814573 7.10149e-05)
(0.000401113 -0.01285 -0.0154264 -0.01285 0.000120946 -0.00814155 -0.0154264 -0.00814155 2.9905e-05)
(-7.96317e-05 -0.0128337 -0.0154421 -0.0128337 0.000112201 -0.00811665 -0.0154421 -0.00811665 7.82991e-05)
(0.00072986 -0.012893 -0.0152404 -0.012893 0.000128826 -0.00814347 -0.0152404 -0.00814347 0.000119342)
(-0.000175015 -0.0128301 -0.0154523 -0.0128301 0.000102598 -0.00811316 -0.0154523 -0.00811316 7.43628e-05)
(4.2149e-05 -0.0127964 -0.0154319 -0.0127964 2.4512e-05 -0.0081196 -0.0154319 -0.0081196 6.59346e-05)
(6.60182e-05 -0.0128006 -0.0154268 -0.0128006 2.74472e-05 -0.00811877 -0.0154268 -0.00811877 7.63447e-05)
(8.86401e-05 -0.0128115 -0.0154216 -0.0128115 4.27852e-05 -0.00813737 -0.0154216 -0.00813737 4.58692e-05)
(-8.29592e-05 -0.012822 -0.0154583 -0.012822 8.73726e-05 -0.00811249 -0.0154583 -0.00811249 7.22126e-05)
(5.73858e-05 -0.0127939 -0.0154308 -0.0127939 2.44294e-05 -0.00812908 -0.0154308 -0.00812908 4.5809e-05)
(0.000250047 -0.0128309 -0.015428 -0.0128309 0.000121333 -0.00814483 -0.015428 -0.00814483 3.13941e-05)
(0.000713349 -0.0128657 -0.0154312 -0.0128657 0.000116263 -0.00814397 -0.0154312 -0.00814397 4.34885e-05)
(0.00010895 -0.012823 -0.0154173 -0.012823 7.79322e-05 -0.00815082 -0.0154173 -0.00815082 5.37872e-05)
(7.08837e-05 -0.0128034 -0.0154311 -0.0128034 3.28518e-05 -0.00811721 -0.0154311 -0.00811721 6.02002e-05)
(-8.33305e-05 -0.0128339 -0.0154498 -0.0128339 0.000103007 -0.00811145 -0.0154498 -0.00811145 7.95595e-05)
(-0.00015581 -0.0128399 -0.015441 -0.0128399 0.000106587 -0.00810951 -0.015441 -0.00810951 8.37501e-05)
(5.64039e-05 -0.012793 -0.0154237 -0.012793 2.51978e-05 -0.00813207 -0.0154237 -0.00813207 6.27293e-05)
(1.30966e-05 -0.0128038 -0.0154444 -0.0128038 5.61091e-05 -0.00811265 -0.0154444 -0.00811265 6.93691e-05)
(2.57727e-05 -0.0128008 -0.0154387 -0.0128008 4.0168e-05 -0.0081133 -0.0154387 -0.0081133 7.06499e-05)
(1.92617e-05 -0.0128017 -0.0154409 -0.0128017 3.48349e-05 -0.00811423 -0.0154409 -0.00811423 6.68789e-05)
(0.000125511 -0.0128122 -0.0154211 -0.0128122 8.70019e-05 -0.00814599 -0.0154211 -0.00814599 4.65498e-05)
(0.000282711 -0.0128427 -0.0154306 -0.0128427 0.000126445 -0.00814553 -0.0154306 -0.00814553 2.85733e-05)
(0.000194011 -0.0128439 -0.0154269 -0.0128439 0.00012823 -0.00814852 -0.0154269 -0.00814852 3.19386e-05)
(-4.24103e-05 -0.0128152 -0.0154564 -0.0128152 7.78611e-05 -0.00810809 -0.0154564 -0.00810809 7.72714e-05)
(6.84722e-05 -0.0127995 -0.0154303 -0.0127995 3.02757e-05 -0.00812959 -0.0154303 -0.00812959 4.21941e-05)
(0.000423031 -0.0128452 -0.0154336 -0.0128452 0.000120982 -0.00814214 -0.0154336 -0.00814214 2.51584e-05)
(0.00081247 -0.0128673 -0.0154285 -0.0128673 0.000116738 -0.00814381 -0.0154285 -0.00814381 5.71075e-05)
(0.000183095 -0.0128547 -0.0154231 -0.0128547 0.000135449 -0.00815052 -0.0154231 -0.00815052 3.69789e-05)
(6.56604e-05 -0.0127962 -0.0154213 -0.0127962 2.46826e-05 -0.00812334 -0.0154213 -0.00812334 6.82015e-05)
(0.000146982 -0.0128227 -0.0154259 -0.0128227 0.000110522 -0.0081467 -0.0154259 -0.0081467 3.34745e-05)
(7.61671e-05 -0.0128067 -0.0154249 -0.0128067 3.17266e-05 -0.00813132 -0.0154249 -0.00813132 4.25749e-05)
(-0.000117046 -0.0128248 -0.0154567 -0.0128248 9.43435e-05 -0.00811044 -0.0154567 -0.00811044 7.82744e-05)
(6.15918e-05 -0.0127946 -0.0154229 -0.0127946 2.56328e-05 -0.00813191 -0.0154229 -0.00813191 5.76726e-05)
(-6.56326e-05 -0.0128116 -0.015453 -0.0128116 7.4232e-05 -0.00810508 -0.015453 -0.00810508 8.03902e-05)
(8.35371e-06 -0.0128083 -0.0154482 -0.0128083 5.05481e-05 -0.00810781 -0.0154482 -0.00810781 7.85367e-05)
(0.000244486 -0.0128462 -0.0154248 -0.0128462 0.000132958 -0.00814793 -0.0154248 -0.00814793 3.37838e-05)
(-0.000109242 -0.0128192 -0.0154535 -0.0128192 9.73474e-05 -0.00810979 -0.0154535 -0.00810979 7.93151e-05)
(-0.000111568 -0.0128246 -0.015458 -0.0128246 8.40923e-05 -0.00811412 -0.015458 -0.00811412 6.98062e-05)
(5.51964e-05 -0.0127908 -0.0154305 -0.0127908 2.17036e-05 -0.00812758 -0.0154305 -0.00812758 6.37776e-05)
(-0.00016982 -0.0128286 -0.0154541 -0.0128286 0.000104512 -0.00810038 -0.0154541 -0.00810038 8.55578e-05)
(0.000123892 -0.0128111 -0.0154166 -0.0128111 5.09507e-05 -0.0081513 -0.0154166 -0.0081513 0.000139738)
(0.000275072 -0.0128478 -0.0154135 -0.0128478 0.000129505 -0.00814318 -0.0154135 -0.00814318 4.81143e-05)
(0.000125114 -0.01281 -0.0154251 -0.01281 3.07984e-05 -0.00812482 -0.0154251 -0.00812482 4.81197e-05)
(0.00057817 -0.0128758 -0.0152727 -0.0128758 0.000115841 -0.00813993 -0.0152727 -0.00813993 0.000115673)
(3.59806e-05 -0.0128574 -0.0153758 -0.0128574 0.000127345 -0.0081237 -0.0153758 -0.0081237 9.49037e-05)
(9.27285e-06 -0.0127979 -0.0154381 -0.0127979 3.20366e-05 -0.00811542 -0.0154381 -0.00811542 7.05058e-05)
(3.19838e-05 -0.0127993 -0.0154318 -0.0127993 3.38637e-05 -0.00811172 -0.0154318 -0.00811172 9.30954e-05)
(0.000146039 -0.0128366 -0.0154183 -0.0128366 0.000124887 -0.00815221 -0.0154183 -0.00815221 4.13654e-05)
(6.52032e-05 -0.012801 -0.0154281 -0.012801 2.91332e-05 -0.00813204 -0.0154281 -0.00813204 3.79181e-05)
(0.000183291 -0.0128193 -0.0154261 -0.0128193 0.000115797 -0.00814567 -0.0154261 -0.00814567 3.40251e-05)
(0.000147095 -0.0128054 -0.0154225 -0.0128054 0.00010517 -0.0081478 -0.0154225 -0.0081478 4.33374e-05)
(0.000425607 -0.0128544 -0.0154245 -0.0128544 0.000127145 -0.00814288 -0.0154245 -0.00814288 3.68156e-05)
(0.000107843 -0.0128026 -0.0154074 -0.0128026 2.88811e-05 -0.00812988 -0.0154074 -0.00812988 7.99901e-05)
(4.91635e-05 -0.0127996 -0.0154329 -0.0127996 4.66145e-05 -0.00811072 -0.0154329 -0.00811072 7.47721e-05)
(-5.70463e-05 -0.0128351 -0.0154425 -0.0128351 0.000106255 -0.00811409 -0.0154425 -0.00811409 7.97386e-05)
(-3.99453e-05 -0.0128125 -0.0154539 -0.0128125 5.80943e-05 -0.00810952 -0.0154539 -0.00810952 7.26256e-05)
(4.23979e-05 -0.0128468 -0.015384 -0.0128468 0.000115528 -0.00811426 -0.015384 -0.00811426 9.62346e-05)
(0.000550631 -0.0128761 -0.015286 -0.0128761 0.000125595 -0.00813498 -0.015286 -0.00813498 0.000108696)
(-6.30296e-05 -0.0128096 -0.0154509 -0.0128096 6.8184e-05 -0.00810911 -0.0154509 -0.00810911 7.60893e-05)
(-6.97128e-05 -0.0128155 -0.0154562 -0.0128155 6.98839e-05 -0.00810709 -0.0154562 -0.00810709 7.67724e-05)
(2.24828e-05 -0.0127924 -0.0154331 -0.0127924 2.26307e-05 -0.00812179 -0.0154331 -0.00812179 6.05653e-05)
(6.72953e-05 -0.0127957 -0.015425 -0.0127957 3.56169e-05 -0.00813904 -0.015425 -0.00813904 4.77628e-05)
(0.000144718 -0.0128426 -0.015424 -0.0128426 0.000125882 -0.00815051 -0.015424 -0.00815051 3.41723e-05)
(8.40285e-06 -0.0128039 -0.015444 -0.0128039 5.52895e-05 -0.00810988 -0.015444 -0.00810988 7.66496e-05)
(7.36861e-05 -0.0127922 -0.0154303 -0.0127922 3.75959e-05 -0.00813366 -0.0154303 -0.00813366 3.64057e-05)
(0.000517323 -0.0128498 -0.0154331 -0.0128498 0.000120302 -0.00814041 -0.0154331 -0.00814041 2.84927e-05)
(0.000230543 -0.0128393 -0.0154145 -0.0128393 0.00013418 -0.00814737 -0.0154145 -0.00814737 4.85828e-05)
(9.62892e-05 -0.0127928 -0.0154053 -0.0127928 2.81276e-05 -0.00812019 -0.0154053 -0.00812019 7.82545e-05)
(0.000119622 -0.0128184 -0.015416 -0.0128184 8.75905e-05 -0.00815358 -0.015416 -0.00815358 6.26324e-05)
(0.000307371 -0.0128433 -0.0154361 -0.0128433 0.000125385 -0.00814473 -0.0154361 -0.00814473 2.65294e-05)
(7.20851e-05 -0.0127972 -0.0154208 -0.0127972 2.52964e-05 -0.00812051 -0.0154208 -0.00812051 6.42779e-05)
(7.91227e-06 -0.0128071 -0.0154495 -0.0128071 4.946e-05 -0.00811439 -0.0154495 -0.00811439 6.84668e-05)
(5.32725e-05 -0.0127955 -0.0154247 -0.0127955 2.26808e-05 -0.00812325 -0.0154247 -0.00812325 6.49517e-05)
(-0.000169277 -0.0128222 -0.0154586 -0.0128222 0.000103467 -0.00809984 -0.0154586 -0.00809984 8.47446e-05)
(-0.000122928 -0.0128182 -0.0154593 -0.0128182 7.78562e-05 -0.00810197 -0.0154593 -0.00810197 8.58913e-05)
(0.000168101 -0.0128362 -0.0154109 -0.0128362 0.000130402 -0.00815093 -0.0154109 -0.00815093 5.62574e-05)
(7.3444e-05 -0.0127949 -0.0154179 -0.0127949 2.82263e-05 -0.00811989 -0.0154179 -0.00811989 6.89681e-05)
(5.92118e-05 -0.0127916 -0.0154296 -0.0127916 3.15043e-05 -0.00813439 -0.0154296 -0.00813439 4.06614e-05)
(-0.000208752 -0.0128368 -0.0154441 -0.0128368 0.000109085 -0.00810568 -0.0154441 -0.00810568 8.61134e-05)
(0.000185985 -0.0128465 -0.0153683 -0.0128465 0.000110549 -0.00811752 -0.0153683 -0.00811752 9.70353e-05)
(-7.57935e-05 -0.0128192 -0.0154666 -0.0128192 7.63899e-05 -0.00809611 -0.0154666 -0.00809611 9.60777e-05)
(4.50678e-05 -0.0128056 -0.0154369 -0.0128056 4.65252e-05 -0.00810758 -0.0154369 -0.00810758 8.76854e-05)
(0.000131721 -0.0128431 -0.0154165 -0.0128431 9.90045e-05 -0.00814599 -0.0154165 -0.00814599 5.08054e-05)
(5.34271e-05 -0.0128037 -0.0154424 -0.0128037 3.91351e-05 -0.00812465 -0.0154424 -0.00812465 4.50267e-05)
(-0.000173586 -0.0128499 -0.0154231 -0.0128499 0.000122055 -0.0081198 -0.0154231 -0.0081198 8.05344e-05)
(2.55172e-06 -0.0127952 -0.0154357 -0.0127952 2.86699e-05 -0.00811621 -0.0154357 -0.00811621 7.33697e-05)
(-0.000118554 -0.012816 -0.0154579 -0.012816 7.88628e-05 -0.00810146 -0.0154579 -0.00810146 8.78377e-05)
(5.99028e-05 -0.0127939 -0.0154174 -0.0127939 2.37282e-05 -0.00812475 -0.0154174 -0.00812475 7.24138e-05)
(0.0001098 -0.0128188 -0.0154247 -0.0128188 9.26089e-05 -0.00814612 -0.0154247 -0.00814612 3.43933e-05)
(0.000325982 -0.0128364 -0.0154296 -0.0128364 0.000122626 -0.00814323 -0.0154296 -0.00814323 2.77916e-05)
(9.10002e-05 -0.0127918 -0.0154271 -0.0127918 6.6657e-05 -0.00814926 -0.0154271 -0.00814926 5.24958e-05)
(9.64378e-05 -0.0128048 -0.0154133 -0.0128048 4.05541e-05 -0.00814328 -0.0154133 -0.00814328 9.68881e-05)
(0.000113519 -0.0127978 -0.0154065 -0.0127978 2.74932e-05 -0.00812188 -0.0154065 -0.00812188 8.4274e-05)
(-3.95451e-06 -0.0128034 -0.0154432 -0.0128034 7.14468e-05 -0.00810446 -0.0154432 -0.00810446 8.46902e-05)
(-6.72712e-05 -0.0128356 -0.0154387 -0.0128356 0.000109406 -0.00811567 -0.0154387 -0.00811567 7.88439e-05)
(7.02439e-05 -0.0127966 -0.0154271 -0.0127966 3.73825e-05 -0.00813744 -0.0154271 -0.00813744 4.86033e-05)
(-0.000148811 -0.012827 -0.0154494 -0.012827 0.000108037 -0.00810383 -0.0154494 -0.00810383 8.59355e-05)
(0.000400339 -0.0128659 -0.0153196 -0.0128659 0.000125086 -0.00812827 -0.0153196 -0.00812827 0.00010298)
(-0.000188734 -0.0128296 -0.0154522 -0.0128296 0.000104914 -0.00810932 -0.0154522 -0.00810932 7.80111e-05)
(-8.4864e-05 -0.0128145 -0.0154556 -0.0128145 6.93715e-05 -0.00810455 -0.0154556 -0.00810455 8.25e-05)
(-0.000110427 -0.0128206 -0.0154553 -0.0128206 7.66227e-05 -0.00811329 -0.0154553 -0.00811329 7.22137e-05)
(-0.00015506 -0.0128382 -0.0154376 -0.0128382 0.00011637 -0.008117 -0.0154376 -0.008117 8.0723e-05)
(8.00231e-05 -0.0128047 -0.0154262 -0.0128047 3.28851e-05 -0.00813461 -0.0154262 -0.00813461 3.93916e-05)
(3.87038e-05 -0.0127972 -0.0154318 -0.0127972 3.84715e-05 -0.00811309 -0.0154318 -0.00811309 7.61551e-05)
(1.19007e-05 -0.0127984 -0.0154431 -0.0127984 2.55796e-05 -0.00812192 -0.0154431 -0.00812192 4.70195e-05)
(9.02689e-05 -0.012789 -0.0154269 -0.012789 4.57473e-05 -0.0081474 -0.0154269 -0.0081474 8.72596e-05)
(-6.12834e-05 -0.0128121 -0.0154517 -0.0128121 8.10372e-05 -0.00810676 -0.0154517 -0.00810676 8.13473e-05)
(-8.25314e-05 -0.0128182 -0.0154517 -0.0128182 0.00010595 -0.00810345 -0.0154517 -0.00810345 8.36669e-05)
(0.000363371 -0.0128444 -0.0154243 -0.0128444 0.000128273 -0.00814356 -0.0154243 -0.00814356 3.38643e-05)
(9.80838e-05 -0.0128149 -0.0154227 -0.0128149 7.54201e-05 -0.00814851 -0.0154227 -0.00814851 4.19119e-05)
(-2.92292e-05 -0.0128047 -0.0154462 -0.0128047 7.84374e-05 -0.00810158 -0.0154462 -0.00810158 8.82383e-05)
(6.381e-05 -0.012797 -0.0154279 -0.012797 2.59996e-05 -0.00813098 -0.0154279 -0.00813098 4.84506e-05)
(4.53641e-05 -0.0127963 -0.0154278 -0.0127963 2.65041e-05 -0.00811851 -0.0154278 -0.00811851 7.20898e-05)
(-9.41876e-05 -0.0128132 -0.0154592 -0.0128132 8.20924e-05 -0.00809716 -0.0154592 -0.00809716 9.37816e-05)
(-2.71155e-05 -0.0128031 -0.0154443 -0.0128031 4.01516e-05 -0.00810858 -0.0154443 -0.00810858 0.000100364)
(1.77777e-06 -0.0128066 -0.0154432 -0.0128066 5.55199e-05 -0.00810342 -0.0154432 -0.00810342 9.09931e-05)
(0.000118834 -0.0128299 -0.0154151 -0.0128299 9.76677e-05 -0.00815221 -0.0154151 -0.00815221 5.32704e-05)
(0.000168773 -0.0128242 -0.0154273 -0.0128242 0.00011622 -0.00814628 -0.0154273 -0.00814628 3.32232e-05)
(-0.000184935 -0.0128316 -0.0154468 -0.0128316 0.00010911 -0.00810536 -0.0154468 -0.00810536 8.59977e-05)
(-9.46544e-05 -0.0128116 -0.0154514 -0.0128116 6.88005e-05 -0.00810775 -0.0154514 -0.00810775 7.94288e-05)
(-1.68064e-05 -0.0128059 -0.0154471 -0.0128059 4.91593e-05 -0.00810474 -0.0154471 -0.00810474 8.87873e-05)
(-0.000114988 -0.0128299 -0.0154522 -0.0128299 0.000102768 -0.00811259 -0.0154522 -0.00811259 7.82455e-05)
(0.000120762 -0.0128002 -0.0154327 -0.0128002 5.40634e-05 -0.00811316 -0.0154327 -0.00811316 7.8074e-05)
(0.000123374 -0.0128428 -0.0154293 -0.0128428 0.000118763 -0.00814675 -0.0154293 -0.00814675 2.78229e-05)
(-1.09556e-05 -0.0128009 -0.0154435 -0.0128009 3.20034e-05 -0.00812043 -0.0154435 -0.00812043 5.15663e-05)
(-7.31748e-05 -0.0128081 -0.0154496 -0.0128081 5.81061e-05 -0.0081048 -0.0154496 -0.0081048 8.87433e-05)
(-0.000153308 -0.0128311 -0.0154469 -0.0128311 0.000108057 -0.0081117 -0.0154469 -0.0081117 8.05005e-05)
(7.19157e-05 -0.0128489 -0.015386 -0.0128489 0.000115246 -0.00812076 -0.015386 -0.00812076 9.37597e-05)
(0.000126271 -0.0128117 -0.0154231 -0.0128117 9.91097e-05 -0.00814858 -0.0154231 -0.00814858 4.00749e-05)
(0.00018592 -0.0128154 -0.0154156 -0.0128154 0.000119814 -0.00814774 -0.0154156 -0.00814774 4.9077e-05)
(6.79747e-05 -0.0127944 -0.0154261 -0.0127944 4.78468e-05 -0.00814679 -0.0154261 -0.00814679 5.63486e-05)
(-3.22292e-05 -0.0128311 -0.0154326 -0.0128311 0.000107381 -0.00810482 -0.0154326 -0.00810482 8.58056e-05)
(0.000118281 -0.0128177 -0.0154147 -0.0128177 4.93033e-05 -0.00814135 -0.0154147 -0.00814135 5.93395e-05)
(-4.91081e-05 -0.0128155 -0.0154537 -0.0128155 9.73448e-05 -0.00810222 -0.0154537 -0.00810222 8.41686e-05)
(-0.000128862 -0.0128238 -0.0154556 -0.0128238 9.66537e-05 -0.00811215 -0.0154556 -0.00811215 7.19885e-05)
(0.000101971 -0.0128058 -0.0154258 -0.0128058 8.24957e-05 -0.00814503 -0.0154258 -0.00814503 3.86325e-05)
(8.76344e-05 -0.0128084 -0.0154225 -0.0128084 5.09998e-05 -0.00814456 -0.0154225 -0.00814456 4.76383e-05)
(7.89343e-05 -0.0128057 -0.015422 -0.0128057 5.0174e-05 -0.00814597 -0.015422 -0.00814597 5.00752e-05)
(-9.07712e-05 -0.0128141 -0.0154523 -0.0128141 6.70723e-05 -0.00811064 -0.0154523 -0.00811064 7.20815e-05)
(-5.46183e-05 -0.0128068 -0.015448 -0.0128068 5.33854e-05 -0.00810512 -0.015448 -0.00810512 8.77159e-05)
(-0.000126648 -0.0128243 -0.0154556 -0.0128243 8.77852e-05 -0.0081147 -0.0154556 -0.0081147 7.2601e-05)
(-0.000135288 -0.0128417 -0.0154268 -0.0128417 0.000120991 -0.00811723 -0.0154268 -0.00811723 8.46418e-05)
(-4.84253e-05 -0.0128239 -0.0154561 -0.0128239 9.63746e-05 -0.00812689 -0.0154561 -0.00812689 6.73801e-05)
(7.03166e-05 -0.0127951 -0.0154165 -0.0127951 2.44303e-05 -0.00812307 -0.0154165 -0.00812307 7.94082e-05)
(-3.49001e-05 -0.0128118 -0.0154511 -0.0128118 4.77613e-05 -0.0081169 -0.0154511 -0.0081169 5.81916e-05)
(-0.000138114 -0.0128469 -0.015409 -0.0128469 0.000116703 -0.00811451 -0.015409 -0.00811451 9.26769e-05)
(-6.84412e-05 -0.0128362 -0.0154422 -0.0128362 0.000110938 -0.0081188 -0.0154422 -0.0081188 7.9759e-05)
(-9.64051e-05 -0.0128155 -0.015455 -0.0128155 8.76656e-05 -0.00810391 -0.015455 -0.00810391 8.46398e-05)
(0.000373149 -0.0128449 -0.015432 -0.0128449 0.000124031 -0.0081433 -0.015432 -0.0081433 2.60871e-05)
(0.000412041 -0.0128606 -0.0153215 -0.0128606 0.000104685 -0.00813027 -0.0153215 -0.00813027 0.000107135)
(-0.000108787 -0.0128168 -0.0154584 -0.0128168 9.83685e-05 -0.00809889 -0.0154584 -0.00809889 8.41446e-05)
(7.21451e-05 -0.0127994 -0.0154259 -0.0127994 3.89831e-05 -0.00813861 -0.0154259 -0.00813861 4.53754e-05)
(-7.82642e-05 -0.0128133 -0.0154532 -0.0128133 7.81855e-05 -0.00810851 -0.0154532 -0.00810851 8.15348e-05)
(-3.70758e-05 -0.0128061 -0.0154455 -0.0128061 5.94973e-05 -0.00810314 -0.0154455 -0.00810314 0.000104786)
(3.62024e-05 -0.0127942 -0.0154306 -0.0127942 3.18175e-05 -0.00813127 -0.0154306 -0.00813127 0.000124546)
(-4.52597e-05 -0.0128404 -0.0154131 -0.0128404 0.000111421 -0.0081125 -0.0154131 -0.0081125 9.13862e-05)
(0.000164306 -0.0128337 -0.0154123 -0.0128337 0.000123838 -0.00815046 -0.0154123 -0.00815046 5.20405e-05)
(0.000119924 -0.0128213 -0.0154268 -0.0128213 0.00010167 -0.00814591 -0.0154268 -0.00814591 3.47598e-05)
(-2.99494e-05 -0.0128041 -0.0154427 -0.0128041 5.42385e-05 -0.00810741 -0.0154427 -0.00810741 8.41733e-05)
(-6.54556e-05 -0.0128056 -0.0154459 -0.0128056 5.62343e-05 -0.00810657 -0.0154459 -0.00810657 8.65464e-05)
(-0.000162099 -0.0128186 -0.0154648 -0.0128186 8.99798e-05 -0.00809735 -0.0154648 -0.00809735 8.94009e-05)
(1.99303e-06 -0.0128074 -0.0154486 -0.0128074 5.96766e-05 -0.00811358 -0.0154486 -0.00811358 7.21517e-05)
(3.84856e-05 -0.0128165 -0.0154551 -0.0128165 9.39852e-05 -0.00811566 -0.0154551 -0.00811566 7.74026e-05)
(0.000258635 -0.0128567 -0.0154271 -0.0128567 0.000133004 -0.00814836 -0.0154271 -0.00814836 3.47597e-05)
(6.38298e-05 -0.0127906 -0.015429 -0.0127906 3.73734e-05 -0.00813795 -0.015429 -0.00813795 4.03327e-05)
(-0.000179581 -0.0128209 -0.0154624 -0.0128209 9.81918e-05 -0.00809867 -0.0154624 -0.00809867 8.71545e-05)
(-7.86953e-05 -0.0128112 -0.0154519 -0.0128112 7.48374e-05 -0.00810746 -0.0154519 -0.00810746 8.08938e-05)
(0.000184879 -0.012856 -0.015354 -0.012856 0.000114029 -0.00812537 -0.015354 -0.00812537 0.000100269)
(7.48568e-05 -0.0127859 -0.0154289 -0.0127859 4.33032e-05 -0.00814314 -0.0154289 -0.00814314 5.4169e-05)
(1.87816e-05 -0.0127875 -0.0154264 -0.0127875 2.2836e-05 -0.00812371 -0.0154264 -0.00812371 7.41895e-05)
(6.91348e-05 -0.0127997 -0.0154216 -0.0127997 4.07335e-05 -0.00814316 -0.0154216 -0.00814316 5.64445e-05)
(0.000455831 -0.0128582 -0.0153052 -0.0128582 0.000104653 -0.0081285 -0.0153052 -0.0081285 0.000106006)
(0.000122152 -0.0128423 -0.0154218 -0.0128423 0.000116272 -0.00815023 -0.0154218 -0.00815023 3.97391e-05)
(3.82671e-05 -0.0127998 -0.0154368 -0.0127998 7.20619e-05 -0.00810552 -0.0154368 -0.00810552 8.87963e-05)
(2.31159e-05 -0.0127929 -0.0154314 -0.0127929 2.21518e-05 -0.0081203 -0.0154314 -0.0081203 5.95972e-05)
(0.000148643 -0.0128107 -0.0154243 -0.0128107 0.000108475 -0.00814702 -0.0154243 -0.00814702 3.78547e-05)
(8.84042e-05 -0.0128162 -0.0154283 -0.0128162 7.75798e-05 -0.00814387 -0.0154283 -0.00814387 3.09943e-05)
(0.000303577 -0.0128509 -0.0154326 -0.0128509 0.000127328 -0.00814489 -0.0154326 -0.00814489 2.70882e-05)
(5.8103e-05 -0.0127948 -0.0154244 -0.0127948 2.91779e-05 -0.00813548 -0.0154244 -0.00813548 5.01829e-05)
(-4.82871e-05 -0.0128046 -0.015445 -0.0128046 5.09644e-05 -0.00810718 -0.015445 -0.00810718 8.54657e-05)
(-4.48641e-05 -0.0128105 -0.0154495 -0.0128105 5.75161e-05 -0.00811857 -0.0154495 -0.00811857 6.35336e-05)
(1.18932e-05 -0.0127942 -0.0154307 -0.0127942 2.97247e-05 -0.0081203 -0.0154307 -0.0081203 6.45913e-05)
(-7.25563e-05 -0.0128299 -0.0154511 -0.0128299 0.000105003 -0.00812496 -0.0154511 -0.00812496 6.94863e-05)
(8.76355e-05 -0.0128012 -0.0154128 -0.0128012 3.95472e-05 -0.00814399 -0.0154128 -0.00814399 0.000102826)
(1.76023e-05 -0.0127943 -0.0154308 -0.0127943 2.68609e-05 -0.00811671 -0.0154308 -0.00811671 8.20927e-05)
(-0.0001732 -0.0128454 -0.015439 -0.0128454 0.000113531 -0.00812205 -0.015439 -0.00812205 7.23307e-05)
(-5.58293e-05 -0.0128255 -0.0154582 -0.0128255 9.0505e-05 -0.00812649 -0.0154582 -0.00812649 5.99218e-05)
(7.52558e-05 -0.0128069 -0.0154249 -0.0128069 5.15577e-05 -0.00814232 -0.0154249 -0.00814232 4.0472e-05)
(8.34681e-05 -0.0128037 -0.0154213 -0.0128037 3.48136e-05 -0.00813599 -0.0154213 -0.00813599 5.73067e-05)
(0.000654948 -0.0128682 -0.0152581 -0.0128682 9.96218e-05 -0.00814141 -0.0152581 -0.00814141 0.000126412)
(-0.000165538 -0.0128184 -0.0154595 -0.0128184 9.41822e-05 -0.00810043 -0.0154595 -0.00810043 8.37891e-05)
(4.75433e-05 -0.0127931 -0.0154268 -0.0127931 2.19504e-05 -0.00812984 -0.0154268 -0.00812984 4.69538e-05)
(-9.51898e-05 -0.0128241 -0.0154503 -0.0128241 0.000102787 -0.00811296 -0.0154503 -0.00811296 8.082e-05)
(-8.55841e-05 -0.0128086 -0.0154497 -0.0128086 6.64544e-05 -0.00810224 -0.0154497 -0.00810224 9.9619e-05)
(2.65122e-05 -0.0128006 -0.0154363 -0.0128006 3.67202e-05 -0.00812623 -0.0154363 -0.00812623 0.000127865)
(-0.000174204 -0.0128276 -0.0154523 -0.0128276 0.000104129 -0.00810623 -0.0154523 -0.00810623 8.35107e-05)
(0.000120281 -0.0128104 -0.0154135 -0.0128104 8.46127e-05 -0.00815377 -0.0154135 -0.00815377 7.8218e-05)
(0.000136795 -0.0128333 -0.0154339 -0.0128333 0.000116418 -0.00814456 -0.0154339 -0.00814456 3.17857e-05)
(5.81783e-05 -0.0127941 -0.0154221 -0.0127941 2.3146e-05 -0.00812887 -0.0154221 -0.00812887 6.09729e-05)
(-5.68704e-05 -0.0128047 -0.0154453 -0.0128047 6.10884e-05 -0.00810504 -0.0154453 -0.00810504 9.03484e-05)
(-0.000142066 -0.0128302 -0.0154422 -0.0128302 0.000111871 -0.00810357 -0.0154422 -0.00810357 8.66045e-05)
(-0.000109651 -0.0128266 -0.0154544 -0.0128266 9.91377e-05 -0.00810911 -0.0154544 -0.00810911 8.15102e-05)
(-2.98189e-05 -0.0128101 -0.0154512 -0.0128101 8.06218e-05 -0.0081129 -0.0154512 -0.0081129 7.79463e-05)
(0.000292721 -0.0128478 -0.0154115 -0.0128478 0.000133431 -0.00814399 -0.0154115 -0.00814399 5.7001e-05)
(0.000107747 -0.0128149 -0.0154238 -0.0128149 8.64079e-05 -0.00814786 -0.0154238 -0.00814786 3.87024e-05)
(-0.000151318 -0.0128165 -0.0154612 -0.0128165 8.97097e-05 -0.00809845 -0.0154612 -0.00809845 8.94696e-05)
(2.9393e-05 -0.0127938 -0.0154258 -0.0127938 3.12451e-05 -0.00811429 -0.0154258 -0.00811429 8.43905e-05)
(-0.000187583 -0.0128244 -0.0154586 -0.0128244 9.65682e-05 -0.0081031 -0.0154586 -0.0081031 8.3136e-05)
(-2.7773e-05 -0.0128029 -0.0154448 -0.0128029 3.715e-05 -0.00811321 -0.0154448 -0.00811321 7.24981e-05)
(-0.000157704 -0.0128279 -0.0154551 -0.0128279 9.24194e-05 -0.00811494 -0.0154551 -0.00811494 6.85461e-05)
(5.75664e-05 -0.0127947 -0.0154233 -0.0127947 2.23981e-05 -0.0081276 -0.0154233 -0.0081276 4.79279e-05)
(0.000216587 -0.0128465 -0.0153714 -0.0128465 0.000108039 -0.00811967 -0.0153714 -0.00811967 9.62987e-05)
(7.74756e-05 -0.0128029 -0.015423 -0.0128029 2.76205e-05 -0.00813055 -0.015423 -0.00813055 5.14273e-05)
(0.00011489 -0.0128256 -0.015414 -0.0128256 7.85352e-05 -0.0081538 -0.015414 -0.0081538 6.14784e-05)
(1.23799e-05 -0.0127902 -0.0154287 -0.0127902 2.30359e-05 -0.0081188 -0.0154287 -0.0081188 7.90168e-05)
(9.70651e-05 -0.0127969 -0.0154263 -0.0127969 6.91288e-05 -0.00814724 -0.0154263 -0.00814724 4.82313e-05)
(4.77327e-05 -0.0127971 -0.0154423 -0.0127971 2.58563e-05 -0.00812985 -0.0154423 -0.00812985 4.39624e-05)
(0.000122389 -0.0128262 -0.0154155 -0.0128262 0.000106284 -0.00815237 -0.0154155 -0.00815237 5.19643e-05)
(7.24993e-05 -0.0127993 -0.0154189 -0.0127993 3.2258e-05 -0.00813702 -0.0154189 -0.00813702 6.37536e-05)
(-1.37671e-05 -0.0127981 -0.0154361 -0.0127981 3.96683e-05 -0.0081113 -0.0154361 -0.0081113 8.38253e-05)
(-6.19806e-06 -0.0127984 -0.0154397 -0.0127984 3.40202e-05 -0.00812096 -0.0154397 -0.00812096 5.68715e-05)
(8.66652e-05 -0.0128021 -0.0154264 -0.0128021 5.74923e-05 -0.00814418 -0.0154264 -0.00814418 3.88414e-05)
(-5.823e-06 -0.0128005 -0.0154412 -0.0128005 4.73277e-05 -0.00811938 -0.0154412 -0.00811938 6.45057e-05)
(8.40785e-05 -0.0127984 -0.0154129 -0.0127984 3.92118e-05 -0.00814551 -0.0154129 -0.00814551 0.000119017)
(7.01774e-05 -0.0127954 -0.0154228 -0.0127954 4.03514e-05 -0.00814483 -0.0154228 -0.00814483 7.45405e-05)
(1.88084e-05 -0.0127921 -0.0154364 -0.0127921 2.20674e-05 -0.00812795 -0.0154364 -0.00812795 3.63381e-05)
(7.75926e-05 -0.0128638 -0.0154012 -0.0128638 0.000123757 -0.00813949 -0.0154012 -0.00813949 8.40391e-05)
(0.000169834 -0.0128342 -0.015424 -0.0128342 0.000127141 -0.00814955 -0.015424 -0.00814955 3.29107e-05)
(0.000220885 -0.012844 -0.0153937 -0.012844 9.797e-05 -0.00811446 -0.0153937 -0.00811446 9.591e-05)
(6.33219e-06 -0.0128235 -0.0154511 -0.0128235 9.92772e-05 -0.00810404 -0.0154511 -0.00810404 8.67804e-05)
(-2.10655e-05 -0.0127985 -0.0154348 -0.0127985 3.8665e-05 -0.00811085 -0.0154348 -0.00811085 0.000104864)
(3.43143e-05 -0.0127906 -0.0154253 -0.0127906 2.20005e-05 -0.00812428 -0.0154253 -0.00812428 6.09817e-05)
(-2.09572e-05 -0.0128064 -0.0154489 -0.0128064 6.56656e-05 -0.00811618 -0.0154489 -0.00811618 7.31409e-05)
(-0.000109164 -0.0128111 -0.0154527 -0.0128111 7.2352e-05 -0.00810279 -0.0154527 -0.00810279 9.14772e-05)
(-1.41316e-05 -0.0128032 -0.0154418 -0.0128032 4.19087e-05 -0.00811064 -0.0154418 -0.00811064 0.000111879)
(-9.32845e-05 -0.0128131 -0.0154543 -0.0128131 6.98446e-05 -0.008105 -0.0154543 -0.008105 8.40993e-05)
(7.53153e-05 -0.012791 -0.0154229 -0.012791 4.36048e-05 -0.00814751 -0.0154229 -0.00814751 8.41788e-05)
(0.000187618 -0.0128427 -0.0154325 -0.0128427 0.00012573 -0.00814698 -0.0154325 -0.00814698 2.98482e-05)
(9.67158e-05 -0.0128175 -0.0154237 -0.0128175 6.46205e-05 -0.00814317 -0.0154237 -0.00814317 4.36322e-05)
(7.51789e-05 -0.0127954 -0.0154125 -0.0127954 2.72658e-05 -0.00813202 -0.0154125 -0.00813202 8.51983e-05)
(-0.000164768 -0.0128183 -0.0154593 -0.0128183 9.49484e-05 -0.00810075 -0.0154593 -0.00810075 8.63001e-05)
(0.000404027 -0.0128574 -0.0153214 -0.0128574 0.000103109 -0.00812964 -0.0153214 -0.00812964 0.000108133)
(-0.000133293 -0.0128236 -0.0154513 -0.0128236 0.000102075 -0.00811105 -0.0154513 -0.00811105 8.14832e-05)
(9.8007e-05 -0.0128046 -0.0154182 -0.0128046 5.88514e-05 -0.00815061 -0.0154182 -0.00815061 8.54824e-05)
(9.58997e-05 -0.0128204 -0.0154236 -0.0128204 7.9571e-05 -0.00814781 -0.0154236 -0.00814781 3.64611e-05)
(-3.83041e-06 -0.0127968 -0.0154305 -0.0127968 4.29367e-05 -0.00810816 -0.0154305 -0.00810816 9.68627e-05)
(2.1913e-05 -0.0127946 -0.0154315 -0.0127946 3.16879e-05 -0.00811784 -0.0154315 -0.00811784 6.87154e-05)
(-2.67717e-05 -0.0128004 -0.0154394 -0.0128004 4.12156e-05 -0.00810876 -0.0154394 -0.00810876 8.86685e-05)
(-0.000142969 -0.0128224 -0.0154577 -0.0128224 7.8516e-05 -0.00810697 -0.0154577 -0.00810697 7.85855e-05)
(-0.00018255 -0.0128397 -0.015444 -0.0128397 0.000110593 -0.00811748 -0.015444 -0.00811748 7.37967e-05)
(-4.20393e-05 -0.0128126 -0.0154544 -0.0128126 8.00407e-05 -0.00811459 -0.0154544 -0.00811459 7.04364e-05)
(-5.70301e-05 -0.0128102 -0.015452 -0.0128102 7.45055e-05 -0.0081111 -0.015452 -0.0081111 7.83791e-05)
(-1.07915e-05 -0.0128393 -0.0154272 -0.0128393 0.000107034 -0.00811562 -0.0154272 -0.00811562 8.7433e-05)
(0.000126471 -0.0128367 -0.0154135 -0.0128367 0.000113288 -0.00815405 -0.0154135 -0.00815405 5.65518e-05)
(-1.60246e-05 -0.0128008 -0.0154359 -0.0128008 4.26683e-05 -0.00811032 -0.0154359 -0.00811032 0.00011395)
(-4.77332e-05 -0.0128104 -0.0154515 -0.0128104 5.1982e-05 -0.00811126 -0.0154515 -0.00811126 6.75419e-05)
(-1.76136e-05 -0.0128173 -0.0154623 -0.0128173 7.34265e-05 -0.00813033 -0.0154623 -0.00813033 6.19069e-05)
(5.78481e-05 -0.0127923 -0.015418 -0.0127923 2.4093e-05 -0.00812965 -0.015418 -0.00812965 7.05455e-05)
(5.70887e-05 -0.0127908 -0.0154139 -0.0127908 2.46017e-05 -0.00812503 -0.0154139 -0.00812503 9.004e-05)
(4.84613e-05 -0.01279 -0.0154182 -0.01279 2.65528e-05 -0.00813256 -0.0154182 -0.00813256 9.38143e-05)
(1.52989e-05 -0.0127914 -0.0154321 -0.0127914 2.40121e-05 -0.0081218 -0.0154321 -0.0081218 6.27526e-05)
(3.46349e-05 -0.0127941 -0.0154326 -0.0127941 2.2731e-05 -0.00812584 -0.0154326 -0.00812584 4.46582e-05)
(4.56005e-05 -0.0127935 -0.0154305 -0.0127935 2.34733e-05 -0.00812684 -0.0154305 -0.00812684 4.72081e-05)
(4.99788e-05 -0.0127899 -0.0154168 -0.0127899 2.76955e-05 -0.00813432 -0.0154168 -0.00813432 9.93105e-05)
(4.79872e-05 -0.0127906 -0.0154239 -0.0127906 2.83632e-05 -0.00813692 -0.0154239 -0.00813692 6.21058e-05)
(2.09141e-05 -0.0127981 -0.0154457 -0.0127981 3.34006e-05 -0.00813304 -0.0154457 -0.00813304 4.38681e-05)
(5.88815e-05 -0.0128659 -0.015411 -0.0128659 0.000128396 -0.0081458 -0.015411 -0.0081458 8.1339e-05)
(5.6803e-05 -0.0127952 -0.0154209 -0.0127952 3.97078e-05 -0.00814321 -0.0154209 -0.00814321 5.6716e-05)
(0.000400702 -0.0128545 -0.0153444 -0.0128545 9.57413e-05 -0.0081254 -0.0153444 -0.0081254 0.000108491)
(2.25618e-05 -0.0128074 -0.0154461 -0.0128074 6.13185e-05 -0.00810176 -0.0154461 -0.00810176 9.34018e-05)
(-2.57194e-05 -0.0128006 -0.0154401 -0.0128006 4.05125e-05 -0.0081092 -0.0154401 -0.0081092 0.000105168)
(3.54582e-05 -0.0127897 -0.0154219 -0.0127897 2.35684e-05 -0.00812385 -0.0154219 -0.00812385 7.35691e-05)
(7.2025e-05 -0.0127962 -0.0154223 -0.0127962 2.41001e-05 -0.00812615 -0.0154223 -0.00812615 6.05684e-05)
(-1.79244e-05 -0.0128003 -0.0154382 -0.0128003 4.40089e-05 -0.00810914 -0.0154382 -0.00810914 8.72244e-05)
(-7.58257e-05 -0.0128074 -0.0154484 -0.0128074 5.6991e-05 -0.00810419 -0.0154484 -0.00810419 9.12881e-05)
(-4.29294e-05 -0.0128089 -0.0154497 -0.0128089 5.26527e-05 -0.00810818 -0.0154497 -0.00810818 8.07152e-05)
(1.93002e-05 -0.0127879 -0.0154296 -0.0127879 2.369e-05 -0.00812298 -0.0154296 -0.00812298 8.40492e-05)
(7.07875e-05 -0.0128016 -0.0154199 -0.0128016 4.17252e-05 -0.0081434 -0.0154199 -0.0081434 6.04895e-05)
(9.08996e-05 -0.01281 -0.0154243 -0.01281 4.04598e-05 -0.00813712 -0.0154243 -0.00813712 4.51788e-05)
(8.15782e-05 -0.0128 -0.0154141 -0.0128 3.40818e-05 -0.0081389 -0.0154141 -0.0081389 7.22179e-05)
(5.6932e-05 -0.0127912 -0.0154155 -0.0127912 3.14049e-05 -0.0081151 -0.0154155 -0.0081151 9.20609e-05)
(0.000323839 -0.0128549 -0.0153469 -0.0128549 0.000108639 -0.00812891 -0.0153469 -0.00812891 0.000102374)
(-0.000135707 -0.0128228 -0.0154557 -0.0128228 8.51923e-05 -0.00811347 -0.0154557 -0.00811347 7.41504e-05)
(-2.69173e-05 -0.0128004 -0.0154419 -0.0128004 3.81051e-05 -0.00811447 -0.0154419 -0.00811447 6.83994e-05)
(6.73476e-05 -0.0127989 -0.0154189 -0.0127989 2.63103e-05 -0.00813191 -0.0154189 -0.00813191 5.0765e-05)
(5.35026e-05 -0.0127893 -0.0154112 -0.0127893 2.53511e-05 -0.00812516 -0.0154112 -0.00812516 8.86061e-05)
(6.74743e-06 -0.0127957 -0.0154366 -0.0127957 3.77023e-05 -0.00811938 -0.0154366 -0.00811938 6.31837e-05)
(-1.97857e-06 -0.012795 -0.015433 -0.012795 3.15969e-05 -0.0081144 -0.015433 -0.0081144 7.80191e-05)
(-3.46665e-05 -0.0128028 -0.0154427 -0.0128028 4.08251e-05 -0.0081113 -0.0154427 -0.0081113 7.85563e-05)
(-0.000188747 -0.0128362 -0.0154445 -0.0128362 0.000110229 -0.00811214 -0.0154445 -0.00811214 7.99061e-05)
(-6.80365e-05 -0.0128321 -0.0154415 -0.0128321 0.000107527 -0.00811406 -0.0154415 -0.00811406 8.13241e-05)
(5.16325e-05 -0.0127928 -0.0154291 -0.0127928 2.2502e-05 -0.00813056 -0.0154291 -0.00813056 4.83673e-05)
(4.66082e-05 -0.0128418 -0.0154108 -0.0128418 0.000110792 -0.00811941 -0.0154108 -0.00811941 8.87713e-05)
(7.26508e-05 -0.0127927 -0.0154223 -0.0127927 2.97748e-05 -0.00812133 -0.0154223 -0.00812133 7.9639e-05)
(8.63259e-05 -0.0128008 -0.0154144 -0.0128008 4.98532e-05 -0.00815498 -0.0154144 -0.00815498 0.000144852)
(-0.000190267 -0.0128297 -0.015454 -0.0128297 0.000102056 -0.00810608 -0.015454 -0.00810608 8.08454e-05)
(-8.10628e-05 -0.0128348 -0.015458 -0.0128348 0.000100213 -0.00812977 -0.015458 -0.00812977 6.7534e-05)
(3.12974e-05 -0.0127904 -0.0154232 -0.0127904 2.53e-05 -0.00812155 -0.0154232 -0.00812155 7.30022e-05)
(6.24385e-05 -0.012793 -0.0154136 -0.012793 2.99432e-05 -0.00813323 -0.0154136 -0.00813323 0.000115426)
(9.28319e-05 -0.0128013 -0.0154139 -0.0128013 5.35486e-05 -0.00815213 -0.0154139 -0.00815213 0.000113303)
(4.05917e-05 -0.0127913 -0.0154257 -0.0127913 2.39626e-05 -0.00812407 -0.0154257 -0.00812407 7.39955e-05)
(-0.000132962 -0.0128432 -0.0154294 -0.0128432 0.000118128 -0.0081197 -0.0154294 -0.0081197 8.16788e-05)
(4.32712e-05 -0.0127937 -0.0154309 -0.0127937 2.09873e-05 -0.00812885 -0.0154309 -0.00812885 3.67738e-05)
(3.43718e-05 -0.0127897 -0.0154204 -0.0127897 2.42746e-05 -0.00812186 -0.0154204 -0.00812186 8.93163e-05)
(-5.72575e-05 -0.0128057 -0.0154471 -0.0128057 5.64955e-05 -0.00810624 -0.0154471 -0.00810624 8.76104e-05)
(7.59838e-06 -0.0128005 -0.0154467 -0.0128005 4.15372e-05 -0.00812924 -0.0154467 -0.00812924 5.03952e-05)
(2.62941e-07 -0.0127984 -0.0154453 -0.0127984 3.33167e-05 -0.0081287 -0.0154453 -0.0081287 4.74578e-05)
(1.3452e-05 -0.0127938 -0.0154337 -0.0127938 3.57255e-05 -0.00812451 -0.0154337 -0.00812451 5.74845e-05)
(8.24647e-05 -0.0127959 -0.0154309 -0.0127959 6.25949e-05 -0.00810745 -0.0154309 -0.00810745 8.88499e-05)
(-3.8047e-05 -0.0128052 -0.0154474 -0.0128052 6.38533e-05 -0.00810322 -0.0154474 -0.00810322 9.12575e-05)
(-1.92687e-05 -0.0128035 -0.0154447 -0.0128035 4.06731e-05 -0.00811081 -0.0154447 -0.00811081 0.000110067)
(2.8155e-05 -0.0127883 -0.0154236 -0.0127883 2.22949e-05 -0.00812443 -0.0154236 -0.00812443 7.49636e-05)
(7.70418e-05 -0.0127964 -0.015417 -0.0127964 2.45135e-05 -0.00812566 -0.015417 -0.00812566 7.01286e-05)
(5.96912e-05 -0.0127933 -0.015419 -0.0127933 2.44415e-05 -0.00812958 -0.015419 -0.00812958 7.39747e-05)
(-3.01122e-05 -0.012798 -0.015436 -0.012798 3.91948e-05 -0.00811132 -0.015436 -0.00811132 8.65856e-05)
(-1.7055e-05 -0.0128061 -0.0154462 -0.0128061 4.3892e-05 -0.00810768 -0.0154462 -0.00810768 9.14397e-05)
(-0.000138494 -0.0128233 -0.0154609 -0.0128233 8.05986e-05 -0.00810186 -0.0154609 -0.00810186 8.47113e-05)
(-3.35315e-05 -0.0127939 -0.0154277 -0.0127939 4.56087e-05 -0.00811144 -0.0154277 -0.00811144 8.6236e-05)
(2.7492e-05 -0.0127928 -0.0154286 -0.0127928 4.18537e-05 -0.00811847 -0.0154286 -0.00811847 7.34669e-05)
(-3.41098e-05 -0.0127995 -0.0154373 -0.0127995 5.81775e-05 -0.00810822 -0.0154373 -0.00810822 8.75384e-05)
(7.84466e-05 -0.0127897 -0.0154101 -0.0127897 3.00985e-05 -0.0081175 -0.0154101 -0.0081175 8.82975e-05)
(-5.87386e-05 -0.0128113 -0.0154526 -0.0128113 7.78905e-05 -0.00811445 -0.0154526 -0.00811445 7.28179e-05)
(2.22319e-05 -0.0127888 -0.0154334 -0.0127888 2.03925e-05 -0.0081243 -0.0154334 -0.0081243 5.80136e-05)
(-7.46017e-05 -0.0128081 -0.0154491 -0.0128081 5.43637e-05 -0.00810852 -0.0154491 -0.00810852 8.0713e-05)
(5.32345e-05 -0.0127922 -0.0154171 -0.0127922 2.40632e-05 -0.00812393 -0.0154171 -0.00812393 7.11556e-05)
(8.70175e-05 -0.012805 -0.0154136 -0.012805 4.8425e-05 -0.00814886 -0.0154136 -0.00814886 8.60278e-05)
(3.47419e-05 -0.0127905 -0.0154264 -0.0127905 2.45551e-05 -0.00812433 -0.0154264 -0.00812433 5.69539e-05)
(1.0124e-05 -0.012793 -0.0154326 -0.012793 2.56967e-05 -0.00811918 -0.0154326 -0.00811918 6.54375e-05)
(3.78292e-05 -0.0127883 -0.0154251 -0.0127883 2.26696e-05 -0.00812724 -0.0154251 -0.00812724 7.56566e-05)
(-0.000181707 -0.0128245 -0.015456 -0.0128245 9.86803e-05 -0.0081057 -0.015456 -0.0081057 8.12421e-05)
(-0.000140531 -0.0128268 -0.0154516 -0.0128268 0.000102618 -0.00811179 -0.0154516 -0.00811179 7.75575e-05)
(5.22374e-05 -0.0127955 -0.0154321 -0.0127955 3.13463e-05 -0.00813507 -0.0154321 -0.00813507 4.06397e-05)
