/*--------------------------------*- C++ -*----------------------------------*\
  =========                 |
  \\      /  F ield         | OpenFOAM: The Open Source CFD Toolbox
   \\    /   O peration     | Website:  https://openfoam.org
    \\  /    A nd           | Version:  10
     \\/     M anipulation  |
\*---------------------------------------------------------------------------*/
FoamFile
{
    format      ascii;
    class       volTensorField;
    location    "11";
    object      TauNN;
}
// * * * * * * * * * * * * * * * * * * * * * * * * * * * * * * * * * * * * * //

dimensions      [0 2 -2 0 0 0 0];

internalField   nonuniform List<tensor> 
25600
(
(0.000317946 5.00288e-05 0.000229063 5.00288e-05 0.000141703 -9.2499e-06 0.000229063 -9.2499e-06 0.000217657)
(0.000303312 0.000102308 0.000217192 0.000102308 0.000190071 6.29574e-05 0.000217192 6.29574e-05 0.000280971)
(0.000277332 7.24476e-05 0.000160205 7.24476e-05 0.00040031 0.000121421 0.000160205 0.000121421 0.00018531)
(0.000257603 6.84969e-05 8.38097e-05 6.84969e-05 0.00061945 3.70769e-05 8.38097e-05 3.70769e-05 8.93673e-05)
(0.000225346 0.00010741 2.06903e-05 0.00010741 0.000733741 -0.000106725 2.06903e-05 -0.000106725 0.000151305)
(0.000189298 7.21943e-05 6.31437e-06 7.21943e-05 0.000480707 -0.000133168 6.31437e-06 -0.000133168 0.000196971)
(0.000160528 9.66433e-06 8.54479e-05 9.66433e-06 0.000170183 -3.83863e-05 8.54479e-05 -3.83863e-05 0.000118522)
(0.000227841 2.29822e-05 0.000151577 2.29822e-05 0.000198296 -3.58373e-06 0.000151577 -3.58373e-06 6.08395e-05)
(0.000368817 5.5938e-05 0.000174121 5.5938e-05 0.000594698 3.34308e-05 0.000174121 3.34308e-05 0.000142165)
(0.000414702 1.80053e-05 0.000178229 1.80053e-05 0.00097868 9.22158e-05 0.000178229 9.22158e-05 0.000227488)
(0.000423619 -6.39865e-05 0.000180517 -6.39865e-05 0.00124373 0.000138352 0.000180517 0.000138352 0.000266724)
(0.000436432 -0.000174714 0.000184651 -0.000174714 0.00123983 6.52261e-05 0.000184651 6.52261e-05 0.000235246)
(0.000443218 -0.000189149 0.000196794 -0.000189149 0.000949976 -3.89153e-05 0.000196794 -3.89153e-05 0.000175748)
(0.00044934 -0.00015276 0.000189446 -0.00015276 0.000685869 -0.000122404 0.000189446 -0.000122404 0.000146176)
(0.000422861 -7.80653e-05 0.000166179 -7.80653e-05 0.000434019 -0.000152093 0.000166179 -0.000152093 0.000152092)
(0.000434529 3.84822e-06 0.000168801 3.84822e-06 0.000313675 -0.000133503 0.000168801 -0.000133503 0.000220508)
(0.000450458 5.4921e-05 0.00016515 5.4921e-05 0.000280506 -0.000113608 0.00016515 -0.000113608 0.000299809)
(0.000417684 7.91922e-05 0.000173226 7.91922e-05 0.000250708 -8.24612e-05 0.000173226 -8.24612e-05 0.000327774)
(0.000372289 8.22805e-05 0.000170561 8.22805e-05 0.000223666 -8.75322e-05 0.000170561 -8.75322e-05 0.000334077)
(0.000322233 7.32299e-05 0.000153748 7.32299e-05 0.000200597 -8.20197e-05 0.000153748 -8.20197e-05 0.000289638)
(0.000282938 5.45066e-05 0.000157786 5.45066e-05 0.000188737 -3.70042e-05 0.000157786 -3.70042e-05 0.000224129)
(0.000243119 3.09255e-05 0.000151759 3.09255e-05 0.000192178 -9.30019e-06 0.000151759 -9.30019e-06 0.00015239)
(0.000206131 1.8579e-05 0.000127478 1.8579e-05 0.000183003 -2.65101e-05 0.000127478 -2.65101e-05 0.000122913)
(0.000194265 -7.59028e-07 0.000119182 -7.59028e-07 0.00016346 -4.7313e-05 0.000119182 -4.7313e-05 0.000125956)
(0.00022174 -2.75001e-05 0.000154788 -2.75001e-05 0.000160792 -6.63707e-05 0.000154788 -6.63707e-05 0.000117689)
(0.000299421 -1.0821e-05 0.000203425 -1.0821e-05 0.000171769 -8.35853e-05 0.000203425 -8.35853e-05 0.000168988)
(0.00035255 4.85051e-05 0.000199614 4.85051e-05 0.000184589 -5.56707e-05 0.000199614 -5.56707e-05 0.000264973)
(0.000332263 7.02571e-05 0.000150924 7.02571e-05 0.000204303 -2.12491e-05 0.000150924 -2.12491e-05 0.000233303)
(0.000226774 2.82787e-05 0.000122078 2.82787e-05 0.000194469 -2.32551e-06 0.000122078 -2.32551e-06 8.55647e-05)
(0.000144194 -3.85102e-06 0.000100696 -3.85102e-06 0.000149171 -1.88965e-06 0.000100696 -1.88965e-06 5.06416e-05)
(0.000141362 -2.58535e-06 7.04518e-05 -2.58535e-06 0.000128056 -1.11694e-05 7.04518e-05 -1.11694e-05 4.09156e-05)
(0.000187656 2.85869e-05 0.000104862 2.85869e-05 0.000126058 -1.87214e-05 0.000104862 -1.87214e-05 4.63451e-05)
(0.000260614 7.0937e-05 0.000203788 7.0937e-05 0.000154633 3.58801e-05 0.000203788 3.58801e-05 0.000172582)
(0.000275835 8.87504e-05 0.000187755 8.87504e-05 0.000232456 8.74111e-05 0.000187755 8.74111e-05 0.000226167)
(0.000191933 2.36537e-05 0.000101726 2.36537e-05 0.000263999 3.37427e-05 0.000101726 3.37427e-05 9.22961e-05)
(0.00011299 -1.70292e-05 7.64923e-05 -1.70292e-05 0.000194078 -7.86157e-05 7.64923e-05 -7.86157e-05 0.000142522)
(0.000116459 -2.9901e-05 8.18074e-05 -2.9901e-05 0.000138179 -7.59521e-05 8.18074e-05 -7.59521e-05 0.000329779)
(0.000142522 -5.35948e-05 7.89342e-05 -5.35948e-05 0.000126602 3.28496e-05 7.89342e-05 3.28496e-05 0.000283413)
(0.000187525 -6.68755e-05 0.000104239 -6.68755e-05 0.00016004 2.31043e-05 0.000104239 2.31043e-05 0.000118287)
(0.000274855 -2.62922e-05 0.000182112 -2.62922e-05 0.000149592 -1.46655e-05 0.000182112 -1.46655e-05 0.000115256)
(0.000532197 -0.000107818 0.00024412 -0.000107818 0.000325657 -0.000176116 0.00024412 -0.000176116 0.000182427)
(0.00046167 9.09902e-05 0.000266628 9.09902e-05 0.000198694 -3.54256e-05 0.000266628 -3.54256e-05 0.000171085)
(0.000234415 0.000219095 6.64983e-05 0.000219095 0.00032492 -2.63462e-05 6.64983e-05 -2.63462e-05 -2.31773e-05)
(0.000135921 0.000194482 -4.15826e-05 0.000194482 0.00041729 -0.00015114 -4.15826e-05 -0.00015114 2.51125e-05)
(9.08645e-05 4.86868e-05 5.40288e-05 4.86868e-05 0.000142197 -5.743e-05 5.40288e-05 -5.743e-05 -2.91638e-05)
(0.000225582 6.78385e-05 0.000122552 6.78385e-05 9.30718e-05 -1.99638e-05 0.000122552 -1.99638e-05 1.55223e-05)
(0.000514532 0.000243057 6.05639e-05 0.000243057 0.000348743 -9.72394e-05 6.05639e-05 -9.72394e-05 0.000163461)
(0.000671193 0.000294561 0.000225201 0.000294561 0.000584014 1.70749e-05 0.000225201 1.70749e-05 0.000231761)
(0.000576597 0.000119103 0.000357814 0.000119103 0.000512276 0.000132394 0.000357814 0.000132394 0.000385554)
(0.000368382 -2.12807e-06 0.000273718 -2.12807e-06 0.000365127 5.52684e-05 0.000273718 5.52684e-05 0.000395761)
(0.000261393 -4.47594e-06 0.000151346 -4.47594e-06 0.000355781 -1.66185e-05 0.000151346 -1.66185e-05 0.000271086)
(0.000353506 6.74333e-05 0.000145845 6.74333e-05 0.000471319 1.77687e-05 0.000145845 1.77687e-05 0.000350979)
(0.000526975 0.000153401 0.000263639 0.000153401 0.000545814 9.51998e-05 0.000263639 9.51998e-05 0.000554043)
(0.000610315 0.000165705 0.000309868 0.000165705 0.000486288 4.15947e-05 0.000309868 4.15947e-05 0.000594612)
(0.000594879 0.000125099 0.000299057 0.000125099 0.000417153 -6.26128e-06 0.000299057 -6.26128e-06 0.000489706)
(0.000520748 7.38306e-05 0.000243761 7.38306e-05 0.000354278 -5.13839e-05 0.000243761 -5.13839e-05 0.000344043)
(0.000414265 4.82397e-05 0.000186452 4.82397e-05 0.000300467 -5.91427e-05 0.000186452 -5.91427e-05 0.000198894)
(0.000311671 6.13034e-05 0.000138344 6.13034e-05 0.000246563 -3.61996e-05 0.000138344 -3.61996e-05 0.000108332)
(0.000247693 6.91088e-05 9.92203e-05 6.91088e-05 0.000219739 -3.31271e-05 9.92203e-05 -3.31271e-05 7.85713e-05)
(0.000223582 6.66631e-05 9.73754e-05 6.66631e-05 0.000198006 -2.4261e-05 9.73754e-05 -2.4261e-05 8.32326e-05)
(0.000245554 8.02297e-05 0.000136323 8.02297e-05 0.000203649 4.19654e-06 0.000136323 4.19654e-06 0.000120903)
(0.000216506 5.97946e-05 0.000141879 5.97946e-05 0.00022203 3.42727e-05 0.000141879 3.42727e-05 0.000130957)
(0.000155602 1.75843e-05 6.07762e-05 1.75843e-05 0.000332845 -2.33641e-05 6.07762e-05 -2.33641e-05 0.000109862)
(0.000139428 -2.2456e-05 2.74498e-05 -2.2456e-05 0.000483725 -0.000137975 2.74498e-05 -0.000137975 0.000188839)
(0.000134507 -3.24957e-05 4.45163e-05 -3.24957e-05 0.000372784 -0.000129784 4.45163e-05 -0.000129784 0.000191575)
(0.00015689 1.95764e-06 7.83429e-05 1.95764e-06 0.000196342 -3.02084e-05 7.83429e-05 -3.02084e-05 8.02366e-05)
(0.000229637 -1.10967e-05 0.000142683 -1.10967e-05 0.00017026 -4.53815e-05 0.000142683 -4.53815e-05 6.08395e-05)
(0.00026797 -1.18082e-05 0.000158964 -1.18082e-05 0.000196471 -7.69366e-05 0.000158964 -7.69366e-05 6.1203e-05)
(0.000220524 2.38866e-05 0.000138781 2.38866e-05 0.000150418 -2.81101e-05 0.000138781 -2.81101e-05 4.17469e-05)
(0.000150139 3.13316e-05 9.81083e-05 3.13316e-05 0.000149397 2.56114e-06 9.81083e-05 2.56114e-06 6.89373e-06)
(0.000139363 2.27643e-05 8.95113e-05 2.27643e-05 0.000164452 -4.06522e-06 8.95113e-05 -4.06522e-06 1.13013e-05)
(0.000179118 8.63522e-06 0.000115178 8.63522e-06 0.000153981 -1.27824e-05 0.000115178 -1.27824e-05 1.4857e-05)
(0.000262524 -1.36374e-05 0.000156705 -1.36374e-05 0.00018079 -7.14464e-05 0.000156705 -7.14464e-05 2.88191e-05)
(0.000329982 -7.77096e-06 0.000210224 -7.77096e-06 0.000197218 -0.000127449 0.000210224 -0.000127449 8.60475e-05)
(0.000230743 6.45639e-05 0.000162095 6.45639e-05 0.000149333 -6.93528e-05 0.000162095 -6.93528e-05 2.86133e-05)
(8.96631e-05 5.71301e-05 7.40504e-05 5.71301e-05 0.000138751 -4.57251e-05 7.40504e-05 -4.57251e-05 -5.08887e-06)
(0.000163127 -6.50035e-05 0.000181031 -6.50035e-05 0.000164928 -0.000128255 0.000181031 -0.000128255 0.000331098)
(0.000296781 -9.34144e-05 0.000268582 -9.34144e-05 0.000155058 -4.23407e-05 0.000268582 -4.23407e-05 0.000618742)
(0.000191673 -5.15543e-05 0.000133917 -5.15543e-05 0.000167934 6.31092e-05 0.000133917 6.31092e-05 0.000257711)
(0.000292113 -0.000111482 0.000153183 -0.000111482 0.000288313 -6.89672e-05 0.000153183 -6.89672e-05 1.77405e-05)
(0.000539963 -0.00028318 0.000202978 -0.00028318 0.000544583 -0.000149744 0.000202978 -0.000149744 8.24754e-05)
(0.000590231 -0.000467857 0.000162413 -0.000467857 0.000571312 -8.57264e-05 0.000162413 -8.57264e-05 -5.22154e-05)
(0.000345509 -0.000305169 8.7806e-05 -0.000305169 0.00039587 5.59613e-05 8.7806e-05 5.59613e-05 -5.52745e-05)
(0.000301084 -6.26594e-06 0.000151375 -6.26594e-06 0.000375788 -2.14912e-05 0.000151375 -2.14912e-05 -3.27058e-05)
(0.000916222 0.000418002 -0.000257741 0.000418002 0.000743133 -0.000389982 -0.000257741 -0.000389982 0.000547417)
(0.00173343 0.000532876 -0.000818672 0.000532876 0.00122494 -0.000810769 -0.000818672 -0.000810769 0.00169917)
(0.00139596 0.000504068 -0.000570434 0.000504068 0.000967206 -0.000647581 -0.000570434 -0.000647581 0.00137422)
(0.000584516 0.000205686 -4.41261e-06 0.000205686 0.000422643 -0.000124429 -4.41261e-06 -0.000124429 0.00048084)
(0.000362346 0.000122044 0.000145316 0.000122044 0.000532038 9.33912e-05 0.000145316 9.33912e-05 0.000323735)
(0.000390398 0.000278603 0.000148081 0.000278603 0.00105667 0.000178739 0.000148081 0.000178739 0.000519099)
(0.000563904 0.000503829 0.000303118 0.000503829 0.00134005 0.000349828 0.000303118 0.000349828 0.000678067)
(0.000749726 0.000521316 0.000514865 0.000521316 0.00133334 0.000509082 0.000514865 0.000509082 0.000909852)
(0.000864581 0.000362964 0.000493532 0.000362964 0.00108836 0.000569244 0.000493532 0.000569244 0.00122834)
(0.00110328 0.000419163 0.000437247 0.000419163 0.000994129 0.000597343 0.000437247 0.000597343 0.0018256)
(0.00114257 0.000473416 0.000491101 0.000473416 0.000931373 0.000556747 0.000491101 0.000556747 0.00185957)
(0.000886753 0.000392567 0.000481131 0.000392567 0.000686894 0.000338469 0.000481131 0.000338469 0.00119241)
(0.000727824 0.000316354 0.000443451 0.000316354 0.000495814 0.000170838 0.000443451 0.000170838 0.000737679)
(0.000516326 0.000205093 0.000310834 0.000205093 0.000294536 5.48856e-05 0.000310834 5.48856e-05 0.000409712)
(0.000334797 0.000107027 0.000217455 0.000107027 0.000197457 3.67668e-05 0.000217455 3.67668e-05 0.000247656)
(0.000258482 6.87717e-05 0.000168593 6.87717e-05 0.000201978 5.08307e-05 0.000168593 5.08307e-05 0.000189519)
(0.000264481 6.72275e-05 0.000184608 6.72275e-05 0.000217067 7.66478e-05 0.000184608 7.66478e-05 0.00022138)
(0.000359014 0.00010723 0.000294294 0.00010723 0.000209861 0.000107863 0.000294294 0.000107863 0.000354724)
(0.000418476 0.00012063 0.000326157 0.00012063 0.000145571 5.03762e-05 0.000326157 5.03762e-05 0.000351813)
(0.000286982 6.13527e-05 0.00017502 6.13527e-05 0.000112009 -3.73581e-05 0.00017502 -3.73581e-05 0.000106837)
(0.000200212 4.72236e-05 0.000123654 4.72236e-05 0.000175728 -2.05878e-05 0.000123654 -2.05878e-05 -1.60907e-05)
(0.000314165 8.40249e-05 0.000215357 8.40249e-05 0.000287829 5.03408e-05 0.000215357 5.03408e-05 9.06293e-05)
(0.000315437 8.12849e-05 0.00015701 8.12849e-05 0.000335191 -5.58887e-06 0.00015701 -5.58887e-06 7.24339e-05)
(0.00039298 3.18466e-05 0.000143428 3.18466e-05 0.000301367 -0.000172499 0.000143428 -0.000172499 0.000254467)
(0.000568749 1.57505e-05 0.000263618 1.57505e-05 0.000296393 -0.000209911 0.000263618 -0.000209911 0.000495931)
(0.00038782 -6.82306e-05 0.000175311 -6.82306e-05 0.00031711 -0.000131095 0.000175311 -0.000131095 7.35217e-05)
(0.000217486 -4.84586e-05 0.000127924 -4.84586e-05 0.000377769 0.000160617 0.000127924 0.000160617 0.000207897)
(0.000355518 -2.41352e-05 0.000104074 -2.41352e-05 0.00055575 0.000446048 0.000104074 0.000446048 0.000856193)
(0.000264052 -1.80816e-05 0.000116652 -1.80816e-05 0.00049402 0.000269257 0.000116652 0.000269257 0.000347775)
(0.000307617 -9.6811e-05 0.000159593 -9.6811e-05 0.00041101 -0.0001097 0.000159593 -0.0001097 2.00067e-05)
(0.000529102 -0.000144691 0.000280207 -0.000144691 0.000402169 -0.000330239 0.000280207 -0.000330239 0.000342477)
(0.000513927 -4.09754e-05 0.000310607 -4.09754e-05 0.000330387 -0.000311269 0.000310607 -0.000311269 0.000398429)
(0.000353122 6.47288e-05 0.000224784 6.47288e-05 0.000210689 -5.41862e-05 0.000224784 -5.41862e-05 0.000189187)
(0.000324182 -3.36953e-06 0.000207018 -3.36953e-06 0.000148235 2.50144e-05 0.000207018 2.50144e-05 0.000232239)
(0.00027766 -2.0816e-05 0.000164204 -2.0816e-05 0.000189759 -8.62125e-06 0.000164204 -8.62125e-06 0.000184449)
(0.000254428 1.21687e-05 0.000128223 1.21687e-05 0.000268877 -5.263e-05 0.000128223 -5.263e-05 9.74773e-05)
(0.000726735 0.000282827 0.000356058 0.000282827 0.000715929 0.000231075 0.000356058 0.000231075 0.000756813)
(0.000737743 9.81428e-05 0.000491517 9.81428e-05 0.000367174 -2.66777e-05 0.000491517 -2.66777e-05 0.000690149)
(0.00120953 -0.000383 0.00042795 -0.000383 0.00180164 -0.000577584 0.00042795 -0.000577584 0.000683376)
(0.00121245 -5.10775e-05 0.000280287 -5.10775e-05 0.00403819 0.000159647 0.000280287 0.000159647 0.000736626)
(0.00127359 0.000346785 0.000151816 0.000346785 0.0039258 0.00110111 0.000151816 0.00110111 0.00113409)
(0.000707943 0.00031255 0.000248261 0.00031255 0.00236093 0.000580778 0.000248261 0.000580778 0.000544835)
(0.000554289 -6.37136e-05 9.31993e-05 -6.37136e-05 0.000859016 -0.000299452 9.31993e-05 -0.000299452 0.0002078)
(0.0008894 4.54988e-05 0.000279691 4.54988e-05 0.000458798 -0.000311819 0.000279691 -0.000311819 0.00103551)
(0.000808106 0.000180688 0.000372669 0.000180688 0.000306298 -9.98946e-05 0.000372669 -9.98946e-05 0.000976218)
(0.000467522 0.000143375 0.000226891 0.000143375 0.000216379 4.39491e-06 0.000226891 4.39491e-06 0.000451792)
(0.000326084 9.60948e-05 0.000139384 9.60948e-05 0.000208689 -4.77191e-05 0.000139384 -4.77191e-05 0.000222412)
(0.000320406 6.22319e-05 0.000172635 6.22319e-05 0.000346978 -8.3412e-05 0.000172635 -8.3412e-05 0.000162909)
(0.000347072 -2.39611e-05 0.00020881 -2.39611e-05 0.000510251 -4.63193e-05 0.00020881 -4.63193e-05 0.000186981)
(0.000336397 -6.67796e-05 0.000214646 -6.67796e-05 0.000329988 -0.000120081 0.000214646 -0.000120081 0.000209783)
(0.000491826 0.000106432 0.000335818 0.000106432 0.000226086 -4.70076e-05 0.000335818 -4.70076e-05 0.00054998)
(0.000737205 0.000278287 0.000455761 0.000278287 0.000427434 0.0001591 0.000455761 0.0001591 0.000959633)
(0.00067729 0.000267016 0.000419548 0.000267016 0.000430411 0.000172199 0.000419548 0.000172199 0.000873108)
(0.000428525 0.000115043 0.000316245 0.000115043 0.000230403 6.0969e-05 0.000316245 6.0969e-05 0.00049477)
(0.000329262 1.44318e-05 0.000228845 1.44318e-05 0.000158311 1.22581e-05 0.000228845 1.22581e-05 0.000217209)
(0.000226613 3.63765e-05 6.68513e-05 3.63765e-05 0.00011097 -2.30661e-05 6.68513e-05 -2.30661e-05 9.41151e-05)
(0.000148306 9.19783e-05 -8.36421e-06 9.19783e-05 0.00022754 -8.82624e-05 -8.36421e-06 -8.82624e-05 0.000108158)
(0.000118479 4.2934e-05 3.10177e-05 4.2934e-05 0.000295817 -6.25495e-05 3.10177e-05 -6.25495e-05 7.35423e-05)
(0.000132538 -2.20267e-05 0.000125202 -2.20267e-05 0.000112706 -1.57412e-05 0.000125202 -1.57412e-05 9.66927e-05)
(0.000289399 7.39377e-06 0.00024919 7.39377e-06 0.000251589 0.000134503 0.00024919 0.000134503 0.000284074)
(0.000337911 4.66313e-06 0.000226205 4.66313e-06 0.000463156 0.000258993 0.000226205 0.000258993 0.000398298)
(0.000263084 -3.94685e-05 0.000190645 -3.94685e-05 0.000351578 0.000145834 0.000190645 0.000145834 0.000238967)
(0.000228032 -4.2825e-05 0.000120454 -4.2825e-05 0.000261304 -1.23596e-05 0.000120454 -1.23596e-05 7.82366e-05)
(0.000353945 -1.68243e-05 0.000120561 -1.68243e-05 0.000342755 -7.53058e-05 0.000120561 -7.53058e-05 0.000159864)
(0.000410082 -4.82062e-05 0.000145362 -4.82062e-05 0.000453755 -9.64319e-05 0.000145362 -9.64319e-05 0.000178591)
(0.000349733 -6.19665e-05 0.000176833 -6.19665e-05 0.000655854 4.25354e-05 0.000176833 4.25354e-05 0.000166904)
(0.00035229 3.31048e-05 0.000184513 3.31048e-05 0.0008525 -4.74099e-05 0.000184513 -4.74099e-05 0.000135265)
(0.00047716 -2.35047e-05 0.000203779 -2.35047e-05 0.000848088 -0.000419347 0.000203779 -0.000419347 0.000349498)
(0.000630876 -4.72944e-05 0.000280049 -4.72944e-05 0.000572874 -0.000518897 0.000280049 -0.000518897 0.000750783)
(0.000599866 3.64566e-05 0.00031326 3.64566e-05 0.000312328 -0.0002342 0.00031326 -0.0002342 0.000700207)
(0.000602403 6.17411e-05 0.000314102 6.17411e-05 0.00035313 -9.59504e-05 0.000314102 -9.59504e-05 0.000603573)
(0.000688336 0.000108889 0.000306044 0.000108889 0.000401693 -0.000154017 0.000306044 -0.000154017 0.000745636)
(0.000879726 0.000250132 0.000304157 0.000250132 0.000354591 -0.000179813 0.000304157 -0.000179813 0.0015381)
(0.00117391 0.000384734 0.000384625 0.000384734 0.00047415 0.000285791 0.000384625 0.000285791 0.00300887)
(0.00121275 0.000309896 0.000311408 0.000309896 0.00114659 0.000792485 0.000311408 0.000792485 0.00276803)
(0.00100734 0.000241762 0.000246061 0.000241762 0.00125536 0.000579103 0.000246061 0.000579103 0.0012589)
(0.000315536 -9.12417e-05 0.000104123 -9.12417e-05 0.000639631 0.000167856 0.000104123 0.000167856 0.000216052)
(0.000699333 4.65019e-05 1.23493e-06 4.65019e-05 0.000507189 0.000106684 1.23493e-06 0.000106684 0.000625063)
(0.000972409 0.000469482 8.2436e-05 0.000469482 0.00102145 -0.000215835 8.2436e-05 -0.000215835 0.000544347)
(0.000702378 0.000376424 0.000257229 0.000376424 0.00262101 0.000624825 0.000257229 0.000624825 0.000822102)
(0.000735509 -0.000179674 -0.000199946 -0.000179674 0.00248954 0.00120696 -0.000199946 0.00120696 0.00150816)
(0.000544746 -0.000306451 -0.000121337 -0.000306451 0.00101601 0.00072805 -0.000121337 0.00072805 0.00119679)
(0.000388278 -0.000198363 -2.79453e-05 -0.000198363 0.000426813 0.000308064 -2.79453e-05 0.000308064 0.000780114)
(0.000340965 -0.000144226 -0.000211746 -0.000144226 0.000328477 0.000209092 -0.000211746 0.000209092 0.000915745)
(0.000402717 -7.65733e-05 -0.000482231 -7.65733e-05 0.00036471 0.000103076 -0.000482231 0.000103076 0.00135345)
(0.000404059 -2.35625e-07 -0.000440862 -2.35625e-07 0.000412612 -5.09527e-06 -0.000440862 -5.09527e-06 0.00151053)
(0.000330757 -3.10857e-05 -5.93383e-05 -3.10857e-05 0.000368646 4.55696e-05 -5.93383e-05 4.55696e-05 0.00115484)
(0.00040626 -4.47603e-05 0.000150127 -4.47603e-05 0.000355867 0.000126097 0.000150127 0.000126097 0.000928762)
(0.000337324 -0.000130771 -1.44886e-05 -0.000130771 0.000358561 0.000206368 -1.44886e-05 0.000206368 0.0011474)
(0.000369932 -0.000201995 -0.000432296 -0.000201995 0.000345468 0.000268501 -0.000432296 0.000268501 0.00151976)
(0.000328745 -0.000119342 -0.000419634 -0.000119342 0.000223777 0.000144251 -0.000419634 0.000144251 0.000830928)
(0.000221882 -8.57534e-05 2.72188e-05 -8.57534e-05 0.000185811 -3.21306e-06 2.72188e-05 -3.21306e-06 9.58586e-05)
(0.000355479 8.51415e-06 0.000211647 8.51415e-06 0.000213311 -0.000112529 0.000211647 -0.000112529 0.000205786)
(0.000529321 0.000101964 0.000215942 0.000101964 0.000248439 -0.000140909 0.000215942 -0.000140909 0.000513557)
(0.000550348 1.13584e-05 0.000215271 1.13584e-05 0.00035525 -0.000280095 0.000215271 -0.000280095 0.000382061)
(0.000743875 -0.000176798 0.000381107 -0.000176798 0.000599227 -0.000539528 0.000381107 -0.000539528 0.000588008)
(0.000787137 -3.93735e-05 0.000573212 -3.93735e-05 0.000398052 -0.000594653 0.000573212 -0.000594653 0.00112101)
(0.000423658 0.000123128 0.000349224 0.000123128 0.000108769 -7.95256e-05 0.000349224 -7.95256e-05 0.000668124)
(0.000169391 -0.000115449 8.961e-05 -0.000115449 0.000345707 -3.08882e-05 8.961e-05 -3.08882e-05 3.98442e-05)
(0.000147324 -0.000202012 0.000321945 -0.000202012 0.000626625 -0.000539193 0.000321945 -0.000539193 0.000821595)
(0.000205677 -6.78347e-05 0.000232445 -6.78347e-05 0.000345066 -0.000343042 0.000232445 -0.000343042 0.000980898)
(0.000152409 -2.10004e-05 9.5143e-05 -2.10004e-05 0.000200989 -6.6149e-05 9.5143e-05 -6.6149e-05 0.000194814)
(0.000439971 8.72165e-05 0.000193501 8.72165e-05 0.000660632 0.000255196 0.000193501 0.000255196 0.000475523)
(0.000660466 0.000176619 0.000230808 0.000176619 0.00125972 0.000582199 0.000230808 0.000582199 0.000918097)
(0.000441811 4.1781e-05 0.000102866 4.1781e-05 0.0010344 0.000269149 0.000102866 0.000269149 0.000320619)
(0.000179846 5.05429e-06 0.000116629 5.05429e-06 0.000442358 -0.000188276 0.000116629 -0.000188276 0.000452766)
(0.00051542 -0.000118275 9.08943e-05 -0.000118275 0.000386932 8.33664e-05 9.08943e-05 8.33664e-05 0.00172228)
(0.000533922 -0.000135045 -4.52753e-05 -0.000135045 0.000426717 0.000299422 -4.52753e-05 0.000299422 0.00142045)
(0.000289162 -0.000130337 7.76472e-05 -0.000130337 0.000309188 -1.07316e-05 7.76472e-05 -1.07316e-05 0.000247203)
(0.000684963 -2.53972e-06 0.000552215 -2.53972e-06 0.000275243 -6.81728e-05 0.000552215 -6.81728e-05 0.000824955)
(0.0011142 0.000236025 0.000697872 0.000236025 0.000398955 8.55746e-05 0.000697872 8.55746e-05 0.00193283)
(0.000998573 0.000274252 0.000390254 0.000274252 0.000485469 -1.16127e-05 0.000390254 -1.16127e-05 0.00161878)
(0.00062715 0.000105907 0.000150287 0.000105907 0.000444489 -0.000158682 0.000150287 -0.000158682 0.000479478)
(0.000272503 8.2518e-05 8.75359e-05 8.2518e-05 0.000431907 2.39164e-06 8.75359e-05 2.39164e-06 0.000132746)
(0.000163267 0.000194609 0.000101258 0.000194609 0.00059086 -6.78655e-06 0.000101258 -6.78655e-06 0.000241623)
(0.000179401 7.5954e-05 4.36241e-05 7.5954e-05 0.000484604 -0.000126783 4.36241e-05 -0.000126783 8.23355e-05)
(0.000234123 -7.84509e-05 0.000132955 -7.84509e-05 0.000174863 -2.84985e-05 0.000132955 -2.84985e-05 0.000123794)
(0.000321398 -0.000280564 0.000310386 -0.000280564 0.000692443 -0.000485615 0.000310386 -0.000485615 0.000749268)
(0.000470199 -0.000436866 0.000652282 -0.000436866 0.00149942 -0.00111433 0.000652282 -0.00111433 0.00155417)
(0.000335634 -8.56211e-05 0.000148179 -8.56211e-05 0.0014391 -0.000652664 0.000148179 -0.000652664 0.000861707)
(0.000529045 0.000269728 0.000135334 0.000269728 0.00120331 0.000158619 0.000135334 0.000158619 0.000526634)
(0.0010953 0.000607052 0.000698244 0.000607052 0.00160169 0.000755145 0.000698244 0.000755145 0.00160934)
(0.00117389 0.00083321 0.000756597 0.00083321 0.00207816 0.000872367 0.000756597 0.000872367 0.0014675)
(0.000641582 0.00070459 0.000219047 0.00070459 0.0018875 0.000254266 0.000219047 0.000254266 0.000429668)
(0.000195106 0.000328788 -0.000201987 0.000328788 0.000979912 -0.000468122 -0.000201987 -0.000468122 0.000566626)
(0.000304415 -0.000107944 -0.000106748 -0.000107944 0.000179066 -0.000100841 -0.000106748 -0.000100841 0.00147563)
(0.00072128 -0.000229937 0.00012433 -0.000229937 0.000334804 0.000366085 0.00012433 0.000366085 0.00200508)
(0.000450088 -0.00015293 0.000188354 -0.00015293 0.000279209 -0.000199405 0.000188354 -0.000199405 0.00162325)
(0.000214786 5.12628e-05 0.000100095 5.12628e-05 0.000960141 -0.000774094 0.000100095 -0.000774094 0.00139968)
(0.000131453 0.000179077 -6.47074e-05 0.000179077 0.0011408 -0.000669907 -6.47074e-05 -0.000669907 0.000964212)
(0.000136581 4.68222e-05 -0.000133894 4.68222e-05 0.000308433 -0.000204377 -0.000133894 -0.000204377 0.000621461)
(0.00024998 -7.64234e-05 3.60431e-05 -7.64234e-05 0.000372426 9.71686e-05 3.60431e-05 9.71686e-05 0.000444896)
(0.000302705 -0.000106041 0.000165862 -0.000106041 0.000561108 5.19101e-05 0.000165862 5.19101e-05 0.000279278)
(0.000298177 9.913e-06 0.000202134 9.913e-06 0.000583723 -7.98898e-05 0.000202134 -7.98898e-05 0.000153433)
(0.000387841 3.78489e-06 0.000186176 3.78489e-06 0.00077375 -0.000129949 0.000186176 -0.000129949 0.00013197)
(0.000651357 -0.00015054 0.000216302 -0.00015054 0.000721915 -0.000466056 0.000216302 -0.000466056 0.000445128)
(0.0015604 1.35126e-05 0.000804761 1.35126e-05 0.000552998 -0.000412777 0.000804761 -0.000412777 0.0021725)
(0.00157143 0.000157145 0.000969009 0.000157145 0.000319741 -0.000123896 0.000969009 -0.000123896 0.00210207)
(0.000225541 8.71457e-05 0.000175808 8.71457e-05 0.000190198 -3.35835e-05 0.000175808 -3.35835e-05 -5.83376e-06)
(0.0002101 2.30735e-05 0.000323221 2.30735e-05 0.000252476 -1.39857e-05 0.000323221 -1.39857e-05 0.000477818)
(0.000429718 -7.47973e-05 0.000444986 -7.47973e-05 0.000244751 8.54293e-05 0.000444986 8.54293e-05 0.000612448)
(0.000239617 7.53719e-06 0.000119407 7.53719e-06 0.000209359 6.59749e-06 0.000119407 6.59749e-06 7.78195e-05)
(0.000897441 0.00032068 0.000638245 0.00032068 0.000447962 0.000307798 0.000638245 0.000307798 0.00139877)
(0.000879813 0.000365031 0.000644963 0.000365031 0.000664605 0.000453709 0.000644963 0.000453709 0.00139416)
(0.000457611 6.94683e-05 0.00020563 6.94683e-05 0.000645131 0.000309274 0.00020563 0.000309274 0.000515592)
(0.00031411 -0.000180271 0.000136955 -0.000180271 0.000385835 1.28243e-06 0.000136955 1.28243e-06 0.000197991)
(0.000443529 -0.00022693 0.000434823 -0.00022693 0.000333855 -3.65423e-05 0.000434823 -3.65423e-05 0.000806177)
(0.000394783 -0.000182215 0.000222135 -0.000182215 0.000313002 1.77035e-05 0.000222135 1.77035e-05 0.000939056)
(0.000323897 2.2918e-05 8.19815e-05 2.2918e-05 0.000353932 -3.41088e-05 8.19815e-05 -3.41088e-05 0.00020234)
(0.000716308 7.22893e-05 0.000334118 7.22893e-05 0.000422174 -3.52366e-05 0.000334118 -3.52366e-05 0.000681107)
(0.000679077 5.06174e-06 0.000240935 5.06174e-06 0.000370312 -0.000104107 0.000240935 -0.000104107 0.000557642)
(0.000378342 -8.52682e-05 0.000144498 -8.52682e-05 0.000355898 -8.1744e-05 0.000144498 -8.1744e-05 9.78011e-05)
(0.000329701 -0.000254495 2.64961e-05 -0.000254495 0.000600678 0.000325035 2.64961e-05 0.000325035 0.000479146)
(0.000444557 -0.000328111 4.19701e-05 -0.000328111 0.000798368 0.000414751 4.19701e-05 0.000414751 0.000470508)
(0.000398336 -0.000190063 0.000198416 -0.000190063 0.000656588 -4.97838e-05 0.000198416 -4.97838e-05 3.60704e-05)
(0.000348564 -3.95514e-05 0.000189507 -3.95514e-05 0.000254484 -0.000158614 0.000189507 -0.000158614 0.000184014)
(0.000498716 -0.000131992 0.00048776 -0.000131992 0.000275949 -0.000386159 0.00048776 -0.000386159 0.000585989)
(0.00023883 -2.22651e-05 0.000139392 -2.22651e-05 0.000301619 -0.000150253 0.000139392 -0.000150253 0.000303024)
(0.000248821 -0.00049842 0.000264803 -0.00049842 0.0018939 -0.000649265 0.000264803 -0.000649265 0.000746603)
(0.000390543 -0.000754101 0.000508053 -0.000754101 0.00471645 -0.00125953 0.000508053 -0.00125953 0.001641)
(0.000466506 -0.000573181 0.000514682 -0.000573181 0.00555785 -0.00119729 0.000514682 -0.00119729 0.00193402)
(0.000482854 3.39122e-05 0.000412565 3.39122e-05 0.00542564 -0.00100933 0.000412565 -0.00100933 0.00179584)
(0.000372606 0.000588612 0.000135317 0.000588612 0.00418381 -0.00065997 0.000135317 -0.00065997 0.00104181)
(0.000224458 0.000126446 1.27126e-05 0.000126446 0.000675566 -0.000163393 1.27126e-05 -0.000163393 0.000300966)
(0.000441574 9.68687e-05 0.000189796 9.68687e-05 0.000520327 -8.96016e-05 0.000189796 -8.96016e-05 0.000247454)
(0.000904892 0.000421772 0.000275368 0.000421772 0.00214285 -0.000127179 0.000275368 -0.000127179 0.000611559)
(0.000703589 6.06328e-05 0.000269799 6.06328e-05 0.00165487 6.98678e-06 0.000269799 6.98678e-06 0.000466616)
(0.000364432 -0.000246074 9.36184e-05 -0.000246074 0.000608832 0.000172661 9.36184e-05 0.000172661 0.000297073)
(0.000306658 -0.000290593 -3.86555e-05 -0.000290593 0.000527904 0.00030039 -3.86555e-05 0.00030039 0.000459515)
(0.000224221 -9.05581e-05 0.000124078 -9.05581e-05 0.000427579 0.000129016 0.000124078 0.000129016 0.000209498)
(0.000292686 1.81347e-05 0.000145158 1.81347e-05 0.000291459 -5.79944e-05 0.000145158 -5.79944e-05 0.000117193)
(0.000330242 3.99966e-05 0.000100647 3.99966e-05 0.000309288 3.49525e-06 0.000100647 3.49525e-06 0.000221614)
(0.000266816 4.47258e-05 8.8566e-05 4.47258e-05 0.000368127 -9.46131e-06 8.8566e-05 -9.46131e-06 0.000155898)
(0.000222917 -4.31938e-05 0.000103488 -4.31938e-05 0.000227262 2.9183e-05 0.000103488 2.9183e-05 0.000238478)
(0.000411299 -0.000241482 0.000182429 -0.000241482 0.000652288 0.000107789 0.000182429 0.000107789 0.000241186)
(0.000622305 -0.00035144 0.000334688 -0.00035144 0.000711489 -0.000275898 0.000334688 -0.000275898 0.000264574)
(0.000873421 -0.000323522 0.000478791 -0.000323522 0.00047106 -0.000310915 0.000478791 -0.000310915 0.000401288)
(0.000689661 -0.000241549 0.000263814 -0.000241549 0.00047011 -0.000236387 0.000263814 -0.000236387 0.000186545)
(0.000612652 0.000119157 3.95821e-05 0.000119157 0.000468932 -0.000342232 3.95821e-05 -0.000342232 0.000388747)
(0.000945509 0.000400424 -0.00022495 0.000400424 0.000671284 -0.000423051 -0.00022495 -0.000423051 0.000844996)
(0.000624411 0.000224194 2.49697e-05 0.000224194 0.000497182 -0.000172075 2.49697e-05 -0.000172075 0.000381537)
(0.000173659 -4.58946e-05 0.000114186 -4.58946e-05 0.000159613 5.23441e-05 0.000114186 5.23441e-05 0.000133177)
(0.000255352 -5.94137e-05 -0.00015555 -5.94137e-05 0.000135425 8.37883e-05 -0.00015555 8.37883e-05 0.00058456)
(0.000260078 4.80227e-05 -9.29041e-05 4.80227e-05 0.000186959 -9.96552e-05 -9.29041e-05 -9.96552e-05 0.000389592)
(0.000429998 3.0431e-05 0.000129599 3.0431e-05 0.000433092 0.000155692 0.000129599 0.000155692 0.00045548)
(0.00132064 0.000365156 -0.000115879 0.000365156 0.000596304 0.000263154 -0.000115879 0.000263154 0.00280355)
(0.00146235 0.000443856 0.000170514 0.000443856 0.000826351 0.000517044 0.000170514 0.000517044 0.00304649)
(0.000910852 0.000420379 0.000413213 0.000420379 0.00116006 0.000533094 0.000413213 0.000533094 0.00111584)
(0.000563526 0.000418288 0.000100311 0.000418288 0.00108582 0.000164928 0.000100311 0.000164928 0.000553415)
(0.00038949 3.81283e-05 0.000187015 3.81283e-05 0.000422774 -2.11308e-05 0.000187015 -2.11308e-05 0.000229979)
(0.00104765 -0.00010376 0.000126593 -0.00010376 0.00179461 -0.000675125 0.000126593 -0.000675125 0.000574697)
(0.00166364 -0.000203436 6.62487e-05 -0.000203436 0.00367966 -0.00148814 6.62487e-05 -0.00148814 0.00151615)
(0.00140691 -0.000160914 0.000225807 -0.000160914 0.00308212 -0.00120793 0.000225807 -0.00120793 0.0012715)
(0.000916219 -0.000208616 0.000307364 -0.000208616 0.00183223 -0.00027578 0.000307364 -0.00027578 0.000549447)
(0.000796096 -0.000408201 0.000263106 -0.000408201 0.00141229 -4.29936e-05 0.000263106 -4.29936e-05 0.000406411)
(0.000760936 -0.000368619 0.000340965 -0.000368619 0.000901387 -0.000297988 0.000340965 -0.000297988 0.000324339)
(0.00101765 -0.000173213 0.000478189 -0.000173213 0.000545269 -0.000298845 0.000478189 -0.000298845 0.000905507)
(0.000919439 0.000159326 0.000796106 0.000159326 0.000216115 3.42838e-05 0.000796106 3.42838e-05 0.00128342)
(0.00102691 0.000933322 0.000672767 0.000933322 0.00196078 0.000491379 0.000672767 0.000491379 0.00099391)
(0.000987706 0.00110707 0.000405161 0.00110707 0.00285301 0.000516773 0.000405161 0.000516773 0.000647595)
(0.000394018 0.000545072 -2.13152e-05 0.000545072 0.00173594 -9.56059e-05 -2.13152e-05 -9.56059e-05 0.000215778)
(0.000116919 0.000140846 -6.57532e-05 0.000140846 0.000392595 -0.00031764 -6.57532e-05 -0.00031764 0.000395903)
(0.000485516 0.000133784 0.00030661 0.000133784 0.000228333 7.63861e-05 0.00030661 7.63861e-05 0.000217829)
(0.00100573 0.000328504 0.000137158 0.000328504 0.000486866 -0.000157685 0.000137158 -0.000157685 0.000695491)
(0.000779774 0.000177225 2.068e-05 0.000177225 0.000411061 -9.54764e-05 2.068e-05 -9.54764e-05 0.00080738)
(0.000408939 3.30247e-05 0.000117992 3.30247e-05 0.000384683 -3.11499e-05 0.000117992 -3.11499e-05 0.000341703)
(0.000359726 0.000230383 -6.27143e-05 0.000230383 0.000648621 -0.000136522 -6.27143e-05 -0.000136522 0.00035944)
(0.000383771 0.000279807 -5.93532e-05 0.000279807 0.000676383 -0.000136937 -5.93532e-05 -0.000136937 0.000337398)
(0.000240569 6.35954e-05 5.61075e-05 6.35954e-05 0.000365941 -4.06466e-05 5.61075e-05 -4.06466e-05 0.000302083)
(0.000161342 -4.03272e-05 1.53836e-05 -4.03272e-05 0.000318444 2.49045e-05 1.53836e-05 2.49045e-05 0.000316495)
(0.000232184 -5.58523e-05 -3.65265e-06 -5.58523e-05 0.000324583 8.13045e-07 -3.65265e-06 8.13045e-07 0.000130931)
(0.000251439 -0.00021651 2.31173e-05 -0.00021651 0.000420438 7.93552e-05 2.31173e-05 7.93552e-05 9.51357e-05)
(0.0002511 -0.000133295 0.000116016 -0.000133295 0.000333845 0.000253081 0.000116016 0.000253081 0.000628328)
(0.00101009 -2.38698e-05 0.000522219 -2.38698e-05 0.000652524 0.000516433 0.000522219 0.000516433 0.00151019)
(0.00061913 1.074e-05 0.000355585 1.074e-05 0.000505686 0.000277724 0.000355585 0.000277724 0.000718455)
(0.000415592 2.403e-05 0.00016669 2.403e-05 0.000385612 -8.1731e-05 0.00016669 -8.1731e-05 0.000361487)
(0.000722448 -0.00037701 0.00043465 -0.00037701 0.000495021 -0.000317868 0.00043465 -0.000317868 0.000395953)
(0.00161487 -0.00105927 0.000752693 -0.00105927 0.0028089 -0.00134537 0.000752693 -0.00134537 0.00137768)
(0.00277239 -0.000325117 0.000445731 -0.000325117 0.00411767 -0.00196466 0.000445731 -0.00196466 0.00292453)
(0.00204375 0.000126646 -0.000443726 0.000126646 0.00237816 -0.00134589 -0.000443726 -0.00134589 0.00205694)
(0.000621979 0.000187135 -4.68995e-05 0.000187135 0.000530968 -0.000145558 -4.68995e-05 -0.000145558 0.000432834)
(0.000201649 0.000208637 -5.61252e-05 0.000208637 0.000953327 -0.000305451 -5.61252e-05 -0.000305451 0.000334608)
(0.000397133 0.000120447 -0.000462045 0.000120447 0.00044623 -0.000288017 -0.000462045 -0.000288017 0.00141548)
(0.000387324 -0.000216191 -0.000321824 -0.000216191 0.000255268 0.000352317 -0.000321824 0.000352317 0.000981653)
(0.000422323 0.000207243 0.000125765 0.000207243 0.000504355 -0.000172067 0.000125765 -0.000172067 7.70335e-05)
(0.00131087 0.000396328 -0.000196912 0.000396328 0.000797924 -0.00068941 -0.000196912 -0.00068941 0.00255042)
(0.00151471 0.000406417 0.000422465 0.000406417 0.00155165 0.000981227 0.000422465 0.000981227 0.00374186)
(0.00206995 0.00102872 0.000398956 0.00102872 0.00362651 0.00182736 0.000398956 0.00182736 0.00358721)
(0.001399 0.000756456 0.000287861 0.000756456 0.00273969 0.00137047 0.000287861 0.00137047 0.00261524)
(0.000968389 0.000149104 -8.35219e-05 0.000149104 0.000875721 0.000236445 -8.35219e-05 0.000236445 0.00132862)
(0.00123281 0.000329251 -0.000289395 0.000329251 0.000849349 -9.56142e-05 -0.000289395 -9.56142e-05 0.00135693)
(0.0012839 0.000518635 0.000374297 0.000518635 0.00193629 0.000867737 0.000374297 0.000867737 0.0021552)
(0.00346071 0.00152442 0.00101641 0.00152442 0.00513555 0.00158698 0.00101641 0.00158698 0.00286954)
(0.00202623 0.00166604 0.000928879 0.00166604 0.00452821 0.00091223 0.000928879 0.00091223 0.00180448)
(0.000650175 0.000625254 0.000113527 0.000625254 0.00118829 9.75756e-05 0.000113527 9.75756e-05 0.000486636)
(0.000600202 0.000123275 0.000219768 0.000123275 0.000458657 -4.76828e-05 0.000219768 -4.76828e-05 0.000404078)
(0.000870259 0.000367699 0.00052152 0.000367699 0.000687885 0.000285552 0.00052152 0.000285552 0.000922451)
(0.0025496 0.000714888 0.00110163 0.000714888 0.00109812 0.000857604 0.00110163 0.000857604 0.00395097)
(0.00286248 0.000601985 0.000367517 0.000601985 0.00071744 0.000186623 0.000367517 0.000186623 0.00510058)
(0.0037894 0.000336363 -0.000336939 0.000336363 0.0024332 -0.00162451 -0.000336939 -0.00162451 0.00486596)
(0.0042079 0.000190418 9.93237e-05 0.000190418 0.00364818 -0.00242287 9.93237e-05 -0.00242287 0.00540912)
(0.00424604 -5.50384e-05 0.000438321 -5.50384e-05 0.00522419 -0.00304703 0.000438321 -0.00304703 0.00564112)
(0.00436669 -0.000232887 0.000451623 -0.000232887 0.00598532 -0.00316581 0.000451623 -0.00316581 0.00558111)
(0.00479326 -0.000291638 0.000518002 -0.000291638 0.00315314 -0.00200505 0.000518002 -0.00200505 0.00596332)
(0.00222672 0.000374877 1.71727e-05 0.000374877 0.000900038 -0.000533709 1.71727e-05 -0.000533709 0.00390908)
(0.00072119 0.000234345 0.000162807 0.000234345 0.00048434 3.81833e-05 0.000162807 3.81833e-05 0.000878905)
(0.000745897 0.000408105 0.000369491 0.000408105 0.0012407 0.000260448 0.000369491 0.000260448 0.000656307)
(0.00131782 0.000597721 0.000837807 0.000597721 0.00177472 0.000738305 0.000837807 0.000738305 0.00192896)
(0.00231958 0.00097554 0.000637364 0.00097554 0.00363554 0.00161431 0.000637364 0.00161431 0.00320629)
(0.00126179 0.000649069 0.000429418 0.000649069 0.00417405 0.000792522 0.000429418 0.000792522 0.00120126)
(0.000234831 -3.31094e-05 0.000161197 -3.31094e-05 0.000318402 -0.000133978 0.000161197 -0.000133978 0.000426543)
(0.00156533 -4.85014e-05 -0.000549061 -4.85014e-05 0.00430881 0.00206134 -0.000549061 0.00206134 0.00280691)
(0.00247827 -0.000639904 -0.000772208 -0.000639904 0.00538338 0.00234544 -0.000772208 0.00234544 0.00375314)
(0.000585399 -5.10933e-05 0.000111136 -5.10933e-05 0.00119187 0.000597049 0.000111136 0.000597049 0.000872129)
(0.000634437 0.000608171 3.78769e-05 0.000608171 0.00197703 0.000159343 3.78769e-05 0.000159343 0.000355524)
(0.000442888 0.000749865 0.000114065 0.000749865 0.00258968 0.000182886 0.000114065 0.000182886 0.000405655)
(0.000424332 -0.000121084 0.000254596 -0.000121084 0.000469144 0.000158765 0.000254596 0.000158765 0.000374031)
(0.00115598 0.000238689 0.00031912 0.000238689 0.00293233 0.00064097 0.00031912 0.00064097 0.000963002)
(0.000595023 -0.000157393 0.000222765 -0.000157393 0.00112648 -0.000188787 0.000222765 -0.000188787 0.000205446)
(0.000556386 -0.000171241 0.000174706 -0.000171241 0.000805262 -7.38408e-05 0.000174706 -7.38408e-05 0.000112852)
(0.000442478 -0.000137735 -0.000251005 -0.000137735 0.0013887 0.000218704 -0.000251005 0.000218704 0.000615697)
(0.000503389 3.99631e-05 -0.000373718 3.99631e-05 0.00164933 0.000593355 -0.000373718 0.000593355 0.00118577)
(0.00102513 1.7833e-05 6.85127e-05 1.7833e-05 0.00363575 0.000955349 6.85127e-05 0.000955349 0.00100769)
(0.00132363 -0.000123323 4.92241e-05 -0.000123323 0.0039146 0.00119998 4.92241e-05 0.00119998 0.00132169)
(0.000729176 7.95256e-06 0.000169047 7.95256e-06 0.00122952 0.000777921 0.000169047 0.000777921 0.0011331)
(0.000250514 2.28556e-05 0.000112056 2.28556e-05 0.000214364 -1.64025e-05 0.000112056 -1.64025e-05 0.000135698)
(0.001642 0.000680377 0.00109008 0.000680377 0.00103565 0.000626442 0.00109008 0.000626442 0.00242251)
(0.00237326 0.000872735 -0.000253952 0.000872735 0.00341022 0.0024142 -0.000253952 0.0024142 0.00627754)
(0.00240058 0.000522438 -0.00105377 0.000522438 0.00293747 0.00242268 -0.00105377 0.00242268 0.00680279)
(0.00144264 0.000350036 -0.000526553 0.000350036 0.00172553 0.00109232 -0.000526553 0.00109232 0.00344085)
(0.00122425 0.000813383 0.000231301 0.000813383 0.00388064 0.00101596 0.000231301 0.00101596 0.00097492)
