/*--------------------------------*- C++ -*----------------------------------*\
  =========                 |
  \\      /  F ield         | OpenFOAM: The Open Source CFD Toolbox
   \\    /   O peration     | Website:  https://openfoam.org
    \\  /    A nd           | Version:  10
     \\/     M anipulation  |
\*---------------------------------------------------------------------------*/
FoamFile
{
    format      ascii;
    class       volTensorField;
    location    "19";
    object      TauNN;
}
// * * * * * * * * * * * * * * * * * * * * * * * * * * * * * * * * * * * * * //

dimensions      [0 2 -2 0 0 0 0];

internalField   nonuniform List<tensor> 
25600
(
(0.00022501 2.19699e-06 0.000124018 2.19699e-06 0.000154207 -3.47793e-05 0.000124018 -3.47793e-05 -3.00528e-05)
(0.000179352 4.72097e-05 0.000110407 4.72097e-05 0.000148349 -1.88369e-05 0.000110407 -1.88369e-05 -4.28996e-05)
(0.00014345 5.90831e-05 9.45171e-05 5.90831e-05 0.000178845 -1.41934e-06 9.45171e-05 -1.41934e-06 -2.96961e-05)
(0.000172467 5.15673e-05 9.42936e-05 5.15673e-05 0.000386181 3.84608e-05 9.42936e-05 3.84608e-05 3.69072e-05)
(0.000245202 0.000122661 0.000124614 0.000122661 0.000695054 0.000106061 0.000124614 0.000106061 0.000158028)
(0.000292632 0.000145386 0.00015091 0.000145386 0.00060005 0.000106929 0.00015091 0.000106929 0.000220933)
(0.000345978 0.000106449 0.000210367 0.000106449 0.000318291 0.000111996 0.000210367 0.000111996 0.000287777)
(0.000493705 0.00016016 0.000199215 0.00016016 0.0002171 6.10705e-05 0.000199215 6.10705e-05 0.00062169)
(0.000836188 0.00032228 0.000126841 0.00032228 0.000294446 -4.81093e-05 0.000126841 -4.81093e-05 0.00157001)
(0.00112942 0.000388649 0.000107876 0.000388649 0.000386164 -0.000127007 0.000107876 -0.000127007 0.00250716)
(0.00116705 0.00034373 0.000272507 0.00034373 0.00040238 -5.9966e-05 0.000272507 -5.9966e-05 0.00268906)
(0.000944739 0.000284581 0.000495758 0.000284581 0.000344932 0.000119725 0.000495758 0.000119725 0.001876)
(0.000521408 0.000186701 0.000357607 0.000186701 0.000265651 0.000107807 0.000357607 0.000107807 0.000609334)
(0.000190245 6.78087e-05 0.00012876 6.78087e-05 0.000138997 2.74554e-06 0.00012876 2.74554e-06 1.55333e-05)
(0.000174944 1.74828e-05 0.00016862 1.74828e-05 0.000216986 9.27327e-05 0.00016862 9.27327e-05 7.72132e-05)
(0.000383715 7.21384e-05 0.000228835 7.21384e-05 0.000632699 0.000187404 0.000228835 0.000187404 0.000214052)
(0.000427979 3.81907e-05 0.000129542 3.81907e-05 0.000821007 -4.9849e-05 0.000129542 -4.9849e-05 0.00014673)
(0.000557278 2.03699e-05 5.00018e-05 2.03699e-05 0.000640676 -0.000275063 5.00018e-05 -0.000275063 0.000298754)
(0.000801997 0.000151342 4.7124e-05 0.000151342 0.000528633 -0.000314113 4.7124e-05 -0.000314113 0.000896563)
(0.000902266 0.000239284 0.000215415 0.000239284 0.000460057 -0.000176435 0.000215415 -0.000176435 0.00119314)
(0.000821752 0.000227333 0.000334317 0.000227333 0.000377402 -5.55106e-05 0.000334317 -5.55106e-05 0.00105146)
(0.000732265 0.000154171 0.000369057 0.000154171 0.000316051 -7.28173e-05 0.000369057 -7.28173e-05 0.000822888)
(0.00064209 3.57088e-05 0.000394754 3.57088e-05 0.000229964 -9.8547e-05 0.000394754 -9.8547e-05 0.000504754)
(0.000570006 2.65185e-05 0.000373835 2.65185e-05 0.000162813 -0.000107067 0.000373835 -0.000107067 0.000407481)
(0.000491194 6.75078e-05 0.000282194 6.75078e-05 0.000166122 -0.000139449 0.000282194 -0.000139449 0.000369501)
(0.000349119 0.000109494 0.00018658 0.000109494 0.000128929 -6.68289e-05 0.00018658 -6.68289e-05 0.000214198)
(0.000199593 5.41667e-05 0.000103847 5.41667e-05 0.000140534 -1.35321e-06 0.000103847 -1.35321e-06 5.19091e-05)
(8.22046e-05 -2.22651e-05 7.81035e-05 -2.22651e-05 0.000193843 -5.8664e-05 7.81035e-05 -5.8664e-05 6.76134e-05)
(5.01183e-05 -4.42732e-05 6.86916e-05 -4.42732e-05 0.000230598 -0.000127832 6.86916e-05 -0.000127832 0.000190529)
(9.63606e-05 1.29323e-05 3.04012e-05 1.29323e-05 0.000203793 -8.27918e-05 3.04012e-05 -8.27918e-05 0.000132195)
(0.00018548 5.149e-05 0.000112729 5.149e-05 0.000189706 1.98232e-05 0.000112729 1.98232e-05 9.77119e-05)
(0.000380993 0.000117199 0.000291757 0.000117199 0.000191044 7.88588e-05 0.000291757 7.88588e-05 0.00043137)
(0.000523893 0.000157248 0.000318656 0.000157248 0.000178816 1.26753e-05 0.000318656 1.26753e-05 0.000737063)
(0.000552074 0.000152901 0.000240294 0.000152901 0.000192273 -3.61791e-05 0.000240294 -3.61791e-05 0.000704652)
(0.000465582 0.000128371 0.000150107 0.000128371 0.000204118 -2.79993e-05 0.000150107 -2.79993e-05 0.000462544)
(0.000366103 0.000112947 0.000112142 0.000112947 0.000207752 2.28668e-05 0.000112142 2.28668e-05 0.000274364)
(0.000287401 9.50331e-05 0.000112448 9.50331e-05 0.000226349 6.6245e-05 0.000112448 6.6245e-05 0.000160001)
(0.00024307 8.46479e-05 0.000123276 8.46479e-05 0.00019729 3.71803e-05 0.000123276 3.71803e-05 9.81221e-05)
(0.000225916 6.58175e-05 0.000146825 6.58175e-05 0.000146114 7.87899e-06 0.000146825 7.87899e-06 7.81817e-05)
(0.000222853 2.94978e-05 0.000134648 2.94978e-05 0.000130169 -1.96807e-05 0.000134648 -1.96807e-05 1.77062e-05)
(0.000124437 -2.43932e-05 1.92057e-05 -2.43932e-05 0.000156657 3.4133e-05 1.92057e-05 3.4133e-05 7.82777e-05)
(0.000185473 -0.00011027 5.43054e-06 -0.00011027 0.000168935 4.17288e-05 5.43054e-06 4.17288e-05 4.41216e-06)
(0.00025174 -3.53204e-05 4.32618e-05 -3.53204e-05 0.000102759 -1.98875e-05 4.32618e-05 -1.98875e-05 -4.77544e-05)
(0.000234884 0.000202701 -5.42775e-06 0.000202701 0.000216659 -3.96688e-05 -5.42775e-06 -3.96688e-05 2.00725e-05)
(0.000103846 0.000162271 -4.4181e-05 0.000162271 0.000798555 -0.000160228 -4.4181e-05 -0.000160228 6.52402e-05)
(0.000155414 -7.71992e-05 6.22449e-05 -7.71992e-05 0.000686051 -6.14468e-05 6.22449e-05 -6.14468e-05 -1.45268e-05)
(0.000369826 5.11603e-05 1.00443e-05 5.11603e-05 0.00020529 3.62247e-05 1.00443e-05 3.62247e-05 0.000134026)
(0.000938493 0.000359662 -0.000309498 0.000359662 0.000580174 -0.000413179 -0.000309498 -0.000413179 0.000992377)
(0.00136673 0.000254082 -0.000303676 0.000254082 0.000998029 -0.000667869 -0.000303676 -0.000667869 0.00165322)
(0.00111865 0.000122242 -3.61074e-05 0.000122242 0.000752269 -0.000469724 -3.61074e-05 -0.000469724 0.00122752)
(0.000670515 7.13253e-05 0.000216294 7.13253e-05 0.00038116 -0.000136554 0.000216294 -0.000136554 0.000496067)
(0.000367014 0.000114661 0.000176174 0.000114661 0.000235285 -1.80183e-05 0.000176174 -1.80183e-05 0.000102431)
(0.0001801 7.24588e-05 0.000108018 7.24588e-05 0.000158665 -1.09505e-05 0.000108018 -1.09505e-05 -1.24511e-06)
(0.000265703 5.63869e-05 6.33933e-05 5.63869e-05 0.000178512 1.84868e-06 6.33933e-05 1.84868e-06 8.10323e-05)
(0.000441742 5.75827e-05 3.76422e-05 5.75827e-05 0.000236155 7.40029e-06 3.76422e-05 7.40029e-06 0.000158736)
(0.000373462 -6.81728e-06 0.00010243 -6.81728e-06 0.000290289 2.14744e-05 0.00010243 2.14744e-05 0.000156108)
(0.000279985 4.68343e-05 9.22177e-05 4.68343e-05 0.000430814 -4.43319e-05 9.22177e-05 -4.43319e-05 0.000248657)
(0.000326532 0.000196106 5.39171e-05 0.000196106 0.00055228 -4.64786e-05 5.39171e-05 -4.64786e-05 0.000329774)
(0.000559702 0.000343801 0.000235012 0.000343801 0.000667402 0.000122165 0.000235012 0.000122165 0.000522509)
(0.000917485 0.000420993 0.000558909 0.000420993 0.000745237 0.000331754 0.000558909 0.000331754 0.00121878)
(0.00111673 0.000428409 0.000604911 0.000428409 0.000640342 0.000321135 0.000604911 0.000321135 0.00180819)
(0.000911761 0.000321008 0.000411106 0.000321008 0.00044843 8.77464e-05 0.000411106 8.77464e-05 0.00138915)
(0.000614691 9.26182e-05 0.000270238 9.26182e-05 0.0003025 -0.000115406 0.000270238 -0.000115406 0.00054144)
(0.000443709 -6.35171e-05 0.000175457 -6.35171e-05 0.000354493 -0.000185941 0.000175457 -0.000185941 0.000126)
(0.000450575 -4.59719e-05 0.000165007 -4.59719e-05 0.000390803 -0.000201331 0.000165007 -0.000201331 0.00013549)
(0.000559969 7.96551e-05 0.000244707 7.96551e-05 0.000245348 -0.000172737 0.000244707 -0.000172737 0.000416732)
(0.000663313 0.000147977 0.000300461 0.000147977 0.00020019 -0.000141293 0.000300461 -0.000141293 0.000682755)
(0.000573619 0.000147956 0.000289986 0.000147956 0.000152035 -0.000147126 0.000289986 -0.000147126 0.000586004)
(0.000406723 0.000139336 0.000229584 0.000139336 0.000115004 -0.000138336 0.000229584 -0.000138336 0.000433237)
(0.000293782 0.00011536 0.000152607 0.00011536 0.000121117 -0.000100883 0.000152607 -0.000100883 0.000261556)
(0.000256233 8.47457e-05 0.000125813 8.47457e-05 0.000137693 -4.29824e-05 0.000125813 -4.29824e-05 0.000130686)
(0.000246 4.97792e-05 0.000100099 4.97792e-05 0.000204925 -3.44571e-05 0.000100099 -3.44571e-05 4.13683e-05)
(0.000209662 -1.21845e-05 0.000132275 -1.21845e-05 0.000248359 1.7684e-05 0.000132275 1.7684e-05 2.77999e-05)
(0.000175462 -7.91783e-05 9.75495e-05 -7.91783e-05 0.000252876 7.14753e-05 9.75495e-05 7.14753e-05 7.78854e-05)
(0.000172626 -0.000122979 4.1849e-05 -0.000122979 0.000232016 7.70725e-05 4.1849e-05 7.70725e-05 7.08152e-05)
(0.000145976 -1.25989e-05 8.73553e-05 -1.25989e-05 0.000103503 -1.99024e-05 8.73553e-05 -1.99024e-05 -6.001e-05)
(0.00031288 0.000110559 0.000137268 0.000110559 0.000175954 2.27438e-05 0.000137268 2.27438e-05 0.000152208)
(0.000433613 0.000152701 0.000114659 0.000152701 0.000263821 9.34498e-05 0.000114659 9.34498e-05 0.000402663)
(0.000325707 9.15108e-05 0.00011495 9.15108e-05 0.00023092 4.80153e-05 0.00011495 4.80153e-05 0.00017939)
(0.000157507 3.84301e-05 9.1562e-05 3.84301e-05 0.000169244 -2.77255e-06 9.1562e-05 -2.77255e-06 4.47801e-06)
(0.00037369 -0.000175932 9.47127e-05 -0.000175932 0.000320474 0.000348149 9.47127e-05 0.000348149 0.00111404)
(0.000587817 -0.000273462 -0.000221279 -0.000273462 0.000384884 0.000502517 -0.000221279 0.000502517 0.00189663)
(0.000654435 -0.00023583 -0.00069937 -0.00023583 0.000237226 0.00031606 -0.00069937 0.00031606 0.00177413)
(0.00073826 7.92844e-05 -0.000810881 7.92844e-05 0.000182222 -2.32169e-05 -0.000810881 -2.32169e-05 0.00124532)
(0.000216709 0.000261329 -0.000268089 0.000261329 0.000212449 -0.000203259 -0.000268089 -0.000203259 0.000508442)
(0.000166721 1.16788e-05 0.000229726 1.16788e-05 0.00014449 2.26591e-06 0.000229726 2.26591e-06 -4.17912e-05)
(0.00121553 0.000202074 -0.000112152 0.000202074 0.000364036 -3.95793e-05 -0.000112152 -3.95793e-05 0.000340899)
(0.00123256 0.000539996 -0.000263557 0.000539996 0.00065477 -0.000332823 -0.000263557 -0.000332823 0.000871226)
(0.000914936 0.000395404 3.86061e-05 0.000395404 0.000934053 -0.000468766 3.86061e-05 -0.000468766 0.00103849)
(0.000874066 -5.08903e-05 0.000296662 -5.08903e-05 0.000905562 -0.000450406 0.000296662 -0.000450406 0.000831679)
(0.000781485 -0.000387065 0.000308752 -0.000387065 0.000738179 -0.000302251 0.000308752 -0.000302251 0.00032069)
(0.000462141 -0.000236423 0.000143857 -0.000236423 0.000460819 -0.000114265 0.000143857 -0.000114265 6.90977e-05)
(0.000176942 -4.93284e-05 6.98688e-05 -4.93284e-05 0.000306113 -8.10903e-05 6.98688e-05 -8.10903e-05 0.000111855)
(3.14873e-05 7.13952e-06 4.72814e-05 7.13952e-06 0.000305104 -0.00013755 4.72814e-05 -0.00013755 0.000125607)
(9.876e-05 2.78456e-05 4.3029e-05 2.78456e-05 0.000382322 -9.12761e-05 4.3029e-05 -9.12761e-05 6.93336e-05)
(0.000265539 9.597e-05 9.856e-05 9.597e-05 0.000382469 1.50753e-05 9.856e-05 1.50753e-05 0.000161043)
(0.000467106 0.000156998 0.000319872 0.000156998 0.000504962 0.00020205 0.000319872 0.00020205 0.000503111)
(0.00067023 0.000320686 0.000428317 0.000320686 0.000785123 0.000438102 0.000428317 0.000438102 0.000866727)
(0.000739598 0.000444014 0.000335654 0.000444014 0.00107064 0.000543335 0.000335654 0.000543335 0.000975286)
(0.000756836 0.000376667 0.00029408 0.000376667 0.000869203 0.000492482 0.00029408 0.000492482 0.00109164)
(0.000735096 0.000303045 0.000128528 0.000303045 0.000461403 0.00019444 0.000128528 0.00019444 0.00113364)
(0.000801555 0.000317974 2.91485e-05 0.000317974 0.000409089 3.15746e-05 2.91485e-05 3.15746e-05 0.00122624)
(0.000774207 0.000274736 0.000105419 0.000274736 0.000376252 -6.22813e-05 0.000105419 -6.22813e-05 0.00107501)
(0.000554174 0.000103323 0.00016752 0.000103323 0.000325975 -9.93153e-05 0.00016752 -9.93153e-05 0.000558445)
(0.00043148 -3.13846e-05 0.000167167 -3.13846e-05 0.000302686 -7.8802e-05 0.000167167 -7.8802e-05 0.000151109)
(0.000308021 -0.000108812 0.000120345 -0.000108812 0.000294672 -3.25339e-05 0.000120345 -3.25339e-05 1.9576e-05)
(0.00031695 -2.91253e-05 0.000171243 -2.91253e-05 0.000465789 8.29576e-05 0.000171243 8.29576e-05 0.000111667)
(0.000304193 0.000100769 0.000190079 0.000100769 0.00033084 -2.34693e-06 0.000190079 -2.34693e-06 0.000120239)
(0.000287891 9.64478e-05 0.000195261 9.64478e-05 0.000222766 -8.82624e-05 0.000195261 -8.82624e-05 0.000210509)
(0.000294206 4.01298e-05 0.000193534 4.01298e-05 0.000222798 -9.90452e-05 0.000193534 -9.90452e-05 0.000173342)
(0.000353999 -2.45348e-05 0.000164662 -2.45348e-05 0.000333234 -0.000136764 0.000164662 -0.000136764 7.58057e-05)
(0.000436739 -6.39251e-05 0.000116606 -6.39251e-05 0.000555039 -0.000135094 0.000116606 -0.000135094 8.83275e-05)
(0.000367653 8.86526e-06 9.07248e-05 8.86526e-06 0.000429434 -0.000108959 9.07248e-05 -0.000108959 9.34525e-05)
(0.000194861 -3.88352e-05 0.000106913 -3.88352e-05 0.000273488 -3.34149e-05 0.000106913 -3.34149e-05 3.54668e-05)
(0.000117349 -8.52775e-05 3.15476e-05 -8.52775e-05 0.000150996 3.40631e-05 3.15476e-05 3.40631e-05 0.000109168)
(0.000147917 -7.47619e-05 -3.65954e-05 -7.47619e-05 0.000103194 4.42909e-05 -3.65954e-05 4.42909e-05 0.000182161)
(0.000180976 -8.04868e-05 2.34945e-05 -8.04868e-05 0.000314584 8.55848e-05 2.34945e-05 8.55848e-05 9.90316e-05)
(0.000209187 -1.81543e-05 0.000105343 -1.81543e-05 0.000393963 5.9884e-05 0.000105343 5.9884e-05 1.56389e-05)
(0.000190781 -1.47885e-05 0.000128129 -1.47885e-05 0.000258407 3.7713e-05 0.000128129 3.7713e-05 -1.81442e-05)
(0.000173065 -7.8355e-05 0.00015613 -7.8355e-05 0.000256107 0.000111554 0.00015613 0.000111554 0.000190326)
(0.000568753 -0.000108808 -0.000184551 -0.000108808 0.00110711 0.000789754 -0.000184551 0.000789754 0.00115579)
(0.000739373 -0.000192453 -0.000652691 -0.000192453 0.000233754 0.000311552 -0.000652691 0.000311552 0.00208093)
(0.000936019 -0.000148183 -0.000952743 -0.000148183 0.000161962 0.000141916 -0.000952743 0.000141916 0.00218622)
(0.00080752 -0.000442841 -0.00048853 -0.000442841 0.000861469 0.000665971 -0.00048853 0.000665971 0.00106579)
(0.00125469 -8.52821e-05 0.000314606 -8.52821e-05 0.00434374 -0.000182647 0.000314606 -0.000182647 0.000769831)
(0.00216383 0.000333421 -0.000489173 0.000333421 0.0047264 -0.00136998 -0.000489173 -0.00136998 0.0015991)
(0.00297221 0.00064016 -0.0015598 0.00064016 0.00231428 -0.00117522 -0.0015598 -0.00117522 0.00247026)
(0.00186291 0.000671411 -0.0011797 0.000671411 0.000828393 -0.000509909 -0.0011797 -0.000509909 0.00263941)
(0.00126194 0.000493095 2.22074e-05 0.000493095 0.000759769 0.000128913 2.22074e-05 0.000128913 0.00222259)
(0.00109106 0.000415531 0.000591615 0.000415531 0.000688953 0.000189478 0.000591615 0.000189478 0.0016355)
(0.000888402 0.00018061 0.000597486 0.00018061 0.000478515 7.41985e-05 0.000597486 7.41985e-05 0.000827407)
(0.000685639 -4.50499e-05 0.000234876 -4.50499e-05 0.000229051 -2.37208e-06 0.000234876 -2.37208e-06 0.000338279)
(0.000537254 -0.000300543 0.000123698 -0.000300543 0.000310922 -8.32574e-05 0.000123698 -8.32574e-05 7.47126e-06)
(0.000563471 -4.43151e-05 0.000177715 -4.43151e-05 0.000982686 -0.000177637 0.000177715 -0.000177637 2.85585e-05)
(0.000754455 0.000419537 -1.70078e-05 0.000419537 0.00106215 -0.000418904 -1.70078e-05 -0.000418904 0.000383057)
(0.000876437 0.000408641 -0.000239735 0.000408641 0.000685478 -0.000528626 -0.000239735 -0.000528626 0.000874101)
(0.00086973 0.000288179 0.000150473 0.000288179 0.000474607 -0.000225319 0.000150473 -0.000225319 0.00122375)
(0.000744966 0.000251999 0.000403766 0.000251999 0.000381058 5.09145e-05 0.000403766 5.09145e-05 0.000883449)
(0.000359756 0.000104051 0.000155302 0.000104051 0.000259962 -4.52548e-05 0.000155302 -4.52548e-05 0.000179956)
(0.000381501 0.000111963 0.000135317 0.000111963 0.000508255 -7.81333e-05 0.000135317 -7.81333e-05 9.4709e-05)
(0.000544443 0.000179647 9.08915e-05 0.000179647 0.000732327 -0.00031452 9.08915e-05 -0.00031452 0.000332316)
(0.000795096 0.000287198 0.00013239 0.000287198 0.000438334 -0.000336725 0.00013239 -0.000336725 0.0011066)
(0.00107369 0.000390345 0.000402741 0.000390345 0.000405122 1.03535e-05 0.000402741 1.03535e-05 0.00187667)
(0.00103441 0.000386397 0.000403199 0.000386397 0.000437695 9.54987e-05 0.000403199 9.54987e-05 0.00166905)
(0.000610198 0.000129788 9.40543e-05 0.000129788 0.000377718 -0.000151889 9.40543e-05 -0.000151889 0.000531338)
(0.000374788 -4.65801e-05 0.000123325 -4.65801e-05 0.000649205 7.21496e-06 0.000123325 7.21496e-06 0.000102671)
(0.000363919 -0.000161647 5.23468e-05 -0.000161647 0.000568118 0.000438554 5.23468e-05 0.000438554 0.000783843)
(0.000269913 -6.74147e-05 -0.00013347 -6.74147e-05 0.000123687 8.16528e-05 -0.00013347 8.16528e-05 0.000731811)
(0.000163458 4.13852e-05 7.13021e-06 4.13852e-05 0.000144953 -2.04146e-05 7.13021e-06 -2.04146e-05 0.000206308)
(0.000216849 6.6014e-05 0.000181673 6.6014e-05 0.000237316 5.97816e-05 0.000181673 5.97816e-05 0.000104353)
(0.000439714 0.000157643 0.000219563 0.000157643 0.000815814 0.000176894 0.000219563 0.000176894 0.000190364)
(0.000329791 -3.40799e-05 0.000149398 -3.40799e-05 0.000655273 -6.37956e-07 0.000149398 -6.37956e-07 9.09188e-05)
(0.000551702 1.4062e-05 0.000231523 1.4062e-05 0.000394082 -0.000189422 0.000231523 -0.000189422 0.000407906)
(0.000768273 -3.5177e-05 0.000350345 -3.5177e-05 0.000568614 -0.000242954 0.000350345 -0.000242954 0.000616767)
(0.000352175 -0.00014234 0.000185553 -0.00014234 0.000468613 1.20122e-05 0.000185553 1.20122e-05 0.000173027)
(0.000501165 1.28932e-05 -0.000195337 1.28932e-05 0.000632324 0.000559811 -0.000195337 0.000559811 0.00126402)
(0.000884122 -4.62234e-05 -0.000116828 -4.62234e-05 0.000978736 0.000688242 -0.000116828 0.000688242 0.00266963)
(0.00039117 -0.00017479 -5.97816e-06 -0.00017479 0.00049712 0.000421871 -5.97816e-06 0.000421871 0.00113898)
(0.000340296 -0.000160683 0.000166932 -0.000160683 0.000737043 9.32235e-05 0.000166932 9.32235e-05 0.000165853)
(0.000527216 6.46096e-05 0.000229688 6.46096e-05 0.0017405 0.000238176 0.000229688 0.000238176 0.00042351)
(0.000715494 -0.000588813 -0.000414419 -0.000588813 0.000730873 0.000653385 -0.000414419 0.000653385 0.000990897)
(0.000919251 -0.000134877 -0.000735818 -0.000134877 0.000227086 0.000253182 -0.000735818 0.000253182 0.00139844)
(0.000403338 -4.83692e-05 6.08061e-06 -4.83692e-05 0.000115069 0.000117751 6.08061e-06 0.000117751 0.000626556)
(0.000669529 0.000318076 0.000196479 0.000318076 0.000615147 -0.000155202 0.000196479 -0.000155202 0.000402612)
(0.00166791 0.000357211 -0.000430063 0.000357211 0.00227824 -0.00125834 -0.000430063 -0.00125834 0.00157234)
(0.0026333 -0.000426907 -0.000414666 -0.000426907 0.00399353 -0.00188337 -0.000414666 -0.00188337 0.00253769)
(0.00255802 -0.000320973 -0.000243282 -0.000320973 0.0025828 -0.00147311 -0.000243282 -0.00147311 0.00282211)
(0.00238151 0.00081857 0.000367267 0.00081857 0.000988104 -4.46215e-05 0.000367267 -4.46215e-05 0.00401721)
(0.00276889 0.00101894 0.000531552 0.00101894 0.00201109 0.00121094 0.000531552 0.00121094 0.00537039)
(0.00214805 0.000896178 0.000788327 0.000896178 0.00161362 0.000844664 0.000788327 0.000844664 0.00394201)
(0.000782991 0.000209391 0.000532299 0.000209391 0.000380074 4.58928e-05 0.000532299 4.58928e-05 0.000878318)
(0.000307389 -3.69698e-05 0.00016535 -3.69698e-05 0.000662479 -0.000288876 0.00016535 -0.000288876 0.000229054)
(0.000674663 0.000147077 0.00023324 0.000147077 0.00211854 -0.000919614 0.00023324 -0.000919614 0.000871441)
(0.00141553 7.44853e-05 -7.28639e-05 7.44853e-05 0.00233592 -0.00186287 -7.28639e-05 -0.00186287 0.00235861)
(0.00215525 0.000156877 7.67335e-05 0.000156877 0.00116593 -0.00110373 7.67335e-05 -0.00110373 0.0038299)
(0.00141746 0.000107233 0.000297558 0.000107233 0.00065733 -0.000424244 0.000297558 -0.000424244 0.00214242)
(0.000453254 -0.000277799 0.000120378 -0.000277799 0.000419932 7.5046e-06 0.000120378 7.5046e-06 0.000135085)
(0.000971149 -0.000484707 -0.000877354 -0.000484707 0.00090386 0.00130103 -0.000877354 0.00130103 0.00318476)
(0.00174911 -2.62279e-05 -0.000297803 -2.62279e-05 0.00189363 0.00170751 -0.000297803 0.00170751 0.00501184)
(0.000743845 0.0002166 0.000282642 0.0002166 0.000788661 0.000499988 0.000282642 0.000499988 0.00109682)
(0.000553935 0.000149263 0.000205921 0.000149263 0.000330556 -0.000121711 0.000205921 -0.000121711 0.000758196)
(0.00124061 0.000424335 0.000521759 0.000424335 0.00060639 0.000179287 0.000521759 0.000179287 0.00222634)
(0.00101908 0.000373643 0.000581356 0.000373643 0.000542586 0.000174695 0.000581356 0.000174695 0.001466)
(0.000311903 2.17762e-05 0.000175941 2.17762e-05 0.000228828 -2.33101e-05 0.000175941 -2.33101e-05 0.000232196)
(0.000258339 -1.59238e-05 0.000153397 -1.59238e-05 0.000390787 5.22407e-05 0.000153397 5.22407e-05 0.000264787)
(0.000328073 -6.11376e-05 0.000143411 -6.11376e-05 0.00100112 5.73751e-05 0.000143411 5.73751e-05 0.000256604)
(0.000368378 -0.0002492 0.000108454 -0.0002492 0.000627253 -0.000102938 0.000108454 -0.000102938 4.72766e-05)
(0.000295597 -6.75889e-05 0.000111858 -6.75889e-05 0.000388014 -7.17537e-05 0.000111858 -7.17537e-05 -1.73582e-05)
(0.000393012 0.000280941 0.000191463 0.000280941 0.00066961 6.52764e-05 0.000191463 6.52764e-05 0.000101951)
(0.000717196 0.000451799 0.000348471 0.000451799 0.00095231 0.00019276 0.000348471 0.00019276 0.000324921)
(0.000458931 0.000113986 0.000238165 0.000113986 0.000975731 2.9088e-05 0.000238165 2.9088e-05 0.00022988)
(0.00048341 -1.42651e-05 0.000305254 -1.42651e-05 0.000341419 -0.000186935 0.000305254 -0.000186935 0.000538055)
(0.000831934 0.000206296 0.000244575 0.000206296 0.000455826 -0.000152026 0.000244575 -0.000152026 0.00104774)
(0.000565256 9.23509e-05 9.48291e-05 9.23509e-05 0.000959462 -0.000247332 9.48291e-05 -0.000247332 0.000335829)
(0.000501671 -0.000252921 -0.0003399 -0.000252921 0.00151363 0.000979744 -0.0003399 0.000979744 0.00134665)
(0.00115556 -0.000702958 -0.000937776 -0.000702958 0.00113858 0.00108551 -0.000937776 0.00108551 0.00465705)
(0.000957911 -0.000359504 -0.00021399 -0.000359504 0.000519551 -0.000361136 -0.00021399 -0.000361136 0.00393318)
(0.000246145 -0.000125144 0.000177993 -0.000125144 0.000185503 -0.000157613 0.000177993 -0.000157613 0.000649351)
(0.000733104 0.000336122 0.0002126 0.000336122 0.000732885 -0.000101161 0.0002126 -0.000101161 0.000377655)
(0.000565766 0.000270735 0.000290997 0.000270735 0.00161459 9.07136e-05 0.000290997 9.07136e-05 0.000465404)
(0.001774 -0.000356942 0.000792636 -0.000356942 0.00128318 -0.000543206 0.000792636 -0.000543206 0.0015488)
(0.00117408 -0.00127911 0.000309503 -0.00127911 0.00251294 -0.000332124 0.000309503 -0.000332124 0.000333541)
(0.000493942 -0.000219062 0.000127957 -0.000219062 0.00191457 0.000114243 0.000127957 0.000114243 0.00022802)
(0.000447415 -1.25486e-05 0.000165004 -1.25486e-05 0.000543454 -5.07841e-05 0.000165004 -5.07841e-05 0.000750917)
(0.00208096 -7.22585e-05 -0.000870679 -7.22585e-05 0.00256022 0.00204408 -0.000870679 0.00204408 0.00545418)
(0.00294047 0.000412607 -0.00142687 0.000412607 0.00277233 0.00229224 -0.00142687 0.00229224 0.00746585)
(0.00256295 0.000941554 0.000236474 0.000941554 0.00172287 0.00112318 0.000236474 0.00112318 0.00596062)
(0.0022794 0.000830508 0.00120598 0.000830508 0.00119276 0.000663767 0.00120598 0.000663767 0.00377033)
(0.00180688 0.000638792 0.000985546 0.000638792 0.00167558 0.000872278 0.000985546 0.000872278 0.00345235)
(0.00133922 0.000313935 0.000516398 0.000313935 0.00112837 0.000537103 0.000516398 0.000537103 0.00257156)
(0.000690116 0.000238421 0.000317216 0.000238421 0.000417111 2.56551e-05 0.000317216 2.56551e-05 0.00086177)
(0.000484576 0.000101653 0.000248674 0.000101653 0.000374976 -0.000147169 0.000248674 -0.000147169 0.000494932)
(0.000673557 6.70897e-05 0.000457793 6.70897e-05 0.000443887 -0.000331346 0.000457793 -0.000331346 0.00133938)
(0.00158815 0.00068675 0.000993978 0.00068675 0.00142444 0.000912053 0.000993978 0.000912053 0.00315274)
(0.00224489 0.00116023 0.000507925 0.00116023 0.00424732 0.00193255 0.000507925 0.00193255 0.00267449)
(0.00032008 -4.40516e-06 0.000124288 -4.40516e-06 0.00137106 0.000190356 0.000124288 0.000190356 0.000298815)
(0.000515678 -7.06594e-06 -6.11786e-06 -7.06594e-06 0.000551367 0.000327361 -6.11786e-06 0.000327361 0.00150427)
(0.00106475 0.000101945 -0.000869466 0.000101945 0.00273467 0.00165874 -0.000869466 0.00165874 0.00424017)
(0.00100554 -6.84345e-05 -0.00092289 -6.84345e-05 0.00201615 0.00137626 -0.00092289 0.00137626 0.00396025)
(0.000291138 0.000165557 -2.75765e-05 0.000165557 0.00043902 -0.00017147 -2.75765e-05 -0.00017147 0.000333629)
(0.00157055 0.000555666 0.00084671 0.000555666 0.000945548 0.000679905 0.00084671 0.000679905 0.00320448)
(0.00115085 0.000323993 0.000381319 0.000323993 0.000438463 -0.000220877 0.000381319 -0.000220877 0.00189199)
(0.000308945 4.39649e-05 0.000213346 4.39649e-05 0.000843722 -0.000242916 0.000213346 -0.000242916 0.000304106)
(0.000816645 0.000300043 -4.82835e-05 0.000300043 0.00132872 0.000757037 -4.82835e-05 0.000757037 0.00166658)
(0.000890755 2.44714e-05 2.7013e-05 2.44714e-05 0.000558318 0.000357208 2.7013e-05 0.000357208 0.0022698)
(0.000226206 4.5144e-05 5.54435e-05 4.5144e-05 0.000441565 -7.14809e-05 5.54435e-05 -7.14809e-05 0.00065369)
(0.000410584 2.23508e-05 0.000115649 2.23508e-05 0.000531228 4.2418e-05 0.000115649 4.2418e-05 0.000152261)
(0.000554876 -0.000282346 0.000147468 -0.000282346 0.000941034 -4.89745e-05 0.000147468 -4.89745e-05 8.06482e-05)
(0.00068951 -4.33065e-07 0.000160465 -4.33065e-07 0.0015525 -2.14027e-05 0.000160465 -2.14027e-05 0.000249705)
(0.000627026 0.000254394 0.000224466 0.000254394 0.00108558 4.38383e-05 0.000224466 4.38383e-05 0.000270677)
(0.00041099 -7.73957e-05 0.00020363 -7.73957e-05 0.00059878 -0.000100141 0.00020363 -0.000100141 0.000159919)
(0.000506969 -3.65498e-05 0.000321997 -3.65498e-05 0.000334119 -1.48043e-05 0.000321997 -1.48043e-05 0.000404375)
(0.00040672 3.13763e-06 0.000172404 3.13763e-06 0.000345892 2.31266e-05 0.000172404 2.31266e-05 0.000321505)
(0.000202787 2.74135e-05 9.29236e-05 2.74135e-05 0.000352622 -4.98109e-05 9.29236e-05 -4.98109e-05 0.000281704)
(0.000163828 6.47558e-05 -0.000234637 6.47558e-05 0.000451282 -2.78177e-05 -0.000234637 -2.78177e-05 0.000724894)
(0.000758514 -0.000440041 -0.00088407 -0.000440041 0.000441913 0.000473697 -0.00088407 0.000473697 0.0017255)
(0.000804791 -0.000178852 -0.000593605 -0.000178852 0.000239596 2.2931e-05 -0.000593605 2.2931e-05 0.00242588)
(0.000517096 -0.000297377 0.000397449 -0.000297377 0.000390239 -0.000353386 0.000397449 -0.000353386 0.0011727)
(0.000778679 -0.000294057 0.00012726 -0.000294057 0.000503658 9.0098e-05 0.00012726 9.0098e-05 0.000367069)
(0.0011008 0.000405173 0.0003219 0.000405173 0.000696033 2.06195e-06 0.0003219 2.06195e-06 0.00186149)
(0.00102421 0.000231947 0.000352409 0.000231947 0.00178526 -0.00119578 0.000352409 -0.00119578 0.00172632)
(0.000953475 -0.00118821 0.000163475 -0.00118821 0.00558616 -0.000150504 0.000163475 -0.000150504 0.0014705)
(0.00153711 -0.00238278 0.000343369 -0.00238278 0.00611034 -0.000721011 0.000343369 -0.000721011 0.00147371)
(0.00171465 -0.000203026 0.00137592 -0.000203026 0.000431237 -0.00048294 0.00137592 -0.00048294 0.00264334)
(0.00300899 0.000206621 -0.000111724 0.000206621 0.0051855 0.00200885 -0.000111724 0.00200885 0.00292704)
(0.00213731 -0.00106205 0.000377409 -0.00106205 0.00615148 -0.0004701 0.000377409 -0.0004701 0.00230006)
(0.000106449 -8.48435e-06 8.0904e-06 -8.48435e-06 0.00242783 -0.0012245 8.0904e-06 -0.0012245 0.00166034)
(0.00114888 -0.000785002 -0.000936924 -0.000785002 0.000823147 0.00116348 -0.000936924 0.00116348 0.00427651)
(0.000580014 -0.000360603 -0.000315179 -0.000360603 0.000524166 0.000666955 -0.000315179 0.000666955 0.00142143)
(0.000306404 -3.44226e-05 0.000125051 -3.44226e-05 0.000316849 -0.000107966 0.000125051 -0.000107966 0.000209857)
(0.000220818 5.46044e-05 0.000101095 5.46044e-05 0.000405034 -9.10629e-05 0.000101095 -9.10629e-05 0.000244344)
(0.000379185 1.87857e-05 -0.000175136 1.87857e-05 0.000254327 2.19513e-05 -0.000175136 2.19513e-05 0.00125348)
(0.00061058 0.000146689 -0.00045179 0.000146689 0.000278329 -0.000116694 -0.00045179 -0.000116694 0.00111904)
(0.000811565 -0.000139659 0.00031996 -0.000139659 0.0002493 -0.000119119 0.00031996 -0.000119119 0.000318747)
(0.00059142 0.000150627 0.000294471 0.000150627 0.000271663 4.39091e-05 0.000294471 4.39091e-05 0.000564663)
(0.000731814 -0.00027685 0.000321858 -0.00027685 0.000519774 -0.000109126 0.000321858 -0.000109126 0.00044459)
(0.000975475 -0.000272567 0.000871176 -0.000272567 0.000383344 -8.47438e-05 0.000871176 -8.47438e-05 0.0018734)
(0.000383478 9.53116e-06 1.15857e-05 9.53116e-06 0.000424165 0.000122796 1.15857e-05 0.000122796 0.00103698)
(0.000375821 -0.000356025 0.000205889 -0.000356025 0.000940242 -0.000282948 0.000205889 -0.000282948 0.000184581)
(0.0019083 -0.000442816 0.0002819 -0.000442816 0.00167643 -0.00120615 0.0002819 -0.00120615 0.00248997)
(0.00367912 0.000372392 -0.000422155 0.000372392 0.00175628 -0.00104444 -0.000422155 -0.00104444 0.00571245)
(0.00238644 0.000445293 -0.000435407 0.000445293 0.00167058 -0.00150796 -0.000435407 -0.00150796 0.0039)
(0.000772648 -2.31015e-05 0.000168615 -2.31015e-05 0.00135656 -0.00104823 0.000168615 -0.00104823 0.00111781)
(0.000366618 -5.30323e-05 -1.27936e-05 -5.30323e-05 0.000397244 1.40928e-05 -1.27936e-05 1.40928e-05 0.000412644)
(0.000272965 0.000503725 -0.000250584 0.000503725 0.00159293 -0.000696578 -0.000250584 -0.000696578 0.000814637)
(0.000350951 0.000650732 4.58658e-05 0.000650732 0.00286105 -8.14134e-05 4.58658e-05 -8.14134e-05 0.000509399)
(0.000127711 -4.06634e-05 0.000120727 -4.06634e-05 0.000351047 -0.000132401 0.000120727 -0.000132401 0.000313334)
(0.00109965 -0.000317412 0.000126199 -0.000317412 0.00157573 0.00110982 0.000126199 0.00110982 0.00300135)
(0.00196404 -0.000629503 0.000169662 -0.000629503 0.00244064 0.00150924 0.000169662 0.00150924 0.00483128)
(0.000651477 -0.000310552 0.000470148 -0.000310552 0.000469937 0.000125433 0.000470148 0.000125433 0.00159984)
(0.000604419 0.000133289 0.000251906 0.000133289 0.000909508 0.00023913 0.000251906 0.00023913 0.000712411)
(0.000842689 -7.76602e-05 0.000501567 -7.76602e-05 0.000568145 -5.46547e-05 0.000501567 -5.46547e-05 0.000658206)
(0.000339836 -0.000195485 0.000102282 -0.000195485 0.000437685 1.52467e-05 0.000102282 1.52467e-05 0.000166743)
(9.80841e-05 0.000189814 3.80035e-05 0.000189814 0.00240327 -0.00116902 3.80035e-05 -0.00116902 0.00136437)
(0.000339939 0.000161363 0.000128168 0.000161363 0.00372727 -0.00146426 0.000128168 -0.00146426 0.00196536)
(0.000368355 6.59879e-05 -0.000135587 6.59879e-05 0.000266614 1.58735e-05 -0.000135587 1.58735e-05 0.000547173)
(0.00127084 -0.000896337 -0.000519358 -0.000896337 0.00179952 0.00107274 -0.000519358 0.00107274 0.00128014)
(0.000818413 -0.000136024 7.94353e-05 -0.000136024 0.000863092 0.000749907 7.94353e-05 0.000749907 0.00110086)
(0.000813462 -0.00033702 0.000133318 -0.00033702 0.00042073 7.293e-05 0.000133318 7.293e-05 0.000194779)
(0.00177722 -9.81856e-05 -0.000381138 -9.81856e-05 0.000885209 0.000115565 -0.000381138 0.000115565 0.00240469)
(0.000802397 8.90447e-05 0.000342004 8.90447e-05 0.000794429 -7.44425e-05 0.000342004 -7.44425e-05 0.00109374)
(0.000662473 -3.36124e-05 0.000261208 -3.36124e-05 0.000690703 -0.000140262 0.000261208 -0.000140262 0.000486626)
(0.00240859 -0.000641473 0.00148848 -0.000641473 0.000993685 -0.000457481 0.00148848 -0.000457481 0.00176118)
(0.00569092 -0.00135593 0.00262644 -0.00135593 0.00150803 -0.000828243 0.00262644 -0.000828243 0.00268508)
(0.00164831 -0.000407724 -0.000626878 -0.000407724 0.000733974 0.000410625 -0.000626878 0.000410625 0.000961877)
(0.00244019 0.000766732 0.00115611 0.000766732 0.00187357 0.00104123 0.00115611 0.00104123 0.00385916)
(0.00549105 0.00044058 0.00270712 0.00044058 0.0019036 0.000588908 0.00270712 0.000588908 0.00592199)
(0.00331325 3.9584e-05 0.000727193 3.9584e-05 0.003965 0.00200694 0.000727193 0.00200694 0.00767282)
(0.00312362 -0.00117034 -0.000982146 -0.00117034 0.00608819 0.00248857 -0.000982146 0.00248857 0.00549493)
(0.00197356 -0.000402138 -0.000683689 -0.000402138 0.00489491 0.0020653 -0.000683689 0.0020653 0.0037612)
(0.000993381 0.000184084 0.000255309 0.000184084 0.00221556 0.000447924 0.000255309 0.000447924 0.00357465)
(0.000479177 -0.00013447 -8.12123e-05 -0.00013447 0.000960391 0.000539273 -8.12123e-05 0.000539273 0.00119989)
(0.00111072 -0.000196183 0.000108125 -0.000196183 0.00291981 -0.00109617 0.000108125 -0.00109617 0.00090737)
(0.00311514 -0.000987181 0.000604656 -0.000987181 0.00538072 -0.00276754 0.000604656 -0.00276754 0.00402727)
(0.00265561 -0.00104447 0.00069725 -0.00104447 0.00706926 -0.00256954 0.00069725 -0.00256954 0.0032303)
(0.00214983 0.000126422 0.000361411 0.000126422 0.00592187 0.000357106 0.000361411 0.000357106 0.00150836)
(0.00177271 0.000478597 -9.50424e-05 0.000478597 0.00301639 0.00195583 -9.50424e-05 0.00195583 0.00308463)
(0.00136814 0.000172013 -2.76705e-05 0.000172013 0.00176343 0.00136123 -2.76705e-05 0.00136123 0.00298089)
(0.000955133 0.000318016 0.000287784 0.000318016 0.00413482 0.000647133 0.000287784 0.000647133 0.000965084)
(0.00222395 -0.00166203 -0.000109286 -0.00166203 0.00866133 -0.00175707 -0.000109286 -0.00175707 0.0026059)
(0.00127283 -0.00101347 0.000233632 -0.00101347 0.00632248 -0.00164658 0.000233632 -0.00164658 0.00183905)
(0.000542182 -0.000106122 0.000273777 -0.000106122 0.00130161 -0.000586655 0.000273777 -0.000586655 0.000552869)
(0.000663665 7.66367e-05 0.000347592 7.66367e-05 0.00060298 -7.98823e-05 0.000347592 -7.98823e-05 0.00052526)
(0.00124758 0.000435829 0.000573028 0.000435829 0.000885853 7.54427e-05 0.000573028 7.54427e-05 0.000648878)
(0.00140257 -0.000607332 0.000357738 -0.000607332 0.00126827 -0.000616092 0.000357738 -0.000616092 0.000677584)
(0.000789184 0.000472919 0.000132819 0.000472919 0.00151198 -0.000106707 0.000132819 -0.000106707 0.000300944)
(0.000807002 0.000196763 0.000162398 0.000196763 0.000481786 -4.09316e-05 0.000162398 -4.09316e-05 0.00032018)
(0.000565697 -1.33356e-05 6.33411e-05 -1.33356e-05 0.000982624 9.67477e-05 6.33411e-05 9.67477e-05 0.000354236)
(0.000405343 0.000178082 -0.000223125 0.000178082 0.000539314 -0.000310812 -0.000223125 -0.000310812 0.000735421)
(0.000306573 0.000357433 -0.000183011 0.000357433 0.00141173 -0.000382567 -0.000183011 -0.000382567 0.000507343)
(0.00103829 0.000285776 -0.00018759 0.000285776 0.00340589 0.00111953 -0.00018759 0.00111953 0.0012595)
(0.000682174 0.000167178 9.59383e-05 0.000167178 0.000523681 -0.000176576 9.59383e-05 -0.000176576 0.000538451)
(0.00105902 -0.00126071 -0.000624751 -0.00126071 0.00466593 0.000638759 -0.000624751 0.000638759 0.00182659)
(0.00110564 -0.000510043 -0.000843573 -0.000510043 0.00339929 0.000568625 -0.000843573 0.000568625 0.00175619)
(0.000331787 -0.00010688 9.79155e-05 -0.00010688 0.00107209 -4.91366e-05 9.79155e-05 -4.91366e-05 0.000109919)
(0.000872054 -0.000578456 0.000107405 -0.000578456 0.00354146 0.000231723 0.000107405 0.000231723 0.000770048)
(0.000544284 -0.000161472 -3.08529e-05 -0.000161472 0.00028858 -9.45572e-06 -3.08529e-05 -9.45572e-06 0.00159705)
(0.00145368 -0.000372236 -0.00149053 -0.000372236 0.00273179 0.00213408 -0.00149053 0.00213408 0.00496886)
(0.00228658 0.000270656 -0.00054439 0.000270656 0.00402838 0.00238413 -0.00054439 0.00238413 0.00452147)
(0.00215393 0.00035354 0.000853285 0.00035354 0.00139835 0.000770176 0.000853285 0.000770176 0.00268503)
(0.00135367 -0.00151957 8.4863e-05 -0.00151957 0.00661705 -0.00274527 8.4863e-05 -0.00274527 0.00418991)
(0.0010672 -0.000137412 -0.000488548 -0.000137412 0.00408693 -0.00264828 -0.000488548 -0.00264828 0.00499896)
(0.0022179 0.00115795 0.0003886 0.00115795 0.00226182 0.0003807 0.0003886 0.0003807 0.0026801)
(0.00401076 -0.000663579 0.00200657 -0.000663579 0.00223787 -0.00196963 0.00200657 -0.00196963 0.00506981)
(0.00406898 -0.000721575 0.000822594 -0.000721575 0.00790854 -0.00361209 0.000822594 -0.00361209 0.00668615)
(0.00315723 -0.0016072 -0.00140544 -0.0016072 0.00861421 -0.00306021 -0.00140544 -0.00306021 0.0044548)
(0.00212621 1.84756e-05 0.000275979 1.84756e-05 0.00593149 -9.6486e-05 0.000275979 -9.6486e-05 0.00168276)
(0.000685306 0.000258593 0.000371613 0.000258593 0.000849223 0.000258075 0.000371613 0.000258075 0.000775114)
(0.00245778 -0.000611247 -0.00051085 -0.000611247 0.00618155 0.0016751 -0.00051085 0.0016751 0.00348187)
(0.0025104 -0.00205942 -0.000391802 -0.00205942 0.00688767 0.00105514 -0.000391802 0.00105514 0.00238908)
(0.000331212 6.75172e-05 -5.83474e-06 6.75172e-05 0.000530496 -7.46166e-05 -5.83474e-06 -7.46166e-05 0.000271178)
(0.001042 -5.74933e-05 -1.29882e-05 -5.74933e-05 0.00175455 0.000646089 -1.29882e-05 0.000646089 0.00077655)
(0.00167727 0.000631527 -0.000622374 0.000631527 0.00156648 0.000692051 -0.000622374 0.000692051 0.00295057)
(0.00204715 0.000731442 0.000169748 0.000731442 0.00127911 -1.51899e-05 0.000169748 -1.51899e-05 0.00334359)
(0.00227303 -0.000701698 0.000465946 -0.000701698 0.00343197 -0.00224604 0.000465946 -0.00224604 0.00298511)
(0.00173356 -0.000400243 0.000253346 -0.000400243 0.00302099 -0.00226818 0.000253346 -0.00226818 0.00291799)
(0.000645507 -8.08062e-05 0.000365838 -8.08062e-05 0.00212581 -0.000341128 0.000365838 -0.000341128 0.000507482)
(0.000592062 -7.77189e-06 0.000318812 -7.77189e-06 0.000747941 0.000283436 0.000318812 0.000283436 0.000613972)
(0.00167085 0.000654094 -0.000312193 0.000654094 0.00147846 -0.000473049 -0.000312193 -0.000473049 0.00128187)
(0.00256299 -9.72506e-05 4.768e-05 -9.72506e-05 0.00307624 -0.0012067 4.768e-05 -0.0012067 0.0019776)
(0.00126606 -0.000155912 0.000681024 -0.000155912 0.000788324 -0.000161882 0.000681024 -0.000161882 0.000885443)
(0.000655847 -0.000551645 0.000187084 -0.000551645 0.000780703 -0.000164235 0.000187084 -0.000164235 0.000330383)
(0.000738005 -0.000691046 -0.00034208 -0.000691046 0.00260134 0.000742744 -0.00034208 0.000742744 0.00123236)
(0.000484868 0.000115908 0.000159575 0.000115908 0.00195499 0.000491069 0.000159575 0.000491069 0.000720642)
(0.000675468 -0.000179527 0.000331094 -0.000179527 0.00442568 -0.000417682 0.000331094 -0.000417682 0.000890854)
(0.000688569 -0.000722562 -0.000499561 -0.000722562 0.0033984 0.000933505 -0.000499561 0.000933505 0.00138946)
(0.000333194 -0.000179012 -0.000482533 -0.000179012 0.00069537 2.50768e-05 -0.000482533 2.50768e-05 0.000931991)
(0.00043896 4.86551e-05 0.000150616 4.86551e-05 0.000769378 7.06445e-05 0.000150616 7.06445e-05 0.00029538)
(0.000533922 -5.60749e-06 0.00011918 -5.60749e-06 0.00103438 0.000174052 0.00011918 0.000174052 0.000346919)
(0.00115798 0.0004251 0.000612436 0.0004251 0.00104365 0.0004667 0.000612436 0.0004667 0.0015998)
(0.00251449 0.000617046 -0.000873129 0.000617046 0.00258843 0.00232361 -0.000873129 0.00232361 0.00669843)
(0.00225316 -0.000265663 -0.000863344 -0.000265663 0.00280979 0.00132363 -0.000863344 0.00132363 0.00191815)
(0.000858912 -0.000239216 8.94042e-05 -0.000239216 0.000705556 -8.88295e-05 8.94042e-05 -8.88295e-05 0.003194)
(0.00280707 -0.00299541 -0.00176283 -0.00299541 0.00749925 0.00169353 -0.00176283 0.00169353 0.0052788)
(0.00236465 -0.00290556 -0.000595095 -0.00290556 0.0074588 0.000163963 -0.000595095 0.000163963 0.00312112)
(0.000423555 -5.7634e-05 0.000407971 -5.7634e-05 0.000383887 -0.000543687 0.000407971 -0.000543687 0.000766042)
(0.000395459 -0.000279834 0.0003384 -0.000279834 0.000926326 -0.000543658 0.0003384 -0.000543658 0.000688621)
(0.00276361 -0.000685479 0.00194265 -0.000685479 0.00107174 -0.000226186 0.00194265 -0.000226186 0.00548245)
