/*--------------------------------*- C++ -*----------------------------------*\
  =========                 |
  \\      /  F ield         | OpenFOAM: The Open Source CFD Toolbox
   \\    /   O peration     | Website:  https://openfoam.org
    \\  /    A nd           | Version:  10
     \\/     M anipulation  |
\*---------------------------------------------------------------------------*/
FoamFile
{
    format      ascii;
    class       volTensorField;
    location    "19";
    object      TauNN;
}
// * * * * * * * * * * * * * * * * * * * * * * * * * * * * * * * * * * * * * //

dimensions      [0 2 -2 0 0 0 0];

internalField   nonuniform List<tensor> 
25600
(
(9.76276e-05 -1.27414e-05 6.0305e-05 -1.27414e-05 0.000159148 -4.51151e-05 6.0305e-05 -4.51151e-05 0.000106962)
(0.000132897 2.13636e-05 4.83291e-05 2.13636e-05 0.000141164 -2.50023e-05 4.83291e-05 -2.50023e-05 0.000106592)
(0.000153485 2.64766e-05 6.38515e-05 2.64766e-05 0.000101154 -7.86874e-06 6.38515e-05 -7.86874e-06 0.000123207)
(0.000165017 2.81632e-05 5.3443e-05 2.81632e-05 7.85686e-05 -3.80352e-06 5.3443e-05 -3.80352e-06 0.000138107)
(0.00012735 2.81073e-06 1.94237e-05 2.81073e-06 5.1682e-05 -1.30255e-05 1.94237e-05 -1.30255e-05 0.000146694)
(0.000115616 -1.92216e-05 6.89914e-05 -1.92216e-05 6.26706e-05 7.44779e-06 6.89914e-05 7.44779e-06 0.000175528)
(0.000105596 3.12924e-07 8.00379e-05 3.12924e-07 9.31051e-05 -3.73647e-06 8.00379e-05 -3.73647e-06 0.000113157)
(0.000101949 3.50112e-05 7.38734e-05 3.50112e-05 0.00014003 -2.53133e-05 7.38734e-05 -2.53133e-05 2.76586e-05)
(0.000125697 6.63865e-05 7.06604e-05 6.63865e-05 0.000195547 -3.73255e-05 7.06604e-05 -3.73255e-05 -3.87347e-06)
(0.000148991 9.37227e-05 8.05622e-05 9.37227e-05 0.000234324 -1.64555e-05 8.05622e-05 -1.64555e-05 -3.6442e-07)
(0.000127299 5.96233e-05 7.30166e-05 5.96233e-05 0.000151794 -9.86084e-06 7.30166e-05 -9.86084e-06 -2.36437e-05)
(0.000104288 7.23265e-06 9.13413e-05 7.23265e-06 9.17819e-05 -6.04335e-06 9.13413e-05 -6.04335e-06 -1.56901e-05)
(0.000113296 -1.81552e-05 0.000103145 -1.81552e-05 9.70235e-05 2.60174e-05 0.000103145 2.60174e-05 0.000109209)
(0.000165343 -4.54476e-05 8.47839e-05 -4.54476e-05 0.000127514 7.26851e-05 8.47839e-05 7.26851e-05 0.000455968)
(0.000159103 -5.02141e-05 -3.28291e-06 -5.02141e-05 8.78583e-05 3.42261e-06 -3.28291e-06 3.42261e-06 0.000607463)
(0.000127967 -3.52832e-05 -3.38256e-06 -3.52832e-05 9.21633e-05 -6.89253e-05 -3.38256e-06 -6.89253e-05 0.000484979)
(0.000104601 -2.68947e-05 5.94221e-05 -2.68947e-05 0.000140799 -5.27361e-05 5.94221e-05 -5.27361e-05 0.000170753)
(0.000150826 -4.78234e-06 9.94196e-05 -4.78234e-06 0.00017639 -6.64219e-06 9.94196e-05 -6.64219e-06 3.34654e-05)
(0.000202952 2.92156e-06 0.000113006 2.92156e-06 0.00017724 -1.00443e-05 0.000113006 -1.00443e-05 3.07533e-05)
(0.000251169 -2.48188e-05 0.000129154 -2.48188e-05 0.000216089 -4.12026e-05 0.000129154 -4.12026e-05 2.85777e-05)
(0.000226691 -5.21913e-05 0.000137158 -5.21913e-05 0.000197981 -3.3021e-05 0.000137158 -3.3021e-05 8.70193e-07)
(0.000200216 -2.71536e-05 0.0001299 -2.71536e-05 0.000149947 -1.42856e-05 0.0001299 -1.42856e-05 7.79226e-06)
(0.000205809 3.24538e-05 0.000130827 3.24538e-05 0.000132257 -1.96323e-05 0.000130827 -1.96323e-05 4.54507e-05)
(0.000245073 5.01759e-05 0.000134776 5.01759e-05 0.00017728 3.69018e-05 0.000134776 3.69018e-05 0.000133764)
(0.000241665 3.5747e-05 0.000111262 3.5747e-05 0.000243616 5.82635e-05 0.000111262 5.82635e-05 0.000120685)
(0.000179969 3.00119e-05 7.49147e-05 3.00119e-05 0.000364802 9.88692e-06 7.49147e-05 9.88692e-06 5.01889e-05)
(0.000128399 7.51493e-05 -4.36548e-05 7.51493e-05 0.00051009 -0.000216469 -4.36548e-05 -0.000216469 0.000247491)
(0.000150935 0.000135251 -0.000124603 0.000135251 0.000716428 -0.000439714 -0.000124603 -0.000439714 0.000532998)
(0.000164147 3.37521e-05 -5.4853e-05 3.37521e-05 0.000764132 -0.00044828 -5.4853e-05 -0.00044828 0.000581867)
(0.00018029 -2.35885e-05 1.77193e-05 -2.35885e-05 0.000477221 -0.000233673 1.77193e-05 -0.000233673 0.000363549)
(0.000172718 -9.86177e-06 7.24141e-05 -9.86177e-06 0.000268037 -4.72087e-05 7.24141e-05 -4.72087e-05 0.000146878)
(0.000188689 -5.42961e-07 0.000106866 -5.42961e-07 0.000208219 -4.14904e-06 0.000106866 -4.14904e-06 7.16574e-05)
(0.00026703 -1.85939e-05 0.000133819 -1.85939e-05 0.000243893 -3.1299e-05 0.000133819 -3.1299e-05 6.32538e-05)
(0.000341958 -2.45897e-05 0.000175264 -2.45897e-05 0.000254633 -7.92099e-05 0.000175264 -7.92099e-05 0.00011482)
(0.000352819 -4.74695e-06 0.000192439 -4.74695e-06 0.000226498 -0.000103137 0.000192439 -0.000103137 0.000157919)
(0.000366262 4.79054e-05 0.000222312 4.79054e-05 0.000184226 -6.10771e-05 0.000222312 -6.10771e-05 0.000276406)
(0.00039694 0.000124707 0.000266312 0.000124707 0.000261729 7.7324e-05 0.000266312 7.7324e-05 0.000367269)
(0.00032751 0.000156314 0.00018475 0.000156314 0.000373513 0.00011163 0.00018475 0.00011163 0.000224267)
(0.000223805 0.000132576 7.73557e-05 0.000132576 0.000390837 3.62098e-05 7.73557e-05 3.62098e-05 0.00010229)
(0.000109089 2.6525e-05 4.67114e-05 2.6525e-05 0.000260109 -4.88041e-05 4.67114e-05 -4.88041e-05 7.45492e-05)
(0.000213535 -8.27853e-06 0.000163293 -8.27853e-06 0.000156123 0.000195063 0.000163293 0.000195063 0.00059906)
(0.000389409 -9.13441e-05 7.48392e-05 -9.13441e-05 0.000170002 0.00010595 7.48392e-05 0.00010595 0.00146354)
(0.000314504 -5.86873e-05 -1.86544e-06 -5.86873e-05 0.000119811 6.66482e-05 -1.86544e-06 6.66482e-05 0.00107901)
(0.000158463 -2.88989e-06 -1.88872e-05 -2.88989e-06 5.88097e-05 8.54023e-06 -1.88872e-05 8.54023e-06 0.000369238)
(0.000142403 5.96605e-06 9.9496e-05 5.96605e-06 8.44875e-05 2.75895e-05 9.9496e-05 2.75895e-05 5.61754e-05)
(0.000159026 3.14517e-05 0.000132704 3.14517e-05 0.000179508 5.20684e-05 0.000132704 5.20684e-05 5.82838e-05)
(0.000180976 1.11759e-05 0.000129344 1.11759e-05 0.000283271 0.000125091 0.000129344 0.000125091 0.000113426)
(0.000241792 -6.00908e-05 0.000151723 -6.00908e-05 0.000410921 9.02098e-05 0.000151723 9.02098e-05 2.76613e-05)
(0.000331775 -5.02644e-05 0.000152994 -5.02644e-05 0.000385191 -0.000117938 0.000152994 -0.000117938 -1.34388e-06)
(0.000585644 4.91217e-05 5.97592e-05 4.91217e-05 0.00062031 -0.000313942 5.97592e-05 -0.000313942 0.000253725)
(0.000667855 0.000198378 5.92237e-05 0.000198378 0.00105762 -0.000240572 5.92237e-05 -0.000240572 0.000243524)
(0.000558106 0.000256292 0.000277011 0.000256292 0.00135522 0.000334702 0.000277011 0.000334702 0.000394783)
(0.00071537 2.94112e-06 2.38586e-05 2.94112e-06 0.00153567 0.000965882 2.38586e-05 0.000965882 0.00139635)
(0.00066163 -0.000287044 -0.000243871 -0.000287044 0.000960784 0.000915655 -0.000243871 0.000915655 0.00160518)
(0.000459203 -0.000268105 -0.000148766 -0.000268105 0.000462148 0.000468586 -0.000148766 0.000468586 0.00079437)
(0.000312478 -0.000143045 8.29455e-05 -0.000143045 0.00031478 0.000162945 8.29455e-05 0.000162945 0.000241579)
(0.000202845 -2.47434e-05 0.000131114 -2.47434e-05 0.000202454 6.57858e-05 0.000131114 6.57858e-05 0.000110199)
(0.000212932 1.91703e-05 0.00017464 1.91703e-05 0.000210637 0.000123916 0.00017464 0.000123916 0.000291306)
(0.000355263 -3.02913e-05 0.000243466 -3.02913e-05 0.000279265 0.00020146 0.000243466 0.00020146 0.000843307)
(0.00033783 -9.35681e-05 0.000130516 -9.35681e-05 0.000286841 0.000210732 0.000130516 0.000210732 0.000940283)
(0.000202316 -8.95988e-05 8.51881e-05 -8.95988e-05 0.000223468 0.000111246 8.51881e-05 0.000111246 0.000254638)
(0.000368552 -2.62782e-05 0.000161355 -2.62782e-05 0.000283395 -9.17036e-05 0.000161355 -9.17036e-05 0.000104793)
(0.000861741 0.000218918 0.000221806 0.000218918 0.000373747 -0.000157171 0.000221806 -0.000157171 0.00116434)
(0.000990877 0.000331505 0.000207486 0.000331505 0.000374834 -7.28443e-05 0.000207486 -7.28443e-05 0.00160757)
(0.000574237 0.000206218 0.000259388 0.000206218 0.000277265 4.08357e-05 0.000259388 4.08357e-05 0.000607805)
(0.000259459 0.000193429 6.30673e-05 0.000193429 0.00032472 -3.10652e-05 6.30673e-05 -3.10652e-05 7.84931e-05)
(0.000196243 0.000216869 -0.000252764 0.000216869 0.000270639 -0.000243675 -0.000252764 -0.000243675 0.000372206)
(0.000202428 8.84961e-05 -0.000257586 8.84961e-05 0.000124934 -9.34517e-05 -0.000257586 -9.34517e-05 0.000636836)
(0.000219072 1.30236e-05 2.73986e-05 1.30236e-05 0.000148778 0.000162361 2.73986e-05 0.000162361 0.000595756)
(0.000274223 2.22772e-05 0.000277137 2.22772e-05 0.000193158 0.000146206 0.000277137 0.000146206 0.000448472)
(0.00027439 -5.11417e-05 0.000310514 -5.11417e-05 0.000150337 1.5025e-05 0.000310514 1.5025e-05 0.000264416)
(0.000254074 -9.33595e-05 0.000246882 -9.33595e-05 0.000183668 -2.02227e-05 0.000246882 -2.02227e-05 0.000206557)
(0.000198869 -6.76345e-05 0.00018443 -6.76345e-05 0.000197279 -1.82092e-05 0.00018443 -1.82092e-05 0.000215441)
(0.000157755 -3.39365e-05 0.000109959 -3.39365e-05 0.000194177 4.85778e-06 0.000109959 4.85778e-06 0.000188415)
(0.000212783 3.25665e-05 6.24647e-05 3.25665e-05 0.000225161 -2.97967e-05 6.24647e-05 -2.97967e-05 9.60397e-05)
(0.000569719 0.000273641 0.000369467 0.000273641 0.000525139 0.00013913 0.000369467 0.00013913 0.000462306)
(0.00107403 0.000459692 0.00090351 0.000459692 0.000673766 0.000408639 0.00090351 0.000408639 0.00138166)
(0.00103218 0.000333373 0.000786139 0.000333373 0.000337408 0.000279598 0.000786139 0.000279598 0.00166526)
(0.000609481 0.000187961 0.000299502 0.000187961 0.000138844 -4.90705e-05 0.000299502 -4.90705e-05 0.000750898)
(0.000257799 9.32366e-05 0.000132627 9.32366e-05 0.00019667 -4.41121e-05 0.000132627 -4.41121e-05 -1.13758e-05)
(0.000544635 -0.000216366 0.000236228 -0.000216366 0.000999644 -0.000413249 0.000236228 -0.000413249 0.000199042)
(0.000606726 -0.00010467 0.000234213 -0.00010467 0.000638248 -0.000448627 0.000234213 -0.000448627 0.000368406)
(0.000620348 3.15271e-05 0.00017493 3.15271e-05 0.000398353 -0.000328659 0.00017493 -0.000328659 0.000486541)
(0.000517565 8.47075e-05 6.23753e-05 8.47075e-05 0.000399731 -0.000248331 6.23753e-05 -0.000248331 0.000273061)
(0.00047633 0.000131406 0.000101932 0.000131406 0.000697138 -9.93041e-05 0.000101932 -9.93041e-05 9.54869e-05)
(0.000476498 0.00017384 0.000255056 0.00017384 0.0011191 0.000268026 0.000255056 0.000268026 0.000259349)
(0.000458177 9.31118e-05 0.000274295 9.31118e-05 0.000802047 0.000165365 0.000274295 0.000165365 0.000269854)
(0.000528138 5.18216e-05 0.000211297 5.18216e-05 0.000504395 -0.000102619 0.000211297 -0.000102619 0.000336062)
(0.000845591 0.000227519 0.000250235 0.000227519 0.00068384 -6.30431e-05 0.000250235 -6.30431e-05 0.00103474)
(0.000816819 0.00027232 0.000112972 0.00027232 0.000800035 -3.95244e-05 0.000112972 -3.95244e-05 0.00104984)
(0.000488103 0.000123848 0.000114346 0.000123848 0.000505915 -1.4958e-05 0.000114346 -1.4958e-05 0.000423607)
(0.000355178 7.09295e-05 0.000159806 7.09295e-05 0.00034435 -3.14936e-05 0.000159806 -3.14936e-05 0.000271539)
(0.000510216 8.71131e-05 0.000227893 8.71131e-05 0.000449427 -0.000199391 0.000227893 -0.000199391 0.000564374)
(0.00087515 8.47466e-05 0.000362329 8.47466e-05 0.000620511 -0.000441335 0.000362329 -0.000441335 0.00119702)
(0.00101939 2.79834e-05 0.000352252 2.79834e-05 0.000689733 -0.000527395 0.000352252 -0.000527395 0.00136051)
(0.000856778 5.20824e-05 0.000299193 5.20824e-05 0.000552107 -0.000388382 0.000299193 -0.000388382 0.00108889)
(0.000566076 4.07724e-05 0.000273645 4.07724e-05 0.000375946 -0.000228883 0.000273645 -0.000228883 0.000628575)
(0.00038957 4.46886e-05 0.000234062 4.46886e-05 0.000250671 -0.000125615 0.000234062 -0.000125615 0.000379851)
(0.000308238 3.43947e-05 0.000173531 3.43947e-05 0.000199562 -5.19687e-05 0.000173531 -5.19687e-05 0.000212296)
(0.000312894 1.89124e-05 0.000152725 1.89124e-05 0.000243497 -2.92193e-05 0.000152725 -2.92193e-05 0.000168263)
(0.000361341 2.82489e-05 0.00016677 2.82489e-05 0.000278229 -4.36036e-05 0.00016677 -4.36036e-05 0.000200595)
(0.000479513 4.4331e-05 0.000178307 4.4331e-05 0.000316836 -0.000147451 0.000178307 -0.000147451 0.000346982)
(0.000638186 0.000107748 0.000224547 0.000107748 0.000322992 -0.000200699 0.000224547 -0.000200699 0.000634328)
(0.000666509 0.000109687 0.000311766 0.000109687 0.00027736 -0.000139171 0.000311766 -0.000139171 0.000639462)
(0.000543532 6.05974e-05 0.000308828 6.05974e-05 0.000202392 -9.06158e-05 0.000308828 -9.06158e-05 0.000312698)
(0.000220935 4.8005e-05 0.000111545 4.8005e-05 8.23394e-05 -4.03458e-05 0.000111545 -4.03458e-05 1.21354e-05)
(9.73374e-05 2.4003e-05 0.000101686 2.4003e-05 8.67492e-05 -2.27597e-05 0.000101686 -2.27597e-05 1.97817e-05)
(0.000235052 -1.58651e-05 0.000225313 -1.58651e-05 0.000144519 4.20865e-06 0.000225313 4.20865e-06 9.96667e-05)
(0.000311776 3.11136e-05 0.000159166 3.11136e-05 0.000274872 -3.47001e-05 0.000159166 -3.47001e-05 8.58047e-05)
(0.000498189 -1.74614e-05 0.000154796 -1.74614e-05 0.000539674 -0.000238799 0.000154796 -0.000238799 0.000225905)
(0.000525908 -3.34745e-05 0.000180715 -3.34745e-05 0.000500174 -0.000270697 0.000180715 -0.000270697 0.000269827)
(0.000356273 4.26117e-05 0.000124952 4.26117e-05 0.000253377 -0.000104083 0.000124952 -0.000104083 0.000190784)
(0.000183976 2.72458e-05 8.59033e-05 2.72458e-05 0.000273073 6.68969e-06 8.59033e-05 6.68969e-06 4.29074e-05)
(0.000194989 0.000154726 -3.70713e-05 0.000154726 0.000525344 -0.00014653 -3.70713e-05 -0.00014653 0.000163658)
(0.000402647 0.000316496 -5.78528e-05 0.000316496 0.000490238 -6.48648e-05 -5.78528e-05 -6.48648e-05 0.000227317)
(0.000452522 0.00019743 0.000269076 0.00019743 0.000229414 9.57139e-05 0.000269076 9.57139e-05 0.000255118)
(0.000409072 0.000176154 0.000219999 0.000176154 0.000148002 4.32646e-05 0.000219999 4.32646e-05 0.000565673)
(0.00050492 0.0002118 -8.35387e-05 0.0002118 0.000230172 -5.24595e-05 -8.35387e-05 -5.24595e-05 0.000563466)
(0.000580202 0.000223513 -5.21094e-05 0.000223513 0.000458311 -0.000167972 -5.21094e-05 -0.000167972 0.000329362)
(0.000543762 4.04557e-05 0.000111735 4.04557e-05 0.000909881 -0.000298196 0.000111735 -0.000298196 0.000209104)
(0.000302079 -2.96738e-05 0.000137581 -2.96738e-05 0.00035026 -8.75443e-08 0.000137581 -8.75443e-08 0.000244756)
(0.000399334 6.54878e-05 0.000255706 6.54878e-05 0.000322311 6.37872e-05 0.000255706 6.37872e-05 0.000403124)
(0.000307642 4.55836e-05 0.000179231 4.55836e-05 0.000220487 1.46469e-05 0.000179231 1.46469e-05 0.000207786)
(0.00019572 -3.49702e-05 0.000130479 -3.49702e-05 0.000241203 7.08085e-06 0.000130479 7.08085e-06 4.64631e-05)
(0.000390267 9.13339e-05 0.000184611 9.13339e-05 0.000704389 0.00013589 0.000184611 0.00013589 0.000180228)
(0.000531698 1.18278e-06 0.0001352 1.18278e-06 0.0011203 -0.000131696 0.0001352 -0.000131696 0.000195445)
(0.000932845 -9.06922e-05 0.000194356 -9.06922e-05 0.000604415 -0.000434658 0.000194356 -0.000434658 0.00107653)
(0.00140684 0.000272605 0.000638271 0.000272605 0.000513483 0.000293837 0.000638271 0.000293837 0.00268695)
(0.00113206 0.000357067 0.000718519 0.000357067 0.000692059 0.000503282 0.000718519 0.000503282 0.00174411)
(0.000359862 0.000148866 0.000235263 0.000148866 0.000574113 0.000223365 0.000235263 0.000223365 0.000317966)
(0.000256672 -0.000134055 6.24172e-05 -0.000134055 0.000970101 -0.000307655 6.24172e-05 -0.000307655 0.000512818)
(0.000479204 -0.000345321 0.000254244 -0.000345321 0.00216362 -0.000658504 0.000254244 -0.000658504 0.000969669)
(0.000462438 -0.000213596 0.000292825 -0.000213596 0.00368255 -0.000708348 0.000292825 -0.000708348 0.00121301)
(0.000309911 0.000293041 0.000127136 0.000293041 0.00325688 -0.000404101 0.000127136 -0.000404101 0.00100702)
(0.000517485 0.000609156 -6.77956e-05 0.000609156 0.00155719 -0.000161678 -6.77956e-05 -0.000161678 0.00070725)
(0.000460348 0.000365883 -8.88556e-05 0.000365883 0.000591794 -0.000126427 -8.88556e-05 -0.000126427 0.000423048)
(0.000259595 6.07688e-06 8.89888e-05 6.07688e-06 0.000201587 -3.15821e-05 8.89888e-05 -3.15821e-05 0.000124735)
(0.000355178 -3.71048e-05 0.000156838 -3.71048e-05 0.000320081 -9.6566e-05 0.000156838 -9.6566e-05 0.000119153)
(0.000553296 7.02552e-05 5.63404e-05 7.02552e-05 0.000464136 -0.000207385 5.63404e-05 -0.000207385 0.000325837)
(0.000522408 9.18517e-05 7.48103e-05 9.18517e-05 0.000368532 -0.000163468 7.48103e-05 -0.000163468 0.000381685)
(0.000371328 5.17098e-05 0.000153922 5.17098e-05 0.000254714 -8.32137e-05 0.000153922 -8.32137e-05 0.000256859)
(0.000375371 6.11618e-05 0.000206571 6.11618e-05 0.000276976 -9.49726e-05 0.000206571 -9.49726e-05 0.000310994)
(0.000509462 7.90143e-05 0.00034067 7.90143e-05 0.000334679 -8.94023e-05 0.00034067 -8.94023e-05 0.000547991)
(0.000629036 0.00013227 0.000400359 0.00013227 0.000339713 -3.39774e-05 0.000400359 -3.39774e-05 0.000698685)
(0.000649975 0.000153156 0.000415428 0.000153156 0.00029169 -9.35793e-06 0.000415428 -9.35793e-06 0.000622622)
(0.00051025 1.65449e-05 0.000316959 1.65449e-05 0.00014232 -6.11562e-05 0.000316959 -6.11562e-05 0.000245819)
(0.000381055 5.01983e-06 0.000265688 5.01983e-06 6.47624e-05 -9.86736e-06 0.000265688 -9.86736e-06 0.000163541)
(0.000337741 0.000111139 0.000285661 0.000111139 0.000131647 0.000141535 0.000285661 0.000141535 0.000429322)
(0.000648373 3.6411e-05 -4.59319e-05 3.6411e-05 0.000708633 0.00049005 -4.59319e-05 0.00049005 0.00104036)
(0.00103986 0.00012592 -0.000265959 0.00012592 0.00111964 0.000768251 -0.000265959 0.000768251 0.00198889)
(0.00119176 0.000498915 7.05216e-05 0.000498915 0.000666651 0.000338607 7.05216e-05 0.000338607 0.00250039)
(0.00138407 0.000345232 0.000373449 0.000345232 0.000521087 -0.000119477 0.000373449 -0.000119477 0.00200053)
(0.000820513 5.15478e-05 0.000282096 5.15478e-05 0.000405995 -0.000259961 0.000282096 -0.000259961 0.000664999)
(0.000301268 -5.14695e-05 0.000150963 -5.14695e-05 0.000278991 -8.99024e-05 0.000150963 -8.99024e-05 3.52144e-05)
(0.000235303 -4.31174e-05 0.000148213 -4.31174e-05 0.000294086 4.4696e-05 0.000148213 4.4696e-05 5.96131e-05)
(0.000352669 -7.94213e-05 0.000173979 -7.94213e-05 0.000517861 -8.28039e-06 0.000173979 -8.28039e-06 4.72862e-05)
(0.000457023 -0.000126567 0.000189198 -0.000126567 0.000518896 -0.000167146 0.000189198 -0.000167146 5.40354e-05)
(0.000354757 8.95588e-05 0.000106114 8.95588e-05 0.000269593 -0.000141212 0.000106114 -0.000141212 9.70905e-05)
(0.00037586 8.55159e-05 5.87292e-05 8.55159e-05 0.000215882 -1.33766e-05 5.87292e-05 -1.33766e-05 0.000111667)
(0.000411975 -8.34232e-05 0.00011898 -8.34232e-05 0.000350238 1.23298e-05 0.00011898 1.23298e-05 0.000146087)
(0.000606125 0.000449304 0.000440292 0.000449304 0.00165482 0.000700755 0.000440292 0.000700755 0.000939828)
(0.000709591 0.000478799 0.000389438 0.000478799 0.00185958 0.000938805 0.000389438 0.000938805 0.00128977)
(0.000264481 -3.17954e-06 7.40113e-05 -3.17954e-06 0.0006122 0.000165258 7.40113e-05 0.000165258 0.000175785)
(0.000292051 -0.000152899 0.000399075 -0.000152899 0.000220381 -0.00014049 0.000399075 -0.00014049 0.000588848)
(0.00104853 -0.000169779 0.000794802 -0.000169779 0.00055479 -4.17987e-05 0.000794802 -4.17987e-05 0.00217049)
(0.000438918 -8.49552e-06 0.000222312 -8.49552e-06 0.000551352 4.62979e-05 0.000222312 4.62979e-05 0.000797136)
(0.00065389 0.000106012 0.000332359 0.000106012 0.000675856 0.000109794 0.000332359 0.000109794 0.000527794)
(0.00157252 0.00027039 0.000965076 0.00027039 0.0007614 0.00035458 0.000965076 0.00035458 0.00235995)
(0.00121722 -2.80067e-05 0.000481857 -2.80067e-05 0.000615166 -9.27961e-05 0.000481857 -9.27961e-05 0.00180684)
(0.00081193 -0.000220126 0.000154812 -0.000220126 0.00127412 -0.000318977 0.000154812 -0.000318977 0.000273017)
(0.000617469 -0.000213534 0.000182639 -0.000213534 0.00138986 -1.26865e-05 0.000182639 -1.26865e-05 5.9421e-05)
(0.000370896 -7.56728e-05 0.000170002 -7.56728e-05 0.000287993 -4.1198e-05 0.000170002 -4.1198e-05 -5.68192e-05)
(0.000153942 0.000243832 3.79365e-05 0.000243832 0.000919049 3.87803e-05 3.79365e-05 3.87803e-05 -5.573e-05)
(0.000269915 -0.000222107 0.00017936 -0.000222107 0.00355928 -0.000343096 0.00017936 -0.000343096 0.000530648)
(0.000244294 -0.000409356 0.000322631 -0.000409356 0.00371077 -0.000713279 0.000322631 -0.000713279 0.000890022)
(0.000246152 -0.000208524 7.75382e-05 -0.000208524 0.00161562 -0.000187924 7.75382e-05 -0.000187924 0.000360217)
(0.000401096 -1.18073e-05 6.06617e-05 -1.18073e-05 0.000548309 0.000113798 6.06617e-05 0.000113798 0.00034215)
(0.000531724 0.000161702 7.98227e-05 0.000161702 0.000527782 7.07889e-05 7.98227e-05 7.07889e-05 0.000615219)
(0.000699651 0.000288773 0.000197941 0.000288773 0.000739564 0.000236492 0.000197941 0.000236492 0.000880171)
(0.000616819 0.000310004 0.000233758 0.000310004 0.000968824 0.000283515 0.000233758 0.000283515 0.000501393)
(0.000375196 0.000283814 4.84083e-05 0.000283814 0.000822925 -1.09887e-05 4.84083e-05 -1.09887e-05 0.000204159)
(0.000284042 0.000225332 -6.20699e-05 0.000225332 0.000680538 -0.000187064 -6.20699e-05 -0.000187064 0.000333821)
(0.000254494 0.000151724 -2.96701e-05 0.000151724 0.000486872 -0.000143318 -2.96701e-05 -0.000143318 0.000321693)
(0.000304639 9.22177e-05 0.000161325 9.22177e-05 0.000208487 -4.094e-05 0.000161325 -4.094e-05 0.000173406)
(0.000381667 3.16706e-05 0.000322344 3.16706e-05 0.000159949 -0.00012571 0.000322344 -0.00012571 0.000405557)
(0.000430762 2.30232e-05 0.000310641 2.30232e-05 0.000232384 -0.000277926 0.000310641 -0.000277926 0.000482021)
(0.000507206 -1.93352e-05 0.000259573 -1.93352e-05 0.000550732 -0.000262531 0.000259573 -0.000262531 0.000243922)
(0.000423427 -0.000134096 0.000151055 -0.000134096 0.000576248 0.000162091 0.000151055 0.000162091 0.000158157)
(0.000212263 -0.000113912 -2.37133e-05 -0.000113912 0.000150528 0.000167469 -2.37133e-05 0.000167469 0.00102224)
(0.000182889 -0.000186454 0.000477144 -0.000186454 0.000752475 -0.000883681 0.000477144 -0.000883681 0.00163632)
(0.000350296 -0.000307311 0.000449743 -0.000307311 0.00108647 -0.000732495 0.000449743 -0.000732495 0.000905587)
(0.000276818 -0.000123845 0.000154993 -0.000123845 0.000357216 -7.66274e-05 0.000154993 -7.66274e-05 0.000207635)
(0.000304951 1.41999e-05 0.000158991 1.41999e-05 0.00028421 -7.4584e-05 0.000158991 -7.4584e-05 0.000188409)
(0.000345327 -0.000124969 0.000192355 -0.000124969 0.000446834 -9.78522e-05 0.000192355 -9.78522e-05 0.000151954)
(0.000257388 -0.000114017 7.84323e-05 -0.000114017 0.000295602 -2.35457e-05 7.84323e-05 -2.35457e-05 0.000139409)
(0.00026855 -0.000105693 6.29295e-06 -0.000105693 0.0003304 9.74871e-05 6.29295e-06 9.74871e-05 0.000206871)
(0.000478968 -0.000252287 -0.000115562 -0.000252287 0.000892833 0.000615653 -0.000115562 0.000615653 0.000845215)
(0.000768734 -0.000244449 -0.0003453 -0.000244449 0.00156169 0.00118819 -0.0003453 0.00118819 0.00172884)
(0.00058021 -0.000141377 -0.000104467 -0.000141377 0.000762019 0.000742273 -0.000104467 0.000742273 0.00131329)
(0.000200963 2.02013e-05 4.92372e-05 2.02013e-05 0.000129132 -2.78587e-05 4.92372e-05 -2.78587e-05 0.000209695)
(0.00134385 0.00017406 0.000761528 0.00017406 0.000305231 -0.000199596 0.000761528 -0.000199596 0.0019783)
(0.000265045 4.88367e-05 0.000127339 4.88367e-05 0.000130064 -3.24454e-05 0.000127339 -3.24454e-05 6.49768e-05)
(0.000413394 -5.67725e-05 0.000293814 -5.67725e-05 0.000494812 0.000394149 0.000293814 0.000394149 0.00123)
(0.000953686 -0.000361993 0.000508646 -0.000361993 0.000756306 0.000548241 0.000508646 0.000548241 0.0029615)
(0.00112036 -0.000566667 0.000873471 -0.000566667 0.000590422 -7.99568e-05 0.000873471 -7.99568e-05 0.003384)
(0.000459182 -1.75368e-05 5.26607e-05 -1.75368e-05 0.000532624 -0.000481403 5.26607e-05 -0.000481403 0.00122735)
(0.000346943 0.000249245 -9.78392e-05 0.000249245 0.000540792 -0.00015498 -9.78392e-05 -0.00015498 0.000335681)
(0.000365418 6.18547e-05 0.000234162 6.18547e-05 0.000287306 2.15918e-05 0.000234162 2.15918e-05 0.000332646)
(0.000775343 0.000220102 -2.90079e-05 0.000220102 0.000405597 -0.000124854 -2.90079e-05 -0.000124854 0.00108306)
(0.000906067 0.000335834 -0.000139874 0.000335834 0.000702167 -0.000339276 -0.000139874 -0.000339276 0.000757019)
(0.000654703 5.67632e-05 8.78237e-05 5.67632e-05 0.000853894 -0.000269417 8.78237e-05 -0.000269417 0.000369918)
(0.000555839 -0.000293916 0.000248514 -0.000293916 0.000542616 -0.000184395 0.000248514 -0.000184395 0.000162901)
(0.000697298 -0.000408453 0.00021575 -0.000408453 0.0003444 -0.000134377 0.00021575 -0.000134377 0.000146722)
(0.000353727 3.07951e-05 0.000199497 3.07951e-05 4.52853e-05 -2.58051e-05 0.000199497 -2.58051e-05 7.92064e-05)
(0.000108797 -2.15508e-05 6.81402e-05 -2.15508e-05 0.000346988 1.98977e-05 6.81402e-05 1.98977e-05 -5.45447e-05)
(0.000244354 -0.000233905 8.49515e-05 -0.000233905 0.00046116 -7.82311e-06 8.49515e-05 -7.82311e-06 1.70958e-05)
(0.000308086 -0.00016825 0.000111404 -0.00016825 0.00172926 0.000282729 0.000111404 0.000282729 0.000343899)
(0.000184673 0.000416995 0.00017948 0.000416995 0.00293132 0.000238683 0.00017948 0.000238683 0.000783868)
(0.000532291 0.000672401 0.000200344 0.000672401 0.00236513 0.00040194 0.000200344 0.00040194 0.00052633)
(0.000896453 0.000661182 0.000369573 0.000661182 0.00226756 0.000797215 0.000369573 0.000797215 0.00084888)
(0.000701911 0.000492306 0.000300575 0.000492306 0.00163498 0.000610796 0.000300575 0.000610796 0.000698759)
(0.000324203 0.000209435 0.000143307 0.000209435 0.000962225 0.000219616 0.000143307 0.000219616 0.000236669)
(0.000154933 1.4279e-05 8.87075e-05 1.4279e-05 0.000237715 2.12323e-05 8.87075e-05 2.12323e-05 4.76483e-05)
(0.000382628 8.31094e-05 8.62274e-05 8.31094e-05 0.000362866 -0.000136896 8.62274e-05 -0.000136896 0.000155944)
(0.000960392 0.000106377 -3.0742e-05 0.000106377 0.000776899 -0.000605248 -3.0742e-05 -0.000605248 0.000963282)
(0.000935777 0.000234347 0.000152747 0.000234347 0.00043356 -0.000225206 0.000152747 -0.000225206 0.00146127)
(0.000592392 0.0001241 0.00028084 0.0001241 0.000311326 -3.59723e-05 0.00028084 -3.59723e-05 0.000585405)
(0.000292672 -0.000193483 4.37368e-05 -0.000193483 0.000251203 3.37912e-05 4.37368e-05 3.37912e-05 5.24523e-05)
(0.000699023 -0.000387446 -0.00051168 -0.000387446 0.00144243 0.00100212 -0.00051168 0.00100212 0.00128776)
(0.000743314 0.000141819 -0.000331531 0.000141819 0.00197241 0.00112186 -0.000331531 0.00112186 0.0013753)
(0.000334903 0.000194273 0.000220072 0.000194273 0.000357484 -5.35361e-05 0.000220072 -5.35361e-05 0.000379536)
(0.000495545 -0.000402715 0.000169164 -0.000402715 0.00126714 -0.000159327 0.000169164 -0.000159327 0.00037216)
(0.000594655 6.98203e-05 0.000138019 6.98203e-05 0.00339361 0.000127381 0.000138019 0.000127381 0.000665128)
(0.000305768 0.000392056 6.16871e-05 0.000392056 0.00215789 -8.57096e-06 6.16871e-05 -8.57096e-06 0.000498548)
(0.000211808 0.000101139 -8.32323e-06 0.000101139 0.000334593 -9.49427e-05 -8.32323e-06 -9.49427e-05 0.000264846)
(0.000251503 -1.44448e-06 0.000183566 -1.44448e-06 0.000207472 -2.13636e-05 0.000183566 -2.13636e-05 0.00015184)
(0.000516408 -9.73884e-06 0.000200588 -9.73884e-06 0.000880186 0.000456617 0.000200588 0.000456617 0.000689918)
(0.000685161 -0.000258904 -0.000163913 -0.000258904 0.000926346 0.000861791 -0.000163913 0.000861791 0.00176324)
(0.000470935 -0.00027551 -6.79279e-05 -0.00027551 0.000785183 0.00051658 -6.79279e-05 0.00051658 0.000758299)
(0.000759646 -0.000348034 0.000411157 -0.000348034 0.000634696 -0.000386982 0.000411157 -0.000386982 0.000378733)
(0.000553394 -0.000342159 -0.00018164 -0.000342159 0.00037196 0.000240282 -0.00018164 0.000240282 0.00047208)
(0.000128647 -4.98174e-05 0.000131643 -4.98174e-05 0.000266975 -0.000126516 0.000131643 -0.000126516 0.000802717)
(0.000856569 -4.27002e-05 0.000510193 -4.27002e-05 0.00084198 0.000498584 0.000510193 0.000498584 0.00203631)
(0.00125077 0.000110429 -0.000177376 0.000110429 0.00210147 0.0014875 -0.000177376 0.0014875 0.00367378)
(0.00147435 -0.000460814 -0.000412954 -0.000460814 0.00129093 0.00126045 -0.000412954 0.00126045 0.00514575)
(0.00121924 -0.000261689 -0.000353319 -0.000261689 0.000346724 0.000166018 -0.000353319 0.000166018 0.00323639)
(0.00062113 -3.57162e-06 -0.000307085 -3.57162e-06 0.000290189 -0.000212894 -0.000307085 -0.000212894 0.00169101)
(0.000358453 0.00010643 3.52487e-05 0.00010643 0.000526536 -9.7421e-05 3.52487e-05 -9.7421e-05 0.000846136)
(0.000368778 0.000125833 0.000267131 0.000125833 0.00107865 0.000358992 0.000267131 0.000358992 0.000505108)
(0.000330529 4.68604e-05 0.000132025 4.68604e-05 0.000725742 0.000161141 0.000132025 0.000161141 0.000324899)
(0.000533205 0.00023696 0.000264103 0.00023696 0.000624241 7.24327e-05 0.000264103 7.24327e-05 0.000468217)
(0.0019245 0.00130601 0.00116838 0.00130601 0.00252514 0.00104442 0.00116838 0.00104442 0.00232604)
(0.00221178 0.00105143 0.000853201 0.00105143 0.0020229 0.00109928 0.000853201 0.00109928 0.00418778)
(0.00178216 0.000611736 0.000933524 0.000611736 0.00101762 0.000652336 0.000933524 0.000652336 0.0030254)
(0.000521146 7.18841e-05 0.000328973 7.18841e-05 0.000249604 0.000182191 0.000328973 0.000182191 0.000496902)
(0.000258372 -2.57837e-05 0.00013009 -2.57837e-05 0.000178922 4.50499e-05 0.00013009 4.50499e-05 0.000113311)
(0.000217975 0.000316227 1.18343e-05 0.000316227 0.00130718 3.33888e-05 1.18343e-05 3.33888e-05 0.000148637)
(-0.000202477 0.000130282 -4.18648e-05 0.000130282 0.0024115 -0.000491883 -4.18648e-05 -0.000491883 0.000575385)
(4.41286e-05 -4.64348e-05 2.47899e-05 -4.64348e-05 0.000325047 -0.000373949 2.47899e-05 -0.000373949 0.000806176)
(6.95209e-05 2.60966e-05 2.02227e-05 2.60966e-05 0.000307081 -0.000151942 2.02227e-05 -0.000151942 0.000150006)
(0.000593381 0.000332982 0.00018395 0.000332982 0.00106735 0.000440426 0.00018395 0.000440426 0.000615395)
(0.000690731 0.000241787 0.000103146 0.000241787 0.000726529 0.000461187 0.000103146 0.000461187 0.00114754)
(0.000676572 0.000273881 -0.000201285 0.000273881 0.000332301 -2.27047e-05 -0.000201285 -2.27047e-05 0.000866514)
(0.00100712 0.000450135 -0.000197919 0.000450135 0.000454885 -0.000256407 -0.000197919 -0.000256407 0.00160828)
(0.00212936 0.000492079 0.000583585 0.000492079 0.000702372 -0.000226168 0.000583585 -0.000226168 0.003757)
(0.00234707 0.000684441 0.000889309 0.000684441 0.000879346 0.000473052 0.000889309 0.000473052 0.00445228)
(0.000606266 0.000216468 0.000408228 0.000216468 0.000378249 0.00020784 0.000408228 0.00020784 0.000885969)
(0.000492771 -6.30235e-05 0.000207014 -6.30235e-05 0.00017609 0.000183948 0.000207014 0.000183948 0.00103587)
(0.00177401 -2.16896e-05 -0.000340261 -2.16896e-05 0.00226684 0.00174827 -0.000340261 0.00174827 0.00494944)
(0.00150434 -0.000465281 -0.000908077 -0.000465281 0.00319399 0.00203805 -0.000908077 0.00203805 0.00331788)
(0.000408465 -0.000262199 -0.000109683 -0.000262199 0.000287319 0.000156104 -0.000109683 0.000156104 0.000270707)
(0.000611203 0.000387269 0.000462176 0.000387269 0.000715333 0.000251115 0.000462176 0.000251115 0.000408677)
(0.00139682 0.000749015 0.000445129 0.000749015 0.00252141 0.00149527 0.000445129 0.00149527 0.00289479)
(0.00148582 0.000224461 -0.000328748 0.000224461 0.00130962 0.001103 -0.000328748 0.001103 0.00380546)
(0.00126414 0.00047573 -0.000620007 0.00047573 0.000704748 -1.80276e-05 -0.000620007 -1.80276e-05 0.00260709)
(0.000980234 0.000249464 -0.000381868 0.000249464 0.00122915 -3.16631e-05 -0.000381868 -3.16631e-05 0.00180944)
(0.00055044 0.000132055 -4.93256e-05 0.000132055 0.000935693 -0.000137008 -4.93256e-05 -0.000137008 0.000563285)
(0.000245377 -1.9988e-05 9.60631e-05 -1.9988e-05 0.000433169 -7.36015e-05 9.60631e-05 -7.36015e-05 0.000220122)
(0.000210725 -9.84566e-05 0.000157202 -9.84566e-05 0.000365404 4.63491e-05 0.000157202 4.63491e-05 0.000259605)
(0.000344761 -0.000122321 -1.74716e-05 -0.000122321 0.000260409 9.15425e-05 -1.74716e-05 9.15425e-05 0.000350016)
(0.000348256 8.57431e-05 -0.000318631 8.57431e-05 0.000305212 -0.000137805 -0.000318631 -0.000137805 0.000584283)
(0.000382803 -0.000170147 0.000181148 -0.000170147 0.000838453 0.000258849 0.000181148 0.000258849 0.000530126)
(0.00190513 0.000854807 0.000495289 0.000854807 0.00378817 0.00137599 0.000495289 0.00137599 0.0017241)
(0.00093035 0.000302843 0.000354651 0.000302843 0.00192766 0.000841775 0.000354651 0.000841775 0.00118232)
(0.000356456 3.11527e-05 8.45082e-06 3.11527e-05 0.000396929 -0.000196032 8.45082e-06 -0.000196032 0.000930625)
(0.000544504 0.000415481 -0.000231756 0.000415481 0.00116744 -0.000380316 -0.000231756 -0.000380316 0.000682075)
(0.00131838 0.000550593 0.00101233 0.000550593 0.000858746 0.000168527 0.00101233 0.000168527 0.00159644)
(0.00142847 0.000360319 0.00127762 0.000360319 0.00055997 0.000205928 0.00127762 0.000205928 0.00251059)
(0.000543205 4.03309e-05 0.000380002 4.03309e-05 0.000188609 6.05248e-05 0.000380002 6.05248e-05 0.00072442)
(0.00047335 0.000414529 0.00031741 0.000414529 0.000994153 -0.000110903 0.00031741 -0.000110903 0.000524411)
(0.000751298 -0.000461479 0.000605846 -0.000461479 0.00286202 -0.00172065 0.000605846 -0.00172065 0.00172129)
(0.00432774 -0.000764049 0.00203401 -0.000764049 0.00249045 -0.00206369 0.00203401 -0.00206369 0.00605581)
(0.00495472 -0.000667467 0.00154701 -0.000667467 0.00368924 -0.00234388 0.00154701 -0.00234388 0.00621579)
(0.00141254 -0.000298553 0.000254821 -0.000298553 0.00294625 -0.000862464 0.000254821 -0.000862464 0.000845165)
(0.00146402 0.000652644 -0.000223227 0.000652644 0.00326114 0.00184817 -0.000223227 0.00184817 0.00235465)
(0.000713717 0.000250185 -0.000386099 0.000250185 0.00225724 0.00116879 -0.000386099 0.00116879 0.00158025)
(0.000534743 -0.000303695 -7.91298e-05 -0.000303695 0.00066949 0.000252205 -7.91298e-05 0.000252205 0.00013783)
(0.000824707 0.000148177 0.000176965 0.000148177 0.00189752 0.000856115 0.000176965 0.000856115 0.000999329)
(0.000827866 0.00030294 6.35702e-05 0.00030294 0.00220662 0.00115245 6.35702e-05 0.00115245 0.00120156)
(0.000358082 -0.000154719 3.68822e-05 -0.000154719 0.000901686 0.000327602 3.68822e-05 0.000327602 0.000200847)
(0.000333487 -4.23631e-05 7.20341e-05 -4.23631e-05 0.000307473 -7.84146e-05 7.20341e-05 -7.84146e-05 6.64337e-05)
(0.000315258 2.14931e-05 -5.21746e-05 2.14931e-05 0.000385996 -6.14952e-06 -5.21746e-05 -6.14952e-06 0.000186466)
(0.000507933 -0.000130199 -0.000109127 -0.000130199 0.000990751 0.000249753 -0.000109127 0.000249753 0.000244374)
(0.000820841 0.000211508 9.24645e-05 0.000211508 0.00152996 0.000748076 9.24645e-05 0.000748076 0.00116118)
(0.00148483 0.00103337 0.000734184 0.00103337 0.00247963 0.00120209 0.000734184 0.00120209 0.00251862)
(0.00164478 0.000534517 0.000858853 0.000534517 0.000699525 0.000320341 0.000858853 0.000320341 0.00269349)
(0.00179383 -4.57652e-06 6.31064e-05 -4.57652e-06 0.00108382 -0.000909822 6.31064e-05 -0.000909822 0.00233542)
(0.000739177 0.000271955 -3.43239e-05 0.000271955 0.000629125 -0.000396551 -3.43239e-05 -0.000396551 0.000508798)
(0.000528398 6.76047e-05 0.000296155 6.76047e-05 0.000793727 0.000503403 0.000296155 0.000503403 0.000819348)
(0.000739585 -0.000643949 -0.000367716 -0.000643949 0.00113762 0.000907944 -0.000367716 0.000907944 0.00128748)
(0.000692681 -0.000651728 -0.000215364 -0.000651728 0.000801447 0.000480643 -0.000215364 0.000480643 0.000610144)
(0.000760671 -0.000277647 0.000180649 -0.000277647 0.000834074 -0.000356292 0.000180649 -0.000356292 0.000236393)
(0.00147184 0.000170104 -0.000126566 0.000170104 0.00121743 -0.00104559 -0.000126566 -0.00104559 0.00191033)
(0.00290069 0.000561415 -3.6967e-05 0.000561415 0.0015147 -0.00153105 -3.6967e-05 -0.00153105 0.00440705)
(0.00260083 0.000492657 0.000118414 0.000492657 0.000953994 0.000422471 0.000118414 0.000422471 0.00596002)
(0.00129006 0.000739362 0.000383569 0.000739362 0.00221931 0.00104371 0.000383569 0.00104371 0.00218424)
(0.000491716 8.11629e-05 4.91114e-05 8.11629e-05 0.0011642 4.16497e-05 4.91114e-05 4.16497e-05 0.000286173)
(0.000332366 0.000145286 0.000121906 0.000145286 0.000648165 8.84756e-06 0.000121906 8.84756e-06 0.000259987)
(0.000375676 0.000277158 1.13882e-05 0.000277158 0.000917794 -9.69265e-05 1.13882e-05 -9.69265e-05 0.000401918)
(0.000290841 0.000384563 -0.0002332 0.000384563 0.00135319 -0.000299641 -0.0002332 -0.000299641 0.000745796)
(0.000194975 6.06105e-05 0.00012468 6.06105e-05 0.000585853 -5.87665e-05 0.00012468 -5.87665e-05 0.000202244)
(0.00166612 0.000894082 0.000389658 0.000894082 0.00417717 0.00115921 0.000389658 0.00115921 0.00149962)
(0.00099124 0.000558659 0.000378277 0.000558659 0.00176482 0.000699845 0.000378277 0.000699845 0.00128441)
(0.00038205 0.000262816 -0.000356058 0.000262816 0.000659269 -0.000392552 -0.000356058 -0.000392552 0.000841145)
(0.000689335 0.00051768 -0.000694565 0.00051768 0.00135451 -0.000388263 -0.000694565 -0.000388263 0.00151636)
(0.000262389 0.000357038 -0.000193167 0.000357038 0.00140938 -0.000404927 -0.000193167 -0.000404927 0.000415222)
(0.000757077 0.000256577 -7.90851e-05 0.000256577 0.000665248 -0.000282065 -7.90851e-05 -0.000282065 0.000879809)
(0.00113708 0.000292287 0.000288837 0.000292287 0.000728934 -0.000102756 0.000288837 -0.000102756 0.0018989)
(0.000817698 0.000181857 0.000406776 0.000181857 0.000855259 0.000334905 0.000406776 0.000334905 0.000619571)
(0.00278074 0.000621108 0.000221796 0.000621108 0.00393577 0.00214757 0.000221796 0.00214757 0.00360222)
(0.000696627 2.83206e-05 0.000241553 2.83206e-05 0.00269924 0.000656363 0.000241553 0.000656363 0.00105252)
(0.00114375 9.31825e-05 0.000476062 9.31825e-05 0.00102253 -0.000157962 0.000476062 -0.000157962 0.00116256)
(0.00160657 -1.24872e-05 0.000419114 -1.24872e-05 0.00114209 -0.000529528 0.000419114 -0.000529528 0.0019972)
(0.000968351 -0.000796031 0.000283668 -0.000796031 0.00233573 -0.000373569 0.000283668 -0.000373569 0.000232187)
(0.00309508 -0.00208049 -0.000547142 -0.00208049 0.00705204 0.00166549 -0.000547142 0.00166549 0.003415)
(0.00211968 -0.00220146 -0.000340306 -0.00220146 0.00709927 0.000716859 -0.000340306 0.000716859 0.00256262)
(0.0015141 -0.00276719 -0.000313804 -0.00276719 0.00843059 -0.00090236 -0.000313804 -0.00090236 0.00368094)
(0.00291641 -0.00277893 -0.000310331 -0.00277893 0.00850774 0.000149207 -0.000310331 0.000149207 0.00417082)
(0.0022499 -0.00038669 -0.000444333 -0.00038669 0.00565374 0.00181129 -0.000444333 0.00181129 0.00328736)
(0.00069877 -7.16588e-05 -0.000841195 -7.16588e-05 0.00272494 0.00123749 -0.000841195 0.00123749 0.00226812)
(0.00118198 -0.00074973 -0.000555054 -0.00074973 0.00543219 0.000896935 -0.000555054 0.000896935 0.00249578)
(0.00108174 -0.000522188 -0.000453538 -0.000522188 0.00444292 0.000932595 -0.000453538 0.000932595 0.00187418)
(0.000175117 0.000112354 6.69891e-05 0.000112354 0.000387287 -5.03333e-05 6.69891e-05 -5.03333e-05 6.64968e-05)
(0.000755026 0.000162701 0.000130364 0.000162701 0.000652966 0.00051017 0.000130364 0.00051017 0.00133894)
(0.00159216 0.000663603 0.000203252 0.000663603 0.00142647 0.00103265 0.000203252 0.00103265 0.00321101)
(0.00120147 0.000496143 -0.000290534 0.000496143 0.000740169 -0.000440588 -0.000290534 -0.000440588 0.00113287)
(0.000541034 7.97343e-05 0.000303205 7.97343e-05 0.00327371 -0.000748041 0.000303205 -0.000748041 0.000876068)
(0.000660974 2.51727e-05 6.06086e-05 2.51727e-05 0.00199276 0.000740638 6.06086e-05 0.000740638 0.000824394)
(0.00147943 -0.000104229 -7.25994e-05 -0.000104229 0.00142849 0.00123297 -7.25994e-05 0.00123297 0.00384618)
(0.00184903 -0.000625489 -0.000863808 -0.000625489 0.00116923 0.00165744 -0.000863808 0.00165744 0.00374255)
(0.00211461 -0.00102455 -0.00098206 -0.00102455 0.00420325 0.00199423 -0.00098206 0.00199423 0.00259511)
(0.00157191 -0.00218984 2.35643e-05 -0.00218984 0.00731982 -0.000506837 2.35643e-05 -0.000506837 0.00222227)
(0.000873919 -0.00102586 0.000180724 -0.00102586 0.00576843 -0.00216352 0.000180724 -0.00216352 0.0025337)
(0.00113195 0.000213511 0.000146924 0.000213511 0.00100819 -0.00101766 0.000146924 -0.00101766 0.00153795)
(0.00215849 0.00103817 0.000847096 0.00103817 0.00383803 0.00126694 0.000847096 0.00126694 0.00208952)
