/*--------------------------------*- C++ -*----------------------------------*\
  =========                 |
  \\      /  F ield         | OpenFOAM: The Open Source CFD Toolbox
   \\    /   O peration     | Website:  https://openfoam.org
    \\  /    A nd           | Version:  10
     \\/     M anipulation  |
\*---------------------------------------------------------------------------*/
FoamFile
{
    format      ascii;
    class       volTensorField;
    location    "8";
    object      TauNN;
}
// * * * * * * * * * * * * * * * * * * * * * * * * * * * * * * * * * * * * * //

dimensions      [0 2 -2 0 0 0 0];

internalField   nonuniform List<tensor> 
25600
(
(0.000284874 7.51559e-05 0.000100793 7.51559e-05 0.0001681 -7.91522e-05 0.000100793 -7.91522e-05 6.23923e-05)
(0.000239527 8.03666e-05 0.000115845 8.03666e-05 0.000154139 -4.13647e-05 0.000115845 -4.13647e-05 1.21793e-05)
(0.000242056 5.70631e-05 0.00014446 5.70631e-05 0.000151293 -3.10102e-05 0.00014446 -3.10102e-05 5.23193e-05)
(0.000222742 2.21962e-05 0.000158028 2.21962e-05 0.000136713 -2.91904e-05 0.000158028 -2.91904e-05 0.000114994)
(0.000276952 1.50092e-05 0.00021106 1.50092e-05 0.000134303 -6.65896e-06 0.00021106 -6.65896e-06 0.00021149)
(0.000328685 2.33557e-05 0.000203926 2.33557e-05 0.000110593 1.56313e-05 0.000203926 1.56313e-05 0.000227976)
(0.000253828 2.80887e-06 0.000103905 2.80887e-06 6.05412e-05 1.59759e-05 0.000103905 1.59759e-05 0.000145276)
(0.000188155 -1.42558e-05 7.07461e-05 -1.42558e-05 5.60982e-05 6.95921e-05 7.07461e-05 6.95921e-05 0.000202543)
(0.000237234 -1.70702e-05 0.000146539 -1.70702e-05 9.70867e-05 0.00012311 0.000146539 0.00012311 0.000398877)
(0.000281977 -3.99034e-05 0.000227006 -3.99034e-05 0.000149888 0.000119299 0.000227006 0.000119299 0.000460498)
(0.000216895 -6.61537e-05 0.000193199 -6.61537e-05 0.000156811 4.68828e-05 0.000193199 4.68828e-05 0.000347481)
(0.000151268 -6.00182e-05 0.000114551 -6.00182e-05 0.000174259 -1.6436e-05 0.000114551 -1.6436e-05 0.000226961)
(0.000138609 -2.23033e-05 5.89769e-05 -2.23033e-05 0.000231123 -4.2499e-05 5.89769e-05 -4.2499e-05 0.00018393)
(0.000160616 3.96045e-05 2.88198e-05 3.96045e-05 0.000283065 -5.68023e-05 2.88198e-05 -5.68023e-05 0.000168871)
(0.000191363 8.6735e-05 3.95533e-05 8.6735e-05 0.000271863 -4.66816e-05 3.95533e-05 -4.66816e-05 0.000130831)
(0.000249804 0.000108875 9.68389e-05 0.000108875 0.000257682 -1.85454e-05 9.68389e-05 -1.85454e-05 9.00463e-05)
(0.00037569 0.0001145 0.000218116 0.0001145 0.000252856 2.17957e-05 0.000218116 2.17957e-05 0.000188758)
(0.000492548 0.000138916 0.000337902 0.000138916 0.000231563 7.76639e-05 0.000337902 7.76639e-05 0.000434944)
(0.000516999 0.000170797 0.000351632 0.000170797 0.000252393 0.000157647 0.000351632 0.000157647 0.000622685)
(0.000420701 0.000130833 0.000276294 0.000130833 0.000250292 0.000163247 0.000276294 0.000163247 0.000500008)
(0.000270479 6.71502e-05 0.000174748 6.71502e-05 0.000209751 9.71369e-05 0.000174748 9.71369e-05 0.000206197)
(0.000162005 5.63655e-05 9.00626e-05 5.63655e-05 0.00018792 1.85166e-05 9.00626e-05 1.85166e-05 5.49984e-05)
(0.000119817 6.10799e-05 5.99772e-05 6.10799e-05 0.000144349 -2.40635e-05 5.99772e-05 -2.40635e-05 1.21175e-05)
(0.000124076 5.74822e-05 6.66827e-05 5.74822e-05 0.000112613 -2.51113e-05 6.66827e-05 -2.51113e-05 -5.50727e-06)
(0.000153462 5.21978e-05 0.000100821 5.21978e-05 8.31445e-05 -1.04615e-05 0.000100821 -1.04615e-05 6.98702e-06)
(0.000183841 3.47914e-05 0.000141189 3.47914e-05 5.69882e-05 -2.00691e-05 0.000141189 -2.00691e-05 4.08168e-05)
(0.000189259 1.47978e-05 0.000142711 1.47978e-05 8.59723e-05 -3.96259e-05 0.000142711 -3.96259e-05 1.82851e-05)
(0.000187985 -6.43171e-06 0.00014216 -6.43171e-06 0.000177316 2.97278e-06 0.00014216 2.97278e-06 8.68118e-06)
(0.000217828 -8.84105e-06 0.000162092 -8.84105e-06 0.000284063 8.21874e-05 0.000162092 8.21874e-05 7.13145e-05)
(0.000235719 -2.88282e-05 0.000171355 -2.88282e-05 0.00030761 0.000121502 0.000171355 0.000121502 0.000127854)
(0.000203787 -4.00171e-05 0.000157575 -4.00171e-05 0.000224242 7.91997e-05 0.000157575 7.91997e-05 0.000100822)
(0.000154052 -3.24836e-05 0.000130988 -3.24836e-05 0.000154201 3.59016e-05 0.000130988 3.59016e-05 5.75938e-05)
(0.000113643 -8.9407e-06 9.49092e-05 -8.9407e-06 0.000129095 5.16884e-07 9.49092e-05 5.16884e-07 4.58513e-05)
(0.000105058 1.43042e-05 7.68388e-05 1.43042e-05 0.000153394 -3.2058e-05 7.68388e-05 -3.2058e-05 8.10336e-05)
(0.000114213 2.21524e-05 7.4042e-05 2.21524e-05 0.000182184 -4.84735e-05 7.4042e-05 -4.84735e-05 9.013e-05)
(0.000130443 2.31545e-05 6.94953e-05 2.31545e-05 0.000180856 -3.50382e-05 6.94953e-05 -3.50382e-05 5.52851e-05)
(0.000188141 1.44551e-05 9.58303e-05 1.44551e-05 0.000187416 -2.61283e-05 9.58303e-05 -2.61283e-05 4.66732e-06)
(0.000342321 1.91573e-05 0.000161027 1.91573e-05 0.000227433 -5.74989e-05 0.000161027 -5.74989e-05 9.70274e-05)
(0.000487124 4.42173e-05 0.000212252 4.42173e-05 0.000249779 -9.46773e-05 0.000212252 -9.46773e-05 0.000252819)
(0.000435552 6.8198e-05 0.000161083 6.8198e-05 0.000213611 -0.00010846 0.000161083 -0.00010846 0.000227612)
(0.000231133 -1.60066e-05 0.000138494 -1.60066e-05 0.000434724 0.000149393 0.000138494 0.000149393 0.000130532)
(0.000258252 9.53022e-06 0.000142003 9.53022e-06 0.000328127 0.000186246 0.000142003 0.000186246 0.000364749)
(0.000210773 -7.29412e-06 0.00010388 -7.29412e-06 0.000167327 4.46523e-05 0.00010388 4.46523e-05 0.000321381)
(0.000190565 1.44113e-05 4.94244e-05 1.44113e-05 0.000144312 -4.43691e-05 4.94244e-05 -4.43691e-05 0.000162415)
(0.000247355 4.41344e-05 0.000130845 4.41344e-05 0.000169761 2.26591e-06 0.000130845 2.26591e-06 0.00016855)
(0.000234792 1.41077e-05 0.000166782 1.41077e-05 9.4165e-05 9.66992e-06 0.000166782 9.66992e-06 0.000105321)
(0.000238766 1.78441e-06 0.000160707 1.78441e-06 0.000145456 -2.01724e-06 0.000160707 -2.01724e-06 4.53382e-05)
(0.000287974 1.83443e-05 0.00018504 1.83443e-05 0.000269643 4.58099e-05 0.00018504 4.58099e-05 9.06664e-05)
(0.000301389 5.20796e-06 0.000188952 5.20796e-06 0.000297473 6.65225e-05 0.000188952 6.65225e-05 0.000130052)
(0.000254547 -3.22303e-05 0.000137149 -3.22303e-05 0.000249239 1.77622e-05 0.000137149 1.77622e-05 8.05988e-05)
(0.00023046 -2.08793e-05 0.000112269 -2.08793e-05 0.000184828 -3.75509e-06 0.000112269 -3.75509e-06 4.05671e-05)
(0.000265636 4.91804e-05 0.000148695 4.91804e-05 0.000176083 3.36394e-05 0.000148695 3.36394e-05 9.37378e-05)
(0.000281514 0.000132262 0.000161486 0.000132262 0.00026644 8.47233e-05 0.000161486 8.47233e-05 0.000149106)
(0.000230375 0.000133667 0.000106686 0.000133667 0.000358386 8.50428e-05 0.000106686 8.50428e-05 0.000100576)
(0.000243406 8.83946e-05 8.99667e-05 8.83946e-05 0.000355832 6.2474e-05 8.99667e-05 6.2474e-05 8.35934e-05)
(0.000315109 8.96286e-05 0.000111236 8.96286e-05 0.000252315 3.08454e-05 0.000111236 3.08454e-05 0.000144017)
(0.000392024 9.21469e-05 0.000158927 9.21469e-05 0.00022377 -7.9588e-05 0.000158927 -7.9588e-05 0.00028622)
(0.000509883 1.66055e-05 0.00025567 1.66055e-05 0.000311339 -0.000259952 0.00025567 -0.000259952 0.000459358)
(0.000526241 -2.14307e-05 0.000291275 -2.14307e-05 0.000346177 -0.00032384 0.000291275 -0.00032384 0.00045551)
(0.000410726 2.22297e-05 0.000256039 2.22297e-05 0.000217497 -0.00016103 0.000256039 -0.00016103 0.000291756)
(0.000300715 5.96642e-05 0.00020908 5.96642e-05 0.000220614 4.65661e-09 0.00020908 4.65661e-09 0.0001391)
(0.000247771 7.81445e-05 0.000162305 7.81445e-05 0.000199791 1.60364e-05 0.000162305 1.60364e-05 6.169e-05)
(0.0002554 5.92414e-05 0.000141373 5.92414e-05 0.000138468 -7.10171e-05 0.000141373 -7.10171e-05 1.76417e-05)
(0.00038937 6.68718e-05 0.000174883 6.68718e-05 0.000620198 -9.92212e-05 0.000174883 -9.92212e-05 4.32613e-05)
(0.000512971 0.000212778 0.000237353 0.000212778 0.00151354 0.000171063 0.000237353 0.000171063 0.000235812)
(0.000722129 0.000327253 0.000214048 0.000327253 0.00229657 0.000710835 0.000214048 0.000710835 0.000674145)
(0.000960413 0.000290619 6.09849e-05 0.000290619 0.00265737 0.0011928 6.09849e-05 0.0011928 0.00125941)
(0.000834091 0.000176878 2.06055e-05 0.000176878 0.00237123 0.00110546 2.06055e-05 0.00110546 0.00120365)
(0.000543164 1.65859e-05 0.000160013 1.65859e-05 0.00181445 0.000505901 0.000160013 0.000505901 0.000501478)
(0.000519584 -0.000137047 0.000199538 -0.000137047 0.00121858 -0.000137695 0.000199538 -0.000137695 0.00011998)
(0.000609745 -0.000111253 0.000163012 -0.000111253 0.000738373 -0.000357079 0.000163012 -0.000357079 0.000242201)
(0.000475224 -7.8964e-05 0.000165899 -7.8964e-05 0.000475387 -0.000226783 0.000165899 -0.000226783 0.000140879)
(0.000243234 -8.54041e-05 0.000127722 -8.54041e-05 0.000344013 -3.37698e-06 0.000127722 -3.37698e-06 3.00745e-06)
(0.000199604 -6.18426e-05 8.83294e-05 -6.18426e-05 0.000302759 0.000208455 8.83294e-05 0.000208455 0.000277891)
(0.000301118 -6.2516e-05 0.000119956 -6.2516e-05 0.000385645 0.000337914 0.000119956 0.000337914 0.000548653)
(0.000279153 -7.46008e-05 0.000170124 -7.46008e-05 0.000394906 0.000234678 0.000170124 0.000234678 0.000305923)
(0.000270649 -7.64104e-05 0.000151556 -7.64104e-05 0.000394294 1.81338e-05 0.000151556 1.81338e-05 3.08658e-05)
(0.000386905 -5.74617e-05 0.000119539 -5.74617e-05 0.000407681 -0.000151966 0.000119539 -0.000151966 7.31815e-05)
(0.000443163 -5.55189e-05 0.000130216 -5.55189e-05 0.000415145 -0.000191795 0.000130216 -0.000191795 0.000121181)
(0.000296178 -5.73397e-05 0.000131789 -5.73397e-05 0.000428036 -6.05136e-05 0.000131789 -6.05136e-05 -1.65104e-05)
(0.000381821 -4.0656e-05 0.000132107 -4.0656e-05 0.000361395 -0.000152295 0.000132107 -0.000152295 0.000105439)
(0.0002877 3.20263e-05 0.000144297 3.20263e-05 0.000227895 -4.7219e-05 0.000144297 -4.7219e-05 0.000126403)
(0.000348321 9.44175e-05 0.000224659 9.44175e-05 0.00034088 0.000100838 0.000224659 0.000100838 0.000302756)
(0.00037781 0.000110455 0.000294862 0.000110455 0.000316292 0.000164448 0.000294862 0.000164448 0.000387197)
(0.000274487 3.96427e-05 0.000207668 3.96427e-05 0.000145329 3.84124e-05 0.000207668 3.84124e-05 0.000183571)
(0.000266976 2.48393e-05 0.000141928 2.48393e-05 0.000188161 -4.17456e-05 0.000141928 -4.17456e-05 5.39449e-05)
(0.000320821 1.79969e-05 0.000126645 1.79969e-05 0.000293334 -6.26286e-05 0.000126645 -6.26286e-05 6.73541e-05)
(0.000359004 2.96626e-05 0.000109511 2.96626e-05 0.000312958 -9.91188e-05 0.000109511 -9.91188e-05 0.000101685)
(0.000362905 3.92627e-05 0.000116999 3.92627e-05 0.000304253 -0.000107178 0.000116999 -0.000107178 0.000109485)
(0.000287748 6.33672e-06 0.000140133 6.33672e-06 0.000294625 -7.16569e-05 0.000140133 -7.16569e-05 6.43334e-05)
(0.000184423 -3.29874e-05 0.000106347 -3.29874e-05 0.000205563 -9.86643e-06 0.000106347 -9.86643e-06 8.08018e-05)
(0.000170067 -3.22014e-05 -1.24043e-05 -3.22014e-05 0.000152265 1.24685e-05 -1.24043e-05 1.24685e-05 0.00017165)
(0.000177499 -3.2804e-05 -4.1984e-05 -3.2804e-05 0.000171884 7.02776e-05 -4.1984e-05 7.02776e-05 0.000179491)
(0.00015093 -4.59617e-05 6.18622e-05 -4.59617e-05 0.000210119 0.000106792 6.18622e-05 0.000106792 8.01159e-05)
(0.000221701 8.19936e-06 0.000159889 8.19936e-06 0.000302355 4.33875e-05 0.000159889 4.33875e-05 1.61739e-05)
(0.000373644 0.000101242 0.000141608 0.000101242 0.000384357 -6.44904e-05 0.000141608 -6.44904e-05 0.000101914)
(0.000404374 0.000101961 8.63075e-05 0.000101961 0.00032425 -9.98201e-05 8.63075e-05 -9.98201e-05 0.000220574)
(0.000366018 6.18007e-05 0.000146503 6.18007e-05 0.000250399 -6.69509e-05 0.000146503 -6.69509e-05 0.000285204)
(0.000496754 7.31479e-05 0.000294238 7.31479e-05 0.000263391 -3.90615e-05 0.000294238 -3.90615e-05 0.000340754)
(0.000661942 6.52866e-05 0.000412419 6.52866e-05 0.000254111 -6.53993e-05 0.000412419 -6.53993e-05 0.000385614)
(0.000447372 -5.09797e-05 0.00025548 -5.09797e-05 0.000262534 -0.000210893 0.00025548 -0.000210893 0.000174995)
(0.000508172 0.000210728 0.000124651 0.000210728 0.000812628 -0.000244247 0.000124651 -0.000244247 0.000143511)
(0.000898916 0.000622991 0.00018917 0.000622991 0.00161452 -0.000127762 0.00018917 -0.000127762 0.00036532)
(0.000984033 0.00070932 0.000230223 0.00070932 0.00195037 -0.000142898 0.000230223 -0.000142898 0.000487001)
(0.000815571 0.000433344 0.000164038 0.000433344 0.00181036 -0.000289856 0.000164038 -0.000289856 0.000465967)
(0.000721887 0.000112173 0.000125295 0.000112173 0.00156884 -0.000348651 0.000125295 -0.000348651 0.000422705)
(0.000647986 -3.15532e-05 0.000123302 -3.15532e-05 0.00117882 -0.000327358 0.000123302 -0.000327358 0.000374748)
(0.000726401 -5.12851e-05 0.000126842 -5.12851e-05 0.000947607 -0.000389332 0.000126842 -0.000389332 0.000491193)
(0.000889 -6.33672e-05 0.000141207 -6.33672e-05 0.000944337 -0.000505945 0.000141207 -0.000505945 0.000776402)
(0.00101876 -9.25204e-05 0.000214482 -9.25204e-05 0.000933005 -0.000596988 0.000214482 -0.000596988 0.00104808)
(0.000976323 -0.000185397 0.000254579 -0.000185397 0.000963511 -0.000671913 0.000254579 -0.000671913 0.000974831)
(0.000709216 -0.000229917 0.000223074 -0.000229917 0.000974708 -0.000573421 0.000223074 -0.000573421 0.000525658)
(0.000510947 -0.000146143 0.000197906 -0.000146143 0.000912463 -0.00040835 0.000197906 -0.00040835 0.000266902)
(0.000459644 -2.72859e-05 0.00016857 -2.72859e-05 0.000830571 -0.000275158 0.00016857 -0.000275158 0.000183245)
(0.000475941 8.12765e-06 0.000140305 8.12765e-06 0.000716889 -0.000208571 0.000140305 -0.000208571 0.000182375)
(0.000470854 5.99772e-06 0.00011397 5.99772e-06 0.000555817 -0.000196585 0.00011397 -0.000196585 0.00022732)
(0.000484569 1.74847e-05 0.000135985 1.74847e-05 0.000463483 -0.000175127 0.000135985 -0.000175127 0.00029687)
(0.000574192 3.08342e-05 0.000214964 3.08342e-05 0.000411392 -0.00015173 0.000214964 -0.00015173 0.00042305)
(0.000633515 -5.55227e-05 0.000228854 -5.55227e-05 0.000485507 -0.000230427 0.000228854 -0.000230427 0.000427459)
(0.000556501 -0.000110129 0.000162967 -0.000110129 0.00057345 -0.000253084 0.000162967 -0.000253084 0.00023324)
(0.000593713 0.000172976 0.000389274 0.000172976 0.00045084 0.000105981 0.000389274 0.000105981 0.000600741)
(0.0008208 0.000240383 0.000492712 0.000240383 0.000626863 0.000138201 0.000492712 0.000138201 0.000968824)
(0.00065478 0.000151905 0.000260063 0.000151905 0.000498597 -3.3061e-05 0.000260063 -3.3061e-05 0.000735532)
(0.000363608 7.24932e-05 9.43746e-05 7.24932e-05 0.000303512 -9.23714e-05 9.43746e-05 -9.23714e-05 0.000196452)
(0.000260092 3.89861e-05 0.000136509 3.89861e-05 0.000267642 -2.65716e-05 0.000136509 -2.65716e-05 4.13737e-05)
(0.000267733 1.97003e-05 0.00013901 1.97003e-05 0.000266737 -3.38126e-05 0.00013901 -3.38126e-05 3.68674e-05)
(0.000393845 5.83278e-05 0.000106379 5.83278e-05 0.00032968 -0.000131436 0.000106379 -0.000131436 0.000126249)
(0.000578013 0.000144692 3.06843e-05 0.000144692 0.000460475 -0.000260596 3.06843e-05 -0.000260596 0.000340125)
(0.000538197 0.000144413 6.20317e-05 0.000144413 0.000596517 -0.000241693 6.20317e-05 -0.000241693 0.000253181)
(0.000319397 3.03891e-06 0.000155245 3.03891e-06 0.000526861 -1.97031e-05 0.000155245 -1.97031e-05 0.000111188)
(0.000212595 -2.4681e-05 -2.24225e-05 -2.4681e-05 0.000293519 4.26294e-05 -2.24225e-05 4.26294e-05 0.000283543)
(0.000217734 4.07938e-05 -0.000115179 4.07938e-05 0.000266921 -2.61888e-06 -0.000115179 -2.61888e-06 0.000544901)
(0.000185152 -1.20709e-05 6.40703e-05 -1.20709e-05 0.000237141 9.61702e-05 6.40703e-05 9.61702e-05 0.000439561)
(0.000254494 9.16142e-06 0.000188023 9.16142e-06 0.000322052 0.000115971 0.000188023 0.000115971 0.000182438)
(0.000392183 9.02032e-05 0.000192255 9.02032e-05 0.00055976 -2.42516e-05 0.000192255 -2.42516e-05 0.000137322)
(0.000386417 1.77557e-05 0.000180556 1.77557e-05 0.000518929 -0.000166603 0.000180556 -0.000166603 0.000172594)
(0.000374416 -4.99282e-06 0.000219172 -4.99282e-06 0.000282418 -0.000138797 0.000219172 -0.000138797 0.000229891)
(0.00041208 6.9214e-05 0.000260964 6.9214e-05 0.000209376 -4.96879e-05 0.000260964 -4.96879e-05 0.000284163)
(0.000299952 3.63393e-05 0.00019449 3.63393e-05 0.000170471 -5.32717e-05 0.00019449 -5.32717e-05 0.000138595)
(0.000379901 5.31683e-05 0.000195049 5.31683e-05 0.000473774 -9.82163e-05 0.000195049 -9.82163e-05 8.8798e-05)
(0.000729717 0.000443155 0.000361942 0.000443155 0.00184568 9.30494e-05 0.000361942 9.30494e-05 0.000409994)
(0.000799233 0.000501868 0.000370046 0.000501868 0.00257013 3.49879e-05 0.000370046 3.49879e-05 0.000531019)
(0.000660181 0.000216124 0.000218786 0.000216124 0.00166219 -0.000268194 0.000218786 -0.000268194 0.000345828)
(0.000467453 2.81194e-05 0.000144105 2.81194e-05 0.000625792 -0.000248975 0.000144105 -0.000248975 0.000302784)
(0.000414674 4.82192e-05 0.000195704 4.82192e-05 0.000426177 -8.22162e-05 0.000195704 -8.22162e-05 0.000416596)
(0.00048749 0.000115334 0.00020992 0.000115334 0.000704211 3.38862e-05 0.00020992 3.38862e-05 0.000506571)
(0.000550272 0.000206811 0.000205375 0.000206811 0.00134716 0.000102042 0.000205375 0.000102042 0.000579007)
(0.000510727 0.000191228 0.000158868 0.000191228 0.00118959 0.00013511 0.000158868 0.00013511 0.000495544)
(0.000409293 0.000136563 0.000108528 0.000136563 0.000677813 2.9861e-05 0.000108528 2.9861e-05 0.000397844)
(0.000341133 6.13593e-05 0.000119009 6.13593e-05 0.000452319 -2.34554e-05 0.000119009 -2.34554e-05 0.00032356)
(0.00033706 -3.1407e-05 0.000144736 -3.1407e-05 0.000440437 -3.83751e-05 0.000144736 -3.83751e-05 0.000254048)
(0.000353603 -0.000127099 0.000164823 -0.000127099 0.000490064 -4.9537e-05 0.000164823 -4.9537e-05 0.000197711)
(0.000383164 -0.000125634 0.000181807 -0.000125634 0.000457917 -9.64701e-05 0.000181807 -9.64701e-05 0.000165002)
(0.000400866 -3.43705e-05 0.000161855 -3.43705e-05 0.000378161 -8.39857e-05 0.000161855 -8.39857e-05 0.00020656)
(0.000411393 7.79005e-05 0.000167026 7.79005e-05 0.00039066 4.48804e-06 0.000167026 4.48804e-06 0.000281756)
(0.000397352 0.000123705 0.000171238 0.000123705 0.000405288 2.53478e-05 0.000171238 2.53478e-05 0.000260567)
(0.00036049 0.000135539 0.000127107 0.000135539 0.000383685 -2.45282e-05 0.000127107 -2.45282e-05 0.000210015)
(0.000313621 0.000109321 8.1026e-05 0.000109321 0.000371226 -6.69165e-05 8.1026e-05 -6.69165e-05 0.000227066)
(0.000295367 5.98766e-05 0.00010639 5.98766e-05 0.000330499 -5.67092e-05 0.00010639 -5.67092e-05 0.000225833)
(0.00029992 3.82587e-05 0.000152892 3.82587e-05 0.000267592 -4.33298e-05 0.000152892 -4.33298e-05 0.000198263)
(0.000746364 0.000200315 0.000365643 0.000200315 0.000577682 0.00011175 0.000365643 0.00011175 0.000854456)
(0.000579211 0.000117313 0.000119354 0.000117313 0.000598908 -0.000109114 0.000119354 -0.000109114 0.000479192)
(0.000395919 1.22702e-05 0.000128962 1.22702e-05 0.000555449 -0.000104817 0.000128962 -0.000104817 0.000165098)
(0.000294467 -1.5215e-05 0.000156444 -1.5215e-05 0.00048727 1.58884e-06 0.000156444 1.58884e-06 6.37559e-05)
(0.000283881 -1.52159e-05 0.000161723 -1.52159e-05 0.000433626 -3.93139e-05 0.000161723 -3.93139e-05 4.96278e-05)
(0.000360354 3.8432e-05 0.000160803 3.8432e-05 0.000407222 -0.000124232 0.000160803 -0.000124232 0.000119374)
(0.000479107 0.000100805 0.000103502 0.000100805 0.000456854 -0.000169642 0.000103502 -0.000169642 0.000233204)
(0.000378396 4.43365e-05 0.000120026 4.43365e-05 0.000398403 -7.00206e-05 0.000120026 -7.00206e-05 0.000164318)
(0.000188969 -1.62162e-05 0.000117698 -1.62162e-05 0.000260984 1.69016e-05 0.000117698 1.69016e-05 0.000198572)
(0.000209235 9.61442e-05 -0.000128966 9.61442e-05 0.000338626 -0.000116537 -0.000128966 -0.000116537 0.000458476)
(0.000245561 0.00012036 -0.000221656 0.00012036 0.000391274 -0.000178026 -0.000221656 -0.000178026 0.000390479)
(0.000224509 4.68427e-05 3.86043e-05 4.68427e-05 0.000315498 -8.52579e-05 3.86043e-05 -8.52579e-05 6.53005e-05)
(0.000297423 5.42924e-05 0.000128954 5.42924e-05 0.000282964 3.93977e-05 0.000128954 3.93977e-05 0.000166767)
(0.000346798 5.8569e-05 4.11281e-05 5.8569e-05 0.000295506 6.50315e-05 4.11281e-05 6.50315e-05 0.000246239)
(0.000324244 6.11404e-05 4.95603e-05 6.11404e-05 0.000282642 -2.88989e-06 4.95603e-05 -2.88989e-06 0.000167365)
(0.000243537 3.24603e-05 0.000107624 3.24603e-05 0.000260283 -9.50508e-06 0.000107624 -9.50508e-06 0.000107209)
(0.00024411 4.03943e-05 0.000106302 4.03943e-05 0.000253345 -1.05603e-05 0.000106302 -1.05603e-05 0.000147427)
(0.000275101 -8.63709e-06 0.000105305 -8.63709e-06 0.000290405 2.09836e-05 0.000105305 2.09836e-05 0.000197204)
(0.000308108 -0.000130901 0.000161706 -0.000130901 0.000384279 8.69585e-05 0.000161706 8.69585e-05 0.000377367)
(0.000415539 -0.000130636 0.000325136 -0.000130636 0.00046419 0.00018396 0.000325136 0.00018396 0.000674676)
(0.000381464 -6.01038e-05 0.000345819 -6.01038e-05 0.000335389 9.98685e-05 0.000345819 9.98685e-05 0.00059169)
(0.000359949 -1.30441e-05 0.000190517 -1.30441e-05 0.000495529 -4.64022e-05 0.000190517 -4.64022e-05 0.00030633)
(0.000591388 0.000109493 0.00014696 0.000109493 0.00107209 0.000160876 0.00014696 0.000160876 0.00039509)
(0.000964922 0.000391293 0.000539325 0.000391293 0.00165406 0.000639107 0.000539325 0.000639107 0.0012088)
(0.00134382 0.000743048 0.00087098 0.000743048 0.00218274 0.000914448 0.00087098 0.000914448 0.00192714)
(0.00155525 0.00124388 0.000919644 0.00124388 0.00332675 0.00101459 0.000919644 0.00101459 0.001673)
(0.000746842 0.000896263 0.000425417 0.000896263 0.00353885 0.000408426 0.000425417 0.000408426 0.00103732)
(0.000245297 0.000113916 3.11313e-05 0.000113916 0.00206355 -0.000239289 3.11313e-05 -0.000239289 0.000732088)
(0.000261908 -0.000149182 9.9875e-05 -0.000149182 0.000547791 -0.000206223 9.9875e-05 -0.000206223 0.000632397)
(0.000279171 -0.000101608 0.000232289 -0.000101608 0.000353254 1.65068e-05 0.000232289 1.65068e-05 0.000509923)
(0.000237073 -2.00719e-05 0.000141921 -2.00719e-05 0.000408566 -2.14167e-05 0.000141921 -2.14167e-05 0.000294882)
(0.000336092 9.58648e-05 0.000110627 9.58648e-05 0.000462008 -6.85826e-06 0.000110627 -6.85826e-06 0.000261968)
(0.00062567 0.000270927 0.000311587 0.000270927 0.000728445 0.000168233 0.000311587 0.000168233 0.000554279)
(0.000813106 0.000420127 0.000464525 0.000420127 0.000854876 0.000254736 0.000464525 0.000254736 0.000740209)
(0.000517052 0.000218815 0.000264473 0.000218815 0.00042646 6.41346e-05 0.000264473 6.41346e-05 0.000427837)
(0.000231901 1.26464e-05 0.000113938 1.26464e-05 0.000265895 -1.90521e-05 0.000113938 -1.90521e-05 0.000125742)
(0.000330244 -8.83155e-05 6.80396e-05 -8.83155e-05 0.000521753 0.000300787 6.80396e-05 0.000300787 0.000548283)
(0.000390968 -0.000128259 4.73075e-05 -0.000128259 0.000542345 0.000348274 4.73075e-05 0.000348274 0.000665578)
(0.000286675 -0.000114765 0.000181695 -0.000114765 0.000314176 5.47431e-06 0.000181695 5.47431e-06 0.000152053)
(0.000599273 6.84857e-05 0.000379737 6.84857e-05 0.000349193 2.50749e-05 0.000379737 2.50749e-05 0.000518102)
(0.000937789 -7.49305e-05 0.00044119 -7.49305e-05 0.00106497 -0.000539702 0.00044119 -0.000539702 0.000799972)
(0.00061992 7.90833e-05 0.000252001 7.90833e-05 0.00107887 -0.000310314 0.000252001 -0.000310314 0.000407494)
(0.000306439 7.73482e-05 0.000157353 7.73482e-05 0.00081184 4.09549e-05 0.000157353 4.09549e-05 0.000211454)
(0.000336276 8.07913e-05 0.000167091 8.07913e-05 0.000900999 8.82847e-05 0.000167091 8.82847e-05 0.000188339)
(0.000491543 -2.01361e-05 0.000211887 -2.01361e-05 0.00117414 -2.41594e-05 0.000211887 -2.41594e-05 0.00013547)
(0.000539075 -1.83629e-05 0.000126099 -1.83629e-05 0.000712759 -0.000228646 0.000126099 -0.000228646 0.000170871)
(0.000436237 1.3602e-05 0.000118421 1.3602e-05 0.000321889 -4.88516e-05 0.000118421 -4.88516e-05 0.000253008)
(0.000174438 3.78368e-05 5.68731e-05 3.78368e-05 0.000350594 -3.83975e-05 5.68731e-05 -3.83975e-05 0.000107007)
(0.000156014 5.05149e-05 -0.000124614 5.05149e-05 0.000327783 -0.000327204 -0.000124614 -0.000327204 0.00104164)
(0.000541848 -0.000102607 -0.000247996 -0.000102607 0.000289869 -0.000151032 -0.000247996 -0.000151032 0.00226026)
(0.000476465 -0.000158768 -0.000247266 -0.000158768 0.000217295 0.000278036 -0.000247266 0.000278036 0.00135164)
(0.000260704 -0.000172148 0.000121925 -0.000172148 0.000345209 4.31249e-05 0.000121925 4.31249e-05 3.9541e-05)
(0.000569468 -7.82702e-05 0.000105156 -7.82702e-05 0.00059219 -0.000336496 0.000105156 -0.000336496 0.00026643)
(0.000766657 0.000216376 -6.73644e-05 0.000216376 0.000787195 -0.000407785 -6.73644e-05 -0.000407785 0.000422043)
(0.000546537 0.000197392 0.000107197 0.000197392 0.000784955 -0.000136144 0.000107197 -0.000136144 0.000183371)
(0.000199255 -7.5358e-05 0.000123042 -7.5358e-05 0.000381745 6.83721e-05 0.000123042 6.83721e-05 0.000152599)
(0.000141764 -7.53254e-05 -5.15953e-07 -7.53254e-05 0.000163087 1.74185e-05 -5.15953e-07 1.74185e-05 0.00024799)
(0.000110285 -1.68849e-06 -4.06513e-05 -1.68849e-06 0.00027945 -0.000185913 -4.06513e-05 -0.000185913 0.00039382)
(4.47302e-05 3.02121e-06 5.82645e-05 3.02121e-06 0.000625808 -0.000418925 5.82645e-05 -0.000418925 0.000560127)
(0.000119676 7.42655e-05 0.000158177 7.42655e-05 0.000806397 -0.000468668 0.000158177 -0.000468668 0.000757878)
(0.000238412 7.72169e-05 0.000106326 7.72169e-05 0.000968567 -0.000722739 0.000106326 -0.000722739 0.00110505)
(0.00017261 5.64307e-05 -3.01665e-05 5.64307e-05 0.00134111 -0.000809469 -3.01665e-05 -0.000809469 0.000979337)
(2.96505e-05 0.000278813 1.43554e-05 0.000278813 0.00273688 -0.000214849 1.43554e-05 -0.000214849 0.00048526)
(0.000626575 0.000675135 0.000104158 0.000675135 0.00326256 0.000639016 0.000104158 0.000639016 0.000630372)
(0.00143159 0.001154 0.000453573 0.001154 0.0027376 0.00112292 0.000453573 0.00112292 0.00208922)
(0.00175218 0.00108223 0.00070945 0.00108223 0.00201743 0.00117215 0.00070945 0.00117215 0.00304831)
(0.00101548 0.000394216 0.00037065 0.000394216 0.00109394 0.000816339 0.00037065 0.000816339 0.00234483)
(0.00103817 3.79421e-06 -0.00027901 3.79421e-06 0.00076904 0.000559103 -0.00027901 0.000559103 0.00200003)
(0.00131721 0.000307847 -0.000610486 0.000307847 0.0006283 6.07781e-05 -0.000610486 6.07781e-05 0.00196899)
(0.00102742 0.000442052 -0.000225515 0.000442052 0.000805762 -0.000354053 -0.000225515 -0.000354053 0.00122133)
(0.000711051 8.46041e-05 0.000138413 8.46041e-05 0.000803702 -0.000214188 0.000138413 -0.000214188 0.000517786)
(0.00056289 9.78578e-05 0.000140827 9.78578e-05 0.000508123 -4.41372e-05 0.000140827 -4.41372e-05 0.0002587)
(0.000810884 0.000714123 0.000150718 0.000714123 0.00144943 0.000105988 0.000150718 0.000105988 0.000447562)
(0.000927805 0.00053749 0.000276055 0.00053749 0.00198193 0.000521869 0.000276055 0.000521869 0.000833485)
(0.000579798 7.34013e-05 0.000129332 7.34013e-05 0.000484753 -5.7565e-06 0.000129332 -5.7565e-06 0.000908821)
(0.000615767 0.000155118 1.62786e-05 0.000155118 0.000601089 -0.000291027 1.62786e-05 -0.000291027 0.000487991)
(0.000342712 -0.000107639 0.000176837 -0.000107639 0.00073342 6.16955e-05 0.000176837 6.16955e-05 0.000309611)
(0.000453514 -0.00032126 -0.000109567 -0.00032126 0.000496756 0.000490022 -0.000109567 0.000490022 0.00129263)
(0.000381145 -0.000239103 -0.000140637 -0.000239103 0.000349085 0.00031059 -0.000140637 0.00031059 0.000811283)
(0.000478915 -0.000282771 0.000296058 -0.000282771 0.000579998 -0.000124619 0.000296058 -0.000124619 0.000288287)
(0.00116338 0.00016653 0.000614973 0.00016653 0.0016725 -0.00132121 0.000614973 -0.00132121 0.00208076)
(0.000349629 -2.23462e-05 0.000257388 -2.23462e-05 0.000543524 -0.000304509 0.000257388 -0.000304509 0.000532945)
(0.000308481 0.00018793 -0.000110161 0.00018793 0.000649508 -0.000239349 -0.000110161 -0.000239349 0.000806377)
(0.000411568 0.000184361 0.00010329 0.000184361 0.000866792 0.000121893 0.00010329 0.000121893 0.000643514)
(0.000407898 -7.92695e-05 0.000122498 -7.92695e-05 0.00060827 1.69221e-06 0.000122498 1.69221e-06 0.000144714)
(0.000665781 0.000131603 0.000291377 0.000131603 0.000509964 5.97993e-05 0.000291377 5.97993e-05 0.000592603)
(0.000440312 0.000135396 0.000205632 0.000135396 0.000535836 1.71755e-05 0.000205632 1.71755e-05 0.000268466)
(0.000233474 0.000154527 -0.000181931 0.000154527 0.000763112 -0.000473676 -0.000181931 -0.000473676 0.000626249)
(0.000302711 9.23127e-05 -7.29887e-05 9.23127e-05 0.00155783 -0.00100197 -7.29887e-05 -0.00100197 0.00118101)
(0.000343781 0.000116304 -2.24551e-05 0.000116304 0.00110745 -0.000203299 -2.24551e-05 -0.000203299 0.00041546)
(0.000585402 0.000110421 0.000303499 0.000110421 0.000320271 -0.000151134 0.000303499 -0.000151134 0.000649299)
(0.00113539 -2.45729e-05 0.000311522 -2.45729e-05 0.00339982 -0.00122813 0.000311522 -0.00122813 0.00132672)
(0.00138609 -0.000362157 0.000275373 -0.000362157 0.00588687 -0.00091106 0.000275373 -0.00091106 0.00136964)
(0.000913623 0.000250571 0.000272084 0.000250571 0.00375661 -0.00014112 0.000272084 -0.00014112 0.000617502)
(0.000467707 2.27671e-05 0.000199066 2.27671e-05 0.0009288 -4.83952e-05 0.000199066 -4.83952e-05 0.000234067)
(0.000501793 -9.45497e-05 0.000276057 -9.45497e-05 0.000516604 -0.000112988 0.000276057 -0.000112988 0.000326151)
(0.000808049 -0.000204438 0.000588128 -0.000204438 0.000496492 -0.000245911 0.000588128 -0.000245911 0.00074194)
(0.000364843 -0.000169165 0.000277601 -0.000169165 0.000336759 -0.000342321 0.000277601 -0.000342321 0.000455363)
(0.000242004 0.000142541 -0.000129694 0.000142541 0.000871382 -3.88715e-05 -0.000129694 -3.88715e-05 0.000768701)
(0.000563278 0.00018276 -3.79384e-05 0.00018276 0.000695814 0.00030297 -3.79384e-05 0.00030297 0.00127034)
(0.000360545 -4.13032e-05 5.21904e-05 -4.13032e-05 0.000172156 1.61491e-06 5.21904e-05 1.61491e-06 0.000601322)
(0.000462013 2.44174e-05 0.00012123 2.44174e-05 0.000843018 8.65581e-05 0.00012123 8.65581e-05 0.000338254)
(0.000174406 -1.65533e-05 4.16916e-05 -1.65533e-05 0.000326324 -6.94767e-07 4.16916e-05 -6.94767e-07 0.000110684)
(0.000294339 -0.000135251 -1.29296e-05 -0.000135251 0.000340912 0.000353287 -1.29296e-05 0.000353287 0.000994453)
(0.000532922 -6.0576e-05 -0.000192605 -6.0576e-05 0.00153767 0.00087086 -0.000192605 0.00087086 0.00110804)
(0.000470631 -0.000300506 0.000152099 -0.000300506 0.00117797 -4.93694e-06 0.000152099 -4.93694e-06 6.69275e-05)
(0.000925791 0.000193789 0.000122219 0.000193789 0.000579784 -0.000292852 0.000122219 -0.000292852 0.00126885)
(0.0011807 0.000449643 -0.000454345 0.000449643 0.000613883 -5.77103e-05 -0.000454345 -5.77103e-05 0.00257475)
(0.00151242 0.000578512 -0.000835062 0.000578512 0.000617882 -0.000242534 -0.000835062 -0.000242534 0.0020041)
(0.00115237 0.000574206 -0.000229154 0.000574206 0.00100882 -3.19909e-06 -0.000229154 -3.19909e-06 0.0013577)
(0.00103562 0.000433092 0.000224698 0.000433092 0.000967017 -4.22411e-05 0.000224698 -4.22411e-05 0.000976854)
(0.00088036 -0.000264596 0.000293063 -0.000264596 0.000889136 -0.000193676 0.000293063 -0.000193676 0.000540503)
(0.000663382 -0.000705215 -0.000271926 -0.000705215 0.00148594 0.000235493 -0.000271926 0.000235493 0.000996753)
(0.000753096 0.000134144 0.000160809 0.000134144 0.00150115 0.000550894 0.000160809 0.000550894 0.00121194)
(0.000733647 0.000141671 0.000382302 0.000141671 0.000494532 5.6237e-05 0.000382302 5.6237e-05 0.000440807)
(0.000778713 0.000305516 -3.45819e-05 0.000305516 0.000560965 -9.98043e-05 -3.45819e-05 -9.98043e-05 0.000936972)
(0.00128858 0.000566786 0.000116791 0.000566786 0.000822152 -0.000191044 0.000116791 -0.000191044 0.00178412)
(0.000765542 0.000124172 0.000191718 0.000124172 0.000626823 -0.000281177 0.000191718 -0.000281177 0.000730339)
(0.000601489 -1.58725e-05 0.000240421 -1.58725e-05 0.000776297 -0.000511851 0.000240421 -0.000511851 0.000633655)
(0.00113952 0.000147101 0.000482244 0.000147101 0.00166841 -0.00129039 0.000482244 -0.00129039 0.00194051)
(0.000969445 9.01362e-05 0.000404615 9.01362e-05 0.000621279 6.90082e-05 0.000404615 6.90082e-05 0.00059186)
(0.000622464 -4.17558e-05 -0.000478609 -4.17558e-05 0.000290962 6.89765e-05 -0.000478609 6.89765e-05 0.000830972)
(0.000670479 0.000151263 -0.000529748 0.000151263 0.00164689 0.000977823 -0.000529748 0.000977823 0.00197416)
(0.000680274 0.00026279 0.000156142 0.00026279 0.00180305 0.000705447 0.000156142 0.000705447 0.000888515)
(0.000535493 5.22127e-05 0.000162819 5.22127e-05 0.000429971 -0.000102636 0.000162819 -0.000102636 0.000482026)
(0.00151549 0.000942884 0.000768201 0.000942884 0.0018828 0.000975734 0.000768201 0.000975734 0.00242038)
(0.000456855 0.000111377 0.000292659 0.000111377 0.000275767 2.99141e-05 0.000292659 2.99141e-05 0.000403266)
(0.000644841 -0.000495224 -3.67314e-05 -0.000495224 0.00194788 0.000496125 -3.67314e-05 0.000496125 0.000515841)
(0.000872793 -0.000310461 -0.000170778 -0.000310461 0.00274287 0.000985044 -0.000170778 0.000985044 0.000904045)
(0.000769573 0.000571117 0.000259835 0.000571117 0.00107772 4.90984e-05 0.000259835 4.90984e-05 0.000243941)
(0.00188993 0.000832836 -3.62722e-05 0.000832836 0.000981882 -0.000356262 -3.62722e-05 -0.000356262 0.000854677)
(0.0015233 0.000730909 0.000426546 0.000730909 0.00206366 5.71404e-05 0.000426546 5.71404e-05 0.000929769)
(0.00119415 -0.000715956 0.000163379 -0.000715956 0.00323519 0.000367613 0.000163379 0.000367613 0.00113052)
(0.000730168 -0.000656283 0.000122973 -0.000656283 0.00153565 -0.000131621 0.000122973 -0.000131621 0.000408062)
(0.000613627 -0.00022358 0.00014419 -0.00022358 0.000897984 -0.000253018 0.00014419 -0.000253018 0.000227906)
(0.00102308 -0.000115259 0.000189794 -0.000115259 0.00157285 -0.000550191 0.000189794 -0.000550191 0.000708973)
(0.000931256 -0.000211641 0.000286236 -0.000211641 0.00127627 -0.000442893 0.000286236 -0.000442893 0.00060281)
(0.000643334 -0.000134636 -0.000141318 -0.000134636 0.00205424 0.000768948 -0.000141318 0.000768948 0.00120685)
(0.0021591 0.000105082 -0.001012 0.000105082 0.00421794 0.00227538 -0.001012 0.00227538 0.0045133)
(0.00121633 -9.26387e-05 -0.000439228 -9.26387e-05 0.00160601 0.000790386 -0.000439228 0.000790386 0.0023829)
(0.000826593 4.81652e-05 0.000584597 4.81652e-05 0.000274211 0.00011301 0.000584597 0.00011301 0.000746481)
(0.000997421 0.000494913 0.000413071 0.000494913 0.000955174 0.000423279 0.000413071 0.000423279 0.00175705)
(0.000153832 -3.2587e-06 5.24316e-05 -3.2587e-06 0.000580304 -0.000163834 5.24316e-05 -0.000163834 0.000200639)
(0.00111777 -0.000355653 0.000925442 -0.000355653 0.00134655 -0.00158058 0.000925442 -0.00158058 0.00314947)
(0.000518642 -2.38828e-05 0.000325738 -2.38828e-05 0.00212171 -0.00152165 0.000325738 -0.00152165 0.0020941)
(0.00036336 -3.05427e-05 0.000152049 -3.05427e-05 0.000586619 -4.41447e-06 0.000152049 -4.41447e-06 0.000119477)
(0.00205227 -0.000441196 0.00013523 -0.000441196 0.00191866 -0.00120565 0.00013523 -0.00120565 0.0018374)
(0.00208993 -4.50602e-05 -0.000385474 -4.50602e-05 0.00471606 -0.00211259 -0.000385474 -0.00211259 0.00257616)
(0.00137943 0.000576753 -0.000193425 0.000576753 0.0037902 -0.0013046 -0.000193425 -0.0013046 0.00166106)
(0.000784994 0.00061541 0.000233684 0.00061541 0.00178895 0.000211141 0.000233684 0.000211141 0.000590207)
(0.000490389 0.000226516 2.0152e-05 0.000226516 0.00138554 0.000403922 2.0152e-05 0.000403922 0.00179666)
(0.000891812 -0.000224792 -0.000777556 -0.000224792 0.00147433 0.00105598 -0.000777556 0.00105598 0.0040404)
(0.0022408 -0.000537967 -0.00106298 -0.000537967 0.00238474 0.00226436 -0.00106298 0.00226436 0.00372322)
(0.00144059 -0.00019626 0.000516692 -0.00019626 0.00183695 0.000724465 0.000516692 0.000724465 0.00123562)
(0.00119788 0.000272498 0.000514403 0.000272498 0.00163052 0.000213766 0.000514403 0.000213766 0.00160452)
(0.000827399 9.04053e-05 3.51341e-05 9.04053e-05 0.00128481 -0.000408104 3.51341e-05 -0.000408104 0.000576977)
(0.000806407 0.000308885 0.00021483 0.000308885 0.00297973 3.89079e-05 0.00021483 3.89079e-05 0.00077305)
(0.000853968 0.000253883 0.000173702 0.000253883 0.00245134 -0.000278031 0.000173702 -0.000278031 0.000674093)
(0.0009646 0.000115898 7.08522e-05 0.000115898 0.00154772 -0.000548212 7.08522e-05 -0.000548212 0.000730516)
(0.00106028 5.93234e-05 0.000194853 5.93234e-05 0.000903348 -0.000313079 0.000194853 -0.000313079 0.00107328)
(0.000213606 8.63336e-05 -4.60753e-05 8.63336e-05 0.000452411 -0.000130335 -4.60753e-05 -0.000130335 0.00027958)
(0.000587149 0.000409835 0.000244247 0.000409835 0.00265657 0.000488807 0.000244247 0.000488807 0.000765796)
(0.00115905 -0.000426577 0.000340806 -0.000426577 0.00453782 0.000308921 0.000340806 0.000308921 0.000948378)
(0.000980352 -0.000521651 0.000248274 -0.000521651 0.00119205 -0.000397319 0.000248274 -0.000397319 0.000365545)
(0.00161908 -1.54525e-05 0.000704335 -1.54525e-05 0.00128101 -0.000244007 0.000704335 -0.000244007 0.00118109)
(0.00127615 -0.000153514 0.000352111 -0.000153514 0.00127725 -0.000514716 0.000352111 -0.000514716 0.000929321)
(0.00122589 0.000486666 -0.000286772 0.000486666 0.00121626 -0.000571251 -0.000286772 -0.000571251 0.00101759)
(0.00154589 0.00062888 -0.000206483 0.00062888 0.00278631 -0.000814649 -0.000206483 -0.000814649 0.00126225)
(0.00223087 -0.00114155 0.00025538 -0.00114155 0.00713538 -0.000445755 0.00025538 -0.000445755 0.00133991)
(0.00167116 -0.00119046 0.000294182 -0.00119046 0.00525912 -0.000167037 0.000294182 -0.000167037 0.0008303)
(0.000736261 0.000106671 -2.21813e-05 0.000106671 0.000825573 0.00015342 -2.21813e-05 0.00015342 0.00091196)
(0.00473463 -0.000144057 -0.0010239 -0.000144057 0.00555181 0.00261682 -0.0010239 0.00261682 0.00469706)
(0.0025636 0.00162732 0.000352638 0.00162732 0.00329515 0.00107919 0.000352638 0.00107919 0.00410688)
(0.0011733 0.000364842 -2.16914e-05 0.000364842 0.00155227 -0.000465067 -2.16914e-05 -0.000465067 0.00113909)
(0.00046391 0.000187513 0.000125543 0.000187513 0.00148507 -0.000121774 0.000125543 -0.000121774 0.000383032)
(0.000716594 -0.000100484 0.000192851 -0.000100484 0.000939492 -0.000394106 0.000192851 -0.000394106 0.000632123)
(0.00111585 -0.000512661 0.000492996 -0.000512661 0.00151503 -0.000841396 0.000492996 -0.000841396 0.000968597)
(0.000375041 -0.000308673 0.00031391 -0.000308673 0.00265987 -0.000150374 0.00031391 -0.000150374 0.000755533)
(0.0004543 4.91962e-05 0.000115413 4.91962e-05 0.00062675 -0.000267531 0.000115413 -0.000267531 0.00057889)
(0.00163577 0.000712065 0.00108867 0.000712065 0.00271275 0.00100768 0.00108867 0.00100768 0.00224265)
(0.0027179 0.00041269 0.00129502 0.00041269 0.0017487 0.00117665 0.00129502 0.00117665 0.0071536)
(0.00282549 -0.000177057 0.00120898 -0.000177057 0.00129992 -0.000760777 0.00120898 -0.000760777 0.00508397)
(0.000625122 -0.000190832 0.000194514 -0.000190832 0.00108708 -0.000220505 0.000194514 -0.000220505 9.79547e-05)
(0.000202513 0.000259026 -0.000105085 0.000259026 0.000507414 -0.000452796 -0.000105085 -0.000452796 0.00108273)
(0.000389694 6.90287e-05 0.000209065 6.90287e-05 0.000950769 -0.000502125 0.000209065 -0.000502125 0.000549199)
(0.00128829 0.000642755 -0.000365778 0.000642755 0.000941819 -0.000388586 -0.000365778 -0.000388586 0.000762889)
(0.00307636 0.000706224 -0.00105298 0.000706224 0.00411802 -0.00190844 -0.00105298 -0.00190844 0.00293622)
(0.00238638 0.000276275 -0.00064255 0.000276275 0.00423737 -0.00204675 -0.00064255 -0.00204675 0.0025149)
(0.000912009 -5.25499e-05 0.000279682 -5.25499e-05 0.00376356 -0.000111765 0.000279682 -0.000111765 0.000701808)
(0.00129779 -0.000615965 -0.000686293 -0.000615965 0.00473026 0.00164206 -0.000686293 0.00164206 0.00212531)
(0.000514151 -4.11598e-05 -8.24723e-05 -4.11598e-05 0.00100106 0.000406165 -8.24723e-05 0.000406165 0.00112125)
(0.00099167 0.00026884 0.00073109 0.00026884 0.000996923 0.000404912 0.00073109 0.000404912 0.00141683)
(0.00273758 0.00125519 0.000655092 0.00125519 0.0044117 0.00183443 0.000655092 0.00183443 0.00382544)
(0.00362656 0.00123515 0.000623479 0.00123515 0.00498675 0.0021516 0.000623479 0.0021516 0.0039716)
(0.0016521 0.000549226 -0.000129353 0.000549226 0.00227264 0.000183277 -0.000129353 0.000183277 0.00109058)
(0.00724682 -0.00306237 0.000257714 -0.00306237 0.00908578 0.00120114 0.000257714 0.00120114 0.00498439)
