/*--------------------------------*- C++ -*----------------------------------*\
  =========                 |
  \\      /  F ield         | OpenFOAM: The Open Source CFD Toolbox
   \\    /   O peration     | Website:  https://openfoam.org
    \\  /    A nd           | Version:  10
     \\/     M anipulation  |
\*---------------------------------------------------------------------------*/
FoamFile
{
    format      ascii;
    class       volTensorField;
    location    "1";
    object      TauNN;
}
// * * * * * * * * * * * * * * * * * * * * * * * * * * * * * * * * * * * * * //

dimensions      [0 2 -2 0 0 0 0];

internalField   nonuniform List<tensor> 
25600
(
(0.000165739 -0.00294668 0.00523709 -0.00294668 0.00920758 -0.00237435 0.00523709 -0.00237435 0.0081165)
(0.000585998 -0.00248865 0.00460778 -0.00248865 0.0083949 -0.00277875 0.00460778 -0.00277875 0.00645566)
(0.00142007 -0.00242931 0.00422664 -0.00242931 0.00788984 -0.00287957 0.00422664 -0.00287957 0.00589468)
(0.00186938 -0.00237316 0.00398769 -0.00237316 0.00761496 -0.00289976 0.00398769 -0.00289976 0.00565719)
(0.00071096 -0.00252637 0.00435719 -0.00252637 0.0081866 -0.00284496 0.00435719 -0.00284496 0.00625114)
(0.000922957 -0.00249452 0.00430276 -0.00249452 0.00811192 -0.00287527 0.00430276 -0.00287527 0.00608773)
(0.00245218 -0.00250137 0.00390512 -0.00250137 0.00741141 -0.0029811 0.00390512 -0.0029811 0.00554184)
(0.00342048 -0.00251562 0.00350166 -0.00251562 0.00688344 -0.00302316 0.00350166 -0.00302316 0.00524498)
(0.00329267 -0.00230704 0.00333611 -0.00230704 0.00691471 -0.00291102 0.00333611 -0.00291102 0.0052143)
(0.00141471 -0.00233467 0.00379687 -0.00233467 0.0075881 -0.00271951 0.00379687 -0.00271951 0.00587898)
(8.44183e-05 -0.0023996 0.00445202 -0.0023996 0.00819806 -0.00239239 0.00445202 -0.00239239 0.00688097)
(-0.000815497 -0.00224129 0.00487138 -0.00224129 0.00870117 -0.0017794 0.00487138 -0.0017794 0.00774137)
(-0.000292766 -0.00198045 0.00471851 -0.00198045 0.00867418 -0.0015739 0.00471851 -0.0015739 0.00752026)
(2.27265e-05 -0.00147827 0.00451088 -0.00147827 0.00806533 -0.00204588 0.00451088 -0.00204588 0.00638386)
(0.00153753 -0.00162729 0.00412824 -0.00162729 0.00759535 -0.002456 0.00412824 -0.002456 0.00569918)
(0.000709231 -0.00185302 0.00436225 -0.00185302 0.00789042 -0.00232192 0.00436225 -0.00232192 0.0063072)
(-0.0013851 -0.00245349 0.00503277 -0.00245349 0.00899177 -0.00111144 0.00503277 -0.00111144 0.00836035)
(-0.00149862 -0.00210322 0.0049427 -0.00210322 0.00943772 -0.00109458 0.0049427 -0.00109458 0.00765447)
(-0.00170019 -0.00253197 0.0052638 -0.00253197 0.00933226 -0.00121954 0.0052638 -0.00121954 0.00804611)
(-0.0015017 -0.00282506 0.00528931 -0.00282506 0.00904771 -0.00152206 0.00528931 -0.00152206 0.00841975)
(-0.00117471 -0.0025398 0.00511127 -0.0025398 0.00877558 -0.00203907 0.00511127 -0.00203907 0.00779186)
(-0.000852805 -0.00240237 0.00496458 -0.00240237 0.00858124 -0.00217747 0.00496458 -0.00217747 0.00745945)
(-0.00125824 -0.00265567 0.00530279 -0.00265567 0.00904646 -0.00150977 0.00530279 -0.00150977 0.00816712)
(-0.00163556 -0.00219816 0.00556753 -0.00219816 0.00939399 -0.00160451 0.00556753 -0.00160451 0.00714931)
(-0.000973959 -0.00301444 0.00533924 -0.00301444 0.00917686 -0.00208108 0.00533924 -0.00208108 0.00822237)
(0.0014192 -0.00225304 0.0041818 -0.00225304 0.00780741 -0.00282141 0.0041818 -0.00282141 0.00577941)
(0.00323948 -0.00230663 0.00373108 -0.00230663 0.0070158 -0.0029131 0.00373108 -0.0029131 0.00534133)
(-0.000412508 -0.00219762 0.00476834 -0.00219762 0.00837372 -0.00230149 0.00476834 -0.00230149 0.00707435)
(-0.00140826 -0.00307052 0.00537718 -0.00307052 0.00928752 -0.00150882 0.00537718 -0.00150882 0.00879159)
(-0.00106395 -0.00272884 0.00519868 -0.00272884 0.00904225 -0.00191346 0.00519868 -0.00191346 0.00832076)
(-0.00107772 -0.00217636 0.00501497 -0.00217636 0.0087157 -0.00186809 0.00501497 -0.00186809 0.00778437)
(-0.00150999 -0.00279521 0.00513709 -0.00279521 0.00912227 -0.00130328 0.00513709 -0.00130328 0.00885598)
(-0.00150943 -0.00326502 0.00560363 -0.00326502 0.00947729 -0.00148421 0.00560363 -0.00148421 0.00885663)
(-0.0017189 -0.0030224 0.00583004 -0.0030224 0.00970836 -0.00163641 0.00583004 -0.00163641 0.00852608)
(-0.00156615 -0.00321264 0.00547672 -0.00321264 0.00950096 -0.00127909 0.00547672 -0.00127909 0.00905898)
(-0.00160952 -0.002477 0.00501884 -0.002477 0.00887621 -0.00122621 0.00501884 -0.00122621 0.00857602)
(-0.00102298 -0.0020482 0.00493388 -0.0020482 0.00858996 -0.0017197 0.00493388 -0.0017197 0.00765305)
(-0.00148555 -0.002289 0.00496426 -0.002289 0.00887931 -0.00123924 0.00496426 -0.00123924 0.00838986)
(-0.00159613 -0.0029894 0.00519499 -0.0029894 0.00929148 -0.00124229 0.00519499 -0.00124229 0.0089948)
(-0.000265675 -0.00346652 0.0056549 -0.00346652 0.00960247 -0.0017956 0.0056549 -0.0017956 0.00911431)
(-0.000402744 -0.00280814 0.00636512 -0.00280814 0.0098068 -0.00241116 0.00636512 -0.00241116 0.00800094)
(0.000567596 -0.0028469 0.00466837 -0.0028469 0.00897183 -0.00283828 0.00466837 -0.00283828 0.00754428)
(0.0025943 -0.00332362 0.00393131 -0.00332362 0.00848412 -0.00312864 0.00393131 -0.00312864 0.00645785)
(0.00309216 -0.00223987 0.00385497 -0.00223987 0.00713769 -0.00345729 0.00385497 -0.00345729 0.00621239)
(0.00643902 -0.00105053 0.00227111 -0.00105053 0.00516298 -0.00430509 0.00227111 -0.00430509 0.00681722)
(0.00738951 -0.00283975 0.00201701 -0.00283975 0.00718822 -0.00325683 0.00201701 -0.00325683 0.00680163)
(0.00474582 -0.00385269 0.00308236 -0.00385269 0.00846471 -0.00317266 0.00308236 -0.00317266 0.00647013)
(0.00273637 -0.00344746 0.00413438 -0.00344746 0.00853394 -0.00327982 0.00413438 -0.00327982 0.0069946)
(0.0020816 -0.00278511 0.00475768 -0.00278511 0.00847797 -0.0031026 0.00475768 -0.0031026 0.0072828)
(0.00369467 0.000698681 0.00578897 0.000698681 0.00635318 -0.00279223 0.00578897 -0.00279223 0.00644973)
(0.00591761 0.00156722 0.00599026 0.00156722 0.00567023 -0.00253074 0.00599026 -0.00253074 0.00650178)
(0.00244366 0.000742862 0.00684119 0.000742862 0.00831051 -0.00228841 0.00684119 -0.00228841 0.0083172)
(0.00367487 0.00163889 0.00580367 0.00163889 0.00807521 -0.00167766 0.00580367 -0.00167766 0.0068031)
(-0.00133316 -0.00181345 0.00510259 -0.00181345 0.0091896 -0.00236 0.00510259 -0.00236 0.00811984)
(-0.000140572 -0.00321482 0.00449315 -0.00321482 0.00918582 -0.00252446 0.00449315 -0.00252446 0.00813578)
(0.000727516 -0.000439102 0.00610268 -0.000439102 0.00850653 -0.00241221 0.00610268 -0.00241221 0.00737256)
(0.0042602 0.00146606 0.00408612 0.00146606 0.00834751 -0.00107343 0.00408612 -0.00107343 0.00544073)
(0.00211987 0.000113337 0.0031257 0.000113337 0.00884413 -0.00109482 0.0031257 -0.00109482 0.00627132)
(-5.32628e-05 -0.0006484 0.00390147 -0.0006484 0.00905219 -0.00145819 0.00390147 -0.00145819 0.00724376)
(-0.000288321 -0.000562645 0.00482461 -0.000562645 0.00895786 -0.00169015 0.00482461 -0.00169015 0.00661416)
(0.000845968 0.000196972 0.00533275 0.000196972 0.00804902 -0.00175036 0.00533275 -0.00175036 0.00580238)
(0.000888314 0.000391734 0.00623655 0.000391734 0.00806606 -0.00206818 0.00623655 -0.00206818 0.00691211)
(0.00219882 0.000918848 0.00552703 0.000918848 0.00832293 -0.00168517 0.00552703 -0.00168517 0.00674664)
(0.0021412 -0.000327931 0.00403745 -0.000327931 0.00880078 -0.00128437 0.00403745 -0.00128437 0.00535525)
(0.00136923 -0.000827327 0.00502899 -0.000827327 0.00835924 -0.00186098 0.00502899 -0.00186098 0.00531186)
(0.00233891 -0.00214659 0.00464111 -0.00214659 0.00821461 -0.00302725 0.00464111 -0.00302725 0.00641374)
(0.00270338 -0.0022942 0.00493867 -0.0022942 0.00806428 -0.00307535 0.00493867 -0.00307535 0.00731857)
(0.00431749 0.000721658 0.00718971 0.000721658 0.00764717 -0.00225415 0.00718971 -0.00225415 0.00804588)
(0.00252864 5.10551e-05 0.00426438 5.10551e-05 0.00902799 -0.00138058 0.00426438 -0.00138058 0.00611341)
(8.7368e-05 -0.0012457 0.00472036 -0.0012457 0.00937032 -0.00166774 0.00472036 -0.00166774 0.00707432)
(-0.00116627 -0.00146655 0.00469842 -0.00146655 0.0092145 -0.0018566 0.00469842 -0.0018566 0.00808008)
(0.000391446 -0.00116973 0.0040413 -0.00116973 0.00916359 -0.0012882 0.0040413 -0.0012882 0.00755785)
(0.000288027 -0.00174078 0.00475493 -0.00174078 0.00948214 -0.0015154 0.00475493 -0.0015154 0.0075486)
(0.0021416 -0.000973548 0.00391474 -0.000973548 0.0094827 -0.00127328 0.00391474 -0.00127328 0.0064406)
(0.00158187 -0.00080568 0.0030333 -0.00080568 0.00914279 -0.000676087 0.0030333 -0.000676087 0.00711048)
(0.00188251 -0.000315982 0.00241532 -0.000315982 0.00879206 -0.000491382 0.00241532 -0.000491382 0.00662116)
(0.00261952 -0.000319615 0.00577082 -0.000319615 0.00886813 -0.0022225 0.00577082 -0.0022225 0.00830767)
(0.00182367 -0.00133753 0.0035935 -0.00133753 0.00907019 -0.00153253 0.0035935 -0.00153253 0.00791629)
(0.00492132 -0.000507292 0.00285189 -0.000507292 0.0088412 -0.000117051 0.00285189 -0.000117051 0.00663588)
(-0.00105499 -0.00208481 0.00550908 -0.00208481 0.00978889 -0.00184073 0.00550908 -0.00184073 0.0076538)
(0.00886239 -0.00467206 0.00616154 -0.00467206 0.0110161 -0.00246435 0.00616154 -0.00246435 0.00951164)
(0.00112577 -0.00367806 0.006139 -0.00367806 0.0101129 -0.00262054 0.006139 -0.00262054 0.00781957)
(-2.98254e-06 -0.00388577 0.00525803 -0.00388577 0.00948574 -0.00280913 0.00525803 -0.00280913 0.00688327)
(0.0018167 -0.0026065 0.00364596 -0.0026065 0.00819058 -0.00394193 0.00364596 -0.00394193 0.00540616)
(0.00627018 -0.00489897 0.000551831 -0.00489897 0.00863969 -0.00361378 0.000551831 -0.00361378 0.00536114)
(0.0127091 -0.00367549 -0.00165609 -0.00367549 0.00544136 -0.000453462 -0.00165609 -0.000453462 0.00779696)
(0.0147626 -0.00745876 -0.00330773 -0.00745876 0.00874328 -0.00187153 -0.00330773 -0.00187153 0.00762609)
(0.00550122 -0.00597153 0.00132184 -0.00597153 0.00851731 -0.00338768 0.00132184 -0.00338768 0.00481048)
(0.00338589 -0.00461674 0.00316015 -0.00461674 0.00880857 -0.0029768 0.00316015 -0.0029768 0.00543437)
(0.00647725 -0.00309126 0.00393946 -0.00309126 0.00968084 -0.00180681 0.00393946 -0.00180681 0.00491056)
(0.0163632 -0.00102136 0.00248814 -0.00102136 0.00953818 -0.000387406 0.00248814 -0.000387406 0.00309831)
(0.0207668 -0.00475695 0.000693636 -0.00475695 0.0102608 0.0016058 0.000693636 0.0016058 0.00655654)
(0.0153578 -0.00329916 0.00182688 -0.00329916 0.0096482 0.0016067 0.00182688 0.0016067 0.00748124)
(0.000399523 -0.00263736 0.00450704 -0.00263736 0.00962367 -0.000512471 0.00450704 -0.000512471 0.00843316)
(-0.000606229 -0.00312175 0.00548065 -0.00312175 0.0092972 -0.00191188 0.00548065 -0.00191188 0.0081026)
(0.00791766 -0.00374029 0.00474619 -0.00374029 0.010305 -0.00144358 0.00474619 -0.00144358 0.00739803)
(0.018194 -0.00326256 0.00283973 -0.00326256 0.00951744 0.00121612 0.00283973 0.00121612 0.00900625)
(0.0176314 -0.00158303 0.00286683 -0.00158303 0.00832422 0.0016975 0.00286683 0.0016975 0.00962018)
(0.0158634 -0.000804836 0.00331149 -0.000804836 0.00788131 0.00155982 0.00331149 0.00155982 0.00895635)
(0.0165505 -0.00195223 0.0032936 -0.00195223 0.00867776 0.00117957 0.0032936 0.00117957 0.00884263)
(0.0190714 -0.00387775 0.00282773 -0.00387775 0.0101713 0.000241643 0.00282773 0.000241643 0.00692087)
(0.0178329 -0.00293155 0.00289955 -0.00293155 0.0101727 -0.000271454 0.00289955 -0.000271454 0.00446589)
(0.0166335 -0.00323455 0.00338926 -0.00323455 0.00981977 0.000885829 0.00338926 0.000885829 0.00761296)
(0.00782756 -0.00318148 0.00291487 -0.00318148 0.00980386 0.000770327 0.00291487 0.000770327 0.00916066)
(0.00569619 -0.00296205 0.00457086 -0.00296205 0.0105626 -0.00144316 0.00457086 -0.00144316 0.00791555)
(0.00492261 -0.00274911 0.00366294 -0.00274911 0.00981827 -0.00361716 0.00366294 -0.00361716 0.00523057)
(0.00346779 -0.00173552 0.00404262 -0.00173552 0.00878353 -0.00236979 0.00404262 -0.00236979 0.00420319)
(0.0102018 8.27098e-05 0.0028065 8.27098e-05 0.00882919 -0.000725868 0.0028065 -0.000725868 0.00196827)
(0.0168942 -0.00306963 0.00354994 -0.00306963 0.0100671 0.000216684 0.00354994 0.000216684 0.00636585)
(0.0127456 -0.00341693 0.00429174 -0.00341693 0.00949637 -8.42251e-05 0.00429174 -8.42251e-05 0.00857049)
(0.0089885 -0.00289936 0.00461717 -0.00289936 0.00973747 -0.000232187 0.00461717 -0.000232187 0.00851624)
(0.0111183 -0.00183342 0.00462724 -0.00183342 0.00910139 8.15624e-05 0.00462724 8.15624e-05 0.00793316)
(0.0103994 -0.00196341 0.00499489 -0.00196341 0.00907658 -0.000380161 0.00499489 -0.000380161 0.00812877)
(0.0142956 -0.00193681 0.00352649 -0.00193681 0.00845178 0.000982708 0.00352649 0.000982708 0.00854754)
(0.0156239 -0.00412347 0.00280467 -0.00412347 0.0092113 0.000718263 0.00280467 0.000718263 0.00851835)
(0.0111388 -0.00385776 0.00361788 -0.00385776 0.00998982 0.000469922 0.00361788 0.000469922 0.0100453)
(0.00531687 -0.0018517 0.00381602 -0.0018517 0.00884675 0.000672501 0.00381602 0.000672501 0.00840995)
(0.00869412 0.000781126 0.00437133 0.000781126 0.00798229 0.000217053 0.00437133 0.000217053 0.00622246)
(0.0119168 0.000820315 0.00400886 0.000820315 0.00707305 0.000803881 0.00400886 0.000803881 0.00746795)
(0.0102376 -0.000368509 0.00480022 -0.000368509 0.00814299 -0.00056793 0.00480022 -0.00056793 0.00775402)
(0.0130318 -0.00556608 0.000302289 -0.00556608 0.00944609 -0.0031759 0.000302289 -0.0031759 0.0056627)
(0.00936908 -0.00303509 0.00325956 -0.00303509 0.00915796 -0.00287787 0.00325956 -0.00287787 0.00631578)
(0.00480997 -0.00449144 0.00197683 -0.00449144 0.00932763 -0.00300509 0.00197683 -0.00300509 0.00619702)
(0.00212664 -0.0043943 0.00387811 -0.0043943 0.00943232 -0.00289206 0.00387811 -0.00289206 0.00747947)
(0.00154082 -0.00388025 0.00407343 -0.00388025 0.00927436 -0.00258883 0.00407343 -0.00258883 0.00780385)
(0.00684418 -0.00406986 0.00121226 -0.00406986 0.00947812 -0.0028672 0.00121226 -0.0028672 0.00661564)
(0.0177998 -0.00444215 -0.000775721 -0.00444215 0.00814252 -0.00307166 -0.000775721 -0.00307166 0.00665708)
(0.0186454 -0.0051352 -0.000747932 -0.0051352 0.00881309 -0.00251189 -0.000747932 -0.00251189 0.00665297)
(0.0183525 -0.00488187 -0.00106347 -0.00488187 0.00914704 -0.00256133 -0.00106347 -0.00256133 0.00705469)
(0.010173 -0.00190681 -0.000683384 -0.00190681 0.00608077 -0.00249918 -0.000683384 -0.00249918 0.00440769)
(0.00718117 -0.0003827 0.00115563 -0.0003827 0.00516255 0.00164357 0.00115563 0.00164357 0.0030745)
(0.0156565 -0.00104337 4.28399e-05 -0.00104337 0.0117739 -0.0033746 4.28399e-05 -0.0033746 0.00899969)
(0.0175562 -0.000142555 0.00289055 -0.000142555 0.00808844 0.000511162 0.00289055 0.000511162 0.00793658)
(0.00426897 -0.0018354 0.00462411 -0.0018354 0.00985891 -0.0014768 0.00462411 -0.0014768 0.00723975)
(0.00374629 -0.00312729 0.0051213 -0.00312729 0.00998911 -0.00266354 0.0051213 -0.00266354 0.0079235)
(0.00720465 -0.00399871 0.00407231 -0.00399871 0.00968481 -0.00190706 0.00407231 -0.00190706 0.00921654)
(0.0152329 0.000685042 0.00248969 0.000685042 0.00778108 -0.000104147 0.00248969 -0.000104147 0.00825198)
(0.0151364 0.000926618 -0.00135948 0.000926618 0.00402342 0.00241156 -0.00135948 0.00241156 0.0126612)
(0.0148284 -0.00232948 -0.00175129 -0.00232948 0.0112063 -0.00391832 -0.00175129 -0.00391832 0.00929447)
(0.018307 -0.00458001 -0.00519276 -0.00458001 0.00860268 0.000135763 -0.00519276 0.000135763 0.0074273)
(0.0190432 -0.0042114 -0.00230554 -0.0042114 0.00674789 0.00178685 -0.00230554 0.00178685 0.00889213)
(0.0179809 0.000538481 0.00205236 0.000538481 0.00402276 -0.000534229 0.00205236 -0.000534229 0.0118637)
(0.0158248 0.00192482 0.00299748 0.00192482 0.00730144 -0.000236681 0.00299748 -0.000236681 0.00732985)
(0.0143629 0.00143159 0.00351186 0.00143159 0.00740385 0.000131068 0.00351186 0.000131068 0.0080487)
(0.022149 -0.00316693 0.0023657 -0.00316693 0.00928187 -0.000308 0.0023657 -0.000308 0.0101829)
(0.0160624 -0.00328969 0.00423693 -0.00328969 0.00954242 -0.00276345 0.00423693 -0.00276345 0.0071388)
(0.00983506 -0.00128787 0.00617475 -0.00128787 0.00870121 -0.00244707 0.00617475 -0.00244707 0.00912342)
(0.0167992 0.00130885 0.00393298 0.00130885 0.0065624 0.00166741 0.00393298 0.00166741 0.00725161)
(0.0167866 0.000190387 0.00169753 0.000190387 0.00817421 -0.000516208 0.00169753 -0.000516208 0.0091897)
(0.0152731 -3.92515e-05 0.00280188 -3.92515e-05 0.00820282 -0.000729016 0.00280188 -0.000729016 0.00836588)
(0.0156804 -0.00343417 0.00225865 -0.00343417 0.0097467 -0.00125684 0.00225865 -0.00125684 0.00929021)
(0.0167373 -0.00314778 0.00148176 -0.00314778 0.00945987 -0.000838623 0.00148176 -0.000838623 0.00952318)
(0.0167004 -0.00264892 0.00192123 -0.00264892 0.00921656 -0.00149378 0.00192123 -0.00149378 0.00860813)
(0.0133865 -0.0036545 -0.00139732 -0.0036545 0.00691544 0.000731525 -0.00139732 0.000731525 0.00496242)
(0.0142534 -0.00280071 0.000539133 -0.00280071 0.00608933 0.0015298 0.000539133 0.0015298 0.0108154)
(0.0139385 -0.00272078 0.00397282 -0.00272078 0.00938996 -0.000820562 0.00397282 -0.000820562 0.00839068)
(0.00739369 -0.00351962 0.00566026 -0.00351962 0.00942028 -0.00170732 0.00566026 -0.00170732 0.0100655)
(0.00393451 -0.00216381 0.00343992 -0.00216381 0.00875807 -0.00174262 0.00343992 -0.00174262 0.00813384)
(0.0191175 -0.00116927 -0.000741263 -0.00116927 0.00796583 0.00206586 -0.000741263 0.00206586 0.00932741)
(0.0096484 0.000156607 0.000902155 0.000156607 0.00536062 0.00230911 0.000902155 0.00230911 0.0088204)
(0.00400841 -0.00321499 0.0018291 -0.00321499 0.00812351 -0.00275063 0.0018291 -0.00275063 0.00454805)
(0.0112816 -0.00610374 0.00105122 -0.00610374 0.00823618 -0.00295088 0.00105122 -0.00295088 0.0080266)
(0.00806115 -0.00495781 -0.000954997 -0.00495781 0.00705118 -0.00271639 -0.000954997 -0.00271639 0.00703864)
(0.0104908 -0.00492966 0.00323392 -0.00492966 0.0104212 -0.00290503 0.00323392 -0.00290503 0.00737606)
(0.00829673 -0.00449569 0.0059402 -0.00449569 0.0107014 -0.00240198 0.0059402 -0.00240198 0.00947134)
(0.00421064 -0.00404586 0.00503557 -0.00404586 0.0102458 -0.00250355 0.00503557 -0.00250355 0.00795134)
(0.0106 -0.0063666 -0.00144908 -0.0063666 0.0093077 -0.00319632 -0.00144908 -0.00319632 0.00453538)
(0.00686343 -0.00549154 0.000576919 -0.00549154 0.00891469 -0.00335239 0.000576919 -0.00335239 0.00513017)
(0.00672883 -0.0057757 0.000945223 -0.0057757 0.00915587 -0.00325138 0.000945223 -0.00325138 0.00498652)
(0.00853415 -0.00269306 0.0029211 -0.00269306 0.00899605 -0.00211666 0.0029211 -0.00211666 0.00644355)
(0.0137529 -0.000510805 0.00335643 -0.000510805 0.00835964 -0.000983188 0.00335643 -0.000983188 0.00736213)
(0.0115917 0.00248945 0.0036853 0.00248945 0.00715163 -0.000108591 0.0036853 -0.000108591 0.0057219)
(0.0167461 -0.00465683 -0.000425506 -0.00465683 0.00744894 0.0016589 -0.000425506 0.0016589 0.00695349)
(0.00953392 0.00312322 0.00412668 0.00312322 0.00567983 0.000922166 0.00412668 0.000922166 0.00576005)
(0.0131224 -0.000178755 0.00354926 -0.000178755 0.00829892 -0.00249109 0.00354926 -0.00249109 0.00557166)
(0.00919593 -0.00415965 0.00557932 -0.00415965 0.0105634 -0.00205252 0.00557932 -0.00205252 0.00948386)
(0.0159443 -0.00114289 0.0028916 -0.00114289 0.00777835 0.000806445 0.0028916 0.000806445 0.0088506)
(0.0169397 0.000276077 0.00208851 0.000276077 0.00757174 -0.00166167 0.00208851 -0.00166167 0.0127562)
(0.0153778 -2.52109e-05 0.00314689 -2.52109e-05 0.00776392 0.000899287 0.00314689 0.000899287 0.00723458)
(0.00959353 -0.000355017 0.00350641 -0.000355017 0.00823884 -0.00143268 0.00350641 -0.00143268 0.00644808)
(0.0140123 0.000597825 0.00351097 0.000597825 0.00799484 -0.000999661 0.00351097 -0.000999661 0.00775272)
(0.0145717 0.000197192 0.00373244 0.000197192 0.00753179 0.000927621 0.00373244 0.000927621 0.0084554)
(0.0115711 0.000929715 0.00458119 0.000929715 0.0079669 3.97079e-05 0.00458119 3.97079e-05 0.00649377)
(0.0185039 -0.00493727 -0.000571721 -0.00493727 0.00730352 0.00196683 -0.000571721 0.00196683 0.00791846)
(0.0115807 0.00186513 0.0023929 0.00186513 0.00499047 0.00238573 0.0023929 0.00238573 0.0074576)
(0.0195417 -0.00555165 0.00221882 -0.00555165 0.00976942 -0.0037582 0.00221882 -0.0037582 0.00553976)
(0.0108208 -0.00398095 0.00239473 -0.00398095 0.00920557 -0.00172943 0.00239473 -0.00172943 0.00525349)
(0.0168147 0.00214919 0.00315106 0.00214919 0.00618414 0.0032602 0.00315106 0.0032602 0.008481)
(0.0139062 0.00188183 0.00362441 0.00188183 0.00542624 0.00294213 0.00362441 0.00294213 0.00787102)
(0.00916313 0.00218915 0.00410808 0.00218915 0.00582942 0.000545627 0.00410808 0.000545627 0.00659698)
(0.0123744 -0.000313547 0.00287155 -0.000313547 0.00705179 0.00118448 0.00287155 0.00118448 0.0074688)
(0.0118578 -0.000136263 0.00390145 -0.000136263 0.00772232 4.18592e-05 0.00390145 4.18592e-05 0.00757497)
(0.0101425 0.00157345 0.00416338 0.00157345 0.00654197 -0.00025357 0.00416338 -0.00025357 0.00671317)
(0.0123588 0.000188985 0.00432858 0.000188985 0.00795833 -0.000803935 0.00432858 -0.000803935 0.00808786)
(0.013942 -0.00226482 0.00114439 -0.00226482 0.0059918 0.00187823 0.00114439 0.00187823 0.00768637)
(0.0116921 0.0017648 0.00341035 0.0017648 0.00548577 0.00228142 0.00341035 0.00228142 0.00774793)
(0.0166492 -0.00551351 0.00551649 -0.00551351 0.0102864 -0.00244119 0.00551649 -0.00244119 0.0102461)
(0.0101682 -0.00402645 0.00544989 -0.00402645 0.0103938 -0.0020538 0.00544989 -0.0020538 0.00942045)
(0.0184796 -0.00373469 -0.00147836 -0.00373469 0.00893266 0.00236675 -0.00147836 0.00236675 0.00607356)
(0.00478705 -0.00137772 -0.000868979 -0.00137772 0.0044269 -4.78709e-05 -0.000868979 -4.78709e-05 0.00991886)
(0.0023315 -0.00188211 0.00156681 -0.00188211 0.00548182 -0.00228704 0.00156681 -0.00228704 0.00608674)
(0.0173881 -0.00291065 0.00322523 -0.00291065 0.00500961 -0.00302507 0.00322523 -0.00302507 0.00737754)
(0.00890356 -0.00249016 -0.000509696 -0.00249016 0.00586886 -0.00377654 -0.000509696 -0.00377654 0.00628567)
(0.00337857 -0.000623727 -0.000845708 -0.000623727 0.00393724 -0.003387 -0.000845708 -0.003387 0.00606779)
(0.0135736 -0.00504297 0.00210438 -0.00504297 0.00957517 -0.00281721 0.00210438 -0.00281721 0.00715884)
(0.0151396 -0.00611926 0.00160405 -0.00611926 0.00981957 -0.00342789 0.00160405 -0.00342789 0.0057277)
(0.0087884 -0.00471513 9.24235e-05 -0.00471513 0.0090607 -0.00300406 9.24235e-05 -0.00300406 0.00510422)
(0.00549225 -0.00484737 0.00123861 -0.00484737 0.00906846 -0.00325447 0.00123861 -0.00325447 0.0056594)
(0.00933898 -0.00570192 -0.000199814 -0.00570192 0.00943664 -0.00322864 -0.000199814 -0.00322864 0.00544411)
(0.00912685 -0.00449822 0.000679448 -0.00449822 0.0093698 -0.00280439 0.000679448 -0.00280439 0.00644625)
(0.0136637 -0.00100902 0.00208758 -0.00100902 0.00846154 -0.00128551 0.00208758 -0.00128551 0.00777698)
(0.0126928 0.000404996 0.00313969 0.000404996 0.00807638 -0.00103309 0.00313969 -0.00103309 0.00749504)
(0.0173846 -0.00258709 0.000992896 -0.00258709 0.00865426 -0.000448791 0.000992896 -0.000448791 0.00267817)
(0.0101875 -0.0047071 -0.00500198 -0.0047071 0.0115517 -0.00281694 -0.00500198 -0.00281694 0.00844562)
(0.00233023 -0.000342433 -3.33125e-05 -0.000342433 0.00577622 -0.00141651 -3.33125e-05 -0.00141651 0.0015326)
(0.00652333 -0.00166789 0.000317728 -0.00166789 0.00728615 -0.000833525 0.000317728 -0.000833525 0.00432285)
(0.0217149 -0.00471903 -0.00651481 -0.00471903 0.00735141 0.00131445 -0.00651481 0.00131445 0.00863505)
(0.0169885 -0.00327618 -0.00154738 -0.00327618 0.00616142 0.00202374 -0.00154738 0.00202374 0.00796332)
(0.0145965 -0.00204883 0.0027778 -0.00204883 0.00942662 -0.000890949 0.0027778 -0.000890949 0.00729662)
(0.00430043 -0.00139433 0.00556505 -0.00139433 0.00908384 -0.0020363 0.00556505 -0.0020363 0.00625289)
(0.00782047 -0.00387244 0.0040835 -0.00387244 0.0102024 -0.00233885 0.0040835 -0.00233885 0.00842789)
(0.0148164 -0.00117412 0.00457647 -0.00117412 0.0088092 -0.000999745 0.00457647 -0.000999745 0.00843838)
(0.0139859 -0.00243206 0.00367339 -0.00243206 0.00982258 -0.00133685 0.00367339 -0.00133685 0.00724175)
(0.0147606 0.000501148 0.0014823 0.000501148 0.0108789 -0.00260096 0.0014823 -0.00260096 0.00687541)
(0.011959 -0.00430284 -0.00538297 -0.00430284 0.0106668 -0.00233823 -0.00538297 -0.00233823 0.00936327)
(0.0114333 0.00147439 0.00210647 0.00147439 0.00184304 0.000275748 0.00210647 0.000275748 0.00242984)
(0.0108937 -0.00186469 0.000467464 -0.00186469 0.00836178 -0.0014997 0.000467464 -0.0014997 0.00575578)
(0.0115198 0.00129898 0.000941992 0.00129898 0.00720264 -0.000686135 0.000941992 -0.000686135 0.00546714)
(0.0103672 0.00045962 0.00315229 0.00045962 0.0026272 0.000172252 0.00315229 0.000172252 0.00901706)
(0.00655544 -0.00128333 0.000254577 -0.00128333 0.0103745 -0.0036288 0.000254577 -0.0036288 0.00663829)
(0.0111899 -5.98552e-05 0.000675382 -5.98552e-05 0.00688863 0.00115851 0.000675382 0.00115851 0.00669667)
(0.0100299 0.00123442 0.00181074 0.00123442 0.00597201 0.001692 0.00181074 0.001692 0.00658753)
(0.00252673 -0.00131496 -0.000255282 -0.00131496 0.00659932 -0.00252452 -0.000255282 -0.00252452 0.00601281)
(0.0160054 -0.00221394 0.00362153 -0.00221394 0.00911393 -0.00176615 0.00362153 -0.00176615 0.00845473)
(0.00907163 0.00181031 0.00147501 0.00181031 0.00674524 -0.000963476 0.00147501 -0.000963476 0.00539783)
(0.00908994 -0.004746 -0.00584924 -0.004746 0.0112035 -0.00220735 -0.00584924 -0.00220735 0.00970794)
(0.0116822 -0.00393931 0.00201477 -0.00393931 0.00887953 -0.00224847 0.00201477 -0.00224847 0.00628286)
(0.0188335 -0.00706353 0.00225135 -0.00706353 0.0103522 -0.00393386 0.00225135 -0.00393386 0.00601489)
(0.0119869 -0.00183803 -0.00305862 -0.00183803 0.00643347 0.00389029 -0.00305862 0.00389029 0.00729734)
(0.0114613 0.00175101 0.00522744 0.00175101 0.00467311 -0.00261156 0.00522744 -0.00261156 0.00976498)
(0.00274106 -0.00140575 0.000771213 -0.00140575 0.00515985 -0.00331438 0.000771213 -0.00331438 0.00470024)
(0.0110209 -0.00405713 0.000125075 -0.00405713 0.00604733 -0.00234534 0.000125075 -0.00234534 0.00914926)
(0.00666135 -0.0044859 -0.00111978 -0.0044859 0.00840307 -0.00309813 -0.00111978 -0.00309813 0.00565217)
(0.00173503 -0.000547194 -0.000477097 -0.000547194 0.00618625 -0.000601462 -0.000477097 -0.000601462 0.005303)
(0.00564123 -0.00130781 5.70901e-07 -0.00130781 0.00687775 0.000111368 5.70901e-07 0.000111368 0.00298508)
(0.00771591 -0.00500675 0.000366012 -0.00500675 0.00909596 -0.0035872 0.000366012 -0.0035872 0.00474403)
(0.00728014 -0.00452233 0.00184959 -0.00452233 0.00952999 -0.00326541 0.00184959 -0.00326541 0.00521869)
(0.00781445 -0.00544131 -0.00118909 -0.00544131 0.00893932 -0.00333904 -0.00118909 -0.00333904 0.0050047)
(0.00990705 -0.00569135 -0.00140551 -0.00569135 0.00868907 -0.00327271 -0.00140551 -0.00327271 0.00502709)
(0.0105936 -0.0037569 0.0020859 -0.0037569 0.00952795 -0.00240789 0.0020859 -0.00240789 0.00676262)
(0.013918 -6.0102e-05 0.00354163 -6.0102e-05 0.00795122 0.000357385 0.00354163 0.000357385 0.00771681)
(0.0140361 -0.000191691 0.00344949 -0.000191691 0.00824421 -0.000465532 0.00344949 -0.000465532 0.00839094)
(0.00963718 -0.0028844 0.00411362 -0.0028844 0.00978527 -0.00180663 0.00411362 -0.00180663 0.00748379)
(0.00752829 -0.00487535 0.00026664 -0.00487535 0.0108275 5.65145e-05 0.00026664 5.65145e-05 0.00565792)
(0.00134981 -0.000566352 0.000985056 -0.000566352 0.00358394 -0.00219973 0.000985056 -0.00219973 0.00232199)
(0.00998664 -0.00177457 -0.000423181 -0.00177457 0.00794121 -0.000391561 -0.000423181 -0.000391561 0.00742427)
(0.00999754 -0.000540957 -0.000771176 -0.000540957 0.00648066 0.000892172 -0.000771176 0.000892172 0.00478061)
(0.0112703 0.00204742 0.00233942 0.00204742 0.00679484 0.000113761 0.00233942 0.000113761 0.00605428)
(0.0212837 -0.00308938 0.00075868 -0.00308938 0.00947585 0.00106756 0.00075868 0.00106756 0.00556046)
(0.019972 0.002915 0.00499361 0.002915 0.00688359 -0.000148379 0.00499361 -0.000148379 0.00267258)
(0.0142692 0.0017763 0.00401819 0.0017763 0.00801366 -0.000878656 0.00401819 -0.000878656 0.00349573)
(0.0126262 -0.00258378 0.0050968 -0.00258378 0.00908262 -0.00156639 0.0050968 -0.00156639 0.00889659)
(0.0162309 -0.00322554 0.00314675 -0.00322554 0.00918773 -0.000513673 0.00314675 -0.000513673 0.00935413)
(0.00880238 0.00195789 0.00158748 0.00195789 0.00522635 0.000789011 0.00158748 0.000789011 0.00783103)
(0.0092817 -0.00150446 -0.000622026 -0.00150446 0.0075815 -0.00146139 -0.000622026 -0.00146139 0.00901551)
(0.010378 -0.000704473 -0.00116715 -0.000704473 0.00620592 0.00115124 -0.00116715 0.00115124 0.00357081)
(0.0108329 -0.00265765 0.000693277 -0.00265765 0.00899823 -0.00194604 0.000693277 -0.00194604 0.00662611)
(0.0113675 0.00136229 0.0025993 0.00136229 0.00771979 -0.00114429 0.0025993 -0.00114429 0.00649041)
(0.010134 0.00213456 0.00339939 0.00213456 0.00692444 -0.000433677 0.00339939 -0.000433677 0.0065343)
(0.0063286 -0.0012747 0.000705896 -0.0012747 0.0100162 -0.00243733 0.000705896 -0.00243733 0.00526414)
(0.00962573 0.000644319 0.00308107 0.000644319 0.00677498 0.000390237 0.00308107 0.000390237 0.00631665)
(0.00569973 -0.00109382 -2.61944e-05 -0.00109382 0.00876304 -0.00320096 -2.61944e-05 -0.00320096 0.00466172)
(0.0146199 -0.00109227 -0.000625467 -0.00109227 0.0112671 -0.00179784 -0.000625467 -0.00179784 0.0081048)
(0.00891622 0.00181914 0.00233162 0.00181914 0.00546165 0.0028893 0.00233162 0.0028893 0.00641942)
(0.0104376 -0.00394678 0.00337023 -0.00394678 0.00898051 -0.00148649 0.00337023 -0.00148649 0.00751233)
(0.00673001 -0.00487537 -0.00418213 -0.00487537 0.0111758 -0.00147575 -0.00418213 -0.00147575 0.0093059)
(0.00272403 0.000191391 -7.15256e-07 0.000191391 0.00234228 -0.000374055 -7.15256e-07 -0.000374055 0.00237823)
(0.0160067 -0.0032177 0.00195589 -0.0032177 0.00900714 -0.00453055 0.00195589 -0.00453055 0.0048133)
(0.00917139 0.000896796 0.000272671 0.000896796 0.00644092 0.00120879 0.000272671 0.00120879 0.00452348)
(0.0104584 0.000780901 0.00114046 0.000780901 0.00580357 0.00145158 0.00114046 0.00145158 0.00880048)
(0.00310137 -0.000868614 -0.000314147 -0.000868614 0.00568061 -0.00283981 -0.000314147 -0.00283981 0.00309948)
(0.0103345 -0.00298402 0.000766814 -0.00298402 0.00741529 -0.00281737 0.000766814 -0.00281737 0.00706719)
(0.00506776 -0.00244994 -0.000464313 -0.00244994 0.00584395 -0.00272415 -0.000464313 -0.00272415 0.00761797)
(0.00103154 4.81671e-05 -0.000829149 4.81671e-05 0.00368391 -0.000625829 -0.000829149 -0.000625829 0.00701265)
(0.00317169 -0.000416371 -0.000462912 -0.000416371 0.00624839 -0.00241861 -0.000462912 -0.00241861 0.00318617)
(0.00844659 -0.00417271 0.000719557 -0.00417271 0.00865562 -0.00277517 0.000719557 -0.00277517 0.00614354)
(0.00744547 -0.00459411 0.000435898 -0.00459411 0.00899376 -0.00328602 0.000435898 -0.00328602 0.00567682)
(0.00531731 -0.00376084 -0.000698762 -0.00376084 0.00754452 -0.00322651 -0.000698762 -0.00322651 0.00536637)
(0.00942462 -0.00408719 -0.000663149 -0.00408719 0.00821759 -0.00283685 -0.000663149 -0.00283685 0.00597489)
(0.0171226 4.24646e-05 0.00459028 4.24646e-05 0.00826808 -0.00105825 0.00459028 -0.00105825 0.0067673)
(0.0204946 -0.00117269 0.00200119 -0.00117269 0.0085616 0.000611122 0.00200119 0.000611122 0.00536874)
(0.0129681 -0.00149014 0.00366897 -0.00149014 0.00863124 -0.000353917 0.00366897 -0.000353917 0.00813917)
(0.0123422 -0.00393901 0.00265304 -0.00393901 0.00977577 -0.0024587 0.00265304 -0.0024587 0.00768064)
(0.00603085 -0.00218564 -0.00111534 -0.00218564 0.00736923 -0.00305115 -0.00111534 -0.00305115 0.00472255)
(0.0025223 -0.000779907 0.00169637 -0.000779907 0.00327174 -0.00262274 0.00169637 -0.00262274 0.00331445)
(0.0110801 8.1704e-05 0.00265676 8.1704e-05 0.00697309 0.000337769 0.00265676 0.000337769 0.00732613)
(0.0121283 -0.00400707 0.00230767 -0.00400707 0.00922091 -0.00245485 0.00230767 -0.00245485 0.00776769)
(0.0109316 -0.00365116 0.00088729 -0.00365116 0.00914476 -0.00227724 0.00088729 -0.00227724 0.00712452)
(0.0108703 0.000854938 0.00303168 0.000854938 0.00740214 -0.000328235 0.00303168 -0.000328235 0.00658676)
(0.0032232 -0.00434021 -0.000631994 -0.00434021 0.0103034 -0.000826999 -0.000631994 -0.000826999 0.00477921)
(0.0041263 -0.00352025 -0.000566062 -0.00352025 0.00948238 -1.1893e-05 -0.000566062 -1.1893e-05 0.00456015)
(0.00876667 0.00251613 0.00189945 0.00251613 0.00600736 -0.000442464 0.00189945 -0.000442464 0.00450966)
(0.0145575 0.0014976 0.00234385 0.0014976 0.00620496 0.000531222 0.00234385 0.000531222 0.00711979)
(0.013401 0.000175452 -0.000146594 0.000175452 0.00539329 0.00290267 -0.000146594 0.00290267 0.00948884)
(0.00697125 0.00106509 -8.29939e-05 0.00106509 0.00494458 0.00260392 -8.29939e-05 0.00260392 0.00714452)
(0.0131804 -0.00170635 -0.00142039 -0.00170635 0.00699854 0.00194992 -0.00142039 0.00194992 0.00437232)
(0.0125427 0.000936749 0.00154083 0.000936749 0.00689507 0.00189906 0.00154083 0.00189906 0.00416603)
(0.0104851 -0.00147201 0.00279053 -0.00147201 0.00867354 -0.00150561 0.00279053 -0.00150561 0.0074155)
(0.0114551 -0.000588407 0.00193175 -0.000588407 0.00838241 -0.0019293 0.00193175 -0.0019293 0.00688935)
(0.0087938 0.00122099 0.00107225 0.00122099 0.00762488 -0.00178699 0.00107225 -0.00178699 0.00607656)
(0.00715366 0.000527988 0.000682876 0.000527988 0.00709775 -0.00103029 0.000682876 -0.00103029 0.0044696)
(0.0103865 -0.000961886 0.000344729 -0.000961886 0.00760588 -0.000771123 0.000344729 -0.000771123 0.00571013)
(0.0125825 0.00063935 0.00100971 0.00063935 0.00733218 0.0016858 0.00100971 0.0016858 0.00430835)
(0.00618053 -0.00278757 -0.000559697 -0.00278757 0.0109049 -0.00127891 -0.000559697 -0.00127891 0.00450598)
(0.00435537 -0.00192471 -5.81844e-05 -0.00192471 0.00688772 -0.000356853 -5.81844e-05 -0.000356853 0.00218175)
(0.00875695 0.00280286 0.00363637 0.00280286 0.00515353 0.00111006 0.00363637 0.00111006 0.00518876)
(0.00425578 -0.00485806 -0.000602221 -0.00485806 0.00974607 0.000948976 -0.000602221 0.000948976 0.00380549)
(0.0053189 -0.00179849 0.00230953 -0.00179849 0.00527047 -0.00305261 0.00230953 -0.00305261 0.00398775)
(0.0177047 0.000396837 0.00235522 0.000396837 0.00683581 0.00128082 0.00235522 0.00128082 0.00485398)
(0.00601672 0.000104857 -0.00121968 0.000104857 0.00602371 0.00266386 -0.00121968 0.00266386 0.00630365)
(0.00152752 -0.000239539 7.47321e-05 -0.000239539 0.00342077 -0.000140468 7.47321e-05 -0.000140468 0.000706855)
(0.00442694 -0.00223159 -0.00027825 -0.00223159 0.00678798 -0.00320679 -0.00027825 -0.00320679 0.00414705)
(0.00640276 -0.00290481 -0.000393986 -0.00290481 0.00562507 -0.00261767 -0.000393986 -0.00261767 0.00812812)
(0.00556514 -0.00132473 -0.000121885 -0.00132473 0.00603438 -0.00244618 -0.000121885 -0.00244618 0.00770495)
(0.00253402 -0.000126422 0.000944704 -0.000126422 0.00620469 0.000440352 0.000944704 0.000440352 0.00278867)
(0.00774035 -0.00245635 0.00233008 -0.00245635 0.0080044 -0.00137681 0.00233008 -0.00137681 0.00617552)
(0.00614556 -0.00447148 0.000796648 -0.00447148 0.00902769 -0.00326675 0.000796648 -0.00326675 0.00558157)
(0.00626625 -0.00464203 -0.00017794 -0.00464203 0.00861959 -0.00355804 -0.00017794 -0.00355804 0.00474043)
(0.00666322 -0.00266672 -0.00083928 -0.00266672 0.00712943 -0.00354188 -0.00083928 -0.00354188 0.00466904)
(0.0126395 -0.00143664 0.00348626 -0.00143664 0.0082111 -0.00136615 0.00348626 -0.00136615 0.0061729)
(0.018618 0.00239449 0.0042605 0.00239449 0.00783656 -0.000112426 0.0042605 -0.000112426 0.00336319)
(0.0161834 -0.0019033 0.00292819 -0.0019033 0.00894265 -0.000733782 0.00292819 -0.000733782 0.00523986)
(0.0110697 -0.00523746 0.00207509 -0.00523746 0.00951189 -0.00341524 0.00207509 -0.00341524 0.00601888)
(0.00630782 -0.00419634 -0.000261305 -0.00419634 0.00851458 -0.00301169 -0.000261305 -0.00301169 0.00493503)
(0.0119691 0.0024922 0.00324083 0.0024922 0.00650797 0.000669951 0.00324083 0.000669951 0.0059181)
(0.00894057 -0.00064361 0.00281294 -0.00064361 0.00723901 -0.000210205 0.00281294 -0.000210205 0.00685877)
(0.0166535 -0.00167691 0.00375873 -0.00167691 0.00836391 -0.0028948 0.00375873 -0.0028948 0.0057808)
(0.00608052 -0.00405763 0.00117297 -0.00405763 0.00872232 -0.00223101 0.00117297 -0.00223101 0.00408971)
(0.00733594 -0.00188426 0.000149226 -0.00188426 0.00754506 0.000422533 0.000149226 0.000422533 0.00275692)
(0.0102791 -0.00268308 0.000436073 -0.00268308 0.0103792 0.000303022 0.000436073 0.000303022 0.00730764)
(0.011832 -0.00253523 0.000889068 -0.00253523 0.00830583 -0.000468266 0.000889068 -0.000468266 0.00290672)
(0.00577484 -0.00217669 8.44989e-05 -0.00217669 0.00742292 0.00177725 8.44989e-05 0.00177725 0.00509593)
(0.00559549 -0.00291718 -0.00148896 -0.00291718 0.00737145 0.00139367 -0.00148896 0.00139367 0.00761488)
(0.00441135 -0.000160975 -3.75239e-05 -0.000160975 0.00405413 0.000141101 -3.75239e-05 0.000141101 0.00747581)
(0.0151451 0.000414666 0.000747353 0.000414666 0.0103837 -0.00230267 0.000747353 -0.00230267 0.00700321)
(0.0151171 -0.000153921 -2.0639e-05 -0.000153921 0.0107948 -0.00248103 -2.0639e-05 -0.00248103 0.00677155)
(0.00585745 0.00088599 0.00101842 0.00088599 0.0022669 -6.25402e-05 0.00101842 -6.25402e-05 0.00396639)
(0.0109012 0.000962029 0.00224632 0.000962029 0.00785246 0.000486672 0.00224632 0.000486672 0.00323848)
(0.00682668 -0.000358274 0.00224267 -0.000358274 0.0078456 -0.00176123 0.00224267 -0.00176123 0.00430556)
(0.00578785 -0.00217167 0.000711078 -0.00217167 0.00802903 -0.00273477 0.000711078 -0.00273477 0.00562651)
(0.00471225 0.000724996 -4.54942e-05 0.000724996 0.00644146 -0.000675448 -4.54942e-05 -0.000675448 0.00269007)
(0.00948534 0.000244826 0.00268031 0.000244826 0.00719732 -0.0010463 0.00268031 -0.0010463 0.00608259)
(0.00974554 -0.00118261 0.00279465 -0.00118261 0.00790918 -0.00144146 0.00279465 -0.00144146 0.00737338)
(0.0024269 0.000527294 -0.000249715 0.000527294 0.00492731 0.00147313 -0.000249715 0.00147313 0.00256793)
(0.00304748 -0.00267464 -9.85581e-05 -0.00267464 0.00779695 0.00109509 -9.85581e-05 0.00109509 0.00263903)
(0.0119884 -0.00311943 0.000980366 -0.00311943 0.00841684 0.000643151 0.000980366 0.000643151 0.00568275)
(0.00766292 -0.00368491 0.000151369 -0.00368491 0.0105864 -0.00014655 0.000151369 -0.00014655 0.00615842)
(0.00517867 -0.0013326 0.000421382 -0.0013326 0.00666964 0.000961035 0.000421382 0.000961035 0.0053528)
(0.0105465 -0.00204837 0.00075517 -0.00204837 0.0073016 0.000745052 0.00075517 0.000745052 0.00661598)
(0.00507417 -0.000302351 0.00116553 -0.000302351 0.00556732 -0.000249496 0.00116553 -0.000249496 0.00698452)
(0.00125563 -0.000411405 0.000863992 -0.000411405 0.0022235 -0.00111094 0.000863992 -0.00111094 0.00163122)
(0.00341047 -0.000953163 -0.000383304 -0.000953163 0.00613023 -0.00348139 -0.000383304 -0.00348139 0.00429304)
(0.00557963 -0.00239124 0.000639576 -0.00239124 0.00553045 -0.00273693 0.000639576 -0.00273693 0.00724901)
(0.00354133 -0.000909694 0.000700178 -0.000909694 0.00548703 -0.00236674 0.000700178 -0.00236674 0.00561073)
(0.00531858 -0.000313275 0.00130832 -0.000313275 0.00670688 1.96882e-05 0.00130832 1.96882e-05 0.00395165)
(0.0117652 -0.000130101 0.00282029 -0.000130101 0.00750667 -0.000930075 0.00282029 -0.000930075 0.00699056)
(0.0101392 -0.00369016 0.00242743 -0.00369016 0.00895191 -0.00280359 0.00242743 -0.00280359 0.00655157)
(0.00756897 -0.00481237 0.000194959 -0.00481237 0.00895762 -0.0036961 0.000194959 -0.0036961 0.00492271)
(0.00603303 -0.00271698 -0.000339055 -0.00271698 0.00765311 -0.0028656 -0.000339055 -0.0028656 0.00416009)
(0.0070326 0.0006104 0.00119336 0.0006104 0.00686188 0.000186705 0.00119336 0.000186705 0.00414033)
(0.0124154 -0.000285725 0.00215329 -0.000285725 0.00780179 0.000214592 0.00215329 0.000214592 0.0038125)
(0.0147801 0.00132101 0.00428883 0.00132101 0.00750098 -0.000914617 0.00428883 -0.000914617 0.00487833)
(0.0124424 -0.00289203 0.00188608 -0.00289203 0.00850416 -0.00363515 0.00188608 -0.00363515 0.00493652)
(0.00363527 -0.00321108 0.00022419 -0.00321108 0.00782794 -0.00287047 0.00022419 -0.00287047 0.0042115)
(0.0087705 0.00201434 0.00266023 0.00201434 0.00668314 -4.94374e-05 0.00266023 -4.94374e-05 0.00528256)
