/*--------------------------------*- C++ -*----------------------------------*\
  =========                 |
  \\      /  F ield         | OpenFOAM: The Open Source CFD Toolbox
   \\    /   O peration     | Website:  https://openfoam.org
    \\  /    A nd           | Version:  10
     \\/     M anipulation  |
\*---------------------------------------------------------------------------*/
FoamFile
{
    format      ascii;
    class       volTensorField;
    location    "5";
    object      TauNN;
}
// * * * * * * * * * * * * * * * * * * * * * * * * * * * * * * * * * * * * * //

dimensions      [0 2 -2 0 0 0 0];

internalField   nonuniform List<tensor> 
25600
(
(0.00139775 -0.0129622 -0.0151603 -0.0129622 0.000161072 -0.00814217 -0.0151603 -0.00814217 0.000119557)
(0.00138488 -0.012962 -0.0151655 -0.012962 0.000162408 -0.00814218 -0.0151655 -0.00814218 0.000119552)
(0.00137536 -0.0129619 -0.0151682 -0.0129619 0.000163422 -0.00814237 -0.0151682 -0.00814237 0.000118812)
(0.001375 -0.0129612 -0.0151672 -0.0129612 0.000163165 -0.00814207 -0.0151672 -0.00814207 0.00011841)
(0.00138871 -0.0129612 -0.0151625 -0.0129612 0.000161635 -0.00814177 -0.0151625 -0.00814177 0.000118991)
(0.00139712 -0.0129619 -0.0151607 -0.0129619 0.000161033 -0.00814194 -0.0151607 -0.00814194 0.000119697)
(0.00138546 -0.0129622 -0.0151652 -0.0129622 0.000162384 -0.00814226 -0.0151652 -0.00814226 0.000119571)
(0.0013807 -0.0129625 -0.0151663 -0.0129625 0.000163091 -0.00814266 -0.0151663 -0.00814266 0.000118769)
(0.00137484 -0.0129614 -0.0151674 -0.0129614 0.000163275 -0.0081422 -0.0151674 -0.0081422 0.000118375)
(0.00138662 -0.0129606 -0.0151634 -0.0129606 0.000161646 -0.00814143 -0.0151634 -0.00814143 0.000119115)
(0.00139795 -0.0129622 -0.0151604 -0.0129622 0.000161057 -0.00814214 -0.0151604 -0.00814214 0.000119683)
(0.00138899 -0.0129628 -0.0151638 -0.0129628 0.000162243 -0.0081426 -0.0151638 -0.0081426 0.000119343)
(0.00138192 -0.0129628 -0.0151658 -0.0129628 0.000163072 -0.00814283 -0.0151658 -0.00814283 0.000118632)
(0.00137613 -0.0129614 -0.0151669 -0.0129614 0.000163127 -0.00814216 -0.0151669 -0.00814216 0.000118373)
(0.00139044 -0.0129613 -0.0151618 -0.0129613 0.000161497 -0.00814184 -0.0151618 -0.00814184 0.000118906)
(0.00139835 -0.0129622 -0.0151603 -0.0129622 0.000161004 -0.0081421 -0.0151603 -0.0081421 0.000119652)
(0.00138751 -0.0129622 -0.0151645 -0.0129622 0.000162199 -0.00814223 -0.0151645 -0.00814223 0.00011952)
(0.0013804 -0.0129627 -0.0151663 -0.0129627 0.000163196 -0.00814281 -0.0151663 -0.00814281 0.000118666)
(0.00137528 -0.0129611 -0.0151672 -0.0129611 0.00016312 -0.00814199 -0.0151672 -0.00814199 0.000118415)
(0.00139225 -0.0129612 -0.0151612 -0.0129612 0.000161296 -0.00814176 -0.0151612 -0.00814176 0.00011898)
(0.00140393 -0.0129623 -0.0151582 -0.0129623 0.000160502 -0.00814215 -0.0151582 -0.00814215 0.000119629)
(0.00139101 -0.0129627 -0.0151634 -0.0129627 0.000162028 -0.00814251 -0.0151634 -0.00814251 0.000119529)
(0.00138112 -0.0129634 -0.0151659 -0.0129634 0.000163321 -0.00814321 -0.0151659 -0.00814321 0.000118521)
(0.00137179 -0.0129612 -0.0151683 -0.0129612 0.000163488 -0.00814213 -0.0151683 -0.00814213 0.000118321)
(0.00139024 -0.0129607 -0.0151622 -0.0129607 0.000161336 -0.00814144 -0.0151622 -0.00814144 0.000119156)
(0.00140119 -0.0129621 -0.0151594 -0.0129621 0.000160725 -0.00814204 -0.0151594 -0.00814204 0.000119727)
(0.00138614 -0.0129624 -0.015165 -0.0129624 0.000162386 -0.00814238 -0.015165 -0.00814238 0.000119509)
(0.00137696 -0.0129627 -0.0151673 -0.0129627 0.000163484 -0.00814284 -0.0151673 -0.00814284 0.000118592)
(0.00137328 -0.0129612 -0.0151679 -0.0129612 0.000163356 -0.00814209 -0.0151679 -0.00814209 0.000118334)
(0.00138668 -0.0129604 -0.0151635 -0.0129604 0.000161577 -0.00814128 -0.0151635 -0.00814128 0.000119182)
(0.00139994 -0.0129622 -0.0151598 -0.0129622 0.000160844 -0.00814207 -0.0151598 -0.00814207 0.000119737)
(0.00138524 -0.0129626 -0.0151652 -0.0129626 0.000162539 -0.00814251 -0.0151652 -0.00814251 0.000119413)
(0.0013727 -0.0129619 -0.0151689 -0.0129619 0.000163666 -0.00814244 -0.0151689 -0.00814244 0.000118737)
(0.00136646 -0.0129603 -0.0151703 -0.0129603 0.000163681 -0.00814158 -0.0151703 -0.00814158 0.000118591)
(0.00138431 -0.0129607 -0.0151641 -0.0129607 0.0001619 -0.00814152 -0.0151641 -0.00814152 0.000119057)
(0.00139135 -0.0129621 -0.0151625 -0.0129621 0.000161633 -0.00814216 -0.0151625 -0.00814216 0.00011958)
(0.00138662 -0.0129632 -0.0151642 -0.0129632 0.00016256 -0.00814292 -0.0151642 -0.00814292 0.000119193)
(0.00137849 -0.0129627 -0.0151669 -0.0129627 0.000163371 -0.00814284 -0.0151669 -0.00814284 0.00011859)
(0.00137457 -0.0129608 -0.0151677 -0.0129608 0.000163124 -0.00814182 -0.0151677 -0.00814182 0.000118531)
(0.00139134 -0.0129613 -0.0151616 -0.0129613 0.000161427 -0.00814182 -0.0151616 -0.00814182 0.000118983)
(0.000172914 -0.0128313 -0.0154156 -0.0128313 0.000131378 -0.00815254 -0.0154156 -0.00815254 5.21584e-05)
(0.000385109 -0.0128491 -0.0154262 -0.0128491 0.000132391 -0.00814424 -0.0154262 -0.00814424 3.5967e-05)
(0.00045513 -0.0128543 -0.0154246 -0.0128543 0.000129945 -0.00814289 -0.0154246 -0.00814289 4.12691e-05)
(0.000256408 -0.0128425 -0.0154127 -0.0128425 0.000138489 -0.00814634 -0.0154127 -0.00814634 5.65527e-05)
(0.000164889 -0.0128322 -0.0154111 -0.0128322 0.000130517 -0.00815262 -0.0154111 -0.00815262 6.35111e-05)
(0.000163308 -0.0128301 -0.0154156 -0.0128301 0.000129064 -0.00815329 -0.0154156 -0.00815329 5.34455e-05)
(0.000397334 -0.0128502 -0.0154271 -0.0128502 0.000131816 -0.00814405 -0.0154271 -0.00814405 3.50934e-05)
(0.000445275 -0.0128536 -0.0154245 -0.0128536 0.000130258 -0.00814294 -0.0154245 -0.00814294 4.07924e-05)
(0.000287552 -0.0128446 -0.0154151 -0.0128446 0.000137983 -0.00814553 -0.0154151 -0.00814553 5.3265e-05)
(0.000183625 -0.0128354 -0.0154119 -0.0128354 0.000135424 -0.00815116 -0.0154119 -0.00815116 5.97594e-05)
(0.000195753 -0.0128357 -0.0154171 -0.0128357 0.000135877 -0.00815096 -0.0154171 -0.00815096 4.74884e-05)
(0.000363597 -0.0128483 -0.0154249 -0.0128483 0.000133387 -0.0081446 -0.0154249 -0.0081446 3.70975e-05)
(0.000412854 -0.0128516 -0.015423 -0.0128516 0.000131768 -0.00814319 -0.015423 -0.00814319 4.21513e-05)
(0.000268695 -0.0128431 -0.0154134 -0.0128431 0.000138364 -0.00814591 -0.0154134 -0.00814591 5.56711e-05)
(0.000159132 -0.0128311 -0.0154107 -0.0128311 0.000128434 -0.00815313 -0.0154107 -0.00815313 6.58331e-05)
(0.000172995 -0.0128317 -0.015416 -0.0128317 0.000131516 -0.00815254 -0.015416 -0.00815254 5.11036e-05)
(0.000367948 -0.0128483 -0.0154251 -0.0128483 0.000133297 -0.00814448 -0.0154251 -0.00814448 3.68967e-05)
(0.000427773 -0.0128527 -0.0154237 -0.0128527 0.000130946 -0.00814311 -0.0154237 -0.00814311 4.13386e-05)
(0.00024559 -0.012841 -0.0154118 -0.012841 0.000138286 -0.0081467 -0.0154118 -0.0081467 5.8044e-05)
(0.000166684 -0.0128329 -0.0154102 -0.0128329 0.000131442 -0.00815229 -0.0154102 -0.00815229 6.51517e-05)
(0.000137019 -0.012825 -0.0154159 -0.012825 0.000116472 -0.00815567 -0.0154159 -0.00815567 5.98241e-05)
(0.00035053 -0.0128471 -0.0154252 -0.0128471 0.000133725 -0.00814498 -0.0154252 -0.00814498 3.61048e-05)
(0.000431334 -0.0128527 -0.0154242 -0.0128527 0.000130557 -0.00814314 -0.0154242 -0.00814314 4.05562e-05)
(0.00025076 -0.0128413 -0.0154127 -0.0128413 0.000138215 -0.00814672 -0.0154127 -0.00814672 5.65046e-05)
(0.000191431 -0.0128368 -0.0154121 -0.0128368 0.000136897 -0.00815056 -0.0154121 -0.00815056 5.89038e-05)
(0.000169701 -0.0128314 -0.0154155 -0.0128314 0.000131167 -0.00815275 -0.0154155 -0.00815275 5.24143e-05)
(0.000359924 -0.0128477 -0.0154252 -0.0128477 0.000133585 -0.00814471 -0.0154252 -0.00814471 3.6478e-05)
(0.000457562 -0.0128541 -0.0154245 -0.0128541 0.000129635 -0.00814275 -0.0154245 -0.00814275 4.13145e-05)
(0.000248654 -0.0128408 -0.0154121 -0.0128408 0.000137841 -0.00814657 -0.0154121 -0.00814657 5.70825e-05)
(0.000173013 -0.0128337 -0.0154113 -0.0128337 0.000133157 -0.00815188 -0.0154113 -0.00815188 6.18257e-05)
(0.000189438 -0.0128344 -0.0154166 -0.0128344 0.000134961 -0.00815133 -0.0154166 -0.00815133 4.86143e-05)
(0.000386201 -0.0128491 -0.015426 -0.0128491 0.000132268 -0.00814415 -0.015426 -0.00814415 3.61239e-05)
(0.000447391 -0.0128535 -0.0154246 -0.0128535 0.000130292 -0.00814298 -0.0154246 -0.00814298 4.10831e-05)
(0.000313418 -0.0128469 -0.015417 -0.0128469 0.000137384 -0.00814497 -0.015417 -0.00814497 5.07235e-05)
(0.000213769 -0.0128395 -0.0154134 -0.0128395 0.000138684 -0.00814916 -0.0154134 -0.00814916 5.54464e-05)
(0.000206977 -0.0128375 -0.0154177 -0.0128375 0.000136915 -0.00815031 -0.0154177 -0.00815031 4.60279e-05)
(0.000353589 -0.012848 -0.0154249 -0.012848 0.000133534 -0.00814494 -0.0154249 -0.00814494 3.67748e-05)
(0.000423231 -0.0128521 -0.0154235 -0.0128521 0.000130992 -0.00814313 -0.0154235 -0.00814313 4.1468e-05)
(0.000287305 -0.0128447 -0.0154147 -0.0128447 0.000138073 -0.00814535 -0.0154147 -0.00814535 5.40055e-05)
(0.000179095 -0.0128348 -0.0154109 -0.0128348 0.000134685 -0.00815126 -0.0154109 -0.00815126 6.20264e-05)
(-0.000195048 -0.0128258 -0.0154657 -0.0128258 0.000103634 -0.00809563 -0.0154657 -0.00809563 8.61281e-05)
(-0.000190273 -0.0128341 -0.0154442 -0.0128341 0.000112661 -0.00810176 -0.0154442 -0.00810176 8.72659e-05)
(-0.000139133 -0.0128188 -0.0154622 -0.0128188 9.11343e-05 -0.0080971 -0.0154622 -0.0080971 8.86903e-05)
(-1.58545e-05 -0.0128091 -0.0154472 -0.0128091 6.33199e-05 -0.0081 -0.0154472 -0.0081 9.65287e-05)
(-4.12105e-05 -0.0128129 -0.0154544 -0.0128129 7.25747e-05 -0.00809743 -0.0154544 -0.00809743 9.62811e-05)
(-0.000203067 -0.0128279 -0.0154629 -0.0128279 0.000106192 -0.00809641 -0.0154629 -0.00809641 8.55998e-05)
(-0.00020467 -0.0128318 -0.0154507 -0.0128318 0.000111277 -0.00810054 -0.0154507 -0.00810054 8.63053e-05)
(-0.000104651 -0.0128156 -0.0154589 -0.0128156 8.26997e-05 -0.00809754 -0.0154589 -0.00809754 9.07025e-05)
(-1.84593e-05 -0.0128089 -0.015447 -0.0128089 6.26432e-05 -0.00810018 -0.015447 -0.00810018 9.62223e-05)
(-4.92504e-05 -0.0128133 -0.0154552 -0.0128133 7.40407e-05 -0.00809733 -0.0154552 -0.00809733 9.53784e-05)
(-0.000192861 -0.0128251 -0.0154656 -0.0128251 0.000103246 -0.00809578 -0.0154656 -0.00809578 8.62528e-05)
(-0.000206078 -0.0128297 -0.0154555 -0.0128297 0.000109224 -0.00809934 -0.0154555 -0.00809934 8.57803e-05)
(-0.000103792 -0.0128161 -0.0154597 -0.0128161 8.29197e-05 -0.00809714 -0.0154597 -0.00809714 9.09467e-05)
(-1.31008e-05 -0.0128085 -0.0154462 -0.0128085 6.16095e-05 -0.0081004 -0.0154462 -0.0081004 9.63836e-05)
(-4.48884e-05 -0.0128128 -0.0154544 -0.0128128 7.2913e-05 -0.00809756 -0.0154544 -0.00809756 9.58391e-05)
(-0.000202116 -0.0128274 -0.0154632 -0.0128274 0.000105799 -0.00809646 -0.0154632 -0.00809646 8.57149e-05)
(-0.000203288 -0.0128316 -0.0154512 -0.0128316 0.000110952 -0.00810033 -0.0154512 -0.00810033 8.6261e-05)
(-9.7487e-05 -0.012815 -0.0154583 -0.012815 8.10957e-05 -0.00809757 -0.0154583 -0.00809757 9.11803e-05)
(-4.93821e-05 -0.0128122 -0.0154535 -0.0128122 7.28034e-05 -0.00809838 -0.0154535 -0.00809838 9.40966e-05)
(-2.8202e-05 -0.0128124 -0.015453 -0.0128124 7.04515e-05 -0.00809775 -0.015453 -0.00809775 9.71791e-05)
(-0.000199688 -0.0128274 -0.0154634 -0.0128274 0.000105647 -0.00809629 -0.0154634 -0.00809629 8.56347e-05)
(-0.000199658 -0.0128332 -0.015447 -0.0128332 0.000112589 -0.00810135 -0.015447 -0.00810135 8.68573e-05)
(-9.57571e-05 -0.0128149 -0.015458 -0.0128149 8.01921e-05 -0.00809765 -0.015458 -0.00809765 9.13644e-05)
(-4.91778e-05 -0.0128125 -0.0154539 -0.0128125 7.24923e-05 -0.00809832 -0.0154539 -0.00809832 9.40791e-05)
(-2.95113e-05 -0.0128121 -0.0154524 -0.0128121 6.94141e-05 -0.00809806 -0.0154524 -0.00809806 9.66954e-05)
(-0.000196875 -0.0128263 -0.0154651 -0.0128263 0.000104653 -0.0080958 -0.0154651 -0.0080958 8.58005e-05)
(-0.000183182 -0.0128346 -0.0154421 -0.0128346 0.000113395 -0.00810203 -0.0154421 -0.00810203 8.75096e-05)
(-0.000114492 -0.0128165 -0.0154604 -0.0128165 8.5129e-05 -0.00809703 -0.0154604 -0.00809703 9.0483e-05)
(-6.44681e-05 -0.0128135 -0.0154557 -0.0128135 7.67047e-05 -0.00809806 -0.0154557 -0.00809806 9.28644e-05)
(-7.81647e-05 -0.0128158 -0.0154597 -0.0128158 8.11166e-05 -0.00809639 -0.0154597 -0.00809639 9.34841e-05)
(-0.000187299 -0.012824 -0.0154661 -0.012824 0.000101468 -0.00809559 -0.0154661 -0.00809559 8.68603e-05)
(-0.000208291 -0.0128304 -0.015454 -0.0128304 0.000110588 -0.00809964 -0.015454 -0.00809964 8.59381e-05)
(-0.000149127 -0.0128198 -0.0154632 -0.0128198 9.28416e-05 -0.00809677 -0.0154632 -0.00809677 8.84309e-05)
(-5.17295e-05 -0.0128123 -0.0154535 -0.0128123 7.23186e-05 -0.00809843 -0.0154535 -0.00809843 9.42469e-05)
(-2.47553e-05 -0.0128109 -0.0154504 -0.0128109 6.67057e-05 -0.00809866 -0.0154504 -0.00809866 9.78435e-05)
(-0.000185262 -0.0128234 -0.0154661 -0.0128234 0.000101543 -0.00809558 -0.0154661 -0.00809558 8.67219e-05)
(-0.000205398 -0.0128298 -0.0154547 -0.0128298 0.000109992 -0.00809963 -0.0154547 -0.00809963 8.57202e-05)
(-0.000134401 -0.0128188 -0.0154628 -0.0128188 8.97445e-05 -0.00809668 -0.0154628 -0.00809668 8.93823e-05)
(-4.43379e-05 -0.012812 -0.0154529 -0.012812 7.10892e-05 -0.00809851 -0.0154529 -0.00809851 9.48654e-05)
(-6.47673e-06 -0.0128098 -0.0154475 -0.0128098 6.24571e-05 -0.00809949 -0.0154475 -0.00809949 9.96381e-05)
(-0.000163938 -0.0128213 -0.0154678 -0.0128213 9.89572e-05 -0.00809558 -0.0154678 -0.00809558 8.75253e-05)
(-9.29963e-07 -0.0128408 -0.0154058 -0.0128408 0.000110181 -0.00810814 -0.0154058 -0.00810814 9.14927e-05)
(-7.95184e-05 -0.0128387 -0.0154174 -0.0128387 0.000112954 -0.00810784 -0.0154174 -0.00810784 9.10945e-05)
(-0.000132125 -0.0128175 -0.0154575 -0.0128175 8.80885e-05 -0.00810152 -0.0154575 -0.00810152 8.68158e-05)
(-5.55527e-05 -0.0128097 -0.0154487 -0.0128097 6.92854e-05 -0.00810141 -0.0154487 -0.00810141 9.42159e-05)
(-0.000176564 -0.0128229 -0.0154673 -0.0128229 0.000101894 -0.00809591 -0.0154673 -0.00809591 8.6076e-05)
(-2.16788e-05 -0.0128401 -0.01541 -0.0128401 0.000110285 -0.00810735 -0.01541 -0.00810735 9.10365e-05)
(-0.000136692 -0.0128356 -0.0154316 -0.0128356 0.000112678 -0.00810545 -0.0154316 -0.00810545 8.89645e-05)
(-0.00013056 -0.0128173 -0.0154572 -0.0128173 8.76455e-05 -0.0081017 -0.0154572 -0.0081017 8.66396e-05)
(-8.76853e-05 -0.0128127 -0.0154535 -0.0128127 7.79018e-05 -0.0081005 -0.0154535 -0.0081005 9.20602e-05)
(-0.000178632 -0.012823 -0.0154671 -0.012823 0.000102661 -0.008096 -0.0154671 -0.008096 8.57908e-05)
(-7.05585e-05 -0.0128371 -0.0154229 -0.0128371 0.000110625 -0.00810515 -0.0154229 -0.00810515 8.91496e-05)
(-0.000149255 -0.0128345 -0.0154358 -0.0128345 0.000111856 -0.00810459 -0.0154358 -0.00810459 8.83967e-05)
(-0.000117797 -0.0128162 -0.0154564 -0.0128162 8.45068e-05 -0.00810174 -0.0154564 -0.00810174 8.70664e-05)
(-5.23971e-05 -0.012809 -0.0154475 -0.012809 6.78031e-05 -0.00810191 -0.0154475 -0.00810191 9.415e-05)
(-0.000180556 -0.0128235 -0.0154665 -0.0128235 0.000103262 -0.0080962 -0.0154665 -0.0080962 8.55622e-05)
(-2.32703e-05 -0.0128402 -0.0154097 -0.0128402 0.000110389 -0.00810749 -0.0154097 -0.00810749 9.122e-05)
(-0.000150818 -0.0128339 -0.015437 -0.0128339 0.000112119 -0.00810442 -0.015437 -0.00810442 8.80603e-05)
(-0.000131155 -0.0128173 -0.0154574 -0.0128173 8.79956e-05 -0.0081016 -0.0154574 -0.0081016 8.67543e-05)
(-6.42143e-05 -0.0128106 -0.0154504 -0.0128106 7.18564e-05 -0.00810105 -0.0154504 -0.00810105 9.37911e-05)
(-0.000157652 -0.0128211 -0.0154675 -0.0128211 9.75763e-05 -0.00809558 -0.0154675 -0.00809558 8.80906e-05)
(-1.0096e-05 -0.0128411 -0.015406 -0.0128411 0.000110649 -0.00810812 -0.015406 -0.00810812 9.17679e-05)
(-0.000144601 -0.012835 -0.0154339 -0.012835 0.000112711 -0.00810497 -0.0154339 -0.00810497 8.86114e-05)
(-0.000116333 -0.0128161 -0.0154563 -0.0128161 8.37824e-05 -0.00810203 -0.0154563 -0.00810203 8.67017e-05)
(-7.23774e-05 -0.0128114 -0.0154514 -0.0128114 7.38925e-05 -0.00810122 -0.0154514 -0.00810122 9.2297e-05)
(-0.000167475 -0.0128221 -0.0154677 -0.0128221 0.000100605 -0.00809572 -0.0154677 -0.00809572 8.65723e-05)
(1.55977e-05 -0.0128414 -0.0154028 -0.0128414 0.000109757 -0.0081085 -0.0154028 -0.0081085 9.16911e-05)
(-0.000115433 -0.0128366 -0.0154268 -0.0128366 0.000112894 -0.00810608 -0.0154268 -0.00810608 8.96113e-05)
(-0.000125175 -0.0128169 -0.015457 -0.0128169 8.6675e-05 -0.00810181 -0.015457 -0.00810181 8.67366e-05)
(-9.76599e-05 -0.012814 -0.0154554 -0.012814 8.02162e-05 -0.00810019 -0.0154554 -0.00810019 9.14486e-05)
(-0.000172673 -0.0128221 -0.0154676 -0.0128221 0.000100239 -0.00809575 -0.0154676 -0.00809575 8.7017e-05)
(-5.27e-05 -0.0128378 -0.0154194 -0.0128378 0.000110816 -0.00810574 -0.0154194 -0.00810574 8.94252e-05)
(-0.000100215 -0.0128374 -0.0154231 -0.0128374 0.000112807 -0.00810662 -0.0154231 -0.00810662 9.01738e-05)
(-0.000161193 -0.012821 -0.015459 -0.012821 9.57746e-05 -0.00810113 -0.015459 -0.00810113 8.59941e-05)
(-0.000111068 -0.0128149 -0.0154567 -0.0128149 8.39815e-05 -0.00809986 -0.0154567 -0.00809986 9.08345e-05)
(-0.000172981 -0.0128219 -0.0154673 -0.0128219 0.000101361 -0.00809596 -0.0154673 -0.00809596 8.64281e-05)
(-7.58905e-05 -0.012836 -0.0154263 -0.012836 0.000111129 -0.00810454 -0.0154263 -0.00810454 8.82337e-05)
(-0.00012456 -0.0128358 -0.0154299 -0.0128358 0.000112208 -0.00810531 -0.0154299 -0.00810531 8.91593e-05)
(-0.000167134 -0.0128222 -0.0154586 -0.0128222 9.8228e-05 -0.00810151 -0.0154586 -0.00810151 8.56012e-05)
(-6.72374e-05 -0.0128109 -0.0154507 -0.0128109 7.19344e-05 -0.00810091 -0.0154507 -0.00810091 9.41025e-05)
(-0.000138062 -0.0128175 -0.0154634 -0.0128175 9.29167e-05 -0.00809727 -0.0154634 -0.00809727 9.03628e-05)
(-0.000157375 -0.0128281 -0.0154554 -0.0128281 0.000108668 -0.00809882 -0.0154554 -0.00809882 8.36403e-05)
(-0.000106515 -0.0128355 -0.0154278 -0.0128355 0.000112307 -0.00810505 -0.0154278 -0.00810505 8.91207e-05)
(-0.000187057 -0.0128245 -0.0154577 -0.0128245 0.00010276 -0.00810145 -0.0154577 -0.00810145 8.54478e-05)
(-2.64349e-05 -0.0128058 -0.0154425 -0.0128058 5.96607e-05 -0.00810392 -0.0154425 -0.00810392 9.326e-05)
(-0.000146563 -0.0128182 -0.0154638 -0.0128182 9.47888e-05 -0.00809729 -0.0154638 -0.00809729 8.93375e-05)
(-0.000151039 -0.0128287 -0.0154533 -0.0128287 0.000108748 -0.0080992 -0.0154533 -0.0080992 8.37631e-05)
(-0.000127407 -0.0128346 -0.0154323 -0.0128346 0.000112186 -0.00810434 -0.0154323 -0.00810434 8.86454e-05)
(-0.000171349 -0.0128218 -0.0154589 -0.0128218 9.73034e-05 -0.00810147 -0.0154589 -0.00810147 8.54101e-05)
(-2.91615e-05 -0.0128063 -0.0154432 -0.0128063 6.06047e-05 -0.00810383 -0.0154432 -0.00810383 9.27925e-05)
(-0.00014925 -0.0128187 -0.0154648 -0.0128187 9.55176e-05 -0.00809696 -0.0154648 -0.00809696 8.91354e-05)
(-0.000160856 -0.0128277 -0.0154564 -0.0128277 0.000108533 -0.00809868 -0.0154564 -0.00809868 8.36068e-05)
(-0.000139458 -0.0128335 -0.0154361 -0.0128335 0.000111901 -0.00810371 -0.0154361 -0.00810371 8.8096e-05)
(-0.000172399 -0.012822 -0.0154592 -0.012822 9.75924e-05 -0.00810118 -0.0154592 -0.00810118 8.56502e-05)
(-8.20824e-06 -0.0128035 -0.0154383 -0.0128035 5.3789e-05 -0.00810527 -0.0154383 -0.00810527 9.3645e-05)
(-0.000145671 -0.0128183 -0.015464 -0.0128183 9.48319e-05 -0.00809718 -0.015464 -0.00809718 8.93745e-05)
(-0.000146643 -0.0128294 -0.0154509 -0.0128294 0.000109011 -0.0080997 -0.0154509 -0.0080997 8.42291e-05)
(-0.000136603 -0.0128338 -0.0154352 -0.0128338 0.000112218 -0.00810389 -0.0154352 -0.00810389 8.8184e-05)
(-0.000158023 -0.0128199 -0.0154594 -0.0128199 9.31245e-05 -0.00810086 -0.0154594 -0.00810086 8.6331e-05)
(-3.63719e-05 -0.012807 -0.0154447 -0.012807 6.30341e-05 -0.00810318 -0.0154447 -0.00810318 9.34231e-05)
(-0.000125831 -0.0128167 -0.0154622 -0.0128167 9.02319e-05 -0.00809737 -0.0154622 -0.00809737 9.12912e-05)
(-0.000152232 -0.0128292 -0.0154526 -0.0128292 0.000108875 -0.0080993 -0.0154526 -0.0080993 8.4023e-05)
(-0.000120135 -0.0128353 -0.0154296 -0.0128353 0.000112872 -0.00810491 -0.0154296 -0.00810491 8.90954e-05)
(-0.000159804 -0.0128203 -0.015459 -0.0128203 9.31333e-05 -0.00810142 -0.015459 -0.00810142 8.57435e-05)
(-1.67074e-05 -0.0128045 -0.0154404 -0.0128045 5.63232e-05 -0.00810501 -0.0154404 -0.00810501 9.21053e-05)
(-0.000132382 -0.0128173 -0.015463 -0.0128173 9.26551e-05 -0.00809732 -0.015463 -0.00809732 9.02663e-05)
(-0.000152381 -0.0128285 -0.0154545 -0.0128285 0.000108302 -0.00809888 -0.0154545 -0.00809888 8.35999e-05)
(-0.000110039 -0.0128357 -0.0154276 -0.0128357 0.000112777 -0.00810527 -0.0154276 -0.00810527 8.93184e-05)
(-0.000146858 -0.0128187 -0.0154589 -0.0128187 8.98807e-05 -0.00810109 -0.0154589 -0.00810109 8.64972e-05)
(-3.49958e-05 -0.0128072 -0.0154449 -0.0128072 6.21092e-05 -0.00810342 -0.0154449 -0.00810342 9.2619e-05)
(-0.000149929 -0.0128188 -0.0154645 -0.0128188 9.55547e-05 -0.00809711 -0.0154645 -0.00809711 8.90319e-05)
(-0.000158262 -0.0128277 -0.0154564 -0.0128277 0.000108484 -0.00809865 -0.0154564 -0.00809865 8.34939e-05)
(-0.000124176 -0.0128343 -0.0154328 -0.0128343 0.000112236 -0.00810415 -0.0154328 -0.00810415 8.83614e-05)
(-0.000186413 -0.0128241 -0.0154585 -0.0128241 0.000101835 -0.00810113 -0.0154585 -0.00810113 8.55018e-05)
(-5.83748e-05 -0.0128096 -0.0154489 -0.0128096 6.93292e-05 -0.00810232 -0.0154489 -0.00810232 9.17401e-05)
(-0.000144914 -0.0128181 -0.0154638 -0.0128181 9.46085e-05 -0.0080973 -0.0154638 -0.0080973 8.94733e-05)
(-0.000169048 -0.0128265 -0.0154604 -0.0128265 0.000108166 -0.00809785 -0.0154604 -0.00809785 8.31149e-05)
(-0.000124422 -0.0128337 -0.0154343 -0.0128337 0.000112101 -0.00810384 -0.0154343 -0.00810384 8.79281e-05)
(-0.000186061 -0.0128244 -0.0154582 -0.0128244 0.000102086 -0.00810125 -0.0154582 -0.00810125 8.54514e-05)
(-5.68613e-05 -0.0128092 -0.0154485 -0.0128092 6.83236e-05 -0.00810227 -0.0154485 -0.00810227 9.24074e-05)
(-2.78582e-05 -0.0128076 -0.0154467 -0.0128076 6.68719e-05 -0.00810111 -0.0154467 -0.00810111 9.79599e-05)
(-0.000167194 -0.0128233 -0.015465 -0.0128233 0.000103331 -0.00809699 -0.015465 -0.00809699 8.45657e-05)
(-9.94633e-05 -0.0128333 -0.0154339 -0.0128333 0.00010971 -0.00810319 -0.0154339 -0.00810319 8.71637e-05)
(-0.000129259 -0.0128339 -0.0154329 -0.0128339 0.000111712 -0.00810485 -0.0154329 -0.00810485 8.87623e-05)
(-6.12738e-05 -0.0128096 -0.0154505 -0.0128096 7.02765e-05 -0.00810147 -0.0154505 -0.00810147 9.2009e-05)
(-2.65316e-05 -0.012807 -0.015446 -0.012807 6.60861e-05 -0.00810137 -0.015446 -0.00810137 9.7191e-05)
(-0.000166619 -0.0128241 -0.0154636 -0.0128241 0.000104195 -0.00809732 -0.0154636 -0.00809732 8.41933e-05)
(-8.8877e-05 -0.0128339 -0.0154309 -0.0128339 0.000109688 -0.00810374 -0.0154309 -0.00810374 8.76297e-05)
(-0.000156011 -0.0128324 -0.0154395 -0.0128324 0.000111393 -0.00810381 -0.0154395 -0.00810381 8.78621e-05)
(-3.7747e-05 -0.012807 -0.0154462 -0.012807 6.32103e-05 -0.00810272 -0.0154462 -0.00810272 9.25961e-05)
(-2.53357e-05 -0.0128073 -0.0154462 -0.0128073 6.58794e-05 -0.00810124 -0.0154462 -0.00810124 9.79431e-05)
(-0.000163878 -0.0128239 -0.0154637 -0.0128239 0.00010419 -0.00809731 -0.0154637 -0.00809731 8.40589e-05)
(-0.000112701 -0.0128325 -0.0154368 -0.0128325 0.000109611 -0.00810274 -0.0154368 -0.00810274 8.69722e-05)
(-0.000147812 -0.0128327 -0.0154379 -0.0128327 0.000111329 -0.00810402 -0.0154379 -0.00810402 8.80508e-05)
(-3.27969e-05 -0.0128064 -0.0154452 -0.0128064 6.18606e-05 -0.00810294 -0.0154452 -0.00810294 9.29695e-05)
(-1.54299e-05 -0.0128063 -0.0154441 -0.0128063 6.33603e-05 -0.00810185 -0.0154441 -0.00810185 9.86566e-05)
(-0.000166246 -0.0128244 -0.0154628 -0.0128244 0.000104375 -0.00809749 -0.0154628 -0.00809749 8.42847e-05)
(-0.000107996 -0.0128333 -0.0154345 -0.0128333 0.000109952 -0.00810315 -0.0154345 -0.00810315 8.73699e-05)
(-0.000177099 -0.0128299 -0.0154477 -0.0128299 0.000109756 -0.00810212 -0.0154477 -0.00810212 8.67726e-05)
(-5.65293e-05 -0.0128091 -0.0154499 -0.0128091 6.94279e-05 -0.00810155 -0.0154499 -0.00810155 9.26043e-05)
(-1.82572e-05 -0.0128067 -0.0154449 -0.0128067 6.46069e-05 -0.00810156 -0.0154449 -0.00810156 9.82206e-05)
(-0.000171008 -0.0128237 -0.0154651 -0.0128237 0.000103273 -0.00809687 -0.0154651 -0.00809687 8.46442e-05)
(-0.000103025 -0.0128339 -0.0154323 -0.0128339 0.000110232 -0.00810355 -0.0154323 -0.00810355 8.77882e-05)
(-0.000159867 -0.0128325 -0.0154396 -0.0128325 0.000111655 -0.00810386 -0.0154396 -0.00810386 8.7949e-05)
(-3.56733e-05 -0.0128068 -0.0154457 -0.0128068 6.25815e-05 -0.00810297 -0.0154457 -0.00810297 9.23773e-05)
(-7.3716e-06 -0.0128054 -0.0154424 -0.0128054 6.21075e-05 -0.00810224 -0.0154424 -0.00810224 9.85042e-05)
(-0.000166537 -0.0128233 -0.0154651 -0.0128233 0.00010266 -0.0080969 -0.0154651 -0.0080969 8.47641e-05)
(-0.00010965 -0.0128335 -0.0154339 -0.0128335 0.000110075 -0.00810327 -0.0154339 -0.00810327 8.76298e-05)
(-0.000172131 -0.0128308 -0.015445 -0.0128308 0.000110521 -0.0081028 -0.015445 -0.0081028 8.71321e-05)
(-4.38979e-05 -0.0128079 -0.0154477 -0.0128079 6.51357e-05 -0.0081024 -0.0154477 -0.0081024 9.22882e-05)
(-4.09925e-05 -0.0128087 -0.0154493 -0.0128087 7.01768e-05 -0.00810059 -0.0154493 -0.00810059 9.60688e-05)
(-0.000164298 -0.0128234 -0.0154646 -0.0128234 0.00010343 -0.00809707 -0.0154646 -0.00809707 8.43542e-05)
(-0.000114851 -0.0128322 -0.0154384 -0.0128322 0.00010953 -0.00810236 -0.0154384 -0.00810236 8.65304e-05)
(-0.000141879 -0.0128332 -0.015436 -0.0128332 0.000111643 -0.00810417 -0.015436 -0.00810417 8.83095e-05)
(-5.69875e-05 -0.0128094 -0.01545 -0.0128094 6.84453e-05 -0.00810159 -0.01545 -0.00810159 9.21467e-05)
(-2.11698e-05 -0.0128064 -0.0154448 -0.0128064 6.41154e-05 -0.00810181 -0.0154448 -0.00810181 9.75518e-05)
(-0.000165268 -0.0128221 -0.0154671 -0.0128221 0.000101465 -0.00809647 -0.0154671 -0.00809647 8.52395e-05)
(-0.000114545 -0.0128316 -0.01544 -0.0128316 0.000109494 -0.00810205 -0.01544 -0.00810205 8.59959e-05)
(-0.000141673 -0.0128331 -0.0154364 -0.0128331 0.000111418 -0.00810403 -0.0154364 -0.00810403 8.82363e-05)
(-7.58473e-05 -0.0128113 -0.0154532 -0.0128113 7.41609e-05 -0.00810082 -0.0154532 -0.00810082 9.13988e-05)
(2.12038e-05 -0.0128012 -0.0154339 -0.0128012 4.94347e-05 -0.00810561 -0.0154339 -0.00810561 0.000102035)
(-7.69286e-05 -0.0128126 -0.0154578 -0.0128126 8.02369e-05 -0.00809813 -0.0154578 -0.00809813 9.41278e-05)
(-0.000152356 -0.012828 -0.0154522 -0.012828 0.000106177 -0.00809998 -0.0154522 -0.00809998 8.54979e-05)
(-0.00011562 -0.0128348 -0.0154288 -0.0128348 0.000110904 -0.0081051 -0.0154288 -0.0081051 8.96623e-05)
(-0.000186551 -0.0128241 -0.01546 -0.0128241 0.000103922 -0.00809929 -0.01546 -0.00809929 8.60143e-05)
(2.73377e-05 -0.0127998 -0.0154313 -0.0127998 4.64181e-05 -0.00810667 -0.0154313 -0.00810667 0.000101349)
(-8.9292e-05 -0.0128138 -0.0154597 -0.0128138 8.26399e-05 -0.00809778 -0.0154597 -0.00809778 9.32864e-05)
(-0.000139525 -0.0128289 -0.0154486 -0.0128289 0.000106579 -0.00810061 -0.0154486 -0.00810061 8.57188e-05)
(-0.000113634 -0.012835 -0.0154281 -0.012835 0.000111093 -0.00810517 -0.0154281 -0.00810517 8.97425e-05)
(-0.000186179 -0.012823 -0.0154617 -0.012823 0.000101982 -0.00809882 -0.0154617 -0.00809882 8.6384e-05)
(3.54428e-05 -0.0127989 -0.0154288 -0.0127989 4.36189e-05 -0.00810798 -0.0154288 -0.00810798 0.000102037)
(-9.22118e-05 -0.012814 -0.0154603 -0.012814 8.36324e-05 -0.00809762 -0.0154603 -0.00809762 9.30171e-05)
(-0.000146794 -0.0128283 -0.0154506 -0.0128283 0.000106312 -0.00810031 -0.0154506 -0.00810031 8.56446e-05)
(-0.00010629 -0.0128352 -0.0154268 -0.0128352 0.000110935 -0.00810548 -0.0154268 -0.00810548 8.98944e-05)
(-0.000182696 -0.0128222 -0.015462 -0.0128222 0.000100623 -0.00809877 -0.015462 -0.00809877 8.66537e-05)
(3.74532e-05 -0.0127989 -0.0154285 -0.0127989 4.37677e-05 -0.00810799 -0.0154285 -0.00810799 0.000102422)
(-9.47615e-05 -0.0128144 -0.0154606 -0.0128144 8.40172e-05 -0.00809759 -0.0154606 -0.00809759 9.26415e-05)
(-0.000145 -0.0128292 -0.0154485 -0.0128292 0.000106855 -0.00810065 -0.0154485 -0.00810065 8.59064e-05)
(-0.000141349 -0.0128329 -0.0154368 -0.0128329 0.000110448 -0.00810369 -0.0154368 -0.00810369 8.84351e-05)
(-0.00017932 -0.0128219 -0.0154624 -0.0128219 0.000100207 -0.00809859 -0.0154624 -0.00809859 8.67782e-05)
(2.4045e-05 -0.012801 -0.0154334 -0.012801 4.93628e-05 -0.00810564 -0.0154334 -0.00810564 0.000101929)
(-8.05534e-05 -0.0128131 -0.0154587 -0.0128131 8.0321e-05 -0.00809789 -0.0154587 -0.00809789 9.42118e-05)
(-0.000159178 -0.0128284 -0.0154518 -0.0128284 0.000106412 -0.00810012 -0.0154518 -0.00810012 8.58714e-05)
(-0.000116421 -0.0128354 -0.0154273 -0.0128354 0.000111513 -0.00810557 -0.0154273 -0.00810557 9.00846e-05)
(-0.00018549 -0.0128228 -0.0154616 -0.0128228 0.000101563 -0.00809893 -0.0154616 -0.00809893 8.64912e-05)
(4.19748e-05 -0.0127984 -0.0154271 -0.0127984 4.26896e-05 -0.0081085 -0.0154271 -0.0081085 0.000102199)
(-7.16381e-05 -0.0128119 -0.0154569 -0.0128119 7.83632e-05 -0.00809839 -0.0154569 -0.00809839 9.44091e-05)
(-0.000164517 -0.012828 -0.0154535 -0.012828 0.000105893 -0.00809978 -0.0154535 -0.00809978 8.58465e-05)
(-0.000131172 -0.0128339 -0.0154328 -0.0128339 0.000111043 -0.00810461 -0.0154328 -0.00810461 8.91277e-05)
(-0.000181874 -0.0128222 -0.015462 -0.0128222 0.000100147 -0.00809884 -0.015462 -0.00809884 8.67442e-05)
(2.14083e-05 -0.0128007 -0.0154335 -0.0128007 4.86068e-05 -0.00810584 -0.0154335 -0.00810584 0.000100218)
(-8.31202e-05 -0.0128131 -0.0154588 -0.0128131 8.14559e-05 -0.00809795 -0.0154588 -0.00809795 9.36509e-05)
(-0.000162057 -0.0128269 -0.0154558 -0.0128269 0.000105318 -0.00809921 -0.0154558 -0.00809921 8.52964e-05)
(-0.000125762 -0.012834 -0.0154323 -0.012834 0.000110745 -0.0081043 -0.0154323 -0.0081043 8.90268e-05)
(-0.000191261 -0.0128245 -0.0154604 -0.0128245 0.000104134 -0.00809904 -0.0154604 -0.00809904 8.60494e-05)
(2.68005e-05 -0.0127997 -0.0154312 -0.0127997 4.58083e-05 -0.00810689 -0.0154312 -0.00810689 0.000100951)
(-5.55198e-05 -0.0128104 -0.0154542 -0.0128104 7.45038e-05 -0.00809902 -0.0154542 -0.00809902 9.62383e-05)
(-0.00016435 -0.0128257 -0.0154588 -0.0128257 0.000104406 -0.00809854 -0.0154588 -0.00809854 8.50455e-05)
(-9.58665e-05 -0.0128353 -0.0154255 -0.0128353 0.000110758 -0.00810551 -0.0154255 -0.00810551 8.98033e-05)
(-0.000189312 -0.0128247 -0.0154597 -0.0128247 0.000104466 -0.00809928 -0.0154597 -0.00809928 8.59748e-05)
(-6.47242e-05 -0.0128091 -0.0154522 -0.0128091 7.21022e-05 -0.00809992 -0.0154522 -0.00809992 9.53786e-05)
(2.18727e-05 -0.0128005 -0.0154342 -0.0128005 4.91045e-05 -0.00810554 -0.0154342 -0.00810554 0.000101131)
(-0.000147829 -0.0128193 -0.0154638 -0.0128193 9.3118e-05 -0.00809772 -0.0154638 -0.00809772 8.82602e-05)
(-0.000178408 -0.0128302 -0.0154487 -0.0128302 0.000106736 -0.00810216 -0.0154487 -0.00810216 8.74069e-05)
(-0.000183776 -0.0128272 -0.0154548 -0.0128272 0.000106116 -0.00810041 -0.0154548 -0.00810041 8.64122e-05)
(-4.53427e-05 -0.0128069 -0.0154481 -0.0128069 6.61259e-05 -0.00810105 -0.0154481 -0.00810105 9.66273e-05)
(1.41294e-05 -0.0128012 -0.0154364 -0.0128012 5.13145e-05 -0.00810478 -0.0154364 -0.00810478 0.000101043)
(-0.000155795 -0.0128204 -0.0154646 -0.0128204 9.50281e-05 -0.00809743 -0.0154646 -0.00809743 8.78359e-05)
(-0.000176671 -0.0128305 -0.0154476 -0.0128305 0.000107166 -0.00810214 -0.0154476 -0.00810214 8.7584e-05)
(-0.000186002 -0.0128271 -0.0154552 -0.0128271 0.000106243 -0.0081003 -0.0154552 -0.0081003 8.63811e-05)
(-3.34425e-05 -0.0128055 -0.0154456 -0.0128055 6.25378e-05 -0.00810183 -0.0154456 -0.00810183 9.765e-05)
(1.96557e-05 -0.012801 -0.0154352 -0.012801 5.01708e-05 -0.00810528 -0.0154352 -0.00810528 0.00010217)
(-0.000155037 -0.0128204 -0.015464 -0.0128204 9.54195e-05 -0.00809769 -0.015464 -0.00809769 8.76001e-05)
(-0.000172211 -0.0128311 -0.0154457 -0.0128311 0.000107521 -0.00810266 -0.0154457 -0.00810266 8.78038e-05)
(-0.000188443 -0.0128263 -0.0154568 -0.0128263 0.000105275 -0.00810004 -0.0154568 -0.00810004 8.6376e-05)
(-2.90897e-05 -0.0128051 -0.0154448 -0.0128051 6.23234e-05 -0.00810194 -0.0154448 -0.00810194 9.77302e-05)
(1.91939e-05 -0.0128009 -0.0154354 -0.0128009 4.99028e-05 -0.00810525 -0.0154354 -0.00810525 0.000101309)
(-0.000163766 -0.0128216 -0.0154641 -0.0128216 9.70002e-05 -0.00809762 -0.0154641 -0.00809762 8.71857e-05)
(-0.000179353 -0.01283 -0.0154489 -0.01283 0.000106759 -0.00810213 -0.0154489 -0.00810213 8.73316e-05)
(-0.000185251 -0.0128251 -0.015459 -0.0128251 0.000103691 -0.00809951 -0.015459 -0.00809951 8.63426e-05)
(-4.72447e-05 -0.0128075 -0.0154492 -0.0128075 6.83929e-05 -0.00810059 -0.0154492 -0.00810059 9.65566e-05)
(1.39285e-05 -0.0128014 -0.0154366 -0.0128014 5.0991e-05 -0.00810478 -0.0154366 -0.00810478 0.000101106)
(-0.00015104 -0.0128196 -0.0154639 -0.0128196 9.27912e-05 -0.00809778 -0.0154639 -0.00809778 8.83791e-05)
(-0.000179824 -0.0128308 -0.0154472 -0.0128308 0.000107275 -0.00810276 -0.0154472 -0.00810276 8.76068e-05)
(-0.000187162 -0.0128267 -0.0154559 -0.0128267 0.00010576 -0.00810022 -0.0154559 -0.00810022 8.63996e-05)
(-3.05362e-05 -0.0128054 -0.0154451 -0.0128054 6.30907e-05 -0.00810182 -0.0154451 -0.00810182 9.75761e-05)
(2.61231e-05 -0.0127993 -0.0154323 -0.0127993 4.64681e-05 -0.0081065 -0.0154323 -0.0081065 0.000100596)
(-0.000154785 -0.0128202 -0.0154639 -0.0128202 9.39377e-05 -0.00809782 -0.0154639 -0.00809782 8.79884e-05)
(-0.000183312 -0.0128294 -0.0154507 -0.0128294 0.000106131 -0.00810209 -0.0154507 -0.00810209 8.71263e-05)
(-0.000188159 -0.012826 -0.0154574 -0.012826 0.000104617 -0.00810003 -0.0154574 -0.00810003 8.63702e-05)
(-4.87506e-05 -0.0128075 -0.0154491 -0.0128075 6.75937e-05 -0.00810086 -0.0154491 -0.00810086 9.58448e-05)
(1.17737e-05 -0.0128013 -0.0154369 -0.0128013 5.1925e-05 -0.00810458 -0.0154369 -0.00810458 0.000100466)
(-0.000141443 -0.0128182 -0.0154638 -0.0128182 9.08195e-05 -0.00809764 -0.0154638 -0.00809764 8.90863e-05)
(-0.0001868 -0.012828 -0.0154542 -0.012828 0.000104865 -0.00810086 -0.0154542 -0.00810086 8.68877e-05)
(-0.000185628 -0.0128279 -0.0154539 -0.0128279 0.000106825 -0.00810044 -0.0154539 -0.00810044 8.64763e-05)
(-6.25032e-05 -0.0128088 -0.0154515 -0.0128088 7.03376e-05 -0.00810022 -0.0154515 -0.00810022 9.55197e-05)
(2.96123e-05 -0.0127987 -0.0154307 -0.0127987 4.48849e-05 -0.0081073 -0.0154307 -0.0081073 0.00010131)
(-0.000122138 -0.0128162 -0.0154625 -0.0128162 8.71162e-05 -0.00809776 -0.0154625 -0.00809776 9.044e-05)
(-0.000176887 -0.0128294 -0.0154501 -0.0128294 0.000106352 -0.00810163 -0.0154501 -0.00810163 8.71256e-05)
(-0.000185405 -0.0128277 -0.015454 -0.0128277 0.000106509 -0.00810051 -0.015454 -0.00810051 8.65076e-05)
(-9.20971e-05 -0.0128119 -0.0154563 -0.0128119 7.55638e-05 -0.00809932 -0.0154563 -0.00809932 9.47108e-05)
(4.2673e-05 -0.0127952 -0.0154238 -0.0127952 3.61666e-05 -0.00811146 -0.0154238 -0.00811146 9.70515e-05)
(-5.44851e-06 -0.0128026 -0.0154406 -0.0128026 5.22764e-05 -0.00810475 -0.0154406 -0.00810475 9.4823e-05)
(-0.000146288 -0.0128205 -0.0154614 -0.0128205 8.8099e-05 -0.00810048 -0.0154614 -0.00810048 8.72906e-05)
(-0.00017932 -0.0128228 -0.0154632 -0.0128228 9.50082e-05 -0.00809876 -0.0154632 -0.00809876 8.8017e-05)
(-7.86817e-05 -0.0128104 -0.0154539 -0.0128104 7.16753e-05 -0.00809995 -0.0154539 -0.00809995 9.57994e-05)
(4.00483e-05 -0.0127955 -0.0154249 -0.0127955 3.74201e-05 -0.00811081 -0.0154249 -0.00811081 9.70787e-05)
(-2.1533e-05 -0.0128049 -0.015445 -0.0128049 5.78202e-05 -0.00810304 -0.015445 -0.00810304 9.53533e-05)
(-0.000156651 -0.0128215 -0.0154619 -0.0128215 9.04624e-05 -0.00810005 -0.0154619 -0.00810005 8.74159e-05)
(-0.000183203 -0.0128232 -0.0154631 -0.0128232 9.59344e-05 -0.00809875 -0.0154631 -0.00809875 8.78658e-05)
(-7.63602e-05 -0.0128101 -0.0154534 -0.0128101 7.11106e-05 -0.00810007 -0.0154534 -0.00810007 9.60975e-05)
(4.35726e-05 -0.0127957 -0.0154243 -0.0127957 3.73334e-05 -0.00811099 -0.0154243 -0.00811099 9.81824e-05)
(-1.5429e-05 -0.0128042 -0.0154436 -0.0128042 5.62909e-05 -0.00810358 -0.0154436 -0.00810358 9.51453e-05)
(-0.00015263 -0.0128213 -0.0154617 -0.0128213 8.9499e-05 -0.00810029 -0.0154617 -0.00810029 8.72766e-05)
(-0.000181973 -0.0128231 -0.0154629 -0.0128231 9.56757e-05 -0.00809888 -0.0154629 -0.00809888 8.78327e-05)
(-6.59558e-05 -0.012809 -0.0154516 -0.012809 6.8782e-05 -0.00810051 -0.0154516 -0.00810051 9.69331e-05)
(4.81935e-05 -0.0127949 -0.0154225 -0.0127949 3.46688e-05 -0.00811243 -0.0154225 -0.00811243 9.68321e-05)
(-2.73555e-05 -0.0128058 -0.0154465 -0.0128058 5.94219e-05 -0.00810273 -0.0154465 -0.00810273 9.46496e-05)
(-0.000154313 -0.0128214 -0.0154616 -0.0128214 8.99198e-05 -0.00810039 -0.0154616 -0.00810039 8.71684e-05)
(-0.000171613 -0.0128218 -0.0154631 -0.0128218 9.36457e-05 -0.00809883 -0.0154631 -0.00809883 8.82223e-05)
(-6.57303e-05 -0.0128091 -0.0154519 -0.0128091 6.91324e-05 -0.00810039 -0.0154519 -0.00810039 9.6879e-05)
(3.71483e-05 -0.0127957 -0.0154258 -0.0127957 3.76205e-05 -0.00811062 -0.0154258 -0.00811062 9.65281e-05)
(-1.7094e-05 -0.0128041 -0.0154436 -0.0128041 5.51207e-05 -0.00810401 -0.0154436 -0.00810401 9.41312e-05)
(-0.000147487 -0.0128208 -0.0154612 -0.0128208 8.80564e-05 -0.00810082 -0.0154612 -0.00810082 8.69616e-05)
(-0.000180993 -0.0128231 -0.0154627 -0.0128231 9.56206e-05 -0.00809899 -0.0154627 -0.00809899 8.78422e-05)
(-6.90273e-05 -0.0128094 -0.0154522 -0.0128094 6.98805e-05 -0.00810034 -0.0154522 -0.00810034 9.65969e-05)
(5.01674e-05 -0.0127943 -0.0154212 -0.0127943 3.32073e-05 -0.00811336 -0.0154212 -0.00811336 9.58653e-05)
(-2.73033e-05 -0.0128055 -0.0154461 -0.0128055 5.8937e-05 -0.00810313 -0.0154461 -0.00810313 9.36976e-05)
(-0.000148219 -0.0128208 -0.0154611 -0.0128208 8.84549e-05 -0.00810083 -0.0154611 -0.00810083 8.69722e-05)
(-0.000169589 -0.0128217 -0.0154627 -0.0128217 9.27354e-05 -0.00809911 -0.0154627 -0.00809911 8.81421e-05)
(-7.78067e-05 -0.0128105 -0.0154541 -0.0128105 7.22028e-05 -0.00809984 -0.0154541 -0.00809984 9.55181e-05)
(2.77415e-05 -0.0127971 -0.0154292 -0.0127971 4.23221e-05 -0.00810858 -0.0154292 -0.00810858 9.65871e-05)
(-1.68537e-05 -0.0128038 -0.0154432 -0.0128038 5.51082e-05 -0.00810403 -0.0154432 -0.00810403 9.45947e-05)
(-0.000130634 -0.0128183 -0.0154609 -0.0128183 8.35423e-05 -0.00810039 -0.0154609 -0.00810039 8.82914e-05)
(-0.000174525 -0.0128223 -0.0154634 -0.0128223 9.36168e-05 -0.00809867 -0.0154634 -0.00809867 8.82786e-05)
(-9.94381e-05 -0.0128126 -0.0154574 -0.0128126 7.67757e-05 -0.00809909 -0.0154574 -0.00809909 9.41811e-05)
(3.71539e-05 -0.0127954 -0.0154253 -0.0127954 3.7504e-05 -0.00811088 -0.0154253 -0.00811088 9.63379e-05)
(1.07578e-05 -0.0128003 -0.0154361 -0.0128003 4.7397e-05 -0.00810644 -0.0154361 -0.00810644 9.5503e-05)
(-0.000124732 -0.0128178 -0.0154606 -0.0128178 8.27027e-05 -0.00810028 -0.0154606 -0.00810028 8.8544e-05)
(-0.000176259 -0.0128226 -0.0154631 -0.0128226 9.39859e-05 -0.00809887 -0.0154631 -0.00809887 8.8067e-05)
(-9.922e-05 -0.0128131 -0.0154579 -0.0128131 7.50761e-05 -0.00809919 -0.0154579 -0.00809919 9.52292e-05)
(3.25714e-05 -0.0127939 -0.0154238 -0.0127939 3.38986e-05 -0.00811289 -0.0154238 -0.00811289 9.42896e-05)
(4.91332e-05 -0.012793 -0.0154208 -0.012793 2.64513e-05 -0.00811846 -0.0154208 -0.00811846 8.48549e-05)
(-3.0696e-05 -0.0128061 -0.0154466 -0.0128061 5.3341e-05 -0.00810632 -0.0154466 -0.00810632 8.70529e-05)
(-0.000146575 -0.0128205 -0.0154613 -0.0128205 8.74731e-05 -0.00810074 -0.0154613 -0.00810074 8.75771e-05)
(-9.58939e-05 -0.0128123 -0.0154568 -0.0128123 7.38545e-05 -0.00809949 -0.0154568 -0.00809949 9.52484e-05)
(3.2897e-05 -0.0127941 -0.0154241 -0.0127941 3.45405e-05 -0.00811256 -0.0154241 -0.00811256 9.43463e-05)
(4.16082e-05 -0.0127937 -0.0154236 -0.0127937 2.91548e-05 -0.00811579 -0.0154236 -0.00811579 8.63286e-05)
(-4.95823e-05 -0.0128088 -0.0154504 -0.0128088 5.97158e-05 -0.0081046 -0.0154504 -0.0081046 8.81465e-05)
(-0.000153832 -0.0128214 -0.0154614 -0.0128214 8.92725e-05 -0.00810068 -0.0154614 -0.00810068 8.74146e-05)
(-9.4795e-05 -0.0128122 -0.0154569 -0.0128122 7.36392e-05 -0.00809941 -0.0154569 -0.00809941 9.57835e-05)
