/*--------------------------------*- C++ -*----------------------------------*\
  =========                 |
  \\      /  F ield         | OpenFOAM: The Open Source CFD Toolbox
   \\    /   O peration     | Website:  https://openfoam.org
    \\  /    A nd           | Version:  10
     \\/     M anipulation  |
\*---------------------------------------------------------------------------*/
FoamFile
{
    format      ascii;
    class       volTensorField;
    location    "22.5";
    object      TauNN;
}
// * * * * * * * * * * * * * * * * * * * * * * * * * * * * * * * * * * * * * //

dimensions      [0 2 -2 0 0 0 0];

internalField   nonuniform List<tensor> 
25600
(
(3.55692e-05 -0.0127913 -0.0154596 -0.0127913 3.09665e-05 -0.00813835 -0.0154596 -0.00813835 5.99428e-05)
(3.94347e-05 -0.012788 -0.0154207 -0.012788 2.51483e-05 -0.00813378 -0.0154207 -0.00813378 7.14033e-05)
(4.70423e-05 -0.0127886 -0.0154214 -0.0127886 2.65179e-05 -0.0081344 -0.0154214 -0.0081344 8.42301e-05)
(2.43924e-05 -0.0127877 -0.0154324 -0.0127877 2.13694e-05 -0.00813092 -0.0154324 -0.00813092 3.38933e-05)
(6.35977e-05 -0.0127951 -0.0154183 -0.0127951 3.06884e-05 -0.00813689 -0.0154183 -0.00813689 6.05753e-05)
(5.47503e-05 -0.0127918 -0.0154206 -0.0127918 2.59237e-05 -0.00813277 -0.0154206 -0.00813277 5.96084e-05)
(3.50981e-05 -0.0127882 -0.0154254 -0.0127882 2.25312e-05 -0.00813089 -0.0154254 -0.00813089 4.55282e-05)
(4.29349e-05 -0.0127898 -0.0154181 -0.0127898 2.60044e-05 -0.00812368 -0.0154181 -0.00812368 7.68592e-05)
(-2.60349e-05 -0.0127999 -0.0154375 -0.0127999 3.87888e-05 -0.00811217 -0.0154375 -0.00811217 7.98363e-05)
(2.43125e-05 -0.0127912 -0.0154271 -0.0127912 2.6308e-05 -0.00812262 -0.0154271 -0.00812262 6.53876e-05)
(2.68884e-05 -0.0127916 -0.0154322 -0.0127916 2.55379e-05 -0.00812751 -0.0154322 -0.00812751 4.89465e-05)
(3.01842e-06 -0.0127908 -0.0154326 -0.0127908 2.88486e-05 -0.00812515 -0.0154326 -0.00812515 4.8078e-05)
(5.28226e-05 -0.012793 -0.0154471 -0.012793 2.76285e-05 -0.00813521 -0.0154471 -0.00813521 4.85042e-05)
(3.73846e-05 -0.0127888 -0.0154273 -0.0127888 2.19849e-05 -0.00813079 -0.0154273 -0.00813079 4.71444e-05)
(1.21852e-05 -0.0127911 -0.0154258 -0.0127911 2.74535e-05 -0.00811818 -0.0154258 -0.00811818 8.34662e-05)
(1.86233e-05 -0.0127898 -0.0154233 -0.0127898 2.62608e-05 -0.00811987 -0.0154233 -0.00811987 8.42288e-05)
(2.32848e-05 -0.01279 -0.0154249 -0.01279 2.77614e-05 -0.0081207 -0.0154249 -0.0081207 6.54862e-05)
(-1.51649e-05 -0.0128008 -0.015447 -0.0128008 4.6867e-05 -0.008129 -0.015447 -0.008129 5.37251e-05)
(-3.1612e-05 -0.0128016 -0.0154431 -0.0128016 4.12479e-05 -0.00812311 -0.0154431 -0.00812311 5.38249e-05)
(4.33525e-05 -0.0127902 -0.0154249 -0.0127902 2.82569e-05 -0.00812379 -0.0154249 -0.00812379 6.22684e-05)
(4.72116e-05 -0.0127899 -0.0154223 -0.0127899 2.27542e-05 -0.00812867 -0.0154223 -0.00812867 5.8921e-05)
(-1.3864e-05 -0.0127907 -0.0154309 -0.0127907 3.04058e-05 -0.00811809 -0.0154309 -0.00811809 7.04842e-05)
(2.40802e-05 -0.0127883 -0.0154224 -0.0127883 3.23606e-05 -0.00811805 -0.0154224 -0.00811805 7.38182e-05)
(4.91689e-05 -0.0127898 -0.0154204 -0.0127898 2.7081e-05 -0.0081222 -0.0154204 -0.0081222 6.60957e-05)
(-2.01104e-05 -0.0127936 -0.0154389 -0.0127936 2.80967e-05 -0.0081251 -0.0154389 -0.0081251 4.007e-05)
(1.18344e-05 -0.0127874 -0.0154239 -0.0127874 2.46119e-05 -0.00812246 -0.0154239 -0.00812246 9.10383e-05)
(5.87248e-05 -0.0127903 -0.0154142 -0.0127903 2.91332e-05 -0.00812094 -0.0154142 -0.00812094 8.5891e-05)
(3.65796e-06 -0.0127888 -0.0154291 -0.0127888 2.39025e-05 -0.00812258 -0.0154291 -0.00812258 5.5308e-05)
(2.19603e-05 -0.0127924 -0.0154301 -0.0127924 2.98227e-05 -0.00812413 -0.0154301 -0.00812413 0.00011514)
(3.20536e-05 -0.0127905 -0.0154207 -0.0127905 3.20134e-05 -0.00811833 -0.0154207 -0.00811833 8.095e-05)
(1.33593e-05 -0.0127893 -0.0154354 -0.0127893 2.85971e-05 -0.0081283 -0.0154354 -0.0081283 5.00397e-05)
(-1.41821e-05 -0.0127923 -0.0154331 -0.0127923 2.83457e-05 -0.00811599 -0.0154331 -0.00811599 7.41117e-05)
(2.08446e-07 -0.012795 -0.0154285 -0.012795 3.66759e-05 -0.00811144 -0.0154285 -0.00811144 9.82886e-05)
(3.90988e-05 -0.0127888 -0.0154187 -0.0127888 2.60604e-05 -0.00812133 -0.0154187 -0.00812133 7.60466e-05)
(6.00685e-05 -0.0128016 -0.0154276 -0.0128016 3.96554e-05 -0.00813879 -0.0154276 -0.00813879 3.45775e-05)
(3.88411e-05 -0.0127902 -0.0154285 -0.0127902 2.36206e-05 -0.00813232 -0.0154285 -0.00813232 3.97441e-05)
(4.15078e-05 -0.0127885 -0.0154181 -0.0127885 2.35542e-05 -0.00812884 -0.0154181 -0.00812884 6.54653e-05)
(3.55529e-05 -0.0127873 -0.0154223 -0.0127873 2.32456e-05 -0.00813084 -0.0154223 -0.00813084 6.7068e-05)
(5.45322e-05 -0.0127883 -0.0154236 -0.0127883 2.70894e-05 -0.00813309 -0.0154236 -0.00813309 9.60282e-05)
(7.10867e-05 -0.0127955 -0.015424 -0.0127955 2.87329e-05 -0.00813463 -0.015424 -0.00813463 5.08686e-05)
(2.43159e-05 -0.012788 -0.0154288 -0.012788 1.97914e-05 -0.00812571 -0.0154288 -0.00812571 5.52119e-05)
(6.98456e-05 -0.0127931 -0.0154124 -0.0127931 2.7062e-05 -0.00813068 -0.0154124 -0.00813068 9.60206e-05)
(5.05618e-05 -0.0127918 -0.0154245 -0.0127918 2.40189e-05 -0.00813185 -0.0154245 -0.00813185 5.186e-05)
(3.63109e-05 -0.0127887 -0.0154274 -0.0127887 2.15556e-05 -0.00812876 -0.0154274 -0.00812876 5.54429e-05)
(2.82688e-05 -0.01279 -0.0154219 -0.01279 2.53375e-05 -0.00811957 -0.0154219 -0.00811957 8.09071e-05)
(2.36266e-05 -0.0127874 -0.0154231 -0.0127874 2.0577e-05 -0.00812429 -0.0154231 -0.00812429 6.47783e-05)
(4.46224e-05 -0.0127906 -0.0154267 -0.0127906 2.28625e-05 -0.00813122 -0.0154267 -0.00813122 4.86712e-05)
(0.000120028 -0.0127977 -0.0154035 -0.0127977 2.97463e-05 -0.0081315 -0.0154035 -0.0081315 8.75729e-05)
(6.94805e-05 -0.0127933 -0.0154123 -0.0127933 2.6655e-05 -0.00813037 -0.0154123 -0.00813037 8.30448e-05)
(2.09988e-05 -0.012788 -0.0154298 -0.012788 2.25566e-05 -0.00812319 -0.0154298 -0.00812319 8.00452e-05)
(1.29047e-05 -0.0127885 -0.0154299 -0.0127885 2.04826e-05 -0.00812167 -0.0154299 -0.00812167 6.64036e-05)
(1.44818e-05 -0.0127928 -0.0154305 -0.0127928 3.00832e-05 -0.00811967 -0.0154305 -0.00811967 6.83219e-05)
(5.55756e-05 -0.0127903 -0.0154139 -0.0127903 2.48004e-05 -0.00812829 -0.0154139 -0.00812829 7.9093e-05)
(5.22699e-05 -0.0127895 -0.0154146 -0.0127895 2.34888e-05 -0.00812545 -0.0154146 -0.00812545 7.15507e-05)
(3.71737e-05 -0.0127885 -0.0154171 -0.0127885 2.55187e-05 -0.0081268 -0.0154171 -0.0081268 9.38141e-05)
(2.65723e-05 -0.0127863 -0.0154209 -0.0127863 2.18794e-05 -0.00812961 -0.0154209 -0.00812961 7.02807e-05)
(7.10777e-05 -0.0127909 -0.0154086 -0.0127909 2.70771e-05 -0.00812492 -0.0154086 -0.00812492 9.7055e-05)
(6.06075e-05 -0.0127943 -0.0154165 -0.0127943 2.57048e-05 -0.00813237 -0.0154165 -0.00813237 6.25921e-05)
(4.60527e-06 -0.0127929 -0.0154287 -0.0127929 2.92466e-05 -0.00811389 -0.0154287 -0.00811389 9.18651e-05)
(-8.0134e-06 -0.012794 -0.0154325 -0.012794 3.08151e-05 -0.00811515 -0.0154325 -0.00811515 7.53571e-05)
(5.01326e-05 -0.0127912 -0.01542 -0.0127912 2.28852e-05 -0.00812834 -0.01542 -0.00812834 6.11387e-05)
(4.47678e-05 -0.01279 -0.0154202 -0.01279 2.21511e-05 -0.0081277 -0.0154202 -0.0081277 6.40442e-05)
(3.08994e-05 -0.0127891 -0.0154384 -0.0127891 2.3455e-05 -0.00813208 -0.0154384 -0.00813208 4.48639e-05)
(7.97496e-05 -0.0127969 -0.0154179 -0.0127969 3.40959e-05 -0.00813894 -0.0154179 -0.00813894 7.06133e-05)
(3.31766e-05 -0.0127863 -0.015429 -0.0127863 2.26549e-05 -0.00812751 -0.015429 -0.00812751 7.78636e-05)
(-1.09404e-06 -0.0127889 -0.0154342 -0.0127889 2.29895e-05 -0.00812402 -0.0154342 -0.00812402 5.28251e-05)
(6.6441e-05 -0.0127935 -0.0154133 -0.0127935 2.92082e-05 -0.00812574 -0.0154133 -0.00812574 0.000109483)
(4.04675e-05 -0.0127908 -0.0154285 -0.0127908 2.14469e-05 -0.00813004 -0.0154285 -0.00813004 4.13051e-05)
(3.1526e-05 -0.0127906 -0.0154469 -0.0127906 2.39879e-05 -0.00813388 -0.0154469 -0.00813388 4.18544e-05)
(3.87977e-05 -0.0127895 -0.0154236 -0.0127895 2.32629e-05 -0.00812718 -0.0154236 -0.00812718 5.40949e-05)
(3.60931e-05 -0.0127841 -0.0154283 -0.0127841 2.22354e-05 -0.00813253 -0.0154283 -0.00813253 5.49312e-05)
(6.58643e-05 -0.0127922 -0.0154116 -0.0127922 2.8327e-05 -0.00812877 -0.0154116 -0.00812877 0.000108235)
(8.6666e-05 -0.0127948 -0.0154212 -0.0127948 2.56236e-05 -0.00812959 -0.0154212 -0.00812959 6.08602e-05)
(4.47679e-05 -0.0127807 -0.0154339 -0.0127807 1.98139e-05 -0.00812994 -0.0154339 -0.00812994 4.28897e-05)
(1.67756e-05 -0.012788 -0.015431 -0.012788 2.36102e-05 -0.00812243 -0.015431 -0.00812243 8.02733e-05)
(7.63401e-05 -0.0127931 -0.0154086 -0.0127931 2.74441e-05 -0.00812872 -0.0154086 -0.00812872 9.59649e-05)
(7.31524e-05 -0.0127942 -0.0154113 -0.0127942 3.05067e-05 -0.00813153 -0.0154113 -0.00813153 0.00011733)
(9.09253e-05 -0.012797 -0.0154132 -0.012797 2.72633e-05 -0.00813151 -0.0154132 -0.00813151 7.25905e-05)
(4.6874e-05 -0.0127934 -0.0154313 -0.0127934 2.4847e-05 -0.00813266 -0.0154313 -0.00813266 3.32899e-05)
(2.11404e-07 -0.0127933 -0.0154388 -0.0127933 2.45439e-05 -0.00812819 -0.0154388 -0.00812819 3.38964e-05)
(1.19372e-05 -0.0127893 -0.0154267 -0.0127893 2.52475e-05 -0.00812101 -0.0154267 -0.00812101 9.71716e-05)
(1.55832e-05 -0.0127889 -0.0154288 -0.0127889 2.44639e-05 -0.00812184 -0.0154288 -0.00812184 9.03025e-05)
(4.01534e-05 -0.012789 -0.015419 -0.012789 2.49805e-05 -0.00812912 -0.015419 -0.00812912 9.13659e-05)
(5.2718e-05 -0.0127906 -0.015426 -0.0127906 2.38066e-05 -0.00812749 -0.015426 -0.00812749 5.1265e-05)
(3.04087e-05 -0.0127911 -0.0154298 -0.0127911 3.15734e-05 -0.00812176 -0.0154298 -0.00812176 6.68398e-05)
(1.15824e-05 -0.0127885 -0.015436 -0.0127885 2.0797e-05 -0.0081266 -0.015436 -0.0081266 4.38773e-05)
(3.70178e-05 -0.0127898 -0.0154279 -0.0127898 2.22121e-05 -0.00812976 -0.0154279 -0.00812976 4.48003e-05)
(5.05335e-05 -0.0127934 -0.0154249 -0.0127934 2.47845e-05 -0.00813247 -0.0154249 -0.00813247 4.10383e-05)
(5.08716e-05 -0.012797 -0.0154252 -0.012797 4.05399e-05 -0.00814252 -0.0154252 -0.00814252 4.6802e-05)
(5.44488e-05 -0.0127945 -0.0154216 -0.0127945 2.48141e-05 -0.00813245 -0.0154216 -0.00813245 4.65776e-05)
(6.91067e-05 -0.0127971 -0.0154265 -0.0127971 2.59927e-05 -0.00813263 -0.0154265 -0.00813263 4.34848e-05)
(2.87138e-05 -0.0127894 -0.0154384 -0.0127894 2.18142e-05 -0.00812959 -0.0154384 -0.00812959 4.4413e-05)
(2.33676e-05 -0.0127902 -0.0154285 -0.0127902 2.38327e-05 -0.00812373 -0.0154285 -0.00812373 6.17236e-05)
(6.17672e-05 -0.0127959 -0.0154174 -0.0127959 3.55869e-05 -0.00814201 -0.0154174 -0.00814201 7.52919e-05)
(3.10225e-05 -0.012786 -0.0154269 -0.012786 2.57498e-05 -0.008136 -0.0154269 -0.008136 5.39495e-05)
(3.51887e-05 -0.0127918 -0.0154196 -0.0127918 2.93792e-05 -0.00812239 -0.0154196 -0.00812239 0.00011245)
(5.01895e-05 -0.0127913 -0.0154188 -0.0127913 2.47593e-05 -0.00813142 -0.0154188 -0.00813142 6.34999e-05)
(8.82037e-05 -0.0128009 -0.0154144 -0.0128009 3.44655e-05 -0.00813851 -0.0154144 -0.00813851 6.64306e-05)
(0.000110249 -0.0127988 -0.0154032 -0.0127988 3.42039e-05 -0.00813802 -0.0154032 -0.00813802 0.000104923)
(4.28684e-05 -0.0127878 -0.0154205 -0.0127878 2.91782e-05 -0.00813598 -0.0154205 -0.00813598 0.00010087)
(4.03658e-05 -0.0127854 -0.0154306 -0.0127854 2.76519e-05 -0.00813458 -0.0154306 -0.00813458 3.24358e-05)
(5.1147e-05 -0.0128054 -0.0154304 -0.0128054 5.03451e-05 -0.00813657 -0.0154304 -0.00813657 2.01973e-05)
(4.28018e-05 -0.012789 -0.0154201 -0.012789 2.71204e-05 -0.00813581 -0.0154201 -0.00813581 7.13978e-05)
(5.75863e-05 -0.0127904 -0.0154166 -0.0127904 2.59984e-05 -0.00813126 -0.0154166 -0.00813126 7.63512e-05)
(7.37114e-05 -0.0127937 -0.0154092 -0.0127937 2.89218e-05 -0.00813146 -0.0154092 -0.00813146 0.00010202)
(4.25072e-06 -0.0127936 -0.015428 -0.0127936 3.17787e-05 -0.00811457 -0.015428 -0.00811457 9.39829e-05)
(2.5917e-05 -0.0127887 -0.0154207 -0.0127887 2.46176e-05 -0.00812182 -0.0154207 -0.00812182 8.80176e-05)
(1.07769e-05 -0.0127879 -0.0154241 -0.0127879 2.34042e-05 -0.00811997 -0.0154241 -0.00811997 8.04905e-05)
(2.13445e-05 -0.0127905 -0.0154321 -0.0127905 2.38402e-05 -0.00812496 -0.0154321 -0.00812496 5.73599e-05)
(6.09619e-05 -0.0127916 -0.01542 -0.0127916 3.38485e-05 -0.00814124 -0.01542 -0.00814124 8.22547e-05)
(5.34021e-05 -0.0127945 -0.0154253 -0.0127945 3.76646e-05 -0.0081406 -0.0154253 -0.0081406 4.83433e-05)
(2.88857e-05 -0.0127868 -0.0154232 -0.0127868 2.08674e-05 -0.00812818 -0.0154232 -0.00812818 6.20287e-05)
(9.73122e-06 -0.0127895 -0.0154256 -0.0127895 2.63643e-05 -0.00811954 -0.0154256 -0.00811954 9.31686e-05)
(4.70156e-05 -0.0127915 -0.0154264 -0.0127915 2.28219e-05 -0.00812997 -0.0154264 -0.00812997 4.60302e-05)
(2.24779e-05 -0.0127945 -0.0154247 -0.0127945 4.36776e-05 -0.0081099 -0.0154247 -0.0081099 9.60266e-05)
(3.47429e-05 -0.0127897 -0.0154212 -0.0127897 2.38137e-05 -0.00812295 -0.0154212 -0.00812295 8.1266e-05)
(3.02553e-05 -0.0127884 -0.0154254 -0.0127884 2.04481e-05 -0.0081272 -0.0154254 -0.0081272 5.28533e-05)
(2.99491e-05 -0.0127856 -0.0154258 -0.0127856 2.33435e-05 -0.0081329 -0.0154258 -0.0081329 6.2806e-05)
(7.62241e-05 -0.0128033 -0.0154192 -0.0128033 3.8604e-05 -0.0081411 -0.0154192 -0.0081411 5.25724e-05)
(0.000127568 -0.012802 -0.0154 -0.012802 3.45458e-05 -0.00813695 -0.0154 -0.00813695 0.000107972)
(7.3494e-05 -0.0128068 -0.0154238 -0.0128068 5.07036e-05 -0.00814428 -0.0154238 -0.00814428 4.35943e-05)
(2.68314e-06 -0.0127915 -0.0154321 -0.0127915 2.80138e-05 -0.00812205 -0.0154321 -0.00812205 5.66237e-05)
(3.04705e-06 -0.0127937 -0.015434 -0.0127937 3.6453e-05 -0.00812092 -0.015434 -0.00812092 6.56763e-05)
(7.79754e-05 -0.0127954 -0.0154328 -0.0127954 2.77767e-05 -0.00813242 -0.0154328 -0.00813242 4.87211e-05)
(5.93575e-05 -0.0127991 -0.0154262 -0.0127991 3.86658e-05 -0.00813944 -0.0154262 -0.00813944 3.7157e-05)
(1.6068e-05 -0.0127855 -0.0154328 -0.0127855 1.9476e-05 -0.00812438 -0.0154328 -0.00812438 6.17998e-05)
(-2.28494e-05 -0.0127998 -0.0154411 -0.0127998 3.86468e-05 -0.00811726 -0.0154411 -0.00811726 6.65019e-05)
(1.00167e-05 -0.012792 -0.0154394 -0.012792 2.82054e-05 -0.00812801 -0.0154394 -0.00812801 5.07192e-05)
(4.66245e-05 -0.0127907 -0.01543 -0.0127907 2.30357e-05 -0.00813117 -0.01543 -0.00813117 4.88998e-05)
(4.0265e-05 -0.0127904 -0.0154255 -0.0127904 2.18192e-05 -0.00812894 -0.0154255 -0.00812894 4.67019e-05)
(3.06859e-05 -0.0127879 -0.0154217 -0.0127879 2.26911e-05 -0.0081258 -0.0154217 -0.0081258 6.043e-05)
(9.12773e-05 -0.012795 -0.015406 -0.012795 2.96156e-05 -0.00813119 -0.015406 -0.00813119 9.98646e-05)
(1.41157e-05 -0.0128011 -0.015444 -0.0128011 3.59069e-05 -0.00812389 -0.015444 -0.00812389 0.000125502)
(3.52648e-05 -0.0127884 -0.0154285 -0.0127884 2.52028e-05 -0.00812958 -0.0154285 -0.00812958 0.000103339)
(8.97601e-05 -0.0127911 -0.0154064 -0.0127911 2.59789e-05 -0.00812339 -0.0154064 -0.00812339 8.24656e-05)
(2.16655e-05 -0.0127927 -0.0154354 -0.0127927 3.07921e-05 -0.00812575 -0.0154354 -0.00812575 5.5406e-05)
(3.98449e-05 -0.0127882 -0.015428 -0.0127882 2.44812e-05 -0.00813385 -0.015428 -0.00813385 4.55947e-05)
(6.15548e-05 -0.0127975 -0.015426 -0.0127975 3.2666e-05 -0.00813676 -0.015426 -0.00813676 4.57095e-05)
(6.15902e-05 -0.0127949 -0.015418 -0.0127949 3.43442e-05 -0.00814136 -0.015418 -0.00814136 7.9749e-05)
(7.02273e-05 -0.0127917 -0.0154279 -0.0127917 5.59641e-05 -0.00814968 -0.0154279 -0.00814968 6.08908e-05)
(1.8852e-05 -0.0127863 -0.0154317 -0.0127863 2.18826e-05 -0.00812405 -0.0154317 -0.00812405 8.57698e-05)
(3.92962e-05 -0.0127927 -0.0154185 -0.0127927 3.21726e-05 -0.00811874 -0.0154185 -0.00811874 0.000110623)
(0.000155398 -0.0128102 -0.0153968 -0.0128102 4.50696e-05 -0.00814774 -0.0153968 -0.00814774 0.000118426)
(6.54086e-05 -0.0127927 -0.0154181 -0.0127927 2.46635e-05 -0.00812893 -0.0154181 -0.00812893 5.35914e-05)
(4.80225e-05 -0.0127967 -0.0154361 -0.0127967 3.11433e-05 -0.00813356 -0.0154361 -0.00813356 2.94881e-05)
(4.26728e-05 -0.0127929 -0.015433 -0.0127929 2.16318e-05 -0.00813067 -0.015433 -0.00813067 3.27861e-05)
(3.48273e-05 -0.0127892 -0.0154293 -0.0127892 2.02756e-05 -0.00812891 -0.0154293 -0.00812891 4.58865e-05)
(4.37831e-05 -0.0127899 -0.0154247 -0.0127899 2.36308e-05 -0.00813199 -0.0154247 -0.00813199 5.16193e-05)
(2.30133e-05 -0.0127862 -0.0154341 -0.0127862 1.84294e-05 -0.00812735 -0.0154341 -0.00812735 3.47176e-05)
(1.9103e-05 -0.0127847 -0.0154361 -0.0127847 1.79268e-05 -0.00812583 -0.0154361 -0.00812583 3.8905e-05)
(4.08457e-06 -0.0127895 -0.015426 -0.0127895 2.88341e-05 -0.00811831 -0.015426 -0.00811831 7.25274e-05)
(0.000171099 -0.0127926 -0.0153955 -0.0127926 3.35706e-05 -0.00812021 -0.0153955 -0.00812021 9.08462e-05)
(7.0002e-05 -0.0127914 -0.01542 -0.0127914 3.47754e-05 -0.00812044 -0.01542 -0.00812044 7.62471e-05)
(-5.26443e-05 -0.0128105 -0.0154509 -0.0128105 5.95315e-05 -0.00811764 -0.0154509 -0.00811764 6.6273e-05)
(1.99261e-05 -0.0127888 -0.0154313 -0.0127888 2.00625e-05 -0.00812512 -0.0154313 -0.00812512 4.99821e-05)
(3.68282e-05 -0.0127858 -0.015427 -0.0127858 2.32047e-05 -0.0081303 -0.015427 -0.0081303 8.27577e-05)
(5.80325e-06 -0.0127925 -0.0154328 -0.0127925 2.63918e-05 -0.00812111 -0.0154328 -0.00812111 5.72374e-05)
(1.39106e-05 -0.0127904 -0.0154303 -0.0127904 2.58272e-05 -0.00812269 -0.0154303 -0.00812269 6.58579e-05)
(1.32681e-05 -0.0127942 -0.0154306 -0.0127942 3.41012e-05 -0.0081185 -0.0154306 -0.0081185 7.38009e-05)
(9.96499e-05 -0.0128101 -0.0154132 -0.0128101 5.84225e-05 -0.00815237 -0.0154132 -0.00815237 8.59491e-05)
(0.000132819 -0.0127985 -0.015402 -0.0127985 2.79248e-05 -0.00813028 -0.015402 -0.00813028 8.09622e-05)
(0.000139191 -0.0128003 -0.0154057 -0.0128003 2.90329e-05 -0.0081306 -0.0154057 -0.0081306 7.19566e-05)
(2.11322e-05 -0.0127875 -0.0154268 -0.0127875 2.42476e-05 -0.00812423 -0.0154268 -0.00812423 8.66419e-05)
(-1.42887e-05 -0.0128017 -0.0154454 -0.0128017 3.22152e-05 -0.00811921 -0.0154454 -0.00811921 5.26394e-05)
(3.99226e-05 -0.0127886 -0.0154157 -0.0127886 2.49978e-05 -0.00812331 -0.0154157 -0.00812331 8.74207e-05)
(0.000124467 -0.012804 -0.0154059 -0.012804 3.62363e-05 -0.0081387 -0.0154059 -0.0081387 7.8366e-05)
(6.33052e-05 -0.0127916 -0.0154147 -0.0127916 2.93672e-05 -0.00811996 -0.0154147 -0.00811996 9.06404e-05)
(-1.67622e-05 -0.0128011 -0.0154437 -0.0128011 3.3586e-05 -0.00811835 -0.0154437 -0.00811835 5.77823e-05)
(-5.28951e-05 -0.0128092 -0.0154496 -0.0128092 4.99984e-05 -0.00811525 -0.0154496 -0.00811525 6.30314e-05)
(5.05517e-05 -0.0127891 -0.0154173 -0.0127891 2.79367e-05 -0.00812111 -0.0154173 -0.00812111 7.64886e-05)
(4.57105e-05 -0.0127895 -0.0154181 -0.0127895 2.77488e-05 -0.00812261 -0.0154181 -0.00812261 7.72195e-05)
(3.99035e-05 -0.0127899 -0.0154275 -0.0127899 2.54546e-05 -0.0081339 -0.0154275 -0.0081339 4.0902e-05)
(6.46364e-05 -0.0127984 -0.0154241 -0.0127984 5.04088e-05 -0.008148 -0.0154241 -0.008148 5.92688e-05)
(-8.39621e-06 -0.0127961 -0.0154325 -0.0127961 3.68197e-05 -0.00811341 -0.0154325 -0.00811341 8.31049e-05)
(5.53011e-05 -0.0127898 -0.0154142 -0.0127898 2.57534e-05 -0.00812376 -0.0154142 -0.00812376 8.05724e-05)
(7.5257e-05 -0.0127909 -0.0154262 -0.0127909 5.88257e-05 -0.00815228 -0.0154262 -0.00815228 7.5398e-05)
(1.69995e-05 -0.0127987 -0.0154476 -0.0127987 3.15141e-05 -0.00811448 -0.0154476 -0.00811448 9.88509e-05)
(5.6203e-05 -0.0127903 -0.0154171 -0.0127903 2.52857e-05 -0.0081245 -0.0154171 -0.0081245 8.15494e-05)
(4.09584e-05 -0.0127904 -0.015427 -0.0127904 2.16468e-05 -0.00813008 -0.015427 -0.00813008 4.80692e-05)
(4.2734e-05 -0.0127945 -0.0154383 -0.0127945 2.99462e-05 -0.0081283 -0.0154383 -0.0081283 5.77737e-05)
(0.000131149 -0.0127946 -0.0154057 -0.0127946 3.3545e-05 -0.00811929 -0.0154057 -0.00811929 9.51791e-05)
(-4.87643e-06 -0.0127946 -0.0154356 -0.0127946 2.90584e-05 -0.00811538 -0.0154356 -0.00811538 8.38907e-05)
(3.29187e-05 -0.0127876 -0.0154231 -0.0127876 2.44011e-05 -0.00813078 -0.0154231 -0.00813078 8.98394e-05)
(7.49973e-05 -0.0127947 -0.01541 -0.0127947 2.98516e-05 -0.00813466 -0.01541 -0.00813466 9.88538e-05)
(7.79002e-05 -0.0128001 -0.0154172 -0.0128001 4.19929e-05 -0.00814999 -0.0154172 -0.00814999 0.000144944)
(5.81216e-05 -0.0127927 -0.0154201 -0.0127927 2.4055e-05 -0.00813091 -0.0154201 -0.00813091 5.42774e-05)
(3.43963e-05 -0.0127871 -0.0154449 -0.0127871 2.68522e-05 -0.00813245 -0.0154449 -0.00813245 3.93793e-05)
(5.85396e-05 -0.0127949 -0.0154254 -0.0127949 4.09153e-05 -0.00814363 -0.0154254 -0.00814363 5.33943e-05)
(4.48897e-05 -0.012793 -0.0154254 -0.012793 2.37279e-05 -0.00813229 -0.0154254 -0.00813229 4.18865e-05)
(6.1104e-05 -0.0127912 -0.0154124 -0.0127912 2.61761e-05 -0.0081254 -0.0154124 -0.0081254 9.06611e-05)
(1.314e-05 -0.0127952 -0.0154273 -0.0127952 4.9388e-05 -0.00810598 -0.0154273 -0.00810598 9.51432e-05)
(3.04798e-05 -0.0127922 -0.0154215 -0.0127922 3.45242e-05 -0.00811445 -0.0154215 -0.00811445 8.31364e-05)
(8.17951e-05 -0.0128035 -0.0154195 -0.0128035 3.64623e-05 -0.0081389 -0.0154195 -0.0081389 4.78657e-05)
(1.47305e-05 -0.0127887 -0.015434 -0.0127887 2.06328e-05 -0.00812907 -0.015434 -0.00812907 3.25767e-05)
(5.93943e-05 -0.0127714 -0.0154309 -0.0127714 2.85282e-05 -0.00812681 -0.0154309 -0.00812681 2.50506e-05)
(3.96395e-05 -0.0127891 -0.0154218 -0.0127891 2.20775e-05 -0.00812661 -0.0154218 -0.00812661 5.51012e-05)
(3.14532e-05 -0.0127958 -0.0154314 -0.0127958 4.6799e-05 -0.00811852 -0.0154314 -0.00811852 7.55064e-05)
(9.51741e-06 -0.0127913 -0.0154298 -0.0127913 2.63019e-05 -0.00812045 -0.0154298 -0.00812045 6.81851e-05)
(7.43586e-06 -0.0127962 -0.015441 -0.0127962 2.52168e-05 -0.00812688 -0.015441 -0.00812688 3.49238e-05)
(2.71094e-05 -0.012785 -0.0154351 -0.012785 1.85792e-05 -0.00812547 -0.0154351 -0.00812547 5.46832e-05)
(2.3142e-05 -0.0127923 -0.0154203 -0.0127923 3.51667e-05 -0.00811467 -0.0154203 -0.00811467 0.000102799)
(7.86911e-05 -0.0128145 -0.0154228 -0.0128145 6.92704e-05 -0.00815066 -0.0154228 -0.00815066 4.72436e-05)
(0.000105614 -0.0128138 -0.015411 -0.0128138 5.12865e-05 -0.00814829 -0.015411 -0.00814829 7.52343e-05)
(6.79251e-05 -0.0127939 -0.015423 -0.0127939 3.30967e-05 -0.0081202 -0.015423 -0.0081202 7.31412e-05)
(1.48118e-05 -0.0127949 -0.0154412 -0.0127949 2.58696e-05 -0.00811904 -0.0154412 -0.00811904 6.6422e-05)
(3.99702e-05 -0.0127871 -0.0154224 -0.0127871 3.1444e-05 -0.00814121 -0.0154224 -0.00814121 0.000100006)
(9.8703e-05 -0.0128144 -0.015415 -0.0128144 5.32258e-05 -0.00814745 -0.015415 -0.00814745 5.98174e-05)
(0.000109891 -0.0128128 -0.0154085 -0.0128128 5.89509e-05 -0.00815252 -0.0154085 -0.00815252 9.65055e-05)
(3.1646e-05 -0.0127891 -0.0154231 -0.0127891 2.29356e-05 -0.008124 -0.0154231 -0.008124 7.69992e-05)
(4.6317e-05 -0.0127867 -0.0154276 -0.0127867 2.35472e-05 -0.00813245 -0.0154276 -0.00813245 6.21925e-05)
(7.24573e-05 -0.0127867 -0.015426 -0.0127867 4.25484e-05 -0.00814716 -0.015426 -0.00814716 8.64418e-05)
(9.3698e-06 -0.0127888 -0.0154351 -0.0127888 2.18351e-05 -0.00812115 -0.0154351 -0.00812115 6.74397e-05)
(5.16327e-05 -0.0127923 -0.015438 -0.0127923 2.50719e-05 -0.00813261 -0.015438 -0.00813261 4.42591e-05)
(5.90952e-05 -0.0127901 -0.0154191 -0.0127901 2.50061e-05 -0.00812748 -0.0154191 -0.00812748 5.62263e-05)
(2.96033e-06 -0.0127957 -0.0154428 -0.0127957 2.77584e-05 -0.00811534 -0.0154428 -0.00811534 8.04573e-05)
(7.67629e-05 -0.0128013 -0.0154146 -0.0128013 3.74462e-05 -0.00814207 -0.0154146 -0.00814207 7.17966e-05)
(9.71061e-05 -0.0127911 -0.0154044 -0.0127911 2.92681e-05 -0.00812438 -0.0154044 -0.00812438 7.74634e-05)
(-5.79618e-05 -0.0128055 -0.015444 -0.0128055 5.08346e-05 -0.00811345 -0.015444 -0.00811345 7.29757e-05)
(6.63233e-05 -0.0127956 -0.0154169 -0.0127956 2.82688e-05 -0.0081346 -0.0154169 -0.0081346 6.02182e-05)
(5.12614e-06 -0.012791 -0.0154299 -0.012791 3.24066e-05 -0.00812084 -0.0154299 -0.00812084 5.72967e-05)
(-7.9659e-05 -0.0128058 -0.0154475 -0.0128058 5.14063e-05 -0.00810679 -0.0154475 -0.00810679 8.0559e-05)
(-3.7709e-05 -0.0128007 -0.0154407 -0.0128007 4.02452e-05 -0.0081096 -0.0154407 -0.0081096 8.33132e-05)
(-1.7767e-06 -0.012797 -0.0154332 -0.012797 4.81153e-05 -0.00811091 -0.0154332 -0.00811091 8.79984e-05)
(4.91876e-05 -0.0127917 -0.0154272 -0.0127917 2.30169e-05 -0.00813019 -0.0154272 -0.00813019 4.75488e-05)
(9.0466e-05 -0.0128062 -0.0154164 -0.0128062 4.75796e-05 -0.00814685 -0.0154164 -0.00814685 7.12116e-05)
(8.94829e-05 -0.0128076 -0.0154161 -0.0128076 6.6467e-05 -0.00815575 -0.0154161 -0.00815575 8.18005e-05)
(3.56987e-05 -0.0127814 -0.0154318 -0.0127814 2.03245e-05 -0.00813046 -0.0154318 -0.00813046 4.42114e-05)
(6.07268e-05 -0.0127916 -0.0154161 -0.0127916 2.93981e-05 -0.00813538 -0.0154161 -0.00813538 0.000102837)
(4.81284e-05 -0.0127891 -0.0154147 -0.0127891 2.57976e-05 -0.00813104 -0.0154147 -0.00813104 8.33793e-05)
(4.20346e-05 -0.01279 -0.0154166 -0.01279 3.12634e-05 -0.00811545 -0.0154166 -0.00811545 9.2769e-05)
(0.000111864 -0.012803 -0.0154041 -0.012803 4.01052e-05 -0.00814511 -0.0154041 -0.00814511 0.000117777)
(6.64212e-05 -0.012797 -0.0154242 -0.012797 5.40986e-05 -0.00814835 -0.0154242 -0.00814835 5.96545e-05)
(5.07632e-05 -0.0127932 -0.0154361 -0.0127932 2.73531e-05 -0.00813365 -0.0154361 -0.00813365 3.95722e-05)
(1.3582e-05 -0.0127871 -0.0154282 -0.0127871 2.18604e-05 -0.00812477 -0.0154282 -0.00812477 5.89978e-05)
(2.69397e-05 -0.012784 -0.0154299 -0.012784 1.96416e-05 -0.00812948 -0.0154299 -0.00812948 5.04931e-05)
(0.000126763 -0.0127919 -0.0154086 -0.0127919 3.23246e-05 -0.00812289 -0.0154086 -0.00812289 8.06545e-05)
(4.01491e-05 -0.0127889 -0.0154199 -0.0127889 2.40206e-05 -0.00812968 -0.0154199 -0.00812968 5.67172e-05)
(2.1272e-05 -0.0127864 -0.015429 -0.0127864 2.29887e-05 -0.00812635 -0.015429 -0.00812635 8.39342e-05)
(2.42555e-05 -0.012786 -0.0154263 -0.012786 1.98261e-05 -0.00812891 -0.0154263 -0.00812891 5.57099e-05)
(-0.000132953 -0.0128157 -0.015455 -0.0128157 7.9142e-05 -0.00810723 -0.015455 -0.00810723 8.2329e-05)
(3.90522e-06 -0.0128027 -0.0154484 -0.0128027 3.29346e-05 -0.00811486 -0.0154484 -0.00811486 6.70178e-05)
(-9.55769e-06 -0.0127959 -0.0154303 -0.0127959 3.68855e-05 -0.00811244 -0.0154303 -0.00811244 9.52002e-05)
(0.000144748 -0.0127916 -0.0153926 -0.0127916 3.17115e-05 -0.0081213 -0.0153926 -0.0081213 0.000103142)
(6.60902e-05 -0.0127995 -0.015419 -0.0127995 3.60701e-05 -0.00814074 -0.015419 -0.00814074 5.79097e-05)
(1.27615e-05 -0.0127943 -0.0154408 -0.0127943 2.38074e-05 -0.00812372 -0.0154408 -0.00812372 4.34486e-05)
(-8.45294e-06 -0.0127994 -0.0154408 -0.0127994 3.59887e-05 -0.00812252 -0.0154408 -0.00812252 5.01469e-05)
(6.16365e-05 -0.0127969 -0.015422 -0.0127969 3.3794e-05 -0.00813883 -0.015422 -0.00813883 5.11214e-05)
(8.11452e-05 -0.0128024 -0.0154188 -0.0128024 4.53709e-05 -0.0081451 -0.0154188 -0.0081451 6.23852e-05)
(8.42602e-05 -0.0127994 -0.0154129 -0.0127994 4.62431e-05 -0.00814998 -0.0154129 -0.00814998 0.000108667)
(3.55579e-05 -0.0127865 -0.0154281 -0.0127865 2.2377e-05 -0.00813286 -0.0154281 -0.00813286 5.11197e-05)
(7.92029e-05 -0.0127967 -0.0154391 -0.0127967 3.14481e-05 -0.00813046 -0.0154391 -0.00813046 5.71942e-05)
(8.78706e-05 -0.012795 -0.0154146 -0.012795 2.60075e-05 -0.00812728 -0.0154146 -0.00812728 6.38662e-05)
(2.46097e-05 -0.0127892 -0.0154231 -0.0127892 2.29371e-05 -0.00812129 -0.0154231 -0.00812129 7.88497e-05)
(8.30862e-05 -0.0128037 -0.0154183 -0.0128037 4.42167e-05 -0.00814439 -0.0154183 -0.00814439 6.76447e-05)
(3.80824e-05 -0.0127859 -0.0154316 -0.0127859 1.99844e-05 -0.00813007 -0.0154316 -0.00813007 4.29752e-05)
(-0.000159276 -0.0128383 -0.0154512 -0.0128383 9.99056e-05 -0.00812252 -0.0154512 -0.00812252 6.50791e-05)
(9.10603e-05 -0.0127992 -0.0154091 -0.0127992 3.26756e-05 -0.00813731 -0.0154091 -0.00813731 8.57688e-05)
(2.94072e-05 -0.0127881 -0.0154196 -0.0127881 2.40761e-05 -0.00812454 -0.0154196 -0.00812454 8.472e-05)
(1.65569e-05 -0.0127856 -0.0154258 -0.0127856 2.06855e-05 -0.008128 -0.0154258 -0.008128 5.0577e-05)
(0.00015669 -0.0128145 -0.0154016 -0.0128145 4.50413e-05 -0.00814334 -0.0154016 -0.00814334 8.25354e-05)
(0.000119263 -0.0127965 -0.015424 -0.0127965 3.28422e-05 -0.00812882 -0.015424 -0.00812882 6.48185e-05)
(-2.7509e-05 -0.0128032 -0.0154418 -0.0128032 3.91482e-05 -0.00811553 -0.0154418 -0.00811553 6.83094e-05)
(-4.05819e-05 -0.0128059 -0.0154483 -0.0128059 3.98077e-05 -0.00811333 -0.0154483 -0.00811333 6.69867e-05)
(-3.62907e-05 -0.0128132 -0.0154525 -0.0128132 4.46516e-05 -0.00811549 -0.0154525 -0.00811549 5.86105e-05)
(1.06836e-05 -0.0127998 -0.0154435 -0.0127998 2.81515e-05 -0.00812234 -0.0154435 -0.00812234 4.79775e-05)
(0.000105498 -0.012817 -0.0154224 -0.012817 5.56148e-05 -0.00814358 -0.0154224 -0.00814358 4.30568e-05)
(8.31896e-05 -0.0127939 -0.0154097 -0.0127939 2.55867e-05 -0.00812581 -0.0154097 -0.00812581 7.86134e-05)
(1.79874e-05 -0.0127902 -0.0154377 -0.0127902 2.25663e-05 -0.00812916 -0.0154377 -0.00812916 4.15821e-05)
(7.48358e-05 -0.012795 -0.0154287 -0.012795 2.75303e-05 -0.0081335 -0.0154287 -0.0081335 4.58705e-05)
(3.88399e-05 -0.0127905 -0.0154252 -0.0127905 2.47471e-05 -0.00813372 -0.0154252 -0.00813372 4.48218e-05)
(8.36243e-05 -0.0127863 -0.0154287 -0.0127863 6.77445e-05 -0.00815079 -0.0154287 -0.00815079 5.9997e-05)
(0.000102231 -0.0128138 -0.0154085 -0.0128138 7.23371e-05 -0.00815625 -0.0154085 -0.00815625 9.63355e-05)
(0.000166676 -0.0128018 -0.0154216 -0.0128018 3.13899e-05 -0.00813292 -0.0154216 -0.00813292 5.85728e-05)
(3.86923e-05 -0.0127877 -0.0154216 -0.0127877 2.42351e-05 -0.00813159 -0.0154216 -0.00813159 6.7637e-05)
(-1.35393e-05 -0.0127951 -0.0154386 -0.0127951 2.91201e-05 -0.00811547 -0.0154386 -0.00811547 7.65582e-05)
(5.98421e-05 -0.0127915 -0.0154179 -0.0127915 2.4803e-05 -0.00812486 -0.0154179 -0.00812486 6.70637e-05)
(8.98471e-05 -0.0128042 -0.015414 -0.0128042 6.22646e-05 -0.0081537 -0.015414 -0.0081537 9.47617e-05)
(2.71135e-05 -0.0127849 -0.0154274 -0.0127849 2.03101e-05 -0.00812847 -0.0154274 -0.00812847 6.27241e-05)
(7.6465e-05 -0.0127978 -0.0154192 -0.0127978 3.249e-05 -0.00813743 -0.0154192 -0.00813743 6.27016e-05)
(3.15712e-05 -0.0127883 -0.0154243 -0.0127883 2.29253e-05 -0.00812624 -0.0154243 -0.00812624 6.69619e-05)
(5.87847e-05 -0.0127927 -0.0154315 -0.0127927 2.95533e-05 -0.0081274 -0.0154315 -0.0081274 5.17228e-05)
(-9.54398e-05 -0.0128095 -0.0154505 -0.0128095 7.21529e-05 -0.00810405 -0.0154505 -0.00810405 8.76219e-05)
(-9.99781e-05 -0.0128103 -0.0154507 -0.0128103 6.37879e-05 -0.00810305 -0.0154507 -0.00810305 9.68195e-05)
(0.000100601 -0.0127976 -0.0154041 -0.0127976 3.34835e-05 -0.00813721 -0.0154041 -0.00813721 0.000103871)
(1.21719e-05 -0.0127945 -0.0154276 -0.0127945 3.95608e-05 -0.00811022 -0.0154276 -0.00811022 8.62655e-05)
(-9.93361e-05 -0.01282 -0.0154647 -0.01282 6.30604e-05 -0.00809981 -0.0154647 -0.00809981 9.47931e-05)
(-4.82963e-06 -0.0127926 -0.0154321 -0.0127926 2.93525e-05 -0.00811668 -0.0154321 -0.00811668 9.99924e-05)
(7.86542e-05 -0.0127971 -0.0154107 -0.0127971 3.37265e-05 -0.00813961 -0.0154107 -0.00813961 8.93204e-05)
(6.61667e-05 -0.0127955 -0.0154155 -0.0127955 3.41182e-05 -0.00814059 -0.0154155 -0.00814059 7.87109e-05)
(6.10257e-05 -0.0127953 -0.0154476 -0.0127953 2.79137e-05 -0.0081354 -0.0154476 -0.0081354 4.59766e-05)
(-9.89082e-06 -0.0128037 -0.0154492 -0.0128037 4.64867e-05 -0.00813974 -0.0154492 -0.00813974 5.34725e-05)
(-5.2808e-07 -0.0127893 -0.0154366 -0.0127893 2.09075e-05 -0.00812874 -0.0154366 -0.00812874 2.94999e-05)
(2.70867e-05 -0.0127854 -0.0154335 -0.0127854 2.08285e-05 -0.00813109 -0.0154335 -0.00813109 4.0615e-05)
(8.0931e-05 -0.0127983 -0.0154121 -0.0127983 3.93895e-05 -0.00814502 -0.0154121 -0.00814502 0.000102475)
(0.000116669 -0.0127976 -0.0154142 -0.0127976 2.80899e-05 -0.00812952 -0.0154142 -0.00812952 5.64331e-05)
(4.42629e-05 -0.0127924 -0.0154402 -0.0127924 2.40263e-05 -0.00813277 -0.0154402 -0.00813277 3.71348e-05)
(3.79743e-05 -0.0127852 -0.0154328 -0.0127852 1.84169e-05 -0.00812905 -0.0154328 -0.00812905 4.34746e-05)
(1.54026e-05 -0.0127916 -0.0154325 -0.0127916 2.52925e-05 -0.0081228 -0.0154325 -0.0081228 5.48137e-05)
(1.84046e-05 -0.0127873 -0.0154245 -0.0127873 2.25468e-05 -0.00812337 -0.0154245 -0.00812337 7.86011e-05)
(9.3971e-05 -0.0127945 -0.0154069 -0.0127945 2.83172e-05 -0.00812584 -0.0154069 -0.00812584 9.96745e-05)
(0.000121796 -0.0128159 -0.015407 -0.0128159 6.23492e-05 -0.00815381 -0.015407 -0.00815381 9.62481e-05)
(7.46806e-05 -0.0128003 -0.0154185 -0.0128003 5.97945e-05 -0.00815498 -0.0154185 -0.00815498 0.000100515)
(5.80155e-05 -0.0127934 -0.015424 -0.0127934 2.45834e-05 -0.00813162 -0.015424 -0.00813162 5.01869e-05)
(4.93715e-06 -0.0128005 -0.0154421 -0.0128005 3.79605e-05 -0.00812481 -0.0154421 -0.00812481 5.29296e-05)
(-6.93268e-06 -0.0128116 -0.0154464 -0.0128116 3.9018e-05 -0.00812682 -0.0154464 -0.00812682 3.95447e-05)
(-2.46848e-05 -0.0128037 -0.0154479 -0.0128037 4.64963e-05 -0.00812322 -0.0154479 -0.00812322 5.3404e-05)
(5.08137e-05 -0.0127895 -0.0154126 -0.0127895 2.5995e-05 -0.00812018 -0.0154126 -0.00812018 9.18061e-05)
(9.55312e-06 -0.0127922 -0.0154449 -0.0127922 2.69942e-05 -0.008132 -0.0154449 -0.008132 4.35449e-05)
(7.7455e-06 -0.0127957 -0.0154485 -0.0127957 2.808e-05 -0.00813259 -0.0154485 -0.00813259 4.49079e-05)
(3.00425e-05 -0.012786 -0.0154328 -0.012786 1.92845e-05 -0.00812532 -0.0154328 -0.00812532 6.14513e-05)
(3.34534e-06 -0.0127956 -0.0154435 -0.0127956 3.00767e-05 -0.00812999 -0.0154435 -0.00812999 4.4031e-05)
(0.000120259 -0.0127918 -0.0154177 -0.0127918 3.42845e-05 -0.0081244 -0.0154177 -0.0081244 7.16763e-05)
(0.000130814 -0.0128037 -0.0154084 -0.0128037 3.27394e-05 -0.00813529 -0.0154084 -0.00813529 7.0446e-05)
(0.000112494 -0.0128145 -0.0154234 -0.0128145 0.000100443 -0.00815043 -0.0154234 -0.00815043 3.99767e-05)
(1.21217e-05 -0.012788 -0.0154227 -0.012788 2.39252e-05 -0.00811904 -0.0154227 -0.00811904 8.46852e-05)
(2.3735e-05 -0.0127895 -0.0154293 -0.0127895 2.11189e-05 -0.00812499 -0.0154293 -0.00812499 5.35659e-05)
(0.000101528 -0.0128077 -0.0154147 -0.0128077 8.10972e-05 -0.00815281 -0.0154147 -0.00815281 7.72973e-05)
(7.21179e-05 -0.012802 -0.0154175 -0.012802 6.50606e-05 -0.00815432 -0.0154175 -0.00815432 8.74646e-05)
(5.39735e-05 -0.012797 -0.0154283 -0.012797 5.18665e-05 -0.00814382 -0.0154283 -0.00814382 4.0612e-05)
(6.98878e-05 -0.0128209 -0.0154379 -0.0128209 8.32521e-05 -0.00813584 -0.0154379 -0.00813584 2.95136e-05)
(0.000132049 -0.0128057 -0.0154011 -0.0128057 3.68645e-05 -0.00813916 -0.0154011 -0.00813916 9.57169e-05)
(0.00010186 -0.0128313 -0.0154158 -0.0128313 0.000103147 -0.00815529 -0.0154158 -0.00815529 5.29966e-05)
(7.45604e-05 -0.0127972 -0.0154172 -0.0127972 4.19824e-05 -0.00814819 -0.0154172 -0.00814819 0.000116781)
(4.98796e-05 -0.0127913 -0.0154204 -0.0127913 2.97949e-05 -0.00813757 -0.0154204 -0.00813757 6.34048e-05)
(7.28981e-05 -0.0128148 -0.0154457 -0.0128148 9.14072e-05 -0.00812611 -0.0154457 -0.00812611 3.8344e-05)
(5.06344e-05 -0.0127788 -0.0154369 -0.0127788 2.68495e-05 -0.00812899 -0.0154369 -0.00812899 3.27747e-05)
(-4.99567e-05 -0.0128298 -0.0154525 -0.0128298 6.30209e-05 -0.0081278 -0.0154525 -0.0081278 4.86187e-05)
(3.9238e-05 -0.0127858 -0.0154312 -0.0127858 2.14873e-05 -0.00813116 -0.0154312 -0.00813116 4.69044e-05)
(6.87088e-05 -0.0127926 -0.0154137 -0.0127926 2.57999e-05 -0.00813077 -0.0154137 -0.00813077 7.05247e-05)
(8.54017e-05 -0.0127912 -0.0154042 -0.0127912 3.24088e-05 -0.00812129 -0.0154042 -0.00812129 0.00011142)
(9.18416e-05 -0.0128214 -0.0154223 -0.0128214 6.643e-05 -0.00814758 -0.0154223 -0.00814758 4.07547e-05)
(-2.83308e-05 -0.0127993 -0.0154392 -0.0127993 4.1699e-05 -0.00811463 -0.0154392 -0.00811463 7.30928e-05)
(-8.71844e-05 -0.0128251 -0.0154547 -0.0128251 6.78616e-05 -0.00812247 -0.0154547 -0.00812247 5.79117e-05)
(-5.12952e-06 -0.0127993 -0.0154427 -0.0127993 5.649e-05 -0.00812066 -0.0154427 -0.00812066 6.88423e-05)
(-3.23573e-05 -0.0127969 -0.0154343 -0.0127969 4.7181e-05 -0.00810758 -0.0154343 -0.00810758 9.17732e-05)
(5.20518e-05 -0.0127806 -0.0154309 -0.0127806 3.80018e-05 -0.00814461 -0.0154309 -0.00814461 6.34211e-05)
(7.4996e-05 -0.0127941 -0.0154344 -0.0127941 2.80037e-05 -0.00813176 -0.0154344 -0.00813176 4.97958e-05)
(3.52846e-05 -0.012792 -0.015461 -0.012792 2.79604e-05 -0.0081367 -0.015461 -0.0081367 6.34598e-05)
(-4.46893e-06 -0.0127933 -0.0154373 -0.0127933 2.64133e-05 -0.00812144 -0.0154373 -0.00812144 5.53077e-05)
(6.6993e-05 -0.0127991 -0.0154393 -0.0127991 2.83479e-05 -0.00813405 -0.0154393 -0.00813405 3.58111e-05)
(8.59439e-05 -0.0128078 -0.015421 -0.0128078 5.80835e-05 -0.00814859 -0.015421 -0.00814859 5.91528e-05)
(6.03355e-05 -0.0127927 -0.0154156 -0.0127927 2.72242e-05 -0.0081305 -0.0154156 -0.0081305 0.000100664)
(6.66938e-05 -0.0128029 -0.0154299 -0.0128029 3.32801e-05 -0.00813495 -0.0154299 -0.00813495 3.01052e-05)
(4.40949e-05 -0.0127899 -0.0154243 -0.0127899 3.75096e-05 -0.00814603 -0.0154243 -0.00814603 8.75465e-05)
(3.14353e-05 -0.0127807 -0.0154304 -0.0127807 2.10904e-05 -0.00813226 -0.0154304 -0.00813226 6.30974e-05)
(4.62916e-05 -0.0127897 -0.015421 -0.0127897 2.57595e-05 -0.00812343 -0.015421 -0.00812343 6.95863e-05)
(5.25328e-05 -0.0127938 -0.0154286 -0.0127938 2.63005e-05 -0.00813355 -0.0154286 -0.00813355 4.27202e-05)
(3.78113e-05 -0.0127899 -0.0154293 -0.0127899 2.15674e-05 -0.00812923 -0.0154293 -0.00812923 4.69935e-05)
(4.77298e-05 -0.0127946 -0.0154419 -0.0127946 2.3968e-05 -0.00813269 -0.0154419 -0.00813269 3.51802e-05)
(-4.30091e-05 -0.0128141 -0.0154549 -0.0128141 6.79709e-05 -0.00813552 -0.0154549 -0.00813552 5.2693e-05)
(-0.000137429 -0.0128203 -0.0154562 -0.0128203 8.12593e-05 -0.008109 -0.0154562 -0.008109 7.72492e-05)
(-2.4403e-05 -0.0128005 -0.0154383 -0.0128005 4.41726e-05 -0.00810693 -0.0154383 -0.00810693 9.91296e-05)
(8.37198e-05 -0.0127936 -0.0154161 -0.0127936 4.37045e-05 -0.00814903 -0.0154161 -0.00814903 0.000120724)
(8.15347e-05 -0.0128061 -0.0154248 -0.0128061 5.34298e-05 -0.00814389 -0.0154248 -0.00814389 4.52803e-05)
(7.89728e-05 -0.0127995 -0.0154211 -0.0127995 2.63875e-05 -0.0081322 -0.0154211 -0.0081322 4.47797e-05)
(7.84171e-05 -0.0127765 -0.0154314 -0.0127765 3.526e-05 -0.00813971 -0.0154314 -0.00813971 5.14827e-05)
(9.17553e-05 -0.0127727 -0.0154318 -0.0127727 4.34935e-05 -0.00813639 -0.0154318 -0.00813639 3.79192e-05)
(3.68377e-05 -0.0127883 -0.0154278 -0.0127883 2.18709e-05 -0.00813017 -0.0154278 -0.00813017 5.20756e-05)
(5.95973e-05 -0.0127906 -0.0154126 -0.0127906 2.74828e-05 -0.00813125 -0.0154126 -0.00813125 9.19529e-05)
(0.000114301 -0.0127923 -0.0154048 -0.0127923 3.1795e-05 -0.00811885 -0.0154048 -0.00811885 9.01514e-05)
(2.09981e-05 -0.012785 -0.0154355 -0.012785 1.71868e-05 -0.00812674 -0.0154355 -0.00812674 3.99484e-05)
(5.7119e-05 -0.0127951 -0.015434 -0.0127951 4.29754e-05 -0.00813421 -0.015434 -0.00813421 3.17471e-05)
(0.000107164 -0.0128233 -0.015413 -0.0128233 7.88416e-05 -0.0081535 -0.015413 -0.0081535 6.97358e-05)
(7.81357e-05 -0.0127982 -0.0154154 -0.0127982 4.5598e-05 -0.00814973 -0.0154154 -0.00814973 0.000107698)
(0.000107611 -0.0128045 -0.0154101 -0.0128045 6.66119e-05 -0.0081552 -0.0154101 -0.0081552 0.000102892)
(9.53632e-05 -0.0128114 -0.0154274 -0.0128114 4.8294e-05 -0.0081402 -0.0154274 -0.0081402 3.80638e-05)
(2.20256e-05 -0.0127913 -0.015435 -0.0127913 2.22e-05 -0.00812631 -0.015435 -0.00812631 4.6459e-05)
(-5.06985e-05 -0.0128143 -0.0154519 -0.0128143 5.38462e-05 -0.00812126 -0.0154519 -0.00812126 5.79775e-05)
(9.38382e-06 -0.0127967 -0.0154361 -0.0127967 5.55265e-05 -0.00811547 -0.0154361 -0.00811547 7.63259e-05)
(3.44531e-07 -0.012791 -0.0154271 -0.012791 2.95319e-05 -0.00811681 -0.0154271 -0.00811681 8.49223e-05)
(6.92356e-05 -0.012803 -0.0154393 -0.012803 5.21111e-05 -0.00813549 -0.0154393 -0.00813549 3.77895e-05)
(9.22163e-05 -0.0128102 -0.0154337 -0.0128102 4.44087e-05 -0.00813748 -0.0154337 -0.00813748 3.71372e-05)
(2.88113e-05 -0.0127884 -0.0154272 -0.0127884 2.00691e-05 -0.00812706 -0.0154272 -0.00812706 5.27754e-05)
(2.8505e-05 -0.0127898 -0.0154482 -0.0127898 2.32398e-05 -0.00813347 -0.0154482 -0.00813347 4.48936e-05)
