/*--------------------------------*- C++ -*----------------------------------*\
  =========                 |
  \\      /  F ield         | OpenFOAM: The Open Source CFD Toolbox
   \\    /   O peration     | Website:  https://openfoam.org
    \\  /    A nd           | Version:  10
     \\/     M anipulation  |
\*---------------------------------------------------------------------------*/
FoamFile
{
    format      ascii;
    class       volTensorField;
    location    "4";
    object      TauNN;
}
// * * * * * * * * * * * * * * * * * * * * * * * * * * * * * * * * * * * * * //

dimensions      [0 2 -2 0 0 0 0];

internalField   nonuniform List<tensor> 
25600
(
(0.000421828 0.000104325 9.25139e-05 0.000104325 0.000296399 -0.000166692 9.25139e-05 -0.000166692 0.000233019)
(0.00030671 3.83658e-05 0.000144632 3.83658e-05 0.000315783 -0.000102959 0.000144632 -0.000102959 6.60688e-05)
(0.000251358 -2.48589e-05 0.00017742 -2.48589e-05 0.000321707 -1.05966e-05 0.00017742 -1.05966e-05 5.67268e-05)
(0.000233996 -4.63035e-05 0.000169789 -4.63035e-05 0.000223791 -1.65962e-06 0.000169789 -1.65962e-06 9.67763e-05)
(0.000232561 -2.33306e-05 0.00014268 -2.33306e-05 0.000121447 -4.79911e-06 0.00014268 -4.79911e-06 0.000145644)
(0.000230835 3.38135e-05 6.80247e-05 3.38135e-05 0.000128858 -1.11572e-06 6.80247e-05 -1.11572e-06 0.000199646)
(0.000161997 4.17624e-05 -3.87887e-05 4.17624e-05 0.000192158 -7.97026e-05 -3.87887e-05 -7.97026e-05 0.000262688)
(0.000121325 -6.01728e-06 -2.7121e-05 -6.01728e-06 0.000250852 -0.000232646 -2.7121e-05 -0.000232646 0.000510815)
(0.000137464 -6.21481e-05 8.38041e-05 -6.21481e-05 0.000259933 -0.000274178 8.38041e-05 -0.000274178 0.000662848)
(0.000129061 -5.43389e-05 8.98587e-05 -5.43389e-05 0.000234568 -0.000165386 8.98587e-05 -0.000165386 0.000356623)
(0.000176376 -8.43499e-06 8.00807e-05 -8.43499e-06 0.000279486 -1.96081e-05 8.00807e-05 -1.96081e-05 9.57214e-05)
(0.000373526 8.28058e-05 0.000233192 8.28058e-05 0.000356056 0.000130475 0.000233192 0.000130475 0.000370168)
(0.000632196 0.00021703 0.000433017 0.00021703 0.000448032 0.000254658 0.000433017 0.000254658 0.000870343)
(0.000754943 0.000297449 0.000521533 0.000297449 0.000490589 0.000304232 0.000521533 0.000304232 0.00104769)
(0.000658013 0.000261512 0.000455484 0.000261512 0.000396253 0.000225523 0.000455484 0.000225523 0.000796205)
(0.000482033 0.000172146 0.000322299 0.000172146 0.000263574 0.000106025 0.000322299 0.000106025 0.000479708)
(0.000331711 8.7128e-05 0.000212867 8.7128e-05 0.000157834 2.7176e-06 0.000212867 2.7176e-06 0.00024531)
(0.000262106 4.27971e-05 0.000167887 4.27971e-05 0.000113268 -4.73885e-05 0.000167887 -4.73885e-05 0.000136717)
(0.000250318 3.00482e-05 0.000163052 3.00482e-05 0.000105611 -4.98081e-05 0.000163052 -4.98081e-05 0.000107854)
(0.000244995 3.71449e-05 0.000164237 3.71449e-05 9.83722e-05 -2.68715e-05 0.000164237 -2.68715e-05 0.000100646)
(0.00024256 6.9797e-05 0.000163095 6.9797e-05 0.000109165 9.56748e-06 0.000163095 9.56748e-06 0.0001246)
(0.00023286 8.83359e-05 0.00014183 8.83359e-05 0.000163999 4.36706e-05 0.00014183 4.36706e-05 0.000125835)
(0.000211617 5.72437e-05 0.000108453 5.72437e-05 0.000227886 2.87909e-05 0.000108453 2.87909e-05 8.8536e-05)
(0.000180486 1.05603e-05 0.000102093 1.05603e-05 0.000210852 -1.79755e-05 0.000102093 -1.79755e-05 6.77904e-05)
(0.000137916 -3.3034e-06 9.64571e-05 -3.3034e-06 0.000146133 -3.67239e-05 9.64571e-05 -3.67239e-05 4.85098e-05)
(0.00014034 -2.62763e-05 0.00010006 -2.62763e-05 0.000135319 -3.68105e-05 0.00010006 -3.68105e-05 2.38491e-05)
(0.000184664 -4.16031e-05 0.000121884 -4.16031e-05 0.000149772 -4.31696e-05 0.000121884 -4.31696e-05 1.08349e-05)
(0.000191556 -2.66032e-05 0.000126209 -2.66032e-05 0.000155689 -2.36621e-05 0.000126209 -2.36621e-05 1.30642e-06)
(0.000166411 -8.88854e-06 0.000130772 -8.88854e-06 0.000161642 1.81608e-05 0.000130772 1.81608e-05 2.00835e-05)
(0.000175151 -6.16722e-06 0.000167171 -6.16722e-06 0.000192211 7.85869e-05 0.000167171 7.85869e-05 0.000116123)
(0.00019969 -2.2429e-05 0.000181774 -2.2429e-05 0.000225796 0.000115266 0.000181774 0.000115266 0.000204425)
(0.000170488 -4.40441e-05 0.000134124 -4.40441e-05 0.000208772 6.53602e-05 0.000134124 6.53602e-05 0.000109413)
(0.000188304 -3.71914e-05 0.000117667 -3.71914e-05 0.000186555 -1.5635e-05 0.000117667 -1.5635e-05 -4.18623e-06)
(0.000284039 -2.56673e-06 0.000166079 -2.56673e-06 0.000181472 -5.10793e-05 0.000166079 -5.10793e-05 5.47954e-05)
(0.000312921 1.80006e-05 0.000183664 1.80006e-05 0.0001672 -5.75883e-05 0.000183664 -5.75883e-05 9.05964e-05)
(0.000233168 -8.02986e-06 0.000144773 -8.02986e-06 0.000149345 -5.69094e-05 0.000144773 -5.69094e-05 -8.41136e-06)
(0.000215124 -1.17347e-06 0.000132089 -1.17347e-06 0.0001748 -4.22141e-05 0.000132089 -4.22141e-05 -2.17589e-05)
(0.000268667 2.44258e-05 0.00012344 2.44258e-05 0.000219702 -6.39632e-05 0.00012344 -6.39632e-05 1.60614e-05)
(0.000383009 8.65655e-05 8.38134e-05 8.65655e-05 0.000240519 -0.000122226 8.38134e-05 -0.000122226 0.000176649)
(0.00047656 0.000133574 6.10296e-05 0.000133574 0.000281342 -0.000164467 6.10296e-05 -0.000164467 0.000346617)
(0.000529067 0.000151196 0.000343554 0.000151196 0.000234929 4.23472e-05 0.000343554 4.23472e-05 0.000702841)
(0.000279799 7.18264e-05 0.00016527 7.18264e-05 0.000179685 8.92766e-06 0.00016527 8.92766e-06 0.000200219)
(0.000203774 3.22554e-05 0.000128693 3.22554e-05 0.000176196 1.19293e-05 0.000128693 1.19293e-05 7.28097e-05)
(0.000250976 4.54765e-05 0.000160662 4.54765e-05 0.000231978 5.02206e-05 0.000160662 5.02206e-05 0.000135155)
(0.000435092 0.000150676 0.000303308 0.000150676 0.000371497 0.000158262 0.000303308 0.000158262 0.000406524)
(0.000654917 0.00025558 0.000447569 0.00025558 0.000449585 0.000234315 0.000447569 0.000234315 0.000787673)
(0.000663916 0.000251904 0.0003796 0.000251904 0.000401425 0.000188228 0.0003796 0.000188228 0.000867537)
(0.000433719 0.000142629 0.000185288 0.000142629 0.000273564 6.04838e-05 0.000185288 6.04838e-05 0.000444984)
(0.00021228 3.45465e-05 0.00010478 3.45465e-05 0.000164596 1.17812e-06 0.00010478 1.17812e-06 9.39189e-05)
(0.000130958 -2.17278e-06 0.0001055 -2.17278e-06 0.000124621 -3.67872e-07 0.0001055 -3.67872e-07 4.54548e-05)
(0.000136151 1.34287e-05 9.95966e-05 1.34287e-05 0.000143657 -1.44355e-06 9.95966e-05 -1.44355e-06 4.04697e-05)
(0.000191368 4.58211e-05 0.000127451 4.58211e-05 0.000182062 1.3154e-05 0.000127451 1.3154e-05 7.65355e-05)
(0.000260207 7.42637e-05 0.000196129 7.42637e-05 0.000198044 2.1643e-05 0.000196129 2.1643e-05 0.000183603)
(0.000246973 6.69779e-05 0.00019908 6.69779e-05 0.000160829 -1.19684e-05 0.00019908 -1.19684e-05 0.000172904)
(0.000183701 4.35254e-05 0.000151326 4.35254e-05 0.000126248 -5.04507e-05 0.000151326 -5.04507e-05 7.59594e-05)
(0.000166684 3.64566e-05 0.00014012 3.64566e-05 0.000166366 -4.55566e-05 0.00014012 -4.55566e-05 2.68643e-05)
(0.000216097 3.28338e-05 0.000160378 3.28338e-05 0.000285706 -3.3455e-05 0.000160378 -3.3455e-05 2.99261e-05)
(0.000251984 6.9309e-06 0.000159481 6.9309e-06 0.000311643 -7.96719e-05 0.000159481 -7.96719e-05 2.95681e-05)
(0.000276534 -2.53618e-05 0.000163789 -2.53618e-05 0.000250588 -0.000120092 0.000163789 -0.000120092 5.37885e-05)
(0.000307313 -3.0037e-05 0.000194004 -3.0037e-05 0.000189024 -0.000115613 0.000194004 -0.000115613 8.97788e-05)
(0.00027474 -4.00376e-06 0.000181377 -4.00376e-06 0.000131619 -6.87279e-05 0.000181377 -6.87279e-05 4.22105e-05)
(0.000173369 2.09166e-05 0.000119977 2.09166e-05 9.84444e-05 -1.2083e-05 0.000119977 -1.2083e-05 -4.09722e-05)
(0.000106785 3.72687e-05 0.000120491 3.72687e-05 9.7111e-05 5.22714e-05 0.000120491 5.22714e-05 2.97589e-06)
(0.000190169 2.38949e-05 0.000219347 2.38949e-05 0.00013478 9.41064e-05 0.000219347 9.41064e-05 0.000220623)
(0.000281802 -1.00583e-05 0.000260677 -1.00583e-05 0.000190534 9.42228e-05 0.000260677 9.42228e-05 0.000392992)
(0.00023539 -2.60519e-05 0.000172576 -2.60519e-05 0.000239032 0.000101175 0.000172576 0.000101175 0.00037922)
(0.000211498 -5.87627e-05 9.98536e-05 -5.87627e-05 0.000326692 0.000123156 9.98536e-05 0.000123156 0.00025346)
(0.000271247 -0.000114051 0.000123566 -0.000114051 0.000439985 6.92848e-05 0.000123566 6.92848e-05 8.02723e-05)
(0.000321872 -9.09725e-05 0.000148102 -9.09725e-05 0.000437978 -2.1019e-05 0.000148102 -2.1019e-05 2.54939e-05)
(0.000287105 -2.25408e-05 0.000133417 -2.25408e-05 0.000306968 -4.9063e-05 0.000133417 -4.9063e-05 3.65478e-05)
(0.00020022 4.28315e-06 0.000118518 4.28315e-06 0.00018762 -1.78544e-05 0.000118518 -1.78544e-05 3.72296e-05)
(0.000137625 1.79512e-05 6.87558e-05 1.79512e-05 0.000150255 -2.3107e-05 6.87558e-05 -2.3107e-05 8.02284e-05)
(0.000123457 3.67407e-06 3.40119e-05 3.67407e-06 0.000118094 -2.34386e-05 3.40119e-05 -2.34386e-05 0.000157593)
(0.000150412 -4.10927e-05 5.73872e-05 -4.10927e-05 0.000133043 5.35846e-05 5.73872e-05 5.35846e-05 0.000235304)
(0.000227466 -4.65484e-05 0.000127016 -4.65484e-05 0.000256956 0.000150019 0.000127016 0.000150019 0.000291232)
(0.000255039 -1.30115e-05 0.000186839 -1.30115e-05 0.000322119 9.61013e-05 0.000186839 9.61013e-05 0.000162687)
(0.000269081 3.89386e-06 0.000162251 3.89386e-06 0.000266432 -6.77817e-05 0.000162251 -6.77817e-05 7.75946e-05)
(0.000461673 8.97748e-05 0.000248246 8.97748e-05 0.000230102 -8.27117e-05 0.000248246 -8.27117e-05 0.000540197)
(0.000819597 0.00021458 0.000525413 0.00021458 0.000287552 3.43714e-05 0.000525413 3.43714e-05 0.00136865)
(0.000836803 0.000237003 0.00056093 0.000237003 0.000308658 9.61581e-05 0.00056093 9.61581e-05 0.00139155)
(0.000120794 3.3183e-05 7.4314e-05 3.3183e-05 0.000181096 -4.19943e-05 7.4314e-05 -4.19943e-05 2.2646e-05)
(0.00010413 5.56e-07 7.56932e-05 5.56e-07 0.000139412 -3.52915e-05 7.56932e-05 -3.52915e-05 7.83737e-05)
(0.000120638 -3.23178e-05 5.16819e-05 -3.23178e-05 0.000147737 -3.75137e-05 5.16819e-05 -3.75137e-05 0.000157397)
(0.000201002 -2.42209e-05 1.15512e-05 -2.42209e-05 0.00019298 -1.11246e-05 1.15512e-05 -1.11246e-05 0.000185717)
(0.000272673 -3.77186e-05 4.67831e-05 -3.77186e-05 0.000170844 5.61522e-05 4.67831e-05 5.61522e-05 0.000176888)
(0.000278332 -4.79715e-05 8.8417e-05 -4.79715e-05 0.000104318 9.1468e-05 8.8417e-05 9.1468e-05 0.000151062)
(0.000229572 1.18995e-05 0.000103756 1.18995e-05 0.000106113 5.75315e-05 0.000103756 5.75315e-05 0.000125067)
(0.000216833 9.84175e-05 0.000136299 9.84175e-05 0.000236228 1.18455e-05 0.000136299 1.18455e-05 0.000115412)
(0.000215458 0.000102062 0.000147619 0.000102062 0.000285012 -1.98213e-05 0.000147619 -1.98213e-05 5.64031e-05)
(0.000226803 6.0617e-05 0.000136581 6.0617e-05 0.000250473 -3.7903e-05 0.000136581 -3.7903e-05 7.60981e-06)
(0.000257194 3.19779e-05 0.000122145 3.19779e-05 0.000249026 -6.01048e-05 0.000122145 -6.01048e-05 2.35885e-05)
(0.000282613 4.42006e-06 0.000125802 4.42006e-06 0.000276076 -7.57901e-05 0.000125802 -7.57901e-05 4.94673e-05)
(0.000267961 -1.09905e-05 0.000144969 -1.09905e-05 0.000248348 -4.67943e-05 0.000144969 -4.67943e-05 4.71284e-05)
(0.000215671 -4.67524e-06 0.000144481 -4.67524e-06 0.000172679 -1.08993e-05 0.000144481 -1.08993e-05 3.07369e-05)
(0.000194603 1.63484e-05 0.000136799 1.63484e-05 0.000173812 -1.77668e-05 0.000136799 -1.77668e-05 5.87175e-06)
(0.000293433 4.16525e-05 0.000146929 4.16525e-05 0.000381863 -2.73241e-05 0.000146929 -2.73241e-05 2.8697e-05)
(0.000446958 3.02028e-05 0.00011701 3.02028e-05 0.000668526 -0.000118209 0.00011701 -0.000118209 9.81358e-05)
(0.000574068 -2.70652e-05 7.38641e-05 -2.70652e-05 0.000752654 -0.000285028 7.38641e-05 -0.000285028 0.00019508)
(0.000581171 -6.59451e-05 0.000109136 -6.59451e-05 0.000668283 -0.000317065 0.000109136 -0.000317065 0.000220749)
(0.00044876 -9.9903e-05 0.000167191 -9.9903e-05 0.000559782 -0.000235017 0.000167191 -0.000235017 0.00010563)
(0.000342876 -7.93096e-05 0.000169855 -7.93096e-05 0.000751856 -2.75122e-05 0.000169855 -2.75122e-05 5.80451e-05)
(0.000430702 3.71328e-05 9.05674e-05 3.71328e-05 0.00144354 0.000452781 9.05674e-05 0.000452781 0.000417859)
(0.000610474 8.81748e-05 -3.02028e-06 8.81748e-05 0.00209803 0.000868294 -3.02028e-06 0.000868294 0.000829303)
(0.000652316 5.27659e-05 5.07711e-05 5.27659e-05 0.00203463 0.000876119 5.07711e-05 0.000876119 0.000846033)
(0.000505263 -1.15559e-05 0.000205183 -1.15559e-05 0.00132717 0.000456703 0.000205183 0.000456703 0.000465891)
(0.000411919 -1.72127e-05 0.000224447 -1.72127e-05 0.000842319 0.000143336 0.000224447 0.000143336 0.000230939)
(0.000406223 -6.66082e-06 0.000187339 -6.66082e-06 0.000790048 4.1726e-05 0.000187339 4.1726e-05 0.000180509)
(0.000429309 -7.22492e-05 0.000165681 -7.22492e-05 0.00106881 5.20293e-05 0.000165681 5.20293e-05 0.000188324)
(0.00046964 -0.000230566 0.000144246 -0.000230566 0.00151888 0.000161197 0.000144246 0.000161197 0.000221937)
(0.000514925 -0.000357015 0.00014329 -0.000357015 0.00152431 9.61451e-05 0.00014329 9.61451e-05 0.000149378)
(0.00048321 -0.000279121 0.000190599 -0.000279121 0.00108533 -0.00014658 0.000190599 -0.00014658 5.83634e-05)
(0.000461208 -7.84565e-05 0.000196323 -7.84565e-05 0.000726066 -0.000327163 0.000196323 -0.000327163 0.000169886)
(0.00049032 5.40838e-05 0.000156891 5.40838e-05 0.000643112 -0.000395345 0.000156891 -0.000395345 0.000313097)
(0.000470137 6.35926e-05 0.000159077 6.35926e-05 0.00062128 -0.000342126 0.000159077 -0.000342126 0.000273305)
(0.000382593 -6.39167e-06 0.000180355 -6.39167e-06 0.00041091 -0.000211219 0.000180355 -0.000211219 0.000181598)
(0.000306644 -5.36162e-06 0.000197461 -5.36162e-06 0.00020324 -6.24126e-05 0.000197461 -6.24126e-05 0.000160015)
(0.000317948 8.5216e-05 0.000187339 8.5216e-05 0.000238802 3.54536e-05 0.000187339 3.54536e-05 0.000204373)
(0.000346058 0.000192748 0.000160301 0.000192748 0.000476726 8.40379e-05 0.000160301 8.40379e-05 0.000254463)
(0.000277516 0.000160052 0.000103672 0.000160052 0.000456287 3.21241e-05 0.000103672 3.21241e-05 0.000170125)
(0.000181911 8.45846e-05 6.35255e-05 8.45846e-05 0.000299503 -3.37744e-05 6.35255e-05 -3.37744e-05 5.75389e-05)
(0.000502708 0.000158273 4.33866e-05 0.000158273 0.000263717 -0.000147718 4.33866e-05 -0.000147718 0.000478043)
(0.000463169 6.4102e-05 8.10465e-05 6.4102e-05 0.000359356 -0.000161209 8.10465e-05 -0.000161209 0.00023741)
(0.000464705 -7.46641e-06 0.000140569 -7.46641e-06 0.000431632 -0.000102725 0.000140569 -0.000102725 0.00013952)
(0.000411802 -3.40315e-05 0.000154549 -3.40315e-05 0.000384631 -2.31769e-05 0.000154549 -2.31769e-05 8.78624e-05)
(0.000334915 -1.03377e-07 0.000141705 -1.03377e-07 0.000393173 6.82408e-05 0.000141705 6.82408e-05 0.000102471)
(0.000262911 7.77412e-05 0.000105093 7.77412e-05 0.000444102 0.000129133 0.000105093 0.000129133 0.000201325)
(0.000262628 0.000179226 0.000108168 0.000179226 0.000592034 0.000180456 0.000108168 0.000180456 0.000328597)
(0.000319254 0.000204806 0.000161376 0.000204806 0.000775499 0.00024487 0.000161376 0.00024487 0.000356656)
(0.00036508 0.000107698 0.000178899 0.000107698 0.000908298 0.000291802 0.000178899 0.000291802 0.00029943)
(0.000396492 8.91462e-06 0.000188712 8.91462e-06 0.000930584 0.000252702 0.000188712 0.000252702 0.000247433)
(0.000360561 -5.84656e-05 0.000180129 -5.84656e-05 0.000617199 8.2761e-05 0.000180129 8.2761e-05 0.000153478)
(0.000290114 -7.12071e-05 0.000143531 -7.12071e-05 0.000312853 -9.55164e-06 0.000143531 -9.55164e-06 9.56309e-05)
(0.000258089 -3.03397e-05 0.000127571 -3.03397e-05 0.000196131 1.91061e-05 0.000127571 1.91061e-05 0.000112507)
(0.000194449 -1.43386e-05 0.000106777 -1.43386e-05 0.000142255 3.09944e-05 0.000106777 3.09944e-05 8.19925e-05)
(0.000261508 4.85945e-05 0.000196945 4.85945e-05 0.000362433 7.31042e-05 0.000196945 7.31042e-05 9.62633e-05)
(0.000507035 0.000187806 0.000198014 0.000187806 0.000765553 -2.52156e-05 0.000198014 -2.52156e-05 0.000174313)
(0.000674463 0.000190528 4.01624e-05 0.000190528 0.000869057 -0.000312605 4.01624e-05 -0.000312605 0.000370511)
(0.000789354 8.78787e-05 7.41463e-05 8.78787e-05 0.000995159 -0.00043875 7.41463e-05 -0.00043875 0.000557867)
(0.00063054 -0.000144796 0.000196483 -0.000144796 0.00106875 -0.000288747 0.000196483 -0.000288747 0.000287967)
(0.000434345 -0.000215739 0.000176876 -0.000215739 0.00113622 0.000121893 0.000176876 0.000121893 0.000221172)
(0.000500289 -5.64754e-05 0.000101895 -5.64754e-05 0.00133441 0.00058771 0.000101895 0.00058771 0.000665866)
(0.000555593 5.58365e-05 0.00017725 5.58365e-05 0.00109157 0.000579208 0.00017725 0.000579208 0.000805248)
(0.00039631 -2.0368e-06 0.000231713 -2.0368e-06 0.000567815 0.000207654 0.000231713 0.000207654 0.000391337)
(0.000312452 -4.02322e-05 0.000170155 -4.02322e-05 0.000409505 5.73508e-06 0.000170155 5.73508e-06 0.000180084)
(0.000367694 -1.38609e-05 0.000148945 -1.38609e-05 0.000551903 -9.21832e-05 0.000148945 -9.21832e-05 0.000223103)
(0.000415636 -2.03205e-05 0.000148763 -2.03205e-05 0.000936914 -0.000113717 0.000148763 -0.000113717 0.000268655)
(0.000442317 5.14463e-05 0.000172904 5.14463e-05 0.00155571 1.81952e-05 0.000172904 1.81952e-05 0.000335044)
(0.000477634 0.000127835 0.000196444 0.000127835 0.00199265 0.00013619 0.000196444 0.00013619 0.000389705)
(0.000515041 -1.08862e-05 0.000207677 -1.08862e-05 0.00207642 4.19347e-05 0.000207677 4.19347e-05 0.000353957)
(0.000649346 -0.000304005 0.000213334 -0.000304005 0.00185444 -0.000287709 0.000213334 -0.000287709 0.000312725)
(0.000809776 -0.000405303 0.0002049 -0.000405303 0.00161926 -0.000530169 0.0002049 -0.000530169 0.000385476)
(0.000833406 -0.000267518 0.000154318 -0.000267518 0.00132198 -0.000520746 0.000154318 -0.000520746 0.000404509)
(0.000744381 -0.000136208 0.000126486 -0.000136208 0.000996104 -0.000390926 0.000126486 -0.000390926 0.000365292)
(0.000632842 -0.000127829 0.000174683 -0.000127829 0.000708294 -0.00027332 0.000174683 -0.00027332 0.000295166)
(0.000608943 -0.000122734 0.000282576 -0.000122734 0.000462454 -0.000183511 0.000282576 -0.000183511 0.000324344)
(0.000638577 -8.39578e-05 0.00039098 -8.39578e-05 0.000313848 -0.000121095 0.00039098 -0.000121095 0.000401392)
(0.000608322 -9.77889e-06 0.000404922 -9.77889e-06 0.000213647 -7.98684e-05 0.000404922 -7.98684e-05 0.000399041)
(0.00054696 9.59896e-05 0.00035445 9.59896e-05 0.000167602 -5.61122e-05 0.00035445 -5.61122e-05 0.000428743)
(0.000521277 0.000172262 0.000223156 0.000172262 0.000192031 -5.78836e-05 0.000223156 -5.78836e-05 0.000541667)
(0.000530999 0.000192006 8.87299e-05 0.000192006 0.000226804 -0.000101957 8.87299e-05 -0.000101957 0.000598585)
(0.000926547 0.000212335 -2.63462e-05 0.000212335 0.00118711 -0.000490836 -2.63462e-05 -0.000490836 0.000498341)
(0.000814442 0.000194479 0.000137566 0.000194479 0.00136566 -0.000390476 0.000137566 -0.000390476 0.000405878)
(0.000539461 6.27711e-05 0.000232909 6.27711e-05 0.00146776 -6.05909e-05 0.000232909 -6.05909e-05 0.000287982)
(0.000373105 -7.61431e-05 0.000103159 -7.61431e-05 0.00121235 0.000222347 0.000103159 0.000222347 0.00030302)
(0.000262754 -7.12024e-05 4.03766e-05 -7.12024e-05 0.000598778 0.000140227 4.03766e-05 0.000140227 0.000202729)
(0.000184763 7.11558e-05 3.41758e-05 7.11558e-05 0.000342888 -2.01417e-05 3.41758e-05 -2.01417e-05 0.000146812)
(0.000177278 9.4153e-05 9.15397e-05 9.4153e-05 0.000309505 -3.14387e-05 9.15397e-05 -3.14387e-05 0.000171025)
(0.000275152 6.52354e-05 0.000215879 6.52354e-05 0.000303544 7.6999e-05 0.000215879 7.6999e-05 0.000186866)
(0.000386245 5.12656e-05 0.000208156 5.12656e-05 0.000561417 4.30634e-05 0.000208156 4.30634e-05 0.000155241)
(0.000412908 -3.83798e-05 0.000118184 -3.83798e-05 0.000533796 -0.000146312 0.000118184 -0.000146312 0.000134011)
(0.000493751 1.56853e-05 0.00023604 1.56853e-05 0.000330428 -6.32117e-05 0.00023604 -6.32117e-05 0.000373287)
(0.000635904 0.000224104 0.000444181 0.000224104 0.000518006 0.000190247 0.000444181 0.000190247 0.000592129)
(0.000382683 0.000121187 0.000267046 0.000121187 0.000366577 0.000103722 0.000267046 0.000103722 0.000323247)
(0.000274832 9.72925e-05 0.000119107 9.72925e-05 0.00024074 -5.69616e-05 0.000119107 -5.69616e-05 9.54882e-05)
(0.000544532 0.000264972 0.000135552 0.000264972 0.000686762 -0.000114043 0.000135552 -0.000114043 0.000214017)
(0.000616395 0.000203373 2.87313e-05 0.000203373 0.000641539 -0.000255986 2.87313e-05 -0.000255986 0.000359481)
(0.000621509 0.00017784 3.74643e-05 0.00017784 0.000529275 -0.000195028 3.74643e-05 -0.000195028 0.000579828)
(0.000539733 0.000146055 0.000103845 0.000146055 0.000518186 -8.55215e-05 0.000103845 -8.55215e-05 0.000515976)
(0.000297577 5.3863e-05 9.80152e-05 5.3863e-05 0.000409967 -4.24413e-05 9.80152e-05 -4.24413e-05 0.000223179)
(0.000181385 3.34345e-07 3.87905e-05 3.34345e-07 0.000363953 -4.20678e-06 3.87905e-05 -4.20678e-06 0.000321343)
(0.000218341 -2.74219e-05 -4.08636e-05 -2.74219e-05 0.00041672 5.23366e-05 -4.08636e-05 5.23366e-05 0.000513962)
(0.000237843 7.08681e-05 -8.38023e-05 7.08681e-05 0.000418296 -0.000141802 -8.38023e-05 -0.000141802 0.000365298)
(0.000378436 0.000184369 0.00013044 0.000184369 0.00101195 -3.10335e-05 0.00013044 -3.10335e-05 0.000421967)
(0.00061212 0.000294457 0.000332259 0.000294457 0.00215486 0.000497947 0.000332259 0.000497947 0.000723928)
(0.000795333 6.89896e-05 0.000179245 6.89896e-05 0.00224173 0.000552647 0.000179245 0.000552647 0.000681589)
(0.000813995 -6.86115e-05 0.000108482 -6.86115e-05 0.00149175 0.00029174 0.000108482 0.00029174 0.000551749)
(0.00072443 7.56504e-05 0.000125202 7.56504e-05 0.000924435 0.000113322 0.000125202 0.000113322 0.000533886)
(0.000688896 0.000217965 0.000150613 0.000217965 0.000801321 6.38254e-05 0.000150613 6.38254e-05 0.000555235)
(0.000724699 0.000301321 0.000203574 0.000301321 0.000811992 6.12382e-05 0.000203574 6.12382e-05 0.000600843)
(0.000771707 0.000340801 0.000278603 0.000340801 0.000802221 5.19771e-05 0.000278603 5.19771e-05 0.000680925)
(0.000764233 0.000298806 0.00030477 0.000298806 0.000799415 1.55168e-05 0.00030477 1.55168e-05 0.000719598)
(0.000647113 0.000228188 0.00023032 0.000228188 0.000740052 -3.57404e-05 0.00023032 -3.57404e-05 0.000599152)
(0.000507387 0.000180912 0.000154044 0.000180912 0.000601543 -4.74174e-05 0.000154044 -4.74174e-05 0.000439408)
(0.000428778 0.00011391 0.000158626 0.00011391 0.000440879 -2.69199e-05 0.000158626 -2.69199e-05 0.000320149)
(0.000400852 3.95952e-05 0.000207858 3.95952e-05 0.000319159 -2.52295e-05 0.000207858 -2.52295e-05 0.000275511)
(0.000410754 -4.99683e-05 0.000252914 -4.99683e-05 0.00026551 -6.99572e-05 0.000252914 -6.99572e-05 0.000244712)
(0.000467614 -0.000172609 0.000290142 -0.000172609 0.000353121 -0.000187973 0.000290142 -0.000187973 0.000208927)
(0.000624991 -0.000248542 0.000246176 -0.000248542 0.000716638 -0.000366915 0.000246176 -0.000366915 0.000214469)
(0.000772958 -0.000140725 0.000113433 -0.000140725 0.00113585 -0.000433639 0.000113433 -0.000433639 0.000275174)
(0.000875755 8.22358e-05 3.47197e-06 8.22358e-05 0.00129139 -0.0004765 3.47197e-06 -0.0004765 0.000406616)
(0.00107803 0.000162536 0.000116989 0.000162536 0.00393449 0.000942939 0.000116989 0.000942939 0.00116039)
(0.000769754 0.000163767 0.000155063 0.000163767 0.00225616 0.000785428 0.000155063 0.000785428 0.000966869)
(0.000450508 -0.000121848 8.31354e-05 -0.000121848 0.000754923 0.00036657 8.31354e-05 0.00036657 0.000654262)
(0.000271153 -9.6052e-05 -9.97558e-05 -9.6052e-05 0.000273537 6.58967e-05 -9.97558e-05 6.58967e-05 0.000403977)
(0.000353578 0.000126416 -0.00014179 0.000126416 0.000297284 -9.72459e-05 -0.00014179 -9.72459e-05 0.000235356)
(0.000243756 0.000160323 -6.29798e-05 0.000160323 0.000312597 -0.000113566 -6.29798e-05 -0.000113566 0.000133373)
(0.000146954 6.31148e-05 0.00013422 6.31148e-05 0.000258798 -2.17259e-05 0.00013422 -2.17259e-05 0.000184402)
(0.000418197 1.83042e-05 0.000376889 1.83042e-05 0.000309105 7.03903e-05 0.000376889 7.03903e-05 0.00044991)
(0.000256684 -7.038e-05 0.000215264 -7.038e-05 0.000262653 -4.7002e-05 0.000215264 -4.7002e-05 0.00033156)
(0.000249118 9.52249e-05 3.02568e-05 9.52249e-05 0.000393586 -3.89526e-05 3.02568e-05 -3.89526e-05 0.000234063)
(0.000468164 0.000269615 8.38339e-05 0.000269615 0.000440889 2.44668e-05 8.38339e-05 2.44668e-05 0.000388086)
(0.000315044 0.000139987 5.98775e-05 0.000139987 0.000243553 -5.85392e-05 5.98775e-05 -5.85392e-05 0.000281643)
(0.000198464 3.00081e-05 0.000134564 3.00081e-05 0.000189841 -4.54653e-05 0.000134564 -4.54653e-05 7.48633e-05)
(0.000483996 0.000193586 0.000234533 0.000193586 0.000464846 2.86167e-05 0.000234533 2.86167e-05 0.000188649)
(0.000472949 0.000105991 0.000139586 0.000105991 0.000369609 -3.39774e-05 0.000139586 -3.39774e-05 0.000209063)
(0.000443232 5.38863e-05 0.000148931 5.38863e-05 0.000395734 6.38627e-05 0.000148931 6.38627e-05 0.000381732)
(0.000459688 0.000141914 0.000243559 0.000141914 0.000715975 0.000197669 0.000243559 0.000197669 0.000486076)
(0.000292221 0.000283285 -2.66377e-05 0.000283285 0.00111676 -0.000115803 -2.66377e-05 -0.000115803 0.000531304)
(0.000261067 0.000300333 -0.000309749 0.000300333 0.00122893 -0.000800266 -0.000309749 -0.000800266 0.00127208)
(0.000451874 0.000166808 -0.000247785 0.000166808 0.000782213 -0.000845267 -0.000247785 -0.000845267 0.00181275)
(0.000409433 0.000207605 -0.000227674 0.000207605 0.000568456 -0.000462341 -0.000227674 -0.000462341 0.000953934)
(0.000486369 0.000247568 0.000143493 0.000247568 0.000678152 -7.4625e-05 0.000143493 -7.4625e-05 0.00047291)
(0.000758751 0.000265511 0.000744686 0.000265511 0.000785297 0.000167989 0.000744686 0.000167989 0.00107751)
(0.000531146 9.72757e-05 0.000560993 9.72757e-05 0.000601091 9.96925e-05 0.000560993 9.96925e-05 0.000892253)
(0.000256435 -4.55212e-05 0.000139541 -4.55212e-05 0.000368571 -3.85987e-05 0.000139541 -3.85987e-05 0.000203247)
(0.000278867 -0.000190707 0.000146313 -0.000190707 0.000607995 -0.000262641 0.000146313 -0.000262641 0.000381547)
(0.000398955 -0.000231947 0.000193357 -0.000231947 0.00133355 -0.000413145 0.000193357 -0.000413145 0.000568589)
(0.000594823 6.22002e-05 0.000111612 6.22002e-05 0.00198569 8.76468e-06 0.000111612 8.76468e-06 0.000489385)
(0.000955245 0.000524861 0.00029028 0.000524861 0.00241862 0.000676404 0.00029028 0.000676404 0.000935783)
(0.00110061 0.000708627 0.000528201 0.000708627 0.00187262 0.000747622 0.000528201 0.000747622 0.00155155)
(0.000918176 0.000521023 0.000535499 0.000521023 0.00103002 0.000373142 0.000535499 0.000373142 0.00132162)
(0.000588207 0.000296261 0.000340734 0.000296261 0.000595574 0.000133226 0.000340734 0.000133226 0.000665251)
(0.0002744 0.000130514 2.39313e-05 0.000130514 0.000384263 -9.76752e-05 2.39313e-05 -9.76752e-05 0.000324759)
(0.000228742 2.33287e-05 -8.9366e-05 2.33287e-05 0.000295772 -7.01891e-05 -8.9366e-05 -7.01891e-05 0.000590277)
(0.000297751 4.63985e-06 -0.000136601 4.63985e-06 0.000260908 -5.72577e-05 -0.000136601 -5.72577e-05 0.000726837)
(0.000224463 1.07987e-05 -2.57855e-05 1.07987e-05 0.000250125 -6.50939e-05 -2.57855e-05 -6.50939e-05 0.000330837)
(0.000244531 -5.28824e-05 0.000127682 -5.28824e-05 0.000319234 -4.16422e-05 0.000127682 -4.16422e-05 5.21259e-05)
(0.000575854 -0.000104574 0.000156822 -0.000104574 0.00131536 -0.000281064 0.000156822 -0.000281064 0.000183951)
(0.00082395 -0.00012106 0.000254873 -0.00012106 0.00375979 -0.000204375 0.000254873 -0.000204375 0.000517052)
(0.00119326 -0.000133323 0.000188075 -0.000133323 0.00491762 0.000503877 0.000188075 0.000503877 0.00102825)
(0.000917569 -0.000488232 -0.000127191 -0.000488232 0.00227659 0.00090593 -0.000127191 0.00090593 0.00128041)
(0.000471954 -0.000369159 -6.74855e-05 -0.000369159 0.000600457 0.000247414 -6.74855e-05 0.000247414 0.000725981)
(0.000362337 9.69525e-05 -0.000229023 9.69525e-05 0.000407781 -0.000125802 -0.000229023 -0.000125802 0.000504966)
(0.000377734 0.000405566 -0.000294935 0.000405566 0.000647693 -0.000253923 -0.000294935 -0.000253923 0.000447721)
(0.000277923 0.000308609 -0.000237782 0.000308609 0.000664957 -0.000236276 -0.000237782 -0.000236276 0.000414356)
(0.00018098 0.000170274 3.70387e-06 0.000170274 0.000664422 -6.82138e-05 3.70387e-06 -6.82138e-05 0.0003759)
(0.000277263 0.000105824 0.000242822 0.000105824 0.000566285 9.66378e-05 0.000242822 9.66378e-05 0.00021262)
(0.000284805 -6.27199e-05 9.86075e-05 -6.27199e-05 0.000403036 5.78556e-05 9.86075e-05 5.78556e-05 6.81127e-05)
(0.000540071 0.000139102 0.000233702 0.000139102 0.00104128 0.00046585 0.000233702 0.00046585 0.00064381)
(0.000524087 0.000182624 0.000331733 0.000182624 0.000458471 0.000201128 0.000331733 0.000201128 0.000631511)
(0.000262293 -0.000190705 0.000103451 -0.000190705 0.000496794 4.1062e-05 0.000103451 4.1062e-05 7.09112e-05)
(0.000955659 -0.000126409 -0.000311685 -0.000126409 0.00265299 0.00139 -0.000311685 0.00139 0.0015999)
(0.00138304 0.000134048 -0.000114741 0.000134048 0.00304569 0.00162923 -0.000114741 0.00162923 0.00210493)
(0.000538494 0.000104327 0.000304239 0.000104327 0.000759957 0.0002206 0.000304239 0.0002206 0.000396713)
(0.000485135 0.000120501 9.07816e-05 0.000120501 0.000362294 5.36833e-05 9.07816e-05 5.36833e-05 0.000487297)
(0.000660783 0.000228365 0.00037186 0.000228365 0.000643792 0.000322012 0.00037186 0.000322012 0.000855131)
(0.000347997 0.00018263 0.000122176 0.00018263 0.000865061 3.79868e-05 0.000122176 3.79868e-05 0.000232154)
(0.000116742 0.000168089 -0.000117175 0.000168089 0.00112645 -0.000707401 -0.000117175 -0.000707401 0.00090094)
(0.000221008 -2.86782e-05 0.000174724 -2.86782e-05 0.00126577 -0.00118146 0.000174724 -0.00118146 0.00184227)
(0.000278247 -9.03122e-05 0.000110611 -9.03122e-05 0.0011937 -0.00102537 0.000110611 -0.00102537 0.0015618)
(0.000263624 0.000303714 -0.000150852 0.000303714 0.00157006 -0.000486191 -0.000150852 -0.000486191 0.000713986)
(0.00058465 0.000633605 0.000133184 0.000633605 0.00143542 0.000200729 0.000133184 0.000200729 0.000378665)
(0.000590413 0.000365917 0.000295155 0.000365917 0.000655651 0.000252014 0.000295155 0.000252014 0.000625631)
(0.000434922 9.9075e-05 7.65426e-05 9.9075e-05 0.00026434 -0.000119107 7.65426e-05 -0.000119107 0.000490205)
(0.00051194 0.000105777 0.000235949 0.000105777 0.000991551 -0.000122653 0.000235949 -0.000122653 0.000204983)
(0.000484518 0.000171483 0.00012963 0.000171483 0.00135931 0.000476671 0.00012963 0.000476671 0.000697963)
(0.000269655 3.37223e-05 0.00010414 3.37223e-05 0.00049436 0.000121741 0.00010414 0.000121741 0.000459445)
(0.000352244 6.15045e-05 0.00012197 6.15045e-05 0.000473031 3.14778e-05 0.00012197 3.14778e-05 0.000232272)
(0.00133221 0.000512609 0.000330318 0.000512609 0.000878971 0.000390664 0.000330318 0.000390664 0.00234449)
(0.0021987 0.000770329 0.00032421 0.000770329 0.00108367 -0.000355422 0.00032421 -0.000355422 0.00324598)
(0.000808895 0.00027777 0.000461133 0.00027777 0.00123948 -0.000283861 0.000461133 -0.000283861 0.00104848)
(0.00042256 4.70914e-05 -0.000183863 4.70914e-05 0.00106686 0.000342283 -0.000183863 0.000342283 0.00138334)
(0.000629673 0.00010782 -0.000392847 0.00010782 0.00156863 0.000818922 -0.000392847 0.000818922 0.00200919)
(0.000515123 -0.000104652 -0.000146932 -0.000104652 0.00135737 0.000683807 -0.000146932 0.000683807 0.00119031)
(0.000370369 -0.000297363 0.000106723 -0.000297363 0.000769525 0.000112833 0.000106723 0.000112833 0.000173492)
(0.000469523 -0.00017713 0.00015845 -0.00017713 0.000728073 -0.000177744 0.00015845 -0.000177744 0.000104993)
(0.000622531 0.000157303 6.27246e-05 0.000157303 0.00104692 -0.000461821 6.27246e-05 -0.000461821 0.00046985)
(0.000693817 0.000470841 0.000245351 0.000470841 0.00192177 -0.000561261 0.000245351 -0.000561261 0.0006651)
(0.000695969 0.000537479 0.000449894 0.000537479 0.0031792 -6.51116e-05 0.000449894 -6.51116e-05 0.000900264)
(0.00104137 6.76736e-05 0.000133633 6.76736e-05 0.00404339 0.000839756 0.000133633 0.000839756 0.00140917)
(0.000486593 0.000640723 -0.000259164 0.000640723 0.00220302 -0.000397419 -0.000259164 -0.000397419 0.00101827)
(0.000300925 0.000964394 -0.000164826 0.000964394 0.00297765 -0.00054403 -0.000164826 -0.00054403 0.000927502)
(0.000387604 0.000654724 -0.000417964 0.000654724 0.00136021 -0.000550621 -0.000417964 -0.000550621 0.000841232)
(0.000369534 0.000135633 -0.000463353 0.000135633 0.000769883 4.98649e-05 -0.000463353 4.98649e-05 0.00101388)
(0.00061815 -3.23104e-05 -0.000351581 -3.23104e-05 0.00128919 0.000602582 -0.000351581 0.000602582 0.00105993)
(0.00040156 -6.28326e-05 2.88114e-05 -6.28326e-05 0.000763485 0.000292305 2.88114e-05 0.000292305 0.000327118)
(0.000274374 -6.93025e-05 0.000152212 -6.93025e-05 0.000317121 -2.79676e-06 0.000152212 -2.79676e-06 6.31501e-07)
(0.000347074 -1.74176e-05 0.000166825 -1.74176e-05 0.000251928 -6.85174e-06 0.000166825 -6.85174e-06 9.74993e-05)
(0.000220084 -4.12222e-05 0.000150315 -4.12222e-05 0.000145973 2.65809e-05 0.000150315 2.65809e-05 9.62249e-05)
(0.000524381 0.000121941 0.000298383 0.000121941 0.000454908 0.000102316 0.000298383 0.000102316 0.000287364)
(0.000691053 0.000569156 0.000280114 0.000569156 0.00283542 0.000348331 0.000280114 0.000348331 0.000588102)
(0.0017171 -0.000511572 0.000234691 -0.000511572 0.00623572 0.000300537 0.000234691 0.000300537 0.0014085)
(0.00188633 -0.000736017 3.694e-05 -0.000736017 0.00544026 0.000865204 3.694e-05 0.000865204 0.00152712)
(0.000863834 -0.000371492 1.0577e-05 -0.000371492 0.0018551 0.000668822 1.0577e-05 0.000668822 0.0008372)
(0.000414799 -0.00012692 0.000149784 -0.00012692 0.000948149 0.000221809 0.000149784 0.000221809 0.000458487)
(0.000308389 -0.000171499 0.000116673 -0.000171499 0.000859033 6.68736e-05 0.000116673 6.68736e-05 0.000211613)
(0.000311022 -0.000208896 -1.112e-06 -0.000208896 0.000739185 0.000163355 -1.112e-06 0.000163355 0.000159475)
(0.000373112 -0.000284633 -8.09114e-05 -0.000284633 0.000842877 0.000350242 -8.09114e-05 0.000350242 0.000406509)
(0.000157348 -6.62897e-05 -5.4515e-05 -6.62897e-05 0.000419884 8.59313e-05 -5.4515e-05 8.59313e-05 0.000349355)
(0.000130186 0.000255469 -0.000104371 0.000255469 0.00105705 -0.000562261 -0.000104371 -0.000562261 0.000600093)
(0.000260959 0.000317888 -0.000173253 0.000317888 0.00125129 -0.000665155 -0.000173253 -0.000665155 0.000770122)
(0.000203951 4.32618e-05 0.000117044 4.32618e-05 0.0001578 1.69007e-05 0.000117044 1.69007e-05 8.97061e-05)
(0.000984443 0.000284231 -4.40348e-05 0.000284231 0.000874149 -0.000506557 -4.40348e-05 -0.000506557 0.000915269)
(0.00141851 0.000727624 -0.000149774 0.000727624 0.002283 -0.000798448 -0.000149774 -0.000798448 0.000959334)
(0.000862328 0.0006714 0.000386706 0.0006714 0.0019701 0.000155486 0.000386706 0.000155486 0.00048342)
(0.000326153 -7.02776e-06 0.000183656 -7.02776e-06 0.000603358 0.000116864 0.000183656 0.000116864 0.00024066)
(0.000498509 -4.66499e-06 0.000176478 -4.66499e-06 0.000447765 -0.000128482 0.000176478 -0.000128482 0.000278126)
(0.00155229 0.000396862 5.72391e-05 0.000396862 0.000873753 -0.000572919 5.72391e-05 -0.000572919 0.00245839)
(0.00319724 0.000654455 -0.000394254 0.000654455 0.00206526 -0.00137245 -0.000394254 -0.00137245 0.00438703)
(0.00196344 0.000604883 -0.000254931 0.000604883 0.00214001 -0.00153311 -0.000254931 -0.00153311 0.00256578)
(0.000450738 1.00574e-05 0.00017709 1.00574e-05 0.00109644 -1.90288e-05 0.00017709 -1.90288e-05 0.000592028)
(0.000672467 -6.71651e-05 -0.000586448 -6.71651e-05 0.000956823 0.000418891 -0.000586448 0.000418891 0.0022967)
(0.000522118 -0.000155912 -0.000101428 -0.000155912 0.000579242 0.000348029 -0.000101428 0.000348029 0.00145133)
(0.000652942 -2.41036e-05 0.00025931 -2.41036e-05 0.000655417 -0.000121715 0.00025931 -0.000121715 0.000430754)
(0.00186844 5.69141e-05 0.000326164 5.69141e-05 0.00149088 -0.000887493 0.000326164 -0.000887493 0.00233602)
(0.00194673 -0.000331414 4.53722e-05 -0.000331414 0.00369788 -0.00159881 4.53722e-05 -0.00159881 0.00183686)
(0.00130683 8.72379e-05 0.000227645 8.72379e-05 0.0043433 -0.000692454 0.000227645 -0.000692454 0.000838097)
(0.000920876 0.000229795 0.000325808 0.000229795 0.00156397 5.46686e-07 0.000325808 5.46686e-07 0.000537436)
(0.000660579 -3.91304e-05 0.000233397 -3.91304e-05 0.000550331 2.37105e-05 0.000233397 2.37105e-05 0.000489484)
(0.000573166 2.47778e-05 3.87058e-06 2.47778e-05 0.000791565 -8.78423e-05 3.87058e-06 -8.78423e-05 0.000692649)
(0.00286479 0.00187596 0.00122862 0.00187596 0.00471081 0.000815872 0.00122862 0.000815872 0.00204051)
(0.000447542 0.000371063 -1.35079e-05 0.000371063 0.000926046 -0.000146734 -1.35079e-05 -0.000146734 0.000333684)
(0.000766307 0.000549819 -5.16456e-05 0.000549819 0.00231121 0.000853162 -5.16456e-05 0.000853162 0.00136931)
(0.00150302 0.000139029 -0.000408905 0.000139029 0.00436944 0.00164773 -0.000408905 0.00164773 0.00260584)
(0.000801461 -0.000307756 -0.000191016 -0.000307756 0.00360826 0.000966006 -0.000191016 0.000966006 0.00117798)
(0.000648631 -0.000355853 0.000287712 -0.000355853 0.00145905 -0.000310815 0.000287712 -0.000310815 0.000198762)
(0.00132392 0.000244305 0.000145198 0.000244305 0.00194477 -0.000667737 0.000145198 -0.000667737 0.000958052)
(0.00121779 6.79689e-05 0.000251776 6.79689e-05 0.00249958 -0.000608373 0.000251776 -0.000608373 0.000734387)
(0.00078902 0.000143282 0.000107476 0.000143282 0.00288805 0.000833899 0.000107476 0.000833899 0.00086665)
(0.00148796 0.000775607 0.000247227 0.000775607 0.00270709 0.00142495 0.000247227 0.00142495 0.00203041)
(0.00115776 0.000688423 0.000533603 0.000688423 0.00182333 0.000632643 0.000533603 0.000632643 0.00116345)
(0.000750783 0.000104762 0.000325233 0.000104762 0.00124975 0.000264398 0.000325233 0.000264398 0.000777354)
(0.000794472 -0.000397663 6.3872e-05 -0.000397663 0.000879027 0.000355384 6.3872e-05 0.000355384 0.000722208)
(0.000625049 -0.000305388 -3.73386e-05 -0.000305388 0.000682767 0.000318184 -3.73386e-05 0.000318184 0.000637213)
(0.000441568 -0.000121038 0.000163573 -0.000121038 0.000706261 0.000148539 0.000163573 0.000148539 0.000302596)
(0.00055962 -0.000232071 0.000199044 -0.000232071 0.000667025 -7.76211e-05 0.000199044 -7.76211e-05 0.000165408)
(0.000391918 -0.000373974 0.00017522 -0.000373974 0.000968428 -0.000165299 0.00017522 -0.000165299 0.00019923)
(0.000348321 -0.000269377 -0.000365823 -0.000269377 0.00291551 0.000686322 -0.000365823 0.000686322 0.0010803)
(0.00106876 -0.000502355 -0.00130701 -0.000502355 0.00408041 0.00171244 -0.00130701 0.00171244 0.00307599)
(0.00100396 -0.000134839 -0.00107071 -0.000134839 0.0019321 0.00129935 -0.00107071 0.00129935 0.00312812)
(0.000533526 6.33635e-05 0.000105912 6.33635e-05 0.000370179 0.000266289 0.000105912 0.000266289 0.00080052)
(0.000884116 0.000451576 0.000272503 0.000451576 0.000848236 -0.000187381 0.000272503 -0.000187381 0.000650527)
(0.00111263 0.000792566 0.000204362 0.000792566 0.00270409 -0.000693535 0.000204362 -0.000693535 0.00100404)
(0.000901843 0.000222961 0.000310065 0.000222961 0.00385232 0.000646475 0.000310065 0.000646475 0.00106477)
(0.000468787 -0.000198379 -7.70791e-05 -0.000198379 0.000605688 0.000425749 -7.70791e-05 0.000425749 0.000967158)
(0.000337511 6.09225e-05 9.52967e-05 6.09225e-05 0.00038619 3.52552e-05 9.52967e-05 3.52552e-05 0.000319994)
(0.00106188 0.000436978 7.00131e-05 0.000436978 0.000714941 -0.000240706 7.00131e-05 -0.000240706 0.00142031)
(0.00256635 0.000658068 -0.00059046 0.000658068 0.0016882 -0.00120381 -0.00059046 -0.00120381 0.00359042)
(0.0016602 0.000518664 -0.000355207 0.000518664 0.00105106 -0.000603336 -0.000355207 -0.000603336 0.00258483)
(0.0024572 0.00105202 0.000281978 0.00105202 0.00437173 0.00112984 0.000281978 0.00112984 0.0016526)
(0.00424343 0.00156647 0.00111842 0.00156647 0.00574145 0.000607606 0.00111842 0.000607606 0.00259714)
(0.00186286 0.00126027 0.000964077 0.00126027 0.002722 0.00078371 0.000964077 0.00078371 0.00187007)
(0.00139628 0.000490586 0.000538539 0.000490586 0.000823368 0.000213131 0.000538539 0.000213131 0.00292343)
(0.00177429 0.000518341 -0.000109051 0.000518341 0.00127938 -0.000363381 -0.000109051 -0.000363381 0.00331774)
(0.00135249 0.000305072 -0.000287046 0.000305072 0.00154809 -0.000738551 -0.000287046 -0.000738551 0.00131779)
