/*--------------------------------*- C++ -*----------------------------------*\
  =========                 |
  \\      /  F ield         | OpenFOAM: The Open Source CFD Toolbox
   \\    /   O peration     | Website:  https://openfoam.org
    \\  /    A nd           | Version:  10
     \\/     M anipulation  |
\*---------------------------------------------------------------------------*/
FoamFile
{
    format      ascii;
    class       volTensorField;
    location    "45";
    object      TauNN;
}
// * * * * * * * * * * * * * * * * * * * * * * * * * * * * * * * * * * * * * //

dimensions      [0 2 -2 0 0 0 0];

internalField   nonuniform List<tensor> 
25600
(
(0.00147551 -0.0129768 -0.0151379 -0.0129768 0.000159639 -0.0081504 -0.0151379 -0.0081504 0.000115894)
(0.00148503 -0.0129737 -0.0151346 -0.0129737 0.000157323 -0.00814808 -0.0151346 -0.00814808 0.000118366)
(0.00148568 -0.0129779 -0.0151348 -0.0129779 0.000158717 -0.00815072 -0.0151348 -0.00815072 0.000117138)
(0.0014932 -0.0129798 -0.0151335 -0.0129798 0.000159289 -0.00815216 -0.0151335 -0.00815216 0.000115004)
(0.001455 -0.0129789 -0.0151416 -0.0129789 0.000161346 -0.00815185 -0.0151416 -0.00815185 0.000115275)
(0.00145404 -0.0129836 -0.0151368 -0.0129836 0.000161536 -0.00815463 -0.0151368 -0.00815463 0.000113335)
(0.00149566 -0.0129818 -0.0151331 -0.0129818 0.00015987 -0.0081535 -0.0151331 -0.0081535 0.000113825)
(0.00149764 -0.0129797 -0.0151322 -0.0129797 0.000159014 -0.00815216 -0.0151322 -0.00815216 0.000114633)
(0.00147018 -0.0129789 -0.0151384 -0.0129789 0.000160468 -0.00815177 -0.0151384 -0.00815177 0.000115021)
(0.00145044 -0.0129768 -0.0151435 -0.0129768 0.000161275 -0.00815065 -0.0151435 -0.00815065 0.000115725)
(0.00145139 -0.0129744 -0.0151428 -0.0129744 0.000160266 -0.00814907 -0.0151428 -0.00814907 0.00011688)
(0.00146614 -0.0129788 -0.015138 -0.0129788 0.000160277 -0.00815161 -0.015138 -0.00815161 0.000115595)
(0.00149991 -0.0129799 -0.0151326 -0.0129799 0.000158857 -0.0081521 -0.0151326 -0.0081521 0.000115818)
(0.00148646 -0.01298 -0.0151352 -0.01298 0.000159792 -0.0081523 -0.0151352 -0.0081523 0.000115068)
(0.00149668 -0.012976 -0.0151311 -0.012976 0.000157412 -0.00814969 -0.0151311 -0.00814969 0.000116631)
(0.00148096 -0.012972 -0.0151372 -0.012972 0.00015721 -0.00814699 -0.0151372 -0.00814699 0.000119568)
(0.00148236 -0.0129792 -0.0151355 -0.0129792 0.000159603 -0.00815173 -0.0151355 -0.00815173 0.000115575)
(0.00148362 -0.0129809 -0.015136 -0.0129809 0.000160255 -0.00815288 -0.015136 -0.00815288 0.000114699)
(0.00134614 -0.0129651 -0.015174 -0.0129651 0.000167113 -0.0081452 -0.015174 -0.0081452 0.000115941)
(0.00146631 -0.0129678 -0.0151382 -0.0129678 0.000156476 -0.0081446 -0.0151382 -0.0081446 0.000119584)
(0.00141848 -0.0129658 -0.0151555 -0.0129658 0.00016054 -0.00814395 -0.0151555 -0.00814395 0.000119868)
(0.00147156 -0.0129755 -0.0151363 -0.0129755 0.00015865 -0.00814945 -0.0151363 -0.00814945 0.0001173)
(0.00149751 -0.01298 -0.0151332 -0.01298 0.000159068 -0.0081522 -0.0151332 -0.0081522 0.000115754)
(0.00148299 -0.0129782 -0.0151366 -0.0129782 0.000159551 -0.00815118 -0.0151366 -0.00815118 0.000115889)
(0.0014328 -0.012971 -0.0151544 -0.012971 0.000161561 -0.00814691 -0.0151544 -0.00814691 0.000119477)
(0.00145403 -0.0129794 -0.0151414 -0.0129794 0.000161357 -0.00815209 -0.0151414 -0.00815209 0.000115552)
(0.00147509 -0.0129817 -0.0151365 -0.0129817 0.00016083 -0.00815353 -0.0151365 -0.00815353 0.000113861)
(0.00143244 -0.0129752 -0.0151498 -0.0129752 0.000162646 -0.00814996 -0.0151498 -0.00814996 0.000115597)
(0.00142055 -0.0129662 -0.0151522 -0.0129662 0.000160205 -0.00814435 -0.0151522 -0.00814435 0.000118876)
(0.00147817 -0.0129787 -0.0151363 -0.0129787 0.00015952 -0.00815136 -0.0151363 -0.00815136 0.00011651)
(0.00150172 -0.0129788 -0.0151318 -0.0129788 0.00015849 -0.0081515 -0.0151318 -0.0081515 0.000115396)
(0.00142536 -0.0129725 -0.0151523 -0.0129725 0.000162444 -0.00814839 -0.0151523 -0.00814839 0.000116592)
(0.00144062 -0.0129803 -0.015142 -0.0129803 0.000162114 -0.00815282 -0.015142 -0.00815282 0.000114328)
(0.00147733 -0.0129799 -0.0151354 -0.0129799 0.000160028 -0.00815233 -0.0151354 -0.00815233 0.000114552)
(0.00149276 -0.0129773 -0.0151328 -0.0129773 0.000158207 -0.00815046 -0.0151328 -0.00815046 0.00011646)
(0.00148717 -0.0129763 -0.0151342 -0.0129763 0.000158234 -0.00814985 -0.0151342 -0.00814985 0.000116891)
(0.00146532 -0.0129775 -0.0151388 -0.0129775 0.000160072 -0.00815081 -0.0151388 -0.00815081 0.000116024)
(0.00148874 -0.0129795 -0.0151351 -0.0129795 0.000159494 -0.0081519 -0.0151351 -0.0081519 0.0001157)
(0.00148832 -0.0129744 -0.0151343 -0.0129744 0.000157411 -0.00814851 -0.0151343 -0.00814851 0.000118278)
(0.00147999 -0.0129788 -0.0151357 -0.0129788 0.000159671 -0.00815158 -0.0151357 -0.00815158 0.00011525)
(0.000102396 -0.01281 -0.0154199 -0.01281 6.87126e-05 -0.00814558 -0.0154199 -0.00814558 6.07479e-05)
(9.17103e-05 -0.0128067 -0.0154232 -0.0128067 5.17518e-05 -0.0081422 -0.0154232 -0.0081422 5.15661e-05)
(0.00012763 -0.0128303 -0.0154257 -0.0128303 0.000112849 -0.00814894 -0.0154257 -0.00814894 3.21376e-05)
(-6.98857e-05 -0.0128136 -0.0154545 -0.0128136 7.16894e-05 -0.00810991 -0.0154545 -0.00810991 7.32598e-05)
(6.96612e-05 -0.0128013 -0.0154252 -0.0128013 2.76399e-05 -0.00812855 -0.0154252 -0.00812855 5.56532e-05)
(-6.13056e-05 -0.0128276 -0.0154604 -0.0128276 9.61282e-05 -0.00810027 -0.0154604 -0.00810027 8.59223e-05)
(0.000103414 -0.0128465 -0.0153918 -0.0128465 0.000103771 -0.00811533 -0.0153918 -0.00811533 9.5515e-05)
(-0.000150128 -0.0128284 -0.0154569 -0.0128284 9.53966e-05 -0.00810664 -0.0154569 -0.00810664 8.06594e-05)
(7.56658e-05 -0.0127993 -0.0154258 -0.0127993 3.63099e-05 -0.00813546 -0.0154258 -0.00813546 5.54007e-05)
(5.07704e-05 -0.0127983 -0.0154285 -0.0127983 2.21314e-05 -0.00812363 -0.0154285 -0.00812363 5.03456e-05)
(3.30236e-05 -0.0127977 -0.0154319 -0.0127977 3.29711e-05 -0.00811749 -0.0154319 -0.00811749 5.87226e-05)
(8.95823e-05 -0.0128087 -0.0154182 -0.0128087 3.8742e-05 -0.00813861 -0.0154182 -0.00813861 5.44766e-05)
(5.30377e-05 -0.0127964 -0.0154287 -0.0127964 2.27722e-05 -0.00812371 -0.0154287 -0.00812371 5.37433e-05)
(9.42022e-05 -0.0128084 -0.0154226 -0.0128084 6.38153e-05 -0.00814413 -0.0154226 -0.00814413 5.09615e-05)
(9.10983e-05 -0.0127985 -0.0154241 -0.0127985 5.37582e-05 -0.00814595 -0.0154241 -0.00814595 5.77998e-05)
(0.000482912 -0.012854 -0.0154399 -0.012854 0.00011784 -0.00814188 -0.0154399 -0.00814188 2.54519e-05)
(4.88913e-05 -0.0127968 -0.0154297 -0.0127968 3.27573e-05 -0.0081152 -0.0154297 -0.0081152 7.27007e-05)
(5.08941e-05 -0.0127999 -0.0154406 -0.0127999 2.59041e-05 -0.00811884 -0.0154406 -0.00811884 5.98178e-05)
(0.000980171 -0.0128766 -0.0154319 -0.0128766 0.000115588 -0.00814734 -0.0154319 -0.00814734 7.75869e-05)
(0.000202969 -0.0128377 -0.015425 -0.0128377 0.000130038 -0.00814904 -0.015425 -0.00814904 3.21313e-05)
(0.000246355 -0.0128503 -0.0154302 -0.0128503 0.000135543 -0.00814886 -0.0154302 -0.00814886 3.01423e-05)
(0.000100031 -0.0128138 -0.0154161 -0.0128138 4.77274e-05 -0.00814379 -0.0154161 -0.00814379 5.26837e-05)
(-5.06687e-06 -0.012807 -0.0154492 -0.012807 5.48872e-05 -0.00811441 -0.0154492 -0.00811441 6.82958e-05)
(0.000131619 -0.0128032 -0.0154251 -0.0128032 9.36895e-05 -0.00814508 -0.0154251 -0.00814508 3.79059e-05)
(0.000734704 -0.0128625 -0.0154415 -0.0128625 0.000110985 -0.00814161 -0.0154415 -0.00814161 4.52746e-05)
(8.81899e-05 -0.0128068 -0.0154188 -0.0128068 3.07956e-05 -0.00813233 -0.0154188 -0.00813233 5.23131e-05)
(5.54601e-05 -0.0127977 -0.0154289 -0.0127977 2.35984e-05 -0.00812469 -0.0154289 -0.00812469 5.94773e-05)
(0.000785302 -0.0128683 -0.0154332 -0.0128683 0.000111085 -0.00814405 -0.0154332 -0.00814405 4.76123e-05)
(0.0004797 -0.0128613 -0.0154332 -0.0128613 0.000127114 -0.00814466 -0.0154332 -0.00814466 3.37512e-05)
(7.67669e-05 -0.0127973 -0.0154256 -0.0127973 2.79695e-05 -0.00812241 -0.0154256 -0.00812241 5.50751e-05)
(-8.77205e-05 -0.0128155 -0.0154558 -0.0128155 7.07976e-05 -0.00811157 -0.0154558 -0.00811157 7.01912e-05)
(7.97394e-05 -0.0127997 -0.0154235 -0.0127997 4.15912e-05 -0.00814042 -0.0154235 -0.00814042 6.14243e-05)
(2.86832e-05 -0.0128079 -0.0154474 -0.0128079 6.52715e-05 -0.00810455 -0.0154474 -0.00810455 8.16116e-05)
(5.60203e-05 -0.0128084 -0.015441 -0.0128084 4.8933e-05 -0.00810743 -0.015441 -0.00810743 8.2105e-05)
(-5.29048e-05 -0.0128148 -0.0154541 -0.0128148 7.01436e-05 -0.00811316 -0.0154541 -0.00811316 7.11793e-05)
(-9.52874e-05 -0.0128198 -0.0154562 -0.0128198 8.04292e-05 -0.0081104 -0.0154562 -0.0081104 7.48213e-05)
(8.1151e-05 -0.0128047 -0.0154215 -0.0128047 3.756e-05 -0.0081378 -0.0154215 -0.0081378 5.41314e-05)
(7.08784e-05 -0.0128012 -0.0154252 -0.0128012 2.98814e-05 -0.00813151 -0.0154252 -0.00813151 5.50207e-05)
(0.000226007 -0.0128361 -0.0154311 -0.0128361 0.000125978 -0.00814652 -0.0154311 -0.00814652 2.94099e-05)
(8.73884e-06 -0.0128003 -0.0154385 -0.0128003 4.03027e-05 -0.00811331 -0.0154385 -0.00811331 7.01991e-05)
(6.58777e-05 -0.0127968 -0.015423 -0.0127968 2.72372e-05 -0.00812993 -0.015423 -0.00812993 8.52612e-05)
(-2.71308e-05 -0.0128106 -0.0154525 -0.0128106 6.18459e-05 -0.00811144 -0.0154525 -0.00811144 7.43004e-05)
(0.000176588 -0.0128393 -0.0154304 -0.0128393 0.00013098 -0.00814882 -0.0154304 -0.00814882 3.02128e-05)
(4.97863e-05 -0.0127933 -0.0154237 -0.0127933 2.12415e-05 -0.00812525 -0.0154237 -0.00812525 5.92847e-05)
(-0.000111709 -0.0128277 -0.0154508 -0.0128277 0.000101587 -0.00810617 -0.0154508 -0.00810617 8.37458e-05)
(-6.40985e-05 -0.0128087 -0.015451 -0.0128087 8.25778e-05 -0.00810175 -0.015451 -0.00810175 8.86834e-05)
(-0.000123513 -0.0128187 -0.0154571 -0.0128187 9.04774e-05 -0.00810651 -0.0154571 -0.00810651 8.06457e-05)
(4.85667e-05 -0.0127885 -0.0154281 -0.0127885 2.19367e-05 -0.00813013 -0.0154281 -0.00813013 6.25467e-05)
(3.63824e-05 -0.0127935 -0.015429 -0.0127935 2.20935e-05 -0.00812075 -0.015429 -0.00812075 7.03875e-05)
(-0.000135266 -0.0128256 -0.0154552 -0.0128256 9.83221e-05 -0.00810998 -0.0154552 -0.00810998 7.60084e-05)
(-2.35273e-05 -0.0128508 -0.0154025 -0.0128508 0.000118149 -0.00812206 -0.0154025 -0.00812206 8.77672e-05)
(4.47281e-05 -0.0127926 -0.0154225 -0.0127926 2.45405e-05 -0.00812048 -0.0154225 -0.00812048 6.84677e-05)
(0.000237047 -0.0128401 -0.0154263 -0.0128401 0.00012636 -0.00814673 -0.0154263 -0.00814673 3.17077e-05)
(0.000363691 -0.0128455 -0.0154221 -0.0128455 0.000126711 -0.0081428 -0.0154221 -0.0081428 3.62262e-05)
(0.000204607 -0.0128228 -0.0154166 -0.0128228 0.000122119 -0.00814723 -0.0154166 -0.00814723 4.44906e-05)
(0.000235043 -0.0128398 -0.0154283 -0.0128398 0.000127994 -0.00814669 -0.0154283 -0.00814669 2.97141e-05)
(4.36544e-05 -0.012792 -0.0154224 -0.012792 3.49052e-05 -0.00811501 -0.0154224 -0.00811501 8.13428e-05)
(5.38688e-05 -0.0127857 -0.0154352 -0.0127857 2.00556e-05 -0.00812782 -0.0154352 -0.00812782 6.71558e-05)
(0.000119588 -0.0128063 -0.0154152 -0.0128063 7.23554e-05 -0.00815171 -0.0154152 -0.00815171 0.000100603)
(9.79344e-05 -0.0128151 -0.0154241 -0.0128151 5.40799e-05 -0.00814103 -0.0154241 -0.00814103 3.89683e-05)
(6.27548e-05 -0.0128461 -0.0153955 -0.0128461 0.000107321 -0.00811321 -0.0153955 -0.00811321 9.3206e-05)
(9.68966e-05 -0.0127979 -0.0154061 -0.0127979 2.69427e-05 -0.00812292 -0.0154061 -0.00812292 7.99159e-05)
(6.75308e-05 -0.0128009 -0.0154271 -0.0128009 3.24424e-05 -0.00813356 -0.0154271 -0.00813356 4.04965e-05)
(7.90338e-05 -0.0127842 -0.0154307 -0.0127842 3.89165e-05 -0.00813703 -0.0154307 -0.00813703 4.17446e-05)
(0.00010881 -0.0128167 -0.0154247 -0.0128167 0.000100838 -0.00815063 -0.0154247 -0.00815063 3.7707e-05)
(6.81855e-05 -0.0127902 -0.0154147 -0.0127902 3.08888e-05 -0.00811895 -0.0154147 -0.00811895 7.49653e-05)
(6.50574e-05 -0.0127909 -0.0154269 -0.0127909 3.36663e-05 -0.00813887 -0.0154269 -0.00813887 6.45769e-05)
(0.000421884 -0.012843 -0.0154313 -0.012843 0.000120785 -0.00814125 -0.0154313 -0.00814125 2.58189e-05)
(0.000107496 -0.0128158 -0.0154147 -0.0128158 5.26431e-05 -0.00814608 -0.0154147 -0.00814608 6.18588e-05)
(7.9061e-05 -0.0127956 -0.0154294 -0.0127956 3.31946e-05 -0.00812403 -0.0154294 -0.00812403 5.73712e-05)
(4.1677e-05 -0.0127908 -0.0154291 -0.0127908 2.02455e-05 -0.00812849 -0.0154291 -0.00812849 5.02206e-05)
(-6.37465e-05 -0.012837 -0.0154212 -0.012837 0.00011356 -0.00810798 -0.0154212 -0.00810798 8.91494e-05)
(6.2047e-05 -0.0128377 -0.0154135 -0.0128377 0.000104346 -0.00810942 -0.0154135 -0.00810942 8.92734e-05)
(4.14072e-05 -0.0128075 -0.0154413 -0.0128075 5.00533e-05 -0.00810461 -0.0154413 -0.00810461 9.07189e-05)
(-4.93149e-05 -0.0128126 -0.0154532 -0.0128126 6.90328e-05 -0.00812068 -0.0154532 -0.00812068 6.36606e-05)
(-8.3816e-05 -0.0128433 -0.0154167 -0.0128433 0.000119661 -0.00811756 -0.0154167 -0.00811756 8.7279e-05)
(2.96347e-05 -0.0127915 -0.015422 -0.0127915 2.6225e-05 -0.00811896 -0.015422 -0.00811896 8.11997e-05)
(8.33838e-05 -0.0128018 -0.0154218 -0.0128018 4.76316e-05 -0.00814336 -0.0154218 -0.00814336 6.79885e-05)
(0.000325843 -0.0128481 -0.0154415 -0.0128481 0.000125684 -0.00814407 -0.0154415 -0.00814407 2.69487e-05)
(3.18246e-05 -0.0127903 -0.0154217 -0.0127903 2.58777e-05 -0.00812059 -0.0154217 -0.00812059 6.85037e-05)
(5.43529e-05 -0.0127946 -0.0154219 -0.0127946 2.48314e-05 -0.00812335 -0.0154219 -0.00812335 8.98927e-05)
(-7.17268e-05 -0.0128215 -0.0154591 -0.0128215 8.00624e-05 -0.00810763 -0.0154591 -0.00810763 8.03705e-05)
(7.37724e-05 -0.0127984 -0.0154194 -0.0127984 3.50816e-05 -0.00813942 -0.0154194 -0.00813942 5.87358e-05)
(0.000102341 -0.0128237 -0.0154179 -0.0128237 8.94043e-05 -0.00815179 -0.0154179 -0.00815179 5.1486e-05)
(-9.57713e-05 -0.0128232 -0.0154498 -0.0128232 0.000103188 -0.00810475 -0.0154498 -0.00810475 8.45836e-05)
(-7.5764e-05 -0.0128252 -0.015444 -0.0128252 0.000112291 -0.00810453 -0.015444 -0.00810453 8.40963e-05)
(-2.08417e-05 -0.0127992 -0.0154374 -0.0127992 4.16761e-05 -0.00811427 -0.0154374 -0.00811427 7.47744e-05)
(0.000232212 -0.0128238 -0.0154228 -0.0128238 0.000122531 -0.00814574 -0.0154228 -0.00814574 3.54985e-05)
(-1.99912e-05 -0.0128018 -0.0154413 -0.0128018 4.57002e-05 -0.00811061 -0.0154413 -0.00811061 7.93963e-05)
(-5.45697e-05 -0.0128101 -0.0154499 -0.0128101 7.13472e-05 -0.0081118 -0.0154499 -0.0081118 7.6048e-05)
(-8.86085e-05 -0.0128291 -0.0154567 -0.0128291 9.14318e-05 -0.00812165 -0.0154567 -0.00812165 6.45067e-05)
(5.35807e-05 -0.0127929 -0.0154265 -0.0127929 2.23322e-05 -0.00812898 -0.0154265 -0.00812898 5.60087e-05)
(0.000160248 -0.0128182 -0.0154207 -0.0128182 0.00011101 -0.00814846 -0.0154207 -0.00814846 4.107e-05)
(0.000259914 -0.0128346 -0.0154093 -0.0128346 0.000130322 -0.00814302 -0.0154093 -0.00814302 5.4845e-05)
(0.000173037 -0.012822 -0.0154158 -0.012822 0.000118073 -0.008149 -0.0154158 -0.008149 4.72315e-05)
(6.35255e-05 -0.0127953 -0.015423 -0.0127953 2.46752e-05 -0.00813107 -0.015423 -0.00813107 5.04204e-05)
(5.06011e-05 -0.01279 -0.0154164 -0.01279 3.25012e-05 -0.00811707 -0.0154164 -0.00811707 8.28686e-05)
(3.25402e-05 -0.0127879 -0.0154327 -0.0127879 2.14494e-05 -0.00812387 -0.0154327 -0.00812387 8.17373e-05)
(0.000458651 -0.0128619 -0.0152882 -0.0128619 9.92911e-05 -0.00812938 -0.0152882 -0.00812938 0.000110292)
(0.000110289 -0.0128137 -0.0154157 -0.0128137 4.68064e-05 -0.0081413 -0.0154157 -0.0081413 6.24816e-05)
(0.000363943 -0.0128531 -0.0153311 -0.0128531 0.000100347 -0.00812339 -0.0153311 -0.00812339 0.000103215)
(8.54542e-05 -0.0128005 -0.015416 -0.0128005 2.94007e-05 -0.0081219 -0.015416 -0.0081219 9.84469e-05)
(0.000109436 -0.0128172 -0.0154245 -0.0128172 9.01006e-05 -0.00814628 -0.0154245 -0.00814628 3.46588e-05)
(2.30798e-05 -0.012795 -0.0154407 -0.012795 2.23268e-05 -0.00812184 -0.0154407 -0.00812184 5.18296e-05)
(1.22338e-05 -0.0127942 -0.0154309 -0.0127942 3.33143e-05 -0.00811905 -0.0154309 -0.00811905 6.84754e-05)
(4.65366e-05 -0.0127886 -0.0154141 -0.0127886 3.5848e-05 -0.00811616 -0.0154141 -0.00811616 8.32482e-05)
(5.72526e-05 -0.0127858 -0.0154273 -0.0127858 3.095e-05 -0.00813981 -0.0154273 -0.00813981 7.38064e-05)
(-2.54011e-05 -0.012804 -0.0154444 -0.012804 4.04968e-05 -0.00811531 -0.0154444 -0.00811531 6.96367e-05)
(-2.82112e-05 -0.0128059 -0.0154446 -0.0128059 8.32003e-05 -0.00810534 -0.0154446 -0.00810534 8.81726e-05)
(7.66652e-05 -0.0127963 -0.0154285 -0.0127963 2.55038e-05 -0.00812793 -0.0154285 -0.00812793 5.05157e-05)
(5.75683e-05 -0.0127944 -0.0154304 -0.0127944 2.94253e-05 -0.00813354 -0.0154304 -0.00813354 4.10117e-05)
(4.16458e-07 -0.0127989 -0.0154322 -0.0127989 4.47519e-05 -0.00810665 -0.0154322 -0.00810665 9.53642e-05)
(-0.000126424 -0.0128205 -0.0154579 -0.0128205 9.57248e-05 -0.00810183 -0.0154579 -0.00810183 8.47505e-05)
(5.48614e-05 -0.0127976 -0.0154244 -0.0127976 2.73078e-05 -0.00811808 -0.0154244 -0.00811808 8.82857e-05)
(2.19353e-05 -0.0127981 -0.0154454 -0.0127981 3.61941e-05 -0.00812945 -0.0154454 -0.00812945 5.05159e-05)
(-8.15456e-05 -0.0128166 -0.0154522 -0.0128166 6.89648e-05 -0.00811624 -0.0154522 -0.00811624 6.78887e-05)
(4.85533e-05 -0.0127907 -0.0154216 -0.0127907 2.75738e-05 -0.00813049 -0.0154216 -0.00813049 0.000101718)
(5.537e-05 -0.0127919 -0.0154237 -0.0127919 2.69886e-05 -0.00813297 -0.0154237 -0.00813297 9.6444e-05)
(0.000129973 -0.0128256 -0.0154262 -0.0128256 0.000107029 -0.0081468 -0.0154262 -0.0081468 3.1699e-05)
(8.0906e-05 -0.0128031 -0.015418 -0.0128031 3.62934e-05 -0.00813913 -0.015418 -0.00813913 6.06237e-05)
(4.81697e-05 -0.0127925 -0.01542 -0.0127925 2.43871e-05 -0.00812154 -0.01542 -0.00812154 8.77189e-05)
(4.62881e-05 -0.0127981 -0.0154306 -0.0127981 2.74109e-05 -0.00811762 -0.0154306 -0.00811762 7.78667e-05)
(-9.1536e-05 -0.0128161 -0.0154583 -0.0128161 7.90425e-05 -0.00809914 -0.0154583 -0.00809914 9.13515e-05)
(0.000167915 -0.0128413 -0.0154138 -0.0128413 0.000129758 -0.00814891 -0.0154138 -0.00814891 4.4322e-05)
(8.83621e-05 -0.012796 -0.0154074 -0.012796 2.99311e-05 -0.00813399 -0.0154074 -0.00813399 9.56714e-05)
(2.95705e-05 -0.0128306 -0.0154253 -0.0128306 0.000114926 -0.00810769 -0.0154253 -0.00810769 8.49876e-05)
(-2.30961e-05 -0.0127984 -0.0154387 -0.0127984 3.51224e-05 -0.00811753 -0.0154387 -0.00811753 6.69024e-05)
(0.000252119 -0.0128273 -0.015424 -0.0128273 0.000122409 -0.00814483 -0.015424 -0.00814483 3.36316e-05)
(-3.38845e-05 -0.0128035 -0.0154453 -0.0128035 5.83321e-05 -0.00811133 -0.0154453 -0.00811133 7.77858e-05)
(2.16941e-05 -0.0127929 -0.0154307 -0.0127929 2.97568e-05 -0.00812122 -0.0154307 -0.00812122 6.27484e-05)
(2.09772e-06 -0.0128019 -0.0154446 -0.0128019 3.75587e-05 -0.00812312 -0.0154446 -0.00812312 5.13189e-05)
(9.41807e-05 -0.0128051 -0.0154234 -0.0128051 6.99142e-05 -0.00814733 -0.0154234 -0.00814733 5.05016e-05)
(1.74964e-05 -0.0127929 -0.0154372 -0.0127929 2.32425e-05 -0.00812515 -0.0154372 -0.00812515 4.75321e-05)
(-4.5484e-05 -0.0128032 -0.0154422 -0.0128032 5.0585e-05 -0.00810734 -0.0154422 -0.00810734 8.67563e-05)
(0.00010807 -0.0128117 -0.0154234 -0.0128117 8.20241e-05 -0.008149 -0.0154234 -0.008149 4.28644e-05)
(1.98251e-05 -0.0128006 -0.015442 -0.0128006 5.08288e-05 -0.00811816 -0.015442 -0.00811816 6.84656e-05)
(6.40917e-05 -0.0127924 -0.0154176 -0.0127924 2.65871e-05 -0.00811887 -0.0154176 -0.00811887 7.65496e-05)
(-4.24005e-05 -0.0128045 -0.0154439 -0.0128045 4.53008e-05 -0.00810684 -0.0154439 -0.00810684 9.42761e-05)
(0.000514061 -0.0128638 -0.0152766 -0.0128638 0.000101833 -0.00813303 -0.0152766 -0.00813303 0.000113551)
(9.19595e-05 -0.0128004 -0.015416 -0.0128004 2.97587e-05 -0.00812085 -0.015416 -0.00812085 9.70277e-05)
(-6.26263e-05 -0.0128088 -0.0154505 -0.0128088 7.74058e-05 -0.00810381 -0.0154505 -0.00810381 8.70617e-05)
(1.60156e-05 -0.0128026 -0.0154366 -0.0128026 4.22853e-05 -0.0081069 -0.0154366 -0.0081069 9.39086e-05)
(0.000182907 -0.0128329 -0.0154271 -0.0128329 0.000125945 -0.00814869 -0.0154271 -0.00814869 3.07428e-05)
(1.82027e-05 -0.0127929 -0.0154382 -0.0127929 2.20579e-05 -0.00812236 -0.0154382 -0.00812236 5.45467e-05)
(-3.30008e-05 -0.0128064 -0.0154471 -0.0128064 6.03806e-05 -0.00810751 -0.0154471 -0.00810751 8.34376e-05)
(-1.33342e-05 -0.0127976 -0.0154346 -0.0127976 6.27979e-05 -0.00810714 -0.0154346 -0.00810714 8.83804e-05)
(5.47036e-05 -0.0127873 -0.0154246 -0.0127873 3.21653e-05 -0.00814105 -0.0154246 -0.00814105 8.29037e-05)
(2.06726e-06 -0.0128492 -0.0153976 -0.0128492 0.000119411 -0.00812383 -0.0153976 -0.00812383 9.09385e-05)
(6.14262e-06 -0.0128279 -0.015433 -0.0128279 0.000114852 -0.00810761 -0.015433 -0.00810761 8.41432e-05)
(7.07772e-05 -0.0127977 -0.0154212 -0.0127977 2.64474e-05 -0.00813275 -0.0154212 -0.00813275 4.77777e-05)
(9.47902e-06 -0.0127952 -0.0154414 -0.0127952 2.80453e-05 -0.00812405 -0.0154414 -0.00812405 4.97425e-05)
(9.7443e-05 -0.0128066 -0.0154144 -0.0128066 5.83594e-05 -0.0081528 -0.0154144 -0.0081528 8.98936e-05)
(5.16158e-05 -0.0127914 -0.0154162 -0.0127914 2.53234e-05 -0.00812055 -0.0154162 -0.00812055 8.99432e-05)
(5.55663e-05 -0.0127938 -0.0154213 -0.0127938 2.3496e-05 -0.00812807 -0.0154213 -0.00812807 6.7305e-05)
(3.87111e-05 -0.012796 -0.0154471 -0.012796 2.81113e-05 -0.00813273 -0.0154471 -0.00813273 4.59835e-05)
(5.94134e-05 -0.0127902 -0.0154291 -0.0127902 3.07822e-05 -0.00813553 -0.0154291 -0.00813553 4.03977e-05)
(1.29809e-05 -0.012795 -0.0154301 -0.012795 2.96573e-05 -0.00811446 -0.0154301 -0.00811446 9.33785e-05)
(1.47401e-05 -0.0127967 -0.0154334 -0.0127967 3.11451e-05 -0.00811522 -0.0154334 -0.00811522 0.000103877)
(2.13737e-05 -0.0128019 -0.0154422 -0.0128019 3.88183e-05 -0.00811897 -0.0154422 -0.00811897 5.99803e-05)
(7.76596e-05 -0.0128017 -0.0154184 -0.0128017 3.51889e-05 -0.00813869 -0.0154184 -0.00813869 6.02418e-05)
(2.84224e-05 -0.0127909 -0.0154217 -0.0127909 2.68977e-05 -0.00811754 -0.0154217 -0.00811754 8.98432e-05)
(7.67124e-05 -0.0127975 -0.0154184 -0.0127975 3.21457e-05 -0.00813725 -0.0154184 -0.00813725 8.05277e-05)
(-7.34317e-05 -0.0128168 -0.01546 -0.0128168 7.35731e-05 -0.00809845 -0.01546 -0.00809845 9.37353e-05)
(0.000109632 -0.0128136 -0.0154062 -0.0128136 8.91118e-05 -0.00815482 -0.0154062 -0.00815482 9.21306e-05)
(0.000122094 -0.012826 -0.0154063 -0.012826 8.77183e-05 -0.00815548 -0.0154063 -0.00815548 8.17943e-05)
(7.74555e-05 -0.0127933 -0.015408 -0.0127933 2.9397e-05 -0.00813213 -0.015408 -0.00813213 8.4865e-05)
(2.80077e-05 -0.0127804 -0.0154316 -0.0127804 2.0918e-05 -0.00813029 -0.0154316 -0.00813029 4.99054e-05)
(7.18987e-05 -0.0127916 -0.0154264 -0.0127916 4.18668e-05 -0.00814118 -0.0154264 -0.00814118 5.86075e-05)
(4.27175e-05 -0.0127929 -0.0154262 -0.0127929 2.77049e-05 -0.00811907 -0.0154262 -0.00811907 7.36008e-05)
(5.0456e-05 -0.0127917 -0.0154244 -0.0127917 2.28622e-05 -0.00812978 -0.0154244 -0.00812978 5.42907e-05)
(-8.70113e-05 -0.0128158 -0.015453 -0.0128158 7.01623e-05 -0.00811692 -0.015453 -0.00811692 6.44129e-05)
(8.19101e-05 -0.0128 -0.0154223 -0.0128 5.32645e-05 -0.00814687 -0.0154223 -0.00814687 6.68427e-05)
(1.14362e-05 -0.0127988 -0.0154416 -0.0127988 3.65693e-05 -0.0081218 -0.0154416 -0.0081218 6.0037e-05)
(-0.000109152 -0.0128393 -0.0154229 -0.0128393 0.000115918 -0.00811348 -0.0154229 -0.00811348 8.76021e-05)
(4.30504e-05 -0.0127918 -0.0154347 -0.0127918 2.06418e-05 -0.0081296 -0.0154347 -0.0081296 3.62218e-05)
(7.27848e-05 -0.012796 -0.0154185 -0.012796 2.79515e-05 -0.0081338 -0.0154185 -0.0081338 5.74575e-05)
(9.57768e-05 -0.0128101 -0.0154151 -0.0128101 4.45209e-05 -0.00814225 -0.0154151 -0.00814225 6.68025e-05)
(-9.08846e-05 -0.0128077 -0.0154491 -0.0128077 6.34164e-05 -0.0081023 -0.0154491 -0.0081023 9.44428e-05)
(0.000208084 -0.0128502 -0.0153551 -0.0128502 0.000110408 -0.00812098 -0.0153551 -0.00812098 0.000100729)
(-0.000113772 -0.0128217 -0.0154604 -0.0128217 9.35507e-05 -0.0081005 -0.0154604 -0.0081005 8.74148e-05)
(6.4675e-05 -0.0127936 -0.0154161 -0.0127936 2.71377e-05 -0.00811929 -0.0154161 -0.00811929 9.02125e-05)
(-0.000117932 -0.0128183 -0.0154562 -0.0128183 8.05856e-05 -0.00810649 -0.0154562 -0.00810649 7.83781e-05)
(0.000181693 -0.0128304 -0.0154228 -0.0128304 0.000126237 -0.00814993 -0.0154228 -0.00814993 3.47485e-05)
(4.96856e-05 -0.0127892 -0.0154275 -0.0127892 2.42421e-05 -0.00813274 -0.0154275 -0.00813274 5.58264e-05)
(-5.13007e-05 -0.0128286 -0.0154403 -0.0128286 0.000104443 -0.00810775 -0.0154403 -0.00810775 8.65531e-05)
(-9.26004e-05 -0.0128158 -0.0154538 -0.0128158 9.75305e-05 -0.00810355 -0.0154538 -0.00810355 8.42159e-05)
(5.68926e-05 -0.0127891 -0.0154221 -0.0127891 3.4407e-05 -0.0081429 -0.0154221 -0.0081429 9.52309e-05)
(-6.32456e-05 -0.0128424 -0.0154302 -0.0128424 0.000115316 -0.00812385 -0.0154302 -0.00812385 8.13982e-05)
(5.63618e-05 -0.0128362 -0.0154107 -0.0128362 0.000116672 -0.00811377 -0.0154107 -0.00811377 8.91667e-05)
(4.76572e-05 -0.0127895 -0.0154149 -0.0127895 2.65126e-05 -0.00811897 -0.0154149 -0.00811897 8.1443e-05)
(1.93188e-05 -0.0127945 -0.0154384 -0.0127945 2.44454e-05 -0.00812257 -0.0154384 -0.00812257 4.9159e-05)
(-1.15067e-06 -0.0127971 -0.0154294 -0.0127971 4.067e-05 -0.00810975 -0.0154294 -0.00810975 9.70304e-05)
(1.87488e-05 -0.0127931 -0.0154219 -0.0127931 3.67319e-05 -0.00811204 -0.0154219 -0.00811204 0.000102495)
(4.83858e-05 -0.0127927 -0.0154237 -0.0127927 2.21171e-05 -0.00812605 -0.0154237 -0.00812605 6.16007e-05)
(4.82149e-05 -0.0127958 -0.015446 -0.0127958 2.39792e-05 -0.00813253 -0.015446 -0.00813253 4.04879e-05)
(6.92447e-05 -0.0127941 -0.0154295 -0.0127941 4.22993e-05 -0.00813763 -0.0154295 -0.00813763 3.6213e-05)
(-3.31706e-05 -0.0128046 -0.0154447 -0.0128046 4.83464e-05 -0.00811726 -0.0154447 -0.00811726 6.33911e-05)
(-8.45965e-06 -0.012798 -0.0154358 -0.012798 3.59763e-05 -0.00811068 -0.0154358 -0.00811068 9.96698e-05)
(-0.000104112 -0.0128268 -0.0154569 -0.0128268 9.50001e-05 -0.00811417 -0.0154569 -0.00811417 7.54803e-05)
(8.0677e-05 -0.0128058 -0.0154198 -0.0128058 5.43493e-05 -0.00814846 -0.0154198 -0.00814846 6.24575e-05)
(-1.85161e-05 -0.012797 -0.015434 -0.012797 4.60905e-05 -0.00810864 -0.015434 -0.00810864 8.95267e-05)
(6.29323e-05 -0.0127925 -0.0154166 -0.0127925 2.72341e-05 -0.00813251 -0.0154166 -0.00813251 8.37262e-05)
(1.94414e-05 -0.0127995 -0.0154349 -0.0127995 3.39102e-05 -0.00811193 -0.0154349 -0.00811193 8.34383e-05)
(9.34645e-07 -0.0127968 -0.0154298 -0.0127968 3.93604e-05 -0.00811142 -0.0154298 -0.00811142 0.0001085)
(-5.11728e-08 -0.0127999 -0.0154393 -0.0127999 7.41727e-05 -0.00810727 -0.0154393 -0.00810727 9.00184e-05)
(0.000152198 -0.0128365 -0.0154115 -0.0128365 0.000127221 -0.00815097 -0.0154115 -0.00815097 4.97186e-05)
(0.000190463 -0.0128135 -0.0154241 -0.0128135 0.000121544 -0.00814764 -0.0154241 -0.00814764 3.67186e-05)
(2.38916e-05 -0.0127916 -0.0154312 -0.0127916 2.22548e-05 -0.0081198 -0.0154312 -0.0081198 7.52608e-05)
(6.20511e-05 -0.0127931 -0.0154167 -0.0127931 2.51421e-05 -0.00813024 -0.0154167 -0.00813024 8.07554e-05)
(6.6672e-05 -0.0127962 -0.015421 -0.0127962 3.04755e-05 -0.00813645 -0.015421 -0.00813645 5.80667e-05)
(-6.82697e-05 -0.012813 -0.0154507 -0.012813 6.2695e-05 -0.00811587 -0.0154507 -0.00811587 6.61256e-05)
(3.74701e-05 -0.0127897 -0.0154242 -0.0127897 2.2805e-05 -0.00812596 -0.0154242 -0.00812596 8.60666e-05)
(4.9635e-05 -0.0127927 -0.0154235 -0.0127927 2.4711e-05 -0.00812204 -0.0154235 -0.00812204 7.00866e-05)
(-3.90045e-05 -0.0128052 -0.0154462 -0.0128052 4.88502e-05 -0.00811612 -0.0154462 -0.00811612 6.53307e-05)
(-1.26215e-05 -0.0128072 -0.0154499 -0.0128072 4.1242e-05 -0.00812904 -0.0154499 -0.00812904 4.44985e-05)
(8.40761e-05 -0.0128022 -0.0154158 -0.0128022 4.50902e-05 -0.0081465 -0.0154158 -0.0081465 7.33935e-05)
(0.000106118 -0.0128211 -0.015415 -0.0128211 6.94601e-05 -0.00815046 -0.015415 -0.00815046 6.23631e-05)
(-4.86954e-06 -0.0127953 -0.015429 -0.0127953 4.27748e-05 -0.00810847 -0.015429 -0.00810847 9.64209e-05)
(-0.000186525 -0.0128268 -0.0154525 -0.0128268 0.000106052 -0.00810452 -0.0154525 -0.00810452 8.48694e-05)
(-0.000119765 -0.0128331 -0.0154427 -0.0128331 0.000105546 -0.00810842 -0.0154427 -0.00810842 8.63356e-05)
(4.9399e-05 -0.0127959 -0.0154224 -0.0127959 3.32297e-05 -0.00811518 -0.0154224 -0.00811518 0.000102055)
(-8.27813e-05 -0.0128136 -0.0154527 -0.0128136 6.5219e-05 -0.00811166 -0.0154527 -0.00811166 6.99645e-05)
(5.389e-05 -0.0127914 -0.015423 -0.0127914 2.73102e-05 -0.00813513 -0.015423 -0.00813513 6.53766e-05)
(8.78407e-05 -0.0128039 -0.0154214 -0.0128039 5.25277e-05 -0.00814543 -0.0154214 -0.00814543 6.1967e-05)
(0.000127161 -0.0128345 -0.0154154 -0.0128345 0.000106092 -0.00811695 -0.0154154 -0.00811695 9.00862e-05)
(-0.000107979 -0.0128232 -0.0154497 -0.0128232 0.00010429 -0.00810524 -0.0154497 -0.00810524 8.40657e-05)
(7.88891e-05 -0.0127913 -0.0154201 -0.0127913 5.00272e-05 -0.00815117 -0.0154201 -0.00815117 0.000102192)
(-8.84669e-05 -0.012823 -0.0154559 -0.012823 9.54742e-05 -0.00811764 -0.0154559 -0.00811764 7.43719e-05)
(-9.91479e-05 -0.0128244 -0.0154518 -0.0128244 0.000101165 -0.00811568 -0.0154518 -0.00811568 7.93175e-05)
(-9.26995e-05 -0.0128109 -0.0154538 -0.0128109 7.6495e-05 -0.00809926 -0.0154538 -0.00809926 9.24998e-05)
(8.1677e-05 -0.0128085 -0.0154248 -0.0128085 6.46428e-05 -0.00814359 -0.0154248 -0.00814359 4.32709e-05)
(-5.89066e-05 -0.0128056 -0.0154462 -0.0128056 6.63114e-05 -0.0081046 -0.0154462 -0.0081046 8.96477e-05)
(5.21903e-06 -0.0127935 -0.0154245 -0.0127935 3.71474e-05 -0.00811099 -0.0154245 -0.00811099 9.95894e-05)
(5.63871e-05 -0.0127945 -0.0154256 -0.0127945 2.97654e-05 -0.00813593 -0.0154256 -0.00813593 5.08433e-05)
(7.16927e-05 -0.0128023 -0.0154351 -0.0128023 4.28986e-05 -0.00813299 -0.0154351 -0.00813299 2.78298e-05)
(3.6498e-05 -0.0127905 -0.0154327 -0.0127905 2.06555e-05 -0.00812775 -0.0154327 -0.00812775 4.73468e-05)
(2.5937e-05 -0.0127897 -0.0154306 -0.0127897 2.28266e-05 -0.00812785 -0.0154306 -0.00812785 4.60645e-05)
(1.86385e-05 -0.0127884 -0.0154216 -0.0127884 2.51951e-05 -0.00812122 -0.0154216 -0.00812122 8.93884e-05)
(-0.000133363 -0.0128275 -0.0154553 -0.0128275 9.71865e-05 -0.00810994 -0.0154553 -0.00810994 8.02825e-05)
(9.62786e-05 -0.0128033 -0.0154125 -0.0128033 5.26455e-05 -0.0081511 -0.0154125 -0.0081511 0.000106612)
(-9.80742e-05 -0.0128094 -0.0154517 -0.0128094 7.85648e-05 -0.0081051 -0.0154517 -0.0081051 8.42422e-05)
(4.35768e-05 -0.0127894 -0.0154177 -0.0127894 2.55446e-05 -0.0081262 -0.0154177 -0.0081262 8.71768e-05)
(2.0934e-05 -0.0127966 -0.0154337 -0.0127966 3.07405e-05 -0.00811682 -0.0154337 -0.00811682 7.03747e-05)
(4.21759e-06 -0.0127978 -0.0154317 -0.0127978 4.79964e-05 -0.00810649 -0.0154317 -0.00810649 9.80595e-05)
(2.59792e-05 -0.0128216 -0.0154411 -0.0128216 0.000103769 -0.00810916 -0.0154411 -0.00810916 8.39389e-05)
(5.10733e-05 -0.0127922 -0.0154218 -0.0127922 2.50345e-05 -0.0081254 -0.0154218 -0.0081254 8.55275e-05)
(0.000315194 -0.0128316 -0.0154264 -0.0128316 0.000126007 -0.00814395 -0.0154264 -0.00814395 3.0119e-05)
(4.34808e-05 -0.0127918 -0.0154234 -0.0127918 2.33566e-05 -0.00812283 -0.0154234 -0.00812283 8.43282e-05)
(4.51143e-05 -0.0127895 -0.0154173 -0.0127895 2.43511e-05 -0.00812401 -0.0154173 -0.00812401 8.57612e-05)
(5.35409e-05 -0.0127912 -0.0154189 -0.0127912 2.58435e-05 -0.00812212 -0.0154189 -0.00812212 7.84443e-05)
(5.94442e-06 -0.0127962 -0.0154379 -0.0127962 2.98902e-05 -0.0081224 -0.0154379 -0.0081224 5.31828e-05)
(-1.93961e-05 -0.0127991 -0.015438 -0.0127991 3.78507e-05 -0.0081091 -0.015438 -0.0081091 9.72902e-05)
(2.4126e-05 -0.0127945 -0.0154269 -0.0127945 3.4525e-05 -0.00811305 -0.0154269 -0.00811305 8.86893e-05)
(8.19558e-05 -0.0128005 -0.0154284 -0.0128005 6.67896e-05 -0.00814312 -0.0154284 -0.00814312 3.58052e-05)
(-1.201e-05 -0.0128046 -0.0154479 -0.0128046 3.87372e-05 -0.00812556 -0.0154479 -0.00812556 4.85688e-05)
(4.84432e-05 -0.0127941 -0.0154207 -0.0127941 2.86113e-05 -0.00811699 -0.0154207 -0.00811699 8.65773e-05)
(9.22469e-05 -0.0127953 -0.0154086 -0.0127953 2.54994e-05 -0.0081268 -0.0154086 -0.0081268 7.50453e-05)
(6.86218e-05 -0.0127938 -0.0154129 -0.0127938 2.50052e-05 -0.00812833 -0.0154129 -0.00812833 8.16507e-05)
(-4.84135e-05 -0.0128028 -0.0154417 -0.0128028 4.8571e-05 -0.00810834 -0.0154417 -0.00810834 8.85264e-05)
(-0.000150994 -0.0128255 -0.0154554 -0.0128255 9.92879e-05 -0.00810462 -0.0154554 -0.00810462 8.39661e-05)
(-6.11104e-05 -0.0128069 -0.0154488 -0.0128069 6.70675e-05 -0.00810283 -0.0154488 -0.00810283 9.53916e-05)
(-5.59079e-06 -0.0127951 -0.0154337 -0.0127951 3.1183e-05 -0.00811466 -0.0154337 -0.00811466 8.15263e-05)
(-5.32372e-05 -0.0128056 -0.015445 -0.0128056 4.98607e-05 -0.00810729 -0.015445 -0.00810729 8.39433e-05)
(8.58095e-05 -0.0128036 -0.0154162 -0.0128036 4.48346e-05 -0.00814517 -0.0154162 -0.00814517 7.99588e-05)
(2.59265e-05 -0.0128128 -0.0154543 -0.0128128 8.97567e-05 -0.00812023 -0.0154543 -0.00812023 7.82685e-05)
(-0.000151807 -0.0128202 -0.015456 -0.0128202 9.36264e-05 -0.00810699 -0.015456 -0.00810699 8.13011e-05)
(8.75127e-05 -0.0127909 -0.01542 -0.0127909 5.60251e-05 -0.0081522 -0.01542 -0.0081522 9.67233e-05)
(-3.30773e-05 -0.0128071 -0.0154499 -0.0128071 7.16612e-05 -0.00811548 -0.0154499 -0.00811548 7.51895e-05)
(5.56445e-05 -0.0127949 -0.01543 -0.0127949 2.39222e-05 -0.00812616 -0.01543 -0.00812616 5.37782e-05)
(-9.95607e-05 -0.0128149 -0.0154576 -0.0128149 7.42452e-05 -0.00809867 -0.0154576 -0.00809867 9.54374e-05)
(0.000132542 -0.0128211 -0.0154211 -0.0128211 0.000109591 -0.00814897 -0.0154211 -0.00814897 4.1174e-05)
(8.09351e-06 -0.0127973 -0.0154363 -0.0127973 4.76367e-05 -0.00811283 -0.0154363 -0.00811283 7.8031e-05)
(5.4665e-05 -0.0127916 -0.0154175 -0.0127916 2.4987e-05 -0.00812884 -0.0154175 -0.00812884 8.82387e-05)
(8.07347e-05 -0.0128003 -0.0154283 -0.0128003 6.61862e-05 -0.00814346 -0.0154283 -0.00814346 3.83078e-05)
(0.000124224 -0.0128305 -0.0154272 -0.0128305 0.000116046 -0.00814902 -0.0154272 -0.00814902 3.06494e-05)
(1.90845e-05 -0.0127908 -0.015434 -0.0127908 2.32677e-05 -0.00812577 -0.015434 -0.00812577 5.03445e-05)
(3.68686e-05 -0.0127881 -0.0154259 -0.0127881 2.24123e-05 -0.00813024 -0.0154259 -0.00813024 4.9929e-05)
(5.4913e-05 -0.0127919 -0.0154172 -0.0127919 3.19016e-05 -0.00813889 -0.0154172 -0.00813889 7.76381e-05)
(-5.45854e-05 -0.0128089 -0.0154505 -0.0128089 6.00653e-05 -0.00810731 -0.0154505 -0.00810731 8.33779e-05)
(5.48528e-05 -0.0128044 -0.0154335 -0.0128044 3.98272e-05 -0.00812995 -0.0154335 -0.00812995 0.000132349)
(-7.11444e-05 -0.0128064 -0.015448 -0.0128064 6.76671e-05 -0.00810527 -0.015448 -0.00810527 8.62999e-05)
(4.93353e-05 -0.0127896 -0.0154178 -0.0127896 2.69059e-05 -0.00813042 -0.0154178 -0.00813042 9.16516e-05)
(1.29165e-05 -0.0127955 -0.0154333 -0.0127955 3.21352e-05 -0.00811667 -0.0154333 -0.00811667 7.29863e-05)
(1.01163e-05 -0.0127956 -0.0154313 -0.0127956 4.71055e-05 -0.00810739 -0.0154313 -0.00810739 9.1182e-05)
(6.62444e-05 -0.0127917 -0.0154181 -0.0127917 2.79221e-05 -0.00811995 -0.0154181 -0.00811995 7.98902e-05)
(-0.000122581 -0.0128211 -0.0154573 -0.0128211 7.99575e-05 -0.00810779 -0.0154573 -0.00810779 7.86682e-05)
(0.000113083 -0.0127962 -0.015425 -0.0127962 8.09803e-05 -0.00815039 -0.015425 -0.00815039 5.12562e-05)
(3.25969e-05 -0.0127913 -0.0154223 -0.0127913 2.66783e-05 -0.00811785 -0.0154223 -0.00811785 7.89841e-05)
(5.59183e-05 -0.0127911 -0.0154174 -0.0127911 2.49902e-05 -0.00813125 -0.0154174 -0.00813125 7.06223e-05)
(-1.88507e-05 -0.0128009 -0.0154392 -0.0128009 5.68021e-05 -0.00810674 -0.0154392 -0.00810674 9.19472e-05)
(2.85993e-05 -0.0127901 -0.015433 -0.0127901 2.03216e-05 -0.00812763 -0.015433 -0.00812763 4.30611e-05)
(-0.000114631 -0.0128131 -0.0154561 -0.0128131 7.13041e-05 -0.00810063 -0.0154561 -0.00810063 9.17622e-05)
(-3.01142e-07 -0.0127973 -0.0154335 -0.0127973 3.73676e-05 -0.00811181 -0.0154335 -0.00811181 8.53272e-05)
(0.000130513 -0.0128144 -0.0154253 -0.0128144 0.000107332 -0.00814828 -0.0154253 -0.00814828 3.58434e-05)
(-1.01858e-05 -0.0128 -0.0154412 -0.0128 3.83563e-05 -0.00811831 -0.0154412 -0.00811831 6.32e-05)
(-8.27476e-06 -0.0128039 -0.0154426 -0.0128039 5.52102e-05 -0.00810908 -0.0154426 -0.00810908 8.09548e-05)
(3.38263e-05 -0.0127929 -0.0154223 -0.0127929 4.48896e-05 -0.00811074 -0.0154223 -0.00811074 9.18298e-05)
(8.75964e-05 -0.0128144 -0.0154178 -0.0128144 6.36965e-05 -0.00815101 -0.0154178 -0.00815101 6.36824e-05)
(1.57779e-05 -0.0127914 -0.0154251 -0.0127914 2.90959e-05 -0.00811734 -0.0154251 -0.00811734 8.04868e-05)
(-9.64459e-05 -0.012813 -0.0154561 -0.012813 7.70298e-05 -0.00810163 -0.0154561 -0.00810163 8.8829e-05)
(-0.000130671 -0.0128166 -0.0154572 -0.0128166 9.08555e-05 -0.00810447 -0.0154572 -0.00810447 8.448e-05)
(-4.7002e-05 -0.0128067 -0.0154466 -0.0128067 4.86314e-05 -0.00810668 -0.0154466 -0.00810668 9.14836e-05)
(-1.83657e-05 -0.012799 -0.0154376 -0.012799 3.6178e-05 -0.00811063 -0.0154376 -0.00811063 9.54611e-05)
(6.05712e-05 -0.0127935 -0.0154155 -0.0127935 2.85501e-05 -0.00812451 -0.0154155 -0.00812451 0.000108475)
(9.36178e-05 -0.0128046 -0.0154284 -0.0128046 3.24779e-05 -0.00813518 -0.0154284 -0.00813518 4.51355e-05)
(-4.16214e-06 -0.0127932 -0.0154366 -0.0127932 2.76766e-05 -0.00811936 -0.0154366 -0.00811936 6.13423e-05)
(2.74978e-06 -0.0127887 -0.0154324 -0.0127887 2.23203e-05 -0.00812285 -0.0154324 -0.00812285 5.65327e-05)
(3.99127e-05 -0.0127915 -0.0154246 -0.0127915 3.07477e-05 -0.00812 -0.0154246 -0.00812 7.25596e-05)
(7.68777e-05 -0.0127988 -0.0154225 -0.0127988 2.5315e-05 -0.00812788 -0.0154225 -0.00812788 6.46273e-05)
(1.12386e-05 -0.0127904 -0.0154228 -0.0127904 2.94731e-05 -0.0081201 -0.0154228 -0.0081201 0.000109033)
(-0.000155377 -0.0128223 -0.0154589 -0.0128223 9.41979e-05 -0.00810341 -0.0154589 -0.00810341 8.12529e-05)
(1.08592e-05 -0.0128017 -0.0154427 -0.0128017 5.76583e-05 -0.00811526 -0.0154427 -0.00811526 7.71301e-05)
(-7.78638e-06 -0.012799 -0.0154374 -0.012799 3.76597e-05 -0.00811041 -0.0154374 -0.00811041 8.1349e-05)
(-3.96392e-06 -0.0127976 -0.0154429 -0.0127976 3.07019e-05 -0.00812407 -0.0154429 -0.00812407 5.06367e-05)
(0.000101935 -0.0128236 -0.0154229 -0.0128236 8.85903e-05 -0.00814942 -0.0154229 -0.00814942 3.87953e-05)
(6.21955e-05 -0.012798 -0.0154286 -0.012798 3.33981e-05 -0.0081358 -0.0154286 -0.0081358 3.96173e-05)
(1.83408e-05 -0.0127931 -0.0154366 -0.0127931 2.37767e-05 -0.00812592 -0.0154366 -0.00812592 4.50947e-05)
(3.82083e-05 -0.0127892 -0.0154189 -0.0127892 2.23577e-05 -0.00812598 -0.0154189 -0.00812598 6.48042e-05)
(2.64172e-05 -0.0127904 -0.0154242 -0.0127904 2.45647e-05 -0.00811999 -0.0154242 -0.00811999 7.9778e-05)
(-1.03532e-05 -0.0128101 -0.0154498 -0.0128101 5.82768e-05 -0.00810885 -0.0154498 -0.00810885 0.000114206)
(-9.49323e-06 -0.0127966 -0.015433 -0.0127966 3.97249e-05 -0.00810909 -0.015433 -0.00810909 9.43558e-05)
(5.82414e-05 -0.0127907 -0.015419 -0.0127907 3.05002e-05 -0.00813779 -0.015419 -0.00813779 8.24808e-05)
(2.4533e-05 -0.0127944 -0.0154298 -0.0127944 3.15885e-05 -0.00811711 -0.0154298 -0.00811711 7.6102e-05)
(-1.49287e-05 -0.0127995 -0.0154393 -0.0127995 5.44557e-05 -0.00810578 -0.0154393 -0.00810578 9.01235e-05)
(0.000102751 -0.0128139 -0.0154128 -0.0128139 5.93031e-05 -0.00814986 -0.0154128 -0.00814986 7.80754e-05)
(7.24301e-06 -0.0127971 -0.0154391 -0.0127971 2.87002e-05 -0.0081188 -0.0154391 -0.0081188 6.36394e-05)
(-2.12022e-05 -0.012805 -0.0154449 -0.012805 3.75546e-05 -0.00811719 -0.0154449 -0.00811719 5.6138e-05)
(-1.40968e-05 -0.0127959 -0.0154316 -0.0127959 4.30832e-05 -0.00811153 -0.0154316 -0.00811153 8.1705e-05)
(6.74669e-05 -0.0127975 -0.0154193 -0.0127975 3.22242e-05 -0.00813792 -0.0154193 -0.00813792 5.90645e-05)
(-2.56152e-05 -0.0128005 -0.0154405 -0.0128005 6.20196e-05 -0.00810775 -0.0154405 -0.00810775 8.86117e-05)
(4.23359e-05 -0.0127895 -0.0154295 -0.0127895 2.20048e-05 -0.00813101 -0.0154295 -0.00813101 4.30976e-05)
(-0.00010068 -0.0128115 -0.0154527 -0.0128115 6.86998e-05 -0.00810515 -0.0154527 -0.00810515 8.33837e-05)
(4.35132e-06 -0.0127937 -0.0154334 -0.0127937 2.72246e-05 -0.00811777 -0.0154334 -0.00811777 7.06512e-05)
(7.076e-05 -0.0127973 -0.0154271 -0.0127973 4.83437e-05 -0.00814262 -0.0154271 -0.00814262 4.34131e-05)
