/*--------------------------------*- C++ -*----------------------------------*\
  =========                 |
  \\      /  F ield         | OpenFOAM: The Open Source CFD Toolbox
   \\    /   O peration     | Website:  https://openfoam.org
    \\  /    A nd           | Version:  10
     \\/     M anipulation  |
\*---------------------------------------------------------------------------*/
FoamFile
{
    format      ascii;
    class       volTensorField;
    location    "50";
    object      TauNN;
}
// * * * * * * * * * * * * * * * * * * * * * * * * * * * * * * * * * * * * * //

dimensions      [0 2 -2 0 0 0 0];

internalField   nonuniform List<tensor> 
25600
(
(0.00147367 -0.0129796 -0.0151361 -0.0129796 0.00016015 -0.00815219 -0.0151361 -0.00815219 0.000114643)
(0.00145877 -0.0129809 -0.0151401 -0.0129809 0.000161461 -0.00815298 -0.0151401 -0.00815298 0.000114797)
(0.00148378 -0.0129751 -0.0151346 -0.0129751 0.000158035 -0.00814913 -0.0151346 -0.00814913 0.000117124)
(0.00147945 -0.0129753 -0.0151351 -0.0129753 0.000158305 -0.00814932 -0.0151351 -0.00814932 0.000116956)
(0.00147084 -0.0129787 -0.0151375 -0.0129787 0.000160059 -0.00815151 -0.0151375 -0.00815151 0.000115634)
(0.00147716 -0.0129804 -0.0151366 -0.0129804 0.00016028 -0.00815257 -0.0151366 -0.00815257 0.000115131)
(0.00147243 -0.012981 -0.0151377 -0.012981 0.000160789 -0.00815298 -0.0151377 -0.00815298 0.000114771)
(0.00149068 -0.0129785 -0.0151334 -0.0129785 0.00015888 -0.00815132 -0.0151334 -0.00815132 0.000115476)
(0.00148633 -0.0129755 -0.0151344 -0.0129755 0.000158022 -0.00814934 -0.0151344 -0.00814934 0.000117205)
(0.00145778 -0.0129796 -0.0151414 -0.0129796 0.00016115 -0.00815202 -0.0151414 -0.00815202 0.000116238)
(0.00146355 -0.0129826 -0.0151386 -0.0129826 0.000161461 -0.00815399 -0.0151386 -0.00815399 0.000114457)
(0.00149832 -0.0129785 -0.0151328 -0.0129785 0.000158674 -0.00815131 -0.0151328 -0.00815131 0.000115442)
(0.00143519 -0.0129705 -0.0151494 -0.0129705 0.000161096 -0.00814707 -0.0151494 -0.00814707 0.000116832)
(0.00140544 -0.0129744 -0.0151522 -0.0129744 0.000163449 -0.00814977 -0.0151522 -0.00814977 0.000115607)
(0.00145424 -0.0129788 -0.015141 -0.0129788 0.000161184 -0.00815179 -0.015141 -0.00815179 0.000115424)
(0.00146538 -0.0129786 -0.0151388 -0.0129786 0.000160543 -0.00815162 -0.0151388 -0.00815162 0.000115246)
(0.00147668 -0.0129809 -0.0151361 -0.0129809 0.000160386 -0.00815288 -0.0151361 -0.00815288 0.000114635)
(0.00148798 -0.0129811 -0.0151346 -0.0129811 0.000159979 -0.00815299 -0.0151346 -0.00815299 0.000114605)
(0.00148602 -0.0129803 -0.0151348 -0.0129803 0.000159856 -0.00815253 -0.0151348 -0.00815253 0.000114682)
(0.00149916 -0.0129752 -0.0151311 -0.0129752 0.000156861 -0.00814903 -0.0151311 -0.00814903 0.000117932)
(0.00148959 -0.0129758 -0.015134 -0.0129758 0.00015794 -0.00814947 -0.015134 -0.00814947 0.00011727)
(0.00148891 -0.0129795 -0.0151345 -0.0129795 0.000159312 -0.00815184 -0.0151345 -0.00815184 0.000115727)
(0.00148114 -0.0129808 -0.0151361 -0.0129808 0.000160256 -0.00815281 -0.0151361 -0.00815281 0.00011491)
(0.00148744 -0.0129795 -0.0151352 -0.0129795 0.000159544 -0.00815195 -0.0151352 -0.00815195 0.000115708)
(0.00150392 -0.0129738 -0.0151294 -0.0129738 0.000155869 -0.00814804 -0.0151294 -0.00814804 0.000118479)
(0.00145525 -0.012979 -0.0151408 -0.012979 0.000161229 -0.00815186 -0.0151408 -0.00815186 0.000114931)
(0.0014507 -0.0129817 -0.0151369 -0.0129817 0.000161361 -0.00815365 -0.0151369 -0.00815365 0.000113016)
(0.0014907 -0.012983 -0.0151329 -0.012983 0.000160304 -0.00815439 -0.0151329 -0.00815439 0.000112816)
(0.00149327 -0.0129802 -0.0151335 -0.0129802 0.000159456 -0.00815246 -0.0151335 -0.00815246 0.000114669)
(0.00147263 -0.0129771 -0.0151384 -0.0129771 0.000159904 -0.00815064 -0.0151384 -0.00815064 0.000115631)
(0.00145769 -0.012977 -0.0151407 -0.012977 0.000160613 -0.00815069 -0.0151407 -0.00815069 0.000115649)
(0.00148034 -0.0129788 -0.0151357 -0.0129788 0.000159559 -0.00815155 -0.0151357 -0.00815155 0.000115807)
(0.00149026 -0.0129781 -0.0151334 -0.0129781 0.000158719 -0.00815107 -0.0151334 -0.00815107 0.000115929)
(0.00147288 -0.0129791 -0.0151373 -0.0129791 0.000160192 -0.00815183 -0.0151373 -0.00815183 0.000115225)
(0.00149071 -0.0129784 -0.0151339 -0.0129784 0.000158919 -0.00815125 -0.0151339 -0.00815125 0.000115799)
(0.00148076 -0.0129768 -0.0151359 -0.0129768 0.000158936 -0.00815021 -0.0151359 -0.00815021 0.000116368)
(0.00144798 -0.0129758 -0.0151445 -0.0129758 0.000161074 -0.00814996 -0.0151445 -0.00814996 0.00011667)
(0.00149098 -0.0129792 -0.0151334 -0.0129792 0.00015905 -0.00815174 -0.0151334 -0.00815174 0.00011557)
(0.00149424 -0.0129784 -0.0151333 -0.0129784 0.000158682 -0.00815119 -0.0151333 -0.00815119 0.000116033)
(0.00148598 -0.0129787 -0.0151354 -0.0129787 0.00015945 -0.0081515 -0.0151354 -0.0081515 0.000115543)
(-9.24843e-05 -0.0128468 -0.0154249 -0.0128468 0.00010632 -0.00810845 -0.0154249 -0.00810845 9.10425e-05)
(8.0571e-05 -0.0128051 -0.0154253 -0.0128051 4.65046e-05 -0.00813849 -0.0154253 -0.00813849 4.33154e-05)
(0.000211775 -0.0128348 -0.0154235 -0.0128348 0.000125019 -0.00814756 -0.0154235 -0.00814756 3.44686e-05)
(0.000103835 -0.0128155 -0.0154212 -0.0128155 7.44945e-05 -0.00814795 -0.0154212 -0.00814795 4.68451e-05)
(-9.10893e-06 -0.0128126 -0.0154526 -0.0128126 6.90574e-05 -0.00810664 -0.0154526 -0.00810664 7.69666e-05)
(-0.000115111 -0.0128331 -0.0154528 -0.0128331 0.000101799 -0.00810896 -0.0154528 -0.00810896 8.03526e-05)
(5.38582e-05 -0.0128007 -0.0154332 -0.0128007 2.63492e-05 -0.00812025 -0.0154332 -0.00812025 5.61768e-05)
(1.83455e-05 -0.0128012 -0.0154391 -0.0128012 3.66601e-05 -0.00811438 -0.0154391 -0.00811438 6.93023e-05)
(0.000160694 -0.0128233 -0.0154221 -0.0128233 0.00011297 -0.00814783 -0.0154221 -0.00814783 3.72711e-05)
(0.000219089 -0.012846 -0.0154308 -0.012846 0.000126856 -0.00814736 -0.0154308 -0.00814736 3.22891e-05)
(7.86573e-05 -0.0128096 -0.0154264 -0.0128096 3.34699e-05 -0.0081294 -0.0154264 -0.0081294 4.15953e-05)
(5.36402e-05 -0.0127924 -0.0154306 -0.0127924 2.29999e-05 -0.00812918 -0.0154306 -0.00812918 5.1913e-05)
(9.67501e-05 -0.0128029 -0.0154226 -0.0128029 4.90445e-05 -0.00814168 -0.0154226 -0.00814168 6.84481e-05)
(6.89657e-05 -0.0128019 -0.0154255 -0.0128019 3.08688e-05 -0.0081164 -0.0154255 -0.0081164 6.10029e-05)
(6.34665e-05 -0.0128005 -0.0154237 -0.0128005 2.31483e-05 -0.00812742 -0.0154237 -0.00812742 4.39782e-05)
(3.34365e-05 -0.0128035 -0.0154406 -0.0128035 4.60242e-05 -0.00811095 -0.0154406 -0.00811095 7.16871e-05)
(-7.50349e-05 -0.0128307 -0.0154585 -0.0128307 9.70116e-05 -0.00810522 -0.0154585 -0.00810522 8.28292e-05)
(-4.71032e-05 -0.0128458 -0.015426 -0.0128458 0.000105571 -0.00811158 -0.015426 -0.00811158 8.94048e-05)
(-4.40068e-05 -0.0128144 -0.0154558 -0.0128144 6.96268e-05 -0.00810741 -0.0154558 -0.00810741 7.70014e-05)
(3.66914e-05 -0.0127891 -0.0154295 -0.0127891 2.15757e-05 -0.00812993 -0.0154295 -0.00812993 4.46485e-05)
(5.86108e-05 -0.0127958 -0.0154252 -0.0127958 2.30073e-05 -0.00812718 -0.0154252 -0.00812718 6.13193e-05)
(3.7754e-05 -0.0128024 -0.01544 -0.0128024 4.02009e-05 -0.00811309 -0.01544 -0.00811309 7.24299e-05)
(2.03618e-05 -0.012808 -0.0154491 -0.012808 5.03464e-05 -0.00811422 -0.0154491 -0.00811422 6.30218e-05)
(3.62024e-05 -0.012794 -0.0154315 -0.012794 2.29444e-05 -0.00812394 -0.0154315 -0.00812394 5.22384e-05)
(-2.09294e-06 -0.0127947 -0.015436 -0.0127947 3.18241e-05 -0.00811914 -0.015436 -0.00811914 6.87421e-05)
(1.10741e-05 -0.0128086 -0.0154483 -0.0128086 5.54175e-05 -0.00810585 -0.0154483 -0.00810585 8.17029e-05)
(0.000136787 -0.0128476 -0.0154123 -0.0128476 0.000128468 -0.0081543 -0.0154123 -0.0081543 5.61312e-05)
(-5.21415e-05 -0.0128479 -0.0154085 -0.0128479 0.000110353 -0.00811212 -0.0154085 -0.00811212 9.13779e-05)
(-0.000120978 -0.0128255 -0.0154572 -0.0128255 8.26543e-05 -0.00811081 -0.0154572 -0.00811081 7.03972e-05)
(8.87296e-05 -0.0128021 -0.0154234 -0.0128021 4.42334e-05 -0.0081373 -0.0154234 -0.0081373 6.82218e-05)
(9.9282e-05 -0.012818 -0.0154197 -0.012818 6.37765e-05 -0.00814334 -0.0154197 -0.00814334 4.95837e-05)
(7.33666e-05 -0.0128037 -0.0154257 -0.0128037 2.54448e-05 -0.0081277 -0.0154257 -0.0081277 4.48218e-05)
(-4.13519e-05 -0.0128138 -0.0154537 -0.0128138 6.9064e-05 -0.00811032 -0.0154537 -0.00811032 7.27042e-05)
(5.53114e-05 -0.0127964 -0.0154243 -0.0127964 2.20846e-05 -0.00812623 -0.0154243 -0.00812623 5.55555e-05)
(4.5889e-05 -0.0127943 -0.0154279 -0.0127943 2.1882e-05 -0.00812316 -0.0154279 -0.00812316 6.24938e-05)
(0.00012477 -0.0128079 -0.0154206 -0.0128079 8.00364e-05 -0.00814585 -0.0154206 -0.00814585 5.19411e-05)
(0.000305533 -0.0128548 -0.0154328 -0.0128548 0.000128973 -0.00814711 -0.0154328 -0.00814711 3.0891e-05)
(3.49768e-05 -0.0127981 -0.0154347 -0.0127981 4.05905e-05 -0.00811526 -0.0154347 -0.00811526 6.80326e-05)
(6.23498e-05 -0.0127962 -0.0154254 -0.0127962 3.17312e-05 -0.00813637 -0.0154254 -0.00813637 4.80524e-05)
(3.40959e-05 -0.0128047 -0.0154436 -0.0128047 4.14554e-05 -0.00811318 -0.0154436 -0.00811318 6.7314e-05)
(-4.53161e-05 -0.0128471 -0.0154078 -0.0128471 0.000107217 -0.0081109 -0.0154078 -0.0081109 9.3741e-05)
(9.6266e-05 -0.0127981 -0.0154263 -0.0127981 6.72828e-05 -0.00814662 -0.0154263 -0.00814662 4.59333e-05)
(0.00040595 -0.0128496 -0.0154341 -0.0128496 0.000122915 -0.00814284 -0.0154341 -0.00814284 2.53895e-05)
(9.06725e-05 -0.01281 -0.0154195 -0.01281 5.24236e-05 -0.00814649 -0.0154195 -0.00814649 5.34151e-05)
(-4.22929e-05 -0.0128083 -0.0154498 -0.0128083 7.57778e-05 -0.00810323 -0.0154498 -0.00810323 8.44809e-05)
(6.54994e-05 -0.0128486 -0.0153859 -0.0128486 0.000111396 -0.00811724 -0.0153859 -0.00811724 9.44984e-05)
(4.64617e-06 -0.0127977 -0.0154373 -0.0127977 3.44217e-05 -0.00811704 -0.0154373 -0.00811704 6.31287e-05)
(7.16178e-05 -0.0127966 -0.0154251 -0.0127966 3.7425e-05 -0.00813959 -0.0154251 -0.00813959 5.34011e-05)
(0.000214609 -0.0128296 -0.0154257 -0.0128296 0.000123001 -0.00814724 -0.0154257 -0.00814724 3.28505e-05)
(9.22988e-05 -0.0128159 -0.0154229 -0.0128159 6.66238e-05 -0.00814378 -0.0154229 -0.00814378 3.99483e-05)
(0.000190438 -0.0128465 -0.0154364 -0.0128465 0.000126928 -0.0081467 -0.0154364 -0.0081467 2.90418e-05)
(0.000181805 -0.0128271 -0.015426 -0.0128271 0.000116733 -0.00814571 -0.015426 -0.00814571 3.46758e-05)
(0.000185811 -0.0128521 -0.0153601 -0.0128521 0.00010514 -0.00811944 -0.0153601 -0.00811944 0.000100669)
(-0.000136055 -0.0128294 -0.0154501 -0.0128294 0.000105003 -0.00810495 -0.0154501 -0.00810495 8.41913e-05)
(2.85269e-05 -0.012795 -0.0154305 -0.012795 3.29516e-05 -0.00811794 -0.0154305 -0.00811794 6.08987e-05)
(-0.000124976 -0.0128223 -0.0154536 -0.0128223 0.000101881 -0.00810576 -0.0154536 -0.00810576 8.10858e-05)
(-2.48447e-05 -0.0128359 -0.0154328 -0.0128359 0.0001044 -0.00810842 -0.0154328 -0.00810842 8.70542e-05)
(0.000195198 -0.012853 -0.0153642 -0.012853 0.000102957 -0.00812003 -0.0153642 -0.00812003 0.000100401)
(-0.000105271 -0.0128182 -0.0154564 -0.0128182 7.71245e-05 -0.00810783 -0.0154564 -0.00810783 7.75417e-05)
(0.000120115 -0.0128119 -0.0154291 -0.0128119 9.57206e-05 -0.00814217 -0.0154291 -0.00814217 3.24276e-05)
(-1.07786e-05 -0.0128039 -0.0154456 -0.0128039 5.3677e-05 -0.00810839 -0.0154456 -0.00810839 8.08505e-05)
(-4.29809e-06 -0.0128112 -0.0154534 -0.0128112 6.56714e-05 -0.00810584 -0.0154534 -0.00810584 8.21758e-05)
(5.65402e-05 -0.0127995 -0.0154322 -0.0127995 2.26681e-05 -0.00812625 -0.0154322 -0.00812625 4.27813e-05)
(3.99199e-05 -0.0127905 -0.0154276 -0.0127905 2.23022e-05 -0.00812907 -0.0154276 -0.00812907 4.73626e-05)
(-5.89668e-06 -0.0127996 -0.0154418 -0.0127996 4.11702e-05 -0.00811626 -0.0154418 -0.00811626 7.17078e-05)
(-0.000144638 -0.0128341 -0.0154405 -0.0128341 0.000108009 -0.00810519 -0.0154405 -0.00810519 8.66539e-05)
(0.000141686 -0.0128377 -0.0154114 -0.0128377 0.00012228 -0.00815215 -0.0154114 -0.00815215 5.46617e-05)
(9.89645e-05 -0.0128234 -0.0154212 -0.0128234 7.36345e-05 -0.00814795 -0.0154212 -0.00814795 4.02761e-05)
(8.06798e-05 -0.0127943 -0.0154278 -0.0127943 5.58846e-05 -0.0081465 -0.0154278 -0.0081465 4.7226e-05)
(-3.20896e-05 -0.0128131 -0.0154558 -0.0128131 6.08733e-05 -0.00810105 -0.0154558 -0.00810105 9.02804e-05)
(5.6143e-06 -0.0128056 -0.0154445 -0.0128056 5.50025e-05 -0.0081087 -0.0154445 -0.0081087 7.3298e-05)
(7.64631e-05 -0.0128081 -0.0154245 -0.0128081 3.9228e-05 -0.0081373 -0.0154245 -0.0081373 3.51362e-05)
(3.26836e-05 -0.0127969 -0.0154321 -0.0127969 2.83778e-05 -0.00811921 -0.0154321 -0.00811921 5.87836e-05)
(3.85408e-05 -0.0127901 -0.0154211 -0.0127901 2.23333e-05 -0.00812582 -0.0154211 -0.00812582 6.32415e-05)
(4.84687e-05 -0.012792 -0.0154244 -0.012792 2.1828e-05 -0.00812764 -0.0154244 -0.00812764 6.47833e-05)
(0.000104443 -0.0128007 -0.0154235 -0.0128007 6.29506e-05 -0.00814431 -0.0154235 -0.00814431 5.37321e-05)
(7.82717e-05 -0.0128011 -0.0154177 -0.0128011 2.61614e-05 -0.0081281 -0.0154177 -0.0081281 6.68253e-05)
(7.0327e-05 -0.0127976 -0.0154181 -0.0127976 2.82616e-05 -0.008134 -0.0154181 -0.008134 5.36913e-05)
(0.000220322 -0.0128361 -0.0154271 -0.0128361 0.000126828 -0.00814726 -0.0154271 -0.00814726 3.05398e-05)
(1.96453e-05 -0.0128076 -0.0154488 -0.0128076 6.11687e-05 -0.00810696 -0.0154488 -0.00810696 7.94619e-05)
(1.84251e-05 -0.012796 -0.0154329 -0.012796 2.77125e-05 -0.008116 -0.0154329 -0.008116 7.41674e-05)
(0.000207638 -0.012813 -0.0154205 -0.012813 0.000121258 -0.00814658 -0.0154205 -0.00814658 4.34418e-05)
(0.000264476 -0.012839 -0.0154274 -0.012839 0.000128519 -0.00814565 -0.0154274 -0.00814565 2.92765e-05)
(8.49044e-05 -0.0128031 -0.015419 -0.0128031 3.85455e-05 -0.00814013 -0.015419 -0.00814013 4.90825e-05)
(0.000118225 -0.0128273 -0.0154095 -0.0128273 0.000100815 -0.00815578 -0.0154095 -0.00815578 6.83632e-05)
(-0.000164929 -0.0128306 -0.0154496 -0.0128306 0.000106432 -0.00810515 -0.0154496 -0.00810515 8.35296e-05)
(1.73687e-05 -0.0127885 -0.0154278 -0.0127885 2.21463e-05 -0.00812325 -0.0154278 -0.00812325 6.41162e-05)
(0.000280361 -0.0128331 -0.015426 -0.0128331 0.000126202 -0.00814528 -0.015426 -0.00814528 3.09508e-05)
(0.000102054 -0.0128073 -0.0154243 -0.0128073 7.45725e-05 -0.00814471 -0.0154243 -0.00814471 4.08467e-05)
(-2.50139e-05 -0.0128003 -0.0154376 -0.0128003 5.05222e-05 -0.00811196 -0.0154376 -0.00811196 7.79649e-05)
(0.000317177 -0.0128483 -0.0154473 -0.0128483 0.000124794 -0.00814285 -0.0154473 -0.00814285 3.04564e-05)
(0.000244027 -0.0128472 -0.0154343 -0.0128472 0.000124058 -0.00814525 -0.0154343 -0.00814525 3.08629e-05)
(0.000274943 -0.0128496 -0.0153544 -0.0128496 0.000103393 -0.00812124 -0.0153544 -0.00812124 0.000100625)
(-0.000154667 -0.012819 -0.0154578 -0.012819 9.13725e-05 -0.00810294 -0.0154578 -0.00810294 8.55316e-05)
(5.27179e-05 -0.0127941 -0.0154231 -0.0127941 2.30908e-05 -0.008123 -0.0154231 -0.008123 6.0531e-05)
(-1.04726e-05 -0.0127989 -0.0154362 -0.0127989 5.71199e-05 -0.00810844 -0.0154362 -0.00810844 8.40003e-05)
(-5.82968e-05 -0.0128082 -0.015451 -0.0128082 7.9094e-05 -0.00810456 -0.015451 -0.00810456 8.39722e-05)
(-0.000130023 -0.0128359 -0.0154374 -0.0128359 0.00010974 -0.00811117 -0.0154374 -0.00811117 8.40237e-05)
(-5.64603e-05 -0.0128117 -0.0154499 -0.0128117 5.24107e-05 -0.00811117 -0.0154499 -0.00811117 7.28112e-05)
(0.00023009 -0.012832 -0.0154405 -0.012832 0.000120272 -0.00814256 -0.0154405 -0.00814256 3.29793e-05)
(-6.53088e-05 -0.0128132 -0.0154549 -0.0128132 8.39082e-05 -0.00810425 -0.0154549 -0.00810425 8.52518e-05)
(-8.20768e-05 -0.0128187 -0.0154594 -0.0128187 8.39317e-05 -0.00810307 -0.0154594 -0.00810307 8.52561e-05)
(6.04182e-05 -0.0127966 -0.0154294 -0.0127966 2.74656e-05 -0.00813216 -0.0154294 -0.00813216 4.14083e-05)
(4.36107e-05 -0.0127918 -0.0154276 -0.0127918 2.24477e-05 -0.00812843 -0.0154276 -0.00812843 4.75434e-05)
(2.21275e-05 -0.0127955 -0.015436 -0.0127955 3.17811e-05 -0.00811993 -0.015436 -0.00811993 6.6862e-05)
(-0.000167815 -0.0128202 -0.0154581 -0.0128202 9.06312e-05 -0.00810254 -0.0154581 -0.00810254 8.59811e-05)
(-0.000137408 -0.0128232 -0.0154502 -0.0128232 0.000107598 -0.00810626 -0.0154502 -0.00810626 8.46839e-05)
(0.000102476 -0.012818 -0.015424 -0.012818 8.12292e-05 -0.0081482 -0.015424 -0.0081482 3.76389e-05)
(0.000228163 -0.012829 -0.0154219 -0.012829 0.000128751 -0.00814773 -0.0154219 -0.00814773 3.60446e-05)
(-9.93995e-05 -0.0128144 -0.0154574 -0.0128144 7.69457e-05 -0.0081001 -0.0154574 -0.0081001 8.93091e-05)
(-0.000141766 -0.0128262 -0.0154552 -0.0128262 9.84333e-05 -0.00811012 -0.0154552 -0.00811012 7.60876e-05)
(8.95647e-05 -0.012814 -0.0154234 -0.012814 7.0386e-05 -0.00814901 -0.0154234 -0.00814901 4.26056e-05)
(8.4877e-05 -0.0128081 -0.0154232 -0.0128081 5.08553e-05 -0.00814293 -0.0154232 -0.00814293 4.59005e-05)
(4.67845e-05 -0.0127914 -0.0154204 -0.0127914 2.30858e-05 -0.00812809 -0.0154204 -0.00812809 6.47566e-05)
(7.95329e-05 -0.0127986 -0.0154223 -0.0127986 4.64192e-05 -0.00814474 -0.0154223 -0.00814474 6.59958e-05)
(6.76458e-05 -0.0127942 -0.0154263 -0.0127942 2.73564e-05 -0.00813268 -0.0154263 -0.00813268 5.65742e-05)
(-6.17044e-05 -0.0128298 -0.0154359 -0.0128298 0.000108893 -0.0081064 -0.0154359 -0.0081064 8.5745e-05)
(7.39648e-05 -0.0127987 -0.0154183 -0.0127987 3.62828e-05 -0.00814129 -0.0154183 -0.00814129 7.32275e-05)
(0.000428914 -0.0128552 -0.0154347 -0.0128552 0.000122613 -0.00814392 -0.0154347 -0.00814392 2.74583e-05)
(7.29724e-05 -0.012796 -0.0154235 -0.012796 3.47666e-05 -0.00811354 -0.0154235 -0.00811354 8.01229e-05)
(0.000130989 -0.0128032 -0.0154181 -0.0128032 9.84599e-05 -0.00815287 -0.0154181 -0.00815287 6.03823e-05)
(0.000173684 -0.0127951 -0.0154043 -0.0127951 0.000106558 -0.00814552 -0.0154043 -0.00814552 9.81504e-05)
(8.09373e-05 -0.0128079 -0.0154251 -0.0128079 5.75442e-05 -0.00814557 -0.0154251 -0.00814557 4.03584e-05)
(8.12641e-05 -0.0128091 -0.0154284 -0.0128091 4.51928e-05 -0.00813793 -0.0154284 -0.00813793 3.35406e-05)
(0.00014269 -0.0128431 -0.0154082 -0.0128431 0.000132228 -0.00815018 -0.0154082 -0.00815018 5.26576e-05)
(-7.22899e-05 -0.0128123 -0.0154547 -0.0128123 7.78989e-05 -0.00810158 -0.0154547 -0.00810158 8.63255e-05)
(1.23451e-05 -0.0127899 -0.0154318 -0.0127899 2.48187e-05 -0.00812034 -0.0154318 -0.00812034 8.45633e-05)
(0.000298855 -0.0128361 -0.0154267 -0.0128361 0.000127537 -0.008145 -0.0154267 -0.008145 3.02193e-05)
(4.41875e-05 -0.0127913 -0.0154264 -0.0127913 2.17787e-05 -0.00812827 -0.0154264 -0.00812827 5.01259e-05)
(-0.000168396 -0.0128192 -0.0154557 -0.0128192 9.47397e-05 -0.00810474 -0.0154557 -0.00810474 8.37967e-05)
(6.38859e-05 -0.0127997 -0.0154303 -0.0127997 5.60283e-05 -0.00813874 -0.0154303 -0.00813874 2.90846e-05)
(0.000102951 -0.0128318 -0.0154241 -0.0128318 9.02343e-05 -0.0081449 -0.0154241 -0.0081449 3.72318e-05)
(-2.74361e-05 -0.0128059 -0.0154469 -0.0128059 6.86018e-05 -0.00810716 -0.0154469 -0.00810716 8.40524e-05)
(-0.000182982 -0.0128195 -0.0154597 -0.0128195 9.23789e-05 -0.00810127 -0.0154597 -0.00810127 8.69087e-05)
(5.19088e-05 -0.0127945 -0.0154236 -0.0127945 2.33798e-05 -0.00812168 -0.0154236 -0.00812168 6.9185e-05)
(7.09953e-05 -0.0127927 -0.0154121 -0.0127927 2.56032e-05 -0.00812774 -0.0154121 -0.00812774 7.84689e-05)
(9.79571e-05 -0.0128122 -0.0154147 -0.0128122 6.06665e-05 -0.00815149 -0.0154147 -0.00815149 7.35019e-05)
(5.18397e-05 -0.0127922 -0.0154238 -0.0127922 2.69636e-05 -0.00813482 -0.0154238 -0.00813482 5.36097e-05)
(3.14805e-05 -0.0127853 -0.0154331 -0.0127853 2.03609e-05 -0.00812607 -0.0154331 -0.00812607 5.99311e-05)
(0.000229435 -0.0128329 -0.0154425 -0.0128329 0.000120483 -0.0081423 -0.0154425 -0.0081423 3.4472e-05)
(7.32072e-06 -0.0127984 -0.0154359 -0.0127984 5.88978e-05 -0.00810814 -0.0154359 -0.00810814 8.73378e-05)
(-7.65018e-05 -0.0128107 -0.0154533 -0.0128107 6.92234e-05 -0.00810446 -0.0154533 -0.00810446 8.51291e-05)
(9.40838e-06 -0.0127949 -0.0154375 -0.0127949 2.83159e-05 -0.0081218 -0.0154375 -0.0081218 5.78829e-05)
(5.44317e-05 -0.0127952 -0.0154282 -0.0127952 2.27932e-05 -0.0081301 -0.0154282 -0.0081301 4.23544e-05)
(2.39422e-05 -0.0127954 -0.0154365 -0.0127954 3.25073e-05 -0.00812096 -0.0154365 -0.00812096 6.33185e-05)
(1.49082e-05 -0.0127906 -0.015422 -0.0127906 2.9258e-05 -0.00811794 -0.015422 -0.00811794 9.35973e-05)
(-9.029e-05 -0.0128292 -0.015439 -0.0128292 0.000110162 -0.00810871 -0.015439 -0.00810871 8.52819e-05)
(2.72053e-05 -0.0127946 -0.0154344 -0.0127946 2.41856e-05 -0.00812364 -0.0154344 -0.00812364 5.03143e-05)
(0.000137688 -0.0128157 -0.0154125 -0.0128157 0.000108131 -0.00815311 -0.0154125 -0.00815311 6.65879e-05)
(-0.00010025 -0.0128093 -0.0154508 -0.0128093 7.79359e-05 -0.00810243 -0.0154508 -0.00810243 8.90134e-05)
(-0.000140884 -0.0128287 -0.0154544 -0.0128287 9.71679e-05 -0.00811678 -0.0154544 -0.00811678 6.94058e-05)
(6.87111e-05 -0.0127963 -0.0154198 -0.0127963 3.47687e-05 -0.00814041 -0.0154198 -0.00814041 6.91283e-05)
(5.64558e-05 -0.0127955 -0.015422 -0.0127955 2.39548e-05 -0.00812105 -0.015422 -0.00812105 6.93265e-05)
(1.26581e-05 -0.0127963 -0.0154316 -0.0127963 3.29964e-05 -0.008114 -0.0154316 -0.008114 7.35756e-05)
(0.000114747 -0.0128089 -0.0154157 -0.0128089 8.67359e-05 -0.0081525 -0.0154157 -0.0081525 6.81061e-05)
(3.64358e-05 -0.0127961 -0.0154314 -0.0127961 2.75204e-05 -0.00811986 -0.0154314 -0.00811986 6.37565e-05)
(0.00011911 -0.0128387 -0.0153964 -0.0128387 0.000110606 -0.00811362 -0.0153964 -0.00811362 9.10305e-05)
(-7.40684e-06 -0.0128047 -0.0154443 -0.0128047 4.20993e-05 -0.00810697 -0.0154443 -0.00810697 0.000101001)
(0.000164557 -0.0128307 -0.015412 -0.0128307 0.000119392 -0.0081492 -0.015412 -0.0081492 5.30941e-05)
(0.000105261 -0.0128198 -0.0154155 -0.0128198 6.49247e-05 -0.00814893 -0.0154155 -0.00814893 6.22265e-05)
(0.000126922 -0.0128035 -0.0154159 -0.0128035 9.81318e-05 -0.00815359 -0.0154159 -0.00815359 6.64082e-05)
(-6.75658e-05 -0.0128124 -0.0154555 -0.0128124 5.36282e-05 -0.00810315 -0.0154555 -0.00810315 0.000102416)
(-0.000133429 -0.0128312 -0.0154452 -0.0128312 0.000110307 -0.00811396 -0.0154452 -0.00811396 8.01582e-05)
(7.61957e-05 -0.012802 -0.0154292 -0.012802 2.53296e-05 -0.00812961 -0.0154292 -0.00812961 4.26538e-05)
(0.000134113 -0.0128105 -0.015402 -0.0128105 4.62857e-05 -0.00814784 -0.015402 -0.00814784 0.000111636)
(4.26182e-05 -0.0127971 -0.0154261 -0.0127971 3.99243e-05 -0.00810831 -0.0154261 -0.00810831 9.82467e-05)
(-0.000214605 -0.0128295 -0.0154626 -0.0128295 9.69754e-05 -0.00809904 -0.0154626 -0.00809904 8.75162e-05)
(1.15024e-05 -0.0127905 -0.0154296 -0.0127905 2.4477e-05 -0.00812119 -0.0154296 -0.00812119 6.47683e-05)
(7.72046e-05 -0.0128056 -0.0154232 -0.0128056 5.05301e-05 -0.00814511 -0.0154232 -0.00814511 4.45083e-05)
(-8.5778e-05 -0.0128081 -0.0154474 -0.0128081 6.79063e-05 -0.00810472 -0.0154474 -0.00810472 8.69781e-05)
(-0.000149258 -0.012823 -0.0154548 -0.012823 8.98975e-05 -0.00811399 -0.0154548 -0.00811399 6.99936e-05)
(6.71125e-05 -0.0127927 -0.015418 -0.0127927 2.33755e-05 -0.00812492 -0.015418 -0.00812492 6.07715e-05)
(8.9045e-05 -0.0128018 -0.0154159 -0.0128018 3.5483e-05 -0.008139 -0.0154159 -0.008139 6.44974e-05)
(-0.00010753 -0.0128116 -0.0154513 -0.0128116 6.84835e-05 -0.00810321 -0.0154513 -0.00810321 9.20164e-05)
(3.56132e-05 -0.0127939 -0.0154262 -0.0127939 2.62696e-05 -0.00811784 -0.0154262 -0.00811784 8.50737e-05)
(6.26367e-05 -0.0127921 -0.0154149 -0.0127921 2.61773e-05 -0.00813137 -0.0154149 -0.00813137 7.99682e-05)
(0.000151216 -0.0128308 -0.0154062 -0.0128308 0.000122811 -0.0081499 -0.0154062 -0.0081499 6.05461e-05)
(0.000139923 -0.0128246 -0.0154209 -0.0128246 0.000116421 -0.00815098 -0.0154209 -0.00815098 3.94189e-05)
(9.60882e-05 -0.0127843 -0.0154301 -0.0127843 5.99831e-05 -0.00814641 -0.0154301 -0.00814641 4.78388e-05)
(0.000123442 -0.0128156 -0.0154345 -0.0128156 0.000102256 -0.00813982 -0.0154345 -0.00813982 3.48176e-05)
(8.4464e-05 -0.0127908 -0.0154056 -0.0127908 2.70995e-05 -0.00812468 -0.0154056 -0.00812468 8.1432e-05)
(2.07454e-05 -0.0127932 -0.0154265 -0.0127932 2.88954e-05 -0.00811522 -0.0154265 -0.00811522 8.87402e-05)
(-0.000111458 -0.0128202 -0.015456 -0.0128202 8.05137e-05 -0.00811885 -0.015456 -0.00811885 6.73035e-05)
(6.39066e-05 -0.0127976 -0.0154274 -0.0127976 2.64572e-05 -0.00813219 -0.0154274 -0.00813219 4.43601e-05)
(5.04768e-05 -0.0127937 -0.0154291 -0.0127937 2.14509e-05 -0.00812738 -0.0154291 -0.00812738 5.10834e-05)
(4.24273e-05 -0.0127878 -0.0154156 -0.0127878 2.6682e-05 -0.00813181 -0.0154156 -0.00813181 9.13563e-05)
(-4.24567e-05 -0.0128052 -0.0154463 -0.0128052 6.2831e-05 -0.00810792 -0.0154463 -0.00810792 8.44727e-05)
(-8.589e-05 -0.0128212 -0.0154571 -0.0128212 7.6585e-05 -0.00811499 -0.0154571 -0.00811499 6.65736e-05)
(6.87674e-05 -0.0127972 -0.0154211 -0.0127972 3.59214e-05 -0.00814119 -0.0154211 -0.00814119 7.1512e-05)
(-5.13661e-05 -0.0128028 -0.0154407 -0.0128028 6.65258e-05 -0.00810505 -0.0154407 -0.00810505 9.08124e-05)
(-6.63916e-05 -0.0128159 -0.0154528 -0.0128159 6.56714e-05 -0.00812087 -0.0154528 -0.00812087 5.82158e-05)
(1.91802e-05 -0.0127932 -0.0154268 -0.0127932 2.94769e-05 -0.00811629 -0.0154268 -0.00811629 8.01077e-05)
(-0.000113398 -0.0128179 -0.0154558 -0.0128179 9.18797e-05 -0.00810649 -0.0154558 -0.00810649 8.07698e-05)
(-9.54177e-05 -0.0128145 -0.0154542 -0.0128145 7.16075e-05 -0.00810728 -0.0154542 -0.00810728 7.66079e-05)
(8.59858e-05 -0.0127976 -0.0154177 -0.0127976 5.13442e-05 -0.00815044 -0.0154177 -0.00815044 9.51764e-05)
(1.59277e-05 -0.0127994 -0.0154368 -0.0127994 4.82665e-05 -0.0081147 -0.0154368 -0.0081147 7.41463e-05)
(-0.000140406 -0.0128175 -0.0154557 -0.0128175 9.91524e-05 -0.00810377 -0.0154557 -0.00810377 8.26491e-05)
(-8.34239e-05 -0.0128167 -0.0154631 -0.0128167 6.58334e-05 -0.00809839 -0.0154631 -0.00809839 9.7682e-05)
(3.09854e-05 -0.0127945 -0.0154275 -0.0127945 2.73391e-05 -0.00811668 -0.0154275 -0.00811668 9.40394e-05)
(0.000108807 -0.0128311 -0.0154167 -0.0128311 0.000107796 -0.00815403 -0.0154167 -0.00815403 5.11604e-05)
(6.62103e-05 -0.0127939 -0.0154195 -0.0127939 3.59925e-05 -0.00814235 -0.0154195 -0.00814235 7.97163e-05)
(-0.000167156 -0.0128199 -0.0154594 -0.0128199 8.91307e-05 -0.00810165 -0.0154594 -0.00810165 8.6588e-05)
(0.000498279 -0.0128636 -0.0152908 -0.0128636 0.000107935 -0.00813358 -0.0152908 -0.00813358 0.000111405)
(-0.000122271 -0.0128291 -0.0154507 -0.0128291 0.000103794 -0.00811428 -0.0154507 -0.00811428 7.73464e-05)
(3.46611e-05 -0.0128094 -0.0154486 -0.0128094 7.6179e-05 -0.00809783 -0.0154486 -0.00809783 9.79462e-05)
(0.000115825 -0.0128088 -0.0154075 -0.0128088 4.8995e-05 -0.00814973 -0.0154075 -0.00814973 0.000111827)
(-1.41728e-05 -0.0128045 -0.0154469 -0.0128045 3.83934e-05 -0.00810792 -0.0154469 -0.00810792 9.58008e-05)
(-0.000180433 -0.0128455 -0.01542 -0.0128455 0.00012144 -0.00811407 -0.01542 -0.00811407 8.82965e-05)
(9.18338e-05 -0.0128161 -0.0154215 -0.0128161 8.37347e-05 -0.00815443 -0.0154215 -0.00815443 4.8586e-05)
(4.87632e-05 -0.0127907 -0.0154148 -0.0127907 2.81871e-05 -0.00811776 -0.0154148 -0.00811776 8.42258e-05)
(-0.000189566 -0.0128243 -0.015456 -0.0128243 9.95224e-05 -0.00810608 -0.015456 -0.00810608 8.08479e-05)
(-4.30446e-05 -0.0127998 -0.0154399 -0.0127998 6.19325e-05 -0.00811005 -0.0154399 -0.00811005 8.11044e-05)
(9.08275e-05 -0.0128107 -0.0154208 -0.0128107 5.36954e-05 -0.008146 -0.0154208 -0.008146 5.26247e-05)
(2.85286e-05 -0.012789 -0.0154203 -0.012789 2.55459e-05 -0.00812314 -0.0154203 -0.00812314 9.37962e-05)
(4.74648e-05 -0.0127913 -0.01542 -0.0127913 2.63274e-05 -0.00812901 -0.01542 -0.00812901 0.000102838)
(5.54592e-05 -0.0127913 -0.0154173 -0.0127913 2.54509e-05 -0.00813144 -0.0154173 -0.00813144 8.08783e-05)
(0.000108755 -0.0128134 -0.0154094 -0.0128134 8.18789e-05 -0.00815484 -0.0154094 -0.00815484 8.78258e-05)
(9.31019e-05 -0.0128119 -0.0154229 -0.0128119 7.6669e-05 -0.00814989 -0.0154229 -0.00814989 4.72624e-05)
(0.000106076 -0.0127889 -0.0154288 -0.0127889 7.08653e-05 -0.0081451 -0.0154288 -0.0081451 4.01594e-05)
(3.88344e-05 -0.0127894 -0.0154379 -0.0127894 2.5719e-05 -0.00813361 -0.0154379 -0.00813361 3.8183e-05)
(0.000107261 -0.0128083 -0.0154085 -0.0128083 4.43796e-05 -0.00814521 -0.0154085 -0.00814521 7.75034e-05)
(7.89768e-05 -0.0127984 -0.0154151 -0.0127984 3.49421e-05 -0.00814037 -0.0154151 -0.00814037 9.31955e-05)
(-8.07657e-05 -0.0128141 -0.0154536 -0.0128141 6.64381e-05 -0.00812218 -0.0154536 -0.00812218 6.13316e-05)
(5.8144e-05 -0.0127937 -0.0154251 -0.0127937 2.74104e-05 -0.00813438 -0.0154251 -0.00813438 5.48626e-05)
(7.92368e-05 -0.0128066 -0.0154248 -0.0128066 4.78987e-05 -0.00814057 -0.0154248 -0.00814057 4.52364e-05)
(3.39504e-05 -0.0127873 -0.0154161 -0.0127873 2.54733e-05 -0.00812506 -0.0154161 -0.00812506 8.76382e-05)
(1.25221e-05 -0.0127967 -0.015431 -0.0127967 4.36382e-05 -0.00810988 -0.015431 -0.00810988 9.10855e-05)
(-5.4083e-05 -0.0128132 -0.0154528 -0.0128132 5.89048e-05 -0.00811369 -0.0154528 -0.00811369 6.61677e-05)
(2.54184e-05 -0.0127929 -0.0154317 -0.0127929 2.25179e-05 -0.00812353 -0.0154317 -0.00812353 5.02191e-05)
(2.835e-05 -0.0127916 -0.0154232 -0.0127916 3.70391e-05 -0.00811557 -0.0154232 -0.00811557 7.8153e-05)
(5.199e-06 -0.012793 -0.0154356 -0.012793 2.66175e-05 -0.00812445 -0.0154356 -0.00812445 4.89631e-05)
(2.54078e-05 -0.0127907 -0.0154254 -0.0127907 2.60878e-05 -0.00812039 -0.0154254 -0.00812039 6.97504e-05)
(-5.03418e-05 -0.0128087 -0.0154502 -0.0128087 7.2164e-05 -0.00811358 -0.0154502 -0.00811358 7.38406e-05)
(-4.07375e-05 -0.0128058 -0.0154465 -0.0128058 4.7209e-05 -0.00811028 -0.0154465 -0.00811028 7.28444e-05)
(-2.71942e-05 -0.0128015 -0.0154384 -0.0128015 4.3996e-05 -0.00810802 -0.0154384 -0.00810802 0.000104275)
(-6.71441e-05 -0.01281 -0.0154493 -0.01281 8.29627e-05 -0.0081087 -0.0154493 -0.0081087 8.24525e-05)
(4.31216e-05 -0.0127908 -0.0154185 -0.0127908 2.77303e-05 -0.00811852 -0.0154185 -0.00811852 7.44294e-05)
(1.15157e-05 -0.0127946 -0.0154353 -0.0127946 2.71804e-05 -0.00811634 -0.0154353 -0.00811634 9.56018e-05)
(-6.58738e-05 -0.0128059 -0.015447 -0.0128059 5.36703e-05 -0.00810539 -0.015447 -0.00810539 9.13545e-05)
(8.67695e-05 -0.0128074 -0.0154166 -0.0128074 5.06983e-05 -0.00814717 -0.0154166 -0.00814717 7.11412e-05)
(3.55846e-05 -0.0127906 -0.0154241 -0.0127906 2.32909e-05 -0.0081228 -0.0154241 -0.0081228 7.18849e-05)
(1.25097e-05 -0.0127967 -0.0154288 -0.0127967 3.87917e-05 -0.00811024 -0.0154288 -0.00811024 9.49535e-05)
(-9.34126e-05 -0.0128297 -0.0154386 -0.0128297 0.000110645 -0.00810739 -0.0154386 -0.00810739 8.50877e-05)
(-0.000111055 -0.0128178 -0.0154542 -0.0128178 8.10516e-05 -0.00811267 -0.0154542 -0.00811267 7.30975e-05)
(-6.57052e-05 -0.012815 -0.0154591 -0.012815 8.8891e-05 -0.00809811 -0.0154591 -0.00809811 8.84272e-05)
(9.24931e-05 -0.0128024 -0.0154122 -0.0128024 4.62781e-05 -0.00814929 -0.0154122 -0.00814929 0.0001093)
(8.22792e-05 -0.0127961 -0.0154214 -0.0127961 4.52853e-05 -0.00814744 -0.0154214 -0.00814744 0.000101553)
(-0.000174535 -0.0128427 -0.0154227 -0.0128427 0.00011383 -0.00810993 -0.0154227 -0.00810993 9.08059e-05)
(-0.000143981 -0.0128177 -0.0154566 -0.0128177 8.97936e-05 -0.00810308 -0.0154566 -0.00810308 8.48033e-05)
(7.69698e-05 -0.0127933 -0.0154092 -0.0127933 2.66187e-05 -0.00812719 -0.0154092 -0.00812719 7.96891e-05)
(-5.6405e-05 -0.012802 -0.0154409 -0.012802 5.17352e-05 -0.00810552 -0.0154409 -0.00810552 9.26431e-05)
(-0.000132769 -0.0128135 -0.0154539 -0.0128135 9.03982e-05 -0.00810607 -0.0154539 -0.00810607 8.20553e-05)
(7.21059e-05 -0.0127959 -0.0154176 -0.0127959 2.74006e-05 -0.00813314 -0.0154176 -0.00813314 6.49198e-05)
(3.70678e-05 -0.0127891 -0.015419 -0.0127891 2.49188e-05 -0.00812559 -0.015419 -0.00812559 9.1799e-05)
(2.22576e-05 -0.0127952 -0.0154275 -0.0127952 3.24949e-05 -0.00812014 -0.0154275 -0.00812014 0.000115128)
(5.23303e-05 -0.0127919 -0.0154184 -0.0127919 2.38234e-05 -0.00812538 -0.0154184 -0.00812538 8.32556e-05)
(5.782e-05 -0.0127913 -0.0154143 -0.0127913 2.52769e-05 -0.00812843 -0.0154143 -0.00812843 8.75682e-05)
(5.61337e-05 -0.0127943 -0.0154237 -0.0127943 2.54017e-05 -0.00813269 -0.0154237 -0.00813269 5.40224e-05)
(5.40243e-05 -0.0127852 -0.0154316 -0.0127852 2.28086e-05 -0.00813201 -0.0154316 -0.00813201 4.42586e-05)
(-6.08949e-05 -0.0128155 -0.0154546 -0.0128155 7.4375e-05 -0.00812919 -0.0154546 -0.00812919 5.85275e-05)
(0.000113121 -0.0128187 -0.0154096 -0.0128187 6.84512e-05 -0.0081536 -0.0154096 -0.0081536 8.15362e-05)
(0.000111472 -0.0128158 -0.0154102 -0.0128158 8.08858e-05 -0.00815445 -0.0154102 -0.00815445 8.50176e-05)
(4.9733e-06 -0.0127918 -0.0154366 -0.0127918 2.652e-05 -0.00812499 -0.0154366 -0.00812499 5.39682e-05)
(6.07333e-05 -0.0127918 -0.0154228 -0.0127918 2.8954e-05 -0.00813637 -0.0154228 -0.00813637 7.47242e-05)
(8.57879e-05 -0.0128087 -0.0154221 -0.0128087 5.55123e-05 -0.00814601 -0.0154221 -0.00814601 5.17721e-05)
(6.51459e-05 -0.012797 -0.015419 -0.012797 3.72326e-05 -0.00814179 -0.015419 -0.00814179 6.60706e-05)
(4.20498e-05 -0.0127919 -0.0154218 -0.0127919 2.89177e-05 -0.00811709 -0.0154218 -0.00811709 8.17118e-05)
(4.11905e-05 -0.0127893 -0.0154275 -0.0127893 2.10356e-05 -0.00812864 -0.0154275 -0.00812864 5.74445e-05)
(-8.21496e-06 -0.0128017 -0.0154422 -0.0128017 3.92352e-05 -0.00812006 -0.0154422 -0.00812006 5.74803e-05)
(4.33638e-05 -0.012791 -0.0154204 -0.012791 2.90354e-05 -0.00811944 -0.0154204 -0.00811944 7.28443e-05)
(1.9894e-05 -0.012787 -0.0154297 -0.012787 2.09729e-05 -0.00812734 -0.0154297 -0.00812734 4.91196e-05)
(3.3894e-05 -0.0127901 -0.0154224 -0.0127901 2.46969e-05 -0.0081214 -0.0154224 -0.0081214 7.21216e-05)
(4.05914e-05 -0.0127925 -0.0154277 -0.0127925 2.66446e-05 -0.008123 -0.0154277 -0.008123 5.92136e-05)
(2.40126e-05 -0.012791 -0.0154286 -0.012791 2.20728e-05 -0.00812085 -0.0154286 -0.00812085 7.26871e-05)
(-6.67627e-05 -0.0128093 -0.0154497 -0.0128093 6.19084e-05 -0.00810216 -0.0154497 -0.00810216 0.000102605)
(-4.81868e-05 -0.0128052 -0.0154439 -0.0128052 6.71476e-05 -0.00810975 -0.0154439 -0.00810975 8.2599e-05)
(3.44291e-05 -0.0127904 -0.0154206 -0.0127904 2.58792e-05 -0.00812083 -0.0154206 -0.00812083 7.39912e-05)
(5.88753e-05 -0.0127889 -0.0154255 -0.0127889 3.32999e-05 -0.00814131 -0.0154255 -0.00814131 7.78472e-05)
(-3.48849e-05 -0.0128025 -0.0154413 -0.0128025 4.39827e-05 -0.00810763 -0.0154413 -0.00810763 9.68703e-05)
(3.67458e-05 -0.0127939 -0.0154242 -0.0127939 3.70383e-05 -0.00811155 -0.0154242 -0.00811155 9.81384e-05)
(3.61984e-05 -0.012791 -0.0154261 -0.012791 2.21843e-05 -0.00812404 -0.0154261 -0.00812404 6.45076e-05)
(2.82777e-05 -0.0127911 -0.0154215 -0.0127911 2.9246e-05 -0.00811698 -0.0154215 -0.00811698 8.55802e-05)
(6.74047e-05 -0.0127946 -0.0154153 -0.0127946 2.74937e-05 -0.00812558 -0.0154153 -0.00812558 9.92483e-05)
(5.59503e-05 -0.0127921 -0.0154211 -0.0127921 2.87073e-05 -0.00813629 -0.0154211 -0.00813629 6.46494e-05)
(5.53532e-05 -0.012798 -0.0154243 -0.012798 3.9128e-05 -0.00811063 -0.0154243 -0.00811063 0.000104022)
(0.000102407 -0.0128103 -0.015413 -0.0128103 7.21395e-05 -0.00815359 -0.015413 -0.00815359 8.6763e-05)
(-2.86198e-05 -0.0128041 -0.0154445 -0.0128041 5.02665e-05 -0.00810434 -0.0154445 -0.00810434 9.50398e-05)
(-0.000145353 -0.0128216 -0.0154653 -0.0128216 8.78915e-05 -0.00809737 -0.0154653 -0.00809737 8.97271e-05)
(0.000225108 -0.0128499 -0.0153533 -0.0128499 0.000107756 -0.00811952 -0.0153533 -0.00811952 9.99594e-05)
(3.1319e-05 -0.0127917 -0.0154224 -0.0127917 2.84783e-05 -0.00811853 -0.0154224 -0.00811853 7.67475e-05)
(4.25118e-05 -0.0127914 -0.015417 -0.0127914 3.02604e-05 -0.00812713 -0.015417 -0.00812713 0.000114026)
(-4.0796e-05 -0.0127981 -0.0154376 -0.0127981 5.23507e-05 -0.00810981 -0.0154376 -0.00810981 8.29309e-05)
(2.9037e-05 -0.0127938 -0.0154286 -0.0127938 3.25637e-05 -0.00811733 -0.0154286 -0.00811733 7.49846e-05)
(4.32565e-05 -0.0127887 -0.0154177 -0.0127887 2.49806e-05 -0.00812945 -0.0154177 -0.00812945 8.41999e-05)
(-6.03269e-05 -0.012807 -0.0154479 -0.012807 5.77284e-05 -0.00810328 -0.0154479 -0.00810328 0.000101788)
(-5.62137e-06 -0.0128022 -0.0154385 -0.0128022 4.7515e-05 -0.00810609 -0.0154385 -0.00810609 9.23226e-05)
(1.36367e-05 -0.0127947 -0.0154278 -0.0127947 3.67862e-05 -0.00811202 -0.0154278 -0.00811202 8.50046e-05)
(4.40868e-05 -0.0127918 -0.0154249 -0.0127918 2.12096e-05 -0.00812661 -0.0154249 -0.00812661 5.6708e-05)
(2.37689e-05 -0.0127925 -0.0154327 -0.0127925 2.26788e-05 -0.00812153 -0.0154327 -0.00812153 6.09691e-05)
(-0.000127098 -0.0128337 -0.01545 -0.0128337 0.00010732 -0.00812335 -0.01545 -0.00812335 6.90845e-05)
(9.82532e-05 -0.0128036 -0.0154101 -0.0128036 4.26577e-05 -0.00814557 -0.0154101 -0.00814557 9.858e-05)
(0.000104324 -0.0128175 -0.0154115 -0.0128175 8.36894e-05 -0.00815613 -0.0154115 -0.00815613 7.86913e-05)
(2.25008e-05 -0.0127872 -0.0154291 -0.0127872 2.21855e-05 -0.00812792 -0.0154291 -0.00812792 5.41671e-05)
(1.24988e-05 -0.0127951 -0.0154322 -0.0127951 2.88855e-05 -0.00811542 -0.0154322 -0.00811542 8.74793e-05)
(5.85443e-05 -0.0127965 -0.0154261 -0.0127965 3.35038e-05 -0.00813761 -0.0154261 -0.00813761 4.15914e-05)
(8.35049e-05 -0.0128107 -0.0154208 -0.0128107 6.55993e-05 -0.00815005 -0.0154208 -0.00815005 5.59909e-05)
(5.51933e-05 -0.0127912 -0.0154214 -0.0127912 2.27853e-05 -0.00812725 -0.0154214 -0.00812725 6.05205e-05)
(5.1856e-05 -0.0127893 -0.0154264 -0.0127893 2.92522e-05 -0.00813709 -0.0154264 -0.00813709 5.27424e-05)
(-8.57515e-06 -0.0127982 -0.0154373 -0.0127982 3.8112e-05 -0.00811659 -0.0154373 -0.00811659 6.72611e-05)
(4.04276e-05 -0.0127912 -0.0154191 -0.0127912 2.95321e-05 -0.00811701 -0.0154191 -0.00811701 8.33836e-05)
(5.04224e-06 -0.0127915 -0.0154341 -0.0127915 2.4971e-05 -0.00812339 -0.0154341 -0.00812339 5.26156e-05)
(2.46235e-05 -0.0127925 -0.0154257 -0.0127925 2.97016e-05 -0.00811676 -0.0154257 -0.00811676 7.8123e-05)
(5.40886e-05 -0.0127934 -0.0154248 -0.0127934 2.24206e-05 -0.00812886 -0.0154248 -0.00812886 4.96737e-05)
(3.09099e-05 -0.012789 -0.015428 -0.012789 1.98835e-05 -0.00812589 -0.015428 -0.00812589 5.92826e-05)
(4.13472e-05 -0.0127909 -0.0154185 -0.0127909 2.66978e-05 -0.00812429 -0.0154185 -0.00812429 0.000101826)
(4.23767e-05 -0.0127902 -0.0154213 -0.0127902 2.6077e-05 -0.00812268 -0.0154213 -0.00812268 6.85356e-05)
(-2.1308e-05 -0.0128002 -0.0154386 -0.0128002 4.50691e-05 -0.00811345 -0.0154386 -0.00811345 7.57082e-05)
(9.8863e-05 -0.0127958 -0.0154232 -0.0127958 7.09877e-05 -0.00815202 -0.0154232 -0.00815202 6.68368e-05)
(7.0497e-05 -0.012794 -0.0154175 -0.012794 3.28737e-05 -0.00813915 -0.0154175 -0.00813915 0.000105793)
(-0.00010435 -0.0128119 -0.0154581 -0.0128119 8.85923e-05 -0.00809882 -0.0154581 -0.00809882 8.98505e-05)
(-3.29309e-06 -0.0127973 -0.0154362 -0.0127973 3.37487e-05 -0.00811461 -0.0154362 -0.00811461 7.24441e-05)
(5.83694e-05 -0.0127917 -0.0154164 -0.0127917 2.64521e-05 -0.00813161 -0.0154164 -0.00813161 8.12165e-05)
(9.23586e-05 -0.0128027 -0.0154146 -0.0128027 4.56214e-05 -0.00814801 -0.0154146 -0.00814801 0.000100501)
(6.89248e-05 -0.0127991 -0.0154214 -0.0127991 3.94119e-05 -0.00814192 -0.0154214 -0.00814192 6.22534e-05)
(8.09042e-05 -0.0127972 -0.0154126 -0.0127972 3.16046e-05 -0.00813683 -0.0154126 -0.00813683 9.32475e-05)
(0.000112296 -0.0128176 -0.0154118 -0.0128176 8.14468e-05 -0.00815215 -0.0154118 -0.00815215 7.69992e-05)
(-0.000121105 -0.0128148 -0.0154609 -0.0128148 8.68399e-05 -0.00809818 -0.0154609 -0.00809818 8.89234e-05)
(-0.00011719 -0.0128184 -0.0154683 -0.0128184 8.37074e-05 -0.0080957 -0.0154683 -0.0080957 9.43983e-05)
(-2.88383e-05 -0.0128421 -0.0154048 -0.0128421 0.000113425 -0.00811408 -0.0154048 -0.00811408 9.27433e-05)
(-2.44779e-05 -0.0128027 -0.0154414 -0.0128027 4.34096e-05 -0.00811205 -0.0154414 -0.00811205 7.70523e-05)
(7.32058e-05 -0.0127954 -0.0154158 -0.0127954 4.06775e-05 -0.0081466 -0.0154158 -0.0081466 0.000103803)
(5.22357e-05 -0.01279 -0.0154142 -0.01279 2.44451e-05 -0.00812957 -0.0154142 -0.00812957 7.67529e-05)
(4.18693e-05 -0.0127912 -0.0154266 -0.0127912 2.25574e-05 -0.0081257 -0.0154266 -0.0081257 5.75803e-05)
