/*--------------------------------*- C++ -*----------------------------------*\
  =========                 |
  \\      /  F ield         | OpenFOAM: The Open Source CFD Toolbox
   \\    /   O peration     | Website:  https://openfoam.org
    \\  /    A nd           | Version:  10
     \\/     M anipulation  |
\*---------------------------------------------------------------------------*/
FoamFile
{
    format      ascii;
    class       volTensorField;
    location    "32.5";
    object      TauNN;
}
// * * * * * * * * * * * * * * * * * * * * * * * * * * * * * * * * * * * * * //

dimensions      [0 2 -2 0 0 0 0];

internalField   nonuniform List<tensor> 
25600
(
(0.00147734 -0.0129748 -0.015137 -0.0129748 0.000158528 -0.00814898 -0.015137 -0.00814898 0.000117425)
(0.00149694 -0.012976 -0.0151324 -0.012976 0.000157579 -0.00814957 -0.0151324 -0.00814957 0.000117071)
(0.00142969 -0.0129683 -0.0151519 -0.0129683 0.000160471 -0.00814545 -0.0151519 -0.00814545 0.000119134)
(0.00145349 -0.0129814 -0.0151405 -0.0129814 0.00016161 -0.00815322 -0.0151405 -0.00815322 0.000115306)
(0.00147919 -0.0129791 -0.0151359 -0.0129791 0.000159871 -0.0081518 -0.0151359 -0.0081518 0.000114833)
(0.00147734 -0.0129692 -0.0151361 -0.0129692 0.000156105 -0.00814528 -0.0151361 -0.00814528 0.00012001)
(0.00148153 -0.0129772 -0.0151356 -0.0129772 0.000158771 -0.00815036 -0.0151356 -0.00815036 0.000117171)
(0.00147979 -0.0129829 -0.0151344 -0.0129829 0.00016055 -0.00815413 -0.0151344 -0.00815413 0.000113549)
(0.00149656 -0.0129825 -0.0151329 -0.0129825 0.000160016 -0.008154 -0.0151329 -0.008154 0.000113607)
(0.00148808 -0.0129818 -0.0151351 -0.0129818 0.000160244 -0.00815345 -0.0151351 -0.00815345 0.000114519)
(0.00145917 -0.0129815 -0.0151404 -0.0129815 0.000161719 -0.00815344 -0.0151404 -0.00815344 0.000114414)
(0.00148946 -0.0129777 -0.0151326 -0.0129777 0.000158572 -0.00815087 -0.0151326 -0.00815087 0.000115345)
(0.00150048 -0.0129733 -0.0151293 -0.0129733 0.00015578 -0.00814777 -0.0151293 -0.00814777 0.000118364)
(0.00140854 -0.0129694 -0.0151597 -0.0129694 0.000162988 -0.0081464 -0.0151597 -0.0081464 0.000118651)
(0.0014167 -0.0129753 -0.0151484 -0.0129753 0.000162897 -0.00815034 -0.0151484 -0.00815034 0.00011464)
(0.00148076 -0.0129727 -0.0151327 -0.0129727 0.000156723 -0.0081476 -0.0151327 -0.0081476 0.000118229)
(0.00147807 -0.012978 -0.0151365 -0.012978 0.000159418 -0.00815101 -0.0151365 -0.00815101 0.00011648)
(0.00148847 -0.0129797 -0.0151342 -0.0129797 0.000159485 -0.00815213 -0.0151342 -0.00815213 0.000115033)
(0.00148486 -0.0129772 -0.0151354 -0.0129772 0.000158958 -0.00815054 -0.0151354 -0.00815054 0.000116149)
(0.00146352 -0.0129779 -0.0151392 -0.0129779 0.000160344 -0.00815111 -0.0151392 -0.00815111 0.000115798)
(0.0014995 -0.0129793 -0.0151329 -0.0129793 0.000158676 -0.00815168 -0.0151329 -0.00815168 0.000116305)
(0.00145335 -0.0129764 -0.0151441 -0.0129764 0.000161073 -0.00815026 -0.0151441 -0.00815026 0.000116558)
(0.00147392 -0.0129787 -0.015137 -0.0129787 0.000159932 -0.00815151 -0.015137 -0.00815151 0.000115645)
(0.00148692 -0.0129787 -0.0151359 -0.0129787 0.000159478 -0.00815143 -0.0151359 -0.00815143 0.000115729)
(0.00141957 -0.0129701 -0.0151512 -0.0129701 0.000161836 -0.00814712 -0.0151512 -0.00814712 0.000116237)
(0.0014751 -0.0129697 -0.0151338 -0.0129697 0.000155852 -0.00814569 -0.0151338 -0.00814569 0.000119657)
(0.00147778 -0.0129752 -0.0151363 -0.0129752 0.000158333 -0.00814915 -0.0151363 -0.00814915 0.000117873)
(0.00147443 -0.0129821 -0.0151352 -0.0129821 0.000160595 -0.00815367 -0.0151352 -0.00815367 0.000113866)
(0.00149974 -0.0129787 -0.0151322 -0.0129787 0.000158501 -0.00815143 -0.0151322 -0.00815143 0.000115762)
(0.00147136 -0.0129768 -0.0151377 -0.0129768 0.000159778 -0.00815048 -0.0151377 -0.00815048 0.000115203)
(0.00146794 -0.0129735 -0.0151347 -0.0129735 0.000158162 -0.00814854 -0.0151347 -0.00814854 0.000116139)
(0.00149001 -0.0129794 -0.0151333 -0.0129794 0.000159155 -0.00815194 -0.0151333 -0.00815194 0.000115207)
(0.00147876 -0.012974 -0.0151366 -0.012974 0.000158296 -0.00814855 -0.0151366 -0.00814855 0.000117137)
(0.00148834 -0.0129704 -0.0151313 -0.0129704 0.000155207 -0.00814587 -0.0151313 -0.00814587 0.000119849)
(0.00150237 -0.0129771 -0.0151311 -0.0129771 0.000157469 -0.00815027 -0.0151311 -0.00815027 0.000117242)
(0.00147685 -0.0129766 -0.0151396 -0.0129766 0.000159752 -0.00815017 -0.0151396 -0.00815017 0.000116558)
(0.00140899 -0.012962 -0.0151564 -0.012962 0.000160115 -0.00814207 -0.0151564 -0.00814207 0.000119049)
(0.00145633 -0.0129804 -0.0151392 -0.0129804 0.000160963 -0.0081525 -0.0151392 -0.0081525 0.00011577)
(0.00149333 -0.0129815 -0.0151345 -0.0129815 0.000160011 -0.00815326 -0.0151345 -0.00815326 0.000114566)
(0.00146211 -0.012973 -0.0151426 -0.012973 0.000159679 -0.0081482 -0.0151426 -0.0081482 0.000117104)
(0.000148853 -0.0128348 -0.0154186 -0.0128348 0.000119484 -0.00815006 -0.0154186 -0.00815006 4.14637e-05)
(0.000156731 -0.0128187 -0.0154206 -0.0128187 0.000106408 -0.00814636 -0.0154206 -0.00814636 4.28488e-05)
(-4.42174e-05 -0.0128103 -0.0154493 -0.0128103 6.56757e-05 -0.00811191 -0.0154493 -0.00811191 6.7532e-05)
(6.70556e-05 -0.0127988 -0.0154241 -0.0127988 2.27573e-05 -0.00812548 -0.0154241 -0.00812548 4.66329e-05)
(7.44248e-05 -0.0127999 -0.0154247 -0.0127999 3.29353e-05 -0.0081349 -0.0154247 -0.0081349 5.80591e-05)
(0.00013085 -0.0128201 -0.0154239 -0.0128201 0.000107205 -0.00815023 -0.0154239 -0.00815023 3.54394e-05)
(7.48218e-05 -0.0128008 -0.0154225 -0.0128008 2.65486e-05 -0.00813203 -0.0154225 -0.00813203 4.09403e-05)
(0.00022704 -0.0128492 -0.0153738 -0.0128492 9.99187e-05 -0.00811638 -0.0153738 -0.00811638 9.7029e-05)
(0.000612681 -0.0128677 -0.0152502 -0.0128677 9.54699e-05 -0.00813762 -0.0152502 -0.00813762 0.000119905)
(8.2058e-05 -0.012859 -0.0153669 -0.012859 0.000113681 -0.00812441 -0.0153669 -0.00812441 9.78832e-05)
(5.7707e-05 -0.0127979 -0.0154296 -0.0127979 2.55651e-05 -0.00812965 -0.0154296 -0.00812965 4.23857e-05)
(2.45025e-07 -0.0128096 -0.0154489 -0.0128096 5.76502e-05 -0.00810621 -0.0154489 -0.00810621 8.30832e-05)
(8.59366e-05 -0.0127929 -0.0154275 -0.0127929 3.7281e-05 -0.00813715 -0.0154275 -0.00813715 5.53565e-05)
(0.000186819 -0.0128325 -0.0154252 -0.0128325 0.000124821 -0.00814943 -0.0154252 -0.00814943 3.26446e-05)
(8.44882e-05 -0.0128 -0.0154146 -0.0128 2.81937e-05 -0.00811803 -0.0154146 -0.00811803 8.01591e-05)
(0.00017045 -0.0128372 -0.0154218 -0.0128372 0.000129194 -0.00815154 -0.0154218 -0.00815154 3.62245e-05)
(4.82027e-05 -0.0127948 -0.0154266 -0.0127948 2.38987e-05 -0.00812301 -0.0154266 -0.00812301 5.18048e-05)
(-2.31631e-05 -0.0128055 -0.0154458 -0.0128055 5.46059e-05 -0.00811086 -0.0154458 -0.00811086 7.3994e-05)
(9.17425e-05 -0.0128051 -0.0154239 -0.0128051 5.55577e-05 -0.0081411 -0.0154239 -0.0081411 4.90796e-05)
(9.02602e-05 -0.0128129 -0.015421 -0.0128129 5.09255e-05 -0.00814168 -0.015421 -0.00814168 4.82169e-05)
(-3.81348e-05 -0.0128122 -0.0154533 -0.0128122 6.15974e-05 -0.00811713 -0.0154533 -0.00811713 6.53296e-05)
(0.000280038 -0.0128404 -0.0154306 -0.0128404 0.000124146 -0.00814537 -0.0154306 -0.00814537 2.94592e-05)
(8.51202e-05 -0.0128067 -0.0154204 -0.0128067 3.54542e-05 -0.00813485 -0.0154204 -0.00813485 5.76061e-05)
(0.000145925 -0.0128155 -0.0154191 -0.0128155 9.96901e-05 -0.00814536 -0.0154191 -0.00814536 4.83319e-05)
(0.000124157 -0.0128205 -0.0154184 -0.0128205 0.000100487 -0.00815438 -0.0154184 -0.00815438 5.73758e-05)
(0.000302452 -0.0128523 -0.0154363 -0.0128523 0.000135327 -0.00814694 -0.0154363 -0.00814694 2.82481e-05)
(0.000100342 -0.0128226 -0.0154221 -0.0128226 7.43411e-05 -0.00814371 -0.0154221 -0.00814371 3.64847e-05)
(9.28238e-05 -0.0128456 -0.0153936 -0.0128456 0.000106085 -0.00811428 -0.0153936 -0.00811428 9.371e-05)
(-3.86789e-05 -0.0128122 -0.0154537 -0.0128122 5.93275e-05 -0.00811349 -0.0154537 -0.00811349 6.59189e-05)
(-2.15585e-05 -0.0128155 -0.0154572 -0.0128155 6.51226e-05 -0.00810017 -0.0154572 -0.00810017 9.11646e-05)
(0.000111572 -0.0128214 -0.0154149 -0.0128214 6.5842e-05 -0.00815123 -0.0154149 -0.00815123 8.49513e-05)
(-0.000109431 -0.0128224 -0.0154562 -0.0128224 8.86344e-05 -0.00811032 -0.0154562 -0.00811032 7.28365e-05)
(0.000139315 -0.0128133 -0.0154181 -0.0128133 0.000101849 -0.00815024 -0.0154181 -0.00815024 5.11343e-05)
(0.000137693 -0.0128301 -0.0154167 -0.0128301 0.000115007 -0.00815226 -0.0154167 -0.00815226 4.58337e-05)
(4.88682e-05 -0.0127955 -0.0154304 -0.0127955 2.15045e-05 -0.00812446 -0.0154304 -0.00812446 5.28468e-05)
(0.000131662 -0.0128038 -0.0154239 -0.0128038 9.24674e-05 -0.0081446 -0.0154239 -0.0081446 4.10788e-05)
(0.000408689 -0.0128533 -0.0154261 -0.0128533 0.000137415 -0.00814329 -0.0154261 -0.00814329 4.17963e-05)
(0.000106268 -0.0128283 -0.0154189 -0.0128283 7.41977e-05 -0.0081448 -0.0154189 -0.0081448 4.03464e-05)
(-7.43453e-05 -0.0128179 -0.0154578 -0.0128179 7.61296e-05 -0.0081137 -0.0154578 -0.0081137 6.7456e-05)
(0.000164527 -0.0128196 -0.0154213 -0.0128196 0.000115403 -0.00814864 -0.0154213 -0.00814864 3.94015e-05)
(0.000118768 -0.0128196 -0.0154145 -0.0128196 9.15891e-05 -0.00815145 -0.0154145 -0.00815145 6.24294e-05)
(0.000597662 -0.0128619 -0.0154368 -0.0128619 0.000114005 -0.00814272 -0.0154368 -0.00814272 3.09133e-05)
(0.000670635 -0.0128749 -0.015244 -0.0128749 0.000108644 -0.00814147 -0.015244 -0.00814147 0.000120973)
(1.85616e-05 -0.0127912 -0.0154255 -0.0127912 2.78635e-05 -0.00811874 -0.0154255 -0.00811874 6.33852e-05)
(9.97014e-05 -0.0128066 -0.0154246 -0.0128066 6.92964e-05 -0.00814655 -0.0154246 -0.00814655 4.36831e-05)
(5.72307e-06 -0.0128013 -0.0154399 -0.0128013 4.10536e-05 -0.00812184 -0.0154399 -0.00812184 5.42152e-05)
(7.34295e-05 -0.0127981 -0.0154237 -0.0127981 3.03982e-05 -0.00813488 -0.0154237 -0.00813488 3.93652e-05)
(0.000100143 -0.0127983 -0.0154074 -0.0127983 2.62588e-05 -0.00812625 -0.0154074 -0.00812625 7.37986e-05)
(-9.50409e-05 -0.0128175 -0.0154547 -0.0128175 8.29562e-05 -0.00810934 -0.0154547 -0.00810934 7.45156e-05)
(-0.000143584 -0.0128537 -0.0154084 -0.0128537 0.000123406 -0.00812125 -0.0154084 -0.00812125 8.49784e-05)
(2.61166e-05 -0.0127866 -0.0154301 -0.0127866 2.01252e-05 -0.00812994 -0.0154301 -0.00812994 4.21696e-05)
(2.98818e-05 -0.012801 -0.015435 -0.012801 3.69791e-05 -0.00811135 -0.015435 -0.00811135 8.2179e-05)
(8.20739e-05 -0.0127931 -0.0154263 -0.0127931 3.80788e-05 -0.00813972 -0.0154263 -0.00813972 5.85376e-05)
(0.000221904 -0.0128535 -0.0153502 -0.0128535 0.000109155 -0.00812083 -0.0153502 -0.00812083 0.000100735)
(-0.000108 -0.012818 -0.0154646 -0.012818 8.98191e-05 -0.00809483 -0.0154646 -0.00809483 9.01136e-05)
(0.000116958 -0.012824 -0.0154215 -0.012824 9.7375e-05 -0.00815151 -0.0154215 -0.00815151 4.01882e-05)
(2.11489e-06 -0.0127988 -0.0154374 -0.0127988 5.35312e-05 -0.00811691 -0.0154374 -0.00811691 6.51798e-05)
(2.80311e-06 -0.0127943 -0.0154301 -0.0127943 3.26068e-05 -0.00811552 -0.0154301 -0.00811552 7.33815e-05)
(7.93326e-05 -0.0127992 -0.0154243 -0.0127992 4.05745e-05 -0.00813911 -0.0154243 -0.00813911 5.81825e-05)
(7.22679e-05 -0.0127973 -0.0154148 -0.0127973 2.93395e-05 -0.00813436 -0.0154148 -0.00813436 6.50992e-05)
(4.16519e-05 -0.0127903 -0.0154329 -0.0127903 2.03071e-05 -0.00812926 -0.0154329 -0.00812926 4.1698e-05)
(0.000120799 -0.0128123 -0.0154207 -0.0128123 9.21315e-05 -0.008149 -0.0154207 -0.008149 4.71066e-05)
(6.3251e-05 -0.0127956 -0.015419 -0.0127956 2.5234e-05 -0.00812019 -0.015419 -0.00812019 8.10726e-05)
(0.00020723 -0.0128267 -0.0154148 -0.0128267 0.000120138 -0.00814573 -0.0154148 -0.00814573 4.76248e-05)
(-3.49002e-05 -0.0128115 -0.0154512 -0.0128115 6.10909e-05 -0.0081031 -0.0154512 -0.0081031 8.41332e-05)
(0.000285709 -0.0128538 -0.0154356 -0.0128538 0.000136202 -0.00814845 -0.0154356 -0.00814845 2.93313e-05)
(1.14381e-05 -0.012805 -0.0154453 -0.012805 7.57549e-05 -0.0081102 -0.0154453 -0.0081102 7.95023e-05)
(-0.000104951 -0.0128142 -0.0154542 -0.0128142 8.97315e-05 -0.0081044 -0.0154542 -0.0081044 8.17333e-05)
(1.98559e-05 -0.0127995 -0.0154407 -0.0127995 2.8657e-05 -0.00811955 -0.0154407 -0.00811955 5.53123e-05)
(-0.00014028 -0.012824 -0.015471 -0.012824 8.96706e-05 -0.00809409 -0.015471 -0.00809409 9.12066e-05)
(0.000154818 -0.0128297 -0.015398 -0.0128297 0.000104277 -0.00815189 -0.015398 -0.00815189 0.000116371)
(5.95677e-06 -0.0128061 -0.0154444 -0.0128061 4.73497e-05 -0.00811531 -0.0154444 -0.00811531 6.27977e-05)
(4.31097e-05 -0.0127909 -0.0154261 -0.0127909 2.31743e-05 -0.00812613 -0.0154261 -0.00812613 8.37534e-05)
(9.89965e-05 -0.0128099 -0.0154163 -0.0128099 5.08606e-05 -0.00814646 -0.0154163 -0.00814646 7.0097e-05)
(0.00010542 -0.0128155 -0.0154229 -0.0128155 7.66362e-05 -0.00814279 -0.0154229 -0.00814279 4.17313e-05)
(2.85206e-06 -0.0128039 -0.0154455 -0.0128039 3.43476e-05 -0.00811323 -0.0154455 -0.00811323 6.67495e-05)
(4.45802e-05 -0.0128005 -0.0154282 -0.0128005 3.82282e-05 -0.00810885 -0.0154282 -0.00810885 0.000100948)
(0.000105269 -0.0128122 -0.0154138 -0.0128122 4.13546e-05 -0.00814016 -0.0154138 -0.00814016 5.42141e-05)
(4.26901e-05 -0.0127931 -0.0154315 -0.0127931 2.07749e-05 -0.00812935 -0.0154315 -0.00812935 3.76414e-05)
(-8.80211e-05 -0.0128145 -0.0154535 -0.0128145 6.56229e-05 -0.00811062 -0.0154535 -0.00811062 7.28984e-05)
(9.93497e-05 -0.0127986 -0.015419 -0.0127986 6.09788e-05 -0.00814996 -0.015419 -0.00814996 8.413e-05)
(0.000372297 -0.0128603 -0.0154295 -0.0128603 0.0001255 -0.00814432 -0.0154295 -0.00814432 3.2252e-05)
(9.99465e-05 -0.0128481 -0.0154121 -0.0128481 0.00011897 -0.00812967 -0.0154121 -0.00812967 8.50087e-05)
(0.000103742 -0.0128004 -0.0154191 -0.0128004 7.07326e-05 -0.0081541 -0.0154191 -0.0081541 8.73599e-05)
(0.000197257 -0.01283 -0.0154348 -0.01283 0.000124346 -0.00814517 -0.0154348 -0.00814517 2.94829e-05)
(-2.91249e-09 -0.0128095 -0.0154472 -0.0128095 5.69008e-05 -0.00811614 -0.0154472 -0.00811614 6.37504e-05)
(5.67669e-05 -0.0127942 -0.01543 -0.0127942 2.4918e-05 -0.008132 -0.01543 -0.008132 3.96187e-05)
(0.000203572 -0.0128484 -0.0154217 -0.0128484 0.000133331 -0.0081479 -0.0154217 -0.0081479 3.4314e-05)
(0.000620901 -0.0128596 -0.015435 -0.0128596 0.000118838 -0.00814177 -0.015435 -0.00814177 3.42394e-05)
(3.4929e-05 -0.0127857 -0.0154298 -0.0127857 2.04526e-05 -0.0081303 -0.0154298 -0.0081303 4.40953e-05)
(2.59243e-06 -0.0127913 -0.0154354 -0.0127913 2.49835e-05 -0.00812458 -0.0154354 -0.00812458 4.92186e-05)
(0.000120027 -0.0128147 -0.0154181 -0.0128147 9.07254e-05 -0.00815219 -0.0154181 -0.00815219 5.56837e-05)
(9.04168e-05 -0.0128006 -0.0154231 -0.0128006 4.95096e-05 -0.00814494 -0.0154231 -0.00814494 5.68709e-05)
(0.00021716 -0.0128484 -0.0153704 -0.0128484 0.000119065 -0.00811737 -0.0153704 -0.00811737 9.41879e-05)
(-4.05016e-05 -0.0128096 -0.0154502 -0.0128096 5.79025e-05 -0.00810081 -0.0154502 -0.00810081 9.99496e-05)
(-1.73782e-05 -0.0128104 -0.0154489 -0.0128104 6.36939e-05 -0.00811328 -0.0154489 -0.00811328 6.94493e-05)
(5.24811e-05 -0.0127955 -0.0154306 -0.0127955 2.90103e-05 -0.00812433 -0.0154306 -0.00812433 4.97126e-05)
(5.50393e-05 -0.0127917 -0.0154211 -0.0127917 2.81332e-05 -0.00813566 -0.0154211 -0.00813566 6.96104e-05)
(3.70595e-05 -0.0127917 -0.0154264 -0.0127917 2.22717e-05 -0.00812245 -0.0154264 -0.00812245 7.76403e-05)
(7.42601e-05 -0.0127983 -0.0154148 -0.0127983 3.39535e-05 -0.00813868 -0.0154148 -0.00813868 6.90531e-05)
(9.92274e-05 -0.0128016 -0.0154285 -0.0128016 7.41034e-05 -0.00814134 -0.0154285 -0.00814134 3.41394e-05)
(6.65385e-05 -0.0127948 -0.0154213 -0.0127948 3.18664e-05 -0.00813808 -0.0154213 -0.00813808 7.32834e-05)
(7.83852e-05 -0.0127981 -0.0154157 -0.0127981 3.0147e-05 -0.00813465 -0.0154157 -0.00813465 8.87255e-05)
(0.000186852 -0.0128232 -0.0154099 -0.0128232 0.000119858 -0.00814693 -0.0154099 -0.00814693 5.66654e-05)
(-2.61489e-05 -0.0128066 -0.0154447 -0.0128066 4.96472e-05 -0.00810764 -0.0154447 -0.00810764 8.62398e-05)
(0.000110057 -0.012829 -0.0154225 -0.012829 9.84106e-05 -0.00814936 -0.0154225 -0.00814936 3.38394e-05)
(0.000122538 -0.0128284 -0.0154243 -0.0128284 0.000107673 -0.00811039 -0.0154243 -0.00811039 8.49133e-05)
(5.77349e-05 -0.0127945 -0.0154191 -0.0127945 2.52234e-05 -0.00812002 -0.0154191 -0.00812002 7.72038e-05)
(3.25389e-05 -0.0127948 -0.0154343 -0.0127948 2.12457e-05 -0.00812336 -0.0154343 -0.00812336 4.79768e-05)
(-0.000130687 -0.0128188 -0.015465 -0.0128188 7.81721e-05 -0.0080972 -0.015465 -0.0080972 9.54749e-05)
(8.18028e-06 -0.0128118 -0.0154514 -0.0128118 6.16173e-05 -0.00810199 -0.0154514 -0.00810199 0.000107002)
(5.11374e-05 -0.0127941 -0.0154263 -0.0127941 2.2271e-05 -0.00812685 -0.0154263 -0.00812685 5.08321e-05)
(-9.32288e-05 -0.0128155 -0.0154571 -0.0128155 6.80803e-05 -0.00810107 -0.0154571 -0.00810107 9.06192e-05)
(4.53633e-05 -0.0127973 -0.0154257 -0.0127973 3.29795e-05 -0.00811314 -0.0154257 -0.00811314 8.36655e-05)
(8.6844e-05 -0.0128063 -0.0154222 -0.0128063 4.59489e-05 -0.00813971 -0.0154222 -0.00813971 5.38408e-05)
(-0.000138806 -0.0128271 -0.0154595 -0.0128271 9.03971e-05 -0.00810504 -0.0154595 -0.00810504 8.00687e-05)
(-0.000155962 -0.0128293 -0.0154544 -0.0128293 0.00010267 -0.00810046 -0.0154544 -0.00810046 8.67637e-05)
(0.000111607 -0.0128103 -0.0154095 -0.0128103 4.54729e-05 -0.0081451 -0.0154095 -0.0081451 8.50099e-05)
(0.00010914 -0.0128219 -0.0154281 -0.0128219 9.96441e-05 -0.00814399 -0.0154281 -0.00814399 2.94179e-05)
(-5.37155e-05 -0.0128466 -0.0154082 -0.0128466 0.000118239 -0.00812001 -0.0154082 -0.00812001 8.79533e-05)
(-7.56572e-06 -0.0127994 -0.0154405 -0.0127994 3.37053e-05 -0.00811139 -0.0154405 -0.00811139 9.88014e-05)
(6.47694e-05 -0.0127955 -0.0154237 -0.0127955 4.23974e-05 -0.00811082 -0.0154237 -0.00811082 8.40555e-05)
(6.35023e-05 -0.0127969 -0.0154359 -0.0127969 2.51446e-05 -0.00813199 -0.0154359 -0.00813199 3.91987e-05)
(0.000125156 -0.0127941 -0.0154126 -0.0127941 7.34844e-05 -0.00815192 -0.0154126 -0.00815192 0.000111057)
(0.000212211 -0.0128373 -0.0154373 -0.0128373 0.000128259 -0.00814568 -0.0154373 -0.00814568 2.94393e-05)
(6.93793e-05 -0.0127983 -0.0154221 -0.0127983 2.35584e-05 -0.00812683 -0.0154221 -0.00812683 5.47861e-05)
(6.40024e-05 -0.0127989 -0.0154247 -0.0127989 3.07176e-05 -0.00813541 -0.0154247 -0.00813541 4.21765e-05)
(0.000109867 -0.0128199 -0.0154212 -0.0128199 0.000101966 -0.00815309 -0.0154212 -0.00815309 4.35614e-05)
(0.000815652 -0.0128673 -0.015426 -0.0128673 0.000117752 -0.00814493 -0.015426 -0.00814493 5.86452e-05)
(0.000148536 -0.0128267 -0.0154215 -0.0128267 0.00012071 -0.00815138 -0.0154215 -0.00815138 3.77316e-05)
(4.35352e-05 -0.0127874 -0.0154313 -0.0127874 2.38886e-05 -0.00813227 -0.0154313 -0.00813227 3.73434e-05)
(0.000363517 -0.0128432 -0.0154342 -0.0128432 0.000124335 -0.00814252 -0.0154342 -0.00814252 2.51119e-05)
(0.000103054 -0.012816 -0.0154236 -0.012816 8.2047e-05 -0.00814948 -0.0154236 -0.00814948 3.96556e-05)
(-9.77141e-05 -0.012809 -0.0154458 -0.012809 7.21076e-05 -0.00810202 -0.0154458 -0.00810202 9.57364e-05)
(-6.47137e-05 -0.0128044 -0.0154439 -0.0128044 5.67205e-05 -0.0081043 -0.0154439 -0.0081043 8.91149e-05)
(-0.000112686 -0.0128374 -0.0154342 -0.0128374 0.000112925 -0.00811432 -0.0154342 -0.00811432 8.33354e-05)
(5.33649e-05 -0.0127967 -0.0154343 -0.0127967 2.21077e-05 -0.00812968 -0.0154343 -0.00812968 3.6181e-05)
(0.000119296 -0.0128142 -0.0154178 -0.0128142 9.54949e-05 -0.00815276 -0.0154178 -0.00815276 5.62105e-05)
(-5.94478e-05 -0.0128071 -0.0154478 -0.0128071 5.63625e-05 -0.0081077 -0.0154478 -0.0081077 8.16098e-05)
(-7.71105e-06 -0.0127994 -0.0154377 -0.0127994 4.69446e-05 -0.00811555 -0.0154377 -0.00811555 6.79361e-05)
(0.0001502 -0.0128163 -0.0154284 -0.0128163 0.000111339 -0.00814561 -0.0154284 -0.00814561 3.29001e-05)
(-5.26992e-05 -0.0128052 -0.0154441 -0.0128052 5.48521e-05 -0.00810537 -0.0154441 -0.00810537 9.21085e-05)
(8.80122e-05 -0.0128034 -0.0154175 -0.0128034 5.14307e-05 -0.00814881 -0.0154175 -0.00814881 8.13411e-05)
(5.87965e-05 -0.0127932 -0.0154204 -0.0127932 2.61564e-05 -0.00813259 -0.0154204 -0.00813259 7.70386e-05)
(-7.14443e-05 -0.0128117 -0.0154502 -0.0128117 6.53359e-05 -0.00811058 -0.0154502 -0.00811058 7.80724e-05)
(6.93353e-05 -0.0127985 -0.0154276 -0.0127985 2.86148e-05 -0.00812141 -0.0154276 -0.00812141 5.7474e-05)
(3.20625e-05 -0.0128176 -0.0154498 -0.0128176 9.87009e-05 -0.00810328 -0.0154498 -0.00810328 8.39499e-05)
(1.76685e-05 -0.0127995 -0.0154338 -0.0127995 3.77059e-05 -0.00810953 -0.0154338 -0.00810953 8.72195e-05)
(4.7232e-05 -0.0127931 -0.0154265 -0.0127931 2.1826e-05 -0.00812961 -0.0154265 -0.00812961 4.53649e-05)
(-0.000160169 -0.0128173 -0.0154583 -0.0128173 8.41754e-05 -0.00810045 -0.0154583 -0.00810045 9.14378e-05)
(-0.000188011 -0.0128227 -0.0154624 -0.0128227 0.000104177 -0.00809862 -0.0154624 -0.00809862 8.60677e-05)
(0.000106846 -0.0128157 -0.0154211 -0.0128157 9.34858e-05 -0.00815364 -0.0154211 -0.00815364 4.81865e-05)
(-7.78879e-05 -0.0128113 -0.0154514 -0.0128113 6.1586e-05 -0.00810269 -0.0154514 -0.00810269 9.15745e-05)
(-0.000106833 -0.0128162 -0.0154565 -0.0128162 8.52026e-05 -0.0081037 -0.0154565 -0.0081037 8.28421e-05)
(2.85923e-05 -0.0127919 -0.0154257 -0.0127919 2.85363e-05 -0.00811778 -0.0154257 -0.00811778 7.49508e-05)
(-8.87436e-05 -0.0128167 -0.0154573 -0.0128167 7.43421e-05 -0.00810731 -0.0154573 -0.00810731 7.60892e-05)
(-0.000161186 -0.0128264 -0.0154565 -0.0128264 9.92741e-05 -0.00810314 -0.0154565 -0.00810314 8.4174e-05)
(8.86976e-05 -0.0127977 -0.0154107 -0.0127977 3.10478e-05 -0.0081315 -0.0154107 -0.0081315 0.000112207)
(9.16835e-05 -0.012822 -0.0154274 -0.012822 8.69549e-05 -0.00814396 -0.0154274 -0.00814396 2.94115e-05)
(-0.000150507 -0.0128313 -0.0154529 -0.0128313 0.000100277 -0.00811756 -0.0154529 -0.00811756 7.1025e-05)
(-0.000202093 -0.01283 -0.0154536 -0.01283 0.000108154 -0.00809965 -0.0154536 -0.00809965 8.67297e-05)
(-3.56384e-05 -0.0128246 -0.0154431 -0.0128246 0.000107366 -0.00810994 -0.0154431 -0.00810994 8.27417e-05)
(2.47839e-05 -0.0128002 -0.015442 -0.0128002 4.0724e-05 -0.00812174 -0.015442 -0.00812174 5.84446e-05)
(-3.76951e-05 -0.0128048 -0.0154468 -0.0128048 4.08649e-05 -0.0081101 -0.0154468 -0.0081101 7.87233e-05)
(4.64499e-05 -0.0127936 -0.0154316 -0.0127936 2.16659e-05 -0.00813003 -0.0154316 -0.00813003 3.68356e-05)
(7.45976e-05 -0.0127989 -0.0154227 -0.0127989 2.67522e-05 -0.00813205 -0.0154227 -0.00813205 5.09281e-05)
(0.000112002 -0.0128131 -0.0154104 -0.0128131 7.54642e-05 -0.00815426 -0.0154104 -0.00815426 8.94092e-05)
(-2.23051e-05 -0.0127969 -0.0154327 -0.0127969 4.02599e-05 -0.00811227 -0.0154327 -0.00811227 8.3481e-05)
(0.000315358 -0.0128456 -0.0154097 -0.0128456 0.000134587 -0.00814155 -0.0154097 -0.00814155 5.98226e-05)
(0.000163443 -0.0128376 -0.0154214 -0.0128376 0.000128483 -0.00815081 -0.0154214 -0.00815081 3.58038e-05)
(0.000171448 -0.0128175 -0.0154289 -0.0128175 0.000116642 -0.00814542 -0.0154289 -0.00814542 3.14596e-05)
(0.000174211 -0.0128262 -0.0154266 -0.0128262 0.000121737 -0.00814803 -0.0154266 -0.00814803 3.24392e-05)
(0.000100022 -0.0128275 -0.015427 -0.0128275 9.85753e-05 -0.00814722 -0.015427 -0.00814722 2.90916e-05)
(4.71975e-05 -0.0127916 -0.0154148 -0.0127916 3.08973e-05 -0.00811716 -0.0154148 -0.00811716 8.97135e-05)
(-0.000109259 -0.0128117 -0.0154519 -0.0128117 7.68606e-05 -0.00810578 -0.0154519 -0.00810578 8.10382e-05)
(-9.39398e-05 -0.0128186 -0.0154551 -0.0128186 8.25548e-05 -0.00811055 -0.0154551 -0.00811055 7.54615e-05)
(4.04315e-05 -0.0127919 -0.0154333 -0.0127919 2.03167e-05 -0.00812932 -0.0154333 -0.00812932 3.76165e-05)
(0.000223616 -0.0128349 -0.0154149 -0.0128349 0.000128613 -0.00814674 -0.0154149 -0.00814674 4.51023e-05)
(-6.76647e-05 -0.0128106 -0.0154518 -0.0128106 7.07422e-05 -0.00811319 -0.0154518 -0.00811319 7.28979e-05)
(-0.000128007 -0.0128379 -0.0154487 -0.0128379 0.000108715 -0.00812503 -0.0154487 -0.00812503 6.87901e-05)
(0.000384173 -0.0128445 -0.015443 -0.0128445 0.000122715 -0.00814209 -0.015443 -0.00814209 2.65112e-05)
(-8.54289e-05 -0.0128082 -0.0154478 -0.0128082 6.62718e-05 -0.00810444 -0.0154478 -0.00810444 9.12848e-05)
(6.12807e-06 -0.0127932 -0.0154278 -0.0127932 3.21761e-05 -0.00811433 -0.0154278 -0.00811433 8.539e-05)
(-3.25721e-05 -0.0128043 -0.0154447 -0.0128043 5.82054e-05 -0.00810584 -0.0154447 -0.00810584 8.52385e-05)
(-0.000144684 -0.0128298 -0.0154526 -0.0128298 0.000101809 -0.00811758 -0.0154526 -0.00811758 7.20495e-05)
(-7.36987e-05 -0.0128189 -0.0154536 -0.0128189 9.56316e-05 -0.00810994 -0.0154536 -0.00810994 8.15792e-05)
(0.000112851 -0.0127997 -0.0154104 -0.0127997 2.75739e-05 -0.00812196 -0.0154104 -0.00812196 7.95502e-05)
(2.66752e-05 -0.0127981 -0.0154314 -0.0127981 3.23366e-05 -0.00811221 -0.0154314 -0.00811221 9.3766e-05)
(-1.35901e-05 -0.0127993 -0.0154376 -0.0127993 4.12133e-05 -0.00811439 -0.0154376 -0.00811439 6.54244e-05)
(2.53779e-05 -0.0127902 -0.0154213 -0.0127902 2.60389e-05 -0.00811912 -0.0154213 -0.00811912 8.47126e-05)
(-8.53679e-05 -0.0128116 -0.0154521 -0.0128116 6.66377e-05 -0.0081068 -0.0154521 -0.0081068 8.20425e-05)
(0.000326155 -0.0128392 -0.0154146 -0.0128392 0.000131553 -0.00814168 -0.0154146 -0.00814168 4.62489e-05)
(7.92127e-05 -0.0128005 -0.0154197 -0.0128005 4.55139e-05 -0.0081468 -0.0154197 -0.0081468 7.34222e-05)
(-0.000106836 -0.0128167 -0.015457 -0.0128167 8.76888e-05 -0.00810499 -0.015457 -0.00810499 8.09994e-05)
(-7.6808e-06 -0.0127944 -0.0154301 -0.0127944 3.94464e-05 -0.00811303 -0.0154301 -0.00811303 8.35104e-05)
(-5.3545e-05 -0.0128072 -0.0154494 -0.0128072 5.71796e-05 -0.00810943 -0.0154494 -0.00810943 7.48867e-05)
(-0.000149369 -0.0128262 -0.0154567 -0.0128262 9.65737e-05 -0.00810564 -0.0154567 -0.00810564 8.29226e-05)
(9.1666e-06 -0.0128008 -0.0154313 -0.0128008 4.57232e-05 -0.00810732 -0.0154313 -0.00810732 0.000105154)
(6.68416e-05 -0.012806 -0.0154289 -0.012806 3.69544e-05 -0.00813477 -0.0154289 -0.00813477 3.00299e-05)
(1.88715e-05 -0.0127917 -0.0154348 -0.0127917 2.27761e-05 -0.0081241 -0.0154348 -0.0081241 5.29109e-05)
(-1.35653e-05 -0.0128379 -0.0154124 -0.0128379 0.000110472 -0.00810854 -0.0154124 -0.00810854 9.08227e-05)
(-7.98511e-05 -0.0128234 -0.0154489 -0.0128234 0.000103561 -0.00810864 -0.0154489 -0.00810864 8.39144e-05)
(1.45617e-05 -0.0128011 -0.0154408 -0.0128011 4.55741e-05 -0.00811305 -0.0154408 -0.00811305 7.35674e-05)
(-1.5855e-05 -0.0128013 -0.0154436 -0.0128013 3.38912e-05 -0.00811596 -0.0154436 -0.00811596 6.35585e-05)
(-0.000107786 -0.0128374 -0.0154522 -0.0128374 0.000106408 -0.00813064 -0.0154522 -0.00813064 6.27359e-05)
(6.18367e-05 -0.0127956 -0.0154278 -0.0127956 2.62182e-05 -0.0081327 -0.0154278 -0.0081327 4.41755e-05)
(9.21578e-05 -0.0128022 -0.015419 -0.0128022 3.64346e-05 -0.00813169 -0.015419 -0.00813169 0.000128318)
(-0.000191581 -0.0128219 -0.0154601 -0.0128219 0.000102756 -0.00810011 -0.0154601 -0.00810011 8.64316e-05)
(5.59099e-05 -0.0127952 -0.0154219 -0.0127952 2.97963e-05 -0.00812805 -0.0154219 -0.00812805 0.000113826)
(0.000106966 -0.0128181 -0.0154159 -0.0128181 9.14519e-05 -0.0081545 -0.0154159 -0.0081545 6.48506e-05)
(0.000101559 -0.0127982 -0.0154158 -0.0127982 6.27472e-05 -0.0081529 -0.0154158 -0.0081529 0.000107673)
(4.39783e-05 -0.0127953 -0.0154281 -0.0127953 2.44338e-05 -0.0081206 -0.0154281 -0.0081206 6.79107e-05)
(8.52223e-05 -0.0128119 -0.0154301 -0.0128119 4.81164e-05 -0.0081372 -0.0154301 -0.0081372 2.68737e-05)
(7.75236e-05 -0.0127936 -0.0154123 -0.0127936 2.58146e-05 -0.00812527 -0.0154123 -0.00812527 7.20715e-05)
(-4.00369e-05 -0.012804 -0.0154442 -0.012804 5.61243e-05 -0.00810738 -0.0154442 -0.00810738 8.13692e-05)
(5.31656e-05 -0.0127931 -0.0154246 -0.0127931 2.24615e-05 -0.00812817 -0.0154246 -0.00812817 5.93735e-05)
(4.36094e-05 -0.0127882 -0.0154264 -0.0127882 2.29291e-05 -0.00813205 -0.0154264 -0.00813205 5.79374e-05)
(0.000159715 -0.0128257 -0.0154041 -0.0128257 0.000119483 -0.00814883 -0.0154041 -0.00814883 7.02336e-05)
(5.21905e-05 -0.0127937 -0.0154276 -0.0127937 2.72901e-05 -0.00812295 -0.0154276 -0.00812295 5.96311e-05)
(-6.09127e-05 -0.0128228 -0.0154554 -0.0128228 6.66536e-05 -0.00812513 -0.0154554 -0.00812513 5.32462e-05)
(0.00053649 -0.0128528 -0.0154402 -0.0128528 0.000117712 -0.00814054 -0.0154402 -0.00814054 2.57932e-05)
(6.87204e-05 -0.0127916 -0.0154098 -0.0127916 2.82122e-05 -0.00813189 -0.0154098 -0.00813189 8.12728e-05)
(-0.000143621 -0.012816 -0.0154552 -0.012816 8.94846e-05 -0.00810486 -0.0154552 -0.00810486 8.36456e-05)
(-1.14591e-05 -0.0127989 -0.0154363 -0.0127989 4.6903e-05 -0.00810713 -0.0154363 -0.00810713 8.98804e-05)
(-3.53081e-05 -0.0128088 -0.0154496 -0.0128088 5.89989e-05 -0.00811619 -0.0154496 -0.00811619 6.84906e-05)
(-9.82907e-05 -0.0128249 -0.0154473 -0.0128249 0.000105179 -0.00810614 -0.0154473 -0.00810614 8.52769e-05)
(0.000114672 -0.0128276 -0.0154165 -0.0128276 8.69296e-05 -0.00815026 -0.0154165 -0.00815026 5.52557e-05)
(3.95732e-05 -0.0127986 -0.0154284 -0.0127986 3.38932e-05 -0.00811271 -0.0154284 -0.00811271 9.57207e-05)
(-9.63409e-05 -0.0128118 -0.0154519 -0.0128118 7.32829e-05 -0.00810444 -0.0154519 -0.00810444 7.92307e-05)
(5.25423e-05 -0.0127931 -0.0154215 -0.0127931 2.49474e-05 -0.0081319 -0.0154215 -0.0081319 6.45768e-05)
(-1.23534e-05 -0.0127973 -0.0154392 -0.0127973 3.23372e-05 -0.00811779 -0.0154392 -0.00811779 6.55197e-05)
(0.000141275 -0.0128022 -0.0154039 -0.0128022 8.53266e-05 -0.00815307 -0.0154039 -0.00815307 0.00012168)
(0.000110677 -0.0128257 -0.015418 -0.0128257 9.82797e-05 -0.00815272 -0.015418 -0.00815272 4.85317e-05)
(3.22686e-05 -0.0127996 -0.0154372 -0.0127996 4.20898e-05 -0.00811343 -0.0154372 -0.00811343 7.28067e-05)
(2.13811e-05 -0.0127922 -0.0154221 -0.0127922 3.12455e-05 -0.00811529 -0.0154221 -0.00811529 9.71874e-05)
(-6.20451e-05 -0.0128051 -0.0154465 -0.0128051 5.85386e-05 -0.00810702 -0.0154465 -0.00810702 8.31395e-05)
(-0.000132747 -0.0128247 -0.0154573 -0.0128247 9.25174e-05 -0.00810885 -0.0154573 -0.00810885 8.04276e-05)
(3.46912e-05 -0.0127902 -0.0154187 -0.0127902 2.66513e-05 -0.00812167 -0.0154187 -0.00812167 9.19278e-05)
(7.82619e-05 -0.0128141 -0.0154266 -0.0128141 5.93778e-05 -0.00813935 -0.0154266 -0.00813935 2.90879e-05)
(7.825e-05 -0.0128038 -0.0154257 -0.0128038 4.69755e-05 -0.00814075 -0.0154257 -0.00814075 4.47148e-05)
(-0.000150987 -0.0128204 -0.0154566 -0.0128204 9.80699e-05 -0.00810307 -0.0154566 -0.00810307 8.4411e-05)
(-9.54954e-05 -0.0128239 -0.0154506 -0.0128239 0.000101711 -0.00810953 -0.0154506 -0.00810953 8.19963e-05)
(2.1922e-05 -0.0127979 -0.0154344 -0.0127979 3.30914e-05 -0.00811393 -0.0154344 -0.00811393 7.72681e-05)
(1.57435e-05 -0.0127942 -0.0154365 -0.0127942 2.31488e-05 -0.0081197 -0.0154365 -0.0081197 5.95204e-05)
(-7.76778e-05 -0.0128158 -0.0154546 -0.0128158 7.26448e-05 -0.00811973 -0.0154546 -0.00811973 6.29198e-05)
(7.08583e-05 -0.0127987 -0.0154245 -0.0127987 3.54795e-05 -0.00813812 -0.0154245 -0.00813812 5.0812e-05)
(-6.96382e-05 -0.0128141 -0.0154564 -0.0128141 9.57636e-05 -0.00810014 -0.0154564 -0.00810014 8.64269e-05)
(-2.0259e-05 -0.0127993 -0.0154351 -0.0127993 4.18741e-05 -0.00810917 -0.0154351 -0.00810917 9.44946e-05)
(-0.000143211 -0.0128178 -0.0154606 -0.0128178 8.03033e-05 -0.0080991 -0.0154606 -0.0080991 9.17389e-05)
(-1.51806e-05 -0.012801 -0.0154405 -0.012801 4.81516e-05 -0.00811127 -0.0154405 -0.00811127 7.17539e-05)
(2.7686e-05 -0.0127947 -0.0154282 -0.0127947 3.15654e-05 -0.00812547 -0.0154282 -0.00812547 0.000120384)
(-3.39942e-06 -0.0128018 -0.015441 -0.0128018 4.36715e-05 -0.0081107 -0.015441 -0.0081107 7.90987e-05)
(2.89991e-05 -0.0128051 -0.0154491 -0.0128051 5.41959e-05 -0.00812829 -0.0154491 -0.00812829 5.43338e-05)
(8.56682e-05 -0.0127989 -0.0154162 -0.0127989 2.72248e-05 -0.00813166 -0.0154162 -0.00813166 5.926e-05)
(2.27991e-05 -0.0127937 -0.0154294 -0.0127937 2.7161e-05 -0.00811644 -0.0154294 -0.00811644 7.50669e-05)
(7.3549e-05 -0.0127964 -0.0154241 -0.0127964 3.69118e-05 -0.00813985 -0.0154241 -0.00813985 5.96252e-05)
(4.44834e-05 -0.0127896 -0.015424 -0.0127896 2.69644e-05 -0.00813225 -0.015424 -0.00813225 0.00010403)
(6.81375e-05 -0.0127958 -0.0154165 -0.0127958 3.02e-05 -0.0081365 -0.0154165 -0.0081365 8.20363e-05)
(8.2883e-05 -0.0128048 -0.0154206 -0.0128048 3.51394e-05 -0.0081374 -0.0154206 -0.0081374 4.72184e-05)
(1.7657e-06 -0.0127988 -0.0154439 -0.0127988 2.69106e-05 -0.00812324 -0.0154439 -0.00812324 4.33749e-05)
(7.63194e-05 -0.0127927 -0.0154251 -0.0127927 4.59341e-05 -0.00814666 -0.0154251 -0.00814666 6.62345e-05)
(8.18262e-05 -0.0127889 -0.0154043 -0.0127889 3.4074e-05 -0.00812022 -0.0154043 -0.00812022 8.77186e-05)
(-8.45829e-05 -0.012807 -0.0154473 -0.012807 7.08392e-05 -0.00810592 -0.0154473 -0.00810592 8.52871e-05)
(-5.16488e-05 -0.012802 -0.015441 -0.012802 5.43421e-05 -0.00810635 -0.015441 -0.00810635 8.99906e-05)
(4.16359e-05 -0.0127938 -0.0154277 -0.0127938 2.51111e-05 -0.00812174 -0.0154277 -0.00812174 6.45476e-05)
(-0.000122905 -0.0128155 -0.0154554 -0.0128155 8.76942e-05 -0.00810579 -0.0154554 -0.00810579 8.28878e-05)
(9.46485e-05 -0.0128104 -0.0154166 -0.0128104 4.5489e-05 -0.00814247 -0.0154166 -0.00814247 6.06235e-05)
(-8.83627e-06 -0.0128039 -0.0154421 -0.0128039 5.75856e-05 -0.00810716 -0.0154421 -0.00810716 8.69071e-05)
(-1.87933e-05 -0.0128054 -0.0154415 -0.0128054 4.74927e-05 -0.00810517 -0.0154415 -0.00810517 9.10524e-05)
(4.1043e-05 -0.0127902 -0.0154233 -0.0127902 2.18247e-05 -0.00812807 -0.0154233 -0.00812807 6.32302e-05)
(-5.22094e-07 -0.0127948 -0.0154383 -0.0127948 2.83599e-05 -0.00812199 -0.0154383 -0.00812199 5.62143e-05)
(-8.47303e-05 -0.0128122 -0.0154538 -0.0128122 6.30266e-05 -0.00810171 -0.0154538 -0.00810171 9.39985e-05)
(3.45198e-05 -0.0127947 -0.0154267 -0.0127947 3.46833e-05 -0.00811356 -0.0154267 -0.00811356 7.9812e-05)
(7.78309e-05 -0.0128016 -0.0154222 -0.0128016 2.77231e-05 -0.00813157 -0.0154222 -0.00813157 5.30091e-05)
(6.8124e-05 -0.0127948 -0.015415 -0.0127948 2.98983e-05 -0.00812953 -0.015415 -0.00812953 0.00011325)
(-2.5468e-05 -0.0127954 -0.0154333 -0.0127954 4.1707e-05 -0.00811091 -0.0154333 -0.00811091 8.5206e-05)
(-8.01619e-05 -0.0128152 -0.0154562 -0.0128152 6.74497e-05 -0.00811226 -0.0154562 -0.00811226 7.26557e-05)
(5.42051e-05 -0.0127903 -0.0154222 -0.0127903 2.80141e-05 -0.00813624 -0.0154222 -0.00813624 7.6494e-05)
(8.38096e-05 -0.0128149 -0.0154244 -0.0128149 6.72574e-05 -0.00814493 -0.0154244 -0.00814493 3.58431e-05)
(0.000102093 -0.0128226 -0.0154213 -0.0128226 8.49344e-05 -0.00815065 -0.0154213 -0.00815065 4.54776e-05)
(1.51521e-05 -0.0127961 -0.0154306 -0.0127961 4.29e-05 -0.00810875 -0.0154306 -0.00810875 9.0952e-05)
(-4.83183e-05 -0.0128077 -0.0154511 -0.0128077 6.82322e-05 -0.00811401 -0.0154511 -0.00811401 7.27403e-05)
(5.02023e-05 -0.0127918 -0.0154228 -0.0127918 2.28518e-05 -0.00812736 -0.0154228 -0.00812736 7.3722e-05)
(-9.30693e-05 -0.0128212 -0.0154559 -0.0128212 7.16899e-05 -0.00811542 -0.0154559 -0.00811542 6.29846e-05)
(-2.07109e-05 -0.0128017 -0.015444 -0.0128017 4.16673e-05 -0.00811862 -0.015444 -0.00811862 6.07679e-05)
(6.85443e-05 -0.0127967 -0.0154221 -0.0127967 2.68312e-05 -0.00813263 -0.0154221 -0.00813263 5.82549e-05)
(-1.8262e-05 -0.0128044 -0.0154472 -0.0128044 7.47215e-05 -0.00811042 -0.0154472 -0.00811042 8.17827e-05)
(8.55296e-05 -0.0127999 -0.0154207 -0.0127999 6.04023e-05 -0.00815131 -0.0154207 -0.00815131 7.11843e-05)
(-0.000161988 -0.0128278 -0.0154489 -0.0128278 0.000108102 -0.00810522 -0.0154489 -0.00810522 8.48495e-05)
(-4.04831e-05 -0.0128054 -0.015446 -0.0128054 5.17643e-05 -0.00811356 -0.015446 -0.00811356 6.53868e-05)
(-1.47493e-05 -0.0127945 -0.0154329 -0.0127945 3.26071e-05 -0.00811249 -0.0154329 -0.00811249 9.65068e-05)
(-2.08395e-05 -0.0128026 -0.0154438 -0.0128026 5.41044e-05 -0.00811101 -0.0154438 -0.00811101 7.90822e-05)
(-1.35831e-05 -0.0128179 -0.0154585 -0.0128179 7.81807e-05 -0.00812986 -0.0154585 -0.00812986 6.23882e-05)
(7.49526e-05 -0.0128044 -0.0154269 -0.0128044 3.69404e-05 -0.00813638 -0.0154269 -0.00813638 3.89264e-05)
(2.72134e-05 -0.0127912 -0.0154283 -0.0127912 2.24713e-05 -0.00812086 -0.0154283 -0.00812086 6.72289e-05)
(4.93407e-05 -0.0127916 -0.0154255 -0.0127916 2.21119e-05 -0.00812828 -0.0154255 -0.00812828 6.37293e-05)
(3.21297e-06 -0.012795 -0.015432 -0.012795 3.1687e-05 -0.00811592 -0.015432 -0.00811592 0.000107142)
(-0.000132908 -0.0128226 -0.0154547 -0.0128226 9.5604e-05 -0.00811263 -0.0154547 -0.00811263 7.39832e-05)
(6.87817e-05 -0.0127955 -0.0154202 -0.0127955 2.5244e-05 -0.00813124 -0.0154202 -0.00813124 4.86208e-05)
(1.20632e-05 -0.0127902 -0.0154375 -0.0127902 1.99854e-05 -0.00812565 -0.0154375 -0.00812565 4.24023e-05)
(-0.000153857 -0.0128378 -0.0154289 -0.0128378 0.000116259 -0.00811091 -0.0154289 -0.00811091 8.77222e-05)
(-2.87002e-05 -0.0128056 -0.0154419 -0.0128056 8.40737e-05 -0.00810813 -0.0154419 -0.00810813 8.68545e-05)
(2.13414e-05 -0.01279 -0.0154233 -0.01279 2.72969e-05 -0.00811854 -0.0154233 -0.00811854 7.47761e-05)
(-0.000111576 -0.0128099 -0.0154513 -0.0128099 7.2889e-05 -0.00810393 -0.0154513 -0.00810393 8.73461e-05)
(1.78082e-05 -0.012797 -0.0154379 -0.012797 3.43518e-05 -0.00812227 -0.0154379 -0.00812227 5.92727e-05)
(-7.67979e-05 -0.0128121 -0.0154528 -0.0128121 7.39631e-05 -0.00811437 -0.0154528 -0.00811437 7.31055e-05)
(7.05309e-05 -0.012791 -0.0154128 -0.012791 2.6201e-05 -0.00811958 -0.0154128 -0.00811958 8.04853e-05)
(5.43473e-05 -0.0127932 -0.0154264 -0.0127932 2.29247e-05 -0.00812773 -0.0154264 -0.00812773 5.01554e-05)
(-3.29487e-05 -0.0128051 -0.0154438 -0.0128051 4.58762e-05 -0.00811037 -0.0154438 -0.00811037 7.55214e-05)
(2.56251e-05 -0.0127888 -0.0154231 -0.0127888 2.2787e-05 -0.00812294 -0.0154231 -0.00812294 7.28359e-05)
(-1.47191e-06 -0.0127936 -0.0154352 -0.0127936 2.92076e-05 -0.00811991 -0.0154352 -0.00811991 6.06489e-05)
(-4.00963e-05 -0.0128066 -0.0154466 -0.0128066 5.16906e-05 -0.00810911 -0.0154466 -0.00810911 7.88809e-05)
(-0.000135785 -0.0128253 -0.0154494 -0.0128253 0.00010645 -0.00810793 -0.0154494 -0.00810793 8.22439e-05)
(6.4514e-05 -0.0127974 -0.0154211 -0.0127974 3.20278e-05 -0.00813754 -0.0154211 -0.00813754 5.86313e-05)
(0.000115022 -0.0128123 -0.0154082 -0.0128123 7.1032e-05 -0.00815512 -0.0154082 -0.00815512 0.000102185)
(2.65029e-05 -0.0127853 -0.0154151 -0.0127853 2.42506e-05 -0.00812593 -0.0154151 -0.00812593 8.13222e-05)
(2.38424e-05 -0.0127877 -0.0154318 -0.0127877 1.94662e-05 -0.00812573 -0.0154318 -0.00812573 5.68869e-05)
(-4.43997e-05 -0.0128061 -0.0154479 -0.0128061 4.93301e-05 -0.00810704 -0.0154479 -0.00810704 8.24917e-05)
(2.5789e-05 -0.0127905 -0.0154254 -0.0127905 2.39728e-05 -0.00812147 -0.0154254 -0.00812147 5.81583e-05)
(9.56973e-05 -0.0128174 -0.0154194 -0.0128174 6.42902e-05 -0.00814947 -0.0154194 -0.00814947 5.28879e-05)
(7.48816e-05 -0.0127944 -0.0154122 -0.0127944 2.49225e-05 -0.0081254 -0.0154122 -0.0081254 8.55492e-05)
(-2.15821e-05 -0.0128011 -0.0154421 -0.0128011 4.85016e-05 -0.00811447 -0.0154421 -0.00811447 7.1345e-05)
(9.08141e-05 -0.0128085 -0.0154216 -0.0128085 7.16963e-05 -0.00815161 -0.0154216 -0.00815161 5.63865e-05)
(-0.000112662 -0.0128213 -0.0154555 -0.0128213 7.83235e-05 -0.00811488 -0.0154555 -0.00811488 6.57946e-05)
(-3.86277e-05 -0.012806 -0.0154473 -0.012806 4.61908e-05 -0.00811588 -0.0154473 -0.00811588 6.44822e-05)
(5.61903e-05 -0.0127929 -0.0154216 -0.0127929 2.33432e-05 -0.00812958 -0.0154216 -0.00812958 6.09795e-05)
(7.19337e-05 -0.0127936 -0.0154141 -0.0127936 2.58247e-05 -0.00812196 -0.0154141 -0.00812196 8.79164e-05)
(0.000113601 -0.012816 -0.0154167 -0.012816 9.44975e-05 -0.00815321 -0.0154167 -0.00815321 5.78386e-05)
(-0.00010879 -0.0128131 -0.0154543 -0.0128131 8.04825e-05 -0.00810405 -0.0154543 -0.00810405 8.40257e-05)
(4.53922e-05 -0.0127893 -0.0154222 -0.0127893 2.58422e-05 -0.00813329 -0.0154222 -0.00813329 8.81304e-05)
(-1.95472e-05 -0.0127976 -0.0154367 -0.0127976 3.71546e-05 -0.00811443 -0.0154367 -0.00811443 7.28316e-05)
(-3.27545e-05 -0.0128037 -0.0154437 -0.0128037 5.67941e-05 -0.00810745 -0.0154437 -0.00810745 8.64523e-05)
(2.73228e-05 -0.0127998 -0.0154448 -0.0127998 3.52374e-05 -0.00812913 -0.0154448 -0.00812913 4.74412e-05)
