/*--------------------------------*- C++ -*----------------------------------*\
  =========                 |
  \\      /  F ield         | OpenFOAM: The Open Source CFD Toolbox
   \\    /   O peration     | Website:  https://openfoam.org
    \\  /    A nd           | Version:  10
     \\/     M anipulation  |
\*---------------------------------------------------------------------------*/
FoamFile
{
    format      ascii;
    class       volTensorField;
    location    "30";
    object      TauNN;
}
// * * * * * * * * * * * * * * * * * * * * * * * * * * * * * * * * * * * * * //

dimensions      [0 2 -2 0 0 0 0];

internalField   nonuniform List<tensor> 
25600
(
(0.00150314 -0.0129783 -0.0151319 -0.0129783 0.000158205 -0.00815113 -0.0151319 -0.00815113 0.000116221)
(0.00149374 -0.0129768 -0.0151327 -0.0129768 0.000158097 -0.00815025 -0.0151327 -0.00815025 0.000116326)
(0.00148312 -0.0129762 -0.0151349 -0.0129762 0.000158539 -0.00814993 -0.0151349 -0.00814993 0.000116639)
(0.00147269 -0.0129828 -0.015135 -0.0129828 0.000160799 -0.00815416 -0.015135 -0.00815416 0.000113315)
(0.00147851 -0.0129841 -0.0151336 -0.0129841 0.000160809 -0.008155 -0.0151336 -0.008155 0.000112408)
(0.00149315 -0.012982 -0.015133 -0.012982 0.000160018 -0.0081537 -0.015133 -0.0081537 0.000113282)
(0.00148132 -0.0129795 -0.0151355 -0.0129795 0.000159801 -0.00815205 -0.0151355 -0.00815205 0.000115056)
(0.00148827 -0.0129811 -0.0151341 -0.0129811 0.000159931 -0.00815303 -0.0151341 -0.00815303 0.000114223)
(0.00149272 -0.0129776 -0.015134 -0.0129776 0.000158631 -0.0081507 -0.015134 -0.0081507 0.000116207)
(0.00148083 -0.0129756 -0.0151353 -0.0129756 0.000158367 -0.00814946 -0.0151353 -0.00814946 0.000117103)
(0.00149892 -0.0129772 -0.0151319 -0.0129772 0.000157848 -0.00815038 -0.0151319 -0.00815038 0.000116677)
(0.00147773 -0.0129751 -0.0151353 -0.0129751 0.000158551 -0.00814935 -0.0151353 -0.00814935 0.000116067)
(0.00147484 -0.0129783 -0.0151354 -0.0129783 0.000159554 -0.00815132 -0.0151354 -0.00815132 0.000115198)
(0.0014893 -0.0129799 -0.0151344 -0.0129799 0.000159534 -0.00815223 -0.0151344 -0.00815223 0.000115108)
(0.0014689 -0.012976 -0.0151389 -0.012976 0.000159658 -0.00814995 -0.0151389 -0.00814995 0.000116298)
(0.00147171 -0.0129769 -0.0151385 -0.0129769 0.000159646 -0.00815039 -0.0151385 -0.00815039 0.000116658)
(0.00146128 -0.012978 -0.0151403 -0.012978 0.000160645 -0.0081512 -0.0151403 -0.0081512 0.000115784)
(0.00146858 -0.0129786 -0.0151371 -0.0129786 0.000160173 -0.00815159 -0.0151371 -0.00815159 0.000114808)
(0.00148265 -0.0129731 -0.0151323 -0.0129731 0.000156842 -0.0081479 -0.0151323 -0.0081479 0.000117776)
(0.00148623 -0.0129793 -0.0151356 -0.0129793 0.00015947 -0.00815175 -0.0151356 -0.00815175 0.00011623)
(0.00148033 -0.0129778 -0.0151371 -0.0129778 0.000159557 -0.00815093 -0.0151371 -0.00815093 0.000116132)
(0.00146626 -0.0129791 -0.0151386 -0.0129791 0.000160555 -0.00815184 -0.0151386 -0.00815184 0.000115267)
(0.0014786 -0.0129816 -0.0151354 -0.0129816 0.000160506 -0.00815339 -0.0151354 -0.00815339 0.000113836)
(0.00148456 -0.0129812 -0.0151346 -0.0129812 0.000160153 -0.00815313 -0.0151346 -0.00815313 0.000113991)
(0.00147311 -0.0129783 -0.0151384 -0.0129783 0.000160034 -0.00815122 -0.0151384 -0.00815122 0.000116184)
(0.00148506 -0.0129797 -0.0151351 -0.0129797 0.000159809 -0.00815221 -0.0151351 -0.00815221 0.000114703)
(0.00146591 -0.0129757 -0.0151399 -0.0129757 0.000159964 -0.00814983 -0.0151399 -0.00814983 0.000115826)
(0.00147829 -0.0129713 -0.015135 -0.0129713 0.000156638 -0.00814662 -0.015135 -0.00814662 0.000119185)
(0.00148659 -0.0129787 -0.0151342 -0.0129787 0.000159037 -0.0081514 -0.0151342 -0.0081514 0.000116084)
(0.00149051 -0.0129792 -0.0151345 -0.0129792 0.000159254 -0.00815174 -0.0151345 -0.00815174 0.000115729)
(0.00147877 -0.0129749 -0.0151373 -0.0129749 0.000158632 -0.00814905 -0.0151373 -0.00814905 0.000117277)
(0.00146608 -0.0129765 -0.0151393 -0.0129765 0.000159906 -0.00815026 -0.0151393 -0.00815026 0.000116277)
(0.00148235 -0.0129758 -0.0151343 -0.0129758 0.000158218 -0.00814962 -0.0151343 -0.00814962 0.000116912)
(0.00147373 -0.0129791 -0.0151367 -0.0129791 0.0001599 -0.00815171 -0.0151367 -0.00815171 0.00011583)
(0.00148189 -0.0129826 -0.0151364 -0.0129826 0.000160807 -0.00815396 -0.0151364 -0.00815396 0.000114334)
(0.0014909 -0.0129791 -0.0151359 -0.0129791 0.000159516 -0.00815168 -0.0151359 -0.00815168 0.00011594)
(0.0014322 -0.0129766 -0.0151474 -0.0129766 0.000162636 -0.0081509 -0.0151474 -0.0081509 0.000114813)
(0.00145221 -0.0129728 -0.0151424 -0.0129728 0.000159756 -0.00814818 -0.0151424 -0.00814818 0.000117057)
(0.0014891 -0.0129752 -0.0151322 -0.0129752 0.0001573 -0.00814906 -0.0151322 -0.00814906 0.000117668)
(0.00149581 -0.0129799 -0.0151331 -0.0129799 0.000159105 -0.00815214 -0.0151331 -0.00815214 0.000115405)
(-0.000117788 -0.0128286 -0.0154533 -0.0128286 0.000100244 -0.00811354 -0.0154533 -0.00811354 7.63041e-05)
(-0.000113712 -0.0128219 -0.0154566 -0.0128219 8.58664e-05 -0.00811183 -0.0154566 -0.00811183 7.29697e-05)
(3.21062e-06 -0.0127999 -0.0154401 -0.0127999 4.56707e-05 -0.00811532 -0.0154401 -0.00811532 6.49998e-05)
(6.69149e-05 -0.0128027 -0.0154351 -0.0128027 4.89141e-05 -0.00810912 -0.0154351 -0.00810912 7.33094e-05)
(0.000280706 -0.0128602 -0.0153386 -0.0128602 9.75224e-05 -0.00811959 -0.0153386 -0.00811959 0.000103718)
(0.000378522 -0.0128619 -0.0153047 -0.0128619 0.000102055 -0.00812769 -0.0153047 -0.00812769 0.000109576)
(3.16249e-05 -0.0127979 -0.0154339 -0.0127979 2.71884e-05 -0.00811774 -0.0154339 -0.00811774 6.19733e-05)
(-0.000108874 -0.0128252 -0.0154595 -0.0128252 9.24908e-05 -0.00810455 -0.0154595 -0.00810455 8.17061e-05)
(1.24502e-05 -0.0128001 -0.0154416 -0.0128001 3.29148e-05 -0.00811684 -0.0154416 -0.00811684 6.32601e-05)
(0.000115228 -0.0128181 -0.0154216 -0.0128181 9.12451e-05 -0.00814994 -0.0154216 -0.00814994 4.27451e-05)
(6.11883e-05 -0.0127963 -0.0154264 -0.0127963 2.57736e-05 -0.00813172 -0.0154264 -0.00813172 4.88945e-05)
(-0.000146461 -0.0128315 -0.0154413 -0.0128315 0.000110404 -0.00810459 -0.0154413 -0.00810459 8.70437e-05)
(7.45029e-05 -0.0127987 -0.0154165 -0.0127987 2.91406e-05 -0.00813389 -0.0154165 -0.00813389 6.86208e-05)
(0.000113311 -0.012815 -0.0154205 -0.012815 7.47166e-05 -0.00814165 -0.0154205 -0.00814165 4.8289e-05)
(-7.57508e-05 -0.0128176 -0.0154563 -0.0128176 7.68205e-05 -0.00810622 -0.0154563 -0.00810622 7.6189e-05)
(5.79124e-05 -0.0127959 -0.0154247 -0.0127959 2.35412e-05 -0.00813007 -0.0154247 -0.00813007 4.86149e-05)
(8.56172e-05 -0.0128085 -0.0154228 -0.0128085 4.2292e-05 -0.00813624 -0.0154228 -0.00813624 4.91626e-05)
(6.33862e-05 -0.0128011 -0.0154277 -0.0128011 2.84106e-05 -0.00811729 -0.0154277 -0.00811729 7.67752e-05)
(0.000187733 -0.0128333 -0.0154178 -0.0128333 0.000129729 -0.00815075 -0.0154178 -0.00815075 4.19539e-05)
(7.33837e-05 -0.0128051 -0.0154267 -0.0128051 3.64516e-05 -0.00813397 -0.0154267 -0.00813397 3.64372e-05)
(5.54353e-05 -0.012799 -0.0154299 -0.012799 2.31295e-05 -0.00812389 -0.0154299 -0.00812389 5.26918e-05)
(7.55196e-05 -0.0128021 -0.0154211 -0.0128021 2.86922e-05 -0.00813193 -0.0154211 -0.00813193 5.57324e-05)
(-8.91747e-05 -0.0128327 -0.0154516 -0.0128327 0.00010086 -0.00810406 -0.0154516 -0.00810406 8.48128e-05)
(-0.00013325 -0.0128421 -0.0154391 -0.0128421 0.000105633 -0.00810802 -0.0154391 -0.00810802 8.70387e-05)
(0.000113624 -0.0128156 -0.0154225 -0.0128156 8.17813e-05 -0.00814366 -0.0154225 -0.00814366 4.12835e-05)
(-6.84031e-05 -0.012816 -0.015458 -0.012816 7.57679e-05 -0.00810548 -0.015458 -0.00810548 7.88344e-05)
(0.000247701 -0.0128338 -0.0154185 -0.0128338 0.000123878 -0.00814526 -0.0154185 -0.00814526 4.15154e-05)
(9.77474e-05 -0.0128162 -0.0154233 -0.0128162 6.7212e-05 -0.00814577 -0.0154233 -0.00814577 3.81852e-05)
(-0.000107968 -0.0128251 -0.0154539 -0.0128251 0.00010025 -0.00811108 -0.0154539 -0.00811108 7.64843e-05)
(5.48224e-05 -0.0127957 -0.0154294 -0.0127957 2.35053e-05 -0.00812964 -0.0154294 -0.00812964 4.22338e-05)
(0.000190852 -0.0128281 -0.0154233 -0.0128281 0.000119342 -0.00814702 -0.0154233 -0.00814702 3.58173e-05)
(5.39806e-05 -0.0127991 -0.0154296 -0.0127991 2.65264e-05 -0.00811926 -0.0154296 -0.00811926 6.00094e-05)
(5.34002e-05 -0.0127946 -0.0154232 -0.0127946 2.24133e-05 -0.00812495 -0.0154232 -0.00812495 5.63292e-05)
(0.000167743 -0.0128379 -0.0154212 -0.0128379 0.000125237 -0.00815025 -0.0154212 -0.00815025 3.69696e-05)
(7.98598e-06 -0.0128065 -0.0154497 -0.0128065 5.49476e-05 -0.00811342 -0.0154497 -0.00811342 6.47231e-05)
(6.38719e-05 -0.0127959 -0.0154316 -0.0127959 3.10038e-05 -0.00813004 -0.0154316 -0.00813004 3.73065e-05)
(0.000232915 -0.0128358 -0.0154239 -0.0128358 0.000128041 -0.00814835 -0.0154239 -0.00814835 3.53159e-05)
(0.000614002 -0.0128632 -0.0154347 -0.0128632 0.000119161 -0.00814354 -0.0154347 -0.00814354 3.60405e-05)
(9.54328e-05 -0.0128084 -0.0154194 -0.0128084 3.92849e-05 -0.00813817 -0.0154194 -0.00813817 5.31378e-05)
(-9.06472e-05 -0.0128216 -0.0154577 -0.0128216 9.25782e-05 -0.0081068 -0.0154577 -0.0081068 8.01862e-05)
(-2.13538e-07 -0.0128048 -0.0154487 -0.0128048 4.59509e-05 -0.00811665 -0.0154487 -0.00811665 6.18413e-05)
(3.83652e-05 -0.0127938 -0.0154327 -0.0127938 2.03347e-05 -0.00812552 -0.0154327 -0.00812552 4.55748e-05)
(-9.22086e-05 -0.0128178 -0.0154561 -0.0128178 8.34337e-05 -0.00811123 -0.0154561 -0.00811123 7.18855e-05)
(8.82209e-05 -0.0128063 -0.0154174 -0.0128063 3.72417e-05 -0.00813846 -0.0154174 -0.00813846 5.66758e-05)
(0.000108711 -0.0128183 -0.0154134 -0.0128183 6.05865e-05 -0.00814968 -0.0154134 -0.00814968 7.83945e-05)
(-9.79688e-05 -0.0128187 -0.0154582 -0.0128187 7.51067e-05 -0.00810274 -0.0154582 -0.00810274 8.187e-05)
(5.37379e-05 -0.0127916 -0.0154241 -0.0127916 3.01169e-05 -0.0081376 -0.0154241 -0.0081376 5.80233e-05)
(1.23705e-05 -0.0128004 -0.0154368 -0.0128004 4.12234e-05 -0.00810965 -0.0154368 -0.00810965 8.09727e-05)
(-6.69583e-05 -0.0128177 -0.0154577 -0.0128177 6.83553e-05 -0.00811174 -0.0154577 -0.00811174 7.00225e-05)
(0.000135814 -0.0128217 -0.0154213 -0.0128217 0.000110911 -0.00815178 -0.0154213 -0.00815178 3.96864e-05)
(0.000118479 -0.0128288 -0.0154263 -0.0128288 0.000104792 -0.00814715 -0.0154263 -0.00814715 3.54644e-05)
(-6.05662e-05 -0.0128351 -0.0154236 -0.0128351 0.000113527 -0.00810647 -0.0154236 -0.00810647 8.85577e-05)
(8.04619e-05 -0.0127992 -0.0154201 -0.0127992 4.52249e-05 -0.00814816 -0.0154201 -0.00814816 9.40637e-05)
(0.000122916 -0.012822 -0.0154153 -0.012822 8.79146e-05 -0.00814787 -0.0154153 -0.00814787 5.80252e-05)
(-0.000174413 -0.0128306 -0.0154499 -0.0128306 0.000107254 -0.00810507 -0.0154499 -0.00810507 8.37283e-05)
(5.70666e-05 -0.0127935 -0.0154235 -0.0127935 3.33645e-05 -0.00813925 -0.0154235 -0.00813925 5.37044e-05)
(-3.14437e-05 -0.0128053 -0.015445 -0.0128053 5.85599e-05 -0.00810935 -0.015445 -0.00810935 7.68764e-05)
(3.96324e-05 -0.0127938 -0.0154245 -0.0127938 2.54852e-05 -0.0081193 -0.0154245 -0.0081193 8.22158e-05)
(0.000180927 -0.0128297 -0.0154138 -0.0128297 0.000128552 -0.00815085 -0.0154138 -0.00815085 5.03744e-05)
(4.62947e-05 -0.0127944 -0.0154286 -0.0127944 2.42548e-05 -0.00812362 -0.0154286 -0.00812362 5.16831e-05)
(-7.74343e-05 -0.0128173 -0.0154576 -0.0128173 7.97614e-05 -0.00810649 -0.0154576 -0.00810649 7.70445e-05)
(6.42354e-05 -0.0127956 -0.0154178 -0.0127956 2.33117e-05 -0.00812703 -0.0154178 -0.00812703 5.86481e-05)
(5.27165e-05 -0.0127971 -0.0154279 -0.0127971 3.84137e-05 -0.00811018 -0.0154279 -0.00811018 8.02694e-05)
(-0.000129967 -0.0128251 -0.0154592 -0.0128251 8.82616e-05 -0.00810561 -0.0154592 -0.00810561 7.7969e-05)
(8.86317e-05 -0.0128062 -0.0154243 -0.0128062 5.5845e-05 -0.00814169 -0.0154243 -0.00814169 4.64233e-05)
(-0.000147445 -0.0128287 -0.0154556 -0.0128287 9.95365e-05 -0.00810319 -0.0154556 -0.00810319 8.40929e-05)
(7.22788e-05 -0.0127978 -0.0154256 -0.0127978 2.92897e-05 -0.00813078 -0.0154256 -0.00813078 8.80803e-05)
(-5.23672e-05 -0.0128137 -0.0154505 -0.0128137 8.69607e-05 -0.0081191 -0.0154505 -0.0081191 6.6323e-05)
(-0.000137497 -0.0128327 -0.0154439 -0.0128327 0.000115616 -0.00811683 -0.0154439 -0.00811683 7.47823e-05)
(0.000110911 -0.0128054 -0.0154259 -0.0128054 8.62447e-05 -0.00814538 -0.0154259 -0.00814538 3.51908e-05)
(0.000107113 -0.0128134 -0.0154207 -0.0128134 7.57508e-05 -0.0081461 -0.0154207 -0.0081461 5.0858e-05)
(-0.000109032 -0.0128246 -0.0154551 -0.0128246 9.91268e-05 -0.00810869 -0.0154551 -0.00810869 7.90095e-05)
(-0.000108396 -0.0128192 -0.0154553 -0.0128192 8.28596e-05 -0.00810967 -0.0154553 -0.00810967 7.37345e-05)
(0.000148037 -0.0128309 -0.0154152 -0.0128309 0.000124031 -0.00815264 -0.0154152 -0.00815264 4.6942e-05)
(4.84709e-05 -0.0127938 -0.0154258 -0.0127938 2.10121e-05 -0.00812523 -0.0154258 -0.00812523 5.2532e-05)
(0.000159976 -0.012818 -0.0154297 -0.012818 0.00011027 -0.0081426 -0.0154297 -0.0081426 3.13166e-05)
(8.25785e-05 -0.0128006 -0.0154255 -0.0128006 5.43935e-05 -0.00814755 -0.0154255 -0.00814755 6.37621e-05)
(0.000235347 -0.0128485 -0.0154232 -0.0128485 0.000131701 -0.00814733 -0.0154232 -0.00814733 3.48458e-05)
(0.000105874 -0.0128088 -0.0154154 -0.0128088 3.6355e-05 -0.00813703 -0.0154154 -0.00813703 5.61549e-05)
(-9.99828e-05 -0.0128224 -0.0154535 -0.0128224 0.000100371 -0.00810459 -0.0154535 -0.00810459 8.34889e-05)
(0.00010346 -0.0128067 -0.0154249 -0.0128067 7.89551e-05 -0.00814475 -0.0154249 -0.00814475 4.02846e-05)
(0.000185577 -0.0128314 -0.015434 -0.0128314 0.000121596 -0.00814497 -0.015434 -0.00814497 2.92237e-05)
(3.05245e-05 -0.012803 -0.0154421 -0.012803 4.15553e-05 -0.00811364 -0.0154421 -0.00811364 6.72473e-05)
(-2.26713e-05 -0.0128017 -0.0154407 -0.0128017 5.33697e-05 -0.00811294 -0.0154407 -0.00811294 8.02146e-05)
(0.000142549 -0.0128309 -0.0154064 -0.0128309 0.000123463 -0.00815188 -0.0154064 -0.00815188 6.39138e-05)
(8.36118e-05 -0.0127995 -0.0154232 -0.0127995 4.60825e-05 -0.00814534 -0.0154232 -0.00814534 7.01325e-05)
(6.33635e-05 -0.0127943 -0.0154231 -0.0127943 4.019e-05 -0.00814432 -0.0154231 -0.00814432 6.35279e-05)
(8.31072e-05 -0.0128018 -0.0154158 -0.0128018 3.81665e-05 -0.00814197 -0.0154158 -0.00814197 7.88566e-05)
(-6.81421e-05 -0.0128147 -0.0154548 -0.0128147 6.1503e-05 -0.00811351 -0.0154548 -0.00811351 6.77394e-05)
(8.23663e-05 -0.0127997 -0.0154243 -0.0127997 4.46537e-05 -0.00814323 -0.0154243 -0.00814323 5.50322e-05)
(0.00012202 -0.012836 -0.0154307 -0.012836 0.000114082 -0.00814702 -0.0154307 -0.00814702 3.42299e-05)
(7.40403e-05 -0.0127968 -0.0154165 -0.0127968 2.89028e-05 -0.00813181 -0.0154165 -0.00813181 9.78182e-05)
(1.43269e-05 -0.0128044 -0.0154412 -0.0128044 4.23238e-05 -0.00810547 -0.0154412 -0.00810547 0.000101839)
(-2.25807e-05 -0.0128034 -0.0154425 -0.0128034 5.86778e-05 -0.0081055 -0.0154425 -0.0081055 8.80536e-05)
(5.22634e-05 -0.0127921 -0.0154214 -0.0127921 2.39832e-05 -0.00812912 -0.0154214 -0.00812912 6.59226e-05)
(0.000179859 -0.0128269 -0.0154181 -0.0128269 0.000127897 -0.00815077 -0.0154181 -0.00815077 4.24135e-05)
(-5.74013e-05 -0.0128057 -0.0154441 -0.0128057 6.45396e-05 -0.00810875 -0.0154441 -0.00810875 8.1369e-05)
(9.13049e-05 -0.0127971 -0.015422 -0.0127971 5.78813e-05 -0.00815133 -0.015422 -0.00815133 7.43572e-05)
(8.57477e-05 -0.012802 -0.0154167 -0.012802 3.75504e-05 -0.00814096 -0.0154167 -0.00814096 7.80967e-05)
(-3.2814e-05 -0.0128051 -0.0154461 -0.0128051 7.2305e-05 -0.00811165 -0.0154461 -0.00811165 7.50217e-05)
(-1.21224e-05 -0.0128023 -0.0154416 -0.0128023 4.58944e-05 -0.00810983 -0.0154416 -0.00810983 7.43259e-05)
(2.47799e-05 -0.0127966 -0.0154293 -0.0127966 3.4669e-05 -0.00811435 -0.0154293 -0.00811435 7.36911e-05)
(0.000121369 -0.0128321 -0.0154132 -0.0128321 0.000109995 -0.00815299 -0.0154132 -0.00815299 5.44396e-05)
(3.668e-05 -0.0127912 -0.0154282 -0.0127912 2.02946e-05 -0.00812497 -0.0154282 -0.00812497 5.82373e-05)
(8.58851e-05 -0.0128055 -0.0154231 -0.0128055 5.31792e-05 -0.00814391 -0.0154231 -0.00814391 5.21502e-05)
(-9.79324e-05 -0.0128166 -0.0154595 -0.0128166 8.28577e-05 -0.00810155 -0.0154595 -0.00810155 8.44774e-05)
(-0.000159897 -0.0128239 -0.0154647 -0.0128239 9.33734e-05 -0.00809773 -0.0154647 -0.00809773 8.83127e-05)
(0.000440453 -0.0128622 -0.0153196 -0.0128622 0.000109237 -0.00813551 -0.0153196 -0.00813551 0.000110222)
(-0.000173666 -0.0128367 -0.0154453 -0.0128367 0.000116314 -0.00811969 -0.0154453 -0.00811969 7.03106e-05)
(5.84763e-05 -0.0127873 -0.0154296 -0.0127873 3.18744e-05 -0.00813661 -0.0154296 -0.00813661 4.01198e-05)
(3.45113e-05 -0.0127952 -0.0154305 -0.0127952 3.05681e-05 -0.00811665 -0.0154305 -0.00811665 7.32526e-05)
(3.91547e-05 -0.0127998 -0.0154368 -0.0127998 4.41774e-05 -0.0081149 -0.0154368 -0.0081149 7.1316e-05)
(-0.000171049 -0.0128315 -0.0154528 -0.0128315 0.000101362 -0.00811002 -0.0154528 -0.00811002 7.79106e-05)
(7.87339e-05 -0.0127987 -0.0154164 -0.0127987 4.36653e-05 -0.00814717 -0.0154164 -0.00814717 8.64597e-05)
(5.3743e-05 -0.0127936 -0.0154203 -0.0127936 2.69138e-05 -0.00813466 -0.0154203 -0.00813466 5.91796e-05)
(0.000184907 -0.012822 -0.0154268 -0.012822 0.000118122 -0.00814596 -0.0154268 -0.00814596 3.28264e-05)
(-0.0001771 -0.0128234 -0.0154611 -0.0128234 9.37252e-05 -0.00810038 -0.0154611 -0.00810038 8.40105e-05)
(9.01236e-06 -0.0128004 -0.0154382 -0.0128004 4.95114e-05 -0.00810977 -0.0154382 -0.00810977 8.08025e-05)
(0.000119366 -0.0128127 -0.0154124 -0.0128127 3.94366e-05 -0.00813782 -0.0154124 -0.00813782 6.18193e-05)
(-9.07642e-05 -0.0128136 -0.0154575 -0.0128136 8.7968e-05 -0.00810004 -0.0154575 -0.00810004 8.75134e-05)
(0.000185702 -0.0128193 -0.0154233 -0.0128193 0.000118616 -0.00814741 -0.0154233 -0.00814741 3.67876e-05)
(0.000197002 -0.0128371 -0.0154385 -0.0128371 0.000124477 -0.00814473 -0.0154385 -0.00814473 3.00859e-05)
(6.21453e-05 -0.0127993 -0.0154315 -0.0127993 3.38393e-05 -0.00811524 -0.0154315 -0.00811524 7.29143e-05)
(-2.60652e-05 -0.012801 -0.015442 -0.012801 5.31376e-05 -0.0081108 -0.015442 -0.0081108 8.40322e-05)
(9.46788e-05 -0.012804 -0.0154125 -0.012804 5.35765e-05 -0.0081529 -0.0154125 -0.0081529 0.000101)
(1.58166e-05 -0.0127951 -0.015431 -0.0127951 2.83069e-05 -0.00811519 -0.015431 -0.00811519 7.88166e-05)
(-6.86866e-05 -0.0128087 -0.0154481 -0.0128087 5.95448e-05 -0.00810655 -0.0154481 -0.00810655 8.25267e-05)
(8.53307e-05 -0.0128007 -0.0154132 -0.0128007 3.73398e-05 -0.00814207 -0.0154132 -0.00814207 9.04678e-05)
(2.60614e-05 -0.0127876 -0.0154302 -0.0127876 1.96544e-05 -0.00812638 -0.0154302 -0.00812638 5.51559e-05)
(-5.08267e-05 -0.0128139 -0.0154521 -0.0128139 6.01908e-05 -0.00810865 -0.0154521 -0.00810865 7.52077e-05)
(0.000109431 -0.012829 -0.0154284 -0.012829 0.000102827 -0.00814589 -0.0154284 -0.00814589 3.37778e-05)
(0.000127669 -0.012824 -0.0154121 -0.012824 0.000104086 -0.00815348 -0.0154121 -0.00815348 6.15293e-05)
(1.47247e-05 -0.0128035 -0.0154395 -0.0128035 4.61816e-05 -0.00810468 -0.0154395 -0.00810468 8.89105e-05)
(-0.000160771 -0.0128208 -0.0154534 -0.0128208 0.000102085 -0.00810759 -0.0154534 -0.00810759 8.17241e-05)
(1.00944e-05 -0.0127933 -0.0154319 -0.0127933 2.65324e-05 -0.0081189 -0.0154319 -0.0081189 6.79941e-05)
(5.48481e-05 -0.0127923 -0.0154184 -0.0127923 2.48833e-05 -0.00812948 -0.0154184 -0.00812948 6.99067e-05)
(3.70093e-05 -0.0127914 -0.0154194 -0.0127914 2.9057e-05 -0.00811735 -0.0154194 -0.00811735 8.25262e-05)
(9.35472e-05 -0.0127986 -0.0154235 -0.0127986 6.50216e-05 -0.00815135 -0.0154235 -0.00815135 6.10125e-05)
(-4.53831e-05 -0.0128105 -0.0154506 -0.0128105 7.44255e-05 -0.00810566 -0.0154506 -0.00810566 8.36869e-05)
(5.46784e-05 -0.0127943 -0.0154225 -0.0127943 2.95718e-05 -0.00811632 -0.0154225 -0.00811632 7.09046e-05)
(8.29398e-05 -0.0128069 -0.015424 -0.0128069 5.91693e-05 -0.00814618 -0.015424 -0.00814618 4.7734e-05)
(5.71616e-05 -0.0127915 -0.0154171 -0.0127915 2.92531e-05 -0.00813517 -0.0154171 -0.00813517 7.64154e-05)
(0.000115084 -0.0128263 -0.0154144 -0.0128263 0.000106653 -0.00815408 -0.0154144 -0.00815408 5.50885e-05)
(4.7278e-05 -0.0127902 -0.0154265 -0.0127902 2.41056e-05 -0.00813259 -0.0154265 -0.00813259 4.81238e-05)
(4.32305e-05 -0.0127916 -0.015421 -0.0127916 2.36725e-05 -0.0081219 -0.015421 -0.0081219 7.34492e-05)
(4.66693e-05 -0.0127946 -0.0154248 -0.0127946 2.76598e-05 -0.00811611 -0.0154248 -0.00811611 7.90379e-05)
(-0.000128571 -0.0128186 -0.0154624 -0.0128186 8.9098e-05 -0.00809831 -0.0154624 -0.00809831 8.94907e-05)
(0.000321793 -0.0128548 -0.0153551 -0.0128548 0.000103034 -0.00812778 -0.0153551 -0.00812778 0.000104947)
(-0.000187599 -0.0128378 -0.015447 -0.0128378 0.000109811 -0.00811607 -0.015447 -0.00811607 7.05747e-05)
(-7.29987e-05 -0.0128168 -0.0154511 -0.0128168 6.0077e-05 -0.00811732 -0.0154511 -0.00811732 5.80395e-05)
(-8.53032e-05 -0.0128254 -0.0154484 -0.0128254 0.000104427 -0.00811421 -0.0154484 -0.00811421 7.84685e-05)
(9.26424e-05 -0.012813 -0.0154209 -0.012813 5.6651e-05 -0.00814535 -0.0154209 -0.00814535 5.17539e-05)
(-2.59378e-05 -0.0128054 -0.0154448 -0.0128054 4.59219e-05 -0.00811393 -0.0154448 -0.00811393 6.94273e-05)
(-3.6088e-05 -0.0128025 -0.0154393 -0.0128025 4.91028e-05 -0.00810628 -0.0154393 -0.00810628 9.5523e-05)
(4.30202e-05 -0.0127891 -0.0154181 -0.0127891 2.62426e-05 -0.00813431 -0.0154181 -0.00813431 7.34816e-05)
(0.000118101 -0.0128132 -0.0154195 -0.0128132 9.93812e-05 -0.00815111 -0.0154195 -0.00815111 4.98564e-05)
(0.000251183 -0.0128507 -0.0153532 -0.0128507 0.000115093 -0.00812157 -0.0153532 -0.00812157 9.88455e-05)
(-0.000116661 -0.012831 -0.0154386 -0.012831 0.000112127 -0.00811077 -0.0154386 -0.00811077 8.45883e-05)
(0.000112614 -0.0128027 -0.0154125 -0.0128027 2.72761e-05 -0.00812619 -0.0154125 -0.00812619 6.97036e-05)
(6.54285e-05 -0.0127972 -0.0154199 -0.0127972 3.10677e-05 -0.00812031 -0.0154199 -0.00812031 0.000110136)
(9.59191e-05 -0.0127961 -0.0154267 -0.0127961 6.82303e-05 -0.00814516 -0.0154267 -0.00814516 4.41685e-05)
(7.00109e-05 -0.012804 -0.0154312 -0.012804 3.82839e-05 -0.00813419 -0.0154312 -0.00813419 3.20609e-05)
(3.37939e-05 -0.0127967 -0.0154347 -0.0127967 4.8876e-05 -0.00810867 -0.0154347 -0.00810867 8.85238e-05)
(4.5716e-05 -0.0127899 -0.0154206 -0.0127899 2.35923e-05 -0.00812826 -0.0154206 -0.00812826 8.44427e-05)
(0.000104489 -0.0128088 -0.0154107 -0.0128088 6.73463e-05 -0.00815614 -0.0154107 -0.00815614 9.7407e-05)
(2.56976e-05 -0.0127914 -0.0154244 -0.0127914 2.62003e-05 -0.00811895 -0.0154244 -0.00811895 7.60784e-05)
(-0.000193117 -0.0128264 -0.0154572 -0.0128264 0.000100994 -0.00810246 -0.0154572 -0.00810246 8.49344e-05)
(3.65059e-05 -0.0127945 -0.0154226 -0.0127945 3.08222e-05 -0.00811694 -0.0154226 -0.00811694 0.000105399)
(8.19388e-05 -0.012798 -0.0154254 -0.012798 5.61611e-05 -0.00814641 -0.0154254 -0.00814641 5.22701e-05)
(-8.64391e-05 -0.0128169 -0.0154553 -0.0128169 6.87008e-05 -0.00810759 -0.0154553 -0.00810759 7.75732e-05)
(8.04965e-05 -0.0128088 -0.0154255 -0.0128088 5.36011e-05 -0.0081415 -0.0154255 -0.0081415 4.1138e-05)
(0.000108208 -0.0128164 -0.0154182 -0.0128164 8.56183e-05 -0.00815408 -0.0154182 -0.00815408 5.66546e-05)
(6.69021e-05 -0.0127949 -0.0154172 -0.0127949 2.80426e-05 -0.00813416 -0.0154172 -0.00813416 7.07101e-05)
(1.78588e-05 -0.0127922 -0.015427 -0.0127922 3.24436e-05 -0.00811875 -0.015427 -0.00811875 7.41579e-05)
(-0.000158633 -0.0128284 -0.0154553 -0.0128284 9.59605e-05 -0.00810967 -0.0154553 -0.00810967 7.81553e-05)
(-0.000179245 -0.0128322 -0.0154464 -0.0128322 0.000109481 -0.00810715 -0.0154464 -0.00810715 8.34364e-05)
(-1.29122e-05 -0.0127998 -0.0154342 -0.0127998 4.49347e-05 -0.00810698 -0.0154342 -0.00810698 9.86662e-05)
(2.27037e-05 -0.0127913 -0.0154305 -0.0127913 2.39421e-05 -0.00812428 -0.0154305 -0.00812428 5.46726e-05)
(-9.30768e-05 -0.012819 -0.0154547 -0.012819 9.27222e-05 -0.00810826 -0.0154547 -0.00810826 8.15045e-05)
(6.66057e-05 -0.0127966 -0.0154182 -0.0127966 2.42415e-05 -0.00812608 -0.0154182 -0.00812608 7.55922e-05)
(9.75332e-05 -0.012808 -0.015426 -0.012808 7.89672e-05 -0.00814559 -0.015426 -0.00814559 3.58947e-05)
(0.000322024 -0.0128456 -0.0154181 -0.0128456 0.000133963 -0.00814339 -0.0154181 -0.00814339 4.39814e-05)
(8.27392e-05 -0.0128022 -0.0154127 -0.0128022 3.62812e-05 -0.00814087 -0.0154127 -0.00814087 7.66654e-05)
(4.53719e-05 -0.0127917 -0.0154267 -0.0127917 2.27647e-05 -0.00813121 -0.0154267 -0.00813121 4.37575e-05)
(-0.000170904 -0.0128191 -0.015456 -0.0128191 9.80441e-05 -0.00810366 -0.015456 -0.00810366 8.44458e-05)
(4.57124e-05 -0.012791 -0.01542 -0.012791 2.26726e-05 -0.00812231 -0.01542 -0.00812231 7.4799e-05)
(7.17545e-05 -0.0127953 -0.0154149 -0.0127953 2.80202e-05 -0.00812762 -0.0154149 -0.00812762 0.000101116)
(6.47577e-05 -0.0128013 -0.0154397 -0.0128013 4.82326e-05 -0.0081152 -0.0154397 -0.0081152 7.21968e-05)
(-4.07587e-05 -0.0128125 -0.0154522 -0.0128125 5.83352e-05 -0.00811031 -0.0154522 -0.00811031 6.6226e-05)
(-0.000109061 -0.0128232 -0.0154539 -0.0128232 7.51473e-05 -0.00811671 -0.0154539 -0.00811671 6.05345e-05)
(-6.99491e-05 -0.0128378 -0.0154327 -0.0128378 0.000116454 -0.00811945 -0.0154327 -0.00811945 7.96257e-05)
(7.71793e-05 -0.0127997 -0.0154174 -0.0127997 3.63471e-05 -0.00814071 -0.0154174 -0.00814071 7.09658e-05)
(8.32288e-05 -0.0128016 -0.0154249 -0.0128016 5.85717e-05 -0.00814737 -0.0154249 -0.00814737 4.96007e-05)
(-5.4562e-05 -0.0128096 -0.0154501 -0.0128096 6.01157e-05 -0.00810199 -0.0154501 -0.00810199 0.000100778)
(4.019e-05 -0.0127881 -0.0154204 -0.0127881 2.7097e-05 -0.00813577 -0.0154204 -0.00813577 7.48238e-05)
(7.79123e-05 -0.0127981 -0.0154142 -0.0127981 3.89368e-05 -0.00814485 -0.0154142 -0.00814485 0.000102227)
(3.83081e-05 -0.0128387 -0.0154132 -0.0128387 0.000118439 -0.00811809 -0.0154132 -0.00811809 8.70137e-05)
(-0.000120036 -0.0128161 -0.0154529 -0.0128161 7.59646e-05 -0.00811079 -0.0154529 -0.00811079 7.70587e-05)
(8.31415e-05 -0.0127964 -0.015422 -0.0127964 2.7751e-05 -0.00812226 -0.015422 -0.00812226 6.72105e-05)
(0.000119605 -0.0128079 -0.0154071 -0.0128079 6.51644e-05 -0.00815488 -0.0154071 -0.00815488 0.000129407)
(3.71958e-05 -0.0127903 -0.0154316 -0.0127903 1.85742e-05 -0.00812675 -0.0154316 -0.00812675 4.60799e-05)
(-6.96922e-06 -0.012806 -0.0154513 -0.012806 6.35772e-05 -0.00812043 -0.0154513 -0.00812043 6.6027e-05)
(3.00882e-05 -0.0127912 -0.0154226 -0.0127912 3.65946e-05 -0.00811266 -0.0154226 -0.00811266 9.59055e-05)
(3.40162e-05 -0.0127893 -0.0154226 -0.0127893 2.47436e-05 -0.00812555 -0.0154226 -0.00812555 9.44313e-05)
(7.43345e-05 -0.0127946 -0.0154115 -0.0127946 3.34822e-05 -0.00813925 -0.0154115 -0.00813925 9.57861e-05)
(6.87736e-05 -0.0127982 -0.0154199 -0.0127982 3.72209e-05 -0.00814148 -0.0154199 -0.00814148 6.03809e-05)
(-0.000123737 -0.0128167 -0.0154577 -0.0128167 7.91611e-05 -0.00810283 -0.0154577 -0.00810283 8.64596e-05)
(-4.69152e-05 -0.0128086 -0.0154495 -0.0128086 5.51308e-05 -0.00810334 -0.0154495 -0.00810334 0.000104705)
(7.23117e-05 -0.0127965 -0.0154254 -0.0127965 4.68268e-05 -0.00814447 -0.0154254 -0.00814447 5.46932e-05)
(-4.48339e-05 -0.0128088 -0.0154485 -0.0128088 5.28191e-05 -0.00810492 -0.0154485 -0.00810492 9.02577e-05)
(1.7306e-05 -0.0127963 -0.0154345 -0.0127963 3.34448e-05 -0.00811683 -0.0154345 -0.00811683 6.87347e-05)
(0.000119421 -0.0128256 -0.0154202 -0.0128256 0.000111656 -0.00815313 -0.0154202 -0.00815313 4.39805e-05)
(-3.00211e-06 -0.0127962 -0.0154302 -0.0127962 4.36876e-05 -0.00810872 -0.0154302 -0.00810872 9.32543e-05)
(8.45615e-05 -0.0128003 -0.015415 -0.0128003 3.43756e-05 -0.00813873 -0.015415 -0.00813873 7.31456e-05)
(-9.58568e-05 -0.0128215 -0.0154564 -0.0128215 8.29896e-05 -0.00811968 -0.0154564 -0.00811968 6.47052e-05)
(-0.000126656 -0.0128207 -0.0154572 -0.0128207 8.72888e-05 -0.00810655 -0.0154572 -0.00810655 7.86199e-05)
(-0.000110057 -0.0128131 -0.0154558 -0.0128131 7.50668e-05 -0.00809926 -0.0154558 -0.00809926 9.51659e-05)
(-8.17281e-05 -0.0128166 -0.0154534 -0.0128166 7.26324e-05 -0.00811738 -0.0154534 -0.00811738 6.61127e-05)
(-3.77035e-05 -0.012807 -0.0154466 -0.012807 6.57676e-05 -0.0081086 -0.0154466 -0.0081086 8.24016e-05)
(-2.97606e-05 -0.0128058 -0.0154461 -0.0128058 5.59138e-05 -0.00810228 -0.0154461 -0.00810228 9.25972e-05)
(4.32421e-05 -0.0127844 -0.0154316 -0.0127844 2.54526e-05 -0.00813343 -0.0154316 -0.00813343 3.54985e-05)
(0.000185805 -0.0128291 -0.0154003 -0.0128291 0.00012828 -0.00814575 -0.0154003 -0.00814575 7.41192e-05)
(9.47493e-05 -0.0127945 -0.015406 -0.0127945 2.67274e-05 -0.00812213 -0.015406 -0.00812213 8.74563e-05)
(9.36027e-05 -0.0128159 -0.015426 -0.0128159 8.15307e-05 -0.00814573 -0.015426 -0.00814573 3.27518e-05)
(-0.000176043 -0.0128224 -0.0154538 -0.0128224 0.000107651 -0.00810511 -0.0154538 -0.00810511 8.31616e-05)
(-1.27412e-05 -0.0127922 -0.0154293 -0.0127922 3.37959e-05 -0.00811433 -0.0154293 -0.00811433 8.19512e-05)
(7.4892e-05 -0.0127959 -0.0154138 -0.0127959 3.42875e-05 -0.00814063 -0.0154138 -0.00814063 0.000104239)
(8.26024e-05 -0.0127989 -0.0154323 -0.0127989 3.57742e-05 -0.00812004 -0.0154323 -0.00812004 6.90896e-05)
(5.91453e-05 -0.0127958 -0.0154269 -0.0127958 2.49099e-05 -0.00813029 -0.0154269 -0.00813029 5.56488e-05)
(3.69231e-05 -0.0127897 -0.0154291 -0.0127897 1.97617e-05 -0.00812851 -0.0154291 -0.00812851 4.45539e-05)
(-9.21059e-05 -0.0128147 -0.0154524 -0.0128147 7.33856e-05 -0.00811348 -0.0154524 -0.00811348 7.18935e-05)
(-6.04296e-05 -0.012806 -0.0154455 -0.012806 5.87417e-05 -0.00810682 -0.0154455 -0.00810682 8.66655e-05)
(0.000186826 -0.0128271 -0.0154179 -0.0128271 0.00012398 -0.00814853 -0.0154179 -0.00814853 4.08064e-05)
(5.17659e-05 -0.0128041 -0.015434 -0.0128041 3.86038e-05 -0.00812449 -0.015434 -0.00812449 0.000126488)
(7.68005e-05 -0.0127992 -0.0154212 -0.0127992 5.26938e-05 -0.00815029 -0.0154212 -0.00815029 7.85484e-05)
(4.29296e-05 -0.0127974 -0.0154234 -0.0127974 3.813e-05 -0.00811771 -0.0154234 -0.00811771 0.000118953)
(1.85987e-05 -0.0127925 -0.0154301 -0.0127925 3.17204e-05 -0.00811924 -0.0154301 -0.00811924 6.64712e-05)
(1.73374e-05 -0.0127888 -0.0154263 -0.0127888 2.36415e-05 -0.00812196 -0.0154263 -0.00812196 7.57914e-05)
(6.67909e-05 -0.0127937 -0.0154227 -0.0127937 2.50272e-05 -0.00812424 -0.0154227 -0.00812424 6.34481e-05)
(0.000118773 -0.0128102 -0.0154045 -0.0128102 8.10028e-05 -0.00815459 -0.0154045 -0.00815459 0.000114721)
(3.40078e-05 -0.0127929 -0.0154293 -0.0127929 2.05248e-05 -0.00812328 -0.0154293 -0.00812328 5.39727e-05)
(-3.66223e-05 -0.0128096 -0.0154529 -0.0128096 7.66897e-05 -0.00812003 -0.0154529 -0.00812003 6.97743e-05)
(6.13919e-05 -0.0127913 -0.0154108 -0.0127913 3.12842e-05 -0.0081382 -0.0154108 -0.0081382 9.74552e-05)
(-1.38453e-05 -0.0127943 -0.0154315 -0.0127943 3.56628e-05 -0.00811445 -0.0154315 -0.00811445 9.05943e-05)
(4.48524e-05 -0.0127944 -0.0154207 -0.0127944 3.10417e-05 -0.00811784 -0.0154207 -0.00811784 0.000104332)
(8.59723e-05 -0.0128086 -0.0154201 -0.0128086 5.8787e-05 -0.00814958 -0.0154201 -0.00814958 5.9693e-05)
(-2.27239e-05 -0.0127987 -0.0154371 -0.0127987 4.24827e-05 -0.00811083 -0.0154371 -0.00811083 8.45961e-05)
(-4.25903e-05 -0.0128059 -0.0154466 -0.0128059 4.86556e-05 -0.00810593 -0.0154466 -0.00810593 0.00010597)
(4.18227e-05 -0.0127888 -0.0154255 -0.0127888 2.46526e-05 -0.00813403 -0.0154255 -0.00813403 5.55636e-05)
(-0.000112548 -0.0128159 -0.0154579 -0.0128159 7.70807e-05 -0.00810061 -0.0154579 -0.00810061 9.00664e-05)
(-8.62526e-05 -0.0128123 -0.0154533 -0.0128123 6.83689e-05 -0.00810879 -0.0154533 -0.00810879 7.762e-05)
(7.91524e-05 -0.0128023 -0.0154206 -0.0128023 4.09241e-05 -0.00814172 -0.0154206 -0.00814172 5.81831e-05)
(-6.4565e-05 -0.0128081 -0.01545 -0.0128081 7.72776e-05 -0.00810286 -0.01545 -0.00810286 8.87939e-05)
(4.01313e-05 -0.0127947 -0.0154236 -0.0127947 3.3981e-05 -0.00811291 -0.0154236 -0.00811291 8.57085e-05)
(-6.32715e-05 -0.0128168 -0.0154551 -0.0128168 7.37921e-05 -0.00812348 -0.0154551 -0.00812348 6.05496e-05)
(-2.24105e-05 -0.0128061 -0.0154461 -0.0128061 4.99944e-05 -0.00811417 -0.0154461 -0.00811417 6.8217e-05)
(-3.84832e-05 -0.0128038 -0.0154421 -0.0128038 5.37678e-05 -0.00810417 -0.0154421 -0.00810417 9.43695e-05)
(-0.000146472 -0.0128243 -0.0154552 -0.0128243 9.32172e-05 -0.00811177 -0.0154552 -0.00811177 7.4934e-05)
(-3.95139e-06 -0.0128018 -0.0154378 -0.0128018 5.14556e-05 -0.00810991 -0.0154378 -0.00810991 8.60115e-05)
(-0.000193936 -0.0128249 -0.0154603 -0.0128249 0.000103312 -0.0080988 -0.0154603 -0.0080988 8.52433e-05)
(-3.38164e-05 -0.0128046 -0.0154464 -0.0128046 3.96623e-05 -0.00811977 -0.0154464 -0.00811977 5.35985e-05)
(-0.000153806 -0.0128198 -0.0154593 -0.0128198 9.92369e-05 -0.00810058 -0.0154593 -0.00810058 8.78033e-05)
(5.67101e-05 -0.012791 -0.0154142 -0.012791 3.27579e-05 -0.00811482 -0.0154142 -0.00811482 9.22968e-05)
(9.79762e-05 -0.0128179 -0.0154251 -0.0128179 8.49907e-05 -0.00814775 -0.0154251 -0.00814775 3.68015e-05)
(5.82265e-06 -0.0127971 -0.0154301 -0.0127971 4.87199e-05 -0.00810763 -0.0154301 -0.00810763 9.09158e-05)
(-1.55944e-05 -0.0127898 -0.015426 -0.0127898 3.09196e-05 -0.00811565 -0.015426 -0.00811565 8.85186e-05)
(-7.13756e-05 -0.012807 -0.0154483 -0.012807 7.01499e-05 -0.0081038 -0.0154483 -0.0081038 9.07485e-05)
(2.23316e-05 -0.0128077 -0.0154505 -0.0128077 7.19987e-05 -0.00811407 -0.0154505 -0.00811407 8.11095e-05)
(4.5045e-05 -0.0127897 -0.0154294 -0.0127897 2.11395e-05 -0.00812679 -0.0154294 -0.00812679 6.9251e-05)
(9.12887e-05 -0.0128048 -0.0154263 -0.0128048 6.76305e-05 -0.0081455 -0.0154263 -0.0081455 3.82353e-05)
(4.97686e-05 -0.012794 -0.0154245 -0.012794 2.2664e-05 -0.00812352 -0.0154245 -0.00812352 5.92555e-05)
(-0.000159109 -0.0128202 -0.0154572 -0.0128202 8.75243e-05 -0.0081057 -0.0154572 -0.0081057 8.10777e-05)
(0.00010575 -0.0128026 -0.0154169 -0.0128026 7.21939e-05 -0.00815309 -0.0154169 -0.00815309 8.15734e-05)
(6.53024e-05 -0.0128015 -0.0154269 -0.0128015 3.52699e-05 -0.00812606 -0.0154269 -0.00812606 0.000123998)
(1.34233e-05 -0.0127978 -0.0154326 -0.0127978 3.48898e-05 -0.00811025 -0.0154326 -0.00811025 0.000100788)
(-6.09581e-05 -0.0128065 -0.01545 -0.0128065 7.20484e-05 -0.00809908 -0.01545 -0.00809908 9.76958e-05)
(6.53904e-05 -0.0127953 -0.0154175 -0.0127953 3.02121e-05 -0.00813691 -0.0154175 -0.00813691 7.50098e-05)
(-4.18146e-05 -0.0128064 -0.0154458 -0.0128064 5.11115e-05 -0.00810535 -0.0154458 -0.00810535 8.95479e-05)
(2.6693e-05 -0.0127966 -0.0154324 -0.0127966 4.39885e-05 -0.0081135 -0.0154324 -0.0081135 8.15155e-05)
(7.38349e-05 -0.0127991 -0.0154176 -0.0127991 4.30684e-05 -0.00814674 -0.0154176 -0.00814674 8.36025e-05)
(1.94137e-05 -0.0127927 -0.0154311 -0.0127927 2.4877e-05 -0.00812231 -0.0154311 -0.00812231 5.20033e-05)
(2.29052e-05 -0.0127907 -0.0154306 -0.0127907 2.97017e-05 -0.0081228 -0.0154306 -0.0081228 6.23681e-05)
(8.44703e-05 -0.0128018 -0.0154129 -0.0128018 5.02445e-05 -0.0081507 -0.0154129 -0.0081507 9.35343e-05)
(-6.89849e-06 -0.0127924 -0.0154312 -0.0127924 3.42754e-05 -0.00811962 -0.0154312 -0.00811962 7.27497e-05)
(-7.69966e-06 -0.012803 -0.015439 -0.012803 4.63252e-05 -0.00810701 -0.015439 -0.00810701 0.000102777)
(9.27118e-05 -0.0128116 -0.0154191 -0.0128116 6.69071e-05 -0.00815134 -0.0154191 -0.00815134 6.17548e-05)
(2.13029e-05 -0.0127902 -0.0154223 -0.0127902 2.8054e-05 -0.00811861 -0.0154223 -0.00811861 8.62781e-05)
(2.1901e-05 -0.0127906 -0.0154267 -0.0127906 2.65959e-05 -0.00812284 -0.0154267 -0.00812284 0.000103067)
(3.22918e-05 -0.0127876 -0.0154255 -0.0127876 2.11229e-05 -0.00812921 -0.0154255 -0.00812921 5.58897e-05)
(-7.45914e-05 -0.0128108 -0.0154513 -0.0128108 6.80361e-05 -0.00811027 -0.0154513 -0.00811027 7.71106e-05)
(-1.79277e-05 -0.0127994 -0.0154394 -0.0127994 3.81805e-05 -0.00811284 -0.0154394 -0.00811284 7.67233e-05)
(-3.38709e-05 -0.0128108 -0.0154532 -0.0128108 7.73666e-05 -0.00811646 -0.0154532 -0.00811646 7.5982e-05)
(5.92958e-05 -0.0127909 -0.0154161 -0.0127909 2.41192e-05 -0.00812539 -0.0154161 -0.00812539 7.24955e-05)
(-1.08521e-05 -0.0128001 -0.0154402 -0.0128001 5.69368e-05 -0.00810839 -0.0154402 -0.00810839 8.11547e-05)
(-3.9094e-05 -0.0128111 -0.0154512 -0.0128111 6.0481e-05 -0.00812035 -0.0154512 -0.00812035 6.11939e-05)
(1.55544e-05 -0.0127946 -0.0154364 -0.0127946 2.69164e-05 -0.00812401 -0.0154364 -0.00812401 5.26261e-05)
(4.48499e-05 -0.0127914 -0.0154192 -0.0127914 2.4696e-05 -0.0081218 -0.0154192 -0.0081218 8.72749e-05)
(-0.000147364 -0.0128232 -0.0154556 -0.0128232 9.32621e-05 -0.0081102 -0.0154556 -0.0081102 7.6627e-05)
(3.94662e-05 -0.0127935 -0.0154236 -0.0127935 3.19617e-05 -0.00811632 -0.0154236 -0.00811632 8.27809e-05)
(-0.000182181 -0.0128266 -0.0154536 -0.0128266 0.000108478 -0.00810171 -0.0154536 -0.00810171 8.4863e-05)
(-0.000136758 -0.0128239 -0.0154565 -0.0128239 8.13835e-05 -0.00811282 -0.0154565 -0.00811282 6.92871e-05)
(9.94112e-05 -0.0128347 -0.0154093 -0.0128347 0.0001118 -0.00811484 -0.0154093 -0.00811484 9.0158e-05)
(-2.09641e-05 -0.0127962 -0.0154316 -0.0127962 4.53141e-05 -0.00810824 -0.0154316 -0.00810824 9.47318e-05)
(1.71664e-05 -0.0127911 -0.0154289 -0.0127911 2.9945e-05 -0.00812184 -0.0154289 -0.00812184 6.32492e-05)
(8.55579e-05 -0.0127962 -0.0154098 -0.0127962 2.8142e-05 -0.00812926 -0.0154098 -0.00812926 9.3678e-05)
(3.97415e-05 -0.0127881 -0.0154155 -0.0127881 2.5753e-05 -0.0081297 -0.0154155 -0.0081297 9.54074e-05)
(-7.46652e-05 -0.0128252 -0.0154449 -0.0128252 0.000106344 -0.00810767 -0.0154449 -0.00810767 8.37397e-05)
(6.53743e-05 -0.0127936 -0.0154211 -0.0127936 2.54883e-05 -0.00812249 -0.0154211 -0.00812249 7.21909e-05)
(-8.99608e-05 -0.0128161 -0.0154558 -0.0128161 6.23425e-05 -0.00810655 -0.0154558 -0.00810655 7.95987e-05)
(4.09987e-05 -0.0127888 -0.0154284 -0.0127888 2.38324e-05 -0.00813272 -0.0154284 -0.00813272 3.93525e-05)
(6.89838e-05 -0.012799 -0.015422 -0.012799 2.43688e-05 -0.00812984 -0.015422 -0.00812984 4.80589e-05)
(-5.04909e-05 -0.0128057 -0.0154449 -0.0128057 5.18634e-05 -0.00810845 -0.0154449 -0.00810845 8.10234e-05)
(-8.32884e-06 -0.0127989 -0.0154369 -0.0127989 3.58103e-05 -0.00811141 -0.0154369 -0.00811141 8.48377e-05)
(6.27413e-05 -0.0127982 -0.0154224 -0.0127982 3.32129e-05 -0.00811732 -0.0154224 -0.00811732 0.000109227)
(-0.000180329 -0.0128251 -0.0154622 -0.0128251 0.000103226 -0.00809727 -0.0154622 -0.00809727 8.47235e-05)
(-0.000137888 -0.0128263 -0.0154502 -0.0128263 0.000105999 -0.00810277 -0.0154502 -0.00810277 8.40129e-05)
(7.22825e-05 -0.0127961 -0.0154165 -0.0127961 3.4141e-05 -0.00814024 -0.0154165 -0.00814024 8.34151e-05)
(-0.00017629 -0.0128264 -0.0154544 -0.0128264 0.000103152 -0.00810393 -0.0154544 -0.00810393 8.40188e-05)
(-7.75439e-05 -0.0128097 -0.0154511 -0.0128097 7.68687e-05 -0.00810472 -0.0154511 -0.00810472 8.75261e-05)
(1.28023e-05 -0.0127893 -0.0154246 -0.0127893 2.55802e-05 -0.00811995 -0.0154246 -0.00811995 7.08378e-05)
(-1.09539e-05 -0.0127959 -0.0154374 -0.0127959 3.41869e-05 -0.00812297 -0.0154374 -0.00812297 5.10532e-05)
(6.30198e-05 -0.0127933 -0.0154174 -0.0127933 2.84347e-05 -0.0081352 -0.0154174 -0.0081352 7.76927e-05)
(7.59286e-05 -0.012795 -0.0154114 -0.012795 3.03086e-05 -0.00813581 -0.0154114 -0.00813581 9.2784e-05)
(3.68454e-05 -0.0127896 -0.0154287 -0.0127896 2.3365e-05 -0.00812831 -0.0154287 -0.00812831 5.29098e-05)
(-8.05195e-05 -0.0128098 -0.0154503 -0.0128098 6.53261e-05 -0.00810601 -0.0154503 -0.00810601 8.61342e-05)
(8.60474e-05 -0.0128065 -0.0154194 -0.0128065 5.87141e-05 -0.00815011 -0.0154194 -0.00815011 6.6967e-05)
(2.87997e-05 -0.01279 -0.0154207 -0.01279 2.74049e-05 -0.00811899 -0.0154207 -0.00811899 8.73417e-05)
(6.71501e-05 -0.0127906 -0.0154226 -0.0127906 3.86181e-05 -0.00814518 -0.0154226 -0.00814518 9.02467e-05)
(3.1254e-05 -0.0127879 -0.0154239 -0.0127879 2.16944e-05 -0.00812763 -0.0154239 -0.00812763 5.82961e-05)
(3.47616e-05 -0.0127901 -0.0154265 -0.0127901 2.14197e-05 -0.00812508 -0.0154265 -0.00812508 6.08114e-05)
(2.88054e-05 -0.0127904 -0.0154265 -0.0127904 2.27213e-05 -0.00812233 -0.0154265 -0.00812233 7.15279e-05)
(3.56662e-06 -0.0128008 -0.0154471 -0.0128008 4.86144e-05 -0.0081235 -0.0154471 -0.0081235 6.24572e-05)
(5.55987e-05 -0.0127906 -0.0154163 -0.0127906 2.4242e-05 -0.00812947 -0.0154163 -0.00812947 7.19523e-05)
