/*--------------------------------*- C++ -*----------------------------------*\
  =========                 |
  \\      /  F ield         | OpenFOAM: The Open Source CFD Toolbox
   \\    /   O peration     | Website:  https://openfoam.org
    \\  /    A nd           | Version:  10
     \\/     M anipulation  |
\*---------------------------------------------------------------------------*/
FoamFile
{
    format      ascii;
    class       volTensorField;
    location    "40";
    object      TauNN;
}
// * * * * * * * * * * * * * * * * * * * * * * * * * * * * * * * * * * * * * //

dimensions      [0 2 -2 0 0 0 0];

internalField   nonuniform List<tensor> 
25600
(
(8.60336e-06 -0.0127884 -0.0154304 -0.0127884 2.27955e-05 -0.0081252 -0.0154304 -0.0081252 4.80184e-05)
(1.88936e-05 -0.0127888 -0.015421 -0.0127888 2.57738e-05 -0.00811961 -0.015421 -0.00811961 7.77289e-05)
(5.68998e-05 -0.0127883 -0.0154109 -0.0127883 2.90942e-05 -0.00812002 -0.0154109 -0.00812002 9.05882e-05)
(1.40439e-05 -0.0127861 -0.0154343 -0.0127861 2.58505e-05 -0.00812974 -0.0154343 -0.00812974 4.96283e-05)
(8.55431e-05 -0.0127948 -0.0154098 -0.0127948 2.97906e-05 -0.00812394 -0.0154098 -0.00812394 9.32482e-05)
(5.81522e-05 -0.0127907 -0.015418 -0.0127907 2.73443e-05 -0.00813123 -0.015418 -0.00813123 9.23323e-05)
(7.07613e-06 -0.0127904 -0.0154411 -0.0127904 2.35827e-05 -0.00812027 -0.0154411 -0.00812027 5.83697e-05)
(2.2657e-05 -0.0127893 -0.015427 -0.0127893 2.33569e-05 -0.00812473 -0.015427 -0.00812473 5.74457e-05)
(7.6871e-05 -0.0127969 -0.0154148 -0.0127969 3.34941e-05 -0.00813527 -0.0154148 -0.00813527 0.000123564)
(2.36845e-05 -0.0127881 -0.0154272 -0.0127881 3.24466e-05 -0.00812192 -0.0154272 -0.00812192 6.78478e-05)
(2.82318e-05 -0.0127872 -0.0154246 -0.0127872 2.29309e-05 -0.00812909 -0.0154246 -0.00812909 5.21379e-05)
(9.00187e-05 -0.0127936 -0.0154086 -0.0127936 2.69137e-05 -0.00812773 -0.0154086 -0.00812773 7.3461e-05)
(3.07814e-05 -0.0127902 -0.015434 -0.0127902 3.12365e-05 -0.0081275 -0.015434 -0.0081275 5.39612e-05)
(-1.02583e-05 -0.0127969 -0.0154419 -0.0127969 3.017e-05 -0.00811379 -0.0154419 -0.00811379 7.99627e-05)
(1.00667e-05 -0.012789 -0.0154233 -0.012789 2.81927e-05 -0.00811859 -0.0154233 -0.00811859 7.63312e-05)
(-9.49428e-07 -0.0127961 -0.0154368 -0.0127961 4.13992e-05 -0.00812013 -0.0154368 -0.00812013 6.76975e-05)
(1.13972e-05 -0.0127926 -0.0154254 -0.0127926 3.22272e-05 -0.00811492 -0.0154254 -0.00811492 8.93492e-05)
(6.5966e-05 -0.0127888 -0.0154192 -0.0127888 2.83346e-05 -0.00812491 -0.0154192 -0.00812491 6.77174e-05)
(4.81033e-05 -0.0127904 -0.0154367 -0.0127904 2.61425e-05 -0.00813359 -0.0154367 -0.00813359 3.90319e-05)
(6.90871e-05 -0.0127952 -0.0154152 -0.0127952 3.39142e-05 -0.00813779 -0.0154152 -0.00813779 0.000125389)
(2.73443e-05 -0.0127894 -0.0154472 -0.0127894 2.58441e-05 -0.00813492 -0.0154472 -0.00813492 4.59183e-05)
(-2.64461e-05 -0.0128062 -0.0154457 -0.0128062 4.29578e-05 -0.00812204 -0.0154457 -0.00812204 5.81296e-05)
(4.07457e-05 -0.0127977 -0.0154276 -0.0127977 3.41851e-05 -0.00812444 -0.0154276 -0.00812444 0.000120196)
(4.34419e-05 -0.0127895 -0.0154191 -0.0127895 2.41243e-05 -0.00813161 -0.0154191 -0.00813161 5.72322e-05)
(2.32117e-05 -0.0127897 -0.0154201 -0.0127897 2.74274e-05 -0.0081207 -0.0154201 -0.0081207 9.90999e-05)
(3.71347e-05 -0.0127881 -0.0154164 -0.0127881 2.4406e-05 -0.00812458 -0.0154164 -0.00812458 7.75059e-05)
(1.78525e-05 -0.0127881 -0.0154226 -0.0127881 2.5437e-05 -0.00812239 -0.0154226 -0.00812239 8.4243e-05)
(5.46665e-06 -0.0127914 -0.0154264 -0.0127914 2.92777e-05 -0.00811728 -0.0154264 -0.00811728 9.16194e-05)
(2.88436e-06 -0.0127954 -0.015437 -0.0127954 4.1085e-05 -0.00812313 -0.015437 -0.00812313 6.02159e-05)
(1.72702e-05 -0.0127861 -0.0154283 -0.0127861 1.99368e-05 -0.00812837 -0.0154283 -0.00812837 4.56901e-05)
(5.25232e-06 -0.0127848 -0.0154298 -0.0127848 2.00409e-05 -0.00812403 -0.0154298 -0.00812403 6.221e-05)
(1.75403e-05 -0.0127965 -0.0154397 -0.0127965 3.33981e-05 -0.00812779 -0.0154397 -0.00812779 5.04106e-05)
(0.000103038 -0.0127947 -0.0154454 -0.0127947 3.16446e-05 -0.00813598 -0.0154454 -0.00813598 6.08392e-05)
(3.22988e-05 -0.012788 -0.0154226 -0.012788 2.30908e-05 -0.00812703 -0.0154226 -0.00812703 5.81921e-05)
(2.45417e-05 -0.0127886 -0.0154183 -0.0127886 2.75178e-05 -0.00812207 -0.0154183 -0.00812207 9.71372e-05)
(4.4363e-05 -0.0127881 -0.0154225 -0.0127881 2.43816e-05 -0.0081297 -0.0154225 -0.0081297 5.81963e-05)
(3.07175e-05 -0.012785 -0.015426 -0.012785 2.24973e-05 -0.00813004 -0.015426 -0.00813004 6.12036e-05)
(1.28708e-05 -0.0127874 -0.0154252 -0.0127874 2.38868e-05 -0.00812282 -0.0154252 -0.00812282 6.59413e-05)
(1.68823e-05 -0.012791 -0.01544 -0.012791 2.99187e-05 -0.00812942 -0.01544 -0.00812942 5.08181e-05)
(5.40619e-06 -0.0127906 -0.0154284 -0.0127906 2.60661e-05 -0.00811811 -0.0154284 -0.00811811 8.03731e-05)
(2.24287e-05 -0.0127871 -0.0154313 -0.0127871 2.12962e-05 -0.00812378 -0.0154313 -0.00812378 7.23217e-05)
(2.55888e-05 -0.0127851 -0.0154303 -0.0127851 1.95263e-05 -0.00812939 -0.0154303 -0.00812939 4.3978e-05)
(3.1766e-05 -0.0127875 -0.015422 -0.0127875 2.3576e-05 -0.0081273 -0.015422 -0.0081273 7.08456e-05)
(6.13651e-05 -0.0127939 -0.0154177 -0.0127939 2.85866e-05 -0.00813548 -0.0154177 -0.00813548 6.57028e-05)
(9.11941e-05 -0.0127966 -0.0154078 -0.0127966 2.91118e-05 -0.00813254 -0.0154078 -0.00813254 9.27855e-05)
(5.86951e-05 -0.0127919 -0.0154202 -0.0127919 3.19517e-05 -0.00813964 -0.0154202 -0.00813964 8.34646e-05)
(2.44505e-05 -0.012787 -0.015424 -0.012787 2.14049e-05 -0.00812839 -0.015424 -0.00812839 5.25723e-05)
(0.000124059 -0.0128003 -0.0154004 -0.0128003 3.19617e-05 -0.00813397 -0.0154004 -0.00813397 9.4625e-05)
(5.00805e-05 -0.0127896 -0.0154141 -0.0127896 3.02801e-05 -0.00811597 -0.0154141 -0.00811597 9.08726e-05)
(4.69067e-06 -0.012792 -0.0154341 -0.012792 2.56276e-05 -0.00812314 -0.0154341 -0.00812314 5.15595e-05)
(4.33338e-05 -0.0127907 -0.0154228 -0.0127907 2.45643e-05 -0.00812544 -0.0154228 -0.00812544 8.35624e-05)
(3.75571e-05 -0.0127951 -0.0154216 -0.0127951 3.67775e-05 -0.00811334 -0.0154216 -0.00811334 0.000109394)
(6.9526e-05 -0.0127984 -0.0154258 -0.0127984 3.8848e-05 -0.00813954 -0.0154258 -0.00813954 4.39636e-05)
(2.48992e-05 -0.0127859 -0.0154336 -0.0127859 1.89948e-05 -0.0081261 -0.0154336 -0.0081261 4.68768e-05)
(3.56582e-05 -0.0127899 -0.0154321 -0.0127899 2.28669e-05 -0.00813143 -0.0154321 -0.00813143 3.85084e-05)
(7.20295e-05 -0.0127942 -0.015414 -0.0127942 2.71108e-05 -0.00813211 -0.015414 -0.00813211 6.60628e-05)
(2.87191e-06 -0.0127924 -0.0154335 -0.0127924 2.76304e-05 -0.00812212 -0.0154335 -0.00812212 5.84601e-05)
(3.0309e-05 -0.0127882 -0.015422 -0.0127882 2.32786e-05 -0.00812553 -0.015422 -0.00812553 7.90364e-05)
(6.76934e-05 -0.0127946 -0.0154192 -0.0127946 3.52865e-05 -0.00814231 -0.0154192 -0.00814231 0.000100049)
(3.44383e-05 -0.0127873 -0.0154238 -0.0127873 2.13996e-05 -0.00813028 -0.0154238 -0.00813028 6.07129e-05)
(7.63655e-05 -0.0128014 -0.0154155 -0.0128014 4.01225e-05 -0.00814387 -0.0154155 -0.00814387 7.2027e-05)
(7.08202e-05 -0.0128031 -0.015422 -0.0128031 4.08999e-05 -0.00814183 -0.015422 -0.00814183 4.84511e-05)
(2.3495e-05 -0.0127832 -0.0154318 -0.0127832 1.85779e-05 -0.00812864 -0.0154318 -0.00812864 4.7709e-05)
(4.99913e-05 -0.0127899 -0.0154158 -0.0127899 2.67676e-05 -0.00813264 -0.0154158 -0.00813264 9.53594e-05)
(9.97847e-05 -0.0127984 -0.0154078 -0.0127984 3.05742e-05 -0.00813443 -0.0154078 -0.00813443 7.58904e-05)
(6.71372e-05 -0.012795 -0.015418 -0.012795 2.72166e-05 -0.0081332 -0.015418 -0.0081332 5.49261e-05)
(4.77462e-05 -0.0127898 -0.0154181 -0.0127898 2.53387e-05 -0.00813213 -0.0154181 -0.00813213 7.62744e-05)
(2.02286e-05 -0.0127899 -0.0154239 -0.0127899 2.51798e-05 -0.00811967 -0.0154239 -0.00811967 8.33402e-05)
(3.41303e-05 -0.0127865 -0.0154248 -0.0127865 2.29458e-05 -0.00813132 -0.0154248 -0.00813132 6.19413e-05)
(3.84023e-05 -0.0127852 -0.015427 -0.0127852 2.93154e-05 -0.00813973 -0.015427 -0.00813973 7.85166e-05)
(0.000101016 -0.0127953 -0.0154083 -0.0127953 2.6944e-05 -0.00812934 -0.0154083 -0.00812934 6.86212e-05)
(9.75255e-05 -0.0127939 -0.0154131 -0.0127939 3.7655e-05 -0.00811659 -0.0154131 -0.00811659 8.9458e-05)
(-3.44674e-05 -0.012803 -0.0154461 -0.012803 3.84645e-05 -0.00810955 -0.0154461 -0.00810955 8.42628e-05)
(3.99969e-05 -0.0127892 -0.0154213 -0.0127892 2.31496e-05 -0.00812694 -0.0154213 -0.00812694 7.78079e-05)
(6.7949e-05 -0.0127932 -0.0154178 -0.0127932 2.89354e-05 -0.00813289 -0.0154178 -0.00813289 9.09739e-05)
(4.47025e-05 -0.0127899 -0.0154419 -0.0127899 2.60909e-05 -0.008125 -0.0154419 -0.008125 0.00010559)
(2.39061e-05 -0.0127855 -0.0154258 -0.0127855 2.11516e-05 -0.00812825 -0.0154258 -0.00812825 8.07125e-05)
(9.12606e-05 -0.012793 -0.0154028 -0.012793 2.89456e-05 -0.00812817 -0.0154028 -0.00812817 0.00010045)
(0.00012231 -0.0128004 -0.0154161 -0.0128004 2.88773e-05 -0.00813212 -0.0154161 -0.00813212 5.87767e-05)
(4.8867e-05 -0.0127913 -0.0154222 -0.0127913 2.37336e-05 -0.0081257 -0.0154222 -0.0081257 6.45077e-05)
(3.04324e-05 -0.0127853 -0.0154262 -0.0127853 2.49165e-05 -0.00813188 -0.0154262 -0.00813188 9.00737e-05)
(1.33335e-05 -0.0127921 -0.015427 -0.0127921 2.84081e-05 -0.0081177 -0.015427 -0.0081177 7.88675e-05)
(4.54821e-05 -0.0127896 -0.0154154 -0.0127896 2.51375e-05 -0.00812124 -0.0154154 -0.00812124 8.3418e-05)
(4.1403e-06 -0.0127934 -0.0154314 -0.0127934 3.13053e-05 -0.00811669 -0.0154314 -0.00811669 6.65543e-05)
(4.41077e-05 -0.0127928 -0.0154264 -0.0127928 2.73643e-05 -0.00812159 -0.0154264 -0.00812159 6.46255e-05)
(6.65173e-05 -0.0127944 -0.0154168 -0.0127944 3.32396e-05 -0.0081401 -0.0154168 -0.0081401 8.94609e-05)
(9.66387e-06 -0.0127884 -0.0154354 -0.0127884 2.00899e-05 -0.00812479 -0.0154354 -0.00812479 4.14245e-05)
(6.62342e-05 -0.0127937 -0.0154289 -0.0127937 2.46838e-05 -0.008131 -0.0154289 -0.008131 4.73985e-05)
(0.000114506 -0.0128048 -0.0154092 -0.0128048 3.60153e-05 -0.0081388 -0.0154092 -0.0081388 6.94596e-05)
(3.15367e-05 -0.0127875 -0.0154212 -0.0127875 2.28429e-05 -0.00812709 -0.0154212 -0.00812709 7.70873e-05)
(7.13501e-05 -0.0127968 -0.0154141 -0.0127968 3.22936e-05 -0.00813864 -0.0154141 -0.00813864 8.227e-05)
(2.90416e-05 -0.0127873 -0.0154274 -0.0127873 2.03628e-05 -0.00812902 -0.0154274 -0.00812902 5.07258e-05)
(4.58348e-05 -0.0127877 -0.0154237 -0.0127877 2.4529e-05 -0.00813197 -0.0154237 -0.00813197 6.97571e-05)
(3.18824e-05 -0.0127887 -0.0154338 -0.0127887 2.22338e-05 -0.00813155 -0.0154338 -0.00813155 3.066e-05)
(2.62798e-05 -0.0127896 -0.0154236 -0.0127896 2.46612e-05 -0.008122 -0.0154236 -0.008122 8.61167e-05)
(0.000116896 -0.0128015 -0.0154025 -0.0128015 3.51789e-05 -0.00813854 -0.0154025 -0.00813854 9.93442e-05)
(5.72686e-05 -0.0127953 -0.0154195 -0.0127953 2.65785e-05 -0.00813362 -0.0154195 -0.00813362 5.0018e-05)
(2.31309e-05 -0.012784 -0.0154296 -0.012784 1.96297e-05 -0.00812819 -0.0154296 -0.00812819 6.00957e-05)
(1.46647e-05 -0.0127911 -0.0154354 -0.0127911 2.26079e-05 -0.00812535 -0.0154354 -0.00812535 4.81646e-05)
(4.57009e-05 -0.0127916 -0.0154203 -0.0127916 2.89128e-05 -0.00813086 -0.0154203 -0.00813086 0.000113642)
(2.21587e-05 -0.0127877 -0.0154253 -0.0127877 2.37533e-05 -0.00812463 -0.0154253 -0.00812463 8.86772e-05)
(5.05553e-05 -0.0127916 -0.0154187 -0.0127916 2.61183e-05 -0.00812208 -0.0154187 -0.00812208 7.80679e-05)
(6.88566e-05 -0.0127915 -0.0154098 -0.0127915 2.52877e-05 -0.00812708 -0.0154098 -0.00812708 8.38974e-05)
(3.52151e-05 -0.0127891 -0.0154203 -0.0127891 2.23231e-05 -0.00812404 -0.0154203 -0.00812404 6.33508e-05)
(4.42395e-05 -0.0127894 -0.0154193 -0.0127894 2.39568e-05 -0.00812883 -0.0154193 -0.00812883 7.37435e-05)
(6.8734e-05 -0.0127953 -0.0154174 -0.0127953 3.3793e-05 -0.00813978 -0.0154174 -0.00813978 7.40349e-05)
(7.03446e-05 -0.0128095 -0.0154283 -0.0128095 4.94899e-05 -0.00813953 -0.0154283 -0.00813953 3.14e-05)
(3.81266e-05 -0.0127886 -0.0154196 -0.0127886 2.47664e-05 -0.00813091 -0.0154196 -0.00813091 8.31707e-05)
(5.0482e-05 -0.0127808 -0.0154322 -0.0127808 2.31494e-05 -0.00813285 -0.0154322 -0.00813285 6.46408e-05)
(3.50016e-05 -0.0127888 -0.0154217 -0.0127888 2.20418e-05 -0.00812578 -0.0154217 -0.00812578 6.42558e-05)
(0.000113514 -0.0127943 -0.0154049 -0.0127943 2.72889e-05 -0.00812695 -0.0154049 -0.00812695 7.53188e-05)
(0.000109223 -0.0128171 -0.0154248 -0.0128171 5.39423e-05 -0.00814272 -0.0154248 -0.00814272 4.20291e-05)
(6.00172e-05 -0.0127942 -0.0154201 -0.0127942 3.47325e-05 -0.00814147 -0.0154201 -0.00814147 7.21458e-05)
(1.10937e-05 -0.012793 -0.0154407 -0.012793 2.53937e-05 -0.00811797 -0.0154407 -0.00811797 7.41998e-05)
(7.66774e-05 -0.0127966 -0.0154144 -0.0127966 3.54192e-05 -0.00814169 -0.0154144 -0.00814169 0.00011935)
(7.6129e-05 -0.0127975 -0.015412 -0.0127975 3.14544e-05 -0.00813687 -0.015412 -0.00813687 8.40088e-05)
(7.192e-06 -0.0127921 -0.0154366 -0.0127921 2.47211e-05 -0.00812443 -0.0154366 -0.00812443 4.90772e-05)
(2.78696e-05 -0.0127883 -0.0154283 -0.0127883 2.23586e-05 -0.00812734 -0.0154283 -0.00812734 4.9193e-05)
(7.48172e-05 -0.012796 -0.0154112 -0.012796 2.89808e-05 -0.00813493 -0.0154112 -0.00813493 7.60241e-05)
(6.39226e-05 -0.0127938 -0.0154201 -0.0127938 3.8774e-05 -0.00814532 -0.0154201 -0.00814532 9.00566e-05)
(8.43743e-05 -0.0127932 -0.0154095 -0.0127932 2.79129e-05 -0.00812187 -0.0154095 -0.00812187 9.20002e-05)
(2.7667e-05 -0.0127937 -0.0154231 -0.0127937 3.18308e-05 -0.00811477 -0.0154231 -0.00811477 0.000101906)
(4.46266e-05 -0.0127895 -0.0154149 -0.0127895 2.37406e-05 -0.00812902 -0.0154149 -0.00812902 8.09565e-05)
(6.19376e-05 -0.0127947 -0.0154256 -0.0127947 2.36505e-05 -0.00812928 -0.0154256 -0.00812928 4.4213e-05)
(2.59548e-05 -0.0127899 -0.0154381 -0.0127899 2.09249e-05 -0.00812656 -0.0154381 -0.00812656 4.18689e-05)
(1.98869e-05 -0.012786 -0.0154364 -0.012786 1.89397e-05 -0.00812976 -0.0154364 -0.00812976 3.31635e-05)
(5.26053e-05 -0.0127894 -0.0154131 -0.0127894 2.54746e-05 -0.00812168 -0.0154131 -0.00812168 8.18242e-05)
(3.7699e-05 -0.0127888 -0.015419 -0.0127888 2.49775e-05 -0.00812331 -0.015419 -0.00812331 7.95333e-05)
(9.76575e-05 -0.0128012 -0.0154089 -0.0128012 4.21517e-05 -0.00814634 -0.0154089 -0.00814634 0.00010594)
(3.87309e-05 -0.0127883 -0.0154205 -0.0127883 2.64138e-05 -0.00813087 -0.0154205 -0.00813087 9.77228e-05)
(3.81357e-05 -0.0127886 -0.0154305 -0.0127886 2.41146e-05 -0.00813286 -0.0154305 -0.00813286 3.54173e-05)
(0.000104939 -0.0128141 -0.0154154 -0.0128141 6.46824e-05 -0.00815098 -0.0154154 -0.00815098 6.99213e-05)
(2.45191e-05 -0.0127869 -0.0154345 -0.0127869 2.02049e-05 -0.00813044 -0.0154345 -0.00813044 3.85641e-05)
(2.81023e-05 -0.0127871 -0.0154281 -0.0127871 2.06501e-05 -0.00812975 -0.0154281 -0.00812975 4.46761e-05)
(2.64655e-05 -0.0127888 -0.0154247 -0.0127888 2.47966e-05 -0.00812237 -0.0154247 -0.00812237 5.92662e-05)
(-1.44749e-06 -0.012795 -0.0154429 -0.012795 3.20962e-05 -0.00812786 -0.0154429 -0.00812786 4.70016e-05)
(3.54681e-05 -0.0127889 -0.0154266 -0.0127889 2.16436e-05 -0.00813075 -0.0154266 -0.00813075 4.80105e-05)
(7.31947e-05 -0.0127924 -0.0154119 -0.0127924 2.57762e-05 -0.00812772 -0.0154119 -0.00812772 7.72263e-05)
(2.19063e-05 -0.0127912 -0.0154329 -0.0127912 2.28735e-05 -0.00812652 -0.0154329 -0.00812652 4.45967e-05)
(-6.10293e-07 -0.0127896 -0.0154315 -0.0127896 2.30777e-05 -0.00812132 -0.0154315 -0.00812132 5.46789e-05)
(4.30096e-05 -0.0127921 -0.0154298 -0.0127921 4.30953e-05 -0.00812055 -0.0154298 -0.00812055 7.09155e-05)
(8.89903e-06 -0.0127945 -0.0154329 -0.0127945 3.71448e-05 -0.00811886 -0.0154329 -0.00811886 6.43486e-05)
(-1.12563e-05 -0.0127984 -0.0154423 -0.0127984 2.95246e-05 -0.00812287 -0.0154423 -0.00812287 4.47815e-05)
(1.68796e-05 -0.0127918 -0.0154383 -0.0127918 2.61783e-05 -0.00812775 -0.0154383 -0.00812775 5.05475e-05)
(3.64327e-05 -0.0127887 -0.0154247 -0.0127887 2.13448e-05 -0.0081288 -0.0154247 -0.0081288 5.57917e-05)
(2.16344e-05 -0.0127871 -0.0154339 -0.0127871 1.88272e-05 -0.00812673 -0.0154339 -0.00812673 4.41507e-05)
(4.18414e-05 -0.0127906 -0.015422 -0.0127906 2.86412e-05 -0.00812009 -0.015422 -0.00812009 7.13252e-05)
(9.62385e-05 -0.0128081 -0.0154128 -0.0128081 4.77564e-05 -0.00814737 -0.0154128 -0.00814737 7.67948e-05)
(4.46799e-05 -0.0127892 -0.0154189 -0.0127892 2.50718e-05 -0.00813026 -0.0154189 -0.00813026 8.70319e-05)
(-1.35e-05 -0.0127953 -0.0154346 -0.0127953 3.70847e-05 -0.00811467 -0.0154346 -0.00811467 7.2646e-05)
(1.93849e-05 -0.0127871 -0.0154226 -0.0127871 2.22503e-05 -0.00812303 -0.0154226 -0.00812303 7.59575e-05)
(4.74896e-05 -0.0127897 -0.0154194 -0.0127897 2.43479e-05 -0.00812682 -0.0154194 -0.00812682 7.7521e-05)
(9.34666e-05 -0.0128067 -0.0154156 -0.0128067 4.18237e-05 -0.00814253 -0.0154156 -0.00814253 6.03058e-05)
(4.59969e-05 -0.0127922 -0.0154269 -0.0127922 2.44465e-05 -0.00813278 -0.0154269 -0.00813278 4.16935e-05)
(-4.67907e-05 -0.0128081 -0.0154495 -0.0128081 4.3819e-05 -0.00811065 -0.0154495 -0.00811065 7.3847e-05)
(2.21451e-05 -0.0127868 -0.0154233 -0.0127868 2.15131e-05 -0.00812544 -0.0154233 -0.00812544 6.53038e-05)
(4.64479e-05 -0.012791 -0.0154161 -0.012791 2.75904e-05 -0.00812437 -0.0154161 -0.00812437 0.000104089)
(1.18405e-05 -0.0127885 -0.0154248 -0.0127885 2.3816e-05 -0.0081196 -0.0154248 -0.0081196 8.18624e-05)
(4.56171e-05 -0.0127925 -0.0154339 -0.0127925 2.75634e-05 -0.00813376 -0.0154339 -0.00813376 3.67899e-05)
(7.19726e-05 -0.0127961 -0.0154144 -0.0127961 3.13199e-05 -0.00813761 -0.0154144 -0.00813761 7.93114e-05)
(7.5479e-05 -0.0127926 -0.0154078 -0.0127926 2.73392e-05 -0.008129 -0.0154078 -0.008129 8.97161e-05)
(3.2825e-05 -0.0127853 -0.0154297 -0.0127853 2.4188e-05 -0.00813422 -0.0154297 -0.00813422 4.00748e-05)
(1.70454e-05 -0.0127889 -0.0154268 -0.0127889 2.2932e-05 -0.00812128 -0.0154268 -0.00812128 7.57476e-05)
(7.16361e-05 -0.0128033 -0.0154251 -0.0128033 4.37813e-05 -0.00814142 -0.0154251 -0.00814142 4.48119e-05)
(4.61246e-05 -0.0127934 -0.0154269 -0.0127934 3.14131e-05 -0.0081372 -0.0154269 -0.0081372 4.15425e-05)
(-3.97761e-06 -0.0127935 -0.0154317 -0.0127935 3.30999e-05 -0.00811634 -0.0154317 -0.00811634 7.17255e-05)
(3.00558e-05 -0.0127842 -0.0154317 -0.0127842 2.15934e-05 -0.0081317 -0.0154317 -0.0081317 3.4049e-05)
(3.11989e-05 -0.0127857 -0.0154268 -0.0127857 2.22531e-05 -0.00813157 -0.0154268 -0.00813157 5.26335e-05)
(6.80143e-05 -0.0127983 -0.015433 -0.0127983 2.81289e-05 -0.00813418 -0.015433 -0.00813418 3.72887e-05)
(6.35622e-05 -0.012805 -0.0154246 -0.012805 5.73725e-05 -0.00814875 -0.0154246 -0.00814875 4.76176e-05)
(4.74571e-06 -0.0127904 -0.0154346 -0.0127904 2.53617e-05 -0.00811939 -0.0154346 -0.00811939 7.9204e-05)
(3.83275e-05 -0.0127894 -0.0154202 -0.0127894 2.45746e-05 -0.00812328 -0.0154202 -0.00812328 7.02042e-05)
(0.000105122 -0.012802 -0.0154054 -0.012802 3.71898e-05 -0.00814154 -0.0154054 -0.00814154 9.63574e-05)
(4.26148e-05 -0.0127894 -0.0154225 -0.0127894 2.27536e-05 -0.0081271 -0.0154225 -0.0081271 5.80235e-05)
(7.18239e-05 -0.0127928 -0.0154168 -0.0127928 2.47794e-05 -0.00812849 -0.0154168 -0.00812849 6.00552e-05)
(5.67953e-05 -0.0127956 -0.0154334 -0.0127956 3.18374e-05 -0.0081346 -0.0154334 -0.0081346 3.44722e-05)
(1.23697e-05 -0.0127909 -0.0154306 -0.0127909 2.40914e-05 -0.00812088 -0.0154306 -0.00812088 6.5849e-05)
(1.61194e-05 -0.0127927 -0.0154251 -0.0127927 2.97044e-05 -0.00811491 -0.0154251 -0.00811491 9.30342e-05)
(3.15705e-05 -0.0127906 -0.0154359 -0.0127906 2.14939e-05 -0.00813143 -0.0154359 -0.00813143 3.21692e-05)
(6.49296e-05 -0.012792 -0.0154168 -0.012792 2.5118e-05 -0.0081257 -0.0154168 -0.0081257 6.20563e-05)
(4.9444e-05 -0.0127919 -0.0154259 -0.0127919 2.32203e-05 -0.00813039 -0.0154259 -0.00813039 4.80203e-05)
(6.27691e-05 -0.0128023 -0.0154262 -0.0128023 5.36673e-05 -0.00814632 -0.0154262 -0.00814632 4.30385e-05)
(5.82066e-05 -0.0127934 -0.0154207 -0.0127934 3.13641e-05 -0.00813856 -0.0154207 -0.00813856 6.68166e-05)
(-2.18813e-05 -0.0128004 -0.0154418 -0.0128004 3.57555e-05 -0.00811225 -0.0154418 -0.00811225 8.39238e-05)
(-3.24718e-05 -0.0128011 -0.0154421 -0.0128011 4.01965e-05 -0.00811733 -0.0154421 -0.00811733 6.26807e-05)
(7.36898e-05 -0.0127944 -0.0154232 -0.0127944 2.58221e-05 -0.00812807 -0.0154232 -0.00812807 4.85907e-05)
(-2.36683e-05 -0.0127978 -0.0154371 -0.0127978 3.56992e-05 -0.00811229 -0.0154371 -0.00811229 8.04512e-05)
(8.7069e-06 -0.0127906 -0.0154368 -0.0127906 2.54937e-05 -0.00812092 -0.0154368 -0.00812092 7.19217e-05)
(8.86002e-05 -0.0127922 -0.0154141 -0.0127922 2.85695e-05 -0.00812338 -0.0154141 -0.00812338 7.34983e-05)
(6.93598e-05 -0.0127933 -0.0154106 -0.0127933 2.78636e-05 -0.00813179 -0.0154106 -0.00813179 9.68229e-05)
(4.24121e-05 -0.012788 -0.0154186 -0.012788 2.34525e-05 -0.0081278 -0.0154186 -0.0081278 7.55778e-05)
(5.41372e-05 -0.0127917 -0.0154238 -0.0127917 2.56601e-05 -0.008133 -0.0154238 -0.008133 5.44006e-05)
(3.30479e-05 -0.0127943 -0.0154285 -0.0127943 3.09355e-05 -0.00812718 -0.0154285 -0.00812718 0.000119789)
(8.27109e-05 -0.0128048 -0.0154235 -0.0128048 3.41601e-05 -0.00813659 -0.0154235 -0.00813659 4.05707e-05)
(6.86904e-05 -0.0127919 -0.0154092 -0.0127919 2.90011e-05 -0.00812726 -0.0154092 -0.00812726 0.000106408)
(1.48362e-06 -0.0127935 -0.0154384 -0.0127935 2.47186e-05 -0.00812368 -0.0154384 -0.00812368 4.66953e-05)
(3.70479e-05 -0.0127891 -0.0154232 -0.0127891 2.21113e-05 -0.00812728 -0.0154232 -0.00812728 7.32168e-05)
(1.73465e-05 -0.0127901 -0.0154268 -0.0127901 2.77763e-05 -0.00812464 -0.0154268 -0.00812464 0.000109617)
(7.74786e-06 -0.0127884 -0.0154269 -0.0127884 2.4509e-05 -0.00812143 -0.0154269 -0.00812143 7.18775e-05)
(6.72326e-05 -0.0127903 -0.0154131 -0.0127903 2.53902e-05 -0.00812685 -0.0154131 -0.00812685 7.58001e-05)
(7.31552e-05 -0.0127963 -0.0154156 -0.0127963 3.85854e-05 -0.00814439 -0.0154156 -0.00814439 9.31297e-05)
(0.000111357 -0.0128066 -0.0154068 -0.0128066 5.87146e-05 -0.00815393 -0.0154068 -0.00815393 0.000117502)
(2.0651e-05 -0.0127895 -0.0154254 -0.0127895 2.35034e-05 -0.00812067 -0.0154254 -0.00812067 8.15164e-05)
(1.10024e-05 -0.0127878 -0.0154372 -0.0127878 2.18442e-05 -0.00812962 -0.0154372 -0.00812962 4.03223e-05)
(9.13433e-05 -0.0127988 -0.0154135 -0.0127988 3.09698e-05 -0.00813553 -0.0154135 -0.00813553 6.5473e-05)
(3.52794e-05 -0.0127882 -0.0154278 -0.0127882 2.42399e-05 -0.00813342 -0.0154278 -0.00813342 4.0161e-05)
(3.97887e-05 -0.012783 -0.0154309 -0.012783 2.44796e-05 -0.0081341 -0.0154309 -0.0081341 4.06055e-05)
(2.83609e-05 -0.0127894 -0.0154251 -0.0127894 2.5326e-05 -0.00812238 -0.0154251 -0.00812238 6.79446e-05)
(-3.56503e-05 -0.0128014 -0.0154415 -0.0128014 4.11017e-05 -0.00811309 -0.0154415 -0.00811309 7.5534e-05)
(6.95934e-05 -0.0127949 -0.0154129 -0.0127949 3.00705e-05 -0.00813631 -0.0154129 -0.00813631 8.24939e-05)
(0.000115176 -0.0127912 -0.0153995 -0.0127912 3.06535e-05 -0.00812118 -0.0153995 -0.00812118 0.000102913)
(-2.93229e-05 -0.0127954 -0.0154334 -0.0127954 3.75104e-05 -0.00811135 -0.0154334 -0.00811135 9.52646e-05)
(4.47147e-05 -0.0127895 -0.0154206 -0.0127895 2.86989e-05 -0.00813541 -0.0154206 -0.00813541 0.000107598)
(8.91896e-05 -0.0127986 -0.0154107 -0.0127986 3.52999e-05 -0.00814012 -0.0154107 -0.00814012 0.000122296)
(4.29263e-05 -0.012789 -0.0154228 -0.012789 3.11583e-05 -0.00814052 -0.0154228 -0.00814052 7.84416e-05)
(4.03808e-05 -0.0127892 -0.0154249 -0.0127892 2.24741e-05 -0.00812965 -0.0154249 -0.00812965 5.28793e-05)
(9.84802e-05 -0.0128011 -0.015417 -0.0128011 2.89116e-05 -0.00813313 -0.015417 -0.00813313 5.07396e-05)
(6.86309e-05 -0.0128055 -0.0154228 -0.0128055 5.337e-05 -0.00814753 -0.0154228 -0.00814753 5.25129e-05)
(3.49527e-06 -0.0127931 -0.0154364 -0.0127931 2.79745e-05 -0.00812338 -0.0154364 -0.00812338 5.90284e-05)
(5.66831e-05 -0.0127922 -0.0154251 -0.0127922 4.09064e-05 -0.00814527 -0.0154251 -0.00814527 6.45917e-05)
(5.74574e-05 -0.012791 -0.0154302 -0.012791 5.17453e-05 -0.00813863 -0.0154302 -0.00813863 2.93339e-05)
(3.39227e-05 -0.0127863 -0.0154378 -0.0127863 2.1373e-05 -0.00813134 -0.0154378 -0.00813134 3.75064e-05)
(9.31137e-05 -0.0128055 -0.0154365 -0.0128055 3.40037e-05 -0.00813575 -0.0154365 -0.00813575 3.86649e-05)
(0.000131327 -0.0128054 -0.0154059 -0.0128054 3.22861e-05 -0.00813401 -0.0154059 -0.00813401 6.57695e-05)
(-3.36368e-05 -0.0128021 -0.015442 -0.0128021 4.09977e-05 -0.00810787 -0.015442 -0.00810787 9.51969e-05)
(1.79643e-05 -0.0127848 -0.0154313 -0.0127848 1.82305e-05 -0.00812778 -0.0154313 -0.00812778 4.38102e-05)
(8.3492e-05 -0.0128181 -0.0154267 -0.0128181 7.88715e-05 -0.00814746 -0.0154267 -0.00814746 3.47512e-05)
(-1.31914e-06 -0.0127955 -0.0154288 -0.0127955 3.91344e-05 -0.00811124 -0.0154288 -0.00811124 9.45079e-05)
(-0.000104287 -0.0128105 -0.0154525 -0.0128105 6.21576e-05 -0.00810212 -0.0154525 -0.00810212 9.20857e-05)
(2.84687e-05 -0.0127855 -0.0154268 -0.0127855 2.09301e-05 -0.00812889 -0.0154268 -0.00812889 6.3346e-05)
(4.22626e-05 -0.0127893 -0.0154224 -0.0127893 2.54093e-05 -0.00812701 -0.0154224 -0.00812701 8.13002e-05)
(7.36396e-05 -0.0128011 -0.0154175 -0.0128011 4.15141e-05 -0.00814465 -0.0154175 -0.00814465 6.90028e-05)
(4.81256e-05 -0.0127933 -0.0154289 -0.0127933 2.27238e-05 -0.00813138 -0.0154289 -0.00813138 4.01751e-05)
(5.84689e-05 -0.0127929 -0.0154326 -0.0127929 2.74747e-05 -0.00813388 -0.0154326 -0.00813388 4.32057e-05)
(7.72059e-05 -0.012801 -0.0154158 -0.012801 4.21922e-05 -0.00814591 -0.0154158 -0.00814591 8.37846e-05)
(1.23859e-05 -0.0127894 -0.0154241 -0.0127894 2.58688e-05 -0.00811961 -0.0154241 -0.00811961 9.88197e-05)
(2.14731e-05 -0.0127854 -0.0154429 -0.0127854 2.20701e-05 -0.00813236 -0.0154429 -0.00813236 3.89612e-05)
(5.97898e-05 -0.0127934 -0.0154173 -0.0127934 2.77379e-05 -0.00813439 -0.0154173 -0.00813439 7.04396e-05)
(4.94719e-05 -0.0127915 -0.0154238 -0.0127915 2.39661e-05 -0.00813177 -0.0154238 -0.00813177 5.32432e-05)
(1.3432e-05 -0.0127915 -0.0154325 -0.0127915 2.77157e-05 -0.00812354 -0.0154325 -0.00812354 5.88146e-05)
(4.44763e-05 -0.01278 -0.0154338 -0.01278 1.88052e-05 -0.00812996 -0.0154338 -0.00812996 3.63236e-05)
(6.92705e-05 -0.0127977 -0.0154166 -0.0127977 3.33059e-05 -0.00813907 -0.0154166 -0.00813907 7.03636e-05)
(8.61787e-05 -0.0127918 -0.0154075 -0.0127918 2.52218e-05 -0.00812579 -0.0154075 -0.00812579 7.54282e-05)
(-1.86767e-06 -0.0127965 -0.015449 -0.0127965 3.46068e-05 -0.0081336 -0.015449 -0.0081336 4.88742e-05)
(1.30285e-05 -0.0127896 -0.0154275 -0.0127896 2.39645e-05 -0.0081206 -0.0154275 -0.0081206 7.31389e-05)
(6.93408e-05 -0.012799 -0.0154229 -0.012799 5.35327e-05 -0.00814998 -0.0154229 -0.00814998 6.91746e-05)
(4.79213e-05 -0.0127911 -0.0154163 -0.0127911 2.72134e-05 -0.00812436 -0.0154163 -0.00812436 0.000103482)
(0.000110683 -0.0128 -0.0154092 -0.0128 2.79871e-05 -0.00813052 -0.0154092 -0.00813052 7.12964e-05)
(4.3261e-05 -0.0127914 -0.0154306 -0.0127914 2.18716e-05 -0.0081308 -0.0154306 -0.0081308 3.79524e-05)
(-2.18261e-05 -0.0128005 -0.0154398 -0.0128005 3.86584e-05 -0.00810877 -0.0154398 -0.00810877 9.49343e-05)
(5.65062e-05 -0.0127927 -0.0154182 -0.0127927 2.40778e-05 -0.00813105 -0.0154182 -0.00813105 6.17608e-05)
(4.33185e-05 -0.0127882 -0.015427 -0.0127882 2.9623e-05 -0.00813796 -0.015427 -0.00813796 5.20813e-05)
(-8.15706e-05 -0.0128122 -0.0154515 -0.0128122 6.49468e-05 -0.0081123 -0.0154515 -0.0081123 7.36832e-05)
(-7.80001e-05 -0.0128059 -0.0154462 -0.0128059 6.36994e-05 -0.00810766 -0.0154462 -0.00810766 8.54962e-05)
(0.000111846 -0.0128085 -0.0154086 -0.0128085 4.55399e-05 -0.00814587 -0.0154086 -0.00814587 8.46415e-05)
(6.01401e-05 -0.0127934 -0.0154274 -0.0127934 2.58253e-05 -0.00812704 -0.0154274 -0.00812704 5.39104e-05)
(3.16984e-05 -0.0127832 -0.0154369 -0.0127832 1.88232e-05 -0.00812513 -0.0154369 -0.00812513 5.93881e-05)
(8.72188e-05 -0.0128092 -0.0154197 -0.0128092 5.3593e-05 -0.00814713 -0.0154197 -0.00814713 5.76289e-05)
(4.97518e-05 -0.012794 -0.0154349 -0.012794 2.53912e-05 -0.00813293 -0.0154349 -0.00813293 3.37724e-05)
(1.25645e-05 -0.0127883 -0.0154365 -0.0127883 2.17438e-05 -0.00812044 -0.0154365 -0.00812044 7.43992e-05)
(6.99528e-05 -0.0127952 -0.0154298 -0.0127952 2.53419e-05 -0.00813236 -0.0154298 -0.00813236 4.76378e-05)
(7.32443e-05 -0.0127994 -0.0154248 -0.0127994 2.84542e-05 -0.00813405 -0.0154248 -0.00813405 4.30825e-05)
(-1.0623e-05 -0.012794 -0.0154339 -0.012794 3.56534e-05 -0.00811749 -0.0154339 -0.00811749 6.52169e-05)
(6.84847e-05 -0.0128023 -0.015444 -0.0128023 3.5036e-05 -0.00813376 -0.015444 -0.00813376 3.64686e-05)
(7.41825e-05 -0.0128003 -0.0154237 -0.0128003 5.74695e-05 -0.00814993 -0.0154237 -0.00814993 6.15565e-05)
(4.91385e-05 -0.012783 -0.0154398 -0.012783 1.81771e-05 -0.00812484 -0.0154398 -0.00812484 5.25569e-05)
(6.48537e-05 -0.0127945 -0.0154217 -0.0127945 2.67904e-05 -0.00813343 -0.0154217 -0.00813343 5.60323e-05)
(0.000163295 -0.0128079 -0.0153982 -0.0128079 3.46243e-05 -0.00813547 -0.0153982 -0.00813547 8.1149e-05)
(3.19178e-05 -0.0127876 -0.0154208 -0.0127876 2.26597e-05 -0.00812625 -0.0154208 -0.00812625 7.4152e-05)
(3.23419e-05 -0.0127827 -0.0154304 -0.0127827 2.26573e-05 -0.0081302 -0.0154304 -0.0081302 8.04196e-05)
(1.87869e-05 -0.0127894 -0.0154248 -0.0127894 2.46366e-05 -0.00812091 -0.0154248 -0.00812091 8.87586e-05)
(-1.72912e-05 -0.0127984 -0.0154344 -0.0127984 4.27757e-05 -0.00810739 -0.0154344 -0.00810739 0.000104215)
(3.7002e-05 -0.0127883 -0.0154236 -0.0127883 2.18868e-05 -0.00813 -0.0154236 -0.00813 5.6882e-05)
(5.48747e-05 -0.0127903 -0.0154131 -0.0127903 2.58218e-05 -0.00812951 -0.0154131 -0.00812951 8.99347e-05)
(8.08614e-05 -0.012814 -0.0154446 -0.012814 4.94884e-05 -0.00813211 -0.0154446 -0.00813211 3.07068e-05)
(4.49373e-05 -0.0127898 -0.0154184 -0.0127898 2.47484e-05 -0.00813114 -0.0154184 -0.00813114 7.17243e-05)
(-1.14751e-05 -0.0127969 -0.0154387 -0.0127969 3.34383e-05 -0.0081149 -0.0154387 -0.0081149 0.000104259)
(9.16466e-06 -0.01279 -0.0154319 -0.01279 2.22088e-05 -0.00812154 -0.0154319 -0.00812154 5.95731e-05)
(7.44712e-05 -0.0128054 -0.0154287 -0.0128054 3.99478e-05 -0.00813713 -0.0154287 -0.00813713 3.54118e-05)
(3.95735e-05 -0.0127909 -0.0154262 -0.0127909 2.19391e-05 -0.00812622 -0.0154262 -0.00812622 5.08878e-05)
(3.83906e-05 -0.0127817 -0.015436 -0.0127817 2.04288e-05 -0.00813014 -0.015436 -0.00813014 3.32719e-05)
(4.54619e-05 -0.0127895 -0.0154252 -0.0127895 3.43629e-05 -0.00812292 -0.0154252 -0.00812292 6.33716e-05)
(8.60266e-05 -0.0128014 -0.0154282 -0.0128014 3.01688e-05 -0.00813482 -0.0154282 -0.00813482 3.86894e-05)
(3.75396e-05 -0.0127891 -0.0154248 -0.0127891 2.20716e-05 -0.0081284 -0.0154248 -0.0081284 5.79997e-05)
(-9.04139e-05 -0.012813 -0.0154529 -0.012813 5.7988e-05 -0.00810568 -0.0154529 -0.00810568 8.43953e-05)
(4.71863e-06 -0.0127911 -0.0154337 -0.0127911 2.50134e-05 -0.0081226 -0.0154337 -0.0081226 5.82226e-05)
(1.51884e-05 -0.0127954 -0.0154351 -0.0127954 3.67222e-05 -0.00812062 -0.0154351 -0.00812062 6.53537e-05)
(1.22962e-05 -0.0127935 -0.0154414 -0.0127935 2.8711e-05 -0.00812952 -0.0154414 -0.00812952 4.60407e-05)
(6.21655e-05 -0.0128041 -0.0154346 -0.0128041 4.44645e-05 -0.00813503 -0.0154346 -0.00813503 2.92955e-05)
(6.43394e-05 -0.0128007 -0.0154243 -0.0128007 3.4794e-05 -0.00813786 -0.0154243 -0.00813786 4.42779e-05)
(-2.14457e-05 -0.0127964 -0.0154381 -0.0127964 3.88988e-05 -0.00811666 -0.0154381 -0.00811666 6.75049e-05)
(0.000100867 -0.0128008 -0.0154457 -0.0128008 3.0222e-05 -0.00813528 -0.0154457 -0.00813528 4.82963e-05)
(0.000134261 -0.0128019 -0.0154318 -0.0128019 3.25592e-05 -0.00813331 -0.0154318 -0.00813331 5.34414e-05)
(-8.99045e-06 -0.0128038 -0.0154531 -0.0128038 3.6705e-05 -0.0081105 -0.0154531 -0.0081105 9.86834e-05)
(2.27348e-05 -0.0127854 -0.0154361 -0.0127854 2.08376e-05 -0.00812341 -0.0154361 -0.00812341 7.98019e-05)
(8.97671e-05 -0.0128208 -0.0154253 -0.0128208 6.53336e-05 -0.00814444 -0.0154253 -0.00814444 3.58394e-05)
(3.57382e-05 -0.0127872 -0.0154255 -0.0127872 2.20381e-05 -0.00813021 -0.0154255 -0.00813021 6.19903e-05)
(-3.0072e-05 -0.0127993 -0.0154362 -0.0127993 4.52799e-05 -0.00810867 -0.0154362 -0.00810867 9.28242e-05)
(8.43567e-05 -0.0128189 -0.0154231 -0.0128189 6.61139e-05 -0.00814677 -0.0154231 -0.00814677 4.05156e-05)
(2.89794e-05 -0.0127875 -0.0154306 -0.0127875 1.95521e-05 -0.00812922 -0.0154306 -0.00812922 4.14476e-05)
(-1.49429e-05 -0.0128003 -0.0154429 -0.0128003 3.26859e-05 -0.00812413 -0.0154429 -0.00812413 4.55597e-05)
(6.7441e-05 -0.0127947 -0.0154195 -0.0127947 2.67098e-05 -0.00813285 -0.0154195 -0.00813285 5.44994e-05)
(9.42433e-05 -0.0127931 -0.0154052 -0.0127931 2.96289e-05 -0.00812171 -0.0154052 -0.00812171 0.000101337)
(3.71407e-05 -0.0127867 -0.0154275 -0.0127867 2.33378e-05 -0.00813323 -0.0154275 -0.00813323 4.96317e-05)
(4.65481e-05 -0.0127908 -0.0154244 -0.0127908 2.72066e-05 -0.00813549 -0.0154244 -0.00813549 5.22658e-05)
(2.15505e-05 -0.0127888 -0.0154227 -0.0127888 2.50913e-05 -0.00812065 -0.0154227 -0.00812065 7.22992e-05)
(1.41155e-05 -0.0127955 -0.0154264 -0.0127955 3.64142e-05 -0.00811536 -0.0154264 -0.00811536 0.000110861)
(6.8957e-05 -0.0127922 -0.0154122 -0.0127922 2.83419e-05 -0.00812146 -0.0154122 -0.00812146 9.59535e-05)
(5.22694e-05 -0.012793 -0.0154276 -0.012793 3.81517e-05 -0.00814048 -0.0154276 -0.00814048 4.3329e-05)
(3.86094e-06 -0.0127893 -0.0154336 -0.0127893 2.35488e-05 -0.00812437 -0.0154336 -0.00812437 5.37723e-05)
(5.16482e-05 -0.0127932 -0.0154254 -0.0127932 3.86502e-05 -0.00811825 -0.0154254 -0.00811825 8.07545e-05)
(4.19466e-05 -0.0127897 -0.0154195 -0.0127897 2.34512e-05 -0.00812643 -0.0154195 -0.00812643 8.3556e-05)
(3.29531e-05 -0.0127963 -0.0154335 -0.0127963 3.48624e-05 -0.00813371 -0.0154335 -0.00813371 0.000132491)
(-3.43546e-06 -0.0127877 -0.0154275 -0.0127877 2.4034e-05 -0.00811978 -0.0154275 -0.00811978 7.04192e-05)
(8.11744e-05 -0.0128047 -0.0154183 -0.0128047 5.56733e-05 -0.00815061 -0.0154183 -0.00815061 7.29088e-05)
(0.000119347 -0.0128257 -0.0154064 -0.0128257 8.97593e-05 -0.00815537 -0.0154064 -0.00815537 8.25776e-05)
(6.66634e-05 -0.0127947 -0.0154148 -0.0127947 3.03511e-05 -0.00813698 -0.0154148 -0.00813698 9.17076e-05)
(1.14938e-05 -0.0127911 -0.0154362 -0.0127911 2.60157e-05 -0.00811982 -0.0154362 -0.00811982 9.97246e-05)
(-1.07875e-05 -0.0128003 -0.0154433 -0.0128003 4.29341e-05 -0.00812569 -0.0154433 -0.00812569 5.4596e-05)
(4.28448e-05 -0.0127934 -0.0154544 -0.0127934 2.68107e-05 -0.00813571 -0.0154544 -0.00813571 5.02695e-05)
(9.94972e-06 -0.0127901 -0.0154365 -0.0127901 2.2193e-05 -0.00812809 -0.0154365 -0.00812809 3.77901e-05)
(-8.5238e-05 -0.0128065 -0.0154475 -0.0128065 7.82976e-05 -0.00810365 -0.0154475 -0.00810365 9.115e-05)
(5.19838e-05 -0.0128001 -0.0154338 -0.0128001 4.26006e-05 -0.00813641 -0.0154338 -0.00813641 3.18212e-05)
(0.000122572 -0.0128231 -0.0154079 -0.0128231 7.27055e-05 -0.00815444 -0.0154079 -0.00815444 8.47812e-05)
(4.24894e-05 -0.0127911 -0.0154247 -0.0127911 2.29194e-05 -0.00812577 -0.0154247 -0.00812577 6.28625e-05)
(-5.933e-06 -0.0127916 -0.0154337 -0.0127916 2.56725e-05 -0.00811845 -0.0154337 -0.00811845 6.76517e-05)
(4.2386e-05 -0.0127896 -0.0154217 -0.0127896 2.228e-05 -0.00813015 -0.0154217 -0.00813015 5.36304e-05)
(1.28596e-05 -0.0127889 -0.0154301 -0.0127889 2.3209e-05 -0.00812435 -0.0154301 -0.00812435 5.65161e-05)
(1.89372e-05 -0.0127851 -0.0154324 -0.0127851 2.46485e-05 -0.00812718 -0.0154324 -0.00812718 9.8932e-05)
(8.20131e-05 -0.0127971 -0.015439 -0.0127971 2.80135e-05 -0.00813465 -0.015439 -0.00813465 4.67327e-05)
(8.54421e-05 -0.012796 -0.0154377 -0.012796 3.13115e-05 -0.00813225 -0.0154377 -0.00813225 5.01182e-05)
(-2.43091e-05 -0.0128014 -0.0154438 -0.0128014 3.57939e-05 -0.0081254 -0.0154438 -0.0081254 3.99001e-05)
(5.19194e-05 -0.0127996 -0.015431 -0.0127996 3.6232e-05 -0.0081356 -0.015431 -0.0081356 2.74742e-05)
(7.8031e-05 -0.0128023 -0.0154282 -0.0128023 7.58378e-05 -0.0081445 -0.0154282 -0.0081445 3.25035e-05)
(-9.90843e-05 -0.012816 -0.0154616 -0.012816 6.10482e-05 -0.00810391 -0.0154616 -0.00810391 0.000108062)
(6.02485e-05 -0.0127898 -0.0154128 -0.0127898 2.59703e-05 -0.00812823 -0.0154128 -0.00812823 8.54523e-05)
(6.22443e-05 -0.0128008 -0.0154459 -0.0128008 3.43874e-05 -0.00813271 -0.0154459 -0.00813271 3.58331e-05)
(-9.72798e-06 -0.0127919 -0.0154346 -0.0127919 2.8453e-05 -0.00812041 -0.0154346 -0.00812041 5.89619e-05)
(3.94764e-05 -0.0127824 -0.0154324 -0.0127824 2.21853e-05 -0.00813227 -0.0154324 -0.00813227 4.26936e-05)
(6.60186e-05 -0.0128034 -0.0154426 -0.0128034 4.36647e-05 -0.00813278 -0.0154426 -0.00813278 3.36503e-05)
(5.98439e-05 -0.0127903 -0.0154118 -0.0127903 2.74997e-05 -0.00812119 -0.0154118 -0.00812119 9.22498e-05)
(-8.19107e-06 -0.0127988 -0.0154402 -0.0127988 4.74139e-05 -0.00812094 -0.0154402 -0.00812094 6.67623e-05)
(3.13901e-05 -0.0127879 -0.0154278 -0.0127879 2.24316e-05 -0.00813231 -0.0154278 -0.00813231 4.21477e-05)
(5.97663e-05 -0.0127925 -0.0154169 -0.0127925 3.34759e-05 -0.00814107 -0.0154169 -0.00814107 8.88923e-05)
(1.68081e-05 -0.0127952 -0.0154266 -0.0127952 3.95388e-05 -0.00811311 -0.0154266 -0.00811311 8.9908e-05)
(1.34631e-05 -0.0127867 -0.0154293 -0.0127867 2.01409e-05 -0.00812502 -0.0154293 -0.00812502 5.48024e-05)
(5.82539e-05 -0.0127965 -0.0154235 -0.0127965 2.76348e-05 -0.00813445 -0.0154235 -0.00813445 4.57253e-05)
(7.14138e-05 -0.0127976 -0.0154225 -0.0127976 2.52986e-05 -0.00813154 -0.0154225 -0.00813154 4.82689e-05)
(6.3211e-05 -0.0127992 -0.0154224 -0.0127992 4.16569e-05 -0.00814377 -0.0154224 -0.00814377 6.17426e-05)
(5.66115e-05 -0.0127932 -0.0154274 -0.0127932 2.33179e-05 -0.00813008 -0.0154274 -0.00813008 4.88974e-05)
(9.47167e-06 -0.0127883 -0.0154296 -0.0127883 2.13422e-05 -0.00812116 -0.0154296 -0.00812116 6.94816e-05)
(3.38471e-05 -0.0127848 -0.0154283 -0.0127848 2.17595e-05 -0.00812895 -0.0154283 -0.00812895 7.90136e-05)
(5.76485e-05 -0.0127932 -0.0154187 -0.0127932 2.78038e-05 -0.00813517 -0.0154187 -0.00813517 6.52046e-05)
(-7.52835e-06 -0.0127921 -0.0154343 -0.0127921 2.61769e-05 -0.00811668 -0.0154343 -0.00811668 7.46087e-05)
(-4.66767e-05 -0.0128034 -0.0154435 -0.0128034 4.30511e-05 -0.00810923 -0.0154435 -0.00810923 0.000102351)
(7.07172e-05 -0.0127941 -0.0154206 -0.0127941 2.61288e-05 -0.00813212 -0.0154206 -0.00813212 6.10843e-05)
(9.25659e-05 -0.01281 -0.0154238 -0.01281 4.54119e-05 -0.00814016 -0.0154238 -0.00814016 4.46393e-05)
(7.87829e-05 -0.0127995 -0.0154173 -0.0127995 3.31155e-05 -0.0081377 -0.0154173 -0.0081377 5.82137e-05)
(2.02525e-06 -0.0127943 -0.0154289 -0.0127943 4.37316e-05 -0.00811411 -0.0154289 -0.00811411 8.1973e-05)
(4.81367e-05 -0.0127803 -0.0154321 -0.0127803 2.52038e-05 -0.00813312 -0.0154321 -0.00813312 3.51549e-05)
(8.58113e-05 -0.0127913 -0.0154183 -0.0127913 3.24105e-05 -0.00812242 -0.0154183 -0.00812242 6.89574e-05)
(4.09468e-05 -0.0127911 -0.0154205 -0.0127911 2.44822e-05 -0.00812445 -0.0154205 -0.00812445 9.47637e-05)
(2.09198e-05 -0.0127942 -0.015443 -0.0127942 2.59638e-05 -0.00811757 -0.015443 -0.00811757 7.43029e-05)
(0.00010519 -0.0128141 -0.0154113 -0.0128141 6.49981e-05 -0.00815372 -0.0154113 -0.00815372 8.31003e-05)
(6.44229e-05 -0.012801 -0.0154239 -0.012801 2.96288e-05 -0.00813477 -0.0154239 -0.00813477 3.92764e-05)
(2.37173e-05 -0.0127883 -0.0154404 -0.0127883 2.00508e-05 -0.00813057 -0.0154404 -0.00813057 3.64412e-05)
(6.80089e-05 -0.0127956 -0.0154265 -0.0127956 3.43889e-05 -0.00813777 -0.0154265 -0.00813777 4.89695e-05)
(5.0313e-05 -0.0127942 -0.0154244 -0.0127942 3.04573e-05 -0.00813716 -0.0154244 -0.00813716 4.79734e-05)
(2.91559e-05 -0.0127877 -0.0154196 -0.0127877 2.36616e-05 -0.00812352 -0.0154196 -0.00812352 7.8684e-05)
(4.02519e-05 -0.0127931 -0.0154301 -0.0127931 4.22912e-05 -0.00812002 -0.0154301 -0.00812002 7.31978e-05)
(6.80773e-05 -0.0128145 -0.0154354 -0.0128145 6.76509e-05 -0.00813544 -0.0154354 -0.00813544 2.69142e-05)
(2.32281e-05 -0.0127908 -0.0154239 -0.0127908 2.82025e-05 -0.00811924 -0.0154239 -0.00811924 7.51921e-05)
(1.31333e-05 -0.012796 -0.0154422 -0.012796 2.81452e-05 -0.00812908 -0.0154422 -0.00812908 4.36717e-05)
(6.95645e-05 -0.012802 -0.0154304 -0.012802 5.66062e-05 -0.00813869 -0.0154304 -0.00813869 3.02156e-05)
