/*--------------------------------*- C++ -*----------------------------------*\
  =========                 |
  \\      /  F ield         | OpenFOAM: The Open Source CFD Toolbox
   \\    /   O peration     | Website:  https://openfoam.org
    \\  /    A nd           | Version:  10
     \\/     M anipulation  |
\*---------------------------------------------------------------------------*/
FoamFile
{
    format      ascii;
    class       volTensorField;
    location    "2";
    object      TauNN;
}
// * * * * * * * * * * * * * * * * * * * * * * * * * * * * * * * * * * * * * //

dimensions      [0 2 -2 0 0 0 0];

internalField   nonuniform List<tensor> 
25600
(
(-0.000736629 -0.00213212 0.00486427 -0.00213212 0.00875072 -0.00117523 0.00486427 -0.00117523 0.00806373)
(-0.000740093 -0.00171294 0.00485744 -0.00171294 0.00951867 -0.00137441 0.00485744 -0.00137441 0.0070048)
(-0.00188771 -0.0028431 0.00595071 -0.0028431 0.00974337 -0.00179915 0.00595071 -0.00179915 0.00819132)
(-3.24619e-06 -0.0026216 0.00481802 -0.0026216 0.00870641 -0.0026837 0.00481802 -0.0026837 0.00698612)
(0.00120783 -0.00206234 0.00421944 -0.00206234 0.00778916 -0.00272503 0.00421944 -0.00272503 0.00573322)
(0.000289482 -0.00229506 0.00479436 -0.00229506 0.00861066 -0.00254661 0.00479436 -0.00254661 0.00681824)
(0.000731347 -0.00280776 0.00511294 -0.00280776 0.00907842 -0.002558 0.00511294 -0.002558 0.00772053)
(0.000737241 -0.00256651 0.0047893 -0.00256651 0.00861838 -0.00273904 0.0047893 -0.00273904 0.00677482)
(0.00240348 -0.00232393 0.00394536 -0.00232393 0.0074699 -0.00291555 0.00394536 -0.00291555 0.00544648)
(0.0028223 -0.00230965 0.00389595 -0.00230965 0.00720406 -0.00292159 0.00389595 -0.00292159 0.0053484)
(2.25602e-05 -0.00206195 0.00473357 -0.00206195 0.00833093 -0.00246075 0.00473357 -0.00246075 0.00655262)
(-0.000505451 -0.00269042 0.00514536 -0.00269042 0.00909751 -0.00214955 0.00514536 -0.00214955 0.00812525)
(0.000408426 -0.00260508 0.0050284 -0.00260508 0.00891311 -0.00253377 0.0050284 -0.00253377 0.00743221)
(0.000225424 -0.00236573 0.00490917 -0.00236573 0.00864676 -0.00250808 0.00490917 -0.00250808 0.0070242)
(-0.000555314 -0.00289916 0.00522502 -0.00289916 0.00925778 -0.00185626 0.00522502 -0.00185626 0.00864359)
(0.0019728 -0.00337326 0.00561617 -0.00337326 0.00967947 -0.00194458 0.00561617 -0.00194458 0.00960604)
(0.00129063 -0.00278969 0.00502087 -0.00278969 0.00898849 -0.00271182 0.00502087 -0.00271182 0.00737589)
(0.00226848 -0.00243117 0.00430179 -0.00243117 0.00764663 -0.00290282 0.00430179 -0.00290282 0.00571725)
(0.000643298 -0.00215256 0.00463447 -0.00215256 0.00807082 -0.0025563 0.00463447 -0.0025563 0.00638136)
(-0.00166143 -0.00308097 0.00556913 -0.00308097 0.00961508 -0.00143805 0.00556913 -0.00143805 0.00880494)
(-0.0014497 -0.00270475 0.00597494 -0.00270475 0.00999142 -0.00195494 0.00597494 -0.00195494 0.0083595)
(0.0013544 -0.00328089 0.00551568 -0.00328089 0.00953722 -0.00200723 0.00551568 -0.00200723 0.0092472)
(0.00106603 -0.00284915 0.00515576 -0.00284915 0.00908702 -0.00260301 0.00515576 -0.00260301 0.00772914)
(0.000114486 -0.00294737 0.00523282 -0.00294737 0.00910207 -0.00244731 0.00523282 -0.00244731 0.00793327)
(-0.00012075 -0.00291297 0.00516745 -0.00291297 0.00907945 -0.00247641 0.00516745 -0.00247641 0.00779294)
(0.00151134 -0.00244394 0.00416235 -0.00244394 0.00790425 -0.00289422 0.00416235 -0.00289422 0.00587612)
(0.00349731 -0.00275741 0.0034064 -0.00275741 0.00693568 -0.0031356 0.0034064 -0.0031356 0.00518711)
(0.00181445 -0.00267613 0.00388094 -0.00267613 0.00757555 -0.00296261 0.00388094 -0.00296261 0.00582116)
(-0.000559962 -0.00255379 0.00491574 -0.00255379 0.00856267 -0.00240522 0.00491574 -0.00240522 0.00728125)
(0.00250405 -0.00196002 0.00362132 -0.00196002 0.00734028 -0.00264288 0.00362132 -0.00264288 0.00551187)
(0.00313432 -0.0026729 0.00285105 -0.0026729 0.00703045 -0.00300981 0.00285105 -0.00300981 0.00525144)
(0.00171769 -0.00286298 0.00336463 -0.00286298 0.00771444 -0.00283681 0.00336463 -0.00283681 0.00602674)
(0.00097237 -0.00266278 0.00375272 -0.00266278 0.00777751 -0.00278242 0.00375272 -0.00278242 0.00608735)
(-0.00084762 -0.00243984 0.0049106 -0.00243984 0.00861158 -0.00226818 0.0049106 -0.00226818 0.00740197)
(-0.00165783 -0.00268963 0.00503434 -0.00268963 0.00913747 -0.0010411 0.00503434 -0.0010411 0.00889025)
(-0.00174036 -0.00294264 0.00521399 -0.00294264 0.00921717 -0.00112033 0.00521399 -0.00112033 0.00886953)
(-0.00131067 -0.00248921 0.00511869 -0.00248921 0.00881892 -0.00168077 0.00511869 -0.00168077 0.00816125)
(-0.00133866 -0.00238296 0.00507639 -0.00238296 0.00877157 -0.00177042 0.00507639 -0.00177042 0.00793654)
(-0.00115601 -0.00240789 0.0050615 -0.00240789 0.00874889 -0.0020927 0.0050615 -0.0020927 0.00766323)
(0.00102541 -0.00178799 0.00440711 -0.00178799 0.00785648 -0.00230544 0.00440711 -0.00230544 0.00630509)
(0.00511469 -0.000185058 0.00645819 -0.000185058 0.00867401 -0.00218744 0.00645819 -0.00218744 0.00840681)
(0.0042416 -9.82126e-05 0.00335027 -9.82126e-05 0.00924236 -0.00104162 0.00335027 -0.00104162 0.00564103)
(0.00418051 0.000142521 0.00345346 0.000142521 0.00898852 -0.00105228 0.00345346 -0.00105228 0.00527914)
(0.00260047 0.000603382 0.00552784 0.000603382 0.00642874 -0.00271727 0.00552784 -0.00271727 0.00558991)
(0.00143637 -0.00118319 0.00604168 -0.00118319 0.00822219 -0.00278001 0.00604168 -0.00278001 0.0074727)
(0.000765843 -0.0032021 0.0044882 -0.0032021 0.00947611 -0.00237957 0.0044882 -0.00237957 0.0082091)
(0.000343759 -0.00367575 0.004631 -0.00367575 0.00954148 -0.00267503 0.004631 -0.00267503 0.00798387)
(-9.08731e-06 -0.0034341 0.00528768 -0.0034341 0.00958819 -0.00270624 0.00528768 -0.00270624 0.00801092)
(0.00271809 -0.0024705 0.00379452 -0.0024705 0.00870171 -0.00311286 0.00379452 -0.00311286 0.0058953)
(0.00904076 -0.00422118 0.00164069 -0.00422118 0.00897199 -0.00285867 0.00164069 -0.00285867 0.00652742)
(0.000951168 -0.00380502 0.00348216 -0.00380502 0.00898666 -0.00284435 0.00348216 -0.00284435 0.00776265)
(7.54434e-05 -0.00266277 0.00495978 -0.00266277 0.00939221 -0.00191742 0.00495978 -0.00191742 0.00841787)
(-0.000675388 -0.00292959 0.00575552 -0.00292959 0.0097391 -0.00233903 0.00575552 -0.00233903 0.00820475)
(0.000338904 -0.00351123 0.00479656 -0.00351123 0.00931917 -0.00239988 0.00479656 -0.00239988 0.00861417)
(0.00513862 -0.00140218 0.00361156 -0.00140218 0.00841687 -0.00141785 0.00361156 -0.00141785 0.00750755)
(-0.00052046 -0.00278389 0.00569435 -0.00278389 0.00992327 -0.00208188 0.00569435 -0.00208188 0.00802139)
(6.37346e-05 -0.0031205 0.0065883 -0.0031205 0.0101123 -0.00280389 0.0065883 -0.00280389 0.00832313)
(0.00178635 -0.00390683 0.00312697 -0.00390683 0.00900165 -0.00311361 0.00312697 -0.00311361 0.00720663)
(0.000740891 -0.00277315 0.00519251 -0.00277315 0.00894388 -0.0030509 0.00519251 -0.0030509 0.00859128)
(0.000735822 -0.00197671 0.0047268 -0.00197671 0.00918638 -0.00114418 0.0047268 -0.00114418 0.00849041)
(0.00398932 -0.00107041 0.00333547 -0.00107041 0.00927171 -0.00046397 0.00333547 -0.00046397 0.00722671)
(-0.000175332 -0.00227071 0.00552225 -0.00227071 0.00985675 -0.0019492 0.00552225 -0.0019492 0.00786695)
(0.00142694 -0.00358085 0.00632582 -0.00358085 0.00997018 -0.00254824 0.00632582 -0.00254824 0.00872091)
(0.000215011 -0.00340557 0.00580225 -0.00340557 0.00966674 -0.00272478 0.00580225 -0.00272478 0.00824403)
(-0.000182495 -0.00287608 0.00615692 -0.00287608 0.00966419 -0.00257477 0.00615692 -0.00257477 0.00789534)
(0.00206511 -0.00116017 0.00424469 -0.00116017 0.00798736 -0.00347197 0.00424469 -0.00347197 0.00578921)
(0.00431171 -0.00125934 0.002374 -0.00125934 0.0048026 -0.00482499 0.002374 -0.00482499 0.00639546)
(0.0030604 -0.00145684 0.00395973 -0.00145684 0.00631434 -0.00371643 0.00395973 -0.00371643 0.00629001)
(-0.000476978 -0.00148237 0.00572431 -0.00148237 0.00871091 -0.00209482 0.00572431 -0.00209482 0.00657831)
(0.00299823 6.4075e-06 0.0041781 6.4075e-06 0.00575488 -0.00256936 0.0041781 -0.00256936 0.00461978)
(0.00470632 0.0019586 0.00462195 0.0019586 0.00432094 -0.0021748 0.00462195 -0.0021748 0.00447243)
(0.00570857 0.00244689 0.00494966 0.00244689 0.00467421 -0.00185273 0.00494966 -0.00185273 0.00444784)
(0.00524036 0.00203711 0.0050681 0.00203711 0.00472418 -0.00212104 0.0050681 -0.00212104 0.00471342)
(0.00646204 0.00168846 0.00678494 0.00168846 0.00698969 -0.00176486 0.00678494 -0.00176486 0.00722)
(0.000581675 -0.000456728 0.00354152 -0.000456728 0.00895279 -0.00112539 0.00354152 -0.00112539 0.00690799)
(0.00010252 -0.000974889 0.00405625 -0.000974889 0.00927488 -0.00123615 0.00405625 -0.00123615 0.00686464)
(-0.000144544 -0.000745079 0.0050449 -0.000745079 0.00853998 -0.0016693 0.0050449 -0.0016693 0.0060373)
(0.001094 0.00053489 0.00507307 0.00053489 0.00853075 -0.00163949 0.00507307 -0.00163949 0.00640525)
(0.00254743 0.000280629 0.00590251 0.000280629 0.00864616 -0.00208644 0.00590251 -0.00208644 0.00752729)
(0.00161254 -0.00115351 0.00627441 -0.00115351 0.00888318 -0.00274889 0.00627441 -0.00274889 0.0087339)
(0.00786783 0.000119404 0.00455772 0.000119404 0.00799754 -0.000485706 0.00455772 -0.000485706 0.00591554)
(0.0140095 0.000229399 0.00398545 0.000229399 0.00749414 0.00132748 0.00398545 0.00132748 0.00796012)
(0.0198071 -0.00398653 0.00141626 -0.00398653 0.00951112 0.00141412 0.00141626 0.00141412 0.00752946)
(0.0124376 -0.000164464 0.00417599 -0.000164464 0.00876057 -0.00261855 0.00417599 -0.00261855 0.00478524)
(0.00816074 0.00112682 0.00389332 0.00112682 0.00630014 -0.00201968 0.00389332 -0.00201968 0.00411648)
(0.00672069 -0.00322901 0.00424217 -0.00322901 0.0100481 -0.00255742 0.00424217 -0.00255742 0.00465109)
(0.00994066 -0.00433096 0.000497285 -0.00433096 0.00889374 -0.00313252 0.000497285 -0.00313252 0.00531717)
(0.0092014 -0.006327 -0.000620421 -0.006327 0.0094776 -0.00332136 -0.000620421 -0.00332136 0.00463143)
(0.00603285 -0.00153492 0.00414061 -0.00153492 0.009399 -0.00330405 0.00414061 -0.00330405 0.00517119)
(0.00873293 0.000175408 0.00309253 0.000175408 0.00659058 -0.00338188 0.00309253 -0.00338188 0.00515097)
(0.00255577 -0.00348766 0.00492265 -0.00348766 0.00957047 -0.00223922 0.00492265 -0.00223922 0.00604713)
(0.00519683 -0.00202406 0.00481332 -0.00202406 0.00923529 -0.00161688 0.00481332 -0.00161688 0.00709808)
(0.0067999 -0.00526604 0.00283792 -0.00526604 0.0100025 -0.00366558 0.00283792 -0.00366558 0.00531665)
(0.00435645 -0.00451749 0.0044766 -0.00451749 0.0102253 -0.00285697 0.0044766 -0.00285697 0.00654629)
(0.00565974 -0.000139378 0.00376144 -0.000139378 0.00772685 -0.0014582 0.00376144 -0.0014582 0.00553795)
(0.00888486 -0.00318605 0.0022383 -0.00318605 0.00982293 0.000198776 0.0022383 0.000198776 0.00523065)
(0.0170793 -0.00838812 0.00300191 -0.00838812 0.0112822 -0.00421973 0.00300191 -0.00421973 0.00733101)
(0.00820627 -0.00594649 0.00323432 -0.00594649 0.0110082 -0.00390834 0.00323432 -0.00390834 0.00644288)
(-7.36333e-05 -0.00273213 0.0053532 -0.00273213 0.00919894 -0.00163411 0.0053532 -0.00163411 0.00767631)
(0.00568196 0.00069145 0.00438429 0.00069145 0.00822974 -0.000702084 0.00438429 -0.000702084 0.00606367)
(0.010176 0.000213697 0.00433174 0.000213697 0.00723903 -2.96785e-05 0.00433174 -2.96785e-05 0.00771879)
(0.0109751 0.00207059 0.003824 0.00207059 0.00559845 0.00315675 0.003824 0.00315675 0.00829883)
(0.0152855 -0.00585983 0.00390096 -0.00585983 0.0103046 -0.00316902 0.00390096 -0.00316902 0.00757915)
(0.00663891 -0.00459568 0.00573187 -0.00459568 0.0108277 -0.00260418 0.00573187 -0.00260418 0.00888161)
(0.00102586 -0.00375908 0.00618418 -0.00375908 0.0101737 -0.0023929 0.00618418 -0.0023929 0.00838316)
(0.00223549 -0.00389153 0.00551649 -0.00389153 0.0106966 -0.00312806 0.00551649 -0.00312806 0.00770856)
(0.00307535 -0.0013661 0.00281725 -0.0013661 0.00661655 -0.00464248 0.00281725 -0.00464248 0.00611363)
(0.00301837 -0.00259542 0.00341502 -0.00259542 0.00860197 -0.00336796 0.00341502 -0.00336796 0.00489833)
(0.00530644 -0.0030564 0.00490954 -0.0030564 0.0104188 -0.00136959 0.00490954 -0.00136959 0.00776053)
(0.00446547 -0.00287098 0.00446 -0.00287098 0.0104715 -0.00134014 0.00446 -0.00134014 0.00824002)
(0.00509717 -0.00159985 0.00374516 -0.00159985 0.00999154 -0.00112268 0.00374516 -0.00112268 0.00653999)
(0.00608515 -0.000900162 0.00331617 -0.000900162 0.00971928 -0.000916074 0.00331617 -0.000916074 0.00513792)
(0.00899296 -0.000681699 0.00311338 -0.000681699 0.00959523 -0.000628125 0.00311338 -0.000628125 0.00423604)
(0.0202481 -0.00313551 0.00113667 -0.00313551 0.0100445 0.00122012 0.00113667 0.00122012 0.00381615)
(0.0141288 -0.000387157 0.00395521 -0.000387157 0.00824575 0.00122121 0.00395521 0.00122121 0.00729858)
(0.0143625 -0.0025042 0.00405107 -0.0025042 0.00925069 0.000604924 0.00405107 0.000604924 0.00880716)
(0.00926133 -0.00367925 0.00407873 -0.00367925 0.0102877 -0.000882582 0.00407873 -0.000882582 0.00803259)
(0.0146177 -0.00331717 0.00294677 -0.00331717 0.0100983 0.000323826 0.00294677 0.000323826 0.00703425)
(0.0159533 -0.00314657 0.00341436 -0.00314657 0.00979042 0.000453434 0.00341436 0.000453434 0.0064377)
(0.00884347 -0.00292632 0.00474567 -0.00292632 0.00967708 -0.00114755 0.00474567 -0.00114755 0.00739219)
(0.0109313 -0.000432726 0.00239989 -0.000432726 0.00805833 -0.00136076 0.00239989 -0.00136076 0.00684113)
(0.0177731 -0.00375389 -0.00257028 -0.00375389 0.00842331 -0.000634738 -0.00257028 -0.000634738 0.00975388)
(0.0205925 -0.00196485 -0.000646178 -0.00196485 0.00612906 0.000283468 -0.000646178 0.000283468 0.00725827)
(0.00786158 -0.00072095 -0.00059394 -0.00072095 0.00489792 -0.00312799 -0.00059394 -0.00312799 0.00591771)
(0.0136991 -5.54714e-05 0.0029423 -5.54714e-05 0.00707703 -0.00145573 0.0029423 -0.00145573 0.0107114)
(0.0146484 0.00118952 0.00492965 0.00118952 0.00685638 -0.00111501 0.00492965 -0.00111501 0.00982532)
(0.0102228 -0.00234166 0.000325445 -0.00234166 0.00722069 -0.00224834 0.000325445 -0.00224834 0.00982855)
(0.0119618 -0.0012544 0.00166905 -0.0012544 0.00448395 -0.00353052 0.00166905 -0.00353052 0.0105109)
(0.00940097 -0.00321115 0.00396243 -0.00321115 0.00929101 -0.00257153 0.00396243 -0.00257153 0.00747359)
(0.00563571 0.000954463 0.00514338 0.000954463 0.00707976 -0.00267082 0.00514338 -0.00267082 0.00542564)
(0.0119351 -0.000231236 0.00467855 -0.000231236 0.00829086 -0.00199809 0.00467855 -0.00199809 0.00761131)
(0.0113896 -0.00176293 0.00285778 -0.00176293 0.00832318 -0.00186256 0.00285778 -0.00186256 0.00905757)
(0.00584111 -0.00154276 0.00052836 -0.00154276 0.00320249 -0.00273803 0.00052836 -0.00273803 0.00754775)
(0.0131026 -0.00235253 -6.07315e-05 -0.00235253 0.00753404 -0.00179133 -6.07315e-05 -0.00179133 0.0105596)
(0.0052574 -0.00256444 0.00473901 -0.00256444 0.00919665 -0.00269293 0.00473901 -0.00269293 0.00843963)
(0.0107986 -0.00398371 -0.00352175 -0.00398371 0.0108529 -0.00199777 -0.00352175 -0.00199777 0.00781229)
(0.00791772 -0.00346775 0.000982426 -0.00346775 0.0087991 0.00137714 0.000982426 0.00137714 0.00674104)
(0.024932 -0.003407 0.00243345 -0.003407 0.00835837 -0.0031865 0.00243345 -0.0031865 0.00593414)
(0.000635665 -0.00309486 0.00469407 -0.00309486 0.00954193 -0.00232585 0.00469407 -0.00232585 0.00800927)
(0.0131198 -8.80994e-05 0.00375737 -8.80994e-05 0.00835568 -0.000762989 0.00375737 -0.000762989 0.00834963)
(0.0176181 -0.00239725 -0.00263451 -0.00239725 0.00720117 0.00229979 -0.00263451 0.00229979 0.00856468)
(0.0129333 0.00248927 0.00111746 0.00248927 0.00417982 -0.00170874 0.00111746 -0.00170874 0.00760977)
(0.000392748 0.000643327 0.000163093 0.000643327 0.00441012 0.000237748 0.000163093 0.000237748 0.00258393)
(0.0136007 -0.00263457 0.0032761 -0.00263457 0.00827948 -0.00198566 0.0032761 -0.00198566 0.00661219)
(0.0152072 -0.00537523 0.00305056 -0.00537523 0.00965928 -0.00322997 0.00305056 -0.00322997 0.00701391)
(0.0155314 -0.00546516 0.00134084 -0.00546516 0.00991396 -0.0032183 0.00134084 -0.0032183 0.00559447)
(0.0114776 -0.00604843 -0.000530212 -0.00604843 0.00912463 -0.00303378 -0.000530212 -0.00303378 0.00475261)
(0.0096713 -0.0050891 -0.00112102 -0.0050891 0.00855753 -0.00329505 -0.00112102 -0.00329505 0.0051128)
(0.00822876 -0.00265769 -0.000349105 -0.00265769 0.0112116 -0.00359999 -0.000349105 -0.00359999 0.00660849)
(0.019087 -0.00233146 -0.000769473 -0.00233146 0.00623639 0.00226535 -0.000769473 0.00226535 0.0120256)
(0.0285205 -0.00366497 -0.00422569 -0.00366497 0.00861762 0.00318209 -0.00422569 0.00318209 0.00918536)
(0.0251514 -0.00130576 0.00144581 -0.00130576 0.00839073 0.00127826 0.00144581 0.00127826 0.00730086)
(0.0222935 -0.00280449 -0.00445126 -0.00280449 0.007214 0.00425505 -0.00445126 0.00425505 0.0118057)
(0.0181709 -0.00150802 -0.00157978 -0.00150802 0.00680944 0.00285497 -0.00157978 0.00285497 0.0111346)
(0.0144394 -0.000443923 0.000111661 -0.000443923 0.00815643 -0.00219668 0.000111661 -0.00219668 0.00896414)
(0.0120391 -0.00318487 -0.00556078 -0.00318487 0.00810373 -0.000296633 -0.00556078 -0.000296633 0.00904726)
(0.0233493 -0.0033155 -0.00421608 -0.0033155 0.00751825 0.00390446 -0.00421608 0.00390446 0.00981887)
(0.0241858 -0.0016188 0.00241114 -0.0016188 0.00881555 -0.000247482 0.00241114 -0.000247482 0.00791168)
(0.0164197 -0.000137054 0.00561461 -0.000137054 0.00816083 -0.000772156 0.00561461 -0.000772156 0.00875065)
(0.0125613 -0.00262203 0.00280087 -0.00262203 0.00963378 -0.00246085 0.00280087 -0.00246085 0.0100915)
(0.0122788 -0.000391415 0.00376425 -0.000391415 0.00849117 -0.000849957 0.00376425 -0.000849957 0.00717214)
(0.0154199 -0.000141406 0.00184288 -0.000141406 0.00592177 0.00267567 0.00184288 0.00267567 0.0084344)
(0.0127417 0.00169693 0.00346597 0.00169693 0.00650104 0.00137364 0.00346597 0.00137364 0.00672679)
(0.00853753 -8.50437e-05 0.000310529 -8.50437e-05 0.00748936 -0.00190117 0.000310529 -0.00190117 0.00432852)
(0.00619797 -0.00142767 -0.000650013 -0.00142767 0.00565488 -0.00193265 -0.000650013 -0.00193265 0.00452749)
(0.00759369 -0.00120936 0.00211187 -0.00120936 0.00797597 -0.000828354 0.00211187 -0.000828354 0.00578934)
(0.00208287 -0.00224473 -0.000733491 -0.00224473 0.00494068 -0.00258277 -0.000733491 -0.00258277 0.00679634)
(0.00313108 -0.00261178 0.000356236 -0.00261178 0.00510899 -0.00307124 0.000356236 -0.00307124 0.00634752)
(0.00284181 -0.00192647 0.000697341 -0.00192647 0.00700299 -0.00181492 0.000697341 -0.00181492 0.00394407)
(0.0148867 -0.00141778 0.00426164 -0.00141778 0.00868939 -0.0019053 0.00426164 -0.0019053 0.00629779)
(0.0136569 8.76151e-05 0.00366726 8.76151e-05 0.00836907 -0.00144121 0.00366726 -0.00144121 0.00519738)
(0.0105202 -0.000406487 0.00244215 -0.000406487 0.00866566 -0.00197195 0.00244215 -0.00197195 0.00385831)
(0.00366178 -0.00286966 0.000791613 -0.00286966 0.00677868 -0.00330316 0.000791613 -0.00330316 0.00461555)
(0.00670916 -0.00242358 -0.00106542 -0.00242358 0.00384405 4.78504e-05 -0.00106542 4.78504e-05 0.00828136)
(0.0125057 -0.000176856 0.0033824 -0.000176856 0.00868348 -0.00243107 0.0033824 -0.00243107 0.00529822)
(0.0144309 0.00022082 0.00335047 0.00022082 0.00841801 -0.000419335 0.00335047 -0.000419335 0.00354519)
(0.00887419 -0.00383491 -0.000882267 -0.00383491 0.0107788 -0.000646187 -0.000882267 -0.000646187 0.00762245)
(0.00250866 -0.00322152 0.00123546 -0.00322152 0.00771914 -0.00364046 0.00123546 -0.00364046 0.00393163)
(0.00806418 -0.00373714 0.00489659 -0.00373714 0.0100867 -0.00223698 0.00489659 -0.00223698 0.0079243)
(0.00657832 -0.000765154 0.000308463 -0.000765154 0.00805017 0.000464 0.000308463 0.000464 0.00642739)
(0.0101921 -0.00228424 0.00153391 -0.00228424 0.00790513 -0.00120948 0.00153391 -0.00120948 0.0105301)
(0.0108676 0.00163761 0.00169516 0.00163761 0.00557289 0.00345781 0.00169516 0.00345781 0.00818506)
(0.00245707 -0.0011131 0.000595573 -0.0011131 0.00504816 -0.00109394 0.000595573 -0.00109394 0.0047662)
(0.0111896 0.0010164 0.00323197 0.0010164 0.00620297 0.00157839 0.00323197 0.00157839 0.00711235)
(0.0025375 -0.000307932 0.000360979 -0.000307932 0.00583648 0.000839489 0.000360979 0.000839489 0.00289502)
(0.01538 -0.00437358 0.00222424 -0.00437358 0.00960075 -0.004602 0.00222424 -0.004602 0.0053064)
(0.00742316 -0.00515394 0.00283327 -0.00515394 0.0103139 -0.00303529 0.00283327 -0.00303529 0.00707284)
(0.00566085 -0.00350094 0.00299048 -0.00350094 0.00872842 -0.00299566 0.00299048 -0.00299566 0.00600103)
(0.0147948 -0.00102801 -0.000425493 -0.00102801 0.00728508 0.00212665 -0.000425493 0.00212665 0.00601288)
(0.0134937 -0.00242499 0.00232665 -0.00242499 0.0102256 -0.00178844 0.00232665 -0.00178844 0.0124657)
(0.0197289 0.000942056 -0.000956951 0.000942056 0.00533376 0.00408867 -0.000956951 0.00408867 0.0108641)
(0.0181768 0.000807005 0.000714341 0.000807005 0.00573792 0.00403075 0.000714341 0.00403075 0.00988452)
(0.0198966 -0.00244071 -0.000145531 -0.00244071 0.00773274 0.00236451 -0.000145531 0.00236451 0.0092775)
(0.0175693 0.000805691 0.00243923 0.000805691 0.00669075 0.00335379 0.00243923 0.00335379 0.00848639)
(0.0121923 -0.00245541 -0.00229286 -0.00245541 0.0113183 -0.00205791 -0.00229286 -0.00205791 0.00951786)
(0.0121813 -0.00474156 -0.00547332 -0.00474156 0.0118629 -0.00277447 -0.00547332 -0.00277447 0.00966724)
(0.0127738 -0.00185609 -0.000209127 -0.00185609 0.00628003 0.00280149 -0.000209127 0.00280149 0.00736086)
(0.0197867 -0.00474103 -0.0011395 -0.00474103 0.00886697 0.00254364 -0.0011395 0.00254364 0.00836111)
(0.0202461 -0.00280237 -0.00308606 -0.00280237 0.00880857 0.00198099 -0.00308606 0.00198099 0.00692868)
(0.013904 -0.00242022 0.00317511 -0.00242022 0.0093083 -0.000209207 0.00317511 -0.000209207 0.00512977)
(0.0117675 -0.000533212 0.002743 -0.000533212 0.00827293 -0.000960895 0.002743 -0.000960895 0.00859045)
(0.016339 -0.000144235 0.000824083 -0.000144235 0.00741838 0.00142043 0.000824083 0.00142043 0.00803883)
(0.00999241 -0.00151937 -0.000439439 -0.00151937 0.00611547 0.000307559 -0.000439439 0.000307559 0.00315061)
(0.0115722 -0.00149124 0.00238891 -0.00149124 0.00755733 -0.00136597 0.00238891 -0.00136597 0.00980604)
(0.00724445 -0.000388067 -0.00126613 -0.000388067 0.00394271 -0.00308267 -0.00126613 -0.00308267 0.00627407)
(0.00327108 -0.00108099 -0.00227565 -0.00108099 0.00550888 0.00168564 -0.00227565 0.00168564 0.00656265)
(0.00264881 -0.00143645 0.00012648 -0.00143645 0.00281809 -0.000282041 0.00012648 -0.000282041 0.00789524)
(0.0141999 -0.00310878 -1.86274e-05 -0.00310878 0.00892691 -0.00315419 -1.86274e-05 -0.00315419 0.00807385)
(0.0110128 -0.00286884 -0.000178318 -0.00286884 0.00888684 -0.00286729 -0.000178318 -0.00286729 0.00800612)
(0.014417 -0.000220625 0.00260958 -0.000220625 0.00791556 8.73338e-05 0.00260958 8.73338e-05 0.00915088)
(0.0163362 0.00208237 0.00550577 0.00208237 0.00751603 -0.000712467 0.00550577 -0.000712467 0.0046231)
(0.017581 0.00105299 0.00560579 0.00105299 0.00799985 -0.00156309 0.00560579 -0.00156309 0.00748707)
(0.00552232 -0.00188832 0.000480071 -0.00188832 0.00613133 -0.00337155 0.000480071 -0.00337155 0.00604291)
(0.000852212 -0.000165004 -0.00132064 -0.000165004 0.00517915 0.000138151 -0.00132064 0.000138151 0.00989819)
(0.0113543 -0.00236494 0.00230364 -0.00236494 0.00842215 -0.00225721 0.00230364 -0.00225721 0.00816624)
(0.00918808 -0.00380744 0.0038238 -0.00380744 0.0091688 -0.00286272 0.0038238 -0.00286272 0.00651893)
(0.000851354 0.000970086 0.000569621 0.000970086 0.00322259 -0.000226061 0.000569621 -0.000226061 0.00169124)
(0.00352434 -0.00171455 0.00101659 -0.00171455 0.00738337 -0.00205815 0.00101659 -0.00205815 0.00583345)
(0.00969366 -0.00212993 0.00275912 -0.00212993 0.00826437 -0.00124461 0.00275912 -0.00124461 0.00568903)
(0.00777364 -0.00075383 -0.00129315 -0.00075383 0.00571139 0.00366369 -0.00129315 0.00366369 0.00728262)
(0.0146892 -0.000399762 0.000354413 -0.000399762 0.00553252 0.00105381 0.000354413 0.00105381 0.0124927)
(0.00772771 -0.000176955 -0.000319895 -0.000176955 0.00606024 0.00134198 -0.000319895 0.00134198 0.0042038)
(0.00419145 -0.000850038 0.000106335 -0.000850038 0.00611485 -0.00113655 0.000106335 -0.00113655 0.001576)
(0.0100814 0.000858145 0.00121114 0.000858145 0.00615655 0.000628509 0.00121114 0.000628509 0.0068151)
(0.0120096 -0.000316221 0.00014974 -0.000316221 0.0076419 -0.00176938 0.00014974 -0.00176938 0.0057264)
(0.0134945 -0.0046867 0.000565959 -0.0046867 0.00881314 -0.00352838 0.000565959 -0.00352838 0.00547779)
(0.0115658 -0.00593736 -0.000438375 -0.00593736 0.00939659 -0.00370826 -0.000438375 -0.00370826 0.00427055)
(0.0133873 -0.00559378 -0.000659735 -0.00559378 0.0100319 -0.00304363 -0.000659735 -0.00304363 0.00618897)
(0.014579 -0.000506167 0.00127541 -0.000506167 0.00845434 -0.0015823 0.00127541 -0.0015823 0.00771349)
(0.0156114 0.000224653 0.000623358 0.000224653 0.00627694 0.00250259 0.000623358 0.00250259 0.00892172)
(0.0169812 -0.000252373 -6.97691e-05 -0.000252373 0.00595794 0.0024762 -6.97691e-05 0.0024762 0.0129402)
(0.0183876 -0.00232228 -0.0024557 -0.00232228 0.00618691 0.00294222 -0.0024557 0.00294222 0.0106512)
(0.0172321 -0.00177694 0.000577068 -0.00177694 0.00880896 -0.000541256 0.000577068 -0.000541256 0.00932374)
(0.0169443 -0.000954929 0.001268 -0.000954929 0.00820456 0.000521854 0.001268 0.000521854 0.00888394)
(0.013131 -0.0013934 0.00166539 -0.0013934 0.010231 -0.00394839 0.00166539 -0.00394839 0.00898702)
(0.0102311 -0.00243169 0.00103248 -0.00243169 0.0101418 -0.00357384 0.00103248 -0.00357384 0.00784173)
(0.0100806 -0.00139047 -0.00102004 -0.00139047 0.00686602 0.000483611 -0.00102004 0.000483611 0.00407024)
(0.0170346 -0.0010299 -0.00271125 -0.0010299 0.0053332 0.00400508 -0.00271125 0.00400508 0.0114371)
(0.0228278 -0.00104837 -0.00307942 -0.00104837 0.00657775 0.00388516 -0.00307942 0.00388516 0.0105685)
(0.018146 -0.00110196 0.00345563 -0.00110196 0.00887606 -0.000529546 0.00345563 -0.000529546 0.00748441)
(0.01546 0.00152759 0.00316509 0.00152759 0.00692882 -0.00110313 0.00316509 -0.00110313 0.00533694)
(0.0110511 3.82466e-05 0.00033839 3.82466e-05 0.00712214 0.00199575 0.00033839 0.00199575 0.00423634)
(0.0108437 0.000269928 0.000545876 0.000269928 0.00642684 0.0015941 0.000545876 0.0015941 0.00497062)
(0.0037598 0.000346434 -1.9555e-05 0.000346434 0.00308568 -0.000616585 -1.9555e-05 -0.000616585 0.00171205)
(0.00917142 -0.00113309 0.00161822 -0.00113309 0.00824925 -0.000855215 0.00161822 -0.000855215 0.00498441)
(0.00741736 -0.00428117 -0.000529209 -0.00428117 0.00988843 0.00147043 -0.000529209 0.00147043 0.00524027)
(0.00422688 -0.00292923 -0.00123076 -0.00292923 0.00456497 -0.00228452 -0.00123076 -0.00228452 0.00984566)
(0.0073894 -0.00440322 -0.00111245 -0.00440322 0.0083266 -0.00325804 -0.00111245 -0.00325804 0.0048603)
(0.00836386 -0.00130442 6.56107e-05 -0.00130442 0.00776478 -0.0027581 6.56107e-05 -0.0027581 0.00547009)
(0.0125879 -0.001314 0.00201581 -0.001314 0.00816186 -0.000429753 0.00201581 -0.000429753 0.00648483)
(0.017848 -0.0018492 0.00330185 -0.0018492 0.0095684 -0.00104255 0.00330185 -0.00104255 0.00346004)
(0.0148499 4.94244e-05 0.00469637 4.94244e-05 0.00800279 -0.00156958 0.00469637 -0.00156958 0.00563103)
(0.00258504 -0.00120148 0.000281408 -0.00120148 0.00526363 -0.00302368 0.000281408 -0.00302368 0.00409478)
(0.00493264 -0.000826565 -0.000987573 -0.000826565 0.00528693 -0.00346773 -0.000987573 -0.00346773 0.0056226)
(0.00260523 -0.00346786 0.00124453 -0.00346786 0.00840925 -0.00264001 0.00124453 -0.00264001 0.00516206)
(0.000755564 -0.000152436 0.000644019 -0.000152436 0.00525139 -0.00245854 0.000644019 -0.00245854 0.00335314)
(0.00513186 -0.00123098 0.000294074 -0.00123098 0.00645547 0.000467052 0.000294074 0.000467052 0.00489774)
(0.000833709 -0.00180692 0.00085482 -0.00180692 0.00692135 -0.00224234 0.00085482 -0.00224234 0.00293794)
(0.00611107 0.00039525 0.00259485 0.00039525 0.00659369 0.000318679 0.00259485 0.000318679 0.00433151)
(0.0103484 0.000948523 0.00063871 0.000948523 0.00509463 0.00329947 0.00063871 0.00329947 0.00860252)
(0.013815 0.00034788 -6.99228e-05 0.00034788 0.00502643 0.00329708 -6.99228e-05 0.00329708 0.0104011)
(0.00294481 0.00170235 0.00055171 0.00170235 0.00433655 0.00150035 0.00055171 0.00150035 0.00266271)
(0.00300682 0.000344382 0.00108321 0.000344382 0.00413163 -0.00121529 0.00108321 -0.00121529 0.00207294)
(0.00630318 -0.000923027 0.00197545 -0.000923027 0.00570332 -0.000701166 0.00197545 -0.000701166 0.00651554)
(0.0120562 0.00116274 0.00267053 0.00116274 0.00705884 -0.000958668 0.00267053 -0.000958668 0.00636849)
(0.0142041 -0.00395496 0.00150452 -0.00395496 0.00877341 -0.00314437 0.00150452 -0.00314437 0.00562969)
(0.015564 -0.00264822 0.000927627 -0.00264822 0.00693902 -0.00281045 0.000927627 -0.00281045 0.00958479)
(0.00902839 -0.00367441 0.000908516 -0.00367441 0.00855553 -0.00303568 0.000908516 -0.00303568 0.00600177)
(0.0124433 -0.00115742 0.00290194 -0.00115742 0.00880116 -0.00149466 0.00290194 -0.00149466 0.00791843)
(0.0118298 0.0009725 0.00261787 0.0009725 0.00697008 -0.000268352 0.00261787 -0.000268352 0.00704866)
(0.0146365 0.000176762 -0.00316308 0.000176762 0.00632732 0.00390299 -0.00316308 0.00390299 0.0113829)
(0.0153856 0.000244689 0.00100254 0.000244689 0.00495675 0.00128748 0.00100254 0.00128748 0.0133156)
(0.0176821 -0.00289935 0.00113962 -0.00289935 0.00877192 0.000988243 0.00113962 0.000988243 0.00790741)
(0.0152184 -0.00296865 0.00193321 -0.00296865 0.00896846 -0.000595279 0.00193321 -0.000595279 0.00813791)
(0.0151468 0.000674786 0.0016054 0.000674786 0.00714915 0.00210463 0.0016054 0.00210463 0.00595857)
(0.0155368 0.0020191 0.00375502 0.0020191 0.00731052 0.000762208 0.00375502 0.000762208 0.00575897)
(0.0101839 0.000509593 0.0011871 0.000509593 0.00578756 0.00167416 0.0011871 0.00167416 0.00597967)
(0.0163884 0.000224179 -0.00057795 0.000224179 0.00542329 0.003571 -0.00057795 0.003571 0.0106444)
(0.0195173 -0.00290473 -0.0059308 -0.00290473 0.00705378 0.00504571 -0.0059308 0.00504571 0.00946495)
(0.0200005 -0.00255379 0.00127305 -0.00255379 0.00896352 0.000819473 0.00127305 0.000819473 0.0060526)
(0.0160813 0.000614217 0.00404688 0.000614217 0.0076653 -0.000266832 0.00404688 -0.000266832 0.00779008)
(0.0130528 0.000489964 0.00170897 0.000489964 0.00715831 0.00155725 0.00170897 0.00155725 0.00677672)
(0.00918367 -0.000848036 0.00111811 -0.000848036 0.00772502 -0.00050095 0.00111811 -0.00050095 0.00573508)
(0.00329806 -7.40625e-05 0.000315517 -7.40625e-05 0.0045762 -0.000131895 0.000315517 -0.000131895 0.00175027)
(0.0163443 -0.00199504 0.00316981 -0.00199504 0.00873404 -0.0012142 0.00316981 -0.0012142 0.00833116)
(0.00312397 -0.000230438 -0.000329395 -0.000230438 0.0017211 0.000795097 -0.000329395 0.000795097 0.00209802)
(0.00409886 -0.0026911 -0.000678984 -0.0026911 0.00327313 -3.59397e-06 -0.000678984 -3.59397e-06 0.0105344)
(0.00332799 -0.000857471 8.18595e-05 -0.000857471 0.0027345 -0.000712883 8.18595e-05 -0.000712883 0.0109973)
(0.00579901 -0.00320292 0.000501463 -0.00320292 0.00897899 -0.000181711 0.000501463 -0.000181711 0.00844778)
(0.00403648 -0.000878084 -8.39029e-05 -0.000878084 0.00543925 -0.000502907 -8.39029e-05 -0.000502907 0.00101462)
(0.00568604 -0.00142991 1.2571e-05 -0.00142991 0.00757084 -0.00140724 1.2571e-05 -0.00140724 0.00162931)
(0.00249164 0.000419599 -0.000488085 0.000419599 0.00573589 -0.00170726 -0.000488085 -0.00170726 0.00238937)
(0.00333635 -0.000778274 0.0011207 -0.000778274 0.0018326 7.28704e-05 0.0011207 7.28704e-05 0.00389445)
(0.00777924 -0.00159582 0.000936259 -0.00159582 0.00786582 -0.00187307 0.000936259 -0.00187307 0.00924196)
(0.00114157 -0.00102384 -0.00207899 -0.00102384 0.00555639 0.00127665 -0.00207899 0.00127665 0.00642918)
(0.00756034 -0.00508605 -0.00069312 -0.00508605 0.0106592 -0.000123095 -0.00069312 -0.000123095 0.00738511)
(0.0114803 -0.00458446 -0.000284326 -0.00458446 0.0108193 -0.000700081 -0.000284326 -0.000700081 0.00838723)
(0.00294416 -0.00027772 0.000301994 -0.00027772 0.00630683 0.000294577 0.000301994 0.000294577 0.00273528)
(0.00503868 0.00106546 0.0016064 0.00106546 0.00607868 0.000933755 0.0016064 0.000933755 0.00366436)
(0.00492897 0.000865664 -0.000726799 0.000865664 0.00234787 0.00155497 -0.000726799 0.00155497 0.00908526)
(0.0126798 -0.000409944 -0.00125028 -0.000409944 0.00530756 0.00374896 -0.00125028 0.00374896 0.00967051)
(0.00465243 0.000204454 0.000487015 0.000204454 0.00563945 0.00139682 0.000487015 0.00139682 0.0029701)
(0.00449874 -0.00030777 -0.000577701 -0.00030777 0.0081862 0.00082355 -0.000577701 0.00082355 0.00526917)
(0.00382957 0.000835204 0.00124397 0.000835204 0.00284072 0.00103592 0.00124397 0.00103592 0.00562121)
(0.00590437 0.000745844 -0.000294721 0.000745844 0.006159 -2.70475e-05 -0.000294721 -2.70475e-05 0.00297169)
(0.0109619 -0.000581548 -8.62963e-06 -0.000581548 0.00714174 -0.00133751 -8.62963e-06 -0.00133751 0.00536651)
(0.0116165 -0.00410667 0.000220954 -0.00410667 0.00796674 -0.00299501 0.000220954 -0.00299501 0.00651377)
(0.011339 -0.00273542 0.00296026 -0.00273542 0.00832576 -0.00266168 0.00296026 -0.00266168 0.00743073)
(0.00966681 -0.00331626 0.00248492 -0.00331626 0.00892917 -0.00233261 0.00248492 -0.00233261 0.00782915)
(0.0118763 -0.00269448 0.000326371 -0.00269448 0.00834748 -0.00219904 0.000326371 -0.00219904 0.00657063)
(0.0149421 -0.000962824 -0.00213566 -0.000962824 0.0053858 0.00345398 -0.00213566 0.00345398 0.010751)
(0.0155504 0.000936754 0.000400493 0.000936754 0.00552701 0.00354131 0.000400493 0.00354131 0.0109728)
(0.0141464 -0.00262519 0.00223437 -0.00262519 0.00867399 -0.000190295 0.00223437 -0.000190295 0.00567363)
(0.01533 -0.000705095 0.00341325 -0.000705095 0.00806839 -0.00156105 0.00341325 -0.00156105 0.00734132)
(0.0112685 -0.000798086 0.0003202 -0.000798086 0.00862344 -0.00228577 0.0003202 -0.00228577 0.00723714)
(0.0140191 0.000670638 0.0017047 0.000670638 0.00845743 -0.00174381 0.0017047 -0.00174381 0.0082979)
(0.012675 -0.000657858 0.00232769 -0.000657858 0.00838971 -0.000909199 0.00232769 -0.000909199 0.00854344)
(0.0146902 -0.00329088 -0.0028017 -0.00329088 0.00709291 0.000904866 -0.0028017 0.000904866 0.00526527)
(0.0163317 0.000922523 -0.000588561 0.000922523 0.00555543 0.00372718 -0.000588561 0.00372718 0.0111064)
(0.0148775 -0.00144805 0.000562485 -0.00144805 0.00733017 0.00260551 0.000562485 0.00260551 0.00784475)
(0.0139295 -0.00186273 3.35462e-05 -0.00186273 0.00755875 0.00200143 3.35462e-05 0.00200143 0.00604967)
(0.0118994 -9.38168e-05 -0.00144457 -9.38168e-05 0.00653077 0.00267654 -0.00144457 0.00267654 0.00622602)
(0.0143809 0.000669718 0.00090746 0.000669718 0.00684053 0.00191475 0.00090746 0.00191475 0.00436372)
(0.00790023 4.29712e-05 0.000468122 4.29712e-05 0.00666829 0.000791402 0.000468122 0.000791402 0.00331162)
(0.0165298 -0.000970425 0.00330096 -0.000970425 0.0083939 -0.00106542 0.00330096 -0.00106542 0.00570479)
(0.0145057 -0.00210169 0.00343547 -0.00210169 0.00903652 -0.00163987 0.00343547 -0.00163987 0.0054269)
(0.00775471 -0.00481836 -0.00018489 -0.00481836 0.0102462 0.00103791 -0.00018489 0.00103791 0.00601845)
(0.0136479 -0.00482433 0.0015097 -0.00482433 0.0106968 0.00043474 0.0015097 0.00043474 0.00838156)
(0.0115969 -0.00466526 0.00134884 -0.00466526 0.0103035 0.00072235 0.00134884 0.00072235 0.00760409)
(0.00501769 -0.000720996 0.000701429 -0.000720996 0.00848999 -0.000373835 0.000701429 -0.000373835 0.00220184)
(0.00665715 -0.00536113 -0.000807234 -0.00536113 0.0110218 0.00012664 -0.000807234 0.00012664 0.0062123)
(0.00767499 -0.00540842 -0.00102782 -0.00540842 0.01101 0.000562534 -0.00102782 0.000562534 0.00723849)
(0.00168937 0.000121917 -0.000301056 0.000121917 0.00246595 0.00173257 -0.000301056 0.00173257 0.00315085)
(0.00207892 -0.00243161 0.000271605 -0.00243161 0.00756729 -0.00252733 0.000271605 -0.00252733 0.00465615)
(0.00373229 -0.00386789 -0.00037556 -0.00386789 0.00918203 0.000692095 -0.00037556 0.000692095 0.00523892)
(0.00374006 -0.002279 -0.000600057 -0.002279 0.00768655 0.00184528 -0.000600057 0.00184528 0.0044069)
(0.00176343 -0.000577196 -0.00112737 -0.000577196 0.00384541 0.00153278 -0.00112737 0.00153278 0.00319295)
(0.00384015 -0.000552502 -0.000478278 -0.000552502 0.00740441 -0.00217803 -0.000478278 -0.00217803 0.00369914)
(0.0047349 0.00110952 0.00116529 0.00110952 0.00599564 0.00136778 0.00116529 0.00136778 0.00294031)
(0.0104836 0.0016884 4.85359e-05 0.0016884 0.00578176 0.00102855 4.85359e-05 0.00102855 0.00493944)
(0.0131546 -0.00273283 -0.0014034 -0.00273283 0.00688527 0.00250883 -0.0014034 0.00250883 0.006975)
(0.00590576 -0.00159987 0.000345642 -0.00159987 0.00685311 0.00010791 0.000345642 0.00010791 0.00411559)
(0.00343684 0.0012612 5.24484e-05 0.0012612 0.00363693 0.00111243 5.24484e-05 0.00111243 0.00560676)
(0.010793 -0.00121807 -0.000124413 -0.00121807 0.00730394 0.00181405 -0.000124413 0.00181405 0.00472265)
(0.0043938 -0.00108682 0.000189517 -0.00108682 0.0094468 -0.00205845 0.000189517 -0.00205845 0.0052168)
(0.00723259 -0.00543915 -0.00151521 -0.00543915 0.0106064 0.000503998 -0.00151521 0.000503998 0.007663)
(0.00133691 0.000608915 -0.000172291 0.000608915 0.00363796 0.0014711 -0.000172291 0.0014711 0.00337323)
(0.0017337 -0.0022422 0.000166077 -0.0022422 0.00718268 -0.00261961 0.000166077 -0.00261961 0.00558132)
(0.00564365 -0.00448527 0.000594337 -0.00448527 0.00888067 -0.00345016 0.000594337 -0.00345016 0.00483654)
(0.00845729 -0.0052562 0.00107677 -0.0052562 0.00893501 -0.0024796 0.00107677 -0.0024796 0.0045284)
(0.0125444 -0.000614084 0.000225719 -0.000614084 0.00730782 0.000684367 0.000225719 0.000684367 0.00536983)
(0.00970543 0.00110639 0.000954119 0.00110639 0.00536229 0.0029795 0.000954119 0.0029795 0.00914292)
(0.00699414 -0.00209995 8.09245e-05 -0.00209995 0.00901145 -0.00379314 8.09245e-05 -0.00379314 0.00594027)
(0.00325814 -0.000959211 -0.000338825 -0.000959211 0.00255332 0.00143663 -0.000338825 0.00143663 0.00452906)
(0.00645129 -6.84131e-05 -0.00152718 -6.84131e-05 0.00512717 0.000898981 -0.00152718 0.000898981 0.00578207)
(0.00837979 0.000801479 0.00155846 0.000801479 0.00732395 -0.000405685 0.00155846 -0.000405685 0.00417654)
(0.0133174 -0.00264403 0.00175225 -0.00264403 0.00824392 0.000993925 0.00175225 0.000993925 0.00724903)
(0.0192319 -0.000846571 0.00194737 -0.000846571 0.00805882 -0.00142639 0.00194737 -0.00142639 0.00787129)
(0.0159449 -0.000254942 0.00291752 -0.000254942 0.00759815 0.000903827 0.00291752 0.000903827 0.00875881)
(0.0146033 -0.00212889 0.0022176 -0.00212889 0.00817407 0.000818179 0.0022176 0.000818179 0.00837364)
(0.0128808 -0.00252807 0.000472182 -0.00252807 0.00769655 0.000645407 0.000472182 0.000645407 0.00665535)
(0.00872988 -0.000246212 -0.00134999 -0.000246212 0.00594418 0.00228886 -0.00134999 0.00228886 0.00666503)
(0.010814 -0.000186568 -0.000575527 -0.000186568 0.00600117 0.0024618 -0.000575527 0.0024618 0.00758178)
(0.0136307 -0.00175632 -0.00107168 -0.00175632 0.00713078 0.00266437 -0.00107168 0.00266437 0.00665855)
(0.0125751 -0.00232211 0.000701092 -0.00232211 0.00805153 0.00128645 0.000701092 0.00128645 0.00576083)
(0.0136098 -0.00174482 0.00369705 -0.00174482 0.00804816 -0.00178995 0.00369705 -0.00178995 0.0068347)
(0.00719974 -0.0011018 0.000281541 -0.0011018 0.00801485 0.00173758 0.000281541 0.00173758 0.00487667)
(0.00736053 -0.00329563 0.000249522 -0.00329563 0.00874818 0.00135957 0.000249522 0.00135957 0.00656809)
(0.00584992 -0.00136187 0.000697935 -0.00136187 0.00231207 -0.00220053 0.000697935 -0.00220053 0.00880796)
(0.0106482 0.000533346 -0.000283793 0.000533346 0.00612291 0.00146192 -0.000283793 0.00146192 0.00627882)
(0.00950646 -0.00166402 -0.000181498 -0.00166402 0.0110829 -0.00214497 -0.000181498 -0.00214497 0.00520285)
(0.0103038 -0.00462666 0.000840528 -0.00462666 0.0106826 0.000560041 0.000840528 0.000560041 0.00664082)
(0.00204099 -0.00162187 -0.00089007 -0.00162187 0.00704241 0.00135575 -0.00089007 0.00135575 0.00474504)
(0.00183315 0.000690747 -0.000196377 0.000690747 0.00434361 -0.000304948 -0.000196377 -0.000304948 0.00101183)
(0.00155833 0.000685865 -0.000515989 0.000685865 0.00392534 -0.0015828 -0.000515989 -0.0015828 0.00230399)
