/*--------------------------------*- C++ -*----------------------------------*\
  =========                 |
  \\      /  F ield         | OpenFOAM: The Open Source CFD Toolbox
   \\    /   O peration     | Website:  https://openfoam.org
    \\  /    A nd           | Version:  10
     \\/     M anipulation  |
\*---------------------------------------------------------------------------*/
FoamFile
{
    format      ascii;
    class       volTensorField;
    location    "37.5";
    object      TauNN;
}
// * * * * * * * * * * * * * * * * * * * * * * * * * * * * * * * * * * * * * //

dimensions      [0 2 -2 0 0 0 0];

internalField   nonuniform List<tensor> 
25600
(
(-1.30207e-05 -0.0127969 -0.01544 -0.0127969 3.26837e-05 -0.00812624 -0.01544 -0.00812624 4.50249e-05)
(3.09367e-05 -0.0127861 -0.015418 -0.0127861 3.71226e-05 -0.00811628 -0.015418 -0.00811628 8.25201e-05)
(-1.77297e-05 -0.0127978 -0.0154359 -0.0127978 3.66888e-05 -0.00811365 -0.0154359 -0.00811365 8.46824e-05)
(3.7231e-05 -0.0127876 -0.015425 -0.0127876 2.58338e-05 -0.00813513 -0.015425 -0.00813513 5.54521e-05)
(6.6713e-05 -0.0127879 -0.0154143 -0.0127879 2.96637e-05 -0.00812233 -0.0154143 -0.00812233 7.28581e-05)
(4.76215e-05 -0.012789 -0.0154145 -0.012789 2.90167e-05 -0.00812049 -0.0154145 -0.00812049 9.2321e-05)
(1.06388e-05 -0.0127887 -0.0154409 -0.0127887 2.38716e-05 -0.00813196 -0.0154409 -0.00813196 4.04298e-05)
(-3.05777e-05 -0.0128004 -0.0154419 -0.0128004 4.88902e-05 -0.00812226 -0.0154419 -0.00812226 6.06303e-05)
(2.7466e-05 -0.0127821 -0.0154277 -0.0127821 2.26368e-05 -0.00813238 -0.0154277 -0.00813238 7.03182e-05)
(5.29258e-05 -0.0127859 -0.0154225 -0.0127859 2.91403e-05 -0.00813697 -0.0154225 -0.00813697 8.67239e-05)
(3.93653e-05 -0.0127947 -0.0154193 -0.0127947 3.92206e-05 -0.0081133 -0.0154193 -0.0081133 9.92311e-05)
(7.27636e-06 -0.0127965 -0.0154467 -0.0127965 3.7527e-05 -0.00813366 -0.0154467 -0.00813366 4.8071e-05)
(7.4049e-05 -0.0127908 -0.0154175 -0.0127908 3.10796e-05 -0.0081246 -0.0154175 -0.0081246 6.815e-05)
(7.92141e-05 -0.012796 -0.0154345 -0.012796 2.66755e-05 -0.0081328 -0.0154345 -0.0081328 5.38287e-05)
(1.17052e-05 -0.0127877 -0.0154282 -0.0127877 2.16364e-05 -0.0081236 -0.0154282 -0.0081236 5.9833e-05)
(2.59886e-05 -0.012786 -0.0154221 -0.012786 2.40628e-05 -0.00812806 -0.0154221 -0.00812806 8.37865e-05)
(8.41334e-06 -0.0127948 -0.0154526 -0.0127948 3.06533e-05 -0.00813564 -0.0154526 -0.00813564 5.29558e-05)
(2.67119e-05 -0.0127859 -0.0154202 -0.0127859 2.27213e-05 -0.00813079 -0.0154202 -0.00813079 6.75492e-05)
(4.8458e-05 -0.0127929 -0.0154279 -0.0127929 2.40914e-05 -0.00813228 -0.0154279 -0.00813228 3.86036e-05)
(1.16695e-05 -0.0127929 -0.0154399 -0.0127929 3.58488e-05 -0.00812815 -0.0154399 -0.00812815 4.99114e-05)
(2.31918e-05 -0.0127879 -0.01542 -0.0127879 2.47952e-05 -0.00812322 -0.01542 -0.00812322 9.33142e-05)
(-4.91069e-05 -0.0128053 -0.0154466 -0.0128053 4.25659e-05 -0.00810726 -0.0154466 -0.00810726 8.27826e-05)
(1.99189e-05 -0.0127923 -0.0154244 -0.0127923 2.85002e-05 -0.00811671 -0.0154244 -0.00811671 9.06364e-05)
(5.61936e-05 -0.0127892 -0.015428 -0.0127892 3.43965e-05 -0.00812565 -0.015428 -0.00812565 6.6137e-05)
(7.74861e-06 -0.0127952 -0.015431 -0.0127952 3.54241e-05 -0.00811822 -0.015431 -0.00811822 7.51706e-05)
(4.71628e-05 -0.0127908 -0.0154245 -0.0127908 3.12555e-05 -0.00813816 -0.0154245 -0.00813816 5.00285e-05)
(2.10499e-05 -0.012786 -0.0154233 -0.012786 2.36355e-05 -0.00812612 -0.0154233 -0.00812612 8.87142e-05)
(4.68593e-05 -0.0127907 -0.0154167 -0.0127907 2.82087e-05 -0.00812683 -0.0154167 -0.00812683 0.000102679)
(3.11914e-05 -0.0127888 -0.0154277 -0.0127888 2.54841e-05 -0.00812748 -0.0154277 -0.00812748 5.43733e-05)
(1.43585e-05 -0.0127897 -0.0154296 -0.0127897 2.52354e-05 -0.00812422 -0.0154296 -0.00812422 5.52336e-05)
(3.51155e-05 -0.0127898 -0.0154291 -0.0127898 2.59358e-05 -0.0081279 -0.0154291 -0.0081279 5.09216e-05)
(3.9742e-05 -0.0127884 -0.0154185 -0.0127884 2.40267e-05 -0.00812892 -0.0154185 -0.00812892 7.29431e-05)
(1.58197e-05 -0.0127898 -0.015424 -0.0127898 2.64748e-05 -0.00811968 -0.015424 -0.00811968 7.94884e-05)
(8.66951e-05 -0.0127913 -0.0154063 -0.0127913 3.03635e-05 -0.00812311 -0.0154063 -0.00812311 9.70176e-05)
(5.82255e-05 -0.0127922 -0.0154123 -0.0127922 3.04929e-05 -0.00812739 -0.0154123 -0.00812739 0.000114457)
(-7.08446e-08 -0.0127907 -0.015429 -0.0127907 2.71942e-05 -0.00811717 -0.015429 -0.00811717 9.16919e-05)
(2.3702e-05 -0.0127876 -0.0154226 -0.0127876 2.38078e-05 -0.00812463 -0.0154226 -0.00812463 7.03204e-05)
(4.50103e-05 -0.0127899 -0.0154207 -0.0127899 2.40097e-05 -0.00812962 -0.0154207 -0.00812962 5.61896e-05)
(7.25929e-05 -0.0127919 -0.0154068 -0.0127919 2.74284e-05 -0.00813034 -0.0154068 -0.00813034 9.60311e-05)
(-8.42041e-07 -0.0127981 -0.0154362 -0.0127981 3.27278e-05 -0.00811551 -0.0154362 -0.00811551 7.51459e-05)
(7.33513e-05 -0.0127954 -0.0154138 -0.0127954 3.07899e-05 -0.00813003 -0.0154138 -0.00813003 0.000116167)
(7.29207e-05 -0.0127999 -0.0154198 -0.0127999 3.61999e-05 -0.0081396 -0.0154198 -0.0081396 5.23658e-05)
(5.20764e-05 -0.012781 -0.0154355 -0.012781 2.29906e-05 -0.00813103 -0.0154355 -0.00813103 6.8349e-05)
(2.40851e-06 -0.0127864 -0.0154338 -0.0127864 1.96369e-05 -0.00812463 -0.0154338 -0.00812463 4.64397e-05)
(0.000110826 -0.0127925 -0.0154046 -0.0127925 2.86465e-05 -0.00812546 -0.0154046 -0.00812546 8.40196e-05)
(6.41967e-05 -0.0127903 -0.0154224 -0.0127903 3.05962e-05 -0.00813796 -0.0154224 -0.00813796 7.61635e-05)
(3.56896e-05 -0.0127878 -0.0154228 -0.0127878 2.26501e-05 -0.00813144 -0.0154228 -0.00813144 6.85164e-05)
(2.86902e-05 -0.0127871 -0.0154259 -0.0127871 2.25881e-05 -0.00812689 -0.0154259 -0.00812689 8.55637e-05)
(5.43322e-05 -0.0127795 -0.0154322 -0.0127795 2.3597e-05 -0.00813453 -0.0154322 -0.00813453 6.94994e-05)
(5.26814e-05 -0.012789 -0.0154187 -0.012789 4.29426e-05 -0.00811357 -0.0154187 -0.00811357 8.65547e-05)
(0.000156249 -0.0127937 -0.0153994 -0.0127937 3.00751e-05 -0.00812684 -0.0153994 -0.00812684 7.47931e-05)
(3.4366e-05 -0.0127894 -0.0154259 -0.0127894 2.28162e-05 -0.00812641 -0.0154259 -0.00812641 6.04007e-05)
(3.64729e-05 -0.0127918 -0.0154398 -0.0127918 2.12238e-05 -0.00812486 -0.0154398 -0.00812486 3.75058e-05)
(7.94199e-05 -0.0127971 -0.0154155 -0.0127971 3.89295e-05 -0.00814425 -0.0154155 -0.00814425 9.51484e-05)
(7.81487e-05 -0.0127967 -0.015411 -0.0127967 3.05669e-05 -0.00813585 -0.015411 -0.00813585 8.93439e-05)
(9.68557e-05 -0.0128027 -0.0154061 -0.0128027 3.98537e-05 -0.00814431 -0.0154061 -0.00814431 9.38002e-05)
(5.05317e-05 -0.0127905 -0.0154187 -0.0127905 2.7334e-05 -0.00813084 -0.0154187 -0.00813084 9.50813e-05)
(3.97722e-05 -0.0127928 -0.0154379 -0.0127928 2.16329e-05 -0.00812696 -0.0154379 -0.00812696 3.1378e-05)
(8.84543e-05 -0.0127942 -0.0154173 -0.0127942 2.61201e-05 -0.00813203 -0.0154173 -0.00813203 5.98436e-05)
(8.01325e-05 -0.0128037 -0.0154429 -0.0128037 3.64853e-05 -0.00813488 -0.0154429 -0.00813488 4.11618e-05)
(1.89574e-05 -0.0127854 -0.0154385 -0.0127854 1.9459e-05 -0.0081304 -0.0154385 -0.0081304 3.05087e-05)
(4.3439e-05 -0.0127912 -0.0154334 -0.0127912 2.2577e-05 -0.00813152 -0.0154334 -0.00813152 4.00677e-05)
(4.02074e-05 -0.0127923 -0.0154594 -0.0127923 2.90733e-05 -0.00813742 -0.0154594 -0.00813742 5.96533e-05)
(2.52903e-05 -0.0127914 -0.0154466 -0.0127914 2.72351e-05 -0.00813528 -0.0154466 -0.00813528 4.47951e-05)
(8.08691e-06 -0.0127953 -0.0154349 -0.0127953 2.53666e-05 -0.00812966 -0.0154349 -0.00812966 2.94099e-05)
(3.06735e-05 -0.0127888 -0.0154375 -0.0127888 1.96329e-05 -0.00812598 -0.0154375 -0.00812598 3.79617e-05)
(7.69213e-05 -0.0127941 -0.0154129 -0.0127941 2.64687e-05 -0.00813081 -0.0154129 -0.00813081 7.28046e-05)
(6.72869e-05 -0.0127878 -0.0154107 -0.0127878 2.64208e-05 -0.00812547 -0.0154107 -0.00812547 7.08724e-05)
(6.73346e-05 -0.012791 -0.0154101 -0.012791 2.63975e-05 -0.0081252 -0.0154101 -0.0081252 8.29404e-05)
(4.32597e-05 -0.0127901 -0.0154175 -0.0127901 2.48182e-05 -0.0081243 -0.0154175 -0.0081243 8.75475e-05)
(7.13658e-06 -0.012791 -0.0154312 -0.012791 2.52426e-05 -0.00811846 -0.0154312 -0.00811846 8.72515e-05)
(2.93028e-05 -0.0127895 -0.0154228 -0.0127895 2.37973e-05 -0.00812249 -0.0154228 -0.00812249 8.45837e-05)
(4.43444e-05 -0.0127923 -0.0154184 -0.0127923 2.95533e-05 -0.00811788 -0.0154184 -0.00811788 9.52861e-05)
(4.47718e-05 -0.0127905 -0.0154185 -0.0127905 2.50173e-05 -0.00812712 -0.0154185 -0.00812712 9.68256e-05)
(9.86269e-05 -0.0128071 -0.015414 -0.0128071 3.88594e-05 -0.00814047 -0.015414 -0.00814047 6.44281e-05)
(6.44846e-05 -0.0127919 -0.015414 -0.0127919 3.04609e-05 -0.00811791 -0.015414 -0.00811791 9.40895e-05)
(4.00028e-05 -0.0127838 -0.0154293 -0.0127838 2.252e-05 -0.00813161 -0.0154293 -0.00813161 6.87824e-05)
(-1.94307e-05 -0.0128004 -0.0154438 -0.0128004 3.43789e-05 -0.00811076 -0.0154438 -0.00811076 9.29919e-05)
(7.64196e-05 -0.01279 -0.015407 -0.01279 2.6426e-05 -0.00812278 -0.015407 -0.00812278 8.37682e-05)
(0.000140001 -0.0128019 -0.0154012 -0.0128019 3.18304e-05 -0.00813343 -0.0154012 -0.00813343 8.46337e-05)
(1.38398e-05 -0.0127871 -0.0154344 -0.0127871 1.96984e-05 -0.00812343 -0.0154344 -0.00812343 5.81609e-05)
(6.99334e-05 -0.0127933 -0.0154132 -0.0127933 3.0042e-05 -0.00813565 -0.0154132 -0.00813565 9.21352e-05)
(6.67335e-05 -0.0127984 -0.0154225 -0.0127984 3.24515e-05 -0.00813746 -0.0154225 -0.00813746 4.82312e-05)
(4.14643e-05 -0.012788 -0.0154187 -0.012788 2.31831e-05 -0.00812852 -0.0154187 -0.00812852 6.96299e-05)
(5.58506e-05 -0.0127913 -0.0154175 -0.0127913 3.00934e-05 -0.0081378 -0.0154175 -0.0081378 7.96359e-05)
(4.7265e-05 -0.0127904 -0.0154276 -0.0127904 3.1349e-05 -0.00813732 -0.0154276 -0.00813732 4.26043e-05)
(3.66938e-05 -0.0127896 -0.0154185 -0.0127896 2.90892e-05 -0.0081164 -0.0154185 -0.0081164 8.0292e-05)
(2.89087e-05 -0.0127879 -0.0154233 -0.0127879 2.26949e-05 -0.00812545 -0.0154233 -0.00812545 7.53635e-05)
(4.62275e-05 -0.0127951 -0.01542 -0.0127951 3.83908e-05 -0.00811354 -0.01542 -0.00811354 0.000106493)
(3.14337e-05 -0.0127916 -0.0154242 -0.0127916 4.04715e-05 -0.00811318 -0.0154242 -0.00811318 8.49485e-05)
(2.9665e-05 -0.0127869 -0.0154273 -0.0127869 2.14796e-05 -0.00812644 -0.0154273 -0.00812644 7.05295e-05)
(3.22013e-05 -0.0127887 -0.0154261 -0.0127887 2.11759e-05 -0.00812815 -0.0154261 -0.00812815 4.93075e-05)
(7.51604e-06 -0.0127945 -0.0154411 -0.0127945 2.71025e-05 -0.00812742 -0.0154411 -0.00812742 4.49402e-05)
(1.9727e-05 -0.0127918 -0.0154276 -0.0127918 2.61259e-05 -0.00812007 -0.0154276 -0.00812007 7.2245e-05)
(5.41258e-06 -0.0127909 -0.0154344 -0.0127909 2.43915e-05 -0.00812402 -0.0154344 -0.00812402 5.1815e-05)
(4.88155e-06 -0.0127933 -0.0154338 -0.0127933 3.20189e-05 -0.0081205 -0.0154338 -0.0081205 6.2256e-05)
(0.000135137 -0.0128041 -0.0153988 -0.0128041 4.06446e-05 -0.00814501 -0.0153988 -0.00814501 0.000123339)
(1.3172e-05 -0.0127955 -0.0154292 -0.0127955 3.26599e-05 -0.0081179 -0.0154292 -0.0081179 0.000111271)
(-6.16624e-06 -0.0127927 -0.0154334 -0.0127927 2.77653e-05 -0.0081157 -0.0154334 -0.0081157 8.33029e-05)
(7.25969e-05 -0.0127951 -0.0154137 -0.0127951 3.18128e-05 -0.00813778 -0.0154137 -0.00813778 8.50915e-05)
(5.37983e-05 -0.0127894 -0.0154151 -0.0127894 2.41648e-05 -0.00812511 -0.0154151 -0.00812511 8.15607e-05)
(2.09389e-05 -0.0127883 -0.0154306 -0.0127883 2.23558e-05 -0.00812663 -0.0154306 -0.00812663 5.25824e-05)
(4.54114e-05 -0.0127911 -0.0154262 -0.0127911 2.35518e-05 -0.0081308 -0.0154262 -0.0081308 4.29149e-05)
(0.000113147 -0.0127931 -0.0154011 -0.0127931 3.03513e-05 -0.00812392 -0.0154011 -0.00812392 0.00010263)
(3.39549e-05 -0.0127884 -0.0154248 -0.0127884 2.22774e-05 -0.00812621 -0.0154248 -0.00812621 6.83884e-05)
(-1.1478e-05 -0.0127957 -0.0154401 -0.0127957 2.75477e-05 -0.0081158 -0.0154401 -0.0081158 6.82461e-05)
(-3.26893e-05 -0.0128003 -0.0154443 -0.0128003 4.11919e-05 -0.00812076 -0.0154443 -0.00812076 5.50606e-05)
(2.06327e-05 -0.0127963 -0.0154343 -0.0127963 4.17082e-05 -0.00811996 -0.0154343 -0.00811996 7.22704e-05)
(-2.43571e-05 -0.0128021 -0.015438 -0.0128021 5.03206e-05 -0.00810801 -0.015438 -0.00810801 9.30599e-05)
(3.44744e-05 -0.012789 -0.0154163 -0.012789 2.66659e-05 -0.00811979 -0.0154163 -0.00811979 9.32191e-05)
(5.38095e-05 -0.0127892 -0.0154136 -0.0127892 2.51155e-05 -0.00812791 -0.0154136 -0.00812791 8.22471e-05)
(2.13973e-05 -0.0127917 -0.0154234 -0.0127917 3.11651e-05 -0.00811629 -0.0154234 -0.00811629 8.4386e-05)
(-2.13355e-05 -0.0127973 -0.0154363 -0.0127973 3.59126e-05 -0.00811345 -0.0154363 -0.00811345 7.11561e-05)
(1.11744e-05 -0.0127874 -0.0154383 -0.0127874 1.98315e-05 -0.00812979 -0.0154383 -0.00812979 3.36368e-05)
(9.1422e-05 -0.0127996 -0.0154224 -0.0127996 2.92933e-05 -0.00813465 -0.0154224 -0.00813465 5.27507e-05)
(3.8483e-05 -0.0127914 -0.0154284 -0.0127914 2.31299e-05 -0.00813221 -0.0154284 -0.00813221 3.60313e-05)
(3.51201e-05 -0.0127903 -0.0154349 -0.0127903 2.20231e-05 -0.00813157 -0.0154349 -0.00813157 3.40583e-05)
(6.39942e-05 -0.0127913 -0.0154255 -0.0127913 3.08949e-05 -0.00812397 -0.0154255 -0.00812397 6.67316e-05)
(-9.43317e-06 -0.0127968 -0.0154372 -0.0127968 3.11218e-05 -0.00811665 -0.0154372 -0.00811665 6.9727e-05)
(2.12754e-05 -0.0127845 -0.0154264 -0.0127845 2.12083e-05 -0.00812873 -0.0154264 -0.00812873 6.66921e-05)
(2.41242e-05 -0.0127878 -0.0154222 -0.0127878 2.34482e-05 -0.00812294 -0.0154222 -0.00812294 6.98346e-05)
(-7.35077e-05 -0.0128125 -0.0154514 -0.0128125 5.89677e-05 -0.00811528 -0.0154514 -0.00811528 6.89466e-05)
(2.62255e-05 -0.0127876 -0.015432 -0.0127876 2.13957e-05 -0.00812383 -0.015432 -0.00812383 7.12887e-05)
(1.71044e-05 -0.0127893 -0.0154299 -0.0127893 2.27689e-05 -0.00812136 -0.0154299 -0.00812136 8.3506e-05)
(3.93905e-05 -0.0127912 -0.0154178 -0.0127912 2.9339e-05 -0.00811827 -0.0154178 -0.00811827 9.94428e-05)
(0.000107278 -0.0127987 -0.015411 -0.0127987 4.00829e-05 -0.00812196 -0.015411 -0.00812196 0.000123405)
(7.1228e-05 -0.0127909 -0.0154106 -0.0127909 2.48945e-05 -0.0081264 -0.0154106 -0.0081264 7.59338e-05)
(2.40133e-05 -0.0127883 -0.0154249 -0.0127883 2.1477e-05 -0.00812411 -0.0154249 -0.00812411 6.63682e-05)
(-3.57134e-06 -0.012794 -0.0154299 -0.012794 3.91253e-05 -0.00811212 -0.0154299 -0.00811212 8.05749e-05)
(3.35759e-05 -0.0127875 -0.0154481 -0.0127875 2.45086e-05 -0.00813272 -0.0154481 -0.00813272 4.62905e-05)
(4.62716e-05 -0.0127919 -0.0154313 -0.0127919 2.39033e-05 -0.00812814 -0.0154313 -0.00812814 4.73342e-05)
(6.66774e-05 -0.0127946 -0.0154285 -0.0127946 2.50849e-05 -0.00813059 -0.0154285 -0.00813059 4.86463e-05)
(4.42014e-05 -0.012781 -0.0154347 -0.012781 2.07128e-05 -0.00813075 -0.0154347 -0.00813075 3.51115e-05)
(3.56317e-05 -0.012789 -0.0154225 -0.012789 2.16846e-05 -0.0081295 -0.0154225 -0.0081295 5.64479e-05)
(7.59699e-05 -0.0127919 -0.0154086 -0.0127919 2.6964e-05 -0.0081298 -0.0154086 -0.0081298 8.86379e-05)
(-1.22234e-05 -0.0127973 -0.0154374 -0.0127973 3.40473e-05 -0.00811565 -0.0154374 -0.00811565 7.34541e-05)
(3.29769e-05 -0.0127877 -0.015433 -0.0127877 2.03328e-05 -0.00813045 -0.015433 -0.00813045 3.28669e-05)
(1.26181e-05 -0.0127886 -0.0154378 -0.0127886 2.04574e-05 -0.00812979 -0.0154378 -0.00812979 3.47426e-05)
(7.41065e-07 -0.0127906 -0.0154289 -0.0127906 2.7859e-05 -0.00811815 -0.0154289 -0.00811815 6.6318e-05)
(6.06575e-05 -0.0127913 -0.0154127 -0.0127913 2.51851e-05 -0.00812545 -0.0154127 -0.00812545 8.80475e-05)
(3.9332e-05 -0.012791 -0.0154274 -0.012791 2.53448e-05 -0.00812514 -0.0154274 -0.00812514 5.76235e-05)
(4.40737e-05 -0.0127902 -0.0154212 -0.0127902 2.34895e-05 -0.00813007 -0.0154212 -0.00813007 5.34487e-05)
(6.43177e-05 -0.0127936 -0.0154149 -0.0127936 2.51932e-05 -0.00812972 -0.0154149 -0.00812972 6.40186e-05)
(6.74302e-05 -0.0127951 -0.0154146 -0.0127951 2.93844e-05 -0.0081356 -0.0154146 -0.0081356 7.61932e-05)
(4.45032e-05 -0.0127814 -0.0154311 -0.0127814 2.78062e-05 -0.00813763 -0.0154311 -0.00813763 5.06436e-05)
(1.78957e-05 -0.0127898 -0.0154245 -0.0127898 2.58466e-05 -0.00811929 -0.0154245 -0.00811929 6.90832e-05)
(0.000105566 -0.0127938 -0.0154063 -0.0127938 3.41397e-05 -0.00811766 -0.0154063 -0.00811766 9.90429e-05)
(0.000111738 -0.0128017 -0.0154091 -0.0128017 3.03905e-05 -0.00813339 -0.0154091 -0.00813339 6.89255e-05)
(4.20363e-05 -0.0127894 -0.0154225 -0.0127894 2.3221e-05 -0.00813011 -0.0154225 -0.00813011 7.56448e-05)
(5.43131e-06 -0.012797 -0.0154459 -0.012797 2.85447e-05 -0.00811445 -0.0154459 -0.00811445 8.29288e-05)
(3.3936e-05 -0.0127878 -0.0154211 -0.0127878 2.28922e-05 -0.0081303 -0.0154211 -0.0081303 6.73164e-05)
(0.000104575 -0.0127958 -0.0154021 -0.0127958 2.91921e-05 -0.00812951 -0.0154021 -0.00812951 9.95194e-05)
(5.79083e-05 -0.0127908 -0.0154195 -0.0127908 3.38207e-05 -0.00814189 -0.0154195 -0.00814189 0.000101399)
(3.73012e-05 -0.0127859 -0.0154411 -0.0127859 2.18437e-05 -0.00812255 -0.0154411 -0.00812255 7.56341e-05)
(2.83359e-05 -0.0127909 -0.0154262 -0.0127909 2.94779e-05 -0.00812095 -0.0154262 -0.00812095 7.55312e-05)
(9.46973e-05 -0.0128055 -0.0154131 -0.0128055 4.14795e-05 -0.00814312 -0.0154131 -0.00814312 6.95247e-05)
(4.81906e-05 -0.0127891 -0.0154162 -0.0127891 2.42655e-05 -0.00812552 -0.0154162 -0.00812552 6.90598e-05)
(7.03437e-05 -0.0128085 -0.0154288 -0.0128085 6.03835e-05 -0.00814136 -0.0154288 -0.00814136 2.9545e-05)
(4.243e-05 -0.0127896 -0.015424 -0.0127896 2.40535e-05 -0.00813267 -0.015424 -0.00813267 5.82269e-05)
(7.2212e-05 -0.0127915 -0.0154084 -0.0127915 2.65333e-05 -0.0081274 -0.0154084 -0.0081274 8.92019e-05)
(9.09727e-05 -0.0128112 -0.0154142 -0.0128112 5.2761e-05 -0.0081495 -0.0154142 -0.0081495 7.24364e-05)
(6.76391e-05 -0.0127942 -0.015415 -0.0127942 3.3458e-05 -0.00813975 -0.015415 -0.00813975 0.00011491)
(-3.99211e-05 -0.0128059 -0.0154489 -0.0128059 4.2587e-05 -0.00810664 -0.0154489 -0.00810664 0.000102978)
(3.21214e-05 -0.0127907 -0.0154223 -0.0127907 3.55326e-05 -0.0081144 -0.0154223 -0.0081144 8.33513e-05)
(3.92832e-05 -0.0127919 -0.0154278 -0.0127919 3.06473e-05 -0.00812165 -0.0154278 -0.00812165 6.45796e-05)
(-2.92708e-05 -0.0127998 -0.01544 -0.0127998 3.85689e-05 -0.00810847 -0.01544 -0.00810847 9.86472e-05)
(4.98044e-05 -0.0127902 -0.0154206 -0.0127902 2.86297e-05 -0.00813689 -0.0154206 -0.00813689 6.81687e-05)
(6.35858e-05 -0.0127936 -0.0154352 -0.0127936 2.64698e-05 -0.00813196 -0.0154352 -0.00813196 4.7684e-05)
(6.0247e-05 -0.0127956 -0.0154208 -0.0127956 3.12279e-05 -0.0081376 -0.0154208 -0.0081376 5.59539e-05)
(3.02359e-05 -0.0127869 -0.0154211 -0.0127869 2.18797e-05 -0.00812821 -0.0154211 -0.00812821 6.87989e-05)
(-6.34579e-06 -0.012795 -0.0154414 -0.012795 3.49322e-05 -0.00812913 -0.0154414 -0.00812913 4.42557e-05)
(6.32405e-05 -0.0127889 -0.0154346 -0.0127889 5.77252e-05 -0.00812623 -0.0154346 -0.00812623 2.82816e-05)
(9.00673e-06 -0.0127919 -0.0154409 -0.0127919 2.38775e-05 -0.00812995 -0.0154409 -0.00812995 3.75573e-05)
(1.93785e-05 -0.0127946 -0.0154384 -0.0127946 3.17809e-05 -0.00812578 -0.0154384 -0.00812578 5.66411e-05)
(9.48143e-05 -0.0127958 -0.0154065 -0.0127958 2.90912e-05 -0.00813228 -0.0154065 -0.00813228 9.04359e-05)
(2.51636e-05 -0.0127881 -0.0154239 -0.0127881 2.27947e-05 -0.00812402 -0.0154239 -0.00812402 7.0722e-05)
(5.64907e-05 -0.0127918 -0.015418 -0.0127918 2.36851e-05 -0.00812885 -0.015418 -0.00812885 6.4163e-05)
(8.78289e-05 -0.0128029 -0.0154126 -0.0128029 3.51892e-05 -0.00813934 -0.0154126 -0.00813934 7.28712e-05)
(9.43393e-06 -0.012794 -0.01544 -0.012794 2.29648e-05 -0.00812564 -0.01544 -0.00812564 3.95244e-05)
(4.59673e-05 -0.0127903 -0.0154305 -0.0127903 2.40629e-05 -0.0081325 -0.0154305 -0.0081325 4.49431e-05)
(4.57531e-05 -0.0127893 -0.0154141 -0.0127893 2.63839e-05 -0.00812382 -0.0154141 -0.00812382 9.55519e-05)
(1.83537e-05 -0.0127852 -0.0154312 -0.0127852 1.91837e-05 -0.00812549 -0.0154312 -0.00812549 6.16622e-05)
(5.00875e-05 -0.0127912 -0.0154213 -0.0127912 2.54608e-05 -0.00813355 -0.0154213 -0.00813355 6.48576e-05)
(4.97811e-05 -0.0127895 -0.0154166 -0.0127895 2.51897e-05 -0.00812383 -0.0154166 -0.00812383 8.14457e-05)
(8.38934e-05 -0.0127937 -0.0154079 -0.0127937 2.76172e-05 -0.00812967 -0.0154079 -0.00812967 8.73496e-05)
(8.4965e-05 -0.0127945 -0.0154066 -0.0127945 2.79606e-05 -0.00812811 -0.0154066 -0.00812811 9.39518e-05)
(3.36177e-06 -0.0127878 -0.015434 -0.0127878 2.12986e-05 -0.00812144 -0.015434 -0.00812144 6.01056e-05)
(2.83942e-05 -0.0127865 -0.0154282 -0.0127865 2.73081e-05 -0.00813643 -0.0154282 -0.00813643 4.28943e-05)
(8.26013e-05 -0.0128143 -0.0154371 -0.0128143 6.04075e-05 -0.0081379 -0.0154371 -0.0081379 3.73593e-05)
(4.82994e-05 -0.0127923 -0.0154269 -0.0127923 2.50902e-05 -0.00813302 -0.0154269 -0.00813302 4.14449e-05)
(2.77468e-05 -0.0127879 -0.0154231 -0.0127879 2.09176e-05 -0.00812618 -0.0154231 -0.00812618 6.4398e-05)
(3.98531e-05 -0.0127886 -0.0154389 -0.0127886 2.74431e-05 -0.00813165 -0.0154389 -0.00813165 3.5008e-05)
(6.1651e-05 -0.0127903 -0.0154223 -0.0127903 3.58351e-05 -0.00814235 -0.0154223 -0.00814235 7.58719e-05)
(7.02707e-05 -0.0127928 -0.0154111 -0.0127928 2.6927e-05 -0.00812877 -0.0154111 -0.00812877 9.38527e-05)
(1.27996e-05 -0.0127934 -0.0154356 -0.0127934 3.08822e-05 -0.00812377 -0.0154356 -0.00812377 5.76528e-05)
(-1.67897e-05 -0.0127966 -0.0154361 -0.0127966 3.482e-05 -0.00811499 -0.0154361 -0.00811499 7.7941e-05)
(3.34533e-05 -0.0127856 -0.0154235 -0.0127856 2.51969e-05 -0.00813409 -0.0154235 -0.00813409 8.56823e-05)
(5.60936e-05 -0.012791 -0.0154132 -0.012791 2.77749e-05 -0.00813418 -0.0154132 -0.00813418 8.99774e-05)
(0.000101239 -0.0128028 -0.0154093 -0.0128028 3.58856e-05 -0.00813951 -0.0154093 -0.00813951 7.8618e-05)
(6.3513e-05 -0.0127979 -0.0154233 -0.0127979 3.70652e-05 -0.0081405 -0.0154233 -0.0081405 5.1692e-05)
(8.4104e-05 -0.0127959 -0.01541 -0.0127959 3.23732e-05 -0.00813725 -0.01541 -0.00813725 0.000109191)
(0.000140351 -0.0128317 -0.0153987 -0.0128317 9.40148e-05 -0.0081549 -0.0153987 -0.0081549 9.28216e-05)
(2.45364e-05 -0.0127974 -0.0154261 -0.0127974 4.15581e-05 -0.00811002 -0.0154261 -0.00811002 0.000104612)
(8.20464e-06 -0.0127901 -0.0154338 -0.0127901 2.37004e-05 -0.00812001 -0.0154338 -0.00812001 7.50042e-05)
(5.95773e-05 -0.0127952 -0.0154181 -0.0127952 2.96521e-05 -0.00813663 -0.0154181 -0.00813663 6.06251e-05)
(-1.46774e-05 -0.0128018 -0.0154392 -0.0128018 4.09844e-05 -0.00811524 -0.0154392 -0.00811524 0.00011638)
(4.04105e-05 -0.0127909 -0.0154317 -0.0127909 2.29659e-05 -0.00812819 -0.0154317 -0.00812819 5.38742e-05)
(3.72427e-05 -0.0127882 -0.0154316 -0.0127882 2.27443e-05 -0.00813198 -0.0154316 -0.00813198 3.54216e-05)
(2.24764e-05 -0.0127895 -0.0154218 -0.0127895 2.62303e-05 -0.00812145 -0.0154218 -0.00812145 9.62481e-05)
(0.000113663 -0.0128093 -0.0154175 -0.0128093 3.61451e-05 -0.00813707 -0.0154175 -0.00813707 4.6676e-05)
(4.79945e-05 -0.0127807 -0.01543 -0.0127807 3.21631e-05 -0.00814072 -0.01543 -0.00814072 5.70151e-05)
(5.96028e-06 -0.0127887 -0.0154258 -0.0127887 2.87823e-05 -0.00811972 -0.0154258 -0.00811972 6.97688e-05)
(0.000147239 -0.0127995 -0.0154002 -0.0127995 3.41787e-05 -0.00812023 -0.0154002 -0.00812023 0.000104823)
(2.67681e-05 -0.0127916 -0.0154317 -0.0127916 2.31021e-05 -0.00812048 -0.0154317 -0.00812048 7.79143e-05)
(2.95194e-05 -0.0127904 -0.0154233 -0.0127904 2.56565e-05 -0.00811897 -0.0154233 -0.00811897 7.00984e-05)
(1.36591e-05 -0.012789 -0.0154232 -0.012789 2.55795e-05 -0.00811947 -0.0154232 -0.00811947 8.5208e-05)
(-4.00193e-05 -0.0128108 -0.0154507 -0.0128108 4.49388e-05 -0.00811393 -0.0154507 -0.00811393 6.76311e-05)
(6.67254e-05 -0.0127945 -0.0154154 -0.0127945 2.86403e-05 -0.00813491 -0.0154154 -0.00813491 8.25925e-05)
(6.25468e-05 -0.0128012 -0.0154269 -0.0128012 4.36637e-05 -0.00814074 -0.0154269 -0.00814074 3.74679e-05)
(3.14384e-05 -0.0127878 -0.015427 -0.0127878 2.23026e-05 -0.00812969 -0.015427 -0.00812969 5.12748e-05)
(7.11413e-05 -0.0127973 -0.015421 -0.0127973 2.91214e-05 -0.008135 -0.015421 -0.008135 5.27783e-05)
(3.09904e-05 -0.0127866 -0.0154264 -0.0127866 2.12804e-05 -0.00812696 -0.0154264 -0.00812696 7.24215e-05)
(4.78439e-05 -0.0127909 -0.015423 -0.0127909 3.10551e-05 -0.0081203 -0.015423 -0.0081203 7.43265e-05)
(5.30656e-05 -0.0127924 -0.015426 -0.0127924 2.92134e-05 -0.00812367 -0.015426 -0.00812367 6.1746e-05)
(-1.66886e-05 -0.0127998 -0.0154442 -0.0127998 3.25688e-05 -0.00811235 -0.0154442 -0.00811235 8.11911e-05)
(5.16564e-05 -0.0127897 -0.0154155 -0.0127897 2.37136e-05 -0.00812781 -0.0154155 -0.00812781 7.57257e-05)
(3.47628e-05 -0.012793 -0.0154255 -0.012793 2.91187e-05 -0.0081199 -0.0154255 -0.0081199 7.2298e-05)
(4.55202e-05 -0.0127893 -0.0154241 -0.0127893 2.4363e-05 -0.00812857 -0.0154241 -0.00812857 8.81847e-05)
(5.68957e-05 -0.0127919 -0.0154178 -0.0127919 2.63023e-05 -0.00813318 -0.0154178 -0.00813318 6.99216e-05)
(1.20799e-05 -0.0127895 -0.015431 -0.0127895 2.37022e-05 -0.00812448 -0.015431 -0.00812448 5.2786e-05)
(1.57714e-05 -0.0127898 -0.015426 -0.0127898 2.73451e-05 -0.00812373 -0.015426 -0.00812373 0.000107433)
(6.77583e-05 -0.012799 -0.0154245 -0.012799 4.41343e-05 -0.00814283 -0.0154245 -0.00814283 5.12773e-05)
(1.79387e-05 -0.0127932 -0.0154275 -0.0127932 3.37454e-05 -0.00811542 -0.0154275 -0.00811542 8.09781e-05)
(1.82403e-05 -0.012789 -0.0154297 -0.012789 2.28204e-05 -0.00812584 -0.0154297 -0.00812584 4.55884e-05)
(9.30111e-05 -0.0128059 -0.0154381 -0.0128059 3.48041e-05 -0.00813586 -0.0154381 -0.00813586 3.84117e-05)
(6.8742e-06 -0.0127893 -0.0154262 -0.0127893 2.49154e-05 -0.00811803 -0.0154262 -0.00811803 8.07857e-05)
(-3.52443e-06 -0.0127944 -0.0154386 -0.0127944 2.63324e-05 -0.00811939 -0.0154386 -0.00811939 6.0448e-05)
(-8.62408e-05 -0.0128118 -0.0154504 -0.0128118 7.11869e-05 -0.00811044 -0.0154504 -0.00811044 8.29784e-05)
(3.28874e-05 -0.0127818 -0.0154352 -0.0127818 2.23968e-05 -0.00813117 -0.0154352 -0.00813117 3.23441e-05)
(1.8447e-05 -0.0127893 -0.0154293 -0.0127893 2.41815e-05 -0.00812364 -0.0154293 -0.00812364 6.38796e-05)
(9.30955e-06 -0.0127929 -0.0154409 -0.0127929 2.58413e-05 -0.00811707 -0.0154409 -0.00811707 8.43521e-05)
(0.000117492 -0.0127962 -0.015403 -0.0127962 2.7459e-05 -0.00812727 -0.015403 -0.00812727 7.92204e-05)
(9.84742e-05 -0.0128072 -0.0154186 -0.0128072 3.47765e-05 -0.00813682 -0.0154186 -0.00813682 4.71818e-05)
(3.26273e-05 -0.0127832 -0.0154319 -0.0127832 1.97304e-05 -0.00813096 -0.0154319 -0.00813096 3.63366e-05)
(8.71765e-05 -0.0127972 -0.0154142 -0.0127972 2.74851e-05 -0.00813196 -0.0154142 -0.00813196 6.41136e-05)
(6.4469e-05 -0.0127993 -0.0154226 -0.0127993 4.18585e-05 -0.00814303 -0.0154226 -0.00814303 5.52366e-05)
(-1.70145e-06 -0.0127911 -0.0154355 -0.0127911 2.44129e-05 -0.00811675 -0.0154355 -0.00811675 8.78703e-05)
(8.15596e-05 -0.012803 -0.0154233 -0.012803 3.32643e-05 -0.00813646 -0.0154233 -0.00813646 4.40829e-05)
(1.48974e-05 -0.0127913 -0.0154273 -0.0127913 2.72385e-05 -0.00811857 -0.0154273 -0.00811857 6.557e-05)
(3.07312e-05 -0.0127808 -0.0154314 -0.0127808 1.98709e-05 -0.00813135 -0.0154314 -0.00813135 5.36617e-05)
(8.92838e-05 -0.0128155 -0.0154291 -0.0128155 5.88777e-05 -0.00814194 -0.0154291 -0.00814194 3.94127e-05)
(1.61366e-05 -0.0127974 -0.0154286 -0.0127974 5.20644e-05 -0.00810798 -0.0154286 -0.00810798 9.63898e-05)
(5.0998e-05 -0.0127855 -0.0154293 -0.0127855 3.61733e-05 -0.00814306 -0.0154293 -0.00814306 6.15646e-05)
(6.99276e-05 -0.0128164 -0.0154262 -0.0128164 8.05738e-05 -0.00814794 -0.0154262 -0.00814794 3.18471e-05)
(9.22271e-05 -0.0128241 -0.0154232 -0.0128241 7.64761e-05 -0.00814921 -0.0154232 -0.00814921 3.91834e-05)
(9.86417e-05 -0.0128033 -0.0154101 -0.0128033 4.20279e-05 -0.00814678 -0.0154101 -0.00814678 0.000113687)
(1.53753e-06 -0.0127903 -0.0154278 -0.0127903 2.55758e-05 -0.00811685 -0.0154278 -0.00811685 7.94925e-05)
(2.7006e-06 -0.0128043 -0.0154413 -0.0128043 3.40226e-05 -0.00813268 -0.0154413 -0.00813268 3.97304e-05)
(4.56536e-05 -0.0127862 -0.0154241 -0.0127862 2.95285e-05 -0.00813825 -0.0154241 -0.00813825 7.15839e-05)
(6.01859e-05 -0.01279 -0.0154091 -0.01279 3.04168e-05 -0.00812227 -0.0154091 -0.00812227 0.000106566)
(7.11289e-05 -0.0128024 -0.0154192 -0.0128024 4.46514e-05 -0.00814533 -0.0154192 -0.00814533 6.3831e-05)
(5.69182e-05 -0.0127976 -0.0154224 -0.0127976 3.36249e-05 -0.0081389 -0.0154224 -0.0081389 4.921e-05)
(4.6783e-05 -0.0127899 -0.0154198 -0.0127899 3.22058e-05 -0.00811999 -0.0154198 -0.00811999 7.34505e-05)
(6.60023e-05 -0.0128049 -0.015427 -0.0128049 4.55306e-05 -0.00814079 -0.015427 -0.00814079 3.659e-05)
(4.2702e-05 -0.0127904 -0.0154221 -0.0127904 2.34403e-05 -0.00813189 -0.0154221 -0.00813189 5.76276e-05)
(5.89658e-05 -0.0127913 -0.0154182 -0.0127913 2.44165e-05 -0.00812608 -0.0154182 -0.00812608 6.64502e-05)
(2.42775e-05 -0.0127816 -0.0154327 -0.0127816 1.76647e-05 -0.00812916 -0.0154327 -0.00812916 3.69638e-05)
(2.44442e-05 -0.0127789 -0.0154337 -0.0127789 1.55782e-05 -0.00812802 -0.0154337 -0.00812802 2.5473e-05)
(0.000103086 -0.0128072 -0.0154217 -0.0128072 3.53475e-05 -0.00813719 -0.0154217 -0.00813719 4.56361e-05)
(7.35523e-05 -0.0127992 -0.0154178 -0.0127992 3.42499e-05 -0.00813926 -0.0154178 -0.00813926 6.2995e-05)
(1.59689e-05 -0.0127957 -0.0154422 -0.0127957 2.4189e-05 -0.00812454 -0.0154422 -0.00812454 3.78604e-05)
(4.67173e-05 -0.0127898 -0.0154205 -0.0127898 2.41792e-05 -0.00812425 -0.0154205 -0.00812425 6.45068e-05)
(8.10445e-05 -0.01279 -0.0154098 -0.01279 2.71224e-05 -0.00812291 -0.0154098 -0.00812291 7.27349e-05)
(-1.96861e-05 -0.0127977 -0.0154426 -0.0127977 3.26867e-05 -0.00812867 -0.0154426 -0.00812867 4.02699e-05)
(3.94128e-05 -0.0127896 -0.0154262 -0.0127896 2.28683e-05 -0.00812755 -0.0154262 -0.00812755 5.71134e-05)
(6.76339e-05 -0.0128012 -0.0154323 -0.0128012 3.65898e-05 -0.0081362 -0.0154323 -0.0081362 3.68952e-05)
(5.59923e-05 -0.0127932 -0.0154279 -0.0127932 3.22861e-05 -0.00812512 -0.0154279 -0.00812512 6.16948e-05)
(1.97382e-05 -0.0127887 -0.0154309 -0.0127887 2.11364e-05 -0.00812253 -0.0154309 -0.00812253 6.74925e-05)
(-1.27112e-05 -0.0127951 -0.0154373 -0.0127951 2.95787e-05 -0.00811764 -0.0154373 -0.00811764 6.22296e-05)
(-8.18931e-05 -0.0128083 -0.0154493 -0.0128083 7.70855e-05 -0.00810837 -0.0154493 -0.00810837 8.25532e-05)
(-8.36562e-05 -0.0128172 -0.0154571 -0.0128172 5.72013e-05 -0.00810368 -0.0154571 -0.00810368 9.02304e-05)
(-5.4384e-05 -0.0128086 -0.0154505 -0.0128086 8.38699e-05 -0.00810032 -0.0154505 -0.00810032 9.36222e-05)
(6.17442e-05 -0.0127949 -0.015421 -0.0127949 3.40424e-05 -0.00813981 -0.015421 -0.00813981 6.23558e-05)
(1.16732e-05 -0.0127872 -0.0154374 -0.0127872 2.03551e-05 -0.00813111 -0.0154374 -0.00813111 3.03477e-05)
(1.01986e-05 -0.0127913 -0.0154329 -0.0127913 2.68965e-05 -0.00812304 -0.0154329 -0.00812304 5.37427e-05)
(5.94916e-05 -0.0127952 -0.0154358 -0.0127952 2.86805e-05 -0.00813269 -0.0154358 -0.00813269 3.76167e-05)
(3.48273e-05 -0.0127929 -0.0154435 -0.0127929 2.8345e-05 -0.0081336 -0.0154435 -0.0081336 4.57286e-05)
(-1.71442e-05 -0.0127975 -0.0154417 -0.0127975 4.2923e-05 -0.0081251 -0.0154417 -0.0081251 5.06775e-05)
(2.15433e-05 -0.0127897 -0.0154325 -0.0127897 2.19611e-05 -0.0081271 -0.0154325 -0.0081271 4.55211e-05)
(3.6578e-05 -0.0127867 -0.0154222 -0.0127867 2.53598e-05 -0.0081304 -0.0154222 -0.0081304 8.93762e-05)
(4.70205e-05 -0.0127901 -0.0154259 -0.0127901 2.97217e-05 -0.00812419 -0.0154259 -0.00812419 6.08664e-05)
(4.45398e-05 -0.0127933 -0.0154396 -0.0127933 2.34683e-05 -0.00813248 -0.0154396 -0.00813248 3.5435e-05)
(5.55356e-05 -0.0127776 -0.0154352 -0.0127776 1.7159e-05 -0.00812823 -0.0154352 -0.00812823 3.49919e-05)
(-5.45726e-05 -0.0128116 -0.0154503 -0.0128116 4.84418e-05 -0.00811601 -0.0154503 -0.00811601 6.5678e-05)
(9.45873e-05 -0.012804 -0.0154371 -0.012804 3.6166e-05 -0.00813668 -0.0154371 -0.00813668 4.66293e-05)
(0.000118348 -0.0128216 -0.0154271 -0.0128216 5.60712e-05 -0.00814024 -0.0154271 -0.00814024 4.17716e-05)
(5.63338e-05 -0.0127972 -0.0154251 -0.0127972 3.42083e-05 -0.00813823 -0.0154251 -0.00813823 4.28178e-05)
(1.77049e-05 -0.0127861 -0.0154279 -0.0127861 2.46922e-05 -0.00812637 -0.0154279 -0.00812637 9.35071e-05)
(2.4159e-05 -0.0127867 -0.0154332 -0.0127867 2.00401e-05 -0.00813097 -0.0154332 -0.00813097 3.58114e-05)
(7.11445e-06 -0.0127893 -0.0154253 -0.0127893 2.61944e-05 -0.00811883 -0.0154253 -0.00811883 8.95789e-05)
(1.45524e-05 -0.012791 -0.015425 -0.012791 2.93047e-05 -0.00812256 -0.015425 -0.00812256 0.000109392)
(8.00605e-05 -0.0127934 -0.0154234 -0.0127934 2.7829e-05 -0.00812817 -0.0154234 -0.00812817 5.54161e-05)
(4.89111e-05 -0.0127898 -0.0154208 -0.0127898 2.32148e-05 -0.00812792 -0.0154208 -0.00812792 6.13461e-05)
(5.06395e-05 -0.0127867 -0.0154245 -0.0127867 2.69493e-05 -0.00813549 -0.0154245 -0.00813549 6.68622e-05)
(3.34724e-05 -0.0127882 -0.0154234 -0.0127882 2.2487e-05 -0.00812648 -0.0154234 -0.00812648 6.60132e-05)
(6.57354e-05 -0.0128034 -0.0154364 -0.0128034 4.67162e-05 -0.00813515 -0.0154364 -0.00813515 3.21987e-05)
(4.88309e-05 -0.0127902 -0.0154278 -0.0127902 3.24082e-05 -0.00813803 -0.0154278 -0.00813803 4.43866e-05)
(-5.31895e-05 -0.0128075 -0.0154474 -0.0128075 4.71587e-05 -0.00811082 -0.0154474 -0.00811082 8.37789e-05)
(3.57848e-06 -0.0127969 -0.0154296 -0.0127969 3.72204e-05 -0.00811453 -0.0154296 -0.00811453 0.000103277)
(8.4303e-05 -0.0128156 -0.0154238 -0.0128156 6.09307e-05 -0.00814568 -0.0154238 -0.00814568 4.25454e-05)
(2.3245e-05 -0.0127906 -0.0154395 -0.0127906 2.49165e-05 -0.0081298 -0.0154395 -0.0081298 4.55188e-05)
(-2.47388e-05 -0.0128062 -0.0154496 -0.0128062 5.38583e-05 -0.00812475 -0.0154496 -0.00812475 6.03922e-05)
(8.95389e-05 -0.0128078 -0.0154173 -0.0128078 4.66827e-05 -0.00814539 -0.0154173 -0.00814539 6.03619e-05)
(6.40192e-05 -0.0127926 -0.0154178 -0.0127926 3.62222e-05 -0.00814388 -0.0154178 -0.00814388 0.000110715)
(1.62909e-05 -0.0127933 -0.0154254 -0.0127933 3.15125e-05 -0.00811858 -0.0154254 -0.00811858 0.000109225)
(3.08705e-05 -0.0127882 -0.0154151 -0.0127882 2.84551e-05 -0.00812111 -0.0154151 -0.00812111 0.000100388)
(2.77853e-05 -0.0127884 -0.0154166 -0.0127884 2.72866e-05 -0.00812277 -0.0154166 -0.00812277 0.000103659)
(3.05949e-05 -0.012789 -0.015425 -0.012789 2.15541e-05 -0.00812497 -0.015425 -0.00812497 6.20313e-05)
(2.76267e-05 -0.0127985 -0.0154422 -0.0127985 5.92098e-05 -0.00812132 -0.0154422 -0.00812132 6.81716e-05)
(3.75353e-05 -0.0127879 -0.0154274 -0.0127879 2.20533e-05 -0.00813019 -0.0154274 -0.00813019 5.09553e-05)
(4.15495e-05 -0.0127922 -0.0154261 -0.0127922 2.80273e-05 -0.00812241 -0.0154261 -0.00812241 5.89667e-05)
(2.10565e-05 -0.0127892 -0.0154244 -0.0127892 2.40691e-05 -0.00812124 -0.0154244 -0.00812124 8.8099e-05)
(6.18216e-05 -0.0127893 -0.0154283 -0.0127893 4.35258e-05 -0.00814234 -0.0154283 -0.00814234 4.64286e-05)
(-1.71896e-05 -0.0127963 -0.015437 -0.0127963 4.24089e-05 -0.00812154 -0.015437 -0.00812154 5.7351e-05)
(6.3562e-05 -0.0127977 -0.0154257 -0.0127977 3.03093e-05 -0.00813543 -0.0154257 -0.00813543 4.10458e-05)
(3.80215e-05 -0.0127894 -0.0154204 -0.0127894 2.27186e-05 -0.0081248 -0.0154204 -0.0081248 7.51263e-05)
(-6.12035e-05 -0.0128017 -0.0154421 -0.0128017 6.42758e-05 -0.00810945 -0.0154421 -0.00810945 8.19448e-05)
(5.43988e-05 -0.0127925 -0.0154281 -0.0127925 2.4591e-05 -0.00812928 -0.0154281 -0.00812928 4.85241e-05)
(4.39866e-05 -0.0127823 -0.0154331 -0.0127823 1.94463e-05 -0.00812949 -0.0154331 -0.00812949 4.70529e-05)
(2.05653e-05 -0.0127843 -0.0154265 -0.0127843 2.14387e-05 -0.00812921 -0.0154265 -0.00812921 7.62604e-05)
(7.90501e-05 -0.0127961 -0.015418 -0.0127961 2.4764e-05 -0.00812988 -0.015418 -0.00812988 5.35364e-05)
(4.29612e-05 -0.0127905 -0.015425 -0.0127905 2.19084e-05 -0.00812768 -0.015425 -0.00812768 5.64915e-05)
(5.41131e-05 -0.0127966 -0.0154314 -0.0127966 3.4685e-05 -0.00813529 -0.0154314 -0.00813529 3.02112e-05)
(-8.14462e-05 -0.0128113 -0.0154501 -0.0128113 6.53943e-05 -0.00811364 -0.0154501 -0.00811364 7.3024e-05)
(-0.000120813 -0.0128198 -0.0154562 -0.0128198 7.18395e-05 -0.00810735 -0.0154562 -0.00810735 8.20522e-05)
(6.51705e-05 -0.0128045 -0.0154328 -0.0128045 5.17011e-05 -0.00813728 -0.0154328 -0.00813728 3.17224e-05)
(4.28707e-05 -0.0127909 -0.0154251 -0.0127909 2.57086e-05 -0.00812541 -0.0154251 -0.00812541 5.91436e-05)
(4.77026e-05 -0.012784 -0.0154287 -0.012784 2.64174e-05 -0.00813494 -0.0154287 -0.00813494 8.87639e-05)
(5.30072e-05 -0.0127966 -0.0154304 -0.0127966 4.06294e-05 -0.00813743 -0.0154304 -0.00813743 3.37031e-05)
(9.93049e-05 -0.0128098 -0.0154184 -0.0128098 4.40222e-05 -0.00814157 -0.0154184 -0.00814157 5.97114e-05)
(9.917e-06 -0.0127931 -0.0154257 -0.0127931 3.54098e-05 -0.00811286 -0.0154257 -0.00811286 9.19789e-05)
(-9.01012e-05 -0.012808 -0.0154492 -0.012808 7.05055e-05 -0.00810516 -0.0154492 -0.00810516 8.50541e-05)
(2.12259e-05 -0.0127921 -0.0154304 -0.0127921 2.61913e-05 -0.00812144 -0.0154304 -0.00812144 6.01383e-05)
(4.50557e-05 -0.0127931 -0.0154333 -0.0127931 2.56599e-05 -0.00812787 -0.0154333 -0.00812787 4.8757e-05)
(2.86529e-05 -0.0127858 -0.0154274 -0.0127858 2.04034e-05 -0.00812999 -0.0154274 -0.00812999 5.30903e-05)
(5.40892e-05 -0.0127962 -0.0154305 -0.0127962 3.97963e-05 -0.00813616 -0.0154305 -0.00813616 3.08201e-05)
(8.45706e-05 -0.0128068 -0.015427 -0.0128068 3.98992e-05 -0.00813761 -0.015427 -0.00813761 3.8512e-05)
(1.64294e-06 -0.0127958 -0.0154328 -0.0127958 3.45447e-05 -0.00811611 -0.0154328 -0.00811611 7.39537e-05)
(-1.37391e-05 -0.0127946 -0.0154384 -0.0127946 2.86278e-05 -0.0081195 -0.0154384 -0.0081195 5.79496e-05)
(1.22763e-05 -0.0127985 -0.0154483 -0.0127985 4.02173e-05 -0.00813034 -0.0154483 -0.00813034 5.34737e-05)
(6.99112e-05 -0.0127968 -0.0154303 -0.0127968 2.65868e-05 -0.00813302 -0.0154303 -0.00813302 4.34722e-05)
(4.72543e-07 -0.0127918 -0.0154385 -0.0127918 2.44422e-05 -0.00812646 -0.0154385 -0.00812646 4.27114e-05)
(5.1887e-05 -0.0127875 -0.0154312 -0.0127875 3.25834e-05 -0.00813513 -0.0154312 -0.00813513 3.49754e-05)
(5.94026e-05 -0.0127946 -0.0154193 -0.0127946 2.66016e-05 -0.00813372 -0.0154193 -0.00813372 5.80326e-05)
(7.3367e-05 -0.0127905 -0.0154156 -0.0127905 2.79489e-05 -0.00812401 -0.0154156 -0.00812401 6.74378e-05)
(6.14115e-05 -0.0127982 -0.0154203 -0.0127982 3.36472e-05 -0.00813925 -0.0154203 -0.00813925 5.67647e-05)
(6.24267e-05 -0.0127929 -0.0154138 -0.0127929 3.00074e-05 -0.00811908 -0.0154138 -0.00811908 0.000103827)
(1.78133e-05 -0.0127964 -0.0154307 -0.0127964 3.80631e-05 -0.00811758 -0.0154307 -0.00811758 7.47379e-05)
(1.50455e-05 -0.0127874 -0.0154352 -0.0127874 2.1655e-05 -0.00812765 -0.0154352 -0.00812765 4.4832e-05)
(9.69196e-05 -0.0128146 -0.0154264 -0.0128146 8.65245e-05 -0.0081473 -0.0154264 -0.0081473 3.63902e-05)
(3.48003e-05 -0.0127898 -0.015426 -0.0127898 2.10004e-05 -0.00812712 -0.015426 -0.00812712 4.37559e-05)
(7.3152e-05 -0.0127914 -0.0154287 -0.0127914 5.05401e-05 -0.00814198 -0.0154287 -0.00814198 4.33885e-05)
(7.34576e-05 -0.0127994 -0.0154211 -0.0127994 2.97979e-05 -0.00813511 -0.0154211 -0.00813511 4.70011e-05)
(2.95829e-05 -0.0127883 -0.0154221 -0.0127883 2.2092e-05 -0.00812567 -0.0154221 -0.00812567 6.1516e-05)
(6.42207e-05 -0.0127854 -0.0154277 -0.0127854 4.32396e-05 -0.00814512 -0.0154277 -0.00814512 5.96194e-05)
(0.000120123 -0.0128111 -0.0154194 -0.0128111 3.6389e-05 -0.00813692 -0.0154194 -0.00813692 4.40433e-05)
(4.01412e-05 -0.0127908 -0.015429 -0.0127908 2.49119e-05 -0.00812767 -0.015429 -0.00812767 4.83017e-05)
(7.87524e-05 -0.0127803 -0.0154313 -0.0127803 4.96477e-05 -0.00814736 -0.0154313 -0.00814736 6.1169e-05)
(4.67318e-05 -0.0127922 -0.0154283 -0.0127922 3.70534e-05 -0.00814025 -0.0154283 -0.00814025 4.14067e-05)
(7.2994e-06 -0.0127913 -0.0154357 -0.0127913 2.45515e-05 -0.0081256 -0.0154357 -0.0081256 4.57856e-05)
(9.77262e-05 -0.0128158 -0.0154184 -0.0128158 5.72428e-05 -0.0081465 -0.0154184 -0.0081465 5.31577e-05)
(5.38105e-05 -0.0127918 -0.0154215 -0.0127918 2.85712e-05 -0.00813624 -0.0154215 -0.00813624 6.40425e-05)
(1.55467e-05 -0.0127917 -0.0154355 -0.0127917 2.55269e-05 -0.00812832 -0.0154355 -0.00812832 4.23084e-05)
(7.23319e-05 -0.0128136 -0.0154335 -0.0128136 5.20602e-05 -0.00813511 -0.0154335 -0.00813511 2.37544e-05)
