/*--------------------------------*- C++ -*----------------------------------*\
  =========                 |
  \\      /  F ield         | OpenFOAM: The Open Source CFD Toolbox
   \\    /   O peration     | Website:  https://openfoam.org
    \\  /    A nd           | Version:  10
     \\/     M anipulation  |
\*---------------------------------------------------------------------------*/
FoamFile
{
    format      ascii;
    class       volTensorField;
    location    "1";
    object      TauNN;
}
// * * * * * * * * * * * * * * * * * * * * * * * * * * * * * * * * * * * * * //

dimensions      [0 2 -2 0 0 0 0];

internalField   nonuniform List<tensor> 
25600
(
(0.000165344 -3.75044e-06 0.000119366 -3.75044e-06 0.000157158 -8.22451e-06 0.000119366 -8.22451e-06 3.29921e-05)
(0.000164155 2.78559e-06 0.000100255 2.78559e-06 0.00014585 -1.89412e-05 0.000100255 -1.89412e-05 4.47909e-05)
(0.000187327 -4.45824e-06 0.000107327 -4.45824e-06 0.000130835 -2.27196e-05 0.000107327 -2.27196e-05 3.56273e-05)
(0.000232318 -2.27531e-05 0.000139463 -2.27531e-05 0.000126615 -2.96682e-05 0.000139463 -2.96682e-05 1.59078e-05)
(0.00025343 -2.25874e-05 0.000166416 -2.25874e-05 0.000128959 -4.70541e-05 0.000166416 -4.70541e-05 6.39989e-06)
(0.000267243 4.25372e-05 0.000138665 4.25372e-05 0.000153791 -7.06958e-05 0.000138665 -7.06958e-05 4.85894e-05)
(0.000324421 0.000117344 7.01463e-05 0.000117344 0.000200179 -9.09446e-05 7.01463e-05 -9.09446e-05 0.000143756)
(0.000385382 0.000142014 4.43878e-05 0.000142014 0.000233037 -9.86382e-05 4.43878e-05 -9.86382e-05 0.000213897)
(0.000389216 0.000116606 7.26935e-05 0.000116606 0.000250698 -0.000101428 7.26935e-05 -0.000101428 0.00023862)
(0.000351379 6.14552e-05 0.000130448 6.14552e-05 0.00025845 -0.000108058 0.000130448 -0.000108058 0.000213643)
(0.000326793 5.97909e-06 0.000178359 5.97909e-06 0.00024301 -9.71304e-05 0.000178359 -9.71304e-05 0.000184677)
(0.000308201 -8.88761e-06 0.000201752 -8.88761e-06 0.000195575 -5.93085e-05 0.000201752 -5.93085e-05 0.000152066)
(0.000257659 2.6159e-05 0.000160708 2.6159e-05 0.000144155 -1.09458e-05 0.000160708 -1.09458e-05 0.000117505)
(0.000194263 5.85066e-05 5.59287e-05 5.85066e-05 0.000151211 -1.54078e-05 5.59287e-05 -1.54078e-05 0.000121666)
(0.000172927 3.84012e-05 -2.55732e-05 3.84012e-05 0.000201553 -0.000124707 -2.55732e-05 -0.000124707 0.000310629)
(0.000209203 2.15322e-06 -2.52649e-05 2.15322e-06 0.000262786 -0.000261203 -2.52649e-05 -0.000261203 0.000649555)
(0.000206254 -4.93601e-06 -3.56371e-05 -4.93601e-06 0.000261072 -0.000277826 -3.56371e-05 -0.000277826 0.000747611)
(0.00014445 3.73647e-06 -3.64315e-05 3.73647e-06 0.000204761 -0.000171507 -3.64315e-05 -0.000171507 0.000465479)
(0.000122484 5.39795e-06 3.72175e-05 5.39795e-06 0.000192708 -5.47245e-05 3.72175e-05 -5.47245e-05 0.000145496)
(0.000189811 1.99107e-05 0.000107546 1.99107e-05 0.000224176 2.31126e-05 0.000107546 2.31126e-05 9.25457e-05)
(0.000286229 3.80082e-05 0.000158072 3.80082e-05 0.000251664 6.36512e-05 0.000158072 6.36512e-05 0.000223998)
(0.000345145 4.32637e-05 0.000202483 4.32637e-05 0.00027909 6.67525e-05 0.000202483 6.67525e-05 0.000341451)
(0.000348571 5.06872e-05 0.000237046 5.06872e-05 0.000296443 3.86229e-05 0.000237046 3.86229e-05 0.0003428)
(0.000336117 8.22898e-05 0.000227831 8.22898e-05 0.000289267 3.28012e-06 0.000227831 3.28012e-06 0.000281455)
(0.000302415 0.000128797 0.000128607 0.000128797 0.000242275 -3.05511e-05 0.000128607 -3.05511e-05 0.000188692)
(0.000223573 0.000107082 5.01694e-05 0.000107082 0.000132355 -4.28194e-05 5.01694e-05 -4.28194e-05 9.66625e-05)
(0.000137025 4.25829e-05 8.54414e-05 4.25829e-05 5.2266e-05 -2.27615e-05 8.54414e-05 -2.27615e-05 2.59591e-06)
(0.000165714 3.7618e-05 0.000120698 3.7618e-05 8.90461e-05 -2.24141e-05 0.000120698 -2.24141e-05 -1.47984e-05)
(0.000267506 7.49016e-05 0.000111882 7.49016e-05 0.000158366 -5.03361e-05 0.000111882 -5.03361e-05 6.01454e-05)
(0.000266659 5.90114e-05 0.000118283 5.90114e-05 0.000164986 -4.55109e-05 0.000118283 -4.55109e-05 0.000104696)
(0.000235993 4.63622e-05 0.000142658 4.63622e-05 0.000160212 -8.54954e-06 0.000142658 -8.54954e-06 0.000127473)
(0.000241042 7.00224e-05 0.000154385 7.00224e-05 0.000182837 9.75747e-06 0.000154385 9.75747e-06 0.000135432)
(0.000208641 7.35614e-05 0.000119542 7.35614e-05 0.000166457 -6.2054e-06 0.000119542 -6.2054e-06 7.65355e-05)
(0.000137689 1.90912e-05 9.15434e-05 1.90912e-05 0.000115746 -2.4192e-05 9.15434e-05 -2.4192e-05 3.53421e-06)
(0.000145896 -1.21789e-05 0.000117725 -1.21789e-05 0.000144121 -5.21541e-06 0.000117725 -5.21541e-06 7.15026e-06)
(0.000206307 -1.17281e-05 0.000139344 -1.17281e-05 0.00024431 1.06478e-05 0.000139344 1.06478e-05 2.9623e-05)
(0.000264511 -8.40239e-06 0.000150182 -8.40239e-06 0.000354335 -4.41726e-06 0.000150182 -4.41726e-06 4.44534e-05)
(0.000277984 -2.82833e-05 0.00015266 -2.82833e-05 0.000387706 -1.71931e-05 0.00015266 -1.71931e-05 5.02698e-05)
(0.000245198 -4.19226e-05 0.000147599 -4.19226e-05 0.000318021 -1.43489e-05 0.000147599 -1.43489e-05 3.72995e-05)
(0.000197181 -2.07517e-05 0.000138344 -2.07517e-05 0.000212462 -4.64637e-06 0.000138344 -4.64637e-06 2.59246e-05)
(0.000151703 -4.1415e-05 3.70434e-05 -4.1415e-05 0.000104902 5.70044e-05 3.70434e-05 5.70044e-05 0.00020155)
(0.000163669 7.96001e-06 0.000117549 7.96001e-06 0.000139013 8.48342e-06 0.000117549 8.48342e-06 6.93144e-05)
(0.000264185 4.83952e-05 0.000142037 4.83952e-05 0.000173156 -1.94181e-06 0.000142037 -1.94181e-06 0.00014428)
(0.000331943 7.17659e-05 0.000144665 7.17659e-05 0.000197604 -7.14166e-05 0.000144665 -7.14166e-05 0.000226013)
(0.000370084 4.38429e-05 0.00017397 4.38429e-05 0.000271573 -0.000183647 0.00017397 -0.000183647 0.000282063)
(0.000426699 2.18619e-05 0.000220751 2.18619e-05 0.000284266 -0.000237081 0.000220751 -0.000237081 0.000406463)
(0.000571377 0.000114357 0.000350788 0.000114357 0.000221694 -9.8994e-05 0.000350788 -9.8994e-05 0.000832064)
(0.000757877 0.000256695 0.000559753 0.000256695 0.000381844 0.000266111 0.000559753 0.000266111 0.00134243)
(0.000752145 0.000366515 0.000557436 0.000366515 0.000873031 0.000561117 0.000557436 0.000561117 0.00127424)
(0.000579625 0.000320791 0.000379439 0.000320791 0.00108094 0.000509341 0.000379439 0.000509341 0.00076759)
(0.000357137 0.000154058 0.000175467 0.000154058 0.000734628 0.000215465 0.000175467 0.000215465 0.000304807)
(0.000206675 6.07753e-05 9.86466e-05 6.07753e-05 0.000317748 3.84264e-05 9.86466e-05 3.84264e-05 9.70178e-05)
(0.000186688 3.53632e-05 0.000106503 3.53632e-05 0.000192816 3.5353e-06 0.000106503 3.5353e-06 4.60955e-05)
(0.000227057 4.2541e-05 0.000112396 4.2541e-05 0.000222921 -2.65427e-07 0.000112396 -2.65427e-07 7.81433e-05)
(0.000265291 6.50482e-05 0.000133026 6.50482e-05 0.000256121 4.77275e-05 0.000133026 4.77275e-05 0.000160799)
(0.000271817 6.00005e-05 0.000155129 6.00005e-05 0.000260543 9.55313e-05 0.000155129 9.55313e-05 0.000204227)
(0.000227141 2.97362e-05 0.000147818 2.97362e-05 0.000190744 5.96959e-05 0.000147818 5.96959e-05 0.000148555)
(0.000186874 8.82428e-06 0.000133467 8.82428e-06 0.000121855 9.4641e-06 0.000133467 9.4641e-06 9.86625e-05)
(0.00016444 -1.05491e-05 0.000115984 -1.05491e-05 0.000127439 3.98234e-06 0.000115984 3.98234e-06 7.01786e-05)
(0.000161457 -4.86802e-06 0.000115178 -4.86802e-06 0.000167641 2.32765e-05 0.000115178 2.32765e-05 7.64669e-05)
(0.00015285 3.01292e-05 0.000116676 3.01292e-05 0.000175129 1.04448e-05 0.000116676 1.04448e-05 7.82201e-05)
(0.000154712 5.51855e-05 0.000108161 5.51855e-05 0.000225318 -2.0274e-05 0.000108161 -2.0274e-05 8.07936e-05)
(0.00018353 6.32703e-05 9.16757e-05 6.32703e-05 0.000310493 -3.98131e-05 9.16757e-05 -3.98131e-05 7.62173e-05)
(0.000194304 4.47296e-05 0.000106622 4.47296e-05 0.000274503 -5.17135e-05 0.000106622 -5.17135e-05 6.78109e-05)
(0.000183551 -4.68455e-06 0.000120151 -4.68455e-06 0.00018508 -7.05561e-05 0.000120151 -7.05561e-05 2.79384e-05)
(0.000202998 -3.13157e-05 0.000128285 -3.13157e-05 0.000223067 -5.18151e-05 0.000128285 -5.18151e-05 7.92121e-06)
(0.000242723 1.66073e-05 0.000151483 1.66073e-05 0.000349836 1.61519e-05 0.000151483 1.61519e-05 5.36815e-05)
(0.000235949 4.09344e-05 0.000159031 4.09344e-05 0.000317848 1.29687e-05 0.000159031 1.29687e-05 4.52024e-05)
(0.000204371 3.00622e-05 0.000141452 3.00622e-05 0.000197603 -5.44153e-05 0.000141452 -5.44153e-05 1.6901e-05)
(0.000214866 4.45666e-05 0.000153889 4.45666e-05 0.000145186 -3.88063e-05 0.000153889 -3.88063e-05 7.55369e-05)
(0.000207735 5.86174e-05 0.000145839 5.86174e-05 0.000140019 -1.50679e-05 0.000145839 -1.50679e-05 6.59535e-05)
(0.000122086 3.10224e-05 9.13721e-05 3.10224e-05 0.000101789 -1.74688e-05 9.13721e-05 -1.74688e-05 4.59598e-06)
(0.000125368 -6.34231e-06 0.000122802 -6.34231e-06 9.71455e-05 3.77819e-05 0.000122802 3.77819e-05 0.000130839)
(0.000271421 5.58142e-06 0.000214733 5.58142e-06 0.000232197 0.000152484 0.000214733 0.000152484 0.000350513)
(0.00031196 2.98265e-05 0.000228139 2.98265e-05 0.000314374 0.00014297 0.000228139 0.00014297 0.000321829)
(0.000261039 1.14972e-05 0.000177199 1.14972e-05 0.000351214 5.56083e-05 0.000177199 5.56083e-05 0.00016866)
(0.000223315 -4.08096e-05 0.000133161 -4.08096e-05 0.000345866 -8.2422e-06 0.000133161 -8.2422e-06 0.000103749)
(0.000187929 -9.02256e-05 7.78995e-05 -9.02256e-05 0.000279187 1.53612e-05 7.78995e-05 1.53612e-05 0.000126208)
(0.000203458 -0.000115429 -2.91187e-05 -0.000115429 0.000202 9.3054e-05 -2.91187e-05 9.3054e-05 0.000271882)
(0.000221117 -0.000105722 -6.65421e-05 -0.000105722 0.000145307 0.000137799 -6.65421e-05 0.000137799 0.000372143)
(0.000220636 -6.26454e-05 9.10861e-05 -6.26454e-05 0.000275589 -5.85252e-05 9.10861e-05 -5.85252e-05 4.63918e-05)
(0.000189109 -1.62721e-05 7.66581e-05 -1.62721e-05 0.000245928 -4.11542e-05 7.66581e-05 -4.11542e-05 9.88189e-05)
(0.000179316 4.0642e-05 9.03606e-05 4.0642e-05 0.000239379 -4.1835e-06 9.03606e-05 -4.1835e-06 0.000175475)
(0.000191147 4.82993e-05 0.000118961 4.82993e-05 0.000183854 -4.29247e-06 0.000118961 -4.29247e-06 0.000206935)
(0.000193628 1.31233e-05 0.000108105 1.31233e-05 0.000144013 -2.26088e-05 0.000108105 -2.26088e-05 0.00016589)
(0.000258024 2.89874e-05 0.000113622 2.89874e-05 0.000217521 2.14772e-05 0.000113622 2.14772e-05 0.000191165)
(0.000364344 0.000126597 9.21339e-05 0.000126597 0.000356079 4.14466e-05 9.21339e-05 4.14466e-05 0.000238242)
(0.000331355 0.000180598 -2.37767e-05 0.000180598 0.000311124 -4.37712e-05 -2.37767e-05 -4.37712e-05 0.000163611)
(0.000149985 0.000117345 -4.7598e-05 0.000117345 0.000136668 -7.40616e-05 -4.7598e-05 -7.40616e-05 5.78257e-05)
(7.95628e-05 6.14766e-05 8.8525e-05 6.14766e-05 8.73082e-05 1.21351e-06 8.8525e-05 1.21351e-06 -1.6387e-05)
(0.000206397 9.46075e-05 0.000166543 9.46075e-05 0.000182682 2.02842e-05 0.000166543 2.02842e-05 -1.75816e-06)
(0.000314862 9.32226e-05 0.00015536 9.32226e-05 0.000295207 -2.87201e-05 0.00015536 -2.87201e-05 4.80407e-05)
(0.000343207 3.07616e-06 0.000150665 3.07616e-06 0.000345792 -6.89328e-05 0.000150665 -6.89328e-05 6.49178e-05)
(0.000336991 -6.58929e-05 0.00016844 -6.58929e-05 0.000290684 -4.68409e-05 0.00016844 -4.68409e-05 5.62001e-05)
(0.000325951 -9.51625e-06 0.000194442 -9.51625e-06 0.000185956 -1.64332e-05 0.000194442 -1.64332e-05 0.000113992)
(0.000311889 6.64145e-05 0.00019549 6.64145e-05 0.00013225 1.24369e-05 0.00019549 1.24369e-05 0.000238083)
(0.000340477 7.65799e-05 0.000164046 7.65799e-05 0.000148589 1.89524e-05 0.000164046 1.89524e-05 0.000346935)
(0.000346757 6.87568e-05 0.000140497 6.87568e-05 0.000178768 -2.80337e-05 0.000140497 -2.80337e-05 0.000312636)
(0.00029485 7.34758e-05 0.000134827 7.34758e-05 0.00023787 -7.9575e-05 0.000134827 -7.9575e-05 0.000148895)
(0.000296528 8.96025e-06 0.000141325 8.96025e-06 0.000369603 -6.238e-05 0.000141325 -6.238e-05 6.19767e-05)
(0.000342747 -9.12966e-05 0.00013795 -9.12966e-05 0.000436947 -5.80829e-05 0.00013795 -5.80829e-05 2.69068e-05)
(0.000328191 -8.26353e-05 0.0001246 -8.26353e-05 0.000372994 -7.10897e-05 0.0001246 -7.10897e-05 1.77158e-05)
(0.000277278 -3.4743e-05 0.000118225 -3.4743e-05 0.000306754 -6.90306e-05 0.000118225 -6.90306e-05 1.77213e-05)
(0.000278463 -2.63248e-05 0.000146352 -2.63248e-05 0.000316268 -4.11011e-05 0.000146352 -4.11011e-05 2.82471e-05)
(0.000310965 -2.13804e-05 0.000177658 -2.13804e-05 0.000363001 -2.163e-05 0.000177658 -2.163e-05 5.63866e-05)
(0.000303664 -4.39761e-05 0.000180168 -4.39761e-05 0.00040855 -3.09814e-05 0.000180168 -3.09814e-05 5.79409e-05)
(0.000277934 -5.75157e-05 0.00016926 -5.75157e-05 0.000445863 -2.82424e-05 0.00016926 -2.82424e-05 4.3286e-05)
(0.000252404 -6.0969e-05 0.000151793 -6.0969e-05 0.000405008 -2.23098e-05 0.000151793 -2.23098e-05 1.86761e-05)
(0.000257491 -7.75596e-05 0.000145166 -7.75596e-05 0.000392773 -3.54983e-05 0.000145166 -3.54983e-05 -5.35637e-06)
(0.00028853 -8.71839e-05 0.00014597 -8.71839e-05 0.000440983 -4.80404e-05 0.00014597 -4.80404e-05 -1.88041e-05)
(0.000335675 -9.55705e-05 0.000156155 -9.55705e-05 0.000606776 -1.33924e-05 0.000156155 -1.33924e-05 9.07626e-06)
(0.000340413 -5.04004e-05 0.000171227 -5.04004e-05 0.000686477 0.000143962 0.000171227 0.000143962 0.000115969)
(0.000419312 1.88202e-05 0.000197206 1.88202e-05 0.000759184 0.000378886 0.000197206 0.000378886 0.000436173)
(0.000447211 -1.23726e-05 0.000191987 -1.23726e-05 0.000591755 0.00042983 0.000191987 0.00042983 0.000681436)
(0.00036847 -3.652e-05 0.000197455 -3.652e-05 0.000372617 0.000288343 0.000197455 0.000288343 0.000605924)
(0.00026301 -4.62281e-05 0.00017854 -4.62281e-05 0.000267285 0.000133673 0.00017854 0.000133673 0.000381097)
(0.00018096 -4.81997e-05 0.000114159 -4.81997e-05 0.000238009 2.48719e-05 0.000114159 2.48719e-05 0.000184973)
(0.000171534 -4.80888e-05 8.17776e-05 -4.80888e-05 0.000271065 -1.36653e-05 8.17776e-05 -1.36653e-05 8.44768e-05)
(0.000201419 -5.52675e-05 7.88122e-05 -5.52675e-05 0.000307614 -2.38204e-05 7.88122e-05 -2.38204e-05 4.66908e-05)
(0.000231734 -7.17221e-05 9.21236e-05 -7.17221e-05 0.00030718 -4.54783e-05 9.21236e-05 -4.54783e-05 3.30127e-05)
(0.000467807 -0.0001141 0.000176013 -0.0001141 0.000970518 -0.000207861 0.000176013 -0.000207861 9.05168e-05)
(0.000550771 -6.0495e-05 0.000163324 -6.0495e-05 0.00105305 -0.000340979 0.000163324 -0.000340979 0.000189084)
(0.000643111 -5.14025e-05 0.000115796 -5.14025e-05 0.000954207 -0.000476903 0.000115796 -0.000476903 0.000325814)
(0.000717373 -5.65788e-05 0.000114596 -5.65788e-05 0.000672353 -0.000464997 0.000114596 -0.000464997 0.000495089)
(0.000695865 -5.55906e-05 0.00023663 -5.55906e-05 0.000477298 -0.000254415 0.00023663 -0.000254415 0.000466254)
(0.000491105 -7.45691e-05 0.000220258 -7.45691e-05 0.000328498 -7.32811e-05 0.000220258 -7.32811e-05 0.000149847)
(0.00025199 -7.87331e-05 9.5089e-05 -7.87331e-05 0.000172509 1.38478e-05 9.5089e-05 1.38478e-05 1.9495e-05)
(0.000207124 -1.96034e-05 0.000124711 -1.96034e-05 0.000320237 7.51065e-05 0.000124711 7.51065e-05 -4.49472e-07)
(0.00042461 0.000186388 0.000183156 0.000186388 0.00093136 -5.47133e-05 0.000183156 -5.47133e-05 6.17435e-05)
(0.000666703 0.000308993 8.29455e-05 0.000308993 0.00120169 -0.000403568 8.29455e-05 -0.000403568 0.000320698)
(0.000775467 0.000291691 -1.51666e-05 0.000291691 0.000907015 -0.000461911 -1.51666e-05 -0.000461911 0.000468457)
(0.00064918 0.000138538 3.70583e-05 0.000138538 0.000612179 -0.000289244 3.70583e-05 -0.000289244 0.000378244)
(0.000453159 -3.18633e-05 0.000132285 -3.18633e-05 0.000480242 -0.000128329 0.000132285 -0.000128329 0.000162289)
(0.000354157 -0.000164756 0.000134523 -0.000164756 0.000458213 -2.94298e-06 0.000134523 -2.94298e-06 7.63723e-05)
(0.000386939 -0.000199476 0.000136759 -0.000199476 0.000514789 1.93566e-05 0.000136759 1.93566e-05 7.36493e-05)
(0.000356192 -7.77626e-05 0.000179457 -7.77626e-05 0.000435532 -9.11858e-05 0.000179457 -9.11858e-05 8.2094e-05)
(0.000267632 7.17016e-05 0.000171909 7.17016e-05 0.000260908 -0.000132856 0.000171909 -0.000132856 0.000123613)
(0.000236731 0.000118175 0.000141567 0.000118175 0.000273395 -5.10868e-05 0.000141567 -5.10868e-05 8.65496e-05)
(0.000272587 8.27238e-05 0.000177587 8.27238e-05 0.000347962 1.71149e-05 0.000177587 1.71149e-05 0.000123753)
(0.000240235 4.30271e-06 0.000176151 4.30271e-06 0.000292509 3.72352e-05 0.000176151 3.72352e-05 0.000181161)
(0.000230943 -8.97804e-05 0.000145554 -8.97804e-05 0.000347287 3.06945e-05 0.000145554 3.06945e-05 0.000116604)
(0.000406168 -0.000138503 0.000185266 -0.000138503 0.000585369 -4.84046e-05 0.000185266 -4.84046e-05 0.000126262)
(0.000591638 -7.152e-05 0.000222145 -7.152e-05 0.000730012 -0.000134402 0.000222145 -0.000134402 0.000260907)
(0.000572858 2.2118e-05 0.000209479 2.2118e-05 0.00059408 -0.000133557 0.000209479 -0.000133557 0.00032534)
(0.0004194 4.02769e-05 0.000191428 4.02769e-05 0.000346882 -7.71089e-05 0.000191428 -7.71089e-05 0.000266237)
(0.000321977 2.94344e-05 0.000169712 2.94344e-05 0.00025435 -6.33625e-05 0.000169712 -6.33625e-05 0.000175025)
(0.000271513 -6.19981e-06 0.00015695 -6.19981e-06 0.000261615 -5.62407e-05 0.00015695 -5.62407e-05 8.6182e-05)
(0.000262049 -4.60371e-05 0.000161051 -4.60371e-05 0.000333017 -1.76197e-05 0.000161051 -1.76197e-05 6.01495e-05)
(0.000321476 -6.55614e-05 0.000186027 -6.55614e-05 0.000540169 4.56637e-05 0.000186027 4.56637e-05 0.000115409)
(0.00041618 -5.92787e-05 0.00020341 -5.92787e-05 0.000974126 0.000125831 0.00020341 0.000125831 0.000211427)
(0.000455381 -7.40075e-05 0.000193551 -7.40075e-05 0.00132535 0.000182267 0.000193551 0.000182267 0.000279452)
(0.000448188 -8.2436e-05 0.000171448 -8.2436e-05 0.0014341 0.000284945 0.000171448 0.000284945 0.000346318)
(0.000404352 -8.38069e-05 0.000143101 -8.38069e-05 0.00107173 0.000389288 0.000143101 0.000389288 0.000466768)
(0.000340081 -0.000112816 0.000121241 -0.000112816 0.00055885 0.000338839 0.000121241 0.000338839 0.000549165)
(0.000273374 -0.000107518 0.000109349 -0.000107518 0.000317439 0.000220568 0.000109349 0.000220568 0.000544866)
(0.000203762 -9.78094e-05 8.91397e-05 -9.78094e-05 0.00026696 0.000133644 8.91397e-05 0.000133644 0.000420499)
(0.000179775 -0.000118657 7.49389e-05 -0.000118657 0.000338058 0.00011978 7.49389e-05 0.00011978 0.000264713)
(0.000224366 -0.00016336 9.12594e-05 -0.00016336 0.000529374 9.96254e-05 9.12594e-05 9.96254e-05 0.000141135)
(0.000303034 -0.000189795 0.000124081 -0.000189795 0.000714938 1.76234e-05 0.000124081 1.76234e-05 6.2417e-05)
(0.00038599 -0.000176058 0.000157122 -0.000176058 0.000843101 -8.90009e-05 0.000157122 -8.90009e-05 4.36207e-05)
(0.000902562 -0.000285706 0.00013805 -0.000285706 0.00181682 -0.00057125 0.00013805 -0.00057125 0.000448276)
(0.000936798 -0.000256153 9.30093e-05 -0.000256153 0.00153583 -0.000610801 9.30093e-05 -0.000610801 0.000490838)
(0.00108576 -0.000181235 3.64613e-05 -0.000181235 0.00126797 -0.000721126 3.64613e-05 -0.000721126 0.000786839)
(0.001245 -0.00012116 8.33618e-05 -0.00012116 0.00114974 -0.000722722 8.33618e-05 -0.000722722 0.001119)
(0.0011347 -0.000187259 0.000210887 -0.000187259 0.00103914 -0.000577835 0.000210887 -0.000577835 0.000846018)
(0.000738605 -0.000289964 0.000222135 -0.000289964 0.000849822 -0.00033702 0.000222135 -0.00033702 0.000248483)
(0.000401403 -0.000201323 0.000160833 -0.000201323 0.000703549 -5.22686e-05 0.000160833 -5.22686e-05 2.98068e-05)
(0.000358023 6.92159e-06 0.000179923 6.92159e-06 0.000853382 8.59788e-05 0.000179923 8.59788e-05 9.92085e-05)
(0.000414371 6.28401e-05 0.000200441 6.28401e-05 0.000860032 -4.87678e-05 0.000200441 -4.87678e-05 0.000119083)
(0.000439406 2.02125e-05 0.000141144 2.02125e-05 0.000457429 -0.000190455 0.000141144 -0.000190455 0.000184394)
(0.000424372 4.69042e-05 0.000165913 4.69042e-05 0.000278909 -1.46776e-05 0.000165913 -1.46776e-05 0.000332581)
(0.000374368 6.02007e-05 0.000159109 6.02007e-05 0.000429051 9.55351e-05 0.000159109 9.55351e-05 0.000320287)
(0.000249111 4.58052e-05 0.00010001 4.58052e-05 0.000353908 1.59414e-05 0.00010001 1.59414e-05 0.000169812)
(0.000144215 3.36114e-06 7.27717e-05 3.36114e-06 0.000221402 -2.27448e-05 7.27717e-05 -2.27448e-05 8.78391e-05)
(0.00015234 -2.07359e-05 5.43678e-05 -2.07359e-05 0.000217694 -5.7742e-08 5.43678e-05 -5.7742e-08 0.000108946)
(0.000199795 2.42423e-06 5.94733e-05 2.42423e-06 0.000301656 2.41622e-05 5.94733e-05 2.41622e-05 0.000115541)
(0.000251009 2.42833e-05 0.000117573 2.42833e-05 0.000425338 6.8794e-05 0.000117573 6.8794e-05 8.31119e-05)
(0.000285391 4.53908e-05 0.000165977 4.53908e-05 0.000460496 6.2908e-05 0.000165977 6.2908e-05 6.33444e-05)
(0.000278824 4.41847e-05 0.000147891 4.41847e-05 0.000303484 -3.26941e-05 0.000147891 -3.26941e-05 6.74035e-05)
(0.000338304 -3.26894e-07 0.000137532 -3.26894e-07 0.000252184 -3.36114e-05 0.000137532 -3.36114e-05 0.000225523)
(0.000384803 1.73319e-06 0.00016751 1.73319e-06 0.000287483 -9.58145e-06 0.00016751 -9.58145e-06 0.000356573)
(0.000360525 -2.23704e-06 0.000162611 -2.23704e-06 0.000298698 -6.05565e-05 0.000162611 -6.05565e-05 0.000260264)
(0.000329858 -7.23889e-05 0.0001456 -7.23889e-05 0.000346922 -6.06719e-05 0.0001456 -6.06719e-05 0.000126987)
(0.000268051 -8.11098e-05 0.000106295 -8.11098e-05 0.000295354 -1.01291e-05 0.000106295 -1.01291e-05 7.03954e-05)
(0.000211107 -4.77768e-07 7.83466e-05 -4.77768e-07 0.000236456 -5.56279e-06 7.83466e-05 -5.56279e-06 6.34651e-05)
(0.000206184 2.71881e-05 0.000102179 2.71881e-05 0.000237537 -1.39847e-05 0.000102179 -1.39847e-05 5.94759e-05)
(0.000246948 1.88174e-05 0.000118837 1.88174e-05 0.000247072 -2.82759e-05 0.000118837 -2.82759e-05 8.33821e-05)
(0.000313326 2.50619e-05 0.000125952 2.50619e-05 0.000301212 -5.61029e-05 0.000125952 -5.61029e-05 0.000124292)
(0.000377183 4.35878e-05 0.000156307 4.35878e-05 0.000491393 -5.11846e-05 0.000156307 -5.11846e-05 0.00015571)
(0.000408498 2.44901e-05 0.000190577 2.44901e-05 0.00095052 5.65862e-05 0.000190577 5.65862e-05 0.0002423)
(0.000353187 -7.73668e-05 0.000160301 -7.73668e-05 0.00111763 0.00015215 0.000160301 0.00015215 0.000316909)
(0.000243257 -0.000167269 0.000107209 -0.000167269 0.000719165 0.000135818 0.000107209 0.000135818 0.000267555)
(0.000154586 -6.17802e-05 1.18921e-05 -6.17802e-05 0.000273834 9.96236e-06 1.18921e-05 9.96236e-06 0.000286641)
(0.000243222 0.000113452 -0.000149996 0.000113452 0.000470988 -0.00028797 -0.000149996 -0.00028797 0.000608096)
(0.000267232 0.00012807 -0.000127078 0.00012807 0.000651185 -0.000427899 -0.000127078 -0.000427899 0.000715064)
(0.000239904 1.80779e-05 8.88454e-05 1.80779e-05 0.000320552 -0.000111299 8.88454e-05 -0.000111299 0.000335906)
(0.000395678 7.87256e-05 0.000159856 7.87256e-05 0.000465727 -7.20937e-05 0.000159856 -7.20937e-05 0.00022505)
(0.000700051 0.000145613 8.5149e-05 0.000145613 0.00106089 -0.000368166 8.5149e-05 -0.000368166 0.000488998)
(0.000896471 2.44845e-06 8.67853e-05 2.44845e-06 0.00159268 -0.000579236 8.67853e-05 -0.000579236 0.000635407)
(0.000904497 -0.000208146 0.000135362 -0.000208146 0.00181584 -0.000584945 0.000135362 -0.000584945 0.000524171)
(0.00125175 0.000180242 8.9149e-05 0.000180242 0.00113671 -0.00055632 8.9149e-05 -0.00055632 0.00128777)
(0.00102915 4.03514e-05 8.4945e-05 4.03514e-05 0.0010305 -0.00052471 8.4945e-05 -0.00052471 0.000903476)
(0.00104517 4.98202e-05 8.67574e-05 4.98202e-05 0.000911226 -0.000533499 8.67574e-05 -0.000533499 0.00107615)
(0.000989051 7.88448e-05 0.000246719 7.88448e-05 0.000648077 -0.000343062 0.000246719 -0.000343062 0.00122248)
(0.000793277 1.07251e-05 0.00038508 1.07251e-05 0.000466029 -0.000155748 0.00038508 -0.000155748 0.000822916)
(0.000448554 -0.000147873 0.000208743 -0.000147873 0.000402126 -0.000134815 0.000208743 -0.000134815 0.000152851)
(0.000274595 -0.000160724 1.20234e-06 -0.000160724 0.000646424 0.000159894 1.20234e-06 0.000159894 0.000230763)
(0.000479197 1.84644e-05 -4.50788e-05 1.84644e-05 0.00123462 0.000654763 -4.50788e-05 0.000654763 0.000838835)
(0.000412388 -2.94643e-05 9.12612e-05 -2.94643e-05 0.000740867 0.00039792 9.12612e-05 0.00039792 0.000594117)
(0.00020706 -4.70821e-05 9.01734e-05 -4.70821e-05 0.000198176 -1.5825e-05 9.01734e-05 -1.5825e-05 6.88535e-05)
(0.000396152 0.000151438 0.000221938 0.000151438 0.000668915 0.000178418 0.000221938 0.000178418 0.000257295)
(0.000387485 0.000152154 0.000148379 0.000152154 0.000992143 0.000264991 0.000148379 0.000264991 0.000293037)
(0.000218162 -4.93601e-08 4.76018e-05 -4.93601e-08 0.000595639 1.13091e-05 4.76018e-05 1.13091e-05 0.000119023)
(0.000104916 3.07681e-05 5.65127e-06 3.07681e-05 0.00047227 -0.000219694 5.65127e-06 -0.000219694 0.000292143)
(0.000142872 0.000155781 -5.14248e-05 0.000155781 0.000746042 -0.000392597 -5.14248e-05 -0.000392597 0.000620424)
(0.000187056 0.000199256 4.05544e-05 0.000199256 0.000793741 -0.000176296 4.05544e-05 -0.000176296 0.000522717)
(0.000265047 0.000103998 0.000139702 0.000103998 0.000541623 9.62382e-05 0.000139702 9.62382e-05 0.000265431)
(0.000294362 -4.96302e-06 0.000170274 -4.96302e-06 0.000450477 5.48577e-05 0.000170274 5.48577e-05 9.39491e-05)
(0.000320351 -3.49376e-05 0.000169095 -3.49376e-05 0.000394146 -9.45609e-05 0.000169095 -9.45609e-05 7.65122e-05)
(0.000331555 1.52895e-05 0.000175397 1.52895e-05 0.000245693 -9.43718e-05 0.000175397 -9.43718e-05 0.000227086)
(0.000425533 3.68608e-05 0.000222264 3.68608e-05 0.000350627 9.76007e-05 0.000222264 9.76007e-05 0.000495305)
(0.000531225 5.10132e-05 0.000280913 5.10132e-05 0.000784786 0.000316991 0.000280913 0.000316991 0.000674847)
(0.000421063 0.000114197 0.000219228 0.000114197 0.000887587 0.000228773 0.000219228 0.000228773 0.000491031)
(0.000263153 0.000119608 5.60759e-05 0.000119608 0.000488163 -2.29357e-05 5.60759e-05 -2.29357e-05 0.00022073)
(0.00014975 2.94391e-06 4.8439e-05 2.94391e-06 0.000227416 -1.67182e-05 4.8439e-05 -1.67182e-05 0.000107017)
(0.000187637 -5.06593e-05 0.000117742 -5.06593e-05 0.000301034 6.18752e-05 0.000117742 6.18752e-05 0.000121958)
(0.000236728 -3.52794e-05 0.000156404 -3.52794e-05 0.000312512 3.04999e-05 0.000156404 3.04999e-05 0.00010044)
(0.000345734 2.52165e-05 0.000165258 2.52165e-05 0.000391075 -1.63736e-05 0.000165258 -1.63736e-05 0.00013991)
(0.000482596 0.000116306 0.000134537 0.000116306 0.000543159 -7.97398e-05 0.000134537 -7.97398e-05 0.000239351)
(0.000564837 0.000143642 0.000102618 0.000143642 0.000738739 -0.000173455 0.000102618 -0.000173455 0.000359465)
(0.000470388 3.28757e-07 0.000146058 3.28757e-07 0.000711101 -0.000151752 0.000146058 -0.000151752 0.0003126)
(0.000343062 -8.63057e-06 8.76775e-05 -8.63057e-06 0.000403727 -3.20273e-05 8.76775e-05 -3.20273e-05 0.000215169)
(0.000551608 0.000535931 -0.000239669 0.000535931 0.000870553 -0.00024945 -0.000239669 -0.00024945 0.000542898)
(0.000314232 0.000459286 -0.000346834 0.000459286 0.00144239 -0.0007986 -0.000346834 -0.0007986 0.000972602)
(0.000335844 2.49743e-05 0.00012815 2.49743e-05 0.000616604 -0.000535499 0.00012815 -0.000535499 0.00129675)
(0.000659121 1.41049e-05 0.000463273 1.41049e-05 0.000351668 6.26892e-05 0.000463273 6.26892e-05 0.000761291)
(0.00057083 6.37649e-05 0.00023059 6.37649e-05 0.000386762 -1.3575e-05 0.00023059 -1.3575e-05 0.000298212)
(0.000868177 0.000348702 3.24063e-05 0.000348702 0.000630368 -0.000131514 3.24063e-05 -0.000131514 0.000987588)
(0.0014206 0.000620655 0.000133472 0.000620655 0.000936836 -0.000232366 0.000133472 -0.000232366 0.00207033)
(0.00151902 0.00048721 0.000144007 0.00048721 0.00109472 -0.000437959 0.000144007 -0.000437959 0.00200991)
(0.00141975 0.00058079 0.000228949 0.00058079 0.000929204 -0.000104411 0.000228949 -0.000104411 0.00177406)
(0.00148525 0.000532654 0.0002065 0.000532654 0.00100537 -0.000244061 0.0002065 -0.000244061 0.00192509)
(0.00145643 0.000406696 0.000405855 0.000406696 0.00094272 -0.000190946 0.000405855 -0.000190946 0.00195059)
(0.00102616 0.000159848 0.000623725 0.000159848 0.000528033 -2.17035e-05 0.000623725 -2.17035e-05 0.00113796)
(0.000480127 -6.99265e-05 0.000357809 -6.99265e-05 0.000394287 -0.000217728 0.000357809 -0.000217728 0.000516775)
(0.000206968 -3.71533e-05 0.000152413 -3.71533e-05 0.000777767 -0.000273538 0.000152413 -0.000273538 0.000444461)
(0.000381136 0.000202204 0.000122205 0.000202204 0.00162545 0.000291044 0.000122205 0.000291044 0.000839483)
(0.000449368 -3.59034e-05 0.000178204 -3.59034e-05 0.00127533 0.000325903 0.000178204 0.000325903 0.000556652)
(0.000380556 -0.000134872 0.000194307 -0.000134872 0.000308907 -3.28645e-05 0.000194307 -3.28645e-05 0.000167075)
(0.000896216 0.000433655 0.00058898 0.000433655 0.000750511 0.000297626 0.00058898 0.000297626 0.000733114)
(0.000671557 0.000497032 0.000354197 0.000497032 0.000974968 0.000274275 0.000354197 0.000274275 0.000405116)
(0.000171141 5.41592e-05 1.33067e-05 5.41592e-05 0.000345176 -5.52367e-05 1.33067e-05 -5.52367e-05 2.89371e-05)
(0.00011995 -4.59375e-05 9.18377e-05 -4.59375e-05 0.000233719 5.66747e-05 9.18377e-05 5.66747e-05 0.000562257)
(0.000223634 -6.34231e-07 -8.77501e-05 -6.34231e-07 0.000306918 7.22054e-05 -8.77501e-05 7.22054e-05 0.00115029)
(0.000284998 0.000157494 -5.5952e-05 0.000157494 0.000505671 -7.30101e-05 -5.5952e-05 -7.30101e-05 0.00091249)
(0.000288896 0.000127287 0.00013752 0.000127287 0.000468079 -2.44426e-05 0.00013752 -2.44426e-05 0.00028458)
(0.000296054 3.64631e-05 0.00014107 3.64631e-05 0.000274202 -2.16821e-05 0.00014107 -2.16821e-05 0.000109511)
(0.000387216 6.63847e-05 0.000114077 6.63847e-05 0.000321133 -0.000125576 0.000114077 -0.000125576 0.000212117)
(0.000491075 -8.66503e-06 0.000144298 -8.66503e-06 0.000570857 -0.000272512 0.000144298 -0.000272512 0.000262839)
(0.000547172 -1.51601e-05 0.000236694 -1.51601e-05 0.000405622 -0.000173193 0.000236694 -0.000173193 0.000426998)
(0.000899808 0.000254502 0.000585606 0.000254502 0.000711199 0.000335271 0.000585606 0.000335271 0.00129528)
(0.00108943 0.000479626 0.0006746 0.000479626 0.00150973 0.000756728 0.0006746 0.000756728 0.0018038)
(0.000581966 0.00024335 0.000343405 0.00024335 0.00106518 0.00046968 0.000343405 0.00046968 0.000883796)
(0.000235907 2.61571e-05 8.69138e-05 2.61571e-05 0.000319794 4.37666e-05 8.69138e-05 4.37666e-05 0.000186273)
(0.000219035 1.32425e-05 0.000159972 1.32425e-05 0.000206601 2.89688e-05 0.000159972 2.89688e-05 0.000172317)
(0.000251705 -3.07951e-05 0.000178871 -3.07951e-05 0.000332179 9.37255e-05 0.000178871 9.37255e-05 0.000223391)
(0.000261044 -2.97446e-05 0.000148171 -2.97446e-05 0.000335823 5.03194e-06 0.000148171 5.03194e-06 0.000121396)
(0.000411494 6.52466e-05 6.87279e-05 6.52466e-05 0.00037176 -3.46154e-05 6.87279e-05 -3.46154e-05 0.000255719)
(0.000850446 0.00016793 0.000122989 0.00016793 0.00072299 0.000260217 0.000122989 0.000260217 0.00103078)
(0.00151863 0.000486937 0.000491772 0.000486937 0.00135496 0.00070298 0.000491772 0.00070298 0.00246736)
(0.00155738 0.000673045 0.000908809 0.000673045 0.00123685 0.000560355 0.000908809 0.000560355 0.00212113)
(0.000807589 0.000292119 0.000224486 0.000292119 0.000528275 4.52241e-05 0.000224486 4.52241e-05 0.000815435)
(0.000594021 -0.000218697 -0.000825358 -0.000218697 0.00026854 0.000215821 -0.000825358 0.000215821 0.00133768)
(0.0011297 -0.000259757 -0.000713948 -0.000259757 0.00127902 0.00126733 -0.000713948 0.00126733 0.00329367)
(0.00170939 0.000313237 0.000171512 0.000313237 0.00194955 0.00145606 0.000171512 0.00145606 0.00270958)
(0.00100018 0.000202022 0.00047628 0.000202022 0.000962973 0.00055017 0.00047628 0.00055017 0.00101987)
(0.000451253 1.20103e-05 0.000270812 1.20103e-05 0.000363962 4.72637e-05 0.000270812 4.72637e-05 0.000377527)
(0.000525804 9.86597e-05 0.000181803 9.86597e-05 0.000432918 -2.30027e-05 0.000181803 -2.30027e-05 0.000493465)
(0.000881561 0.000317915 0.000179217 0.000317915 0.000697281 4.36874e-05 0.000179217 4.36874e-05 0.00105694)
(0.00126193 0.000531918 0.000233477 0.000531918 0.000898621 6.38459e-05 0.000233477 6.38459e-05 0.00162376)
(0.00118505 0.000604024 0.000300661 0.000604024 0.00139474 0.000389979 0.000300661 0.000389979 0.0015233)
(0.0011791 0.000536412 0.000423564 0.000536412 0.00102248 0.000178937 0.000423564 0.000178937 0.0016127)
(0.000793203 0.00016083 0.000403367 0.00016083 0.000651253 -3.33693e-06 0.000403367 -3.33693e-06 0.000831668)
(0.00038334 -0.000193802 0.000144601 -0.000193802 0.000516137 -1.86628e-05 0.000144601 -1.86628e-05 0.000302375)
(0.000401806 -0.000206422 0.000151655 -0.000206422 0.00105002 0.000199177 0.000151655 0.000199177 0.000411275)
(0.000454585 -0.000148738 0.000200802 -0.000148738 0.000921172 0.000183842 0.000200802 0.000183842 0.000385773)
(0.000440639 -6.49784e-06 0.000179993 -6.49784e-06 0.000362094 -2.3393e-05 0.000179993 -2.3393e-05 0.00027077)
(0.00087735 0.000333397 0.00054894 0.000333397 0.000794668 0.000324851 0.00054894 0.000324851 0.00089823)
(0.00127999 0.000491233 0.000735588 0.000491233 0.000893727 0.000429455 0.000735588 0.000429455 0.00104516)
(0.000727802 -8.50754e-05 0.000322234 -8.50754e-05 0.000255516 0.000105126 0.000322234 0.000105126 0.000322704)
(0.0007322 -0.000270819 -7.0408e-06 -0.000270819 0.00210762 0.000634547 -7.0408e-06 0.000634547 0.000575303)
(0.00190693 -5.53671e-05 -0.000166918 -5.53671e-05 0.00475906 0.00175472 -0.000166918 0.00175472 0.00219273)
(0.00224516 -2.76593e-05 -0.00039135 -2.76593e-05 0.00488365 0.00217181 -0.00039135 0.00217181 0.00365846)
(0.00149955 0.000185743 -0.000786277 0.000185743 0.00388405 0.00200065 -0.000786277 0.00200065 0.00462502)
(0.0010509 6.75442e-05 -0.000732939 6.75442e-05 0.00174669 0.00126984 -0.000732939 0.00126984 0.00316404)
(0.000309187 -9.24803e-06 0.000164821 -9.24803e-06 0.000287257 9.22987e-05 0.000164821 9.22987e-05 0.000372206)
(0.000469721 0.000131927 0.000124986 0.000131927 0.000301694 -0.000152168 0.000124986 -0.000152168 0.000408195)
(0.000690285 0.000257208 -1.48462e-05 0.000257208 0.000607212 -0.00035421 -1.48462e-05 -0.00035421 0.000482959)
(0.000496239 -1.04504e-05 0.000124228 -1.04504e-05 0.000546821 -0.000200179 0.000124228 -0.000200179 0.000243014)
(0.000658426 0.000143777 0.000319395 0.000143777 0.000562863 8.26083e-05 0.000319395 8.26083e-05 0.000475716)
(0.000944472 0.000541196 0.000492387 0.000541196 0.00139125 0.00040306 0.000492387 0.00040306 0.000869627)
(0.000483375 0.000192043 0.000152319 0.000192043 0.000697275 0.000117409 0.000152319 0.000117409 0.000353193)
(0.000152558 -2.10851e-06 9.38447e-05 -2.10851e-06 0.00018218 3.65581e-05 9.38447e-05 3.65581e-05 0.000134636)
(0.000359499 5.44479e-05 0.000140867 5.44479e-05 0.000520886 0.000376486 0.000140867 0.000376486 0.000696988)
(0.000519888 5.70891e-05 0.000110877 5.70891e-05 0.000801571 0.000565554 0.000110877 0.000565554 0.00097805)
(0.000419354 -6.74138e-05 0.000101971 -6.74138e-05 0.000794834 0.000474465 0.000101971 0.000474465 0.000729036)
(0.000257534 -0.000143678 0.000139007 -0.000143678 0.000487245 9.52538e-05 0.000139007 9.52538e-05 0.000170359)
(0.000323396 2.55695e-05 0.000142573 2.55695e-05 0.000311609 -3.73917e-05 0.000142573 -3.73917e-05 0.000179346)
(0.000588461 0.000184525 0.000350682 0.000184525 0.000710834 0.00035143 0.000350682 0.00035143 0.000837557)
(0.000884364 0.000203403 0.000383867 0.000203403 0.00145265 0.000599869 0.000383867 0.000599869 0.0012231)
(0.000783511 0.000176826 0.000293985 0.000176826 0.00133276 0.00025548 0.000293985 0.00025548 0.000805827)
(0.000367444 0.000195636 -4.8981e-05 0.000195636 0.000589618 -0.000220819 -4.8981e-05 -0.000220819 0.000591633)
(0.000340231 -0.000189459 -0.000189766 -0.000189459 0.000627612 0.000337643 -0.000189766 0.000337643 0.000854265)
(0.000812857 -0.00013559 -0.000114184 -0.00013559 0.00253665 0.00104759 -0.000114184 0.00104759 0.00124286)
(0.000796804 0.000115483 0.000253029 0.000115483 0.00231579 0.0006028 0.000253029 0.0006028 0.000786274)
(0.000610762 0.000112751 0.000307325 0.000112751 0.00122253 0.000312 0.000307325 0.000312 0.00060585)
(0.000414886 2.44807e-05 0.000254905 2.44807e-05 0.000654826 6.4957e-05 0.000254905 6.4957e-05 0.000390052)
(0.000341785 8.56444e-06 0.000155484 8.56444e-06 0.000477075 -4.61666e-05 0.000155484 -4.61666e-05 0.000246073)
(0.000456814 0.000155821 0.000127555 0.000155821 0.0006421 1.38879e-05 0.000127555 1.38879e-05 0.000401848)
(0.000882276 0.000439837 0.000215596 0.000439837 0.00145907 0.000335125 0.000215596 0.000335125 0.000898308)
(0.00027219 1.56602e-05 0.000147037 1.56602e-05 0.000471165 -7.59903e-05 0.000147037 -7.59903e-05 0.000402168)
(0.00045048 1.53203e-06 7.89575e-05 1.53203e-06 0.00133234 -7.30185e-05 7.89575e-05 -7.30185e-05 0.000552419)
(0.000910806 0.000651887 0.000204045 0.000651887 0.00327712 0.000396658 0.000204045 0.000396658 0.000863891)
(0.00123859 0.000693832 0.000500899 0.000693832 0.00181021 0.000571246 0.000500899 0.000571246 0.00120933)
(0.000945698 0.000161514 0.00027672 0.000161514 0.000754137 -0.000209848 0.00027672 -0.000209848 0.000891158)
(0.000900909 -0.000280487 0.000373749 -0.000280487 0.00109233 -0.000231886 0.000373749 -0.000231886 0.000498916)
(0.000657943 -0.000208885 0.000289809 -0.000208885 0.000683668 -6.46245e-06 0.000289809 -6.46245e-06 0.000270816)
(0.000520985 -0.000286364 0.00016447 -0.000286364 0.000801354 0.000136444 0.00016447 0.000136444 0.000316992)
(0.00122476 -0.000323229 -0.000223352 -0.000323229 0.00298944 0.00133553 -0.000223352 0.00133553 0.00164264)
(0.00345997 -0.00091626 -0.000442467 -0.00091626 0.00613114 0.00230512 -0.000442467 0.00230512 0.00355222)
(0.00504664 -0.00156531 -2.88291e-05 -0.00156531 0.00721886 0.00214464 -2.88291e-05 0.00214464 0.00435857)
(0.00456972 -0.00166306 -0.000242965 -0.00166306 0.00727438 0.00211331 -0.000242965 0.00211331 0.00446283)
(0.0024268 -0.000997169 -0.000955992 -0.000997169 0.00597504 0.00225161 -0.000955992 0.00225161 0.00452393)
(0.00104079 -0.000349854 -0.00116614 -0.000349854 0.00314571 0.00165267 -0.00116614 0.00165267 0.00321394)
(0.000431304 -0.000365118 7.56923e-05 -0.000365118 0.000722595 -2.5155e-05 7.56923e-05 -2.5155e-05 0.000276214)
(0.000462225 3.70918e-05 0.00022581 3.70918e-05 0.000288043 -0.000202015 0.00022581 -0.000202015 0.000533216)
(0.000516574 0.000182459 -1.23689e-05 0.000182459 0.000390332 -0.000138626 -1.23689e-05 -0.000138626 0.000318649)
(0.000432505 -1.94637e-05 0.00010393 -1.94637e-05 0.000436595 -2.21655e-06 0.00010393 -2.21655e-06 0.000220198)
(0.000711981 0.000567917 0.00033134 0.000567917 0.00185144 0.00046288 0.00033134 0.00046288 0.000763151)
(0.0016579 0.000557029 0.00113301 0.000557029 0.00102679 0.000580787 0.00113301 0.000580787 0.00189534)
(0.00149419 -0.000192329 0.000600565 -0.000192329 0.00117794 -0.000755595 0.000600565 -0.000755595 0.0013678)
(0.000834606 0.000145649 0.000237843 0.000145649 0.00373997 0.000100857 0.000237843 0.000100857 0.000677695)
(0.00183143 0.00027312 -7.07181e-05 0.00027312 0.00448357 0.00177258 -7.07181e-05 0.00177258 0.00232791)
(0.00176792 0.000444964 -0.000154776 0.000444964 0.00359499 0.0019691 -0.000154776 0.0019691 0.00327232)
(0.00132512 0.000272612 -0.00028802 0.000272612 0.0026117 0.00166766 -0.00028802 0.00166766 0.00311275)
(0.000617334 -6.60233e-05 -0.000144026 -6.60233e-05 0.00117197 0.000782456 -0.000144026 0.000782456 0.00154827)
(0.000215373 -0.000140146 2.44332e-05 -0.000140146 0.000331856 9.89316e-05 2.44332e-05 9.89316e-05 0.000353972)
(0.000219645 2.4708e-06 -3.80585e-05 2.4708e-06 0.000339291 -5.04712e-05 -3.80585e-05 -5.04712e-05 0.000310042)
(0.000246552 2.11699e-05 -7.88318e-05 2.11699e-05 0.000412105 -0.000349913 -7.88318e-05 -0.000349913 0.001042)
(0.000439608 -0.00010055 0.000286199 -0.00010055 0.000824857 -0.000777707 0.000286199 -0.000777707 0.00192948)
(0.000312416 6.33299e-06 6.16834e-05 6.33299e-06 0.000889029 -0.000637438 6.16834e-05 -0.000637438 0.00124853)
(0.000310902 0.000130712 -3.92869e-05 0.000130712 0.000805821 -0.000343962 -3.92869e-05 -0.000343962 0.00057885)
(0.000239156 1.42446e-05 0.000107898 1.42446e-05 0.000297786 -4.31156e-05 0.000107898 -4.31156e-05 0.000238961)
(0.000311126 -4.30793e-05 0.000169171 -4.30793e-05 0.000299721 2.07694e-05 0.000169171 2.07694e-05 0.000208985)
(0.000424348 -3.05511e-05 0.000223821 -3.05511e-05 0.000351763 4.3842e-05 0.000223821 4.3842e-05 0.000331542)
