/*--------------------------------*- C++ -*----------------------------------*\
  =========                 |
  \\      /  F ield         | OpenFOAM: The Open Source CFD Toolbox
   \\    /   O peration     | Website:  https://openfoam.org
    \\  /    A nd           | Version:  10
     \\/     M anipulation  |
\*---------------------------------------------------------------------------*/
FoamFile
{
    format      ascii;
    class       volTensorField;
    location    "42.5";
    object      TauNN;
}
// * * * * * * * * * * * * * * * * * * * * * * * * * * * * * * * * * * * * * //

dimensions      [0 2 -2 0 0 0 0];

internalField   nonuniform List<tensor> 
25600
(
(6.33877e-05 -0.0127925 -0.0154164 -0.0127925 2.53793e-05 -0.00813003 -0.0154164 -0.00813003 6.81188e-05)
(4.02363e-05 -0.0127881 -0.015424 -0.0127881 2.49811e-05 -0.00813269 -0.015424 -0.00813269 6.56979e-05)
(2.16968e-05 -0.0127862 -0.0154192 -0.0127862 2.30754e-05 -0.0081253 -0.0154192 -0.0081253 8.72376e-05)
(-3.98687e-06 -0.0127943 -0.0154412 -0.0127943 3.23614e-05 -0.00812689 -0.0154412 -0.00812689 5.2857e-05)
(-6.03007e-07 -0.0127959 -0.0154316 -0.0127959 3.48848e-05 -0.00811775 -0.0154316 -0.00811775 7.57118e-05)
(3.24975e-05 -0.0127928 -0.0154184 -0.0127928 3.33329e-05 -0.00811919 -0.0154184 -0.00811919 0.000113659)
(3.41639e-05 -0.0127883 -0.0154239 -0.0127883 2.18185e-05 -0.00812842 -0.0154239 -0.00812842 5.74318e-05)
(1.23755e-05 -0.012787 -0.0154296 -0.012787 2.01635e-05 -0.00812587 -0.0154296 -0.00812587 5.00767e-05)
(1.91382e-05 -0.0127883 -0.0154207 -0.0127883 3.00026e-05 -0.00811907 -0.0154207 -0.00811907 8.13975e-05)
(2.46381e-05 -0.0127878 -0.0154307 -0.0127878 2.27555e-05 -0.0081298 -0.0154307 -0.0081298 4.43028e-05)
(5.23533e-05 -0.0127955 -0.0154341 -0.0127955 2.63797e-05 -0.00813344 -0.0154341 -0.00813344 3.4239e-05)
(3.48236e-05 -0.0127871 -0.0154154 -0.0127871 2.49603e-05 -0.00812277 -0.0154154 -0.00812277 8.16774e-05)
(-1.55098e-05 -0.0127917 -0.0154376 -0.0127917 2.76173e-05 -0.00812542 -0.0154376 -0.00812542 4.58187e-05)
(1.66838e-05 -0.0127895 -0.0154325 -0.0127895 2.46683e-05 -0.0081268 -0.0154325 -0.0081268 5.18913e-05)
(5.42334e-05 -0.0127945 -0.0154169 -0.0127945 3.51283e-05 -0.00811587 -0.0154169 -0.00811587 0.000101143)
(0.000142196 -0.0128107 -0.0154049 -0.0128107 5.00427e-05 -0.008155 -0.0154049 -0.008155 0.000143834)
(4.4557e-05 -0.0127872 -0.0154214 -0.0127872 3.23541e-05 -0.00814164 -0.0154214 -0.00814164 0.00011482)
(1.26987e-05 -0.0127822 -0.0154356 -0.0127822 1.81956e-05 -0.00812928 -0.0154356 -0.00812928 3.33589e-05)
(4.70277e-05 -0.0127912 -0.0154194 -0.0127912 2.84537e-05 -0.00813037 -0.0154194 -0.00813037 0.000108121)
(-1.13215e-05 -0.0127986 -0.0154477 -0.0127986 4.40963e-05 -0.0081285 -0.0154477 -0.0081285 5.49081e-05)
(5.88827e-05 -0.0127906 -0.0154154 -0.0127906 2.57994e-05 -0.00812682 -0.0154154 -0.00812682 7.83459e-05)
(3.91814e-05 -0.0127938 -0.0154223 -0.0127938 3.22572e-05 -0.00812982 -0.0154223 -0.00812982 0.000123771)
(2.26474e-05 -0.0127906 -0.0154294 -0.0127906 2.69246e-05 -0.00812471 -0.0154294 -0.00812471 5.55951e-05)
(5.05475e-05 -0.0127916 -0.0154266 -0.0127916 2.39327e-05 -0.00813031 -0.0154266 -0.00813031 4.44382e-05)
(1.63674e-05 -0.0127916 -0.0154271 -0.0127916 2.95723e-05 -0.00811938 -0.0154271 -0.00811938 7.26939e-05)
(1.53912e-05 -0.0127857 -0.0154249 -0.0127857 2.18242e-05 -0.00812568 -0.0154249 -0.00812568 6.95778e-05)
(2.9048e-06 -0.0127889 -0.015424 -0.0127889 2.75873e-05 -0.00811911 -0.015424 -0.00811911 8.49045e-05)
(5.17138e-05 -0.0127911 -0.0154196 -0.0127911 2.62209e-05 -0.00813305 -0.0154196 -0.00813305 6.08904e-05)
(8.09548e-05 -0.0127938 -0.0154178 -0.0127938 2.71403e-05 -0.00813135 -0.0154178 -0.00813135 5.86711e-05)
(6.66058e-05 -0.0127905 -0.0154271 -0.0127905 3.0208e-05 -0.00812867 -0.0154271 -0.00812867 6.12314e-05)
(4.30238e-05 -0.01278 -0.0154323 -0.01278 2.868e-05 -0.00813712 -0.0154323 -0.00813712 4.20247e-05)
(-3.11161e-05 -0.0128015 -0.0154394 -0.0128015 4.15752e-05 -0.00811004 -0.0154394 -0.00811004 0.00010832)
(-3.58404e-06 -0.0127942 -0.0154326 -0.0127942 3.9548e-05 -0.0081165 -0.0154326 -0.0081165 7.23402e-05)
(5.33908e-06 -0.0127911 -0.0154294 -0.0127911 2.69043e-05 -0.00812132 -0.0154294 -0.00812132 5.72718e-05)
(1.14664e-05 -0.0127916 -0.0154422 -0.0127916 3.42525e-05 -0.00813311 -0.0154422 -0.00813311 4.8968e-05)
(7.05442e-05 -0.0127911 -0.0154117 -0.0127911 2.54297e-05 -0.00812924 -0.0154117 -0.00812924 7.55175e-05)
(5.32587e-05 -0.0127917 -0.015431 -0.0127917 2.32986e-05 -0.00813089 -0.015431 -0.00813089 4.98751e-05)
(-5.0445e-06 -0.0127969 -0.0154459 -0.0127969 3.20961e-05 -0.00813296 -0.0154459 -0.00813296 4.5197e-05)
(2.02964e-05 -0.0127866 -0.0154263 -0.0127866 2.25454e-05 -0.00812493 -0.0154263 -0.00812493 8.3606e-05)
(4.81594e-05 -0.0127927 -0.0154415 -0.0127927 2.50093e-05 -0.00813363 -0.0154415 -0.00813363 4.12516e-05)
(3.45347e-05 -0.0127898 -0.0154381 -0.0127898 2.30406e-05 -0.0081325 -0.0154381 -0.0081325 3.6187e-05)
(5.7962e-05 -0.012794 -0.015424 -0.012794 2.54918e-05 -0.00813298 -0.015424 -0.00813298 5.15403e-05)
(8.80205e-05 -0.0128046 -0.0154212 -0.0128046 3.38607e-05 -0.00813632 -0.0154212 -0.00813632 4.88966e-05)
(3.60717e-05 -0.0127898 -0.0154311 -0.0127898 2.24677e-05 -0.00813052 -0.0154311 -0.00813052 4.16725e-05)
(9.45269e-06 -0.0127948 -0.0154407 -0.0127948 2.60104e-05 -0.00812605 -0.0154407 -0.00812605 4.5671e-05)
(2.09085e-05 -0.012791 -0.0154281 -0.012791 2.71358e-05 -0.00812142 -0.0154281 -0.00812142 6.76864e-05)
(3.87862e-05 -0.0127889 -0.0154175 -0.0127889 2.55307e-05 -0.00812624 -0.0154175 -0.00812624 9.44524e-05)
(1.37294e-05 -0.0127896 -0.0154345 -0.0127896 2.21725e-05 -0.00812644 -0.0154345 -0.00812644 4.63358e-05)
(2.95379e-05 -0.0127906 -0.0154345 -0.0127906 2.26974e-05 -0.00812993 -0.0154345 -0.00812993 3.96667e-05)
(2.63013e-05 -0.0127864 -0.0154335 -0.0127864 1.94268e-05 -0.00812956 -0.0154335 -0.00812956 3.56085e-05)
(4.04187e-05 -0.0127896 -0.0154198 -0.0127896 2.43667e-05 -0.00812376 -0.0154198 -0.00812376 6.69651e-05)
(8.33027e-05 -0.0128044 -0.0154243 -0.0128044 3.47346e-05 -0.0081368 -0.0154243 -0.0081368 3.99457e-05)
(6.34377e-05 -0.0127964 -0.0154208 -0.0127964 3.37679e-05 -0.00813939 -0.0154208 -0.00813939 6.01745e-05)
(4.90768e-05 -0.012791 -0.0154227 -0.012791 2.25273e-05 -0.00812966 -0.0154227 -0.00812966 5.39801e-05)
(3.84717e-05 -0.0127893 -0.0154321 -0.0127893 2.00441e-05 -0.0081291 -0.0154321 -0.0081291 4.29542e-05)
(7.19338e-05 -0.0127969 -0.0154221 -0.0127969 4.65933e-05 -0.00814776 -0.0154221 -0.00814776 7.66075e-05)
(6.44686e-05 -0.0127933 -0.01542 -0.0127933 4.04787e-05 -0.00814609 -0.01542 -0.00814609 8.61145e-05)
(5.0781e-06 -0.0127864 -0.0154318 -0.0127864 1.89714e-05 -0.00812457 -0.0154318 -0.00812457 4.98961e-05)
(0.000121871 -0.0128053 -0.0154468 -0.0128053 3.44413e-05 -0.00813774 -0.0154468 -0.00813774 5.06318e-05)
(9.01362e-05 -0.0127956 -0.0154159 -0.0127956 2.72899e-05 -0.00812964 -0.0154159 -0.00812964 6.14054e-05)
(3.03854e-05 -0.0127891 -0.0154386 -0.0127891 1.93333e-05 -0.00812683 -0.0154386 -0.00812683 4.07097e-05)
(2.2605e-05 -0.0127893 -0.0154284 -0.0127893 2.182e-05 -0.00812364 -0.0154284 -0.00812364 6.23189e-05)
(1.70408e-05 -0.0127862 -0.0154273 -0.0127862 1.99411e-05 -0.00812508 -0.0154273 -0.00812508 6.28169e-05)
(6.84183e-05 -0.0127932 -0.0154117 -0.0127932 3.025e-05 -0.00813018 -0.0154117 -0.00813018 0.000110494)
(7.69339e-05 -0.0127937 -0.0154085 -0.0127937 2.74893e-05 -0.00813123 -0.0154085 -0.00813123 8.64672e-05)
(4.33045e-05 -0.0127907 -0.0154254 -0.0127907 2.22244e-05 -0.00813046 -0.0154254 -0.00813046 5.10953e-05)
(3.29827e-05 -0.0128001 -0.0154339 -0.0128001 3.56106e-05 -0.00812422 -0.0154339 -0.00812422 0.00012295)
(9.19745e-06 -0.0127856 -0.0154286 -0.0127856 1.97908e-05 -0.00812452 -0.0154286 -0.00812452 6.15543e-05)
(7.47303e-05 -0.0127936 -0.0154123 -0.0127936 2.53453e-05 -0.00812853 -0.0154123 -0.00812853 7.28038e-05)
(7.13964e-05 -0.0127935 -0.01542 -0.0127935 4.0805e-05 -0.00814644 -0.01542 -0.00814644 9.48724e-05)
(4.02793e-05 -0.0127915 -0.0154328 -0.0127915 2.41108e-05 -0.00813273 -0.0154328 -0.00813273 3.6062e-05)
(0.000143236 -0.0127988 -0.0153953 -0.0127988 3.16846e-05 -0.00813149 -0.0153953 -0.00813149 0.000108024)
(2.39478e-05 -0.0127866 -0.0154264 -0.0127866 2.05203e-05 -0.00812752 -0.0154264 -0.00812752 5.60176e-05)
(1.93872e-05 -0.0127863 -0.0154322 -0.0127863 2.08545e-05 -0.0081249 -0.0154322 -0.0081249 6.11512e-05)
(4.68115e-05 -0.012792 -0.0154171 -0.012792 2.86528e-05 -0.00812306 -0.0154171 -0.00812306 0.000104316)
(5.85006e-05 -0.0127914 -0.0154135 -0.0127914 2.66411e-05 -0.00813133 -0.0154135 -0.00813133 9.5255e-05)
(7.3988e-05 -0.012797 -0.0154175 -0.012797 3.90963e-05 -0.00814374 -0.0154175 -0.00814374 8.1936e-05)
(3.65253e-05 -0.0127892 -0.0154266 -0.0127892 2.12778e-05 -0.00813017 -0.0154266 -0.00813017 4.70284e-05)
(3.92746e-06 -0.012794 -0.0154456 -0.012794 2.82039e-05 -0.00813339 -0.0154456 -0.00813339 4.35872e-05)
(4.32324e-05 -0.0127933 -0.0154331 -0.0127933 2.74652e-05 -0.00812877 -0.0154331 -0.00812877 4.88052e-05)
(1.92332e-05 -0.012787 -0.0154295 -0.012787 2.01992e-05 -0.00812533 -0.0154295 -0.00812533 5.58265e-05)
(-2.91035e-05 -0.0128025 -0.0154444 -0.0128025 3.70668e-05 -0.00811302 -0.0154444 -0.00811302 7.4681e-05)
(7.12633e-05 -0.0127934 -0.0154116 -0.0127934 2.94809e-05 -0.00813431 -0.0154116 -0.00813431 9.4919e-05)
(0.000129755 -0.0128187 -0.0154066 -0.0128187 5.63397e-05 -0.00814986 -0.0154066 -0.00814986 8.16335e-05)
(8.56406e-05 -0.0128062 -0.0154161 -0.0128062 4.36506e-05 -0.00814436 -0.0154161 -0.00814436 6.69347e-05)
(2.67978e-05 -0.0127861 -0.0154291 -0.0127861 2.00235e-05 -0.00813041 -0.0154291 -0.00813041 4.5054e-05)
(4.6275e-05 -0.0127879 -0.0154224 -0.0127879 2.78139e-05 -0.00813652 -0.0154224 -0.00813652 7.88994e-05)
(3.61464e-05 -0.0127886 -0.0154178 -0.0127886 2.52753e-05 -0.00812766 -0.0154178 -0.00812766 9.60836e-05)
(6.69551e-06 -0.0127897 -0.0154246 -0.0127897 2.70211e-05 -0.00811655 -0.0154246 -0.00811655 8.23238e-05)
(3.38305e-05 -0.0127934 -0.0154241 -0.0127934 3.04509e-05 -0.00811746 -0.0154241 -0.00811746 8.2909e-05)
(1.8618e-05 -0.0127883 -0.0154298 -0.0127883 2.02061e-05 -0.00812696 -0.0154298 -0.00812696 4.28164e-05)
(-1.79744e-05 -0.0127981 -0.0154423 -0.0127981 3.3018e-05 -0.00811259 -0.0154423 -0.00811259 0.000104459)
(9.31826e-06 -0.0127946 -0.0154309 -0.0127946 3.4911e-05 -0.00811478 -0.0154309 -0.00811478 7.5352e-05)
(6.26682e-05 -0.0127959 -0.0154223 -0.0127959 2.57572e-05 -0.00813254 -0.0154223 -0.00813254 4.13246e-05)
(1.80975e-05 -0.0127837 -0.0154306 -0.0127837 1.83064e-05 -0.00812773 -0.0154306 -0.00812773 5.25817e-05)
(-1.36102e-06 -0.012801 -0.015447 -0.012801 3.6675e-05 -0.00812805 -0.015447 -0.00812805 5.12156e-05)
(0.000125625 -0.0128071 -0.015403 -0.0128071 4.08041e-05 -0.00814308 -0.015403 -0.00814308 9.53916e-05)
(2.23562e-05 -0.0127885 -0.015421 -0.0127885 2.42205e-05 -0.00811991 -0.015421 -0.00811991 7.58495e-05)
(2.25114e-05 -0.0127916 -0.0154259 -0.0127916 2.77732e-05 -0.00812142 -0.0154259 -0.00812142 6.97953e-05)
(0.000101149 -0.0128089 -0.0154101 -0.0128089 5.16122e-05 -0.00815089 -0.0154101 -0.00815089 9.12252e-05)
(8.3783e-05 -0.0127996 -0.01541 -0.0127996 3.67479e-05 -0.0081423 -0.01541 -0.0081423 9.35741e-05)
(3.41291e-05 -0.0127875 -0.0154232 -0.0127875 2.22214e-05 -0.00812883 -0.0154232 -0.00812883 7.05438e-05)
(2.91813e-05 -0.0127882 -0.0154341 -0.0127882 2.07364e-05 -0.00812953 -0.0154341 -0.00812953 4.43774e-05)
(2.7245e-05 -0.0127901 -0.0154281 -0.0127901 2.55222e-05 -0.00812398 -0.0154281 -0.00812398 5.94923e-05)
(1.69485e-05 -0.0127877 -0.0154369 -0.0127877 2.0061e-05 -0.00813074 -0.0154369 -0.00813074 3.32946e-05)
(5.07222e-05 -0.0127904 -0.0154159 -0.0127904 2.69435e-05 -0.00812114 -0.0154159 -0.00812114 8.33898e-05)
(3.40075e-05 -0.0127903 -0.0154316 -0.0127903 2.12708e-05 -0.0081309 -0.0154316 -0.0081309 3.59112e-05)
(1.95067e-05 -0.0127893 -0.0154338 -0.0127893 2.01338e-05 -0.00812687 -0.0154338 -0.00812687 4.15313e-05)
(4.90501e-05 -0.0127914 -0.0154208 -0.0127914 2.7694e-05 -0.00813103 -0.0154208 -0.00813103 0.000105075)
(7.95792e-05 -0.0127968 -0.0154101 -0.0127968 3.33325e-05 -0.0081393 -0.0154101 -0.0081393 0.000101445)
(2.75862e-05 -0.0127875 -0.0154186 -0.0127875 2.39137e-05 -0.00812291 -0.0154186 -0.00812291 8.51701e-05)
(2.63887e-05 -0.0127891 -0.0154368 -0.0127891 2.15212e-05 -0.00813004 -0.0154368 -0.00813004 4.32405e-05)
(4.19521e-05 -0.0127915 -0.0154356 -0.0127915 2.31416e-05 -0.00813226 -0.0154356 -0.00813226 3.84238e-05)
(4.94903e-05 -0.0127906 -0.0154219 -0.0127906 2.44015e-05 -0.00813123 -0.0154219 -0.00813123 6.13712e-05)
(1.45836e-05 -0.0127925 -0.0154246 -0.0127925 3.07955e-05 -0.0081167 -0.0154246 -0.0081167 0.000103514)
(4.49544e-05 -0.0127868 -0.0154278 -0.0127868 2.95549e-05 -0.00813821 -0.0154278 -0.00813821 5.34485e-05)
(5.05301e-05 -0.0127917 -0.0154235 -0.0127917 2.36889e-05 -0.00812752 -0.0154235 -0.00812752 4.82442e-05)
(0.000113863 -0.0128016 -0.0154088 -0.0128016 3.17188e-05 -0.00813482 -0.0154088 -0.00813482 6.69502e-05)
(4.53415e-05 -0.012789 -0.0154187 -0.012789 2.3833e-05 -0.00812762 -0.0154187 -0.00812762 7.00479e-05)
(1.58223e-05 -0.0127874 -0.0154272 -0.0127874 2.19904e-05 -0.00812391 -0.0154272 -0.00812391 6.53771e-05)
(0.000100655 -0.0127954 -0.0154038 -0.0127954 3.01926e-05 -0.00812986 -0.0154038 -0.00812986 0.000103553)
(2.63847e-05 -0.0127878 -0.0154228 -0.0127878 2.26861e-05 -0.00812481 -0.0154228 -0.00812481 6.72138e-05)
(-2.73041e-05 -0.0128046 -0.0154525 -0.0128046 3.72338e-05 -0.00810834 -0.0154525 -0.00810834 9.29928e-05)
(2.02761e-05 -0.0127877 -0.0154302 -0.0127877 2.15357e-05 -0.00812303 -0.0154302 -0.00812303 7.55591e-05)
(7.50121e-05 -0.0128005 -0.0154205 -0.0128005 3.52972e-05 -0.00813909 -0.0154205 -0.00813909 5.45474e-05)
(8.83548e-05 -0.012813 -0.0154172 -0.012813 5.55475e-05 -0.00814953 -0.0154172 -0.00814953 6.36098e-05)
(4.73484e-05 -0.0127895 -0.0154152 -0.0127895 2.42019e-05 -0.00812635 -0.0154152 -0.00812635 8.69142e-05)
(7.57912e-05 -0.0127919 -0.0154119 -0.0127919 2.51709e-05 -0.00812557 -0.0154119 -0.00812557 7.32175e-05)
(0.000100049 -0.0128035 -0.0154104 -0.0128035 3.47928e-05 -0.00813823 -0.0154104 -0.00813823 7.30656e-05)
(-9.35875e-06 -0.0127911 -0.0154349 -0.0127911 2.419e-05 -0.00811828 -0.0154349 -0.00811828 6.28082e-05)
(4.20797e-05 -0.0127905 -0.0154235 -0.0127905 2.41465e-05 -0.008133 -0.0154235 -0.008133 5.07129e-05)
(0.00012551 -0.0127969 -0.015409 -0.0127969 2.69748e-05 -0.00812859 -0.015409 -0.00812859 7.06624e-05)
(-6.37968e-05 -0.0128214 -0.0154499 -0.0128214 6.15208e-05 -0.00813305 -0.0154499 -0.00813305 4.38458e-05)
(3.45214e-05 -0.0127833 -0.0154291 -0.0127833 2.24922e-05 -0.00813231 -0.0154291 -0.00813231 6.47016e-05)
(9.4691e-05 -0.0127997 -0.0154138 -0.0127997 2.95851e-05 -0.00813416 -0.0154138 -0.00813416 6.18973e-05)
(-2.34468e-05 -0.0128027 -0.0154444 -0.0128027 3.67961e-05 -0.00811524 -0.0154444 -0.00811524 6.96952e-05)
(8.56095e-06 -0.0127863 -0.0154312 -0.0127863 1.98396e-05 -0.00812366 -0.0154312 -0.00812366 5.97286e-05)
(6.2135e-05 -0.0127911 -0.0154229 -0.0127911 2.47784e-05 -0.00812892 -0.0154229 -0.00812892 5.2124e-05)
(1.04283e-05 -0.0127938 -0.0154275 -0.0127938 3.16974e-05 -0.00811516 -0.0154275 -0.00811516 9.60766e-05)
(-3.39152e-05 -0.0128001 -0.0154396 -0.0128001 4.02878e-05 -0.00810948 -0.0154396 -0.00810948 8.97904e-05)
(1.97354e-05 -0.0127934 -0.0154297 -0.0127934 3.40603e-05 -0.00811887 -0.0154297 -0.00811887 6.98736e-05)
(8.57216e-05 -0.0127997 -0.0154111 -0.0127997 3.28694e-05 -0.00813774 -0.0154111 -0.00813774 8.04415e-05)
(4.00519e-06 -0.0127922 -0.0154298 -0.0127922 3.41961e-05 -0.00811785 -0.0154298 -0.00811785 6.85352e-05)
(3.37072e-05 -0.0127898 -0.0154276 -0.0127898 2.4967e-05 -0.00812583 -0.0154276 -0.00812583 5.64127e-05)
(6.23551e-05 -0.0127967 -0.0154303 -0.0127967 2.84845e-05 -0.00813434 -0.0154303 -0.00813434 3.93041e-05)
(3.52242e-05 -0.0127906 -0.015435 -0.0127906 2.17639e-05 -0.00813132 -0.015435 -0.00813132 3.08279e-05)
(4.3151e-05 -0.0127876 -0.0154258 -0.0127876 2.47141e-05 -0.00813408 -0.0154258 -0.00813408 5.83276e-05)
(1.69899e-05 -0.0127885 -0.0154351 -0.0127885 2.04996e-05 -0.00812591 -0.0154351 -0.00812591 4.67635e-05)
(1.44906e-05 -0.0127876 -0.0154262 -0.0127876 2.22264e-05 -0.00812268 -0.0154262 -0.00812268 7.08666e-05)
(3.94711e-05 -0.0127896 -0.0154245 -0.0127896 2.24798e-05 -0.00813135 -0.0154245 -0.00813135 5.19671e-05)
(0.000101929 -0.0127945 -0.015402 -0.0127945 2.99347e-05 -0.00812803 -0.015402 -0.00812803 0.000107197)
(8.74578e-05 -0.0127936 -0.0154082 -0.0127936 3.68208e-05 -0.0081166 -0.0154082 -0.0081166 0.000113289)
(8.87524e-06 -0.01279 -0.0154376 -0.01279 2.26025e-05 -0.0081262 -0.0154376 -0.0081262 4.52327e-05)
(4.99259e-05 -0.0127909 -0.015422 -0.0127909 2.40362e-05 -0.00812917 -0.015422 -0.00812917 6.91287e-05)
(3.82587e-05 -0.0127866 -0.0154263 -0.0127866 2.26385e-05 -0.00813179 -0.0154263 -0.00813179 5.95473e-05)
(3.82746e-05 -0.0127883 -0.0154192 -0.0127883 2.56811e-05 -0.00813083 -0.0154192 -0.00813083 9.72645e-05)
(5.79741e-05 -0.0127919 -0.015421 -0.0127919 2.45453e-05 -0.00813093 -0.015421 -0.00813093 5.3028e-05)
(6.14614e-05 -0.0127899 -0.0154208 -0.0127899 3.45e-05 -0.00814216 -0.0154208 -0.00814216 8.85066e-05)
(7.25264e-05 -0.0127954 -0.0154126 -0.0127954 3.48761e-05 -0.00814165 -0.0154126 -0.00814165 0.000103805)
(5.0841e-05 -0.012791 -0.015422 -0.012791 2.34769e-05 -0.00813034 -0.015422 -0.00813034 5.6281e-05)
(6.11985e-05 -0.0127933 -0.0154221 -0.0127933 3.75728e-05 -0.00814366 -0.0154221 -0.00814366 7.34114e-05)
(9.17669e-05 -0.0128035 -0.0154151 -0.0128035 5.42534e-05 -0.00815198 -0.0154151 -0.00815198 9.86911e-05)
(7.27133e-05 -0.0127955 -0.0154142 -0.0127955 3.14136e-05 -0.00813572 -0.0154142 -0.00813572 0.00011601)
(2.1844e-05 -0.0127902 -0.0154313 -0.0127902 2.38865e-05 -0.00812455 -0.0154313 -0.00812455 5.94334e-05)
(-4.87452e-05 -0.0128062 -0.0154457 -0.0128062 4.30499e-05 -0.00811824 -0.0154457 -0.00811824 5.47469e-05)
(1.6057e-05 -0.0127917 -0.0154351 -0.0127917 3.4824e-05 -0.00812438 -0.0154351 -0.00812438 6.12102e-05)
(9.22703e-05 -0.0127936 -0.015428 -0.0127936 2.87817e-05 -0.00812935 -0.015428 -0.00812935 6.15045e-05)
(-8.79139e-06 -0.0127935 -0.0154349 -0.0127935 2.80362e-05 -0.00811637 -0.0154349 -0.00811637 7.48005e-05)
(4.25434e-05 -0.0127914 -0.0154338 -0.0127914 2.29069e-05 -0.00813199 -0.0154338 -0.00813199 3.98069e-05)
(3.57676e-05 -0.0127882 -0.0154178 -0.0127882 2.53784e-05 -0.00812094 -0.0154178 -0.00812094 7.53336e-05)
(-6.41336e-05 -0.0128074 -0.0154477 -0.0128074 5.01971e-05 -0.0081085 -0.0154477 -0.0081085 8.45142e-05)
(0.000124262 -0.0128062 -0.0154036 -0.0128062 4.15465e-05 -0.00814362 -0.0154036 -0.00814362 8.93007e-05)
(7.11718e-05 -0.0127974 -0.0154289 -0.0127974 6.53926e-05 -0.00814462 -0.0154289 -0.00814462 3.6364e-05)
(2.23618e-05 -0.0127991 -0.0154472 -0.0127991 2.92124e-05 -0.00811571 -0.0154472 -0.00811571 7.46499e-05)
(8.75464e-05 -0.0127995 -0.0154121 -0.0127995 3.39437e-05 -0.00813871 -0.0154121 -0.00813871 7.73182e-05)
(3.25764e-05 -0.012791 -0.0154373 -0.012791 2.39827e-05 -0.00813085 -0.0154373 -0.00813085 4.27085e-05)
(-8.2543e-05 -0.0128102 -0.0154496 -0.0128102 7.37295e-05 -0.00810979 -0.0154496 -0.00810979 8.20651e-05)
(7.06598e-05 -0.0127952 -0.015415 -0.0127952 2.74861e-05 -0.00813347 -0.015415 -0.00813347 6.5928e-05)
(8.22359e-05 -0.0127936 -0.0154122 -0.0127936 2.58328e-05 -0.00812658 -0.0154122 -0.00812658 7.79632e-05)
(9.17302e-05 -0.0127939 -0.0154059 -0.0127939 2.70931e-05 -0.00812553 -0.0154059 -0.00812553 9.42245e-05)
(-2.01874e-05 -0.0127996 -0.0154423 -0.0127996 3.00785e-05 -0.00812305 -0.0154423 -0.00812305 3.79944e-05)
(-1.59726e-05 -0.012801 -0.0154477 -0.012801 4.04818e-05 -0.00813099 -0.0154477 -0.00813099 4.53099e-05)
(7.30403e-05 -0.0127929 -0.0154187 -0.0127929 2.55286e-05 -0.00812844 -0.0154187 -0.00812844 5.86517e-05)
(-1.62737e-05 -0.0127982 -0.015442 -0.0127982 3.04455e-05 -0.00811539 -0.015442 -0.00811539 6.64657e-05)
(1.8791e-05 -0.0127856 -0.0154317 -0.0127856 1.91513e-05 -0.008126 -0.0154317 -0.008126 5.32937e-05)
(6.99986e-05 -0.0127947 -0.0154177 -0.0127947 2.98965e-05 -0.00813602 -0.0154177 -0.00813602 7.13508e-05)
(7.43045e-05 -0.0128013 -0.0154229 -0.0128013 3.50146e-05 -0.00813799 -0.0154229 -0.00813799 4.96142e-05)
(3.44915e-05 -0.01279 -0.0154309 -0.01279 2.19645e-05 -0.00812986 -0.0154309 -0.00812986 4.04842e-05)
(-2.85432e-05 -0.0127991 -0.0154413 -0.0127991 3.51886e-05 -0.008113 -0.0154413 -0.008113 8.08481e-05)
(-8.61059e-06 -0.0127983 -0.0154409 -0.0127983 4.36956e-05 -0.00812042 -0.0154409 -0.00812042 6.81518e-05)
(8.07017e-05 -0.0127978 -0.0154224 -0.0127978 5.125e-05 -0.00810931 -0.0154224 -0.00810931 9.70754e-05)
(9.15121e-05 -0.012804 -0.0154106 -0.012804 4.28345e-05 -0.00814613 -0.0154106 -0.00814613 9.00883e-05)
(3.11168e-05 -0.0127844 -0.0154312 -0.0127844 2.36404e-05 -0.00813302 -0.0154312 -0.00813302 3.42913e-05)
(-1.80523e-06 -0.0127991 -0.015444 -0.0127991 3.04642e-05 -0.00812304 -0.015444 -0.00812304 5.19656e-05)
(3.34888e-05 -0.0127882 -0.015428 -0.0127882 2.07413e-05 -0.00812868 -0.015428 -0.00812868 5.28211e-05)
(-7.78544e-06 -0.0127945 -0.0154337 -0.0127945 3.10842e-05 -0.00811667 -0.0154337 -0.00811667 6.96571e-05)
(5.09502e-05 -0.0127903 -0.0154167 -0.0127903 2.72654e-05 -0.0081313 -0.0154167 -0.0081313 9.7624e-05)
(6.23595e-05 -0.0127933 -0.0154261 -0.0127933 2.39519e-05 -0.0081307 -0.0154261 -0.0081307 5.24765e-05)
(8.26646e-05 -0.0127924 -0.0154107 -0.0127924 2.74084e-05 -0.00812153 -0.0154107 -0.00812153 8.54683e-05)
(4.21978e-05 -0.01279 -0.0154185 -0.01279 2.45932e-05 -0.00812218 -0.0154185 -0.00812218 7.61556e-05)
(6.42416e-05 -0.0127881 -0.0154293 -0.0127881 4.03683e-05 -0.00814043 -0.0154293 -0.00814043 4.20215e-05)
(6.97592e-05 -0.0127924 -0.0154103 -0.0127924 2.54681e-05 -0.00812755 -0.0154103 -0.00812755 8.86051e-05)
(3.7995e-05 -0.0127912 -0.015432 -0.0127912 2.5863e-05 -0.00813325 -0.015432 -0.00813325 3.2135e-05)
(5.72019e-05 -0.0127951 -0.0154439 -0.0127951 2.73269e-05 -0.00813495 -0.0154439 -0.00813495 3.75562e-05)
(8.73799e-05 -0.0127936 -0.0154094 -0.0127936 2.66351e-05 -0.00812721 -0.0154094 -0.00812721 7.85577e-05)
(-1.47609e-06 -0.0127944 -0.0154287 -0.0127944 3.39699e-05 -0.00811363 -0.0154287 -0.00811363 9.99443e-05)
(4.09401e-05 -0.0127927 -0.0154343 -0.0127927 2.67396e-05 -0.00813241 -0.0154343 -0.00813241 2.99102e-05)
(2.84383e-05 -0.0127896 -0.0154276 -0.0127896 2.33364e-05 -0.00812509 -0.0154276 -0.00812509 5.85876e-05)
(-1.07136e-06 -0.0127953 -0.0154318 -0.0127953 5.13397e-05 -0.008112 -0.0154318 -0.008112 8.45537e-05)
(7.03591e-05 -0.0127917 -0.0154112 -0.0127917 2.61556e-05 -0.0081223 -0.0154112 -0.0081223 8.12127e-05)
(-9.99701e-06 -0.0128021 -0.0154448 -0.0128021 3.53398e-05 -0.00811151 -0.0154448 -0.00811151 9.20646e-05)
(2.11279e-05 -0.0127837 -0.0154353 -0.0127837 2.04756e-05 -0.00812532 -0.0154353 -0.00812532 7.77325e-05)
(7.37242e-05 -0.0128014 -0.015422 -0.0128014 3.92522e-05 -0.00814074 -0.015422 -0.00814074 4.98099e-05)
(-1.30611e-05 -0.012802 -0.0154408 -0.012802 4.72357e-05 -0.00811909 -0.0154408 -0.00811909 6.61886e-05)
(4.7495e-06 -0.012796 -0.0154288 -0.012796 5.29379e-05 -0.00810757 -0.0154288 -0.00810757 9.6773e-05)
(0.000126934 -0.0127937 -0.015421 -0.0127937 3.60493e-05 -0.0081269 -0.015421 -0.0081269 6.16246e-05)
(-6.69517e-06 -0.0127966 -0.0154431 -0.0127966 3.01768e-05 -0.00811377 -0.0154431 -0.00811377 9.3634e-05)
(1.77742e-05 -0.0127873 -0.0154334 -0.0127873 2.24568e-05 -0.00812242 -0.0154334 -0.00812242 8.00509e-05)
(2.75055e-05 -0.0127906 -0.01542 -0.0127906 3.1195e-05 -0.00811632 -0.01542 -0.00811632 9.07881e-05)
(9.18649e-05 -0.0128065 -0.0154134 -0.0128065 5.4241e-05 -0.0081514 -0.0154134 -0.0081514 9.20733e-05)
(9.17344e-05 -0.0128324 -0.0154311 -0.0128324 9.81272e-05 -0.00814481 -0.0154311 -0.00814481 2.93006e-05)
(-7.43698e-08 -0.0127945 -0.0154335 -0.0127945 3.2864e-05 -0.00811992 -0.0154335 -0.00811992 6.89043e-05)
(1.80872e-05 -0.0127898 -0.0154425 -0.0127898 2.41971e-05 -0.00813256 -0.0154425 -0.00813256 4.15722e-05)
(3.08297e-05 -0.0127905 -0.0154285 -0.0127905 2.36103e-05 -0.0081265 -0.0154285 -0.0081265 5.05442e-05)
(1.38681e-05 -0.012791 -0.0154331 -0.012791 2.51224e-05 -0.0081198 -0.0154331 -0.0081198 8.1395e-05)
(3.37187e-05 -0.0127836 -0.0154268 -0.0127836 2.40895e-05 -0.00813406 -0.0154268 -0.00813406 7.56028e-05)
(1.61e-05 -0.0127888 -0.0154279 -0.0127888 2.54971e-05 -0.00812335 -0.0154279 -0.00812335 5.57341e-05)
(8.04364e-05 -0.0128018 -0.0154263 -0.0128018 3.15007e-05 -0.00813554 -0.0154263 -0.00813554 4.25657e-05)
(8.24154e-05 -0.0128006 -0.0154184 -0.0128006 3.15238e-05 -0.00813608 -0.0154184 -0.00813608 5.72877e-05)
(1.53177e-05 -0.0127968 -0.0154353 -0.0127968 5.25806e-05 -0.00811595 -0.0154353 -0.00811595 7.22257e-05)
(5.81372e-06 -0.0127886 -0.0154339 -0.0127886 2.20089e-05 -0.0081206 -0.0154339 -0.0081206 6.99459e-05)
(3.282e-05 -0.0127857 -0.0154323 -0.0127857 2.19497e-05 -0.00812544 -0.0154323 -0.00812544 8.46386e-05)
(9.1458e-05 -0.0128062 -0.0154201 -0.0128062 3.94482e-05 -0.00813962 -0.0154201 -0.00813962 4.99212e-05)
(7.08099e-05 -0.012805 -0.0154273 -0.012805 4.66781e-05 -0.00814077 -0.0154273 -0.00814077 3.71402e-05)
(3.17291e-05 -0.012785 -0.0154265 -0.012785 2.29585e-05 -0.00813265 -0.0154265 -0.00813265 5.82915e-05)
(-5.11273e-05 -0.0128061 -0.0154446 -0.0128061 5.02175e-05 -0.00810639 -0.0154446 -0.00810639 9.74179e-05)
(2.50611e-05 -0.0127891 -0.0154247 -0.0127891 2.19022e-05 -0.00812203 -0.0154247 -0.00812203 7.63163e-05)
(3.97226e-05 -0.0127897 -0.0154171 -0.0127897 2.64073e-05 -0.00811891 -0.0154171 -0.00811891 8.84043e-05)
(4.6811e-05 -0.0127913 -0.0154337 -0.0127913 2.63533e-05 -0.00813057 -0.0154337 -0.00813057 4.44735e-05)
(3.17979e-05 -0.01278 -0.0154359 -0.01278 2.16637e-05 -0.00812922 -0.0154359 -0.00812922 2.90882e-05)
(-2.64517e-06 -0.0127943 -0.0154376 -0.0127943 3.67247e-05 -0.00812311 -0.0154376 -0.00812311 5.93782e-05)
(6.33888e-06 -0.0127963 -0.0154293 -0.0127963 4.84915e-05 -0.0081078 -0.0154293 -0.0081078 9.67653e-05)
(5.16105e-05 -0.0127899 -0.0154148 -0.0127899 2.55544e-05 -0.00812914 -0.0154148 -0.00812914 8.247e-05)
(4.08175e-05 -0.0127888 -0.0154206 -0.0127888 2.29943e-05 -0.00812986 -0.0154206 -0.00812986 5.77906e-05)
(3.44124e-05 -0.0127879 -0.0154318 -0.0127879 2.22563e-05 -0.00813193 -0.0154318 -0.00813193 3.89013e-05)
(2.55908e-05 -0.0127871 -0.0154291 -0.0127871 1.98349e-05 -0.00812982 -0.0154291 -0.00812982 4.21943e-05)
(6.67879e-05 -0.0128028 -0.0154373 -0.0128028 3.68502e-05 -0.00813495 -0.0154373 -0.00813495 3.2799e-05)
(0.000106157 -0.0128183 -0.0154215 -0.0128183 5.72262e-05 -0.00814481 -0.0154215 -0.00814481 4.43657e-05)
(6.25542e-05 -0.0127944 -0.0154162 -0.0127944 2.80922e-05 -0.00813492 -0.0154162 -0.00813492 7.15805e-05)
(7.86962e-05 -0.0128047 -0.0154227 -0.0128047 6.55553e-05 -0.00815113 -0.0154227 -0.00815113 5.77246e-05)
(8.14278e-05 -0.0127869 -0.0154302 -0.0127869 6.31333e-05 -0.00814026 -0.0154302 -0.00814026 3.13494e-05)
(-9.94341e-06 -0.012802 -0.0154499 -0.012802 3.83796e-05 -0.00813149 -0.0154499 -0.00813149 4.93516e-05)
(5.1704e-05 -0.0127931 -0.0154411 -0.0127931 3.69421e-05 -0.00813182 -0.0154411 -0.00813182 5.38829e-05)
(8.56981e-05 -0.0128077 -0.0154154 -0.0128077 4.50466e-05 -0.00814583 -0.0154154 -0.00814583 6.67115e-05)
(4.73266e-05 -0.0127902 -0.0154179 -0.0127902 2.24097e-05 -0.00812841 -0.0154179 -0.00812841 6.5385e-05)
(3.05704e-05 -0.0127852 -0.0154292 -0.0127852 2.15844e-05 -0.00813169 -0.0154292 -0.00813169 4.53278e-05)
(0.000133719 -0.0127965 -0.0154061 -0.0127965 8.73119e-05 -0.0081509 -0.0154061 -0.0081509 0.000103554)
(5.51766e-05 -0.0127901 -0.0154164 -0.0127901 2.58002e-05 -0.0081237 -0.0154164 -0.0081237 7.58075e-05)
(-3.29003e-05 -0.0128019 -0.0154409 -0.0128019 4.29707e-05 -0.00810738 -0.0154409 -0.00810738 0.000103587)
(4.88405e-05 -0.0127815 -0.0154373 -0.0127815 1.51271e-05 -0.00812623 -0.0154373 -0.00812623 3.45283e-05)
(8.8635e-05 -0.0128113 -0.0154311 -0.0128113 5.38167e-05 -0.00814022 -0.0154311 -0.00814022 3.9617e-05)
(0.000144819 -0.0128226 -0.0154114 -0.0128226 6.23082e-05 -0.00814865 -0.0154114 -0.00814865 6.70197e-05)
(4.73243e-05 -0.0127908 -0.0154195 -0.0127908 2.464e-05 -0.0081233 -0.0154195 -0.0081233 6.99201e-05)
(5.46612e-05 -0.0127821 -0.015429 -0.0127821 2.96016e-05 -0.00813976 -0.015429 -0.00813976 8.50241e-05)
(4.16146e-05 -0.0127769 -0.0154347 -0.0127769 1.70583e-05 -0.0081293 -0.0154347 -0.0081293 3.66402e-05)
(3.14596e-05 -0.0127988 -0.0154274 -0.0127988 4.11072e-05 -0.0081161 -0.0154274 -0.0081161 0.000119495)
(5.95864e-05 -0.0127936 -0.0154222 -0.0127936 2.4816e-05 -0.00813175 -0.0154222 -0.00813175 5.24839e-05)
(3.24571e-05 -0.012783 -0.0154333 -0.012783 2.16282e-05 -0.00813171 -0.0154333 -0.00813171 3.54499e-05)
(8.57905e-05 -0.0127988 -0.0154197 -0.0127988 2.76273e-05 -0.00813309 -0.0154197 -0.00813309 4.81747e-05)
(7.69694e-05 -0.0128197 -0.0154407 -0.0128197 7.30701e-05 -0.00813316 -0.0154407 -0.00813316 2.87314e-05)
(0.000112285 -0.0128007 -0.0154155 -0.0128007 7.41234e-05 -0.00815325 -0.0154155 -0.00815325 8.5868e-05)
(2.73692e-05 -0.0127873 -0.0154242 -0.0127873 2.14601e-05 -0.00812595 -0.0154242 -0.00812595 7.58254e-05)
(1.34078e-05 -0.0127867 -0.0154375 -0.0127867 2.0096e-05 -0.00812304 -0.0154375 -0.00812304 5.18993e-05)
(2.7617e-05 -0.0127851 -0.0154265 -0.0127851 2.2404e-05 -0.00813053 -0.0154265 -0.00813053 5.94984e-05)
(0.000135907 -0.0128196 -0.015421 -0.0128196 5.0981e-05 -0.00814185 -0.015421 -0.00814185 5.05406e-05)
(6.62431e-05 -0.0127944 -0.0154135 -0.0127944 3.18396e-05 -0.0081375 -0.0154135 -0.0081375 0.000115036)
(-2.96859e-05 -0.0128001 -0.0154428 -0.0128001 3.54222e-05 -0.0081188 -0.0154428 -0.0081188 5.82084e-05)
(6.26304e-05 -0.0127936 -0.0154392 -0.0127936 2.82369e-05 -0.00813193 -0.0154392 -0.00813193 5.28468e-05)
(2.70068e-05 -0.0127892 -0.0154259 -0.0127892 2.23672e-05 -0.00812493 -0.0154259 -0.00812493 5.53788e-05)
(1.77664e-05 -0.0127837 -0.0154356 -0.0127837 1.84931e-05 -0.00812695 -0.0154356 -0.00812695 4.1523e-05)
(1.40852e-05 -0.0127927 -0.0154249 -0.0127927 3.83933e-05 -0.00811251 -0.0154249 -0.00811251 8.84132e-05)
(3.05989e-05 -0.0127878 -0.0154278 -0.0127878 2.00245e-05 -0.00812849 -0.0154278 -0.00812849 4.89067e-05)
(-3.53952e-05 -0.0128001 -0.0154438 -0.0128001 3.57849e-05 -0.00811075 -0.0154438 -0.00811075 8.47725e-05)
(3.91766e-05 -0.0127888 -0.0154212 -0.0127888 2.61063e-05 -0.00812294 -0.0154212 -0.00812294 7.06912e-05)
(7.90244e-05 -0.0127931 -0.0154096 -0.0127931 3.03417e-05 -0.00812115 -0.0154096 -0.00812115 0.000102076)
(3.75903e-05 -0.012787 -0.0154231 -0.012787 2.33256e-05 -0.00813 -0.0154231 -0.00813 7.71185e-05)
(-5.30881e-05 -0.0128087 -0.0154484 -0.0128087 4.88396e-05 -0.00811961 -0.0154484 -0.00811961 5.80252e-05)
(4.69297e-05 -0.0127881 -0.0154139 -0.0127881 2.34365e-05 -0.00812734 -0.0154139 -0.00812734 7.36893e-05)
(4.24658e-05 -0.0127911 -0.0154442 -0.0127911 2.43832e-05 -0.00813337 -0.0154442 -0.00813337 4.51359e-05)
(3.42909e-05 -0.0127862 -0.0154302 -0.0127862 2.09628e-05 -0.00812914 -0.0154302 -0.00812914 5.57463e-05)
(8.11279e-05 -0.0128088 -0.015433 -0.0128088 3.93636e-05 -0.00813594 -0.015433 -0.00813594 3.11088e-05)
(9.45155e-05 -0.0127981 -0.0154062 -0.0127981 3.13742e-05 -0.0081351 -0.0154062 -0.0081351 8.90969e-05)
(-1.92639e-05 -0.0127976 -0.0154422 -0.0127976 3.04087e-05 -0.0081208 -0.0154422 -0.0081208 5.08023e-05)
(4.07195e-05 -0.0127811 -0.0154358 -0.0127811 2.32776e-05 -0.00813097 -0.0154358 -0.00813097 3.59253e-05)
(9.11311e-05 -0.0128318 -0.0154532 -0.0128318 0.000102914 -0.00813341 -0.0154532 -0.00813341 4.62634e-05)
(5.42129e-05 -0.0127912 -0.0154209 -0.0127912 2.69372e-05 -0.00813432 -0.0154209 -0.00813432 7.02417e-05)
(-7.43656e-06 -0.0127924 -0.0154368 -0.0127924 2.53987e-05 -0.00811967 -0.0154368 -0.00811967 6.00588e-05)
(0.000122988 -0.0127958 -0.0154154 -0.0127958 2.85928e-05 -0.00813012 -0.0154154 -0.00813012 6.29737e-05)
(5.66627e-05 -0.0127963 -0.0154244 -0.0127963 3.64273e-05 -0.00814003 -0.0154244 -0.00814003 4.67783e-05)
(9.75348e-06 -0.0127995 -0.0154426 -0.0127995 2.70345e-05 -0.00812518 -0.0154426 -0.00812518 3.6231e-05)
(1.2942e-05 -0.0127911 -0.0154309 -0.0127911 3.12918e-05 -0.00812232 -0.0154309 -0.00812232 6.21179e-05)
(8.79225e-05 -0.0128228 -0.0154361 -0.0128228 7.08088e-05 -0.00813877 -0.0154361 -0.00813877 3.12415e-05)
(5.88602e-05 -0.0128017 -0.0154295 -0.0128017 3.89096e-05 -0.00813713 -0.0154295 -0.00813713 3.28083e-05)
(5.69619e-05 -0.0127886 -0.0154262 -0.0127886 3.51715e-05 -0.00814206 -0.0154262 -0.00814206 6.61181e-05)
(4.42278e-05 -0.0127918 -0.0154266 -0.0127918 2.41896e-05 -0.00812582 -0.0154266 -0.00812582 5.72951e-05)
(-1.2856e-05 -0.0127954 -0.0154346 -0.0127954 3.1727e-05 -0.00811437 -0.0154346 -0.00811437 7.9716e-05)
(1.79452e-06 -0.0127907 -0.015437 -0.0127907 2.38653e-05 -0.00812469 -0.015437 -0.00812469 4.80992e-05)
(6.17529e-05 -0.0127934 -0.0154336 -0.0127934 2.5279e-05 -0.0081321 -0.0154336 -0.0081321 4.75159e-05)
(-8.38052e-06 -0.0127903 -0.0154264 -0.0127903 3.06721e-05 -0.00811526 -0.0154264 -0.00811526 8.82754e-05)
(1.54041e-05 -0.0127848 -0.0154344 -0.0127848 2.10593e-05 -0.00813025 -0.0154344 -0.00813025 4.28705e-05)
(6.44473e-05 -0.0127964 -0.0154256 -0.0127964 3.39186e-05 -0.00813773 -0.0154256 -0.00813773 4.74761e-05)
(6.86527e-05 -0.0128011 -0.0154212 -0.0128011 3.3535e-05 -0.00813779 -0.0154212 -0.00813779 4.57278e-05)
(6.60501e-05 -0.0127976 -0.0154291 -0.0127976 2.84749e-05 -0.00813426 -0.0154291 -0.00813426 3.9773e-05)
(-0.000112298 -0.012816 -0.0154573 -0.012816 6.76218e-05 -0.00810184 -0.0154573 -0.00810184 9.49858e-05)
(-6.65655e-05 -0.0128171 -0.0154545 -0.0128171 6.48125e-05 -0.00812659 -0.0154545 -0.00812659 5.35514e-05)
(9.45409e-05 -0.0128175 -0.0154306 -0.0128175 5.343e-05 -0.0081389 -0.0154306 -0.0081389 3.28568e-05)
(2.91588e-05 -0.0127903 -0.0154204 -0.0127903 2.9889e-05 -0.00811859 -0.0154204 -0.00811859 8.54647e-05)
(-4.76024e-05 -0.0128025 -0.015442 -0.0128025 5.0022e-05 -0.00811135 -0.015442 -0.00811135 7.90027e-05)
(3.99257e-05 -0.0127927 -0.0154534 -0.0127927 2.55259e-05 -0.00813467 -0.0154534 -0.00813467 4.78738e-05)
(1.13313e-05 -0.0127899 -0.015435 -0.0127899 2.30286e-05 -0.00812597 -0.015435 -0.00812597 4.90385e-05)
(4.85677e-05 -0.0127905 -0.0154176 -0.0127905 2.97811e-05 -0.00813705 -0.0154176 -0.00813705 0.000106968)
(7.64671e-05 -0.0128153 -0.0154316 -0.0128153 7.82365e-05 -0.0081393 -0.0154316 -0.0081393 2.784e-05)
(5.03993e-05 -0.0127951 -0.015438 -0.0127951 2.80914e-05 -0.00812914 -0.015438 -0.00812914 5.30394e-05)
(-8.41097e-06 -0.0127981 -0.0154393 -0.0127981 3.88809e-05 -0.00811958 -0.0154393 -0.00811958 6.22958e-05)
(-1.40579e-05 -0.0127939 -0.0154358 -0.0127939 2.92807e-05 -0.00811897 -0.0154358 -0.00811897 5.91317e-05)
(7.09871e-05 -0.0128019 -0.0154226 -0.0128019 3.74253e-05 -0.00813936 -0.0154226 -0.00813936 4.59237e-05)
(4.11865e-05 -0.0127947 -0.0154325 -0.0127947 3.94456e-05 -0.00812196 -0.0154325 -0.00812196 6.47244e-05)
(4.30449e-07 -0.0127962 -0.0154383 -0.0127962 3.80329e-05 -0.00812259 -0.0154383 -0.00812259 6.17076e-05)
(4.66032e-05 -0.0127929 -0.0154259 -0.0127929 2.48204e-05 -0.00813313 -0.0154259 -0.00813313 4.2193e-05)
(-1.10232e-05 -0.0127985 -0.0154433 -0.0127985 3.09395e-05 -0.00812929 -0.0154433 -0.00812929 3.88256e-05)
(-2.52033e-05 -0.0128082 -0.015449 -0.0128082 4.10665e-05 -0.00812629 -0.015449 -0.00812629 4.64655e-05)
(7.79867e-05 -0.0128013 -0.0154209 -0.0128013 3.20073e-05 -0.00813662 -0.0154209 -0.00813662 4.75313e-05)
(7.50865e-05 -0.0127984 -0.0154192 -0.0127984 2.79359e-05 -0.00813316 -0.0154192 -0.00813316 5.1286e-05)
(3.05698e-05 -0.0128027 -0.0154416 -0.0128027 3.0302e-05 -0.00813016 -0.0154416 -0.00813016 3.94514e-05)
(-4.78199e-05 -0.0128074 -0.0154461 -0.0128074 7.63368e-05 -0.00811261 -0.0154461 -0.00811261 8.33777e-05)
(0.000110639 -0.0128007 -0.0154358 -0.0128007 2.95626e-05 -0.00813352 -0.0154358 -0.00813352 4.35068e-05)
(9.70688e-06 -0.0127955 -0.0154344 -0.0127955 3.08805e-05 -0.00812027 -0.0154344 -0.00812027 5.91028e-05)
(-2.7753e-05 -0.0128016 -0.0154397 -0.0128016 4.15891e-05 -0.00811038 -0.0154397 -0.00811038 0.00010505)
(5.92769e-05 -0.0127963 -0.0154222 -0.0127963 4.32923e-05 -0.0081459 -0.0154222 -0.0081459 6.42154e-05)
(9.53928e-06 -0.0127867 -0.0154289 -0.0127867 2.31289e-05 -0.00812572 -0.0154289 -0.00812572 5.77906e-05)
(-0.000171124 -0.0128217 -0.015461 -0.0128217 8.31738e-05 -0.00810154 -0.015461 -0.00810154 8.90844e-05)
(6.81555e-05 -0.0127911 -0.0154092 -0.0127911 2.71278e-05 -0.00812605 -0.0154092 -0.00812605 9.63529e-05)
(9.10825e-05 -0.012818 -0.0154237 -0.012818 7.1736e-05 -0.00814828 -0.0154237 -0.00814828 4.51561e-05)
(4.1051e-05 -0.0127901 -0.0154311 -0.0127901 2.25685e-05 -0.00813161 -0.0154311 -0.00813161 3.91556e-05)
(1.52652e-05 -0.0127897 -0.0154312 -0.0127897 2.23732e-05 -0.00812519 -0.0154312 -0.00812519 4.53595e-05)
(5.68211e-05 -0.0127904 -0.0154118 -0.0127904 2.56643e-05 -0.00812846 -0.0154118 -0.00812846 8.76039e-05)
(-0.000107615 -0.0128138 -0.015452 -0.0128138 7.5445e-05 -0.00811256 -0.015452 -0.00811256 7.35124e-05)
(4.79825e-06 -0.0127916 -0.0154369 -0.0127916 2.52559e-05 -0.00812549 -0.0154369 -0.00812549 4.83939e-05)
(6.65324e-05 -0.0127901 -0.0154137 -0.0127901 3.33899e-05 -0.00811653 -0.0154137 -0.00811653 9.15315e-05)
(-5.71173e-05 -0.0128032 -0.0154425 -0.0128032 5.20821e-05 -0.00810737 -0.0154425 -0.00810737 8.98563e-05)
(-7.55797e-05 -0.0128076 -0.0154489 -0.0128076 5.02417e-05 -0.00810515 -0.0154489 -0.00810515 9.83876e-05)
(8.30817e-06 -0.0127883 -0.0154256 -0.0127883 2.45659e-05 -0.00812137 -0.0154256 -0.00812137 6.30874e-05)
(6.47162e-05 -0.0128023 -0.0154236 -0.0128023 3.31941e-05 -0.00813688 -0.0154236 -0.00813688 3.89111e-05)
(9.73873e-05 -0.0128037 -0.0154285 -0.0128037 2.94256e-05 -0.00813379 -0.0154285 -0.00813379 4.11716e-05)
(-8.15699e-05 -0.0128117 -0.0154526 -0.0128117 6.00024e-05 -0.0081023 -0.0154526 -0.0081023 9.79245e-05)
(5.70648e-06 -0.0127898 -0.0154318 -0.0127898 2.37288e-05 -0.00812151 -0.0154318 -0.00812151 6.44166e-05)
(9.06128e-05 -0.0128008 -0.0154458 -0.0128008 3.05609e-05 -0.00813592 -0.0154458 -0.00813592 4.69718e-05)
(-1.36626e-05 -0.0127987 -0.0154357 -0.0127987 4.82728e-05 -0.00811465 -0.0154357 -0.00811465 7.50066e-05)
(4.49547e-05 -0.0127823 -0.0154322 -0.0127823 2.67757e-05 -0.0081336 -0.0154322 -0.0081336 3.43489e-05)
(2.82735e-05 -0.0127873 -0.0154318 -0.0127873 2.01971e-05 -0.0081287 -0.0154318 -0.0081287 4.57978e-05)
(7.76723e-06 -0.0127869 -0.0154321 -0.0127869 1.8942e-05 -0.00812346 -0.0154321 -0.00812346 5.37755e-05)
(6.06851e-05 -0.0127936 -0.0154252 -0.0127936 2.60435e-05 -0.00813296 -0.0154252 -0.00813296 4.94965e-05)
(9.02821e-05 -0.0128161 -0.0154249 -0.0128161 5.40566e-05 -0.008142 -0.0154249 -0.008142 3.83947e-05)
(4.43003e-05 -0.0127925 -0.0154311 -0.0127925 2.87121e-05 -0.00812607 -0.0154311 -0.00812607 5.45005e-05)
(1.32742e-05 -0.0127882 -0.0154369 -0.0127882 2.19701e-05 -0.00812913 -0.0154369 -0.00812913 3.93024e-05)
(4.99267e-05 -0.0127975 -0.0154254 -0.0127975 4.17289e-05 -0.00814295 -0.0154254 -0.00814295 4.63301e-05)
(6.92902e-05 -0.0128015 -0.0154228 -0.0128015 3.23259e-05 -0.00813648 -0.0154228 -0.00813648 4.196e-05)
(5.39674e-05 -0.0127867 -0.0154273 -0.0127867 3.21218e-05 -0.00813956 -0.0154273 -0.00813956 5.87879e-05)
(8.09131e-05 -0.0128033 -0.0154178 -0.0128033 5.51283e-05 -0.00815006 -0.0154178 -0.00815006 7.78465e-05)
(6.97923e-05 -0.0128072 -0.0154387 -0.0128072 4.98277e-05 -0.00813355 -0.0154387 -0.00813355 3.00996e-05)
(3.54925e-05 -0.0127906 -0.0154426 -0.0127906 2.37613e-05 -0.00813285 -0.0154426 -0.00813285 4.10899e-05)
(-2.32829e-05 -0.0128078 -0.0154539 -0.0128078 5.21043e-05 -0.00813065 -0.0154539 -0.00813065 5.61417e-05)
(3.2361e-05 -0.0127919 -0.0154315 -0.0127919 2.53864e-05 -0.00813237 -0.0154315 -0.00813237 2.54269e-05)
(8.0412e-05 -0.0128079 -0.0154284 -0.0128079 3.57101e-05 -0.00813546 -0.0154284 -0.00813546 2.83327e-05)
