/*--------------------------------*- C++ -*----------------------------------*\
  =========                 |
  \\      /  F ield         | OpenFOAM: The Open Source CFD Toolbox
   \\    /   O peration     | Website:  https://openfoam.org
    \\  /    A nd           | Version:  10
     \\/     M anipulation  |
\*---------------------------------------------------------------------------*/
FoamFile
{
    format      ascii;
    class       volTensorField;
    location    "50";
    object      TauNN;
}
// * * * * * * * * * * * * * * * * * * * * * * * * * * * * * * * * * * * * * //

dimensions      [0 2 -2 0 0 0 0];

internalField   nonuniform List<tensor> 
25600
(
(3.07281e-05 -0.0127889 -0.0154306 -0.0127889 2.18563e-05 -0.00812941 -0.0154306 -0.00812941 4.55428e-05)
(2.96119e-05 -0.0127943 -0.015425 -0.0127943 3.14554e-05 -0.00811721 -0.015425 -0.00811721 8.71491e-05)
(4.63061e-05 -0.0127896 -0.015416 -0.0127896 2.42799e-05 -0.00812559 -0.015416 -0.00812559 8.04721e-05)
(3.28095e-05 -0.0127874 -0.0154195 -0.0127874 2.47834e-05 -0.00812886 -0.0154195 -0.00812886 9.44028e-05)
(4.60029e-05 -0.012789 -0.015416 -0.012789 2.50535e-05 -0.00813115 -0.015416 -0.00813115 7.51257e-05)
(6.25782e-05 -0.0127896 -0.0154149 -0.0127896 2.42119e-05 -0.00812765 -0.0154149 -0.00812765 6.78361e-05)
(6.03089e-05 -0.0127984 -0.0154211 -0.0127984 3.53137e-05 -0.00814017 -0.0154211 -0.00814017 5.56421e-05)
(2.85333e-05 -0.012789 -0.0154256 -0.012789 2.26431e-05 -0.008125 -0.0154256 -0.008125 6.37134e-05)
(3.86573e-05 -0.0127919 -0.0154244 -0.0127919 3.0653e-05 -0.00813281 -0.0154244 -0.00813281 0.000121866)
(4.98158e-05 -0.0127922 -0.0154185 -0.0127922 2.83524e-05 -0.008136 -0.0154185 -0.008136 6.25655e-05)
(1.86215e-05 -0.0127879 -0.0154326 -0.0127879 2.46111e-05 -0.0081298 -0.0154326 -0.0081298 4.58573e-05)
(2.4024e-05 -0.0127825 -0.0154322 -0.0127825 2.02631e-05 -0.00813119 -0.0154322 -0.00813119 3.23156e-05)
(3.4016e-05 -0.0127884 -0.0154201 -0.0127884 2.25773e-05 -0.00812528 -0.0154201 -0.00812528 7.85822e-05)
(3.54747e-05 -0.0127887 -0.0154245 -0.0127887 2.3602e-05 -0.008127 -0.0154245 -0.008127 5.66816e-05)
(4.9875e-05 -0.0127879 -0.0154225 -0.0127879 2.65802e-05 -0.00812652 -0.0154225 -0.00812652 6.46422e-05)
(2.97535e-06 -0.0127871 -0.0154312 -0.0127871 2.2076e-05 -0.00812528 -0.0154312 -0.00812528 5.16713e-05)
(3.60653e-05 -0.012783 -0.0154298 -0.012783 2.23657e-05 -0.00813108 -0.0154298 -0.00813108 7.22556e-05)
(2.77252e-05 -0.012789 -0.0154418 -0.012789 2.47477e-05 -0.00813315 -0.0154418 -0.00813315 4.42399e-05)
(6.78011e-05 -0.0127907 -0.0154131 -0.0127907 2.51667e-05 -0.00812972 -0.0154131 -0.00812972 7.15702e-05)
(6.38707e-05 -0.0127958 -0.0154144 -0.0127958 3.19309e-05 -0.00813913 -0.0154144 -0.00813913 8.64497e-05)
(2.49636e-05 -0.0127875 -0.0154216 -0.0127875 2.16888e-05 -0.00812436 -0.0154216 -0.00812436 7.11536e-05)
(-2.52095e-05 -0.0127968 -0.0154386 -0.0127968 3.65691e-05 -0.00811858 -0.0154386 -0.00811858 6.19861e-05)
(-1.14798e-05 -0.0127916 -0.0154403 -0.0127916 2.88737e-05 -0.0081301 -0.0154403 -0.0081301 4.14412e-05)
(3.98383e-05 -0.0127891 -0.0154167 -0.0127891 2.51239e-05 -0.00812309 -0.0154167 -0.00812309 7.27085e-05)
(6.36454e-05 -0.0127964 -0.0154492 -0.0127964 2.84214e-05 -0.00813554 -0.0154492 -0.00813554 4.44786e-05)
(-2.38144e-05 -0.0128054 -0.0154447 -0.0128054 4.89057e-05 -0.00812208 -0.0154447 -0.00812208 6.2664e-05)
(1.20432e-05 -0.0127865 -0.0154268 -0.0127865 2.17256e-05 -0.00812447 -0.0154268 -0.00812447 6.21955e-05)
(1.13312e-05 -0.0127898 -0.0154415 -0.0127898 2.67003e-05 -0.00813224 -0.0154415 -0.00813224 4.17071e-05)
(7.28443e-05 -0.0127955 -0.0154149 -0.0127955 2.79899e-05 -0.00813358 -0.0154149 -0.00813358 6.7087e-05)
(3.55493e-05 -0.0127897 -0.0154295 -0.0127897 2.37282e-05 -0.00813308 -0.0154295 -0.00813308 4.05057e-05)
(5.54195e-05 -0.0127929 -0.0154216 -0.0127929 3.11242e-05 -0.00812945 -0.0154216 -0.00812945 0.000106918)
(6.19009e-05 -0.0127932 -0.0154173 -0.0127932 2.77319e-05 -0.00813297 -0.0154173 -0.00813297 7.15418e-05)
(3.70997e-05 -0.0127883 -0.0154172 -0.0127883 2.52543e-05 -0.00812939 -0.0154172 -0.00812939 9.01754e-05)
(6.27746e-05 -0.0127931 -0.015417 -0.0127931 3.30598e-05 -0.00813991 -0.015417 -0.00813991 9.3127e-05)
(9.68803e-06 -0.0127936 -0.0154364 -0.0127936 3.50412e-05 -0.0081249 -0.0154364 -0.0081249 5.84823e-05)
(4.14441e-05 -0.0127881 -0.0154153 -0.0127881 2.82926e-05 -0.00812203 -0.0154153 -0.00812203 8.34923e-05)
(1.96077e-05 -0.0127881 -0.0154181 -0.0127881 2.76894e-05 -0.00811758 -0.0154181 -0.00811758 8.71629e-05)
(-4.99431e-06 -0.0127928 -0.0154356 -0.0127928 2.73503e-05 -0.00811555 -0.0154356 -0.00811555 8.76657e-05)
(3.59582e-05 -0.012788 -0.0154169 -0.012788 2.55121e-05 -0.00812826 -0.0154169 -0.00812826 9.16936e-05)
(8.95926e-05 -0.0127912 -0.0154267 -0.0127912 3.43435e-05 -0.00812755 -0.0154267 -0.00812755 6.29981e-05)
(5.54481e-05 -0.0127972 -0.0154201 -0.0127972 3.62881e-05 -0.00814197 -0.0154201 -0.00814197 6.19626e-05)
(9.55406e-05 -0.0128071 -0.0154279 -0.0128071 3.28471e-05 -0.00813501 -0.0154279 -0.00813501 3.6949e-05)
(4.48082e-05 -0.012788 -0.0154293 -0.012788 2.42147e-05 -0.00813341 -0.0154293 -0.00813341 4.48437e-05)
(2.07488e-05 -0.0127859 -0.0154324 -0.0127859 1.87743e-05 -0.0081251 -0.0154324 -0.0081251 5.9798e-05)
(5.57067e-05 -0.0127912 -0.0154128 -0.0127912 2.94037e-05 -0.00813022 -0.0154128 -0.00813022 0.000112949)
(6.504e-05 -0.0127939 -0.0154193 -0.0127939 3.23897e-05 -0.00813912 -0.0154193 -0.00813912 7.53591e-05)
(6.84622e-05 -0.0127942 -0.0154137 -0.0127942 3.32906e-05 -0.00813917 -0.0154137 -0.00813917 0.000116074)
(0.000117604 -0.0127958 -0.0154014 -0.0127958 2.85035e-05 -0.00812908 -0.0154014 -0.00812908 9.29405e-05)
(4.60172e-05 -0.012789 -0.0154249 -0.012789 2.47778e-05 -0.00813356 -0.0154249 -0.00813356 6.51896e-05)
(1.10413e-05 -0.0127917 -0.0154325 -0.0127917 2.76479e-05 -0.00812039 -0.0154325 -0.00812039 0.000102413)
(5.7325e-05 -0.0127949 -0.0154209 -0.0127949 2.95629e-05 -0.0081366 -0.0154209 -0.0081366 5.75141e-05)
(4.02774e-05 -0.0127892 -0.0154176 -0.0127892 2.49695e-05 -0.00812065 -0.0154176 -0.00812065 8.3478e-05)
(2.71615e-05 -0.0127925 -0.0154293 -0.0127925 2.93805e-05 -0.00812104 -0.0154293 -0.00812104 7.05149e-05)
(1.3524e-05 -0.0127911 -0.015425 -0.0127911 2.81467e-05 -0.00811796 -0.015425 -0.00811796 9.08084e-05)
(1.5203e-05 -0.0127887 -0.0154277 -0.0127887 2.35561e-05 -0.00812142 -0.0154277 -0.00812142 8.41251e-05)
(5.66457e-05 -0.012792 -0.0154193 -0.012792 2.54009e-05 -0.00813178 -0.0154193 -0.00813178 7.71579e-05)
(2.24011e-05 -0.0127916 -0.0154205 -0.0127916 3.3953e-05 -0.00811308 -0.0154205 -0.00811308 0.000102084)
(3.19272e-05 -0.0127901 -0.0154203 -0.0127901 2.65631e-05 -0.00812114 -0.0154203 -0.00812114 8.63949e-05)
(2.92033e-05 -0.0127898 -0.0154214 -0.0127898 2.45514e-05 -0.00811984 -0.0154214 -0.00811984 7.8586e-05)
(5.33684e-05 -0.0127964 -0.0154238 -0.0127964 2.77958e-05 -0.00813459 -0.0154238 -0.00813459 3.96381e-05)
(0.00012371 -0.0128076 -0.0154188 -0.0128076 3.39383e-05 -0.00813578 -0.0154188 -0.00813578 5.05013e-05)
(4.87433e-05 -0.0127924 -0.0154235 -0.0127924 2.25169e-05 -0.00812902 -0.0154235 -0.00812902 5.2066e-05)
(1.51574e-05 -0.0127978 -0.0154454 -0.0127978 2.73604e-05 -0.00811626 -0.0154454 -0.00811626 6.82451e-05)
(-3.85012e-05 -0.0127985 -0.0154383 -0.0127985 3.81251e-05 -0.00810958 -0.0154383 -0.00810958 9.41421e-05)
(9.68235e-05 -0.0127914 -0.0154137 -0.0127914 2.7686e-05 -0.00812677 -0.0154137 -0.00812677 6.6512e-05)
(5.11053e-05 -0.0127911 -0.0154192 -0.0127911 2.59462e-05 -0.00813346 -0.0154192 -0.00813346 7.198e-05)
(9.00212e-06 -0.0127893 -0.0154311 -0.0127893 2.29776e-05 -0.00812042 -0.0154311 -0.00812042 7.39124e-05)
(3.08034e-05 -0.0127921 -0.0154218 -0.0127921 2.8701e-05 -0.00811751 -0.0154218 -0.00811751 9.19502e-05)
(3.80511e-05 -0.0127898 -0.0154265 -0.0127898 2.77626e-05 -0.00813597 -0.0154265 -0.00813597 4.53921e-05)
(3.46932e-05 -0.0127916 -0.0154478 -0.0127916 2.70461e-05 -0.00813476 -0.0154478 -0.00813476 4.81895e-05)
(5.73555e-05 -0.0127919 -0.0154167 -0.0127919 2.6829e-05 -0.00813117 -0.0154167 -0.00813117 9.39123e-05)
(7.98168e-05 -0.0127934 -0.0154107 -0.0127934 2.60646e-05 -0.00812568 -0.0154107 -0.00812568 8.91049e-05)
(-1.68952e-06 -0.0127959 -0.0154328 -0.0127959 3.28514e-05 -0.00811426 -0.0154328 -0.00811426 7.57104e-05)
(4.15461e-05 -0.0127917 -0.0154332 -0.0127917 2.25086e-05 -0.00813138 -0.0154332 -0.00813138 3.54761e-05)
(6.12695e-05 -0.0127918 -0.0154193 -0.0127918 2.55426e-05 -0.00812374 -0.0154193 -0.00812374 6.84144e-05)
(1.56096e-05 -0.0127926 -0.0154409 -0.0127926 2.12166e-05 -0.00812383 -0.0154409 -0.00812383 3.96418e-05)
(4.28452e-05 -0.0127895 -0.0154265 -0.0127895 2.24577e-05 -0.00812764 -0.0154265 -0.00812764 5.87731e-05)
(4.79236e-05 -0.0127923 -0.0154179 -0.0127923 2.87675e-05 -0.00812432 -0.0154179 -0.00812432 0.000106497)
(8.915e-06 -0.0127901 -0.0154266 -0.0127901 2.80385e-05 -0.00811901 -0.0154266 -0.00811901 7.10726e-05)
(3.45692e-05 -0.012787 -0.0154207 -0.012787 2.40648e-05 -0.00813046 -0.0154207 -0.00813046 8.5546e-05)
(-6.53916e-05 -0.0128099 -0.0154492 -0.0128099 5.84549e-05 -0.00811481 -0.0154492 -0.00811481 7.01902e-05)
(5.89572e-05 -0.0127899 -0.0154145 -0.0127899 2.44533e-05 -0.00812798 -0.0154145 -0.00812798 7.38618e-05)
(6.82264e-05 -0.0127913 -0.0154134 -0.0127913 2.45665e-05 -0.00812883 -0.0154134 -0.00812883 7.13581e-05)
(4.15377e-05 -0.0127911 -0.0154345 -0.0127911 2.37419e-05 -0.00813024 -0.0154345 -0.00813024 4.88078e-05)
(7.37032e-06 -0.0127919 -0.0154383 -0.0127919 2.38881e-05 -0.00812614 -0.0154383 -0.00812614 4.49742e-05)
(3.10813e-05 -0.0127892 -0.015423 -0.0127892 2.44969e-05 -0.00812223 -0.015423 -0.00812223 6.82818e-05)
(6.96892e-05 -0.0127967 -0.0154218 -0.0127967 4.97168e-05 -0.00810909 -0.0154218 -0.00810909 0.000105997)
(3.34678e-05 -0.012787 -0.015418 -0.012787 2.42146e-05 -0.00812907 -0.015418 -0.00812907 8.67598e-05)
(4.90377e-05 -0.0127953 -0.0154315 -0.0127953 3.66022e-05 -0.0081354 -0.0154315 -0.0081354 2.84143e-05)
(2.39754e-05 -0.0127895 -0.0154313 -0.0127895 2.17658e-05 -0.00812794 -0.0154313 -0.00812794 4.27198e-05)
(3.64304e-05 -0.0127893 -0.0154225 -0.0127893 2.23911e-05 -0.00812531 -0.0154225 -0.00812531 6.07946e-05)
(9.16014e-05 -0.0127971 -0.0154137 -0.0127971 2.69623e-05 -0.00813089 -0.0154137 -0.00813089 6.07015e-05)
(4.95295e-05 -0.0127914 -0.0154336 -0.0127914 2.76943e-05 -0.00813406 -0.0154336 -0.00813406 3.60398e-05)
(3.62008e-05 -0.0127872 -0.0154239 -0.0127872 2.42385e-05 -0.00813297 -0.0154239 -0.00813297 6.31651e-05)
(3.73414e-05 -0.0127876 -0.0154212 -0.0127876 2.68857e-05 -0.00813625 -0.0154212 -0.00813625 8.04463e-05)
(3.80036e-05 -0.0127929 -0.0154351 -0.0127929 2.71315e-05 -0.00812887 -0.0154351 -0.00812887 4.86341e-05)
(2.62409e-05 -0.0127886 -0.0154367 -0.0127886 2.1543e-05 -0.00813142 -0.0154367 -0.00813142 3.60091e-05)
(1.39128e-05 -0.0127891 -0.0154249 -0.0127891 2.48353e-05 -0.00811998 -0.0154249 -0.00811998 7.42949e-05)
(-1.6197e-05 -0.0127987 -0.0154398 -0.0127987 3.49733e-05 -0.00811745 -0.0154398 -0.00811745 6.42693e-05)
(9.47589e-06 -0.0127887 -0.0154338 -0.0127887 2.25363e-05 -0.00812283 -0.0154338 -0.00812283 6.14478e-05)
(6.16547e-05 -0.0127915 -0.0154172 -0.0127915 2.48388e-05 -0.00813021 -0.0154172 -0.00813021 6.45359e-05)
(8.24402e-05 -0.0128088 -0.0154251 -0.0128088 4.07005e-05 -0.0081387 -0.0154251 -0.0081387 3.68086e-05)
(8.09019e-05 -0.0127951 -0.01542 -0.0127951 2.57394e-05 -0.00812724 -0.01542 -0.00812724 5.91472e-05)
(6.99432e-06 -0.0127969 -0.0154324 -0.0127969 3.4083e-05 -0.00811452 -0.0154324 -0.00811452 8.00312e-05)
(-8.10419e-05 -0.0128128 -0.0154529 -0.0128128 5.58037e-05 -0.00810521 -0.0154529 -0.00810521 8.67015e-05)
(5.12045e-05 -0.0127952 -0.0154282 -0.0127952 3.80136e-05 -0.00813872 -0.0154282 -0.00813872 3.67322e-05)
(8.4904e-05 -0.0127964 -0.0154118 -0.0127964 3.4552e-05 -0.00812263 -0.0154118 -0.00812263 0.000118889)
(-1.82542e-05 -0.0127947 -0.0154398 -0.0127947 2.73798e-05 -0.00811733 -0.0154398 -0.00811733 5.9062e-05)
(3.39914e-05 -0.012789 -0.015432 -0.012789 2.38795e-05 -0.00813021 -0.015432 -0.00813021 5.05982e-05)
(7.16013e-05 -0.0127913 -0.0154098 -0.0127913 2.56711e-05 -0.00812737 -0.0154098 -0.00812737 7.75986e-05)
(-1.04608e-05 -0.0127931 -0.0154356 -0.0127931 2.77463e-05 -0.00811777 -0.0154356 -0.00811777 6.66652e-05)
(0.000123809 -0.0127926 -0.0154051 -0.0127926 2.89421e-05 -0.00812438 -0.0154051 -0.00812438 8.58776e-05)
(1.68397e-05 -0.0127922 -0.015426 -0.0127922 2.90332e-05 -0.00811889 -0.015426 -0.00811889 0.000106216)
(-7.2538e-06 -0.0127967 -0.0154368 -0.0127967 3.32286e-05 -0.0081158 -0.0154368 -0.0081158 0.000113121)
(7.78613e-05 -0.0128016 -0.0154195 -0.0128016 3.42422e-05 -0.00813817 -0.0154195 -0.00813817 5.19947e-05)
(4.87294e-05 -0.0127911 -0.01542 -0.0127911 2.4787e-05 -0.00813228 -0.01542 -0.00813228 6.47926e-05)
(4.27044e-05 -0.0127901 -0.0154234 -0.0127901 2.56245e-05 -0.0081341 -0.0154234 -0.0081341 5.15071e-05)
(1.47918e-05 -0.0127875 -0.0154273 -0.0127875 2.17185e-05 -0.0081238 -0.0154273 -0.0081238 6.33583e-05)
(-3.13185e-06 -0.0127927 -0.0154326 -0.0127927 2.74471e-05 -0.00811547 -0.0154326 -0.00811547 8.56073e-05)
(2.10442e-05 -0.0127867 -0.0154307 -0.0127867 2.01779e-05 -0.00812492 -0.0154307 -0.00812492 6.08898e-05)
(1.58267e-05 -0.0127953 -0.0154413 -0.0127953 3.13076e-05 -0.00812999 -0.0154413 -0.00812999 4.73268e-05)
(-3.66964e-05 -0.0128115 -0.0154526 -0.0128115 4.83479e-05 -0.00812717 -0.0154526 -0.00812717 5.34985e-05)
(-6.53597e-06 -0.0127933 -0.0154336 -0.0127933 3.05031e-05 -0.00811784 -0.0154336 -0.00811784 7.57687e-05)
(4.52286e-05 -0.0127915 -0.0154238 -0.0127915 3.08625e-05 -0.00813846 -0.0154238 -0.00813846 5.29689e-05)
(5.87781e-05 -0.0127921 -0.0154149 -0.0127921 2.64904e-05 -0.00813219 -0.0154149 -0.00813219 6.40328e-05)
(7.01265e-05 -0.0127896 -0.0154117 -0.0127896 2.86577e-05 -0.00812179 -0.0154117 -0.00812179 7.97947e-05)
(3.13872e-05 -0.0127876 -0.0154223 -0.0127876 2.4121e-05 -0.00812829 -0.0154223 -0.00812829 9.03404e-05)
(1.9911e-05 -0.0127903 -0.0154401 -0.0127903 2.16671e-05 -0.00812396 -0.0154401 -0.00812396 4.58803e-05)
(3.19876e-05 -0.012789 -0.0154222 -0.012789 2.38171e-05 -0.00812381 -0.0154222 -0.00812381 7.43996e-05)
(4.44191e-05 -0.0127895 -0.0154224 -0.0127895 2.53342e-05 -0.00812565 -0.0154224 -0.00812565 6.0725e-05)
(8.675e-06 -0.0127937 -0.0154345 -0.0127937 2.78953e-05 -0.00812245 -0.0154345 -0.00812245 5.42583e-05)
(5.00835e-05 -0.0127931 -0.0154272 -0.0127931 3.0454e-05 -0.00813642 -0.0154272 -0.00813642 4.02554e-05)
(5.34866e-05 -0.0127971 -0.0154267 -0.0127971 3.99158e-05 -0.00814099 -0.0154267 -0.00814099 3.93681e-05)
(2.96357e-05 -0.0127898 -0.0154246 -0.0127898 2.41714e-05 -0.00812348 -0.0154246 -0.00812348 9.2377e-05)
(7.80747e-05 -0.0128022 -0.0154153 -0.0128022 4.07207e-05 -0.00814388 -0.0154153 -0.00814388 7.35698e-05)
(0.000101217 -0.0128066 -0.0154088 -0.0128066 4.90965e-05 -0.00815032 -0.0154088 -0.00815032 9.77921e-05)
(6.6822e-05 -0.0128006 -0.0154198 -0.0128006 4.57251e-05 -0.00814734 -0.0154198 -0.00814734 6.8613e-05)
(9.20856e-05 -0.0128051 -0.0154233 -0.0128051 3.41127e-05 -0.00813652 -0.0154233 -0.00813652 4.21962e-05)
(5.92021e-05 -0.012791 -0.0154184 -0.012791 3.0123e-05 -0.0081372 -0.0154184 -0.0081372 9.00435e-05)
(2.15623e-05 -0.0127869 -0.0154293 -0.0127869 2.38485e-05 -0.00812632 -0.0154293 -0.00812632 9.48885e-05)
(2.85602e-05 -0.012787 -0.0154228 -0.012787 2.1207e-05 -0.00812823 -0.0154228 -0.00812823 5.70016e-05)
(5.55215e-05 -0.0127924 -0.0154346 -0.0127924 2.60273e-05 -0.00813359 -0.0154346 -0.00813359 4.65381e-05)
(7.27287e-05 -0.0128047 -0.0154317 -0.0128047 3.5896e-05 -0.0081357 -0.0154317 -0.0081357 3.08249e-05)
(7.41042e-05 -0.0128001 -0.0154303 -0.0128001 2.79459e-05 -0.00813376 -0.0154303 -0.00813376 3.72644e-05)
(2.58439e-05 -0.0127869 -0.0154331 -0.0127869 2.35665e-05 -0.00812505 -0.0154331 -0.00812505 9.02446e-05)
(2.68956e-05 -0.0127816 -0.0154347 -0.0127816 1.68119e-05 -0.00812736 -0.0154347 -0.00812736 4.60304e-05)
(0.000111452 -0.0127927 -0.0154027 -0.0127927 2.90429e-05 -0.00812267 -0.0154027 -0.00812267 9.03644e-05)
(6.77541e-05 -0.0127934 -0.0154189 -0.0127934 3.94823e-05 -0.00814637 -0.0154189 -0.00814637 0.000104231)
(-3.16123e-05 -0.0128006 -0.015444 -0.0128006 3.62762e-05 -0.00811837 -0.015444 -0.00811837 5.7128e-05)
(8.55626e-05 -0.0128095 -0.0154244 -0.0128095 4.40118e-05 -0.0081399 -0.0154244 -0.0081399 4.12315e-05)
(5.30733e-05 -0.0127928 -0.0154253 -0.0127928 2.32173e-05 -0.00813049 -0.0154253 -0.00813049 4.68098e-05)
(3.84928e-05 -0.0127913 -0.015441 -0.0127913 2.50832e-05 -0.00813251 -0.015441 -0.00813251 4.36383e-05)
(7.79397e-05 -0.0127985 -0.0154215 -0.0127985 4.93157e-05 -0.0081477 -0.0154215 -0.0081477 6.91371e-05)
(3.87973e-05 -0.0127842 -0.0154285 -0.0127842 2.46573e-05 -0.00813182 -0.0154285 -0.00813182 9.08778e-05)
(4.19939e-05 -0.0127881 -0.0154207 -0.0127881 2.73548e-05 -0.00813267 -0.0154207 -0.00813267 9.72101e-05)
(1.79418e-05 -0.0127862 -0.0154311 -0.0127862 2.09459e-05 -0.00812427 -0.0154311 -0.00812427 7.5816e-05)
(8.62956e-05 -0.0128018 -0.0154203 -0.0128018 3.05097e-05 -0.00813502 -0.0154203 -0.00813502 4.55884e-05)
(0.000125962 -0.0128053 -0.0154021 -0.0128053 3.87779e-05 -0.00814104 -0.0154021 -0.00814104 9.19966e-05)
(-1.10171e-05 -0.0127889 -0.0154298 -0.0127889 2.75109e-05 -0.00811934 -0.0154298 -0.00811934 6.10188e-05)
(6.3951e-05 -0.0127901 -0.015413 -0.0127901 3.41473e-05 -0.00811557 -0.015413 -0.00811557 8.4897e-05)
(7.25918e-05 -0.0128156 -0.0154267 -0.0128156 8.37491e-05 -0.00814834 -0.0154267 -0.00814834 3.24544e-05)
(7.0947e-05 -0.0128009 -0.0154173 -0.0128009 3.89613e-05 -0.00814269 -0.0154173 -0.00814269 6.55047e-05)
(4.22319e-05 -0.0127813 -0.0154356 -0.0127813 1.77388e-05 -0.00812783 -0.0154356 -0.00812783 4.62181e-05)
(2.26759e-05 -0.0127867 -0.0154364 -0.0127867 1.90573e-05 -0.00812902 -0.0154364 -0.00812902 3.48115e-05)
(6.82798e-05 -0.0127948 -0.0154315 -0.0127948 2.60316e-05 -0.00813211 -0.0154315 -0.00813211 4.56336e-05)
(6.32472e-05 -0.0127916 -0.0154106 -0.0127916 2.69668e-05 -0.00813179 -0.0154106 -0.00813179 8.38925e-05)
(7.79439e-05 -0.0128053 -0.015421 -0.0128053 3.9813e-05 -0.00814038 -0.015421 -0.00814038 4.40173e-05)
(5.13482e-05 -0.0127915 -0.0154161 -0.0127915 2.58142e-05 -0.00812304 -0.0154161 -0.00812304 8.70116e-05)
(2.47944e-05 -0.01279 -0.015426 -0.01279 2.44243e-05 -0.00812231 -0.015426 -0.00812231 6.41769e-05)
(4.31458e-05 -0.0127882 -0.0154162 -0.0127882 2.36463e-05 -0.00812395 -0.0154162 -0.00812395 7.57571e-05)
(5.93968e-06 -0.0127895 -0.0154338 -0.0127895 2.38445e-05 -0.00811918 -0.0154338 -0.00811918 8.09189e-05)
(3.54175e-06 -0.0127944 -0.0154408 -0.0127944 2.5805e-05 -0.00812611 -0.0154408 -0.00812611 4.33247e-05)
(6.95004e-05 -0.0127909 -0.015426 -0.0127909 3.15728e-05 -0.00812519 -0.015426 -0.00812519 6.44887e-05)
(1.51848e-05 -0.0127887 -0.0154361 -0.0127887 2.02391e-05 -0.00813004 -0.0154361 -0.00813004 3.20002e-05)
(2.75262e-05 -0.0127955 -0.0154403 -0.0127955 2.50611e-05 -0.00812654 -0.0154403 -0.00812654 3.63431e-05)
(3.23153e-05 -0.0127904 -0.0154279 -0.0127904 2.53923e-05 -0.00812544 -0.0154279 -0.00812544 6.00063e-05)
(7.20158e-05 -0.0127938 -0.015411 -0.0127938 2.86915e-05 -0.00813303 -0.015411 -0.00813303 9.99183e-05)
(6.54234e-05 -0.0127926 -0.0154186 -0.0127926 2.44131e-05 -0.00812989 -0.0154186 -0.00812989 6.36669e-05)
(7.58443e-05 -0.0128096 -0.0154237 -0.0128096 6.85722e-05 -0.00814988 -0.0154237 -0.00814988 4.70772e-05)
(3.03584e-05 -0.012787 -0.015421 -0.012787 2.46508e-05 -0.00812974 -0.015421 -0.00812974 8.97601e-05)
(7.8266e-05 -0.0128 -0.0154128 -0.0128 3.80226e-05 -0.00814322 -0.0154128 -0.00814322 8.28031e-05)
(5.96726e-05 -0.012792 -0.0154152 -0.012792 2.82919e-05 -0.00813507 -0.0154152 -0.00813507 8.75993e-05)
(7.49214e-05 -0.012799 -0.0154151 -0.012799 3.35199e-05 -0.00813883 -0.0154151 -0.00813883 7.04781e-05)
(6.98493e-05 -0.012799 -0.0154331 -0.012799 2.84878e-05 -0.0081341 -0.0154331 -0.0081341 3.77754e-05)
(4.71519e-05 -0.0127853 -0.0154301 -0.0127853 3.04101e-05 -0.00813722 -0.0154301 -0.00813722 4.05672e-05)
(2.23198e-05 -0.012793 -0.0154259 -0.012793 3.03571e-05 -0.00811641 -0.0154259 -0.00811641 8.18639e-05)
(2.73701e-05 -0.012789 -0.0154263 -0.012789 2.30578e-05 -0.00812527 -0.0154263 -0.00812527 5.7094e-05)
(2.98579e-05 -0.0127886 -0.0154237 -0.0127886 2.60257e-05 -0.00812861 -0.0154237 -0.00812861 0.000104259)
(1.56904e-06 -0.0127941 -0.0154342 -0.0127941 3.26537e-05 -0.00811897 -0.0154342 -0.00811897 6.11024e-05)
(3.06566e-05 -0.0127868 -0.015425 -0.0127868 2.15505e-05 -0.00812777 -0.015425 -0.00812777 6.87167e-05)
(8.90007e-05 -0.0128031 -0.0154198 -0.0128031 3.42651e-05 -0.00813721 -0.0154198 -0.00813721 5.13604e-05)
(6.27965e-05 -0.0128034 -0.0154343 -0.0128034 4.78741e-05 -0.00813498 -0.0154343 -0.00813498 2.73543e-05)
(6.39999e-05 -0.012783 -0.0154287 -0.012783 3.61495e-05 -0.00814331 -0.0154287 -0.00814331 7.03729e-05)
(4.52349e-05 -0.0127897 -0.0154163 -0.0127897 2.60814e-05 -0.0081235 -0.0154163 -0.0081235 9.32682e-05)
(0.000103692 -0.0127962 -0.0154031 -0.0127962 3.00294e-05 -0.00813105 -0.0154031 -0.00813105 0.00010587)
(8.39381e-06 -0.012789 -0.015426 -0.012789 2.47958e-05 -0.00811934 -0.015426 -0.00811934 8.08765e-05)
(-0.00010476 -0.012822 -0.015456 -0.012822 7.52953e-05 -0.00811804 -0.015456 -0.00811804 6.65166e-05)
(9.32646e-05 -0.012805 -0.0154161 -0.012805 3.78876e-05 -0.00814011 -0.0154161 -0.00814011 5.72629e-05)
(7.98533e-05 -0.0127934 -0.0154128 -0.0127934 2.72396e-05 -0.00813127 -0.0154128 -0.00813127 6.88594e-05)
(1.945e-05 -0.0127869 -0.0154323 -0.0127869 2.06983e-05 -0.00812802 -0.0154323 -0.00812802 4.3926e-05)
(2.79278e-05 -0.0127888 -0.0154328 -0.0127888 2.28248e-05 -0.00812235 -0.0154328 -0.00812235 8.19939e-05)
(0.000108025 -0.0128114 -0.0154103 -0.0128114 4.96633e-05 -0.00814719 -0.0154103 -0.00814719 7.83194e-05)
(5.52069e-05 -0.0128017 -0.0154354 -0.0128017 3.65276e-05 -0.00813384 -0.0154354 -0.00813384 2.89418e-05)
(1.0508e-05 -0.0127975 -0.015432 -0.0127975 3.80206e-05 -0.00811174 -0.015432 -0.00811174 8.92898e-05)
(5.44774e-05 -0.0127943 -0.0154233 -0.0127943 2.46459e-05 -0.00812235 -0.0154233 -0.00812235 7.17667e-05)
(5.08427e-05 -0.0127919 -0.0154196 -0.0127919 2.47154e-05 -0.00812658 -0.0154196 -0.00812658 8.93145e-05)
(4.74857e-05 -0.0127953 -0.0154211 -0.0127953 3.26121e-05 -0.00812151 -0.0154211 -0.00812151 0.000118161)
(3.98032e-05 -0.0127892 -0.0154173 -0.0127892 2.27375e-05 -0.00812524 -0.0154173 -0.00812524 7.6158e-05)
(2.38637e-05 -0.0127887 -0.0154192 -0.0127887 2.66532e-05 -0.00812159 -0.0154192 -0.00812159 9.83459e-05)
(5.90944e-05 -0.0127998 -0.0154301 -0.0127998 3.6654e-05 -0.00813694 -0.0154301 -0.00813694 3.75087e-05)
(6.29462e-05 -0.0127936 -0.015418 -0.0127936 3.04355e-05 -0.00813724 -0.015418 -0.00813724 7.35908e-05)
(3.12443e-05 -0.0127899 -0.0154225 -0.0127899 2.56968e-05 -0.00812229 -0.0154225 -0.00812229 7.78804e-05)
(-2.21344e-05 -0.0128007 -0.0154433 -0.0128007 3.92415e-05 -0.00812106 -0.0154433 -0.00812106 5.90791e-05)
(3.93873e-05 -0.0127866 -0.0154287 -0.0127866 2.75798e-05 -0.00813635 -0.0154287 -0.00813635 4.48561e-05)
(6.81009e-05 -0.0127952 -0.015418 -0.0127952 2.56878e-05 -0.00813183 -0.015418 -0.00813183 6.05445e-05)
(-5.61647e-05 -0.0128018 -0.0154433 -0.0128018 5.40761e-05 -0.00810946 -0.0154433 -0.00810946 8.03877e-05)
(4.99943e-06 -0.0127935 -0.0154332 -0.0127935 2.88999e-05 -0.00811784 -0.0154332 -0.00811784 8.33172e-05)
(-8.81427e-06 -0.0128004 -0.0154415 -0.0128004 3.78433e-05 -0.00811912 -0.0154415 -0.00811912 6.36174e-05)
(3.92901e-05 -0.0127906 -0.0154314 -0.0127906 2.16179e-05 -0.00813092 -0.0154314 -0.00813092 3.57519e-05)
(-3.31858e-05 -0.0128042 -0.0154492 -0.0128042 5.25023e-05 -0.00812605 -0.0154492 -0.00812605 5.45213e-05)
(2.40047e-05 -0.0127923 -0.0154235 -0.0127923 2.95353e-05 -0.00812103 -0.0154235 -0.00812103 0.000112412)
(0.000100697 -0.0127994 -0.0154087 -0.0127994 3.28699e-05 -0.00813489 -0.0154087 -0.00813489 0.00011719)
(6.60312e-05 -0.0127933 -0.0154238 -0.0127933 2.99963e-05 -0.00812385 -0.0154238 -0.00812385 6.26326e-05)
(6.28925e-05 -0.0127909 -0.0154158 -0.0127909 2.78012e-05 -0.00812314 -0.0154158 -0.00812314 6.88247e-05)
(4.47535e-05 -0.0127925 -0.0154315 -0.0127925 2.742e-05 -0.00813345 -0.0154315 -0.00813345 3.23057e-05)
(2.67017e-05 -0.0127893 -0.0154312 -0.0127893 2.02939e-05 -0.00812805 -0.0154312 -0.00812805 4.2776e-05)
(6.92358e-05 -0.0128061 -0.0154243 -0.0128061 4.51947e-05 -0.00814221 -0.0154243 -0.00814221 4.09138e-05)
(-3.7579e-05 -0.012802 -0.01544 -0.012802 5.95286e-05 -0.00810353 -0.01544 -0.00810353 9.18407e-05)
(1.64728e-05 -0.0127902 -0.0154289 -0.0127902 2.70155e-05 -0.0081226 -0.0154289 -0.0081226 0.000103801)
(2.24437e-05 -0.012786 -0.0154277 -0.012786 1.97224e-05 -0.00812659 -0.0154277 -0.00812659 6.41359e-05)
(-9.33804e-05 -0.012811 -0.0154522 -0.012811 6.05661e-05 -0.00810428 -0.0154522 -0.00810428 8.82601e-05)
(4.89587e-05 -0.012796 -0.0154285 -0.012796 3.56718e-05 -0.00813784 -0.0154285 -0.00813784 3.59602e-05)
(8.5358e-05 -0.0127941 -0.0154387 -0.0127941 3.53351e-05 -0.00813083 -0.0154387 -0.00813083 5.8495e-05)
(-3.31658e-05 -0.012814 -0.0154577 -0.012814 6.77306e-05 -0.00813482 -0.0154577 -0.00813482 5.76602e-05)
(1.91284e-05 -0.0127894 -0.0154304 -0.0127894 2.18561e-05 -0.00812542 -0.0154304 -0.00812542 4.9351e-05)
(0.000101669 -0.0128003 -0.0154116 -0.0128003 3.00484e-05 -0.00813372 -0.0154116 -0.00813372 6.63707e-05)
(-5.94049e-06 -0.0127965 -0.0154401 -0.0127965 3.37126e-05 -0.00812537 -0.0154401 -0.00812537 4.99783e-05)
(2.14919e-05 -0.0127874 -0.0154302 -0.0127874 2.25513e-05 -0.00812437 -0.0154302 -0.00812437 8.55727e-05)
(9.30863e-05 -0.0128091 -0.0154163 -0.0128091 5.0577e-05 -0.00814635 -0.0154163 -0.00814635 6.79623e-05)
(3.00782e-05 -0.0127828 -0.015435 -0.0127828 1.70021e-05 -0.00812782 -0.015435 -0.00812782 4.20824e-05)
(4.22193e-06 -0.0127902 -0.0154342 -0.0127902 2.14698e-05 -0.00812278 -0.0154342 -0.00812278 4.83985e-05)
(-5.79722e-06 -0.0127914 -0.0154328 -0.0127914 2.70969e-05 -0.00811885 -0.0154328 -0.00811885 7.33101e-05)
(6.44249e-05 -0.0127908 -0.0154129 -0.0127908 2.61248e-05 -0.00812748 -0.0154129 -0.00812748 8.35259e-05)
(5.36461e-05 -0.0127945 -0.0154259 -0.0127945 2.48426e-05 -0.00813216 -0.0154259 -0.00813216 3.85012e-05)
(4.51731e-05 -0.0127923 -0.0154294 -0.0127923 2.84278e-05 -0.00813461 -0.0154294 -0.00813461 3.38437e-05)
(7.69156e-05 -0.0128141 -0.0154313 -0.0128141 6.82383e-05 -0.00813921 -0.0154313 -0.00813921 2.94006e-05)
(6.69751e-05 -0.0127954 -0.0154291 -0.0127954 2.44836e-05 -0.00813138 -0.0154291 -0.00813138 4.55504e-05)
(5.22417e-05 -0.012793 -0.0154223 -0.012793 2.85168e-05 -0.00813616 -0.0154223 -0.00813616 5.52772e-05)
(1.35759e-05 -0.0127856 -0.0154288 -0.0127856 2.0708e-05 -0.00812485 -0.0154288 -0.00812485 6.82288e-05)
(-2.36518e-05 -0.0127988 -0.0154361 -0.0127988 3.92411e-05 -0.00811072 -0.0154361 -0.00811072 0.000101469)
(4.94452e-05 -0.0127904 -0.0154187 -0.0127904 2.31037e-05 -0.00812733 -0.0154187 -0.00812733 7.47106e-05)
(7.46628e-05 -0.0128099 -0.0154256 -0.0128099 4.78013e-05 -0.00814079 -0.0154256 -0.00814079 3.51152e-05)
(3.39461e-05 -0.0127887 -0.0154244 -0.0127887 2.14852e-05 -0.00813089 -0.0154244 -0.00813089 5.3106e-05)
(7.88486e-06 -0.0127985 -0.0154458 -0.0127985 2.98099e-05 -0.00811405 -0.0154458 -0.00811405 8.32422e-05)
(5.25472e-05 -0.0127934 -0.0154291 -0.0127934 2.90686e-05 -0.00812549 -0.0154291 -0.00812549 5.81542e-05)
(0.000105103 -0.0128279 -0.0154152 -0.0128279 9.05714e-05 -0.00815447 -0.0154152 -0.00815447 5.87065e-05)
(3.9063e-05 -0.0127888 -0.0154206 -0.0127888 2.57476e-05 -0.00813475 -0.0154206 -0.00813475 6.46528e-05)
(-3.33295e-05 -0.0128019 -0.0154471 -0.0128019 4.66503e-05 -0.00813008 -0.0154471 -0.00813008 4.6742e-05)
(4.59421e-05 -0.0127914 -0.0154267 -0.0127914 2.58894e-05 -0.00812662 -0.0154267 -0.00812662 5.64579e-05)
(2.97591e-05 -0.0127903 -0.0154223 -0.0127903 2.59299e-05 -0.0081186 -0.0154223 -0.0081186 7.89268e-05)
(-3.4486e-05 -0.0128018 -0.0154445 -0.0128018 3.7499e-05 -0.0081122 -0.0154445 -0.0081122 7.98535e-05)
(3.44379e-05 -0.0127905 -0.015453 -0.0127905 2.87376e-05 -0.00813684 -0.015453 -0.00813684 5.31411e-05)
(8.22114e-05 -0.012803 -0.0154725 -0.012803 3.84445e-05 -0.00813672 -0.0154725 -0.00813672 6.37341e-05)
(3.97647e-05 -0.0127884 -0.0154275 -0.0127884 2.90928e-05 -0.00813694 -0.0154275 -0.00813694 4.39447e-05)
(3.44994e-05 -0.012782 -0.0154317 -0.012782 1.87932e-05 -0.00812924 -0.0154317 -0.00812924 5.3951e-05)
(-9.02302e-06 -0.0127912 -0.0154327 -0.0127912 2.82801e-05 -0.00811983 -0.0154327 -0.00811983 5.91224e-05)
(0.000123431 -0.0128217 -0.0154167 -0.0128217 6.41718e-05 -0.00814862 -0.0154167 -0.00814862 5.79679e-05)
(9.57592e-05 -0.0128036 -0.0154126 -0.0128036 3.87285e-05 -0.00814162 -0.0154126 -0.00814162 7.36551e-05)
(2.77733e-05 -0.0127881 -0.0154436 -0.0127881 3.09711e-05 -0.00813398 -0.0154436 -0.00813398 0.000128355)
(7.76028e-05 -0.0128043 -0.0154274 -0.0128043 3.49042e-05 -0.00813629 -0.0154274 -0.00813629 3.7475e-05)
(3.33191e-05 -0.0127932 -0.0154386 -0.0127932 2.41201e-05 -0.00813078 -0.0154386 -0.00813078 3.93917e-05)
(7.91813e-07 -0.0127889 -0.0154296 -0.0127889 2.40951e-05 -0.008121 -0.0154296 -0.008121 6.38402e-05)
(0.00012143 -0.0128012 -0.015441 -0.0128012 3.06772e-05 -0.00813532 -0.015441 -0.00813532 5.0202e-05)
(2.79827e-05 -0.0127905 -0.0154415 -0.0127905 2.23404e-05 -0.00813233 -0.0154415 -0.00813233 3.62341e-05)
(2.44788e-05 -0.0127818 -0.0154337 -0.0127818 1.79548e-05 -0.00812931 -0.0154337 -0.00812931 3.12175e-05)
(3.53539e-05 -0.0127925 -0.015446 -0.0127925 2.59978e-05 -0.00813436 -0.015446 -0.00813436 4.17276e-05)
(2.98426e-05 -0.0127883 -0.0154356 -0.0127883 2.4169e-05 -0.00813175 -0.0154356 -0.00813175 2.80512e-05)
(4.40207e-08 -0.0127931 -0.0154381 -0.0127931 2.49262e-05 -0.00812008 -0.0154381 -0.00812008 5.97291e-05)
(6.5566e-05 -0.0127958 -0.0154352 -0.0127958 2.47344e-05 -0.0081309 -0.0154352 -0.0081309 4.62925e-05)
(7.54604e-05 -0.0128062 -0.0154336 -0.0128062 3.97293e-05 -0.00813498 -0.0154336 -0.00813498 2.76754e-05)
(6.43129e-05 -0.0128052 -0.0154283 -0.0128052 5.05018e-05 -0.00814048 -0.0154283 -0.00814048 3.35882e-05)
(7.94239e-05 -0.0127981 -0.0154154 -0.0127981 3.26487e-05 -0.00813779 -0.0154154 -0.00813779 6.98574e-05)
(-2.86862e-05 -0.012796 -0.0154336 -0.012796 4.03619e-05 -0.00811195 -0.0154336 -0.00811195 8.05744e-05)
(2.52345e-05 -0.0127852 -0.0154246 -0.0127852 2.36277e-05 -0.00813356 -0.0154246 -0.00813356 5.91065e-05)
(2.90461e-05 -0.0127828 -0.015431 -0.0127828 2.10533e-05 -0.0081286 -0.015431 -0.0081286 6.16861e-05)
(4.29579e-05 -0.0127906 -0.0154232 -0.0127906 2.73711e-05 -0.00812412 -0.0154232 -0.00812412 6.91402e-05)
(8.5228e-05 -0.0127952 -0.0154163 -0.0127952 2.71225e-05 -0.00813102 -0.0154163 -0.00813102 5.74227e-05)
(8.62128e-05 -0.0128096 -0.0154184 -0.0128096 6.76625e-05 -0.0081532 -0.0154184 -0.0081532 7.13637e-05)
(9.94327e-05 -0.0127984 -0.0154142 -0.0127984 2.67183e-05 -0.00812982 -0.0154142 -0.00812982 6.71398e-05)
(1.20312e-05 -0.0127941 -0.0154288 -0.0127941 3.65196e-05 -0.00811408 -0.0154288 -0.00811408 8.34352e-05)
(1.7252e-05 -0.0127967 -0.0154426 -0.0127967 2.56721e-05 -0.00812464 -0.0154426 -0.00812464 4.01619e-05)
(2.09071e-05 -0.0127884 -0.0154363 -0.0127884 2.1247e-05 -0.00813046 -0.0154363 -0.00813046 3.83085e-05)
(9.45729e-05 -0.0128163 -0.0154288 -0.0128163 5.57013e-05 -0.00814085 -0.0154288 -0.00814085 3.55937e-05)
(3.38855e-05 -0.0127897 -0.015425 -0.0127897 2.18658e-05 -0.00812807 -0.015425 -0.00812807 4.4647e-05)
(-8.84638e-05 -0.0128318 -0.0154505 -0.0128318 6.98199e-05 -0.00812636 -0.0154505 -0.00812636 4.3792e-05)
(2.81761e-05 -0.0127867 -0.0154373 -0.0127867 2.07688e-05 -0.00812771 -0.0154373 -0.00812771 4.60246e-05)
(0.000177164 -0.0128005 -0.015397 -0.0128005 2.9489e-05 -0.00812751 -0.015397 -0.00812751 7.66746e-05)
(7.61261e-05 -0.0127962 -0.0154124 -0.0127962 2.99644e-05 -0.00813511 -0.0154124 -0.00813511 7.8327e-05)
(1.18979e-05 -0.0127899 -0.01543 -0.0127899 2.64494e-05 -0.00812133 -0.01543 -0.00812133 9.84843e-05)
(6.7418e-05 -0.0128014 -0.0154235 -0.0128014 3.61907e-05 -0.00813858 -0.0154235 -0.00813858 4.522e-05)
(1.06372e-06 -0.0127917 -0.0154411 -0.0127917 2.67566e-05 -0.00812969 -0.0154411 -0.00812969 4.28442e-05)
(-0.000160343 -0.0128203 -0.0154563 -0.0128203 8.73661e-05 -0.00810549 -0.0154563 -0.00810549 8.73546e-05)
(2.35544e-05 -0.0127873 -0.0154228 -0.0127873 2.35013e-05 -0.00812464 -0.0154228 -0.00812464 7.01651e-05)
(9.41893e-05 -0.01281 -0.0154157 -0.01281 5.66192e-05 -0.00814949 -0.0154157 -0.00814949 7.15763e-05)
(9.18249e-05 -0.0127933 -0.0154105 -0.0127933 2.99959e-05 -0.00812186 -0.0154105 -0.00812186 8.54148e-05)
(-8.43785e-08 -0.0127896 -0.0154329 -0.0127896 2.42058e-05 -0.00812047 -0.0154329 -0.00812047 6.42958e-05)
(1.89859e-06 -0.0127915 -0.0154361 -0.0127915 2.55342e-05 -0.00812181 -0.0154361 -0.00812181 6.33855e-05)
(0.000127828 -0.0128143 -0.0154103 -0.0128143 5.74182e-05 -0.00814867 -0.0154103 -0.00814867 8.31617e-05)
(8.76686e-06 -0.012793 -0.0154343 -0.012793 2.67907e-05 -0.00811742 -0.0154343 -0.00811742 9.28195e-05)
(3.95481e-05 -0.0127878 -0.0154176 -0.0127878 2.39644e-05 -0.00813022 -0.0154176 -0.00813022 7.93091e-05)
(4.57472e-05 -0.0127922 -0.0154377 -0.0127922 2.52047e-05 -0.00813337 -0.0154377 -0.00813337 3.81775e-05)
(6.25992e-07 -0.0127955 -0.0154386 -0.0127955 3.3179e-05 -0.00812346 -0.0154386 -0.00812346 5.65045e-05)
(0.000100338 -0.0128127 -0.0154214 -0.0128127 5.17354e-05 -0.00814384 -0.0154214 -0.00814384 4.92605e-05)
(2.70862e-05 -0.0127874 -0.0154428 -0.0127874 2.20088e-05 -0.00813176 -0.0154428 -0.00813176 3.62451e-05)
(4.43231e-05 -0.0127931 -0.0154296 -0.0127931 2.99939e-05 -0.00813511 -0.0154296 -0.00813511 3.36984e-05)
(7.9301e-05 -0.0128022 -0.0154261 -0.0128022 3.58714e-05 -0.00813771 -0.0154261 -0.00813771 4.1858e-05)
(7.95991e-05 -0.0128015 -0.0154238 -0.0128015 5.79593e-05 -0.00814874 -0.0154238 -0.00814874 5.50469e-05)
(2.40442e-05 -0.0127877 -0.0154286 -0.0127877 2.06454e-05 -0.0081265 -0.0154286 -0.0081265 5.41348e-05)
(-6.7777e-06 -0.0127935 -0.0154337 -0.0127935 2.91443e-05 -0.00811881 -0.0154337 -0.00811881 6.27672e-05)
(1.24491e-05 -0.0127873 -0.0154271 -0.0127873 2.48888e-05 -0.00812534 -0.0154271 -0.00812534 0.000100264)
(-3.27579e-05 -0.0128056 -0.0154481 -0.0128056 4.11092e-05 -0.00810921 -0.0154481 -0.00810921 9.81307e-05)
(9.74453e-05 -0.0128016 -0.0154283 -0.0128016 2.94181e-05 -0.00813444 -0.0154283 -0.00813444 4.47328e-05)
(4.73518e-05 -0.0127918 -0.015433 -0.0127918 2.37149e-05 -0.00813115 -0.015433 -0.00813115 4.23037e-05)
(1.17423e-05 -0.0127885 -0.0154347 -0.0127885 2.18624e-05 -0.00812706 -0.0154347 -0.00812706 4.45518e-05)
(7.04689e-05 -0.0127937 -0.0154137 -0.0127937 2.76865e-05 -0.00813303 -0.0154137 -0.00813303 7.75125e-05)
(4.25942e-05 -0.0127905 -0.0154196 -0.0127905 2.92233e-05 -0.00811938 -0.0154196 -0.00811938 7.6328e-05)
(1.82469e-05 -0.0127827 -0.0154257 -0.0127827 2.31361e-05 -0.00813093 -0.0154257 -0.00813093 7.27617e-05)
(1.74053e-05 -0.0127905 -0.0154337 -0.0127905 2.45013e-05 -0.008127 -0.0154337 -0.008127 4.62841e-05)
(0.000102838 -0.0128074 -0.015428 -0.0128074 3.14508e-05 -0.00813412 -0.015428 -0.00813412 3.95449e-05)
(6.58286e-05 -0.0128018 -0.0154294 -0.0128018 4.22443e-05 -0.00813808 -0.0154294 -0.00813808 3.36289e-05)
(-1.36631e-06 -0.0127964 -0.0154398 -0.0127964 2.97145e-05 -0.00812349 -0.0154398 -0.00812349 5.34136e-05)
(-4.35961e-05 -0.0128057 -0.0154454 -0.0128057 4.42697e-05 -0.00811204 -0.0154454 -0.00811204 7.9328e-05)
(4.29693e-05 -0.012791 -0.0154243 -0.012791 2.66779e-05 -0.00813516 -0.0154243 -0.00813516 4.91625e-05)
(6.0808e-05 -0.0127976 -0.0154417 -0.0127976 2.58898e-05 -0.00813368 -0.0154417 -0.00813368 3.24166e-05)
(5.91903e-05 -0.0127944 -0.0154254 -0.0127944 2.34528e-05 -0.00812956 -0.0154254 -0.00812956 4.55798e-05)
(-0.000126805 -0.0128265 -0.0154548 -0.0128265 8.68059e-05 -0.00811647 -0.0154548 -0.00811647 6.95805e-05)
(-8.81155e-05 -0.0128158 -0.0154528 -0.0128158 7.2561e-05 -0.00812152 -0.0154528 -0.00812152 5.86926e-05)
(5.50532e-05 -0.012801 -0.015435 -0.012801 5.43474e-05 -0.00813143 -0.015435 -0.00813143 2.52992e-05)
(3.43857e-05 -0.0127897 -0.0154254 -0.0127897 2.09747e-05 -0.0081263 -0.0154254 -0.0081263 5.45622e-05)
(4.82474e-05 -0.0127932 -0.0154291 -0.0127932 2.45871e-05 -0.00813277 -0.0154291 -0.00813277 3.79616e-05)
(0.000115682 -0.0128129 -0.0154193 -0.0128129 4.16684e-05 -0.00813909 -0.0154193 -0.00813909 4.78483e-05)
(4.54535e-05 -0.0127913 -0.0154223 -0.0127913 2.33922e-05 -0.0081243 -0.0154223 -0.0081243 6.55689e-05)
(-0.000140618 -0.012839 -0.0154533 -0.012839 8.8122e-05 -0.00811815 -0.0154533 -0.00811815 6.448e-05)
(-4.68886e-05 -0.0128096 -0.0154519 -0.0128096 6.10794e-05 -0.00812455 -0.0154519 -0.00812455 5.96525e-05)
(4.09641e-05 -0.0127938 -0.0154367 -0.0127938 2.63863e-05 -0.00813308 -0.0154367 -0.00813308 2.98383e-05)
(6.41191e-05 -0.012799 -0.0154262 -0.012799 6.17322e-05 -0.00815007 -0.0154262 -0.00815007 5.22433e-05)
(3.68804e-05 -0.0127889 -0.0154213 -0.0127889 2.2587e-05 -0.0081241 -0.0154213 -0.0081241 7.09671e-05)
(6.7681e-05 -0.0127923 -0.0154185 -0.0127923 2.3881e-05 -0.00812693 -0.0154185 -0.00812693 6.51117e-05)
(1.19322e-05 -0.0127875 -0.015431 -0.0127875 1.99191e-05 -0.00812206 -0.015431 -0.00812206 7.09961e-05)
(4.1035e-05 -0.0127913 -0.0154213 -0.0127913 2.70965e-05 -0.00812032 -0.0154213 -0.00812032 7.71314e-05)
(9.15558e-05 -0.0128028 -0.0154148 -0.0128028 3.69247e-05 -0.00814 -0.0154148 -0.00814 6.48338e-05)
(-1.49695e-06 -0.0127951 -0.0154414 -0.0127951 2.55798e-05 -0.0081223 -0.0154414 -0.0081223 4.863e-05)
(8.0302e-05 -0.012798 -0.015417 -0.012798 3.0591e-05 -0.00813592 -0.015417 -0.00813592 5.87714e-05)
(2.26156e-05 -0.0127886 -0.0154306 -0.0127886 2.0483e-05 -0.00812939 -0.0154306 -0.00812939 3.4327e-05)
(-2.50672e-05 -0.0128056 -0.0154471 -0.0128056 3.66641e-05 -0.00811965 -0.0154471 -0.00811965 4.91124e-05)
(6.16659e-05 -0.012793 -0.0154295 -0.012793 3.70811e-05 -0.00813816 -0.0154295 -0.00813816 4.13963e-05)
(8.85798e-05 -0.0128129 -0.0154252 -0.0128129 7.44864e-05 -0.00814801 -0.0154252 -0.00814801 4.1123e-05)
(8.23632e-05 -0.0128034 -0.0154146 -0.0128034 3.95179e-05 -0.00814248 -0.0154146 -0.00814248 6.76129e-05)
(7.16725e-05 -0.0127994 -0.0154168 -0.0127994 3.43379e-05 -0.00813952 -0.0154168 -0.00813952 6.34428e-05)
(5.98912e-06 -0.0127921 -0.015436 -0.0127921 2.76545e-05 -0.00811902 -0.015436 -0.00811902 9.80052e-05)
(-2.84115e-05 -0.0128033 -0.0154461 -0.0128033 4.43798e-05 -0.00812802 -0.0154461 -0.00812802 4.64762e-05)
(-7.96963e-05 -0.0128068 -0.0154461 -0.0128068 6.56938e-05 -0.00810634 -0.0154461 -0.00810634 9.03242e-05)
(5.4816e-05 -0.0127908 -0.0154178 -0.0127908 2.62244e-05 -0.00813299 -0.0154178 -0.00813299 7.06255e-05)
(-6.12394e-06 -0.0127917 -0.0154376 -0.0127917 2.48798e-05 -0.00812449 -0.0154376 -0.00812449 4.53999e-05)
(-1.62628e-05 -0.0127933 -0.0154351 -0.0127933 2.9933e-05 -0.0081188 -0.0154351 -0.0081188 6.33892e-05)
(5.09234e-05 -0.0127955 -0.0154498 -0.0127955 2.83257e-05 -0.0081329 -0.0154498 -0.0081329 4.22646e-05)
(7.72197e-05 -0.0127969 -0.0154199 -0.0127969 2.68546e-05 -0.00813252 -0.0154199 -0.00813252 5.85784e-05)
(-4.02811e-05 -0.0127978 -0.0154381 -0.0127978 4.85656e-05 -0.0081134 -0.0154381 -0.0081134 7.30609e-05)
(6.54427e-05 -0.0128038 -0.0154239 -0.0128038 5.2705e-05 -0.00814651 -0.0154239 -0.00814651 4.94006e-05)
(0.00010158 -0.0128384 -0.0154274 -0.0128384 0.000111972 -0.00814954 -0.0154274 -0.00814954 3.32014e-05)
(5.24034e-05 -0.0127948 -0.0154435 -0.0127948 4.04313e-05 -0.00812861 -0.0154435 -0.00812861 3.38066e-05)
(-4.87307e-05 -0.012817 -0.015449 -0.012817 5.28756e-05 -0.00812718 -0.015449 -0.00812718 4.61363e-05)
(-2.48156e-05 -0.0128013 -0.0154446 -0.0128013 4.8819e-05 -0.00812537 -0.0154446 -0.00812537 5.68953e-05)
(3.56204e-05 -0.0127937 -0.0154405 -0.0127937 3.38707e-05 -0.00812879 -0.0154405 -0.00812879 5.68963e-05)
