/*--------------------------------*- C++ -*----------------------------------*\
  =========                 |
  \\      /  F ield         | OpenFOAM: The Open Source CFD Toolbox
   \\    /   O peration     | Website:  https://openfoam.org
    \\  /    A nd           | Version:  10
     \\/     M anipulation  |
\*---------------------------------------------------------------------------*/
FoamFile
{
    format      ascii;
    class       volTensorField;
    location    "7.5";
    object      TauNN;
}
// * * * * * * * * * * * * * * * * * * * * * * * * * * * * * * * * * * * * * //

dimensions      [0 2 -2 0 0 0 0];

internalField   nonuniform List<tensor> 
25600
(
(0.00139239 -0.0129632 -0.0151652 -0.0129632 0.000162692 -0.00814288 -0.0151652 -0.00814288 0.000119203)
(0.00137207 -0.0129572 -0.0151725 -0.0129572 0.000162354 -0.00813927 -0.0151725 -0.00813927 0.000120596)
(0.0014137 -0.0129633 -0.0151561 -0.0129633 0.000160007 -0.0081425 -0.0151561 -0.0081425 0.000119959)
(0.00143522 -0.012971 -0.0151481 -0.012971 0.000160668 -0.00814715 -0.0151481 -0.00814715 0.000117622)
(0.00142954 -0.0129721 -0.0151507 -0.0129721 0.000161792 -0.00814797 -0.0151507 -0.00814797 0.000117008)
(0.0013899 -0.0129641 -0.015165 -0.0129641 0.000163097 -0.00814352 -0.015165 -0.00814352 0.000118724)
(0.0013752 -0.0129577 -0.015171 -0.0129577 0.000162169 -0.00813956 -0.015171 -0.00813956 0.000120489)
(0.00140777 -0.0129621 -0.0151585 -0.0129621 0.000160198 -0.00814179 -0.0151585 -0.00814179 0.000120246)
(0.00144015 -0.0129713 -0.0151463 -0.0129713 0.000160285 -0.00814728 -0.0151463 -0.00814728 0.000117515)
(0.0014366 -0.0129727 -0.015148 -0.0129727 0.000161298 -0.00814826 -0.015148 -0.00814826 0.000116714)
(0.00139581 -0.0129651 -0.0151627 -0.0129651 0.000162867 -0.00814412 -0.0151627 -0.00814412 0.00011835)
(0.0013727 -0.0129576 -0.0151708 -0.0129576 0.000162289 -0.0081396 -0.0151708 -0.0081396 0.000120128)
(0.00140981 -0.0129625 -0.0151575 -0.0129625 0.00016005 -0.00814201 -0.0151575 -0.00814201 0.000120241)
(0.00143773 -0.0129715 -0.0151471 -0.0129715 0.000160553 -0.00814741 -0.0151471 -0.00814741 0.000117479)
(0.00143517 -0.0129735 -0.0151479 -0.0129735 0.000161612 -0.00814883 -0.0151479 -0.00814883 0.000116271)
(0.00139815 -0.0129655 -0.0151612 -0.0129655 0.000162709 -0.00814439 -0.0151612 -0.00814439 0.000118025)
(0.00137352 -0.0129574 -0.015171 -0.0129574 0.000162135 -0.00813941 -0.015171 -0.00813941 0.000120375)
(0.00141861 -0.0129634 -0.0151542 -0.0129634 0.000159462 -0.00814245 -0.0151542 -0.00814245 0.000120097)
(0.00144076 -0.0129721 -0.0151457 -0.0129721 0.00016046 -0.00814779 -0.0151457 -0.00814779 0.000117131)
(0.00143441 -0.0129734 -0.0151483 -0.0129734 0.000161677 -0.00814879 -0.0151483 -0.00814879 0.000116368)
(0.00139292 -0.0129651 -0.0151633 -0.0129651 0.000163074 -0.00814415 -0.0151633 -0.00814415 0.000118321)
(0.00137409 -0.012958 -0.0151705 -0.012958 0.000162288 -0.00813982 -0.0151705 -0.00813982 0.000120239)
(0.00141709 -0.0129641 -0.0151543 -0.0129641 0.00015988 -0.00814299 -0.0151543 -0.00814299 0.000119693)
(0.00143648 -0.0129719 -0.0151474 -0.0129719 0.000160827 -0.00814773 -0.0151474 -0.00814773 0.000117247)
(0.00142702 -0.0129726 -0.015151 -0.0129726 0.000162143 -0.00814837 -0.015151 -0.00814837 0.000116632)
(0.00138722 -0.0129639 -0.0151655 -0.0129639 0.000163245 -0.00814346 -0.0151655 -0.00814346 0.000118615)
(0.00137872 -0.0129577 -0.0151697 -0.0129577 0.000161796 -0.00813951 -0.0151697 -0.00813951 0.000120575)
(0.0014141 -0.0129627 -0.0151563 -0.0129627 0.000159759 -0.00814207 -0.0151563 -0.00814207 0.000120242)
(0.00143637 -0.0129714 -0.0151474 -0.0129714 0.000160663 -0.00814741 -0.0151474 -0.00814741 0.000117379)
(0.0014328 -0.0129736 -0.0151487 -0.0129736 0.000161831 -0.00814891 -0.0151487 -0.00814891 0.000116336)
(0.00139386 -0.0129648 -0.0151633 -0.0129648 0.000162957 -0.00814399 -0.0151633 -0.00814399 0.000118388)
(0.0013742 -0.0129572 -0.0151716 -0.0129572 0.000162169 -0.00813927 -0.0151716 -0.00813927 0.000120439)
(0.0014066 -0.0129623 -0.0151587 -0.0129623 0.000160395 -0.00814198 -0.0151587 -0.00814198 0.000120106)
(0.00143365 -0.0129714 -0.0151482 -0.0129714 0.000160853 -0.00814742 -0.0151482 -0.00814742 0.000117499)
(0.00143126 -0.012973 -0.0151499 -0.012973 0.00016181 -0.00814847 -0.0151499 -0.00814847 0.000116916)
(0.00138612 -0.0129641 -0.0151667 -0.0129641 0.000163537 -0.00814358 -0.0151667 -0.00814358 0.000118795)
(0.00136704 -0.0129573 -0.0151736 -0.0129573 0.000162881 -0.00813948 -0.0151736 -0.00813948 0.000120193)
(0.00140963 -0.0129632 -0.0151575 -0.0129632 0.0001604 -0.00814252 -0.0151575 -0.00814252 0.000119898)
(0.00143509 -0.0129704 -0.0151486 -0.0129704 0.000160481 -0.0081467 -0.0151486 -0.0081467 0.000118084)
(0.00143328 -0.012971 -0.0151504 -0.012971 0.00016122 -0.00814722 -0.0151504 -0.00814722 0.000117642)
(0.000102494 -0.0128083 -0.0154224 -0.0128083 7.30366e-05 -0.0081533 -0.0154224 -0.0081533 6.3114e-05)
(0.000372015 -0.0128498 -0.0154283 -0.0128498 0.000133541 -0.00814431 -0.0154283 -0.00814431 3.28874e-05)
(0.000451606 -0.0128556 -0.0154285 -0.0128556 0.000127669 -0.00814279 -0.0154285 -0.00814279 3.28501e-05)
(0.000273668 -0.0128446 -0.0154176 -0.0128446 0.000131523 -0.00814532 -0.0154176 -0.00814532 4.20576e-05)
(0.000113409 -0.0128114 -0.0154171 -0.0128114 7.63775e-05 -0.00815192 -0.0154171 -0.00815192 7.19896e-05)
(7.86172e-05 -0.0128001 -0.0154229 -0.0128001 4.21136e-05 -0.00814405 -0.0154229 -0.00814405 6.93128e-05)
(0.000290968 -0.0128437 -0.0154248 -0.0128437 0.000136878 -0.00814653 -0.0154248 -0.00814653 3.52455e-05)
(0.00053321 -0.0128586 -0.01543 -0.0128586 0.000124463 -0.00814245 -0.01543 -0.00814245 3.42371e-05)
(0.000243769 -0.012844 -0.0154147 -0.012844 0.000132234 -0.008146 -0.0154147 -0.008146 4.6028e-05)
(7.93654e-05 -0.0127992 -0.0154194 -0.0127992 3.27487e-05 -0.00813689 -0.0154194 -0.00813689 8.72088e-05)
(1.49837e-05 -0.0128009 -0.0154351 -0.0128009 3.56096e-05 -0.00811013 -0.0154351 -0.00811013 8.2371e-05)
(0.000143006 -0.0128253 -0.015417 -0.0128253 0.000120088 -0.00815497 -0.015417 -0.00815497 5.37525e-05)
(0.000539112 -0.0128586 -0.015431 -0.0128586 0.000124415 -0.00814243 -0.015431 -0.00814243 3.39374e-05)
(0.000246123 -0.012845 -0.0154156 -0.012845 0.000132629 -0.00814615 -0.0154156 -0.00814615 4.49897e-05)
(5.55597e-05 -0.0127971 -0.0154238 -0.0127971 2.67972e-05 -0.00811968 -0.0154238 -0.00811968 9.16081e-05)
(1.45314e-05 -0.0128006 -0.0154348 -0.0128006 3.50453e-05 -0.00811016 -0.0154348 -0.00811016 8.52591e-05)
(0.000184569 -0.0128328 -0.0154181 -0.0128328 0.000133195 -0.0081516 -0.0154181 -0.0081516 4.4595e-05)
(0.000465436 -0.0128568 -0.0154291 -0.0128568 0.000127852 -0.00814291 -0.0154291 -0.00814291 3.35429e-05)
(0.000181318 -0.0128352 -0.0154089 -0.0128352 0.000128783 -0.00814883 -0.0154089 -0.00814883 5.6184e-05)
(5.51076e-05 -0.0127962 -0.0154236 -0.0127962 2.52657e-05 -0.00812167 -0.0154236 -0.00812167 8.63284e-05)
(3.64888e-05 -0.0127952 -0.015427 -0.0127952 2.54188e-05 -0.00811823 -0.015427 -0.00811823 7.76721e-05)
(0.000235559 -0.0128402 -0.0154211 -0.0128402 0.00013775 -0.00814875 -0.0154211 -0.00814875 3.97941e-05)
(0.000402402 -0.0128541 -0.0154269 -0.0128541 0.000130439 -0.00814349 -0.0154269 -0.00814349 3.40291e-05)
(0.000192719 -0.0128352 -0.0154109 -0.0128352 0.000128682 -0.00814828 -0.0154109 -0.00814828 5.22778e-05)
(9.97005e-05 -0.012806 -0.015419 -0.012806 5.72097e-05 -0.00814901 -0.015419 -0.00814901 7.96364e-05)
(7.79408e-05 -0.0128 -0.0154228 -0.0128 4.08549e-05 -0.00814336 -0.0154228 -0.00814336 7.03685e-05)
(0.000346581 -0.0128477 -0.0154271 -0.0128477 0.000134755 -0.00814491 -0.0154271 -0.00814491 3.37106e-05)
(0.000453588 -0.0128556 -0.0154286 -0.0128556 0.000127921 -0.00814276 -0.0154286 -0.00814276 3.29166e-05)
(0.000206149 -0.0128392 -0.0154112 -0.0128392 0.000130812 -0.00814733 -0.0154112 -0.00814733 5.11171e-05)
(7.64397e-05 -0.0127986 -0.0154202 -0.0127986 3.08853e-05 -0.00813491 -0.0154202 -0.00813491 8.52762e-05)
(8.06124e-05 -0.0127994 -0.0154232 -0.0127994 4.29268e-05 -0.0081449 -0.0154232 -0.0081449 7.47833e-05)
(0.000296875 -0.0128437 -0.0154235 -0.0128437 0.000136584 -0.00814614 -0.0154235 -0.00814614 3.71915e-05)
(0.000458818 -0.0128559 -0.0154288 -0.0128559 0.000127437 -0.00814277 -0.0154288 -0.00814277 3.28369e-05)
(0.00024361 -0.0128434 -0.0154166 -0.0128434 0.000131624 -0.00814642 -0.0154166 -0.00814642 4.29841e-05)
(0.000104154 -0.0128081 -0.0154196 -0.0128081 6.4729e-05 -0.00814945 -0.0154196 -0.00814945 6.93737e-05)
(0.000140312 -0.0128167 -0.0154186 -0.0128167 0.000108196 -0.00815373 -0.0154186 -0.00815373 5.43439e-05)
(0.000413922 -0.0128514 -0.0154284 -0.0128514 0.000131562 -0.00814333 -0.0154284 -0.00814333 3.36906e-05)
(0.000519279 -0.0128578 -0.0154299 -0.0128578 0.000124007 -0.0081424 -0.0154299 -0.0081424 3.29244e-05)
(0.00036347 -0.012851 -0.0154249 -0.012851 0.000128158 -0.00814396 -0.0154249 -0.00814396 3.40932e-05)
(0.000155783 -0.0128219 -0.0154142 -0.0128219 0.00011397 -0.00815146 -0.0154142 -0.00815146 5.48516e-05)
(0.000482563 -0.0128656 -0.0152778 -0.0128656 9.88248e-05 -0.00813055 -0.0152778 -0.00813055 0.000111358)
(-0.000152679 -0.0128416 -0.0154226 -0.0128416 0.000113494 -0.00810767 -0.0154226 -0.00810767 9.13942e-05)
(3.85419e-05 -0.0127945 -0.0154203 -0.0127945 3.44846e-05 -0.00811213 -0.0154203 -0.00811213 9.18991e-05)
(6.928e-05 -0.0127949 -0.0154138 -0.0127949 3.1858e-05 -0.00811724 -0.0154138 -0.00811724 0.000106398)
(-0.000126535 -0.0128302 -0.0154496 -0.0128302 0.00010594 -0.00809967 -0.0154496 -0.00809967 8.47643e-05)
(0.000464689 -0.012865 -0.0152826 -0.012865 9.89657e-05 -0.0081295 -0.0152826 -0.0081295 0.000110368)
(-9.52661e-05 -0.0128473 -0.0154003 -0.0128473 0.000114133 -0.00811103 -0.0154003 -0.00811103 9.60876e-05)
(2.11195e-05 -0.0127974 -0.0154269 -0.0127974 4.06587e-05 -0.00810901 -0.0154269 -0.00810901 9.08195e-05)
(0.000100878 -0.0127995 -0.0154069 -0.0127995 3.2617e-05 -0.00813491 -0.0154069 -0.00813491 0.00010777)
(-0.000149926 -0.0128229 -0.0154672 -0.0128229 0.000100155 -0.00809514 -0.0154672 -0.00809514 8.53781e-05)
(0.000491951 -0.0128662 -0.0152763 -0.0128662 9.7725e-05 -0.00813026 -0.0152763 -0.00813026 0.000110616)
(0.000192005 -0.0128597 -0.0153309 -0.0128597 0.000108512 -0.00812194 -0.0153309 -0.00812194 0.000106696)
(4.61235e-07 -0.0127997 -0.0154318 -0.0127997 4.50366e-05 -0.00810764 -0.0154318 -0.00810764 8.95661e-05)
(0.000107679 -0.0128023 -0.0154062 -0.0128023 3.63916e-05 -0.00813997 -0.0154062 -0.00813997 0.000108294)
(-0.000145886 -0.0128259 -0.0154635 -0.0128259 0.000103646 -0.00809614 -0.0154635 -0.00809614 8.30358e-05)
(0.000477553 -0.012866 -0.0152792 -0.012866 9.85885e-05 -0.00812961 -0.0152792 -0.00812961 0.00010989)
(0.000124157 -0.0128571 -0.0153458 -0.0128571 0.000111112 -0.00812013 -0.0153458 -0.00812013 0.000104791)
(4.35784e-05 -0.012794 -0.0154188 -0.012794 3.16141e-05 -0.00811433 -0.0154188 -0.00811433 9.1244e-05)
(9.90691e-05 -0.0127979 -0.015407 -0.0127979 3.16569e-05 -0.00812979 -0.015407 -0.00812979 0.000112732)
(-0.000100757 -0.012831 -0.0154458 -0.012831 0.000106168 -0.00810011 -0.0154458 -0.00810011 8.43665e-05)
(0.000549587 -0.0128683 -0.0152603 -0.0128683 9.92546e-05 -0.00813369 -0.0152603 -0.00813369 0.000112799)
(2.81475e-06 -0.0128515 -0.0153758 -0.0128515 0.000113364 -0.00811499 -0.0153758 -0.00811499 0.000100134)
(4.80281e-05 -0.0127939 -0.0154176 -0.0127939 3.15841e-05 -0.00811437 -0.0154176 -0.00811437 9.40688e-05)
(4.13983e-05 -0.0127986 -0.0154255 -0.0127986 4.34439e-05 -0.00810767 -0.0154255 -0.00810767 0.000105844)
(-4.40086e-05 -0.0128345 -0.0154302 -0.0128345 0.000106501 -0.00810309 -0.0154302 -0.00810309 8.63037e-05)
(0.000469134 -0.0128655 -0.0152801 -0.0128655 9.96414e-05 -0.00813006 -0.0152801 -0.00813006 0.000110982)
(-0.000190808 -0.0128385 -0.0154361 -0.0128385 0.000112116 -0.00810503 -0.0154361 -0.00810503 8.88928e-05)
(2.54895e-05 -0.0127974 -0.0154258 -0.0127974 4.15091e-05 -0.00810842 -0.0154258 -0.00810842 9.34943e-05)
(8.14476e-05 -0.0127955 -0.0154114 -0.0127955 3.12259e-05 -0.0081192 -0.0154114 -0.0081192 0.000107677)
(-0.000137281 -0.0128289 -0.0154525 -0.0128289 0.000106514 -0.00809906 -0.0154525 -0.00809906 8.41078e-05)
(0.000402128 -0.0128637 -0.0152953 -0.0128637 0.000100215 -0.00812688 -0.0152953 -0.00812688 0.000108718)
(-7.70991e-05 -0.0128479 -0.0153977 -0.0128479 0.000112306 -0.00811092 -0.0153977 -0.00811092 9.65407e-05)
(6.87869e-07 -0.0128002 -0.015433 -0.0128002 4.91604e-05 -0.00810572 -0.015433 -0.00810572 9.2552e-05)
(6.19207e-05 -0.0127952 -0.0154166 -0.0127952 3.49626e-05 -0.008113 -0.0154166 -0.008113 0.000104406)
(-7.95601e-05 -0.0128343 -0.0154323 -0.0128343 0.000108029 -0.00810339 -0.0154323 -0.00810339 8.7167e-05)
(0.000381145 -0.012863 -0.015299 -0.012863 0.000101541 -0.00812668 -0.015299 -0.00812668 0.000108934)
(-0.000178407 -0.0128383 -0.0154342 -0.0128383 0.000112312 -0.00810559 -0.0154342 -0.00810559 8.89217e-05)
(4.74863e-05 -0.0127934 -0.0154176 -0.0127934 3.03313e-05 -0.00811553 -0.0154176 -0.00811553 9.2624e-05)
(5.88175e-05 -0.0127954 -0.015418 -0.0127954 3.37702e-05 -0.00811324 -0.015418 -0.00811324 0.000101666)
(-9.34102e-05 -0.0128331 -0.0154381 -0.0128331 0.000107 -0.00810236 -0.0154381 -0.00810236 8.64187e-05)
(1.76129e-05 -0.0128455 -0.0153933 -0.0128455 0.000106718 -0.00811123 -0.0153933 -0.00811123 9.56381e-05)
(5.56554e-05 -0.0128522 -0.0153658 -0.0128522 0.000110966 -0.00811703 -0.0153658 -0.00811703 0.000101728)
(-0.000174646 -0.0128229 -0.0154591 -0.0128229 9.9742e-05 -0.00810072 -0.0154591 -0.00810072 8.57987e-05)
(3.34792e-05 -0.0127992 -0.0154279 -0.0127992 4.62745e-05 -0.0081064 -0.0154279 -0.0081064 0.000101027)
(-2.33308e-05 -0.0128099 -0.0154524 -0.0128099 7.35321e-05 -0.008098 -0.0154524 -0.008098 9.64063e-05)
(-3.26525e-05 -0.0128413 -0.0154099 -0.0128413 0.000106739 -0.0081079 -0.0154099 -0.0081079 9.25198e-05)
(3.16627e-05 -0.0128526 -0.0153683 -0.0128526 0.00011096 -0.00811607 -0.0153683 -0.00811607 0.000101699)
(-0.000194046 -0.0128276 -0.0154543 -0.0128276 0.000106903 -0.0081023 -0.0154543 -0.0081023 8.55219e-05)
(5.44194e-05 -0.0127952 -0.015418 -0.0127952 3.52676e-05 -0.00811315 -0.015418 -0.00811315 0.0001028)
(8.66358e-05 -0.0127999 -0.0154187 -0.0127999 3.56651e-05 -0.00811493 -0.0154187 -0.00811493 0.000108235)
(-0.000163557 -0.0128255 -0.0154618 -0.0128255 9.90633e-05 -0.00809826 -0.0154618 -0.00809826 8.60801e-05)
(6.00887e-05 -0.0128541 -0.0153602 -0.0128541 0.000110798 -0.00811756 -0.0153602 -0.00811756 0.000103073)
(-0.000184455 -0.0128341 -0.01544 -0.0128341 0.000113548 -0.00810474 -0.01544 -0.00810474 8.80675e-05)
(6.74664e-05 -0.0127937 -0.015412 -0.0127937 3.19469e-05 -0.00811768 -0.015412 -0.00811768 0.000104446)
(9.32081e-05 -0.0128006 -0.0154179 -0.0128006 3.60771e-05 -0.00811652 -0.0154179 -0.00811652 0.000111544)
(-0.000174875 -0.0128308 -0.0154542 -0.0128308 0.000104396 -0.00809917 -0.0154542 -0.00809917 8.63801e-05)
(0.000142768 -0.0128564 -0.0153427 -0.0128564 0.00011033 -0.00812061 -0.0153427 -0.00812061 0.000105253)
(-0.000201029 -0.0128278 -0.0154551 -0.0128278 0.000107378 -0.00810164 -0.0154551 -0.00810164 8.59798e-05)
(7.03703e-05 -0.0127964 -0.0154158 -0.0127964 3.57362e-05 -0.00811392 -0.0154158 -0.00811392 0.000107365)
(6.50969e-05 -0.0128026 -0.0154301 -0.0128026 4.75345e-05 -0.00810617 -0.0154301 -0.00810617 0.000105425)
(-0.000105902 -0.0128381 -0.015426 -0.0128381 0.000107974 -0.00810501 -0.015426 -0.00810501 9.02287e-05)
(0.000106197 -0.012855 -0.0153507 -0.012855 0.000111473 -0.00811933 -0.0153507 -0.00811933 0.000104224)
(-0.000158986 -0.0128202 -0.0154603 -0.0128202 9.32336e-05 -0.00809947 -0.0154603 -0.00809947 8.77214e-05)
(5.34073e-05 -0.0127984 -0.015423 -0.0127984 4.20735e-05 -0.00810886 -0.015423 -0.00810886 0.000105713)
(-0.000105177 -0.0128184 -0.0154663 -0.0128184 9.25546e-05 -0.00809508 -0.0154663 -0.00809508 8.89654e-05)
(-1.1464e-05 -0.0128442 -0.0153978 -0.0128442 0.000107981 -0.00811023 -0.0153978 -0.00811023 9.50673e-05)
(-1.81886e-05 -0.01285 -0.0153805 -0.01285 0.000113016 -0.00811475 -0.0153805 -0.00811475 9.96763e-05)
(-0.000168832 -0.0128215 -0.0154603 -0.0128215 9.75735e-05 -0.00809962 -0.0154603 -0.00809962 8.68624e-05)
(5.66536e-05 -0.0127965 -0.0154196 -0.0127965 3.81902e-05 -0.008111 -0.0154196 -0.008111 0.000103846)
(3.40158e-05 -0.012805 -0.015439 -0.012805 5.50984e-05 -0.00810269 -0.015439 -0.00810269 0.000103199)
(-7.10017e-05 -0.0128408 -0.0154159 -0.0128408 0.000107537 -0.00810685 -0.0154159 -0.00810685 9.20055e-05)
(9.30683e-05 -0.0128543 -0.0153568 -0.0128543 0.000109398 -0.00811844 -0.0153568 -0.00811844 0.000103161)
(-0.000186911 -0.0128276 -0.0154536 -0.0128276 0.00010772 -0.00810174 -0.0154536 -0.00810174 8.57803e-05)
(2.60885e-05 -0.0128004 -0.0154303 -0.0128004 5.03626e-05 -0.00810534 -0.0154303 -0.00810534 0.00010184)
(-5.85075e-05 -0.0128125 -0.0154574 -0.0128125 7.95882e-05 -0.00809705 -0.0154574 -0.00809705 9.39841e-05)
(5.35611e-05 -0.012848 -0.0153815 -0.012848 0.000106522 -0.00811297 -0.0153815 -0.00811297 9.766e-05)
(0.000109182 -0.0128542 -0.0153543 -0.0128542 0.000110646 -0.00811937 -0.0153543 -0.00811937 0.000103212)
(-0.000169351 -0.0128209 -0.0154592 -0.0128209 9.7369e-05 -0.00810071 -0.0154592 -0.00810071 8.64299e-05)
(3.11095e-06 -0.0128035 -0.0154383 -0.0128035 5.95753e-05 -0.00810255 -0.0154383 -0.00810255 9.8585e-05)
(-8.86989e-05 -0.0128174 -0.0154631 -0.0128174 9.11153e-05 -0.00809611 -0.0154631 -0.00809611 8.90658e-05)
(3.63122e-06 -0.0128032 -0.0154399 -0.0128032 4.43875e-05 -0.00810669 -0.0154399 -0.00810669 9.41823e-05)
(-0.000175245 -0.0128371 -0.0154324 -0.0128371 0.000112012 -0.00810581 -0.0154324 -0.00810581 9.00782e-05)
(-0.000199157 -0.0128258 -0.0154581 -0.0128258 0.000105126 -0.00810053 -0.0154581 -0.00810053 8.6249e-05)
(-2.19119e-05 -0.0128034 -0.0154373 -0.0128034 5.73104e-05 -0.00810461 -0.0154373 -0.00810461 9.70554e-05)
(7.9999e-05 -0.0127951 -0.0154113 -0.0127951 2.91606e-05 -0.00812412 -0.0154113 -0.00812412 0.000105846)
(-5.82839e-06 -0.0128051 -0.0154429 -0.0128051 4.98631e-05 -0.0081047 -0.0154429 -0.0081047 9.70771e-05)
(-0.000192849 -0.012836 -0.0154383 -0.012836 0.000110841 -0.00810403 -0.0154383 -0.00810403 8.93568e-05)
(-0.000204141 -0.0128266 -0.015458 -0.0128266 0.000104913 -0.00810055 -0.015458 -0.00810055 8.61457e-05)
(-4.84167e-05 -0.0128059 -0.0154413 -0.0128059 6.36733e-05 -0.00810379 -0.0154413 -0.00810379 9.66987e-05)
(7.22174e-05 -0.0127954 -0.0154145 -0.0127954 3.14416e-05 -0.0081196 -0.0154145 -0.0081196 0.000107943)
(6.40942e-05 -0.0127956 -0.0154187 -0.0127956 2.74371e-05 -0.00812311 -0.0154187 -0.00812311 9.92616e-05)
(-0.000205116 -0.0128301 -0.015455 -0.0128301 0.000104799 -0.00810139 -0.015455 -0.00810139 8.62402e-05)
(-0.000202918 -0.0128327 -0.015446 -0.0128327 0.000111652 -0.00810252 -0.015446 -0.00810252 8.78007e-05)
(-8.5593e-05 -0.0128102 -0.0154478 -0.0128102 7.45796e-05 -0.00810191 -0.0154478 -0.00810191 9.529e-05)
(9.64757e-05 -0.0127976 -0.015408 -0.0127976 3.14205e-05 -0.00813214 -0.015408 -0.00813214 0.000111923)
(4.20589e-05 -0.0127998 -0.0154295 -0.0127998 3.535e-05 -0.00811288 -0.0154295 -0.00811288 0.000103572)
(-0.000195831 -0.0128356 -0.0154397 -0.0128356 0.000110626 -0.00810379 -0.0154397 -0.00810379 8.92167e-05)
(-0.000198741 -0.0128316 -0.0154472 -0.0128316 0.000111911 -0.00810239 -0.0154472 -0.00810239 8.73268e-05)
(-6.92218e-05 -0.0128095 -0.0154473 -0.0128095 7.27554e-05 -0.00810113 -0.0154473 -0.00810113 9.73206e-05)
(9.01806e-05 -0.012797 -0.0154104 -0.012797 3.04237e-05 -0.00812702 -0.0154104 -0.00812702 0.000110943)
(3.59086e-05 -0.0127997 -0.015431 -0.0127997 3.48197e-05 -0.00811226 -0.015431 -0.00811226 0.000100744)
(-0.000214998 -0.0128323 -0.0154505 -0.0128323 0.000108052 -0.00810167 -0.0154505 -0.00810167 8.76922e-05)
(-0.000210071 -0.0128268 -0.0154583 -0.0128268 0.000107266 -0.00809996 -0.0154583 -0.00809996 8.64752e-05)
(2.54063e-05 -0.0127983 -0.0154251 -0.0127983 4.4226e-05 -0.00810875 -0.0154251 -0.00810875 0.000103799)
(6.89402e-05 -0.0127973 -0.0154186 -0.0127973 3.41522e-05 -0.00811695 -0.0154186 -0.00811695 0.000110484)
(-4.60166e-05 -0.0128112 -0.0154531 -0.0128112 6.1693e-05 -0.00810119 -0.0154531 -0.00810119 9.5744e-05)
(-0.000189607 -0.0128367 -0.015436 -0.0128367 0.000111351 -0.00810497 -0.015436 -0.00810497 8.98104e-05)
(-0.000185263 -0.0128225 -0.0154627 -0.0128225 9.84718e-05 -0.00809839 -0.0154627 -0.00809839 8.77049e-05)
(-4.79317e-05 -0.0128061 -0.0154413 -0.0128061 6.57562e-05 -0.0081031 -0.0154413 -0.0081031 9.7628e-05)
(8.94822e-05 -0.0127975 -0.0154111 -0.0127975 2.99758e-05 -0.00812877 -0.0154111 -0.00812877 0.000108941)
(-2.98579e-06 -0.0128052 -0.0154427 -0.0128052 4.86486e-05 -0.00810504 -0.0154427 -0.00810504 9.6535e-05)
(-0.000193988 -0.0128351 -0.0154405 -0.0128351 0.000110639 -0.00810452 -0.0154405 -0.00810452 8.85313e-05)
(-0.000198448 -0.0128285 -0.0154529 -0.0128285 0.000109538 -0.00810148 -0.0154529 -0.00810148 8.62496e-05)
(-5.67283e-05 -0.0128072 -0.0154441 -0.0128072 6.7949e-05 -0.00810257 -0.0154441 -0.00810257 9.6806e-05)
(7.96028e-05 -0.0127957 -0.0154123 -0.0127957 2.87743e-05 -0.00812644 -0.0154123 -0.00812644 0.000105399)
(-2.72045e-05 -0.0128081 -0.0154483 -0.0128081 5.56993e-05 -0.00810325 -0.0154483 -0.00810325 9.32534e-05)
(-0.0001738 -0.0128381 -0.0154305 -0.0128381 0.000112248 -0.00810636 -0.0154305 -0.00810636 9.04491e-05)
(-0.00020113 -0.0128273 -0.0154542 -0.0128273 0.000109053 -0.00810201 -0.0154542 -0.00810201 8.59883e-05)
(-2.55549e-05 -0.0128032 -0.0154372 -0.0128032 5.84619e-05 -0.00810494 -0.0154372 -0.00810494 9.7317e-05)
(8.35705e-05 -0.0127962 -0.0154119 -0.0127962 2.9008e-05 -0.0081251 -0.0154119 -0.0081251 0.000105186)
(4.45334e-05 -0.0127941 -0.0154228 -0.0127941 2.81813e-05 -0.0081177 -0.0154228 -0.0081177 9.36988e-05)
(-0.000179187 -0.0128253 -0.0154599 -0.0128253 9.78971e-05 -0.00810082 -0.0154599 -0.00810082 8.64353e-05)
(-0.000206104 -0.0128275 -0.0154568 -0.0128275 0.000106639 -0.00810025 -0.0154568 -0.00810025 8.62557e-05)
(-0.000121159 -0.0128128 -0.0154538 -0.0128128 8.1921e-05 -0.00810081 -0.0154538 -0.00810081 9.14078e-05)
(3.60271e-05 -0.0127924 -0.0154181 -0.0127924 3.46769e-05 -0.00811403 -0.0154181 -0.00811403 9.98517e-05)
(4.52221e-05 -0.0127941 -0.0154223 -0.0127941 2.88309e-05 -0.00811741 -0.0154223 -0.00811741 9.6038e-05)
(-0.000185543 -0.0128256 -0.0154603 -0.0128256 9.84919e-05 -0.00810026 -0.0154603 -0.00810026 8.68301e-05)
(-0.0002114 -0.0128279 -0.0154577 -0.0128279 0.00010588 -0.00809999 -0.0154577 -0.00809999 8.63425e-05)
(-0.000128739 -0.0128136 -0.0154551 -0.0128136 8.47266e-05 -0.00810048 -0.0154551 -0.00810048 9.09951e-05)
(4.98739e-06 -0.012797 -0.0154282 -0.012797 4.61261e-05 -0.00810837 -0.0154282 -0.00810837 0.000101518)
(4.74163e-05 -0.0127942 -0.0154211 -0.0127942 2.99117e-05 -0.00811715 -0.0154211 -0.00811715 9.90876e-05)
(-9.45045e-05 -0.0128155 -0.0154578 -0.0128155 7.44217e-05 -0.00810124 -0.0154578 -0.00810124 8.90723e-05)
(-0.000212463 -0.0128293 -0.0154554 -0.0128293 0.000106988 -0.00810034 -0.0154554 -0.00810034 8.67516e-05)
(-0.000177521 -0.0128195 -0.0154617 -0.0128195 9.94003e-05 -0.00809879 -0.0154617 -0.00809879 8.76022e-05)
(3.18923e-05 -0.0127935 -0.0154193 -0.0127935 3.79016e-05 -0.0081125 -0.0154193 -0.0081125 0.000104079)
(5.72969e-05 -0.0127949 -0.0154199 -0.0127949 2.87834e-05 -0.00811947 -0.0154199 -0.00811947 0.000100871)
(-0.00011265 -0.0128183 -0.0154611 -0.0128183 7.93408e-05 -0.00809985 -0.0154611 -0.00809985 8.99403e-05)
(-0.000210483 -0.012829 -0.0154556 -0.012829 0.000107395 -0.00810013 -0.0154556 -0.00810013 8.6688e-05)
(-0.000153094 -0.0128165 -0.0154605 -0.0128165 9.21964e-05 -0.00809844 -0.0154605 -0.00809844 9.04058e-05)
(2.78489e-05 -0.0127954 -0.0154229 -0.0127954 3.99481e-05 -0.008111 -0.0154229 -0.008111 0.000105043)
(5.19585e-05 -0.0127949 -0.0154217 -0.0127949 2.82302e-05 -0.00812037 -0.0154217 -0.00812037 0.000101539)
(-0.000102064 -0.0128171 -0.0154602 -0.0128171 7.46788e-05 -0.00809992 -0.0154602 -0.00809992 9.13565e-05)
(-0.000210943 -0.012827 -0.0154593 -0.012827 0.000106215 -0.00809913 -0.0154593 -0.00809913 8.63986e-05)
(-8.87542e-05 -0.0128096 -0.0154494 -0.0128096 7.36591e-05 -0.0081008 -0.0154494 -0.0081008 9.6079e-05)
(5.00796e-05 -0.0127928 -0.0154158 -0.0127928 3.24719e-05 -0.00811707 -0.0154158 -0.00811707 0.000106728)
(1.55499e-05 -0.0127986 -0.0154331 -0.0127986 3.73699e-05 -0.00811063 -0.0154331 -0.00811063 9.78318e-05)
(-0.000165234 -0.0128235 -0.0154623 -0.0128235 9.21027e-05 -0.0080999 -0.0154623 -0.0080999 8.75865e-05)
(-0.000202783 -0.0128254 -0.0154619 -0.0128254 0.000103726 -0.00809832 -0.0154619 -0.00809832 8.64175e-05)
(-0.00014977 -0.0128157 -0.0154584 -0.0128157 9.23775e-05 -0.00809939 -0.0154584 -0.00809939 8.96374e-05)
(3.20374e-05 -0.0127929 -0.0154199 -0.0127929 3.49143e-05 -0.00811349 -0.0154199 -0.00811349 0.000101271)
(4.78542e-05 -0.0127946 -0.0154225 -0.0127946 2.82728e-05 -0.00811888 -0.0154225 -0.00811888 9.82214e-05)
(-0.000163584 -0.0128224 -0.0154622 -0.0128224 9.2826e-05 -0.00809977 -0.0154622 -0.00809977 8.73867e-05)
(-0.000204667 -0.0128273 -0.0154574 -0.0128273 0.000106241 -0.00809987 -0.0154574 -0.00809987 8.60913e-05)
(-0.000156937 -0.0128166 -0.0154589 -0.0128166 9.37092e-05 -0.00809977 -0.0154589 -0.00809977 8.88441e-05)
(2.77007e-05 -0.0127927 -0.0154206 -0.0127927 3.423e-05 -0.00811387 -0.0154206 -0.00811387 9.91749e-05)
(2.97975e-05 -0.0127951 -0.0154272 -0.0127951 3.09856e-05 -0.00811459 -0.0154272 -0.00811459 9.39837e-05)
(-0.000169799 -0.0128241 -0.0154612 -0.0128241 9.52132e-05 -0.00810042 -0.0154612 -0.00810042 8.65203e-05)
(-0.00020302 -0.0128283 -0.0154541 -0.0128283 0.000108098 -0.00810128 -0.0154541 -0.00810128 8.61846e-05)
(-0.000144047 -0.012815 -0.0154559 -0.012815 8.93412e-05 -0.00810113 -0.0154559 -0.00810113 8.93159e-05)
(3.33248e-05 -0.0127929 -0.0154193 -0.0127929 3.50647e-05 -0.00811387 -0.0154193 -0.00811387 0.000100338)
(1.84234e-05 -0.0127922 -0.0154253 -0.0127922 3.15269e-05 -0.0081153 -0.0154253 -0.0081153 8.74207e-05)
(-5.80374e-05 -0.0128101 -0.0154516 -0.0128101 6.29466e-05 -0.00810405 -0.0154516 -0.00810405 8.97875e-05)
(-0.000163891 -0.0128216 -0.0154626 -0.0128216 9.27792e-05 -0.00809899 -0.0154626 -0.00809899 8.84825e-05)
(-0.000136338 -0.0128154 -0.0154581 -0.0128154 8.5361e-05 -0.00809958 -0.0154581 -0.00809958 9.05734e-05)
(-3.52429e-05 -0.0128004 -0.0154357 -0.0128004 5.54411e-05 -0.00810672 -0.0154357 -0.00810672 9.37237e-05)
(2.57016e-05 -0.0127912 -0.015423 -0.0127912 2.99874e-05 -0.00811649 -0.015423 -0.00811649 8.67045e-05)
(-8.0156e-05 -0.0128127 -0.0154547 -0.0128127 6.88529e-05 -0.00810328 -0.0154547 -0.00810328 8.92933e-05)
(-0.000174687 -0.0128227 -0.0154634 -0.0128227 9.44264e-05 -0.00809855 -0.0154634 -0.00809855 8.85073e-05)
(-0.000129743 -0.0128151 -0.0154578 -0.0128151 8.44878e-05 -0.00809952 -0.0154578 -0.00809952 9.09845e-05)
(-3.76971e-05 -0.0128006 -0.0154363 -0.0128006 5.59733e-05 -0.00810647 -0.0154363 -0.00810647 9.50064e-05)
(1.46334e-05 -0.0127928 -0.0154254 -0.0127928 3.48614e-05 -0.00811354 -0.0154254 -0.00811354 9.18716e-05)
(-2.52013e-05 -0.0128048 -0.0154437 -0.0128048 5.05691e-05 -0.0081063 -0.0154437 -0.0081063 9.23115e-05)
(-0.000149126 -0.0128205 -0.0154622 -0.0128205 8.79504e-05 -0.00809921 -0.0154622 -0.00809921 8.94069e-05)
(-0.00016762 -0.0128193 -0.0154641 -0.0128193 9.46915e-05 -0.00809752 -0.0154641 -0.00809752 8.92176e-05)
(-5.25242e-05 -0.0128034 -0.0154405 -0.0128034 6.21159e-05 -0.00810403 -0.0154405 -0.00810403 9.6751e-05)
(3.42366e-05 -0.012791 -0.0154205 -0.012791 2.80565e-05 -0.00811802 -0.0154205 -0.00811802 9.14308e-05)
(-3.03294e-06 -0.0128013 -0.0154386 -0.0128013 4.11695e-05 -0.00810916 -0.0154386 -0.00810916 9.34047e-05)
(-0.00014475 -0.0128199 -0.0154628 -0.0128199 8.72215e-05 -0.00809863 -0.0154628 -0.00809863 9.03171e-05)
(-0.000143568 -0.012817 -0.0154622 -0.012817 8.89395e-05 -0.00809773 -0.0154622 -0.00809773 9.13874e-05)
(-1.72228e-05 -0.0127984 -0.0154321 -0.0127984 4.89591e-05 -0.00810717 -0.0154321 -0.00810717 9.9454e-05)
(2.33167e-05 -0.0127913 -0.0154229 -0.0127913 2.90765e-05 -0.00811689 -0.0154229 -0.00811689 9.28625e-05)
(-2.35977e-05 -0.0128044 -0.0154434 -0.0128044 4.74171e-05 -0.0081067 -0.0154434 -0.0081067 9.42573e-05)
(-0.000148319 -0.0128198 -0.0154635 -0.0128198 8.80607e-05 -0.00809814 -0.0154635 -0.00809814 9.05538e-05)
(-0.00011435 -0.0128133 -0.0154566 -0.0128133 8.02004e-05 -0.00809905 -0.0154566 -0.00809905 9.38956e-05)
(5.22232e-06 -0.0127949 -0.0154255 -0.0127949 4.18459e-05 -0.00810999 -0.0154255 -0.00810999 9.97585e-05)
(-2.64259e-06 -0.012796 -0.0154323 -0.012796 3.83437e-05 -0.00811153 -0.0154323 -0.00811153 8.93279e-05)
(-6.93115e-05 -0.0128112 -0.0154531 -0.0128112 6.35184e-05 -0.00810377 -0.0154531 -0.00810377 8.9959e-05)
(-0.000162264 -0.0128212 -0.0154644 -0.0128212 9.36173e-05 -0.00809776 -0.0154644 -0.00809776 8.90369e-05)
(-0.000132007 -0.0128152 -0.0154592 -0.0128152 8.59853e-05 -0.00809859 -0.0154592 -0.00809859 9.14319e-05)
(-3.19368e-05 -0.012799 -0.0154345 -0.012799 5.15317e-05 -0.00810759 -0.0154345 -0.00810759 9.38359e-05)
(2.4783e-05 -0.0127911 -0.0154225 -0.0127911 2.91748e-05 -0.00811712 -0.0154225 -0.00811712 9.02843e-05)
(-7.3231e-05 -0.012811 -0.0154533 -0.012811 6.70398e-05 -0.00810269 -0.0154533 -0.00810269 9.16224e-05)
(-0.00013813 -0.012819 -0.0154628 -0.012819 8.64667e-05 -0.00809832 -0.0154628 -0.00809832 9.03723e-05)
(-0.000129604 -0.0128147 -0.0154578 -0.0128147 8.37628e-05 -0.00809953 -0.0154578 -0.00809953 9.11989e-05)
(-3.03759e-05 -0.012799 -0.0154344 -0.012799 4.98856e-05 -0.00810808 -0.0154344 -0.00810808 9.3246e-05)
(1.05851e-05 -0.0127931 -0.0154272 -0.0127931 3.31565e-05 -0.00811413 -0.0154272 -0.00811413 8.90163e-05)
(-9.07935e-05 -0.0128136 -0.0154562 -0.0128136 7.29037e-05 -0.00810265 -0.0154562 -0.00810265 8.8733e-05)
(-0.000142417 -0.0128195 -0.0154617 -0.0128195 8.75703e-05 -0.00809924 -0.0154617 -0.00809924 8.92068e-05)
(-0.000133505 -0.012815 -0.0154572 -0.012815 8.55213e-05 -0.00810024 -0.0154572 -0.00810024 9.00078e-05)
(-4.63281e-05 -0.012802 -0.0154386 -0.012802 5.8275e-05 -0.00810618 -0.0154386 -0.00810618 9.33291e-05)
(1.71483e-05 -0.0127917 -0.0154262 -0.0127917 3.08677e-05 -0.00811757 -0.0154262 -0.00811757 7.81429e-05)
(-3.54792e-05 -0.0128041 -0.0154445 -0.0128041 5.2421e-05 -0.00810872 -0.0154445 -0.00810872 8.36667e-05)
(-9.48384e-05 -0.0128141 -0.0154572 -0.0128141 7.30975e-05 -0.00810055 -0.0154572 -0.00810055 9.20263e-05)
(-7.33398e-05 -0.0128106 -0.0154519 -0.0128106 6.84152e-05 -0.00810114 -0.0154519 -0.00810114 9.45702e-05)
(-3.04288e-05 -0.0128015 -0.0154378 -0.0128015 5.42889e-05 -0.00810758 -0.0154378 -0.00810758 9.00667e-05)
(2.56034e-05 -0.0127904 -0.0154238 -0.0127904 2.87313e-05 -0.00811946 -0.0154238 -0.00811946 7.53465e-05)
(-3.2399e-05 -0.0128027 -0.015443 -0.0128027 4.92229e-05 -0.00811001 -0.015443 -0.00811001 8.21792e-05)
(-0.000131314 -0.0128177 -0.0154619 -0.0128177 8.16473e-05 -0.00809897 -0.0154619 -0.00809897 9.14123e-05)
(-6.02245e-05 -0.0128097 -0.0154501 -0.0128097 6.51375e-05 -0.00810139 -0.0154501 -0.00810139 9.57644e-05)
(-2.34348e-05 -0.0127996 -0.0154354 -0.0127996 5.05895e-05 -0.00810911 -0.0154354 -0.00810911 8.91328e-05)
(2.59922e-05 -0.0127893 -0.0154216 -0.0127893 2.79064e-05 -0.00812006 -0.0154216 -0.00812006 7.77938e-05)
(-1.34023e-05 -0.012799 -0.015437 -0.012799 4.25264e-05 -0.00811087 -0.015437 -0.00811087 8.47007e-05)
(-8.45402e-05 -0.0128128 -0.0154555 -0.0128128 6.84844e-05 -0.00810103 -0.0154555 -0.00810103 9.34175e-05)
(-8.61014e-05 -0.0128129 -0.0154562 -0.0128129 7.28768e-05 -0.00809943 -0.0154562 -0.00809943 9.61656e-05)
(-5.3465e-05 -0.0128049 -0.0154434 -0.0128049 6.19955e-05 -0.0081042 -0.0154434 -0.0081042 9.39485e-05)
(2.50333e-05 -0.0127899 -0.015422 -0.0127899 2.81128e-05 -0.00811928 -0.015422 -0.00811928 8.1075e-05)
(-1.17971e-07 -0.0127957 -0.0154327 -0.0127957 3.5372e-05 -0.00811351 -0.0154327 -0.00811351 8.3494e-05)
(-7.86853e-05 -0.0128117 -0.0154546 -0.0128117 6.72359e-05 -0.00810083 -0.0154546 -0.00810083 9.46994e-05)
(-8.08726e-05 -0.0128118 -0.0154549 -0.0128118 7.14088e-05 -0.00809963 -0.0154549 -0.00809963 9.64916e-05)
(-1.54828e-05 -0.0127982 -0.0154328 -0.0127982 4.61968e-05 -0.00810869 -0.0154328 -0.00810869 9.41636e-05)
(2.64295e-05 -0.0127891 -0.015421 -0.0127891 2.63995e-05 -0.00812085 -0.015421 -0.00812085 8.035e-05)
(-2.0346e-05 -0.0128001 -0.0154384 -0.0128001 4.32146e-05 -0.00811001 -0.0154384 -0.00811001 8.60947e-05)
(-9.31043e-05 -0.0128135 -0.0154573 -0.0128135 7.18824e-05 -0.00809981 -0.0154573 -0.00809981 9.41769e-05)
(-5.46323e-05 -0.0128084 -0.0154487 -0.0128084 6.31591e-05 -0.00810156 -0.0154487 -0.00810156 9.78508e-05)
(-3.23984e-06 -0.0127971 -0.0154302 -0.0127971 4.51427e-05 -0.00810907 -0.0154302 -0.00810907 9.46741e-05)
(9.23005e-06 -0.0127929 -0.0154284 -0.0127929 3.28661e-05 -0.00811645 -0.0154284 -0.00811645 7.87099e-05)
(-4.56364e-05 -0.0128049 -0.0154454 -0.0128049 5.25646e-05 -0.00810894 -0.0154454 -0.00810894 8.26112e-05)
(-0.00010762 -0.0128151 -0.0154604 -0.0128151 7.78053e-05 -0.00809867 -0.0154604 -0.00809867 9.33309e-05)
(-5.4233e-05 -0.0128085 -0.0154491 -0.0128085 6.35165e-05 -0.00810141 -0.0154491 -0.00810141 9.68897e-05)
(-2.27565e-05 -0.0127989 -0.0154345 -0.0127989 4.78945e-05 -0.0081101 -0.0154345 -0.0081101 8.78055e-05)
(2.55821e-05 -0.0127903 -0.0154222 -0.0127903 2.85086e-05 -0.00811919 -0.0154222 -0.00811919 7.96958e-05)
(-3.36655e-05 -0.012803 -0.0154422 -0.012803 5.09741e-05 -0.00810782 -0.0154422 -0.00810782 8.71506e-05)
(-9.21793e-05 -0.0128137 -0.0154574 -0.0128137 7.21183e-05 -0.00810001 -0.0154574 -0.00810001 9.34362e-05)
(-3.48746e-05 -0.0128059 -0.015444 -0.0128059 5.55825e-05 -0.00810375 -0.015444 -0.00810375 9.74089e-05)
(-1.23971e-05 -0.0127977 -0.0154324 -0.0127977 4.38067e-05 -0.0081107 -0.0154324 -0.0081107 8.85417e-05)
(2.26825e-05 -0.0127914 -0.0154241 -0.0127914 2.93076e-05 -0.00811775 -0.0154241 -0.00811775 8.10033e-05)
(-5.71008e-05 -0.0128072 -0.0154485 -0.0128072 6.00104e-05 -0.00810676 -0.0154485 -0.00810676 8.47221e-05)
(-0.000103941 -0.012815 -0.0154583 -0.012815 7.57423e-05 -0.00810026 -0.0154583 -0.00810026 9.11681e-05)
(-4.28746e-05 -0.0128069 -0.0154456 -0.0128069 5.92721e-05 -0.00810324 -0.0154456 -0.00810324 9.5486e-05)
(-2.00887e-05 -0.0127996 -0.0154351 -0.0127996 4.92889e-05 -0.00810898 -0.0154351 -0.00810898 8.97812e-05)
(3.9347e-05 -0.0127895 -0.0154194 -0.0127895 2.46411e-05 -0.00812331 -0.0154194 -0.00812331 7.66256e-05)
(1.2561e-05 -0.0127949 -0.0154307 -0.0127949 3.35263e-05 -0.00811529 -0.0154307 -0.00811529 7.79659e-05)
(-7.64156e-05 -0.0128109 -0.0154531 -0.0128109 6.70452e-05 -0.00810265 -0.0154531 -0.00810265 8.97231e-05)
(-3.94279e-05 -0.0128069 -0.0154466 -0.0128069 5.68918e-05 -0.00810315 -0.0154466 -0.00810315 9.68801e-05)
(-2.69624e-06 -0.0127978 -0.0154323 -0.0127978 4.18284e-05 -0.0081098 -0.0154323 -0.0081098 9.18049e-05)
(4.0022e-05 -0.0127892 -0.0154191 -0.0127892 2.45182e-05 -0.00812392 -0.0154191 -0.00812392 7.38828e-05)
(2.51221e-05 -0.0127914 -0.0154255 -0.0127914 2.70151e-05 -0.00811922 -0.0154255 -0.00811922 7.50394e-05)
(-0.000110625 -0.0128148 -0.0154579 -0.0128148 7.59927e-05 -0.00810098 -0.0154579 -0.00810098 8.97495e-05)
(-4.32719e-05 -0.0128079 -0.0154482 -0.0128079 5.85274e-05 -0.00810237 -0.0154482 -0.00810237 9.75154e-05)
(1.11839e-05 -0.0127947 -0.0154272 -0.0127947 3.53981e-05 -0.00811295 -0.0154272 -0.00811295 8.97974e-05)
(3.82186e-05 -0.0127886 -0.0154184 -0.0127886 2.47996e-05 -0.00812426 -0.0154184 -0.00812426 7.52848e-05)
(3.33075e-05 -0.01279 -0.0154216 -0.01279 2.49607e-05 -0.00812118 -0.0154216 -0.00812118 7.71107e-05)
(-5.53619e-05 -0.012808 -0.015449 -0.012808 5.9284e-05 -0.00810345 -0.015449 -0.00810345 9.2102e-05)
(-4.03313e-05 -0.0128075 -0.0154478 -0.0128075 5.80497e-05 -0.00810258 -0.0154478 -0.00810258 9.91525e-05)
(-1.18061e-05 -0.0127993 -0.0154349 -0.0127993 4.49976e-05 -0.00810814 -0.0154349 -0.00810814 9.48353e-05)
(2.48071e-05 -0.0127896 -0.0154216 -0.0127896 2.71693e-05 -0.00812032 -0.0154216 -0.00812032 7.94129e-05)
(3.02373e-05 -0.0127904 -0.0154227 -0.0127904 2.57556e-05 -0.00812095 -0.0154227 -0.00812095 7.73856e-05)
(-4.79513e-05 -0.0128074 -0.0154479 -0.0128074 5.85613e-05 -0.00810328 -0.0154479 -0.00810328 9.3761e-05)
(-3.96332e-05 -0.0128071 -0.0154474 -0.0128071 5.78057e-05 -0.00810253 -0.0154474 -0.00810253 9.8962e-05)
(-1.88916e-06 -0.0127964 -0.0154306 -0.0127964 3.90065e-05 -0.00811089 -0.0154306 -0.00811089 9.31106e-05)
(3.68077e-05 -0.0127885 -0.0154184 -0.0127885 2.47807e-05 -0.00812466 -0.0154184 -0.00812466 7.99826e-05)
(1.99433e-05 -0.012793 -0.0154267 -0.012793 2.97766e-05 -0.00811681 -0.0154267 -0.00811681 7.97428e-05)
(-7.86127e-05 -0.0128113 -0.0154538 -0.0128113 6.82572e-05 -0.00810142 -0.0154538 -0.00810142 9.17599e-05)
(-3.28559e-05 -0.012806 -0.0154452 -0.012806 5.54928e-05 -0.00810335 -0.0154452 -0.00810335 9.82456e-05)
(1.43388e-05 -0.0127945 -0.0154262 -0.0127945 3.64065e-05 -0.00811214 -0.0154262 -0.00811214 9.33747e-05)
(3.10322e-05 -0.0127894 -0.0154211 -0.0127894 2.52601e-05 -0.00812208 -0.0154211 -0.00812208 7.67414e-05)
(1.10713e-05 -0.0127944 -0.0154298 -0.0127944 3.16326e-05 -0.00811625 -0.0154298 -0.00811625 7.79276e-05)
(-7.63318e-05 -0.0128113 -0.015454 -0.0128113 6.87426e-05 -0.0081013 -0.015454 -0.0081013 9.25617e-05)
(-2.77643e-05 -0.0128057 -0.0154447 -0.0128057 5.42045e-05 -0.00810352 -0.0154447 -0.00810352 9.81553e-05)
(6.62883e-06 -0.0127943 -0.0154274 -0.0127943 3.50064e-05 -0.00811326 -0.0154274 -0.00811326 8.83117e-05)
(3.79502e-05 -0.012789 -0.0154183 -0.012789 2.5243e-05 -0.00812349 -0.0154183 -0.00812349 7.72754e-05)
(2.36907e-05 -0.0127925 -0.0154247 -0.0127925 2.9891e-05 -0.00811653 -0.0154247 -0.00811653 8.21037e-05)
(-8.93074e-05 -0.0128121 -0.0154546 -0.0128121 7.08256e-05 -0.0081024 -0.0154546 -0.0081024 8.86387e-05)
(-2.16645e-05 -0.0128043 -0.0154421 -0.0128043 4.97806e-05 -0.00810512 -0.0154421 -0.00810512 9.83379e-05)
(1.75241e-05 -0.0127927 -0.0154244 -0.0127927 3.11266e-05 -0.00811529 -0.0154244 -0.00811529 8.96336e-05)
(3.87392e-05 -0.0127892 -0.0154186 -0.0127892 2.48476e-05 -0.00812322 -0.0154186 -0.00812322 7.8431e-05)
(1.53018e-05 -0.0127943 -0.0154288 -0.0127943 3.26699e-05 -0.00811501 -0.0154288 -0.00811501 8.14452e-05)
(-0.000104437 -0.0128145 -0.0154567 -0.0128145 7.5981e-05 -0.00810243 -0.0154567 -0.00810243 8.70048e-05)
(-3.47175e-05 -0.0128059 -0.015445 -0.0128059 5.51052e-05 -0.00810371 -0.015445 -0.00810371 9.61253e-05)
(1.10428e-05 -0.0127948 -0.0154274 -0.0127948 3.55343e-05 -0.00811285 -0.0154274 -0.00811285 9.04918e-05)
(3.2847e-05 -0.0127898 -0.0154197 -0.0127898 2.65436e-05 -0.00812024 -0.0154197 -0.00812024 8.49899e-05)
(2.78655e-05 -0.0127926 -0.0154245 -0.0127926 3.00043e-05 -0.00811654 -0.0154245 -0.00811654 8.21228e-05)
(-4.15219e-05 -0.0128058 -0.015446 -0.0128058 5.61114e-05 -0.00810655 -0.015446 -0.00810655 8.48359e-05)
(-4.2506e-05 -0.0128068 -0.0154474 -0.0128068 5.65646e-05 -0.00810353 -0.0154474 -0.00810353 9.42893e-05)
(3.19511e-06 -0.0127971 -0.0154317 -0.0127971 3.8022e-05 -0.00811061 -0.0154317 -0.00811061 9.57746e-05)
(2.70929e-05 -0.0127907 -0.0154218 -0.0127907 2.80862e-05 -0.00811839 -0.0154218 -0.00811839 8.39177e-05)
(3.5494e-05 -0.0127914 -0.0154222 -0.0127914 2.68271e-05 -0.0081192 -0.0154222 -0.0081192 7.89917e-05)
(-5.1851e-05 -0.0128072 -0.0154484 -0.0128072 5.9222e-05 -0.00810524 -0.0154484 -0.00810524 8.60895e-05)
(-6.45358e-05 -0.0128103 -0.0154525 -0.0128103 6.37629e-05 -0.00810168 -0.0154525 -0.00810168 9.34658e-05)
(1.30192e-05 -0.0127955 -0.0154283 -0.0127955 3.43654e-05 -0.00811268 -0.0154283 -0.00811268 9.61786e-05)
(2.54211e-05 -0.0127909 -0.0154223 -0.0127909 2.89078e-05 -0.00811775 -0.0154223 -0.00811775 8.50748e-05)
(3.94688e-05 -0.0127914 -0.0154206 -0.0127914 2.64627e-05 -0.00811934 -0.0154206 -0.00811934 8.3414e-05)
(-1.71974e-05 -0.0128024 -0.015441 -0.0128024 4.78691e-05 -0.00810766 -0.015441 -0.00810766 8.6132e-05)
