/*--------------------------------*- C++ -*----------------------------------*\
  =========                 |
  \\      /  F ield         | OpenFOAM: The Open Source CFD Toolbox
   \\    /   O peration     | Website:  https://openfoam.org
    \\  /    A nd           | Version:  10
     \\/     M anipulation  |
\*---------------------------------------------------------------------------*/
FoamFile
{
    format      ascii;
    class       volTensorField;
    location    "35";
    object      TauNN;
}
// * * * * * * * * * * * * * * * * * * * * * * * * * * * * * * * * * * * * * //

dimensions      [0 2 -2 0 0 0 0];

internalField   nonuniform List<tensor> 
25600
(
(-4.6299e-06 -0.0127967 -0.0154404 -0.0127967 2.79533e-05 -0.00811898 -0.0154404 -0.00811898 5.55889e-05)
(1.69656e-05 -0.0127861 -0.0154258 -0.0127861 2.06792e-05 -0.00812817 -0.0154258 -0.00812817 4.67389e-05)
(3.53025e-05 -0.0127888 -0.0154251 -0.0127888 2.288e-05 -0.00812758 -0.0154251 -0.00812758 5.43053e-05)
(3.36599e-05 -0.012791 -0.0154464 -0.012791 2.61613e-05 -0.0081345 -0.0154464 -0.0081345 4.61009e-05)
(2.34717e-05 -0.0127882 -0.0154404 -0.0127882 2.26921e-05 -0.00813261 -0.0154404 -0.00813261 3.31778e-05)
(1.93552e-05 -0.0127887 -0.0154308 -0.0127887 2.33072e-05 -0.00812729 -0.0154308 -0.00812729 4.96119e-05)
(2.49259e-05 -0.0127918 -0.0154288 -0.0127918 3.42367e-05 -0.00812357 -0.0154288 -0.00812357 6.33068e-05)
(5.07698e-05 -0.0127917 -0.0154135 -0.0127917 3.03024e-05 -0.00812392 -0.0154135 -0.00812392 0.000110186)
(3.05165e-05 -0.0127897 -0.0154241 -0.0127897 2.44036e-05 -0.00812365 -0.0154241 -0.00812365 7.28783e-05)
(3.95472e-05 -0.0127863 -0.0154246 -0.0127863 2.64465e-05 -0.00813614 -0.0154246 -0.00813614 6.46437e-05)
(2.76479e-05 -0.0127865 -0.0154285 -0.0127865 2.12584e-05 -0.00813076 -0.0154285 -0.00813076 4.34289e-05)
(3.69125e-05 -0.012792 -0.0154319 -0.012792 2.53528e-05 -0.00812835 -0.0154319 -0.00812835 4.98918e-05)
(8.57028e-06 -0.0127897 -0.0154308 -0.0127897 2.37942e-05 -0.00812356 -0.0154308 -0.00812356 5.43755e-05)
(3.80958e-05 -0.0127907 -0.0154276 -0.0127907 2.82143e-05 -0.00812533 -0.0154276 -0.00812533 5.44569e-05)
(5.47766e-05 -0.0127931 -0.015421 -0.0127931 2.43511e-05 -0.00813151 -0.015421 -0.00813151 4.88091e-05)
(-1.28292e-05 -0.0127965 -0.0154363 -0.0127965 3.73273e-05 -0.00812055 -0.0154363 -0.00812055 6.42073e-05)
(3.42214e-05 -0.0127864 -0.0154248 -0.0127864 2.35697e-05 -0.00813072 -0.0154248 -0.00813072 5.94272e-05)
(3.56658e-05 -0.0127891 -0.0154354 -0.0127891 2.32979e-05 -0.0081321 -0.0154354 -0.0081321 4.03641e-05)
(7.18333e-05 -0.0127935 -0.0154495 -0.0127935 3.36686e-05 -0.00813581 -0.0154495 -0.00813581 5.94675e-05)
(7.68077e-05 -0.0127934 -0.0154091 -0.0127934 2.77471e-05 -0.00813266 -0.0154091 -0.00813266 8.8487e-05)
(-5.68722e-05 -0.0128008 -0.0154444 -0.0128008 4.68183e-05 -0.00811902 -0.0154444 -0.00811902 6.02208e-05)
(1.43435e-05 -0.012788 -0.0154241 -0.012788 2.71608e-05 -0.00812198 -0.0154241 -0.00812198 6.4534e-05)
(5.64525e-05 -0.0127907 -0.0154135 -0.0127907 2.44224e-05 -0.00812757 -0.0154135 -0.00812757 8.20153e-05)
(2.43682e-05 -0.0127883 -0.0154184 -0.0127883 2.68707e-05 -0.00811766 -0.0154184 -0.00811766 8.7244e-05)
(2.82933e-05 -0.0127897 -0.015421 -0.0127897 2.64334e-05 -0.00812259 -0.015421 -0.00812259 9.60084e-05)
(1.04452e-05 -0.0128002 -0.0154383 -0.0128002 3.5712e-05 -0.00811841 -0.0154383 -0.00811841 0.00011785)
(-3.53224e-05 -0.0127977 -0.0154338 -0.0127977 4.70515e-05 -0.00810649 -0.0154338 -0.00810649 9.84694e-05)
(1.04263e-05 -0.0127903 -0.0154297 -0.0127903 2.62353e-05 -0.0081228 -0.0154297 -0.0081228 5.96643e-05)
(1.89201e-05 -0.0127896 -0.0154401 -0.0127896 2.71511e-05 -0.00813127 -0.0154401 -0.00813127 4.46496e-05)
(0.000101685 -0.0128004 -0.015408 -0.0128004 3.52661e-05 -0.00813902 -0.015408 -0.00813902 8.71475e-05)
(5.8259e-05 -0.0127894 -0.0154217 -0.0127894 3.59499e-05 -0.00814347 -0.0154217 -0.00814347 9.23804e-05)
(-7.58198e-06 -0.0127953 -0.0154422 -0.0127953 2.86251e-05 -0.00811444 -0.0154422 -0.00811444 8.32859e-05)
(1.81586e-05 -0.0127896 -0.0154289 -0.0127896 2.59126e-05 -0.00812502 -0.0154289 -0.00812502 5.77738e-05)
(8.26756e-05 -0.0127914 -0.0154078 -0.0127914 2.67363e-05 -0.00812597 -0.0154078 -0.00812597 8.5175e-05)
(2.20326e-05 -0.0127878 -0.0154196 -0.0127878 2.55326e-05 -0.00812308 -0.0154196 -0.00812308 9.61039e-05)
(7.41903e-05 -0.0127885 -0.0154188 -0.0127885 2.81843e-05 -0.00812753 -0.0154188 -0.00812753 6.64342e-05)
(5.44176e-05 -0.0127891 -0.015411 -0.0127891 2.75378e-05 -0.00812517 -0.015411 -0.00812517 9.5347e-05)
(-8.91405e-06 -0.0127901 -0.0154348 -0.0127901 2.50338e-05 -0.00812357 -0.0154348 -0.00812357 4.80894e-05)
(6.59381e-05 -0.0127956 -0.0154475 -0.0127956 2.77309e-05 -0.00813536 -0.0154475 -0.00813536 4.50636e-05)
(2.3583e-06 -0.0127867 -0.0154334 -0.0127867 2.07304e-05 -0.00812742 -0.0154334 -0.00812742 3.84102e-05)
(1.66351e-05 -0.0127892 -0.0154345 -0.0127892 2.13211e-05 -0.00812703 -0.0154345 -0.00812703 4.28945e-05)
(2.12652e-05 -0.0127883 -0.0154311 -0.0127883 2.10178e-05 -0.00812263 -0.0154311 -0.00812263 6.91258e-05)
(5.7888e-05 -0.0127929 -0.0154145 -0.0127929 3.05087e-05 -0.00813792 -0.0154145 -0.00813792 8.47129e-05)
(2.41363e-05 -0.0127859 -0.0154242 -0.0127859 2.20004e-05 -0.00812747 -0.0154242 -0.00812747 7.21402e-05)
(6.78631e-05 -0.0127964 -0.0154315 -0.0127964 2.72846e-05 -0.00813367 -0.0154315 -0.00813367 4.01674e-05)
(8.29986e-05 -0.0128036 -0.0154287 -0.0128036 3.57771e-05 -0.00813709 -0.0154287 -0.00813709 3.9385e-05)
(2.53444e-05 -0.0127882 -0.0154278 -0.0127882 1.99386e-05 -0.00812588 -0.0154278 -0.00812588 5.69976e-05)
(4.11952e-05 -0.0127883 -0.0154218 -0.0127883 2.60817e-05 -0.00813544 -0.0154218 -0.00813544 7.13967e-05)
(2.72057e-05 -0.0127857 -0.0154304 -0.0127857 2.2511e-05 -0.00812717 -0.0154304 -0.00812717 8.7173e-05)
(3.726e-05 -0.0127861 -0.0154286 -0.0127861 2.51359e-05 -0.00813473 -0.0154286 -0.00813473 4.3938e-05)
(0.00010714 -0.0127972 -0.0154063 -0.0127972 2.96979e-05 -0.00813237 -0.0154063 -0.00813237 7.46767e-05)
(7.35953e-05 -0.0127931 -0.0154108 -0.0127931 2.69523e-05 -0.00812855 -0.0154108 -0.00812855 9.28591e-05)
(1.1015e-05 -0.0127894 -0.0154267 -0.0127894 2.4862e-05 -0.0081193 -0.0154267 -0.0081193 7.25836e-05)
(5.30091e-06 -0.0127919 -0.0154311 -0.0127919 3.23572e-05 -0.00812015 -0.0154311 -0.00812015 6.5303e-05)
(4.93062e-05 -0.0127914 -0.0154233 -0.0127914 2.97062e-05 -0.0081223 -0.0154233 -0.0081223 6.87377e-05)
(4.27565e-05 -0.0127909 -0.0154175 -0.0127909 2.7212e-05 -0.00812035 -0.0154175 -0.00812035 9.25454e-05)
(1.34836e-06 -0.0127914 -0.0154346 -0.0127914 2.52929e-05 -0.00811739 -0.0154346 -0.00811739 8.72673e-05)
(1.1215e-05 -0.0127893 -0.0154284 -0.0127893 2.30121e-05 -0.00812149 -0.0154284 -0.00812149 6.38615e-05)
(5.9546e-05 -0.0127898 -0.0154128 -0.0127898 2.52183e-05 -0.00812249 -0.0154128 -0.00812249 8.13261e-05)
(8.82972e-05 -0.0127953 -0.0154106 -0.0127953 2.78651e-05 -0.00813152 -0.0154106 -0.00813152 8.03447e-05)
(2.76544e-05 -0.0127879 -0.0154241 -0.0127879 2.24922e-05 -0.00812566 -0.0154241 -0.00812566 6.78671e-05)
(4.18517e-05 -0.0127887 -0.0154237 -0.0127887 2.57989e-05 -0.00813145 -0.0154237 -0.00813145 9.33471e-05)
(5.88857e-05 -0.0127923 -0.0154178 -0.0127923 2.70771e-05 -0.00813414 -0.0154178 -0.00813414 7.20542e-05)
(4.38029e-05 -0.01279 -0.0154198 -0.01279 2.30238e-05 -0.00812912 -0.0154198 -0.00812912 6.31601e-05)
(6.3533e-05 -0.0127953 -0.0154175 -0.0127953 2.95889e-05 -0.00813622 -0.0154175 -0.00813622 6.77105e-05)
(8.2816e-05 -0.0127919 -0.0154089 -0.0127919 2.57664e-05 -0.00812449 -0.0154089 -0.00812449 8.52975e-05)
(4.22293e-05 -0.0127895 -0.0154175 -0.0127895 2.47109e-05 -0.00812315 -0.0154175 -0.00812315 8.40187e-05)
(1.4253e-05 -0.0127867 -0.0154295 -0.0127867 2.35058e-05 -0.00812394 -0.0154295 -0.00812394 8.6755e-05)
(-2.23672e-05 -0.0128006 -0.0154427 -0.0128006 3.66207e-05 -0.00811125 -0.0154427 -0.00811125 0.000102965)
(2.05371e-05 -0.0127929 -0.0154349 -0.0127929 2.47658e-05 -0.00812074 -0.0154349 -0.00812074 7.02453e-05)
(9.15426e-05 -0.0127977 -0.0154107 -0.0127977 2.83889e-05 -0.0081325 -0.0154107 -0.0081325 7.44928e-05)
(0.0001065 -0.0127957 -0.0154023 -0.0127957 2.90319e-05 -0.00813068 -0.0154023 -0.00813068 8.66618e-05)
(-6.09871e-06 -0.0127977 -0.015433 -0.0127977 3.62162e-05 -0.00811141 -0.015433 -0.00811141 9.75954e-05)
(1.25009e-05 -0.0127906 -0.0154313 -0.0127906 2.39501e-05 -0.00812378 -0.0154313 -0.00812378 5.29464e-05)
(4.38454e-05 -0.0127891 -0.0154219 -0.0127891 2.37708e-05 -0.00812982 -0.0154219 -0.00812982 6.26342e-05)
(1.44244e-05 -0.0127872 -0.0154301 -0.0127872 2.1285e-05 -0.00812749 -0.0154301 -0.00812749 4.5359e-05)
(6.92822e-05 -0.0128029 -0.0154246 -0.0128029 3.84101e-05 -0.00813945 -0.0154246 -0.00813945 4.12719e-05)
(3.40267e-05 -0.0127903 -0.0154237 -0.0127903 2.31412e-05 -0.00812327 -0.0154237 -0.00812327 6.95288e-05)
(3.71874e-05 -0.0127891 -0.015425 -0.0127891 2.11202e-05 -0.00812986 -0.015425 -0.00812986 5.04941e-05)
(0.000104221 -0.0128148 -0.0154261 -0.0128148 4.55943e-05 -0.00813913 -0.0154261 -0.00813913 3.67977e-05)
(6.84169e-05 -0.0128051 -0.0154214 -0.0128051 4.70783e-05 -0.00814552 -0.0154214 -0.00814552 5.26599e-05)
(-4.54796e-06 -0.0127993 -0.0154427 -0.0127993 2.9218e-05 -0.00811775 -0.0154427 -0.00811775 5.71217e-05)
(3.64304e-05 -0.0127886 -0.0154247 -0.0127886 2.23056e-05 -0.00813089 -0.0154247 -0.00813089 5.15554e-05)
(4.96383e-05 -0.0127891 -0.0154209 -0.0127891 3.09262e-05 -0.0081216 -0.0154209 -0.0081216 7.38787e-05)
(1.27969e-05 -0.0127909 -0.0154347 -0.0127909 2.30265e-05 -0.00812412 -0.0154347 -0.00812412 5.13335e-05)
(3.87394e-05 -0.0127899 -0.0154212 -0.0127899 2.30925e-05 -0.00812405 -0.0154212 -0.00812405 6.48202e-05)
(6.45673e-05 -0.0127916 -0.0154154 -0.0127916 2.43626e-05 -0.00812722 -0.0154154 -0.00812722 7.83244e-05)
(4.53362e-05 -0.0127894 -0.0154206 -0.0127894 2.48932e-05 -0.00813288 -0.0154206 -0.00813288 6.76247e-05)
(-1.39098e-05 -0.0127954 -0.0154361 -0.0127954 3.22129e-05 -0.00811853 -0.0154361 -0.00811853 6.04822e-05)
(-3.45506e-05 -0.0128064 -0.0154452 -0.0128064 4.45166e-05 -0.00811268 -0.0154452 -0.00811268 7.5532e-05)
(5.73113e-05 -0.0127914 -0.0154205 -0.0127914 2.40647e-05 -0.00812925 -0.0154205 -0.00812925 5.45593e-05)
(5.95961e-05 -0.0127911 -0.015428 -0.0127911 2.48166e-05 -0.0081314 -0.015428 -0.0081314 4.64399e-05)
(7.51207e-05 -0.0127906 -0.0154083 -0.0127906 2.65312e-05 -0.00812665 -0.0154083 -0.00812665 8.36003e-05)
(0.000102179 -0.0127977 -0.0154058 -0.0127977 3.38034e-05 -0.00813521 -0.0154058 -0.00813521 0.000116043)
(1.96195e-05 -0.0127883 -0.0154245 -0.0127883 2.27447e-05 -0.00812337 -0.0154245 -0.00812337 6.12535e-05)
(4.06004e-05 -0.0127902 -0.0154264 -0.0127902 2.92184e-05 -0.00813748 -0.0154264 -0.00813748 4.85077e-05)
(3.33826e-05 -0.0127885 -0.0154334 -0.0127885 2.46122e-05 -0.00813191 -0.0154334 -0.00813191 2.88634e-05)
(3.01961e-06 -0.0127942 -0.015439 -0.0127942 2.99388e-05 -0.00812544 -0.015439 -0.00812544 5.13976e-05)
(4.70068e-05 -0.012791 -0.0154171 -0.012791 2.71875e-05 -0.0081217 -0.0154171 -0.0081217 9.15992e-05)
(7.08243e-05 -0.012796 -0.0154143 -0.012796 3.21293e-05 -0.0081382 -0.0154143 -0.0081382 7.25968e-05)
(1.11668e-05 -0.0127873 -0.0154269 -0.0127873 2.20344e-05 -0.00812315 -0.0154269 -0.00812315 6.35166e-05)
(9.29027e-06 -0.0127917 -0.0154296 -0.0127917 2.59012e-05 -0.00811735 -0.0154296 -0.00811735 8.81931e-05)
(4.43686e-05 -0.0127886 -0.015415 -0.0127886 2.61468e-05 -0.00812106 -0.015415 -0.00812106 8.29902e-05)
(2.06863e-05 -0.0127898 -0.0154237 -0.0127898 2.66882e-05 -0.00812026 -0.0154237 -0.00812026 7.90196e-05)
(5.95062e-05 -0.0127958 -0.0154201 -0.0127958 3.28506e-05 -0.00813908 -0.0154201 -0.00813908 6.02516e-05)
(4.90749e-05 -0.0127911 -0.0154239 -0.0127911 2.38547e-05 -0.00813193 -0.0154239 -0.00813193 4.98578e-05)
(4.36202e-05 -0.0127894 -0.015425 -0.0127894 2.4504e-05 -0.00813334 -0.015425 -0.00813334 5.50373e-05)
(6.31112e-05 -0.0127923 -0.0154162 -0.0127923 2.4684e-05 -0.00813003 -0.0154162 -0.00813003 6.63185e-05)
(8.04007e-05 -0.012793 -0.0154074 -0.012793 2.88966e-05 -0.0081291 -0.0154074 -0.0081291 0.000101771)
(-1.17402e-05 -0.0127956 -0.0154368 -0.0127956 3.00777e-05 -0.00811543 -0.0154368 -0.00811543 7.23334e-05)
(-7.75814e-05 -0.0128178 -0.0154546 -0.0128178 5.9399e-05 -0.00811049 -0.0154546 -0.00811049 7.04952e-05)
(4.31345e-05 -0.0127929 -0.0154374 -0.0127929 2.42001e-05 -0.00813257 -0.0154374 -0.00813257 3.31332e-05)
(6.9489e-05 -0.0127993 -0.0154204 -0.0127993 2.85605e-05 -0.00813451 -0.0154204 -0.00813451 4.51941e-05)
(1.87025e-05 -0.0127891 -0.0154262 -0.0127891 2.34499e-05 -0.0081215 -0.0154262 -0.0081215 8.0487e-05)
(3.07896e-05 -0.0127875 -0.0154255 -0.0127875 2.26217e-05 -0.00812671 -0.0154255 -0.00812671 7.56956e-05)
(4.52152e-05 -0.0127902 -0.0154171 -0.0127902 2.75438e-05 -0.00813018 -0.0154171 -0.00813018 0.00010651)
(6.37843e-05 -0.012791 -0.0154134 -0.012791 2.4629e-05 -0.00812432 -0.0154134 -0.00812432 7.88563e-05)
(5.60266e-05 -0.0127916 -0.0154158 -0.0127916 2.60213e-05 -0.00813156 -0.0154158 -0.00813156 9.0067e-05)
(1.37885e-05 -0.0127863 -0.0154278 -0.0127863 2.14601e-05 -0.00812421 -0.0154278 -0.00812421 7.57986e-05)
(7.43911e-05 -0.0128045 -0.0154218 -0.0128045 4.38555e-05 -0.0081431 -0.0154218 -0.0081431 5.09619e-05)
(0.000142819 -0.0128034 -0.0153974 -0.0128034 3.31992e-05 -0.00813466 -0.0153974 -0.00813466 9.36333e-05)
(4.40192e-05 -0.0127892 -0.015417 -0.0127892 2.33708e-05 -0.00812804 -0.015417 -0.00812804 6.87277e-05)
(8.16613e-06 -0.0127891 -0.0154267 -0.0127891 2.7973e-05 -0.00812075 -0.0154267 -0.00812075 6.18608e-05)
(5.5586e-05 -0.0127913 -0.015418 -0.0127913 2.38571e-05 -0.00812749 -0.015418 -0.00812749 6.30534e-05)
(5.44032e-05 -0.0127923 -0.0154235 -0.0127923 2.73424e-05 -0.00813491 -0.0154235 -0.00813491 5.55258e-05)
(3.95843e-05 -0.01279 -0.0154215 -0.01279 2.50555e-05 -0.0081224 -0.0154215 -0.0081224 6.56091e-05)
(8.91591e-06 -0.0127896 -0.0154369 -0.0127896 2.09514e-05 -0.00812657 -0.0154369 -0.00812657 3.87657e-05)
(5.64503e-05 -0.0127922 -0.0154267 -0.0127922 2.54675e-05 -0.00812842 -0.0154267 -0.00812842 4.59286e-05)
(9.02512e-05 -0.0128018 -0.0154124 -0.0128018 3.32712e-05 -0.00813749 -0.0154124 -0.00813749 6.40547e-05)
(-5.50983e-05 -0.0128165 -0.0154534 -0.0128165 5.03023e-05 -0.00811495 -0.0154534 -0.00811495 5.80741e-05)
(1.82152e-05 -0.0127899 -0.0154301 -0.0127899 2.42489e-05 -0.00812484 -0.0154301 -0.00812484 5.52758e-05)
(7.49087e-05 -0.0127925 -0.0154096 -0.0127925 2.73038e-05 -0.00812907 -0.0154096 -0.00812907 8.94505e-05)
(3.27873e-05 -0.0127883 -0.0154215 -0.0127883 2.55998e-05 -0.00812902 -0.0154215 -0.00812902 0.000100573)
(8.01301e-05 -0.0128039 -0.0154178 -0.0128039 4.39058e-05 -0.0081447 -0.0154178 -0.0081447 6.61309e-05)
(7.6145e-05 -0.0127958 -0.0154185 -0.0127958 4.48943e-05 -0.00814803 -0.0154185 -0.00814803 8.93156e-05)
(4.77973e-05 -0.0127802 -0.0154307 -0.0127802 2.73939e-05 -0.00813669 -0.0154307 -0.00813669 4.76797e-05)
(9.05714e-05 -0.0128124 -0.01542 -0.0128124 5.35819e-05 -0.00814583 -0.01542 -0.00814583 4.9815e-05)
(8.09227e-05 -0.0127981 -0.0154189 -0.0127981 2.79778e-05 -0.00813351 -0.0154189 -0.00813351 5.42384e-05)
(2.71968e-05 -0.0127852 -0.0154368 -0.0127852 1.81226e-05 -0.0081278 -0.0154368 -0.0081278 4.03221e-05)
(7.33773e-05 -0.0127935 -0.0154119 -0.0127935 2.63519e-05 -0.00813063 -0.0154119 -0.00813063 7.6078e-05)
(9.12847e-05 -0.0127997 -0.01541 -0.0127997 3.11192e-05 -0.00813573 -0.01541 -0.00813573 7.17565e-05)
(1.33974e-05 -0.0127897 -0.0154317 -0.0127897 2.22473e-05 -0.00812342 -0.0154317 -0.00812342 5.64516e-05)
(7.95209e-05 -0.0128 -0.0154141 -0.0128 4.1306e-05 -0.00814594 -0.0154141 -0.00814594 9.11512e-05)
(3.92788e-05 -0.0127802 -0.0154327 -0.0127802 2.05979e-05 -0.00813164 -0.0154327 -0.00813164 6.29747e-05)
(7.98206e-06 -0.0127913 -0.0154321 -0.0127913 2.54847e-05 -0.00811899 -0.0154321 -0.00811899 8.22157e-05)
(0.000139631 -0.0128073 -0.0153999 -0.0128073 4.34052e-05 -0.00814699 -0.0153999 -0.00814699 0.000120474)
(6.47995e-05 -0.0127985 -0.0154214 -0.0127985 3.43147e-05 -0.00813885 -0.0154214 -0.00813885 5.07185e-05)
(3.13137e-05 -0.012787 -0.0154282 -0.012787 2.14544e-05 -0.00813025 -0.0154282 -0.00813025 4.78939e-05)
(4.63124e-05 -0.0127933 -0.0154243 -0.0127933 2.50358e-05 -0.00813327 -0.0154243 -0.00813327 4.19691e-05)
(0.00010955 -0.0127967 -0.015406 -0.0127967 2.73696e-05 -0.00812859 -0.015406 -0.00812859 7.52007e-05)
(3.61857e-05 -0.0127864 -0.0154253 -0.0127864 2.26124e-05 -0.00813118 -0.0154253 -0.00813118 6.5485e-05)
(5.38043e-06 -0.0127946 -0.0154423 -0.0127946 2.5881e-05 -0.00811657 -0.0154423 -0.00811657 7.29378e-05)
(5.52363e-05 -0.0127905 -0.0154158 -0.0127905 2.39674e-05 -0.0081267 -0.0154158 -0.0081267 7.30609e-05)
(4.92676e-05 -0.0127898 -0.0154164 -0.0127898 2.39731e-05 -0.00812775 -0.0154164 -0.00812775 7.17953e-05)
(-3.02465e-05 -0.0127997 -0.0154389 -0.0127997 4.07152e-05 -0.00810949 -0.0154389 -0.00810949 8.79789e-05)
(2.69482e-05 -0.0127882 -0.0154189 -0.0127882 2.46082e-05 -0.00812166 -0.0154189 -0.00812166 8.99648e-05)
(5.29893e-05 -0.0127906 -0.0154148 -0.0127906 2.47236e-05 -0.00813142 -0.0154148 -0.00813142 7.27517e-05)
(4.23463e-05 -0.0127891 -0.0154188 -0.0127891 2.66408e-05 -0.00813298 -0.0154188 -0.00813298 9.63802e-05)
(1.5131e-05 -0.0127923 -0.0154397 -0.0127923 2.3719e-05 -0.00812337 -0.0154397 -0.00812337 5.06476e-05)
(2.18485e-05 -0.0127915 -0.015428 -0.0127915 2.67114e-05 -0.00812023 -0.015428 -0.00812023 8.20945e-05)
(1.82542e-05 -0.0127892 -0.0154499 -0.0127892 2.40128e-05 -0.00813418 -0.0154499 -0.00813418 4.79662e-05)
(6.47267e-05 -0.0127925 -0.0154204 -0.0127925 3.27412e-05 -0.00813956 -0.0154204 -0.00813956 7.50916e-05)
(4.70828e-05 -0.0127896 -0.0154151 -0.0127896 2.49231e-05 -0.00812719 -0.0154151 -0.00812719 8.86138e-05)
(5.87626e-05 -0.0127908 -0.0154244 -0.0127908 3.80432e-05 -0.00814401 -0.0154244 -0.00814401 6.96898e-05)
(1.21497e-05 -0.0127885 -0.0154251 -0.0127885 2.51078e-05 -0.00812133 -0.0154251 -0.00812133 7.43335e-05)
(9.35031e-05 -0.0127962 -0.0154127 -0.0127962 2.77358e-05 -0.00813202 -0.0154127 -0.00813202 7.0265e-05)
(5.48664e-05 -0.0127951 -0.0154222 -0.0127951 2.71231e-05 -0.00813439 -0.0154222 -0.00813439 4.68368e-05)
(2.24478e-05 -0.0127839 -0.0154368 -0.0127839 1.91774e-05 -0.00813039 -0.0154368 -0.00813039 3.12791e-05)
(9.82234e-05 -0.0128278 -0.0154256 -0.0128278 9.74081e-05 -0.00814951 -0.0154256 -0.00814951 3.76215e-05)
(6.07548e-05 -0.0127916 -0.015414 -0.0127916 2.67731e-05 -0.00813225 -0.015414 -0.00813225 8.26954e-05)
(-2.18101e-05 -0.0128019 -0.0154432 -0.0128019 3.65282e-05 -0.00811057 -0.0154432 -0.00811057 8.84497e-05)
(6.65025e-05 -0.0127949 -0.0154129 -0.0127949 2.96518e-05 -0.00813643 -0.0154129 -0.00813643 8.55049e-05)
(1.35266e-06 -0.012791 -0.0154278 -0.012791 2.78738e-05 -0.00811648 -0.0154278 -0.00811648 8.82249e-05)
(2.91081e-05 -0.0127895 -0.015429 -0.0127895 2.2575e-05 -0.00812413 -0.015429 -0.00812413 7.07713e-05)
(4.77485e-05 -0.0127915 -0.0154245 -0.0127915 2.41362e-05 -0.00813242 -0.0154245 -0.00813242 5.15498e-05)
(-1.28856e-05 -0.0127948 -0.0154375 -0.0127948 2.94729e-05 -0.00811943 -0.0154375 -0.00811943 6.14876e-05)
(1.53789e-05 -0.0127965 -0.0154272 -0.0127965 3.84342e-05 -0.00811175 -0.0154272 -0.00811175 0.000100949)
(0.000135092 -0.0128052 -0.0154002 -0.0128052 4.01079e-05 -0.00814449 -0.0154002 -0.00814449 0.000122898)
(2.95723e-05 -0.0127907 -0.0154257 -0.0127907 2.81305e-05 -0.00812039 -0.0154257 -0.00812039 7.08353e-05)
(-2.94021e-06 -0.0128004 -0.0154427 -0.0128004 4.08016e-05 -0.00812232 -0.0154427 -0.00812232 5.6371e-05)
(8.08884e-05 -0.0128147 -0.015421 -0.0128147 7.53545e-05 -0.00815382 -0.015421 -0.00815382 5.53201e-05)
(1.79318e-05 -0.0127853 -0.0154379 -0.0127853 1.92123e-05 -0.00812886 -0.0154379 -0.00812886 3.67542e-05)
(1.42052e-05 -0.01279 -0.0154288 -0.01279 2.48191e-05 -0.00812088 -0.0154288 -0.00812088 7.79765e-05)
(0.000117612 -0.0128048 -0.0154076 -0.0128048 3.80133e-05 -0.00814034 -0.0154076 -0.00814034 7.82125e-05)
(-5.45132e-05 -0.0128023 -0.0154419 -0.0128023 5.21967e-05 -0.00810861 -0.0154419 -0.00810861 8.49042e-05)
(1.8583e-05 -0.0127884 -0.0154273 -0.0127884 2.48537e-05 -0.00812405 -0.0154273 -0.00812405 9.67816e-05)
(7.55915e-05 -0.0128034 -0.0154197 -0.0128034 4.19451e-05 -0.00814321 -0.0154197 -0.00814321 5.47928e-05)
(7.88166e-05 -0.0127942 -0.0154089 -0.0127942 2.72148e-05 -0.00813095 -0.0154089 -0.00813095 7.4199e-05)
(7.10684e-05 -0.0127953 -0.0154208 -0.0127953 2.47126e-05 -0.00813061 -0.0154208 -0.00813061 5.07483e-05)
(2.72792e-05 -0.0127867 -0.0154287 -0.0127867 2.08752e-05 -0.0081292 -0.0154287 -0.0081292 4.83067e-05)
(5.89975e-05 -0.012795 -0.0154303 -0.012795 5.58285e-05 -0.00813988 -0.0154303 -0.00813988 2.97399e-05)
(5.54716e-05 -0.0127935 -0.0154297 -0.0127935 2.36e-05 -0.00813117 -0.0154297 -0.00813117 4.49564e-05)
(1.15925e-05 -0.012795 -0.0154444 -0.012795 3.31763e-05 -0.00813126 -0.0154444 -0.00813126 4.76634e-05)
(7.08033e-05 -0.0128013 -0.0154218 -0.0128013 3.53829e-05 -0.00813873 -0.0154218 -0.00813873 4.4912e-05)
(2.31601e-05 -0.0127873 -0.0154222 -0.0127873 2.29339e-05 -0.00812434 -0.0154222 -0.00812434 7.54909e-05)
(-4.7021e-05 -0.0128132 -0.0154574 -0.0128132 4.8078e-05 -0.00810464 -0.0154574 -0.00810464 9.53871e-05)
(5.62823e-05 -0.012795 -0.0154196 -0.012795 3.32783e-05 -0.00813436 -0.0154196 -0.00813436 0.000126645)
(8.98614e-05 -0.0128036 -0.0154124 -0.0128036 3.88762e-05 -0.00814205 -0.0154124 -0.00814205 7.02159e-05)
(2.49048e-05 -0.0127913 -0.0154218 -0.0127913 2.97784e-05 -0.0081148 -0.0154218 -0.0081148 8.8863e-05)
(3.9334e-06 -0.0127942 -0.0154437 -0.0127942 2.85253e-05 -0.00813146 -0.0154437 -0.00813146 4.18092e-05)
(5.74054e-05 -0.0127948 -0.0154237 -0.0127948 3.14343e-05 -0.00813738 -0.0154237 -0.00813738 4.98633e-05)
(4.22522e-05 -0.0127899 -0.0154257 -0.0127899 2.22247e-05 -0.00813052 -0.0154257 -0.00813052 5.14397e-05)
(3.10268e-05 -0.0127869 -0.0154228 -0.0127869 2.19047e-05 -0.00813119 -0.0154228 -0.00813119 6.54209e-05)
(7.65751e-05 -0.0127981 -0.0154216 -0.0127981 2.99614e-05 -0.00813535 -0.0154216 -0.00813535 5.2452e-05)
(3.83273e-05 -0.0127975 -0.0154317 -0.0127975 4.68891e-05 -0.00811532 -0.0154317 -0.00811532 8.10381e-05)
(8.36797e-06 -0.0127873 -0.0154265 -0.0127873 2.19833e-05 -0.00812173 -0.0154265 -0.00812173 6.98594e-05)
(-1.04837e-05 -0.0127922 -0.0154382 -0.0127922 2.64867e-05 -0.00812649 -0.0154382 -0.00812649 4.03064e-05)
(2.98696e-06 -0.0127927 -0.0154377 -0.0127927 2.50856e-05 -0.00811954 -0.0154377 -0.00811954 6.43818e-05)
(8.0252e-05 -0.0127931 -0.0154107 -0.0127931 2.62091e-05 -0.00812627 -0.0154107 -0.00812627 8.91411e-05)
(0.000118392 -0.012815 -0.0154418 -0.012815 4.71564e-05 -0.00813696 -0.0154418 -0.00813696 4.58223e-05)
(-1.65965e-06 -0.0127921 -0.0154307 -0.0127921 2.79967e-05 -0.00811648 -0.0154307 -0.00811648 8.21423e-05)
(3.77188e-05 -0.0127904 -0.015422 -0.0127904 2.41347e-05 -0.00812189 -0.015422 -0.00812189 6.9627e-05)
(3.3287e-05 -0.01279 -0.0154248 -0.01279 2.54678e-05 -0.0081225 -0.0154248 -0.0081225 6.0665e-05)
(-4.23848e-05 -0.0128002 -0.0154402 -0.0128002 4.22184e-05 -0.00810919 -0.0154402 -0.00810919 8.42471e-05)
(5.21884e-05 -0.0127927 -0.0154216 -0.0127927 2.42842e-05 -0.00813137 -0.0154216 -0.00813137 4.7874e-05)
(6.50926e-05 -0.0127922 -0.0154115 -0.0127922 2.79227e-05 -0.00813064 -0.0154115 -0.00813064 9.61474e-05)
(-3.33928e-05 -0.0128016 -0.0154406 -0.0128016 4.18019e-05 -0.00810982 -0.0154406 -0.00810982 8.86445e-05)
(5.44714e-05 -0.0127915 -0.0154245 -0.0127915 2.31321e-05 -0.00812799 -0.0154245 -0.00812799 5.39581e-05)
(8.78313e-05 -0.0127941 -0.0154062 -0.0127941 2.70402e-05 -0.00812726 -0.0154062 -0.00812726 8.62102e-05)
(2.8458e-05 -0.0127905 -0.0154391 -0.0127905 2.11824e-05 -0.00812636 -0.0154391 -0.00812636 3.31245e-05)
(3.64417e-05 -0.0127881 -0.0154233 -0.0127881 2.38305e-05 -0.0081331 -0.0154233 -0.0081331 5.97083e-05)
(0.000144477 -0.0128084 -0.0154008 -0.0128084 3.84528e-05 -0.00813971 -0.0154008 -0.00813971 8.64424e-05)
(-1.48416e-05 -0.0128048 -0.015447 -0.0128048 3.99983e-05 -0.00812416 -0.015447 -0.00812416 5.13745e-05)
(2.57669e-05 -0.0127916 -0.0154266 -0.0127916 2.65706e-05 -0.00812137 -0.0154266 -0.00812137 6.71436e-05)
(4.95521e-05 -0.0127917 -0.0154184 -0.0127917 2.58011e-05 -0.00813301 -0.0154184 -0.00813301 6.29721e-05)
(-1.39118e-05 -0.012801 -0.0154449 -0.012801 3.36137e-05 -0.00811133 -0.0154449 -0.00811133 8.76106e-05)
(-1.06532e-05 -0.0127957 -0.0154332 -0.0127957 3.91363e-05 -0.00811272 -0.0154332 -0.00811272 8.18362e-05)
(6.52475e-05 -0.0127924 -0.0154148 -0.0127924 2.43555e-05 -0.00812913 -0.0154148 -0.00812913 7.03509e-05)
(6.88005e-05 -0.0127928 -0.0154103 -0.0127928 2.95169e-05 -0.00813503 -0.0154103 -0.00813503 9.47424e-05)
(2.44918e-05 -0.0127871 -0.0154202 -0.0127871 2.50376e-05 -0.00812546 -0.0154202 -0.00812546 8.92227e-05)
(1.95347e-05 -0.0127895 -0.0154248 -0.0127895 2.51096e-05 -0.00812147 -0.0154248 -0.00812147 9.37953e-05)
(0.000106724 -0.0128195 -0.0154136 -0.0128195 6.57337e-05 -0.00815194 -0.0154136 -0.00815194 6.6737e-05)
(4.894e-05 -0.0127917 -0.0154318 -0.0127917 3.76318e-05 -0.00813583 -0.0154318 -0.00813583 3.08314e-05)
(6.11189e-05 -0.0127892 -0.0154232 -0.0127892 3.47849e-05 -0.00814202 -0.0154232 -0.00814202 7.53368e-05)
(0.000129356 -0.0128291 -0.0154085 -0.0128291 8.87826e-05 -0.00815514 -0.0154085 -0.00815514 7.38979e-05)
(3.15634e-05 -0.0127877 -0.0154281 -0.0127877 2.00305e-05 -0.00812884 -0.0154281 -0.00812884 4.91956e-05)
(1.2518e-05 -0.0127948 -0.015444 -0.0127948 2.48313e-05 -0.00811663 -0.015444 -0.00811663 6.86846e-05)
(4.56563e-05 -0.0127867 -0.0154132 -0.0127867 2.34165e-05 -0.00812419 -0.0154132 -0.00812419 7.75076e-05)
(3.15334e-07 -0.0127925 -0.0154267 -0.0127925 4.05546e-05 -0.00811272 -0.0154267 -0.00811272 8.90182e-05)
(2.46584e-05 -0.0127855 -0.0154278 -0.0127855 2.06087e-05 -0.00812838 -0.0154278 -0.00812838 5.6737e-05)
(-3.72724e-05 -0.0128033 -0.0154434 -0.0128033 4.73858e-05 -0.00811519 -0.0154434 -0.00811519 7.00629e-05)
(7.79293e-06 -0.0127931 -0.015428 -0.0127931 3.62064e-05 -0.00811351 -0.015428 -0.00811351 8.15802e-05)
(-8.34142e-05 -0.0128086 -0.0154483 -0.0128086 6.43352e-05 -0.00810696 -0.0154483 -0.00810696 8.68184e-05)
(8.03598e-05 -0.0127912 -0.0154156 -0.0127912 3.48398e-05 -0.00811902 -0.0154156 -0.00811902 7.76155e-05)
(7.00031e-05 -0.0128035 -0.0154239 -0.0128035 3.64677e-05 -0.00813815 -0.0154239 -0.00813815 4.05036e-05)
(6.12302e-05 -0.0127919 -0.0154123 -0.0127919 2.84655e-05 -0.00813329 -0.0154123 -0.00813329 9.8354e-05)
(8.39715e-05 -0.012796 -0.0154096 -0.012796 3.37881e-05 -0.00813787 -0.0154096 -0.00813787 0.000115017)
(-1.69137e-05 -0.0128022 -0.0154467 -0.0128022 3.40646e-05 -0.00811121 -0.0154467 -0.00811121 8.11298e-05)
(-2.71594e-05 -0.0128017 -0.0154437 -0.0128017 4.07309e-05 -0.00811965 -0.0154437 -0.00811965 5.92216e-05)
(7.45375e-05 -0.0128048 -0.0154385 -0.0128048 3.61504e-05 -0.00813493 -0.0154385 -0.00813493 3.19558e-05)
(4.62792e-05 -0.0127922 -0.01542 -0.0127922 2.47035e-05 -0.00813306 -0.01542 -0.00813306 5.55014e-05)
(3.52942e-05 -0.0127896 -0.0154245 -0.0127896 2.28537e-05 -0.00812402 -0.0154245 -0.00812402 6.08059e-05)
(4.6958e-05 -0.0127924 -0.0154337 -0.0127924 2.30925e-05 -0.0081314 -0.0154337 -0.0081314 4.0433e-05)
(1.7659e-05 -0.0127841 -0.0154321 -0.0127841 1.91802e-05 -0.00812766 -0.0154321 -0.00812766 4.50125e-05)
(3.03946e-05 -0.0127834 -0.0154305 -0.0127834 2.16258e-05 -0.008129 -0.0154305 -0.008129 7.15468e-05)
(7.00601e-05 -0.0127931 -0.0154123 -0.0127931 2.66401e-05 -0.00813208 -0.0154123 -0.00813208 8.14505e-05)
(6.26612e-05 -0.0127932 -0.0154148 -0.0127932 2.70853e-05 -0.00813369 -0.0154148 -0.00813369 7.02128e-05)
(1.32371e-05 -0.0127902 -0.0154296 -0.0127902 2.85512e-05 -0.00812282 -0.0154296 -0.00812282 5.97349e-05)
(5.76869e-05 -0.01279 -0.0154148 -0.01279 2.50235e-05 -0.00812589 -0.0154148 -0.00812589 7.50976e-05)
(5.85497e-05 -0.012789 -0.0154226 -0.012789 3.55188e-05 -0.00814352 -0.0154226 -0.00814352 9.02879e-05)
(-7.35844e-05 -0.0128101 -0.0154524 -0.0128101 5.40687e-05 -0.00810421 -0.0154524 -0.00810421 0.000101374)
(6.60978e-05 -0.0127925 -0.0154161 -0.0127925 2.5092e-05 -0.00813028 -0.0154161 -0.00813028 6.81543e-05)
(7.35509e-05 -0.0128093 -0.0154294 -0.0128093 5.03092e-05 -0.0081395 -0.0154294 -0.0081395 3.05581e-05)
(3.3372e-05 -0.0127886 -0.0154236 -0.0127886 2.16146e-05 -0.00813046 -0.0154236 -0.00813046 5.60087e-05)
(4.7895e-05 -0.0127938 -0.0154266 -0.0127938 2.79336e-05 -0.00813496 -0.0154266 -0.00813496 4.40869e-05)
(5.5728e-05 -0.0127901 -0.0154152 -0.0127901 2.46278e-05 -0.00812346 -0.0154152 -0.00812346 8.24459e-05)
(4.21148e-06 -0.0127905 -0.0154302 -0.0127905 2.52275e-05 -0.00811919 -0.0154302 -0.00811919 7.02672e-05)
(6.69228e-05 -0.012789 -0.0154276 -0.012789 3.80162e-05 -0.0081408 -0.0154276 -0.0081408 5.60262e-05)
(0.000106437 -0.0128033 -0.015409 -0.0128033 3.79719e-05 -0.0081411 -0.015409 -0.0081411 8.53537e-05)
(5.03756e-05 -0.012792 -0.0154164 -0.012792 2.64501e-05 -0.00812082 -0.0154164 -0.00812082 9.26489e-05)
(1.16405e-05 -0.0127958 -0.0154478 -0.0127958 2.72235e-05 -0.00811457 -0.0154478 -0.00811457 8.48044e-05)
(2.007e-05 -0.0127869 -0.0154261 -0.0127869 2.45925e-05 -0.00812581 -0.0154261 -0.00812581 9.37623e-05)
(9.27133e-05 -0.0128123 -0.0154207 -0.0128123 6.05186e-05 -0.00814822 -0.0154207 -0.00814822 5.55306e-05)
(1.9608e-05 -0.012791 -0.01543 -0.012791 2.43262e-05 -0.00812302 -0.01543 -0.00812302 5.76714e-05)
(6.41017e-05 -0.0127953 -0.0154154 -0.0127953 3.37501e-05 -0.00811843 -0.0154154 -0.00811843 0.000110892)
(7.43951e-05 -0.012806 -0.0154194 -0.012806 4.16167e-05 -0.00814209 -0.0154194 -0.00814209 4.89895e-05)
(3.32631e-05 -0.0127891 -0.0154282 -0.0127891 2.08756e-05 -0.00813033 -0.0154282 -0.00813033 4.32113e-05)
(0.00010668 -0.0127908 -0.0154118 -0.0127908 3.07078e-05 -0.00812263 -0.0154118 -0.00812263 8.21076e-05)
(7.41393e-05 -0.0127941 -0.0154178 -0.0127941 3.58985e-05 -0.00814193 -0.0154178 -0.00814193 8.74742e-05)
(3.08742e-05 -0.0128001 -0.0154526 -0.0128001 3.12229e-05 -0.00811323 -0.0154526 -0.00811323 9.79713e-05)
(-3.63065e-06 -0.0128016 -0.0154498 -0.0128016 5.55221e-05 -0.00812802 -0.0154498 -0.00812802 5.82318e-05)
(2.07562e-05 -0.012794 -0.0154375 -0.012794 3.32385e-05 -0.00812559 -0.0154375 -0.00812559 5.77818e-05)
(-6.77229e-05 -0.0128048 -0.0154449 -0.0128048 5.49774e-05 -0.00810683 -0.0154449 -0.00810683 8.56249e-05)
(-3.41197e-05 -0.0128036 -0.015447 -0.0128036 3.67423e-05 -0.00811498 -0.015447 -0.00811498 6.27713e-05)
(2.98456e-05 -0.0127877 -0.0154369 -0.0127877 2.1755e-05 -0.00813098 -0.0154369 -0.00813098 4.35162e-05)
(2.67074e-05 -0.0127905 -0.0154231 -0.0127905 2.62879e-05 -0.00811967 -0.0154231 -0.00811967 7.86183e-05)
(8.07323e-05 -0.012798 -0.015411 -0.012798 3.74896e-05 -0.00814424 -0.015411 -0.00814424 0.00011971)
(2.59472e-05 -0.0127895 -0.0154183 -0.0127895 2.80389e-05 -0.00811936 -0.0154183 -0.00811936 0.000100213)
(-3.45144e-05 -0.0128067 -0.0154486 -0.0128067 4.52119e-05 -0.0081256 -0.0154486 -0.0081256 5.11232e-05)
(1.48685e-05 -0.0127944 -0.0154424 -0.0127944 3.40106e-05 -0.00812934 -0.0154424 -0.00812934 4.90236e-05)
(4.6316e-05 -0.0127889 -0.0154174 -0.0127889 2.2544e-05 -0.00812787 -0.0154174 -0.00812787 6.62806e-05)
(5.00494e-05 -0.0127898 -0.015425 -0.0127898 2.45748e-05 -0.0081288 -0.015425 -0.0081288 5.74124e-05)
(5.15963e-05 -0.0127947 -0.0154332 -0.0127947 3.38554e-05 -0.00813456 -0.0154332 -0.00813456 3.09141e-05)
(4.02854e-05 -0.0127838 -0.0154331 -0.0127838 2.48242e-05 -0.00813182 -0.0154331 -0.00813182 3.05465e-05)
(3.84255e-05 -0.0127921 -0.0154222 -0.0127921 2.62152e-05 -0.00811995 -0.0154222 -0.00811995 8.6446e-05)
(3.06223e-05 -0.0127929 -0.0154323 -0.0127929 2.67132e-05 -0.0081243 -0.0154323 -0.0081243 5.77293e-05)
(3.37041e-05 -0.0127918 -0.0154369 -0.0127918 2.63157e-05 -0.00812942 -0.0154369 -0.00812942 4.67598e-05)
(8.3213e-05 -0.0127975 -0.0154244 -0.0127975 2.70574e-05 -0.00813244 -0.0154244 -0.00813244 4.88666e-05)
(1.34093e-05 -0.0127864 -0.0154286 -0.0127864 2.02696e-05 -0.00812669 -0.0154286 -0.00812669 4.90628e-05)
(1.69326e-05 -0.0127865 -0.0154255 -0.0127865 2.2794e-05 -0.00812634 -0.0154255 -0.00812634 9.25712e-05)
(3.44795e-05 -0.012792 -0.01542 -0.012792 3.07217e-05 -0.00811663 -0.01542 -0.00811663 9.77177e-05)
(-2.35462e-05 -0.012797 -0.0154397 -0.012797 3.5092e-05 -0.00812085 -0.0154397 -0.00812085 5.77318e-05)
(-8.40466e-07 -0.0127893 -0.0154274 -0.0127893 2.68639e-05 -0.00811889 -0.0154274 -0.00811889 9.35055e-05)
(6.84927e-05 -0.0127932 -0.0154111 -0.0127932 3.07061e-05 -0.00813052 -0.0154111 -0.00813052 0.000115618)
(7.71843e-05 -0.0128064 -0.0154281 -0.0128064 4.85847e-05 -0.00814 -0.0154281 -0.00814 3.87259e-05)
(5.55303e-05 -0.0127934 -0.0154355 -0.0127934 4.57198e-05 -0.00813294 -0.0154355 -0.00813294 3.08905e-05)
(2.86531e-05 -0.0127797 -0.0154341 -0.0127797 1.92991e-05 -0.00813032 -0.0154341 -0.00813032 3.14298e-05)
(1.63253e-05 -0.0127911 -0.0154275 -0.0127911 2.67676e-05 -0.00811991 -0.0154275 -0.00811991 9.45778e-05)
(0.000114373 -0.0128019 -0.0154167 -0.0128019 2.82366e-05 -0.00813205 -0.0154167 -0.00813205 5.40794e-05)
(7.73108e-05 -0.0128122 -0.0154242 -0.0128122 4.82239e-05 -0.00814126 -0.0154242 -0.00814126 3.4809e-05)
(4.85212e-05 -0.0127852 -0.0154284 -0.0127852 2.37778e-05 -0.00813301 -0.0154284 -0.00813301 6.59962e-05)
(-0.000154 -0.0128216 -0.0154572 -0.0128216 8.46507e-05 -0.00810611 -0.0154572 -0.00810611 8.38197e-05)
(1.42798e-05 -0.0127961 -0.0154271 -0.0127961 3.71118e-05 -0.00811318 -0.0154271 -0.00811318 0.000108434)
(9.6459e-05 -0.0128033 -0.015424 -0.0128033 2.77484e-05 -0.00813218 -0.015424 -0.00813218 4.53558e-05)
(3.23436e-05 -0.0127941 -0.0154265 -0.0127941 3.27539e-05 -0.00811346 -0.0154265 -0.00811346 7.62302e-05)
(-1.29463e-05 -0.0128082 -0.0154538 -0.0128082 4.3403e-05 -0.00811808 -0.0154538 -0.00811808 0.000125809)
(2.04631e-05 -0.0127898 -0.0154312 -0.0127898 2.44947e-05 -0.0081252 -0.0154312 -0.0081252 6.11328e-05)
(5.96155e-05 -0.0127938 -0.0154214 -0.0127938 2.72213e-05 -0.00813415 -0.0154214 -0.00813415 5.55207e-05)
(8.11703e-05 -0.0128232 -0.0154279 -0.0128232 9.34717e-05 -0.00814521 -0.0154279 -0.00814521 2.61933e-05)
(6.90815e-05 -0.0127971 -0.0154616 -0.0127971 3.13224e-05 -0.00813826 -0.0154616 -0.00813826 5.74281e-05)
(4.45785e-05 -0.0127925 -0.0154338 -0.0127925 2.46683e-05 -0.00813276 -0.0154338 -0.00813276 3.4388e-05)
(5.50089e-05 -0.012796 -0.0154272 -0.012796 3.11034e-05 -0.00813616 -0.0154272 -0.00813616 3.87023e-05)
(3.99472e-05 -0.0127922 -0.0154519 -0.0127922 3.81497e-05 -0.00812652 -0.0154519 -0.00812652 4.48143e-05)
(5.12968e-05 -0.0127878 -0.0154384 -0.0127878 2.66223e-05 -0.00813218 -0.0154384 -0.00813218 3.96922e-05)
(-1.05616e-06 -0.0128026 -0.0154512 -0.0128026 4.55143e-05 -0.00813298 -0.0154512 -0.00813298 5.25745e-05)
(-1.2798e-05 -0.0127978 -0.0154425 -0.0127978 3.64408e-05 -0.00812647 -0.0154425 -0.00812647 4.4916e-05)
(5.67768e-05 -0.0127915 -0.0154137 -0.0127915 2.69824e-05 -0.00812173 -0.0154137 -0.00812173 9.37679e-05)
(2.72444e-05 -0.0127894 -0.0154247 -0.0127894 2.43408e-05 -0.00812399 -0.0154247 -0.00812399 6.05661e-05)
(1.47757e-05 -0.0127922 -0.01543 -0.0127922 2.80745e-05 -0.00812122 -0.01543 -0.00812122 6.86253e-05)
(2.66671e-06 -0.012801 -0.0154455 -0.012801 3.82742e-05 -0.00812782 -0.0154455 -0.00812782 4.98923e-05)
(-2.94319e-05 -0.0128012 -0.0154413 -0.0128012 4.29286e-05 -0.00811514 -0.0154413 -0.00811514 7.02495e-05)
(2.8975e-05 -0.0127877 -0.015423 -0.0127877 2.40225e-05 -0.00812507 -0.015423 -0.00812507 8.20038e-05)
(3.52853e-05 -0.0127878 -0.0154246 -0.0127878 2.31622e-05 -0.00813219 -0.0154246 -0.00813219 5.21527e-05)
(1.81605e-05 -0.0127926 -0.0154421 -0.0127926 2.59573e-05 -0.00813151 -0.0154421 -0.00813151 4.02085e-05)
(1.24686e-06 -0.0127979 -0.015444 -0.0127979 3.77234e-05 -0.00812905 -0.015444 -0.00812905 4.62749e-05)
(3.90265e-05 -0.0127907 -0.0154239 -0.0127907 3.34727e-05 -0.00811793 -0.0154239 -0.00811793 6.85013e-05)
(-4.98408e-05 -0.0128063 -0.0154465 -0.0128063 5.71243e-05 -0.00810262 -0.0154465 -0.00810262 0.000100571)
(3.51296e-05 -0.0127915 -0.0154212 -0.0127915 2.68498e-05 -0.0081207 -0.0154212 -0.0081207 9.57689e-05)
(9.73773e-05 -0.0128166 -0.0154152 -0.0128166 7.64782e-05 -0.00815473 -0.0154152 -0.00815473 7.08805e-05)
(2.72508e-05 -0.012793 -0.0154252 -0.012793 2.88087e-05 -0.00812014 -0.0154252 -0.00812014 0.000103123)
(4.91879e-05 -0.0127913 -0.0154268 -0.0127913 2.34928e-05 -0.00813151 -0.0154268 -0.00813151 5.00304e-05)
(7.47463e-05 -0.0128018 -0.0154191 -0.0128018 4.23934e-05 -0.00814415 -0.0154191 -0.00814415 6.45596e-05)
(4.12915e-05 -0.0127883 -0.0154249 -0.0127883 2.27332e-05 -0.00813071 -0.0154249 -0.00813071 5.88673e-05)
(-2.22709e-05 -0.0128022 -0.0154449 -0.0128022 3.53126e-05 -0.00811416 -0.0154449 -0.00811416 7.21949e-05)
(4.10713e-05 -0.0127839 -0.0154254 -0.0127839 2.69762e-05 -0.00813614 -0.0154254 -0.00813614 8.31282e-05)
(8.02641e-05 -0.0128002 -0.0154389 -0.0128002 2.94699e-05 -0.00813483 -0.0154389 -0.00813483 4.01019e-05)
(7.36342e-05 -0.012793 -0.0154153 -0.012793 2.54597e-05 -0.00812848 -0.0154153 -0.00812848 6.72279e-05)
(-8.55842e-06 -0.0127972 -0.0154345 -0.0127972 3.47675e-05 -0.00811434 -0.0154345 -0.00811434 8.085e-05)
(-5.37741e-05 -0.0128049 -0.0154447 -0.0128049 5.45218e-05 -0.0081137 -0.0154447 -0.0081137 7.42753e-05)
(2.42767e-05 -0.012788 -0.0154239 -0.012788 2.29638e-05 -0.00812451 -0.0154239 -0.00812451 6.03147e-05)
(7.10249e-05 -0.0127989 -0.015438 -0.0127989 2.59545e-05 -0.00813296 -0.015438 -0.00813296 3.80393e-05)
(1.17485e-05 -0.0127904 -0.0154309 -0.0127904 3.25717e-05 -0.00812086 -0.0154309 -0.00812086 5.99802e-05)
(-6.48655e-05 -0.0128082 -0.01545 -0.0128082 4.6268e-05 -0.00810891 -0.01545 -0.00810891 7.82718e-05)
(3.69569e-05 -0.0127891 -0.0154211 -0.0127891 2.16582e-05 -0.00812452 -0.0154211 -0.00812452 7.10719e-05)
(9.77114e-05 -0.0128245 -0.0154464 -0.0128245 7.64209e-05 -0.00813216 -0.0154464 -0.00813216 3.73201e-05)
(7.0525e-05 -0.0127993 -0.0154243 -0.0127993 3.61823e-05 -0.00813896 -0.0154243 -0.00813896 4.78146e-05)
(-1.68416e-05 -0.0127949 -0.0154363 -0.0127949 3.0672e-05 -0.00811314 -0.0154363 -0.00811314 8.59522e-05)
(-4.7561e-06 -0.0127973 -0.0154426 -0.0127973 2.98907e-05 -0.00812375 -0.0154426 -0.00812375 5.00465e-05)
(6.34494e-05 -0.012803 -0.0154266 -0.012803 3.9401e-05 -0.00813887 -0.0154266 -0.00813887 3.60128e-05)
(7.17892e-05 -0.0127949 -0.0154431 -0.0127949 3.08509e-05 -0.00813492 -0.0154431 -0.00813492 4.43785e-05)
(3.20268e-05 -0.0127862 -0.0154285 -0.0127862 2.2682e-05 -0.00813292 -0.0154285 -0.00813292 4.54262e-05)
(3.85512e-05 -0.012788 -0.0154214 -0.012788 2.53817e-05 -0.00813467 -0.0154214 -0.00813467 6.88855e-05)
(3.27136e-05 -0.0127882 -0.0154267 -0.0127882 2.08753e-05 -0.00812778 -0.0154267 -0.00812778 5.72962e-05)
(3.52989e-05 -0.0127909 -0.0154425 -0.0127909 2.29339e-05 -0.00813258 -0.0154425 -0.00813258 4.09817e-05)
(8.44043e-05 -0.0128149 -0.0154223 -0.0128149 5.51509e-05 -0.00814506 -0.0154223 -0.00814506 4.22949e-05)
(4.63755e-05 -0.0127842 -0.015436 -0.0127842 2.74135e-05 -0.00813005 -0.015436 -0.00813005 2.98041e-05)
(3.40518e-05 -0.0127906 -0.0154415 -0.0127906 2.10092e-05 -0.00813123 -0.0154415 -0.00813123 3.6759e-05)
(5.12009e-05 -0.0127936 -0.0154207 -0.0127936 2.76358e-05 -0.00813546 -0.0154207 -0.00813546 5.36779e-05)
(6.00993e-05 -0.0127975 -0.0154202 -0.0127975 4.73273e-05 -0.00814939 -0.0154202 -0.00814939 7.81769e-05)
(5.70519e-05 -0.0127967 -0.0154289 -0.0127967 2.53496e-05 -0.00813275 -0.0154289 -0.00813275 3.37968e-05)
(1.41578e-07 -0.0127916 -0.0154291 -0.0127916 2.86728e-05 -0.00811516 -0.0154291 -0.00811516 7.91233e-05)
(4.30606e-05 -0.0127872 -0.0154269 -0.0127872 3.01786e-05 -0.00813885 -0.0154269 -0.00813885 5.63952e-05)
(5.63186e-05 -0.0127908 -0.0154106 -0.0127908 2.95908e-05 -0.00813432 -0.0154106 -0.00813432 0.000104966)
(2.91858e-05 -0.0127875 -0.0154207 -0.0127875 2.43023e-05 -0.00812458 -0.0154207 -0.00812458 5.82237e-05)
