/*--------------------------------*- C++ -*----------------------------------*\
  =========                 |
  \\      /  F ield         | OpenFOAM: The Open Source CFD Toolbox
   \\    /   O peration     | Website:  https://openfoam.org
    \\  /    A nd           | Version:  10
     \\/     M anipulation  |
\*---------------------------------------------------------------------------*/
FoamFile
{
    format      ascii;
    class       volTensorField;
    location    "32.5";
    object      TauNN;
}
// * * * * * * * * * * * * * * * * * * * * * * * * * * * * * * * * * * * * * //

dimensions      [0 2 -2 0 0 0 0];

internalField   nonuniform List<tensor> 
25600
(
(2.19846e-05 -0.012786 -0.0154268 -0.012786 2.16361e-05 -0.00813085 -0.0154268 -0.00813085 4.29598e-05)
(3.4689e-05 -0.0127904 -0.0154397 -0.0127904 2.40549e-05 -0.00813347 -0.0154397 -0.00813347 3.58039e-05)
(5.2343e-05 -0.0127892 -0.0154135 -0.0127892 2.69407e-05 -0.00812321 -0.0154135 -0.00812321 8.86646e-05)
(4.83539e-05 -0.0127908 -0.0154246 -0.0127908 3.25335e-05 -0.00813584 -0.0154246 -0.00813584 0.000120978)
(5.40332e-05 -0.0127888 -0.0154107 -0.0127888 2.65367e-05 -0.00812905 -0.0154107 -0.00812905 9.0352e-05)
(3.51565e-05 -0.012788 -0.015422 -0.012788 2.23443e-05 -0.00812952 -0.015422 -0.00812952 5.85878e-05)
(2.90279e-05 -0.0127872 -0.0154233 -0.0127872 2.18995e-05 -0.00812774 -0.0154233 -0.00812774 6.52905e-05)
(2.6768e-05 -0.0127885 -0.0154342 -0.0127885 2.29637e-05 -0.00813082 -0.0154342 -0.00813082 4.13479e-05)
(2.59999e-05 -0.0127872 -0.0154226 -0.0127872 2.53965e-05 -0.00812568 -0.0154226 -0.00812568 8.43026e-05)
(3.78966e-06 -0.0127871 -0.0154313 -0.0127871 2.4441e-05 -0.00812632 -0.0154313 -0.00812632 5.40422e-05)
(6.8943e-05 -0.012792 -0.0154394 -0.012792 2.62493e-05 -0.0081334 -0.0154394 -0.0081334 5.12605e-05)
(5.14413e-05 -0.012791 -0.015418 -0.012791 2.7112e-05 -0.00812182 -0.015418 -0.00812182 7.70037e-05)
(-1.95548e-06 -0.0127913 -0.0154327 -0.0127913 3.10808e-05 -0.00812216 -0.0154327 -0.00812216 5.84597e-05)
(1.0475e-07 -0.0127883 -0.0154305 -0.0127883 3.08828e-05 -0.00812167 -0.0154305 -0.00812167 5.59744e-05)
(1.82123e-05 -0.0127965 -0.0154295 -0.0127965 3.34417e-05 -0.00811597 -0.0154295 -0.00811597 7.97234e-05)
(9.61644e-07 -0.0127977 -0.015435 -0.0127977 3.3534e-05 -0.00811431 -0.015435 -0.00811431 9.53535e-05)
(-6.30246e-06 -0.0127979 -0.0154392 -0.0127979 3.00317e-05 -0.00811738 -0.0154392 -0.00811738 6.3144e-05)
(6.99863e-05 -0.012794 -0.0154113 -0.012794 3.16058e-05 -0.00812882 -0.0154113 -0.00812882 0.000119423)
(1.14102e-05 -0.0127886 -0.015429 -0.0127886 2.44462e-05 -0.00812389 -0.015429 -0.00812389 6.03788e-05)
(4.96382e-05 -0.0127919 -0.0154243 -0.0127919 2.40912e-05 -0.00812759 -0.0154243 -0.00812759 4.991e-05)
(5.58575e-05 -0.0127931 -0.0154399 -0.0127931 2.84363e-05 -0.00813414 -0.0154399 -0.00813414 4.17367e-05)
(-1.37718e-05 -0.0128023 -0.0154427 -0.0128023 3.54132e-05 -0.0081342 -0.0154427 -0.0081342 4.10628e-05)
(1.06682e-05 -0.0127898 -0.0154271 -0.0127898 2.68675e-05 -0.00812067 -0.0154271 -0.00812067 6.67315e-05)
(3.04059e-05 -0.0127859 -0.0154171 -0.0127859 2.53438e-05 -0.00812069 -0.0154171 -0.00812069 7.27079e-05)
(-1.75738e-05 -0.0127959 -0.0154349 -0.0127959 3.3836e-05 -0.00811254 -0.0154349 -0.00811254 9.69589e-05)
(3.67327e-07 -0.0127991 -0.0154361 -0.0127991 4.02593e-05 -0.00811893 -0.0154361 -0.00811893 6.88217e-05)
(3.78525e-05 -0.0127888 -0.0154211 -0.0127888 2.24188e-05 -0.00812714 -0.0154211 -0.00812714 6.66754e-05)
(1.22116e-05 -0.0127861 -0.0154307 -0.0127861 1.98586e-05 -0.00812874 -0.0154307 -0.00812874 3.88224e-05)
(-4.85014e-05 -0.0128008 -0.015439 -0.0128008 5.40781e-05 -0.0081126 -0.015439 -0.0081126 8.04569e-05)
(4.46113e-05 -0.0127879 -0.0154155 -0.0127879 2.42773e-05 -0.00812809 -0.0154155 -0.00812809 8.18532e-05)
(4.4801e-05 -0.0127901 -0.0154232 -0.0127901 3.07639e-05 -0.00813923 -0.0154232 -0.00813923 6.29215e-05)
(1.68854e-05 -0.0127902 -0.0154258 -0.0127902 2.77441e-05 -0.00812037 -0.0154258 -0.00812037 6.89023e-05)
(0.000108323 -0.0127984 -0.0154036 -0.0127984 3.59861e-05 -0.00813779 -0.0154036 -0.00813779 0.000122065)
(7.86301e-05 -0.0127972 -0.0154202 -0.0127972 4.42876e-05 -0.0081495 -0.0154202 -0.0081495 0.00013083)
(2.16391e-05 -0.0127876 -0.0154238 -0.0127876 2.31156e-05 -0.0081247 -0.0154238 -0.0081247 6.49779e-05)
(6.56286e-05 -0.0127911 -0.015422 -0.0127911 2.57746e-05 -0.00812874 -0.015422 -0.00812874 6.02408e-05)
(2.98959e-05 -0.0127883 -0.0154251 -0.0127883 2.27471e-05 -0.0081267 -0.0154251 -0.0081267 5.59384e-05)
(1.94735e-05 -0.0127865 -0.0154302 -0.0127865 2.07042e-05 -0.00812888 -0.0154302 -0.00812888 4.25375e-05)
(3.67725e-05 -0.0127898 -0.0154216 -0.0127898 2.37832e-05 -0.00812331 -0.0154216 -0.00812331 6.66215e-05)
(3.20612e-05 -0.0127894 -0.0154214 -0.0127894 2.6073e-05 -0.00812135 -0.0154214 -0.00812135 7.08642e-05)
(4.29467e-05 -0.0127893 -0.0154253 -0.0127893 2.30991e-05 -0.00813074 -0.0154253 -0.00813074 5.1812e-05)
(3.70751e-05 -0.0127927 -0.0154197 -0.0127927 2.98436e-05 -0.00812035 -0.0154197 -0.00812035 0.000107503)
(4.36173e-05 -0.0127887 -0.0154241 -0.0127887 2.44689e-05 -0.00813328 -0.0154241 -0.00813328 6.23713e-05)
(3.61977e-05 -0.0127857 -0.015426 -0.0127857 2.27892e-05 -0.00813244 -0.015426 -0.00813244 6.62598e-05)
(1.35678e-05 -0.0127866 -0.0154269 -0.0127866 2.1045e-05 -0.00812348 -0.0154269 -0.00812348 7.06812e-05)
(7.87941e-05 -0.0127929 -0.0154082 -0.0127929 2.72128e-05 -0.00813024 -0.0154082 -0.00813024 8.91167e-05)
(0.000101165 -0.0127951 -0.0154041 -0.0127951 2.99291e-05 -0.00812858 -0.0154041 -0.00812858 0.000103329)
(2.22519e-05 -0.0127891 -0.015432 -0.0127891 2.47813e-05 -0.00812408 -0.015432 -0.00812408 9.63096e-05)
(2.09445e-05 -0.0127863 -0.0154253 -0.0127863 2.34329e-05 -0.00812635 -0.0154253 -0.00812635 8.57834e-05)
(0.000105285 -0.0127996 -0.0154048 -0.0127996 3.21493e-05 -0.00813548 -0.0154048 -0.00813548 7.72534e-05)
(6.69513e-05 -0.0127927 -0.0154127 -0.0127927 2.9059e-05 -0.00813068 -0.0154127 -0.00813068 0.000105457)
(2.48371e-05 -0.0127847 -0.0154295 -0.0127847 1.94905e-05 -0.00812789 -0.0154295 -0.00812789 6.10637e-05)
(6.38282e-05 -0.0127934 -0.0154198 -0.0127934 2.50422e-05 -0.00813155 -0.0154198 -0.00813155 5.77357e-05)
(9.13945e-05 -0.012798 -0.0154094 -0.012798 3.26782e-05 -0.00813691 -0.0154094 -0.00813691 9.08978e-05)
(3.14195e-05 -0.0127869 -0.0154297 -0.0127869 2.31252e-05 -0.00813295 -0.0154297 -0.00813295 3.65454e-05)
(6.96451e-05 -0.0128003 -0.0154209 -0.0128003 3.71121e-05 -0.00813982 -0.0154209 -0.00813982 5.87239e-05)
(3.47063e-05 -0.0127906 -0.0154347 -0.0127906 2.20121e-05 -0.00812882 -0.0154347 -0.00812882 4.84485e-05)
(1.15449e-05 -0.0127885 -0.0154321 -0.0127885 2.09097e-05 -0.00812633 -0.0154321 -0.00812633 4.27853e-05)
(8.83487e-05 -0.0127958 -0.015411 -0.0127958 2.77655e-05 -0.00812998 -0.015411 -0.00812998 7.50849e-05)
(1.41753e-05 -0.0127907 -0.0154227 -0.0127907 2.8843e-05 -0.00811781 -0.0154227 -0.00811781 0.000100812)
(5.24465e-05 -0.0127904 -0.0154113 -0.0127904 2.699e-05 -0.00813328 -0.0154113 -0.00813328 9.77539e-05)
(6.12939e-05 -0.0127917 -0.0154214 -0.0127917 2.54552e-05 -0.00812559 -0.0154214 -0.00812559 7.3283e-05)
(-1.49061e-05 -0.0127997 -0.0154422 -0.0127997 3.34048e-05 -0.00811177 -0.0154422 -0.00811177 8.88449e-05)
(3.43963e-05 -0.0127882 -0.0154169 -0.0127882 2.37626e-05 -0.00812424 -0.0154169 -0.00812424 8.60442e-05)
(7.08713e-05 -0.0127958 -0.0154158 -0.0127958 3.03398e-05 -0.00813587 -0.0154158 -0.00813587 6.29786e-05)
(9.32419e-07 -0.0127917 -0.0154313 -0.0127917 2.65197e-05 -0.00811659 -0.0154313 -0.00811659 8.98451e-05)
(-2.95025e-06 -0.0127918 -0.0154353 -0.0127918 2.43612e-05 -0.00812029 -0.0154353 -0.00812029 5.67277e-05)
(8.36982e-05 -0.0127943 -0.0154131 -0.0127943 3.36904e-05 -0.00811756 -0.0154131 -0.00811756 0.000101768)
(4.57266e-05 -0.012791 -0.0154166 -0.012791 2.83728e-05 -0.00811887 -0.0154166 -0.00811887 9.19694e-05)
(1.9073e-05 -0.0127877 -0.0154389 -0.0127877 2.07858e-05 -0.00812101 -0.0154389 -0.00812101 6.49807e-05)
(1.93038e-05 -0.0127916 -0.0154273 -0.0127916 3.51596e-05 -0.00811766 -0.0154273 -0.00811766 7.2615e-05)
(3.88936e-05 -0.0127905 -0.0154307 -0.0127905 2.7995e-05 -0.0081265 -0.0154307 -0.0081265 5.91834e-05)
(2.3276e-05 -0.0127947 -0.0154418 -0.0127947 2.33765e-05 -0.00812311 -0.0154418 -0.00812311 4.60549e-05)
(8.24022e-05 -0.0128009 -0.0154178 -0.0128009 3.45368e-05 -0.00813838 -0.0154178 -0.00813838 5.742e-05)
(9.20633e-05 -0.0127962 -0.015405 -0.0127962 3.11237e-05 -0.00813577 -0.015405 -0.00813577 9.21774e-05)
(9.72326e-06 -0.012789 -0.0154262 -0.012789 2.42721e-05 -0.00811926 -0.0154262 -0.00811926 8.33381e-05)
(4.12411e-05 -0.0127884 -0.0154242 -0.0127884 2.42857e-05 -0.00813191 -0.0154242 -0.00813191 5.38817e-05)
(4.61244e-05 -0.0127911 -0.0154298 -0.0127911 2.37734e-05 -0.00813189 -0.0154298 -0.00813189 4.39204e-05)
(5.06564e-05 -0.0127919 -0.0154487 -0.0127919 3.16227e-05 -0.00813567 -0.0154487 -0.00813567 5.26768e-05)
(3.26574e-05 -0.0127906 -0.0154331 -0.0127906 2.53858e-05 -0.008129 -0.0154331 -0.008129 5.05335e-05)
(2.90004e-05 -0.0127874 -0.0154282 -0.0127874 2.01198e-05 -0.00812959 -0.0154282 -0.00812959 4.6809e-05)
(4.30081e-05 -0.0127898 -0.0154182 -0.0127898 2.3647e-05 -0.00813117 -0.0154182 -0.00813117 6.70313e-05)
(2.9718e-05 -0.0127905 -0.0154261 -0.0127905 2.82864e-05 -0.0081289 -0.0154261 -0.0081289 0.000113012)
(4.47162e-05 -0.0127912 -0.015421 -0.0127912 2.47259e-05 -0.00812257 -0.015421 -0.00812257 7.64769e-05)
(6.55346e-05 -0.0127929 -0.0154128 -0.0127929 3.16104e-05 -0.00811813 -0.0154128 -0.00811813 0.000103776)
(8.85154e-06 -0.0127928 -0.0154253 -0.0127928 3.15165e-05 -0.00811518 -0.0154253 -0.00811518 0.000102723)
(3.40401e-05 -0.0127893 -0.0154204 -0.0127893 2.34909e-05 -0.00812227 -0.0154204 -0.00812227 7.39193e-05)
(3.38351e-05 -0.0127898 -0.0154291 -0.0127898 2.08124e-05 -0.00812967 -0.0154291 -0.00812967 4.23047e-05)
(1.29799e-06 -0.0127992 -0.0154438 -0.0127992 2.94513e-05 -0.00812765 -0.0154438 -0.00812765 4.00146e-05)
(3.90069e-05 -0.0127899 -0.0154232 -0.0127899 2.31604e-05 -0.00812517 -0.0154232 -0.00812517 6.96313e-05)
(0.000106046 -0.0128052 -0.0154063 -0.0128052 3.72624e-05 -0.00814071 -0.0154063 -0.00814071 7.61831e-05)
(9.44334e-06 -0.0127887 -0.0154255 -0.0127887 2.90755e-05 -0.00812005 -0.0154255 -0.00812005 6.49506e-05)
(1.30004e-05 -0.0127929 -0.015435 -0.0127929 2.71897e-05 -0.00812598 -0.015435 -0.00812598 4.95523e-05)
(4.35828e-05 -0.0127892 -0.0154212 -0.0127892 2.7799e-05 -0.00813681 -0.0154212 -0.00813681 7.50702e-05)
(9.0838e-06 -0.012792 -0.0154312 -0.012792 2.77491e-05 -0.00812031 -0.0154312 -0.00812031 0.000106199)
(6.37343e-05 -0.0127905 -0.0154118 -0.0127905 2.5519e-05 -0.00812844 -0.0154118 -0.00812844 8.33652e-05)
(7.21751e-05 -0.0127978 -0.0154149 -0.0127978 3.1331e-05 -0.00813745 -0.0154149 -0.00813745 6.37293e-05)
(7.13213e-06 -0.0127944 -0.0154335 -0.0127944 3.40433e-05 -0.00811903 -0.0154335 -0.00811903 7.23324e-05)
(4.62359e-05 -0.012792 -0.0154254 -0.012792 2.42159e-05 -0.00813268 -0.0154254 -0.00813268 4.61373e-05)
(4.28121e-05 -0.0127937 -0.0154325 -0.0127937 3.23887e-05 -0.00813444 -0.0154325 -0.00813444 3.05617e-05)
(6.9546e-05 -0.012792 -0.0154152 -0.012792 2.66796e-05 -0.00813057 -0.0154152 -0.00813057 7.91452e-05)
(0.000101452 -0.0128053 -0.0154094 -0.0128053 4.95196e-05 -0.00815046 -0.0154094 -0.00815046 0.000102867)
(3.55214e-05 -0.0127889 -0.0154272 -0.0127889 2.90373e-05 -0.00813719 -0.0154272 -0.00813719 4.4682e-05)
(5.14052e-06 -0.0127931 -0.0154415 -0.0127931 2.43542e-05 -0.00812576 -0.0154415 -0.00812576 4.28133e-05)
(3.52548e-05 -0.0127892 -0.015428 -0.0127892 2.16714e-05 -0.00813093 -0.015428 -0.00813093 4.26216e-05)
(0.000101846 -0.0127941 -0.015406 -0.0127941 2.66791e-05 -0.00812691 -0.015406 -0.00812691 7.90303e-05)
(3.13115e-05 -0.0127905 -0.0154229 -0.0127905 2.71545e-05 -0.00812064 -0.0154229 -0.00812064 7.84901e-05)
(5.97939e-06 -0.012792 -0.0154331 -0.012792 2.68041e-05 -0.00812292 -0.0154331 -0.00812292 5.30133e-05)
(4.70071e-05 -0.0127927 -0.0154262 -0.0127927 3.7027e-05 -0.0081432 -0.0154262 -0.0081432 5.90704e-05)
(7.72596e-05 -0.0127924 -0.0154077 -0.0127924 2.67745e-05 -0.00812813 -0.0154077 -0.00812813 8.70679e-05)
(2.35243e-06 -0.0127986 -0.0154301 -0.0127986 4.55289e-05 -0.00810808 -0.0154301 -0.00810808 9.98007e-05)
(5.16954e-05 -0.0127894 -0.0154252 -0.0127894 3.12388e-05 -0.00813933 -0.0154252 -0.00813933 6.46589e-05)
(-1.32024e-05 -0.0127968 -0.0154395 -0.0127968 3.27116e-05 -0.00811472 -0.0154395 -0.00811472 0.000107801)
(-6.02656e-06 -0.0128027 -0.0154481 -0.0128027 3.49253e-05 -0.00811207 -0.0154481 -0.00811207 8.69166e-05)
(0.000109153 -0.0127954 -0.0154037 -0.0127954 3.01198e-05 -0.0081299 -0.0154037 -0.0081299 0.000103304)
(8.31501e-05 -0.0127914 -0.0154054 -0.0127914 2.7418e-05 -0.00812375 -0.0154054 -0.00812375 9.44472e-05)
(3.77705e-06 -0.0127913 -0.0154285 -0.0127913 2.79832e-05 -0.00811741 -0.0154285 -0.00811741 8.83972e-05)
(6.40529e-05 -0.0127911 -0.0154186 -0.0127911 2.45561e-05 -0.00812764 -0.0154186 -0.00812764 5.97922e-05)
(6.97027e-05 -0.0127914 -0.0154171 -0.0127914 2.50967e-05 -0.0081286 -0.0154171 -0.0081286 6.18132e-05)
(2.94218e-05 -0.0127849 -0.0154293 -0.0127849 2.06844e-05 -0.00812847 -0.0154293 -0.00812847 5.68189e-05)
(4.3215e-05 -0.0127883 -0.0154222 -0.0127883 2.42168e-05 -0.00813111 -0.0154222 -0.00813111 8.2569e-05)
(3.6279e-05 -0.0127894 -0.0154202 -0.0127894 2.45895e-05 -0.00812249 -0.0154202 -0.00812249 8.13325e-05)
(6.05945e-05 -0.0128 -0.0154263 -0.0128 3.02322e-05 -0.00813494 -0.0154263 -0.00813494 3.41694e-05)
(3.10277e-05 -0.0127919 -0.0154322 -0.0127919 2.63706e-05 -0.00812658 -0.0154322 -0.00812658 4.66922e-05)
(-3.86003e-06 -0.0127977 -0.0154445 -0.0127977 3.67784e-05 -0.00812862 -0.0154445 -0.00812862 4.88856e-05)
(5.14969e-05 -0.0127945 -0.0154231 -0.0127945 2.64661e-05 -0.008134 -0.0154231 -0.008134 4.39791e-05)
(8.94053e-06 -0.0127912 -0.0154278 -0.0127912 2.96224e-05 -0.00811876 -0.0154278 -0.00811876 6.63954e-05)
(2.14478e-05 -0.0127881 -0.015431 -0.0127881 2.08615e-05 -0.00812729 -0.015431 -0.00812729 4.76052e-05)
(1.8316e-05 -0.0127899 -0.0154306 -0.0127899 2.28512e-05 -0.00812238 -0.0154306 -0.00812238 6.74977e-05)
(-2.04832e-05 -0.0127986 -0.0154396 -0.0127986 3.45774e-05 -0.00811097 -0.0154396 -0.00811097 8.31179e-05)
(8.00327e-05 -0.0127911 -0.0154109 -0.0127911 3.00896e-05 -0.0081188 -0.0154109 -0.0081188 8.54783e-05)
(9.10153e-05 -0.012798 -0.0154137 -0.012798 2.90774e-05 -0.00813347 -0.0154137 -0.00813347 6.37788e-05)
(3.89575e-05 -0.0127845 -0.0154287 -0.0127845 2.54114e-05 -0.00813599 -0.0154287 -0.00813599 7.04632e-05)
(5.72214e-05 -0.012793 -0.0154147 -0.012793 2.97529e-05 -0.00813727 -0.0154147 -0.00813727 8.09552e-05)
(4.48335e-05 -0.0127888 -0.0154194 -0.0127888 2.43289e-05 -0.00812845 -0.0154194 -0.00812845 7.36366e-05)
(-1.97418e-05 -0.0127983 -0.0154397 -0.0127983 3.46129e-05 -0.00811599 -0.0154397 -0.00811599 7.43784e-05)
(9.90946e-05 -0.0127939 -0.0154157 -0.0127939 2.7659e-05 -0.00812776 -0.0154157 -0.00812776 6.75227e-05)
(5.18738e-05 -0.0127908 -0.0154159 -0.0127908 2.6678e-05 -0.0081324 -0.0154159 -0.0081324 8.37274e-05)
(6.24923e-06 -0.0127988 -0.0154446 -0.0127988 2.94715e-05 -0.0081157 -0.0154446 -0.0081157 7.27534e-05)
(5.02086e-05 -0.0127924 -0.0154307 -0.0127924 2.24283e-05 -0.00813003 -0.0154307 -0.00813003 4.77064e-05)
(4.37981e-05 -0.0127893 -0.0154193 -0.0127893 2.30905e-05 -0.00812973 -0.0154193 -0.00812973 7.29383e-05)
(2.40365e-05 -0.0127877 -0.0154301 -0.0127877 1.98502e-05 -0.00812749 -0.0154301 -0.00812749 4.83971e-05)
(9.37935e-05 -0.0127968 -0.015406 -0.0127968 2.96889e-05 -0.00813309 -0.015406 -0.00813309 8.90728e-05)
(7.42969e-05 -0.0127931 -0.0154101 -0.0127931 2.80227e-05 -0.00813218 -0.0154101 -0.00813218 8.92148e-05)
(1.98194e-05 -0.0127902 -0.0154245 -0.0127902 2.63247e-05 -0.00811926 -0.0154245 -0.00811926 7.6272e-05)
(6.81669e-05 -0.0127939 -0.0154137 -0.0127939 2.84401e-05 -0.00813401 -0.0154137 -0.00813401 7.9353e-05)
(5.60523e-05 -0.0127939 -0.0154203 -0.0127939 2.93193e-05 -0.00813636 -0.0154203 -0.00813636 5.80569e-05)
(1.20658e-05 -0.0127853 -0.0154325 -0.0127853 2.01157e-05 -0.00812606 -0.0154325 -0.00812606 4.87021e-05)
(4.61638e-05 -0.0127869 -0.0154278 -0.0127869 2.32846e-05 -0.0081322 -0.0154278 -0.0081322 5.54348e-05)
(0.000107415 -0.0127994 -0.0154088 -0.0127994 2.75809e-05 -0.00812985 -0.0154088 -0.00812985 6.80183e-05)
(4.34519e-05 -0.0127896 -0.0154235 -0.0127896 2.98985e-05 -0.00813871 -0.0154235 -0.00813871 6.62107e-05)
(3.32732e-05 -0.0127866 -0.0154252 -0.0127866 2.15736e-05 -0.0081295 -0.0154252 -0.0081295 6.41453e-05)
(6.71075e-05 -0.012794 -0.0154172 -0.012794 2.61802e-05 -0.00813224 -0.0154172 -0.00813224 6.4445e-05)
(5.605e-06 -0.0127965 -0.0154294 -0.0127965 3.63381e-05 -0.00811181 -0.0154294 -0.00811181 0.000102574)
(-5.25636e-05 -0.0128038 -0.0154448 -0.0128038 6.23751e-05 -0.0081097 -0.0154448 -0.0081097 7.97442e-05)
(2.0094e-05 -0.0127869 -0.0154269 -0.0127869 2.22158e-05 -0.00812694 -0.0154269 -0.00812694 5.19304e-05)
(8.57893e-06 -0.0127905 -0.0154284 -0.0127905 2.61236e-05 -0.00811987 -0.0154284 -0.00811987 7.09609e-05)
(4.50558e-05 -0.0127913 -0.0154201 -0.0127913 2.47038e-05 -0.0081243 -0.0154201 -0.0081243 8.86071e-05)
(6.8242e-05 -0.0127975 -0.015422 -0.0127975 3.1101e-05 -0.00813648 -0.015422 -0.00813648 4.97388e-05)
(4.699e-05 -0.0127903 -0.015426 -0.0127903 2.76001e-05 -0.00813555 -0.015426 -0.00813555 4.70407e-05)
(6.60513e-05 -0.0127921 -0.0154158 -0.0127921 2.4131e-05 -0.00812715 -0.0154158 -0.00812715 6.68454e-05)
(-3.02094e-05 -0.0127992 -0.0154379 -0.0127992 4.11446e-05 -0.00810945 -0.0154379 -0.00810945 9.45015e-05)
(2.86686e-05 -0.0127883 -0.0154289 -0.0127883 1.98955e-05 -0.00812985 -0.0154289 -0.00812985 4.04337e-05)
(0.000143157 -0.0128211 -0.0154092 -0.0128211 5.64581e-05 -0.00814711 -0.0154092 -0.00814711 6.58099e-05)
(3.27095e-05 -0.0127862 -0.0154239 -0.0127862 2.32638e-05 -0.0081313 -0.0154239 -0.0081313 7.16638e-05)
(2.76517e-05 -0.0127864 -0.015428 -0.0127864 1.9937e-05 -0.0081289 -0.015428 -0.0081289 5.15623e-05)
(9.88679e-05 -0.0128067 -0.0154119 -0.0128067 4.69123e-05 -0.00814718 -0.0154119 -0.00814718 7.91642e-05)
(7.22597e-05 -0.0127963 -0.0154201 -0.0127963 4.68987e-05 -0.0081509 -0.0154201 -0.0081509 0.000108265)
(2.77413e-05 -0.0127885 -0.0154245 -0.0127885 2.06429e-05 -0.00812509 -0.0154245 -0.00812509 6.25627e-05)
(-8.26005e-06 -0.0127979 -0.0154347 -0.0127979 4.47308e-05 -0.00811242 -0.0154347 -0.00811242 7.92838e-05)
(2.25993e-05 -0.0127911 -0.0154215 -0.0127911 2.89509e-05 -0.00811717 -0.0154215 -0.00811717 9.40677e-05)
(3.86953e-05 -0.0127833 -0.0154299 -0.0127833 2.28446e-05 -0.00813197 -0.0154299 -0.00813197 8.04857e-05)
(3.61274e-05 -0.0127848 -0.0154364 -0.0127848 2.10669e-05 -0.00812995 -0.0154364 -0.00812995 2.98571e-05)
(5.30874e-05 -0.0127931 -0.0154339 -0.0127931 2.45388e-05 -0.00813246 -0.0154339 -0.00813246 4.24079e-05)
(9.56507e-05 -0.0127941 -0.0154017 -0.0127941 3.21991e-05 -0.00813379 -0.0154017 -0.00813379 0.000115781)
(5.95571e-05 -0.0127901 -0.0154176 -0.0127901 2.5175e-05 -0.00812544 -0.0154176 -0.00812544 5.86257e-05)
(1.92996e-05 -0.0127912 -0.0154253 -0.0127912 2.78095e-05 -0.00811996 -0.0154253 -0.00811996 0.000101686)
(8.7667e-05 -0.012808 -0.0154159 -0.012808 5.38013e-05 -0.00815019 -0.0154159 -0.00815019 7.19623e-05)
(4.76511e-05 -0.0127898 -0.0154167 -0.0127898 2.43323e-05 -0.00812502 -0.0154167 -0.00812502 7.21536e-05)
(-1.57728e-06 -0.0127923 -0.0154378 -0.0127923 2.38823e-05 -0.00812272 -0.0154378 -0.00812272 4.80648e-05)
(5.96755e-05 -0.0127954 -0.0154507 -0.0127954 2.90041e-05 -0.00813464 -0.0154507 -0.00813464 4.82713e-05)
(3.5073e-05 -0.012793 -0.0154296 -0.012793 2.99845e-05 -0.0081235 -0.0154296 -0.0081235 6.0499e-05)
(-1.37343e-05 -0.0128001 -0.0154419 -0.0128001 3.51726e-05 -0.0081232 -0.0154419 -0.0081232 4.92824e-05)
(3.8211e-05 -0.0127889 -0.0154235 -0.0127889 2.23579e-05 -0.00813061 -0.0154235 -0.00813061 5.69856e-05)
(2.94666e-05 -0.0127887 -0.0154347 -0.0127887 2.15856e-05 -0.00813137 -0.0154347 -0.00813137 3.06398e-05)
(3.08077e-05 -0.0127887 -0.0154223 -0.0127887 2.28746e-05 -0.00812402 -0.0154223 -0.00812402 6.97983e-05)
(7.91294e-05 -0.0127984 -0.0154136 -0.0127984 3.12546e-05 -0.00813634 -0.0154136 -0.00813634 6.46615e-05)
(5.66198e-05 -0.0127965 -0.0154247 -0.0127965 3.71651e-05 -0.00814074 -0.0154247 -0.00814074 4.76249e-05)
(-6.06856e-05 -0.0128079 -0.0154498 -0.0128079 5.00562e-05 -0.00810455 -0.0154498 -0.00810455 9.80123e-05)
(6.05663e-05 -0.0127961 -0.0154194 -0.0127961 2.98818e-05 -0.00813664 -0.0154194 -0.00813664 5.8772e-05)
(8.31929e-05 -0.0128133 -0.015423 -0.0128133 7.76593e-05 -0.00815058 -0.015423 -0.00815058 4.81754e-05)
(3.53596e-05 -0.01279 -0.0154199 -0.01279 2.49476e-05 -0.00812256 -0.0154199 -0.00812256 9.1571e-05)
(6.23652e-05 -0.0128006 -0.0154282 -0.0128006 3.82547e-05 -0.00813773 -0.0154282 -0.00813773 3.54522e-05)
(7.2908e-05 -0.0127994 -0.0154296 -0.0127994 2.76274e-05 -0.00813369 -0.0154296 -0.00813369 3.76691e-05)
(6.02941e-05 -0.012794 -0.0154182 -0.012794 2.63186e-05 -0.00813288 -0.0154182 -0.00813288 5.91747e-05)
(6.24413e-05 -0.0127894 -0.0154305 -0.0127894 4.5372e-05 -0.0081394 -0.0154305 -0.0081394 3.57263e-05)
(5.70343e-05 -0.0127897 -0.0154279 -0.0127897 4.33761e-05 -0.00814358 -0.0154279 -0.00814358 5.05447e-05)
(1.31293e-05 -0.0127888 -0.0154318 -0.0127888 2.15351e-05 -0.00812367 -0.0154318 -0.00812367 5.85839e-05)
(4.51633e-05 -0.0127895 -0.0154182 -0.0127895 2.41913e-05 -0.00812696 -0.0154182 -0.00812696 8.14325e-05)
(4.09482e-05 -0.0127888 -0.0154244 -0.0127888 2.62553e-05 -0.0081356 -0.0154244 -0.0081356 5.79943e-05)
(0.000107694 -0.0127976 -0.0154077 -0.0127976 2.71267e-05 -0.00812914 -0.0154077 -0.00812914 6.66353e-05)
(6.05166e-05 -0.0127982 -0.0154212 -0.0127982 3.83703e-05 -0.00814346 -0.0154212 -0.00814346 6.87866e-05)
(-2.2423e-05 -0.0128259 -0.0154512 -0.0128259 5.4476e-05 -0.00812502 -0.0154512 -0.00812502 4.71391e-05)
(6.6243e-05 -0.0127986 -0.0154285 -0.0127986 3.38519e-05 -0.00813664 -0.0154285 -0.00813664 4.04428e-05)
(0.000102624 -0.0128249 -0.0154152 -0.0128249 8.13014e-05 -0.00815383 -0.0154152 -0.00815383 6.06335e-05)
(9.24632e-06 -0.012788 -0.0154269 -0.012788 2.25287e-05 -0.00812131 -0.0154269 -0.00812131 6.98015e-05)
(3.31313e-05 -0.0127841 -0.0154281 -0.0127841 2.33557e-05 -0.00813008 -0.0154281 -0.00813008 8.44435e-05)
(8.7492e-05 -0.012797 -0.0154075 -0.012797 3.32668e-05 -0.00813853 -0.0154075 -0.00813853 0.000101669)
(0.000133651 -0.0128093 -0.015417 -0.0128093 3.31997e-05 -0.0081349 -0.015417 -0.0081349 4.7891e-05)
(1.91207e-05 -0.0127869 -0.0154335 -0.0127869 2.13536e-05 -0.00813069 -0.0154335 -0.00813069 3.8291e-05)
(2.49634e-05 -0.0127832 -0.0154304 -0.0127832 1.93824e-05 -0.00813006 -0.0154304 -0.00813006 4.89314e-05)
(3.56917e-05 -0.012791 -0.0154214 -0.012791 2.65442e-05 -0.0081237 -0.0154214 -0.0081237 0.000101611)
(-5.7153e-07 -0.0127907 -0.0154349 -0.0127907 2.49324e-05 -0.00812327 -0.0154349 -0.00812327 5.41422e-05)
(4.20504e-05 -0.0127929 -0.0154531 -0.0127929 2.81562e-05 -0.00813609 -0.0154531 -0.00813609 5.0638e-05)
(5.89026e-05 -0.0127912 -0.0154167 -0.0127912 2.63549e-05 -0.0081217 -0.0154167 -0.0081217 7.14246e-05)
(3.07078e-05 -0.0127879 -0.0154217 -0.0127879 2.23688e-05 -0.00813149 -0.0154217 -0.00813149 5.64423e-05)
(3.32892e-05 -0.0127859 -0.0154265 -0.0127859 2.37465e-05 -0.0081341 -0.0154265 -0.0081341 5.57102e-05)
(5.37991e-05 -0.0127899 -0.015419 -0.0127899 2.75141e-05 -0.00813465 -0.015419 -0.00813465 8.28536e-05)
(6.70714e-05 -0.0127977 -0.0154153 -0.0127977 3.4609e-05 -0.00814055 -0.0154153 -0.00814055 7.00608e-05)
(3.01199e-05 -0.0127873 -0.0154207 -0.0127873 2.77801e-05 -0.0081319 -0.0154207 -0.0081319 0.000107682)
(4.84602e-05 -0.0127891 -0.0154166 -0.0127891 2.39178e-05 -0.00812794 -0.0154166 -0.00812794 7.16474e-05)
(7.89917e-05 -0.0127978 -0.0154185 -0.0127978 2.69694e-05 -0.00813279 -0.0154185 -0.00813279 4.91542e-05)
(3.25753e-05 -0.012788 -0.0154247 -0.012788 2.0686e-05 -0.0081285 -0.0154247 -0.0081285 5.717e-05)
(-3.03492e-07 -0.0127929 -0.0154383 -0.0127929 2.41223e-05 -0.00812272 -0.0154383 -0.00812272 4.9249e-05)
(1.65513e-05 -0.0127982 -0.0154487 -0.0127982 4.31913e-05 -0.00812986 -0.0154487 -0.00812986 6.03373e-05)
(7.48915e-06 -0.0127986 -0.0154435 -0.0127986 4.01111e-05 -0.00812451 -0.0154435 -0.00812451 6.1828e-05)
(3.60507e-05 -0.0127831 -0.0154305 -0.0127831 2.05004e-05 -0.00813081 -0.0154305 -0.00813081 5.56764e-05)
(8.52376e-05 -0.0128109 -0.0154262 -0.0128109 4.91452e-05 -0.00814067 -0.0154262 -0.00814067 4.12364e-05)
(2.05912e-05 -0.0127888 -0.015426 -0.0127888 2.25993e-05 -0.00812296 -0.015426 -0.00812296 6.46465e-05)
(3.55137e-05 -0.0127894 -0.0154443 -0.0127894 2.39654e-05 -0.00811965 -0.0154443 -0.00811965 7.53334e-05)
(4.80965e-05 -0.012789 -0.0154149 -0.012789 2.61411e-05 -0.00812348 -0.0154149 -0.00812348 8.72208e-05)
(5.7689e-05 -0.0127914 -0.0154169 -0.0127914 2.36228e-05 -0.00812956 -0.0154169 -0.00812956 6.02142e-05)
(5.05891e-05 -0.0127933 -0.0154231 -0.0127933 2.91691e-05 -0.00813665 -0.0154231 -0.00813665 5.17632e-05)
(6.40484e-05 -0.0127921 -0.0154154 -0.0127921 2.40384e-05 -0.00812832 -0.0154154 -0.00812832 6.7522e-05)
(7.51616e-05 -0.0127932 -0.0154281 -0.0127932 6.25537e-05 -0.00814738 -0.0154281 -0.00814738 4.55051e-05)
(8.80879e-05 -0.0127904 -0.0154215 -0.0127904 5.62024e-05 -0.00815191 -0.0154215 -0.00815191 0.000100099)
(0.000115812 -0.012808 -0.0154063 -0.012808 4.06147e-05 -0.00814214 -0.0154063 -0.00814214 8.74672e-05)
(9.14106e-05 -0.0127944 -0.0154066 -0.0127944 2.65737e-05 -0.00812985 -0.0154066 -0.00812985 7.69002e-05)
(3.4059e-06 -0.0127887 -0.0154266 -0.0127887 2.49719e-05 -0.00811857 -0.0154266 -0.00811857 8.36712e-05)
(-4.22333e-06 -0.0127937 -0.0154374 -0.0127937 3.05593e-05 -0.00812228 -0.0154374 -0.00812228 5.64065e-05)
(-1.78631e-05 -0.0127986 -0.0154397 -0.0127986 3.33258e-05 -0.00811342 -0.0154397 -0.00811342 7.78808e-05)
(0.000116832 -0.0128111 -0.0154066 -0.0128111 5.18996e-05 -0.00815018 -0.0154066 -0.00815018 9.60505e-05)
(1.92934e-05 -0.0127885 -0.0154233 -0.0127885 2.53035e-05 -0.0081221 -0.0154233 -0.0081221 8.31852e-05)
(-4.5887e-06 -0.0127961 -0.0154415 -0.0127961 2.7785e-05 -0.00812125 -0.0154415 -0.00812125 5.384e-05)
(6.52593e-05 -0.0127961 -0.015419 -0.0127961 2.66177e-05 -0.00813315 -0.015419 -0.00813315 5.39355e-05)
(9.29045e-05 -0.0128057 -0.0154212 -0.0128057 3.70448e-05 -0.00813846 -0.0154212 -0.00813846 4.74045e-05)
(3.43997e-05 -0.0127878 -0.0154231 -0.0127878 2.21679e-05 -0.00812762 -0.0154231 -0.00812762 6.74417e-05)
(-4.4047e-05 -0.0128043 -0.0154457 -0.0128043 4.56909e-05 -0.00811788 -0.0154457 -0.00811788 6.24203e-05)
(3.07212e-05 -0.0127897 -0.0154428 -0.0127897 2.48018e-05 -0.00813358 -0.0154428 -0.00813358 4.21296e-05)
(7.59343e-05 -0.0128071 -0.0154261 -0.0128071 5.94121e-05 -0.00814543 -0.0154261 -0.00814543 4.37315e-05)
(4.77777e-05 -0.0127907 -0.0154176 -0.0127907 2.61783e-05 -0.00812514 -0.0154176 -0.00812514 9.68227e-05)
(4.28992e-06 -0.012788 -0.0154269 -0.012788 2.34637e-05 -0.00812108 -0.0154269 -0.00812108 6.15755e-05)
(-1.17758e-05 -0.0127927 -0.0154306 -0.0127927 3.15089e-05 -0.0081153 -0.0154306 -0.0081153 9.65606e-05)
(2.9209e-05 -0.0127899 -0.0154207 -0.0127899 2.97641e-05 -0.00811831 -0.0154207 -0.00811831 8.38893e-05)
(5.74686e-05 -0.0127939 -0.0154203 -0.0127939 2.63336e-05 -0.00813364 -0.0154203 -0.00813364 5.75495e-05)
(6.51841e-05 -0.0127937 -0.0154194 -0.0127937 3.2489e-05 -0.0081378 -0.0154194 -0.0081378 0.000118024)
(2.40908e-05 -0.0127891 -0.0154301 -0.0127891 2.22926e-05 -0.00812363 -0.0154301 -0.00812363 6.70264e-05)
(-2.70455e-05 -0.012802 -0.0154402 -0.012802 5.52563e-05 -0.00810649 -0.0154402 -0.00810649 9.02265e-05)
(6.56538e-05 -0.0127922 -0.0154132 -0.0127922 2.65927e-05 -0.00812342 -0.0154132 -0.00812342 9.33634e-05)
(-2.03253e-07 -0.0127923 -0.0154275 -0.0127923 3.08438e-05 -0.00811575 -0.0154275 -0.00811575 9.34878e-05)
(4.17265e-05 -0.0127923 -0.015418 -0.0127923 3.32449e-05 -0.00811401 -0.015418 -0.00811401 9.61682e-05)
(8.09412e-05 -0.0127986 -0.0154115 -0.0127986 3.61139e-05 -0.00814196 -0.0154115 -0.00814196 9.95868e-05)
(4.04392e-05 -0.0127924 -0.0154373 -0.0127924 2.3988e-05 -0.00813239 -0.0154373 -0.00813239 3.25994e-05)
(6.83665e-05 -0.0127945 -0.0154389 -0.0127945 2.9248e-05 -0.00813335 -0.0154389 -0.00813335 4.72069e-05)
(5.02158e-05 -0.0127907 -0.0154207 -0.0127907 2.39242e-05 -0.00812964 -0.0154207 -0.00812964 5.6052e-05)
(-1.0358e-05 -0.0128054 -0.0154416 -0.0128054 3.45107e-05 -0.00813045 -0.0154416 -0.00813045 3.55559e-05)
(7.67897e-07 -0.0128002 -0.0154456 -0.0128002 2.92584e-05 -0.00811853 -0.0154456 -0.00811853 5.5427e-05)
(7.42236e-05 -0.0127945 -0.0154126 -0.0127945 3.08576e-05 -0.00813688 -0.0154126 -0.00813688 8.22398e-05)
(6.83088e-05 -0.0128006 -0.015419 -0.0128006 3.36197e-05 -0.00813846 -0.015419 -0.00813846 5.07118e-05)
(4.08075e-05 -0.0127888 -0.0154157 -0.0127888 2.43758e-05 -0.00812386 -0.0154157 -0.00812386 8.80293e-05)
(-2.4484e-05 -0.0128013 -0.0154379 -0.0128013 4.42422e-05 -0.00810854 -0.0154379 -0.00810854 9.66912e-05)
(-1.92289e-05 -0.0128036 -0.0154458 -0.0128036 3.72793e-05 -0.00812662 -0.0154458 -0.00812662 4.56285e-05)
(1.83375e-05 -0.012792 -0.0154322 -0.012792 3.27865e-05 -0.00812293 -0.0154322 -0.00812293 6.25867e-05)
(-1.46276e-05 -0.0127997 -0.0154396 -0.0127997 4.29291e-05 -0.00811699 -0.0154396 -0.00811699 6.76179e-05)
(2.27428e-05 -0.0127878 -0.015436 -0.0127878 1.96594e-05 -0.00812567 -0.015436 -0.00812567 4.59044e-05)
(-1.25027e-05 -0.0127992 -0.0154353 -0.0127992 4.62621e-05 -0.00811088 -0.0154353 -0.00811088 8.64535e-05)
(2.89812e-05 -0.0127954 -0.0154335 -0.0127954 4.54465e-05 -0.00811931 -0.0154335 -0.00811931 6.78328e-05)
(8.01572e-05 -0.0128068 -0.015427 -0.0128068 4.3294e-05 -0.00813985 -0.015427 -0.00813985 3.81608e-05)
(0.000100594 -0.0128062 -0.0154151 -0.0128062 4.30936e-05 -0.00814306 -0.0154151 -0.00814306 6.68061e-05)
(-6.53177e-05 -0.01281 -0.0154501 -0.01281 5.23481e-05 -0.00810492 -0.0154501 -0.00810492 9.06511e-05)
(-6.93986e-05 -0.0128129 -0.0154507 -0.0128129 5.42657e-05 -0.00811429 -0.0154507 -0.00811429 6.58201e-05)
(-4.10143e-05 -0.0128073 -0.0154488 -0.0128073 4.89634e-05 -0.00812499 -0.0154488 -0.00812499 5.22503e-05)
(2.70682e-05 -0.0127866 -0.0154219 -0.0127866 2.26665e-05 -0.00812749 -0.0154219 -0.00812749 7.15738e-05)
(1.99749e-05 -0.0127884 -0.015422 -0.0127884 2.52242e-05 -0.0081223 -0.015422 -0.0081223 9.30474e-05)
(4.18597e-05 -0.0127896 -0.0154249 -0.0127896 2.45999e-05 -0.00813324 -0.0154249 -0.00813324 4.95808e-05)
(5.16784e-05 -0.012791 -0.0154188 -0.012791 2.85254e-05 -0.00813644 -0.0154188 -0.00813644 7.2696e-05)
(8.11669e-05 -0.012805 -0.0154205 -0.012805 3.70357e-05 -0.00813881 -0.0154205 -0.00813881 4.85274e-05)
(7.75979e-05 -0.012808 -0.0154244 -0.012808 4.26272e-05 -0.0081398 -0.0154244 -0.0081398 3.76793e-05)
(9.4669e-06 -0.0127892 -0.0154254 -0.0127892 2.64193e-05 -0.0081206 -0.0154254 -0.0081206 9.51895e-05)
(3.00333e-05 -0.0127905 -0.0154378 -0.0127905 2.13471e-05 -0.00812894 -0.0154378 -0.00812894 4.50356e-05)
(8.13465e-05 -0.0128033 -0.0154177 -0.0128033 3.16999e-05 -0.008136 -0.0154177 -0.008136 4.95897e-05)
(2.51247e-05 -0.0127876 -0.0154173 -0.0127876 2.62188e-05 -0.00811867 -0.0154173 -0.00811867 8.16314e-05)
(-5.7658e-05 -0.0128055 -0.0154442 -0.0128055 4.98972e-05 -0.00810794 -0.0154442 -0.00810794 9.00072e-05)
(5.19037e-05 -0.0127923 -0.0154231 -0.0127923 3.21125e-05 -0.00813724 -0.0154231 -0.00813724 0.000123034)
(3.36606e-05 -0.0127891 -0.0154211 -0.0127891 2.4356e-05 -0.00812494 -0.0154211 -0.00812494 9.18483e-05)
(6.26119e-05 -0.0127952 -0.0154176 -0.0127952 2.48798e-05 -0.00813136 -0.0154176 -0.00813136 5.71098e-05)
(0.000106891 -0.0128238 -0.0154155 -0.0128238 7.1586e-05 -0.00815146 -0.0154155 -0.00815146 5.83069e-05)
(3.19441e-05 -0.0127896 -0.0154287 -0.0127896 2.02938e-05 -0.008129 -0.0154287 -0.008129 4.19289e-05)
(1.04618e-05 -0.0127895 -0.0154343 -0.0127895 2.29289e-05 -0.00812746 -0.0154343 -0.00812746 4.13956e-05)
(-2.28958e-05 -0.0127986 -0.015436 -0.0127986 4.6662e-05 -0.00811095 -0.015436 -0.00811095 8.1415e-05)
(1.63545e-05 -0.0127897 -0.0154389 -0.0127897 2.12132e-05 -0.00812892 -0.0154389 -0.00812892 3.84861e-05)
(4.83969e-05 -0.0127924 -0.0154237 -0.0127924 2.54467e-05 -0.00813349 -0.0154237 -0.00813349 4.8213e-05)
(6.58028e-05 -0.0127943 -0.0154213 -0.0127943 2.53905e-05 -0.0081318 -0.0154213 -0.0081318 4.99643e-05)
(1.4746e-05 -0.0127845 -0.0154372 -0.0127845 1.99858e-05 -0.00813123 -0.0154372 -0.00813123 3.37556e-05)
(9.85282e-05 -0.012814 -0.0154146 -0.012814 6.02782e-05 -0.00815113 -0.0154146 -0.00815113 6.98374e-05)
(8.32259e-05 -0.0128101 -0.0154225 -0.0128101 4.9696e-05 -0.00814338 -0.0154225 -0.00814338 4.21548e-05)
(3.92415e-05 -0.0127985 -0.0154426 -0.0127985 2.5358e-05 -0.00812482 -0.0154426 -0.00812482 3.49832e-05)
(-2.75748e-05 -0.0127967 -0.0154366 -0.0127967 3.81117e-05 -0.00811317 -0.0154366 -0.00811317 7.87715e-05)
(5.38362e-05 -0.0127903 -0.015414 -0.0127903 2.47211e-05 -0.00813018 -0.015414 -0.00813018 7.65758e-05)
(6.00188e-05 -0.0127942 -0.0154212 -0.0127942 3.33182e-05 -0.00813866 -0.0154212 -0.00813866 0.000125414)
(0.000118504 -0.0127989 -0.0154001 -0.0127989 3.27394e-05 -0.00813422 -0.0154001 -0.00813422 0.000110757)
(1.10568e-06 -0.0127983 -0.0154463 -0.0127983 4.26535e-05 -0.00813203 -0.0154463 -0.00813203 4.59428e-05)
(-8.60027e-07 -0.0127969 -0.0154293 -0.0127969 4.17744e-05 -0.00811007 -0.0154293 -0.00811007 0.000104681)
(3.07215e-05 -0.0127887 -0.0154184 -0.0127887 2.46176e-05 -0.00812125 -0.0154184 -0.00812125 8.76539e-05)
(1.84414e-06 -0.0127912 -0.0154366 -0.0127912 2.29453e-05 -0.00812544 -0.0154366 -0.00812544 4.14443e-05)
(-4.99733e-05 -0.0128035 -0.0154439 -0.0128035 6.07888e-05 -0.00811254 -0.0154439 -0.00811254 7.55104e-05)
(-5.02809e-05 -0.0128124 -0.0154501 -0.0128124 5.35415e-05 -0.00813224 -0.0154501 -0.00813224 4.61116e-05)
(1.50077e-05 -0.0127899 -0.0154413 -0.0127899 2.36399e-05 -0.00812988 -0.0154413 -0.00812988 4.35625e-05)
(0.00014328 -0.0128028 -0.0153985 -0.0128028 3.22664e-05 -0.00813377 -0.0153985 -0.00813377 9.1621e-05)
(9.39661e-05 -0.012792 -0.0154066 -0.012792 2.82622e-05 -0.00812116 -0.0154066 -0.00812116 8.36067e-05)
(2.31762e-05 -0.0127862 -0.0154246 -0.0127862 2.08388e-05 -0.00812795 -0.0154246 -0.00812795 5.79409e-05)
(8.39087e-06 -0.0127925 -0.0154412 -0.0127925 2.61174e-05 -0.00812956 -0.0154412 -0.00812956 4.23393e-05)
(1.97477e-05 -0.0127872 -0.0154319 -0.0127872 2.12449e-05 -0.00812335 -0.0154319 -0.00812335 7.57786e-05)
(8.70017e-07 -0.0127933 -0.0154397 -0.0127933 2.71137e-05 -0.00811665 -0.0154397 -0.00811665 8.81595e-05)
(3.60002e-05 -0.0127884 -0.0154254 -0.0127884 2.13446e-05 -0.00812989 -0.0154254 -0.00812989 5.44056e-05)
(4.5364e-05 -0.01279 -0.0154191 -0.01279 3.25883e-05 -0.00811649 -0.0154191 -0.00811649 8.25953e-05)
(-1.81406e-05 -0.012797 -0.0154384 -0.012797 3.56135e-05 -0.00811783 -0.0154384 -0.00811783 6.50742e-05)
(6.76091e-05 -0.012803 -0.0154296 -0.012803 4.23347e-05 -0.00813821 -0.0154296 -0.00813821 3.50337e-05)
(0.000102712 -0.0128101 -0.0154152 -0.0128101 4.17192e-05 -0.00814134 -0.0154152 -0.00814134 5.56052e-05)
(1.01813e-05 -0.0127889 -0.0154355 -0.0127889 2.00853e-05 -0.00812771 -0.0154355 -0.00812771 3.69137e-05)
(4.16705e-05 -0.0127932 -0.0154519 -0.0127932 2.59056e-05 -0.00813497 -0.0154519 -0.00813497 4.81262e-05)
(0.00011219 -0.0128049 -0.0154094 -0.0128049 3.50641e-05 -0.00813774 -0.0154094 -0.00813774 6.92619e-05)
(-1.10161e-07 -0.0127878 -0.0154315 -0.0127878 2.40105e-05 -0.00812045 -0.0154315 -0.00812045 8.76704e-05)
(-1.21109e-05 -0.0128009 -0.0154422 -0.0128009 3.79881e-05 -0.00811919 -0.0154422 -0.00811919 0.00012162)
(1.66256e-05 -0.0127897 -0.0154227 -0.0127897 2.95641e-05 -0.00811584 -0.0154227 -0.00811584 8.21299e-05)
(-0.00015495 -0.0128358 -0.0154539 -0.0128358 8.9521e-05 -0.00812055 -0.0154539 -0.00812055 5.58663e-05)
(2.13635e-05 -0.0127864 -0.0154248 -0.0127864 2.08279e-05 -0.00812668 -0.0154248 -0.00812668 6.04846e-05)
(0.000120078 -0.0128341 -0.0154143 -0.0128341 9.26879e-05 -0.00815417 -0.0154143 -0.00815417 6.05348e-05)
(0.00011964 -0.0128104 -0.0154128 -0.0128104 4.15884e-05 -0.00814113 -0.0154128 -0.00814113 6.16319e-05)
(5.45189e-05 -0.0127935 -0.0154289 -0.0127935 3.44683e-05 -0.00813642 -0.0154289 -0.00813642 3.55095e-05)
(-3.43921e-06 -0.0127976 -0.0154418 -0.0127976 2.81575e-05 -0.00812263 -0.0154418 -0.00812263 4.769e-05)
(-2.97435e-05 -0.0128076 -0.0154529 -0.0128076 5.61467e-05 -0.00813115 -0.0154529 -0.00813115 5.11057e-05)
(5.59808e-05 -0.0127942 -0.0154312 -0.0127942 2.52288e-05 -0.00813289 -0.0154312 -0.00813289 4.19687e-05)
(5.48469e-05 -0.0127928 -0.0154262 -0.0127928 3.09706e-05 -0.00813695 -0.0154262 -0.00813695 4.62637e-05)
(2.23384e-05 -0.012788 -0.0154285 -0.012788 2.0132e-05 -0.00812606 -0.0154285 -0.00812606 5.2051e-05)
(9.52321e-05 -0.0128181 -0.0154194 -0.0128181 9.04879e-05 -0.00815355 -0.0154194 -0.00815355 5.17204e-05)
(7.85951e-05 -0.012801 -0.0154328 -0.012801 5.41868e-05 -0.00813651 -0.0154328 -0.00813651 3.09372e-05)
(9.11155e-06 -0.012805 -0.0154503 -0.012805 4.2361e-05 -0.00813036 -0.0154503 -0.00813036 5.41571e-05)
(5.10258e-05 -0.0127873 -0.0154257 -0.0127873 2.6295e-05 -0.00813512 -0.0154257 -0.00813512 6.23389e-05)
(-2.50092e-05 -0.0127989 -0.0154436 -0.0127989 4.76343e-05 -0.00812361 -0.0154436 -0.00812361 5.50075e-05)
(4.16751e-05 -0.0127909 -0.0154215 -0.0127909 5.08867e-05 -0.00810948 -0.0154215 -0.00810948 9.07321e-05)
(6.794e-05 -0.0127946 -0.0154124 -0.0127946 3.24563e-05 -0.00813863 -0.0154124 -0.00813863 9.92154e-05)
(1.60887e-05 -0.0127982 -0.0154334 -0.0127982 3.60353e-05 -0.00812418 -0.0154334 -0.00812418 0.000126451)
(6.51113e-05 -0.0127928 -0.0154214 -0.0127928 3.67758e-05 -0.00814446 -0.0154214 -0.00814446 0.0001234)
(6.20488e-05 -0.0127955 -0.015421 -0.0127955 2.98219e-05 -0.00813619 -0.015421 -0.00813619 5.52582e-05)
(9.08978e-05 -0.01281 -0.0154181 -0.01281 4.4754e-05 -0.00814283 -0.0154181 -0.00814283 5.22423e-05)
(4.21346e-05 -0.0127863 -0.0154258 -0.0127863 2.39395e-05 -0.00813308 -0.0154258 -0.00813308 6.25193e-05)
(-6.99996e-05 -0.0128087 -0.0154484 -0.0128087 5.33615e-05 -0.00810905 -0.0154484 -0.00810905 8.1327e-05)
(6.0725e-05 -0.0127941 -0.015421 -0.0127941 4.64696e-05 -0.00810874 -0.015421 -0.00810874 9.55814e-05)
(9.1355e-05 -0.0128155 -0.0154201 -0.0128155 5.9735e-05 -0.00814737 -0.0154201 -0.00814737 5.02342e-05)
(9.55233e-05 -0.0127997 -0.0154105 -0.0127997 4.17985e-05 -0.00814614 -0.0154105 -0.00814614 0.000108228)
(4.75084e-05 -0.0127872 -0.0154349 -0.0127872 3.17227e-05 -0.00813261 -0.0154349 -0.00813261 3.25623e-05)
(5.25214e-05 -0.0127888 -0.0154413 -0.0127888 4.16042e-05 -0.0081268 -0.0154413 -0.0081268 3.44545e-05)
(-1.78884e-05 -0.0128012 -0.0154436 -0.0128012 3.66242e-05 -0.00812 -0.0154436 -0.00812 6.01959e-05)
(-6.46898e-05 -0.0128058 -0.0154458 -0.0128058 6.14055e-05 -0.00810791 -0.0154458 -0.00810791 8.57534e-05)
(7.10758e-05 -0.0127924 -0.0154204 -0.0127924 2.64997e-05 -0.00812519 -0.0154204 -0.00812519 6.28508e-05)
(2.12228e-05 -0.0127875 -0.0154316 -0.0127875 2.00477e-05 -0.00812657 -0.0154316 -0.00812657 5.04421e-05)
(-4.47603e-05 -0.0128029 -0.0154438 -0.0128029 4.41962e-05 -0.00811416 -0.0154438 -0.00811416 7.1393e-05)
(8.72668e-05 -0.0128041 -0.0154128 -0.0128041 4.39867e-05 -0.0081461 -0.0154128 -0.0081461 8.26497e-05)
(5.44016e-05 -0.0127944 -0.0154352 -0.0127944 2.54146e-05 -0.00813316 -0.0154352 -0.00813316 3.89232e-05)
(3.06343e-05 -0.0127922 -0.0154385 -0.0127922 2.63994e-05 -0.0081298 -0.0154385 -0.0081298 4.78609e-05)
(7.94729e-05 -0.0128109 -0.0154202 -0.0128109 6.33242e-05 -0.00815122 -0.0154202 -0.00815122 6.20349e-05)
(7.56235e-05 -0.0127968 -0.0154177 -0.0127968 3.42357e-05 -0.00813948 -0.0154177 -0.00813948 7.35465e-05)
(-5.12428e-05 -0.0128065 -0.015444 -0.0128065 5.59255e-05 -0.00810586 -0.015444 -0.00810586 9.70698e-05)
