/*--------------------------------*- C++ -*----------------------------------*\
  =========                 |
  \\      /  F ield         | OpenFOAM: The Open Source CFD Toolbox
   \\    /   O peration     | Website:  https://openfoam.org
    \\  /    A nd           | Version:  10
     \\/     M anipulation  |
\*---------------------------------------------------------------------------*/
FoamFile
{
    format      ascii;
    class       volTensorField;
    location    "14";
    object      TauNN;
}
// * * * * * * * * * * * * * * * * * * * * * * * * * * * * * * * * * * * * * //

dimensions      [0 2 -2 0 0 0 0];

internalField   nonuniform List<tensor> 
25600
(
(-0.00079091 -0.00196184 0.00474674 -0.00196184 0.00876255 -0.000977766 0.00474674 -0.000977766 0.00805924)
(-0.00167741 -0.00229825 0.00482482 -0.00229825 0.00953693 -0.000965914 0.00482482 -0.000965914 0.00821807)
(-0.000760927 -0.00331755 0.00558972 -0.00331755 0.00936073 -0.00193211 0.00558972 -0.00193211 0.00862732)
(0.00151503 -0.00245899 0.00395785 -0.00245899 0.00774601 -0.00278149 0.00395785 -0.00278149 0.00599769)
(0.000300159 -0.00249409 0.0044285 -0.00249409 0.00811289 -0.00267846 0.0044285 -0.00267846 0.00653574)
(-0.000773624 -0.00201657 0.00482115 -0.00201657 0.00876346 -0.00115674 0.00482115 -0.00115674 0.00803295)
(-0.000566672 -0.00210889 0.00495157 -0.00210889 0.00976989 -0.00143577 0.00495157 -0.00143577 0.007703)
(-0.000168107 -0.00286866 0.00633125 -0.00286866 0.0101434 -0.00217309 0.00633125 -0.00217309 0.00859019)
(0.00131667 -0.00349906 0.00569808 -0.00349906 0.00970169 -0.00202299 0.00569808 -0.00202299 0.00935601)
(0.000534237 -0.00268792 0.00491149 -0.00268792 0.00855318 -0.00270925 0.00491149 -0.00270925 0.00697714)
(-0.000344142 -0.00271481 0.00490718 -0.00271481 0.00859208 -0.00256959 0.00490718 -0.00256959 0.00721217)
(-0.00079719 -0.00285429 0.00520959 -0.00285429 0.00891846 -0.00205945 0.00520959 -0.00205945 0.00799665)
(2.52905e-05 -0.00259979 0.00465017 -0.00259979 0.00835729 -0.00249183 0.00465017 -0.00249183 0.00710454)
(0.0058538 -0.00136669 0.00198992 -0.00136669 0.00683254 -0.00254176 0.00198992 -0.00254176 0.00518647)
(-0.00187979 -0.00265551 0.00516616 -0.00265551 0.00946802 -0.00107616 0.00516616 -0.00107616 0.0084369)
(-0.00117073 -0.00270055 0.00521671 -0.00270055 0.00887262 -0.00187463 0.00521671 -0.00187463 0.00811159)
(-0.0007746 -0.00280888 0.00520127 -0.00280888 0.00892016 -0.00190552 0.00520127 -0.00190552 0.00788148)
(-0.00150898 -0.0019517 0.00526311 -0.0019517 0.00947018 -0.00145819 0.00526311 -0.00145819 0.00718489)
(-0.0015142 -0.00247461 0.00510432 -0.00247461 0.00885176 -0.00164837 0.00510432 -0.00164837 0.00817803)
(0.000552259 -0.00221517 0.00436614 -0.00221517 0.00799957 -0.00257142 0.00436614 -0.00257142 0.00635604)
(0.00119994 -0.00299306 0.00377577 -0.00299306 0.0080846 -0.00271276 0.00377577 -0.00271276 0.00652972)
(-0.00113037 -0.00231696 0.00486216 -0.00231696 0.00879151 -0.00202026 0.00486216 -0.00202026 0.00704833)
(-0.00182289 -0.00201657 0.00521894 -0.00201657 0.00929076 -0.00136798 0.00521894 -0.00136798 0.00735198)
(-0.00135925 -0.00181028 0.00448319 -0.00181028 0.0093514 -0.000804659 0.00448319 -0.000804659 0.00764428)
(0.000409339 -0.00222354 0.00463049 -0.00222354 0.00875244 -0.00144446 0.00463049 -0.00144446 0.00765618)
(0.0060827 -0.00200686 0.00164474 -0.00200686 0.00637903 -0.00294215 0.00164474 -0.00294215 0.00496804)
(-0.00148692 -0.00188948 0.00485085 -0.00188948 0.00906488 -0.00125288 0.00485085 -0.00125288 0.00754598)
(-0.000350517 -0.00107508 0.00434612 -0.00107508 0.00939294 -0.0012552 0.00434612 -0.0012552 0.00630746)
(-0.00101067 -0.00273525 0.00607438 -0.00273525 0.00998943 -0.00202414 0.00607438 -0.00202414 0.00826739)
(0.000111656 -0.00360342 0.0060737 -0.00360342 0.00992154 -0.00194239 0.0060737 -0.00194239 0.00928103)
(0.000919227 -0.00281992 0.00505479 -0.00281992 0.00890435 -0.00268308 0.00505479 -0.00268308 0.00738502)
(-6.70277e-05 -0.00257142 0.00511606 -0.00257142 0.00855304 -0.00232617 0.00511606 -0.00232617 0.00749109)
(-0.00165986 -0.00270021 0.00523052 -0.00270021 0.00919078 -0.00114708 0.00523052 -0.00114708 0.00844725)
(-0.00126861 -0.00183972 0.00495127 -0.00183972 0.0095891 -0.00132533 0.00495127 -0.00132533 0.00729703)
(-0.000108972 -0.00271822 0.00497785 -0.00271822 0.00890324 -0.00259869 0.00497785 -0.00259869 0.00735815)
(0.00206282 -0.00251255 0.00401155 -0.00251255 0.00758552 -0.00294149 0.00401155 -0.00294149 0.00575437)
(0.00309507 -0.0031878 0.00312851 -0.0031878 0.00686822 -0.00328297 0.00312851 -0.00328297 0.00521072)
(0.00032915 -0.00298675 0.00434155 -0.00298675 0.00852305 -0.00243573 0.00434155 -0.00243573 0.00720411)
(-0.00122783 -0.00302848 0.00546436 -0.00302848 0.00914141 -0.00180241 0.00546436 -0.00180241 0.00829541)
(0.00431838 -0.00243845 0.00247541 -0.00243845 0.00714256 -0.00284154 0.00247541 -0.00284154 0.00534526)
(0.00628997 0.00171999 0.00453499 0.00171999 0.008252 -0.00101028 0.00453499 -0.00101028 0.00548236)
(0.00498303 0.000752683 0.00375659 0.000752683 0.00876829 -0.00106347 0.00375659 -0.00106347 0.00555689)
(0.00137193 -0.000171737 0.00524184 -0.000171737 0.00807648 -0.00184317 0.00524184 -0.00184317 0.00571917)
(0.00277705 0.000805938 0.004792 0.000805938 0.00537678 -0.00326145 0.004792 -0.00326145 0.00551865)
(0.00308531 9.07136e-05 0.00617026 9.07136e-05 0.00699165 -0.00270681 0.00617026 -0.00270681 0.00693874)
(0.00419031 0.00122227 0.00411623 0.00122227 0.00851239 -0.0011107 0.00411623 -0.0011107 0.00532983)
(0.00737118 -0.000359611 0.00296414 -0.000359611 0.00946264 -0.000853969 0.00296414 -0.000853969 0.00518401)
(0.000631917 -0.00210683 0.00522875 -0.00210683 0.00978329 -0.00166102 0.00522875 -0.00166102 0.0076523)
(0.00131346 -0.00285373 0.00600985 -0.00285373 0.00967207 -0.0026343 0.00600985 -0.0026343 0.00777278)
(0.000750921 -0.00190218 0.00586235 -0.00190218 0.00864522 -0.00284654 0.00586235 -0.00284654 0.00780276)
(0.00325704 0.000402379 0.00670891 0.000402379 0.00712828 -0.00255717 0.00670891 -0.00255717 0.00680474)
(0.00618055 0.00145631 0.0060842 0.00145631 0.00532525 -0.00261437 0.0060842 -0.00261437 0.0065038)
(0.00204999 -0.000612127 0.00676544 -0.000612127 0.00804084 -0.00285523 0.00676544 -0.00285523 0.00804656)
(0.0051087 0.000845841 0.00666256 0.000845841 0.00769722 -0.00215802 0.00666256 -0.00215802 0.00800313)
(0.00243953 -0.00021237 0.00335968 -0.00021237 0.00929918 -0.00105446 0.00335968 -0.00105446 0.00588257)
(-3.00329e-05 -0.00118461 0.00552917 -0.00118461 0.00872138 -0.00226323 0.00552917 -0.00226323 0.00689336)
(0.0042137 0.000864236 0.00671647 0.000864236 0.00771704 -0.00219947 0.00671647 -0.00219947 0.00718208)
(0.00505518 0.00106713 0.00415057 0.00106713 0.00826387 -0.00100672 0.00415057 -0.00100672 0.00502375)
(-0.000743286 -0.000820883 0.00495471 -0.000820883 0.00886604 -0.00170385 0.00495471 -0.00170385 0.00658202)
(0.00154804 0.000141427 0.00612499 0.000141427 0.00762059 -0.00248586 0.00612499 -0.00248586 0.00632775)
(0.00682144 0.0016633 0.00497006 0.0016633 0.00382606 -0.00296771 0.00497006 -0.00296771 0.00575452)
(0.00701902 0.00189284 0.00647061 0.00189284 0.00694508 -0.00175149 0.00647061 -0.00175149 0.00719799)
(0.00710628 0.00175246 0.00486617 0.00175246 0.0074802 -0.000840724 0.00486617 -0.000840724 0.00487881)
(0.000997727 0.000119892 0.00308278 0.000119892 0.00870728 -0.000854849 0.00308278 -0.000854849 0.00591691)
(-0.000203479 -0.000201098 0.0039181 -0.000201098 0.00879641 -0.00131482 0.0039181 -0.00131482 0.00622359)
(0.00527507 0.00191193 0.00481789 0.00191193 0.0049342 -0.00274772 0.00481789 -0.00274772 0.00556407)
(0.00677062 0.00187643 0.00463797 0.00187643 0.00814699 -0.00094988 0.00463797 -0.00094988 0.00562203)
(0.00895079 0.00110495 0.003424 0.00110495 0.00864498 -0.000649519 0.003424 -0.000649519 0.004773)
(0.00233016 -0.00182343 0.00498251 -0.00182343 0.00980245 -0.00159528 0.00498251 -0.00159528 0.0067936)
(0.00251087 -0.00231387 0.00533257 -0.00231387 0.0100413 -0.00216169 0.00533257 -0.00216169 0.00768254)
(0.00981462 -0.00263923 0.00216644 -0.00263923 0.00914047 -0.00364706 0.00216644 -0.00364706 0.00507169)
(0.00121275 -0.00193606 0.0059649 -0.00193606 0.00867826 -0.00284081 0.0059649 -0.00284081 0.00819072)
(0.00153899 0.000406987 0.00470465 0.000406987 0.00871593 -0.00153647 0.00470465 -0.00153647 0.00663805)
(0.00568612 0.000907787 0.00285559 0.000907787 0.00874949 -0.000627012 0.00285559 -0.000627012 0.00482044)
(0.0015085 -0.000963411 0.00642626 -0.000963411 0.00831212 -0.00295607 0.00642626 -0.00295607 0.00821977)
(0.00266098 -0.000634117 0.00361635 -0.000634117 0.00511664 -0.00434263 0.00361635 -0.00434263 0.0063444)
(0.0116782 0.000388164 0.00389798 0.000388164 0.00389766 -0.00437306 0.00389798 -0.00437306 0.00764847)
(0.00709126 0.00196421 0.00518394 0.00196421 0.003181 -0.00237545 0.00518394 -0.00237545 0.00500625)
(0.00290988 0.00123838 0.00555984 0.00123838 0.00725468 -0.00182304 0.00555984 -0.00182304 0.00530728)
(0.00488771 0.00161087 0.00463637 0.00161087 0.00401525 -0.00304308 0.00463637 -0.00304308 0.00541792)
(0.0154003 -0.0016942 0.00217227 -0.0016942 0.00970065 0.000325455 0.00217227 0.000325455 0.00314382)
(0.0186833 -0.00222827 0.00220105 -0.00222827 0.00889254 0.0021013 0.00220105 0.0021013 0.00653499)
(0.0103273 -0.00111292 0.0041253 -0.00111292 0.0095456 -0.00211493 0.0041253 -0.00211493 0.00401321)
(0.00296357 -0.00189436 0.00454624 -0.00189436 0.00951349 -0.00294827 0.00454624 -0.00294827 0.00569593)
(0.00250059 -0.0024898 0.00480491 -0.0024898 0.00939315 -0.00212933 0.00480491 -0.00212933 0.0045918)
(0.0136054 -0.00165651 0.00239762 -0.00165651 0.00965629 0.000266925 0.00239762 0.000266925 0.00465572)
(0.0155259 -0.00115956 0.00374337 -0.00115956 0.00847987 0.00125524 0.00374337 0.00125524 0.00809897)
(0.00825406 -0.00162366 0.000333669 -0.00162366 0.00635728 0.00182862 0.000333669 0.00182862 0.00749442)
(0.0155209 -0.00714831 0.000819093 -0.00714831 0.0109654 -0.0051092 0.000819093 -0.0051092 0.00580395)
(0.00613827 -0.00478574 0.00411446 -0.00478574 0.0109057 -0.00398871 0.00411446 -0.00398871 0.00648306)
(0.00814577 -0.00282358 0.00416756 -0.00282358 0.00994847 -0.00263278 0.00416756 -0.00263278 0.00459873)
(0.0107606 -0.00246225 0.0040958 -0.00246225 0.00919618 -0.00127968 0.0040958 -0.00127968 0.00589578)
(0.00700596 -0.00381394 0.00471937 -0.00381394 0.010027 -0.00200053 0.00471937 -0.00200053 0.00656484)
(0.00789349 -0.0015321 0.00316724 -0.0015321 0.00925087 0.000104476 0.00316724 0.000104476 0.00397055)
(0.0195633 -0.00368201 0.00279504 -0.00368201 0.0100215 0.00105129 0.00279504 0.00105129 0.00709911)
(0.00410757 -0.00264977 0.00512393 -0.00264977 0.0105193 -0.00228355 0.00512393 -0.00228355 0.00732254)
(0.000883223 -0.00243183 0.00529862 -0.00243183 0.00968234 -0.00159365 0.00529862 -0.00159365 0.00676797)
(0.0180141 -0.00385201 0.0030502 -0.00385201 0.0103788 -9.78904e-05 0.0030502 -9.78904e-05 0.00597816)
(0.00732253 -0.00351468 0.00468515 -0.00351468 0.010487 -0.0011603 0.00468515 -0.0011603 0.00837911)
(0.00540128 -0.00306752 0.00506721 -0.00306752 0.0104071 -0.00160706 0.00506721 -0.00160706 0.00803622)
(0.00556706 -0.0028605 0.00457235 -0.0028605 0.00975836 -0.00127033 0.00457235 -0.00127033 0.00671378)
(0.0140246 -0.000488483 0.0042625 -0.000488483 0.00816497 0.00121544 0.0042625 0.00121544 0.00598082)
(0.0135022 -0.00347991 0.00265009 -0.00347991 0.0100291 0.00101972 0.00265009 0.00101972 0.00774425)
(0.0130777 -0.00391171 0.00281642 -0.00391171 0.00994037 0.000768296 0.00281642 0.000768296 0.00784377)
(0.00542662 -0.00271052 0.00375556 -0.00271052 0.0102174 -0.000684709 0.00375556 -0.000684709 0.00841589)
(0.0018201 -0.00107697 0.00440933 -0.00107697 0.00908598 -0.00214058 0.00440933 -0.00214058 0.0049849)
(0.0216449 -0.00340304 0.00184235 -0.00340304 0.0100311 0.00126927 0.00184235 0.00126927 0.00496204)
(0.0188395 -0.00184065 0.00322796 -0.00184065 0.0089462 0.00162152 0.00322796 0.00162152 0.00760517)
(0.00904173 0.00170028 0.00454677 0.00170028 0.00658588 -9.25213e-05 0.00454677 -9.25213e-05 0.00673845)
(0.00510118 -0.00425211 0.00120741 -0.00425211 0.00969584 -0.00192522 0.00120741 -0.00192522 0.00545394)
(0.0171393 -0.00597161 0.00271681 -0.00597161 0.0120632 -0.00308657 0.00271681 -0.00308657 0.0111069)
(0.00684478 -0.00611196 0.00277324 -0.00611196 0.0104812 -0.00331695 0.00277324 -0.00331695 0.0052216)
(0.0148652 -0.00336171 0.00366301 -0.00336171 0.00976632 0.000746152 0.00366301 0.000746152 0.00847075)
(0.0215664 -0.00411555 0.00190121 -0.00411555 0.00982984 0.00173353 0.00190121 0.00173353 0.0078504)
(0.0125863 0.000123085 0.00392882 0.000123085 0.00804587 -0.00256084 0.00392882 -0.00256084 0.00500343)
(0.00456775 0.000325547 0.00387418 0.000325547 0.00571529 -0.00362294 0.00387418 -0.00362294 0.00597234)
(0.00416539 0.000825382 0.0040093 0.000825382 0.00470811 -0.00254222 0.0040093 -0.00254222 0.00472978)
(0.00745375 0.000663046 0.00293941 0.000663046 0.00830332 -0.000898649 0.00293941 -0.000898649 0.00225368)
(0.0119978 -0.00095419 0.00356638 -0.00095419 0.00974207 -0.00119252 0.00356638 -0.00119252 0.00328601)
(0.00525846 -0.000682894 0.00347511 -0.000682894 0.00866474 -0.00262591 0.00347511 -0.00262591 0.00436745)
(0.0176854 -0.00015519 0.00126099 -0.00015519 0.00736591 0.00141308 0.00126099 0.00141308 0.00772907)
(0.0128313 -0.00379264 -0.00410258 -0.00379264 0.0115531 -0.00360346 -0.00410258 -0.00360346 0.00854854)
(0.0170309 -0.00223779 0.00358213 -0.00223779 0.00879258 -0.00193742 0.00358213 -0.00193742 0.00941862)
(0.017662 -0.000341626 0.00481715 -0.000341626 0.0086138 -0.00269904 0.00481715 -0.00269904 0.00690769)
(0.0103461 -0.000895208 0.00533605 -0.000895208 0.00821145 -0.00227225 0.00533605 -0.00227225 0.00886331)
(0.0170638 -0.00177694 0.001012 -0.00177694 0.00887933 -0.000149077 0.001012 -0.000149077 0.00871446)
(0.0135838 -0.00181558 0.00112067 -0.00181558 0.01084 -0.00321688 0.00112067 -0.00321688 0.0103191)
(0.0132496 -0.000874329 0.00107487 -0.000874329 0.00999302 -0.002086 0.00107487 -0.002086 0.00952633)
(0.0161675 -0.00376335 0.00297354 -0.00376335 0.00993332 8.34865e-05 0.00297354 8.34865e-05 0.0101886)
(0.0245366 -0.00420268 0.00161781 -0.00420268 0.00833516 -0.00259921 0.00161781 -0.00259921 0.00700162)
(0.022492 -0.00235654 0.00396014 -0.00235654 0.00848661 -0.0020624 0.00396014 -0.0020624 0.0108371)
(0.00923875 0.000447345 -0.000365976 0.000447345 0.00517196 -0.00225376 -0.000365976 -0.00225376 0.00598032)
(0.0141873 -0.00258136 -0.000708296 -0.00258136 0.00646614 -0.00407153 -0.000708296 -0.00407153 0.00640809)
(0.00754492 -0.0019195 0.0031814 -0.0019195 0.00918563 -0.00119564 0.0031814 -0.00119564 0.00734943)
(0.00936151 -0.00481876 -0.00422213 -0.00481876 0.0114556 -0.00358882 -0.00422213 -0.00358882 0.00835946)
(0.012642 -0.00223746 0.00489188 -0.00223746 0.00963384 -0.00245471 0.00489188 -0.00245471 0.00637738)
(0.00539157 -0.000924808 0.00520877 -0.000924808 0.00904234 -0.00188945 0.00520877 -0.00188945 0.00733934)
(0.0129139 -0.000108012 0.00129937 -0.000108012 0.00781609 9.39118e-05 0.00129937 9.39118e-05 0.00591587)
(0.0163545 -0.00352408 0.00313468 -0.00352408 0.00965541 -0.00200108 0.00313468 -0.00200108 0.00731148)
(0.0188053 -0.00251946 0.00300641 -0.00251946 0.00944794 -0.00125895 0.00300641 -0.00125895 0.0084936)
(0.0191084 -0.00271792 -0.00108826 -0.00271792 0.00870891 0.00113442 -0.00108826 0.00113442 0.00948127)
(0.0102947 -0.00134022 0.00310542 -0.00134022 0.007416 -0.00315106 0.00310542 -0.00315106 0.00592996)
(0.0184089 -0.000279686 0.00178963 -0.000279686 0.00830557 0.000324153 0.00178963 0.000324153 0.0083907)
(0.0207805 -0.00203291 -0.000801189 -0.00203291 0.00557245 0.00136276 -0.000801189 0.00136276 0.00962167)
(0.0245556 -0.00175814 0.00428035 -0.00175814 0.00893708 -0.00124652 0.00428035 -0.00124652 0.00812011)
(0.00433702 -0.000512909 0.00507459 -0.000512909 0.00890652 -0.00205606 0.00507459 -0.00205606 0.00642884)
(0.0250428 -0.000894579 -0.00131859 -0.000894579 0.00752353 0.0036702 -0.00131859 0.0036702 0.00694714)
(0.0198225 -0.00305209 0.000281537 -0.00305209 0.00523212 0.00157863 0.000281537 0.00157863 0.0115896)
(0.0118234 -0.00299766 -0.00292118 -0.00299766 0.0101199 -0.00306973 -0.00292118 -0.00306973 0.0091757)
(0.0139715 -0.00203075 -0.00162582 -0.00203075 0.00931436 -0.000724501 -0.00162582 -0.000724501 0.00793551)
(0.0152552 0.000333543 0.00457073 0.000333543 0.00782232 -0.00325056 0.00457073 -0.00325056 0.00661602)
(0.0107092 -0.00524512 -0.000852533 -0.00524512 0.00914445 -0.0032074 -0.000852533 -0.0032074 0.00523831)
(0.0191856 -0.00321654 0.00138543 -0.00321654 0.00927761 0.000524734 0.00138543 0.000524734 0.00905915)
(0.0214483 -0.00334354 -0.00246376 -0.00334354 0.00583557 0.00213309 -0.00246376 0.00213309 0.0103347)
(0.0165691 0.000853093 -0.000533789 0.000853093 0.00506727 0.000764449 -0.000533789 0.000764449 0.0106193)
(0.0141859 -0.00269252 1.8022e-05 -0.00269252 0.00582029 -0.000840602 1.8022e-05 -0.000840602 0.0118542)
(0.00933149 -0.00221981 -0.00107604 -0.00221981 0.00378767 -0.00141875 -0.00107604 -0.00141875 0.0114003)
(0.0163897 0.000253055 0.00336951 0.000253055 0.00746809 0.00101808 0.00336951 0.00101808 0.00917597)
(0.0206155 -9.20175e-05 0.00443674 -9.20175e-05 0.00803631 2.94922e-05 0.00443674 2.94922e-05 0.00891929)
(0.00503381 -0.00172264 0.000853403 -0.00172264 0.00626094 -0.00144276 0.000853403 -0.00144276 0.00408325)
(0.0135313 0.00125283 0.00236017 0.00125283 0.00619871 0.00282974 0.00236017 0.00282974 0.00706958)
(0.022146 -0.00245348 0.00401874 -0.00245348 0.00913595 0.000217425 0.00401874 0.000217425 0.00851914)
(0.00949678 -0.000649552 0.00214867 -0.000649552 0.00783064 -0.00182381 0.00214867 -0.00182381 0.0054606)
(0.00740689 -0.00220318 0.00166044 -0.00220318 0.0064219 -0.0025628 0.00166044 -0.0025628 0.00537962)
(0.00936453 -0.00298004 0.0027342 -0.00298004 0.00907424 -0.00135867 0.0027342 -0.00135867 0.00391367)
(0.0135928 0.00025314 0.00215597 0.00025314 0.00408934 -0.000864425 0.00215597 -0.000864425 0.0100332)
(0.0082094 -0.004023 -0.00426367 -0.004023 0.010687 -0.000155007 -0.00426367 -0.000155007 0.0111347)
(0.0154117 -0.0011233 -0.00113886 -0.0011233 0.0111725 -0.00149087 -0.00113886 -0.00149087 0.00792814)
(0.0116334 -0.00554634 0.000558805 -0.00554634 0.0109921 0.00121556 0.000558805 0.00121556 0.00609056)
(0.0108735 -0.00567728 -0.000552597 -0.00567728 0.00791401 -0.0030453 -0.000552597 -0.0030453 0.00637019)
(0.0122467 -0.00218189 0.00239391 -0.00218189 0.00833878 -0.00176137 0.00239391 -0.00176137 0.00602776)
(0.0137979 0.00119623 0.00365406 0.00119623 0.00753804 -0.00172988 0.00365406 -0.00172988 0.00422762)
(0.0108765 -0.00435926 -5.47338e-06 -0.00435926 0.00825262 -0.00305249 -5.47338e-06 -0.00305249 0.00486786)
(0.0096752 -0.00228347 0.00433309 -0.00228347 0.00929761 -0.00108684 0.00433309 -0.00108684 0.00723552)
(0.0120865 -0.0043989 -0.00480029 -0.0043989 0.0119154 -0.000611233 -0.00480029 -0.000611233 0.0112181)
(0.0116467 -0.0007714 0.00445328 -0.0007714 0.00861409 -0.00102505 0.00445328 -0.00102505 0.00764534)
(0.0193082 -0.00414784 0.00229873 -0.00414784 0.00985906 -0.000762383 0.00229873 -0.000762383 0.00716073)
(0.014598 -0.000918103 0.00359136 -0.000918103 0.00844853 -0.000322091 0.00359136 -0.000322091 0.00763489)
(0.0122606 -0.00416402 0.00373823 -0.00416402 0.0097738 -0.00181698 0.00373823 -0.00181698 0.00683783)
(0.0208706 -0.00504003 0.00118619 -0.00504003 0.00954198 0.000597286 0.00118619 0.000597286 0.00774111)
(0.0210609 -0.00391082 -0.00451484 -0.00391082 0.00831521 0.00411459 -0.00451484 0.00411459 0.00915068)
(0.0159767 -0.00166511 0.00204343 -0.00166511 0.00963399 0.000193854 0.00204343 0.000193854 0.00353743)
(0.00838251 -0.00395073 -0.0027653 -0.00395073 0.0112318 -0.00114557 -0.0027653 -0.00114557 0.00729895)
(0.00829172 -0.00302288 0.0013816 -0.00302288 0.00955508 0.000822217 0.0013816 0.000822217 0.00630096)
(0.0152931 0.000444361 0.00259876 0.000444361 0.00683637 0.00160705 0.00259876 0.00160705 0.00847845)
(0.021795 -0.0033186 0.00249885 -0.0033186 0.00930817 -0.000155987 0.00249885 -0.000155987 0.00622495)
(0.0159402 0.00127767 0.0023648 0.00127767 0.00597375 0.00325508 0.0023648 0.00325508 0.00873653)
(0.00905218 -0.00500217 -0.00461256 -0.00500217 0.0111235 -0.00250136 -0.00461256 -0.00250136 0.00917972)
(0.0103775 -0.00326961 -0.001203 -0.00326961 0.0109938 -0.00205489 -0.001203 -0.00205489 0.00848328)
(0.0176898 -0.00438805 -0.000614203 -0.00438805 0.00774836 0.000846913 -0.000614203 0.000846913 0.00720413)
(0.0129488 -0.00452123 0.00339316 -0.00452123 0.00981852 -0.00306918 0.00339316 -0.00306918 0.00583571)
(0.00862742 -0.00469108 0.0022107 -0.00469108 0.0098516 -0.00293875 0.0022107 -0.00293875 0.00617916)
(0.0143904 -0.00393529 0.00175048 -0.00393529 0.00912883 0.000271769 0.00175048 0.000271769 0.00571717)
(0.0125462 0.00166094 0.00358275 0.00166094 0.0060244 0.00193267 0.00358275 0.00193267 0.00769307)
(0.00936786 -0.000812303 0.000783937 -0.000812303 0.00699665 0.00137788 0.000783937 0.00137788 0.00730386)
(0.00574865 -0.00114607 0.000874544 -0.00114607 0.00532869 -0.000854251 0.000874544 -0.000854251 0.00242565)
(0.00872571 -0.0041123 -0.000225634 -0.0041123 0.0103401 0.00132071 -0.000225634 0.00132071 0.00630252)
(0.0176642 0.000615923 0.0033343 0.000615923 0.00702982 0.00233679 0.0033343 0.00233679 0.00640585)
(0.0170014 -0.000597988 0.00159221 -0.000597988 0.00732069 0.00241916 0.00159221 0.00241916 0.00739705)
(0.00575475 -0.000523808 -0.000343205 -0.000523808 0.00537868 -0.00152793 -0.000343205 -0.00152793 0.00184401)
(0.0136515 0.000299362 0.00163119 0.000299362 0.00821118 -0.00103419 0.00163119 -0.00103419 0.00677957)
(0.0147108 0.00156354 0.00177068 0.00156354 0.00564544 0.00253049 0.00177068 0.00253049 0.00535394)
(0.0124561 -0.00459196 7.63685e-07 -0.00459196 0.0112163 0.000806283 7.63685e-07 0.000806283 0.0086852)
(0.014709 -0.00106495 0.00277831 -0.00106495 0.00761778 0.000279339 0.00277831 0.000279339 0.00874758)
(0.0116119 -0.00109428 -0.00110359 -0.00109428 0.0075062 -0.00236706 -0.00110359 -0.00236706 0.00463287)
(0.0155064 0.000668734 0.00165124 0.000668734 0.0111161 -0.00327343 0.00165124 -0.00327343 0.00709427)
(0.00951925 -0.00392949 -0.00334681 -0.00392949 0.011761 -0.00314115 -0.00334681 -0.00314115 0.00851233)
(0.0138556 -0.000406261 -0.00126152 -0.000406261 0.00752268 0.0024952 -0.00126152 0.0024952 0.00607659)
(0.0131634 -0.00377541 0.00213369 -0.00377541 0.010567 1.87922e-05 0.00213369 1.87922e-05 0.00800776)
(0.00733034 -0.00196637 0.00189434 -0.00196637 0.00214902 -0.00192639 0.00189434 -0.00192639 0.00910118)
(0.0223259 -0.00262168 -0.000308847 -0.00262168 0.00896142 -0.00287335 -0.000308847 -0.00287335 0.004325)
(0.0161875 0.000109375 0.00611965 0.000109375 0.00832917 -0.00175589 0.00611965 -0.00175589 0.00841975)
(0.0117548 -0.00181616 0.00230646 -0.00181616 0.00899892 -0.00303509 0.00230646 -0.00303509 0.00599941)
(0.0124067 -0.00475065 -2.9848e-05 -0.00475065 0.0100612 -0.00269777 -2.9848e-05 -0.00269777 0.0064061)
(0.0160763 -0.00209354 0.00050257 -0.00209354 0.00792043 -0.000338967 0.00050257 -0.000338967 0.00402324)
(0.0110523 0.00265838 0.00191699 0.00265838 0.00656458 -0.000614305 0.00191699 -0.000614305 0.00567474)
(0.0153063 -0.00205947 -0.00220612 -0.00205947 0.00633253 0.00120623 -0.00220612 0.00120623 0.00500455)
(0.017017 -0.000800136 -4.97149e-05 -0.000800136 0.00751828 0.00110088 -4.97149e-05 0.00110088 0.00889028)
(0.0123924 0.000127337 0.0019373 0.000127337 0.00781675 -0.00140433 0.0019373 -0.00140433 0.00676101)
(0.0208584 -0.00349836 -0.00332931 -0.00349836 0.00746795 0.00143546 -0.00332931 0.00143546 0.00780918)
(0.0201289 -0.00212762 0.000867873 -0.00212762 0.00886002 0.000511387 0.000867873 0.000511387 0.00811808)
(0.0126315 -0.00179595 0.00325149 -0.00179595 0.00964564 -0.00133094 0.00325149 -0.00133094 0.00644727)
(0.00866199 -0.00276394 -0.0015266 -0.00276394 0.0115117 -0.00278266 -0.0015266 -0.00278266 0.00680028)
(0.0100459 -0.000972125 0.00334263 -0.000972125 0.00844476 -0.00155425 0.00334263 -0.00155425 0.00642078)
(0.0143901 0.00147684 0.00100603 0.00147684 0.00503886 0.00210722 0.00100603 0.00210722 0.0084401)
(0.0294719 -0.00391156 -0.0053431 -0.00391156 0.00764934 0.00444149 -0.0053431 0.00444149 0.00988886)
(0.019941 -0.00390036 -0.00308976 -0.00390036 0.00616599 0.00207758 -0.00308976 0.00207758 0.00988727)
(0.0151295 -0.00370616 -0.00422535 -0.00370616 0.0107499 -0.002712 -0.00422535 -0.002712 0.00917392)
(0.0133806 -0.00520378 -0.0030533 -0.00520378 0.0125124 -0.000742202 -0.0030533 -0.000742202 0.00794107)
(0.00784104 0.00250859 0.00173705 0.00250859 0.00612798 -0.000816296 0.00173705 -0.000816296 0.00527968)
(0.0136278 -0.00285326 0.00102546 -0.00285326 0.00904844 -0.00205069 0.00102546 -0.00205069 0.00743377)
(0.0132189 -0.00362761 0.000787849 -0.00362761 0.00868033 -0.0026073 0.000787849 -0.0026073 0.0070105)
(0.00950768 -0.00211027 0.000916855 -0.00211027 0.0083986 -0.0017634 0.000916855 -0.0017634 0.00593492)
(0.0120038 9.40012e-05 -0.000106569 9.40012e-05 0.00660388 0.0011583 -0.000106569 0.0011583 0.0054104)
(0.00855892 -0.00158856 0.00160468 -0.00158856 0.00333462 -0.00215063 0.00160468 -0.00215063 0.00399865)
(0.00865209 -0.00138468 0.00107655 -0.00138468 0.00502501 -0.000240037 0.00107655 -0.000240037 0.00366588)
(0.0130758 -0.0025788 0.000848725 -0.0025788 0.0107498 -0.000351686 0.000848725 -0.000351686 0.0103164)
(0.0174659 -0.00276759 0.000336159 -0.00276759 0.00884944 -0.000454434 0.000336159 -0.000454434 0.00276176)
(0.0170348 -0.000545182 -0.000602738 -0.000545182 0.00430893 -0.000979347 -0.000602738 -0.000979347 0.00702352)
(0.00918269 -0.00162384 -0.00112346 -0.00162384 0.007763 -0.00321409 -0.00112346 -0.00321409 0.0056008)
(0.010169 -0.00166028 0.00190653 -0.00166028 0.00850278 -0.00132742 0.00190653 -0.00132742 0.00521516)
(0.0107983 0.00222231 0.00346223 0.00222231 0.00675517 0.000895099 0.00346223 0.000895099 0.00587471)
(0.0093271 -0.00475015 -0.000747697 -0.00475015 0.011163 -0.000417067 -0.000747697 -0.000417067 0.00772842)
(0.0110433 -0.00191752 0.000276236 -0.00191752 0.00845623 -0.00201973 0.000276236 -0.00201973 0.00870939)
(0.00689278 -0.000604282 -0.000131818 -0.000604282 0.00564413 -0.00168659 -0.000131818 -0.00168659 0.00362579)
(0.0167815 0.000236269 0.00210436 0.000236269 0.00741568 0.00164435 0.00210436 0.00164435 0.00685029)
(0.00837078 -0.00457215 -0.00299524 -0.00457215 0.0117451 -0.0025428 -0.00299524 -0.0025428 0.00900358)
(0.0131444 -0.00122292 0.000461455 -0.00122292 0.00746802 0.00224935 0.000461455 0.00224935 0.006075)
(0.00908641 -0.00449434 -0.000117858 -0.00449434 0.011287 -0.000393003 -0.000117858 -0.000393003 0.00678012)
(0.00301053 -0.000314507 5.37504e-05 -0.000314507 0.00206517 -0.000736289 5.37504e-05 -0.000736289 0.00418306)
(0.0111571 -0.00197659 -0.000220567 -0.00197659 0.00529346 -0.00323452 -0.000220567 -0.00323452 0.00528516)
(0.0130109 -0.000409195 0.00122366 -0.000409195 0.00804821 -0.000803863 0.00122366 -0.000803863 0.00551836)
(0.0139882 -0.000488475 0.00372897 -0.000488475 0.00893607 -0.00271974 0.00372897 -0.00271974 0.00548453)
(0.0124107 -0.00453959 0.0022638 -0.00453959 0.00966553 -0.0028415 0.0022638 -0.0028415 0.00598143)
(0.0117774 -0.00193248 0.00405842 -0.00193248 0.00964931 -0.000970717 0.00405842 -0.000970717 0.00563196)
(0.00651129 -0.00224935 0.00208522 -0.00224935 0.00783083 -0.00156608 0.00208522 -0.00156608 0.00555519)
(0.0138311 -0.00230621 -0.00254348 -0.00230621 0.00749796 0.000733034 -0.00254348 0.000733034 0.00397363)
(0.00852998 -0.00181101 0.00182237 -0.00181101 0.00863059 -0.000958787 0.00182237 -0.000958787 0.00736071)
(0.00542641 -0.00218625 0.000558386 -0.00218625 0.00835509 0.000940142 0.000558386 0.000940142 0.00542855)
(0.0135642 -0.00329312 -0.000860223 -0.00329312 0.00758977 0.000573126 -0.000860223 0.000573126 0.00553484)
(0.0226806 -0.00362227 0.00112171 -0.00362227 0.00964522 0.000309993 0.00112171 0.000309993 0.00791493)
(0.0223426 -0.00427079 -0.000443817 -0.00427079 0.00929498 0.00186724 -0.000443817 0.00186724 0.00785199)
(0.0141248 0.00094929 0.00422083 0.00094929 0.00748225 0.000913056 0.00422083 0.000913056 0.0068677)
(0.0128401 -0.000174957 0.00269653 -0.000174957 0.00786402 -0.0017555 0.00269653 -0.0017555 0.00597886)
(0.0157124 0.00167177 0.00264258 0.00167177 0.00648453 0.000463514 0.00264258 0.000463514 0.00741944)
(0.0238359 -0.0016032 -0.00183435 -0.0016032 0.00685446 0.0036392 -0.00183435 0.0036392 0.00988421)
(0.0154923 0.000547034 -0.00194296 0.000547034 0.00352592 0.00244256 -0.00194296 0.00244256 0.0121206)
(0.00940264 -0.000590279 -0.00195626 -0.000590279 0.00943967 0.000827574 -0.00195626 0.000827574 0.00487871)
(0.00389876 -0.00223019 0.00389067 -0.00223019 0.00911211 -0.00209242 0.00389067 -0.00209242 0.00585514)
(0.00863198 0.00300828 0.00365513 0.00300828 0.00561328 0.000826311 0.00365513 0.000826311 0.00584491)
(0.0147662 0.00140923 0.00267108 0.00140923 0.00692512 -0.000476618 0.00267108 -0.000476618 0.00672493)
(0.0134328 -0.00193071 0.000430567 -0.00193071 0.00765357 -0.00287776 0.000430567 -0.00287776 0.00754638)
(0.00951416 -0.00131554 0.00302286 -0.00131554 0.00810475 -0.00155692 0.00302286 -0.00155692 0.00687644)
(0.00970801 0.000224736 0.000147476 0.000224736 0.00631858 0.00193807 0.000147476 0.00193807 0.00482568)
(0.00882799 -0.00115229 -0.000537829 -0.00115229 0.00593916 -0.000142156 -0.000537829 -0.000142156 0.00254746)
(0.0158701 -0.000769204 0.0012226 -0.000769204 0.00717134 0.000273929 0.0012226 0.000273929 0.00401314)
(0.00565598 -0.00103197 -0.00171272 -0.00103197 0.00759098 0.00234428 -0.00171272 0.00234428 0.00599013)
(0.0157471 0.00229103 0.00294806 0.00229103 0.00669981 0.000740146 0.00294806 0.000740146 0.00397754)
(0.00591328 0.000391393 0.000655709 0.000391393 0.00409152 0.000472703 0.000655709 0.000472703 0.00285007)
(0.0138292 -6.89495e-05 5.80465e-05 -6.89495e-05 0.00792589 -0.00235594 5.80465e-05 -0.00235594 0.00563968)
(0.0049965 0.000327959 -0.000285919 0.000327959 0.00457526 -0.000905548 -0.000285919 -0.000905548 0.00357428)
(0.00503105 0.000518158 0.00019712 0.000518158 0.00139651 -2.65967e-05 0.00019712 -2.65967e-05 0.00153654)
(0.00514071 0.000341495 0.00068786 0.000341495 0.00253323 -0.000185384 0.00068786 -0.000185384 0.00150206)
(0.00985791 -0.00113861 -0.0016565 -0.00113861 0.00665792 -0.00375355 -0.0016565 -0.00375355 0.00561052)
(0.00645586 0.000188845 -0.000367903 0.000188845 0.00538924 -0.000968487 -0.000367903 -0.000968487 0.00340658)
(0.0140986 -0.000394071 0.0012328 -0.000394071 0.00821597 -0.000992528 0.0012328 -0.000992528 0.00682618)
(0.0156787 0.00181551 0.00302494 0.00181551 0.00685232 0.00209634 0.00302494 0.00209634 0.00582838)
(0.0113769 0.000896083 0.00141343 0.000896083 0.00638054 0.002207 0.00141343 0.002207 0.00670628)
(0.0094636 0.00124004 0.00193351 0.00124004 0.00583599 0.00179223 0.00193351 0.00179223 0.00467269)
(0.0100921 -0.00394374 0.0007226 -0.00394374 0.010117 0.000322757 0.0007226 0.000322757 0.00802682)
(0.00609739 -0.00268154 0.00204914 -0.00268154 0.0058603 -0.000939824 0.00204914 -0.000939824 0.0073219)
(0.0140544 0.000831706 0.00170084 0.000831706 0.00706529 0.00112641 0.00170084 0.00112641 0.00500934)
(0.00942581 -0.00467413 0.00134412 -0.00467413 0.00936054 -0.00292193 0.00134412 -0.00292193 0.00611074)
(0.00859992 -0.0038434 0.000223933 -0.0038434 0.00876687 -0.00268951 0.000223933 -0.00268951 0.00458505)
(0.0165447 -0.00109616 0.00302914 -0.00109616 0.00898603 -0.000690639 0.00302914 -0.000690639 0.00524307)
(0.00916898 9.42172e-05 0.00159715 9.42172e-05 0.0101355 -0.00216115 0.00159715 -0.00216115 0.00611808)
(0.0193964 -0.00272833 -0.00346153 -0.00272833 0.0060469 0.000122015 -0.00346153 0.000122015 0.00647333)
(0.00796776 -0.000907887 -7.58562e-06 -0.000907887 0.00728374 0.00154989 -7.58562e-06 0.00154989 0.00427917)
(0.0110028 -0.000721065 0.001328 -0.000721065 0.0104449 -0.000984222 0.001328 -0.000984222 0.00478748)
(0.00769708 -0.000969213 0.000897486 -0.000969213 0.00746205 0.000165276 0.000897486 0.000165276 0.00486474)
(0.0215903 -0.00399107 -0.00494634 -0.00399107 0.0075877 0.00414268 -0.00494634 0.00414268 0.00800718)
(0.0183404 -0.00134171 -0.00355903 -0.00134171 0.00651718 0.00461591 -0.00355903 0.00461591 0.0104162)
(0.00929555 -0.00281445 -0.000446182 -0.00281445 0.0108532 -0.00140933 -0.000446182 -0.00140933 0.00872354)
(0.00883435 -0.00533278 -0.00116428 -0.00533278 0.011693 0.000811128 -0.00116428 0.000811128 0.00682636)
(0.00680346 -0.00511686 -0.00347167 -0.00511686 0.0106523 0.000569624 -0.00347167 0.000569624 0.0100845)
(0.0225765 -0.00538333 -0.00737141 -0.00538333 0.00730791 0.0013389 -0.00737141 0.0013389 0.00805962)
(0.014014 -0.00438299 -0.00520663 -0.00438299 0.0107145 -0.00277214 -0.00520663 -0.00277214 0.00940101)
(0.0158632 -0.000842726 0.00312449 -0.000842726 0.00995072 0.00088207 0.00312449 0.00088207 0.0062085)
(0.003077 1.45659e-05 0.00465879 1.45659e-05 0.00697698 -0.00240231 0.00465879 -0.00240231 0.00454427)
(0.00797583 0.00136617 0.00420529 0.00136617 0.00737489 6.48396e-05 0.00420529 6.48396e-05 0.00351232)
(0.0110139 -0.00300757 -0.00197721 -0.00300757 0.00723785 0.00117649 -0.00197721 0.00117649 0.00385599)
(0.00742174 -0.00394345 -0.000831889 -0.00394345 0.00785207 -0.00298969 -0.000831889 -0.00298969 0.00599826)
(0.00588108 -0.0024406 -0.000213051 -0.0024406 0.00809138 -0.00274675 -0.000213051 -0.00274675 0.00588449)
(0.00692471 -0.00272775 0.000977186 -0.00272775 0.00750381 -0.00219095 0.000977186 -0.00219095 0.00487031)
(0.0113032 -0.0012943 -0.000899471 -0.0012943 0.0070897 -0.00199442 -0.000899471 -0.00199442 0.00410163)
(0.0140669 -0.00147248 -0.00201407 -0.00147248 0.00595649 0.000794832 -0.00201407 0.000794832 0.00323886)
(0.00434296 -0.00184029 0.00307845 -0.00184029 0.00847639 -0.00280766 0.00307845 -0.00280766 0.00580972)
(0.0184193 6.56825e-05 0.00303484 6.56825e-05 0.00907075 -0.000545192 0.00303484 -0.000545192 0.00326683)
(0.00799082 0.00020236 -7.07991e-06 0.00020236 0.00492417 0.00253287 -7.07991e-06 0.00253287 0.00432359)
(0.0127772 -0.00249392 0.00135881 -0.00249392 0.00954545 -0.00202604 0.00135881 -0.00202604 0.0087815)
(0.00866785 -0.000350511 0.000116327 -0.000350511 0.00783486 0.0024493 0.000116327 0.0024493 0.00503747)
(0.0104702 0.000435988 0.00027008 0.000435988 0.00606269 0.0033199 0.00027008 0.0033199 0.00649108)
(0.0129951 -0.00195278 0.00237552 -0.00195278 0.00861751 -0.000745012 0.00237552 -0.000745012 0.00640638)
(0.00473943 -0.00190107 -0.000262064 -0.00190107 0.00678834 -0.00248177 -0.000262064 -0.00248177 0.00355147)
(0.011321 -0.00127601 -0.00129969 -0.00127601 0.00825059 -0.00307112 -0.00129969 -0.00307112 0.00550631)
(0.0100476 -0.00035206 0.000116882 -0.00035206 0.00769459 -0.000957041 0.000116882 -0.000957041 0.0042611)
(0.0153661 0.000115759 0.00276353 0.000115759 0.00789489 0.000391965 0.00276353 0.000391965 0.00727855)
(0.00963563 0.00159505 0.00173172 0.00159505 0.00636272 0.000792921 0.00173172 0.000792921 0.00484806)
(0.00773232 -0.00218507 0.000520738 -0.00218507 0.00782128 -0.00193809 0.000520738 -0.00193809 0.00621808)
(0.0119281 -0.00511727 0.000931207 -0.00511727 0.0107302 0.000551392 0.000931207 0.000551392 0.0069166)
(0.00412402 -0.000920381 3.9611e-05 -0.000920381 0.00256495 0.000820729 3.9611e-05 0.000820729 0.00328015)
(0.0158381 -0.00197615 0.00173791 -0.00197615 0.00859682 0.000671306 0.00173791 0.000671306 0.00550924)
(0.00231074 -0.00111301 8.15056e-05 -0.00111301 0.00440148 -0.00177275 8.15056e-05 -0.00177275 0.00541767)
(0.00711462 -0.00226909 -1.13463e-05 -0.00226909 0.00681539 -0.00308153 -1.13463e-05 -0.00308153 0.00469999)
(0.0132343 -0.00123227 0.00293659 -0.00123227 0.00873002 -0.000835272 0.00293659 -0.000835272 0.00706135)
(0.0064883 -0.00500721 -0.00117619 -0.00500721 0.0109905 -0.000879849 -0.00117619 -0.000879849 0.00750835)
(0.0109302 -0.00134378 -0.00281833 -0.00134378 0.00552177 0.00381863 -0.00281833 0.00381863 0.00897404)
(0.0152704 -0.0041183 0.00259915 -0.0041183 0.0095042 -0.00119555 0.00259915 -0.00119555 0.00690797)
(0.00337761 -0.0013924 0.00055177 -0.0013924 0.00792972 -0.000869866 0.00055177 -0.000869866 0.00235746)
(0.0065901 0.000726448 0.000613106 0.000726448 0.00563456 0.000355182 0.000613106 0.000355182 0.00399536)
(0.0195732 -0.00359095 -0.00361125 -0.00359095 0.00744404 0.00373352 -0.00361125 0.00373352 0.00791226)
(0.0163446 -0.00129748 -0.00274163 -0.00129748 0.00603213 0.0040543 -0.00274163 0.0040543 0.00933137)
(0.0098637 -0.00460353 -0.00404795 -0.00460353 0.0118265 -0.00201908 -0.00404795 -0.00201908 0.0103166)
(0.0164569 -0.000383513 0.00325383 -0.000383513 0.01057 -0.00015171 0.00325383 -0.00015171 0.00580109)
(0.0183396 0.001473 0.00124406 0.001473 0.00991794 -0.00134466 0.00124406 -0.00134466 0.00740814)
(0.016761 -0.00290703 -0.00515035 -0.00290703 0.0109018 -0.00211773 -0.00515035 -0.00211773 0.00892957)
(0.0132113 0.00215333 -0.000136808 0.00215333 0.00447088 0.000812236 -0.000136808 0.000812236 0.00428025)
(0.014091 5.19222e-05 -0.00176479 5.19222e-05 0.00649101 -0.00234019 -0.00176479 -0.00234019 0.00433083)
(0.00443159 -0.00402069 0.00412116 -0.00402069 0.0095068 -0.00256495 0.00412116 -0.00256495 0.00556739)
(0.016761 0.0027422 0.00481589 0.0027422 0.00713266 -0.000682178 0.00481589 -0.000682178 0.00558145)
(0.00119992 -0.000521241 -8.25413e-05 -0.000521241 0.00289661 0.000177154 -8.25413e-05 0.000177154 0.000568414)
(0.00575258 -0.00135389 -0.000431764 -0.00135389 0.00669056 -0.00309708 -0.000431764 -0.00309708 0.00429772)
(0.00218726 -0.000753665 0.000676878 -0.000753665 0.00580596 -0.00220419 0.000676878 -0.00220419 0.00280473)
(0.0028104 -0.000967399 0.000959726 -0.000967399 0.0037716 -0.00221153 0.000959726 -0.00221153 0.00313573)
(0.0194563 -0.00154951 0.00292437 -0.00154951 0.00827914 -0.00233063 0.00292437 -0.00233063 0.00630448)
(0.00996386 -0.00345244 0.000235064 -0.00345244 0.0103982 -0.00044263 0.000235064 -0.00044263 0.00660687)
(0.00568728 -0.0016986 0.00504502 -0.0016986 0.00901487 -0.00198187 0.00504502 -0.00198187 0.00648475)
(0.0199407 -0.0012542 0.00314069 -0.0012542 0.00924944 -0.000725721 0.00314069 -0.000725721 0.00425008)
(0.0127212 -0.000625284 -0.00139502 -0.000625284 0.00647682 0.0036822 -0.00139502 0.0036822 0.00699614)
(0.0135468 -0.00200646 0.00306424 -0.00200646 0.00895987 -0.000996495 0.00306424 -0.000996495 0.00595917)
(0.00449979 -0.000203854 0.000245148 -0.000203854 0.00264467 0.000301622 0.000245148 0.000301622 0.00172085)
(0.0105659 0.000765119 0.000715856 0.000765119 0.00440521 0.00256857 0.000715856 0.00256857 0.0105911)
(0.0122073 0.000837812 0.00114532 0.000837812 0.0069157 -7.99987e-05 0.00114532 -7.99987e-05 0.00434989)
(0.00590735 -0.0010081 -0.000871995 -0.0010081 0.00679055 -0.00240865 -0.000871995 -0.00240865 0.00429701)
(0.00866576 -0.00348227 -0.00133498 -0.00348227 0.0087573 -0.00297859 -0.00133498 -0.00297859 0.00523142)
(0.00871791 -0.00147588 -0.00120998 -0.00147588 0.00770321 -0.00314079 -0.00120998 -0.00314079 0.00481097)
(0.0102165 0.00141807 0.00256344 0.00141807 0.00605088 0.00100391 0.00256344 0.00100391 0.00462039)
(0.00190401 -0.000114369 0.00077167 -0.000114369 0.00109501 -0.000471194 0.00077167 -0.000471194 0.00158562)
(0.00570235 -0.000978573 0.000858989 -0.000978573 0.00270503 -0.00047682 0.000858989 -0.00047682 0.00303537)
(0.00810273 -0.00270507 0.000154792 -0.00270507 0.00963061 0.00114895 0.000154792 0.00114895 0.0043237)
(0.0150404 -0.000754923 0.00331313 -0.000754923 0.00850724 -0.00101553 0.00331313 -0.00101553 0.00673111)
(0.0130194 -0.00190463 0.000635544 -0.00190463 0.00777694 0.00179105 0.000635544 0.00179105 0.00640474)
(0.00258571 -0.00205473 0.000548573 -0.00205473 0.00281801 -0.000827417 0.000548573 -0.000827417 0.00866124)
(0.00914295 -0.00463612 0.00071617 -0.00463612 0.00947063 -0.00354217 0.00071617 -0.00354217 0.00510525)
(0.00530826 -0.00330454 -0.000606995 -0.00330454 0.00820418 -0.00293955 -0.000606995 -0.00293955 0.00573497)
(0.0102521 -0.0039109 0.000409273 -0.0039109 0.0088593 -0.00230636 0.000409273 -0.00230636 0.00386202)
