/*--------------------------------*- C++ -*----------------------------------*\
  =========                 |
  \\      /  F ield         | OpenFOAM: The Open Source CFD Toolbox
   \\    /   O peration     | Website:  https://openfoam.org
    \\  /    A nd           | Version:  10
     \\/     M anipulation  |
\*---------------------------------------------------------------------------*/
FoamFile
{
    format      ascii;
    class       volTensorField;
    location    "4";
    object      TauNN;
}
// * * * * * * * * * * * * * * * * * * * * * * * * * * * * * * * * * * * * * //

dimensions      [0 2 -2 0 0 0 0];

internalField   nonuniform List<tensor> 
25600
(
(-0.00136529 -0.00228728 0.00465199 -0.00228728 0.00940561 -0.000759235 0.00465199 -0.000759235 0.00820991)
(0.000423711 -0.00222617 0.00515233 -0.00222617 0.00938805 -0.00158723 0.00515233 -0.00158723 0.00718911)
(-0.00174155 -0.00273768 0.00584129 -0.00273768 0.00968307 -0.00170049 0.00584129 -0.00170049 0.00810774)
(-0.0011688 -0.00186092 0.00489723 -0.00186092 0.00864519 -0.00144147 0.00489723 -0.00144147 0.00796537)
(-0.000554312 -0.00163787 0.00480416 -0.00163787 0.00835722 -0.00189774 0.00480416 -0.00189774 0.00693653)
(0.000656729 -0.00196905 0.00433635 -0.00196905 0.0079453 -0.00234556 0.00433635 -0.00234556 0.00648803)
(-0.00126198 -0.00237618 0.00514897 -0.00237618 0.00905377 -0.00137397 0.00514897 -0.00137397 0.00798975)
(-0.00170017 -0.00224089 0.00516742 -0.00224089 0.00949251 -0.00123073 0.00516742 -0.00123073 0.00774757)
(-0.000994586 -0.00296377 0.0052686 -0.00296377 0.00921446 -0.00178218 0.0052686 -0.00178218 0.00862675)
(-0.000106912 -0.00270218 0.00509449 -0.00270218 0.00900799 -0.00241131 0.00509449 -0.00241131 0.00773071)
(0.00106435 -0.00236515 0.00459654 -0.00236515 0.00825191 -0.00275505 0.00459654 -0.00275505 0.00626992)
(0.0022027 -0.00226777 0.00436497 -0.00226777 0.00764062 -0.00280859 0.00436497 -0.00280859 0.00574752)
(0.00151611 -0.00208383 0.00447747 -0.00208383 0.00781512 -0.00262881 0.00447747 -0.00262881 0.00602562)
(0.00115968 -0.00214252 0.00423575 -0.00214252 0.007794 -0.00260304 0.00423575 -0.00260304 0.00612884)
(0.000493135 -0.00233493 0.00421866 -0.00233493 0.00796638 -0.00259822 0.00421866 -0.00259822 0.0064413)
(-0.000165858 -0.00224868 0.00458231 -0.00224868 0.00822244 -0.00247634 0.00458231 -0.00247634 0.00671863)
(-0.00115135 -0.00247528 0.00506193 -0.00247528 0.00875062 -0.00211496 0.00506193 -0.00211496 0.00765309)
(-0.0013177 -0.0026316 0.00516233 -0.0026316 0.00898423 -0.00193139 0.00516233 -0.00193139 0.00808188)
(-0.000449919 -0.00274135 0.00510432 -0.00274135 0.00905698 -0.00236625 0.00510432 -0.00236625 0.00779694)
(0.00075286 -0.00246463 0.00453626 -0.00246463 0.00836406 -0.00280808 0.00453626 -0.00280808 0.00631857)
(0.00370855 -0.00255455 0.00351997 -0.00255455 0.00684457 -0.00307118 0.00351997 -0.00307118 0.00517085)
(0.00383251 -0.00264126 0.00338287 -0.00264126 0.00672382 -0.0030968 0.00338287 -0.0030968 0.00515404)
(0.00311952 -0.00260421 0.00352633 -0.00260421 0.00699379 -0.00304153 0.00352633 -0.00304153 0.0053042)
(0.000327054 -0.0024575 0.00431098 -0.0024575 0.00804289 -0.00264319 0.00431098 -0.00264319 0.00651217)
(-0.00073717 -0.00244087 0.00491077 -0.00244087 0.00855909 -0.002352 0.00491077 -0.002352 0.00724091)
(-0.000608241 -0.00240528 0.00489133 -0.00240528 0.008561 -0.0020545 0.00489133 -0.0020545 0.00746845)
(-0.00159435 -0.00274779 0.00522916 -0.00274779 0.00906411 -0.00145023 0.00522916 -0.00145023 0.00849204)
(-0.00105911 -0.00279767 0.00525692 -0.00279767 0.00905231 -0.00196743 0.00525692 -0.00196743 0.00827423)
(-0.000945095 -0.00280558 0.0052514 -0.00280558 0.00898438 -0.00203979 0.0052514 -0.00203979 0.00807828)
(-0.00126376 -0.00301846 0.00571132 -0.00301846 0.00946645 -0.00178648 0.00571132 -0.00178648 0.00827116)
(-0.000113328 -0.00328617 0.00543741 -0.00328617 0.00948753 -0.00171661 0.00543741 -0.00171661 0.00920314)
(-0.000656058 -0.00248899 0.00508379 -0.00248899 0.00903744 -0.00177773 0.00508379 -0.00177773 0.00853948)
(-0.000872101 -0.00282472 0.00508874 -0.00282472 0.00923432 -0.00147243 0.00508874 -0.00147243 0.00896438)
(-0.000947788 -0.00285131 0.0064603 -0.00285131 0.0101437 -0.00236116 0.0064603 -0.00236116 0.00858427)
(0.0026039 -0.00328096 0.00559257 -0.00328096 0.00971496 -0.00197106 0.00559257 -0.00197106 0.00976111)
(0.00123858 -0.00266035 0.00489352 -0.00266035 0.00873883 -0.00276934 0.00489352 -0.00276934 0.00691487)
(0.00152114 -0.00242893 0.00458174 -0.00242893 0.00806458 -0.00281475 0.00458174 -0.00281475 0.00612355)
(0.00118738 -0.00235672 0.00458381 -0.00235672 0.00804336 -0.00273768 0.00458381 -0.00273768 0.00623798)
(0.000482578 -0.00223103 0.00455122 -0.00223103 0.00805022 -0.00257325 0.00455122 -0.00257325 0.00645307)
(-0.000776529 -0.00210381 0.00493695 -0.00210381 0.00852318 -0.00193872 0.00493695 -0.00193872 0.00756252)
(0.00103184 -0.000992337 0.0037886 -0.000992337 0.00904398 -0.000881632 0.0037886 -0.000881632 0.00735029)
(0.00837831 -0.000345532 0.00255078 -0.000345532 0.00910187 -0.000715989 0.00255078 -0.000715989 0.00556193)
(-0.000699975 -0.00191843 0.00457596 -0.00191843 0.0091895 -0.00190085 0.00457596 -0.00190085 0.00874246)
(0.00289256 -0.000924192 0.00462022 -0.000924192 0.00783239 -0.000952513 0.00462022 -0.000952513 0.00736315)
(0.000628592 -0.00175593 0.00411974 -0.00175593 0.00923781 -0.00153068 0.00411974 -0.00153068 0.00828687)
(0.00151926 0.000694841 0.00628767 0.000694841 0.00839853 -0.00218656 0.00628767 -0.00218656 0.00771753)
(0.00277338 0.000905369 0.00454579 0.000905369 0.00863446 -0.00144347 0.00454579 -0.00144347 0.00649934)
(0.00472083 -5.05699e-05 0.00332833 -5.05699e-05 0.00894679 -0.0010924 0.00332833 -0.0010924 0.00617832)
(0.00271458 -0.000700799 0.00432124 -0.000700799 0.00942051 -0.00161208 0.00432124 -0.00161208 0.00660885)
(0.00175587 -0.0010175 0.00524607 -0.0010175 0.0091652 -0.00215808 0.00524607 -0.00215808 0.00664228)
(0.000291749 -0.00315842 0.00489594 -0.00315842 0.00966765 -0.0027365 0.00489594 -0.0027365 0.00760723)
(0.00266234 -0.0042763 0.002817 -0.0042763 0.00897553 -0.00294615 0.002817 -0.00294615 0.00706984)
(0.00156765 -0.00338751 0.00412868 -0.00338751 0.00881481 -0.00290262 0.00412868 -0.00290262 0.00751789)
(0.00187869 -0.000299701 0.00635361 -0.000299701 0.00767041 -0.00272145 0.00635361 -0.00272145 0.00694511)
(0.00653197 0.000583364 0.00553395 0.000583364 0.00541208 -0.00288234 0.00553395 -0.00288234 0.00796426)
(0.00404256 -0.000538498 0.00670812 -0.000538498 0.00803633 -0.00256643 0.00670812 -0.00256643 0.00856599)
(0.000127762 -0.000353193 0.00636506 -0.000353193 0.00839543 -0.00225509 0.00636506 -0.00225509 0.00749355)
(0.00010618 -0.000736737 0.00507366 -0.000736737 0.00904898 -0.00175698 0.00507366 -0.00175698 0.00664636)
(0.00226231 -0.000735393 0.00513732 -0.000735393 0.00915653 -0.00200852 0.00513732 -0.00200852 0.00669958)
(0.00204042 -0.00187459 0.0052071 -0.00187459 0.00852977 -0.00290731 0.0052071 -0.00290731 0.00697735)
(0.00437533 -0.00224248 0.00282497 -0.00224248 0.00666214 -0.00382909 0.00282497 -0.00382909 0.00639494)
(0.00364037 -0.000564016 0.00315268 -0.000564016 0.00457994 -0.00456831 0.00315268 -0.00456831 0.00654153)
(0.00375453 -0.000895726 0.00386739 -0.000895726 0.00553067 -0.00387357 0.00386739 -0.00387357 0.00686338)
(0.00377887 0.000944649 0.00662364 0.000944649 0.00690605 -0.00239611 0.00662364 -0.00239611 0.00692785)
(0.00160455 0.000456957 0.00615088 0.000456957 0.00777508 -0.00217546 0.00615088 -0.00217546 0.00634619)
(0.00561516 0.000169573 0.0065874 0.000169573 0.00802307 -0.00231023 0.0065874 -0.00231023 0.00792832)
(0.00161307 -0.000920398 0.0051572 -0.000920398 0.00912036 -0.00212844 0.0051572 -0.00212844 0.00824498)
(0.000447928 -0.000163888 0.00583835 -0.000163888 0.00871401 -0.00205924 0.00583835 -0.00205924 0.00759361)
(0.00242202 0.000941432 0.00644017 0.000941432 0.00764875 -0.00188271 0.00644017 -0.00188271 0.00671949)
(0.00746509 0.002254 0.00509976 0.002254 0.00620742 -0.00116405 0.00509976 -0.00116405 0.00403245)
(0.00190144 -0.00168537 0.00514414 -0.00168537 0.00964456 -0.00169182 0.00514414 -0.00169182 0.00670185)
(8.45757e-05 -0.00177041 0.00436245 -0.00177041 0.00899399 -0.000645255 0.00436245 -0.000645255 0.00884465)
(0.00674976 0.000517476 0.00390039 0.000517476 0.00739948 -0.000208807 0.00390039 -0.000208807 0.00623542)
(0.0032815 -0.00229048 0.00476701 -0.00229048 0.00936211 -0.00172151 0.00476701 -0.00172151 0.00793124)
(0.000234051 -0.00291459 0.00620168 -0.00291459 0.0101686 -0.00264803 0.00620168 -0.00264803 0.00788113)
(-0.000292138 -0.00304356 0.00568894 -0.00304356 0.00980825 -0.00293724 0.00568894 -0.00293724 0.00790443)
(0.00295723 -0.00448195 0.00254709 -0.00448195 0.00890429 -0.00306693 0.00254709 -0.00306693 0.00695773)
(0.00100723 -0.00297516 0.00463889 -0.00297516 0.00881715 -0.00288004 0.00463889 -0.00288004 0.007688)
(0.00231937 0.000332804 0.006807 0.000332804 0.00763493 -0.00246143 0.006807 -0.00246143 0.00713806)
(0.000864646 -0.00040867 0.00660499 -0.00040867 0.0088176 -0.00257098 0.00660499 -0.00257098 0.00902265)
(0.00639754 -0.00163446 0.00461174 -0.00163446 0.0090704 -1.89766e-05 0.00461174 -1.89766e-05 0.00792812)
(0.022911 -0.00388448 0.000284813 -0.00388448 0.00787538 0.00238363 0.000284813 0.00238363 0.00933135)
(0.00799611 0.00289747 0.00350068 0.00289747 0.00597722 -0.000138342 0.00350068 -0.000138342 0.0057833)
(0.0128083 -0.000891627 0.00440832 -0.000891627 0.00881873 -0.00168038 0.00440832 -0.00168038 0.00777255)
(0.0159521 -0.00227043 0.00393886 -0.00227043 0.00853582 0.000241089 0.00393886 0.000241089 0.00916261)
(0.0158659 -0.00242136 0.00365462 -0.00242136 0.00917892 0.00104993 0.00365462 0.00104993 0.00857546)
(0.0170314 -0.00161882 0.0033613 -0.00161882 0.00868638 0.00152896 0.0033613 0.00152896 0.00851834)
(0.0125872 0.00130077 0.0040985 0.00130077 0.00695469 0.000899893 0.0040985 0.000899893 0.00736911)
(0.0129689 -0.00211656 0.0037701 -0.00211656 0.00894359 -0.000401014 0.0037701 -0.000401014 0.00428953)
(0.0122621 0.000626354 0.00419526 0.000626354 0.00800209 -0.00155161 0.00419526 -0.00155161 0.00388941)
(0.00794524 -0.0021428 0.00386516 -0.0021428 0.00949434 -0.00328706 0.00386516 -0.00328706 0.00537973)
(0.0101423 -0.00542425 0.000483776 -0.00542425 0.0101316 -0.00437081 0.000483776 -0.00437081 0.0045838)
(0.00947436 -0.00448213 0.00163333 -0.00448213 0.00998482 -0.00356885 0.00163333 -0.00356885 0.00461472)
(0.00608198 -0.000507962 0.00385034 -0.000507962 0.00865163 -0.00226238 0.00385034 -0.00226238 0.00402582)
(0.00236709 -0.001278 0.00411208 -0.001278 0.00874985 -0.00219434 0.00411208 -0.00219434 0.00425682)
(0.00109437 -0.00271661 0.00521861 -0.00271661 0.00923014 -0.0016478 0.00521861 -0.0016478 0.0064437)
(0.00449214 -0.00274935 0.00515449 -0.00274935 0.00971356 -0.00115796 0.00515449 -0.00115796 0.00706962)
(0.00710715 -0.00273593 0.00418972 -0.00273593 0.0103038 -0.000879996 0.00418972 -0.000879996 0.00745638)
(0.015784 -0.00492781 0.00275082 -0.00492781 0.0101193 -0.000769986 0.00275082 -0.000769986 0.00677826)
(0.0125092 -0.00385925 0.000972476 -0.00385925 0.00830785 5.51706e-05 0.000972476 5.51706e-05 0.00711231)
(0.00817739 -0.0014882 0.00114553 -0.0014882 0.00711299 -0.00404717 0.00114553 -0.00404717 0.00640119)
(0.00230662 -0.000142806 0.00398205 -0.000142806 0.00607978 -0.00302725 0.00398205 -0.00302725 0.00492794)
(0.00305903 0.000221847 0.0037804 0.000221847 0.00582881 -0.00240957 0.0037804 -0.00240957 0.00422788)
(0.00267562 -0.00111356 0.00409395 -0.00111356 0.00956673 -0.00139544 0.00409395 -0.00139544 0.00524135)
(0.0035971 -0.00203932 0.00346988 -0.00203932 0.00996525 -0.000615285 0.00346988 -0.000615285 0.00744573)
(0.00476631 -0.0027211 0.00443885 -0.0027211 0.00945254 -0.000150868 0.00443885 -0.000150868 0.00850261)
(0.00836012 0.000229134 0.00456787 0.000229134 0.00813368 -0.000695519 0.00456787 -0.000695519 0.00614407)
(0.0116686 -0.0032077 0.00471647 -0.0032077 0.00961302 -0.00087928 0.00471647 -0.00087928 0.00643228)
(0.0162878 -0.00365268 0.0031337 -0.00365268 0.0102338 0.000191312 0.0031337 0.000191312 0.0069312)
(0.0159073 -0.00228633 0.00292223 -0.00228633 0.0100272 -9.8059e-05 0.00292223 -9.8059e-05 0.00493582)
(0.0127058 -0.000764878 0.00406113 -0.000764878 0.00796605 0.00107148 0.00406113 0.00107148 0.00481156)
(0.0111644 -0.00219427 0.00423539 -0.00219427 0.0088074 0.000426709 0.00423539 0.000426709 0.00812038)
(0.0140451 -0.00100736 0.00344552 -0.00100736 0.00757324 0.00107236 0.00344552 0.00107236 0.00901859)
(0.0100701 -0.00374552 0.00205493 -0.00374552 0.00956912 0.000973083 0.00205493 0.000973083 0.0067187)
(0.00941575 -0.00356554 0.000510687 -0.00356554 0.00969929 9.99998e-05 0.000510687 9.99998e-05 0.00475868)
(0.0193979 -0.00337305 0.00209641 -0.00337305 0.00885832 -0.00464833 0.00209641 -0.00464833 0.00703823)
(0.0104501 -0.00755345 8.32733e-05 -0.00755345 0.0102897 -0.00378791 8.32733e-05 -0.00378791 0.00469036)
(0.00679658 -0.00543745 0.00323313 -0.00543745 0.0103204 -0.00340698 0.00323313 -0.00340698 0.00522782)
(0.0108404 -0.000296562 0.00327778 -0.000296562 0.00908823 -0.00106308 0.00327778 -0.00106308 0.00253363)
(0.00754241 -0.0023868 0.00459767 -0.0023868 0.00951703 -0.000206315 0.00459767 -0.000206315 0.00695567)
(0.0147891 -0.001933 0.00394929 -0.001933 0.00909654 -0.00107551 0.00394929 -0.00107551 0.00880489)
(0.0185341 -0.00108818 -0.000684207 -0.00108818 0.00787331 0.000372162 -0.000684207 0.000372162 0.0090586)
(0.0136863 -0.00323523 -0.0043972 -0.00323523 0.0108773 -0.00206627 -0.0043972 -0.00206627 0.00702311)
(0.0074978 -0.00270003 0.000518342 -0.00270003 0.00910962 -2.76966e-05 0.000518342 -2.76966e-05 0.00813639)
(0.0144208 -0.00195483 -0.00175552 -0.00195483 0.00648967 0.0021201 -0.00175552 0.0021201 0.00462366)
(0.0212944 -0.00403481 -0.00208576 -0.00403481 0.00712913 0.0010116 -0.00208576 0.0010116 0.00688591)
(0.029043 -0.0034644 -0.00218878 -0.0034644 0.00699887 0.000947397 -0.00218878 0.000947397 0.00813179)
(0.0232989 -0.002525 -0.00388543 -0.002525 0.00710616 -0.00135604 -0.00388543 -0.00135604 0.00385509)
(0.0126808 -0.000744397 -0.000605369 -0.000744397 0.00760578 -0.00195048 -0.000605369 -0.00195048 0.00356253)
(0.0146891 -0.00235472 0.00369189 -0.00235472 0.00900275 -0.00206306 0.00369189 -0.00206306 0.010202)
(0.0186163 0.00185539 0.00537409 0.00185539 0.00736062 -0.00235402 0.00537409 -0.00235402 0.00758558)
(0.0127007 -0.0057748 -0.000428137 -0.0057748 0.00967641 -0.00311043 -0.000428137 -0.00311043 0.00492847)
(0.0144607 -0.00486127 -0.00226459 -0.00486127 0.00969396 -0.00304163 -0.00226459 -0.00304163 0.00622347)
(0.011535 -0.00138961 0.00320311 -0.00138961 0.0080477 -0.00131775 0.00320311 -0.00131775 0.0102283)
(0.0049833 0.00118241 0.00526989 0.00118241 0.00618377 -0.00260752 0.00526989 -0.00260752 0.00521024)
(0.0025271 -0.000343394 0.00480553 -0.000343394 0.0077448 -0.00242114 0.00480553 -0.00242114 0.00486066)
(0.00889672 -0.00368666 0.00194604 -0.00368666 0.00966752 -0.00225971 0.00194604 -0.00225971 0.00691174)
(0.018568 -0.00284249 0.00306172 -0.00284249 0.00972955 -0.00160786 0.00306172 -0.00160786 0.00719557)
(0.0199806 0.000149628 0.00568179 0.000149628 0.00853672 -0.00226833 0.00568179 -0.00226833 0.00686009)
(0.00754076 -0.00139869 0.00067088 -0.00139869 0.00334767 -0.000422116 0.00067088 -0.000422116 0.0115391)
(0.0120266 -0.00149856 -0.00038222 -0.00149856 0.00297002 -0.00215091 -0.00038222 -0.00215091 0.0120849)
(0.00795903 -0.00171572 0.00598676 -0.00171572 0.0087666 -0.00249758 0.00598676 -0.00249758 0.00878787)
(0.00919558 0.000610626 0.00677709 0.000610626 0.00695903 -0.00202652 0.00677709 -0.00202652 0.00802688)
(0.00904802 0.000116097 0.00491876 0.000116097 0.00888483 -0.00131685 0.00491876 -0.00131685 0.00521414)
(0.0130144 -0.00163055 0.00218899 -0.00163055 0.00879045 0.00064994 0.00218899 0.00064994 0.00694998)
(0.00492772 -0.0018852 0.00327496 -0.0018852 0.00938796 -0.000324844 0.00327496 -0.000324844 0.00847516)
(0.0101105 -0.00383704 0.00172875 -0.00383704 0.00991608 -0.00225118 0.00172875 -0.00225118 0.00785265)
(0.0115956 -0.00110781 -0.000286638 -0.00110781 0.00860515 -0.002188 -0.000286638 -0.002188 0.00381932)
(0.0251435 -0.0019475 0.00016429 -0.0019475 0.0083062 0.00205828 0.00016429 0.00205828 0.00750492)
(0.0228242 -0.00229431 0.000660352 -0.00229431 0.00921072 0.00053697 0.000660352 0.00053697 0.00621256)
(0.00807666 -0.00415787 -0.000686876 -0.00415787 0.0119699 -0.00150758 -0.000686876 -0.00150758 0.00640112)
(0.0112051 -0.00149475 0.000564512 -0.00149475 0.00592258 0.00123812 0.000564512 0.00123812 0.00701128)
(0.028671 -0.000221754 5.11426e-05 -0.000221754 0.00677526 0.00348897 5.11426e-05 0.00348897 0.00622056)
(0.0117016 -0.00167649 0.00055353 -0.00167649 0.0107702 -0.00230577 0.00055353 -0.00230577 0.00859467)
(0.00185841 -0.0010177 0.000137937 -0.0010177 0.00748055 -0.00214998 0.000137937 -0.00214998 0.0116681)
(0.0171533 -0.00291442 0.00136576 -0.00291442 0.00707757 -0.00231879 0.00136576 -0.00231879 0.00859073)
(0.0178874 -0.0055526 -0.00016883 -0.0055526 0.00861872 -0.00296246 -0.00016883 -0.00296246 0.00583568)
(0.0184891 -0.00528372 -0.000794034 -0.00528372 0.00987708 -0.00265113 -0.000794034 -0.00265113 0.00668964)
(0.0179572 0.000166792 0.0036346 0.000166792 0.007641 0.000778167 0.0036346 0.000778167 0.00910262)
(0.0130582 -0.00203763 0.00244471 -0.00203763 0.00940128 -0.00159097 0.00244471 -0.00159097 0.00961274)
(0.0112292 -0.000630211 0.00458361 -0.000630211 0.00822331 -0.000980666 0.00458361 -0.000980666 0.00809911)
(0.0216081 -0.0041153 0.00239261 -0.0041153 0.00943669 0.000552951 0.00239261 0.000552951 0.0102398)
(0.0074801 -0.00154522 -0.000425377 -0.00154522 0.00961957 -0.000233517 -0.000425377 -0.000233517 0.00391916)
(0.0128673 -0.00088835 0.00164863 -0.00088835 0.00951109 0.00159745 0.00164863 0.00159745 0.00507828)
(0.0127638 -0.000931548 0.00236307 -0.000931548 0.00830284 -0.00197684 0.00236307 -0.00197684 0.00618514)
(0.0138886 -0.000744294 -0.00171811 -0.000744294 0.00801489 0.002427 -0.00171811 0.002427 0.00802708)
(0.0170295 -0.00108508 0.00281877 -0.00108508 0.00788303 -0.00256554 0.00281877 -0.00256554 0.0119154)
(0.0164461 0.00233542 0.00463316 0.00233542 0.00632278 0.00148164 0.00463316 0.00148164 0.00598199)
(0.015283 0.00313133 0.00348389 0.00313133 0.00724918 -0.000884207 0.00348389 -0.000884207 0.00609712)
(0.00914932 0.00194304 0.00021895 0.00194304 0.00749416 -0.00168 0.00021895 -0.00168 0.0048376)
(0.0166244 0.00144348 0.00397805 0.00144348 0.00751505 -0.00223326 0.00397805 -0.00223326 0.00633861)
(0.0101408 -0.00646508 0.0015011 -0.00646508 0.0103766 -0.00372505 0.0015011 -0.00372505 0.00524807)
(0.0113952 -0.00409621 0.00236464 -0.00409621 0.00955031 -0.00279951 0.00236464 -0.00279951 0.00649648)
(0.0128569 0.00212977 0.00129108 0.00212977 0.00727131 -0.00119902 0.00129108 -0.00119902 0.00538223)
(0.00250172 -0.00414455 0.00457338 -0.00414455 0.0101714 -0.00265793 0.00457338 -0.00265793 0.00654807)
(0.00355295 -0.00176041 0.00346435 -0.00176041 0.00908075 -0.00384218 0.00346435 -0.00384218 0.00631253)
(0.00883376 -0.00584568 0.00176571 -0.00584568 0.0102821 -0.00322829 0.00176571 -0.00322829 0.0056965)
(0.010689 -0.00303097 0.00375265 -0.00303097 0.00889597 -0.00115483 0.00375265 -0.00115483 0.00746785)
(0.0138964 -0.00279212 0.00411483 -0.00279212 0.00931323 -0.00196878 0.00411483 -0.00196878 0.00501517)
(0.0132794 -0.00611341 0.00129072 -0.00611341 0.00869248 -0.00332105 0.00129072 -0.00332105 0.00587946)
(0.0133516 -0.00501053 -0.000815871 -0.00501053 0.00980017 -0.00287198 -0.000815871 -0.00287198 0.0121)
(0.00690462 -0.00276745 0.00222019 -0.00276745 0.00827309 -0.00159193 0.00222019 -0.00159193 0.0038717)
(0.00819056 -0.00195831 0.00192309 -0.00195831 0.00737363 -0.000658318 0.00192309 -0.000658318 0.00304262)
(0.0142387 -0.00275071 0.00427183 -0.00275071 0.00978799 -0.000971934 0.00427183 -0.000971934 0.00417761)
(0.0110239 -0.00252981 0.00480132 -0.00252981 0.00900477 -0.000711274 0.00480132 -0.000711274 0.00891717)
(0.0166595 -0.00528721 0.0048478 -0.00528721 0.00969258 -0.00158812 0.0048478 -0.00158812 0.00983571)
(0.0203018 -0.00523844 0.00223091 -0.00523844 0.00956553 -0.000703971 0.00223091 -0.000703971 0.0078782)
(0.014241 -0.003038 0.000488602 -0.003038 0.00868471 8.56295e-05 0.000488602 8.56295e-05 0.00552187)
(0.0160473 0.000224956 0.00163885 0.000224956 0.00670225 0.0033134 0.00163885 0.0033134 0.00889207)
(0.0212096 -0.00387229 0.000811826 -0.00387229 0.00956054 0.00152733 0.000811826 0.00152733 0.00756827)
(0.00955381 0.00224796 0.00369589 0.00224796 0.00705721 -0.000509226 0.00369589 -0.000509226 0.00532478)
(0.00699291 -0.00504684 -0.0037474 -0.00504684 0.0111821 -0.00109685 -0.0037474 -0.00109685 0.00856716)
(0.0222593 -1.67396e-05 0.000878017 -1.67396e-05 0.00711355 0.00201669 0.000878017 0.00201669 0.00493249)
(0.0156002 -0.00303909 0.000969885 -0.00303909 0.00829567 0.00202662 0.000969885 0.00202662 0.00780608)
(0.0029708 7.29086e-05 0.00165058 7.29086e-05 0.00634561 -0.00201014 0.00165058 -0.00201014 0.00457837)
(0.00750119 -0.00523316 -0.000322227 -0.00523316 0.00897306 -0.00366281 -0.000322227 -0.00366281 0.00560817)
(0.013065 -0.00574299 -0.000734859 -0.00574299 0.00888595 -0.00348292 -0.000734859 -0.00348292 0.00610865)
(0.013836 -0.00500093 0.00252336 -0.00500093 0.00995999 -0.00296618 0.00252336 -0.00296618 0.00661607)
(0.0155074 0.00159172 0.00300147 0.00159172 0.00674422 0.00195924 0.00300147 0.00195924 0.00654088)
(0.0155552 0.0022877 0.00403872 0.0022877 0.00738991 9.52287e-05 0.00403872 9.52287e-05 0.00526046)
(0.00943429 -0.00230044 0.00257853 -0.00230044 0.00805333 -0.00117866 0.00257853 -0.00117866 0.00644857)
(0.0283454 -0.00546844 -0.00187549 -0.00546844 0.00882259 0.00127968 -0.00187549 0.00127968 0.0106784)
(0.0172192 -0.000400722 0.00468835 -0.000400722 0.00852099 -0.00188117 0.00468835 -0.00188117 0.00817255)
(0.019165 0.00340254 0.00511871 0.00340254 0.00640807 -0.00039776 0.00511871 -0.00039776 0.00610982)
(0.0135821 -0.00479953 0.00104179 -0.00479953 0.00976767 -0.00260299 0.00104179 -0.00260299 0.00713519)
(0.0150662 -0.00151423 -0.00384127 -0.00151423 0.00628756 0.0043987 -0.00384127 0.0043987 0.0103475)
(0.0163399 -0.00140725 -0.00215179 -0.00140725 0.00629142 0.00302696 -0.00215179 0.00302696 0.0108297)
(0.0129532 -0.00154301 0.0032477 -0.00154301 0.00935734 -0.00182681 0.0032477 -0.00182681 0.010244)
(0.0155604 7.74907e-05 0.00171174 7.74907e-05 0.00862282 -0.00164084 0.00171174 -0.00164084 0.00872922)
(0.00896471 -0.000135268 -0.00109253 -0.000135268 0.00730768 -0.00316895 -0.00109253 -0.00316895 0.00567605)
(0.0141692 -2.28835e-05 0.00168221 -2.28835e-05 0.00684399 -0.00210192 0.00168221 -0.00210192 0.0092482)
(0.0158352 -0.000814776 0.00280564 -0.000814776 0.00829707 -0.00356119 0.00280564 -0.00356119 0.00607093)
(0.0151656 -0.00570479 -0.00101089 -0.00570479 0.00960595 -0.00294091 -0.00101089 -0.00294091 0.00579904)
(0.0134424 -0.00107631 -0.0007429 -0.00107631 0.00810883 -0.00307416 -0.0007429 -0.00307416 0.0067084)
(0.0136281 -0.000300629 0.0014474 -0.000300629 0.00735437 -0.00175565 0.0014474 -0.00175565 0.00578406)
(0.0192178 -0.00211408 0.00185378 -0.00211408 0.00633703 -0.00349821 0.00185378 -0.00349821 0.00505807)
(0.00925087 -0.00574591 0.000226645 -0.00574591 0.00986468 -0.00319216 0.000226645 -0.00319216 0.00522281)
(0.0125594 0.0011522 0.000736652 0.0011522 0.00743339 -0.00146837 0.000736652 -0.00146837 0.00557447)
(0.0188412 -0.00423679 0.00106267 -0.00423679 0.0089485 -0.000733672 0.00106267 -0.000733672 0.00899898)
(0.0223869 -0.00200878 0.00259397 -0.00200878 0.00848861 -0.00306429 0.00259397 -0.00306429 0.00685984)
(0.0137846 0.000707396 0.00319948 0.000707396 0.00731848 -0.00344599 0.00319948 -0.00344599 0.00608846)
(0.0137396 -0.00403319 0.00157317 -0.00403319 0.0104259 0.00121522 0.00157317 0.00121522 0.00674652)
(0.0143082 -0.00287146 0.00232005 -0.00287146 0.0100962 0.00138217 0.00232005 0.00138217 0.00678048)
(0.0125426 -0.00518397 -0.00371134 -0.00518397 0.0126042 -0.000553512 -0.00371134 -0.000553512 0.0084884)
(0.0178236 -0.00463097 -0.000454335 -0.00463097 0.00830338 -0.00183549 -0.000454335 -0.00183549 0.0084823)
(0.0224342 -0.00542646 0.00139851 -0.00542646 0.00933925 -0.00209326 0.00139851 -0.00209326 0.00782038)
(0.0229847 -0.00425264 0.00209725 -0.00425264 0.00887385 -0.0026275 0.00209725 -0.0026275 0.00549134)
(0.0118011 -0.00121938 -0.00166964 -0.00121938 0.00812401 -0.00317024 -0.00166964 -0.00317024 0.00547883)
(0.0137611 0.00155004 0.00228594 0.00155004 0.0060995 0.00225218 0.00228594 0.00225218 0.00816846)
(0.0188304 -0.00276993 -0.00468992 -0.00276993 0.00711982 0.00433092 -0.00468992 0.00433092 0.00819373)
(0.0108388 -0.00390457 0.00340907 -0.00390457 0.00944313 -0.00256643 0.00340907 -0.00256643 0.00789776)
(0.0100427 -0.00316248 0.000515237 -0.00316248 0.0110293 -0.000676748 0.000515237 -0.000676748 0.00702547)
(0.00823263 -0.00102064 -0.00227118 -0.00102064 0.00544504 0.00284779 -0.00227118 0.00284779 0.0102746)
(0.0212229 -0.000776791 0.003807 -0.000776791 0.00817577 -0.00054533 0.003807 -0.00054533 0.00670306)
(0.00283398 -0.000831712 0.000289738 -0.000831712 0.00645808 -0.00141404 0.000289738 -0.00141404 0.00558316)
(0.00461905 -0.00235853 0.00236283 -0.00235853 0.00365077 -0.0025863 0.00236283 -0.0025863 0.00711711)
(0.0154089 -0.00335396 0.00103016 -0.00335396 0.00841298 -0.00311755 0.00103016 -0.00311755 0.0059986)
(0.0133628 -0.00621084 -5.5952e-05 -0.00621084 0.00946908 -0.00356692 -5.5952e-05 -0.00356692 0.00466007)
(0.0113443 -0.00178567 -0.000802769 -0.00178567 0.00589262 -0.000437414 -0.000802769 -0.000437414 0.00274909)
(0.0114417 0.00104012 0.00158803 0.00104012 0.00765185 -0.000212447 0.00158803 -0.000212447 0.00775282)
(0.015378 0.00272066 0.00414918 0.00272066 0.0074361 -9.38559e-05 0.00414918 -9.38559e-05 0.00355817)
(0.0202411 -0.00438276 0.00147589 -0.00438276 0.00898327 0.00100086 0.00147589 0.00100086 0.0100752)
(0.0162925 -0.00251755 0.00353517 -0.00251755 0.0096158 -0.00199658 0.00353517 -0.00199658 0.00526909)
(0.0169431 0.00225361 0.00479365 0.00225361 0.00759056 -0.00113051 0.00479365 -0.00113051 0.00470267)
(0.0168565 -0.00402623 0.00353144 -0.00402623 0.00939768 -0.00233536 0.00353144 -0.00233536 0.00608602)
(0.014994 -0.00295144 -0.00299848 -0.00295144 0.00796673 0.000802248 -0.00299848 0.000802248 0.00907619)
(0.0153324 0.00144023 0.002018 0.00144023 0.00649357 0.00265124 0.002018 0.00265124 0.00746249)
(0.00390921 -0.000579825 -4.17139e-05 -0.000579825 0.00520929 0.000387063 -4.17139e-05 0.000387063 0.00146542)
(0.00440721 -0.00396896 0.000741156 -0.00396896 0.0093981 -0.00145982 0.000741156 -0.00145982 0.00354658)
(0.00711429 -0.0025938 0.00055607 -0.0025938 0.00849472 -0.00174545 0.00055607 -0.00174545 0.00195181)
(0.00313507 -0.000215573 -0.000954648 -0.000215573 0.00644042 -0.00086872 -0.000954648 -0.00086872 0.00583426)
(0.0164191 -0.00108101 0.00143659 -0.00108101 0.00786048 -0.0037532 0.00143659 -0.0037532 0.00671801)
(0.0118127 -0.00426477 -0.000259581 -0.00426477 0.00769961 -0.00292309 -0.000259581 -0.00292309 0.00646107)
(0.00908535 0.00105271 0.00147134 0.00105271 0.00513985 0.00117586 0.00147134 0.00117586 0.00306855)
(0.0106783 -0.001078 -0.00142357 -0.001078 0.00812262 -0.00226579 -0.00142357 -0.00226579 0.00684665)
(0.0188171 0.000579199 0.000534181 0.000579199 0.0063742 -0.0024315 0.000534181 -0.0024315 0.00530462)
(0.00770255 -0.00527928 0.00317847 -0.00527928 0.00996484 -0.00315638 0.00317847 -0.00315638 0.00615439)
(0.00746193 0.00178387 0.000132934 0.00178387 0.00674887 -0.0012542 0.000132934 -0.0012542 0.00412102)
(0.0116919 0.00125008 0.000863789 0.00125008 0.00618557 0.000438077 0.000863789 0.000438077 0.00539333)
(0.0139198 -0.00404679 0.00328207 -0.00404679 0.00952011 -0.00360118 0.00328207 -0.00360118 0.00559218)
(0.0119691 -0.00438499 -7.3106e-05 -0.00438499 0.00876122 -0.00309179 -7.3106e-05 -0.00309179 0.00492993)
(0.013816 -0.00449944 0.00118352 -0.00449944 0.0109912 0.000502872 0.00118352 0.000502872 0.00726788)
(0.0106938 -0.0045254 0.000381092 -0.0045254 0.011323 0.00084957 0.000381092 0.00084957 0.00663036)
(0.0125386 -0.0049133 -0.00437341 -0.0049133 0.0125993 -0.00140592 -0.00437341 -0.00140592 0.00917361)
(0.00715067 -0.00492093 -0.00494497 -0.00492093 0.0116451 -0.000606396 -0.00494497 -0.000606396 0.0108012)
(0.0113306 -0.00401359 -0.00134801 -0.00401359 0.00717495 0.00191023 -0.00134801 0.00191023 0.00612481)
(0.0232432 -0.00126222 0.00352717 -0.00126222 0.00816427 -0.00285656 0.00352717 -0.00285656 0.0055335)
(0.00946544 -0.00329447 0.00288381 -0.00329447 0.00924719 -0.0021957 0.00288381 -0.0021957 0.00639274)
(0.0112773 0.00215592 0.00342106 0.00215592 0.00625075 0.000897056 0.00342106 0.000897056 0.00671145)
(0.013569 0.0014403 0.000839952 0.0014403 0.00530448 0.00349903 0.000839952 0.00349903 0.0106249)
(0.0128465 -3.66811e-05 0.00420844 -3.66811e-05 0.00783924 -0.00151462 0.00420844 -0.00151462 0.0056901)
(0.00205887 0.000715414 0.000662705 0.000715414 0.00627121 -0.00130341 0.000662705 -0.00130341 0.00268678)
(0.00196439 -0.0030006 -0.000924202 -0.0030006 0.00770555 -0.00196524 -0.000924202 -0.00196524 0.00918632)
(0.0142946 -0.00205437 0.00273236 -0.00205437 0.00833343 -0.0010088 0.00273236 -0.0010088 0.00476118)
(0.0110497 -0.00489586 0.000891758 -0.00489586 0.0102357 0.00107374 0.000891758 0.00107374 0.00684571)
(0.00817403 -0.00423798 0.00109688 -0.00423798 0.00967934 0.00103543 0.00109688 0.00103543 0.0065548)
(0.014192 -0.00571385 -0.000411846 -0.00571385 0.00939951 -0.00412261 -0.000411846 -0.00412261 0.00571823)
(0.0151799 -0.00757269 0.000815872 -0.00757269 0.0103898 -0.00409642 0.000815872 -0.00409642 0.00485569)
(0.00810267 -0.000194039 -0.00092358 -0.000194039 0.00577496 0.00204036 -0.00092358 0.00204036 0.00386984)
(0.0187733 0.00268607 0.00425896 0.00268607 0.00667299 2.2524e-05 0.00425896 2.2524e-05 0.0033556)
(0.00659884 0.00114914 0.00173261 0.00114914 0.00652083 0.0005206 0.00173261 0.0005206 0.00318914)
(0.0210312 -0.00408479 0.00170987 -0.00408479 0.00912463 -0.0010253 0.00170987 -0.0010253 0.00953881)
(0.0163193 -0.00400122 0.00310186 -0.00400122 0.00929118 -0.00252528 0.00310186 -0.00252528 0.00730199)
(0.013089 1.40397e-05 0.00306617 1.40397e-05 0.00767249 -0.00233949 0.00306617 -0.00233949 0.00742756)
(0.0182873 -0.002262 0.00308823 -0.002262 0.00809615 -0.0014911 0.00308823 -0.0014911 0.0056697)
(0.0140187 -0.000741835 -0.00269328 -0.000741835 0.00563021 0.00431724 -0.00269328 0.00431724 0.00975312)
(0.0110163 -0.000982063 -0.000603187 -0.000982063 0.0083152 -0.0025891 -0.000603187 -0.0025891 0.00610472)
(0.00786528 -0.00273231 -0.000890485 -0.00273231 0.0106909 -0.00180897 -0.000890485 -0.00180897 0.00488627)
(0.0084688 -0.0036846 -8.6057e-05 -0.0036846 0.0114275 -0.00243549 -8.6057e-05 -0.00243549 0.00726587)
(0.0104059 -0.005051 -0.00491099 -0.005051 0.0112808 -0.00313787 -0.00491099 -0.00313787 0.00814727)
(0.00950771 -0.00508669 -0.00454744 -0.00508669 0.0115268 -0.00187611 -0.00454744 -0.00187611 0.00814721)
(0.00346135 -0.00115118 0.00157199 -0.00115118 0.00347129 -0.0028642 0.00157199 -0.0028642 0.00559756)
(0.00693751 -0.00139295 0.00345575 -0.00139295 0.00206733 -0.000549981 0.00345575 -0.000549981 0.00939421)
(0.0112241 -0.00324216 0.00111568 -0.00324216 0.0095074 -0.00232258 0.00111568 -0.00232258 0.00734811)
(0.00491897 -0.00404844 -0.00132799 -0.00404844 0.0106755 -0.00059177 -0.00132799 -0.00059177 0.00654129)
(0.0119626 -0.00228785 -0.000562434 -0.00228785 0.00882299 -0.00267915 -0.000562434 -0.00267915 0.00908489)
(0.0108564 -0.00582769 -0.000647585 -0.00582769 0.00928502 -0.00343224 -0.000647585 -0.00343224 0.00484555)
(0.00126264 -0.000223748 0.000590134 -0.000223748 0.00313112 -0.00115697 0.000590134 -0.00115697 0.00217214)
(0.00986416 0.000640872 4.45116e-05 0.000640872 0.00692365 -0.000995246 4.45116e-05 -0.000995246 0.00409784)
(0.0127894 -0.00492139 -0.000475042 -0.00492139 0.00876989 -0.00323756 -0.000475042 -0.00323756 0.00527338)
(0.0175781 -0.00108309 0.000503259 -0.00108309 0.0082149 -0.00253024 0.000503259 -0.00253024 0.00521062)
(0.0131554 -0.00171539 -0.00103642 -0.00171539 0.00818415 -0.00276046 -0.00103642 -0.00276046 0.00519787)
(0.0137447 0.00131457 0.000209974 0.00131457 0.00741765 -0.000913824 0.000209974 -0.000913824 0.0044599)
(0.0105339 -0.00457612 0.000339393 -0.00457612 0.0116052 0.000629518 0.000339393 0.000629518 0.00524789)
(0.0117328 -0.00289056 0.000343032 -0.00289056 0.0114556 -0.000645204 0.000343032 -0.000645204 0.00733308)
(0.00971822 -0.00399797 -0.00115472 -0.00399797 0.00762196 0.000541802 -0.00115472 0.000541802 0.00416878)
(0.0159692 -0.00391984 0.000300135 -0.00391984 0.00849682 -0.00102707 0.000300135 -0.00102707 0.00693824)
(0.0107305 -0.000813145 0.00253858 -0.000813145 0.00803975 -0.000730624 0.00253858 -0.000730624 0.00690924)
(0.00980487 0.00156742 0.00155928 0.00156742 0.0064074 0.00100189 0.00155928 0.00100189 0.00532346)
(0.0126038 0.00106419 0.00142628 0.00106419 0.00571799 0.00233816 0.00142628 0.00233816 0.00813963)
(0.000972014 0.00157221 0.000792518 0.00157221 0.00461669 6.81104e-05 0.000792518 6.81104e-05 0.00103886)
(0.005897 -0.00271674 0.00178295 -0.00271674 0.0082727 -0.00243936 0.00178295 -0.00243936 0.00717023)
(0.0088159 0.00101282 0.0041166 0.00101282 0.00616131 -0.00326117 0.0041166 -0.00326117 0.00892711)
(0.00277427 -0.00122224 8.64882e-05 -0.00122224 0.00638216 -0.000234472 8.64882e-05 -0.000234472 0.00347658)
(0.0128357 -0.00472016 0.00125502 -0.00472016 0.0103226 0.00100828 0.00125502 0.00100828 0.00700027)
(0.00876755 -0.00536949 -0.00070449 -0.00536949 0.0109834 0.000261678 -0.00070449 0.000261678 0.00736214)
(0.0062277 -0.00156805 0.00053565 -0.00156805 0.00665103 -0.00336166 0.00053565 -0.00336166 0.00572936)
(0.0200378 -0.0044155 0.00320031 -0.0044155 0.00967676 -0.00269507 0.00320031 -0.00269507 0.00803738)
(0.0176083 -0.00112123 0.00106039 -0.00112123 0.00844518 -0.00167665 0.00106039 -0.00167665 0.00727978)
(0.0163214 0.00147834 0.00204012 0.00147834 0.00795553 0.000858237 0.00204012 0.000858237 0.0031214)
(0.00469459 -0.00351039 -0.000220538 -0.00351039 0.00862849 0.00044011 -0.000220538 0.00044011 0.00360892)
(0.0128319 0.00110378 0.00212537 0.00110378 0.00613664 0.000779537 0.00212537 0.000779537 0.00674513)
(0.00765661 -0.00235384 0.000740539 -0.00235384 0.00762342 -0.00114049 0.000740539 -0.00114049 0.0048214)
(0.00179072 -0.00242823 0.000946688 -0.00242823 0.00729854 -0.00297451 0.000946688 -0.00297451 0.00407256)
(0.00747205 -0.00140465 -0.000941765 -0.00140465 0.00651931 2.29124e-05 -0.000941765 2.29124e-05 0.00248071)
(0.0116318 0.000582897 0.00046647 0.000582897 0.00558082 0.000450277 0.00046647 0.000450277 0.00740349)
(0.0130525 -0.00157091 -0.000898239 -0.00157091 0.0111926 -0.0033118 -0.000898239 -0.0033118 0.00886772)
(0.0110939 0.000583036 -0.000348394 0.000583036 0.00613036 0.00227083 -0.000348394 0.00227083 0.00673084)
(0.0138749 -0.000121972 0.0027236 -0.000121972 0.00836048 0.000310136 0.0027236 0.000310136 0.00430599)
(0.00766835 -0.00390526 -0.000558821 -0.00390526 0.0111578 -0.00270421 -0.000558821 -0.00270421 0.00752529)
(0.00374685 -0.00278668 0.0010487 -0.00278668 0.00809911 -0.00268313 0.0010487 -0.00268313 0.00421252)
(0.00239592 -0.000742644 -0.000525162 -0.000742644 0.00612675 0.00182329 -0.000525162 0.00182329 0.00452384)
(0.0059847 -0.0020879 0.00202681 -0.0020879 0.00405765 0.000679648 0.00202681 0.000679648 0.00932477)
(0.0120907 -0.00128522 -1.81422e-05 -0.00128522 0.00849563 -0.00249877 -1.81422e-05 -0.00249877 0.00643587)
(0.00349501 -0.000246011 0.000612594 -0.000246011 0.00262201 0.00127461 0.000612594 0.00127461 0.00444374)
(0.00864461 -0.00547119 -0.000108695 -0.00547119 0.0107759 0.000869748 -0.000108695 0.000869748 0.00606049)
(0.00634685 -0.00212129 0.000906112 -0.00212129 0.00783376 0.000734893 0.000906112 0.000734893 0.00445094)
(0.00366248 -0.000922399 0.000968779 -0.000922399 0.00705572 -0.00157176 0.000968779 -0.00157176 0.00221306)
(0.00756008 -0.00426668 0.00174115 -0.00426668 0.00896008 -0.00281126 0.00174115 -0.00281126 0.00560651)
(0.0128898 -0.00244627 0.00151105 -0.00244627 0.00653148 -0.00343077 0.00151105 -0.00343077 0.00478365)
(0.0106305 -0.00415268 4.44464e-05 -0.00415268 0.00797217 -0.00300785 4.44464e-05 -0.00300785 0.00471138)
(0.0127181 -0.003273 0.00349532 -0.003273 0.00959229 -0.00242539 0.00349532 -0.00242539 0.00645405)
(0.0153654 -0.00297402 0.00200554 -0.00297402 0.00896211 -0.00025579 0.00200554 -0.00025579 0.00778749)
(0.0088512 0.0021766 0.00146188 0.0021766 0.00500689 -3.66541e-05 0.00146188 -3.66541e-05 0.00395225)
(0.00919184 -0.00286107 0.00070346 -0.00286107 0.0104135 0.000149434 0.00070346 0.000149434 0.00347816)
(0.00618445 -0.00237987 -0.000237823 -0.00237987 0.00686779 0.0013785 -0.000237823 0.0013785 0.00333334)
(0.0128886 0.000354241 0.000923011 0.000354241 0.00726668 -0.00106637 0.000923011 -0.00106637 0.00518501)
(0.0101651 -0.000314505 0.00364666 -0.000314505 0.00743974 -0.000125683 0.00364666 -0.000125683 0.00686163)
(0.00230198 -0.000831726 0.000613 -0.000831726 0.00471855 1.86544e-06 0.000613 1.86544e-06 0.00225921)
(0.00959584 0.000737515 0.00110301 0.000737515 0.00531132 0.0028845 0.00110301 0.0028845 0.00875489)
(0.00666463 -0.00440048 -0.00127507 -0.00440048 0.0108676 -0.000792161 -0.00127507 -0.000792161 0.00693124)
(0.00449554 -0.00313076 -0.000417977 -0.00313076 0.00873384 0.00139071 -0.000417977 0.00139071 0.00340083)
(0.00469288 0.000715343 0.000860998 0.000715343 0.00490384 0.000644397 0.000860998 0.000644397 0.00736507)
(0.00715744 -0.00372992 -0.00252547 -0.00372992 0.00997245 -0.0020494 -0.00252547 -0.0020494 0.00760321)
(0.00476556 -0.00164747 0.00111745 -0.00164747 0.00716629 -0.00203484 0.00111745 -0.00203484 0.00695037)
(0.00280865 -0.00196575 0.000303302 -0.00196575 0.00584599 -0.000240589 0.000303302 -0.000240589 0.00147429)
(0.00290792 -0.00168284 0.00236482 -0.00168284 0.00772491 -0.00163725 0.00236482 -0.00163725 0.00575404)
(0.0136096 -0.00481331 0.00395626 -0.00481331 0.00940183 -0.00271494 0.00395626 -0.00271494 0.00809507)
(0.0206876 -0.00387778 0.00198225 -0.00387778 0.00949572 -0.00243175 0.00198225 -0.00243175 0.00790006)
(0.0112686 0.00226762 0.00219445 0.00226762 0.00701609 -0.000189436 0.00219445 -0.000189436 0.00409337)
(0.00333511 -0.00111701 0.000542535 -0.00111701 0.00664536 -0.000831715 0.000542535 -0.000831715 0.00244951)
(0.00184301 -0.000116347 -0.00094919 -0.000116347 0.00394913 0.00114107 -0.00094919 0.00114107 0.00378842)
(0.00416781 -0.000761238 0.000536844 -0.000761238 0.00566515 0.000137285 0.000536844 0.000137285 0.0022251)
(0.0061239 -0.00131096 0.00117882 -0.00131096 0.00721933 -0.000586766 0.00117882 -0.000586766 0.00460836)
(0.00729511 -0.00186639 0.000189615 -0.00186639 0.00554716 4.33475e-05 0.000189615 4.33475e-05 0.0028284)
(0.0179474 -8.24304e-05 0.00171971 -8.24304e-05 0.00959776 0.000179425 0.00171971 0.000179425 0.00584939)
(0.0100303 0.000243487 0.00292717 0.000243487 0.00276618 -0.000153068 0.00292717 -0.000153068 0.00669637)
(0.0197218 -0.00104166 0.00191695 -0.00104166 0.00880494 0.000761479 0.00191695 0.000761479 0.00421204)
(0.0204666 0.00177555 0.00493548 0.00177555 0.00772847 -0.000722353 0.00493548 -0.000722353 0.00737033)
(0.00653116 0.000232079 0.000386387 0.000232079 0.00427926 0.000667703 0.000386387 0.000667703 0.00317852)
(0.00713749 0.000598339 0.000378896 0.000598339 0.00386553 0.00124807 0.000378896 0.00124807 0.00455162)
(0.00531988 -0.000274424 0.000751214 -0.000274424 0.00503916 0.00256454 0.000751214 0.00256454 0.00838566)
(0.0128423 -0.0033293 0.000284484 -0.0033293 0.00701992 -0.00248304 0.000284484 -0.00248304 0.00799981)
(0.00984632 -6.74725e-05 0.000931427 -6.74725e-05 0.00825034 -0.00200569 0.000931427 -0.00200569 0.00671914)
(0.0067684 0.000297098 0.00130754 0.000297098 0.00703013 -0.000314397 0.00130754 -0.000314397 0.00615625)
(0.0114437 -0.00216377 0.00215912 -0.00216377 0.00965979 0.000285652 0.00215912 0.000285652 0.00759544)
