/*--------------------------------*- C++ -*----------------------------------*\
  =========                 |
  \\      /  F ield         | OpenFOAM: The Open Source CFD Toolbox
   \\    /   O peration     | Website:  https://openfoam.org
    \\  /    A nd           | Version:  10
     \\/     M anipulation  |
\*---------------------------------------------------------------------------*/
FoamFile
{
    format      ascii;
    class       volTensorField;
    location    "2.5";
    object      TauNN;
}
// * * * * * * * * * * * * * * * * * * * * * * * * * * * * * * * * * * * * * //

dimensions      [0 2 -2 0 0 0 0];

internalField   nonuniform List<tensor> 
25600
(
(0.00147446 -0.0129783 -0.015137 -0.0129783 0.000159833 -0.0081513 -0.015137 -0.0081513 0.000115631)
(0.00147598 -0.0129788 -0.0151367 -0.0129788 0.00015984 -0.00815154 -0.0151367 -0.00815154 0.000115611)
(0.00147919 -0.0129793 -0.0151359 -0.0129793 0.000159797 -0.00815186 -0.0151359 -0.00815186 0.000115417)
(0.00148154 -0.0129794 -0.0151353 -0.0129794 0.000159679 -0.00815191 -0.0151353 -0.00815191 0.000115296)
(0.00147884 -0.0129787 -0.015136 -0.0129787 0.000159671 -0.00815152 -0.015136 -0.00815152 0.000115448)
(0.00147504 -0.0129785 -0.0151369 -0.0129785 0.000159848 -0.0081514 -0.0151369 -0.0081514 0.000115565)
(0.00147574 -0.012979 -0.0151366 -0.012979 0.000159916 -0.00815168 -0.0151366 -0.00815168 0.000115472)
(0.0014797 -0.0129795 -0.0151358 -0.0129795 0.000159831 -0.00815201 -0.0151358 -0.00815201 0.000115308)
(0.00148192 -0.0129794 -0.0151353 -0.0129794 0.000159661 -0.00815191 -0.0151353 -0.00815191 0.000115264)
(0.00147916 -0.0129786 -0.015136 -0.0129786 0.000159632 -0.00815146 -0.015136 -0.00815146 0.000115509)
(0.00147425 -0.0129783 -0.015137 -0.0129783 0.000159856 -0.00815132 -0.015137 -0.00815132 0.000115577)
(0.00147523 -0.0129788 -0.0151368 -0.0129788 0.000159892 -0.00815158 -0.0151368 -0.00815158 0.000115561)
(0.00147999 -0.0129794 -0.0151357 -0.0129794 0.000159783 -0.00815194 -0.0151357 -0.00815194 0.000115375)
(0.00148104 -0.0129794 -0.0151355 -0.0129794 0.000159698 -0.00815188 -0.0151355 -0.00815188 0.000115304)
(0.00147891 -0.0129788 -0.015136 -0.0129788 0.000159682 -0.00815155 -0.015136 -0.00815155 0.000115449)
(0.00147481 -0.0129783 -0.015137 -0.0129783 0.000159794 -0.00815125 -0.015137 -0.00815125 0.000115666)
(0.001476 -0.0129788 -0.0151367 -0.0129788 0.000159866 -0.00815159 -0.0151367 -0.00815159 0.000115561)
(0.00147958 -0.0129796 -0.0151358 -0.0129796 0.000159843 -0.00815201 -0.0151358 -0.00815201 0.000115319)
(0.00148137 -0.0129793 -0.0151354 -0.0129793 0.000159676 -0.00815188 -0.0151354 -0.00815188 0.000115271)
(0.00147857 -0.0129785 -0.0151361 -0.0129785 0.000159625 -0.00815138 -0.0151361 -0.00815138 0.000115566)
(0.00147481 -0.0129782 -0.015137 -0.0129782 0.000159763 -0.00815119 -0.015137 -0.00815119 0.000115712)
(0.00147534 -0.0129788 -0.0151367 -0.0129788 0.000159894 -0.00815159 -0.0151367 -0.00815159 0.000115552)
(0.0014798 -0.0129795 -0.0151358 -0.0129795 0.000159825 -0.008152 -0.0151358 -0.008152 0.000115343)
(0.00148141 -0.0129793 -0.0151354 -0.0129793 0.00015965 -0.00815183 -0.0151354 -0.00815183 0.000115331)
(0.00147917 -0.0129787 -0.0151359 -0.0129787 0.000159653 -0.00815151 -0.0151359 -0.00815151 0.000115494)
(0.00147409 -0.0129785 -0.0151371 -0.0129785 0.000159914 -0.00815141 -0.0151371 -0.00815141 0.000115524)
(0.00147485 -0.0129788 -0.0151368 -0.0129788 0.000159912 -0.00815157 -0.0151368 -0.00815157 0.000115528)
(0.00148062 -0.0129794 -0.0151356 -0.0129794 0.000159743 -0.00815193 -0.0151356 -0.00815193 0.000115381)
(0.00148207 -0.0129793 -0.0151353 -0.0129793 0.000159615 -0.00815182 -0.0151353 -0.00815182 0.000115361)
(0.00147913 -0.0129787 -0.015136 -0.0129787 0.000159663 -0.00815152 -0.015136 -0.00815152 0.000115484)
(0.00147347 -0.0129783 -0.0151372 -0.0129783 0.000159889 -0.00815129 -0.0151372 -0.00815129 0.000115597)
(0.00147564 -0.0129789 -0.0151367 -0.0129789 0.000159899 -0.00815164 -0.0151367 -0.00815164 0.000115521)
(0.00147987 -0.0129795 -0.0151358 -0.0129795 0.000159816 -0.00815199 -0.0151358 -0.00815199 0.000115336)
(0.00148218 -0.0129793 -0.0151352 -0.0129793 0.000159632 -0.00815187 -0.0151352 -0.00815187 0.000115308)
(0.00147821 -0.0129784 -0.0151362 -0.0129784 0.00015963 -0.00815133 -0.0151362 -0.00815133 0.000115619)
(0.00147352 -0.0129783 -0.0151372 -0.0129783 0.000159872 -0.00815127 -0.0151372 -0.00815127 0.000115644)
(0.00147634 -0.0129788 -0.0151366 -0.0129788 0.000159827 -0.00815155 -0.0151366 -0.00815155 0.000115581)
(0.00147978 -0.0129794 -0.0151358 -0.0129794 0.000159796 -0.00815193 -0.0151358 -0.00815193 0.000115378)
(0.00148112 -0.0129792 -0.0151355 -0.0129792 0.000159661 -0.00815181 -0.0151355 -0.00815181 0.000115354)
(0.00147796 -0.0129786 -0.0151362 -0.0129786 0.000159693 -0.00815145 -0.0151362 -0.00815145 0.000115508)
(7.74666e-05 -0.0128023 -0.0154221 -0.0128023 3.11979e-05 -0.00813278 -0.0154221 -0.00813278 6.22513e-05)
(8.06033e-05 -0.0128046 -0.015422 -0.0128046 3.38979e-05 -0.00813404 -0.015422 -0.00813404 5.67196e-05)
(7.57555e-05 -0.0128028 -0.0154231 -0.0128028 3.01576e-05 -0.00813219 -0.0154231 -0.00813219 5.37002e-05)
(6.57764e-05 -0.0127988 -0.0154247 -0.0127988 2.43554e-05 -0.00812775 -0.0154247 -0.00812775 5.70767e-05)
(6.42035e-05 -0.0127981 -0.0154245 -0.0127981 2.41616e-05 -0.00812675 -0.0154245 -0.00812675 6.30184e-05)
(7.23216e-05 -0.0128006 -0.0154228 -0.0128006 2.71537e-05 -0.00812929 -0.0154228 -0.00812929 6.34284e-05)
(7.23952e-05 -0.0128012 -0.0154229 -0.0128012 2.619e-05 -0.00812783 -0.0154229 -0.00812783 6.08101e-05)
(6.88194e-05 -0.0128002 -0.0154242 -0.0128002 2.4848e-05 -0.00812737 -0.0154242 -0.00812737 5.66054e-05)
(6.2759e-05 -0.0127981 -0.0154252 -0.0127981 2.34301e-05 -0.00812631 -0.0154252 -0.00812631 5.88192e-05)
(6.83124e-05 -0.0127989 -0.015424 -0.0127989 2.6037e-05 -0.00812921 -0.015424 -0.00812921 6.17178e-05)
(7.0464e-05 -0.0128001 -0.015423 -0.0128001 2.61014e-05 -0.00812788 -0.015423 -0.00812788 6.51629e-05)
(7.81065e-05 -0.0128033 -0.0154219 -0.0128033 3.07036e-05 -0.00813215 -0.0154219 -0.00813215 5.8329e-05)
(7.23606e-05 -0.0128014 -0.0154236 -0.0128014 2.71881e-05 -0.00813007 -0.0154236 -0.00813007 5.46345e-05)
(6.55969e-05 -0.0127987 -0.0154247 -0.0127987 2.43437e-05 -0.00812765 -0.0154247 -0.00812765 5.77392e-05)
(6.67385e-05 -0.0127986 -0.0154242 -0.0127986 2.52034e-05 -0.00812838 -0.0154242 -0.00812838 6.15513e-05)
(7.55375e-05 -0.0128016 -0.0154224 -0.0128016 2.95639e-05 -0.00813154 -0.0154224 -0.00813154 6.27716e-05)
(7.21403e-05 -0.0128011 -0.0154229 -0.0128011 2.60079e-05 -0.00812764 -0.0154229 -0.00812764 6.05514e-05)
(7.08975e-05 -0.0128009 -0.0154238 -0.0128009 2.61927e-05 -0.00812909 -0.0154238 -0.00812909 5.53528e-05)
(6.4194e-05 -0.0127982 -0.0154248 -0.0127982 2.39553e-05 -0.00812733 -0.0154248 -0.00812733 5.86555e-05)
(7.56939e-05 -0.0128009 -0.0154231 -0.0128009 3.17694e-05 -0.00813395 -0.0154231 -0.00813395 5.95618e-05)
(7.73401e-05 -0.0128022 -0.015422 -0.0128022 3.08831e-05 -0.00813251 -0.015422 -0.00813251 6.25771e-05)
(7.45928e-05 -0.0128019 -0.0154223 -0.0128019 2.73091e-05 -0.00812908 -0.0154223 -0.00812908 6.02959e-05)
(6.9879e-05 -0.0128006 -0.0154241 -0.0128006 2.55326e-05 -0.00812841 -0.0154241 -0.00812841 5.52256e-05)
(6.43974e-05 -0.0127983 -0.0154248 -0.0127983 2.39656e-05 -0.00812734 -0.0154248 -0.00812734 5.8237e-05)
(6.73313e-05 -0.0127988 -0.0154242 -0.0127988 2.5338e-05 -0.00812832 -0.0154242 -0.00812832 6.20142e-05)
(7.04855e-05 -0.0128001 -0.0154232 -0.0128001 2.61579e-05 -0.00812779 -0.0154232 -0.00812779 6.51266e-05)
(7.77158e-05 -0.0128031 -0.0154219 -0.0128031 2.97838e-05 -0.00813127 -0.0154219 -0.00813127 5.9702e-05)
(7.28706e-05 -0.0128016 -0.0154234 -0.0128016 2.77632e-05 -0.0081307 -0.0154234 -0.0081307 5.39318e-05)
(6.94651e-05 -0.0127996 -0.0154242 -0.0127996 2.6755e-05 -0.00813044 -0.0154242 -0.00813044 5.59534e-05)
(6.7362e-05 -0.0127988 -0.0154244 -0.0127988 2.5524e-05 -0.00812854 -0.0154244 -0.00812854 6.14184e-05)
(7.65679e-05 -0.0128019 -0.0154221 -0.0128019 3.0004e-05 -0.00813168 -0.0154221 -0.00813168 6.39465e-05)
(7.54092e-05 -0.0128023 -0.0154223 -0.0128023 2.78207e-05 -0.0081295 -0.0154223 -0.0081295 5.97019e-05)
(7.18396e-05 -0.0128012 -0.0154237 -0.0128012 2.67387e-05 -0.00812957 -0.0154237 -0.00812957 5.50447e-05)
(6.30545e-05 -0.0127981 -0.0154254 -0.0127981 2.35915e-05 -0.0081267 -0.0154254 -0.0081267 5.83464e-05)
(7.56687e-05 -0.0128009 -0.0154233 -0.0128009 3.17963e-05 -0.00813383 -0.0154233 -0.00813383 5.94902e-05)
(7.93745e-05 -0.012803 -0.0154217 -0.012803 3.24441e-05 -0.00813351 -0.0154217 -0.00813351 6.24274e-05)
(7.71323e-05 -0.0128031 -0.0154221 -0.0128031 2.97864e-05 -0.00813133 -0.0154221 -0.00813133 5.84424e-05)
(7.36751e-05 -0.0128019 -0.0154235 -0.0128019 2.8379e-05 -0.00813092 -0.0154235 -0.00813092 5.45421e-05)
(6.6263e-05 -0.0127988 -0.0154246 -0.0127988 2.47156e-05 -0.00812818 -0.0154246 -0.00812818 5.78031e-05)
(7.0853e-05 -0.0127997 -0.0154235 -0.0127997 2.75284e-05 -0.00813066 -0.0154235 -0.00813066 6.10678e-05)
(-7.26007e-06 -0.012804 -0.0154416 -0.012804 5.00219e-05 -0.00810483 -0.0154416 -0.00810483 9.2146e-05)
(3.33294e-06 -0.0128019 -0.0154386 -0.0128019 4.60986e-05 -0.00810711 -0.0154386 -0.00810711 8.69988e-05)
(5.30093e-05 -0.0127939 -0.0154215 -0.0127939 2.28388e-05 -0.00812338 -0.0154215 -0.00812338 6.95697e-05)
(7.69995e-05 -0.0128009 -0.0154208 -0.0128009 3.74663e-05 -0.00814015 -0.0154208 -0.00814015 6.20662e-05)
(5.05272e-05 -0.0127939 -0.0154214 -0.0127939 2.45569e-05 -0.00812128 -0.0154214 -0.00812128 8.43893e-05)
(-6.42571e-06 -0.0128038 -0.0154414 -0.0128038 4.99021e-05 -0.00810494 -0.0154414 -0.00810494 9.17634e-05)
(-1.8751e-05 -0.0128053 -0.0154444 -0.0128053 5.56961e-05 -0.00810449 -0.0154444 -0.00810449 8.82876e-05)
(5.00343e-05 -0.0127939 -0.0154226 -0.0127939 2.30926e-05 -0.00812211 -0.0154226 -0.00812211 7.00148e-05)
(7.56213e-05 -0.0127999 -0.0154208 -0.0127999 3.64434e-05 -0.00813984 -0.0154208 -0.00813984 6.40246e-05)
(5.45285e-05 -0.0127941 -0.0154207 -0.0127941 2.42758e-05 -0.00812321 -0.0154207 -0.00812321 8.42691e-05)
(-3.78624e-05 -0.0128083 -0.0154491 -0.0128083 6.17814e-05 -0.008102 -0.0154491 -0.008102 9.16214e-05)
(-1.19872e-05 -0.0128042 -0.0154425 -0.0128042 5.23468e-05 -0.00810538 -0.0154425 -0.00810538 8.77867e-05)
(5.56707e-05 -0.0127942 -0.0154211 -0.0127942 2.27448e-05 -0.00812515 -0.0154211 -0.00812515 6.81098e-05)
(7.22491e-05 -0.0127986 -0.0154204 -0.0127986 3.22718e-05 -0.00813719 -0.0154204 -0.00813719 6.49265e-05)
(5.54689e-05 -0.0127938 -0.0154203 -0.0127938 2.40227e-05 -0.00812453 -0.0154203 -0.00812453 8.23448e-05)
(-6.1528e-06 -0.0128041 -0.0154417 -0.0128041 5.037e-05 -0.00810471 -0.0154417 -0.00810471 9.21367e-05)
(-3.82822e-05 -0.0128079 -0.0154487 -0.0128079 6.31479e-05 -0.00810317 -0.0154487 -0.00810317 8.79587e-05)
(5.47914e-05 -0.0127941 -0.0154214 -0.0127941 2.26869e-05 -0.00812498 -0.0154214 -0.00812498 6.83353e-05)
(7.28687e-05 -0.0127986 -0.0154207 -0.0127986 3.35044e-05 -0.00813817 -0.0154207 -0.00813817 6.55691e-05)
(5.76481e-05 -0.012794 -0.01542 -0.012794 2.42854e-05 -0.00812587 -0.01542 -0.00812587 8.30318e-05)
(-5.3736e-06 -0.0128041 -0.0154417 -0.0128041 5.06791e-05 -0.00810464 -0.0154417 -0.00810464 9.22794e-05)
(-2.79351e-05 -0.0128066 -0.0154466 -0.0128066 5.96918e-05 -0.00810363 -0.0154466 -0.00810363 8.85101e-05)
(5.1492e-05 -0.0127939 -0.0154223 -0.0127939 2.27478e-05 -0.00812311 -0.0154223 -0.00812311 6.8395e-05)
(6.98748e-05 -0.0127975 -0.0154203 -0.0127975 3.03302e-05 -0.00813586 -0.0154203 -0.00813586 6.59737e-05)
(5.20675e-05 -0.012794 -0.0154212 -0.012794 2.43814e-05 -0.00812191 -0.0154212 -0.00812191 8.40832e-05)
(-2.36544e-05 -0.0128065 -0.015446 -0.0128065 5.65594e-05 -0.00810301 -0.015446 -0.00810301 9.22893e-05)
(-1.83115e-05 -0.0128054 -0.0154443 -0.0128054 5.52806e-05 -0.00810435 -0.0154443 -0.00810435 8.88416e-05)
(5.96481e-05 -0.0127948 -0.0154207 -0.0127948 2.35798e-05 -0.00812832 -0.0154207 -0.00812832 6.56346e-05)
(8.38835e-05 -0.0128038 -0.015421 -0.0128038 4.67527e-05 -0.00814436 -0.015421 -0.00814436 6.17226e-05)
(5.41644e-05 -0.012794 -0.0154208 -0.012794 2.40721e-05 -0.0081232 -0.0154208 -0.0081232 8.28639e-05)
(-1.67963e-05 -0.0128057 -0.0154446 -0.0128057 5.46173e-05 -0.00810334 -0.0154446 -0.00810334 9.29093e-05)
(-1.34811e-05 -0.0128046 -0.0154432 -0.0128046 5.39177e-05 -0.00810495 -0.0154432 -0.00810495 8.80447e-05)
(5.71047e-05 -0.0127944 -0.0154209 -0.0127944 2.29191e-05 -0.00812595 -0.0154209 -0.00812595 6.81796e-05)
(7.29882e-05 -0.0127987 -0.0154209 -0.0127987 3.37419e-05 -0.00813822 -0.0154209 -0.00813822 6.44888e-05)
(4.95178e-05 -0.012794 -0.0154221 -0.012794 2.4462e-05 -0.00812126 -0.0154221 -0.00812126 8.42298e-05)
(-3.09544e-06 -0.0128035 -0.0154406 -0.0128035 4.92919e-05 -0.00810501 -0.0154406 -0.00810501 9.25399e-05)
(-2.94268e-06 -0.012803 -0.0154405 -0.012803 4.95451e-05 -0.00810598 -0.0154405 -0.00810598 8.78679e-05)
(5.58404e-05 -0.0127942 -0.0154211 -0.0127942 2.28111e-05 -0.00812518 -0.0154211 -0.00812518 6.89148e-05)
(6.97988e-05 -0.0127974 -0.0154203 -0.0127974 2.99775e-05 -0.00813552 -0.0154203 -0.00813552 6.63986e-05)
(5.08904e-05 -0.012794 -0.0154215 -0.012794 2.44913e-05 -0.00812154 -0.0154215 -0.00812154 8.43884e-05)
(-7.25463e-05 -0.0128102 -0.0154533 -0.0128102 7.10886e-05 -0.00809995 -0.0154533 -0.00809995 9.48289e-05)
(-0.00013697 -0.0128168 -0.015461 -0.0128168 8.7438e-05 -0.00809884 -0.015461 -0.00809884 8.93298e-05)
(-4.75263e-05 -0.0128071 -0.0154471 -0.0128071 5.86809e-05 -0.00810449 -0.0154471 -0.00810449 8.86318e-05)
(5.71309e-05 -0.0127927 -0.0154184 -0.0127927 2.46475e-05 -0.00812767 -0.0154184 -0.00812767 8.15793e-05)
(4.7803e-05 -0.0127941 -0.0154203 -0.0127941 2.85187e-05 -0.00811804 -0.0154203 -0.00811804 9.75951e-05)
(-5.12025e-05 -0.0128081 -0.0154495 -0.0128081 6.51606e-05 -0.00810099 -0.0154495 -0.00810099 9.61958e-05)
(-0.000126136 -0.0128157 -0.0154605 -0.0128157 8.46039e-05 -0.00809865 -0.0154605 -0.00809865 9.03971e-05)
(-2.12586e-05 -0.0128033 -0.0154413 -0.0128033 4.81951e-05 -0.00810687 -0.0154413 -0.00810687 8.81965e-05)
(6.20708e-05 -0.0127934 -0.0154183 -0.0127934 2.64142e-05 -0.00813158 -0.0154183 -0.00813158 8.21966e-05)
(5.14669e-05 -0.0127941 -0.0154194 -0.0127941 2.80326e-05 -0.0081192 -0.0154194 -0.0081192 9.82112e-05)
(-7.78371e-05 -0.0128109 -0.0154544 -0.0128109 7.32939e-05 -0.00809959 -0.0154544 -0.00809959 9.41691e-05)
(-0.000145345 -0.0128177 -0.0154618 -0.0128177 8.93515e-05 -0.00809871 -0.0154618 -0.00809871 8.88756e-05)
(-1.82202e-05 -0.0128029 -0.0154407 -0.0128029 4.75684e-05 -0.00810703 -0.0154407 -0.00810703 8.83446e-05)
(5.48761e-05 -0.0127925 -0.0154188 -0.0127925 2.44879e-05 -0.00812649 -0.0154188 -0.00812649 8.35305e-05)
(5.15026e-05 -0.0127935 -0.015419 -0.0127935 2.71229e-05 -0.00812046 -0.015419 -0.00812046 9.65228e-05)
(-5.25946e-05 -0.0128084 -0.0154501 -0.0128084 6.6574e-05 -0.00810068 -0.0154501 -0.00810068 9.60123e-05)
(-0.000146684 -0.0128179 -0.0154621 -0.0128179 9.05201e-05 -0.00809847 -0.0154621 -0.00809847 8.87223e-05)
(-1.43843e-05 -0.0128022 -0.0154397 -0.0128022 4.5238e-05 -0.00810762 -0.0154397 -0.00810762 8.81531e-05)
(5.93587e-05 -0.012793 -0.0154186 -0.012793 2.5436e-05 -0.00812974 -0.0154186 -0.00812974 8.2616e-05)
(4.46946e-05 -0.0127941 -0.0154211 -0.0127941 2.86669e-05 -0.00811749 -0.0154211 -0.00811749 9.66526e-05)
(-6.08655e-05 -0.0128092 -0.0154517 -0.0128092 6.93147e-05 -0.00810024 -0.0154517 -0.00810024 9.53852e-05)
(-0.000143517 -0.0128176 -0.0154621 -0.0128176 8.98564e-05 -0.00809837 -0.0154621 -0.00809837 8.90096e-05)
(-1.98589e-05 -0.0128032 -0.0154412 -0.0128032 4.7916e-05 -0.00810711 -0.0154412 -0.00810711 8.75745e-05)
(5.4236e-05 -0.0127925 -0.015419 -0.0127925 2.44547e-05 -0.00812612 -0.015419 -0.00812612 8.41797e-05)
(4.53617e-05 -0.0127944 -0.0154211 -0.0127944 2.92106e-05 -0.00811717 -0.0154211 -0.00811717 9.8151e-05)
(-6.10545e-05 -0.0128092 -0.0154515 -0.0128092 6.8035e-05 -0.0081003 -0.0154515 -0.0081003 9.59888e-05)
(-0.00014825 -0.0128179 -0.0154623 -0.0128179 8.98626e-05 -0.00809837 -0.0154623 -0.00809837 8.90404e-05)
(-5.90995e-06 -0.0128005 -0.0154372 -0.0128005 4.13889e-05 -0.00810901 -0.0154372 -0.00810901 8.71602e-05)
(6.78783e-05 -0.0127948 -0.0154177 -0.0127948 2.89742e-05 -0.00813491 -0.0154177 -0.00813491 8.1781e-05)
(5.06344e-05 -0.0127938 -0.0154193 -0.0127938 2.78581e-05 -0.00811901 -0.0154193 -0.00811901 9.68227e-05)
(-7.94359e-05 -0.0128111 -0.0154548 -0.0128111 7.38733e-05 -0.00809934 -0.0154548 -0.00809934 9.45084e-05)
(-0.000134326 -0.0128164 -0.0154609 -0.0128164 8.64972e-05 -0.00809874 -0.0154609 -0.00809874 8.96885e-05)
(-8.62973e-06 -0.0128011 -0.0154379 -0.0128011 4.33085e-05 -0.00810818 -0.0154379 -0.00810818 8.8591e-05)
(6.24729e-05 -0.0127936 -0.0154181 -0.0127936 2.64435e-05 -0.0081316 -0.0154181 -0.0081316 8.19244e-05)
(2.85511e-05 -0.0127964 -0.0154267 -0.0127964 3.4221e-05 -0.00811214 -0.0154267 -0.00811214 9.69238e-05)
(-7.85753e-05 -0.0128108 -0.0154542 -0.0128108 7.33292e-05 -0.00809964 -0.0154542 -0.00809964 9.42753e-05)
(-0.000128754 -0.0128159 -0.0154606 -0.0128159 8.51487e-05 -0.00809865 -0.0154606 -0.00809865 9.01953e-05)
(-1.54191e-05 -0.0128024 -0.0154398 -0.0128024 4.64443e-05 -0.00810729 -0.0154398 -0.00810729 8.86687e-05)
(4.85049e-05 -0.0127924 -0.0154199 -0.0127924 2.45693e-05 -0.00812272 -0.0154199 -0.00812272 8.53218e-05)
(3.70964e-05 -0.0127951 -0.0154236 -0.0127951 3.12275e-05 -0.00811457 -0.0154236 -0.00811457 9.70561e-05)
(-5.83366e-05 -0.0128069 -0.0154483 -0.0128069 6.63943e-05 -0.00810173 -0.0154483 -0.00810173 9.46541e-05)
(-0.000107831 -0.0128128 -0.0154577 -0.0128128 7.85996e-05 -0.00809949 -0.0154577 -0.00809949 9.23192e-05)
(-0.000140498 -0.0128172 -0.015461 -0.0128172 8.51397e-05 -0.00809937 -0.015461 -0.00809937 8.96283e-05)
(-6.12731e-05 -0.0128083 -0.0154489 -0.0128083 6.23241e-05 -0.00810274 -0.0154489 -0.00810274 9.21923e-05)
(-1.57016e-05 -0.0128018 -0.0154382 -0.0128018 5.1302e-05 -0.00810502 -0.0154382 -0.00810502 9.62742e-05)
(-4.233e-05 -0.012805 -0.015445 -0.012805 6.14886e-05 -0.00810269 -0.015445 -0.00810269 9.55624e-05)
(-8.59527e-05 -0.0128106 -0.0154546 -0.0128106 7.19371e-05 -0.00810015 -0.0154546 -0.00810015 9.43822e-05)
(-0.000101088 -0.0128135 -0.0154567 -0.0128135 7.30756e-05 -0.00810056 -0.0154567 -0.00810056 9.18206e-05)
(-3.22651e-05 -0.0128044 -0.0154428 -0.0128044 5.16516e-05 -0.008105 -0.0154428 -0.008105 9.33422e-05)
(-6.00296e-06 -0.0128006 -0.0154358 -0.0128006 4.8707e-05 -0.00810578 -0.0154358 -0.00810578 9.71249e-05)
(-3.82557e-05 -0.0128046 -0.0154444 -0.0128046 6.07113e-05 -0.00810284 -0.0154444 -0.00810284 9.56112e-05)
(-0.000107974 -0.012813 -0.0154577 -0.012813 7.7815e-05 -0.00809963 -0.0154577 -0.00809963 9.23399e-05)
(-0.000117301 -0.0128151 -0.0154587 -0.0128151 7.82755e-05 -0.00810002 -0.0154587 -0.00810002 9.08343e-05)
(-4.40039e-05 -0.012806 -0.0154454 -0.012806 5.62151e-05 -0.00810386 -0.0154454 -0.00810386 9.32042e-05)
(-9.26315e-06 -0.0128009 -0.0154364 -0.0128009 4.84572e-05 -0.00810591 -0.0154364 -0.00810591 9.63497e-05)
(-3.53938e-05 -0.0128043 -0.0154437 -0.0128043 6.04544e-05 -0.00810287 -0.0154437 -0.00810287 9.59644e-05)
(-9.09662e-05 -0.0128112 -0.0154555 -0.0128112 7.33939e-05 -0.00809998 -0.0154555 -0.00809998 9.39039e-05)
(-0.000112851 -0.0128148 -0.0154582 -0.0128148 7.62741e-05 -0.00810018 -0.0154582 -0.00810018 9.11671e-05)
(-2.32333e-05 -0.012803 -0.0154407 -0.012803 4.84341e-05 -0.00810596 -0.0154407 -0.00810596 9.30089e-05)
(-5.11784e-06 -0.0128002 -0.0154352 -0.0128002 4.70615e-05 -0.00810653 -0.0154352 -0.00810653 9.58967e-05)
(-3.96789e-05 -0.0128048 -0.0154448 -0.0128048 6.20026e-05 -0.00810258 -0.0154448 -0.00810258 9.57388e-05)
(-9.884e-05 -0.012812 -0.0154568 -0.012812 7.60339e-05 -0.00809958 -0.0154568 -0.00809958 9.33274e-05)
(-9.93402e-05 -0.0128133 -0.0154564 -0.0128133 7.2777e-05 -0.00810067 -0.0154564 -0.00810067 9.16768e-05)
(-3.28109e-05 -0.0128046 -0.0154432 -0.0128046 5.25072e-05 -0.00810469 -0.0154432 -0.00810469 9.38025e-05)
(-1.51666e-05 -0.0128018 -0.0154379 -0.0128018 5.10719e-05 -0.00810508 -0.0154379 -0.00810508 9.68416e-05)
(-3.99669e-05 -0.0128047 -0.0154444 -0.0128047 6.06619e-05 -0.00810279 -0.0154444 -0.00810279 9.59537e-05)
(-0.000112435 -0.0128133 -0.0154581 -0.0128133 7.88426e-05 -0.00809946 -0.0154581 -0.00809946 9.21341e-05)
(-0.000110028 -0.0128146 -0.0154577 -0.0128146 7.51851e-05 -0.00810045 -0.0154577 -0.00810045 9.10316e-05)
(-2.98784e-05 -0.0128039 -0.0154419 -0.0128039 5.14327e-05 -0.00810502 -0.0154419 -0.00810502 9.40887e-05)
(-2.27702e-06 -0.0127998 -0.0154344 -0.0127998 4.74289e-05 -0.00810637 -0.0154344 -0.00810637 9.65826e-05)
(-6.36562e-05 -0.0128074 -0.0154493 -0.0128074 6.8836e-05 -0.00810134 -0.0154493 -0.00810134 9.41668e-05)
(-0.000100498 -0.0128121 -0.0154565 -0.0128121 7.55503e-05 -0.00809985 -0.0154565 -0.00809985 9.29603e-05)
(-0.000111769 -0.0128145 -0.0154579 -0.0128145 7.60658e-05 -0.00810019 -0.0154579 -0.00810019 9.13421e-05)
(-9.41209e-06 -0.0128007 -0.0154367 -0.0128007 4.37464e-05 -0.00810744 -0.0154367 -0.00810744 9.39535e-05)
(-1.53914e-05 -0.0128018 -0.0154381 -0.0128018 5.13425e-05 -0.00810515 -0.0154381 -0.00810515 9.60387e-05)
(-7.20211e-05 -0.0128083 -0.0154508 -0.0128083 7.09352e-05 -0.00810109 -0.0154508 -0.00810109 9.34824e-05)
(-0.000101736 -0.0128122 -0.0154569 -0.0128122 7.60601e-05 -0.00809956 -0.0154569 -0.00809956 9.32907e-05)
(-0.000104206 -0.0128136 -0.0154569 -0.0128136 7.47009e-05 -0.00810044 -0.0154569 -0.00810044 9.15619e-05)
(-5.51522e-05 -0.0128075 -0.0154478 -0.0128075 6.06958e-05 -0.00810281 -0.0154478 -0.00810281 9.31413e-05)
(-2.75159e-05 -0.0128032 -0.0154408 -0.0128032 5.48635e-05 -0.00810415 -0.0154408 -0.00810415 9.53944e-05)
(-7.4144e-05 -0.0128082 -0.01545 -0.0128082 7.05621e-05 -0.00810212 -0.01545 -0.00810212 9.16673e-05)
(-6.54229e-05 -0.0128073 -0.0154494 -0.0128073 6.48682e-05 -0.00810253 -0.0154494 -0.00810253 9.3405e-05)
(-0.00010924 -0.0128137 -0.0154584 -0.0128137 7.63672e-05 -0.00809977 -0.0154584 -0.00809977 9.26488e-05)
(-0.000152012 -0.0128181 -0.0154618 -0.0128181 8.94945e-05 -0.00809893 -0.0154618 -0.00809893 8.91536e-05)
(-0.000106272 -0.0128122 -0.0154554 -0.0128122 7.94463e-05 -0.00810024 -0.0154554 -0.00810024 9.11703e-05)
(-7.31021e-05 -0.012808 -0.0154497 -0.012808 7.03306e-05 -0.00810229 -0.0154497 -0.00810229 9.15656e-05)
(-5.79068e-05 -0.0128061 -0.0154477 -0.0128061 6.16109e-05 -0.00810314 -0.0154477 -0.00810314 9.38662e-05)
(-9.12772e-05 -0.012812 -0.0154557 -0.012812 7.0035e-05 -0.00810068 -0.0154557 -0.00810068 9.39486e-05)
(-0.000131705 -0.0128159 -0.01546 -0.0128159 8.33136e-05 -0.00809936 -0.01546 -0.00809936 9.05533e-05)
(-0.000102112 -0.0128117 -0.0154547 -0.0128117 7.90961e-05 -0.00810028 -0.0154547 -0.00810028 9.14766e-05)
(-5.87869e-05 -0.0128064 -0.0154474 -0.0128064 6.64258e-05 -0.00810275 -0.0154474 -0.00810275 9.23822e-05)
(-5.95206e-05 -0.0128065 -0.0154481 -0.0128065 6.18454e-05 -0.00810314 -0.0154481 -0.00810314 9.36231e-05)
(-0.000109629 -0.0128138 -0.0154583 -0.0128138 7.60558e-05 -0.00809996 -0.0154583 -0.00809996 9.24177e-05)
(-0.000140922 -0.0128168 -0.0154609 -0.0128168 8.59419e-05 -0.00809907 -0.0154609 -0.00809907 9.00608e-05)
(-0.000108262 -0.0128125 -0.0154557 -0.0128125 7.9984e-05 -0.00810016 -0.0154557 -0.00810016 9.10976e-05)
(-6.48108e-05 -0.0128071 -0.0154483 -0.0128071 6.87411e-05 -0.00810234 -0.0154483 -0.00810234 9.23291e-05)
(-4.66557e-05 -0.0128045 -0.0154452 -0.0128045 5.76844e-05 -0.00810399 -0.0154452 -0.00810399 9.43347e-05)
(-0.000112586 -0.0128142 -0.0154586 -0.0128142 7.6004e-05 -0.00809989 -0.0154586 -0.00809989 9.24902e-05)
(-0.000121651 -0.0128151 -0.0154588 -0.0128151 8.00722e-05 -0.00809972 -0.0154588 -0.00809972 9.10786e-05)
(-7.28827e-05 -0.0128087 -0.01545 -0.0128087 6.98015e-05 -0.00810163 -0.01545 -0.00810163 9.29895e-05)
(-5.18466e-05 -0.0128056 -0.015446 -0.0128056 6.51031e-05 -0.00810298 -0.015446 -0.00810298 9.29205e-05)
(-5.68197e-05 -0.0128061 -0.0154477 -0.0128061 6.15848e-05 -0.00810308 -0.0154477 -0.00810308 9.41029e-05)
(-9.45423e-05 -0.0128123 -0.0154561 -0.0128123 7.09894e-05 -0.00810058 -0.0154561 -0.00810058 9.35822e-05)
(-0.000118373 -0.0128147 -0.0154588 -0.0128147 8.0017e-05 -0.00809948 -0.0154588 -0.00809948 9.15589e-05)
(-9.72258e-05 -0.0128112 -0.015454 -0.0128112 7.71874e-05 -0.00810048 -0.015454 -0.00810048 9.19216e-05)
(-6.36668e-05 -0.0128068 -0.0154478 -0.0128068 6.74621e-05 -0.00810264 -0.0154478 -0.00810264 9.22679e-05)
(-7.01845e-05 -0.0128078 -0.01545 -0.0128078 6.5237e-05 -0.00810274 -0.01545 -0.00810274 9.24009e-05)
(-0.000110526 -0.0128141 -0.0154582 -0.0128141 7.52378e-05 -0.00810016 -0.0154582 -0.00810016 9.21832e-05)
(-0.000144798 -0.012817 -0.0154612 -0.012817 8.73203e-05 -0.00809897 -0.0154612 -0.00809897 8.98566e-05)
(-8.82549e-05 -0.0128102 -0.0154527 -0.0128102 7.567e-05 -0.0081007 -0.0154527 -0.0081007 9.2312e-05)
(-7.73443e-05 -0.0128085 -0.0154505 -0.0128085 7.24121e-05 -0.00810188 -0.0154505 -0.00810188 9.16176e-05)
(-6.5378e-05 -0.0128071 -0.0154492 -0.0128071 6.36771e-05 -0.00810289 -0.0154492 -0.00810289 9.29497e-05)
(-0.000117629 -0.0128147 -0.0154591 -0.0128147 7.75005e-05 -0.0080998 -0.0154591 -0.0080998 9.20273e-05)
(-0.0001137 -0.0128141 -0.0154579 -0.0128141 7.81382e-05 -0.0080997 -0.0154579 -0.0080997 9.19789e-05)
(-6.6999e-05 -0.0128081 -0.0154493 -0.0128081 6.88263e-05 -0.00810148 -0.0154493 -0.00810148 9.40271e-05)
(-7.36318e-05 -0.0128082 -0.0154501 -0.0128082 7.11501e-05 -0.00810198 -0.0154501 -0.00810198 9.18496e-05)
(-7.05224e-05 -0.0128077 -0.0154502 -0.0128077 6.53267e-05 -0.00810233 -0.0154502 -0.00810233 9.33932e-05)
(-9.84165e-05 -0.0128126 -0.0154566 -0.0128126 7.29415e-05 -0.00810043 -0.0154566 -0.00810043 9.31277e-05)
(-0.00013196 -0.0128159 -0.0154605 -0.0128159 8.4215e-05 -0.00809896 -0.0154605 -0.00809896 9.07678e-05)
(-0.000100891 -0.0128117 -0.0154546 -0.0128117 7.78047e-05 -0.00810033 -0.0154546 -0.00810033 9.16373e-05)
(-4.60994e-05 -0.0128042 -0.0154438 -0.0128042 5.96209e-05 -0.00810399 -0.0154438 -0.00810399 9.266e-05)
(-3.62858e-05 -0.0128027 -0.0154422 -0.0128027 5.34528e-05 -0.00810578 -0.0154422 -0.00810578 9.18996e-05)
(-5.53768e-05 -0.0128063 -0.0154481 -0.0128063 5.87146e-05 -0.00810346 -0.0154481 -0.00810346 9.49487e-05)
(-0.000124492 -0.0128153 -0.0154603 -0.0128153 8.23166e-05 -0.00809909 -0.0154603 -0.00809909 9.14324e-05)
(-9.07022e-05 -0.0128107 -0.0154539 -0.0128107 7.42584e-05 -0.00810038 -0.0154539 -0.00810038 9.28813e-05)
(-5.24166e-05 -0.0128051 -0.0154451 -0.0128051 6.19071e-05 -0.00810359 -0.0154451 -0.00810359 9.23771e-05)
(-3.72578e-05 -0.0128026 -0.0154421 -0.0128026 5.29062e-05 -0.008106 -0.0154421 -0.008106 9.15541e-05)
(-5.8804e-05 -0.0128068 -0.0154486 -0.0128068 5.88707e-05 -0.00810345 -0.0154486 -0.00810345 9.46328e-05)
(-0.000117583 -0.0128145 -0.0154593 -0.0128145 8.01479e-05 -0.00809935 -0.0154593 -0.00809935 9.1939e-05)
(-9.11077e-05 -0.0128106 -0.0154538 -0.0128106 7.52979e-05 -0.00810032 -0.0154538 -0.00810032 9.27967e-05)
(-4.26189e-05 -0.0128037 -0.0154429 -0.0128037 5.87146e-05 -0.00810425 -0.0154429 -0.00810425 9.26624e-05)
(-3.2868e-05 -0.0128021 -0.0154412 -0.0128021 5.12146e-05 -0.00810632 -0.0154412 -0.00810632 9.19984e-05)
(-6.44962e-05 -0.0128076 -0.0154499 -0.0128076 6.16511e-05 -0.00810294 -0.0154499 -0.00810294 9.40915e-05)
(-0.000127051 -0.0128155 -0.0154604 -0.0128155 8.28702e-05 -0.00809906 -0.0154604 -0.00809906 9.12763e-05)
(-0.000107266 -0.0128126 -0.0154564 -0.0128126 7.92524e-05 -0.00809981 -0.0154564 -0.00809981 9.16896e-05)
(-5.43636e-05 -0.0128053 -0.0154454 -0.0128053 6.31571e-05 -0.00810322 -0.0154454 -0.00810322 9.27589e-05)
(-2.39736e-05 -0.0128004 -0.0154386 -0.0128004 4.79339e-05 -0.00810736 -0.0154386 -0.00810736 9.1739e-05)
(-7.61425e-05 -0.012809 -0.015452 -0.012809 6.44261e-05 -0.00810233 -0.015452 -0.00810233 9.36534e-05)
(-0.000123702 -0.0128152 -0.0154598 -0.0128152 8.08805e-05 -0.00809939 -0.0154598 -0.00809939 9.14768e-05)
(-7.83658e-05 -0.0128093 -0.0154515 -0.0128093 7.08061e-05 -0.00810102 -0.0154515 -0.00810102 9.3505e-05)
(-3.19581e-05 -0.0128023 -0.0154405 -0.0128023 5.65091e-05 -0.00810469 -0.0154405 -0.00810469 9.35178e-05)
(-2.8119e-05 -0.0128013 -0.01544 -0.0128013 5.00604e-05 -0.00810665 -0.01544 -0.00810665 9.2097e-05)
(-6.58108e-05 -0.0128078 -0.01545 -0.0128078 6.12222e-05 -0.00810298 -0.01545 -0.00810298 9.40973e-05)
(-0.000107448 -0.0128135 -0.0154581 -0.0128135 7.73374e-05 -0.00809966 -0.0154581 -0.00809966 9.26698e-05)
(-8.57788e-05 -0.0128103 -0.0154532 -0.0128103 7.3502e-05 -0.00810048 -0.0154532 -0.00810048 9.32983e-05)
(-3.92679e-05 -0.0128032 -0.015442 -0.0128032 5.76094e-05 -0.00810433 -0.015442 -0.00810433 9.33506e-05)
(-3.73693e-05 -0.0128028 -0.0154423 -0.0128028 5.28479e-05 -0.0081061 -0.0154423 -0.0081061 9.10224e-05)
(-7.19766e-05 -0.0128087 -0.0154513 -0.0128087 6.30234e-05 -0.00810282 -0.0154513 -0.00810282 9.30034e-05)
(-0.000132487 -0.0128159 -0.015461 -0.0128159 8.45394e-05 -0.00809884 -0.015461 -0.00809884 9.10092e-05)
(-8.19587e-05 -0.0128098 -0.0154525 -0.0128098 7.31251e-05 -0.00810048 -0.0154525 -0.00810048 9.36874e-05)
(-4.47296e-05 -0.0128041 -0.0154435 -0.0128041 5.99989e-05 -0.0081037 -0.0154435 -0.0081037 9.35549e-05)
(-3.67204e-05 -0.0128026 -0.0154421 -0.0128026 5.25652e-05 -0.00810606 -0.0154421 -0.00810606 9.14956e-05)
(-7.60677e-05 -0.0128091 -0.015452 -0.0128091 6.43669e-05 -0.00810245 -0.015452 -0.00810245 9.32801e-05)
(-0.000126706 -0.0128154 -0.0154603 -0.0128154 8.21333e-05 -0.00809908 -0.0154603 -0.00809908 9.15106e-05)
(-7.40319e-05 -0.0128089 -0.0154511 -0.0128089 7.03183e-05 -0.00810089 -0.0154511 -0.00810089 9.43555e-05)
(-4.02379e-05 -0.0128037 -0.0154427 -0.0128037 5.87879e-05 -0.00810396 -0.0154427 -0.00810396 9.36416e-05)
(-3.92184e-05 -0.012803 -0.0154426 -0.012803 5.34293e-05 -0.00810572 -0.0154426 -0.00810572 9.18376e-05)
(-6.35538e-05 -0.0128074 -0.0154496 -0.0128074 6.13379e-05 -0.00810307 -0.0154496 -0.00810307 9.39903e-05)
(-0.000117212 -0.0128145 -0.0154596 -0.0128145 8.06124e-05 -0.00809913 -0.0154596 -0.00809913 9.20789e-05)
(-8.90319e-05 -0.0128107 -0.0154538 -0.0128107 7.39847e-05 -0.00810031 -0.0154538 -0.00810031 9.30477e-05)
(-2.08428e-05 -0.0128 -0.0154371 -0.0128 4.83661e-05 -0.00810663 -0.0154371 -0.00810663 9.35912e-05)
(-6.82586e-06 -0.012797 -0.0154332 -0.012797 4.04496e-05 -0.00810997 -0.0154332 -0.00810997 9.0588e-05)
(-1.77619e-05 -0.0127996 -0.0154375 -0.0127996 4.42612e-05 -0.00810817 -0.0154375 -0.00810817 9.40565e-05)
(-7.78589e-05 -0.0128098 -0.0154532 -0.0128098 6.81916e-05 -0.0081013 -0.0154532 -0.0081013 9.42953e-05)
(-6.46765e-05 -0.012808 -0.01545 -0.012808 6.53998e-05 -0.00810166 -0.01545 -0.00810166 9.47845e-05)
(-2.19929e-05 -0.0128004 -0.0154375 -0.0128004 4.92374e-05 -0.00810634 -0.0154375 -0.00810634 9.36841e-05)
(-9.0828e-06 -0.0127972 -0.0154336 -0.0127972 4.0729e-05 -0.00810987 -0.0154336 -0.00810987 9.03293e-05)
(-2.66741e-05 -0.012801 -0.0154398 -0.012801 4.67732e-05 -0.00810732 -0.0154398 -0.00810732 9.36708e-05)
(-8.21728e-05 -0.0128103 -0.0154539 -0.0128103 6.95097e-05 -0.00810104 -0.0154539 -0.00810104 9.40867e-05)
(-6.18173e-05 -0.0128076 -0.0154494 -0.0128076 6.53258e-05 -0.00810165 -0.0154494 -0.00810165 9.50872e-05)
(-1.30501e-05 -0.0127986 -0.0154347 -0.0127986 4.55244e-05 -0.00810762 -0.0154347 -0.00810762 9.35807e-05)
(-7.1153e-06 -0.012797 -0.0154332 -0.012797 4.00457e-05 -0.00811012 -0.0154332 -0.00811012 9.0589e-05)
(-2.45511e-05 -0.0128008 -0.0154396 -0.0128008 4.68678e-05 -0.00810734 -0.0154396 -0.00810734 9.35883e-05)
(-8.01309e-05 -0.0128101 -0.0154536 -0.0128101 6.9077e-05 -0.00810114 -0.0154536 -0.00810114 9.40914e-05)
(-7.79384e-05 -0.0128096 -0.0154526 -0.0128096 6.97835e-05 -0.00810095 -0.0154526 -0.00810095 9.37251e-05)
(-2.97882e-05 -0.0128015 -0.0154394 -0.0128015 5.21878e-05 -0.0081055 -0.0154394 -0.0081055 9.37136e-05)
(-2.78982e-07 -0.0127955 -0.0154307 -0.0127955 3.73317e-05 -0.00811133 -0.0154307 -0.00811133 9.01899e-05)
(-3.47741e-05 -0.0128023 -0.0154419 -0.0128023 4.98635e-05 -0.00810645 -0.0154419 -0.00810645 9.32469e-05)
(-9.62448e-05 -0.0128119 -0.0154559 -0.0128119 7.26894e-05 -0.00810073 -0.0154559 -0.00810073 9.28401e-05)
(-7.71488e-05 -0.0128094 -0.0154521 -0.0128094 6.95467e-05 -0.00810106 -0.0154521 -0.00810106 9.37781e-05)
(-1.39797e-05 -0.012799 -0.0154351 -0.012799 4.75295e-05 -0.00810693 -0.0154351 -0.00810693 9.42304e-05)
(-2.00102e-06 -0.0127961 -0.0154315 -0.0127961 3.85936e-05 -0.00811074 -0.0154315 -0.00811074 9.05842e-05)
(-3.30936e-05 -0.0128022 -0.0154415 -0.0128022 4.93117e-05 -0.00810654 -0.0154415 -0.00810654 9.34464e-05)
(-6.90449e-05 -0.0128086 -0.0154513 -0.0128086 6.51177e-05 -0.00810191 -0.0154513 -0.00810191 9.48728e-05)
(-6.70176e-05 -0.0128084 -0.0154506 -0.0128084 6.69505e-05 -0.00810136 -0.0154506 -0.00810136 9.47514e-05)
(-1.41715e-05 -0.012799 -0.0154352 -0.012799 4.64595e-05 -0.00810715 -0.0154352 -0.00810715 9.42515e-05)
(-5.96893e-06 -0.0127968 -0.0154329 -0.0127968 3.95859e-05 -0.00811032 -0.0154329 -0.00811032 9.00905e-05)
(-3.32329e-05 -0.0128022 -0.0154418 -0.0128022 4.9115e-05 -0.00810678 -0.0154418 -0.00810678 9.22815e-05)
(-9.09228e-05 -0.0128114 -0.0154554 -0.0128114 7.23069e-05 -0.00810051 -0.0154554 -0.00810051 9.36936e-05)
(-6.07264e-05 -0.0128075 -0.0154493 -0.0128075 6.53667e-05 -0.00810163 -0.0154493 -0.00810163 9.53498e-05)
(-1.28156e-05 -0.0127989 -0.0154349 -0.0127989 4.62322e-05 -0.00810724 -0.0154349 -0.00810724 9.44629e-05)
(-7.73501e-06 -0.012797 -0.0154332 -0.012797 4.01911e-05 -0.00811004 -0.0154332 -0.00811004 9.05521e-05)
(-3.07214e-05 -0.0128017 -0.0154411 -0.0128017 4.81657e-05 -0.00810703 -0.0154411 -0.00810703 9.26647e-05)
(-9.90776e-05 -0.0128122 -0.0154565 -0.0128122 7.42525e-05 -0.00810033 -0.0154565 -0.00810033 9.29415e-05)
(-7.12521e-05 -0.0128087 -0.0154511 -0.0128087 6.8363e-05 -0.00810121 -0.0154511 -0.00810121 9.44352e-05)
(-2.05606e-05 -0.0128002 -0.0154372 -0.0128002 4.95013e-05 -0.00810625 -0.0154372 -0.00810625 9.41338e-05)
(-7.61294e-06 -0.0127968 -0.015433 -0.0127968 3.98123e-05 -0.00811016 -0.015433 -0.00811016 9.04957e-05)
(-2.67914e-05 -0.0128012 -0.0154401 -0.0128012 4.78569e-05 -0.00810713 -0.0154401 -0.00810713 9.32567e-05)
(-7.95894e-05 -0.0128099 -0.0154535 -0.0128099 6.91645e-05 -0.00810113 -0.0154535 -0.00810113 9.41627e-05)
(-7.21166e-05 -0.0128091 -0.0154517 -0.0128091 6.79969e-05 -0.00810113 -0.0154517 -0.00810113 9.43119e-05)
(-1.54876e-05 -0.0127991 -0.0154357 -0.0127991 4.45783e-05 -0.00810792 -0.0154357 -0.00810792 9.29049e-05)
(6.13357e-06 -0.0127937 -0.015428 -0.0127937 3.35542e-05 -0.00811327 -0.015428 -0.00811327 8.86648e-05)
(4.11517e-06 -0.012795 -0.01543 -0.012795 3.55595e-05 -0.00811219 -0.01543 -0.00811219 9.18966e-05)
(-3.57027e-05 -0.0128035 -0.0154433 -0.0128035 5.37136e-05 -0.00810499 -0.0154433 -0.00810499 9.51771e-05)
(-4.66991e-05 -0.0128058 -0.0154464 -0.0128058 5.86408e-05 -0.00810335 -0.0154464 -0.00810335 9.50225e-05)
(-1.23269e-05 -0.0127987 -0.015435 -0.0127987 4.38567e-05 -0.00810811 -0.015435 -0.00810811 9.31474e-05)
(4.22248e-06 -0.012794 -0.0154287 -0.012794 3.4101e-05 -0.00811292 -0.0154287 -0.00811292 8.8658e-05)
(-3.34024e-06 -0.0127962 -0.0154322 -0.0127962 3.77332e-05 -0.00811106 -0.0154322 -0.00811106 9.19657e-05)
(-4.51232e-05 -0.0128049 -0.0154456 -0.0128049 5.7117e-05 -0.00810404 -0.0154456 -0.00810404 9.49909e-05)
(-4.49057e-05 -0.0128056 -0.0154461 -0.0128056 5.86914e-05 -0.00810334 -0.0154461 -0.00810334 9.51014e-05)
(-3.44836e-06 -0.0127968 -0.0154318 -0.0127968 3.99953e-05 -0.00810971 -0.0154318 -0.00810971 9.28756e-05)
(6.09932e-06 -0.0127937 -0.015428 -0.0127937 3.35111e-05 -0.0081133 -0.015428 -0.0081133 8.86182e-05)
(-1.86191e-06 -0.0127961 -0.015432 -0.0127961 3.78293e-05 -0.00811111 -0.015432 -0.00811111 9.17147e-05)
(-3.47926e-05 -0.0128034 -0.0154431 -0.0128034 5.35651e-05 -0.00810499 -0.0154431 -0.00810499 9.52386e-05)
(-4.99256e-05 -0.0128063 -0.0154473 -0.0128063 5.99994e-05 -0.0081031 -0.0154473 -0.0081031 9.46411e-05)
(-1.8156e-05 -0.0127997 -0.0154367 -0.0127997 4.59405e-05 -0.0081074 -0.0154367 -0.0081074 9.31877e-05)
(9.37142e-06 -0.012793 -0.0154268 -0.012793 3.23335e-05 -0.00811399 -0.0154268 -0.00811399 8.85994e-05)
(-3.58584e-06 -0.0127963 -0.0154323 -0.0127963 3.80559e-05 -0.00811098 -0.0154323 -0.00811098 9.16728e-05)
(-5.18731e-05 -0.0128057 -0.0154469 -0.0128057 5.8363e-05 -0.00810385 -0.0154469 -0.00810385 9.42331e-05)
(-6.45242e-05 -0.0128082 -0.0154502 -0.0128082 6.48028e-05 -0.00810209 -0.0154502 -0.00810209 9.40291e-05)
(-1.27442e-05 -0.0127988 -0.0154349 -0.0127988 4.49978e-05 -0.00810778 -0.0154349 -0.00810778 9.36418e-05)
(7.94851e-06 -0.0127934 -0.0154274 -0.0127934 3.34354e-05 -0.0081134 -0.0154274 -0.0081134 8.87123e-05)
(-1.03993e-05 -0.0127976 -0.0154343 -0.0127976 4.04469e-05 -0.0081099 -0.0154343 -0.0081099 9.17102e-05)
(-3.25973e-05 -0.0128029 -0.0154423 -0.0128029 5.22446e-05 -0.00810536 -0.0154423 -0.00810536 9.55415e-05)
(-5.07716e-05 -0.0128065 -0.0154475 -0.0128065 6.09837e-05 -0.00810283 -0.0154475 -0.00810283 9.49896e-05)
(-1.22259e-05 -0.0127987 -0.0154349 -0.0127987 4.39682e-05 -0.00810812 -0.0154349 -0.00810812 9.31127e-05)
(6.77392e-06 -0.0127936 -0.015428 -0.0127936 3.3217e-05 -0.00811345 -0.015428 -0.00811345 8.82146e-05)
(-7.39192e-06 -0.0127971 -0.0154338 -0.0127971 3.92258e-05 -0.0081105 -0.0154338 -0.0081105 9.06846e-05)
(-4.81463e-05 -0.0128055 -0.0154464 -0.0128055 5.82999e-05 -0.00810375 -0.0154464 -0.00810375 9.47663e-05)
(-4.71841e-05 -0.0128058 -0.0154465 -0.0128058 5.9677e-05 -0.00810311 -0.0154465 -0.00810311 9.52046e-05)
(-3.2755e-06 -0.0127971 -0.0154321 -0.0127971 4.06503e-05 -0.00810939 -0.0154321 -0.00810939 9.34456e-05)
(4.5165e-06 -0.0127939 -0.0154285 -0.0127939 3.40924e-05 -0.00811296 -0.0154285 -0.00811296 8.88149e-05)
(-2.31455e-06 -0.012796 -0.0154321 -0.012796 3.71872e-05 -0.00811141 -0.0154321 -0.00811141 9.0841e-05)
(-5.33582e-05 -0.0128061 -0.0154475 -0.0128061 5.97487e-05 -0.00810345 -0.0154475 -0.00810345 9.44093e-05)
(-5.40706e-05 -0.0128067 -0.015448 -0.0128067 6.19719e-05 -0.00810267 -0.015448 -0.00810267 9.46964e-05)
(-1.64037e-05 -0.0127994 -0.0154361 -0.0127994 4.59825e-05 -0.00810742 -0.0154361 -0.00810742 9.33777e-05)
(4.20989e-06 -0.0127938 -0.0154284 -0.0127938 3.36745e-05 -0.00811317 -0.0154284 -0.00811317 8.86556e-05)
(-2.0719e-06 -0.0127962 -0.015432 -0.0127962 3.80945e-05 -0.00811102 -0.015432 -0.00811102 9.17514e-05)
(-3.5917e-05 -0.0128034 -0.0154433 -0.0128034 5.41611e-05 -0.00810484 -0.0154433 -0.00810484 9.53864e-05)
(-4.83393e-05 -0.0128062 -0.015447 -0.0128062 5.93345e-05 -0.00810315 -0.015447 -0.00810315 9.4987e-05)
(-5.23517e-06 -0.0127969 -0.0154327 -0.0127969 3.8903e-05 -0.00811011 -0.0154327 -0.00811011 9.16379e-05)
(1.12744e-05 -0.0127922 -0.0154258 -0.0127922 3.05826e-05 -0.00811511 -0.0154258 -0.00811511 8.76152e-05)
(1.41399e-05 -0.0127927 -0.0154258 -0.0127927 3.18067e-05 -0.00811451 -0.0154258 -0.00811451 9.04214e-05)
(-6.07147e-06 -0.012798 -0.0154342 -0.012798 4.21274e-05 -0.00810907 -0.0154342 -0.00810907 9.43158e-05)
(-1.963e-05 -0.0128011 -0.015439 -0.0128011 4.73175e-05 -0.00810674 -0.015439 -0.00810674 9.45828e-05)
(-5.91478e-07 -0.0127962 -0.0154314 -0.0127962 3.74837e-05 -0.00811067 -0.0154314 -0.00811067 9.20986e-05)
(1.08234e-05 -0.0127923 -0.0154261 -0.0127923 3.07304e-05 -0.00811494 -0.0154261 -0.00811494 8.76445e-05)
(8.73661e-06 -0.0127936 -0.0154275 -0.0127936 3.32461e-05 -0.0081135 -0.0154275 -0.0081135 9.03709e-05)
(-1.5761e-05 -0.0127997 -0.0154371 -0.0127997 4.59638e-05 -0.00810759 -0.0154371 -0.00810759 9.44853e-05)
(-2.27687e-05 -0.0128016 -0.01544 -0.0128016 4.88018e-05 -0.00810632 -0.01544 -0.00810632 9.417e-05)
(4.456e-06 -0.0127949 -0.0154294 -0.0127949 3.52112e-05 -0.00811189 -0.0154294 -0.00811189 9.14443e-05)
(1.46846e-05 -0.0127916 -0.0154247 -0.0127916 2.96335e-05 -0.00811582 -0.0154247 -0.00811582 8.75506e-05)
