/*--------------------------------*- C++ -*----------------------------------*\
  =========                 |
  \\      /  F ield         | OpenFOAM: The Open Source CFD Toolbox
   \\    /   O peration     | Website:  https://openfoam.org
    \\  /    A nd           | Version:  10
     \\/     M anipulation  |
\*---------------------------------------------------------------------------*/
FoamFile
{
    format      ascii;
    class       volTensorField;
    location    "11";
    object      TauNN;
}
// * * * * * * * * * * * * * * * * * * * * * * * * * * * * * * * * * * * * * //

dimensions      [0 2 -2 0 0 0 0];

internalField   nonuniform List<tensor> 
25600
(
(-4.21716e-05 -0.0034904 0.0056305 -0.0034904 0.00952136 -0.00172548 0.0056305 -0.00172548 0.00927327)
(-0.000315285 -0.00301 0.005319 -0.00301 0.00912076 -0.00225138 0.005319 -0.00225138 0.00818489)
(0.00388139 -0.00284582 0.00308479 -0.00284582 0.00677098 -0.00317412 0.00308479 -0.00317412 0.0050899)
(0.00158898 -0.00259532 0.00390229 -0.00259532 0.00757857 -0.00293637 0.00390229 -0.00293637 0.00583465)
(6.71197e-05 -0.00232425 0.00474998 -0.00232425 0.00830153 -0.00242629 0.00474998 -0.00242629 0.00697468)
(0.00357427 -0.00272653 0.0024259 -0.00272653 0.00713958 -0.00295586 0.0024259 -0.00295586 0.00535051)
(-0.00163842 -0.00286325 0.00511107 -0.00286325 0.00912756 -0.00116775 0.00511107 -0.00116775 0.00894001)
(-0.00159729 -0.00273399 0.0052616 -0.00273399 0.00916497 -0.00119767 0.0052616 -0.00119767 0.00835938)
(0.00526648 -0.00169695 0.00217918 -0.00169695 0.00622528 -0.00278459 0.00217918 -0.00278459 0.00500335)
(0.00161602 -0.000876132 0.00379957 -0.000876132 0.00736864 -0.00221118 0.00379957 -0.00221118 0.00510304)
(0.000613829 -0.0025657 0.00487841 -0.0025657 0.00884386 -0.00264653 0.00487841 -0.00264653 0.0071036)
(0.00129365 -0.00240393 0.00463244 -0.00240393 0.00823642 -0.00278097 0.00463244 -0.00278097 0.00624159)
(0.000403919 -0.00232572 0.00494662 -0.00232572 0.00851014 -0.00246675 0.00494662 -0.00246675 0.00698901)
(-0.000299455 -0.00310912 0.00540003 -0.00310912 0.00925625 -0.00195886 0.00540003 -0.00195886 0.00869224)
(-0.000624381 -0.00257911 0.00514633 -0.00257911 0.00879391 -0.00219728 0.00514633 -0.00219728 0.0077887)
(0.000886728 -0.0020287 0.00454653 -0.0020287 0.0080048 -0.0023788 0.00454653 -0.0023788 0.00649082)
(-0.00109164 -0.00232588 0.00504841 -0.00232588 0.00898269 -0.00160202 0.00504841 -0.00160202 0.00751909)
(-0.00176135 -0.00218234 0.00533834 -0.00218234 0.00933794 -0.00140663 0.00533834 -0.00140663 0.00748835)
(0.000344658 -0.00226475 0.00459251 -0.00226475 0.00852404 -0.00181375 0.00459251 -0.00181375 0.00755836)
(0.00585138 -0.00186007 0.00165539 -0.00186007 0.00640926 -0.00289169 0.00165539 -0.00289169 0.00494056)
(-0.000153696 -0.00222684 0.00472415 -0.00222684 0.00878248 -0.00192786 0.00472415 -0.00192786 0.00699803)
(-0.00175841 -0.00253693 0.00588403 -0.00253693 0.00969961 -0.00181034 0.00588403 -0.00181034 0.00769507)
(-0.000259769 -0.00340919 0.00623301 -0.00340919 0.0100325 -0.00201986 0.00623301 -0.00201986 0.00913725)
(-0.0008841 -0.00312892 0.00538179 -0.00312892 0.00915809 -0.00158141 0.00538179 -0.00158141 0.00899464)
(-0.00181936 -0.00245652 0.00510834 -0.00245652 0.0097183 -0.0012519 0.00510834 -0.0012519 0.00840289)
(0.000111828 -0.00354362 0.00567317 -0.00354362 0.00961284 -0.00174889 0.00567317 -0.00174889 0.00934049)
(-0.000488809 -0.00312242 0.00541367 -0.00312242 0.00912193 -0.00213897 0.00541367 -0.00213897 0.00835132)
(0.00419595 -0.00282207 0.00277953 -0.00282207 0.00673781 -0.00315177 0.00277953 -0.00315177 0.00509535)
(0.00350901 -0.00290765 0.00282054 -0.00290765 0.00680712 -0.00315619 0.00282054 -0.00315619 0.00511398)
(-0.000458876 -0.00241992 0.00489277 -0.00241992 0.00867201 -0.0017475 0.00489277 -0.0017475 0.00783711)
(-0.000715876 -0.00112092 0.0043253 -0.00112092 0.0093974 -0.00109644 0.0043253 -0.00109644 0.00647031)
(-0.00206462 -0.00271771 0.00534259 -0.00271771 0.00966236 -0.00130682 0.00534259 -0.00130682 0.00851147)
(-0.000120475 -0.00347915 0.00552574 -0.00347915 0.00954012 -0.00153358 0.00552574 -0.00153358 0.00951484)
(-0.000628061 -0.0031049 0.00532099 -0.0031049 0.00919385 -0.0015601 0.00532099 -0.0015601 0.00914458)
(-0.00155265 -0.00242612 0.0049766 -0.00242612 0.00892677 -0.00122093 0.0049766 -0.00122093 0.00864666)
(-0.00156726 -0.00317939 0.00549218 -0.00317939 0.00952549 -0.00142673 0.00549218 -0.00142673 0.00891002)
(-0.000507976 -0.00355881 0.00599115 -0.00355881 0.00980562 -0.00186358 0.00599115 -0.00186358 0.00906476)
(0.000143281 -0.00306435 0.0053358 -0.00306435 0.0093121 -0.0022039 0.0053358 -0.0022039 0.00845821)
(0.000824396 -0.00280767 0.0052096 -0.00280767 0.00915415 -0.00240683 0.0052096 -0.00240683 0.00807079)
(0.000616573 -0.00332192 0.00545805 -0.00332192 0.00941435 -0.00166444 0.00545805 -0.00166444 0.00948817)
(0.00245563 -0.00324706 0.00613094 -0.00324706 0.00933273 -0.00184869 0.00613094 -0.00184869 0.0093514)
(0.00135399 -0.00310666 0.00611327 -0.00310666 0.00946602 -0.00241889 0.00611327 -0.00241889 0.0084063)
(0.00256585 0.000130612 0.00377674 0.000130612 0.00386686 -0.00445926 0.00377674 -0.00445926 0.00620331)
(0.00403528 -0.000641953 0.00430281 -0.000641953 0.00538716 -0.00362168 0.00430281 -0.00362168 0.00724553)
(-0.000364928 -0.00109847 0.00660704 -0.00109847 0.00860953 -0.00283073 0.00660704 -0.00283073 0.00864187)
(0.00803853 0.00149584 0.00476134 0.00149584 0.00377731 -0.00351963 0.00476134 -0.00351963 0.00653618)
(0.000314485 -0.00129022 0.00459567 -0.00129022 0.00950747 -0.00150019 0.00459567 -0.00150019 0.00701532)
(0.000641444 9.65558e-05 0.00352544 9.65558e-05 0.00869995 -0.00111355 0.00352544 -0.00111355 0.00601964)
(0.017005 -0.00213849 -2.05906e-05 -0.00213849 0.0107551 -0.000476776 -2.05906e-05 -0.000476776 0.0106227)
(0.00986961 -0.00189987 -0.000358013 -0.00189987 0.00690051 -0.00297915 -0.000358013 -0.00297915 0.00510441)
(0.00148121 -0.00319135 0.0045059 -0.00319135 0.00956905 -0.00237155 0.0045059 -0.00237155 0.00805713)
(0.00305401 -0.00357291 0.00395171 -0.00357291 0.00959252 -0.00264082 0.00395171 -0.00264082 0.0076863)
(0.00153718 -0.0039559 0.00343839 -0.0039559 0.00909488 -0.0026334 0.00343839 -0.0026334 0.00823939)
(-0.000658633 -0.00200297 0.00562444 -0.00200297 0.009037 -0.00241583 0.00562444 -0.00241583 0.00828649)
(-0.000578473 -0.00126699 0.00604134 -0.00126699 0.00862737 -0.00243861 0.00604134 -0.00243861 0.00760511)
(0.000654473 -0.00232719 0.00517434 -0.00232719 0.0087132 -0.00281403 0.00517434 -0.00281403 0.00755782)
(0.00432354 0.000790684 0.00667462 0.000790684 0.00801346 -0.00220034 0.00667462 -0.00220034 0.00738789)
(0.00298511 0.000998584 0.00641393 0.000998584 0.00775794 -0.00179057 0.00641393 -0.00179057 0.00681433)
(0.00281731 0.00129531 0.0067904 0.00129531 0.00727767 -0.00220833 0.0067904 -0.00220833 0.00696377)
(0.00593387 0.000749882 0.00601627 0.000749882 0.00606375 -0.00240601 0.00601627 -0.00240601 0.00843908)
(0.00619902 0.000459608 0.00666585 0.000459608 0.0070807 -0.00102456 0.00666585 -0.00102456 0.00944939)
(0.0158978 0.00158702 0.00490349 0.00158702 0.00780591 -0.000268377 0.00490349 -0.000268377 0.00494595)
(0.00251637 -0.00308603 0.00543495 -0.00308603 0.0100785 -0.0022268 0.00543495 -0.0022268 0.00843459)
(0.0010229 -0.00265439 0.00474674 -0.00265439 0.00913358 -0.00188449 0.00474674 -0.00188449 0.00905319)
(0.00768756 0.000270654 0.00159737 0.000270654 0.00866894 -9.24431e-05 0.00159737 -9.24431e-05 0.0048219)
(-0.000152939 -0.00193356 0.00506472 -0.00193356 0.00974977 -0.00163207 0.00506472 -0.00163207 0.00785571)
(0.00196097 -0.00333072 0.00693027 -0.00333072 0.00987742 -0.0025113 0.00693027 -0.0025113 0.00863271)
(0.00194705 -9.77451e-05 0.00434499 -9.77451e-05 0.00520186 -0.00395849 0.00434499 -0.00395849 0.00588785)
(0.00397582 0.000550095 0.00394535 0.000550095 0.00418357 -0.00408185 0.00394535 -0.00408185 0.00628433)
(0.00383569 0.00134329 0.00607163 0.00134329 0.00765211 -0.0019144 0.00607163 -0.0019144 0.00620271)
(0.00701171 0.00120462 0.00371248 0.00120462 0.00848993 -0.000852462 0.00371248 -0.000852462 0.00521604)
(0.00698292 -0.000350876 0.00303048 -0.000350876 0.00923977 -0.000884227 0.00303048 -0.000884227 0.00565235)
(-0.000356822 -0.00212787 0.00519438 -0.00212787 0.00962264 -0.00148277 0.00519438 -0.00148277 0.00803092)
(0.00157145 -0.00220783 0.00493063 -0.00220783 0.0092727 -0.00174112 0.00493063 -0.00174112 0.00847529)
(-0.000699004 -0.000655491 0.00505469 -0.000655491 0.00900128 -0.00207087 0.00505469 -0.00207087 0.00805887)
(0.0010486 -0.00175109 0.00452216 -0.00175109 0.00930866 -0.00131756 0.00452216 -0.00131756 0.00800019)
(0.000362603 -0.00227289 0.00551245 -0.00227289 0.00977305 -0.00200533 0.00551245 -0.00200533 0.00756796)
(0.00446092 0.000617332 0.00604313 0.000617332 0.00770811 -0.00209364 0.00604313 -0.00209364 0.00577208)
(-0.000239265 -0.00262888 0.00526708 -0.00262888 0.0094985 -0.00182041 0.00526708 -0.00182041 0.00835965)
(0.00215971 -0.00185924 0.00503356 -0.00185924 0.00824888 -0.000784324 0.00503356 -0.000784324 0.00892431)
(0.0187471 -0.00522844 0.00520173 -0.00522844 0.0104502 -0.0023218 0.00520173 -0.0023218 0.0101865)
(0.0126269 -0.00536498 0.0060756 -0.00536498 0.0112177 -0.00302109 0.0060756 -0.00302109 0.00933837)
(0.00150414 -0.00113394 0.00421629 -0.00113394 0.0065545 -0.00388381 0.00421629 -0.00388381 0.00571204)
(0.00283767 -0.00261512 0.0033239 -0.00261512 0.00838536 -0.00241386 0.0033239 -0.00241386 0.00515287)
(0.00883009 -0.00319121 0.00466637 -0.00319121 0.0103138 -0.00162818 0.00466637 -0.00162818 0.00542026)
(0.00307975 -0.000798129 0.00312665 -0.000798129 0.00791791 -0.00133574 0.00312665 -0.00133574 0.0035188)
(0.002635 -0.00337809 0.00543435 -0.00337809 0.0100721 -0.00138349 0.00543435 -0.00138349 0.00790012)
(0.0169096 -0.00449025 0.00352445 -0.00449025 0.00969196 -8.71522e-05 0.00352445 -8.71522e-05 0.00853651)
(-0.00168034 -0.00256342 0.00348094 -0.00256342 0.00317935 -0.00337104 0.00348094 -0.00337104 0.00555638)
(0.0114919 -0.005174 -0.00306043 -0.005174 0.00802497 0.000608441 -0.00306043 0.000608441 0.00677273)
(0.00498183 -0.00253165 0.00267515 -0.00253165 0.00772189 -0.00101523 0.00267515 -0.00101523 0.00369583)
(0.0140668 -0.003057 0.00287971 -0.003057 0.00995901 -0.00259179 0.00287971 -0.00259179 0.00483137)
(0.00877263 -0.00266755 0.00419405 -0.00266755 0.00944407 -0.00188799 0.00419405 -0.00188799 0.00700984)
(0.0084995 -0.00366778 0.00486512 -0.00366778 0.0100008 -0.00189551 0.00486512 -0.00189551 0.00730022)
(0.00863129 -0.0028262 0.00430041 -0.0028262 0.0103611 -0.00243372 0.00430041 -0.00243372 0.00520101)
(0.00368774 -0.00410673 0.00490461 -0.00410673 0.0106662 -0.0029094 0.00490461 -0.0029094 0.00717232)
(0.00743334 -0.00208063 0.00485521 -0.00208063 0.00906555 -0.000820999 0.00485521 -0.000820999 0.00716486)
(0.0155367 -0.00428147 0.00335825 -0.00428147 0.0105858 -0.000566375 0.00335825 -0.000566375 0.0057042)
(0.00585466 -0.000522027 0.00375702 -0.000522027 0.00851686 -0.00191567 0.00375702 -0.00191567 0.00413591)
(0.00330134 -0.000159472 0.00333928 -0.000159472 0.00842008 -0.00138352 0.00333928 -0.00138352 0.00338438)
(0.00779828 6.3763e-05 0.00448968 6.3763e-05 0.00786567 0.000125124 0.00448968 0.000125124 0.00493871)
(0.013092 -0.00370671 0.0014546 -0.00370671 0.0111447 -0.00155121 0.0014546 -0.00155121 0.0140534)
(0.00883409 -0.00296394 0.00125909 -0.00296394 0.00875253 0.000325607 0.00125909 0.000325607 0.00382123)
(0.0122059 -0.00309894 0.00528166 -0.00309894 0.00963636 -0.00171178 0.00528166 -0.00171178 0.00861228)
(0.0150333 5.87627e-05 0.0033138 5.87627e-05 0.0073461 0.00173872 0.0033138 0.00173872 0.0084655)
(0.00963713 0.000231411 0.00460775 0.000231411 0.00770653 -0.000784066 0.00460775 -0.000784066 0.00755599)
(0.00546947 -0.00444487 0.00657429 -0.00444487 0.010677 -0.00235396 0.00657429 -0.00235396 0.00943242)
(0.00156352 -0.00352073 0.00614263 -0.00352073 0.0101974 -0.00288709 0.00614263 -0.00288709 0.00821562)
(-0.000287695 -0.00237078 0.00540996 -0.00237078 0.0088721 -0.00225036 0.00540996 -0.00225036 0.00551845)
(0.00756642 -0.00190551 0.0037524 -0.00190551 0.00997214 -0.00149199 0.0037524 -0.00149199 0.004342)
(0.0168873 -0.00043198 0.0038492 -0.00043198 0.00825869 0.00127355 0.0038492 0.00127355 0.00648205)
(0.0126268 0.00200631 0.00434475 0.00200631 0.00636746 0.00174146 0.00434475 0.00174146 0.00664666)
(0.00909691 -0.00255832 0.00531175 -0.00255832 0.00907319 -0.0013037 0.00531175 -0.0013037 0.00812356)
(0.0144178 -0.00694241 0.00253529 -0.00694241 0.010839 -0.00310136 0.00253529 -0.00310136 0.00699855)
(0.00928797 -0.00282624 0.00431795 -0.00282624 0.0105005 -0.00135589 0.00431795 -0.00135589 0.00610992)
(0.0086622 -0.00158569 0.00497307 -0.00158569 0.00919719 -0.000390068 0.00497307 -0.000390068 0.00747949)
(0.0105246 -0.00428814 0.00506684 -0.00428814 0.00975839 -0.00160022 0.00506684 -0.00160022 0.00845251)
(0.0128531 -0.000909375 0.00225327 -0.000909375 0.00873161 -0.00220937 0.00225327 -0.00220937 0.00384254)
(0.00708767 -0.00255908 0.0049982 -0.00255908 0.00911256 -0.00154309 0.0049982 -0.00154309 0.00635571)
(0.00948737 -0.000895303 0.00494826 -0.000895303 0.0079559 -0.000974355 0.00494826 -0.000974355 0.00812803)
(0.0199162 -0.00171919 0.00146496 -0.00171919 0.00681537 -0.00293712 0.00146496 -0.00293712 0.00561273)
(0.0198908 -0.00596766 0.00103904 -0.00596766 0.00925534 -0.00329504 0.00103904 -0.00329504 0.00523306)
(0.0152811 -0.00341497 0.00208098 -0.00341497 0.00870044 -0.00275518 0.00208098 -0.00275518 0.0067524)
(0.011142 -0.00144405 0.00103183 -0.00144405 0.00508415 -0.00303754 0.00103183 -0.00303754 0.0103516)
(0.0179751 -0.00233125 0.00342334 -0.00233125 0.00908332 -0.00219106 0.00342334 -0.00219106 0.0110272)
(0.00926554 -9.29926e-06 -0.000258216 -9.29926e-06 0.00667272 -0.00248304 -0.000258216 -0.00248304 0.00463063)
(0.0104204 -0.00428834 0.00033644 -0.00428834 0.00924552 -0.00221767 0.00033644 -0.00221767 0.00973775)
(0.0289252 -0.00274042 -0.00414527 -0.00274042 0.00595616 0.00173325 -0.00414527 0.00173325 0.00842445)
(0.00532981 0.00201549 0.00460849 0.00201549 0.00396861 -0.00186215 0.00460849 -0.00186215 0.00412416)
(0.0101006 0.00186701 0.00479937 0.00186701 0.00300404 -0.0013029 0.00479937 -0.0013029 0.00385316)
(0.0147286 0.00274559 0.00525205 0.00274559 0.00655429 -0.00172497 0.00525205 -0.00172497 0.00557836)
(0.00967317 -0.00207745 0.00455322 -0.00207745 0.0100548 -0.00257856 0.00455322 -0.00257856 0.00641924)
(0.0104972 -0.00268508 0.00404642 -0.00268508 0.00953848 -0.00246311 0.00404642 -0.00246311 0.00726175)
(0.0118271 -0.000800548 -0.00168385 -0.000800548 0.00761923 -0.00312183 -0.00168385 -0.00312183 0.00536309)
(0.0221917 -0.0021709 0.00425726 -0.0021709 0.00866787 -0.0019553 0.00425726 -0.0019553 0.00876583)
(0.022872 -0.00354846 0.00199087 -0.00354846 0.00934006 -0.00342177 0.00199087 -0.00342177 0.00577848)
(0.0132349 -0.00333329 0.000740323 -0.00333329 0.00966156 -0.0019946 0.000740323 -0.0019946 0.00843106)
(0.0140881 -0.00129339 0.00229651 -0.00129339 0.0109029 -0.00192833 0.00229651 -0.00192833 0.00870794)
(0.017763 0.000283506 0.00299588 0.000283506 0.00566579 -0.00186703 0.00299588 -0.00186703 0.00805875)
(0.00902244 0.00186214 0.00600049 0.00186214 0.0058914 -0.00266638 0.00600049 -0.00266638 0.00644237)
(0.0085374 -0.000117714 0.00679728 -0.000117714 0.00814167 -0.00180872 0.00679728 -0.00180872 0.0101486)
(0.0227702 -0.00158022 0.00368035 -0.00158022 0.00434455 -0.000473326 0.00368035 -0.000473326 0.00865582)
(0.0129119 -0.00147188 0.00389998 -0.00147188 0.00873653 -0.00173934 0.00389998 -0.00173934 0.0111099)
(0.00430543 -0.00165826 0.00161295 -0.00165826 0.00483163 -0.00158862 0.00161295 -0.00158862 0.00285202)
(0.0164868 -0.00188688 -0.00229432 -0.00188688 0.00706262 0.00319265 -0.00229432 0.00319265 0.0098181)
(0.0133894 -0.00344753 -0.000549921 -0.00344753 0.00815673 -0.00105525 -0.000549921 -0.00105525 0.00237417)
(0.0194935 0.000367458 0.00102349 0.000367458 0.00688068 -0.00144581 0.00102349 -0.00144581 0.00549467)
(0.0255398 -0.00673376 0.00144976 -0.00673376 0.00992358 -0.00403573 0.00144976 -0.00403573 0.00452245)
(0.00653297 -0.000368357 0.00622694 -0.000368357 0.00756108 -0.00269144 0.00622694 -0.00269144 0.0069081)
(0.0132929 -0.00197871 0.0042065 -0.00197871 0.00930802 -0.00177951 0.0042065 -0.00177951 0.00985607)
(0.0162104 -0.000609647 0.000917736 -0.000609647 0.00803717 0.00132719 0.000917736 0.00132719 0.00785623)
(0.0184798 0.000716705 0.00201523 0.000716705 0.00752525 0.00199922 0.00201523 0.00199922 0.00535164)
(0.0162796 -0.00148428 0.00558588 -0.00148428 0.00795388 -0.00192613 0.00558588 -0.00192613 0.00901573)
(0.0131401 -0.00224537 0.00414924 -0.00224537 0.00390011 -0.00216702 0.00414924 -0.00216702 0.00603272)
(0.0138582 -0.000158333 0.00647731 -0.000158333 0.00840269 -0.00194256 0.00647731 -0.00194256 0.00793564)
(0.0186065 -0.000732188 0.00487922 -0.000732188 0.00890979 -0.00112824 0.00487922 -0.00112824 0.00687292)
(0.0136552 -0.00115242 -0.00110209 -0.00115242 0.00605637 0.000154522 -0.00110209 0.000154522 0.00497085)
(0.0124284 -0.00258871 -0.00023665 -0.00258871 0.00920463 -0.00247909 -0.00023665 -0.00247909 0.00923524)
(0.00816664 -0.00394093 0.000190113 -0.00394093 0.01075 -0.000181421 0.000190113 -0.000181421 0.00752255)
(0.00815342 -0.00268899 -0.000381256 -0.00268899 0.00749008 -0.000562452 -0.000381256 -0.000562452 0.00216437)
(0.00792951 0.000198406 0.000333035 0.000198406 0.00673034 -0.00106595 0.000333035 -0.00106595 0.00421553)
(0.0123029 -0.00550781 0.000343673 -0.00550781 0.0087069 -0.00358571 0.000343673 -0.00358571 0.00477902)
(0.0160346 -0.00649795 -0.000171507 -0.00649795 0.00831569 -0.00326312 -0.000171507 -0.00326312 0.00671023)
(0.00987007 -0.00199141 -0.000785153 -0.00199141 0.00276949 -0.00221521 -0.000785153 -0.00221521 0.00965535)
(0.0107105 -0.00238223 0.00304702 -0.00238223 0.00907691 -0.0019389 0.00304702 -0.0019389 0.00665768)
(0.00282812 -0.00217853 0.00423456 -0.00217853 0.00890588 -0.00183875 0.00423456 -0.00183875 0.00673375)
(0.0113591 -0.00547859 -0.000729897 -0.00547859 0.011883 0.000815077 -0.000729897 0.000815077 0.00733408)
(0.0211437 -0.00399876 -0.00100108 -0.00399876 0.00772432 0.00202237 -0.00100108 0.00202237 0.00814143)
(0.00339552 -0.000604326 0.00405374 -0.000604326 0.00861439 -0.00203105 0.00405374 -0.00203105 0.00432197)
(0.00935649 0.000358497 0.00379969 0.000358497 0.00556106 -0.00161258 0.00379969 -0.00161258 0.00336479)
(0.0153667 0.0017063 0.00468203 0.0017063 0.00772406 -0.00132335 0.00468203 -0.00132335 0.00412926)
(0.0117782 -0.00241345 0.00389004 -0.00241345 0.00923483 -0.00210535 0.00389004 -0.00210535 0.0041621)
(0.0153475 -0.000466555 0.00461515 -0.000466555 0.00856553 -0.00219806 0.00461515 -0.00219806 0.00479163)
(0.00749663 -0.00413832 0.000242943 -0.00413832 0.0098847 0.000847836 0.000242943 0.000847836 0.00482697)
(0.00531411 -0.000807443 -3.44543e-05 -0.000807443 0.00674125 0.000635083 -3.44543e-05 0.000635083 0.00476889)
(0.00877088 -0.00531419 0.000861192 -0.00531419 0.00889432 -0.00332599 0.000861192 -0.00332599 0.00427011)
(0.0183278 -0.001615 0.00178313 -0.001615 0.00924909 -0.00122726 0.00178313 -0.00122726 0.00453453)
(0.0119667 -0.00494681 -0.00143771 -0.00494681 0.0120335 0.000531632 -0.00143771 0.000531632 0.0086687)
(0.0141038 -0.00384149 -8.91704e-05 -0.00384149 0.0116223 0.000821723 -8.91704e-05 0.000821723 0.00867563)
(0.010974 -0.00480599 0.00254401 -0.00480599 0.0101155 -0.00250504 0.00254401 -0.00250504 0.00598128)
(0.0128814 -0.000756549 0.00278378 -0.000756549 0.00898369 -0.00020461 0.00278378 -0.00020461 0.00352057)
(0.0184405 -0.002488 -0.0010169 -0.002488 0.00912702 0.00217821 -0.0010169 0.00217821 0.00458217)
(0.011801 -0.00207173 0.00295647 -0.00207173 0.00866564 -0.000879196 0.00295647 -0.000879196 0.0062255)
(0.0140463 -0.000185089 0.00179909 -0.000185089 0.0104504 -0.00049517 0.00179909 -0.00049517 0.00480306)
(0.0131788 -0.000953989 0.000277044 -0.000953989 0.00800787 0.00272597 0.000277044 0.00272597 0.00836977)
(0.00836088 -0.00261332 0.000503272 -0.00261332 0.0105975 0.000589991 0.000503272 0.000589991 0.00781917)
(0.0109192 -0.00474055 -0.00393277 -0.00474055 0.0108626 0.00068288 -0.00393277 0.00068288 0.0115519)
(0.0122959 -0.00242132 0.00264211 -0.00242132 0.00694139 0.00110184 0.00264211 0.00110184 0.0108182)
(0.0144172 -0.00150106 0.0036065 -0.00150106 0.00945651 -0.00250369 0.0036065 -0.00250369 0.00480741)
(0.018024 -0.00219691 0.00270033 -0.00219691 0.00904864 0.00092567 0.00270033 0.00092567 0.00659289)
(0.0198378 -0.00162622 0.00200032 -0.00162622 0.00953577 0.000491128 0.00200032 0.000491128 0.00305558)
(0.0230133 0.000265396 0.00165653 0.000265396 0.00817654 0.000565672 0.00165653 0.000565672 0.00238837)
(0.00972811 -0.0018695 0.00259292 -0.0018695 0.00912728 -0.00209135 0.00259292 -0.00209135 0.00413865)
(0.0177395 -0.00316992 0.00163952 -0.00316992 0.00886561 -0.00418518 0.00163952 -0.00418518 0.00530444)
(0.00991456 -0.00296871 0.000924215 -0.00296871 0.00966038 -0.00369815 0.000924215 -0.00369815 0.00462191)
(0.0146353 -0.00147681 0.00404988 -0.00147681 0.00951101 -0.00181172 0.00404988 -0.00181172 0.00329554)
(0.0110502 -0.003114 -0.00192646 -0.003114 0.0109216 -0.00160554 -0.00192646 -0.00160554 0.00820073)
(0.0122683 -0.00218111 0.00369919 -0.00218111 0.00905353 -0.00146377 0.00369919 -0.00146377 0.00729981)
(0.00702158 -0.00519475 -0.00113004 -0.00519475 0.0110756 0.000208519 -0.00113004 0.000208519 0.00558058)
(0.00550487 -0.00540381 -0.00385078 -0.00540381 0.0111554 -0.000381267 -0.00385078 -0.000381267 0.00905451)
(0.00538158 -0.00220057 0.00102245 -0.00220057 0.00898383 -0.000133934 0.00102245 -0.000133934 0.00633116)
(0.0172966 -0.00322926 0.00148688 -0.00322926 0.0065977 -0.0035663 0.00148688 -0.0035663 0.00559186)
(0.026998 -0.00439285 0.00109835 -0.00439285 0.00817896 -0.00239869 0.00109835 -0.00239869 0.00773415)
(0.0154381 -0.00452831 -0.00264057 -0.00452831 0.00735899 -0.00382254 -0.00264057 -0.00382254 0.00560352)
(0.0144228 -0.00285134 -0.00227035 -0.00285134 0.00742581 -0.00412964 -0.00227035 -0.00412964 0.00612247)
(0.000257394 -0.00222462 0.00530596 -0.00222462 0.00891389 -0.00264251 0.00530596 -0.00264251 0.00788998)
(0.0133108 0.00055143 0.00303407 0.00055143 0.0092369 0.00058516 0.00303407 0.00058516 0.00542933)
(0.010264 6.12261e-05 0.000199936 6.12261e-05 0.00668292 5.48214e-05 0.000199936 5.48214e-05 0.0048764)
(0.0037872 -0.00380378 0.00456665 -0.00380378 0.0101392 -0.00250433 0.00456665 -0.00250433 0.00716282)
(0.01082 -3.778e-05 0.000794085 -3.778e-05 0.00831146 -0.00195999 0.000794085 -0.00195999 0.00733584)
(0.00259531 -0.00281376 0.000399876 -0.00281376 0.0078911 -0.00270437 0.000399876 -0.00270437 0.00541698)
(0.00919951 -0.0038442 0.00258717 -0.0038442 0.00889411 -0.00275595 0.00258717 -0.00275595 0.00646162)
(0.0233306 -0.00157668 0.00502154 -0.00157668 0.0082634 -0.00252073 0.00502154 -0.00252073 0.00766434)
(0.00751149 -0.0018991 0.0017309 -0.0018991 0.00490677 -0.00150032 0.0017309 -0.00150032 0.00643755)
(0.00519068 -0.000776173 -0.000187222 -0.000776173 0.004667 -0.00141313 -0.000187222 -0.00141313 0.00263791)
(0.0154404 -0.00488321 6.59935e-05 -0.00488321 0.00924446 -0.00275304 6.59935e-05 -0.00275304 0.00639613)
(0.0134659 -0.00251279 0.00182523 -0.00251279 0.00746751 -0.00190511 0.00182523 -0.00190511 0.00570743)
(0.00593858 0.000342269 0.000286665 0.000342269 0.00550125 -0.00059635 0.000286665 -0.00059635 0.00278759)
(0.0134224 -0.0036136 -0.00110296 -0.0036136 0.0113013 -0.001159 -0.00110296 -0.001159 0.0112516)
(0.0135487 -0.00112873 -0.00148356 -0.00112873 0.00748952 -0.00321135 -0.00148356 -0.00321135 0.00545505)
(0.0150017 -0.00160076 0.00111137 -0.00160076 0.00878266 -0.000435534 0.00111137 -0.000435534 0.00756671)
(0.0130562 0.000814974 0.00179979 0.000814974 0.00679514 0.00218114 0.00179979 0.00218114 0.00551379)
(0.011762 0.00220118 0.00273048 0.00220118 0.00627137 -0.000274044 0.00273048 -0.000274044 0.0056403)
(0.0164531 -0.00229355 0.00157091 -0.00229355 0.00859002 -0.000731576 0.00157091 -0.000731576 0.00851651)
(0.00685969 -0.00354501 -0.00172812 -0.00354501 0.0114082 -0.00194505 -0.00172812 -0.00194505 0.0063709)
(0.0130717 0.000480989 0.00242455 0.000480989 0.0105469 -0.00298987 0.00242455 -0.00298987 0.0079084)
(0.00807175 -0.00179334 0.00113942 -0.00179334 0.00722921 -0.000247541 0.00113942 -0.000247541 0.00599431)
(0.0237049 -0.00455929 0.00127485 -0.00455929 0.00954425 -0.00255289 0.00127485 -0.00255289 0.00745231)
(0.0119969 -0.0027065 0.000176898 -0.0027065 0.00862519 -0.00195993 0.000176898 -0.00195993 0.00556127)
(0.0201966 -0.0021688 0.00195102 -0.0021688 0.00910464 1.31754e-05 0.00195102 1.31754e-05 0.00790264)
(0.0220676 0.00122535 0.00458743 0.00122535 0.00794963 -6.0726e-05 0.00458743 -6.0726e-05 0.00525891)
(0.011392 0.00196574 0.00373534 0.00196574 0.00482866 0.000201093 0.00373534 0.000201093 0.00597028)
(0.0013037 -0.000432502 -6.94301e-05 -0.000432502 0.00315818 0.000994217 -6.94301e-05 0.000994217 0.00180801)
(0.0169067 -0.0035782 0.00184114 -0.0035782 0.00837271 -0.00281358 0.00184114 -0.00281358 0.00534202)
(0.00270818 -0.00139801 -0.00105415 -0.00139801 0.00308259 0.000847499 -0.00105415 0.000847499 0.00442218)
(0.0112228 -0.00409645 0.00214056 -0.00409645 0.00864656 -0.00303784 0.00214056 -0.00303784 0.00654095)
(0.0148733 0.00279917 0.000898618 0.00279917 0.00815911 9.40748e-05 0.000898618 9.40748e-05 0.00416195)
(0.00508265 0.000923603 0.000921259 0.000923603 0.0051225 -6.91358e-05 0.000921259 -6.91358e-05 0.00411151)
(0.0129922 -0.000424202 0.00345862 -0.000424202 0.00834278 -0.001245 0.00345862 -0.001245 0.00524274)
(0.0150973 0.000215187 0.00176088 0.000215187 0.0108137 -0.00235947 0.00176088 -0.00235947 0.00780134)
(0.00787009 -0.00192735 0.000878299 -0.00192735 0.0102297 -0.000329434 0.000878299 -0.000329434 0.00414929)
(0.0116168 -0.0062195 -6.6529e-05 -0.0062195 0.00993365 -0.00416009 -6.6529e-05 -0.00416009 0.004938)
(0.0178439 -0.00797159 0.000284888 -0.00797159 0.0106582 -0.00432822 0.000284888 -0.00432822 0.00461866)
(0.0138697 -0.00561533 -0.00265792 -0.00561533 0.00887112 -0.00297833 -0.00265792 -0.00297833 0.00520851)
(0.00874581 -0.00156038 -0.00127998 -0.00156038 0.00894808 -0.0028379 -0.00127998 -0.0028379 0.0118902)
(0.00733706 -0.00334569 0.00468094 -0.00334569 0.0102967 -0.00254655 0.00468094 -0.00254655 0.00615876)
(0.0179964 0.00228351 0.00424391 0.00228351 0.00742628 -0.000112825 0.00424391 -0.000112825 0.00325461)
(0.0121598 0.00141641 0.00352634 0.00141641 0.00717789 0.00048959 0.00352634 0.00048959 0.00615993)
(0.00840877 -0.00496127 0.00198284 -0.00496127 0.00956366 -0.00297731 0.00198284 -0.00297731 0.00586541)
(0.0104506 -0.00287063 -0.000238176 -0.00287063 0.0104353 0.000455 -0.000238176 0.000455 0.00837374)
(0.00781989 -0.00454744 -0.000473723 -0.00454744 0.0110693 0.000713901 -0.000473723 0.000713901 0.00642402)
(0.00221227 -0.000879686 0.000243496 -0.000879686 0.00612571 0.000661036 0.000243496 0.000661036 0.00458454)
(0.00197727 0.000632105 0.000686808 0.000632105 0.0024518 0.000728773 0.000686808 0.000728773 0.00259389)
(0.00596509 -0.0026974 -6.01336e-05 -0.0026974 0.00761256 -0.00263641 -6.01336e-05 -0.00263641 0.00389962)
(0.00413378 -0.00154456 0.000268005 -0.00154456 0.00673301 -0.00144182 0.000268005 -0.00144182 0.00254542)
(0.0158721 -0.00376596 0.00277466 -0.00376596 0.00914885 -0.00274874 0.00277466 -0.00274874 0.00594824)
(0.0104333 -0.0012757 0.00161937 -0.0012757 0.0061972 -0.00160662 0.00161937 -0.00160662 0.0053379)
(0.0127286 -0.00184628 0.00202836 -0.00184628 0.00879675 -0.00183283 0.00202836 -0.00183283 0.00557454)
(0.0123959 -0.000820121 -0.00105923 -0.000820121 0.00691807 -0.00322793 -0.00105923 -0.00322793 0.00528153)
(0.013041 -0.00142506 -0.00269639 -0.00142506 0.0083856 -0.00440968 -0.00269639 -0.00440968 0.00680249)
(0.0075493 -0.00180292 8.94526e-05 -0.00180292 0.00984685 -0.00113612 8.94526e-05 -0.00113612 0.00341525)
(0.0146538 0.000167852 0.00326908 0.000167852 0.00843594 0.000178399 0.00326908 0.000178399 0.0048715)
(0.0100878 -0.00298268 -0.000484028 -0.00298268 0.00910867 -0.00294996 -0.000484028 -0.00294996 0.006035)
(0.0132815 0.000234669 0.00387931 0.000234669 0.00706489 -0.000160491 0.00387931 -0.000160491 0.00762223)
(0.0100526 -0.00287942 0.000633461 -0.00287942 0.0105971 -0.000448438 0.000633461 -0.000448438 0.00639371)
(0.00766205 -0.00236955 0.00146787 -0.00236955 0.009381 -0.000287904 0.00146787 -0.000287904 0.00372013)
(0.00722469 -0.00142909 0.00216842 -0.00142909 0.00700689 -0.00106557 0.00216842 -0.00106557 0.0105722)
(0.017405 -0.0047494 0.000906758 -0.0047494 0.00884503 -0.0027684 0.000906758 -0.0027684 0.00577969)
(0.0113963 -0.00221807 0.000748929 -0.00221807 0.00971077 -0.000306021 0.000748929 -0.000306021 0.00674888)
(0.0209649 -0.00279958 0.000358349 -0.00279958 0.0089457 0.00121147 0.000358349 0.00121147 0.00523544)
(0.0121236 -0.00400889 0.00301518 -0.00400889 0.00940814 -0.00244389 0.00301518 -0.00244389 0.00598026)
(0.00693611 -0.00424963 0.000253817 -0.00424963 0.00974336 -5.12479e-05 0.000253817 -5.12479e-05 0.00334754)
(0.00425901 -0.00523026 -0.00090865 -0.00523026 0.0100264 0.00110223 -0.00090865 0.00110223 0.00468632)
(0.0125027 -0.00622499 0.00108296 -0.00622499 0.00976107 -0.0033992 0.00108296 -0.0033992 0.00528599)
(0.00771541 -0.00337374 -0.000874819 -0.00337374 0.00983925 0.00120393 -0.000874819 0.00120393 0.00600432)
(0.0110374 -0.00542158 0.000642858 -0.00542158 0.0105739 0.0011232 0.000642858 0.0011232 0.00688948)
(0.013394 -0.00187633 -0.000945123 -0.00187633 0.00697321 0.00200174 -0.000945123 0.00200174 0.00541956)
(0.00841051 -0.00526463 -9.92166e-05 -0.00526463 0.0109306 0.000650398 -9.92166e-05 0.000650398 0.00560006)
(0.00596352 -0.00324204 0.00292809 -0.00324204 0.00877745 -0.00255457 0.00292809 -0.00255457 0.00621422)
(0.0101678 -0.000170063 -0.00163687 -0.000170063 0.00702646 0.00159979 -0.00163687 0.00159979 0.00602319)
(0.00127563 -4.34322e-05 -0.000124938 -4.34322e-05 0.00126617 -0.00024076 -0.000124938 -0.00024076 0.0011386)
(0.00498049 -0.00444021 0.000272932 -0.00444021 0.00875281 -0.00334122 0.000272932 -0.00334122 0.0040107)
(0.020092 -0.00725832 0.000744792 -0.00725832 0.010235 -0.00357894 0.000744792 -0.00357894 0.00546035)
(0.0185576 -0.004738 -0.000953273 -0.004738 0.00854614 -0.00213638 -0.000953273 -0.00213638 0.00771223)
(0.00401105 -0.000740493 -0.00144632 -0.000740493 0.0070428 -0.00216316 -0.00144632 -0.00216316 0.0132599)
(0.0121098 -0.00218586 -0.000562229 -0.00218586 0.00782383 -0.00298698 -0.000562229 -0.00298698 0.0052843)
(0.0114128 -0.00133484 -0.00012159 -0.00133484 0.00885867 -0.0026347 -0.00012159 -0.0026347 0.00782699)
(0.0113654 -2.67541e-05 0.00197615 -2.67541e-05 0.00847763 -0.0023118 0.00197615 -0.0023118 0.00416627)
(0.0129342 -0.00392445 0.001264 -0.00392445 0.0105532 0.00049491 0.001264 0.00049491 0.00950893)
(0.0125018 -0.00490282 -0.00273486 -0.00490282 0.0118113 -0.00092347 -0.00273486 -0.00092347 0.00885006)
(0.00821234 -0.00388877 -0.000141732 -0.00388877 0.0113396 -0.00204928 -0.000141732 -0.00204928 0.00799468)
(0.0103296 -0.00285438 0.000716943 -0.00285438 0.0106453 -0.000900094 0.000716943 -0.000900094 0.00793634)
(0.0127206 -0.00435675 -0.000748249 -0.00435675 0.0107047 -0.000328347 -0.000748249 -0.000328347 0.00843252)
(0.0028905 0.000199998 -0.000274131 0.000199998 0.002604 0.00127592 -0.000274131 0.00127592 0.00507861)
(0.0089292 -0.000182683 0.000905091 -0.000182683 0.00755766 -0.000833924 0.000905091 -0.000833924 0.00479331)
(0.011913 -0.00330746 0.000601202 -0.00330746 0.00826399 -0.00132835 0.000601202 -0.00132835 0.00597426)
(0.0150545 -0.00454566 0.000694979 -0.00454566 0.00804111 -0.00292812 0.000694979 -0.00292812 0.00462392)
(0.0128043 -0.00197605 -0.00116835 -0.00197605 0.00883038 -0.00242778 -0.00116835 -0.00242778 0.00573231)
(0.0100031 -0.000612548 0.000989147 -0.000612548 0.00724311 -0.00173486 0.000989147 -0.00173486 0.0074992)
(0.0116707 -0.00121033 8.00146e-05 -0.00121033 0.0086648 -0.00269786 8.00146e-05 -0.00269786 0.0065243)
(0.00597034 -0.000328095 0.00144728 -0.000328095 0.00452636 0.000809596 0.00144728 0.000809596 0.0029489)
(0.0132797 -1.24937e-05 0.000896692 -1.24937e-05 0.0082756 -0.00181298 0.000896692 -0.00181298 0.00658668)
(0.00740072 -0.00539981 -0.00145797 -0.00539981 0.0114547 0.00014145 -0.00145797 0.00014145 0.00708324)
(0.0142048 -0.00451719 -0.00184527 -0.00451719 0.0109983 0.000418979 -0.00184527 0.000418979 0.0099592)
(0.00802635 0.00120246 -0.000373222 0.00120246 0.00739046 -0.00110751 -0.000373222 -0.00110751 0.00400294)
(0.0038571 -0.000284253 0.00207521 -0.000284253 0.0017072 -0.000656641 0.00207521 -0.000656641 0.00350649)
(0.0143555 0.000291723 0.000785334 0.000291723 0.0107024 -0.00286866 0.000785334 -0.00286866 0.00736279)
(0.00805999 0.00127576 0.00187027 0.00127576 0.00517814 0.00138107 0.00187027 0.00138107 0.00399347)
(0.0109435 -0.00308768 0.000542946 -0.00308768 0.0110128 -0.0012986 0.000542946 -0.0012986 0.00727626)
(0.0133369 -0.00027601 2.15238e-05 -0.00027601 0.00683756 0.00309913 2.15238e-05 0.00309913 0.0077657)
(0.00811398 -0.00169437 -0.000431476 -0.00169437 0.00824826 -0.0024416 -0.000431476 -0.0024416 0.0054445)
(0.0158927 0.00176673 0.00378368 0.00176673 0.00725939 -0.000503529 0.00378368 -0.000503529 0.00727828)
(0.00313705 -0.00362431 -0.000749859 -0.00362431 0.00823105 0.00124491 -0.000749859 0.00124491 0.00292344)
(0.0168107 -0.00514495 0.00153139 -0.00514495 0.0091214 -0.00201582 0.00153139 -0.00201582 0.00637088)
(0.0122831 -0.00150585 0.00213005 -0.00150585 0.00805469 -0.00170495 0.00213005 -0.00170495 0.00914639)
(0.0108691 -0.00506101 0.000278188 -0.00506101 0.0108061 -0.000562571 0.000278188 -0.000562571 0.0082782)
(0.0128378 -0.0042983 -0.00466048 -0.0042983 0.0107673 -0.00246128 -0.00466048 -0.00246128 0.00901163)
(0.00786795 0.000720587 0.00178097 0.000720587 0.00367238 0.00219426 0.00178097 0.00219426 0.0053818)
(0.00573186 0.000753966 0.00170708 0.000753966 0.00723828 -0.000918631 0.00170708 -0.000918631 0.006203)
(0.0109045 -0.000819684 0.0014106 -0.000819684 0.00687506 0.000964969 0.0014106 0.000964969 0.00725495)
(0.00460526 -0.000663684 0.000384441 -0.000663684 0.0065181 -5.64568e-06 0.000384441 -5.64568e-06 0.00292865)
(0.0056787 -0.00282317 0.000660582 -0.00282317 0.0086644 0.00128326 0.000660582 0.00128326 0.00581223)
(0.0187525 -0.00543928 0.00164217 -0.00543928 0.00960941 -0.00334118 0.00164217 -0.00334118 0.00605193)
(0.0145329 -0.00642584 -0.00104713 -0.00642584 0.00842424 -0.00305521 -0.00104713 -0.00305521 0.00622582)
(0.0101776 -0.00106783 -0.000444321 -0.00106783 0.00317182 -0.00183505 -0.000444321 -0.00183505 0.0134434)
(0.0159247 -0.0051632 0.000285259 -0.0051632 0.00899329 -0.00358682 0.000285259 -0.00358682 0.00883849)
(0.00929757 -0.00193237 1.29249e-05 -0.00193237 0.00881819 -0.00284735 1.29249e-05 -0.00284735 0.00589367)
(0.0105979 -0.000402241 0.00228761 -0.000402241 0.00825388 -0.00228287 0.00228761 -0.00228287 0.00453152)
(0.0186458 -0.00430681 0.00246818 -0.00430681 0.0107011 0.000681563 0.00246818 0.000681563 0.00875898)
(0.00447654 0.00032635 -0.000378531 0.00032635 0.0022569 -0.000952034 -0.000378531 -0.000952034 0.00254025)
(0.00334833 -0.000338942 0.000431165 -0.000338942 0.00140755 -8.15373e-06 0.000431165 -8.15373e-06 0.00112397)
(0.00695444 -0.00528997 -0.000895259 -0.00528997 0.0109671 0.000164782 -0.000895259 0.000164782 0.0061401)
(0.00209484 0.000687157 0.000533035 0.000687157 0.00210871 -1.27852e-05 0.000533035 -1.27852e-05 0.00127924)
(0.0132446 0.000180595 0.0015735 0.000180595 0.00703271 -0.00249161 0.0015735 -0.00249161 0.00695519)
(0.00970209 -3.51425e-05 0.00224468 -3.51425e-05 0.0070374 0.000385137 0.00224468 0.000385137 0.00587574)
(0.00751193 -0.000777155 -0.000565615 -0.000777155 0.006462 -0.000673747 -0.000565615 -0.000673747 0.00289385)
(0.0226214 -0.00172865 0.00380895 -0.00172865 0.00901761 -0.00323696 0.00380895 -0.00323696 0.00650351)
(0.0137672 -0.00392449 0.00241875 -0.00392449 0.00922632 -0.00100573 0.00241875 -0.00100573 0.00698904)
(0.00553175 -0.00095237 -0.001455 -0.00095237 0.0021342 0.000603133 -0.001455 0.000603133 0.00702941)
(0.00769421 -0.00342433 -0.000389162 -0.00342433 0.00960585 0.00122685 -0.000389162 0.00122685 0.00571561)
(0.0135739 -0.00133865 0.00237235 -0.00133865 0.00887148 -0.000489305 0.00237235 -0.000489305 0.00625608)
(0.0122009 -0.00114759 -0.0024962 -0.00114759 0.0071998 -0.00402938 -0.0024962 -0.00402938 0.00663173)
(0.00974911 -0.00533767 -0.00288968 -0.00533767 0.0117977 -0.00125935 -0.00288968 -0.00125935 0.00805279)
(0.0111779 -0.00481252 -0.000147474 -0.00481252 0.0114769 0.000796244 -0.000147474 0.000796244 0.00696415)
(0.00372929 -0.000884148 0.000869118 -0.000884148 0.00693631 -0.00132364 0.000869118 -0.00132364 0.00556195)
(0.00376252 -0.00208338 0.00130323 -0.00208338 0.00905919 -0.00233414 0.00130323 -0.00233414 0.00570206)
(0.0177319 0.00335834 0.00417552 0.00335834 0.00643008 0.0009462 0.00417552 0.0009462 0.00519458)
(0.010874 -0.00307815 0.00285759 -0.00307815 0.00693893 -0.00345467 0.00285759 -0.00345467 0.00477602)
(0.00795744 -0.00042987 -0.000630949 -0.00042987 0.00566954 -0.000560417 -0.000630949 -0.000560417 0.00177022)
(0.0127933 0.00169376 0.00306581 0.00169376 0.00659144 0.00135265 0.00306581 0.00135265 0.00685937)
(0.00295999 -0.000214639 0.000173669 -0.000214639 0.00635614 -0.00061925 0.000173669 -0.00061925 0.00227756)
(0.0109584 -0.0028769 0.00359297 -0.0028769 0.00906003 -0.00220286 0.00359297 -0.00220286 0.00580406)
(0.00110866 -0.00163243 -0.00104273 -0.00163243 0.00371614 0.00136018 -0.00104273 0.00136018 0.00238294)
(0.00223954 -0.000494505 -0.000358033 -0.000494505 0.00392917 0.000970905 -0.000358033 0.000970905 0.00140718)
(0.00694028 -0.0037517 -0.0011997 -0.0037517 0.00790172 -0.00321642 -0.0011997 -0.00321642 0.00507161)
(0.0108449 -0.00399529 -0.000540485 -0.00399529 0.0111025 -0.000841992 -0.000540485 -0.000841992 0.00822133)
(0.00735048 0.00061328 0.00053069 0.00061328 0.00470696 0.00066475 0.00053069 0.00066475 0.00621364)
(0.0179809 -7.70902e-05 0.0033496 -7.70902e-05 0.00888201 -0.00020703 0.0033496 -0.00020703 0.00325956)
(0.00606099 0.00113587 0.0013521 0.00113587 0.0064043 0.0013052 0.0013521 0.0013052 0.00316186)
(0.00769761 -0.00136711 0.00227073 -0.00136711 0.00714011 0.000598949 0.00227073 0.000598949 0.00577114)
(0.00971258 -0.000476989 0.00263811 -0.000476989 0.00677806 -0.00243593 0.00263811 -0.00243593 0.00542136)
(0.00548602 -0.004606 -0.000327594 -0.004606 0.00997468 0.00104778 -0.000327594 0.00104778 0.00641468)
(0.0140116 -0.000662229 0.00136026 -0.000662229 0.00659319 -0.00234521 0.00136026 -0.00234521 0.0050391)
(0.0153608 -0.00370953 0.00166246 -0.00370953 0.00671303 -0.00347374 0.00166246 -0.00347374 0.00526206)
(0.00823644 -0.00262003 -0.000544874 -0.00262003 0.00380479 -0.000997878 -0.000544874 -0.000997878 0.0124431)
(0.00746328 -0.00181013 0.000169185 -0.00181013 0.00563501 -0.0035964 0.000169185 -0.0035964 0.00628799)
(0.00602439 -0.0012473 -0.00113135 -0.0012473 0.00448761 -0.00262412 -0.00113135 -0.00262412 0.00554563)
(0.00110018 -0.00124311 0.000613628 -0.00124311 0.00638636 -0.00186679 0.000613628 -0.00186679 0.00490966)
(0.00736554 -0.00171018 0.00166854 -0.00171018 0.00460947 0.00062041 0.00166854 0.00062041 0.00899065)
(0.00586397 -0.000341653 0.000217028 -0.000341653 0.00612163 -0.00102217 0.000217028 -0.00102217 0.0061443)
(0.00677242 -0.00184908 0.00175988 -0.00184908 0.00809226 -0.00184635 0.00175988 -0.00184635 0.00644499)
(0.00604576 0.000152253 0.00166224 0.000152253 0.00731581 -0.00150313 0.00166224 -0.00150313 0.00499547)
(0.00402766 -0.00114894 0.0013127 -0.00114894 0.00705706 -0.00141356 0.0013127 -0.00141356 0.00445142)
(0.008766 -0.00264396 0.0017353 -0.00264396 0.00824105 -0.0024548 0.0017353 -0.0024548 0.00652542)
(0.00482872 0.000524246 0.000456482 0.000524246 0.00465337 0.00104599 0.000456482 0.00104599 0.00316312)
