/*--------------------------------*- C++ -*----------------------------------*\
  =========                 |
  \\      /  F ield         | OpenFOAM: The Open Source CFD Toolbox
   \\    /   O peration     | Website:  https://openfoam.org
    \\  /    A nd           | Version:  10
     \\/     M anipulation  |
\*---------------------------------------------------------------------------*/
FoamFile
{
    format      ascii;
    class       volTensorField;
    location    "17.5";
    object      TauNN;
}
// * * * * * * * * * * * * * * * * * * * * * * * * * * * * * * * * * * * * * //

dimensions      [0 2 -2 0 0 0 0];

internalField   nonuniform List<tensor> 
25600
(
(0.00141185 -0.0129773 -0.0151517 -0.0129773 0.000164179 -0.00815164 -0.0151517 -0.00815164 0.000114266)
(0.00146469 -0.0129811 -0.0151371 -0.0129811 0.000160786 -0.00815306 -0.0151371 -0.00815306 0.000114629)
(0.00148142 -0.0129834 -0.015135 -0.0129834 0.000160814 -0.00815451 -0.015135 -0.00815451 0.000113442)
(0.0014766 -0.0129795 -0.0151375 -0.0129795 0.000160204 -0.00815198 -0.0151375 -0.00815198 0.000115557)
(0.00148344 -0.0129808 -0.0151355 -0.0129808 0.000160186 -0.00815284 -0.0151355 -0.00815284 0.000114525)
(0.00148822 -0.0129761 -0.0151331 -0.0129761 0.000158141 -0.00814984 -0.0151331 -0.00814984 0.000116104)
(0.00146929 -0.0129691 -0.0151366 -0.0129691 0.000156392 -0.00814533 -0.0151366 -0.00814533 0.000119642)
(0.00148054 -0.0129819 -0.0151359 -0.0129819 0.000160452 -0.00815346 -0.0151359 -0.00815346 0.000114873)
(0.00148077 -0.0129795 -0.015137 -0.0129795 0.000160069 -0.00815199 -0.015137 -0.00815199 0.00011535)
(0.00143389 -0.0129755 -0.015146 -0.0129755 0.000161957 -0.00815015 -0.015146 -0.00815015 0.000115221)
(0.0014721 -0.0129783 -0.0151369 -0.0129783 0.000159796 -0.00815123 -0.0151369 -0.00815123 0.000115766)
(0.00149557 -0.0129808 -0.0151329 -0.0129808 0.000159407 -0.00815275 -0.0151329 -0.00815275 0.000114799)
(0.00150354 -0.0129777 -0.0151317 -0.0129777 0.000157828 -0.00815063 -0.0151317 -0.00815063 0.000116876)
(0.00145396 -0.0129715 -0.0151438 -0.0129715 0.000159566 -0.00814732 -0.0151438 -0.00814732 0.000117548)
(0.00149612 -0.0129746 -0.0151302 -0.0129746 0.00015647 -0.00814863 -0.0151302 -0.00814863 0.000118132)
(0.00150082 -0.0129737 -0.0151302 -0.0129737 0.000155838 -0.00814791 -0.0151302 -0.00814791 0.000119395)
(0.00148578 -0.0129792 -0.015134 -0.0129792 0.000159276 -0.00815178 -0.015134 -0.00815178 0.000115292)
(0.00149036 -0.0129798 -0.015134 -0.0129798 0.000159384 -0.00815214 -0.015134 -0.00815214 0.000115245)
(0.00148201 -0.0129735 -0.0151353 -0.0129735 0.000157629 -0.00814814 -0.0151353 -0.00814814 0.000117833)
(0.00148714 -0.0129756 -0.0151342 -0.0129756 0.000157954 -0.00814934 -0.0151342 -0.00814934 0.000117329)
(0.00148731 -0.0129761 -0.0151346 -0.0129761 0.000158278 -0.00814975 -0.0151346 -0.00814975 0.000116972)
(0.0014784 -0.0129752 -0.0151365 -0.0129752 0.000158551 -0.00814924 -0.0151365 -0.00814924 0.000117161)
(0.00146925 -0.0129806 -0.0151374 -0.0129806 0.000160638 -0.00815271 -0.0151374 -0.00815271 0.000114802)
(0.00145297 -0.0129831 -0.0151379 -0.0129831 0.000161719 -0.00815441 -0.0151379 -0.00815441 0.000113336)
(0.00146886 -0.0129807 -0.0151363 -0.0129807 0.000160649 -0.00815294 -0.0151363 -0.00815294 0.000113901)
(0.00149454 -0.0129776 -0.0151327 -0.0129776 0.000158205 -0.0081506 -0.0151327 -0.0081506 0.000116565)
(0.00148076 -0.0129803 -0.0151356 -0.0129803 0.000160137 -0.00815257 -0.0151356 -0.00815257 0.000114511)
(0.00148729 -0.0129773 -0.0151323 -0.0129773 0.000158416 -0.00815065 -0.0151323 -0.00815065 0.000115433)
(0.00149323 -0.0129764 -0.0151324 -0.0129764 0.000157558 -0.00814977 -0.0151324 -0.00814977 0.000117765)
(0.00150196 -0.0129809 -0.0151328 -0.0129809 0.000159278 -0.0081528 -0.0151328 -0.0081528 0.00011511)
(0.00148769 -0.0129769 -0.0151351 -0.0129769 0.000158792 -0.00815037 -0.0151351 -0.00815037 0.000116164)
(0.00146813 -0.0129736 -0.0151391 -0.0129736 0.000158902 -0.00814839 -0.0151391 -0.00814839 0.000117155)
(0.00147184 -0.0129785 -0.0151386 -0.0129785 0.000160151 -0.00815131 -0.0151386 -0.00815131 0.000116013)
(0.00145667 -0.0129809 -0.0151394 -0.0129809 0.000161319 -0.00815293 -0.0151394 -0.00815293 0.000114682)
(0.00148676 -0.0129823 -0.0151345 -0.0129823 0.000160281 -0.00815375 -0.0151345 -0.00815375 0.000114306)
(0.00149385 -0.0129778 -0.0151336 -0.0129778 0.000158513 -0.00815079 -0.0151336 -0.00815079 0.000116391)
(0.00144855 -0.0129752 -0.0151457 -0.0129752 0.000161128 -0.0081496 -0.0151457 -0.0081496 0.000116906)
(0.00143932 -0.0129788 -0.0151437 -0.0129788 0.000162152 -0.00815201 -0.0151437 -0.00815201 0.00011477)
(0.00147439 -0.0129813 -0.0151352 -0.0129813 0.000160447 -0.0081532 -0.0151352 -0.0081532 0.000113848)
(0.00148724 -0.0129837 -0.0151337 -0.0129837 0.000160752 -0.00815483 -0.0151337 -0.00815483 0.000112133)
(0.000114786 -0.0128128 -0.0154193 -0.0128128 7.8531e-05 -0.0081441 -0.0154193 -0.0081441 5.4543e-05)
(2.42855e-05 -0.0128395 -0.0154181 -0.0128395 0.000111121 -0.00811452 -0.0154181 -0.00811452 8.60824e-05)
(0.0002893 -0.0128565 -0.0153378 -0.0128565 0.000103718 -0.00812418 -0.0153378 -0.00812418 0.000103948)
(7.78049e-05 -0.0128014 -0.0154265 -0.0128014 4.16898e-05 -0.00813704 -0.0154265 -0.00813704 4.37123e-05)
(-3.32453e-05 -0.012817 -0.0154585 -0.012817 7.51065e-05 -0.00810801 -0.0154585 -0.00810801 7.54953e-05)
(-5.89917e-05 -0.0128162 -0.0154549 -0.0128162 6.53904e-05 -0.00810712 -0.0154549 -0.00810712 7.91081e-05)
(0.000265488 -0.0128443 -0.015426 -0.0128443 0.000135594 -0.0081474 -0.015426 -0.0081474 3.2275e-05)
(3.98018e-05 -0.0128006 -0.0154378 -0.0128006 4.04254e-05 -0.00811615 -0.0154378 -0.00811615 6.17953e-05)
(5.86117e-05 -0.0127938 -0.0154308 -0.0127938 2.39032e-05 -0.00812901 -0.0154308 -0.00812901 4.80873e-05)
(0.00018111 -0.0128313 -0.0154166 -0.0128313 0.000124649 -0.00815008 -0.0154166 -0.00815008 4.52694e-05)
(0.00012581 -0.0128358 -0.0154161 -0.0128358 0.000107373 -0.00814982 -0.0154161 -0.00814982 4.70705e-05)
(-8.58158e-05 -0.0128254 -0.0154578 -0.0128254 9.53409e-05 -0.00810722 -0.0154578 -0.00810722 8.11881e-05)
(-1.87536e-05 -0.0128131 -0.015453 -0.0128131 4.92694e-05 -0.00811885 -0.015453 -0.00811885 5.68386e-05)
(0.000300742 -0.0128431 -0.0154257 -0.0128431 0.000126451 -0.00814507 -0.0154257 -0.00814507 3.18972e-05)
(7.68433e-05 -0.0127984 -0.0154211 -0.0127984 2.51009e-05 -0.00812357 -0.0154211 -0.00812357 6.67238e-05)
(5.86191e-05 -0.0127946 -0.0154284 -0.0127946 2.45948e-05 -0.00813167 -0.0154284 -0.00813167 4.2831e-05)
(-0.000123633 -0.0128355 -0.0154385 -0.0128355 0.000110346 -0.00811002 -0.0154385 -0.00811002 8.36274e-05)
(-7.38197e-05 -0.0128197 -0.0154568 -0.0128197 7.55384e-05 -0.00811124 -0.0154568 -0.00811124 7.08369e-05)
(0.000129732 -0.0128153 -0.0154214 -0.0128153 9.79432e-05 -0.00814965 -0.0154214 -0.00814965 4.29016e-05)
(5.05868e-05 -0.0127963 -0.0154279 -0.0127963 2.53462e-05 -0.00811979 -0.0154279 -0.00811979 6.93055e-05)
(5.77118e-05 -0.0127959 -0.0154262 -0.0127959 2.28251e-05 -0.00812728 -0.0154262 -0.00812728 5.87566e-05)
(6.89507e-05 -0.0127989 -0.0154223 -0.0127989 2.49516e-05 -0.00812605 -0.0154223 -0.00812605 6.88583e-05)
(-7.80135e-05 -0.0128223 -0.0154592 -0.0128223 9.20244e-05 -0.00810252 -0.0154592 -0.00810252 8.37779e-05)
(9.38516e-05 -0.0128529 -0.0153909 -0.0128529 0.000100769 -0.00811288 -0.0153909 -0.00811288 9.71762e-05)
(-4.79213e-05 -0.012819 -0.0154584 -0.012819 7.79962e-05 -0.00810266 -0.0154584 -0.00810266 8.19894e-05)
(1.67873e-05 -0.012807 -0.0154461 -0.012807 4.85309e-05 -0.0081115 -0.0154461 -0.0081115 7.34199e-05)
(-0.00010659 -0.012833 -0.0154558 -0.012833 9.89182e-05 -0.00810502 -0.0154558 -0.00810502 8.3793e-05)
(8.54779e-05 -0.0128052 -0.0154209 -0.0128052 4.19791e-05 -0.00814126 -0.0154209 -0.00814126 6.17911e-05)
(6.8966e-05 -0.0127989 -0.0154252 -0.0127989 2.50971e-05 -0.00813066 -0.0154252 -0.00813066 4.40514e-05)
(6.94233e-05 -0.0128463 -0.0153961 -0.0128463 0.000112276 -0.00812 -0.0153961 -0.00812 9.17704e-05)
(9.44622e-05 -0.0127964 -0.0154264 -0.0127964 6.5349e-05 -0.00814511 -0.0154264 -0.00814511 4.5228e-05)
(0.000374754 -0.0128484 -0.0154308 -0.0128484 0.000124231 -0.00814368 -0.0154308 -0.00814368 2.74277e-05)
(8.94042e-05 -0.0128092 -0.0154219 -0.0128092 3.86482e-05 -0.00813168 -0.0154219 -0.00813168 5.8747e-05)
(-2.77684e-05 -0.0128195 -0.0154605 -0.0128195 8.49785e-05 -0.00810006 -0.0154605 -0.00810006 8.677e-05)
(-2.78728e-05 -0.0128439 -0.0154195 -0.0128439 0.000107508 -0.00811365 -0.0154195 -0.00811365 9.02739e-05)
(7.63031e-05 -0.0127934 -0.0154291 -0.0127934 3.61837e-05 -0.00813476 -0.0154291 -0.00813476 4.31582e-05)
(0.000250012 -0.0128401 -0.0154287 -0.0128401 0.000128075 -0.00814754 -0.0154287 -0.00814754 3.01354e-05)
(0.000211004 -0.0128562 -0.0154271 -0.0128562 0.000135093 -0.0081504 -0.0154271 -0.0081504 3.44371e-05)
(-5.2317e-05 -0.01282 -0.0154587 -0.01282 9.34758e-05 -0.00810077 -0.0154587 -0.00810077 8.46239e-05)
(0.000646344 -0.0128689 -0.015237 -0.0128689 9.0899e-05 -0.00813747 -0.015237 -0.00813747 0.000118056)
(1.88531e-05 -0.0128479 -0.0153838 -0.0128479 0.000108744 -0.00811348 -0.0153838 -0.00811348 9.80831e-05)
(0.000132475 -0.0128379 -0.0154094 -0.0128379 0.000114704 -0.00811912 -0.0154094 -0.00811912 8.70523e-05)
(3.74754e-05 -0.0128487 -0.0153866 -0.0128487 0.00011855 -0.00811887 -0.0153866 -0.00811887 9.40357e-05)
(3.29346e-05 -0.0127903 -0.0154308 -0.0127903 1.9696e-05 -0.0081257 -0.0154308 -0.0081257 5.17578e-05)
(-1.60546e-06 -0.012806 -0.0154484 -0.012806 5.81193e-05 -0.00811046 -0.0154484 -0.00811046 7.33687e-05)
(-0.000137219 -0.0128245 -0.0154582 -0.0128245 8.49233e-05 -0.0081065 -0.0154582 -0.0081065 7.94583e-05)
(1.91366e-05 -0.0127964 -0.0154279 -0.0127964 3.59874e-05 -0.00811163 -0.0154279 -0.00811163 8.21248e-05)
(6.3698e-05 -0.012797 -0.015423 -0.012797 2.23893e-05 -0.00812682 -0.015423 -0.00812682 4.77809e-05)
(5.59184e-05 -0.0127906 -0.0154304 -0.0127906 2.43673e-05 -0.00813115 -0.0154304 -0.00813115 4.6613e-05)
(5.33552e-05 -0.0127938 -0.0154203 -0.0127938 2.37414e-05 -0.00812672 -0.0154203 -0.00812672 7.53076e-05)
(0.000126354 -0.0128415 -0.0154153 -0.0128415 0.000121962 -0.00815281 -0.0154153 -0.00815281 4.63569e-05)
(7.55603e-05 -0.0128008 -0.0154213 -0.0128008 2.73032e-05 -0.00813209 -0.0154213 -0.00813209 4.98898e-05)
(6.51153e-05 -0.0127874 -0.0154327 -0.0127874 2.70828e-05 -0.00813036 -0.0154327 -0.00813036 3.20788e-05)
(6.11001e-05 -0.0127948 -0.0154244 -0.0127948 2.80022e-05 -0.00813428 -0.0154244 -0.00813428 5.67845e-05)
(9.31389e-05 -0.012804 -0.0154164 -0.012804 3.07868e-05 -0.00813259 -0.0154164 -0.00813259 7.01929e-05)
(7.29987e-05 -0.0128015 -0.0154296 -0.0128015 3.09277e-05 -0.00813312 -0.0154296 -0.00813312 3.86017e-05)
(-6.37224e-05 -0.012809 -0.0154485 -0.012809 7.33551e-05 -0.0081079 -0.0154485 -0.0081079 7.7932e-05)
(-5.1947e-05 -0.0128143 -0.015452 -0.0128143 5.86489e-05 -0.00811499 -0.015452 -0.00811499 6.33912e-05)
(5.12865e-05 -0.012792 -0.0154247 -0.012792 2.31365e-05 -0.00813033 -0.0154247 -0.00813033 5.58281e-05)
(1.88264e-05 -0.0127986 -0.0154364 -0.0127986 3.93909e-05 -0.00811456 -0.0154364 -0.00811456 7.2996e-05)
(3.6173e-05 -0.0127969 -0.0154322 -0.0127969 2.76081e-05 -0.0081171 -0.0154322 -0.0081171 7.04234e-05)
(-0.000117567 -0.012822 -0.0154613 -0.012822 9.60435e-05 -0.00809842 -0.0154613 -0.00809842 8.68103e-05)
(0.000145081 -0.0128375 -0.0154021 -0.0128375 0.000102919 -0.00811012 -0.0154021 -0.00811012 8.96068e-05)
(3.16599e-05 -0.0128428 -0.0154002 -0.0128428 0.000109643 -0.00811304 -0.0154002 -0.00811304 9.24212e-05)
(-5.82119e-05 -0.0128119 -0.015453 -0.0128119 6.5402e-05 -0.00810237 -0.015453 -0.00810237 8.6611e-05)
(-5.72176e-05 -0.0128156 -0.0154563 -0.0128156 7.65159e-05 -0.00810673 -0.0154563 -0.00810673 8.02517e-05)
(-6.31973e-05 -0.0128133 -0.0154548 -0.0128133 6.94479e-05 -0.00810711 -0.0154548 -0.00810711 7.69597e-05)
(0.000223565 -0.0128333 -0.0154167 -0.0128333 0.000129531 -0.00814786 -0.0154167 -0.00814786 4.46852e-05)
(8.64321e-05 -0.0128061 -0.0154208 -0.0128061 3.77915e-05 -0.00813845 -0.0154208 -0.00813845 4.69204e-05)
(-0.000111457 -0.0128207 -0.0154562 -0.0128207 8.61877e-05 -0.00811395 -0.0154562 -0.00811395 7.03463e-05)
(8.15401e-05 -0.0127855 -0.0154297 -0.0127855 4.72255e-05 -0.00814115 -0.0154297 -0.00814115 4.45033e-05)
(0.000199019 -0.0128316 -0.0154202 -0.0128316 0.000123805 -0.00814765 -0.0154202 -0.00814765 3.78544e-05)
(7.58427e-05 -0.0127979 -0.0154232 -0.0127979 3.13661e-05 -0.00811549 -0.0154232 -0.00811549 8.16928e-05)
(2.2503e-05 -0.0128286 -0.0154369 -0.0128286 0.000102145 -0.00810299 -0.0154369 -0.00810299 8.39448e-05)
(-9.16216e-05 -0.0128192 -0.0154568 -0.0128192 8.09142e-05 -0.00811226 -0.0154568 -0.00811226 7.15706e-05)
(8.85314e-05 -0.0127896 -0.0154286 -0.0127896 4.79019e-05 -0.0081405 -0.0154286 -0.0081405 4.55283e-05)
(3.83516e-05 -0.0127914 -0.0154239 -0.0127914 2.28551e-05 -0.00812317 -0.0154239 -0.00812317 7.94587e-05)
(9.46002e-05 -0.0128236 -0.0154194 -0.0128236 7.78879e-05 -0.00815241 -0.0154194 -0.00815241 4.8439e-05)
(0.000122972 -0.0128122 -0.015407 -0.0128122 3.78527e-05 -0.00813794 -0.015407 -0.00813794 6.59801e-05)
(0.0006692 -0.0128716 -0.0152323 -0.0128716 9.8712e-05 -0.00813935 -0.0152323 -0.00813935 0.000113887)
(0.000581792 -0.0128701 -0.0152571 -0.0128701 0.000107009 -0.00813554 -0.0152571 -0.00813554 0.000112554)
(-2.00211e-05 -0.012808 -0.0154506 -0.012808 7.55732e-05 -0.00811336 -0.0154506 -0.00811336 7.73761e-05)
(1.59771e-05 -0.0127892 -0.0154298 -0.0127892 2.1579e-05 -0.00812236 -0.0154298 -0.00812236 6.37158e-05)
(-0.000106337 -0.0128221 -0.015456 -0.0128221 7.81801e-05 -0.00811515 -0.015456 -0.00811515 6.81773e-05)
(4.69244e-05 -0.0127941 -0.0154266 -0.0127941 2.45941e-05 -0.00812081 -0.0154266 -0.00812081 6.37103e-05)
(1.60778e-05 -0.0127982 -0.0154367 -0.0127982 2.92644e-05 -0.00811672 -0.0154367 -0.00811672 6.95872e-05)
(0.000600424 -0.0128715 -0.0152643 -0.0128715 0.000111918 -0.00813739 -0.0152643 -0.00813739 0.000114305)
(8.90508e-06 -0.0127974 -0.0154359 -0.0127974 4.01232e-05 -0.00811745 -0.0154359 -0.00811745 6.34047e-05)
(5.43758e-05 -0.0127896 -0.0154286 -0.0127896 2.51341e-05 -0.00813293 -0.0154286 -0.00813293 5.16906e-05)
(-0.000128499 -0.0128204 -0.0154574 -0.0128204 8.59212e-05 -0.00810476 -0.0154574 -0.00810476 7.98275e-05)
(0.000106133 -0.0128239 -0.0154174 -0.0128239 8.34528e-05 -0.00815268 -0.0154174 -0.00815268 5.40015e-05)
(0.000170651 -0.0128417 -0.0154285 -0.0128417 0.000130313 -0.00814953 -0.0154285 -0.00814953 3.0341e-05)
(4.78492e-05 -0.0127872 -0.0154342 -0.0127872 2.05765e-05 -0.00812987 -0.0154342 -0.00812987 3.41314e-05)
(1.32398e-05 -0.0127937 -0.0154337 -0.0127937 2.90445e-05 -0.00812265 -0.0154337 -0.00812265 5.88782e-05)
(0.000113194 -0.0128167 -0.015415 -0.0128167 7.23311e-05 -0.00815139 -0.015415 -0.00815139 6.89402e-05)
(6.25702e-05 -0.0127982 -0.0154332 -0.0127982 2.33597e-05 -0.00812679 -0.0154332 -0.00812679 4.91806e-05)
(0.000190632 -0.0128442 -0.0154228 -0.0128442 0.000131833 -0.00815001 -0.0154228 -0.00815001 3.49947e-05)
(2.70493e-05 -0.0127943 -0.0154344 -0.0127943 2.18887e-05 -0.00812325 -0.0154344 -0.00812325 4.81657e-05)
(-5.15964e-05 -0.0128094 -0.0154481 -0.0128094 5.7123e-05 -0.00811337 -0.0154481 -0.00811337 7.11526e-05)
(4.46518e-05 -0.0127922 -0.0154256 -0.0127922 2.31165e-05 -0.00812357 -0.0154256 -0.00812357 6.3522e-05)
(2.81369e-05 -0.0127973 -0.0154334 -0.0127973 3.32708e-05 -0.00811502 -0.0154334 -0.00811502 7.36036e-05)
(2.4481e-05 -0.0128026 -0.0154364 -0.0128026 5.30379e-05 -0.00810415 -0.0154364 -0.00810415 0.0001015)
(3.7334e-05 -0.0128291 -0.0154301 -0.0128291 0.000105396 -0.00810548 -0.0154301 -0.00810548 8.50237e-05)
(-0.000177206 -0.0128231 -0.0154562 -0.0128231 9.77273e-05 -0.008106 -0.0154562 -0.008106 8.00806e-05)
(3.13705e-05 -0.0127933 -0.0154261 -0.0127933 2.63428e-05 -0.00811908 -0.0154261 -0.00811908 9.11254e-05)
(-1.08532e-05 -0.0128021 -0.0154409 -0.0128021 4.69508e-05 -0.00811316 -0.0154409 -0.00811316 7.5215e-05)
(4.51848e-05 -0.0127891 -0.0154258 -0.0127891 2.39852e-05 -0.00813283 -0.0154258 -0.00813283 5.74139e-05)
(0.000140542 -0.0128175 -0.0154167 -0.0128175 0.000106988 -0.0081515 -0.0154167 -0.0081515 5.2569e-05)
(0.000108599 -0.0128109 -0.0154131 -0.0128109 4.42999e-05 -0.00814241 -0.0154131 -0.00814241 7.05832e-05)
(5.84506e-05 -0.0127955 -0.015426 -0.0127955 2.79814e-05 -0.00813401 -0.015426 -0.00813401 4.63192e-05)
(5.98592e-05 -0.0127813 -0.0154327 -0.0127813 2.36719e-05 -0.00813253 -0.0154327 -0.00813253 4.28911e-05)
(8.85671e-05 -0.0128051 -0.0154208 -0.0128051 6.41475e-05 -0.00814973 -0.0154208 -0.00814973 6.10289e-05)
(6.92704e-05 -0.0127942 -0.0154214 -0.0127942 4.35116e-05 -0.00811001 -0.0154214 -0.00811001 9.60616e-05)
(-8.35008e-05 -0.0128217 -0.0154562 -0.0128217 0.000106189 -0.00809947 -0.0154562 -0.00809947 8.16549e-05)
(3.2597e-05 -0.0127892 -0.0154306 -0.0127892 2.01851e-05 -0.00812765 -0.0154306 -0.00812765 4.63175e-05)
(6.36384e-05 -0.012787 -0.0154291 -0.012787 2.70464e-05 -0.00813497 -0.0154291 -0.00813497 5.78035e-05)
(-3.18886e-05 -0.0128017 -0.0154373 -0.0128017 4.51828e-05 -0.00810775 -0.0154373 -0.00810775 9.61785e-05)
(-8.25378e-05 -0.0128267 -0.0154422 -0.0128267 0.000116142 -0.00810795 -0.0154422 -0.00810795 8.30862e-05)
(0.000112015 -0.0128388 -0.0154138 -0.0128388 0.000104504 -0.00815576 -0.0154138 -0.00815576 5.30013e-05)
(0.000341682 -0.012849 -0.0153479 -0.012849 0.000105969 -0.00811895 -0.0153479 -0.00811895 9.47882e-05)
(0.00043588 -0.0128666 -0.0152907 -0.0128666 0.000114067 -0.0081304 -0.0152907 -0.0081304 0.000110066)
(2.39424e-05 -0.0127994 -0.015437 -0.0127994 3.50455e-05 -0.00811535 -0.015437 -0.00811535 7.21375e-05)
(0.000191563 -0.0128227 -0.0154162 -0.0128227 0.000121285 -0.00814718 -0.0154162 -0.00814718 4.51486e-05)
(-0.000137555 -0.0128399 -0.0154345 -0.0128399 0.000113746 -0.00811623 -0.0154345 -0.00811623 8.1387e-05)
(7.27235e-05 -0.0128005 -0.0154215 -0.0128005 4.05785e-05 -0.0081421 -0.0154215 -0.0081421 6.15377e-05)
(0.000136612 -0.012824 -0.0154211 -0.012824 0.00010637 -0.00815002 -0.0154211 -0.00815002 4.15008e-05)
(0.000757416 -0.0128854 -0.015241 -0.0128854 0.000118693 -0.00814498 -0.015241 -0.00814498 0.000126855)
(-0.000172306 -0.0128382 -0.0154421 -0.0128382 0.000114238 -0.00811606 -0.0154421 -0.00811606 7.47799e-05)
(-1.29848e-06 -0.0127956 -0.0154358 -0.0127956 3.03725e-05 -0.00811744 -0.0154358 -0.00811744 6.85222e-05)
(-0.000182751 -0.012832 -0.015447 -0.012832 0.000109025 -0.00810886 -0.015447 -0.00810886 8.32662e-05)
(6.72327e-05 -0.0127966 -0.0154181 -0.0127966 2.72926e-05 -0.008133 -0.0154181 -0.008133 6.69946e-05)
(0.000134682 -0.0128384 -0.015428 -0.0128384 0.000124963 -0.00815006 -0.015428 -0.00815006 3.11338e-05)
(-1.89318e-05 -0.012803 -0.0154451 -0.012803 4.14618e-05 -0.00812888 -0.0154451 -0.00812888 4.7064e-05)
(3.90643e-05 -0.0127876 -0.0154223 -0.0127876 2.45986e-05 -0.00813058 -0.0154223 -0.00813058 6.36716e-05)
(0.000115902 -0.0128189 -0.0154121 -0.0128189 8.30758e-05 -0.00815515 -0.0154121 -0.00815515 7.53353e-05)
(4.90903e-05 -0.0127962 -0.0154339 -0.0127962 2.22022e-05 -0.0081253 -0.0154339 -0.0081253 4.94995e-05)
(0.000540008 -0.0128634 -0.0154341 -0.0128634 0.000121904 -0.0081447 -0.0154341 -0.0081447 3.43356e-05)
(0.000117783 -0.0128216 -0.0154243 -0.0128216 0.000100052 -0.00814872 -0.0154243 -0.00814872 3.30805e-05)
(-0.000113549 -0.0128192 -0.0154549 -0.0128192 8.1342e-05 -0.00811146 -0.0154549 -0.00811146 7.47762e-05)
(1.8941e-05 -0.0127932 -0.0154278 -0.0127932 3.10388e-05 -0.00811676 -0.0154278 -0.00811676 7.81862e-05)
(2.08298e-05 -0.0127953 -0.0154315 -0.0127953 3.16488e-05 -0.00811588 -0.0154315 -0.00811588 7.34059e-05)
(0.000116184 -0.0128128 -0.0154074 -0.0128128 6.23994e-05 -0.00815428 -0.0154074 -0.00815428 0.000103431)
(-8.5021e-05 -0.0128111 -0.0154523 -0.0128111 9.03521e-05 -0.00810253 -0.0154523 -0.00810253 8.78223e-05)
(-8.46774e-05 -0.0128109 -0.0154494 -0.0128109 6.28567e-05 -0.00810832 -0.0154494 -0.00810832 7.72901e-05)
(4.93911e-05 -0.0127884 -0.0154227 -0.0127884 2.64529e-05 -0.00813407 -0.0154227 -0.00813407 7.70925e-05)
(4.12398e-05 -0.012789 -0.0154229 -0.012789 2.35899e-05 -0.00812906 -0.0154229 -0.00812906 5.97804e-05)
(-6.61874e-05 -0.0128084 -0.0154479 -0.0128084 5.51033e-05 -0.00810782 -0.0154479 -0.00810782 7.78765e-05)
(9.44634e-06 -0.0127968 -0.0154348 -0.0127968 3.11414e-05 -0.00811744 -0.0154348 -0.00811744 6.46691e-05)
(0.000103334 -0.0127994 -0.0154086 -0.0127994 2.88674e-05 -0.00812711 -0.0154086 -0.00812711 9.61399e-05)
(0.000163524 -0.0128282 -0.0154173 -0.0128282 0.000119315 -0.00814981 -0.0154173 -0.00814981 4.44272e-05)
(5.0645e-06 -0.0128013 -0.0154451 -0.0128013 2.94648e-05 -0.00812093 -0.0154451 -0.00812093 5.05391e-05)
(5.33854e-05 -0.0127895 -0.0154176 -0.0127895 2.58785e-05 -0.00813151 -0.0154176 -0.00813151 7.43594e-05)
(9.80519e-05 -0.0127914 -0.0154051 -0.0127914 3.5394e-05 -0.00811599 -0.0154051 -0.00811599 0.000104195)
(-7.67696e-05 -0.0128101 -0.015454 -0.0128101 7.9637e-05 -0.00809866 -0.015454 -0.00809866 9.44961e-05)
(6.07455e-05 -0.0127889 -0.0154282 -0.0127889 3.65073e-05 -0.00814048 -0.0154282 -0.00814048 4.68379e-05)
(4.40852e-05 -0.0127874 -0.0154293 -0.0127874 2.09656e-05 -0.00812934 -0.0154293 -0.00812934 5.63052e-05)
(3.3219e-05 -0.0127878 -0.0154171 -0.0127878 2.65774e-05 -0.00812509 -0.0154171 -0.00812509 7.88896e-05)
(-9.28617e-05 -0.0128229 -0.0154487 -0.0128229 0.000109505 -0.00810367 -0.0154487 -0.00810367 8.36515e-05)
(0.000139807 -0.0128006 -0.0153983 -0.0128006 2.93167e-05 -0.00812951 -0.0153983 -0.00812951 7.88608e-05)
(-2.32474e-05 -0.0128034 -0.0154398 -0.0128034 6.54902e-05 -0.00810133 -0.0154398 -0.00810133 0.000102045)
(-0.000212498 -0.0128372 -0.0154486 -0.0128372 0.000108785 -0.0081129 -0.0154486 -0.0081129 7.55096e-05)
(3.32091e-05 -0.0127912 -0.0154306 -0.0127912 2.14451e-05 -0.00812269 -0.0154306 -0.00812269 6.94691e-05)
(0.000126649 -0.0128106 -0.0154117 -0.0128106 9.49565e-05 -0.00815111 -0.0154117 -0.00815111 7.27722e-05)
(-0.000157831 -0.012824 -0.015456 -0.012824 9.54825e-05 -0.00810731 -0.015456 -0.00810731 7.99935e-05)
(3.92204e-05 -0.0127888 -0.015423 -0.0127888 2.50398e-05 -0.00812971 -0.015423 -0.00812971 9.59838e-05)
(0.000259817 -0.0128524 -0.0154292 -0.0128524 0.000128537 -0.00814542 -0.0154292 -0.00814542 3.00061e-05)
(-7.08733e-05 -0.0128172 -0.015452 -0.0128172 9.41958e-05 -0.00811197 -0.015452 -0.00811197 8.07555e-05)
(-0.000199754 -0.0128411 -0.0154421 -0.0128411 0.000114056 -0.00811529 -0.0154421 -0.00811529 7.54538e-05)
(2.15705e-05 -0.0127876 -0.0154308 -0.0127876 2.08157e-05 -0.00812663 -0.0154308 -0.00812663 5.18068e-05)
(-0.000194806 -0.0128278 -0.0154542 -0.0128278 0.000103415 -0.0081055 -0.0154542 -0.0081055 8.3078e-05)
(-8.25956e-06 -0.0128004 -0.0154369 -0.0128004 4.18011e-05 -0.00810915 -0.0154369 -0.00810915 8.54563e-05)
(9.59224e-05 -0.012826 -0.0154233 -0.012826 9.19258e-05 -0.00815083 -0.0154233 -0.00815083 3.85162e-05)
(5.23079e-05 -0.0127891 -0.0154317 -0.0127891 3.57978e-05 -0.00813593 -0.0154317 -0.00813593 3.26988e-05)
(-2.55782e-05 -0.0127988 -0.0154344 -0.0127988 3.97399e-05 -0.00811089 -0.0154344 -0.00811089 8.7345e-05)
(7.45023e-05 -0.0127938 -0.0154112 -0.0127938 2.63596e-05 -0.00812345 -0.0154112 -0.00812345 8.96363e-05)
(6.29963e-05 -0.0127962 -0.0154292 -0.0127962 2.9803e-05 -0.00813274 -0.0154292 -0.00813274 4.09295e-05)
(6.72584e-05 -0.0127974 -0.0154195 -0.0127974 2.70699e-05 -0.00813215 -0.0154195 -0.00813215 7.10621e-05)
(0.000143664 -0.0128394 -0.0154259 -0.0128394 0.000126303 -0.00815072 -0.0154259 -0.00815072 3.11107e-05)
(-1.07899e-05 -0.012803 -0.0154407 -0.012803 4.93148e-05 -0.00811181 -0.0154407 -0.00811181 7.63234e-05)
(4.6626e-05 -0.0127908 -0.0154174 -0.0127908 2.613e-05 -0.00812528 -0.0154174 -0.00812528 9.78894e-05)
(-3.62997e-06 -0.0127979 -0.0154363 -0.0127979 3.74089e-05 -0.00811347 -0.0154363 -0.00811347 7.5643e-05)
(8.20408e-05 -0.0127924 -0.0154063 -0.0127924 2.87464e-05 -0.00812432 -0.0154063 -0.00812432 9.77802e-05)
(7.48229e-05 -0.0127912 -0.0154104 -0.0127912 2.96972e-05 -0.00811886 -0.0154104 -0.00811886 8.72479e-05)
(4.54024e-05 -0.0127881 -0.0154234 -0.0127881 2.65016e-05 -0.00813341 -0.0154234 -0.00813341 8.27678e-05)
(5.53373e-05 -0.0127876 -0.0154277 -0.0127876 3.23687e-05 -0.00813876 -0.0154277 -0.00813876 4.99335e-05)
(7.671e-05 -0.0127997 -0.015421 -0.0127997 4.0715e-05 -0.00814235 -0.015421 -0.00814235 5.69387e-05)
(-0.000219751 -0.012827 -0.0154597 -0.012827 0.000107594 -0.00809895 -0.0154597 -0.00809895 8.57196e-05)
(-0.000165873 -0.012829 -0.0154543 -0.012829 9.83125e-05 -0.00811239 -0.0154543 -0.00811239 7.36843e-05)
(5.59001e-05 -0.0127987 -0.0154246 -0.0127987 3.62802e-05 -0.00811222 -0.0154246 -0.00811222 0.000102948)
(0.000146081 -0.0128213 -0.0154066 -0.0128213 0.000106914 -0.00814997 -0.0154066 -0.00814997 7.45187e-05)
(-3.4886e-05 -0.0128112 -0.0154504 -0.0128112 4.71137e-05 -0.00812283 -0.0154504 -0.00812283 5.24892e-05)
(4.00397e-05 -0.0127887 -0.0154218 -0.0127887 2.364e-05 -0.00812714 -0.0154218 -0.00812714 6.77836e-05)
(0.000132006 -0.0128091 -0.0154008 -0.0128091 4.64995e-05 -0.00814857 -0.0154008 -0.00814857 0.000110373)
(8.34717e-05 -0.0127979 -0.0154115 -0.0127979 3.02483e-05 -0.00813424 -0.0154115 -0.00813424 9.85936e-05)
(0.00010354 -0.0127973 -0.0154222 -0.0127973 7.06406e-05 -0.00815309 -0.0154222 -0.00815309 7.54847e-05)
(1.62627e-05 -0.0127891 -0.0154319 -0.0127891 2.22745e-05 -0.00812403 -0.0154319 -0.00812403 5.60978e-05)
(3.92792e-05 -0.0127887 -0.015424 -0.0127887 2.58429e-05 -0.0081325 -0.015424 -0.0081325 4.88422e-05)
(3.06194e-05 -0.0127914 -0.0154198 -0.0127914 3.32186e-05 -0.0081139 -0.0154198 -0.0081139 9.58615e-05)
(0.000141389 -0.012794 -0.0154049 -0.012794 3.81347e-05 -0.00811344 -0.0154049 -0.00811344 9.50091e-05)
(0.000129898 -0.0128293 -0.0153908 -0.0128293 0.000110533 -0.00815114 -0.0153908 -0.00815114 0.000107347)
(3.11372e-05 -0.0127843 -0.0154301 -0.0127843 2.05876e-05 -0.00813158 -0.0154301 -0.00813158 4.39749e-05)
(6.81676e-05 -0.0127893 -0.0154254 -0.0127893 4.0639e-05 -0.0081446 -0.0154254 -0.0081446 7.01754e-05)
(1.86761e-05 -0.0127932 -0.0154275 -0.0127932 2.8931e-05 -0.00811527 -0.0154275 -0.00811527 9.0992e-05)
(-3.09232e-05 -0.0128035 -0.0154427 -0.0128035 5.03362e-05 -0.00810601 -0.0154427 -0.00810601 8.97612e-05)
(-6.48792e-05 -0.0128081 -0.015451 -0.0128081 5.00822e-05 -0.00810484 -0.015451 -0.00810484 9.87459e-05)
(0.00010304 -0.0128184 -0.0154208 -0.0128184 7.21239e-05 -0.00814884 -0.0154208 -0.00814884 5.00367e-05)
(0.000215476 -0.0128543 -0.0154003 -0.0128543 0.000135915 -0.00814202 -0.0154003 -0.00814202 7.29484e-05)
(-0.000127592 -0.0128213 -0.0154557 -0.0128213 7.61719e-05 -0.00810932 -0.0154557 -0.00810932 7.37661e-05)
(0.000136003 -0.0128124 -0.0154236 -0.0128124 0.000108329 -0.00814938 -0.0154236 -0.00814938 3.86289e-05)
(-0.000129376 -0.0128337 -0.015436 -0.0128337 0.000112884 -0.00810956 -0.015436 -0.00810956 8.5297e-05)
(-0.000142953 -0.0128391 -0.0154263 -0.0128391 0.00011721 -0.00811211 -0.0154263 -0.00811211 8.75653e-05)
(0.000180553 -0.0128359 -0.0154173 -0.0128359 0.000125805 -0.00814897 -0.0154173 -0.00814897 4.13244e-05)
(0.000214041 -0.0128328 -0.0154286 -0.0128328 0.000125942 -0.00814707 -0.0154286 -0.00814707 3.08644e-05)
(-0.000141964 -0.0128353 -0.0154375 -0.0128353 0.000113831 -0.00811245 -0.0154375 -0.00811245 8.27829e-05)
(-7.66631e-05 -0.0128102 -0.0154507 -0.0128102 7.47786e-05 -0.0081029 -0.0154507 -0.0081029 8.9091e-05)
(5.09018e-05 -0.0127932 -0.0154281 -0.0127932 2.15113e-05 -0.00812854 -0.0154281 -0.00812854 5.01436e-05)
(0.000303226 -0.0128507 -0.0153472 -0.0128507 0.000108856 -0.00812391 -0.0153472 -0.00812391 0.000101087)
(3.87621e-05 -0.0127933 -0.0154308 -0.0127933 2.4411e-05 -0.0081268 -0.0154308 -0.0081268 4.40916e-05)
(5.41665e-05 -0.0127933 -0.0154197 -0.0127933 2.45328e-05 -0.00812255 -0.0154197 -0.00812255 7.4305e-05)
(9.94489e-05 -0.0128031 -0.0154131 -0.0128031 5.35353e-05 -0.00815141 -0.0154131 -0.00815141 0.00010457)
(-0.000137291 -0.0128194 -0.0154557 -0.0128194 9.45928e-05 -0.00810657 -0.0154557 -0.00810657 8.06182e-05)
(-0.000102126 -0.0128206 -0.0154502 -0.0128206 0.000106837 -0.00810557 -0.0154502 -0.00810557 8.29672e-05)
(8.22864e-05 -0.0127987 -0.0154122 -0.0127987 3.18808e-05 -0.00813706 -0.0154122 -0.00813706 7.70922e-05)
(0.000121146 -0.0128008 -0.0154133 -0.0128008 8.72377e-05 -0.00815388 -0.0154133 -0.00815388 9.1117e-05)
(6.27552e-05 -0.0127898 -0.0154303 -0.0127898 4.12999e-05 -0.00813843 -0.0154303 -0.00813843 3.62447e-05)
(9.3909e-05 -0.0128092 -0.015419 -0.0128092 5.37101e-05 -0.00814675 -0.015419 -0.00814675 5.92958e-05)
(-3.43602e-05 -0.0128083 -0.0154498 -0.0128083 5.79919e-05 -0.0081016 -0.0154498 -0.0081016 0.000106416)
(-0.00010162 -0.0128183 -0.0154557 -0.0128183 7.2418e-05 -0.00810987 -0.0154557 -0.00810987 7.31447e-05)
(3.85678e-05 -0.0127959 -0.015425 -0.0127959 3.1797e-05 -0.00811455 -0.015425 -0.00811455 0.000100666)
(6.03337e-05 -0.0127954 -0.0154201 -0.0127954 2.81495e-05 -0.00812916 -0.0154201 -0.00812916 0.000108019)
(4.81951e-06 -0.0127956 -0.0154416 -0.0127956 2.64902e-05 -0.00812493 -0.0154416 -0.00812493 4.68011e-05)
(3.92497e-05 -0.0127897 -0.0154221 -0.0127897 2.31608e-05 -0.00812487 -0.0154221 -0.00812487 7.39735e-05)
(0.000126346 -0.0128096 -0.0154027 -0.0128096 4.7228e-05 -0.00814857 -0.0154027 -0.00814857 0.000105454)
(9.62733e-05 -0.0128095 -0.0154138 -0.0128095 5.65642e-05 -0.00815028 -0.0154138 -0.00815028 8.56936e-05)
(0.000122125 -0.0128023 -0.0154142 -0.0128023 8.31741e-05 -0.00815283 -0.0154142 -0.00815283 8.53668e-05)
(2.33455e-05 -0.0127863 -0.0154283 -0.0127863 2.23803e-05 -0.00812812 -0.0154283 -0.00812812 5.18672e-05)
(-2.21814e-05 -0.0128021 -0.0154438 -0.0128021 5.03663e-05 -0.00812669 -0.0154438 -0.00812669 5.75831e-05)
(4.29317e-05 -0.0127878 -0.0154148 -0.0127878 2.60805e-05 -0.00812361 -0.0154148 -0.00812361 7.90291e-05)
(7.34137e-05 -0.0128028 -0.0154334 -0.0128028 6.85106e-05 -0.00810357 -0.0154334 -0.00810357 9.959e-05)
(0.000303585 -0.012857 -0.0154044 -0.012857 0.000135156 -0.00814012 -0.0154044 -0.00814012 7.09729e-05)
(0.000154318 -0.0128179 -0.0154256 -0.0128179 0.000115165 -0.00814778 -0.0154256 -0.00814778 3.38914e-05)
(9.297e-05 -0.0127991 -0.0154192 -0.0127991 7.03887e-05 -0.00815437 -0.0154192 -0.00815437 7.85226e-05)
(2.12996e-05 -0.0127909 -0.0154236 -0.0127909 2.85974e-05 -0.00811624 -0.0154236 -0.00811624 8.79402e-05)
(-1.67733e-05 -0.0128003 -0.0154386 -0.0128003 4.30392e-05 -0.00810831 -0.0154386 -0.00810831 8.86748e-05)
(-1.91251e-05 -0.0127977 -0.0154395 -0.0127977 3.43292e-05 -0.00811354 -0.0154395 -0.00811354 0.000104606)
(-0.000114009 -0.0128346 -0.0154488 -0.0128346 0.000107803 -0.0081218 -0.0154488 -0.0081218 7.3467e-05)
(0.000182859 -0.0128494 -0.0153953 -0.0128494 0.000133813 -0.00814243 -0.0153953 -0.00814243 7.8878e-05)
(2.63732e-06 -0.0127918 -0.0154361 -0.0127918 2.3198e-05 -0.00812273 -0.0154361 -0.00812273 4.95924e-05)
(5.89594e-05 -0.012792 -0.0154195 -0.012792 2.94385e-05 -0.00813658 -0.0154195 -0.00813658 8.39622e-05)
(-8.50191e-05 -0.0128222 -0.01545 -0.0128222 0.000103442 -0.00811459 -0.01545 -0.00811459 7.85308e-05)
(-0.000133482 -0.0128498 -0.0154055 -0.0128498 0.000122487 -0.00811707 -0.0154055 -0.00811707 9.11278e-05)
(0.000110785 -0.0128041 -0.0154228 -0.0128041 7.38585e-05 -0.00814858 -0.0154228 -0.00814858 5.2524e-05)
(0.000101418 -0.0128186 -0.0154219 -0.0128186 6.55463e-05 -0.0081452 -0.0154219 -0.0081452 4.49312e-05)
(-6.85433e-05 -0.0128343 -0.0154466 -0.0128343 0.000105998 -0.00811557 -0.0154466 -0.00811557 7.9792e-05)
(-7.15069e-06 -0.012803 -0.0154397 -0.012803 4.69618e-05 -0.00810718 -0.0154397 -0.00810718 8.80838e-05)
(-4.51675e-05 -0.0128085 -0.0154494 -0.0128085 7.126e-05 -0.00811306 -0.0154494 -0.00811306 7.60651e-05)
(0.00015928 -0.0128506 -0.0153952 -0.0128506 0.000119443 -0.00813022 -0.0153952 -0.00813022 8.95249e-05)
(-0.000131882 -0.0128473 -0.0154397 -0.0128473 0.000118862 -0.00813237 -0.0154397 -0.00813237 6.5434e-05)
(5.38791e-05 -0.0127916 -0.0154231 -0.0127916 2.68135e-05 -0.00813421 -0.0154231 -0.00813421 5.60712e-05)
(6.72053e-05 -0.0127933 -0.0154146 -0.0127933 2.4871e-05 -0.00812736 -0.0154146 -0.00812736 7.81586e-05)
(6.70355e-05 -0.012835 -0.015415 -0.012835 0.000108576 -0.00811161 -0.015415 -0.00811161 8.78761e-05)
(-0.000118934 -0.0128289 -0.0154443 -0.0128289 0.000111091 -0.00811229 -0.0154443 -0.00811229 8.12574e-05)
(6.52404e-05 -0.0127937 -0.0154171 -0.0127937 2.87651e-05 -0.00813523 -0.0154171 -0.00813523 8.08919e-05)
(6.33303e-05 -0.0127898 -0.0154246 -0.0127898 3.58142e-05 -0.00814316 -0.0154246 -0.00814316 8.44872e-05)
(5.73146e-05 -0.0127889 -0.0154319 -0.0127889 3.54425e-05 -0.00813544 -0.0154319 -0.00813544 3.27222e-05)
(8.72384e-05 -0.0128017 -0.0154161 -0.0128017 3.41095e-05 -0.00813772 -0.0154161 -0.00813772 6.56192e-05)
(6.06234e-05 -0.0127975 -0.0154221 -0.0127975 3.22937e-05 -0.00812655 -0.0154221 -0.00812655 0.000121654)
(-7.5994e-07 -0.0127991 -0.0154383 -0.0127991 3.25167e-05 -0.00811381 -0.0154383 -0.00811381 7.30909e-05)
(4.76026e-05 -0.0127914 -0.0154184 -0.0127914 2.53134e-05 -0.00812283 -0.0154184 -0.00812283 9.14968e-05)
(1.28322e-05 -0.0127988 -0.0154319 -0.0127988 3.8186e-05 -0.00811227 -0.0154319 -0.00811227 0.00010992)
(3.91338e-05 -0.0127851 -0.0154323 -0.0127851 1.94258e-05 -0.00812926 -0.0154323 -0.00812926 5.01455e-05)
(1.99319e-05 -0.0127909 -0.0154257 -0.0127909 2.64528e-05 -0.00811962 -0.0154257 -0.00811962 7.69027e-05)
(9.24269e-05 -0.0127908 -0.0154004 -0.0127908 3.04051e-05 -0.00812362 -0.0154004 -0.00812362 9.81771e-05)
(5.83928e-05 -0.012793 -0.0154182 -0.012793 2.78176e-05 -0.00813515 -0.0154182 -0.00813515 6.91478e-05)
(5.98684e-05 -0.0127896 -0.0154246 -0.0127896 2.96166e-05 -0.00813768 -0.0154246 -0.00813768 7.70274e-05)
(5.03191e-05 -0.0127899 -0.0154229 -0.0127899 2.63453e-05 -0.00813328 -0.0154229 -0.00813328 5.88464e-05)
(-5.39153e-05 -0.0128129 -0.0154526 -0.0128129 7.30292e-05 -0.0081241 -0.0154526 -0.0081241 6.40279e-05)
(4.76733e-05 -0.0127893 -0.0154188 -0.0127893 2.38843e-05 -0.00812407 -0.0154188 -0.00812407 7.00084e-05)
(-3.34563e-05 -0.0128117 -0.0154555 -0.0128117 8.72275e-05 -0.00809862 -0.0154555 -0.00809862 9.24072e-05)
(0.000209337 -0.0128434 -0.0154054 -0.0128434 0.000132503 -0.00814437 -0.0154054 -0.00814437 5.90104e-05)
(0.000230006 -0.012829 -0.0154329 -0.012829 0.00012579 -0.00814526 -0.0154329 -0.00814526 2.91249e-05)
(8.54102e-05 -0.0128023 -0.0154173 -0.0128023 6.45078e-05 -0.00815521 -0.0154173 -0.00815521 8.5097e-05)
(7.01148e-05 -0.0127949 -0.0154126 -0.0127949 3.2045e-05 -0.00813873 -0.0154126 -0.00813873 9.26985e-05)
(3.31272e-05 -0.0127907 -0.0154227 -0.0127907 2.39525e-05 -0.00812108 -0.0154227 -0.00812108 8.30245e-05)
(4.97108e-06 -0.0127918 -0.0154288 -0.0127918 2.9268e-05 -0.0081194 -0.0154288 -0.0081194 0.000103461)
(-2.01635e-06 -0.01285 -0.0154125 -0.01285 0.000118648 -0.00812824 -0.0154125 -0.00812824 8.5183e-05)
(9.28479e-05 -0.0127994 -0.0154119 -0.0127994 2.75342e-05 -0.00812939 -0.0154119 -0.00812939 7.84183e-05)
(6.51402e-05 -0.012796 -0.0154234 -0.012796 4.01893e-05 -0.00814258 -0.0154234 -0.00814258 6.36626e-05)
(-0.000149981 -0.0128274 -0.0154526 -0.0128274 0.000102387 -0.00811323 -0.0154526 -0.00811323 7.483e-05)
(6.84208e-05 -0.012798 -0.0154236 -0.012798 3.36509e-05 -0.0081377 -0.0154236 -0.0081377 4.55197e-05)
(-0.000216772 -0.0128338 -0.0154535 -0.0128338 0.000102899 -0.00810488 -0.0154535 -0.00810488 8.35803e-05)
(-9.4702e-05 -0.012819 -0.0154542 -0.012819 7.22199e-05 -0.00811921 -0.0154542 -0.00811921 5.86777e-05)
(3.13062e-05 -0.0127956 -0.0154369 -0.0127956 4.97743e-05 -0.00811622 -0.0154369 -0.00811622 7.11001e-05)
(-5.3766e-05 -0.012814 -0.0154556 -0.012814 7.90821e-05 -0.00810565 -0.0154556 -0.00810565 8.1862e-05)
(6.43937e-05 -0.0127964 -0.0154208 -0.0127964 2.49993e-05 -0.00812954 -0.0154208 -0.00812954 6.96484e-05)
(-7.249e-05 -0.0128131 -0.0154526 -0.0128131 8.80009e-05 -0.00811055 -0.0154526 -0.00811055 7.8621e-05)
(4.27795e-06 -0.0127962 -0.0154398 -0.0127962 3.78859e-05 -0.00812483 -0.0154398 -0.00812483 5.62481e-05)
(-5.81978e-05 -0.0128176 -0.0154533 -0.0128176 6.24781e-05 -0.00812917 -0.0154533 -0.00812917 5.08735e-05)
(6.16519e-05 -0.0127918 -0.0154307 -0.0127918 4.18824e-05 -0.00813728 -0.0154307 -0.00813728 3.14475e-05)
(6.77734e-05 -0.0127929 -0.0154196 -0.0127929 3.33475e-05 -0.00811701 -0.0154196 -0.00811701 7.57332e-05)
(-2.34841e-05 -0.0128285 -0.0154397 -0.0128285 0.000104427 -0.00810515 -0.0154397 -0.00810515 8.52067e-05)
(-3.5994e-05 -0.012808 -0.0154481 -0.012808 5.46681e-05 -0.00811818 -0.0154481 -0.00811818 6.19363e-05)
(6.73346e-05 -0.012794 -0.0154199 -0.012794 3.31491e-05 -0.00813942 -0.0154199 -0.00813942 7.66781e-05)
(6.03901e-07 -0.0127996 -0.0154398 -0.0127996 3.15279e-05 -0.00811435 -0.0154398 -0.00811435 7.1455e-05)
(4.31659e-05 -0.0127872 -0.015433 -0.0127872 2.41776e-05 -0.00813223 -0.015433 -0.00813223 3.30541e-05)
(7.75048e-05 -0.0127957 -0.0154179 -0.0127957 2.41989e-05 -0.00812547 -0.0154179 -0.00812547 6.7477e-05)
(4.97553e-05 -0.0127956 -0.015422 -0.0127956 3.04755e-05 -0.00811883 -0.015422 -0.00811883 0.000108814)
(-2.10465e-05 -0.012804 -0.015444 -0.012804 4.10682e-05 -0.00811285 -0.015444 -0.00811285 6.93851e-05)
(4.0418e-05 -0.0127888 -0.0154188 -0.0127888 2.32725e-05 -0.00812551 -0.0154188 -0.00812551 7.52588e-05)
(1.24639e-05 -0.0127938 -0.0154263 -0.0127938 3.21539e-05 -0.00811534 -0.0154263 -0.00811534 0.000104693)
(3.01558e-05 -0.0127882 -0.015433 -0.0127882 1.90532e-05 -0.00812516 -0.015433 -0.00812516 5.81087e-05)
(-8.77589e-05 -0.012813 -0.0154524 -0.012813 7.56773e-05 -0.00810938 -0.0154524 -0.00810938 8.04532e-05)
(8.26564e-05 -0.0127901 -0.0154042 -0.0127901 3.09508e-05 -0.00812153 -0.0154042 -0.00812153 9.65552e-05)
(3.11399e-05 -0.0127871 -0.015422 -0.0127871 2.28913e-05 -0.00812651 -0.015422 -0.00812651 6.35576e-05)
(2.90345e-05 -0.0127882 -0.015426 -0.0127882 2.25693e-05 -0.00812529 -0.015426 -0.00812529 7.98089e-05)
(1.578e-05 -0.0127947 -0.0154306 -0.0127947 2.99451e-05 -0.00811775 -0.0154306 -0.00811775 6.77503e-05)
(1.92216e-05 -0.0127967 -0.0154384 -0.0127967 3.55125e-05 -0.00812305 -0.0154384 -0.00812305 5.70489e-05)
(3.87964e-05 -0.0127941 -0.0154264 -0.0127941 3.71086e-05 -0.00811242 -0.0154264 -0.00811242 8.69337e-05)
(2.9873e-05 -0.0128033 -0.0154363 -0.0128033 5.54547e-05 -0.00810627 -0.0154363 -0.00810627 0.00011054)
(6.7933e-05 -0.0127967 -0.0154174 -0.0127967 3.61568e-05 -0.0081422 -0.0154174 -0.0081422 8.16675e-05)
(0.000104497 -0.0128021 -0.0154283 -0.0128021 8.88618e-05 -0.00814434 -0.0154283 -0.00814434 3.27399e-05)
(7.50283e-05 -0.0127973 -0.0154145 -0.0127973 4.14602e-05 -0.00814667 -0.0154145 -0.00814667 9.50481e-05)
(8.77344e-05 -0.0128005 -0.0154116 -0.0128005 4.17031e-05 -0.00814595 -0.0154116 -0.00814595 9.75961e-05)
(7.56475e-05 -0.0127968 -0.0154163 -0.0127968 3.74122e-05 -0.00814335 -0.0154163 -0.00814335 9.67442e-05)
(-1.63856e-05 -0.012795 -0.0154307 -0.012795 3.69428e-05 -0.00811153 -0.0154307 -0.00811153 9.63271e-05)
(-0.000131725 -0.0128164 -0.0154567 -0.0128164 8.50147e-05 -0.00810417 -0.0154567 -0.00810417 8.42675e-05)
(4.13693e-05 -0.0127956 -0.0154233 -0.0127956 3.43115e-05 -0.00811191 -0.0154233 -0.00811191 9.71049e-05)
(7.71343e-05 -0.0127974 -0.0154162 -0.0127974 3.95535e-05 -0.00814568 -0.0154162 -0.00814568 0.000111884)
(-0.00011325 -0.0128254 -0.015456 -0.0128254 9.07564e-05 -0.00812032 -0.015456 -0.00812032 6.3266e-05)
(0.00011992 -0.0128325 -0.0154229 -0.0128325 0.000117526 -0.00815158 -0.0154229 -0.00815158 3.79483e-05)
(-0.000201399 -0.0128267 -0.0154575 -0.0128267 9.95087e-05 -0.00810365 -0.0154575 -0.00810365 8.28571e-05)
(-0.000183446 -0.0128402 -0.0154431 -0.0128402 0.000111883 -0.00811809 -0.0154431 -0.00811809 7.33162e-05)
(5.70899e-05 -0.0127907 -0.0154183 -0.0127907 2.78162e-05 -0.00812181 -0.0154183 -0.00812181 7.24164e-05)
(-3.04222e-05 -0.0128007 -0.0154391 -0.0128007 5.02931e-05 -0.00810925 -0.0154391 -0.00810925 8.47156e-05)
