/*--------------------------------*- C++ -*----------------------------------*\
  =========                 |
  \\      /  F ield         | OpenFOAM: The Open Source CFD Toolbox
   \\    /   O peration     | Website:  https://openfoam.org
    \\  /    A nd           | Version:  10
     \\/     M anipulation  |
\*---------------------------------------------------------------------------*/
FoamFile
{
    format      ascii;
    class       volTensorField;
    location    "7";
    object      TauNN;
}
// * * * * * * * * * * * * * * * * * * * * * * * * * * * * * * * * * * * * * //

dimensions      [0 2 -2 0 0 0 0];

internalField   nonuniform List<tensor> 
25600
(
(0.000178575 -6.82045e-05 0.000139738 -6.82045e-05 0.000142453 -1.96267e-05 0.000139738 -1.96267e-05 0.000292952)
(0.000153211 -3.65442e-05 8.07792e-05 -3.65442e-05 0.000193711 -2.63955e-05 8.07792e-05 -2.63955e-05 0.000158347)
(0.000164617 2.53264e-05 5.81937e-05 2.53264e-05 0.000260742 -1.90577e-05 5.81937e-05 -1.90577e-05 0.000117536)
(0.000215543 0.000105665 5.95609e-05 0.000105665 0.000343684 -6.72042e-06 5.95609e-05 -6.72042e-06 0.000124161)
(0.000301001 0.000163489 0.000122262 0.000163489 0.000374532 3.60413e-05 0.000122262 3.60413e-05 0.000163666)
(0.000370243 0.000156716 0.000221008 0.000156716 0.000308239 5.94668e-05 0.000221008 5.94668e-05 0.000242972)
(0.000474462 0.000145172 0.000331534 0.000145172 0.000246009 7.21654e-05 0.000331534 7.21654e-05 0.000436947)
(0.000532469 0.000125611 0.00034897 0.000125611 0.000188456 3.95486e-05 0.00034897 3.95486e-05 0.000568628)
(0.000475769 0.00012107 0.000300851 0.00012107 0.000161625 5.33322e-05 0.000300851 5.33322e-05 0.000488817)
(0.00035407 9.92427e-05 0.00022443 9.92427e-05 0.000160815 7.80486e-05 0.00022443 7.80486e-05 0.000313024)
(0.000230752 6.30608e-05 0.000145499 6.30608e-05 0.000151318 5.43958e-05 0.000145499 5.43958e-05 0.000132199)
(0.000153791 4.45303e-05 9.0071e-05 4.45303e-05 0.000152508 1.314e-05 9.0071e-05 1.314e-05 5.79505e-05)
(0.000119136 4.94337e-05 6.31819e-05 4.94337e-05 0.000134093 -2.32486e-05 6.31819e-05 -2.32486e-05 3.11594e-05)
(0.000121868 5.16586e-05 6.40815e-05 5.16586e-05 0.000114405 -2.80412e-05 6.40815e-05 -2.80412e-05 8.01175e-06)
(0.000144643 4.3774e-05 9.33176e-05 4.3774e-05 9.80438e-05 -1.47866e-05 9.33176e-05 -1.47866e-05 6.77439e-06)
(0.000175386 3.81256e-05 0.000127308 3.81256e-05 8.49436e-05 -1.546e-05 0.000127308 -1.546e-05 4.02653e-05)
(0.000173226 1.88388e-05 0.000129691 1.88388e-05 7.54584e-05 -3.61232e-05 0.000129691 -3.61232e-05 3.17012e-05)
(0.000162469 -2.33576e-06 0.00012844 -2.33576e-06 0.000122067 -1.44327e-05 0.00012844 -1.44327e-05 6.52198e-06)
(0.000186589 -1.77249e-05 0.000148896 -1.77249e-05 0.000219969 7.68108e-05 0.000148896 7.68108e-05 8.5149e-05)
(0.000220169 -3.56752e-05 0.000169502 -3.56752e-05 0.000276891 0.000142806 0.000169502 0.000142806 0.000194342)
(0.000201987 -4.44474e-05 0.000163521 -4.44474e-05 0.000233606 0.000121837 0.000163521 0.000121837 0.000190239)
(0.000146646 -3.70704e-05 0.000128106 -3.70704e-05 0.000156354 5.28237e-05 0.000128106 5.28237e-05 0.000109508)
(0.000117204 -5.4976e-06 9.13981e-05 -5.4976e-06 0.000134091 -8.76375e-07 9.13981e-05 -8.76375e-07 5.67118e-05)
(0.00012692 2.84389e-05 7.34273e-05 2.84389e-05 0.000164446 -2.47797e-05 7.34273e-05 -2.47797e-05 3.71829e-05)
(0.000151516 4.56227e-05 7.13933e-05 4.56227e-05 0.000188837 -2.87909e-05 7.13933e-05 -2.87909e-05 2.8804e-05)
(0.000169554 2.88701e-05 9.49474e-05 2.88701e-05 0.000174947 -2.24449e-05 9.49474e-05 -2.24449e-05 5.43278e-06)
(0.000235801 4.74323e-06 0.000130286 4.74323e-06 0.000178367 -4.19058e-05 0.000130286 -4.19058e-05 1.26841e-05)
(0.00036533 3.86033e-06 0.000168485 3.86033e-06 0.000215751 -8.92486e-05 0.000168485 -8.92486e-05 0.000127629)
(0.000470464 4.68539e-05 0.000198714 4.68539e-05 0.000227974 -0.000111153 0.000198714 -0.000111153 0.000271902)
(0.000423374 7.98451e-05 0.000153167 7.98451e-05 0.000204088 -0.000113226 0.000153167 -0.000113226 0.000240142)
(0.000286617 8.13566e-05 9.90545e-05 8.13566e-05 0.000178924 -8.30647e-05 9.90545e-05 -8.30647e-05 6.43513e-05)
(0.000232398 7.20676e-05 0.000141633 7.20676e-05 0.000169163 -2.32412e-05 0.000141633 -2.32412e-05 6.93077e-06)
(0.000227208 4.80395e-05 0.000172674 4.80395e-05 0.000172806 -1.99676e-06 0.000172674 -1.99676e-06 6.2321e-05)
(0.000214269 9.03383e-07 0.000163838 9.03383e-07 0.000167684 -1.97524e-05 0.000163838 -1.97524e-05 9.40725e-05)
(0.00026287 -3.65265e-05 0.000190448 -3.65265e-05 0.0001527 -2.25734e-05 0.000190448 -2.25734e-05 0.000155088)
(0.000301748 -4.70076e-05 0.000164894 -4.70076e-05 0.000119763 1.50446e-05 0.000164894 1.50446e-05 0.000175379)
(0.000244154 -2.5114e-05 4.87762e-05 -2.5114e-05 6.81097e-05 5.45783e-05 4.87762e-05 5.45783e-05 0.000185272)
(0.000195631 -6.46245e-06 1.09766e-05 -6.46245e-06 4.1855e-05 6.89002e-05 1.09766e-05 6.89002e-05 0.000375087)
(0.000227891 -3.56464e-05 0.000136144 -3.56464e-05 7.61229e-05 4.45442e-05 0.000136144 4.45442e-05 0.000563223)
(0.000235383 -6.63698e-05 0.000197627 -6.63698e-05 0.000110963 1.45808e-05 0.000197627 1.45808e-05 0.000499122)
(0.000171718 -1.05491e-05 9.31872e-05 -1.05491e-05 0.000156016 8.61567e-06 9.31872e-05 8.61567e-06 5.46074e-05)
(0.000204148 7.16085e-05 8.23103e-05 7.16085e-05 0.00023616 1.9256e-05 8.23103e-05 1.9256e-05 7.21924e-05)
(0.000267053 0.000142739 0.000145099 0.000142739 0.000302784 6.98064e-05 0.000145099 6.98064e-05 0.000138085)
(0.000311524 0.000171363 0.000183331 0.000171363 0.000320653 0.000108913 0.000183331 0.000108913 0.000213125)
(0.000306437 0.000130958 0.000151293 0.000130958 0.000253609 7.52117e-05 0.000151293 7.52117e-05 0.000205784)
(0.000317935 9.26238e-05 0.000127996 9.26238e-05 0.000197558 1.0021e-05 0.000127996 1.0021e-05 0.000190202)
(0.000345389 7.43465e-05 0.000126158 7.43465e-05 0.000203833 -0.00010263 0.000126158 -0.00010263 0.000210709)
(0.000417756 -1.22655e-06 0.000189979 -1.22655e-06 0.000304073 -0.000238439 0.000189979 -0.000238439 0.000287947)
(0.000489713 -6.87744e-05 0.000291232 -6.87744e-05 0.000341562 -0.000303271 0.000291232 -0.000303271 0.000356819)
(0.000448784 -2.21562e-05 0.000281816 -2.21562e-05 0.000252588 -0.000208002 0.000281816 -0.000208002 0.000270142)
(0.000339421 5.74347e-05 0.00022121 5.74347e-05 0.000183023 -7.90702e-05 0.00022121 -7.90702e-05 0.000149389)
(0.000247688 8.54563e-05 0.000161069 8.54563e-05 0.000162487 -1.44392e-05 0.000161069 -1.44392e-05 5.39476e-05)
(0.000202999 6.45239e-05 0.000121872 6.45239e-05 0.000123453 -3.69092e-05 0.000121872 -3.69092e-05 -2.84478e-05)
(0.000267436 4.92679e-05 0.000158655 4.92679e-05 0.000393063 3.31141e-05 0.000158655 3.31141e-05 2.15074e-05)
(0.000443143 0.000128877 0.000176829 0.000128877 0.00115307 0.000391032 0.000176829 0.000391032 0.000350425)
(0.000721836 0.000244163 0.000107479 0.000244163 0.00209872 0.000883814 0.000107479 0.000883814 0.000845008)
(0.000844902 0.000276287 0.00011801 0.000276287 0.00234671 0.00101301 0.00011801 0.00101301 0.00101794)
(0.000696026 0.000192259 0.000176517 0.000192259 0.00199788 0.000759411 0.000176517 0.000759411 0.000759633)
(0.000493535 4.14597e-05 0.000207864 4.14597e-05 0.00142054 0.000301303 0.000207864 0.000301303 0.000308275)
(0.00044028 -9.29646e-05 0.000163309 -9.29646e-05 0.000853528 -9.85693e-05 0.000163309 -9.85693e-05 7.17123e-05)
(0.000486438 -0.00011089 0.000147616 -0.00011089 0.000587995 -0.000238311 0.000147616 -0.000238311 0.000126627)
(0.000423095 -8.63494e-05 0.000165783 -8.63494e-05 0.000419614 -0.000190758 0.000165783 -0.000190758 0.00010073)
(0.000252738 -7.33156e-05 0.00013933 -7.33156e-05 0.000288833 -4.74416e-05 0.00013933 -4.74416e-05 -3.70748e-06)
(0.000188121 -6.30459e-05 0.000101796 -6.30459e-05 0.000269079 0.000151759 0.000101796 0.000151759 0.000179873)
(0.000265495 -6.8157e-05 0.000109723 -6.8157e-05 0.000269482 0.000268507 0.000109723 0.000268507 0.000532256)
(0.000264438 -6.10994e-05 0.000152815 -6.10994e-05 0.000267137 0.000226315 0.000152815 0.000226315 0.000434855)
(0.000226242 -6.03991e-05 0.000159207 -6.03991e-05 0.000311236 7.55517e-05 0.000159207 7.55517e-05 7.84341e-05)
(0.000329402 -5.38453e-05 0.000137998 -5.38453e-05 0.000329146 -0.00012432 0.000137998 -0.00012432 5.29476e-05)
(0.000431707 -1.23279e-05 0.000144007 -1.23279e-05 0.000330889 -0.00019051 0.000144007 -0.00019051 0.000181052)
(0.000291833 -2.67942e-06 0.000127288 -2.67942e-06 0.000301182 -0.00010988 0.000127288 -0.00010988 3.21416e-05)
(0.000175875 1.70507e-05 0.000133255 1.70507e-05 0.000233367 1.99899e-05 0.000133255 1.99899e-05 6.81155e-05)
(0.000182026 2.27764e-05 0.00011782 2.27764e-05 0.000188863 6.20075e-06 0.00011782 6.20075e-06 0.000247904)
(0.000172906 8.74791e-06 8.10223e-05 8.74791e-06 0.000152693 -4.79007e-05 8.10223e-05 -4.79007e-05 0.000189198)
(0.000248364 2.43252e-05 0.000160403 2.43252e-05 0.000180147 1.22935e-06 0.000160403 1.22935e-06 0.000192806)
(0.000377548 6.13388e-05 0.000314642 6.13388e-05 0.000205687 9.59802e-05 0.000314642 9.59802e-05 0.000348946)
(0.000352113 4.87408e-05 0.000260742 4.87408e-05 0.000154689 5.48307e-05 0.000260742 5.48307e-05 0.000240034)
(0.000258712 1.11014e-06 0.000155034 1.11014e-06 0.000160966 -1.489e-05 0.000155034 -1.489e-05 4.19142e-05)
(0.000270897 -2.97371e-06 0.000170339 -2.97371e-06 0.000305217 4.54215e-05 0.000170339 4.54215e-05 7.27165e-05)
(0.000285984 -6.54813e-06 0.000190053 -6.54813e-06 0.000335628 8.60952e-05 0.000190053 8.60952e-05 0.000145653)
(0.000225737 -2.85972e-05 0.000153029 -2.85972e-05 0.000219501 4.74527e-05 0.000153029 4.74527e-05 0.000110567)
(0.000183728 -5.35706e-05 8.12933e-05 -5.35706e-05 0.000134449 9.15863e-06 8.12933e-05 9.15863e-06 5.1241e-05)
(0.000144679 -1.35517e-05 3.75239e-05 -1.35517e-05 0.000113307 5.89155e-06 3.75239e-05 5.89155e-06 7.98374e-05)
(0.000135654 2.18861e-07 4.77582e-05 2.18861e-07 0.000128526 4.03747e-05 4.77582e-05 4.03747e-05 9.20725e-05)
(0.000152256 -1.02725e-05 0.000118068 -1.02725e-05 0.000172314 5.44405e-05 0.000118068 5.44405e-05 2.78575e-05)
(0.000238862 2.61106e-05 0.000146109 2.61106e-05 0.000260419 -2.80254e-05 0.000146109 -2.80254e-05 1.1326e-05)
(0.000394089 0.000107577 9.54028e-05 0.000107577 0.00036873 -0.000127371 9.54028e-05 -0.000127371 0.000134121)
(0.000485631 0.000137399 4.62197e-05 0.000137399 0.000449015 -0.000200644 4.62197e-05 -0.000200644 0.000261412)
(0.000434738 7.96271e-05 9.25884e-05 7.96271e-05 0.000331757 -0.000166101 9.25884e-05 -0.000166101 0.000288144)
(0.000415838 1.24713e-05 0.000222249 1.24713e-05 0.000236274 -0.000110107 0.000222249 -0.000110107 0.000286933)
(0.000472857 -3.80445e-05 0.00028535 -3.80445e-05 0.000258444 -0.000153356 0.00028535 -0.000153356 0.00023568)
(0.000425882 -0.000101153 0.000228234 -0.000101153 0.000417946 -0.000248735 0.000228234 -0.000248735 0.00010617)
(0.000455781 6.83339e-05 0.000188384 6.83339e-05 0.0010458 -0.000196191 0.000188384 -0.000196191 8.84262e-05)
(0.00071165 0.00045838 0.000251157 0.00045838 0.00183829 -1.0605e-05 0.000251157 -1.0605e-05 0.000294609)
(0.000890791 0.000670557 0.000330685 0.000670557 0.00223283 0.000119449 0.000330685 0.000119449 0.000481472)
(0.000812512 0.000592371 0.000336505 0.000592371 0.00242708 0.000222999 0.000336505 0.000222999 0.000560593)
(0.000623149 0.000261231 0.000263477 0.000261231 0.00233029 0.000236367 0.000263477 0.000236367 0.000537764)
(0.00050566 -8.71113e-05 0.000195516 -8.71113e-05 0.00186286 0.000140104 0.000195516 0.000140104 0.000413569)
(0.000502471 -0.000237736 0.000176937 -0.000237736 0.00142094 -6.66352e-05 0.000176937 -6.66352e-05 0.000252951)
(0.000616892 -0.000245225 0.000177668 -0.000245225 0.00112931 -0.000315475 0.000177668 -0.000315475 0.000251587)
(0.000809567 -0.000205434 0.000174972 -0.000205434 0.00106598 -0.00054857 0.000174972 -0.00054857 0.000567879)
(0.000914353 -0.00016866 0.000165188 -0.00016866 0.00110378 -0.000710105 0.000165188 -0.000710105 0.000853889)
(0.000831697 -0.000157346 0.000187218 -0.000157346 0.00103304 -0.000705088 0.000187218 -0.000705088 0.000783361)
(0.000638225 -0.000155572 0.000188014 -0.000155572 0.000918996 -0.000531219 0.000188014 -0.000531219 0.000442561)
(0.00049282 -0.000125868 0.000184291 -0.000125868 0.00080275 -0.000322195 0.000184291 -0.000322195 0.000198526)
(0.000429256 -6.27562e-05 0.000167035 -6.27562e-05 0.000591872 -0.000221132 0.000167035 -0.000221132 0.000142077)
(0.000464306 4.39025e-06 0.000131872 4.39025e-06 0.000482301 -0.000221868 0.000131872 -0.000221868 0.000218609)
(0.000595626 5.53774e-05 0.000128382 5.53774e-05 0.000471941 -0.000263295 0.000128382 -0.000263295 0.000455729)
(0.000735923 7.30902e-05 0.000212699 7.30902e-05 0.000447331 -0.000265139 0.000212699 -0.000265139 0.000699532)
(0.000686651 1.84597e-05 0.000253757 1.84597e-05 0.000378994 -0.000225776 0.000253757 -0.000225776 0.000576153)
(0.00051541 1.30143e-05 0.000230817 1.30143e-05 0.000298592 -0.000131352 0.000230817 -0.000131352 0.000319274)
(0.000315647 5.54333e-05 0.000160645 5.54333e-05 0.00022316 -5.46891e-05 0.000160645 -5.46891e-05 0.000123119)
(0.000213631 5.20684e-05 0.000126991 5.20684e-05 0.000182161 -4.71901e-06 0.000126991 -4.71901e-06 6.3819e-05)
(0.000265045 4.94737e-05 0.000144875 4.94737e-05 0.000301588 6.57467e-05 0.000144875 6.57467e-05 0.000180745)
(0.00035352 6.46124e-05 0.000217211 6.46124e-05 0.000425504 0.000160832 0.000217211 0.000160832 0.000334358)
(0.000343756 5.49257e-05 0.000228634 5.49257e-05 0.00027717 0.00012092 0.000228634 0.00012092 0.000285119)
(0.000266356 2.47518e-05 0.000140497 2.47518e-05 0.000163595 -2.87658e-05 0.000140497 -2.87658e-05 6.51291e-05)
(0.000321802 5.67222e-05 0.000162128 5.67222e-05 0.000409818 -9.14559e-07 0.000162128 -9.14559e-07 5.63112e-05)
(0.000343609 2.56915e-05 0.00017686 2.56915e-05 0.00053582 3.98718e-05 0.00017686 3.98718e-05 0.000102971)
(0.000279528 -4.93964e-05 0.000152978 -4.93964e-05 0.000411383 3.2126e-05 0.000152978 3.2126e-05 9.3838e-05)
(0.000213057 -7.39731e-05 0.000113981 -7.39731e-05 0.000234069 1.83536e-05 0.000113981 1.83536e-05 5.28172e-05)
(0.000241228 -6.11488e-05 4.90407e-05 -6.11488e-05 0.00040497 0.000201612 4.90407e-05 0.000201612 0.000317786)
(0.000349804 -4.69601e-05 -9.75011e-05 -4.69601e-05 0.000393933 0.000307065 -9.75011e-05 0.000307065 0.00101726)
(0.00035487 -5.38854e-05 -3.60804e-05 -5.38854e-05 0.000322829 0.000232769 -3.60804e-05 0.000232769 0.0010548)
(0.00022377 -4.91692e-05 0.000135627 -4.91692e-05 0.00025983 0.000154734 0.000135627 0.000154734 0.000304481)
(0.000350729 6.52624e-05 0.000160689 6.52624e-05 0.000376975 -4.74872e-05 0.000160689 -4.74872e-05 9.19435e-05)
(0.000547862 0.000165519 0.000121111 0.000165519 0.000620037 -0.000230012 0.000121111 -0.000230012 0.000276957)
(0.000484891 3.98131e-05 0.000161008 3.98131e-05 0.000615039 -0.000255213 0.000161008 -0.000255213 0.000266496)
(0.000367672 -8.34018e-05 0.000208706 -8.34018e-05 0.000381317 -0.000167854 0.000208706 -0.000167854 0.000153427)
(0.000275312 -8.62479e-05 0.000173608 -8.62479e-05 0.000264816 -8.32342e-05 0.000173608 -8.32342e-05 4.33272e-05)
(0.000288289 -3.4471e-05 0.000187017 -3.4471e-05 0.000398692 2.14158e-05 0.000187017 2.14158e-05 6.42251e-05)
(0.000575365 0.00018139 0.000330452 0.00018139 0.00091358 0.000225279 0.000330452 0.000225279 0.000360757)
(0.00075903 0.000376054 0.000383927 0.000376054 0.001568 0.000335067 0.000383927 0.000335067 0.00053117)
(0.00059245 0.000237717 0.000288233 0.000237717 0.00140875 3.75053e-05 0.000288233 3.75053e-05 0.000333101)
(0.00044443 5.77848e-05 0.000162092 5.77848e-05 0.000725277 -0.000191158 0.000162092 -0.000191158 0.000262199)
(0.000488957 7.27382e-05 0.000199787 7.27382e-05 0.000515152 -4.71901e-05 0.000199787 -4.71901e-05 0.000524914)
(0.000709377 0.000252684 0.000352085 0.000252684 0.000851901 0.000230704 0.000352085 0.000230704 0.000829296)
(0.00070005 0.000311957 0.000324517 0.000311957 0.00102728 0.000281937 0.000324517 0.000281937 0.000747531)
(0.000611762 0.000273575 0.00024171 0.000273575 0.000930512 0.000199393 0.00024171 0.000199393 0.000602636)
(0.000509048 0.000211908 0.000162599 0.000211908 0.000713627 8.14432e-05 0.000162599 8.14432e-05 0.000457052)
(0.000435832 0.000143192 0.000130313 0.000143192 0.000539757 -2.28733e-06 0.000130313 -2.28733e-06 0.000364272)
(0.000434225 7.47163e-05 0.000151824 7.47163e-05 0.000477239 -4.58285e-05 0.000151824 -4.58285e-05 0.000328921)
(0.00044245 -5.12004e-05 0.000184547 -5.12004e-05 0.000472054 -8.78954e-05 0.000184547 -8.78954e-05 0.000263223)
(0.000429444 -0.000182294 0.000199815 -0.000182294 0.000550005 -9.12901e-05 0.000199815 -9.12901e-05 0.000189519)
(0.000370358 -0.000175399 0.000183339 -0.000175399 0.000481484 -6.7004e-05 0.000183339 -6.7004e-05 0.000135794)
(0.000320887 -5.71404e-05 0.000163358 -5.71404e-05 0.000319252 -7.41053e-05 0.000163358 -7.41053e-05 0.000128112)
(0.000377911 6.50762e-05 0.000171375 6.50762e-05 0.000316392 -1.93259e-05 0.000171375 -1.93259e-05 0.000276765)
(0.000462257 0.000152226 0.000204161 0.000152226 0.000407525 3.39458e-05 0.000204161 3.39458e-05 0.000393029)
(0.000453831 0.000132 0.000191307 0.000132 0.000358024 -3.35453e-05 0.000191307 -3.35453e-05 0.000301053)
(0.000471798 3.46089e-05 0.000177532 3.46089e-05 0.000361005 -9.18275e-05 0.000177532 -9.18275e-05 0.000207577)
(0.000528221 1.71633e-05 0.000216004 1.71633e-05 0.000345174 -0.000145613 0.000216004 -0.000145613 0.000273263)
(0.000648968 0.000162171 0.000241568 0.000162171 0.000378002 -0.000109169 0.000241568 -0.000109169 0.000658848)
(0.000833597 0.000268669 0.00027719 0.000268669 0.000632946 1.18483e-05 0.00027719 1.18483e-05 0.00120246)
(0.000921975 0.000214325 0.000249978 0.000214325 0.000740191 -6.75609e-05 0.000249978 -6.75609e-05 0.00122771)
(0.000644687 9.14242e-05 0.000139334 9.14242e-05 0.000479774 -0.000152817 0.000139334 -0.000152817 0.000533869)
(0.000307716 4.52325e-05 0.000122047 4.52325e-05 0.000319425 -4.77303e-05 0.000122047 -4.77303e-05 4.88445e-05)
(0.000338791 0.000131449 0.00023976 0.000131449 0.000491964 0.00019467 0.00023976 0.00019467 0.000229087)
(0.000305524 7.49351e-05 0.00021616 7.49351e-05 0.000421259 0.000144093 0.00021616 0.000144093 0.000230281)
(0.00026478 -6.78468e-06 0.000143806 -6.78468e-06 0.000329483 -1.37333e-05 0.000143806 -1.37333e-05 7.12761e-05)
(0.00031104 -3.6086e-05 0.000131919 -3.6086e-05 0.000335486 -7.76304e-05 0.000131919 -7.76304e-05 7.23557e-05)
(0.000262704 -6.11944e-05 0.000123663 -6.11944e-05 0.000341991 -1.72397e-05 0.000123663 -1.72397e-05 5.12904e-05)
(0.000171164 0.000109839 -0.00014881 0.000109839 0.000351571 -0.000128661 -0.00014881 -0.000128661 0.000436685)
(0.000183889 6.87465e-05 -0.000100814 6.87465e-05 0.000367406 -8.73432e-05 -0.000100814 -8.73432e-05 0.000223331)
(0.000228687 -2.47862e-05 0.000130424 -2.47862e-05 0.000263107 -6.66259e-05 0.000130424 -6.66259e-05 4.10253e-05)
(0.000510198 0.000136819 3.05492e-05 0.000136819 0.000247984 -5.83902e-05 3.05492e-05 -5.83902e-05 0.000587888)
(0.000543246 0.000149973 -6.81719e-05 0.000149973 0.000347292 1.85715e-05 -6.81719e-05 1.85715e-05 0.000545735)
(0.000324189 1.51414e-05 6.11786e-05 1.51414e-05 0.000372883 -2.36472e-05 6.11786e-05 -2.36472e-05 0.000189577)
(0.000214721 8.18819e-06 8.17329e-05 8.18819e-06 0.000336053 -7.4327e-05 8.17329e-05 -7.4327e-05 0.000255661)
(0.000222296 1.57263e-05 1.49682e-05 1.57263e-05 0.00027684 -5.59669e-05 1.49682e-05 -5.59669e-05 0.000260968)
(0.000258648 -2.84435e-05 5.85383e-05 -2.84435e-05 0.000249453 -1.61557e-05 5.85383e-05 -1.61557e-05 0.000182721)
(0.000221124 -5.15245e-05 8.24798e-05 -5.15245e-05 0.000231567 -1.45286e-06 8.24798e-05 -1.45286e-06 0.000238071)
(0.000175116 -6.25066e-05 0.000156276 -6.25066e-05 0.000227054 -5.94212e-05 0.000156276 -5.94212e-05 0.000472449)
(0.000264709 -1.15111e-05 0.000211475 -1.15111e-05 0.000360697 -9.81539e-05 0.000211475 -9.81539e-05 0.000446947)
(0.000490801 6.03562e-05 0.000119831 6.03562e-05 0.000804683 -1.00443e-05 0.000119831 -1.00443e-05 0.000298839)
(0.00111196 0.000370788 0.000586098 0.000370788 0.00202239 0.000615133 0.000586098 0.000615133 0.00141304)
(0.00209555 0.000986559 0.000973333 0.000986559 0.00359042 0.00133918 0.000973333 0.00133918 0.00303816)
(0.00208013 0.00106309 0.000840647 0.00106309 0.00397219 0.00137363 0.000840647 0.00137363 0.00256565)
(0.00102406 0.000774462 0.000511279 0.000774462 0.00332672 0.000823975 0.000511279 0.000823975 0.00121332)
(0.000384681 0.000367031 0.000107297 0.000367031 0.00219432 7.53868e-05 0.000107297 7.53868e-05 0.000629858)
(0.000230106 0.000111771 -4.23463e-05 0.000111771 0.00109931 -0.000286677 -4.23463e-05 -0.000286677 0.000574373)
(0.000185731 -4.74807e-05 4.16795e-05 -4.74807e-05 0.000526293 -0.000194514 4.16795e-05 -0.000194514 0.000539653)
(0.000246336 -8.3629e-05 0.000162172 -8.3629e-05 0.000355387 -1.9297e-05 0.000162172 -1.9297e-05 0.000406265)
(0.000351255 -6.20261e-07 0.000174458 -6.20261e-07 0.000424771 7.77654e-07 0.000174458 7.77654e-07 0.000303139)
(0.000369842 2.73632e-05 0.000130466 2.73632e-05 0.000441349 -5.43986e-05 0.000130466 -5.43986e-05 0.000262312)
(0.000436161 0.000119539 0.000158651 0.000119539 0.000448396 -2.95509e-06 0.000158651 -2.95509e-06 0.000287335)
(0.000656134 0.000345922 0.000224048 0.000345922 0.000798925 2.24197e-05 0.000224048 2.24197e-05 0.000465856)
(0.000538785 0.000323612 0.000135848 0.000323612 0.000640458 -4.67366e-05 0.000135848 -4.67366e-05 0.000413387)
(0.000197459 2.05627e-05 5.65695e-05 2.05627e-05 0.000161731 -5.84386e-05 5.65695e-05 -5.84386e-05 0.000227559)
(0.000331424 -2.72421e-05 0.000186313 -2.72421e-05 0.00045265 0.000172326 0.000186313 0.000172326 0.000361819)
(0.000347574 -8.09738e-05 0.00021239 -8.09738e-05 0.000728773 1.23298e-05 0.00021239 1.23298e-05 0.000178869)
(0.000796993 -9.2946e-05 0.00024836 -9.2946e-05 0.000806659 -0.000416047 0.00024836 -0.000416047 0.000541422)
(0.00133162 0.000177907 0.000280691 0.000177907 0.000912395 -0.000355621 0.000280691 -0.000355621 0.00156896)
(0.00108355 0.000298964 0.000131931 0.000298964 0.000893985 -0.000174711 0.000131931 -0.000174711 0.00143639)
(0.000715147 0.000209973 6.91097e-05 0.000209973 0.000581472 -0.000178762 6.91097e-05 -0.000178762 0.000598615)
(0.000394029 0.000100673 0.000174383 0.000100673 0.000570659 -4.71808e-05 0.000174383 -4.71808e-05 0.000155619)
(0.000325659 3.01516e-05 0.00017196 3.01516e-05 0.000778036 0.000169066 0.00017196 0.000169066 0.000203182)
(0.000270591 7.61822e-07 0.000164605 7.61822e-07 0.000468201 6.33262e-05 0.000164605 6.33262e-05 0.000116025)
(0.000254377 1.58101e-05 0.000149546 1.58101e-05 0.00026092 -5.39375e-05 0.000149546 -5.39375e-05 8.3164e-05)
(0.00027812 6.25756e-06 0.000145684 6.25756e-06 0.000239684 -5.36852e-05 0.000145684 -5.36852e-05 0.000122757)
(0.000182972 -2.68482e-05 0.000102878 -2.68482e-05 0.000213424 -6.88806e-06 0.000102878 -6.88806e-06 0.000133498)
(0.000124212 1.30711e-05 -1.38599e-05 1.30711e-05 0.000231272 -5.61923e-05 -1.38599e-05 -5.61923e-05 0.000314237)
(0.000416272 4.02629e-05 -0.000251308 4.02629e-05 0.000242227 -0.000300259 -0.000251308 -0.000300259 0.00150708)
(0.000272383 -2.58991e-05 0.000167769 -2.58991e-05 0.000336308 0.000141752 0.000167769 0.000141752 0.000254611)
(0.000676275 -6.68103e-05 0.000144054 -6.68103e-05 0.00111306 -0.000440242 0.000144054 -0.000440242 0.000295618)
(0.00111476 -2.30689e-06 -1.10595e-05 -2.30689e-06 0.000811601 -0.000648651 -1.10595e-05 -0.000648651 0.00115358)
(0.000758609 0.000106219 3.24165e-05 0.000106219 0.00039713 -0.000205074 3.24165e-05 -0.000205074 0.000754237)
(0.000175316 1.37053e-05 9.85693e-05 1.37053e-05 0.000259353 -7.09668e-06 9.85693e-05 -7.09668e-06 4.17633e-05)
(0.000128794 -7.95806e-05 8.56202e-05 -7.95806e-05 0.000208659 -5.44284e-05 8.56202e-05 -5.44284e-05 0.000976859)
(0.000308559 -0.000201333 -4.99897e-05 -0.000201333 0.00022759 -3.65665e-05 -4.99897e-05 -3.65665e-05 0.00172158)
(0.00018299 -2.89567e-05 -7.79387e-05 -2.89567e-05 0.000255981 -0.000239841 -7.79387e-05 -0.000239841 0.00093665)
(0.000120272 3.28198e-05 1.72313e-05 3.28198e-05 0.000398392 -0.00029139 1.72313e-05 -0.00029139 0.000552564)
(0.000196741 -1.04001e-05 0.000223326 -1.04001e-05 0.000396875 -0.000221923 0.000223326 -0.000221923 0.000752191)
(0.000296055 -2.03038e-05 0.000248572 -2.03038e-05 0.000375377 -0.000221941 0.000248572 -0.000221941 0.000826999)
(0.000267119 0.00016013 -7.81473e-05 0.00016013 0.000766528 -0.000331755 -7.81473e-05 -0.000331755 0.000429874)
(0.000405264 0.00088641 0.000280373 0.00088641 0.00299181 0.000469832 0.000280373 0.000469832 0.000583539)
(0.00123086 0.00112699 0.000554278 0.00112699 0.00369253 0.00135396 0.000554278 0.00135396 0.00158252)
(0.00118534 0.000644346 0.000156776 0.000644346 0.0019645 0.00130695 0.000156776 0.00130695 0.00312224)
(0.00157165 0.000476803 -0.000116786 0.000476803 0.000845154 0.000713755 -0.000116786 0.000713755 0.00384677)
(0.0010577 0.000338972 5.07375e-05 0.000338972 0.000368073 -8.05045e-05 5.07375e-05 -8.05045e-05 0.0019723)
(0.000541157 0.000154556 0.000204841 0.000154556 0.000381819 -0.000178833 0.000204841 -0.000178833 0.000489544)
(0.000604376 0.00014289 0.000324352 0.00014289 0.000599413 8.72891e-05 0.000324352 8.72891e-05 0.000481464)
(0.000462487 5.28321e-05 0.00024127 5.28321e-05 0.000552848 5.81462e-05 0.00024127 5.81462e-05 0.000369795)
(0.000313648 -2.51243e-05 0.00013076 -2.51243e-05 0.000476053 -2.62735e-05 0.00013076 -2.62735e-05 0.000238193)
(0.000489198 0.000184968 2.90647e-05 0.000184968 0.000556953 -4.43803e-05 2.90647e-05 -4.43803e-05 0.000279898)
(0.000962211 0.000911554 -6.69155e-06 0.000911554 0.00142929 -2.79006e-05 -6.69155e-06 -2.79006e-05 0.000441891)
(0.000817772 0.00077943 0.000144155 0.00077943 0.00162057 0.000141867 0.000144155 0.000141867 0.000439457)
(0.000305275 1.12113e-05 0.000172961 1.12113e-05 0.000291449 -6.01029e-05 0.000172961 -6.01029e-05 0.000364115)
(0.000626106 0.000202042 0.000218239 0.000202042 0.000563098 -0.000309262 0.000218239 -0.000309262 0.00056737)
(0.00069309 0.000168904 0.000173876 0.000168904 0.000971989 -0.000315632 0.000173876 -0.000315632 0.000495902)
(0.000586819 -4.35868e-05 0.000197994 -4.35868e-05 0.000935265 -0.000201626 0.000197994 -0.000201626 0.000334186)
(0.000659599 -9.42079e-05 0.000268009 -9.42079e-05 0.000860677 -0.000231726 0.000268009 -0.000231726 0.000378741)
(0.00094544 -0.000164742 0.00047533 -0.000164742 0.000675871 -0.000374204 0.00047533 -0.000374204 0.000782891)
(0.00102489 -0.000162533 0.000435747 -0.000162533 0.00072613 -0.000682039 0.000435747 -0.000682039 0.00128507)
(0.000818578 6.19413e-05 0.000127267 6.19413e-05 0.000820633 -0.000751527 0.000127267 -0.000751527 0.00102879)
(0.000499981 0.000117215 0.000159835 0.000117215 0.000809858 -0.00023312 0.000159835 -0.00023312 0.000217764)
(0.000301573 1.88677e-05 0.000141748 1.88677e-05 0.000633934 0.000215163 0.000141748 0.000215163 0.000292288)
(0.000214874 2.52565e-05 9.2281e-05 2.52565e-05 0.000380655 8.22823e-05 9.2281e-05 8.22823e-05 0.000255316)
(0.000243399 -7.35745e-07 0.000123816 -7.35745e-07 0.000377234 5.18374e-06 0.000123816 5.18374e-06 7.15079e-05)
(0.000227477 -3.51993e-05 9.53134e-05 -3.51993e-05 0.000293964 -2.69292e-05 9.53134e-05 -2.69292e-05 7.05655e-05)
(0.000175176 2.51224e-05 -0.000104735 2.51224e-05 0.000224482 -0.000121543 -0.000104735 -0.000121543 0.000434903)
(0.00034965 1.8131e-05 -0.000365989 1.8131e-05 0.000266741 -0.000344858 -0.000365989 -0.000344858 0.00164431)
(0.00026051 0.000101848 3.87551e-05 0.000101848 0.000257542 -0.000133117 3.87551e-05 -0.000133117 0.000518272)
(0.000777079 0.000320612 -5.52218e-05 0.000320612 0.000758006 -0.00039937 -5.52218e-05 -0.00039937 0.00052208)
(0.00183064 0.000153162 -0.000297133 0.000153162 0.00198323 -0.00111682 -0.000297133 -0.00111682 0.00195708)
(0.00130506 -0.000251302 0.000198102 -0.000251302 0.00275196 -0.00107553 0.000198102 -0.00107553 0.00100134)
(0.000690965 -0.000305366 0.000126463 -0.000305366 0.00406142 0.000369052 0.000126463 0.000369052 0.000817405)
(0.000803585 6.78683e-05 -0.000183728 6.78683e-05 0.0029283 0.00122456 -0.000183728 0.00122456 0.0014004)
(0.0003504 -8.78535e-05 7.73454e-05 -8.78535e-05 0.000452669 0.000283591 7.73454e-05 0.000283591 0.00065097)
(0.000315605 -1.904e-05 -8.00407e-05 -1.904e-05 0.000192336 2.87639e-05 -8.00407e-05 2.87639e-05 0.000544429)
(0.000423171 -0.000216913 -0.000274866 -0.000216913 0.000335818 0.000278797 -0.000274866 0.000278797 0.000781235)
(0.00111804 -0.000108787 -0.000800442 -0.000108787 0.00197031 0.00154924 -0.000800442 0.00154924 0.0025921)
(0.0012813 -0.000226322 -0.000253578 -0.000226322 0.000843367 0.000904319 -0.000253578 0.000904319 0.00333121)
(0.000406014 -6.24126e-05 2.48346e-05 -6.24126e-05 0.000494414 -0.000540263 2.48346e-05 -0.000540263 0.00153699)
(0.00040799 0.000323331 -8.43517e-05 0.000323331 0.00103218 -0.000155056 -8.43517e-05 -0.000155056 0.000300304)
(0.000762481 8.21231e-05 0.000226676 8.21231e-05 0.000868504 -0.00022007 0.000226676 -0.00022007 0.000510497)
(0.00117079 -3.23681e-05 -7.05542e-05 -3.23681e-05 0.00211974 -0.00060793 -7.05542e-05 -0.00060793 0.000704989)
(0.00143139 0.000406184 -2.77236e-05 0.000406184 0.0040179 -0.00039953 -2.77236e-05 -0.00039953 0.000853999)
(0.00140649 0.000350517 -0.000213738 0.000350517 0.00310223 -0.000939129 -0.000213738 -0.000939129 0.00114121)
(0.00168759 0.00032756 -0.000354799 0.00032756 0.00149943 -0.00128803 -0.000354799 -0.00128803 0.00218448)
(0.00160273 0.000434961 -0.000159638 0.000434961 0.000924366 -0.0005097 -0.000159638 -0.0005097 0.00281032)
(0.00106775 0.000328681 5.63823e-05 0.000328681 0.000758359 -0.000229601 5.63823e-05 -0.000229601 0.00171631)
(0.000535858 5.46956e-05 0.000116034 5.46956e-05 0.000596518 -0.000170096 0.000116034 -0.000170096 0.000405656)
(0.000446166 1.7616e-05 0.000122414 1.7616e-05 0.00110313 6.82389e-05 0.000122414 6.82389e-05 0.000318229)
(0.000522831 -0.000160931 -1.94116e-05 -0.000160931 0.0013383 0.000122606 -1.94116e-05 0.000122606 0.000402268)
(0.000632145 -0.000522273 -0.000226513 -0.000522273 0.00217802 0.000460549 -0.000226513 0.000460549 0.000764555)
(0.00164781 2.53245e-05 -0.000363208 2.53245e-05 0.00324757 0.00172547 -0.000363208 0.00172547 0.00218916)
(0.00203023 0.000522189 0.000377752 0.000522189 0.00193117 0.00135219 0.000377752 0.00135219 0.00215196)
(0.000908098 0.00013314 0.000392646 0.00013314 0.000547634 9.35746e-05 0.000392646 9.35746e-05 0.000683659)
(0.00122384 0.000461402 0.0002064 0.000461402 0.00065247 9.09762e-05 0.0002064 9.09762e-05 0.00216339)
(0.00196559 0.000707674 0.000542648 0.000707674 0.000891525 -2.84882e-05 0.000542648 -2.84882e-05 0.00337753)
(0.00101014 6.91768e-05 0.000581725 6.91768e-05 0.000599211 -0.00032243 0.000581725 -0.00032243 0.0013467)
(0.000318907 -0.000293494 0.0002144 -0.000293494 0.00116769 -0.000235291 0.0002144 -0.000235291 0.00032635)
(0.000440887 6.57234e-06 0.000140062 6.57234e-06 0.00229868 0.000312662 0.000140062 0.000312662 0.000605598)
(0.00037864 9.66331e-05 0.000188166 9.66331e-05 0.000894645 0.000100429 0.000188166 0.000100429 0.000361619)
(0.000226357 5.62044e-05 1.98865e-05 5.62044e-05 0.000438343 -0.000141975 1.98865e-05 -0.000141975 0.000347023)
(0.0003549 0.0003324 -0.000172083 0.0003324 0.000968374 -0.000361945 -0.000172083 -0.000361945 0.000563939)
(0.000350485 0.000261984 -1.48034e-05 0.000261984 0.000881656 -0.000133936 -1.48034e-05 -0.000133936 0.000283657)
(0.000363281 5.31366e-05 0.000145152 5.31366e-05 0.000444226 5.90999e-05 0.000145152 5.90999e-05 0.000209106)
(0.000494483 8.52607e-05 0.000314482 8.52607e-05 0.000382342 0.000125276 0.000314482 0.000125276 0.000590057)
(0.000389487 8.93977e-05 0.000197995 8.93977e-05 0.000317037 1.60374e-05 0.000197995 1.60374e-05 0.000393211)
(0.000385801 0.0002014 -0.000337594 0.0002014 0.000415557 -0.000400228 -0.000337594 -0.000400228 0.000898603)
(0.00190912 0.000587963 0.000121479 0.000587963 0.00398919 0.00172872 0.000121479 0.00172872 0.00191587)
(0.00115633 0.000739119 0.000228191 0.000739119 0.00282096 -0.000136393 0.000228191 -0.000136393 0.000601061)
(0.00108579 0.000315922 -0.000184326 0.000315922 0.00113929 -0.000579422 -0.000184326 -0.000579422 0.000916693)
(0.000719551 3.81712e-05 0.000299564 3.81712e-05 0.00115929 0.000101437 0.000299564 0.000101437 0.000597235)
(0.00123733 -0.000510109 -0.000520479 -0.000510109 0.00237009 0.00161279 -0.000520479 0.00161279 0.0024048)
(0.00134433 -0.00120777 -0.000885113 -0.00120777 0.00319081 0.00162217 -0.000885113 0.00162217 0.00223001)
(0.000636383 -0.000709063 3.2573e-05 -0.000709063 0.00110096 0.000158378 3.2573e-05 0.000158378 0.000279791)
(0.000283793 5.17815e-06 0.000177374 5.17815e-06 0.000198089 -3.02866e-06 0.000177374 -3.02866e-06 0.000192068)
(0.000433503 6.48992e-05 0.000241825 6.48992e-05 0.000263294 -4.28194e-05 0.000241825 -4.28194e-05 0.000421437)
(0.000423583 -1.12187e-05 0.00022099 -1.12187e-05 0.000415087 -4.95268e-05 0.00022099 -4.95268e-05 0.000478932)
(0.00154834 0.001465 0.00088517 0.001465 0.00395903 0.00102268 0.00088517 0.00102268 0.00121994)
(0.00298238 0.00108088 0.000854213 0.00108088 0.00508929 0.00140012 0.000854213 0.00140012 0.00223458)
(0.000941436 0.000548588 0.000280943 0.000548588 0.00272178 0.00103009 0.000280943 0.00103009 0.000999552)
(0.000443628 0.000141012 4.74593e-05 0.000141012 0.000323793 -6.21397e-05 4.74593e-05 -6.21397e-05 0.000282241)
(0.000574518 0.000242934 0.000258828 0.000242934 0.00143231 0.000368256 0.000258828 0.000368256 0.000473137)
(0.000709555 0.000303847 7.81082e-05 0.000303847 0.00204342 0.000844482 7.81082e-05 0.000844482 0.001078)
(0.000399024 4.66369e-05 0.000180891 4.66369e-05 0.00196505 8.57776e-05 0.000180891 8.57776e-05 0.00043735)
(0.00115576 -0.000239694 0.000344083 -0.000239694 0.000932441 -0.000881566 0.000344083 -0.000881566 0.00172601)
(0.00292102 0.000294844 0.000236193 0.000294844 0.00116157 -0.000458223 0.000236193 -0.000458223 0.00543135)
(0.00246184 0.00049242 -0.00025433 0.00049242 0.00144306 -0.00107115 -0.00025433 -0.00107115 0.00347155)
(0.000867071 0.000572737 0.00029183 0.000572737 0.00249238 -0.000125841 0.00029183 -0.000125841 0.000691019)
(0.000878265 0.000391397 -0.000292293 0.000391397 0.00268783 0.00129543 -0.000292293 0.00129543 0.0021824)
(0.000809493 -6.88946e-05 -0.00100567 -6.88946e-05 0.00248862 0.00159536 -0.00100567 0.00159536 0.00366911)
(0.00122979 -0.000366963 -0.000765506 -0.000366963 0.00241908 0.00169773 -0.000765506 0.00169773 0.00274406)
(0.00132856 -0.000365814 0.000332661 -0.000365814 0.00181167 0.000413925 0.000332661 0.000413925 0.000971709)
(0.0016585 0.000255997 0.000681562 0.000255997 0.00176646 0.00023552 0.000681562 0.00023552 0.00190457)
(0.00138097 0.000489797 0.000313122 0.000489797 0.00169071 0.000459145 0.000313122 0.000459145 0.00276885)
(0.00100665 0.000566065 4.11803e-05 0.000566065 0.00145066 0.000396089 4.11803e-05 0.000396089 0.00131678)
(0.00072523 0.000287744 0.000106037 0.000287744 0.000808691 6.2204e-05 0.000106037 6.2204e-05 0.000599798)
(0.000567974 9.16086e-05 0.000159078 9.16086e-05 0.00117788 -0.000270328 0.000159078 -0.000270328 0.000418235)
(0.000660216 -0.000255506 0.000288362 -0.000255506 0.00213717 -0.000298799 0.000288362 -0.000298799 0.000488025)
(0.000708867 -0.000438222 0.000261884 -0.000438222 0.00110907 -2.43103e-05 0.000261884 -2.43103e-05 0.000360726)
(0.000641695 0.000134027 -0.000314151 0.000134027 0.000348274 -9.45367e-05 -0.000314151 -9.45367e-05 0.000654389)
(0.00042169 0.000421322 -0.000388938 0.000421322 0.000903475 -0.000483622 -0.000388938 -0.000483622 0.000726101)
(0.000285624 0.000177415 4.92604e-05 0.000177415 0.000659395 -9.39881e-05 4.92604e-05 -9.39881e-05 0.000311002)
(0.000361258 6.46077e-05 0.000152298 6.46077e-05 0.000363071 -0.000170662 0.000152298 -0.000170662 0.000185492)
(0.000781976 0.000222537 0.000174515 0.000222537 0.000462245 0.000266679 0.000174515 0.000266679 0.00148126)
(0.000949259 0.000388416 0.000337582 0.000388416 0.000993251 0.000589301 0.000337582 0.000589301 0.00191486)
(0.000385222 6.88536e-05 0.000113668 6.88536e-05 0.00037428 -2.10945e-05 0.000113668 -2.10945e-05 0.00014656)
(0.000567086 -0.000106486 -7.28369e-05 -0.000106486 0.00124971 0.000882806 -7.28369e-05 0.000882806 0.00112189)
(0.00129611 0.000394634 3.29223e-06 0.000394634 0.00324444 -0.000536078 3.29223e-06 -0.000536078 0.000813284)
(0.00100174 0.000166208 -2.53711e-05 0.000166208 0.000998724 -0.00043019 -2.53711e-05 -0.00043019 0.00094983)
(0.00157158 0.00044415 0.000246936 0.00044415 0.000928235 -0.000192802 0.000246936 -0.000192802 0.00254024)
(0.00169374 0.000440299 8.30647e-06 0.000440299 0.0009416 -0.000391981 8.30647e-06 -0.000391981 0.00280043)
(0.00113181 0.000389106 -3.49535e-05 0.000389106 0.000838866 -0.000333597 -3.49535e-05 -0.000333597 0.00149165)
(0.000616689 -0.000207613 0.000149447 -0.000207613 0.00133742 -0.000102399 0.000149447 -0.000102399 0.000394469)
(0.000838139 -0.00095989 0.000122027 -0.00095989 0.00300036 5.89816e-05 0.000122027 5.89816e-05 0.000390468)
(0.000637974 -0.00044047 0.000329647 -0.00044047 0.00133741 -0.000520251 0.000329647 -0.000520251 0.000409236)
(0.00176244 0.00111737 0.000446189 0.00111737 0.00394924 0.000226405 0.000446189 0.000226405 0.00137307)
(0.007026 0.00218841 0.00204297 0.00218841 0.00520272 0.00187559 0.00204297 0.00187559 0.00455977)
(0.00459993 0.00212674 0.00142238 0.00212674 0.00389932 0.00242412 0.00142238 0.00242412 0.00589303)
(0.000746924 0.000203132 0.000145494 0.000203132 0.000350747 -0.00031139 0.000145494 -0.00031139 0.00147747)
(0.000730396 0.00025165 0.000107803 0.00025165 0.000483382 -0.0001209 0.000107803 -0.0001209 0.000167022)
(0.000413018 -8.59294e-05 0.00034041 -8.59294e-05 0.000303461 -0.000109501 0.00034041 -0.000109501 0.000353569)
(0.000696157 -2.39331e-05 0.0003595 -2.39331e-05 0.00034967 0.000221864 0.0003595 0.000221864 0.00139515)
(0.00119522 -0.000270137 0.000700407 -0.000270137 0.000594029 -0.000121389 0.000700407 -0.000121389 0.00284499)
(0.000626815 -0.000239619 0.000366196 -0.000239619 0.00174457 -0.000709478 0.000366196 -0.000709478 0.000847008)
(0.00112247 0.000132856 -3.68766e-05 0.000132856 0.00172264 0.00102167 -3.68766e-05 0.00102167 0.00245028)
(0.00299892 0.00026396 -0.00076716 0.00026396 0.0018816 -0.00130224 -0.00076716 -0.00130224 0.00435955)
(0.00152843 -3.26745e-05 -2.14605e-05 -3.26745e-05 0.00456974 -0.00128968 -2.14605e-05 -0.00128968 0.00162289)
(0.000785615 -8.77865e-05 9.27197e-05 -8.77865e-05 0.00303395 0.000782927 9.27197e-05 0.000782927 0.00103634)
(0.000647559 -0.000104557 -0.000237309 -0.000104557 0.000627312 0.000229492 -0.000237309 0.000229492 0.00114943)
(0.000701608 0.000232039 -7.02618e-05 0.000232039 0.000760363 -0.000238126 -7.02618e-05 -0.000238126 0.000944123)
(0.00193074 0.001481 0.00111219 0.001481 0.0034197 0.00107905 0.00111219 0.00107905 0.00173576)
(0.00286773 0.00144457 0.00084104 0.00144457 0.00397066 0.0020773 0.00084104 0.0020773 0.00419887)
(0.00138483 0.000656229 0.000243133 0.000656229 0.0021077 0.000956088 0.000243133 0.000956088 0.0031716)
(0.000729784 0.000465034 -2.35559e-05 0.000465034 0.00124348 0.000124879 -2.35559e-05 0.000124879 0.000642482)
(0.00101263 0.000154546 0.000275683 0.000154546 0.00163507 0.00078784 0.000275683 0.00078784 0.00233238)
(0.00141171 0.000342596 0.000460366 0.000342596 0.00216751 0.000998829 0.000460366 0.000998829 0.00285645)
(0.000420487 0.000222223 0.000219805 0.000222223 0.00131533 0.0002413 0.000219805 0.0002413 0.000559053)
(0.000724976 -0.000229053 0.000190003 -0.000229053 0.000882794 -0.000343367 0.000190003 -0.000343367 0.000486778)
(0.00115004 0.000482967 0.000407891 0.000482967 0.000972695 0.00011614 0.000407891 0.00011614 0.000588902)
(0.000756681 0.000609272 -4.41708e-05 0.000609272 0.00117058 -4.46411e-05 -4.41708e-05 -4.46411e-05 0.000314989)
(0.000717162 0.000161079 0.000278631 0.000161079 0.00141317 -0.000347204 0.000278631 -0.000347204 0.000488114)
(0.00108555 -0.000357206 0.000288459 -0.000357206 0.0028972 -0.00213464 0.000288459 -0.00213464 0.00236131)
(0.001914 -0.000624763 0.000613308 -0.000624763 0.00243129 -0.00159862 0.000613308 -0.00159862 0.00236454)
