/*--------------------------------*- C++ -*----------------------------------*\
  =========                 |
  \\      /  F ield         | OpenFOAM: The Open Source CFD Toolbox
   \\    /   O peration     | Website:  https://openfoam.org
    \\  /    A nd           | Version:  10
     \\/     M anipulation  |
\*---------------------------------------------------------------------------*/
FoamFile
{
    format      ascii;
    class       volTensorField;
    location    "35";
    object      TauNN;
}
// * * * * * * * * * * * * * * * * * * * * * * * * * * * * * * * * * * * * * //

dimensions      [0 2 -2 0 0 0 0];

internalField   nonuniform List<tensor> 
25600
(
(0.00146845 -0.0129774 -0.0151397 -0.0129774 0.000159968 -0.00815061 -0.0151397 -0.00815061 0.000117023)
(0.00148317 -0.0129782 -0.0151356 -0.0129782 0.000159377 -0.0081512 -0.0151356 -0.0081512 0.000115687)
(0.00149383 -0.0129761 -0.0151325 -0.0129761 0.000157792 -0.00814977 -0.0151325 -0.00814977 0.000116655)
(0.00145692 -0.0129776 -0.0151397 -0.0129776 0.000160554 -0.00815101 -0.0151397 -0.00815101 0.000115497)
(0.00149408 -0.0129801 -0.0151326 -0.0129801 0.000159216 -0.00815236 -0.0151326 -0.00815236 0.000114717)
(0.00148642 -0.0129759 -0.0151356 -0.0129759 0.000158425 -0.00814961 -0.0151356 -0.00814961 0.000117159)
(0.00146624 -0.0129781 -0.0151388 -0.0129781 0.000160308 -0.00815127 -0.0151388 -0.00815127 0.000115625)
(0.00148828 -0.0129795 -0.0151335 -0.0129795 0.000159311 -0.00815201 -0.0151335 -0.00815201 0.00011485)
(0.00149337 -0.012978 -0.0151321 -0.012978 0.000158442 -0.00815102 -0.0151321 -0.00815102 0.000115524)
(0.00148083 -0.0129779 -0.0151361 -0.0129779 0.000159231 -0.00815089 -0.0151361 -0.00815089 0.000116493)
(0.00148036 -0.0129795 -0.0151372 -0.0129795 0.000159988 -0.00815194 -0.0151372 -0.00815194 0.000116045)
(0.00145779 -0.0129792 -0.0151412 -0.0129792 0.000161169 -0.0081519 -0.0151412 -0.0081519 0.000115708)
(0.00147766 -0.0129807 -0.0151365 -0.0129807 0.000160416 -0.00815279 -0.0151365 -0.00815279 0.000114783)
(0.00149721 -0.0129772 -0.015132 -0.0129772 0.000158013 -0.00815044 -0.015132 -0.00815044 0.000116139)
(0.00146725 -0.0129758 -0.0151389 -0.0129758 0.00015961 -0.0081498 -0.0151389 -0.0081498 0.000116363)
(0.00145581 -0.012981 -0.0151399 -0.012981 0.000161463 -0.00815305 -0.0151399 -0.00815305 0.000114897)
(0.00149222 -0.0129811 -0.0151339 -0.0129811 0.000159778 -0.00815297 -0.0151339 -0.00815297 0.000114565)
(0.0014736 -0.0129791 -0.0151387 -0.0129791 0.000160462 -0.00815183 -0.0151387 -0.00815183 0.000115394)
(0.0014473 -0.0129797 -0.0151423 -0.0129797 0.000161908 -0.00815244 -0.0151423 -0.00815244 0.000114607)
(0.00145171 -0.0129802 -0.0151403 -0.0129802 0.000161498 -0.00815264 -0.0151403 -0.00815264 0.000114665)
(0.00148275 -0.0129803 -0.015135 -0.0129803 0.000159942 -0.00815255 -0.015135 -0.00815255 0.000114636)
(0.00148175 -0.0129775 -0.0151355 -0.0129775 0.000159091 -0.0081507 -0.0151355 -0.0081507 0.000116162)
(0.0014789 -0.0129778 -0.0151367 -0.0129778 0.000159398 -0.00815084 -0.0151367 -0.00815084 0.000116414)
(0.00149935 -0.012977 -0.0151312 -0.012977 0.00015771 -0.00815032 -0.0151312 -0.00815032 0.000116433)
(0.00147626 -0.0129774 -0.015136 -0.0129774 0.000159443 -0.00815078 -0.015136 -0.00815078 0.000115329)
(0.00146297 -0.0129744 -0.0151424 -0.0129744 0.000159923 -0.00814894 -0.0151424 -0.00814894 0.000117173)
(0.00144454 -0.0129705 -0.0151473 -0.0129705 0.000160251 -0.00814688 -0.0151473 -0.00814688 0.000117625)
(0.00147054 -0.0129642 -0.0151337 -0.0129642 0.000153779 -0.00814216 -0.0151337 -0.00814216 0.000121405)
(0.00147597 -0.0129753 -0.0151362 -0.0129753 0.000158302 -0.00814916 -0.0151362 -0.00814916 0.000118056)
(0.00147783 -0.0129794 -0.0151366 -0.0129794 0.000159975 -0.00815194 -0.0151366 -0.00815194 0.000115544)
(0.00148895 -0.0129772 -0.0151334 -0.0129772 0.0001584 -0.00815045 -0.0151334 -0.00815045 0.000116296)
(0.00149772 -0.0129742 -0.0151309 -0.0129742 0.000156502 -0.00814839 -0.0151309 -0.00814839 0.000118168)
(0.00149523 -0.0129753 -0.0151328 -0.0129753 0.000157308 -0.00814905 -0.0151328 -0.00814905 0.000117914)
(0.00147967 -0.0129766 -0.0151356 -0.0129766 0.000158807 -0.0081501 -0.0151356 -0.0081501 0.00011665)
(0.00149763 -0.0129779 -0.0151317 -0.0129779 0.000158117 -0.00815086 -0.0151317 -0.00815086 0.000116093)
(0.00148142 -0.0129763 -0.015136 -0.0129763 0.00015887 -0.00814998 -0.015136 -0.00814998 0.000116333)
(0.00147041 -0.0129767 -0.0151391 -0.0129767 0.000159856 -0.00815033 -0.0151391 -0.00815033 0.000116218)
(0.00147117 -0.0129775 -0.0151379 -0.0129775 0.000159881 -0.00815082 -0.0151379 -0.00815082 0.000115734)
(0.00146431 -0.0129737 -0.0151404 -0.0129737 0.000159182 -0.00814844 -0.0151404 -0.00814844 0.00011749)
(0.00148429 -0.0129731 -0.0151351 -0.0129731 0.00015709 -0.00814764 -0.0151351 -0.00814764 0.000119131)
(0.000140028 -0.0128277 -0.015424 -0.0128277 0.000115264 -0.00814939 -0.015424 -0.00814939 3.46035e-05)
(0.000120836 -0.0128236 -0.0154166 -0.0128236 9.39766e-05 -0.00814924 -0.0154166 -0.00814924 5.39314e-05)
(-0.000102165 -0.0128221 -0.015458 -0.0128221 8.84679e-05 -0.00810869 -0.015458 -0.00810869 7.84839e-05)
(-0.000100692 -0.0128221 -0.0154575 -0.0128221 9.28991e-05 -0.00810516 -0.0154575 -0.00810516 7.83825e-05)
(-2.36698e-05 -0.0128082 -0.0154482 -0.0128082 5.93144e-05 -0.00810723 -0.0154482 -0.00810723 7.98707e-05)
(7.48179e-05 -0.0127976 -0.0154275 -0.0127976 3.5174e-05 -0.00813475 -0.0154275 -0.00813475 4.61375e-05)
(2.61826e-05 -0.0128028 -0.0154404 -0.0128028 4.88929e-05 -0.00811123 -0.0154404 -0.00811123 7.10465e-05)
(-0.000128692 -0.0128183 -0.0154558 -0.0128183 9.35662e-05 -0.00810669 -0.0154558 -0.00810669 7.90997e-05)
(-6.23745e-05 -0.0128142 -0.0154544 -0.0128142 6.86499e-05 -0.00810515 -0.0154544 -0.00810515 8.26998e-05)
(8.34198e-05 -0.0128045 -0.015424 -0.0128045 4.187e-05 -0.00813774 -0.015424 -0.00813774 4.83415e-05)
(8.47372e-05 -0.0128079 -0.0154266 -0.0128079 5.57157e-05 -0.00813736 -0.0154266 -0.00813736 3.47793e-05)
(0.000191151 -0.0128362 -0.0154231 -0.0128362 0.000122421 -0.00814747 -0.0154231 -0.00814747 3.61563e-05)
(6.85542e-05 -0.0128001 -0.0154253 -0.0128001 2.42955e-05 -0.00812429 -0.0154253 -0.00812429 5.87429e-05)
(-2.11252e-05 -0.0128059 -0.0154476 -0.0128059 4.93946e-05 -0.00811176 -0.0154476 -0.00811176 7.20058e-05)
(0.000142711 -0.0128197 -0.0154175 -0.0128197 0.000108155 -0.00815087 -0.0154175 -0.00815087 4.7822e-05)
(0.000103765 -0.0128211 -0.0154194 -0.0128211 6.36451e-05 -0.00814083 -0.0154194 -0.00814083 4.74434e-05)
(-0.000111434 -0.0128364 -0.0154468 -0.0128364 0.000104182 -0.00810991 -0.0154468 -0.00810991 8.28376e-05)
(0.00010787 -0.0128102 -0.0154231 -0.0128102 7.71654e-05 -0.00814124 -0.0154231 -0.00814124 4.14381e-05)
(7.8854e-05 -0.012806 -0.0154247 -0.012806 3.25341e-05 -0.00812842 -0.0154247 -0.00812842 5.64466e-05)
(7.37324e-05 -0.0128018 -0.0154231 -0.0128018 2.51951e-05 -0.00812347 -0.0154231 -0.00812347 6.01961e-05)
(1.94971e-05 -0.0128058 -0.0154442 -0.0128058 4.80174e-05 -0.00811137 -0.0154442 -0.00811137 7.03434e-05)
(7.49563e-05 -0.0128014 -0.015426 -0.0128014 3.23052e-05 -0.00813312 -0.015426 -0.00813312 4.78584e-05)
(8.03977e-05 -0.0128058 -0.0154234 -0.0128058 3.96534e-05 -0.0081377 -0.0154234 -0.0081377 4.7573e-05)
(2.02686e-05 -0.0127973 -0.0154352 -0.0127973 3.30883e-05 -0.00811536 -0.0154352 -0.00811536 7.15034e-05)
(5.4844e-05 -0.0127964 -0.0154293 -0.0127964 2.30655e-05 -0.00812302 -0.0154293 -0.00812302 6.90093e-05)
(0.000381669 -0.0128486 -0.0154345 -0.0128486 0.000122243 -0.0081439 -0.0154345 -0.0081439 2.67933e-05)
(0.000157808 -0.0128286 -0.0154164 -0.0128286 0.000117408 -0.00815022 -0.0154164 -0.00815022 4.63526e-05)
(9.83302e-05 -0.012817 -0.0154234 -0.012817 7.914e-05 -0.00815293 -0.0154234 -0.00815293 4.31892e-05)
(9.49795e-05 -0.0128191 -0.0154249 -0.0128191 8.15518e-05 -0.00814723 -0.0154249 -0.00814723 3.16355e-05)
(9.97705e-05 -0.0128165 -0.0154227 -0.0128165 7.4178e-05 -0.0081454 -0.0154227 -0.0081454 4.15591e-05)
(8.75666e-05 -0.0128057 -0.015423 -0.0128057 4.30955e-05 -0.0081392 -0.015423 -0.0081392 5.1733e-05)
(4.58039e-05 -0.012794 -0.0154269 -0.012794 2.2714e-05 -0.00812284 -0.0154269 -0.00812284 6.34707e-05)
(3.85164e-05 -0.0127945 -0.0154327 -0.0127945 2.19529e-05 -0.0081236 -0.0154327 -0.0081236 5.2416e-05)
(7.43614e-05 -0.0128015 -0.0154239 -0.0128015 2.54788e-05 -0.00812655 -0.0154239 -0.00812655 5.84941e-05)
(-0.00013331 -0.0128289 -0.0154538 -0.0128289 0.000100485 -0.00810777 -0.0154538 -0.00810777 8.15247e-05)
(8.41315e-05 -0.0127997 -0.0154236 -0.0127997 4.78587e-05 -0.00814313 -0.0154236 -0.00814313 6.08774e-05)
(0.000181952 -0.0128315 -0.0154184 -0.0128315 0.000120526 -0.0081479 -0.0154184 -0.0081479 4.18299e-05)
(8.58981e-05 -0.0128045 -0.0154232 -0.0128045 4.4272e-05 -0.00813957 -0.0154232 -0.00813957 5.31349e-05)
(0.000559074 -0.0128598 -0.0154387 -0.0128598 0.00011826 -0.00814277 -0.0154387 -0.00814277 2.97804e-05)
(9.55763e-05 -0.0128138 -0.0154257 -0.0128138 7.26145e-05 -0.00814358 -0.0154257 -0.00814358 3.40553e-05)
(6.30718e-05 -0.0127987 -0.0154243 -0.0127987 4.86718e-05 -0.0081461 -0.0154243 -0.0081461 4.84833e-05)
(0.000120568 -0.0128221 -0.0154085 -0.0128221 8.71565e-05 -0.0081522 -0.0154085 -0.0081522 8.02681e-05)
(-6.85035e-05 -0.0128297 -0.0154453 -0.0128297 0.000104544 -0.008111 -0.0154453 -0.008111 8.33778e-05)
(0.000166139 -0.0128511 -0.0153636 -0.0128511 0.000108827 -0.00811862 -0.0153636 -0.00811862 9.87291e-05)
(9.46522e-05 -0.0128037 -0.0154191 -0.0128037 5.27705e-05 -0.00814818 -0.0154191 -0.00814818 8.3032e-05)
(-3.1732e-05 -0.0128128 -0.0154536 -0.0128128 6.07774e-05 -0.0081166 -0.0154536 -0.0081166 6.47332e-05)
(-5.82682e-05 -0.0128084 -0.0154488 -0.0128084 7.37717e-05 -0.00810791 -0.0154488 -0.00810791 8.16072e-05)
(5.48412e-05 -0.0127919 -0.0154171 -0.0127919 2.56746e-05 -0.00813125 -0.0154171 -0.00813125 6.60381e-05)
(2.56023e-05 -0.012794 -0.0154281 -0.012794 2.68402e-05 -0.00811722 -0.0154281 -0.00811722 8.57778e-05)
(2.98978e-05 -0.0127935 -0.0154262 -0.0127935 2.5396e-05 -0.0081181 -0.0154262 -0.0081181 7.73306e-05)
(7.72935e-05 -0.0128022 -0.0154274 -0.0128022 5.30693e-05 -0.00813944 -0.0154274 -0.00813944 3.64096e-05)
(8.3225e-05 -0.0128034 -0.0154192 -0.0128034 4.10161e-05 -0.00814169 -0.0154192 -0.00814169 6.73296e-05)
(8.24396e-05 -0.0128052 -0.0154197 -0.0128052 3.63795e-05 -0.00813795 -0.0154197 -0.00813795 5.53494e-05)
(4.04283e-05 -0.0127956 -0.0154324 -0.0127956 2.27785e-05 -0.00812093 -0.0154324 -0.00812093 6.39815e-05)
(7.82908e-05 -0.0127982 -0.0154202 -0.0127982 4.14525e-05 -0.00814496 -0.0154202 -0.00814496 8.28944e-05)
(8.48169e-05 -0.0128031 -0.0154159 -0.0128031 3.2941e-05 -0.00813681 -0.0154159 -0.00813681 5.69156e-05)
(-8.33464e-05 -0.0128198 -0.015458 -0.0128198 8.40168e-05 -0.0081108 -0.015458 -0.0081108 7.31552e-05)
(4.35958e-05 -0.0127945 -0.0154311 -0.0127945 2.08885e-05 -0.00812361 -0.0154311 -0.00812361 5.75897e-05)
(2.60164e-05 -0.0128017 -0.0154392 -0.0128017 4.16601e-05 -0.00811207 -0.0154392 -0.00811207 7.21135e-05)
(4.15995e-05 -0.0127944 -0.015425 -0.0127944 2.98456e-05 -0.00811687 -0.015425 -0.00811687 6.91958e-05)
(5.80484e-05 -0.0127957 -0.0154232 -0.0127957 2.35829e-05 -0.00812973 -0.0154232 -0.00812973 5.45802e-05)
(2.18459e-05 -0.0127964 -0.015434 -0.0127964 2.7394e-05 -0.00812011 -0.015434 -0.00812011 5.68207e-05)
(6.55159e-05 -0.0127971 -0.0154209 -0.0127971 2.66333e-05 -0.00813277 -0.0154209 -0.00813277 5.49061e-05)
(7.59405e-05 -0.0128011 -0.0154209 -0.0128011 3.16827e-05 -0.00813395 -0.0154209 -0.00813395 6.75202e-05)
(-0.000103481 -0.0128219 -0.0154579 -0.0128219 7.78236e-05 -0.00810615 -0.0154579 -0.00810615 7.79161e-05)
(0.000103931 -0.0128056 -0.0154226 -0.0128056 7.46083e-05 -0.00814665 -0.0154226 -0.00814665 5.09248e-05)
(2.67609e-05 -0.0128004 -0.015435 -0.0128004 4.12567e-05 -0.00810983 -0.015435 -0.00810983 8.4469e-05)
(3.94512e-05 -0.0128033 -0.015439 -0.0128033 4.16332e-05 -0.00811543 -0.015439 -0.00811543 6.56151e-05)
(-6.76242e-06 -0.0128012 -0.01544 -0.0128012 4.86663e-05 -0.00812055 -0.01544 -0.00812055 5.8517e-05)
(7.51238e-05 -0.0128027 -0.0154235 -0.0128027 4.3786e-05 -0.00814174 -0.0154235 -0.00814174 4.82364e-05)
(0.000100874 -0.0128132 -0.0154208 -0.0128132 6.8003e-05 -0.00814843 -0.0154208 -0.00814843 5.27315e-05)
(2.28612e-05 -0.0128015 -0.0154378 -0.0128015 4.01896e-05 -0.00811177 -0.0154378 -0.00811177 7.67634e-05)
(-2.71915e-05 -0.0128105 -0.0154532 -0.0128105 5.95237e-05 -0.008119 -0.0154532 -0.008119 6.131e-05)
(5.16743e-05 -0.0127944 -0.0154237 -0.0127944 2.59779e-05 -0.00812037 -0.0154237 -0.00812037 6.52123e-05)
(-0.000148067 -0.0128281 -0.0154541 -0.0128281 0.000100944 -0.00810622 -0.0154541 -0.00810622 8.21839e-05)
(1.20852e-05 -0.0127962 -0.0154348 -0.0127962 2.83388e-05 -0.00811427 -0.0154348 -0.00811427 8.70904e-05)
(0.000107506 -0.012812 -0.0154172 -0.012812 7.66916e-05 -0.00815033 -0.0154172 -0.00815033 6.54144e-05)
(3.1731e-05 -0.0127928 -0.0154299 -0.0127928 2.21418e-05 -0.0081228 -0.0154299 -0.0081228 5.70415e-05)
(0.000549721 -0.0128568 -0.0154377 -0.0128568 0.00011926 -0.00814166 -0.0154377 -0.00814166 2.85269e-05)
(4.66949e-05 -0.0127969 -0.015436 -0.0127969 2.8249e-05 -0.00812593 -0.015436 -0.00812593 4.79578e-05)
(4.50504e-05 -0.012789 -0.0154213 -0.012789 2.58915e-05 -0.00813323 -0.0154213 -0.00813323 6.07903e-05)
(0.000114226 -0.0128054 -0.0154075 -0.0128054 4.13593e-05 -0.00814542 -0.0154075 -0.00814542 0.000119901)
(-2.41898e-05 -0.0128095 -0.0154516 -0.0128095 7.96235e-05 -0.00810954 -0.0154516 -0.00810954 8.1204e-05)
(-8.19577e-06 -0.0128038 -0.0154405 -0.0128038 4.51748e-05 -0.00810781 -0.0154405 -0.00810781 8.16119e-05)
(0.000156135 -0.0128124 -0.0154044 -0.0128124 0.000105469 -0.00815001 -0.0154044 -0.00815001 8.94684e-05)
(2.86083e-05 -0.012801 -0.0154419 -0.012801 3.40753e-05 -0.00812129 -0.0154419 -0.00812129 5.47869e-05)
(-4.0038e-05 -0.0128035 -0.0154426 -0.0128035 5.67232e-05 -0.00810983 -0.0154426 -0.00810983 8.11964e-05)
(0.000174482 -0.0128314 -0.0154191 -0.0128314 0.000126448 -0.00815012 -0.0154191 -0.00815012 3.9115e-05)
(0.000134381 -0.0128112 -0.0154112 -0.0128112 9.50944e-05 -0.0081536 -0.0154112 -0.0081536 7.5558e-05)
(4.46737e-05 -0.0127933 -0.0154226 -0.0127933 2.74072e-05 -0.00812338 -0.0154226 -0.00812338 0.000102795)
(5.39496e-05 -0.0127927 -0.0154271 -0.0127927 2.78348e-05 -0.00813438 -0.0154271 -0.00813438 4.73858e-05)
(-1.5909e-05 -0.0128014 -0.015438 -0.0128014 4.97736e-05 -0.00810635 -0.015438 -0.00810635 9.24503e-05)
(8.45112e-05 -0.0128032 -0.0154162 -0.0128032 3.68002e-05 -0.00813991 -0.0154162 -0.00813991 7.13144e-05)
(8.43568e-05 -0.0127999 -0.0154241 -0.0127999 4.56645e-05 -0.00814094 -0.0154241 -0.00814094 5.92842e-05)
(4.90586e-05 -0.0127973 -0.015427 -0.0127973 2.7831e-05 -0.00811894 -0.015427 -0.00811894 9.77577e-05)
(6.14141e-05 -0.0127892 -0.015412 -0.0127892 2.80914e-05 -0.00812232 -0.015412 -0.00812232 7.38968e-05)
(2.54636e-05 -0.012797 -0.0154367 -0.012797 3.07118e-05 -0.00812048 -0.0154367 -0.00812048 5.63548e-05)
(-9.1183e-05 -0.0128153 -0.0154566 -0.0128153 7.07825e-05 -0.0081044 -0.0154566 -0.0081044 8.08789e-05)
(-2.85191e-05 -0.0128055 -0.0154471 -0.0128055 5.72003e-05 -0.00811215 -0.0154471 -0.00811215 7.39122e-05)
(4.60765e-05 -0.0127926 -0.0154221 -0.0127926 2.37965e-05 -0.00812232 -0.0154221 -0.00812232 6.60171e-05)
(0.000110973 -0.0128176 -0.0154202 -0.0128176 9.19624e-05 -0.00815182 -0.0154202 -0.00815182 4.80993e-05)
(-0.00013863 -0.0128229 -0.0154544 -0.0128229 9.09558e-05 -0.00811282 -0.0154544 -0.00811282 7.24876e-05)
(4.55447e-05 -0.012793 -0.0154219 -0.012793 2.39588e-05 -0.00812099 -0.0154219 -0.00812099 7.12841e-05)
(0.000103834 -0.0128137 -0.0154164 -0.0128137 6.44844e-05 -0.00814748 -0.0154164 -0.00814748 6.92222e-05)
(-0.000109271 -0.012822 -0.0154562 -0.012822 7.85975e-05 -0.00810931 -0.0154562 -0.00810931 7.47167e-05)
(1.45738e-05 -0.0127997 -0.0154389 -0.0127997 3.12455e-05 -0.00811427 -0.0154389 -0.00811427 7.15528e-05)
(-7.27111e-06 -0.0128018 -0.0154416 -0.0128018 5.27135e-05 -0.00810974 -0.0154416 -0.00810974 8.22374e-05)
(5.17128e-05 -0.0127973 -0.0154296 -0.0127973 3.0205e-05 -0.00811698 -0.0154296 -0.00811698 7.33272e-05)
(-0.000119788 -0.0128246 -0.0154538 -0.0128246 9.79197e-05 -0.00811625 -0.0154538 -0.00811625 7.11297e-05)
(-1.71657e-05 -0.0127986 -0.0154371 -0.0127986 4.10322e-05 -0.00811528 -0.0154371 -0.00811528 7.13317e-05)
(0.000105419 -0.0128151 -0.0154193 -0.0128151 7.59614e-05 -0.0081509 -0.0154193 -0.0081509 5.55904e-05)
(7.73121e-05 -0.0128002 -0.015421 -0.0128002 2.78609e-05 -0.00812012 -0.015421 -0.00812012 8.58257e-05)
(0.000110905 -0.0128554 -0.0153924 -0.0128554 0.000117424 -0.00813062 -0.0153924 -0.00813062 8.91108e-05)
(3.57749e-05 -0.0127925 -0.0154232 -0.0127925 3.04845e-05 -0.00811948 -0.0154232 -0.00811948 7.00055e-05)
(-2.2886e-05 -0.0128053 -0.0154446 -0.0128053 5.42355e-05 -0.00810908 -0.0154446 -0.00810908 7.84511e-05)
(-7.47686e-05 -0.0128124 -0.0154543 -0.0128124 5.75932e-05 -0.00810291 -0.0154543 -0.00810291 9.00602e-05)
(6.96745e-05 -0.0127969 -0.0154203 -0.0127969 3.5121e-05 -0.00813987 -0.0154203 -0.00813987 7.27166e-05)
(9.52384e-06 -0.0127959 -0.0154378 -0.0127959 2.72574e-05 -0.00812244 -0.0154378 -0.00812244 5.26138e-05)
(0.000238686 -0.0128371 -0.0154223 -0.0128371 0.000130489 -0.0081471 -0.0154223 -0.0081471 3.40309e-05)
(2.28724e-05 -0.0128054 -0.015451 -0.0128054 5.91998e-05 -0.0081246 -0.015451 -0.0081246 6.00864e-05)
(3.11591e-05 -0.0127921 -0.0154259 -0.0127921 2.38751e-05 -0.00812004 -0.0154259 -0.00812004 7.31899e-05)
(5.0238e-05 -0.012801 -0.0154291 -0.012801 4.99504e-05 -0.00810785 -0.0154291 -0.00810785 0.000110624)
(6.40793e-05 -0.0127937 -0.015419 -0.0127937 2.42968e-05 -0.00812215 -0.015419 -0.00812215 7.2788e-05)
(0.000244513 -0.0128312 -0.0154227 -0.0128312 0.000131004 -0.0081476 -0.0154227 -0.0081476 3.59031e-05)
(0.00010927 -0.0128052 -0.0154152 -0.0128052 6.09504e-05 -0.00815245 -0.0154152 -0.00815245 0.000106534)
(9.44745e-05 -0.0128161 -0.0154269 -0.0128161 6.93622e-05 -0.00813989 -0.0154269 -0.00813989 3.14276e-05)
(-4.02902e-05 -0.0128037 -0.0154437 -0.0128037 5.39741e-05 -0.00810961 -0.0154437 -0.00810961 7.99525e-05)
(8.75211e-05 -0.0128042 -0.0154226 -0.0128042 5.92016e-05 -0.00814935 -0.0154226 -0.00814935 6.07651e-05)
(0.000152244 -0.0128197 -0.0154081 -0.0128197 0.000111904 -0.00815154 -0.0154081 -0.00815154 6.73008e-05)
(0.00011367 -0.0128055 -0.0154108 -0.0128055 7.23949e-05 -0.0081541 -0.0154108 -0.0081541 0.000101157)
(6.17823e-05 -0.0127956 -0.0154241 -0.0127956 3.30254e-05 -0.00813783 -0.0154241 -0.00813783 5.47397e-05)
(-2.55823e-06 -0.0127975 -0.0154314 -0.0127975 4.22435e-05 -0.0081092 -0.0154314 -0.0081092 9.36633e-05)
(7.23398e-05 -0.0127954 -0.0154142 -0.0127954 2.89446e-05 -0.00813135 -0.0154142 -0.00813135 0.000105314)
(9.36233e-05 -0.012805 -0.0154208 -0.012805 6.23625e-05 -0.00814729 -0.0154208 -0.00814729 6.44874e-05)
(-7.57726e-05 -0.0128121 -0.0154543 -0.0128121 7.08109e-05 -0.00810396 -0.0154543 -0.00810396 8.64832e-05)
(-4.41238e-06 -0.0127977 -0.0154343 -0.0127977 5.91534e-05 -0.00811044 -0.0154343 -0.00811044 8.58972e-05)
(6.35739e-05 -0.0128008 -0.015427 -0.0128008 3.53579e-05 -0.00813612 -0.015427 -0.00813612 3.70972e-05)
(-5.64229e-05 -0.0128071 -0.0154477 -0.0128071 5.51661e-05 -0.00810743 -0.0154477 -0.00810743 8.04094e-05)
(-8.94918e-05 -0.012814 -0.0154534 -0.012814 7.59535e-05 -0.00811536 -0.0154534 -0.00811536 7.19559e-05)
(3.73881e-05 -0.0127915 -0.015425 -0.0127915 2.27575e-05 -0.00812309 -0.015425 -0.00812309 6.6634e-05)
(9.70206e-05 -0.0128128 -0.0154197 -0.0128128 7.00816e-05 -0.0081508 -0.0154197 -0.0081508 5.79754e-05)
(-0.000134009 -0.0128198 -0.0154542 -0.0128198 9.0827e-05 -0.00811012 -0.0154542 -0.00811012 7.71141e-05)
(-2.21368e-05 -0.0128029 -0.0154407 -0.0128029 4.7463e-05 -0.00810622 -0.0154407 -0.00810622 8.71003e-05)
(8.53959e-05 -0.0128044 -0.0154178 -0.0128044 4.17713e-05 -0.00814204 -0.0154178 -0.00814204 7.04019e-05)
(1.71961e-05 -0.0127925 -0.0154301 -0.0127925 2.51224e-05 -0.00812013 -0.0154301 -0.00812013 6.5168e-05)
(-5.90024e-05 -0.012818 -0.0154577 -0.012818 7.02987e-05 -0.0081038 -0.0154577 -0.0081038 8.02196e-05)
(2.55118e-05 -0.0127943 -0.0154341 -0.0127943 2.98144e-05 -0.00812259 -0.0154341 -0.00812259 5.75017e-05)
(5.4492e-05 -0.012797 -0.0154276 -0.012797 3.08068e-05 -0.00811658 -0.0154276 -0.00811658 7.65954e-05)
(4.79293e-05 -0.0127979 -0.0154307 -0.0127979 3.02442e-05 -0.00811754 -0.0154307 -0.00811754 6.62513e-05)
(-0.000102609 -0.0128142 -0.0154525 -0.0128142 7.18219e-05 -0.00810949 -0.0154525 -0.00810949 7.66038e-05)
(7.73426e-05 -0.0127999 -0.0154214 -0.0127999 3.86384e-05 -0.00814071 -0.0154214 -0.00814071 6.00176e-05)
(0.000132687 -0.0128182 -0.0154073 -0.0128182 5.70274e-05 -0.00814585 -0.0154073 -0.00814585 0.000103508)
(0.000265033 -0.0128609 -0.015365 -0.0128609 0.000115165 -0.00813548 -0.015365 -0.00813548 9.66775e-05)
(-9.47493e-05 -0.0128136 -0.015451 -0.0128136 7.56826e-05 -0.0081102 -0.015451 -0.0081102 7.85854e-05)
(7.46705e-05 -0.0128006 -0.0154219 -0.0128006 3.69376e-05 -0.00813931 -0.0154219 -0.00813931 5.71762e-05)
(-6.14309e-05 -0.0128121 -0.0154518 -0.0128121 5.38292e-05 -0.00810756 -0.0154518 -0.00810756 7.88918e-05)
(5.17571e-05 -0.0127909 -0.0154212 -0.0127909 2.44528e-05 -0.00813144 -0.0154212 -0.00813144 7.44988e-05)
(3.64425e-05 -0.0127876 -0.0154323 -0.0127876 1.94347e-05 -0.00812827 -0.0154323 -0.00812827 4.59886e-05)
(7.11122e-05 -0.0127957 -0.0154171 -0.0127957 2.9509e-05 -0.00813513 -0.0154171 -0.00813513 8.2675e-05)
(7.19007e-05 -0.0127988 -0.0154336 -0.0127988 2.53085e-05 -0.00812851 -0.0154336 -0.00812851 4.38049e-05)
(3.97537e-05 -0.0127932 -0.0154231 -0.0127932 2.55334e-05 -0.00811837 -0.0154231 -0.00811837 8.25467e-05)
(-4.95372e-05 -0.0128203 -0.0154554 -0.0128203 0.000101167 -0.0080995 -0.0154554 -0.0080995 8.30076e-05)
(7.0446e-05 -0.0127965 -0.0154176 -0.0127965 2.97305e-05 -0.0081354 -0.0154176 -0.0081354 8.27104e-05)
(0.000141973 -0.0128126 -0.0154224 -0.0128126 0.000110571 -0.00815106 -0.0154224 -0.00815106 4.06479e-05)
(4.07778e-05 -0.012795 -0.0154241 -0.012795 2.83657e-05 -0.00811747 -0.0154241 -0.00811747 9.97811e-05)
(6.69729e-05 -0.0128003 -0.0154298 -0.0128003 2.4826e-05 -0.00813029 -0.0154298 -0.00813029 3.92618e-05)
(5.68712e-05 -0.0127926 -0.0154199 -0.0127926 2.38614e-05 -0.00812715 -0.0154199 -0.00812715 7.14933e-05)
(-0.000117559 -0.0128169 -0.0154578 -0.0128169 7.75589e-05 -0.00810217 -0.0154578 -0.00810217 8.43015e-05)
(7.19062e-05 -0.0127957 -0.0154205 -0.0127957 3.55255e-05 -0.00814088 -0.0154205 -0.00814088 7.60392e-05)
(0.00010085 -0.0128064 -0.0154166 -0.0128064 7.29816e-05 -0.00815313 -0.0154166 -0.00815313 7.48948e-05)
(5.39026e-05 -0.0127921 -0.0154207 -0.0127921 2.43248e-05 -0.0081314 -0.0154207 -0.0081314 6.29882e-05)
(4.99286e-05 -0.0127905 -0.0154162 -0.0127905 2.50876e-05 -0.0081245 -0.0154162 -0.0081245 8.42781e-05)
(9.87882e-05 -0.0128031 -0.0154138 -0.0128031 4.6343e-05 -0.00815158 -0.0154138 -0.00815158 0.000135254)
(7.71412e-05 -0.0127997 -0.0154183 -0.0127997 4.00859e-05 -0.0081431 -0.0154183 -0.0081431 8.4393e-05)
(-9.20153e-05 -0.0128274 -0.0154468 -0.0128274 0.00010555 -0.0081137 -0.0154468 -0.0081137 8.12923e-05)
(-8.30939e-05 -0.0128126 -0.0154533 -0.0128126 8.68624e-05 -0.00810529 -0.0154533 -0.00810529 8.54159e-05)
(8.5993e-05 -0.0128101 -0.0154234 -0.0128101 6.89362e-05 -0.00814824 -0.0154234 -0.00814824 4.53955e-05)
(4.75137e-05 -0.0127905 -0.0154206 -0.0127905 2.53359e-05 -0.00813319 -0.0154206 -0.00813319 6.71593e-05)
(-1.58937e-05 -0.0127976 -0.0154393 -0.0127976 4.02438e-05 -0.00812076 -0.0154393 -0.00812076 6.29084e-05)
(3.05554e-05 -0.012791 -0.0154265 -0.012791 2.24467e-05 -0.00812223 -0.0154265 -0.00812223 6.94351e-05)
(4.46444e-05 -0.0127928 -0.0154236 -0.0127928 2.6943e-05 -0.00811929 -0.0154236 -0.00811929 7.23715e-05)
(1.45881e-05 -0.012797 -0.0154318 -0.012797 3.75683e-05 -0.00811512 -0.0154318 -0.00811512 7.50868e-05)
(-5.52961e-05 -0.0128072 -0.0154469 -0.0128072 5.57807e-05 -0.00810333 -0.0154469 -0.00810333 9.17431e-05)
(5.64634e-05 -0.012793 -0.0154192 -0.012793 2.41239e-05 -0.00813052 -0.0154192 -0.00813052 6.79981e-05)
(5.50111e-05 -0.0127906 -0.0154222 -0.0127906 2.77292e-05 -0.00813539 -0.0154222 -0.00813539 6.36561e-05)
(-0.000113666 -0.0128171 -0.0154568 -0.0128171 7.73454e-05 -0.00810268 -0.0154568 -0.00810268 8.33171e-05)
(5.4088e-05 -0.0127952 -0.0154326 -0.0127952 2.52462e-05 -0.00813236 -0.0154326 -0.00813236 3.44033e-05)
(-9.83044e-06 -0.0128115 -0.0154552 -0.0128115 6.70951e-05 -0.008119 -0.0154552 -0.008119 6.89844e-05)
(0.000104944 -0.0128097 -0.0154146 -0.0128097 4.88713e-05 -0.00814343 -0.0154146 -0.00814343 8.71297e-05)
(7.41896e-06 -0.0127947 -0.0154324 -0.0127947 2.94579e-05 -0.00811703 -0.0154324 -0.00811703 7.05344e-05)
(2.75427e-05 -0.0127922 -0.0154272 -0.0127922 2.46904e-05 -0.00811982 -0.0154272 -0.00811982 7.14907e-05)
(0.000131409 -0.0128108 -0.0154072 -0.0128108 3.85893e-05 -0.00813554 -0.0154072 -0.00813554 0.000104932)
(1.35491e-05 -0.0128031 -0.0154498 -0.0128031 4.68046e-05 -0.00812464 -0.0154498 -0.00812464 5.58097e-05)
(-0.000121053 -0.0128201 -0.0154547 -0.0128201 8.09702e-05 -0.00811154 -0.0154547 -0.00811154 7.51044e-05)
(0.000121124 -0.0128184 -0.0154203 -0.0128184 9.81448e-05 -0.00815041 -0.0154203 -0.00815041 4.46348e-05)
(1.89335e-05 -0.0127924 -0.0154347 -0.0127924 2.1647e-05 -0.00812177 -0.0154347 -0.00812177 5.45825e-05)
(3.70138e-05 -0.0127887 -0.0154235 -0.0127887 2.20678e-05 -0.00812653 -0.0154235 -0.00812653 7.42996e-05)
(5.36785e-05 -0.0127876 -0.0154284 -0.0127876 2.57753e-05 -0.00813414 -0.0154284 -0.00813414 5.19033e-05)
(-6.61843e-05 -0.0128357 -0.0154283 -0.0128357 0.000108329 -0.00810907 -0.0154283 -0.00810907 8.80153e-05)
(8.13773e-05 -0.0128028 -0.0154256 -0.0128028 2.63219e-05 -0.00813071 -0.0154256 -0.00813071 4.28103e-05)
(6.9668e-05 -0.0127947 -0.0154148 -0.0127947 2.62199e-05 -0.00813068 -0.0154148 -0.00813068 7.77448e-05)
(2.08073e-05 -0.0128255 -0.015441 -0.0128255 0.00010268 -0.00810296 -0.015441 -0.00810296 8.34063e-05)
(-6.23681e-05 -0.0128104 -0.0154521 -0.0128104 6.27622e-05 -0.0081042 -0.0154521 -0.0081042 8.56223e-05)
(1.75354e-05 -0.0127905 -0.01543 -0.0127905 2.42756e-05 -0.00812351 -0.01543 -0.00812351 5.88994e-05)
(-5.00003e-06 -0.0128011 -0.0154365 -0.0128011 4.58773e-05 -0.0081059 -0.0154365 -0.0081059 0.000101036)
(-0.000106797 -0.0128287 -0.0154522 -0.0128287 0.000103601 -0.008119 -0.0154522 -0.008119 7.24319e-05)
(0.000124552 -0.0128268 -0.0154204 -0.0128268 0.000108774 -0.00815118 -0.0154204 -0.00815118 4.15429e-05)
(-0.000103901 -0.0128159 -0.0154556 -0.0128159 7.59953e-05 -0.00810588 -0.0154556 -0.00810588 7.9692e-05)
(2.42752e-05 -0.0127921 -0.015431 -0.0127921 2.27008e-05 -0.00812168 -0.015431 -0.00812168 6.17867e-05)
(4.36557e-05 -0.0127901 -0.0154236 -0.0127901 2.20652e-05 -0.00812735 -0.0154236 -0.00812735 6.29607e-05)
(2.16949e-05 -0.0127917 -0.0154251 -0.0127917 2.97026e-05 -0.00811645 -0.0154251 -0.00811645 7.7054e-05)
(-9.62074e-06 -0.012799 -0.0154346 -0.012799 4.34284e-05 -0.00811039 -0.0154346 -0.00811039 8.62213e-05)
(9.91912e-05 -0.0128034 -0.0154134 -0.0128034 4.87474e-05 -0.00815349 -0.0154134 -0.00815349 0.000139008)
(6.55788e-05 -0.0127938 -0.0154152 -0.0127938 2.64574e-05 -0.00812411 -0.0154152 -0.00812411 9.70745e-05)
(-5.98743e-05 -0.0128249 -0.0154514 -0.0128249 0.000101592 -0.00811839 -0.0154514 -0.00811839 7.7408e-05)
(-0.000132202 -0.0128185 -0.0154579 -0.0128185 9.35508e-05 -0.00810207 -0.0154579 -0.00810207 8.61006e-05)
(6.5495e-05 -0.0127957 -0.015423 -0.0127957 4.15113e-05 -0.00814449 -0.015423 -0.00814449 6.36617e-05)
(5.52673e-05 -0.0127947 -0.0154216 -0.0127947 3.52068e-05 -0.00814126 -0.0154216 -0.00814126 6.04247e-05)
(3.32457e-05 -0.012788 -0.0154226 -0.012788 2.32496e-05 -0.00812752 -0.0154226 -0.00812752 6.08862e-05)
(-3.34145e-05 -0.0128028 -0.0154419 -0.0128028 4.88003e-05 -0.00811014 -0.0154419 -0.00811014 7.99934e-05)
(8.99359e-06 -0.0127978 -0.015436 -0.0127978 4.48385e-05 -0.00811241 -0.015436 -0.00811241 7.86328e-05)
(3.42874e-05 -0.012794 -0.0154268 -0.012794 2.85268e-05 -0.0081184 -0.0154268 -0.0081184 7.40426e-05)
(-1.81261e-05 -0.0127998 -0.0154368 -0.0127998 3.9619e-05 -0.00810925 -0.0154368 -0.00810925 8.92415e-05)
(4.80861e-05 -0.0127908 -0.0154207 -0.0127908 2.28664e-05 -0.00812923 -0.0154207 -0.00812923 6.8093e-05)
(9.33267e-05 -0.0128052 -0.0154221 -0.0128052 6.19384e-05 -0.008148 -0.0154221 -0.008148 5.53517e-05)
(-0.000193575 -0.0128244 -0.0154547 -0.0128244 9.48689e-05 -0.00810758 -0.0154547 -0.00810758 8.03946e-05)
(4.36137e-05 -0.0127919 -0.0154312 -0.0127919 2.33537e-05 -0.00813118 -0.0154312 -0.00813118 3.80752e-05)
(8.72643e-06 -0.0128051 -0.0154538 -0.0128051 5.38537e-05 -0.00812541 -0.0154538 -0.00812541 6.06459e-05)
(0.000102361 -0.0128059 -0.0154141 -0.0128059 4.63907e-05 -0.00814539 -0.0154141 -0.00814539 0.000108417)
(3.15331e-05 -0.0127908 -0.0154265 -0.0127908 2.23355e-05 -0.00812324 -0.0154265 -0.00812324 6.33596e-05)
(6.42881e-06 -0.0127949 -0.0154301 -0.0127949 3.28699e-05 -0.0081141 -0.0154301 -0.0081141 8.38752e-05)
(7.72675e-05 -0.012797 -0.0154218 -0.012797 3.8118e-05 -0.00811085 -0.0154218 -0.00811085 9.2541e-05)
(8.77641e-05 -0.0128151 -0.0154298 -0.0128151 7.00986e-05 -0.00813981 -0.0154298 -0.00813981 3.089e-05)
(1.56739e-05 -0.0127927 -0.0154324 -0.0127927 2.47526e-05 -0.00812122 -0.0154324 -0.00812122 6.10236e-05)
(8.29472e-05 -0.0128035 -0.0154241 -0.0128035 5.68594e-05 -0.00814618 -0.0154241 -0.00814618 5.01803e-05)
(7.16062e-05 -0.0127934 -0.0154274 -0.0127934 4.32446e-05 -0.00814256 -0.0154274 -0.00814256 4.87923e-05)
(4.39572e-05 -0.0127889 -0.0154213 -0.0127889 2.40184e-05 -0.00813159 -0.0154213 -0.00813159 7.62424e-05)
(4.62698e-05 -0.0127902 -0.0154259 -0.0127902 2.2301e-05 -0.00812973 -0.0154259 -0.00812973 5.70407e-05)
(0.000556328 -0.0128658 -0.0152796 -0.0128658 0.000101321 -0.00813761 -0.0152796 -0.00813761 0.00011919)
(-1.01106e-05 -0.0128055 -0.0154463 -0.0128055 5.75057e-05 -0.00811287 -0.0154463 -0.00811287 7.17691e-05)
(3.2872e-05 -0.0127932 -0.0154249 -0.0127932 3.22091e-05 -0.00811613 -0.0154249 -0.00811613 7.74929e-05)
(3.86725e-05 -0.0127984 -0.0154319 -0.0127984 5.82493e-05 -0.00810348 -0.0154319 -0.00810348 9.88072e-05)
(-0.000183113 -0.0128334 -0.0154468 -0.0128334 0.000107788 -0.00810894 -0.0154468 -0.00810894 8.18892e-05)
(1.58255e-05 -0.0127931 -0.0154335 -0.0127931 2.427e-05 -0.00812072 -0.0154335 -0.00812072 6.10158e-05)
(2.32739e-05 -0.0127965 -0.0154271 -0.0127965 3.82598e-05 -0.00811015 -0.0154271 -0.00811015 0.000101563)
(-0.000139782 -0.0128332 -0.0154496 -0.0128332 0.000106886 -0.00812044 -0.0154496 -0.00812044 7.10988e-05)
(7.72724e-05 -0.0128045 -0.0154231 -0.0128045 4.85467e-05 -0.00814416 -0.0154231 -0.00814416 5.30344e-05)
(3.96903e-05 -0.0127918 -0.0154266 -0.0127918 2.10478e-05 -0.00812542 -0.0154266 -0.00812542 5.43977e-05)
(4.74739e-05 -0.0127895 -0.0154299 -0.0127895 2.12457e-05 -0.00812951 -0.0154299 -0.00812951 4.63502e-05)
(-6.48533e-05 -0.0128108 -0.0154505 -0.0128108 6.77386e-05 -0.00811218 -0.0154505 -0.00811218 7.46981e-05)
(-5.95698e-05 -0.0128055 -0.0154477 -0.0128055 6.88406e-05 -0.00810389 -0.0154477 -0.00810389 8.67525e-05)
(-0.000152556 -0.0128209 -0.0154558 -0.0128209 9.56213e-05 -0.00810641 -0.0154558 -0.00810641 8.18692e-05)
(-5.18507e-05 -0.0128058 -0.0154467 -0.0128058 5.78759e-05 -0.00810211 -0.0154467 -0.00810211 0.000102043)
(4.67457e-05 -0.0127959 -0.015423 -0.0127959 3.82102e-05 -0.00811079 -0.015423 -0.00811079 0.000101759)
(-7.52624e-06 -0.0128039 -0.0154479 -0.0128039 6.21503e-05 -0.00811705 -0.0154479 -0.00811705 7.34129e-05)
(-8.23033e-05 -0.0128097 -0.0154525 -0.0128097 6.78154e-05 -0.00810219 -0.0154525 -0.00810219 9.1799e-05)
(4.96738e-05 -0.0127885 -0.0154229 -0.0127885 2.9659e-05 -0.00813846 -0.0154229 -0.00813846 7.58289e-05)
(-1.04284e-05 -0.0127933 -0.0154294 -0.0127933 3.73297e-05 -0.00811391 -0.0154294 -0.00811391 7.89265e-05)
(2.37167e-05 -0.01279 -0.0154209 -0.01279 3.00161e-05 -0.00811866 -0.0154209 -0.00811866 7.95242e-05)
(-0.000156581 -0.0128223 -0.0154544 -0.0128223 9.67751e-05 -0.00810962 -0.0154544 -0.00810962 7.88821e-05)
(4.16161e-05 -0.0127905 -0.01542 -0.0127905 2.47392e-05 -0.00812107 -0.01542 -0.00812107 8.15567e-05)
(3.23322e-05 -0.0127936 -0.015427 -0.0127936 2.84034e-05 -0.00811804 -0.015427 -0.00811804 7.67343e-05)
(1.40086e-05 -0.0127909 -0.0154282 -0.0127909 2.48731e-05 -0.00811928 -0.0154282 -0.00811928 7.59035e-05)
(3.03074e-05 -0.0127887 -0.0154233 -0.0127887 2.20663e-05 -0.00812428 -0.0154233 -0.00812428 7.24602e-05)
(0.000136609 -0.0128258 -0.0154178 -0.0128258 0.000108963 -0.00815018 -0.0154178 -0.00815018 4.64544e-05)
(-0.00011001 -0.0128138 -0.0154482 -0.0128138 7.32616e-05 -0.00811478 -0.0154482 -0.00811478 7.0501e-05)
(-4.20696e-05 -0.0128071 -0.0154473 -0.0128071 5.79463e-05 -0.0081277 -0.0154473 -0.0081277 5.22336e-05)
(1.76557e-05 -0.0127961 -0.0154398 -0.0127961 3.4551e-05 -0.00812312 -0.0154398 -0.00812312 5.82057e-05)
(6.70604e-05 -0.0127961 -0.0154185 -0.0127961 2.67197e-05 -0.00813172 -0.0154185 -0.00813172 7.85364e-05)
(2.91668e-05 -0.0127908 -0.0154254 -0.0127908 2.39443e-05 -0.00812142 -0.0154254 -0.00812142 6.91068e-05)
(2.87664e-05 -0.0127887 -0.0154195 -0.0127887 2.5093e-05 -0.00812231 -0.0154195 -0.00812231 8.91967e-05)
(-5.81747e-05 -0.0128109 -0.0154527 -0.0128109 8.70399e-05 -0.00810483 -0.0154527 -0.00810483 8.49915e-05)
(9.52378e-05 -0.0128159 -0.0154309 -0.0128159 8.16187e-05 -0.00813985 -0.0154309 -0.00813985 2.97396e-05)
(7.4836e-05 -0.0127959 -0.0154229 -0.0127959 4.02121e-05 -0.00814319 -0.0154229 -0.00814319 6.71791e-05)
(2.34742e-05 -0.0127902 -0.0154267 -0.0127902 2.23654e-05 -0.00812178 -0.0154267 -0.00812178 6.56292e-05)
(8.26485e-05 -0.0127954 -0.0154268 -0.0127954 6.01153e-05 -0.00814884 -0.0154268 -0.00814884 5.19481e-05)
(5.84416e-05 -0.0127921 -0.0154182 -0.0127921 2.76776e-05 -0.00813413 -0.0154182 -0.00813413 9.17138e-05)
(5.80772e-05 -0.0127926 -0.0154244 -0.0127926 2.48043e-05 -0.00812512 -0.0154244 -0.00812512 6.19329e-05)
(0.000397585 -0.0128589 -0.0153293 -0.0128589 0.000106912 -0.00813207 -0.0153293 -0.00813207 0.000107542)
(-0.000132505 -0.0128205 -0.0154574 -0.0128205 8.4822e-05 -0.00810686 -0.0154574 -0.00810686 7.8625e-05)
(-0.000101219 -0.0128123 -0.0154537 -0.0128123 8.11447e-05 -0.00810376 -0.0154537 -0.00810376 8.61658e-05)
(0.00010206 -0.0127957 -0.0154028 -0.0127957 2.84977e-05 -0.00812972 -0.0154028 -0.00812972 9.78949e-05)
(-4.28751e-05 -0.0128044 -0.0154445 -0.0128044 4.82481e-05 -0.0081104 -0.0154445 -0.0081104 7.5381e-05)
(6.56918e-05 -0.0127898 -0.0154281 -0.0127898 3.61476e-05 -0.00813991 -0.0154281 -0.00813991 5.1191e-05)
(4.64125e-05 -0.0127934 -0.01542 -0.0127934 3.21084e-05 -0.00811418 -0.01542 -0.00811418 9.92377e-05)
(-1.39818e-05 -0.0128003 -0.0154421 -0.0128003 4.16757e-05 -0.00811987 -0.0154421 -0.00811987 6.19119e-05)
(-8.65631e-05 -0.0128145 -0.0154541 -0.0128145 7.2943e-05 -0.00810766 -0.0154541 -0.00810766 7.90582e-05)
(4.80679e-05 -0.0127906 -0.0154222 -0.0127906 2.36993e-05 -0.00813097 -0.0154222 -0.00813097 6.70703e-05)
(4.95723e-05 -0.0127912 -0.0154246 -0.0127912 2.29836e-05 -0.00813063 -0.0154246 -0.00813063 5.96686e-05)
(-0.000111825 -0.0128165 -0.0154551 -0.0128165 9.29985e-05 -0.0081054 -0.0154551 -0.0081054 8.27347e-05)
(-7.83693e-05 -0.0128282 -0.0154413 -0.0128282 0.000107813 -0.00810615 -0.0154413 -0.00810615 8.42451e-05)
(-0.000143007 -0.0128192 -0.0154564 -0.0128192 9.25363e-05 -0.00810573 -0.0154564 -0.00810573 8.19947e-05)
(-0.000180292 -0.0128247 -0.0154561 -0.0128247 0.000104843 -0.0081013 -0.0154561 -0.0081013 8.50598e-05)
(-5.21375e-07 -0.012799 -0.0154336 -0.012799 4.89119e-05 -0.00810608 -0.0154336 -0.00810608 0.000104356)
(2.69392e-05 -0.0127942 -0.0154308 -0.0127942 3.78652e-05 -0.00811642 -0.0154308 -0.00811642 7.57177e-05)
(2.67301e-05 -0.012792 -0.0154254 -0.012792 2.68171e-05 -0.00812044 -0.0154254 -0.00812044 0.000100866)
(5.97765e-05 -0.0127911 -0.0154202 -0.0127911 3.16948e-05 -0.00813932 -0.0154202 -0.00813932 9.98413e-05)
(-4.38265e-05 -0.0128008 -0.0154395 -0.0128008 5.60734e-05 -0.00810791 -0.0154395 -0.00810791 8.50364e-05)
(9.98746e-06 -0.0127928 -0.0154258 -0.0127928 3.76561e-05 -0.00811376 -0.0154258 -0.00811376 8.35421e-05)
(-0.00010109 -0.012813 -0.0154512 -0.012813 7.18631e-05 -0.00811217 -0.0154512 -0.00811217 7.37702e-05)
(3.91549e-05 -0.0127887 -0.0154186 -0.0127887 2.41076e-05 -0.00812617 -0.0154186 -0.00812617 8.51281e-05)
(5.48539e-05 -0.012792 -0.0154195 -0.012792 2.39142e-05 -0.00812648 -0.0154195 -0.00812648 7.9765e-05)
(3.25938e-05 -0.0127884 -0.0154262 -0.0127884 2.08984e-05 -0.00812604 -0.0154262 -0.00812604 6.51061e-05)
(8.89895e-06 -0.0127887 -0.0154271 -0.0127887 2.37627e-05 -0.0081211 -0.0154271 -0.0081211 6.97112e-05)
(9.57032e-05 -0.0128091 -0.0154193 -0.0128091 5.71282e-05 -0.00814599 -0.0154193 -0.00814599 6.45686e-05)
(3.43065e-05 -0.0127931 -0.0154312 -0.0127931 2.56438e-05 -0.00812399 -0.0154312 -0.00812399 5.36202e-05)
(-7.01959e-06 -0.0127988 -0.0154434 -0.0127988 4.0258e-05 -0.00812948 -0.0154434 -0.00812948 4.75494e-05)
(1.87334e-05 -0.0127935 -0.0154324 -0.0127935 2.8537e-05 -0.0081216 -0.0154324 -0.0081216 6.0688e-05)
(3.04219e-05 -0.0127917 -0.0154316 -0.0127917 2.24895e-05 -0.0081259 -0.0154316 -0.0081259 4.75554e-05)
(4.98607e-05 -0.0127912 -0.0154188 -0.0127912 2.48746e-05 -0.00812729 -0.0154188 -0.00812729 8.76899e-05)
(4.84828e-05 -0.0127888 -0.015415 -0.0127888 2.48548e-05 -0.00812798 -0.015415 -0.00812798 8.05763e-05)
(-4.18853e-05 -0.0128241 -0.0154427 -0.0128241 0.000108044 -0.00810804 -0.0154427 -0.00810804 8.30091e-05)
(0.000121313 -0.0128136 -0.0154292 -0.0128136 9.869e-05 -0.00814332 -0.0154292 -0.00814332 3.13045e-05)
(8.218e-05 -0.0127987 -0.0154171 -0.0127987 4.17842e-05 -0.00814611 -0.0154171 -0.00814611 9.58831e-05)
(-2.97629e-05 -0.0128021 -0.0154414 -0.0128021 4.53511e-05 -0.00811013 -0.0154414 -0.00811013 7.90408e-05)
(5.63881e-05 -0.0127863 -0.015429 -0.0127863 3.4513e-05 -0.0081392 -0.015429 -0.0081392 4.44099e-05)
(4.77878e-06 -0.0127994 -0.015434 -0.0127994 4.18253e-05 -0.0081087 -0.015434 -0.0081087 9.49389e-05)
(4.15e-05 -0.0127975 -0.0154395 -0.0127975 5.41899e-05 -0.00811964 -0.0154395 -0.00811964 7.25359e-05)
(-5.68454e-05 -0.0128285 -0.0154421 -0.0128285 0.000106688 -0.00811105 -0.0154421 -0.00811105 8.32404e-05)
(-6.39058e-05 -0.0128101 -0.0154501 -0.0128101 5.66562e-05 -0.0081086 -0.0154501 -0.0081086 7.80697e-05)
(-1.99038e-05 -0.0128011 -0.0154381 -0.0128011 4.86055e-05 -0.00810874 -0.0154381 -0.00810874 8.60334e-05)
(8.73803e-05 -0.0127973 -0.0154086 -0.0127973 3.21064e-05 -0.00813702 -0.0154086 -0.00813702 8.3524e-05)
(7.69425e-05 -0.0127938 -0.0154247 -0.0127938 5.49021e-05 -0.00815054 -0.0154247 -0.00815054 6.9049e-05)
(4.44485e-05 -0.0127878 -0.015427 -0.0127878 2.29178e-05 -0.00813195 -0.015427 -0.00813195 5.7679e-05)
(4.94559e-05 -0.0127915 -0.0154185 -0.0127915 3.20986e-05 -0.00811451 -0.0154185 -0.00811451 9.11758e-05)
(1.30246e-05 -0.0127935 -0.0154303 -0.0127935 3.19213e-05 -0.00811719 -0.0154303 -0.00811719 7.573e-05)
(-7.82957e-07 -0.0127962 -0.0154352 -0.0127962 3.30686e-05 -0.0081172 -0.0154352 -0.0081172 6.73067e-05)
(4.44492e-05 -0.0127882 -0.0154241 -0.0127882 2.43553e-05 -0.00813294 -0.0154241 -0.00813294 6.85633e-05)
(2.70282e-05 -0.0127929 -0.0154296 -0.0127929 2.65292e-05 -0.00811968 -0.0154296 -0.00811968 6.85649e-05)
(-4.12798e-05 -0.012808 -0.0154501 -0.012808 8.08613e-05 -0.00810343 -0.0154501 -0.00810343 8.79219e-05)
(-0.000111428 -0.0128259 -0.0154467 -0.0128259 0.000108058 -0.0081048 -0.0154467 -0.0081048 8.34467e-05)
(-0.000114866 -0.0128147 -0.0154554 -0.0128147 7.92964e-05 -0.00810482 -0.0154554 -0.00810482 8.30432e-05)
(-0.000147543 -0.0128152 -0.0154581 -0.0128152 8.22651e-05 -0.00810109 -0.0154581 -0.00810109 8.81137e-05)
(-5.06401e-06 -0.0127982 -0.0154318 -0.0127982 4.33841e-05 -0.00810937 -0.0154318 -0.00810937 0.000107831)
