/*--------------------------------*- C++ -*----------------------------------*\
  =========                 |
  \\      /  F ield         | OpenFOAM: The Open Source CFD Toolbox
   \\    /   O peration     | Website:  https://openfoam.org
    \\  /    A nd           | Version:  10
     \\/     M anipulation  |
\*---------------------------------------------------------------------------*/
FoamFile
{
    format      ascii;
    class       volTensorField;
    location    "12.5";
    object      TauNN;
}
// * * * * * * * * * * * * * * * * * * * * * * * * * * * * * * * * * * * * * //

dimensions      [0 2 -2 0 0 0 0];

internalField   nonuniform List<tensor> 
25600
(
(1.81815e-05 -0.0127846 -0.0154293 -0.0127846 1.98704e-05 -0.00812777 -0.0154293 -0.00812777 5.26313e-05)
(-1.84835e-05 -0.0127999 -0.015443 -0.0127999 5.12334e-05 -0.00811998 -0.015443 -0.00811998 7.15206e-05)
(2.29595e-05 -0.0127914 -0.0154262 -0.0127914 3.07365e-05 -0.00811889 -0.0154262 -0.00811889 8.12262e-05)
(7.54405e-05 -0.0127958 -0.0154154 -0.0127958 3.69022e-05 -0.00814349 -0.0154154 -0.00814349 0.000109132)
(8.16559e-05 -0.0128003 -0.0154168 -0.0128003 4.66484e-05 -0.0081494 -0.0154168 -0.0081494 0.000103517)
(4.82258e-05 -0.0127946 -0.015422 -0.0127946 3.02581e-05 -0.00813793 -0.015422 -0.00813793 5.68819e-05)
(4.53881e-05 -0.0127897 -0.0154298 -0.0127897 2.49135e-05 -0.00812806 -0.0154298 -0.00812806 5.45138e-05)
(2.65165e-05 -0.0127962 -0.0154259 -0.0127962 3.83773e-05 -0.00811414 -0.0154259 -0.00811414 9.94482e-05)
(2.04235e-06 -0.0128019 -0.015435 -0.0128019 4.20979e-05 -0.00811323 -0.015435 -0.00811323 0.000115565)
(4.80521e-05 -0.0127984 -0.015427 -0.0127984 3.49915e-05 -0.00812909 -0.015427 -0.00812909 0.000129335)
(9.16238e-05 -0.0128039 -0.015414 -0.0128039 4.59725e-05 -0.0081494 -0.015414 -0.0081494 0.000112966)
(3.49379e-05 -0.0127898 -0.0154257 -0.0127898 2.11441e-05 -0.00812917 -0.0154257 -0.00812917 4.48241e-05)
(2.51368e-05 -0.0127906 -0.0154204 -0.0127906 3.07863e-05 -0.00811749 -0.0154204 -0.00811749 9.53729e-05)
(0.000102517 -0.012801 -0.0154131 -0.012801 3.86496e-05 -0.00813147 -0.0154131 -0.00813147 0.000131226)
(7.63978e-05 -0.012793 -0.01541 -0.012793 2.48343e-05 -0.00812407 -0.01541 -0.00812407 7.81379e-05)
(4.85088e-06 -0.0127911 -0.0154345 -0.0127911 2.21738e-05 -0.00812025 -0.0154345 -0.00812025 5.77766e-05)
(-1.99172e-05 -0.0128071 -0.0154504 -0.0128071 3.79758e-05 -0.00811334 -0.0154504 -0.00811334 6.66326e-05)
(1.66735e-05 -0.0127998 -0.0154299 -0.0127998 4.12127e-05 -0.00811229 -0.0154299 -0.00811229 0.000105776)
(6.74466e-05 -0.0127918 -0.0154089 -0.0127918 2.86116e-05 -0.00812894 -0.0154089 -0.00812894 0.00011155)
(6.75205e-05 -0.0127972 -0.0154152 -0.0127972 2.67115e-05 -0.00813316 -0.0154152 -0.00813316 6.31073e-05)
(4.65025e-05 -0.0127957 -0.0154268 -0.0127957 4.00847e-05 -0.00811522 -0.0154268 -0.00811522 7.97867e-05)
(7.49679e-06 -0.0128057 -0.0154506 -0.0128057 3.39092e-05 -0.00811629 -0.0154506 -0.00811629 5.70097e-05)
(3.03537e-05 -0.0127848 -0.0154321 -0.0127848 2.8673e-05 -0.00813688 -0.0154321 -0.00813688 0.00011333)
(0.00028611 -0.0128035 -0.0153768 -0.0128035 3.54209e-05 -0.00813244 -0.0153768 -0.00813244 0.000121524)
(8.66761e-05 -0.0127946 -0.0154095 -0.0127946 3.08787e-05 -0.00811941 -0.0154095 -0.00811941 0.000105565)
(3.25239e-05 -0.0127927 -0.0154467 -0.0127927 2.21099e-05 -0.00811982 -0.0154467 -0.00811982 4.72564e-05)
(-1.44438e-05 -0.0128083 -0.0154621 -0.0128083 6.13037e-05 -0.00814038 -0.0154621 -0.00814038 6.47892e-05)
(0.000207122 -0.0127926 -0.0154293 -0.0127926 4.99899e-05 -0.00812607 -0.0154293 -0.00812607 8.62346e-05)
(7.77422e-05 -0.0127948 -0.0154108 -0.0127948 3.13402e-05 -0.00813578 -0.0154108 -0.00813578 0.000112038)
(5.73756e-05 -0.0127857 -0.0154294 -0.0127857 3.25882e-05 -0.00814152 -0.0154294 -0.00814152 0.000113399)
(2.66751e-05 -0.0127859 -0.0154271 -0.0127859 2.13279e-05 -0.00813114 -0.0154271 -0.00813114 6.03333e-05)
(1.69238e-05 -0.0127929 -0.0154293 -0.0127929 2.88556e-05 -0.00811903 -0.0154293 -0.00811903 7.42151e-05)
(3.57836e-05 -0.0127943 -0.0154257 -0.0127943 3.19545e-05 -0.00812882 -0.0154257 -0.00812882 0.000121913)
(8.86909e-05 -0.0127989 -0.0154105 -0.0127989 3.80448e-05 -0.00814432 -0.0154105 -0.00814432 0.000133706)
(0.000112354 -0.0127991 -0.0154031 -0.0127991 2.93608e-05 -0.00813022 -0.0154031 -0.00813022 8.71425e-05)
(8.96884e-05 -0.0128019 -0.0154115 -0.0128019 3.14014e-05 -0.00813506 -0.0154115 -0.00813506 7.08791e-05)
(2.19215e-05 -0.0127887 -0.0154277 -0.0127887 2.25399e-05 -0.00812402 -0.0154277 -0.00812402 6.89827e-05)
(2.72432e-05 -0.0127855 -0.015431 -0.0127855 2.24224e-05 -0.00812661 -0.015431 -0.00812661 7.85535e-05)
(0.000101045 -0.012802 -0.0154125 -0.012802 4.24529e-05 -0.00814828 -0.0154125 -0.00814828 0.000133471)
(7.05162e-05 -0.012796 -0.0154166 -0.012796 3.57158e-05 -0.00814185 -0.0154166 -0.00814185 8.87875e-05)
(0.000195695 -0.012791 -0.0154104 -0.012791 3.94363e-05 -0.00812265 -0.0154104 -0.00812265 8.83805e-05)
(0.000103394 -0.0127952 -0.0154045 -0.0127952 2.91497e-05 -0.00812294 -0.0154045 -0.00812294 9.70499e-05)
(3.32054e-05 -0.0127976 -0.0154595 -0.0127976 3.27026e-05 -0.00812221 -0.0154595 -0.00812221 0.000123213)
(1.49324e-05 -0.0128191 -0.0154796 -0.0128191 5.08003e-05 -0.00813542 -0.0154796 -0.00813542 0.00014627)
(4.10234e-05 -0.0127892 -0.0154165 -0.0127892 2.78372e-05 -0.00813207 -0.0154165 -0.00813207 0.000108403)
(9.24749e-05 -0.0127976 -0.0154217 -0.0127976 2.81831e-05 -0.00813367 -0.0154217 -0.00813367 4.77364e-05)
(0.000167066 -0.0128107 -0.0154424 -0.0128107 3.66753e-05 -0.00813826 -0.0154424 -0.00813826 5.51503e-05)
(4.50681e-05 -0.0127918 -0.015421 -0.0127918 2.80109e-05 -0.00811921 -0.015421 -0.00811921 8.09647e-05)
(4.72581e-05 -0.012782 -0.0154405 -0.012782 2.15644e-05 -0.0081282 -0.0154405 -0.0081282 8.63761e-05)
(4.76888e-05 -0.0127762 -0.0154346 -0.0127762 2.23409e-05 -0.00813434 -0.0154346 -0.00813434 5.70487e-05)
(6.10211e-05 -0.0128007 -0.0154369 -0.0128007 3.52152e-05 -0.00813532 -0.0154369 -0.00813532 3.34963e-05)
(0.000120657 -0.0128209 -0.0154461 -0.0128209 5.54944e-05 -0.00813709 -0.0154461 -0.00813709 4.04668e-05)
(5.94576e-05 -0.0127923 -0.0154162 -0.0127923 2.84136e-05 -0.00813478 -0.0154162 -0.00813478 9.61646e-05)
(3.61225e-05 -0.012802 -0.0154498 -0.012802 4.06814e-05 -0.00814483 -0.0154498 -0.00814483 0.000152572)
(8.32647e-05 -0.0128001 -0.0154113 -0.0128001 4.84687e-05 -0.00815124 -0.0154113 -0.00815124 0.000117032)
(8.86556e-05 -0.0128168 -0.0154226 -0.0128168 6.10957e-05 -0.00814786 -0.0154226 -0.00814786 4.22959e-05)
(6.97875e-05 -0.0128063 -0.0154276 -0.0128063 3.90258e-05 -0.00813748 -0.0154276 -0.00813748 2.69267e-05)
(1.8491e-05 -0.0127904 -0.0154305 -0.0127904 2.16586e-05 -0.00812119 -0.0154305 -0.00812119 6.66048e-05)
(3.28931e-05 -0.0127845 -0.0154303 -0.0127845 2.22466e-05 -0.00812907 -0.0154303 -0.00812907 9.37723e-05)
(6.10961e-05 -0.0127925 -0.0154223 -0.0127925 2.36883e-05 -0.0081306 -0.0154223 -0.0081306 5.15622e-05)
(6.53257e-05 -0.0128064 -0.0154484 -0.0128064 4.46166e-05 -0.00813237 -0.0154484 -0.00813237 3.50349e-05)
(5.7924e-05 -0.0127746 -0.015437 -0.0127746 3.74734e-05 -0.00812005 -0.015437 -0.00812005 4.44794e-05)
(-3.1433e-07 -0.0127961 -0.0154414 -0.0127961 2.66375e-05 -0.00812592 -0.0154414 -0.00812592 4.13994e-05)
(5.57764e-05 -0.0127908 -0.0154122 -0.0127908 2.72058e-05 -0.00812947 -0.0154122 -0.00812947 0.000106677)
(5.36688e-05 -0.0127934 -0.0154232 -0.0127934 4.20813e-05 -0.00814619 -0.0154232 -0.00814619 7.23494e-05)
(8.94154e-05 -0.0127962 -0.0154105 -0.0127962 2.86125e-05 -0.00813403 -0.0154105 -0.00813403 7.52862e-05)
(0.000120744 -0.0128018 -0.0154363 -0.0128018 3.05554e-05 -0.00813505 -0.0154363 -0.00813505 5.00317e-05)
(5.96391e-05 -0.0127736 -0.0154297 -0.0127736 2.1728e-05 -0.00812476 -0.0154297 -0.00812476 3.13389e-05)
(6.24821e-05 -0.0127747 -0.0154317 -0.0127747 3.33759e-05 -0.00813261 -0.0154317 -0.00813261 3.03037e-05)
(7.64955e-05 -0.0127999 -0.0154331 -0.0127999 3.2979e-05 -0.00813576 -0.0154331 -0.00813576 4.72694e-05)
(7.51256e-05 -0.0128005 -0.0154444 -0.0128005 3.1025e-05 -0.00813529 -0.0154444 -0.00813529 3.95298e-05)
(4.37764e-05 -0.0127946 -0.0154424 -0.0127946 2.82523e-05 -0.00813204 -0.0154424 -0.00813204 3.04976e-05)
(2.30174e-05 -0.0127884 -0.0154343 -0.0127884 1.91757e-05 -0.00812381 -0.0154343 -0.00812381 5.40173e-05)
(6.23025e-05 -0.0128044 -0.0154375 -0.0128044 4.26071e-05 -0.00814774 -0.0154375 -0.00814774 0.000151219)
(6.0149e-05 -0.0127945 -0.0154152 -0.0127945 3.33709e-05 -0.00813791 -0.0154152 -0.00813791 0.000129404)
(7.54479e-05 -0.0127945 -0.0154193 -0.0127945 2.74213e-05 -0.00813353 -0.0154193 -0.00813353 5.50551e-05)
(5.73166e-05 -0.0127996 -0.0154387 -0.0127996 4.75421e-05 -0.00813327 -0.0154387 -0.00813327 3.02367e-05)
(4.40367e-05 -0.0127817 -0.0154368 -0.0127817 1.89995e-05 -0.00812779 -0.0154368 -0.00812779 6.7126e-05)
(4.5972e-05 -0.0127889 -0.0154212 -0.0127889 2.88882e-05 -0.00813778 -0.0154212 -0.00813778 0.00010134)
(5.04649e-05 -0.0127972 -0.0154358 -0.0127972 2.98729e-05 -0.00813452 -0.0154358 -0.00813452 3.64817e-05)
(7.56953e-05 -0.0127929 -0.0154111 -0.0127929 2.82706e-05 -0.00811998 -0.0154111 -0.00811998 8.59318e-05)
(4.03067e-05 -0.01279 -0.0154263 -0.01279 3.17352e-05 -0.00814091 -0.0154263 -0.00814091 6.95773e-05)
(4.16701e-05 -0.0127916 -0.0154351 -0.0127916 2.35974e-05 -0.00813246 -0.0154351 -0.00813246 3.60642e-05)
(-1.23447e-05 -0.0128003 -0.0154437 -0.0128003 3.51263e-05 -0.0081264 -0.0154437 -0.0081264 4.79625e-05)
(-6.31234e-05 -0.0128078 -0.0154485 -0.0128078 4.8082e-05 -0.0081068 -0.0154485 -0.0081068 9.42557e-05)
(2.75853e-05 -0.0127976 -0.0154268 -0.0127976 3.63678e-05 -0.0081192 -0.0154268 -0.0081192 0.000118436)
(0.000171248 -0.012805 -0.0153931 -0.012805 3.72613e-05 -0.00813818 -0.0153931 -0.00813818 0.000119947)
(7.30596e-05 -0.012802 -0.0154171 -0.012802 3.95272e-05 -0.00814324 -0.0154171 -0.00814324 6.79844e-05)
(5.46449e-05 -0.0127753 -0.0154368 -0.0127753 2.16921e-05 -0.00813375 -0.0154368 -0.00813375 5.24908e-05)
(-4.84105e-07 -0.0127963 -0.0154397 -0.0127963 2.989e-05 -0.00811597 -0.0154397 -0.00811597 8.3944e-05)
(-3.03141e-05 -0.0128002 -0.0154396 -0.0128002 4.01046e-05 -0.00811343 -0.0154396 -0.00811343 8.08302e-05)
(5.99356e-05 -0.0127893 -0.0154166 -0.0127893 2.48254e-05 -0.00812471 -0.0154166 -0.00812471 7.15793e-05)
(0.000106959 -0.0128017 -0.0154144 -0.0128017 3.07936e-05 -0.00813447 -0.0154144 -0.00813447 6.54615e-05)
(3.57507e-05 -0.0127871 -0.0154238 -0.0127871 2.25713e-05 -0.0081287 -0.0154238 -0.0081287 6.83941e-05)
(1.20575e-05 -0.0127896 -0.0154304 -0.0127896 2.61306e-05 -0.0081212 -0.0154304 -0.0081212 9.12707e-05)
(1.80762e-05 -0.0127884 -0.0154258 -0.0127884 2.34569e-05 -0.00812253 -0.0154258 -0.00812253 7.4322e-05)
(8.18902e-05 -0.0127963 -0.0154134 -0.0127963 2.84192e-05 -0.00813362 -0.0154134 -0.00813362 6.7529e-05)
(9.53812e-05 -0.0128039 -0.0154207 -0.0128039 3.43049e-05 -0.00813676 -0.0154207 -0.00813676 5.19132e-05)
(3.94783e-05 -0.0127889 -0.0154217 -0.0127889 2.27395e-05 -0.00812893 -0.0154217 -0.00812893 6.52517e-05)
(2.03986e-05 -0.0127861 -0.0154257 -0.0127861 2.16458e-05 -0.00812739 -0.0154257 -0.00812739 5.86061e-05)
(4.87318e-05 -0.0127864 -0.0154274 -0.0127864 2.86818e-05 -0.00813717 -0.0154274 -0.00813717 5.41669e-05)
(5.46906e-05 -0.0127912 -0.015417 -0.0127912 2.45469e-05 -0.00812627 -0.015417 -0.00812627 8.0593e-05)
(2.61335e-05 -0.01279 -0.015422 -0.01279 2.68646e-05 -0.00811822 -0.015422 -0.00811822 7.93019e-05)
(5.87652e-05 -0.0127917 -0.0154132 -0.0127917 2.88123e-05 -0.00812831 -0.0154132 -0.00812831 0.00010806)
(5.2013e-05 -0.0127901 -0.0154154 -0.0127901 2.56543e-05 -0.00812561 -0.0154154 -0.00812561 8.20831e-05)
(-1.61871e-05 -0.0127956 -0.0154325 -0.0127956 3.571e-05 -0.00811226 -0.0154325 -0.00811226 8.22293e-05)
(4.53905e-05 -0.0127911 -0.0154188 -0.0127911 2.54112e-05 -0.00813286 -0.0154188 -0.00813286 6.4224e-05)
(4.21642e-05 -0.0127923 -0.0154363 -0.0127923 2.74364e-05 -0.0081324 -0.0154363 -0.0081324 2.95491e-05)
(2.79169e-05 -0.0127936 -0.0154358 -0.0127936 3.17352e-05 -0.00812787 -0.0154358 -0.00812787 5.47755e-05)
(8.59581e-06 -0.0127907 -0.0154258 -0.0127907 3.08976e-05 -0.0081181 -0.0154258 -0.0081181 7.51352e-05)
(-1.18549e-05 -0.0127929 -0.015432 -0.0127929 3.05703e-05 -0.00811681 -0.015432 -0.00811681 7.57446e-05)
(7.69868e-05 -0.0127959 -0.0154117 -0.0127959 2.95058e-05 -0.00813466 -0.0154117 -0.00813466 7.45276e-05)
(4.32984e-05 -0.0127919 -0.0154297 -0.0127919 2.298e-05 -0.00813163 -0.0154297 -0.00813163 3.56543e-05)
(1.2162e-05 -0.0127907 -0.0154281 -0.0127907 2.60546e-05 -0.0081193 -0.0154281 -0.0081193 6.80862e-05)
(0.000103708 -0.0127933 -0.0154027 -0.0127933 2.92394e-05 -0.00812639 -0.0154027 -0.00812639 9.86091e-05)
(2.87711e-05 -0.012787 -0.015424 -0.012787 2.46778e-05 -0.00812817 -0.015424 -0.00812817 8.91139e-05)
(5.99933e-05 -0.0127923 -0.0154215 -0.0127923 3.6508e-05 -0.00814391 -0.0154215 -0.00814391 8.98393e-05)
(3.44862e-05 -0.0127889 -0.0154298 -0.0127889 2.04983e-05 -0.00812833 -0.0154298 -0.00812833 4.80173e-05)
(-7.81153e-06 -0.0127942 -0.0154434 -0.0127942 3.18071e-05 -0.00812949 -0.0154434 -0.00812949 4.973e-05)
(0.000183463 -0.0127927 -0.0154064 -0.0127927 3.41153e-05 -0.00812671 -0.0154064 -0.00812671 8.22383e-05)
(8.58314e-05 -0.0128069 -0.0154141 -0.0128069 6.79559e-05 -0.0081555 -0.0154141 -0.0081555 9.10014e-05)
(5.89739e-05 -0.0127958 -0.0154201 -0.0127958 3.66823e-05 -0.00814259 -0.0154201 -0.00814259 6.85648e-05)
(5.9664e-05 -0.0127956 -0.0154196 -0.0127956 3.03313e-05 -0.00813713 -0.0154196 -0.00813713 5.94972e-05)
(5.76573e-05 -0.0127984 -0.0154296 -0.0127984 3.06339e-05 -0.0081346 -0.0154296 -0.0081346 3.09978e-05)
(2.23178e-05 -0.0127865 -0.0154327 -0.0127865 1.89202e-05 -0.00812918 -0.0154327 -0.00812918 3.53374e-05)
(1.8745e-05 -0.0127848 -0.0154313 -0.0127848 1.92454e-05 -0.00812922 -0.0154313 -0.00812922 4.34521e-05)
(5.93193e-05 -0.0127944 -0.0154342 -0.0127944 2.75672e-05 -0.00813415 -0.0154342 -0.00813415 4.30904e-05)
(6.66527e-05 -0.0127997 -0.0154302 -0.0127997 5.32584e-05 -0.00813886 -0.0154302 -0.00813886 2.96877e-05)
(4.44363e-05 -0.0127912 -0.0154295 -0.0127912 2.27084e-05 -0.00813138 -0.0154295 -0.00813138 4.04755e-05)
(5.65163e-05 -0.0127912 -0.015421 -0.0127912 2.44529e-05 -0.00812545 -0.015421 -0.00812545 6.65354e-05)
(3.5036e-05 -0.0127893 -0.0154329 -0.0127893 2.28812e-05 -0.00813141 -0.0154329 -0.00813141 4.2637e-05)
(3.14078e-05 -0.0127894 -0.0154307 -0.0127894 2.32122e-05 -0.00812914 -0.0154307 -0.00812914 4.74273e-05)
(2.56932e-05 -0.0127885 -0.0154246 -0.0127885 2.18001e-05 -0.0081241 -0.0154246 -0.0081241 6.6948e-05)
(2.65977e-05 -0.0127875 -0.0154212 -0.0127875 2.08086e-05 -0.00812579 -0.0154212 -0.00812579 6.62479e-05)
(4.80218e-05 -0.0127899 -0.01542 -0.0127899 2.37038e-05 -0.00812559 -0.01542 -0.00812559 6.22555e-05)
(3.52467e-05 -0.012789 -0.0154346 -0.012789 2.26603e-05 -0.00813202 -0.0154346 -0.00813202 4.0821e-05)
(2.24548e-05 -0.0127858 -0.0154315 -0.0127858 2.04495e-05 -0.00813054 -0.0154315 -0.00813054 4.19756e-05)
(2.0988e-05 -0.0127864 -0.0154244 -0.0127864 2.12225e-05 -0.00812675 -0.0154244 -0.00812675 5.82719e-05)
(-4.14424e-06 -0.0127898 -0.0154272 -0.0127898 2.76803e-05 -0.00811807 -0.0154272 -0.00811807 7.56105e-05)
(3.6685e-05 -0.012788 -0.0154209 -0.012788 2.49476e-05 -0.00813375 -0.0154209 -0.00813375 6.15545e-05)
(7.70969e-05 -0.0127956 -0.0154175 -0.0127956 2.70268e-05 -0.00813282 -0.0154175 -0.00813282 6.25439e-05)
(4.20126e-05 -0.0127905 -0.0154195 -0.0127905 2.60923e-05 -0.00812115 -0.0154195 -0.00812115 8.1527e-05)
(2.61253e-05 -0.0127852 -0.0154304 -0.0127852 2.01451e-05 -0.00812722 -0.0154304 -0.00812722 5.9057e-05)
(5.6795e-06 -0.0127921 -0.0154264 -0.0127921 2.99765e-05 -0.00811585 -0.0154264 -0.00811585 9.17249e-05)
(5.50797e-05 -0.0127893 -0.0154163 -0.0127893 2.52284e-05 -0.00812481 -0.0154163 -0.00812481 6.24899e-05)
(3.68504e-05 -0.0127885 -0.0154231 -0.0127885 2.28855e-05 -0.00812937 -0.0154231 -0.00812937 5.08882e-05)
(2.21566e-05 -0.0127869 -0.0154246 -0.0127869 2.31977e-05 -0.0081254 -0.0154246 -0.0081254 7.65117e-05)
(3.52531e-05 -0.0127871 -0.0154243 -0.0127871 2.26602e-05 -0.00813055 -0.0154243 -0.00813055 6.11845e-05)
(3.08834e-05 -0.0127892 -0.0154177 -0.0127892 2.85452e-05 -0.00811768 -0.0154177 -0.00811768 8.38679e-05)
(6.59208e-05 -0.0127906 -0.0154121 -0.0127906 2.80819e-05 -0.00812081 -0.0154121 -0.00812081 8.00843e-05)
(2.21975e-05 -0.0127856 -0.0154262 -0.0127856 2.09962e-05 -0.00812797 -0.0154262 -0.00812797 6.29448e-05)
(1.71838e-05 -0.012786 -0.0154335 -0.012786 2.04897e-05 -0.00812351 -0.0154335 -0.00812351 7.23153e-05)
(4.87073e-05 -0.0127936 -0.0154277 -0.0127936 2.58566e-05 -0.00813341 -0.0154277 -0.00813341 3.86348e-05)
(1.71855e-06 -0.0127938 -0.015436 -0.0127938 3.62866e-05 -0.00812342 -0.015436 -0.00812342 5.36516e-05)
(5.84244e-06 -0.0127868 -0.0154274 -0.0127868 2.23144e-05 -0.0081229 -0.0154274 -0.0081229 6.59259e-05)
(4.15719e-05 -0.0127878 -0.0154274 -0.0127878 3.03247e-05 -0.00813779 -0.0154274 -0.00813779 4.76248e-05)
(3.83533e-05 -0.0127899 -0.0154311 -0.0127899 2.28511e-05 -0.00812922 -0.0154311 -0.00812922 5.14352e-05)
(6.12628e-05 -0.012796 -0.0154215 -0.012796 2.92162e-05 -0.00813571 -0.0154215 -0.00813571 4.94714e-05)
(4.55588e-05 -0.0127887 -0.0154159 -0.0127887 2.52314e-05 -0.00812513 -0.0154159 -0.00812513 7.05573e-05)
(6.42825e-05 -0.0127908 -0.0154097 -0.0127908 2.90588e-05 -0.00813049 -0.0154097 -0.00813049 0.000102008)
(1.3499e-05 -0.0127925 -0.0154259 -0.0127925 2.95702e-05 -0.00811834 -0.0154259 -0.00811834 0.000102485)
(6.72929e-05 -0.0127915 -0.0154099 -0.0127915 2.73114e-05 -0.00813041 -0.0154099 -0.00813041 9.32687e-05)
(6.2434e-05 -0.0127963 -0.015419 -0.0127963 2.80521e-05 -0.00813465 -0.015419 -0.00813465 5.14035e-05)
(1.87571e-05 -0.0127904 -0.0154286 -0.0127904 2.57271e-05 -0.00812341 -0.0154286 -0.00812341 5.28285e-05)
(1.06911e-05 -0.0127881 -0.0154282 -0.0127881 2.29343e-05 -0.00812355 -0.0154282 -0.00812355 5.9045e-05)
(4.02214e-05 -0.0127866 -0.0154216 -0.0127866 2.5968e-05 -0.00813436 -0.0154216 -0.00813436 7.76815e-05)
(7.60333e-05 -0.0127973 -0.0154134 -0.0127973 4.0787e-05 -0.00814569 -0.0154134 -0.00814569 9.35e-05)
(6.30504e-05 -0.0127947 -0.0154136 -0.0127947 3.01038e-05 -0.0081371 -0.0154136 -0.0081371 7.5794e-05)
(3.68892e-05 -0.012791 -0.0154268 -0.012791 2.13859e-05 -0.00813022 -0.0154268 -0.00813022 3.7313e-05)
(1.82025e-05 -0.0127858 -0.0154317 -0.0127858 1.92412e-05 -0.00812997 -0.0154317 -0.00812997 3.2082e-05)
(1.23039e-05 -0.0127918 -0.0154359 -0.0127918 2.45829e-05 -0.00812687 -0.0154359 -0.00812687 4.36654e-05)
(9.40162e-05 -0.0127999 -0.0154093 -0.0127999 3.41294e-05 -0.00813848 -0.0154093 -0.00813848 8.02553e-05)
(8.32646e-05 -0.0127936 -0.0154046 -0.0127936 2.77573e-05 -0.00813187 -0.0154046 -0.00813187 9.32148e-05)
(9.60174e-06 -0.0127893 -0.0154355 -0.0127893 2.2432e-05 -0.00812755 -0.0154355 -0.00812755 4.11692e-05)
(3.55843e-05 -0.0127824 -0.015436 -0.0127824 2.05703e-05 -0.00813031 -0.015436 -0.00813031 3.06335e-05)
(4.59151e-05 -0.0127822 -0.015432 -0.0127822 2.91139e-05 -0.00813335 -0.015432 -0.00813335 2.88347e-05)
(8.87412e-05 -0.012802 -0.015414 -0.012802 3.40931e-05 -0.00813816 -0.015414 -0.00813816 6.13665e-05)
(0.000125043 -0.0128114 -0.0154167 -0.0128114 4.04378e-05 -0.00813953 -0.0154167 -0.00813953 5.38573e-05)
(2.84264e-05 -0.0127846 -0.0154311 -0.0127846 2.07584e-05 -0.00813075 -0.0154311 -0.00813075 3.87237e-05)
(1.70702e-05 -0.0127929 -0.0154406 -0.0127929 2.59184e-05 -0.00811765 -0.0154406 -0.00811765 8.22775e-05)
(5.08802e-05 -0.0127905 -0.015414 -0.0127905 2.77021e-05 -0.00812346 -0.015414 -0.00812346 9.8869e-05)
(8.00709e-05 -0.0128095 -0.0154183 -0.0128095 5.79687e-05 -0.00815169 -0.0154183 -0.00815169 6.54692e-05)
(4.7611e-05 -0.0127902 -0.0154178 -0.0127902 2.48883e-05 -0.00813153 -0.0154178 -0.00813153 5.89872e-05)
(4.3111e-05 -0.0127892 -0.0154231 -0.0127892 2.90929e-05 -0.00812332 -0.0154231 -0.00812332 6.39264e-05)
(3.73434e-05 -0.0127869 -0.0154222 -0.0127869 2.51614e-05 -0.00813353 -0.0154222 -0.00813353 7.2896e-05)
(7.1459e-05 -0.0127907 -0.0154207 -0.0127907 4.07216e-05 -0.00814752 -0.0154207 -0.00814752 0.000112479)
(7.11669e-05 -0.0127964 -0.0154196 -0.0127964 4.75478e-05 -0.00814929 -0.0154196 -0.00814929 8.57658e-05)
(7.46327e-05 -0.0127969 -0.0154121 -0.0127969 3.31654e-05 -0.0081394 -0.0154121 -0.0081394 8.47229e-05)
(0.00010058 -0.0127944 -0.0154024 -0.0127944 2.93479e-05 -0.00813089 -0.0154024 -0.00813089 9.77794e-05)
(4.00843e-05 -0.0127869 -0.0154228 -0.0127869 2.73106e-05 -0.00813503 -0.0154228 -0.00813503 9.46147e-05)
(6.91068e-05 -0.0127886 -0.0154263 -0.0127886 4.15972e-05 -0.00814825 -0.0154263 -0.00814825 0.000112438)
(7.46584e-05 -0.0127973 -0.0154149 -0.0127973 4.09976e-05 -0.00814675 -0.0154149 -0.00814675 0.000103899)
(9.76742e-05 -0.0127943 -0.0154032 -0.0127943 2.964e-05 -0.00813118 -0.0154032 -0.00813118 9.64968e-05)
(7.11324e-05 -0.0127933 -0.0154139 -0.0127933 2.68942e-05 -0.00813146 -0.0154139 -0.00813146 6.54665e-05)
(3.14691e-05 -0.0127803 -0.0154365 -0.0127803 1.97035e-05 -0.00813047 -0.0154365 -0.00813047 3.31028e-05)
(1.52376e-05 -0.0127872 -0.0154303 -0.0127872 2.20655e-05 -0.00812477 -0.0154303 -0.00812477 6.13245e-05)
(2.1775e-05 -0.0127902 -0.0154224 -0.0127902 2.70329e-05 -0.00811984 -0.0154224 -0.00811984 8.75692e-05)
(3.51943e-05 -0.0127884 -0.0154273 -0.0127884 2.2135e-05 -0.00813037 -0.0154273 -0.00813037 4.7603e-05)
(4.89841e-05 -0.0127915 -0.015421 -0.0127915 2.28132e-05 -0.00812857 -0.015421 -0.00812857 5.62527e-05)
(2.44107e-05 -0.0127893 -0.0154215 -0.0127893 2.47146e-05 -0.00811991 -0.0154215 -0.00811991 8.59135e-05)
(1.75221e-05 -0.0127878 -0.0154236 -0.0127878 2.24872e-05 -0.00812209 -0.0154236 -0.00812209 7.57707e-05)
(3.44186e-07 -0.0127879 -0.0154303 -0.0127879 2.4014e-05 -0.00812032 -0.0154303 -0.00812032 8.70217e-05)
(7.51146e-05 -0.0127973 -0.0154163 -0.0127973 3.02012e-05 -0.00813606 -0.0154163 -0.00813606 5.79949e-05)
(9.30876e-05 -0.0128027 -0.0154233 -0.0128027 3.38345e-05 -0.00813692 -0.0154233 -0.00813692 4.80964e-05)
(4.92215e-05 -0.0127765 -0.0154338 -0.0127765 2.13749e-05 -0.00813262 -0.0154338 -0.00813262 4.24026e-05)
(6.04583e-06 -0.0128005 -0.0154488 -0.0128005 3.09622e-05 -0.00811288 -0.0154488 -0.00811288 8.23898e-05)
(-5.97421e-06 -0.0127974 -0.015439 -0.0127974 4.61509e-05 -0.00811708 -0.015439 -0.00811708 7.66465e-05)
(4.38221e-05 -0.0127872 -0.0154166 -0.0127872 2.53204e-05 -0.00812361 -0.0154166 -0.00812361 7.37514e-05)
(4.29393e-05 -0.0127888 -0.0154201 -0.0127888 2.39949e-05 -0.00812959 -0.0154201 -0.00812959 5.54252e-05)
(8.90763e-05 -0.012793 -0.0154113 -0.012793 2.75796e-05 -0.00812731 -0.0154113 -0.00812731 6.86183e-05)
(-9.91694e-06 -0.0127975 -0.0154341 -0.0127975 3.7776e-05 -0.00811127 -0.0154341 -0.00811127 9.06203e-05)
(-2.82803e-05 -0.0127999 -0.0154404 -0.0127999 3.88083e-05 -0.00811015 -0.0154404 -0.00811015 9.56019e-05)
(7.65922e-05 -0.0127988 -0.0154184 -0.0127988 3.3097e-05 -0.00813783 -0.0154184 -0.00813783 5.78578e-05)
(3.15305e-05 -0.0127874 -0.0154324 -0.0127874 2.97746e-05 -0.00813364 -0.0154324 -0.00813364 2.81023e-05)
(1.66619e-05 -0.0127856 -0.015437 -0.0127856 2.17399e-05 -0.00813141 -0.015437 -0.00813141 3.34401e-05)
(-1.6505e-05 -0.0128075 -0.0154519 -0.0128075 4.77697e-05 -0.00813327 -0.0154519 -0.00813327 4.98702e-05)
(3.13926e-06 -0.0127923 -0.0154329 -0.0127923 2.92833e-05 -0.00811966 -0.0154329 -0.00811966 6.59951e-05)
(6.86191e-05 -0.0128029 -0.0154264 -0.0128029 4.74628e-05 -0.00814242 -0.0154264 -0.00814242 4.23854e-05)
(8.72543e-05 -0.0128118 -0.0154198 -0.0128118 5.30854e-05 -0.00814595 -0.0154198 -0.00814595 5.14977e-05)
(3.57528e-05 -0.0127933 -0.0154262 -0.0127933 3.08311e-05 -0.00811905 -0.0154262 -0.00811905 7.0208e-05)
(5.89785e-06 -0.012791 -0.0154386 -0.012791 2.38451e-05 -0.00812771 -0.0154386 -0.00812771 3.82374e-05)
(2.79913e-05 -0.0127864 -0.0154366 -0.0127864 2.28089e-05 -0.00813251 -0.0154366 -0.00813251 3.65716e-05)
(0.000110291 -0.0127974 -0.0154068 -0.0127974 2.92037e-05 -0.00813162 -0.0154068 -0.00813162 7.52409e-05)
(5.20529e-05 -0.0127901 -0.0154203 -0.0127901 3.07706e-05 -0.00813889 -0.0154203 -0.00813889 7.74429e-05)
(2.55733e-05 -0.012784 -0.0154292 -0.012784 1.98709e-05 -0.00812845 -0.0154292 -0.00812845 5.86093e-05)
(1.82654e-05 -0.0127892 -0.0154314 -0.0127892 2.13731e-05 -0.00812382 -0.0154314 -0.00812382 5.72836e-05)
(5.03364e-05 -0.0127902 -0.0154217 -0.0127902 2.51439e-05 -0.00813286 -0.0154217 -0.00813286 6.59197e-05)
(7.32469e-05 -0.0127904 -0.0154131 -0.0127904 2.61688e-05 -0.00812573 -0.0154131 -0.00812573 6.77859e-05)
(5.9948e-05 -0.0127969 -0.0154241 -0.0127969 2.92656e-05 -0.00813538 -0.0154241 -0.00813538 4.13465e-05)
(3.8675e-05 -0.0127886 -0.0154282 -0.0127886 2.51946e-05 -0.008134 -0.0154282 -0.008134 4.23605e-05)
(-1.57221e-05 -0.0127996 -0.0154417 -0.0127996 3.38311e-05 -0.00811202 -0.0154417 -0.00811202 8.97414e-05)
(4.63956e-05 -0.0127898 -0.0154169 -0.0127898 2.72287e-05 -0.00813352 -0.0154169 -0.00813352 9.57539e-05)
(9.80759e-05 -0.0128048 -0.015412 -0.0128048 3.90019e-05 -0.00814153 -0.015412 -0.00814153 6.74519e-05)
(5.93575e-05 -0.0127992 -0.0154278 -0.0127992 4.83555e-05 -0.00814243 -0.0154278 -0.00814243 3.99318e-05)
(4.63502e-05 -0.0127909 -0.0154294 -0.0127909 2.97831e-05 -0.00813545 -0.0154294 -0.00813545 3.84392e-05)
(2.28744e-05 -0.0127945 -0.0154284 -0.0127945 3.68382e-05 -0.00811384 -0.0154284 -0.00811384 7.92702e-05)
(3.47214e-05 -0.0127899 -0.0154222 -0.0127899 2.22128e-05 -0.00812355 -0.0154222 -0.00812355 7.18205e-05)
(3.19439e-05 -0.012788 -0.0154244 -0.012788 2.14162e-05 -0.00812951 -0.0154244 -0.00812951 5.20663e-05)
(4.63798e-05 -0.0127913 -0.0154367 -0.0127913 3.54682e-05 -0.00812764 -0.0154367 -0.00812764 6.25315e-05)
(6.71581e-05 -0.0127925 -0.0154343 -0.0127925 2.69222e-05 -0.00813073 -0.0154343 -0.00813073 5.25832e-05)
(4.70017e-05 -0.0127858 -0.0154281 -0.0127858 2.76205e-05 -0.008136 -0.0154281 -0.008136 5.28778e-05)
(3.20803e-05 -0.0127885 -0.0154235 -0.0127885 2.22124e-05 -0.00812526 -0.0154235 -0.00812526 7.57686e-05)
(3.45293e-05 -0.0127886 -0.0154285 -0.0127886 2.14961e-05 -0.00812944 -0.0154285 -0.00812944 4.77822e-05)
(8.12126e-05 -0.0128046 -0.0154229 -0.0128046 6.46344e-05 -0.00815073 -0.0154229 -0.00815073 5.59254e-05)
(0.000103727 -0.0128087 -0.01541 -0.0128087 5.46975e-05 -0.00815114 -0.01541 -0.00815114 9.49397e-05)
(0.000100416 -0.0127943 -0.0154162 -0.0127943 3.77131e-05 -0.00811655 -0.0154162 -0.00811655 8.71634e-05)
(-2.00964e-05 -0.0128024 -0.0154403 -0.0128024 4.75031e-05 -0.00811468 -0.0154403 -0.00811468 7.48823e-05)
(2.59225e-05 -0.0127871 -0.0154314 -0.0127871 2.0965e-05 -0.00812639 -0.0154314 -0.00812639 5.31831e-05)
(1.76847e-05 -0.0127907 -0.0154234 -0.0127907 2.92338e-05 -0.00811762 -0.0154234 -0.00811762 7.67453e-05)
(4.54777e-05 -0.0127903 -0.0154133 -0.0127903 3.11414e-05 -0.0081167 -0.0154133 -0.0081167 0.000101562)
(6.86094e-05 -0.0127965 -0.0154141 -0.0127965 3.8328e-05 -0.00814453 -0.0154141 -0.00814453 9.16157e-05)
(1.67856e-05 -0.0127864 -0.0154266 -0.0127864 2.32352e-05 -0.00812509 -0.0154266 -0.00812509 8.82176e-05)
(1.88084e-05 -0.0127878 -0.0154331 -0.0127878 2.15634e-05 -0.00812595 -0.0154331 -0.00812595 5.28308e-05)
(6.22398e-05 -0.012795 -0.0154213 -0.012795 2.85315e-05 -0.00813489 -0.0154213 -0.00813489 4.99885e-05)
(0.000101394 -0.0127952 -0.015401 -0.0127952 3.08819e-05 -0.00813262 -0.015401 -0.00813262 9.98135e-05)
(1.88749e-05 -0.0127872 -0.0154204 -0.0127872 2.51578e-05 -0.00812443 -0.0154204 -0.00812443 9.74462e-05)
(2.10699e-05 -0.0127898 -0.01544 -0.0127898 2.27646e-05 -0.00812206 -0.01544 -0.00812206 6.32708e-05)
(1.01816e-05 -0.0127934 -0.0154316 -0.0127934 2.98485e-05 -0.00811902 -0.0154316 -0.00811902 7.92604e-05)
(0.000103845 -0.0127937 -0.0154063 -0.0127937 3.48918e-05 -0.00811631 -0.0154063 -0.00811631 0.000104293)
(6.07076e-05 -0.0127917 -0.0154108 -0.0127917 3.03919e-05 -0.00813388 -0.0154108 -0.00813388 0.00010935)
(1.93279e-05 -0.0127875 -0.0154264 -0.0127875 2.63728e-05 -0.00812937 -0.0154264 -0.00812937 0.000107457)
(-3.49523e-05 -0.0127994 -0.0154421 -0.0127994 4.79623e-05 -0.00811131 -0.0154421 -0.00811131 7.48085e-05)
(6.21548e-05 -0.012795 -0.0154206 -0.012795 2.91511e-05 -0.00813583 -0.0154206 -0.00813583 6.48622e-05)
(0.000110903 -0.012804 -0.01541 -0.012804 4.14368e-05 -0.00814655 -0.01541 -0.00814655 0.000129477)
(4.98354e-05 -0.0127936 -0.0154169 -0.0127936 3.22276e-05 -0.00811789 -0.0154169 -0.00811789 0.000109304)
(1.12809e-05 -0.0127886 -0.0154272 -0.0127886 2.47298e-05 -0.00812227 -0.0154272 -0.00812227 9.8477e-05)
(-7.2982e-05 -0.0128061 -0.0154471 -0.0128061 5.90769e-05 -0.00810917 -0.0154471 -0.00810917 8.04737e-05)
(1.56151e-05 -0.0127981 -0.0154437 -0.0127981 4.13519e-05 -0.00812482 -0.0154437 -0.00812482 6.16555e-05)
(6.95041e-05 -0.0127942 -0.0154142 -0.0127942 2.91099e-05 -0.00813493 -0.0154142 -0.00813493 9.36979e-05)
(7.28602e-05 -0.0127929 -0.0154136 -0.0127929 2.52641e-05 -0.00812898 -0.0154136 -0.00812898 7.5387e-05)
(-4.36969e-06 -0.0127929 -0.0154349 -0.0127929 2.62331e-05 -0.00811925 -0.0154349 -0.00811925 6.15307e-05)
(-0.000136985 -0.0128228 -0.015463 -0.0128228 7.34198e-05 -0.00810011 -0.015463 -0.00810011 8.77758e-05)
(-4.43061e-05 -0.0128051 -0.0154443 -0.0128051 5.97243e-05 -0.00810857 -0.0154443 -0.00810857 8.68794e-05)
(6.35099e-05 -0.0127911 -0.0154178 -0.0127911 2.42551e-05 -0.00812901 -0.0154178 -0.00812901 6.97786e-05)
(7.96668e-05 -0.0127916 -0.0154175 -0.0127916 2.49429e-05 -0.00812725 -0.0154175 -0.00812725 5.96544e-05)
(1.24591e-05 -0.012793 -0.0154295 -0.012793 3.44301e-05 -0.00811839 -0.0154295 -0.00811839 7.03031e-05)
(2.15556e-05 -0.0127833 -0.0154315 -0.0127833 2.01717e-05 -0.00812755 -0.0154315 -0.00812755 6.56425e-05)
(5.88107e-05 -0.0127966 -0.0154253 -0.0127966 2.76147e-05 -0.00813434 -0.0154253 -0.00813434 3.86351e-05)
(8.47948e-05 -0.0128016 -0.0154147 -0.0128016 3.57667e-05 -0.00813981 -0.0154147 -0.00813981 6.46826e-05)
(6.73059e-05 -0.0127886 -0.0154262 -0.0127886 4.83316e-05 -0.00814736 -0.0154262 -0.00814736 6.41925e-05)
(7.29266e-05 -0.012794 -0.0154183 -0.012794 2.56229e-05 -0.0081235 -0.0154183 -0.0081235 6.92802e-05)
(-1.13072e-05 -0.0127936 -0.0154386 -0.0127936 2.96748e-05 -0.00812361 -0.0154386 -0.00812361 4.75569e-05)
(-4.86332e-06 -0.0127913 -0.0154359 -0.0127913 2.64883e-05 -0.00812245 -0.0154359 -0.00812245 5.82307e-05)
(2.76559e-05 -0.0127904 -0.0154215 -0.0127904 2.68723e-05 -0.00811879 -0.0154215 -0.00811879 9.19702e-05)
(5.7607e-05 -0.0127906 -0.015417 -0.0127906 3.31119e-05 -0.00811463 -0.015417 -0.00811463 8.35587e-05)
(2.60459e-05 -0.01279 -0.0154282 -0.01279 3.86938e-05 -0.00812016 -0.0154282 -0.00812016 6.15434e-05)
(3.00995e-05 -0.0127875 -0.0154276 -0.0127875 2.47895e-05 -0.00813473 -0.0154276 -0.00813473 4.31651e-05)
(5.63507e-05 -0.0127987 -0.0154254 -0.0127987 4.22697e-05 -0.00814231 -0.0154254 -0.00814231 4.73387e-05)
(7.14278e-05 -0.0127945 -0.0154186 -0.0127945 2.3583e-05 -0.00812792 -0.0154186 -0.00812792 5.99021e-05)
(5.68325e-05 -0.0127932 -0.0154278 -0.0127932 2.70329e-05 -0.00813368 -0.0154278 -0.00813368 4.43359e-05)
(7.0924e-05 -0.0127912 -0.0154251 -0.0127912 3.83299e-05 -0.00814336 -0.0154251 -0.00814336 7.08322e-05)
(8.30309e-05 -0.0127962 -0.0154117 -0.0127962 3.56953e-05 -0.00814088 -0.0154117 -0.00814088 0.000115001)
(5.06289e-05 -0.0127942 -0.0154181 -0.0127942 3.14498e-05 -0.00812176 -0.0154181 -0.00812176 0.000112383)
(2.76163e-05 -0.0127895 -0.0154264 -0.0127895 2.31079e-05 -0.00812337 -0.0154264 -0.00812337 8.60837e-05)
(5.02672e-05 -0.0127914 -0.0154251 -0.0127914 2.84274e-05 -0.00813632 -0.0154251 -0.00813632 5.44868e-05)
(5.80307e-05 -0.0127927 -0.0154193 -0.0127927 3.2411e-05 -0.00813951 -0.0154193 -0.00813951 7.10632e-05)
(3.9297e-05 -0.0127901 -0.0154168 -0.0127901 2.82861e-05 -0.00812342 -0.0154168 -0.00812342 0.000102532)
(5.42851e-05 -0.0127921 -0.0154177 -0.0127921 3.29015e-05 -0.00811468 -0.0154177 -0.00811468 9.48095e-05)
(2.21011e-05 -0.01279 -0.0154222 -0.01279 2.73973e-05 -0.00811582 -0.0154222 -0.00811582 8.45265e-05)
(6.18013e-05 -0.0127953 -0.0154217 -0.0127953 3.98313e-05 -0.00814528 -0.0154217 -0.00814528 7.8156e-05)
(4.52144e-05 -0.0127912 -0.0154165 -0.0127912 2.75772e-05 -0.00811953 -0.0154165 -0.00811953 9.70744e-05)
(-0.000103926 -0.0128126 -0.0154541 -0.0128126 6.4694e-05 -0.00810369 -0.0154541 -0.00810369 9.30604e-05)
(3.05193e-05 -0.0127893 -0.0154278 -0.0127893 2.1861e-05 -0.00812399 -0.0154278 -0.00812399 7.51669e-05)
(8.19377e-05 -0.0128085 -0.0154229 -0.0128085 4.16895e-05 -0.00813938 -0.0154229 -0.00813938 4.46178e-05)
(5.6259e-05 -0.0127966 -0.0154292 -0.0127966 3.86418e-05 -0.00813728 -0.0154292 -0.00813728 3.31379e-05)
(5.56934e-05 -0.0127933 -0.0154152 -0.0127933 3.10187e-05 -0.00812396 -0.0154152 -0.00812396 0.000113607)
(8.78417e-05 -0.0127949 -0.0154061 -0.0127949 3.38435e-05 -0.00813358 -0.0154061 -0.00813358 0.00012312)
(3.04774e-05 -0.0127843 -0.0154306 -0.0127843 1.87652e-05 -0.00812919 -0.0154306 -0.00812919 5.35969e-05)
(7.39194e-06 -0.0127942 -0.0154454 -0.0127942 2.64592e-05 -0.00812876 -0.0154454 -0.00812876 4.65217e-05)
(3.99487e-05 -0.0127903 -0.0154287 -0.0127903 3.08292e-05 -0.00812579 -0.0154287 -0.00812579 5.66924e-05)
(4.67311e-05 -0.0127911 -0.0154325 -0.0127911 2.72768e-05 -0.00812947 -0.0154325 -0.00812947 4.35813e-05)
(4.18868e-05 -0.0127948 -0.0154329 -0.0127948 3.75848e-05 -0.00812223 -0.0154329 -0.00812223 6.50677e-05)
(-2.4191e-05 -0.0127979 -0.0154398 -0.0127979 3.43412e-05 -0.00811605 -0.0154398 -0.00811605 6.88691e-05)
(-0.000135452 -0.0128386 -0.0154513 -0.0128386 9.1409e-05 -0.00813051 -0.0154513 -0.00813051 5.10076e-05)
(4.39983e-05 -0.0127921 -0.0154251 -0.0127921 3.60704e-05 -0.00812047 -0.0154251 -0.00812047 6.81516e-05)
(6.19203e-05 -0.0127946 -0.0154154 -0.0127946 3.41153e-05 -0.0081411 -0.0154154 -0.0081411 9.09162e-05)
(-2.67162e-05 -0.0128024 -0.0154461 -0.0128024 3.71237e-05 -0.0081116 -0.0154461 -0.0081116 8.74764e-05)
(-4.40051e-05 -0.0128034 -0.0154434 -0.0128034 4.4934e-05 -0.00811454 -0.0154434 -0.00811454 7.34257e-05)
(7.43591e-05 -0.0128019 -0.0154175 -0.0128019 4.79447e-05 -0.008149 -0.0154175 -0.008149 8.10638e-05)
(0.000120068 -0.0128125 -0.015409 -0.0128125 5.71494e-05 -0.00815098 -0.015409 -0.00815098 9.11443e-05)
(8.82719e-05 -0.0128131 -0.0154293 -0.0128131 4.04663e-05 -0.0081357 -0.0154293 -0.0081357 2.95489e-05)
(2.87859e-05 -0.0127866 -0.0154267 -0.0127866 2.28298e-05 -0.00813258 -0.0154267 -0.00813258 4.86865e-05)
(-2.87415e-05 -0.0128009 -0.015439 -0.0128009 4.06524e-05 -0.00811204 -0.015439 -0.00811204 9.22787e-05)
(4.29352e-05 -0.0127913 -0.0154199 -0.0127913 2.57619e-05 -0.00811954 -0.0154199 -0.00811954 8.78629e-05)
(8.47008e-05 -0.0127925 -0.0154182 -0.0127925 2.62027e-05 -0.00812582 -0.0154182 -0.00812582 6.24915e-05)
(3.66093e-05 -0.0127881 -0.0154164 -0.0127881 2.48176e-05 -0.00812448 -0.0154164 -0.00812448 8.3465e-05)
(7.90137e-05 -0.0127787 -0.0154375 -0.0127787 2.68324e-05 -0.00813576 -0.0154375 -0.00813576 9.1603e-05)
(3.72069e-05 -0.0127885 -0.0154256 -0.0127885 2.18967e-05 -0.0081268 -0.0154256 -0.0081268 6.68616e-05)
(8.69628e-05 -0.0128056 -0.0154169 -0.0128056 5.03196e-05 -0.00814724 -0.0154169 -0.00814724 7.08941e-05)
(6.0637e-05 -0.0127912 -0.0154261 -0.0127912 3.46878e-05 -0.00813937 -0.0154261 -0.00813937 5.5495e-05)
(5.39928e-05 -0.0127922 -0.0154236 -0.0127922 2.47562e-05 -0.00813213 -0.0154236 -0.00813213 5.48926e-05)
(6.57895e-05 -0.0127945 -0.015413 -0.0127945 2.80917e-05 -0.00813423 -0.015413 -0.00813423 8.14107e-05)
(1.80252e-05 -0.0127903 -0.0154234 -0.0127903 2.631e-05 -0.00811758 -0.0154234 -0.00811758 9.56995e-05)
(3.97146e-05 -0.0127876 -0.0154214 -0.0127876 2.66152e-05 -0.00813366 -0.0154214 -0.00813366 9.80257e-05)
(5.39948e-05 -0.0127913 -0.0154194 -0.0127913 2.49809e-05 -0.00813195 -0.0154194 -0.00813195 6.23573e-05)
(4.45478e-05 -0.0127915 -0.0154261 -0.0127915 2.7489e-05 -0.00812511 -0.0154261 -0.00812511 6.09653e-05)
(1.35696e-05 -0.0127889 -0.0154277 -0.0127889 2.30042e-05 -0.00812329 -0.0154277 -0.00812329 5.47057e-05)
(3.54206e-05 -0.0127894 -0.0154245 -0.0127894 2.07746e-05 -0.00812774 -0.0154245 -0.00812774 5.03216e-05)
(4.83325e-05 -0.012789 -0.0154225 -0.012789 2.65211e-05 -0.00813504 -0.0154225 -0.00813504 6.89978e-05)
(6.2435e-05 -0.0128033 -0.0154373 -0.0128033 6.22262e-05 -0.00813258 -0.0154373 -0.00813258 3.10966e-05)
(0.000107116 -0.0128134 -0.0154205 -0.0128134 4.63964e-05 -0.00814191 -0.0154205 -0.00814191 4.62056e-05)
(9.05082e-05 -0.0127946 -0.0154182 -0.0127946 4.51427e-05 -0.00815067 -0.0154182 -0.00815067 0.000134832)
(-1.85433e-07 -0.0128101 -0.0154577 -0.0128101 4.11355e-05 -0.00810739 -0.0154577 -0.00810739 9.66515e-05)
(-7.10988e-05 -0.0128125 -0.0154506 -0.0128125 6.26249e-05 -0.00811177 -0.0154506 -0.00811177 8.07335e-05)
(8.97861e-05 -0.0127942 -0.0154384 -0.0127942 3.19938e-05 -0.00813222 -0.0154384 -0.00813222 5.79742e-05)
(2.90501e-05 -0.0127886 -0.0154413 -0.0127886 2.36535e-05 -0.00813335 -0.0154413 -0.00813335 3.8635e-05)
(5.21689e-05 -0.0127874 -0.0154262 -0.0127874 3.36498e-05 -0.00814078 -0.0154262 -0.00814078 5.8722e-05)
(7.8004e-05 -0.0127946 -0.015412 -0.0127946 2.67259e-05 -0.0081308 -0.015412 -0.0081308 7.03321e-05)
(9.31171e-05 -0.0127931 -0.0154051 -0.0127931 2.90211e-05 -0.0081278 -0.0154051 -0.0081278 8.70426e-05)
(8.77748e-05 -0.0127951 -0.0154064 -0.0127951 3.27015e-05 -0.00813498 -0.0154064 -0.00813498 0.000108507)
(3.12666e-05 -0.012787 -0.0154293 -0.012787 2.24293e-05 -0.00813227 -0.0154293 -0.00813227 3.73693e-05)
(4.5977e-05 -0.0127809 -0.0154333 -0.0127809 4.25065e-05 -0.00813161 -0.0154333 -0.00813161 2.97154e-05)
(9.16534e-05 -0.012802 -0.0154149 -0.012802 3.5474e-05 -0.0081394 -0.0154149 -0.0081394 6.63831e-05)
(7.1608e-05 -0.0127933 -0.0154132 -0.0127933 2.72959e-05 -0.0081229 -0.0154132 -0.0081229 8.90782e-05)
(2.24502e-05 -0.012786 -0.015433 -0.012786 2.00247e-05 -0.00812364 -0.015433 -0.00812364 7.09222e-05)
(7.39142e-05 -0.0128102 -0.0154252 -0.0128102 7.07348e-05 -0.00814758 -0.0154252 -0.00814758 4.38819e-05)
(3.76231e-05 -0.01279 -0.0154258 -0.01279 2.28905e-05 -0.00812533 -0.0154258 -0.00812533 5.9457e-05)
(-0.000123886 -0.0128231 -0.0154577 -0.0128231 7.44768e-05 -0.00810899 -0.0154577 -0.00810899 7.48891e-05)
(-0.000143561 -0.0128207 -0.0154623 -0.0128207 7.3676e-05 -0.00810071 -0.0154623 -0.00810071 9.44329e-05)
(2.697e-05 -0.0127995 -0.0154295 -0.0127995 4.92189e-05 -0.00810705 -0.0154295 -0.00810705 0.000107124)
(-1.7407e-05 -0.0127988 -0.0154425 -0.0127988 3.77476e-05 -0.00812531 -0.0154425 -0.00812531 5.24559e-05)
(0.000100526 -0.012798 -0.0154188 -0.012798 2.88388e-05 -0.00813098 -0.0154188 -0.00813098 6.61348e-05)
(2.5128e-05 -0.0127892 -0.0154302 -0.0127892 2.0411e-05 -0.00812695 -0.0154302 -0.00812695 4.58718e-05)
(-1.80985e-05 -0.0128011 -0.0154446 -0.0128011 3.89462e-05 -0.00812359 -0.0154446 -0.00812359 5.48211e-05)
(7.31387e-05 -0.0127994 -0.015435 -0.0127994 3.01449e-05 -0.00813433 -0.015435 -0.00813433 4.07281e-05)
(4.35806e-05 -0.0127933 -0.01543 -0.0127933 2.54985e-05 -0.00813302 -0.01543 -0.00813302 3.26552e-05)
(4.67105e-06 -0.0127915 -0.015432 -0.0127915 2.47164e-05 -0.00811918 -0.015432 -0.00811918 6.80321e-05)
(-5.2677e-05 -0.0128055 -0.015447 -0.0128055 4.92115e-05 -0.00811288 -0.015447 -0.00811288 7.1995e-05)
(3.84113e-05 -0.0127902 -0.0154337 -0.0127902 2.47326e-05 -0.00813308 -0.0154337 -0.00813308 3.84172e-05)
(1.32026e-05 -0.012791 -0.0154324 -0.012791 3.44079e-05 -0.0081252 -0.0154324 -0.0081252 5.9451e-05)
(-0.000108478 -0.0128149 -0.0154532 -0.0128149 7.74917e-05 -0.00811954 -0.0154532 -0.00811954 6.15269e-05)
(5.71566e-05 -0.0127917 -0.0154259 -0.0127917 2.40623e-05 -0.00812727 -0.0154259 -0.00812727 5.25314e-05)
(6.28527e-05 -0.0127955 -0.0154324 -0.0127955 2.99356e-05 -0.0081342 -0.0154324 -0.0081342 4.19503e-05)
(4.23486e-06 -0.0127936 -0.0154395 -0.0127936 2.56176e-05 -0.00812114 -0.0154395 -0.00812114 5.88661e-05)
