/*--------------------------------*- C++ -*----------------------------------*\
  =========                 |
  \\      /  F ield         | OpenFOAM: The Open Source CFD Toolbox
   \\    /   O peration     | Website:  https://openfoam.org
    \\  /    A nd           | Version:  10
     \\/     M anipulation  |
\*---------------------------------------------------------------------------*/
FoamFile
{
    format      ascii;
    class       volTensorField;
    location    "8";
    object      TauNN;
}
// * * * * * * * * * * * * * * * * * * * * * * * * * * * * * * * * * * * * * //

dimensions      [0 2 -2 0 0 0 0];

internalField   nonuniform List<tensor> 
25600
(
(-0.00106172 -0.00211788 0.00489949 -0.00211788 0.00859897 -0.00206724 0.00489949 -0.00206724 0.0073078)
(-0.00124804 -0.00312624 0.00627419 -0.00312624 0.00995509 -0.00204636 0.00627419 -0.00204636 0.00853507)
(0.000155495 -0.00338482 0.00557091 -0.00338482 0.00943578 -0.00199551 0.00557091 -0.00199551 0.00891367)
(0.000696484 -0.00216234 0.00453299 -0.00216234 0.00802074 -0.00258359 0.00453299 -0.00258359 0.00634066)
(-0.00110491 -0.00315121 0.00544761 -0.00315121 0.00939079 -0.00165983 0.00544761 -0.00165983 0.00878376)
(-0.00141363 -0.003013 0.00618575 -0.003013 0.00993732 -0.0019852 0.00618575 -0.0019852 0.00848189)
(-0.00133677 -0.00286172 0.00616728 -0.00286172 0.00999873 -0.00202638 0.00616728 -0.00202638 0.00845112)
(0.000751158 -0.00352636 0.00570725 -0.00352636 0.0097122 -0.0019259 0.00570725 -0.0019259 0.00934131)
(0.000677848 -0.0026066 0.00478464 -0.0026066 0.0086071 -0.00276034 0.00478464 -0.00276034 0.00677179)
(0.00236407 -0.00233018 0.00407849 -0.00233018 0.00750776 -0.00289138 0.00407849 -0.00289138 0.00557934)
(0.00439021 -0.0030203 0.00293497 -0.0030203 0.0065752 -0.00322602 0.00293497 -0.00322602 0.00514381)
(-0.000189841 -0.00279969 0.00457504 -0.00279969 0.008433 -0.00257608 0.00457504 -0.00257608 0.00711236)
(-0.0012669 -0.00290108 0.0053983 -0.00290108 0.00912354 -0.00172148 0.0053983 -0.00172148 0.00830202)
(-0.00182794 -0.00272157 0.00529589 -0.00272157 0.0093894 -0.00118869 0.00529589 -0.00118869 0.0083829)
(-0.0013993 -0.00262075 0.00576416 -0.00262075 0.00999736 -0.00182645 0.00576416 -0.00182645 0.00854778)
(-0.00101985 -0.00338309 0.00540791 -0.00338309 0.00942076 -0.00125021 0.00540791 -0.00125021 0.00950563)
(0.00347268 -0.00224447 0.0038903 -0.00224447 0.00728101 -0.00274896 0.0038903 -0.00274896 0.00567658)
(-0.00089691 -0.000577585 0.00457107 -0.000577585 0.00851509 -0.00158686 0.00457107 -0.00158686 0.00498368)
(0.0006256 -2.97958e-05 0.00392851 -2.97958e-05 0.00869221 -0.00148202 0.00392851 -0.00148202 0.00456064)
(0.00666348 -0.00231358 0.0011561 -0.00231358 0.00605594 -0.0032347 0.0011561 -0.0032347 0.0048452)
(0.00117192 -0.0022163 0.00409202 -0.0022163 0.00809078 -0.00222696 0.00409202 -0.00222696 0.0066632)
(-0.00167542 -0.00281966 0.00539199 -0.00281966 0.0092739 -0.00130674 0.00539199 -0.00130674 0.00833524)
(-0.000632701 -0.00136926 0.00505951 -0.00136926 0.0090469 -0.0016893 0.00505951 -0.0016893 0.00578734)
(-0.000884622 -0.00350136 0.00595378 -0.00350136 0.00969833 -0.00192313 0.00595378 -0.00192313 0.00879048)
(0.00170593 -0.00242891 0.00412147 -0.00242891 0.00770186 -0.00279932 0.00412147 -0.00279932 0.00602315)
(0.000478305 -0.00233187 0.00430238 -0.00233187 0.00797956 -0.00259585 0.00430238 -0.00259585 0.00643993)
(0.000715752 -0.0018674 0.00423689 -0.0018674 0.0078856 -0.00232435 0.00423689 -0.00232435 0.00629738)
(-0.000466363 -0.00103355 0.00460996 -0.00103355 0.0083492 -0.00128645 0.00460996 -0.00128645 0.00687321)
(-0.00134498 -0.00299032 0.00497347 -0.00299032 0.00935073 -0.000970338 0.00497347 -0.000970338 0.0094274)
(-0.000364364 -0.00353785 0.00583556 -0.00353785 0.0097764 -0.001628 0.00583556 -0.001628 0.00943962)
(6.54103e-05 -0.00263087 0.00511188 -0.00263087 0.00879569 -0.0024396 0.00511188 -0.0024396 0.00754526)
(0.00167823 -0.00236447 0.0040968 -0.00236447 0.0075894 -0.00285352 0.0040968 -0.00285352 0.0058026)
(-0.00111093 -0.00264528 0.00519997 -0.00264528 0.00891931 -0.00198482 0.00519997 -0.00198482 0.00809248)
(-0.00108034 -0.00224859 0.00500778 -0.00224859 0.00866635 -0.00192837 0.00500778 -0.00192837 0.00775045)
(-0.00166327 -0.00286529 0.00533716 -0.00286529 0.00928755 -0.00127436 0.00533716 -0.00127436 0.00857352)
(-0.000959003 -0.00215603 0.00500561 -0.00215603 0.00982267 -0.00144893 0.00500561 -0.00144893 0.00791887)
(-0.000198696 -0.0028654 0.006177 -0.0028654 0.0100443 -0.00207007 0.006177 -0.00207007 0.00844325)
(-0.000769984 -0.00269552 0.00650958 -0.00269552 0.010149 -0.00240931 0.00650958 -0.00240931 0.00856728)
(0.00161433 -0.00305188 0.00540004 -0.00305188 0.0093746 -0.00240973 0.00540004 -0.00240973 0.00853418)
(0.0015092 -0.00262121 0.00451336 -0.00262121 0.00799872 -0.00282197 0.00451336 -0.00282197 0.00637676)
(0.00747959 -0.00247373 0.00338861 -0.00247373 0.00915866 -0.0025749 0.00338861 -0.0025749 0.00858107)
(0.000252947 -0.0022865 0.00538421 -0.0022865 0.00972233 -0.00178878 0.00538421 -0.00178878 0.00764327)
(0.000877029 -0.00263653 0.00582298 -0.00263653 0.00936832 -0.00231 0.00582298 -0.00231 0.00811792)
(0.00133482 -0.00116524 0.00633467 -0.00116524 0.00848413 -0.00280889 0.00633467 -0.00280889 0.00788764)
(0.00287964 -0.000461581 0.00438608 -0.000461581 0.00930417 -0.00145935 0.00438608 -0.00145935 0.00629461)
(0.00335635 -0.00147713 0.00461101 -0.00147713 0.00963165 -0.0014893 0.00461101 -0.0014893 0.00624668)
(0.00407504 -0.00142552 0.00414774 -0.00142552 0.00947818 -0.00131825 0.00414774 -0.00131825 0.00594755)
(0.00225382 -0.00200714 0.00532353 -0.00200714 0.00928974 -0.00186203 0.00532353 -0.00186203 0.0064486)
(0.00186595 -0.00201358 0.00469417 -0.00201358 0.00884289 -0.00296436 0.00469417 -0.00296436 0.00678656)
(0.00441557 -0.00342316 0.00333881 -0.00342316 0.00847555 -0.00324877 0.00333881 -0.00324877 0.00573176)
(0.0148768 -0.00146623 0.0031305 -0.00146623 0.00363188 0.000321288 0.0031305 0.000321288 0.0126891)
(0.00821856 1.18176e-05 0.00415564 1.18176e-05 0.00416011 -0.00353184 0.00415564 -0.00353184 0.00800042)
(0.00311058 -0.00010991 0.00690336 -0.00010991 0.00838822 -0.00239738 0.00690336 -0.00239738 0.00826406)
(0.00544205 -0.000290601 0.00380354 -0.000290601 0.0092204 -0.00129649 0.00380354 -0.00129649 0.00588588)
(0.00437808 -0.0012054 0.00303782 -0.0012054 0.0091959 -0.000200758 0.00303782 -0.000200758 0.00764759)
(0.00258988 -0.00143679 0.00332433 -0.00143679 0.00862012 -0.000467777 0.00332433 -0.000467777 0.00884353)
(-0.000585931 -0.00192474 0.00593716 -0.00192474 0.00857736 -0.00275914 0.00593716 -0.00275914 0.00784559)
(-0.000342992 -0.000101035 0.00573602 -0.000101035 0.00852282 -0.00192859 0.00573602 -0.00192859 0.00729705)
(-3.00948e-05 -0.000268281 0.00408943 -0.000268281 0.00863917 -0.00128712 0.00408943 -0.00128712 0.00602111)
(0.00769371 0.00163121 0.00485511 0.00163121 0.00395416 -0.00326861 0.00485511 -0.00326861 0.0057578)
(0.00617987 0.00144112 0.00614619 0.00144112 0.0068633 -0.00213914 0.00614619 -0.00213914 0.00685642)
(0.00144543 -3.48315e-07 0.00502496 -3.48315e-07 0.00860802 -0.00173882 0.00502496 -0.00173882 0.00606352)
(0.00540636 0.00180778 0.00435925 0.00180778 0.00643225 -0.00141107 0.00435925 -0.00141107 0.00364492)
(0.00295175 -8.31969e-05 0.0048723 -8.31969e-05 0.00797883 -0.00189358 0.0048723 -0.00189358 0.00491762)
(0.0039807 0.00131579 0.00503002 0.00131579 0.00440728 -0.00303426 0.00503002 -0.00303426 0.00544753)
(0.00448793 0.00108218 0.00613616 0.00108218 0.00613658 -0.00265665 0.00613616 -0.00265665 0.00669449)
(0.00488211 8.24146e-05 0.00618656 8.24146e-05 0.00760624 -0.00244187 0.00618656 -0.00244187 0.00852232)
(0.00445421 -0.00199706 0.00262421 -0.00199706 0.00859663 -0.0020681 0.00262421 -0.0020681 0.00744158)
(0.00753732 0.000821363 0.00406031 0.000821363 0.00726622 -0.000441924 0.00406031 -0.000441924 0.00582903)
(0.00232331 -0.00197665 0.00462606 -0.00197665 0.00856387 -0.000491319 0.00462606 -0.000491319 0.00913004)
(0.0022941 -0.00350134 0.00604253 -0.00350134 0.00959365 -0.00244166 0.00604253 -0.00244166 0.00880314)
(0.00228999 -0.00210878 0.0059253 -0.00210878 0.00855842 -0.00313209 0.0059253 -0.00313209 0.00835106)
(0.000734721 -0.000596936 0.00673653 -0.000596936 0.00875383 -0.00262263 0.00673653 -0.00262263 0.00901244)
(0.000162777 -0.000292377 0.00648252 -0.000292377 0.00883796 -0.00253471 0.00648252 -0.00253471 0.00896985)
(0.00167463 -0.000235903 0.00442342 -0.000235903 0.00913625 -0.00148152 0.00442342 -0.00148152 0.00642742)
(0.00519819 -0.000613144 0.00293564 -0.000613144 0.00951393 -0.000784626 0.00293564 -0.000784626 0.00588693)
(0.00832011 -0.000938719 0.00353084 -0.000938719 0.00967551 -0.00116509 0.00353084 -0.00116509 0.00571355)
(0.000381636 -0.00251253 0.00595041 -0.00251253 0.00989278 -0.00203019 0.00595041 -0.00203019 0.00720708)
(0.00240984 -0.00326716 0.00674555 -0.00326716 0.0099856 -0.00268409 0.00674555 -0.00268409 0.00863804)
(0.00467694 -0.00115705 0.00444323 -0.00115705 0.00756272 -0.00369416 0.00444323 -0.00369416 0.00590994)
(-0.000402845 -0.00315071 0.0054083 -0.00315071 0.0094952 -0.00157942 0.0054083 -0.00157942 0.00757491)
(0.00988306 0.000538984 0.00487626 0.000538984 0.00781985 -0.00030781 0.00487626 -0.00030781 0.00720311)
(0.0139734 -0.00571998 0.00512703 -0.00571998 0.0102196 -0.00245728 0.00512703 -0.00245728 0.00899533)
(0.0077791 -0.00293444 0.00382597 -0.00293444 0.0102548 -0.00261998 0.00382597 -0.00261998 0.004947)
(0.0153005 -0.0020557 0.00408166 -0.0020557 0.00937288 0.00058547 0.00408166 0.00058547 0.00701455)
(0.00943868 -0.00181143 0.00524476 -0.00181143 0.00924982 -0.000856734 0.00524476 -0.000856734 0.0077828)
(0.0112505 -0.00412263 0.00459458 -0.00412263 0.0102443 -0.00142947 0.00459458 -0.00142947 0.00797686)
(0.0135315 -0.00200783 0.0047345 -0.00200783 0.00908485 -0.00268395 0.0047345 -0.00268395 0.00535045)
(0.00965178 -0.0011758 0.00418473 -0.0011758 0.00835584 -0.00379449 0.00418473 -0.00379449 0.00670004)
(0.00387332 -0.00244719 0.00270111 -0.00244719 0.00838317 -0.00466058 0.00270111 -0.00466058 0.0058807)
(0.00196787 -0.00150528 0.00316497 -0.00150528 0.00633361 -0.00462475 0.00316497 -0.00462475 0.00585614)
(0.00800422 -0.00128992 0.00203791 -0.00128992 0.00720787 -0.00203351 0.00203791 -0.00203351 0.00303698)
(0.00728454 -0.00244253 0.00487796 -0.00244253 0.00935715 -0.00120403 0.00487796 -0.00120403 0.00686163)
(0.00910064 0.000737822 0.00463492 0.000737822 0.00798314 -0.000107651 0.00463492 -0.000107651 0.00626269)
(0.0121489 0.000932972 0.00260892 0.000932972 0.00510027 0.00345348 0.00260892 0.00345348 0.00854311)
(0.0158116 -0.00462902 0.00316978 -0.00462902 0.0089988 0.000694829 0.00316978 0.000694829 0.00977406)
(0.00212186 -0.00413144 0.00631743 -0.00413144 0.0100937 -0.00250814 0.00631743 -0.00250814 0.00851092)
(0.0180726 -0.00322717 0.00353008 -0.00322717 0.00978128 0.000900148 0.00353008 0.000900148 0.00750924)
(0.00785805 -0.0032016 0.00214398 -0.0032016 0.00961678 0.00100635 0.00214398 0.00100635 0.00886881)
(0.00282584 -0.00136614 0.00442313 -0.00136614 0.00960362 -0.00200454 0.00442313 -0.00200454 0.00606102)
(0.0100142 0.000122016 0.00398551 0.000122016 0.00810631 0.000174124 0.00398551 0.000174124 0.00435686)
(0.00254151 -0.00323222 0.00539093 -0.00323222 0.00983406 -0.00137845 0.00539093 -0.00137845 0.00810257)
(0.0143698 -0.00317907 0.00371458 -0.00317907 0.010436 -0.000920402 0.00371458 -0.000920402 0.00570459)
(0.0112291 -0.00269979 0.00373095 -0.00269979 0.00972876 -0.00208122 0.00373095 -0.00208122 0.00417159)
(0.0089065 -0.000549085 0.00405725 -0.000549085 0.00886225 -0.00230953 0.00405725 -0.00230953 0.00449158)
(0.012007 -0.000904846 0.00317875 -0.000904846 0.00931341 -0.00104799 0.00317875 -0.00104799 0.00296418)
(0.00480416 -0.00191104 0.00399598 -0.00191104 0.00933862 -0.00103044 0.00399598 -0.00103044 0.00402662)
(0.00788897 0.0021225 0.00405382 0.0021225 0.00748329 -0.000362194 0.00405382 -0.000362194 0.00541529)
(0.00758409 0.0026981 0.00281023 0.0026981 0.00578623 0.00029354 0.00281023 0.00029354 0.00545276)
(0.0101065 0.00124155 0.00442678 0.00124155 0.00661276 0.000222743 0.00442678 0.000222743 0.00700089)
(0.0190777 -0.00729173 0.0050538 -0.00729173 0.0108831 -0.0035357 0.0050538 -0.0035357 0.00878932)
(0.00833645 -0.00563985 0.00178934 -0.00563985 0.010278 -0.00389334 0.00178934 -0.00389334 0.00472436)
(0.00277109 -0.00272301 0.00499327 -0.00272301 0.00920464 -0.00187067 0.00499327 -0.00187067 0.00686201)
(0.014203 -0.00192867 0.00438884 -0.00192867 0.00910114 0.00068709 0.00438884 0.00068709 0.00625357)
(0.00890112 -0.00212879 0.00452841 -0.00212879 0.00941811 -6.93649e-06 0.00452841 -6.93649e-06 0.00746217)
(0.0106856 -0.00317622 0.00492734 -0.00317622 0.00993786 -0.000716871 0.00492734 -0.000716871 0.0082595)
(0.0126139 0.00195719 0.00354468 0.00195719 0.00536643 0.00277313 0.00354468 0.00277313 0.00805813)
(0.00815735 0.00311037 0.00410902 0.00311037 0.00518878 0.000808017 0.00410902 0.000808017 0.00582327)
(0.014642 -0.00611101 0.00490942 -0.00611101 0.0105581 -0.00406496 0.00490942 -0.00406496 0.00762231)
(0.00898356 -0.00436674 0.00538542 -0.00436674 0.011108 -0.00362557 0.00538542 -0.00362557 0.00823018)
(0.000576238 -0.00220012 0.00547684 -0.00220012 0.00985692 -0.00213508 0.00547684 -0.00213508 0.00736246)
(0.0144204 0.0021685 0.00329985 0.0021685 0.00419919 -0.000340143 0.00329985 -0.000340143 0.010715)
(0.0159652 0.000242133 0.00214044 0.000242133 0.00491388 0.000251026 0.00214044 0.000251026 0.00344834)
(0.00982934 0.000854527 0.00609153 0.000854527 0.00808201 -0.00215969 0.00609153 -0.00215969 0.00617125)
(0.0170975 -0.00199329 0.00241479 -0.00199329 0.00932038 -0.000513359 0.00241479 -0.000513359 0.00750677)
(0.0091455 0.00230771 0.000233738 0.00230771 0.00667457 -0.00107522 0.000233738 -0.00107522 0.0044531)
(0.0152071 0.000170178 0.000636861 0.000170178 0.00743557 -0.000747227 0.000636861 -0.000747227 0.00652409)
(0.0139856 -0.00394363 0.000891993 -0.00394363 0.00786526 -0.0029176 0.000891993 -0.0029176 0.0054329)
(0.0117729 0.000174366 0.00296257 0.000174366 0.00688674 -0.00398593 0.00296257 -0.00398593 0.00652603)
(0.00459692 -0.000517291 0.00367718 -0.000517291 0.0065313 -0.00430011 0.00367718 -0.00430011 0.00611843)
(0.00697263 -0.001469 0.00450316 -0.001469 0.00849481 -0.00310976 0.00450316 -0.00310976 0.00581079)
(0.00545631 -0.00152748 0.00477444 -0.00152748 0.00916832 -0.00214521 0.00477444 -0.00214521 0.00784788)
(0.00733839 -0.00191603 0.00294779 -0.00191603 0.00877421 -0.00183647 0.00294779 -0.00183647 0.00692017)
(0.00938402 -0.000277492 0.00240199 -0.000277492 0.00791931 -0.00159815 0.00240199 -0.00159815 0.0062364)
(0.0119665 -0.00437434 -0.00649989 -0.00437434 0.0115525 -0.00319304 -0.00649989 -0.00319304 0.00911712)
(0.0177762 -0.00335167 -0.00535257 -0.00335167 0.00633817 0.00470367 -0.00535257 0.00470367 0.00843789)
(0.0183304 -0.00451956 0.00200162 -0.00451956 0.00959706 -0.00290659 0.00200162 -0.00290659 0.00582677)
(0.0136232 -0.00335364 -0.00375443 -0.00335364 0.0116781 -0.00280405 -0.00375443 -0.00280405 0.00917645)
(0.0290136 -0.00222176 -0.00205003 -0.00222176 0.00801822 0.00180543 -0.00205003 0.00180543 0.00755219)
(0.00644457 -0.00152084 0.00555361 -0.00152084 0.00891129 -0.00259666 0.00555361 -0.00259666 0.00702225)
(0.0045246 -0.00199285 0.00359779 -0.00199285 0.00938145 -0.00212343 0.00359779 -0.00212343 0.00802625)
(0.0120387 0.00119067 -0.000408093 0.00119067 0.00777132 -0.00187555 -0.000408093 -0.00187555 0.00560612)
(0.0171744 0.000391594 0.000594027 0.000391594 0.00798099 -0.000900554 0.000594027 -0.000900554 0.00743211)
(0.00955873 -0.00223502 0.00125065 -0.00223502 0.00828931 -0.000979633 0.00125065 -0.000979633 0.00556206)
(0.0163221 -0.00225076 0.00248839 -0.00225076 0.00662067 -0.0023138 0.00248839 -0.0023138 0.00651021)
(0.0130067 -0.000585283 0.00294331 -0.000585283 0.00653541 -0.000313302 0.00294331 -0.000313302 0.00930173)
(0.00672461 -0.00114198 0.00562239 -0.00114198 0.00906777 -0.00256106 0.00562239 -0.00256106 0.0101752)
(0.0120167 0.000414636 0.00166797 0.000414636 0.00859419 -0.00154446 0.00166797 -0.00154446 0.00785373)
(0.0135588 0.00106829 0.00333983 0.00106829 0.0106655 -0.00256358 0.00333983 -0.00256358 0.0055844)
(0.00286369 0.000955889 0.000218986 0.000955889 0.00607795 -0.00239238 0.000218986 -0.00239238 0.00403314)
(0.0262676 -0.00453061 0.00224998 -0.00453061 0.00876245 -0.00234515 0.00224998 -0.00234515 0.00695529)
(0.0211991 -0.0038172 0.00017604 -0.0038172 0.00773682 -0.00201799 0.00017604 -0.00201799 0.00870783)
(0.0142358 -0.00418059 -0.00273795 -0.00418059 0.00832026 -0.00375197 -0.00273795 -0.00375197 0.00598383)
(0.014714 -0.000989077 0.00500711 -0.000989077 0.00860544 -0.00105105 0.00500711 -0.00105105 0.0108001)
(0.016836 -0.00100808 0.00206718 -0.00100808 0.00882991 -0.000769907 0.00206718 -0.000769907 0.00875633)
(0.00306609 -8.09757e-05 0.00040878 -8.09757e-05 0.00725025 -0.00106921 0.00040878 -0.00106921 0.00357523)
(0.0100259 -0.00116976 -0.000231805 -0.00116976 0.00533577 0.00250284 -0.000231805 0.00250284 0.0106816)
(0.00981767 -0.00439094 -0.00502564 -0.00439094 0.010618 -0.00325279 -0.00502564 -0.00325279 0.00813747)
(0.00970542 -0.0011155 0.00175654 -0.0011155 0.00712837 0.000775312 0.00175654 0.000775312 0.00767441)
(0.0250993 -0.0056976 0.00309176 -0.0056976 0.0100965 -0.00279498 0.00309176 -0.00279498 0.00778729)
(0.0122096 -0.00511973 0.00459955 -0.00511973 0.0103101 -0.00295518 0.00459955 -0.00295518 0.00766604)
(0.0146796 -0.00131364 -2.68044e-05 -0.00131364 0.0106034 -0.00138559 -2.68044e-05 -0.00138559 0.0102168)
(0.0132362 -0.00351938 0.00144427 -0.00351938 0.00962121 -0.00171608 0.00144427 -0.00171608 0.00490806)
(0.0105947 -0.0024255 0.0039994 -0.0024255 0.00998422 -0.00241211 0.0039994 -0.00241211 0.00440178)
(0.0111656 0.00106065 0.000760693 0.00106065 0.00628659 -0.000201614 0.000760693 -0.000201614 0.00716765)
(0.00714737 -0.00497057 -0.00370327 -0.00497057 0.0111208 -0.00125486 -0.00370327 -0.00125486 0.00832713)
(0.00441713 -0.00301396 -2.31303e-05 -0.00301396 0.00811615 0.00120392 -2.31303e-05 0.00120392 0.00538315)
(0.0166222 0.000307194 0.0017314 0.000307194 0.00688548 -0.00220809 0.0017314 -0.00220809 0.00557419)
(0.0160326 -0.00282227 0.00278275 -0.00282227 0.00683954 -0.00213463 0.00278275 -0.00213463 0.00906781)
(0.0175763 -0.00171622 0.00281532 -0.00171622 0.00823456 -0.00394895 0.00281532 -0.00394895 0.0063438)
(0.0126484 -0.00504586 0.00402055 -0.00504586 0.0108024 -0.00307757 0.00402055 -0.00307757 0.00738908)
(0.00216187 -0.00241576 0.00492329 -0.00241576 0.0094002 -0.000831952 0.00492329 -0.000831952 0.00828043)
(0.00665581 -0.00219058 0.004996 -0.00219058 0.00953528 -0.000810554 0.004996 -0.000810554 0.00790625)
(0.0101307 -0.00217366 0.00484011 -0.00217366 0.00908819 -0.000662101 0.00484011 -0.000662101 0.00774923)
(0.00937228 -0.00491784 -0.00218896 -0.00491784 0.01198 0.000328952 -0.00218896 0.000328952 0.00922661)
(0.012173 -0.000150753 0.00143335 -0.000150753 0.00513657 0.00278358 0.00143335 0.00278358 0.00764188)
(0.0247625 -0.00523005 0.00182782 -0.00523005 0.00937637 -0.00438559 0.00182782 -0.00438559 0.00534936)
(0.0149932 0.00179058 0.00336618 0.00179058 0.00710096 0.000780441 0.00336618 0.000780441 0.00630642)
(0.0117491 -0.00170498 0.00264094 -0.00170498 0.00755089 0.00103065 0.00264094 0.00103065 0.0117457)
(0.0105907 -0.00261785 0.00510323 -0.00261785 0.00999953 -0.00312578 0.00510323 -0.00312578 0.00603571)
(0.00078366 -0.00194805 0.00492696 -0.00194805 0.00981927 -0.00147102 0.00492696 -0.00147102 0.00709832)
(0.0113047 0.000812517 0.00127133 0.000812517 0.00681336 0.00161157 0.00127133 0.00161157 0.00414844)
(0.0111223 0.00234296 0.00364804 0.00234296 0.00658081 9.70624e-05 0.00364804 9.70624e-05 0.00680171)
(0.00651176 -0.00024658 -0.000464196 -0.00024658 0.0065393 0.0023043 -0.000464196 0.0023043 0.00609292)
(0.00967807 -0.00125108 0.00189445 -0.00125108 0.00714655 -0.000158138 0.00189445 -0.000158138 0.00848259)
(0.0103105 -0.000601443 0.00174165 -0.000601443 0.00778152 0.00119055 0.00174165 0.00119055 0.00303054)
(0.00663013 -0.00195965 0.00410371 -0.00195965 0.00952988 -0.0014418 0.00410371 -0.0014418 0.00462926)
(0.00694776 -0.00129348 -0.000177408 -0.00129348 0.00894636 0.000953092 -0.000177408 0.000953092 0.00340951)
(0.0113105 -0.00254023 -0.000744946 -0.00254023 0.0117216 -0.00107962 -0.000744946 -0.00107962 0.00639624)
(0.00817879 0.000569045 0.000562558 0.000569045 0.00623041 0.00164623 0.000562558 0.00164623 0.00521734)
(0.0151416 -0.00211626 0.00202068 -0.00211626 0.00786711 -0.00236234 0.00202068 -0.00236234 0.00554731)
(0.00904324 -0.00642992 0.000363277 -0.00642992 0.00995993 -0.00334811 0.000363277 -0.00334811 0.00466703)
(0.0104543 -0.00497501 0.000789441 -0.00497501 0.0108165 0.000970203 0.000789441 0.000970203 0.00564769)
(0.00863392 -0.00300607 0.00478243 -0.00300607 0.00980824 -0.00152357 0.00478243 -0.00152357 0.0073711)
(0.00828287 0.00135201 0.00126585 0.00135201 0.00377236 0.000393209 0.00126585 0.000393209 0.00714293)
(0.00587351 -0.005483 -0.00140613 -0.005483 0.0108571 0.00016701 -0.00140613 0.00016701 0.00584882)
(0.0102324 -0.000757187 0.000204192 -0.000757187 0.00781976 0.00205437 0.000204192 0.00205437 0.00760081)
(0.0121971 -0.00254302 -0.00322398 -0.00254302 0.0110997 -0.00152793 -0.00322398 -0.00152793 0.00762079)
(0.00979124 -0.00357658 -0.00178915 -0.00357658 0.0107777 -0.000906559 -0.00178915 -0.000906559 0.00780503)
(0.0105201 -0.00366419 0.00286484 -0.00366419 0.00889603 -0.00192369 0.00286484 -0.00192369 0.0066795)
(0.0155675 -0.00147065 0.00125687 -0.00147065 0.00836779 -0.00201489 0.00125687 -0.00201489 0.00682355)
(0.00987147 0.000629165 -0.0010618 0.000629165 0.00348662 0.00190346 -0.0010618 0.00190346 0.0104063)
(0.0111693 0.00229682 0.00260703 0.00229682 0.00605823 0.0008457 0.00260703 0.0008457 0.00609906)
(0.0142474 -0.00362138 0.00128904 -0.00362138 0.0087259 -0.00158093 0.00128904 -0.00158093 0.00755237)
(0.0184412 -0.00266272 -0.00526555 -0.00266272 0.00605406 0.00471033 -0.00526555 0.00471033 0.0104264)
(0.0108333 -0.00150333 0.000931231 -0.00150333 0.0111194 -0.003129 0.000931231 -0.003129 0.00787151)
(0.00561033 -0.00179952 0.000940492 -0.00179952 0.00882925 0.000347199 0.000940492 0.000347199 0.00574978)
(0.0170092 -0.00520637 -0.00169782 -0.00520637 0.0109285 0.000191655 -0.00169782 0.000191655 0.00981721)
(0.0244877 -0.00500386 0.00135597 -0.00500386 0.0120654 -0.00183648 0.00135597 -0.00183648 0.0136315)
(0.0064747 0.000352534 0.00227678 0.000352534 0.00523582 0.00153909 0.00227678 0.00153909 0.00993749)
(0.012161 -0.00376584 0.00430745 -0.00376584 0.0103473 -0.00233641 0.00430745 -0.00233641 0.00790351)
(0.00909146 -0.00258146 0.00456957 -0.00258146 0.0100268 -0.00149776 0.00456957 -0.00149776 0.00796526)
(0.00926229 -0.00277513 0.00467684 -0.00277513 0.0102337 -0.0021737 0.00467684 -0.0021737 0.00738516)
(0.016837 -0.00249393 0.00401199 -0.00249393 0.0084634 -0.00187895 0.00401199 -0.00187895 0.0069484)
(0.00681581 -0.00120895 0.000512885 -0.00120895 0.0101433 0.000458496 0.000512885 0.000458496 0.00523592)
(0.00441471 -0.00222884 -0.000580652 -0.00222884 0.00632967 -0.000996583 -0.000580652 -0.000996583 0.00363681)
(0.0147264 -0.00150161 0.0038783 -0.00150161 0.00276206 -0.00103034 0.0038783 -0.00103034 0.00499335)
(0.0118844 -0.00201474 0.00410887 -0.00201474 0.00938953 -0.000456775 0.00410887 -0.000456775 0.00818533)
(0.0139889 0.00107376 0.00153122 0.00107376 0.00484915 0.00324852 0.00153122 0.00324852 0.00952422)
(0.0136346 -0.0062955 0.00129151 -0.0062955 0.0100869 -0.00306771 0.00129151 -0.00306771 0.00621866)
(0.00546609 -0.00253845 0.00525056 -0.00253845 0.0102873 -0.00215095 0.00525056 -0.00215095 0.00751989)
(0.0185176 0.000203867 0.00570656 0.000203867 0.0084508 -0.00186441 0.00570656 -0.00186441 0.0070751)
(0.013993 0.0010254 6.33746e-05 0.0010254 0.00479448 0.00225312 6.33746e-05 0.00225312 0.00772157)
(0.00580198 5.5098e-05 0.000130554 5.5098e-05 0.0028617 0.000408267 0.000130554 0.000408267 0.00195841)
(0.0196583 -0.00337241 0.00204669 -0.00337241 0.00900482 -0.0021735 0.00204669 -0.0021735 0.00694972)
(0.01819 -0.00188595 0.00248886 -0.00188595 0.00891257 -0.000135753 0.00248886 -0.000135753 0.00706157)
(0.0143673 7.47107e-05 0.00511554 7.47107e-05 0.00840278 -0.00142699 0.00511554 -0.00142699 0.00867449)
(0.0111487 0.00147316 0.00524982 0.00147316 0.00739101 -0.00117936 0.00524982 -0.00117936 0.00847864)
(0.0149231 0.000694697 0.00318973 0.000694697 0.00799803 0.000758703 0.00318973 0.000758703 0.00526118)
(0.00230054 -0.00167721 0.000679176 -0.00167721 0.00673599 -0.000932532 0.000679176 -0.000932532 0.0016488)
(0.00948601 -0.00195259 0.00315204 -0.00195259 0.00402474 -0.00172996 0.00315204 -0.00172996 0.00324802)
(0.0188776 -0.00650117 -0.000703933 -0.00650117 0.0100135 -0.00305261 -0.000703933 -0.00305261 0.00560535)
(0.0138464 -0.00306248 0.00288961 -0.00306248 0.0108685 -0.000124376 0.00288961 -0.000124376 0.0077726)
(0.00846563 0.000893018 0.000204183 0.000893018 0.00729458 -0.00197274 0.000204183 -0.00197274 0.0044749)
(0.0099986 -0.00343687 -0.00219716 -0.00343687 0.0107272 -0.00356536 -0.00219716 -0.00356536 0.00804721)
(0.00782573 0.00054548 0.00015827 0.00054548 0.00740743 -0.00223852 0.00015827 -0.00223852 0.00558098)
(0.0111318 -0.00215725 0.00209759 -0.00215725 0.00783393 -0.000666433 0.00209759 -0.000666433 0.00653559)
(0.0143691 -0.00144749 -0.00194388 -0.00144749 0.0110689 -0.00274593 -0.00194388 -0.00274593 0.008067)
(0.0157709 0.000150788 0.000759842 0.000150788 0.0104428 -0.00179679 0.000759842 -0.00179679 0.00790204)
(0.00865069 0.000397058 0.000915453 0.000397058 0.00704591 -0.00105521 0.000915453 -0.00105521 0.00401598)
(0.0063416 -0.000941189 5.82729e-05 -0.000941189 0.00705145 -0.000140292 5.82729e-05 -0.000140292 0.00584168)
(0.0138719 0.00115998 0.00137889 0.00115998 0.00566322 0.00330842 0.00137889 0.00330842 0.00860846)
(0.00818142 -0.00466645 -0.00377407 -0.00466645 0.0109762 -0.000519759 -0.00377407 -0.000519759 0.0113116)
(0.00794897 -0.0016899 -0.000875675 -0.0016899 0.00696937 0.00133431 -0.000875675 0.00133431 0.00504959)
(0.0123248 0.000884522 0.00163798 0.000884522 0.00497339 0.00300296 0.00163798 0.00300296 0.00832427)
(0.010198 0.00188429 0.00379483 0.00188429 0.00676925 -0.00013652 0.00379483 -0.00013652 0.00665499)
(0.00580583 -0.00120802 0.00249984 -0.00120802 0.00733245 -0.00109347 0.00249984 -0.00109347 0.00564641)
(0.0148763 -0.00473811 0.00101952 -0.00473811 0.0105961 0.000193316 0.00101952 0.000193316 0.0080015)
(0.011882 -0.00509288 0.000174242 -0.00509288 0.010936 0.000764892 0.000174242 0.000764892 0.00722811)
(0.00361148 -0.00212827 -0.0011192 -0.00212827 0.00650186 0.00116602 -0.0011192 0.00116602 0.00333599)
(0.0104061 -0.0043193 0.00377331 -0.0043193 0.00962179 -0.00290806 0.00377331 -0.00290806 0.00611367)
(0.012487 -0.0032828 0.00353606 -0.0032828 0.00938021 -0.00196498 0.00353606 -0.00196498 0.00621339)
(0.0107111 -0.00476739 0.00416175 -0.00476739 0.00999926 -0.00322166 0.00416175 -0.00322166 0.00638693)
(0.0143644 0.00152333 0.0021869 0.00152333 0.0052342 0.00102431 0.0021869 0.00102431 0.00431267)
(0.00926714 0.00122371 0.00168177 0.00122371 0.00805366 0.000982376 0.00168177 0.000982376 0.00750707)
(0.00440763 -0.00199177 -0.000485262 -0.00199177 0.010346 -0.00223386 -0.000485262 -0.00223386 0.00467344)
(0.00464408 -0.000600219 -0.00103252 -0.000600219 0.00326986 0.000565477 -0.00103252 0.000565477 0.00164065)
(0.0188647 -0.00254765 0.00262444 -0.00254765 0.00974804 -0.000871539 0.00262444 -0.000871539 0.00603706)
(0.0126034 0.00117587 0.00279927 0.00117587 0.00617355 0.00145804 0.00279927 0.00145804 0.00756745)
(0.0166802 0.000137366 0.00156263 0.000137366 0.00733746 -0.00182336 0.00156263 -0.00182336 0.00603723)
(0.0131784 -0.00439849 0.00352018 -0.00439849 0.00972421 -0.00252604 0.00352018 -0.00252604 0.00742473)
(0.0199234 -0.00425775 0.00424859 -0.00425775 0.00919111 -0.00285407 0.00424859 -0.00285407 0.00677852)
(0.0152506 -0.00126574 -0.00175045 -0.00126574 0.0110381 -0.00205294 -0.00175045 -0.00205294 0.00812233)
(0.0119941 -0.00293129 -0.000265584 -0.00293129 0.00867272 -0.000290967 -0.000265584 -0.000290967 0.0063608)
(0.0206811 -0.00371472 0.00234618 -0.00371472 0.00961021 -0.000379743 0.00234618 -0.000379743 0.00601111)
(0.0201906 -0.00340704 0.0024154 -0.00340704 0.00994625 -0.000460924 0.0024154 -0.000460924 0.00643916)
(0.0164491 -0.000628341 0.00361163 -0.000628341 0.0090129 -0.00114178 0.00361163 -0.00114178 0.00488711)
(0.00733178 -0.00161644 0.00313767 -0.00161644 0.00867759 -0.00167938 0.00313767 -0.00167938 0.0061195)
(0.0118408 -0.00127433 0.00289255 -0.00127433 0.00880572 -0.00102395 0.00289255 -0.00102395 0.00666087)
(0.00369083 -0.00191127 0.000574118 -0.00191127 0.00772454 -0.00205528 0.000574118 -0.00205528 0.00256048)
(0.00211638 -0.000598263 0.00100502 -0.000598263 0.0022954 -0.00130144 0.00100502 -0.00130144 0.00308643)
(0.0164179 -0.00560009 -0.000358343 -0.00560009 0.00884905 -0.00307694 -0.000358343 -0.00307694 0.00467632)
(0.0088771 -0.00245271 -0.000842134 -0.00245271 0.00792044 -0.002713 -0.000842134 -0.002713 0.00443226)
(0.00883694 -0.00461075 0.000229293 -0.00461075 0.0107953 0.000690935 0.000229293 0.000690935 0.0053969)
(0.0115789 -0.00459195 -0.00477831 -0.00459195 0.0118557 -0.00204488 -0.00477831 -0.00204488 0.010045)
(0.0096146 6.89179e-05 0.000963669 6.89179e-05 0.00712355 -0.00017082 0.000963669 -0.00017082 0.00387686)
(0.00656984 -5.01033e-05 0.000919806 -5.01033e-05 0.00606025 0.00190846 0.000919806 0.00190846 0.00441401)
(0.0175363 9.51467e-05 3.56324e-06 9.51467e-05 0.0105427 -0.00149303 3.56324e-06 -0.00149303 0.00846842)
(0.00797321 -0.00439934 -0.0040471 -0.00439934 0.0111271 -0.00116507 -0.0040471 -0.00116507 0.00832801)
(0.00652091 -0.00439986 -5.59352e-06 -0.00439986 0.0103489 0.00088918 -5.59352e-06 0.00088918 0.00484554)
(0.014655 -0.00187621 0.00198262 -0.00187621 0.010681 -0.000704715 0.00198262 -0.000704715 0.00814098)
(0.0132588 -0.00310791 -0.00319412 -0.00310791 0.00713368 0.000564747 -0.00319412 0.000564747 0.0065143)
(0.0164161 7.62632e-05 0.000608705 7.62632e-05 0.011305 -0.00357034 0.000608705 -0.00357034 0.0081209)
(0.00960435 -0.00286574 -0.00101131 -0.00286574 0.011238 -0.00160833 -0.00101131 -0.00160833 0.00689939)
(0.00906914 -0.0047114 -0.00421616 -0.0047114 0.0112372 -0.00262252 -0.00421616 -0.00262252 0.00882508)
(0.0101383 -0.0014183 0.00192177 -0.0014183 0.00676765 -0.00123123 0.00192177 -0.00123123 0.00431279)
(0.00972591 -0.0021281 -0.00190056 -0.0021281 0.0055051 0.00181878 -0.00190056 0.00181878 0.00794462)
(0.0112147 -0.00502288 0.000265449 -0.00502288 0.0082212 -0.00346848 0.000265449 -0.00346848 0.00482328)
(0.00938286 0.00134891 0.000909029 0.00134891 0.00746763 0.00249826 0.000909029 0.00249826 0.00460166)
(0.00446112 -0.000187092 0.00247688 -0.000187092 0.00172981 -0.000824322 0.00247688 -0.000824322 0.00373402)
(0.00735832 -0.00241865 0.00171844 -0.00241865 0.00830287 -0.00211526 0.00171844 -0.00211526 0.00731091)
(0.00791262 -0.00107911 0.00245873 -0.00107911 0.00788753 -0.00159083 0.00245873 -0.00159083 0.00697307)
(0.00883393 -0.00527135 0.000695733 -0.00527135 0.0093794 -0.00357084 0.000695733 -0.00357084 0.00533018)
(0.0103398 -0.00395355 0.000515278 -0.00395355 0.00799762 -0.0016402 0.000515278 -0.0016402 0.00444887)
(0.0127838 0.00164635 0.00347345 0.00164635 0.00724888 0.000406172 0.00347345 0.000406172 0.00535507)
(0.00224398 -0.00173312 0.000840662 -0.00173312 0.0054782 -0.00284995 0.000840662 -0.00284995 0.00503636)
(0.0139751 -0.0014681 -0.000777213 -0.0014681 0.00674845 0.00194572 -0.000777213 0.00194572 0.00565483)
(0.0169374 -0.0025874 0.0011744 -0.0025874 0.00873716 0.000125164 0.0011744 0.000125164 0.00621101)
(0.0119 4.49261e-05 -0.000143371 4.49261e-05 0.00556965 0.00365632 -0.000143371 0.00365632 0.00821844)
(0.00865279 -0.00064662 0.000244839 -0.00064662 0.0068363 -0.00251685 0.000244839 -0.00251685 0.0040524)
(0.0100744 -0.000549979 -0.000800192 -0.000549979 0.00601012 0.00207734 -0.000800192 0.00207734 0.00560098)
(0.0228966 -0.00404852 -0.00424684 -0.00404852 0.00638998 0.0026578 -0.00424684 0.0026578 0.00536007)
(0.013437 -0.00265181 -0.00227088 -0.00265181 0.0101279 -0.00313037 -0.00227088 -0.00313037 0.00836949)
(0.0107979 -0.00298031 -0.00140648 -0.00298031 0.0113657 -0.00117263 -0.00140648 -0.00117263 0.00801473)
(0.0175615 -0.00155154 1.00257e-05 -0.00155154 0.00748876 0.00214566 1.00257e-05 0.00214566 0.00876514)
(0.022598 -0.00393195 0.000410678 -0.00393195 0.00933596 0.00076466 0.000410678 0.00076466 0.00791175)
(0.0212617 7.28574e-05 0.00333293 7.28574e-05 0.00793164 0.000450566 0.00333293 0.000450566 0.00687564)
(0.00695716 -0.000579584 -0.00118427 -0.000579584 0.00676042 -0.00162084 -0.00118427 -0.00162084 0.010239)
(0.0102054 -0.000967472 0.000696443 -0.000967472 0.00882678 -0.00223798 0.000696443 -0.00223798 0.00752302)
(0.0072345 0.00109004 0.000430752 0.00109004 0.00737254 -0.00163523 0.000430752 -0.00163523 0.00494043)
(0.00386521 -0.00155643 0.00135995 -0.00155643 0.00463518 -0.00195513 0.00135995 -0.00195513 0.00265682)
(0.0162333 -0.0034767 0.000682604 -0.0034767 0.0078816 -0.00316864 0.000682604 -0.00316864 0.00494419)
(0.0140203 -0.00282761 -0.00134725 -0.00282761 0.00711766 -0.00367433 -0.00134725 -0.00367433 0.00543723)
(0.00645452 -7.53868e-05 -0.000350314 -7.53868e-05 0.00710252 -0.00230592 -0.000350314 -0.00230592 0.00434161)
(0.0175645 -0.00178776 0.00145969 -0.00178776 0.0076229 0.000887935 0.00145969 0.000887935 0.00541195)
(0.00679585 -0.00428695 -0.00105874 -0.00428695 0.0114132 -0.00237179 -0.00105874 -0.00237179 0.00776353)
(0.00798111 -0.0020281 -0.00128785 -0.0020281 0.0101057 -0.00328369 -0.00128785 -0.00328369 0.00673669)
(0.0141819 -0.000301336 0.00066559 -0.000301336 0.00930415 0.000373273 0.00066559 0.000373273 0.00823553)
(0.010174 -0.00337309 -0.00353638 -0.00337309 0.0115084 -0.00252386 -0.00353638 -0.00252386 0.00838339)
(0.00960822 -0.00370384 -0.00131251 -0.00370384 0.0114203 -0.00193976 -0.00131251 -0.00193976 0.00855097)
(0.0142396 6.0739e-05 0.00166845 6.0739e-05 0.0109524 -0.0019769 0.00166845 -0.0019769 0.0062758)
(0.0112204 0.00071034 0.00150166 0.00071034 0.00566607 0.0019429 0.00150166 0.0019429 0.00847444)
(0.0122714 -0.000371329 -0.00340869 -0.000371329 0.00621852 0.00252631 -0.00340869 0.00252631 0.00890487)
(0.0113573 -0.00245216 -0.00222732 -0.00245216 0.0113344 -0.00228539 -0.00222732 -0.00228539 0.0074084)
(0.0116728 -0.00258459 0.000956936 -0.00258459 0.0112222 -0.00109248 0.000956936 -0.00109248 0.0073715)
(0.00735298 -0.00262889 -0.000460403 -0.00262889 0.0110959 -0.0025572 -0.000460403 -0.0025572 0.00660653)
(0.00232782 -0.00368482 -0.00173511 -0.00368482 0.00880371 -0.00252672 -0.00173511 -0.00252672 0.00837944)
(0.0148709 -0.00470392 0.00181414 -0.00470392 0.00866768 -0.00309319 0.00181414 -0.00309319 0.00669481)
(0.00946776 0.00202478 0.00301785 0.00202478 0.00495696 0.00111006 0.00301785 0.00111006 0.00308112)
(0.0123651 0.0026625 0.00350018 0.0026625 0.00679794 0.000237158 0.00350018 0.000237158 0.0055219)
(0.0096568 0.00223426 0.00320637 0.00223426 0.00665769 -0.000666699 0.00320637 -0.000666699 0.00635803)
(0.00853263 0.000332366 0.00238131 0.000332366 0.00733243 -0.00144698 0.00238131 -0.00144698 0.00601127)
(0.00637671 -0.00486768 0.00060709 -0.00486768 0.00923891 -0.00355343 0.00060709 -0.00355343 0.00474971)
(0.00923743 -0.00496074 0.00104477 -0.00496074 0.00888497 -0.0030349 0.00104477 -0.0030349 0.00470411)
(0.00720263 -0.00307349 0.00219147 -0.00307349 0.00854685 -0.00240253 0.00219147 -0.00240253 0.00699304)
(0.00847581 0.000205544 0.00127308 0.000205544 0.00587942 0.000218373 0.00127308 0.000218373 0.00441623)
(0.0114633 0.000114621 0.00156175 0.000114621 0.00707399 0.000104862 0.00156175 0.000104862 0.0067568)
(0.0109316 -0.00107532 0.00214182 -0.00107532 0.00752331 0.000154963 0.00214182 0.000154963 0.00687824)
(0.012198 -0.00129445 -0.000677329 -0.00129445 0.00642058 0.00341677 -0.000677329 0.00341677 0.00789278)
(0.00329046 -0.000930818 0.000638453 -0.000930818 0.00612456 -0.00143747 0.000638453 -0.00143747 0.00260189)
(0.00724998 -0.000130959 -0.000481919 -0.000130959 0.00491068 0.0018058 -0.000481919 0.0018058 0.00769934)
(0.0210472 -0.00314132 -0.00487943 -0.00314132 0.00601783 0.00396782 -0.00487943 0.00396782 0.00646548)
(0.0149668 -0.00448695 0.00215796 -0.00448695 0.00949841 -0.00203466 0.00215796 -0.00203466 0.00714415)
(0.00895204 -0.0011286 0.00244861 -0.0011286 0.00711654 -0.00153953 0.00244861 -0.00153953 0.00225517)
(0.0156294 -0.00259035 4.47379e-05 -0.00259035 0.00680461 0.00139811 4.47379e-05 0.00139811 0.00801667)
(0.0187336 -0.0026481 -0.00483449 -0.0026481 0.00669193 0.00454521 -0.00483449 0.00454521 0.00949784)
(0.0113407 0.000256192 -0.00167408 0.000256192 0.00579567 0.00311377 -0.00167408 0.00311377 0.00793204)
(0.00884484 -0.00223095 -0.00237953 -0.00223095 0.00767828 -0.00324603 -0.00237953 -0.00324603 0.00594195)
(0.00490463 -0.000446036 0.000230629 -0.000446036 0.00696775 -0.000641915 0.000230629 -0.000641915 0.00624495)
(0.00563692 0.00179698 0.00178643 0.00179698 0.00543047 0.00158954 0.00178643 0.00158954 0.00318846)
(0.00468753 -0.00163314 0.000590459 -0.00163314 0.0059386 -0.00196362 0.000590459 -0.00196362 0.00274506)
(0.014595 -0.00341729 0.00257702 -0.00341729 0.00655611 -0.00340833 0.00257702 -0.00340833 0.00514104)
(0.0108631 -0.00303226 -0.000175019 -0.00303226 0.00852394 -0.0028786 -0.000175019 -0.0028786 0.00474246)
(0.0065862 -0.00116769 0.00112722 -0.00116769 0.00804292 -0.00173967 0.00112722 -0.00173967 0.00521493)
(0.0190768 0.000250454 0.00290541 0.000250454 0.00808547 0.000332276 0.00290541 0.000332276 0.00455164)
(0.0114965 -0.00195346 0.000749897 -0.00195346 0.0113062 -0.00165849 0.000749897 -0.00165849 0.00648092)
(0.00354764 -0.00494141 -0.00159302 -0.00494141 0.0104775 -0.00183289 -0.00159302 -0.00183289 0.00674518)
(0.0180284 -0.000456483 -0.00433632 -0.000456483 0.00574145 0.00459525 -0.00433632 0.00459525 0.0109186)
(0.0173371 -0.000363862 0.00312623 -0.000363862 0.010026 -0.00346705 0.00312623 -0.00346705 0.0128088)
(0.00855749 -0.00471473 -0.00331677 -0.00471473 0.0114989 -0.00272411 -0.00331677 -0.00272411 0.0085753)
(0.0129718 0.00207139 0.00344049 0.00207139 0.00698251 0.000627335 0.00344049 0.000627335 0.00558066)
(0.0130164 -8.523e-05 0.00047094 -8.523e-05 0.00681255 0.00160022 0.00047094 0.00160022 0.0077186)
(0.0131623 -0.000838176 -0.00190676 -0.000838176 0.00517394 0.00338765 -0.00190676 0.00338765 0.0107457)
(0.0103137 -0.000770347 0.000240484 -0.000770347 0.00714815 0.00116911 0.000240484 0.00116911 0.00413637)
(0.00377285 -0.000204142 0.000339506 -0.000204142 0.00585946 0.000362617 0.000339506 0.000362617 0.00161017)
(0.00676194 -0.0048495 -0.002115 -0.0048495 0.0114635 -0.00239161 -0.002115 -0.00239161 0.00762466)
(0.00319582 -0.00181635 -0.000320858 -0.00181635 0.00751606 -0.00044183 -0.000320858 -0.00044183 0.00510706)
(0.00327384 -0.00130282 0.000289956 -0.00130282 0.00465586 -0.0011514 0.000289956 -0.0011514 0.00274455)
(0.0114249 -0.0005137 0.000932306 -0.0005137 0.00750107 0.000369969 0.000932306 0.000369969 0.0060336)
(0.0101828 0.00256315 0.00271008 0.00256315 0.00701452 -0.000914258 0.00271008 -0.000914258 0.00608582)
(0.0126362 -0.0013627 -0.000433201 -0.0013627 0.00732325 -0.00120889 -0.000433201 -0.00120889 0.00292507)
(0.00217182 0.000891117 0.000900019 0.000891117 0.00394399 0.0011196 0.000900019 0.0011196 0.0018113)
(0.00600816 -0.00394076 0.000284877 -0.00394076 0.00887037 -0.00330318 0.000284877 -0.00330318 0.00380833)
(0.00338691 -0.00183453 0.00160573 -0.00183453 0.00404599 -0.00174118 0.00160573 -0.00174118 0.00253328)
(0.00404975 -0.00328948 0.000845399 -0.00328948 0.00836386 -0.0028115 0.000845399 -0.0028115 0.00553176)
(0.0010583 -0.00041585 0.000678418 -0.00041585 0.00675516 -0.00133085 0.000678418 -0.00133085 0.00308042)
(0.00442033 -0.000378607 -5.39832e-05 -0.000378607 0.00532592 0.000383258 -5.39832e-05 0.000383258 0.00311532)
