/*--------------------------------*- C++ -*----------------------------------*\
  =========                 |
  \\      /  F ield         | OpenFOAM: The Open Source CFD Toolbox
   \\    /   O peration     | Website:  https://openfoam.org
    \\  /    A nd           | Version:  10
     \\/     M anipulation  |
\*---------------------------------------------------------------------------*/
FoamFile
{
    format      ascii;
    class       volTensorField;
    location    "50";
    object      TauNN;
}
// * * * * * * * * * * * * * * * * * * * * * * * * * * * * * * * * * * * * * //

dimensions      [0 2 -2 0 0 0 0];

internalField   nonuniform List<tensor> 
25600
(
(0.00148053 -0.0129675 -0.0151284 -0.0129675 0.000153717 -0.00814418 -0.0151284 -0.00814418 0.000120283)
(0.00150267 -0.0129796 -0.0151313 -0.0129796 0.000158572 -0.00815206 -0.0151313 -0.00815206 0.000115443)
(0.00148311 -0.012975 -0.0151371 -0.012975 0.000158507 -0.00814911 -0.0151371 -0.00814911 0.00011756)
(0.00147187 -0.0129752 -0.0151389 -0.0129752 0.000159086 -0.00814924 -0.0151389 -0.00814924 0.000117583)
(0.00149433 -0.0129783 -0.0151336 -0.0129783 0.000158578 -0.00815105 -0.0151336 -0.00815105 0.000116672)
(0.00147892 -0.0129779 -0.0151357 -0.0129779 0.000159523 -0.00815112 -0.0151357 -0.00815112 0.00011512)
(0.00148069 -0.0129742 -0.0151328 -0.0129742 0.000157585 -0.00814875 -0.0151328 -0.00814875 0.000116543)
(0.00149441 -0.0129763 -0.0151317 -0.0129763 0.0001575 -0.00814978 -0.0151317 -0.00814978 0.000117205)
(0.00145622 -0.0129745 -0.0151425 -0.0129745 0.00016005 -0.00814899 -0.0151425 -0.00814899 0.000117152)
(0.00145729 -0.0129785 -0.0151385 -0.0129785 0.000160577 -0.00815158 -0.0151385 -0.00815158 0.000115095)
(0.00150489 -0.0129788 -0.0151314 -0.0129788 0.000158223 -0.00815148 -0.0151314 -0.00815148 0.00011609)
(0.00144865 -0.0129739 -0.0151471 -0.0129739 0.000160979 -0.00814874 -0.0151471 -0.00814874 0.000117464)
(0.00148735 -0.0129805 -0.015132 -0.0129805 0.000159453 -0.0081528 -0.015132 -0.0081528 0.000113682)
(0.00149815 -0.012982 -0.0151323 -0.012982 0.000159838 -0.00815374 -0.0151323 -0.00815374 0.000113228)
(0.00147829 -0.0129801 -0.0151355 -0.0129801 0.000160109 -0.00815246 -0.0151355 -0.00815246 0.000114335)
(0.00147282 -0.012979 -0.0151359 -0.012979 0.000159931 -0.00815179 -0.0151359 -0.00815179 0.000114788)
(0.00148869 -0.012977 -0.0151338 -0.012977 0.000158374 -0.00815031 -0.0151338 -0.00815031 0.000116663)
(0.00148799 -0.0129782 -0.0151343 -0.0129782 0.000158937 -0.0081511 -0.0151343 -0.0081511 0.000116044)
(0.00147429 -0.0129796 -0.0151369 -0.0129796 0.000160122 -0.00815202 -0.0151369 -0.00815202 0.000115381)
(0.00148792 -0.0129781 -0.0151341 -0.0129781 0.000158885 -0.00815107 -0.0151341 -0.00815107 0.000116046)
(0.00148938 -0.0129751 -0.0151336 -0.0129751 0.000157628 -0.00814908 -0.0151336 -0.00814908 0.000117543)
(0.00147069 -0.0129774 -0.015139 -0.0129774 0.000159925 -0.00815065 -0.015139 -0.00815065 0.000116383)
(0.00145425 -0.012981 -0.0151398 -0.012981 0.000161531 -0.00815307 -0.0151398 -0.00815307 0.000114365)
(0.00147808 -0.0129799 -0.0151366 -0.0129799 0.000160114 -0.00815218 -0.0151366 -0.00815218 0.000115252)
(0.0014678 -0.0129752 -0.0151395 -0.0129752 0.000159499 -0.00814941 -0.0151395 -0.00814941 0.00011676)
(0.00147987 -0.0129783 -0.015136 -0.0129783 0.000159588 -0.00815132 -0.015136 -0.00815132 0.000115479)
(0.00148895 -0.0129756 -0.0151324 -0.0129756 0.000157678 -0.00814947 -0.0151324 -0.00814947 0.000116759)
(0.0014808 -0.0129782 -0.0151358 -0.0129782 0.000159411 -0.0081512 -0.0151358 -0.0081512 0.000115825)
(0.00146411 -0.0129801 -0.0151399 -0.0129801 0.00016108 -0.00815248 -0.0151399 -0.00815248 0.000115353)
(0.00147803 -0.0129805 -0.0151369 -0.0129805 0.000160389 -0.00815263 -0.0151369 -0.00815263 0.000115056)
(0.00149358 -0.012978 -0.0151337 -0.012978 0.000158717 -0.00815097 -0.0151337 -0.00815097 0.000115931)
(0.00147423 -0.0129734 -0.0151382 -0.0129734 0.000158465 -0.00814815 -0.0151382 -0.00814815 0.000117492)
(0.00146628 -0.0129735 -0.0151375 -0.0129735 0.000158591 -0.0081484 -0.0151375 -0.0081484 0.000117006)
(0.0014855 -0.0129795 -0.015134 -0.0129795 0.000159333 -0.00815196 -0.015134 -0.00815196 0.000115366)
(0.00148597 -0.012979 -0.0151343 -0.012979 0.000159246 -0.00815162 -0.0151343 -0.00815162 0.000115514)
(0.00148168 -0.0129753 -0.0151355 -0.0129753 0.000158317 -0.00814927 -0.0151355 -0.00814927 0.00011711)
(0.0014914 -0.0129766 -0.0151326 -0.0129766 0.000157927 -0.00815 -0.0151326 -0.00815 0.000116768)
(0.00149949 -0.0129796 -0.0151328 -0.0129796 0.000158826 -0.00815191 -0.0151328 -0.00815191 0.000115871)
(0.00147621 -0.012977 -0.0151394 -0.012977 0.000159947 -0.00815052 -0.0151394 -0.00815052 0.000116185)
(0.00141927 -0.0129634 -0.015154 -0.0129634 0.000160068 -0.00814295 -0.015154 -0.00814295 0.000118372)
(-3.66755e-05 -0.0128153 -0.0154523 -0.0128153 9.61552e-05 -0.00810286 -0.0154523 -0.00810286 8.37362e-05)
(-7.3724e-07 -0.0128498 -0.0153981 -0.0128498 0.000115853 -0.00811963 -0.0153981 -0.00811963 9.05579e-05)
(0.000293416 -0.0128362 -0.0154364 -0.0128362 0.000123458 -0.00814416 -0.0154364 -0.00814416 2.68132e-05)
(9.57987e-05 -0.0128154 -0.0154239 -0.0128154 7.04742e-05 -0.0081451 -0.0154239 -0.0081451 3.99378e-05)
(1.61395e-05 -0.0128026 -0.015445 -0.0128026 4.49067e-05 -0.00811803 -0.015445 -0.00811803 6.47003e-05)
(-3.97828e-06 -0.0128041 -0.0154429 -0.0128041 4.67105e-05 -0.00810894 -0.0154429 -0.00810894 7.9183e-05)
(5.70502e-05 -0.0127941 -0.0154185 -0.0127941 2.49293e-05 -0.00812214 -0.0154185 -0.00812214 7.71779e-05)
(9.91064e-05 -0.0128043 -0.0154246 -0.0128043 6.21498e-05 -0.00814442 -0.0154246 -0.00814442 4.41543e-05)
(0.000385004 -0.0128465 -0.0154294 -0.0128465 0.00012481 -0.00814333 -0.0154294 -0.00814333 2.79711e-05)
(0.000122091 -0.0128357 -0.0154122 -0.0128357 0.000105304 -0.00815306 -0.0154122 -0.00815306 5.96045e-05)
(-1.7595e-05 -0.0128076 -0.0154494 -0.0128076 4.8792e-05 -0.00811789 -0.0154494 -0.00811789 5.90817e-05)
(0.000500313 -0.0128564 -0.0154392 -0.0128564 0.000116836 -0.00814218 -0.0154392 -0.00814218 2.62985e-05)
(-4.09338e-05 -0.0128404 -0.0154334 -0.0128404 0.000106317 -0.00810407 -0.0154334 -0.00810407 8.54988e-05)
(0.000145019 -0.0128559 -0.0153583 -0.0128559 0.000107476 -0.00811969 -0.0153583 -0.00811969 0.000100695)
(-0.000167959 -0.0128348 -0.0154523 -0.0128348 0.00010213 -0.00810685 -0.0154523 -0.00810685 8.09998e-05)
(3.69994e-05 -0.0127947 -0.0154249 -0.0127947 2.55351e-05 -0.0081185 -0.0154249 -0.0081185 6.4264e-05)
(0.00013165 -0.0128239 -0.0154213 -0.0128239 0.000106088 -0.00814982 -0.0154213 -0.00814982 3.89771e-05)
(-3.43407e-05 -0.0128115 -0.0154526 -0.0128115 6.5367e-05 -0.00811157 -0.0154526 -0.00811157 7.26634e-05)
(3.40646e-05 -0.0128022 -0.0154384 -0.0128022 3.53343e-05 -0.00811639 -0.0154384 -0.00811639 6.22741e-05)
(6.90103e-05 -0.0127996 -0.0154252 -0.0127996 3.19922e-05 -0.0081354 -0.0154252 -0.0081354 4.48005e-05)
(0.000127606 -0.0128175 -0.015423 -0.0128175 9.84633e-05 -0.00814741 -0.015423 -0.00814741 3.72366e-05)
(9.81583e-05 -0.0128128 -0.0154211 -0.0128128 6.77178e-05 -0.00814518 -0.0154211 -0.00814518 4.98775e-05)
(7.60791e-05 -0.0128012 -0.0154205 -0.0128012 2.7505e-05 -0.00812943 -0.0154205 -0.00812943 6.68673e-05)
(6.92841e-05 -0.0128001 -0.0154278 -0.0128001 2.6765e-05 -0.00812707 -0.0154278 -0.00812707 6.04759e-05)
(0.000212297 -0.0128356 -0.0154219 -0.0128356 0.000127705 -0.00814796 -0.0154219 -0.00814796 3.51641e-05)
(7.55609e-05 -0.0128037 -0.0154217 -0.0128037 3.40683e-05 -0.00813612 -0.0154217 -0.00813612 5.20837e-05)
(8.00092e-05 -0.0128015 -0.0154209 -0.0128015 3.83895e-05 -0.00814043 -0.0154209 -0.00814043 6.03435e-05)
(6.25615e-05 -0.0127973 -0.0154245 -0.0127973 2.66099e-05 -0.00813219 -0.0154245 -0.00813219 5.03457e-05)
(0.000117302 -0.0128238 -0.0154229 -0.0128238 9.49055e-05 -0.00814432 -0.0154229 -0.00814432 3.57424e-05)
(6.33611e-05 -0.0128028 -0.0154327 -0.0128028 2.89535e-05 -0.00811936 -0.0154327 -0.00811936 6.05632e-05)
(2.47485e-07 -0.0128019 -0.0154439 -0.0128019 3.86164e-05 -0.00811515 -0.0154439 -0.00811515 6.62108e-05)
(0.000152168 -0.0128178 -0.0154185 -0.0128178 0.000104777 -0.00814787 -0.0154185 -0.00814787 4.6759e-05)
(8.76305e-05 -0.0128099 -0.0154181 -0.0128099 3.98954e-05 -0.00813901 -0.0154181 -0.00813901 5.39808e-05)
(-0.000116107 -0.0128296 -0.0154533 -0.0128296 0.000102143 -0.00810952 -0.0154533 -0.00810952 7.84818e-05)
(5.20267e-06 -0.0128072 -0.0154457 -0.0128072 4.44404e-05 -0.0081112 -0.0154457 -0.0081112 7.35746e-05)
(0.000194351 -0.012831 -0.0154171 -0.012831 0.000122664 -0.00814783 -0.0154171 -0.00814783 4.28937e-05)
(8.91022e-05 -0.0128052 -0.0154178 -0.0128052 3.81623e-05 -0.00813915 -0.0154178 -0.00813915 6.461e-05)
(-1.48327e-05 -0.0128084 -0.0154503 -0.0128084 5.29679e-05 -0.00811502 -0.0154503 -0.00811502 6.42885e-05)
(0.000193474 -0.0128178 -0.0154252 -0.0128178 0.00011559 -0.00814543 -0.0154252 -0.00814543 3.56372e-05)
(0.000636118 -0.012863 -0.015427 -0.012863 0.000121416 -0.0081429 -0.015427 -0.0081429 4.36504e-05)
(0.000149482 -0.0128402 -0.0154334 -0.0128402 9.77404e-05 -0.00810565 -0.0154334 -0.00810565 8.85259e-05)
(2.38346e-05 -0.0127984 -0.0154368 -0.0127984 2.48987e-05 -0.0081205 -0.0154368 -0.0081205 4.7213e-05)
(0.000129683 -0.0128053 -0.0154284 -0.0128053 9.82652e-05 -0.00814175 -0.0154284 -0.00814175 3.07338e-05)
(6.05378e-05 -0.0127929 -0.0154215 -0.0127929 2.35893e-05 -0.00812495 -0.0154215 -0.00812495 6.33807e-05)
(1.29454e-05 -0.0128025 -0.0154492 -0.0128025 4.84154e-05 -0.00812117 -0.0154492 -0.00812117 6.40015e-05)
(6.63157e-06 -0.0127999 -0.0154365 -0.0127999 3.81476e-05 -0.00810985 -0.0154365 -0.00810985 8.61469e-05)
(0.000112157 -0.0128091 -0.0154153 -0.0128091 7.52412e-05 -0.00815458 -0.0154153 -0.00815458 8.49552e-05)
(0.000359093 -0.0128411 -0.0154315 -0.0128411 0.000127088 -0.008144 -0.0154315 -0.008144 2.66375e-05)
(9.98094e-05 -0.0128051 -0.0154157 -0.0128051 6.5366e-05 -0.00815516 -0.0154157 -0.00815516 9.42551e-05)
(0.000100668 -0.0128028 -0.0154237 -0.0128028 4.65328e-05 -0.00810554 -0.0154237 -0.00810554 9.68474e-05)
(7.16298e-05 -0.0127994 -0.0154283 -0.0127994 4.17082e-05 -0.00813579 -0.0154283 -0.00813579 3.58138e-05)
(4.53121e-05 -0.0127897 -0.0154227 -0.0127897 3.02534e-05 -0.00813644 -0.0154227 -0.00813644 5.11294e-05)
(0.000125832 -0.0128244 -0.0154096 -0.0128244 6.14316e-05 -0.00814685 -0.0154096 -0.00814685 7.08083e-05)
(5.77624e-05 -0.0127965 -0.015423 -0.0127965 2.329e-05 -0.00812762 -0.015423 -0.00812762 6.10463e-05)
(-0.000191589 -0.0128348 -0.0154486 -0.0128348 0.000106552 -0.00810937 -0.0154486 -0.00810937 8.02279e-05)
(5.92287e-05 -0.0127953 -0.0154234 -0.0127953 2.74405e-05 -0.00813241 -0.0154234 -0.00813241 7.37106e-05)
(0.00021265 -0.0128409 -0.0154249 -0.0128409 0.000130112 -0.00814882 -0.0154249 -0.00814882 3.27103e-05)
(-6.17924e-05 -0.0128115 -0.0154522 -0.0128115 7.617e-05 -0.00811403 -0.0154522 -0.00811403 7.37748e-05)
(5.16974e-07 -0.0128021 -0.0154417 -0.0128021 3.95858e-05 -0.00811862 -0.0154417 -0.00811862 5.89626e-05)
(7.54579e-05 -0.0128019 -0.015426 -0.0128019 5.25267e-05 -0.00814529 -0.015426 -0.00814529 4.33918e-05)
(8.60254e-05 -0.0128066 -0.0154242 -0.0128066 5.68377e-05 -0.00814387 -0.0154242 -0.00814387 4.44759e-05)
(5.54583e-05 -0.0127935 -0.0154192 -0.0127935 2.36456e-05 -0.00812293 -0.0154192 -0.00812293 7.88099e-05)
(6.72689e-05 -0.0127947 -0.0154149 -0.0127947 3.15666e-05 -0.00813795 -0.0154149 -0.00813795 8.28637e-05)
(8.12266e-05 -0.0127983 -0.0154242 -0.0127983 3.85136e-05 -0.00813844 -0.0154242 -0.00813844 6.46018e-05)
(0.000129578 -0.0128206 -0.0154146 -0.0128206 0.000112898 -0.00815518 -0.0154146 -0.00815518 5.89558e-05)
(7.28938e-05 -0.0128025 -0.0154205 -0.0128025 3.51173e-05 -0.00813846 -0.0154205 -0.00813846 5.05697e-05)
(0.000103111 -0.0128118 -0.0154181 -0.0128118 6.50665e-05 -0.00815025 -0.0154181 -0.00815025 6.90141e-05)
(6.08374e-05 -0.0127956 -0.0154245 -0.0127956 4.14549e-05 -0.00814299 -0.0154245 -0.00814299 4.90409e-05)
(0.000117545 -0.0128229 -0.0154244 -0.0128229 0.000104823 -0.00814851 -0.0154244 -0.00814851 3.51363e-05)
(6.49706e-05 -0.0128 -0.0154282 -0.0128 2.73873e-05 -0.00811921 -0.0154282 -0.00811921 6.61754e-05)
(-4.7314e-06 -0.0128038 -0.0154462 -0.0128038 4.13919e-05 -0.00811419 -0.0154462 -0.00811419 6.72168e-05)
(5.70897e-05 -0.0127961 -0.0154285 -0.0127961 2.33885e-05 -0.00812373 -0.0154285 -0.00812373 7.12148e-05)
(7.32229e-05 -0.0127954 -0.0154162 -0.0127954 2.89935e-05 -0.00811691 -0.0154162 -0.00811691 7.09339e-05)
(-1.43859e-05 -0.0128046 -0.0154435 -0.0128046 6.17434e-05 -0.00811433 -0.0154435 -0.00811433 6.57698e-05)
(-8.32671e-05 -0.0128173 -0.0154551 -0.0128173 6.80646e-05 -0.00810838 -0.0154551 -0.00810838 7.62769e-05)
(0.000112089 -0.0128074 -0.0154141 -0.0128074 7.38731e-05 -0.00815107 -0.0154141 -0.00815107 8.39111e-05)
(0.000107467 -0.0128116 -0.0154124 -0.0128116 5.38384e-05 -0.00814784 -0.0154124 -0.00814784 8.56464e-05)
(8.93886e-05 -0.0128054 -0.0154247 -0.0128054 5.90574e-05 -0.00814183 -0.0154247 -0.00814183 4.3347e-05)
(7.24476e-05 -0.0127867 -0.0154299 -0.0127867 3.59008e-05 -0.00813981 -0.0154299 -0.00813981 6.16824e-05)
(0.00013943 -0.012826 -0.0154022 -0.012826 9.97024e-05 -0.00815083 -0.0154022 -0.00815083 8.8422e-05)
(0.000130851 -0.0128082 -0.015438 -0.0128082 6.07965e-05 -0.00810818 -0.015438 -0.00810818 8.39397e-05)
(0.000118868 -0.0128079 -0.0154248 -0.0128079 8.79923e-05 -0.00814666 -0.0154248 -0.00814666 3.84898e-05)
(-1.58394e-05 -0.0128088 -0.0154497 -0.0128088 4.28472e-05 -0.00812698 -0.0154497 -0.00812698 4.57699e-05)
(7.94882e-05 -0.0127961 -0.0154149 -0.0127961 2.55719e-05 -0.00812854 -0.0154149 -0.00812854 7.61324e-05)
(3.01608e-05 -0.0127962 -0.0154418 -0.0127962 3.22734e-05 -0.00812325 -0.0154418 -0.00812325 6.0171e-05)
(9.71678e-05 -0.0127982 -0.0154183 -0.0127982 5.13287e-05 -0.00814833 -0.0154183 -0.00814833 0.000101788)
(0.000306208 -0.0128296 -0.0154042 -0.0128296 0.000127884 -0.0081391 -0.0154042 -0.0081391 6.63776e-05)
(0.000342564 -0.0128398 -0.0154245 -0.0128398 0.000129962 -0.00814359 -0.0154245 -0.00814359 3.19355e-05)
(-4.02858e-05 -0.012812 -0.0154534 -0.012812 7.28338e-05 -0.00809803 -0.0154534 -0.00809803 0.000100191)
(4.75216e-05 -0.012832 -0.0154311 -0.012832 0.00010147 -0.00810353 -0.0154311 -0.00810353 8.49779e-05)
(0.000111051 -0.0128097 -0.0154246 -0.0128097 8.32175e-05 -0.00814492 -0.0154246 -0.00814492 3.76951e-05)
(-0.000141796 -0.0128256 -0.0154506 -0.0128256 0.000103017 -0.00811691 -0.0154506 -0.00811691 7.53873e-05)
(9.21123e-05 -0.0127924 -0.0154042 -0.0127924 3.04253e-05 -0.00812384 -0.0154042 -0.00812384 8.90958e-05)
(0.000114737 -0.0128203 -0.0154192 -0.0128203 9.48173e-05 -0.0081526 -0.0154192 -0.0081526 4.89842e-05)
(-4.65743e-05 -0.012809 -0.015447 -0.012809 5.1791e-05 -0.00811527 -0.015447 -0.00811527 6.6853e-05)
(8.34027e-05 -0.0127934 -0.0154254 -0.0127934 3.85928e-05 -0.00814316 -0.0154254 -0.00814316 9.41643e-05)
(0.000102509 -0.0128161 -0.0154201 -0.0128161 7.20216e-05 -0.00814945 -0.0154201 -0.00814945 5.1728e-05)
(4.46793e-05 -0.0127921 -0.0154275 -0.0127921 2.71503e-05 -0.0081241 -0.0154275 -0.0081241 6.10199e-05)
(2.56865e-05 -0.0127945 -0.0154353 -0.0127945 2.38316e-05 -0.00812437 -0.0154353 -0.00812437 4.86364e-05)
(4.5578e-05 -0.0127922 -0.0154233 -0.0127922 2.22915e-05 -0.00812653 -0.0154233 -0.00812653 6.39419e-05)
(5.20817e-05 -0.0127936 -0.0154228 -0.0127936 2.232e-05 -0.00812825 -0.0154228 -0.00812825 5.73774e-05)
(4.46616e-05 -0.0127942 -0.0154214 -0.0127942 2.86101e-05 -0.00811702 -0.0154214 -0.00811702 9.70003e-05)
(6.28272e-05 -0.0127925 -0.015414 -0.0127925 3.02151e-05 -0.00813492 -0.015414 -0.00813492 0.000103643)
(9.50576e-05 -0.0127967 -0.01542 -0.0127967 5.69139e-05 -0.00815136 -0.01542 -0.00815136 8.29676e-05)
(8.35652e-05 -0.0128 -0.0154158 -0.0128 3.85674e-05 -0.00814313 -0.0154158 -0.00814313 9.83678e-05)
(6.67514e-05 -0.012797 -0.0154191 -0.012797 2.37326e-05 -0.00812852 -0.0154191 -0.00812852 5.83385e-05)
(8.76684e-05 -0.0128038 -0.015419 -0.0128038 3.58538e-05 -0.00813699 -0.015419 -0.00813699 7.80278e-05)
(5.81075e-05 -0.0127942 -0.0154245 -0.0127942 3.96428e-05 -0.00814241 -0.0154245 -0.00814241 4.92935e-05)
(6.3924e-05 -0.0128028 -0.0154257 -0.0128028 5.89449e-05 -0.00814778 -0.0154257 -0.00814778 4.3596e-05)
(6.6515e-05 -0.0127936 -0.0154166 -0.0127936 2.38062e-05 -0.00812611 -0.0154166 -0.00812611 7.17456e-05)
(1.79822e-05 -0.0127972 -0.0154377 -0.0127972 2.85954e-05 -0.00811772 -0.0154377 -0.00811772 6.58773e-05)
(4.22944e-05 -0.0127945 -0.0154286 -0.0127945 2.40372e-05 -0.00812049 -0.0154286 -0.00812049 7.98078e-05)
(6.25321e-05 -0.0127968 -0.0154227 -0.0127968 3.57935e-05 -0.0081129 -0.0154227 -0.0081129 7.81793e-05)
(7.89848e-05 -0.0128103 -0.0154238 -0.0128103 5.06026e-05 -0.00814313 -0.0154238 -0.00814313 3.55225e-05)
(-2.43987e-05 -0.0128053 -0.0154439 -0.0128053 4.21704e-05 -0.00811477 -0.0154439 -0.00811477 6.87504e-05)
(2.96572e-05 -0.0127944 -0.0154289 -0.0127944 2.69181e-05 -0.008118 -0.0154289 -0.008118 9.40409e-05)
(0.000102814 -0.0128049 -0.0154116 -0.0128049 4.08705e-05 -0.00814295 -0.0154116 -0.00814295 0.00010481)
(0.000117792 -0.0128128 -0.0154199 -0.0128128 8.64906e-05 -0.00814891 -0.0154199 -0.00814891 5.0688e-05)
(-6.78791e-06 -0.0128018 -0.0154435 -0.0128018 3.50952e-05 -0.00810915 -0.0154435 -0.00810915 9.17922e-05)
(1.01322e-05 -0.0128063 -0.0154485 -0.0128063 6.71509e-05 -0.00810242 -0.0154485 -0.00810242 9.09302e-05)
(0.000122111 -0.0128211 -0.0154143 -0.0128211 5.32974e-05 -0.00813887 -0.0154143 -0.00813887 6.53464e-05)
(8.05325e-05 -0.0127996 -0.0154261 -0.0127996 4.90151e-05 -0.00814325 -0.0154261 -0.00814325 5.06066e-05)
(-0.00011401 -0.0128369 -0.0154539 -0.0128369 9.55243e-05 -0.00813081 -0.0154539 -0.00813081 5.6579e-05)
(6.53284e-05 -0.012796 -0.0154214 -0.012796 2.82663e-05 -0.00811748 -0.0154214 -0.00811748 7.97267e-05)
(5.63972e-05 -0.0127944 -0.0154276 -0.0127944 2.27925e-05 -0.00812932 -0.0154276 -0.00812932 5.27812e-05)
(0.000131199 -0.0127947 -0.0154054 -0.0127947 7.69156e-05 -0.00814895 -0.0154054 -0.00814895 0.000121416)
(0.000141232 -0.0128034 -0.0154049 -0.0128034 9.18342e-05 -0.00814999 -0.0154049 -0.00814999 9.97285e-05)
(9.86092e-05 -0.0128075 -0.0154174 -0.0128075 6.20056e-05 -0.00815224 -0.0154174 -0.00815224 7.29761e-05)
(-5.86708e-05 -0.0128159 -0.0154527 -0.0128159 9.99834e-05 -0.00810181 -0.0154527 -0.00810181 8.62176e-05)
(1.75943e-05 -0.0128287 -0.0154309 -0.0128287 0.000106895 -0.00810887 -0.0154309 -0.00810887 8.62499e-05)
(6.79244e-05 -0.0127944 -0.0154278 -0.0127944 3.2343e-05 -0.00813626 -0.0154278 -0.00813626 5.17768e-05)
(-3.62054e-05 -0.0128083 -0.0154493 -0.0128083 6.82294e-05 -0.00812155 -0.0154493 -0.00812155 6.8537e-05)
(-4.97995e-05 -0.0128059 -0.0154478 -0.0128059 8.28449e-05 -0.00810604 -0.0154478 -0.00810604 8.34601e-05)
(6.34661e-05 -0.0127981 -0.0154216 -0.0127981 2.92008e-05 -0.00813504 -0.0154216 -0.00813504 5.56641e-05)
(3.90516e-05 -0.012787 -0.0154275 -0.012787 2.23543e-05 -0.00813104 -0.0154275 -0.00813104 5.07544e-05)
(4.62424e-05 -0.012791 -0.0154281 -0.012791 2.81788e-05 -0.00813111 -0.0154281 -0.00813111 0.000109721)
(2.75695e-05 -0.0127947 -0.0154289 -0.0127947 3.3632e-05 -0.00811684 -0.0154289 -0.00811684 7.10289e-05)
(7.32566e-05 -0.0127993 -0.0154222 -0.0127993 2.96217e-05 -0.00813456 -0.0154222 -0.00813456 5.18721e-05)
(3.11578e-05 -0.0127932 -0.0154351 -0.0127932 2.19947e-05 -0.00812658 -0.0154351 -0.00812658 4.41062e-05)
(2.07299e-05 -0.0127954 -0.0154304 -0.0127954 2.794e-05 -0.00811596 -0.0154304 -0.00811596 7.45802e-05)
(1.05101e-05 -0.0127963 -0.0154326 -0.0127963 3.34354e-05 -0.00811542 -0.0154326 -0.00811542 6.93647e-05)
(7.31226e-05 -0.0127965 -0.0154166 -0.0127965 3.00907e-05 -0.00813084 -0.0154166 -0.00813084 0.00011165)
(7.26404e-05 -0.0127952 -0.0154157 -0.0127952 3.39623e-05 -0.00814012 -0.0154157 -0.00814012 0.000109149)
(0.000120421 -0.0128041 -0.0154111 -0.0128041 8.58128e-05 -0.00815499 -0.0154111 -0.00815499 9.42703e-05)
(3.37527e-06 -0.0127992 -0.0154337 -0.0127992 4.4526e-05 -0.0081063 -0.0154337 -0.0081063 9.27062e-05)
(5.21319e-05 -0.0127928 -0.0154199 -0.0127928 2.53934e-05 -0.0081188 -0.0154199 -0.0081188 7.68363e-05)
(-3.26486e-06 -0.0128062 -0.0154455 -0.0128062 5.13326e-05 -0.00810768 -0.0154455 -0.00810768 8.10961e-05)
(3.14792e-05 -0.0127919 -0.0154259 -0.0127919 2.29453e-05 -0.00812177 -0.0154259 -0.00812177 6.33352e-05)
(8.76341e-06 -0.0127878 -0.015423 -0.0127878 3.03318e-05 -0.00812388 -0.015423 -0.00812388 6.2844e-05)
(6.82407e-05 -0.0127934 -0.0154123 -0.0127934 2.94331e-05 -0.0081351 -0.0154123 -0.0081351 7.51937e-05)
(1.15481e-05 -0.0127947 -0.0154352 -0.0127947 2.74726e-05 -0.00811844 -0.0154352 -0.00811844 6.64953e-05)
(8.95549e-05 -0.0127989 -0.0154213 -0.0127989 5.49694e-05 -0.00814864 -0.0154213 -0.00814864 7.15229e-05)
(-3.82913e-06 -0.0128014 -0.0154397 -0.0128014 6.02956e-05 -0.0081055 -0.0154397 -0.0081055 8.41666e-05)
(0.000106164 -0.0128291 -0.0154233 -0.0128291 0.000109563 -0.00815287 -0.0154233 -0.00815287 3.45791e-05)
(1.06814e-05 -0.012793 -0.0154332 -0.012793 2.67625e-05 -0.00812284 -0.0154332 -0.00812284 5.65793e-05)
(-6.17886e-05 -0.0128105 -0.015451 -0.0128105 5.95747e-05 -0.00810579 -0.015451 -0.00810579 8.49989e-05)
(8.81714e-05 -0.0127998 -0.015414 -0.0127998 3.31044e-05 -0.00813695 -0.015414 -0.00813695 0.000103877)
(5.71579e-05 -0.0127945 -0.0154233 -0.0127945 2.31915e-05 -0.00812864 -0.0154233 -0.00812864 6.36845e-05)
(-4.15511e-05 -0.0128077 -0.0154487 -0.0128077 4.91321e-05 -0.00810356 -0.0154487 -0.00810356 9.54243e-05)
(-4.17416e-05 -0.0128226 -0.0154558 -0.0128226 9.46717e-05 -0.00810576 -0.0154558 -0.00810576 8.55438e-05)
(0.00010276 -0.0128106 -0.0154163 -0.0128106 3.86255e-05 -0.00813677 -0.0154163 -0.00813677 6.27846e-05)
(5.0773e-05 -0.0127923 -0.0154233 -0.0127923 2.47297e-05 -0.00813233 -0.0154233 -0.00813233 6.19455e-05)
(-8.00096e-05 -0.0128245 -0.0154561 -0.0128245 7.65571e-05 -0.00812784 -0.0154561 -0.00812784 5.48951e-05)
(-0.000101789 -0.0128167 -0.0154542 -0.0128167 9.02266e-05 -0.00810932 -0.0154542 -0.00810932 7.92156e-05)
(5.78282e-05 -0.0127939 -0.015424 -0.0127939 2.34738e-05 -0.0081297 -0.015424 -0.0081297 5.98796e-05)
(5.29081e-05 -0.0127955 -0.0154313 -0.0127955 3.43103e-05 -0.00813935 -0.0154313 -0.00813935 0.000133148)
(-3.97721e-05 -0.0128082 -0.0154491 -0.0128082 5.31167e-05 -0.00811119 -0.0154491 -0.00811119 7.44586e-05)
(1.73967e-05 -0.0128025 -0.0154388 -0.0128025 4.96697e-05 -0.00810942 -0.0154388 -0.00810942 8.39763e-05)
(4.39903e-05 -0.0127933 -0.0154253 -0.0127933 4.80336e-05 -0.00811975 -0.0154253 -0.00811975 7.93296e-05)
(-1.43514e-05 -0.0127967 -0.0154394 -0.0127967 4.78535e-05 -0.00811734 -0.0154394 -0.00811734 7.18348e-05)
(-0.000116871 -0.0128238 -0.0154576 -0.0128238 8.04837e-05 -0.00811079 -0.0154576 -0.00811079 7.0752e-05)
(5.10156e-05 -0.0127968 -0.0154398 -0.0127968 2.80524e-05 -0.00812806 -0.0154398 -0.00812806 4.90512e-05)
(4.08381e-05 -0.0127956 -0.0154288 -0.0127956 4.3411e-05 -0.00811268 -0.0154288 -0.00811268 8.2535e-05)
(3.02138e-05 -0.0127926 -0.0154268 -0.0127926 2.30034e-05 -0.00812022 -0.0154268 -0.00812022 6.46833e-05)
(4.44268e-05 -0.0127883 -0.0154262 -0.0127883 2.25102e-05 -0.00813069 -0.0154262 -0.00813069 5.99364e-05)
(2.2003e-05 -0.0127945 -0.015431 -0.0127945 2.96332e-05 -0.00812081 -0.015431 -0.00812081 0.000109568)
(2.90682e-06 -0.0127987 -0.0154371 -0.0127987 4.40314e-05 -0.00811525 -0.0154371 -0.00811525 7.20839e-05)
(5.56828e-05 -0.0127939 -0.0154226 -0.0127939 2.53002e-05 -0.00812068 -0.0154226 -0.00812068 7.02316e-05)
(4.32654e-05 -0.0127919 -0.0154325 -0.0127919 2.08806e-05 -0.00812917 -0.0154325 -0.00812917 4.05747e-05)
(-6.67373e-07 -0.0127989 -0.015436 -0.0127989 3.67267e-05 -0.00811409 -0.015436 -0.00811409 7.45357e-05)
(-8.09842e-05 -0.0128115 -0.015451 -0.0128115 6.89345e-05 -0.00810746 -0.015451 -0.00810746 7.96217e-05)
(6.20326e-05 -0.0127947 -0.015419 -0.0127947 3.02081e-05 -0.00813132 -0.015419 -0.00813132 0.00011381)
(7.92976e-05 -0.0128002 -0.015419 -0.0128002 5.28859e-05 -0.00815071 -0.015419 -0.00815071 8.29916e-05)
(5.87109e-05 -0.0127926 -0.0154194 -0.0127926 2.66377e-05 -0.00813203 -0.0154194 -0.00813203 8.78037e-05)
(-1.87881e-05 -0.012802 -0.0154382 -0.012802 5.51585e-05 -0.00810627 -0.0154382 -0.00810627 9.02634e-05)
(5.18849e-05 -0.0127895 -0.0154124 -0.0127895 2.5439e-05 -0.00812318 -0.0154124 -0.00812318 8.98291e-05)
(-0.000135966 -0.0128208 -0.0154575 -0.0128208 9.37305e-05 -0.00810472 -0.0154575 -0.00810472 8.35244e-05)
(-4.83889e-05 -0.0128105 -0.0154515 -0.0128105 6.2546e-05 -0.00810403 -0.0154515 -0.00810403 8.33475e-05)
(-3.92618e-05 -0.0128005 -0.0154403 -0.0128005 5.37963e-05 -0.00811157 -0.0154403 -0.00811157 7.58808e-05)
(4.98635e-05 -0.0127891 -0.0154141 -0.0127891 2.58641e-05 -0.00812129 -0.0154141 -0.00812129 8.29198e-05)
(-1.02296e-05 -0.0127966 -0.0154379 -0.0127966 3.29473e-05 -0.00811668 -0.0154379 -0.00811668 6.7793e-05)
(0.000111955 -0.0128065 -0.0154185 -0.0128065 8.21601e-05 -0.00815278 -0.0154185 -0.00815278 6.34875e-05)
(-0.000135273 -0.0128224 -0.0154558 -0.0128224 0.000102382 -0.00810258 -0.0154558 -0.00810258 8.29147e-05)
(0.000145509 -0.0128357 -0.0154215 -0.0128357 0.000128368 -0.00815266 -0.0154215 -0.00815266 3.64381e-05)
(5.39802e-05 -0.0127914 -0.0154274 -0.0127914 3.1003e-05 -0.0081364 -0.0154274 -0.0081364 4.05112e-05)
(-7.66462e-05 -0.0128102 -0.0154497 -0.0128102 6.02153e-05 -0.00810705 -0.0154497 -0.00810705 8.25347e-05)
(9.54896e-05 -0.0128043 -0.015414 -0.0128043 4.78389e-05 -0.00814758 -0.015414 -0.00814758 9.39991e-05)
(-7.99001e-05 -0.0128152 -0.0154568 -0.0128152 8.01628e-05 -0.00810492 -0.0154568 -0.00810492 8.10868e-05)
(-0.00020471 -0.0128254 -0.015459 -0.0128254 9.97815e-05 -0.00810175 -0.015459 -0.00810175 8.50294e-05)
(-6.49731e-05 -0.0128212 -0.0154526 -0.0128212 9.69447e-05 -0.00810947 -0.0154526 -0.00810947 8.20044e-05)
(3.23093e-05 -0.0127941 -0.0154295 -0.0127941 4.03659e-05 -0.0081153 -0.0154295 -0.0081153 7.85473e-05)
(7.24602e-05 -0.0127992 -0.0154214 -0.0127992 4.02434e-05 -0.00814354 -0.0154214 -0.00814354 7.04908e-05)
(-4.30865e-05 -0.0128046 -0.0154462 -0.0128046 5.15683e-05 -0.00812478 -0.0154462 -0.00812478 5.61055e-05)
(-0.000123866 -0.0128226 -0.0154505 -0.0128226 0.000103323 -0.00811378 -0.0154505 -0.00811378 7.76169e-05)
(-4.31573e-06 -0.0127996 -0.0154363 -0.0127996 3.89317e-05 -0.00811154 -0.0154363 -0.00811154 8.07254e-05)
(-7.01811e-06 -0.0128027 -0.0154421 -0.0128027 4.02567e-05 -0.00811466 -0.0154421 -0.00811466 0.000116554)
(-7.74587e-05 -0.0128227 -0.0154587 -0.0128227 7.96163e-05 -0.00812347 -0.0154587 -0.00812347 6.05563e-05)
(-7.12552e-05 -0.012818 -0.0154578 -0.012818 8.29323e-05 -0.00810982 -0.0154578 -0.00810982 7.79751e-05)
(9.24045e-05 -0.0128135 -0.0154237 -0.0128135 5.91326e-05 -0.00814491 -0.0154237 -0.00814491 4.59198e-05)
(6.87312e-05 -0.0127982 -0.015421 -0.0127982 3.06252e-05 -0.00813571 -0.015421 -0.00813571 5.75522e-05)
(-0.000148674 -0.0128288 -0.0154569 -0.0128288 9.17999e-05 -0.00811134 -0.0154569 -0.00811134 7.16745e-05)
(-1.79323e-05 -0.0128108 -0.0154546 -0.0128108 6.62133e-05 -0.00812063 -0.0154546 -0.00812063 6.31863e-05)
(6.77292e-05 -0.0127928 -0.0154174 -0.0127928 2.85253e-05 -0.00811973 -0.0154174 -0.00811973 8.30589e-05)
(4.15763e-05 -0.0127902 -0.0154221 -0.0127902 2.24438e-05 -0.0081263 -0.0154221 -0.0081263 7.25045e-05)
(1.44414e-06 -0.012797 -0.0154349 -0.012797 3.20202e-05 -0.00811398 -0.0154349 -0.00811398 8.14502e-05)
(-1.82284e-06 -0.0127957 -0.015433 -0.0127957 3.20474e-05 -0.00811442 -0.015433 -0.00811442 9.7842e-05)
(3.24254e-05 -0.0127942 -0.0154285 -0.0127942 3.12854e-05 -0.00811801 -0.0154285 -0.00811801 7.13147e-05)
(9.87791e-06 -0.0128 -0.0154371 -0.0128 4.74267e-05 -0.00810937 -0.0154371 -0.00810937 8.28215e-05)
(6.38578e-05 -0.0127956 -0.0154274 -0.0127956 3.36545e-05 -0.00813662 -0.0154274 -0.00813662 4.12563e-05)
(-3.14931e-05 -0.0128049 -0.0154448 -0.0128049 5.4197e-05 -0.00811092 -0.0154448 -0.00811092 7.52058e-05)
(7.24387e-06 -0.0127961 -0.0154327 -0.0127961 3.20577e-05 -0.00811438 -0.0154327 -0.00811438 7.53454e-05)
(-9.2627e-05 -0.0128127 -0.0154543 -0.0128127 6.84593e-05 -0.00810081 -0.0154543 -0.00810081 9.38601e-05)
(9.56097e-05 -0.0128023 -0.0154137 -0.0128023 5.55691e-05 -0.00815337 -0.0154137 -0.00815337 0.000108683)
(-0.000118011 -0.01282 -0.0154555 -0.01282 9.00149e-05 -0.00811111 -0.0154555 -0.00811111 7.83922e-05)
(3.40191e-05 -0.0127971 -0.0154274 -0.0127971 3.36962e-05 -0.00811308 -0.0154274 -0.00811308 8.9338e-05)
(8.05214e-05 -0.0127983 -0.0154102 -0.0127983 3.71314e-05 -0.00814262 -0.0154102 -0.00814262 9.18757e-05)
(-0.000124073 -0.0128241 -0.015452 -0.0128241 0.000103328 -0.00810324 -0.015452 -0.00810324 8.54202e-05)
(-0.000174798 -0.0128253 -0.0154634 -0.0128253 9.66799e-05 -0.00809802 -0.0154634 -0.00809802 8.66202e-05)
(-2.13385e-05 -0.0127996 -0.0154383 -0.0127996 4.78458e-05 -0.00810844 -0.0154383 -0.00810844 8.27096e-05)
(-5.94854e-06 -0.0127973 -0.0154337 -0.0127973 5.11239e-05 -0.0081074 -0.0154337 -0.0081074 9.0418e-05)
(3.28395e-05 -0.0127849 -0.0154275 -0.0127849 2.17101e-05 -0.00813159 -0.0154275 -0.00813159 5.72962e-05)
(6.51723e-05 -0.0127932 -0.0154172 -0.0127932 2.90624e-05 -0.00813541 -0.0154172 -0.00813541 8.16358e-05)
(-0.000120578 -0.0128283 -0.0154498 -0.0128283 0.000104931 -0.00810809 -0.0154498 -0.00810809 8.20345e-05)
(0.000154143 -0.0128232 -0.0154155 -0.0128232 0.000119938 -0.00815276 -0.0154155 -0.00815276 5.17818e-05)
(0.000136359 -0.0128234 -0.0154237 -0.0128234 0.000112984 -0.00815076 -0.0154237 -0.00815076 3.61081e-05)
(-2.86161e-06 -0.0127904 -0.0154258 -0.0127904 2.96006e-05 -0.00811765 -0.0154258 -0.00811765 8.57231e-05)
(8.80631e-05 -0.0128018 -0.0154135 -0.0128018 3.75209e-05 -0.00814133 -0.0154135 -0.00814133 8.61862e-05)
(-5.39756e-05 -0.0128298 -0.0154421 -0.0128298 0.000103797 -0.00810417 -0.0154421 -0.00810417 8.56202e-05)
(-0.000172012 -0.0128377 -0.0154346 -0.0128377 0.00011495 -0.00811078 -0.0154346 -0.00811078 8.48555e-05)
(-8.53153e-05 -0.0128262 -0.0154462 -0.0128262 0.000105884 -0.00811224 -0.0154462 -0.00811224 8.034e-05)
(-6.20686e-05 -0.0128053 -0.0154461 -0.0128053 6.76002e-05 -0.00810937 -0.0154461 -0.00810937 8.30417e-05)
(4.57408e-05 -0.0127916 -0.0154224 -0.0127916 2.29318e-05 -0.0081273 -0.0154224 -0.0081273 7.43182e-05)
(1.03283e-05 -0.0127869 -0.0154289 -0.0127869 2.72902e-05 -0.00812883 -0.0154289 -0.00812883 5.04516e-05)
(-2.01967e-05 -0.0127968 -0.0154337 -0.0127968 4.69836e-05 -0.00811583 -0.0154337 -0.00811583 7.83702e-05)
(-0.000135304 -0.0128155 -0.0154563 -0.0128155 7.87637e-05 -0.00810112 -0.0154563 -0.00810112 8.90287e-05)
(-3.13484e-05 -0.0128015 -0.0154407 -0.0128015 4.19513e-05 -0.00810849 -0.0154407 -0.00810849 0.00010273)
(1.45703e-05 -0.0127968 -0.0154368 -0.0127968 3.09575e-05 -0.00811738 -0.0154368 -0.00811738 6.65116e-05)
(-7.54653e-05 -0.0128161 -0.015457 -0.0128161 7.54153e-05 -0.00810759 -0.015457 -0.00810759 7.99655e-05)
(8.48115e-05 -0.0128049 -0.015423 -0.0128049 4.0024e-05 -0.00813856 -0.015423 -0.00813856 5.12971e-05)
(0.000112529 -0.0128262 -0.0154144 -0.0128262 9.46991e-05 -0.00815281 -0.0154144 -0.00815281 5.95361e-05)
(2.20201e-06 -0.0128048 -0.0154441 -0.0128048 4.21309e-05 -0.00811086 -0.0154441 -0.00811086 7.31174e-05)
(-8.50286e-05 -0.0128342 -0.0154472 -0.0128342 0.000106815 -0.00811816 -0.0154472 -0.00811816 7.81776e-05)
(3.6575e-05 -0.0127937 -0.0154268 -0.0127937 3.34581e-05 -0.008115 -0.0154268 -0.008115 8.12556e-05)
(4.12461e-05 -0.0127897 -0.0154205 -0.0127897 2.33798e-05 -0.00812642 -0.0154205 -0.00812642 8.16256e-05)
(-2.22966e-05 -0.0128018 -0.0154407 -0.0128018 4.23402e-05 -0.00811052 -0.0154407 -0.00811052 8.23178e-05)
(-2.38278e-05 -0.0127996 -0.015438 -0.0127996 3.77332e-05 -0.00811093 -0.015438 -0.00811093 9.35524e-05)
(4.59299e-05 -0.0127925 -0.0154226 -0.0127925 2.62323e-05 -0.00811951 -0.0154226 -0.00811951 7.59349e-05)
(3.99784e-05 -0.0127943 -0.0154253 -0.0127943 2.79436e-05 -0.0081164 -0.0154253 -0.0081164 7.74859e-05)
(5.60168e-05 -0.012793 -0.0154253 -0.012793 2.74506e-05 -0.00813464 -0.0154253 -0.00813464 4.97067e-05)
(-4.09974e-05 -0.0128067 -0.0154476 -0.0128067 6.00104e-05 -0.00811107 -0.0154476 -0.00811107 7.4051e-05)
(4.53577e-05 -0.0127919 -0.015422 -0.0127919 2.18355e-05 -0.0081252 -0.015422 -0.0081252 6.82042e-05)
(-0.00018464 -0.012825 -0.0154575 -0.012825 9.9069e-05 -0.00810317 -0.0154575 -0.00810317 8.41195e-05)
(5.54859e-05 -0.0127958 -0.0154215 -0.0127958 3.13235e-05 -0.0081278 -0.0154215 -0.0081278 0.000118805)
(-2.93546e-05 -0.0128037 -0.0154454 -0.0128037 5.54224e-05 -0.00811634 -0.0154454 -0.00811634 7.01736e-05)
(8.30995e-06 -0.0127992 -0.0154351 -0.0127992 3.65226e-05 -0.00811118 -0.0154351 -0.00811118 8.73909e-05)
(9.35375e-05 -0.0128048 -0.0154106 -0.0128048 4.34273e-05 -0.00814581 -0.0154106 -0.00814581 8.2875e-05)
(-7.55775e-05 -0.0128195 -0.0154538 -0.0128195 9.87674e-05 -0.00810292 -0.0154538 -0.00810292 8.52778e-05)
(-0.000197463 -0.0128288 -0.0154592 -0.0128288 0.000101246 -0.00809938 -0.0154592 -0.00809938 8.64319e-05)
(-1.06752e-05 -0.0127976 -0.0154343 -0.0127976 4.00569e-05 -0.00810974 -0.0154343 -0.00810974 8.61927e-05)
(6.78969e-06 -0.0127944 -0.015427 -0.0127944 3.89774e-05 -0.00811066 -0.015427 -0.00811066 9.30722e-05)
(0.00012122 -0.012802 -0.0154232 -0.012802 9.75005e-05 -0.00815014 -0.0154232 -0.00815014 4.61624e-05)
(-1.91683e-05 -0.0128028 -0.0154413 -0.0128028 5.93159e-05 -0.00810467 -0.0154413 -0.00810467 9.08144e-05)
(-3.34349e-05 -0.0128098 -0.0154513 -0.0128098 6.44807e-05 -0.00811621 -0.0154513 -0.00811621 6.696e-05)
(5.72513e-05 -0.0127897 -0.0154242 -0.0127897 3.00559e-05 -0.00813776 -0.0154242 -0.00813776 7.65972e-05)
(0.000126692 -0.0128259 -0.0154201 -0.0128259 0.000108277 -0.00815224 -0.0154201 -0.00815224 4.14103e-05)
(2.69344e-05 -0.0127874 -0.0154158 -0.0127874 2.92888e-05 -0.00812663 -0.0154158 -0.00812663 9.83228e-05)
(6.33057e-05 -0.0127941 -0.0154196 -0.0127941 3.37183e-05 -0.00811313 -0.0154196 -0.00811313 8.70224e-05)
(-6.68154e-05 -0.0128117 -0.0154569 -0.0128117 8.74602e-05 -0.00809804 -0.0154569 -0.00809804 8.88879e-05)
(-6.96532e-05 -0.0128137 -0.0154535 -0.0128137 6.09157e-05 -0.00811256 -0.0154535 -0.00811256 6.66321e-05)
(-2.62208e-05 -0.0128377 -0.0154293 -0.0128377 0.000117571 -0.0081198 -0.0154293 -0.0081198 8.10906e-05)
(1.30924e-05 -0.0127928 -0.0154273 -0.0127928 3.11517e-05 -0.0081153 -0.0154273 -0.0081153 8.23592e-05)
(-3.14673e-06 -0.0127966 -0.0154358 -0.0127966 3.21848e-05 -0.00811693 -0.0154358 -0.00811693 6.49516e-05)
(6.66648e-05 -0.012801 -0.0154285 -0.012801 5.56548e-05 -0.00814376 -0.0154285 -0.00814376 3.81423e-05)
(6.75894e-05 -0.0127933 -0.0154162 -0.0127933 2.41128e-05 -0.00812678 -0.0154162 -0.00812678 7.30553e-05)
(-0.000119173 -0.0128145 -0.0154567 -0.0128145 7.70275e-05 -0.00809939 -0.0154567 -0.00809939 9.18245e-05)
(-2.1201e-05 -0.0127964 -0.0154368 -0.0127964 3.31567e-05 -0.00811302 -0.0154368 -0.00811302 7.98237e-05)
(3.55503e-05 -0.0127909 -0.0154263 -0.0127909 2.07665e-05 -0.00812363 -0.0154263 -0.00812363 6.55326e-05)
(-1.45231e-05 -0.0128039 -0.0154453 -0.0128039 4.76703e-05 -0.00811355 -0.0154453 -0.00811355 7.13695e-05)
(-2.75721e-06 -0.0128018 -0.0154438 -0.0128018 4.85104e-05 -0.00811614 -0.0154438 -0.00811614 7.23084e-05)
(0.000112862 -0.0128284 -0.0154092 -0.0128284 0.000106368 -0.00815486 -0.0154092 -0.00815486 6.53794e-05)
(4.07982e-05 -0.0127965 -0.0154298 -0.0127965 2.89517e-05 -0.00811636 -0.0154298 -0.00811636 6.87003e-05)
(-9.24672e-05 -0.0128251 -0.0154563 -0.0128251 9.69514e-05 -0.00811325 -0.0154563 -0.00811325 7.62937e-05)
(3.79944e-05 -0.0127913 -0.0154238 -0.0127913 2.58185e-05 -0.00812084 -0.0154238 -0.00812084 7.77322e-05)
(4.23045e-05 -0.0127899 -0.0154192 -0.0127899 2.55338e-05 -0.00812716 -0.0154192 -0.00812716 9.44986e-05)
(1.0647e-05 -0.0127935 -0.0154316 -0.0127935 2.75741e-05 -0.00811734 -0.0154316 -0.00811734 7.18768e-05)
(1.62568e-06 -0.0127935 -0.0154325 -0.0127935 2.85443e-05 -0.00811639 -0.0154325 -0.00811639 8.85877e-05)
(3.34006e-05 -0.0127936 -0.0154269 -0.0127936 2.94566e-05 -0.00811658 -0.0154269 -0.00811658 8.07538e-05)
(6.32878e-05 -0.012796 -0.01542 -0.012796 2.55169e-05 -0.00813159 -0.01542 -0.00813159 6.31268e-05)
(2.30441e-05 -0.0127924 -0.0154309 -0.0127924 2.66959e-05 -0.00812308 -0.0154309 -0.00812308 5.85727e-05)
(-2.68816e-05 -0.0128043 -0.0154444 -0.0128043 5.31313e-05 -0.0081143 -0.0154444 -0.0081143 7.21514e-05)
(-3.02919e-05 -0.0128025 -0.0154421 -0.0128025 5.18081e-05 -0.00810882 -0.0154421 -0.00810882 7.95443e-05)
(-0.000118503 -0.0128158 -0.0154554 -0.0128158 7.81034e-05 -0.00810525 -0.0154554 -0.00810525 8.26247e-05)
(-3.07676e-05 -0.0128016 -0.0154407 -0.0128016 4.66119e-05 -0.00810589 -0.0154407 -0.00810589 9.21412e-05)
(3.56176e-05 -0.0127909 -0.0154263 -0.0127909 2.34193e-05 -0.00812432 -0.0154263 -0.00812432 5.8863e-05)
(-6.79393e-05 -0.0128107 -0.0154513 -0.0128107 6.33059e-05 -0.00810786 -0.0154513 -0.00810786 8.22788e-05)
(6.7506e-05 -0.0127891 -0.0154101 -0.0127891 2.73593e-05 -0.00812091 -0.0154101 -0.00812091 8.4133e-05)
(7.18374e-06 -0.0128022 -0.0154433 -0.0128022 6.84183e-05 -0.00810782 -0.0154433 -0.00810782 8.53089e-05)
(-7.45719e-05 -0.0128164 -0.0154554 -0.0128164 6.4982e-05 -0.00811145 -0.0154554 -0.00811145 6.84034e-05)
(-3.14095e-06 -0.012794 -0.0154309 -0.012794 3.16143e-05 -0.00811486 -0.0154309 -0.00811486 7.86156e-05)
(4.31387e-05 -0.0127887 -0.0154168 -0.0127887 2.64636e-05 -0.0081307 -0.0154168 -0.0081307 9.47012e-05)
(0.00011846 -0.0128058 -0.0154223 -0.0128058 9.7178e-05 -0.00815061 -0.0154223 -0.00815061 4.6827e-05)
(-4.386e-05 -0.0128091 -0.0154514 -0.0128091 8.30938e-05 -0.00810344 -0.0154514 -0.00810344 8.66532e-05)
(3.24702e-05 -0.0127948 -0.0154358 -0.0127948 2.51971e-05 -0.00812576 -0.0154358 -0.00812576 4.92094e-05)
(-3.15318e-05 -0.0128049 -0.0154446 -0.0128049 4.16218e-05 -0.00811415 -0.0154446 -0.00811415 6.67055e-05)
(7.33283e-05 -0.0127984 -0.0154183 -0.0127984 2.81584e-05 -0.00813343 -0.0154183 -0.00813343 6.11072e-05)
(4.18582e-05 -0.0127922 -0.0154175 -0.0127922 2.94479e-05 -0.00812005 -0.0154175 -0.00812005 0.000105688)
(4.76201e-06 -0.0127976 -0.015434 -0.0127976 5.88422e-05 -0.00810535 -0.015434 -0.00810535 9.06163e-05)
(9.28197e-05 -0.012799 -0.0154083 -0.012799 3.41564e-05 -0.00813884 -0.0154083 -0.00813884 0.000102983)
(7.5892e-05 -0.0127977 -0.0154272 -0.0127977 5.10715e-05 -0.00814316 -0.0154272 -0.00814316 4.34334e-05)
(-0.00011381 -0.0128269 -0.0154494 -0.0128269 0.000106019 -0.00811756 -0.0154494 -0.00811756 7.50653e-05)
(5.13494e-05 -0.0127907 -0.0154195 -0.0127907 2.43841e-05 -0.0081299 -0.0154195 -0.0081299 7.99232e-05)
(2.5703e-05 -0.0127871 -0.0154315 -0.0127871 1.99059e-05 -0.00812899 -0.0154315 -0.00812899 3.85896e-05)
(9.16892e-05 -0.0128084 -0.0154253 -0.0128084 7.53263e-05 -0.00814803 -0.0154253 -0.00814803 4.17112e-05)
(9.71206e-05 -0.0128023 -0.0154115 -0.0128023 3.2374e-05 -0.00813595 -0.0154115 -0.00813595 7.24638e-05)
(9.39595e-06 -0.0127952 -0.0154297 -0.0127952 3.22439e-05 -0.00811292 -0.0154297 -0.00811292 7.99229e-05)
(3.28994e-06 -0.0127895 -0.015433 -0.0127895 2.21031e-05 -0.0081209 -0.015433 -0.0081209 6.09817e-05)
(2.67926e-05 -0.0127894 -0.0154295 -0.0127894 2.01355e-05 -0.00812495 -0.0154295 -0.00812495 5.49797e-05)
(3.97919e-05 -0.012794 -0.0154326 -0.012794 2.3452e-05 -0.00812522 -0.0154326 -0.00812522 5.12698e-05)
(-3.42917e-05 -0.012807 -0.0154498 -0.012807 5.67011e-05 -0.00811574 -0.0154498 -0.00811574 6.96201e-05)
(7.46667e-05 -0.0127924 -0.0154073 -0.0127924 2.94173e-05 -0.00813459 -0.0154073 -0.00813459 9.50101e-05)
(5.91688e-05 -0.0127922 -0.0154184 -0.0127922 2.40699e-05 -0.00812198 -0.0154184 -0.00812198 6.81695e-05)
(1.34593e-05 -0.012796 -0.0154356 -0.012796 3.63471e-05 -0.00811681 -0.0154356 -0.00811681 6.91916e-05)
(3.95203e-05 -0.0127871 -0.0154225 -0.0127871 2.50616e-05 -0.00813335 -0.0154225 -0.00813335 6.54384e-05)
