/*--------------------------------*- C++ -*----------------------------------*\
  =========                 |
  \\      /  F ield         | OpenFOAM: The Open Source CFD Toolbox
   \\    /   O peration     | Website:  https://openfoam.org
    \\  /    A nd           | Version:  10
     \\/     M anipulation  |
\*---------------------------------------------------------------------------*/
FoamFile
{
    format      ascii;
    class       volTensorField;
    location    "5";
    object      TauNN;
}
// * * * * * * * * * * * * * * * * * * * * * * * * * * * * * * * * * * * * * //

dimensions      [0 2 -2 0 0 0 0];

internalField   nonuniform List<tensor> 
25600
(
(6.27477e-05 -0.0127934 -0.0154151 -0.0127934 3.26733e-05 -0.00813759 -0.0154151 -0.00813759 0.000117075)
(6.19195e-05 -0.0127933 -0.0154152 -0.0127933 3.26112e-05 -0.00813761 -0.0154152 -0.00813761 0.000116906)
(6.1712e-05 -0.0127933 -0.0154154 -0.0127933 3.26064e-05 -0.00813757 -0.0154154 -0.00813757 0.000117059)
(6.22138e-05 -0.0127934 -0.0154152 -0.0127934 3.26267e-05 -0.00813749 -0.0154152 -0.00813749 0.000117211)
(6.28926e-05 -0.0127935 -0.0154151 -0.0127935 3.26962e-05 -0.00813751 -0.0154151 -0.00813751 0.000117404)
(6.28253e-05 -0.0127935 -0.0154151 -0.0127935 3.2712e-05 -0.00813763 -0.0154151 -0.00813763 0.000117219)
(6.185e-05 -0.0127933 -0.0154153 -0.0127933 3.26044e-05 -0.00813764 -0.0154153 -0.00813764 0.000116786)
(6.14965e-05 -0.0127932 -0.0154153 -0.0127932 3.25471e-05 -0.00813754 -0.0154153 -0.00813754 0.000116754)
(6.21725e-05 -0.0127934 -0.0154153 -0.0127934 3.2636e-05 -0.00813749 -0.0154153 -0.00813749 0.000117294)
(6.29358e-05 -0.0127935 -0.0154151 -0.0127935 3.26719e-05 -0.00813749 -0.0154151 -0.00813749 0.000117252)
(6.27637e-05 -0.0127934 -0.015415 -0.0127934 3.26691e-05 -0.00813759 -0.015415 -0.00813759 0.000117027)
(6.21135e-05 -0.0127933 -0.0154152 -0.0127933 3.26518e-05 -0.00813765 -0.0154152 -0.00813765 0.000117005)
(6.17442e-05 -0.0127932 -0.0154153 -0.0127932 3.25661e-05 -0.00813755 -0.0154153 -0.00813755 0.00011678)
(6.21869e-05 -0.0127934 -0.0154153 -0.0127934 3.26595e-05 -0.00813753 -0.0154153 -0.00813753 0.000117382)
(6.30209e-05 -0.0127935 -0.0154151 -0.0127935 3.27137e-05 -0.00813752 -0.0154151 -0.00813752 0.000117444)
(6.26373e-05 -0.0127934 -0.0154151 -0.0127934 3.2653e-05 -0.00813758 -0.0154151 -0.00813758 0.00011701)
(6.2132e-05 -0.0127933 -0.0154152 -0.0127933 3.26643e-05 -0.00813765 -0.0154152 -0.00813765 0.000117108)
(6.17149e-05 -0.0127932 -0.0154153 -0.0127932 3.25613e-05 -0.00813753 -0.0154153 -0.00813753 0.00011682)
(6.20082e-05 -0.0127933 -0.0154153 -0.0127933 3.26217e-05 -0.00813748 -0.0154153 -0.00813748 0.000117319)
(6.31668e-05 -0.0127936 -0.0154151 -0.0127936 3.27512e-05 -0.00813753 -0.0154151 -0.00813753 0.000117649)
(6.25955e-05 -0.0127934 -0.0154151 -0.0127934 3.26461e-05 -0.00813755 -0.0154151 -0.00813755 0.000117067)
(6.19224e-05 -0.0127933 -0.0154153 -0.0127933 3.26445e-05 -0.00813764 -0.0154153 -0.00813764 0.00011709)
(6.16497e-05 -0.0127933 -0.0154153 -0.0127933 3.2583e-05 -0.00813755 -0.0154153 -0.00813755 0.000116943)
(6.17444e-05 -0.0127933 -0.0154153 -0.0127933 3.25616e-05 -0.00813742 -0.0154153 -0.00813742 0.000117132)
(6.28873e-05 -0.0127935 -0.0154151 -0.0127935 3.27045e-05 -0.00813749 -0.0154151 -0.00813749 0.000117508)
(6.27605e-05 -0.0127934 -0.015415 -0.0127934 3.26542e-05 -0.00813755 -0.015415 -0.00813755 0.000117058)
(6.19302e-05 -0.0127933 -0.0154152 -0.0127933 3.2602e-05 -0.00813759 -0.0154152 -0.00813759 0.000116912)
(6.17757e-05 -0.0127933 -0.0154153 -0.0127933 3.26044e-05 -0.00813756 -0.0154153 -0.00813756 0.000117043)
(6.21847e-05 -0.0127934 -0.0154152 -0.0127934 3.26146e-05 -0.00813746 -0.0154152 -0.00813746 0.000117225)
(6.28149e-05 -0.0127935 -0.0154151 -0.0127935 3.26956e-05 -0.00813751 -0.0154151 -0.00813751 0.000117435)
(6.26886e-05 -0.0127934 -0.0154151 -0.0127934 3.2669e-05 -0.00813759 -0.0154151 -0.00813759 0.000117068)
(6.20844e-05 -0.0127933 -0.0154152 -0.0127933 3.26233e-05 -0.00813762 -0.0154152 -0.00813762 0.000116902)
(6.16371e-05 -0.0127933 -0.0154153 -0.0127933 3.25824e-05 -0.00813756 -0.0154153 -0.00813756 0.000116943)
(6.21198e-05 -0.0127934 -0.0154153 -0.0127934 3.26287e-05 -0.00813749 -0.0154153 -0.00813749 0.000117279)
(6.29154e-05 -0.0127935 -0.0154151 -0.0127935 3.26979e-05 -0.0081375 -0.0154151 -0.0081375 0.000117432)
(6.2693e-05 -0.0127934 -0.0154151 -0.0127934 3.2671e-05 -0.00813759 -0.0154151 -0.00813759 0.000117115)
(6.19758e-05 -0.0127933 -0.0154153 -0.0127933 3.26428e-05 -0.00813764 -0.0154153 -0.00813764 0.000117039)
(6.16966e-05 -0.0127933 -0.0154153 -0.0127933 3.25878e-05 -0.00813755 -0.0154153 -0.00813755 0.000116972)
(6.21511e-05 -0.0127934 -0.0154152 -0.0127934 3.26275e-05 -0.00813748 -0.0154152 -0.00813748 0.000117285)
(6.28742e-05 -0.0127935 -0.0154151 -0.0127935 3.27215e-05 -0.00813753 -0.0154151 -0.00813753 0.000117548)
(3.70237e-05 -0.0127892 -0.0154174 -0.0127892 2.54927e-05 -0.00812338 -0.0154174 -0.00812338 9.25731e-05)
(3.70967e-05 -0.0127892 -0.0154174 -0.0127892 2.54034e-05 -0.0081234 -0.0154174 -0.0081234 9.20036e-05)
(3.65486e-05 -0.0127892 -0.0154175 -0.0127892 2.54057e-05 -0.00812319 -0.0154175 -0.00812319 9.18594e-05)
(3.62052e-05 -0.0127892 -0.0154176 -0.0127892 2.54613e-05 -0.00812304 -0.0154176 -0.00812304 9.2082e-05)
(3.62719e-05 -0.0127892 -0.0154176 -0.0127892 2.54887e-05 -0.00812309 -0.0154176 -0.00812309 9.23114e-05)
(3.69776e-05 -0.0127892 -0.0154174 -0.0127892 2.54851e-05 -0.00812337 -0.0154174 -0.00812337 9.25412e-05)
(3.71881e-05 -0.0127892 -0.0154173 -0.0127892 2.54167e-05 -0.00812344 -0.0154173 -0.00812344 9.21093e-05)
(3.65878e-05 -0.0127892 -0.0154175 -0.0127892 2.5407e-05 -0.00812319 -0.0154175 -0.00812319 9.18464e-05)
(3.61216e-05 -0.0127892 -0.0154176 -0.0127892 2.54366e-05 -0.00812302 -0.0154176 -0.00812302 9.19142e-05)
(3.63117e-05 -0.0127892 -0.0154176 -0.0127892 2.55027e-05 -0.0081231 -0.0154176 -0.0081231 9.23919e-05)
(3.70074e-05 -0.0127892 -0.0154174 -0.0127892 2.54645e-05 -0.00812337 -0.0154174 -0.00812337 9.24036e-05)
(3.71309e-05 -0.0127892 -0.0154173 -0.0127892 2.5399e-05 -0.0081234 -0.0154173 -0.0081234 9.19643e-05)
(3.67716e-05 -0.0127892 -0.0154174 -0.0127892 2.54176e-05 -0.00812325 -0.0154174 -0.00812325 9.19881e-05)
(3.618e-05 -0.0127892 -0.0154176 -0.0127892 2.54223e-05 -0.00812304 -0.0154176 -0.00812304 9.18321e-05)
(3.64313e-05 -0.0127892 -0.0154175 -0.0127892 2.5509e-05 -0.00812313 -0.0154175 -0.00812313 9.24659e-05)
(3.71407e-05 -0.0127892 -0.0154174 -0.0127892 2.54943e-05 -0.00812341 -0.0154174 -0.00812341 9.26168e-05)
(3.71544e-05 -0.0127892 -0.0154173 -0.0127892 2.53873e-05 -0.00812342 -0.0154173 -0.00812342 9.1911e-05)
(3.69096e-05 -0.0127892 -0.0154174 -0.0127892 2.54312e-05 -0.00812329 -0.0154174 -0.00812329 9.21141e-05)
(3.62962e-05 -0.0127892 -0.0154176 -0.0127892 2.54223e-05 -0.00812308 -0.0154176 -0.00812308 9.18712e-05)
(3.64127e-05 -0.0127892 -0.0154175 -0.0127892 2.54694e-05 -0.00812314 -0.0154175 -0.00812314 9.22274e-05)
(3.71556e-05 -0.0127892 -0.0154174 -0.0127892 2.55086e-05 -0.00812342 -0.0154174 -0.00812342 9.27183e-05)
(3.71219e-05 -0.0127892 -0.0154174 -0.0127892 2.53885e-05 -0.00812343 -0.0154174 -0.00812343 9.19198e-05)
(3.68011e-05 -0.0127892 -0.0154174 -0.0127892 2.54229e-05 -0.00812326 -0.0154174 -0.00812326 9.20181e-05)
(3.61758e-05 -0.0127892 -0.0154176 -0.0127892 2.54609e-05 -0.00812304 -0.0154176 -0.00812304 9.20736e-05)
(3.61889e-05 -0.0127892 -0.0154176 -0.0127892 2.54781e-05 -0.00812308 -0.0154176 -0.00812308 9.22261e-05)
(3.70449e-05 -0.0127892 -0.0154174 -0.0127892 2.54945e-05 -0.00812338 -0.0154174 -0.00812338 9.2583e-05)
(3.70928e-05 -0.0127892 -0.0154174 -0.0127892 2.54085e-05 -0.00812339 -0.0154174 -0.00812339 9.20224e-05)
(3.66173e-05 -0.0127892 -0.0154175 -0.0127892 2.54054e-05 -0.00812321 -0.0154175 -0.00812321 9.18795e-05)
(3.6128e-05 -0.0127892 -0.0154176 -0.0127892 2.5459e-05 -0.00812302 -0.0154176 -0.00812302 9.20312e-05)
(3.63053e-05 -0.0127892 -0.0154176 -0.0127892 2.55025e-05 -0.00812311 -0.0154176 -0.00812311 9.24187e-05)
(3.69471e-05 -0.0127892 -0.0154174 -0.0127892 2.54853e-05 -0.00812335 -0.0154174 -0.00812335 9.24924e-05)
(3.71672e-05 -0.0127892 -0.0154173 -0.0127892 2.54035e-05 -0.00812341 -0.0154173 -0.00812341 9.20032e-05)
(3.67651e-05 -0.0127892 -0.0154174 -0.0127892 2.54114e-05 -0.00812325 -0.0154174 -0.00812325 9.1957e-05)
(3.62094e-05 -0.0127892 -0.0154176 -0.0127892 2.54319e-05 -0.00812304 -0.0154176 -0.00812304 9.18761e-05)
(3.63295e-05 -0.0127892 -0.0154176 -0.0127892 2.5495e-05 -0.00812312 -0.0154176 -0.00812312 9.23693e-05)
(3.70073e-05 -0.0127892 -0.0154174 -0.0127892 2.54909e-05 -0.00812337 -0.0154174 -0.00812337 9.25508e-05)
(3.71666e-05 -0.0127892 -0.0154173 -0.0127892 2.5388e-05 -0.00812343 -0.0154173 -0.00812343 9.1916e-05)
(3.66682e-05 -0.0127892 -0.0154174 -0.0127892 2.54214e-05 -0.00812321 -0.0154174 -0.00812321 9.19614e-05)
(3.62513e-05 -0.0127892 -0.0154176 -0.0127892 2.54455e-05 -0.00812306 -0.0154176 -0.00812306 9.20068e-05)
(3.63011e-05 -0.0127892 -0.0154176 -0.0127892 2.54886e-05 -0.00812311 -0.0154176 -0.00812311 9.23123e-05)
(4.75836e-05 -0.0127899 -0.0154164 -0.0127899 2.54415e-05 -0.00813137 -0.0154164 -0.00813137 8.57978e-05)
(4.81909e-05 -0.01279 -0.0154163 -0.01279 2.545e-05 -0.00813148 -0.0154163 -0.00813148 8.47492e-05)
(4.81233e-05 -0.01279 -0.0154163 -0.01279 2.53625e-05 -0.00813151 -0.0154163 -0.00813151 8.35137e-05)
(4.78874e-05 -0.01279 -0.0154164 -0.01279 2.53249e-05 -0.00813151 -0.0154164 -0.00813151 8.33119e-05)
(4.72807e-05 -0.0127898 -0.0154166 -0.0127898 2.5301e-05 -0.00813138 -0.0154166 -0.00813138 8.43255e-05)
(4.73098e-05 -0.0127898 -0.0154165 -0.0127898 2.53912e-05 -0.00813132 -0.0154165 -0.00813132 8.57057e-05)
(4.80643e-05 -0.01279 -0.0154163 -0.01279 2.54365e-05 -0.00813141 -0.0154163 -0.00813141 8.50628e-05)
(4.81416e-05 -0.01279 -0.0154163 -0.01279 2.53414e-05 -0.00813149 -0.0154163 -0.00813149 8.335e-05)
(4.76668e-05 -0.0127899 -0.0154165 -0.0127899 2.52703e-05 -0.00813143 -0.0154165 -0.00813143 8.32578e-05)
(4.72791e-05 -0.0127898 -0.0154165 -0.0127898 2.53047e-05 -0.00813134 -0.0154165 -0.00813134 8.45765e-05)
(4.74003e-05 -0.0127898 -0.0154165 -0.0127898 2.53719e-05 -0.0081313 -0.0154165 -0.0081313 8.54903e-05)
(4.79569e-05 -0.0127899 -0.0154163 -0.0127899 2.54054e-05 -0.00813138 -0.0154163 -0.00813138 8.48978e-05)
(4.81817e-05 -0.01279 -0.0154163 -0.01279 2.5341e-05 -0.00813146 -0.0154163 -0.00813146 8.3428e-05)
(4.77854e-05 -0.0127899 -0.0154165 -0.0127899 2.52957e-05 -0.00813148 -0.0154165 -0.00813148 8.32e-05)
(4.7199e-05 -0.0127898 -0.0154165 -0.0127898 2.52973e-05 -0.00813132 -0.0154165 -0.00813132 8.46504e-05)
(4.75063e-05 -0.0127899 -0.0154164 -0.0127899 2.54145e-05 -0.00813136 -0.0154164 -0.00813136 8.56132e-05)
(4.80319e-05 -0.0127899 -0.0154163 -0.0127899 2.54416e-05 -0.00813141 -0.0154163 -0.00813141 8.51279e-05)
(4.82396e-05 -0.01279 -0.0154163 -0.01279 2.53808e-05 -0.00813152 -0.0154163 -0.00813152 8.3579e-05)
(4.78992e-05 -0.01279 -0.0154164 -0.01279 2.53172e-05 -0.00813151 -0.0154164 -0.00813151 8.32038e-05)
(4.74215e-05 -0.0127899 -0.0154165 -0.0127899 2.53325e-05 -0.00813141 -0.0154165 -0.00813141 8.44525e-05)
(4.75485e-05 -0.0127899 -0.0154165 -0.0127899 2.54258e-05 -0.00813141 -0.0154165 -0.00813141 8.54775e-05)
(4.79902e-05 -0.0127899 -0.0154163 -0.0127899 2.54304e-05 -0.00813141 -0.0154163 -0.00813141 8.50556e-05)
(4.83056e-05 -0.01279 -0.0154163 -0.01279 2.54082e-05 -0.00813155 -0.0154163 -0.00813155 8.36743e-05)
(4.78752e-05 -0.01279 -0.0154165 -0.01279 2.53239e-05 -0.00813152 -0.0154165 -0.00813152 8.32431e-05)
(4.73244e-05 -0.0127898 -0.0154165 -0.0127898 2.53374e-05 -0.00813139 -0.0154165 -0.00813139 8.46805e-05)
(4.75465e-05 -0.0127899 -0.0154164 -0.0127899 2.54221e-05 -0.00813136 -0.0154164 -0.00813136 8.56486e-05)
(4.81058e-05 -0.01279 -0.0154163 -0.01279 2.54347e-05 -0.00813144 -0.0154163 -0.00813144 8.48566e-05)
(4.84238e-05 -0.0127901 -0.0154163 -0.0127901 2.54307e-05 -0.00813159 -0.0154163 -0.00813159 8.36609e-05)
(4.79535e-05 -0.01279 -0.0154165 -0.01279 2.53413e-05 -0.00813157 -0.0154165 -0.00813157 8.31497e-05)
(4.72392e-05 -0.0127898 -0.0154165 -0.0127898 2.53214e-05 -0.00813138 -0.0154165 -0.00813138 8.46602e-05)
(4.75345e-05 -0.0127899 -0.0154164 -0.0127899 2.54391e-05 -0.00813139 -0.0154164 -0.00813139 8.57371e-05)
(4.79363e-05 -0.0127899 -0.0154163 -0.0127899 2.54059e-05 -0.0081314 -0.0154163 -0.0081314 8.48393e-05)
(4.81857e-05 -0.01279 -0.0154163 -0.01279 2.53677e-05 -0.0081315 -0.0154163 -0.0081315 8.35871e-05)
(4.79104e-05 -0.01279 -0.0154164 -0.01279 2.53193e-05 -0.00813152 -0.0154164 -0.00813152 8.31651e-05)
(4.72889e-05 -0.0127898 -0.0154165 -0.0127898 2.5304e-05 -0.00813137 -0.0154165 -0.00813137 8.44241e-05)
(4.74507e-05 -0.0127898 -0.0154165 -0.0127898 2.54076e-05 -0.00813136 -0.0154165 -0.00813136 8.55892e-05)
(4.79529e-05 -0.0127899 -0.0154163 -0.0127899 2.54036e-05 -0.00813138 -0.0154163 -0.00813138 8.48701e-05)
(4.8227e-05 -0.01279 -0.0154163 -0.01279 2.53828e-05 -0.00813154 -0.0154163 -0.00813154 8.35411e-05)
(4.78049e-05 -0.01279 -0.0154165 -0.01279 2.52923e-05 -0.00813147 -0.0154165 -0.00813147 8.31942e-05)
(4.73234e-05 -0.0127898 -0.0154165 -0.0127898 2.53371e-05 -0.0081314 -0.0154165 -0.0081314 8.46687e-05)
(3.91234e-05 -0.012789 -0.0154181 -0.012789 2.43626e-05 -0.00812514 -0.0154181 -0.00812514 8.72422e-05)
(3.89171e-05 -0.012789 -0.0154181 -0.012789 2.44711e-05 -0.00812517 -0.0154181 -0.00812517 8.80635e-05)
(3.93571e-05 -0.012789 -0.0154179 -0.012789 2.44645e-05 -0.00812531 -0.0154179 -0.00812531 8.78435e-05)
(3.9819e-05 -0.012789 -0.0154179 -0.012789 2.43547e-05 -0.00812537 -0.0154179 -0.00812537 8.68761e-05)
(3.99294e-05 -0.012789 -0.0154179 -0.012789 2.42499e-05 -0.00812532 -0.0154179 -0.00812532 8.60788e-05)
(3.94117e-05 -0.012789 -0.015418 -0.012789 2.43412e-05 -0.00812518 -0.015418 -0.00812518 8.69955e-05)
(3.88543e-05 -0.012789 -0.0154181 -0.012789 2.44684e-05 -0.00812515 -0.0154181 -0.00812515 8.80675e-05)
(3.93409e-05 -0.012789 -0.0154179 -0.012789 2.44605e-05 -0.00812532 -0.0154179 -0.00812532 8.78044e-05)
(4.00176e-05 -0.012789 -0.0154178 -0.012789 2.43425e-05 -0.00812543 -0.0154178 -0.00812543 8.67357e-05)
(3.97773e-05 -0.012789 -0.015418 -0.012789 2.42419e-05 -0.00812528 -0.015418 -0.00812528 8.60696e-05)
(3.93063e-05 -0.012789 -0.0154181 -0.012789 2.4342e-05 -0.00812518 -0.0154181 -0.00812518 8.70167e-05)
(3.89928e-05 -0.012789 -0.0154181 -0.012789 2.44562e-05 -0.0081252 -0.0154181 -0.0081252 8.79461e-05)
(3.92343e-05 -0.012789 -0.015418 -0.012789 2.44398e-05 -0.00812532 -0.015418 -0.00812532 8.77144e-05)
(3.99056e-05 -0.012789 -0.0154179 -0.012789 2.43298e-05 -0.00812539 -0.0154179 -0.00812539 8.66447e-05)
(3.98464e-05 -0.012789 -0.015418 -0.012789 2.42352e-05 -0.00812531 -0.015418 -0.00812531 8.60142e-05)
(3.91653e-05 -0.012789 -0.0154181 -0.012789 2.43339e-05 -0.00812514 -0.0154181 -0.00812514 8.69934e-05)
(3.89419e-05 -0.012789 -0.0154181 -0.012789 2.44662e-05 -0.00812517 -0.0154181 -0.00812517 8.80183e-05)
(3.9218e-05 -0.012789 -0.015418 -0.012789 2.44598e-05 -0.0081253 -0.015418 -0.0081253 8.78715e-05)
(3.98494e-05 -0.012789 -0.0154179 -0.012789 2.43607e-05 -0.00812538 -0.0154179 -0.00812538 8.68941e-05)
(3.97694e-05 -0.012789 -0.015418 -0.012789 2.4238e-05 -0.00812531 -0.015418 -0.00812531 8.6054e-05)
(3.93237e-05 -0.012789 -0.015418 -0.012789 2.43304e-05 -0.00812513 -0.015418 -0.00812513 8.69045e-05)
(3.89981e-05 -0.012789 -0.0154181 -0.012789 2.44464e-05 -0.00812518 -0.0154181 -0.00812518 8.78675e-05)
(3.91872e-05 -0.012789 -0.015418 -0.012789 2.44656e-05 -0.00812531 -0.015418 -0.00812531 8.79233e-05)
(3.987e-05 -0.012789 -0.0154179 -0.012789 2.43518e-05 -0.00812536 -0.0154179 -0.00812536 8.6815e-05)
(3.99388e-05 -0.012789 -0.0154179 -0.012789 2.42826e-05 -0.00812531 -0.0154179 -0.00812531 8.63252e-05)
(3.93508e-05 -0.012789 -0.015418 -0.012789 2.43644e-05 -0.00812519 -0.015418 -0.00812519 8.72145e-05)
(3.87364e-05 -0.012789 -0.0154181 -0.012789 2.44379e-05 -0.00812516 -0.0154181 -0.00812516 8.79108e-05)
(3.90594e-05 -0.012789 -0.015418 -0.012789 2.4477e-05 -0.00812527 -0.015418 -0.00812527 8.80358e-05)
(3.98768e-05 -0.012789 -0.0154179 -0.012789 2.43406e-05 -0.00812533 -0.0154179 -0.00812533 8.66973e-05)
(3.99576e-05 -0.012789 -0.0154179 -0.012789 2.42626e-05 -0.0081253 -0.0154179 -0.0081253 8.6174e-05)
(3.9313e-05 -0.012789 -0.015418 -0.012789 2.43675e-05 -0.00812516 -0.015418 -0.00812516 8.71939e-05)
(3.90785e-05 -0.012789 -0.015418 -0.012789 2.44549e-05 -0.0081252 -0.015418 -0.0081252 8.79049e-05)
(3.9206e-05 -0.012789 -0.015418 -0.012789 2.44609e-05 -0.00812531 -0.015418 -0.00812531 8.79042e-05)
(3.98049e-05 -0.012789 -0.0154179 -0.012789 2.43445e-05 -0.00812536 -0.0154179 -0.00812536 8.67734e-05)
(3.98779e-05 -0.012789 -0.0154179 -0.012789 2.42572e-05 -0.00812529 -0.0154179 -0.00812529 8.61369e-05)
(3.93989e-05 -0.012789 -0.015418 -0.012789 2.43532e-05 -0.00812518 -0.015418 -0.00812518 8.70762e-05)
(3.89422e-05 -0.012789 -0.0154181 -0.012789 2.44455e-05 -0.0081252 -0.0154181 -0.0081252 8.78993e-05)
(3.92391e-05 -0.012789 -0.015418 -0.012789 2.44646e-05 -0.00812531 -0.015418 -0.00812531 8.78911e-05)
(3.99484e-05 -0.012789 -0.0154179 -0.012789 2.43434e-05 -0.0081254 -0.0154179 -0.0081254 8.67499e-05)
(3.97793e-05 -0.012789 -0.015418 -0.012789 2.42489e-05 -0.0081253 -0.015418 -0.0081253 8.61522e-05)
(3.07546e-05 -0.0127881 -0.0154208 -0.0127881 2.27527e-05 -0.00812425 -0.0154208 -0.00812425 7.20458e-05)
(3.14457e-05 -0.0127881 -0.0154203 -0.0127881 2.29004e-05 -0.00812418 -0.0154203 -0.00812418 7.40489e-05)
(3.16579e-05 -0.012788 -0.01542 -0.012788 2.28322e-05 -0.00812433 -0.01542 -0.00812433 7.41014e-05)
(3.12427e-05 -0.0127879 -0.0154202 -0.0127879 2.27108e-05 -0.00812441 -0.0154202 -0.00812441 7.28149e-05)
(3.0375e-05 -0.012788 -0.0154209 -0.012788 2.26101e-05 -0.00812437 -0.0154209 -0.00812437 7.10304e-05)
(3.04594e-05 -0.0127881 -0.015421 -0.0127881 2.27115e-05 -0.00812424 -0.015421 -0.00812424 7.15467e-05)
(3.15658e-05 -0.0127881 -0.0154203 -0.0127881 2.28923e-05 -0.00812422 -0.0154203 -0.00812422 7.40086e-05)
(3.16033e-05 -0.012788 -0.01542 -0.012788 2.28357e-05 -0.00812432 -0.01542 -0.00812432 7.42131e-05)
(3.12321e-05 -0.0127879 -0.0154202 -0.0127879 2.26847e-05 -0.00812444 -0.0154202 -0.00812444 7.2615e-05)
(3.06318e-05 -0.012788 -0.0154209 -0.012788 2.26087e-05 -0.00812443 -0.0154209 -0.00812443 7.0963e-05)
(3.05988e-05 -0.0127881 -0.0154209 -0.0127881 2.27236e-05 -0.00812426 -0.0154209 -0.00812426 7.18257e-05)
(3.14752e-05 -0.0127881 -0.0154203 -0.0127881 2.28631e-05 -0.00812424 -0.0154203 -0.00812424 7.38043e-05)
(3.18877e-05 -0.012788 -0.01542 -0.012788 2.28269e-05 -0.00812439 -0.01542 -0.00812439 7.40693e-05)
(3.12192e-05 -0.0127879 -0.0154203 -0.0127879 2.26912e-05 -0.00812442 -0.0154203 -0.00812442 7.2586e-05)
(3.05664e-05 -0.012788 -0.0154209 -0.012788 2.25783e-05 -0.00812446 -0.0154209 -0.00812446 7.0737e-05)
(3.05883e-05 -0.0127881 -0.015421 -0.0127881 2.27271e-05 -0.00812425 -0.015421 -0.00812425 7.16329e-05)
(3.14654e-05 -0.0127881 -0.0154203 -0.0127881 2.28699e-05 -0.00812424 -0.0154203 -0.00812424 7.39138e-05)
(3.17386e-05 -0.012788 -0.01542 -0.012788 2.28336e-05 -0.00812434 -0.01542 -0.00812434 7.40694e-05)
(3.13421e-05 -0.0127879 -0.0154201 -0.0127879 2.27156e-05 -0.00812442 -0.0154201 -0.00812442 7.29752e-05)
(3.06965e-05 -0.012788 -0.0154208 -0.012788 2.26136e-05 -0.00812443 -0.0154208 -0.00812443 7.10507e-05)
(3.04754e-05 -0.0127881 -0.015421 -0.0127881 2.27078e-05 -0.00812425 -0.015421 -0.00812425 7.14317e-05)
(3.13752e-05 -0.0127881 -0.0154204 -0.0127881 2.28415e-05 -0.00812426 -0.0154204 -0.00812426 7.3591e-05)
(3.18347e-05 -0.012788 -0.01542 -0.012788 2.28413e-05 -0.00812435 -0.01542 -0.00812435 7.41072e-05)
(3.12373e-05 -0.0127879 -0.0154203 -0.0127879 2.26906e-05 -0.00812442 -0.0154203 -0.00812442 7.25912e-05)
(3.04364e-05 -0.012788 -0.0154209 -0.012788 2.26236e-05 -0.00812438 -0.0154209 -0.00812438 7.12097e-05)
(3.0732e-05 -0.0127881 -0.0154208 -0.0127881 2.27552e-05 -0.00812424 -0.0154208 -0.00812424 7.20818e-05)
(3.16789e-05 -0.0127881 -0.0154203 -0.0127881 2.28801e-05 -0.00812425 -0.0154203 -0.00812425 7.38101e-05)
(3.19636e-05 -0.012788 -0.0154199 -0.012788 2.28998e-05 -0.00812429 -0.0154199 -0.00812429 7.45661e-05)
(3.1117e-05 -0.0127879 -0.0154203 -0.0127879 2.26974e-05 -0.00812439 -0.0154203 -0.00812439 7.26188e-05)
(3.02774e-05 -0.012788 -0.015421 -0.012788 2.25856e-05 -0.0081244 -0.015421 -0.0081244 7.08587e-05)
(3.04904e-05 -0.0127881 -0.0154209 -0.0127881 2.27624e-05 -0.00812418 -0.0154209 -0.00812418 7.20645e-05)
(3.13608e-05 -0.0127881 -0.0154204 -0.0127881 2.28714e-05 -0.00812422 -0.0154204 -0.00812422 7.38532e-05)
(3.18805e-05 -0.012788 -0.0154199 -0.012788 2.28506e-05 -0.00812435 -0.0154199 -0.00812435 7.42239e-05)
(3.13648e-05 -0.0127879 -0.0154202 -0.0127879 2.27125e-05 -0.00812441 -0.0154202 -0.00812441 7.27847e-05)
(3.05089e-05 -0.012788 -0.0154209 -0.012788 2.25792e-05 -0.00812445 -0.0154209 -0.00812445 7.08577e-05)
(3.0418e-05 -0.0127881 -0.015421 -0.0127881 2.27304e-05 -0.00812422 -0.015421 -0.00812422 7.1776e-05)
(3.15446e-05 -0.0127881 -0.0154203 -0.0127881 2.28538e-05 -0.00812427 -0.0154203 -0.00812427 7.37021e-05)
(3.16922e-05 -0.012788 -0.01542 -0.012788 2.28467e-05 -0.00812431 -0.01542 -0.00812431 7.41486e-05)
(3.13007e-05 -0.0127879 -0.0154202 -0.0127879 2.26772e-05 -0.00812447 -0.0154202 -0.00812447 7.25519e-05)
(3.05427e-05 -0.012788 -0.0154209 -0.012788 2.26144e-05 -0.0081244 -0.0154209 -0.0081244 7.08825e-05)
(3.24856e-05 -0.0127882 -0.0154195 -0.0127882 2.33031e-05 -0.00812403 -0.0154195 -0.00812403 7.77264e-05)
(3.09724e-05 -0.0127884 -0.01542 -0.0127884 2.36647e-05 -0.0081233 -0.01542 -0.0081233 7.96749e-05)
(3.16477e-05 -0.0127885 -0.0154196 -0.0127885 2.39812e-05 -0.00812307 -0.0154196 -0.00812307 8.16309e-05)
(3.41256e-05 -0.0127884 -0.0154188 -0.0127884 2.38487e-05 -0.00812373 -0.0154188 -0.00812373 8.1433e-05)
(3.49617e-05 -0.0127883 -0.0154187 -0.0127883 2.34268e-05 -0.00812441 -0.0154187 -0.00812441 7.86207e-05)
(3.26361e-05 -0.0127882 -0.0154195 -0.0127882 2.32449e-05 -0.00812414 -0.0154195 -0.00812414 7.72664e-05)
(3.07157e-05 -0.0127883 -0.0154201 -0.0127883 2.36299e-05 -0.00812329 -0.0154201 -0.00812329 7.94559e-05)
(3.15778e-05 -0.0127885 -0.0154197 -0.0127885 2.39896e-05 -0.00812303 -0.0154197 -0.00812303 8.15262e-05)
(3.39539e-05 -0.0127884 -0.0154188 -0.0127884 2.38526e-05 -0.00812366 -0.0154188 -0.00812366 8.12663e-05)
(3.46681e-05 -0.0127882 -0.0154188 -0.0127882 2.33917e-05 -0.00812439 -0.0154188 -0.00812439 7.83693e-05)
(3.26002e-05 -0.0127882 -0.0154195 -0.0127882 2.32746e-05 -0.00812409 -0.0154195 -0.00812409 7.74279e-05)
(3.07616e-05 -0.0127884 -0.01542 -0.0127884 2.36592e-05 -0.00812327 -0.01542 -0.00812327 7.95834e-05)
(3.13676e-05 -0.0127885 -0.0154197 -0.0127885 2.40179e-05 -0.00812294 -0.0154197 -0.00812294 8.15261e-05)
(3.41577e-05 -0.0127884 -0.0154188 -0.0127884 2.38049e-05 -0.00812377 -0.0154188 -0.00812377 8.10675e-05)
(3.46526e-05 -0.0127882 -0.0154188 -0.0127882 2.34014e-05 -0.00812435 -0.0154188 -0.00812435 7.83413e-05)
(3.25332e-05 -0.0127882 -0.0154196 -0.0127882 2.32322e-05 -0.00812413 -0.0154196 -0.00812413 7.7132e-05)
(3.08184e-05 -0.0127884 -0.01542 -0.0127884 2.36463e-05 -0.0081233 -0.01542 -0.0081233 7.95531e-05)
(3.12758e-05 -0.0127885 -0.0154198 -0.0127885 2.39974e-05 -0.00812295 -0.0154198 -0.00812295 8.13996e-05)
(3.39484e-05 -0.0127884 -0.0154188 -0.0127884 2.38762e-05 -0.00812366 -0.0154188 -0.00812366 8.14982e-05)
(3.49647e-05 -0.0127883 -0.0154187 -0.0127883 2.34487e-05 -0.00812439 -0.0154187 -0.00812439 7.88064e-05)
(3.29678e-05 -0.0127882 -0.0154195 -0.0127882 2.31925e-05 -0.0081243 -0.0154195 -0.0081243 7.70311e-05)
(3.07185e-05 -0.0127883 -0.0154201 -0.0127883 2.35799e-05 -0.00812335 -0.0154201 -0.00812335 7.90481e-05)
(3.13372e-05 -0.0127885 -0.0154197 -0.0127885 2.3992e-05 -0.00812297 -0.0154197 -0.00812297 8.14141e-05)
(3.41414e-05 -0.0127884 -0.0154188 -0.0127884 2.37896e-05 -0.00812378 -0.0154188 -0.00812378 8.09352e-05)
(3.48404e-05 -0.0127883 -0.0154187 -0.0127883 2.3433e-05 -0.0081244 -0.0154187 -0.0081244 7.87308e-05)
(3.25794e-05 -0.0127882 -0.0154195 -0.0127882 2.33086e-05 -0.00812406 -0.0154195 -0.00812406 7.78678e-05)
(3.06786e-05 -0.0127883 -0.01542 -0.0127883 2.3639e-05 -0.00812326 -0.01542 -0.00812326 7.94173e-05)
(3.16481e-05 -0.0127885 -0.0154196 -0.0127885 2.40266e-05 -0.00812302 -0.0154196 -0.00812302 8.20053e-05)
(3.42604e-05 -0.0127884 -0.0154187 -0.0127884 2.37918e-05 -0.00812382 -0.0154187 -0.00812382 8.10967e-05)
(3.48216e-05 -0.0127883 -0.0154188 -0.0127883 2.34121e-05 -0.0081244 -0.0154188 -0.0081244 7.84481e-05)
(3.28471e-05 -0.0127882 -0.0154194 -0.0127882 2.32756e-05 -0.00812417 -0.0154194 -0.00812417 7.76621e-05)
(3.08687e-05 -0.0127883 -0.01542 -0.0127883 2.36195e-05 -0.00812334 -0.01542 -0.00812334 7.9472e-05)
(3.12885e-05 -0.0127885 -0.0154197 -0.0127885 2.40217e-05 -0.00812294 -0.0154197 -0.00812294 8.16824e-05)
(3.39708e-05 -0.0127884 -0.0154188 -0.0127884 2.38477e-05 -0.00812369 -0.0154188 -0.00812369 8.13481e-05)
(3.49844e-05 -0.0127883 -0.0154187 -0.0127883 2.3433e-05 -0.00812443 -0.0154187 -0.00812443 7.8652e-05)
(3.29317e-05 -0.0127882 -0.0154194 -0.0127882 2.32589e-05 -0.00812421 -0.0154194 -0.00812421 7.75371e-05)
(3.07673e-05 -0.0127883 -0.0154201 -0.0127883 2.36087e-05 -0.00812331 -0.0154201 -0.00812331 7.92681e-05)
(3.15685e-05 -0.0127885 -0.0154197 -0.0127885 2.39849e-05 -0.00812305 -0.0154197 -0.00812305 8.16248e-05)
(3.40431e-05 -0.0127884 -0.0154188 -0.0127884 2.38296e-05 -0.00812371 -0.0154188 -0.00812371 8.11658e-05)
(3.46519e-05 -0.0127882 -0.0154188 -0.0127882 2.33671e-05 -0.00812441 -0.0154188 -0.00812441 7.8212e-05)
(3.32662e-05 -0.0127884 -0.0154211 -0.0127884 2.28015e-05 -0.00812468 -0.0154211 -0.00812468 6.87497e-05)
(3.40388e-05 -0.0127885 -0.0154212 -0.0127885 2.25516e-05 -0.00812515 -0.0154212 -0.00812515 6.75898e-05)
(3.12447e-05 -0.0127883 -0.0154214 -0.0127883 2.26833e-05 -0.00812446 -0.0154214 -0.00812446 7.02964e-05)
(2.81897e-05 -0.0127883 -0.0154216 -0.0127883 2.32104e-05 -0.00812334 -0.0154216 -0.00812334 7.39138e-05)
(2.91041e-05 -0.0127883 -0.0154213 -0.0127883 2.33143e-05 -0.00812334 -0.0154213 -0.00812334 7.33558e-05)
(3.29893e-05 -0.0127884 -0.0154212 -0.0127884 2.28132e-05 -0.00812461 -0.0154212 -0.00812461 6.87188e-05)
(3.40362e-05 -0.0127885 -0.0154213 -0.0127885 2.25921e-05 -0.00812508 -0.0154213 -0.00812508 6.74275e-05)
(3.14721e-05 -0.0127883 -0.0154214 -0.0127883 2.26601e-05 -0.00812454 -0.0154214 -0.00812454 7.00675e-05)
(2.80797e-05 -0.0127883 -0.0154216 -0.0127883 2.32115e-05 -0.00812331 -0.0154216 -0.00812331 7.39103e-05)
(2.87931e-05 -0.0127884 -0.0154215 -0.0127884 2.33268e-05 -0.00812328 -0.0154215 -0.00812328 7.28318e-05)
(3.29677e-05 -0.0127884 -0.0154212 -0.0127884 2.28223e-05 -0.00812459 -0.0154212 -0.00812459 6.87739e-05)
(3.40454e-05 -0.0127885 -0.0154212 -0.0127885 2.25957e-05 -0.00812505 -0.0154212 -0.00812505 6.75089e-05)
(3.13337e-05 -0.0127883 -0.0154215 -0.0127883 2.26656e-05 -0.00812451 -0.0154215 -0.00812451 7.01245e-05)
(2.79399e-05 -0.0127883 -0.0154217 -0.0127883 2.32012e-05 -0.00812331 -0.0154217 -0.00812331 7.37468e-05)
(2.89312e-05 -0.0127883 -0.0154214 -0.0127883 2.33117e-05 -0.00812332 -0.0154214 -0.00812332 7.27774e-05)
(3.30413e-05 -0.0127884 -0.0154213 -0.0127884 2.27563e-05 -0.00812473 -0.0154213 -0.00812473 6.82865e-05)
(3.40379e-05 -0.0127885 -0.0154212 -0.0127885 2.25983e-05 -0.00812505 -0.0154212 -0.00812505 6.7596e-05)
(3.16303e-05 -0.0127883 -0.0154215 -0.0127883 2.26181e-05 -0.00812463 -0.0154215 -0.00812463 6.96429e-05)
(2.7925e-05 -0.0127883 -0.0154217 -0.0127883 2.31757e-05 -0.00812333 -0.0154217 -0.00812333 7.38048e-05)
(2.82047e-05 -0.0127884 -0.0154215 -0.0127884 2.34065e-05 -0.00812309 -0.0154215 -0.00812309 7.34864e-05)
(3.28039e-05 -0.0127884 -0.0154212 -0.0127884 2.28655e-05 -0.00812451 -0.0154212 -0.00812451 6.89375e-05)
(3.42396e-05 -0.0127885 -0.0154213 -0.0127885 2.25889e-05 -0.00812511 -0.0154213 -0.00812511 6.7076e-05)
(3.1477e-05 -0.0127883 -0.0154215 -0.0127883 2.26133e-05 -0.0081246 -0.0154215 -0.0081246 6.95816e-05)
(2.79923e-05 -0.0127883 -0.0154218 -0.0127883 2.31216e-05 -0.00812343 -0.0154218 -0.00812343 7.31539e-05)
(2.88699e-05 -0.0127884 -0.0154215 -0.0127884 2.33057e-05 -0.00812332 -0.0154215 -0.00812332 7.27139e-05)
(3.33044e-05 -0.0127884 -0.015421 -0.0127884 2.28648e-05 -0.00812457 -0.015421 -0.00812457 6.92638e-05)
(3.40462e-05 -0.0127885 -0.0154213 -0.0127885 2.25652e-05 -0.00812512 -0.0154213 -0.00812512 6.73209e-05)
(3.13224e-05 -0.0127883 -0.0154214 -0.0127883 2.27052e-05 -0.00812445 -0.0154214 -0.00812445 7.06272e-05)
(2.85769e-05 -0.0127883 -0.0154215 -0.0127883 2.31667e-05 -0.00812347 -0.0154215 -0.00812347 7.39522e-05)
(2.90119e-05 -0.0127883 -0.0154215 -0.0127883 2.32187e-05 -0.00812346 -0.0154215 -0.00812346 7.24886e-05)
(3.29789e-05 -0.0127884 -0.0154212 -0.0127884 2.28103e-05 -0.00812462 -0.0154212 -0.00812462 6.88908e-05)
(3.42367e-05 -0.0127885 -0.0154212 -0.0127885 2.26258e-05 -0.00812504 -0.0154212 -0.00812504 6.77501e-05)
(3.17291e-05 -0.0127883 -0.0154213 -0.0127883 2.26662e-05 -0.00812457 -0.0154213 -0.00812457 7.01592e-05)
(2.82578e-05 -0.0127883 -0.0154216 -0.0127883 2.31594e-05 -0.00812342 -0.0154216 -0.00812342 7.39535e-05)
(2.83633e-05 -0.0127883 -0.0154216 -0.0127883 2.3346e-05 -0.0081232 -0.0154216 -0.0081232 7.30203e-05)
(3.28579e-05 -0.0127884 -0.0154211 -0.0127884 2.28776e-05 -0.00812449 -0.0154211 -0.00812449 6.92432e-05)
(3.39201e-05 -0.0127885 -0.0154213 -0.0127885 2.26167e-05 -0.008125 -0.0154213 -0.008125 6.74581e-05)
(3.15404e-05 -0.0127883 -0.0154214 -0.0127883 2.26461e-05 -0.00812457 -0.0154214 -0.00812457 7.00022e-05)
(2.80254e-05 -0.0127883 -0.0154216 -0.0127883 2.32286e-05 -0.00812328 -0.0154216 -0.00812328 7.391e-05)
(2.90983e-05 -0.0127884 -0.0154215 -0.0127884 2.32686e-05 -0.00812341 -0.0154215 -0.00812341 7.24225e-05)
(2.58477e-05 -0.0127881 -0.0154226 -0.0127881 2.27924e-05 -0.00812362 -0.0154226 -0.00812362 6.97402e-05)
(2.89511e-05 -0.0127882 -0.0154228 -0.0127882 2.25142e-05 -0.00812459 -0.0154228 -0.00812459 6.64202e-05)
(3.47089e-05 -0.0127885 -0.0154212 -0.0127885 2.2486e-05 -0.00812553 -0.0154212 -0.00812553 6.68512e-05)
(3.57071e-05 -0.0127884 -0.0154199 -0.0127884 2.2755e-05 -0.00812507 -0.0154199 -0.00812507 7.06715e-05)
(3.1631e-05 -0.0127881 -0.0154204 -0.0127881 2.28442e-05 -0.00812432 -0.0154204 -0.00812432 7.28359e-05)
(2.64918e-05 -0.0127881 -0.0154224 -0.0127881 2.27759e-05 -0.00812372 -0.0154224 -0.00812372 6.9805e-05)
(2.86589e-05 -0.0127882 -0.0154228 -0.0127882 2.24374e-05 -0.00812467 -0.0154228 -0.00812467 6.63309e-05)
(3.41917e-05 -0.0127885 -0.0154215 -0.0127885 2.24274e-05 -0.0081255 -0.0154215 -0.0081255 6.62667e-05)
(3.61297e-05 -0.0127885 -0.0154197 -0.0127885 2.27764e-05 -0.00812508 -0.0154197 -0.00812508 7.07104e-05)
(3.19073e-05 -0.0127881 -0.0154205 -0.0127881 2.27518e-05 -0.00812456 -0.0154205 -0.00812456 7.23026e-05)
(2.60699e-05 -0.0127881 -0.0154226 -0.0127881 2.27848e-05 -0.00812366 -0.0154226 -0.00812366 6.95728e-05)
(2.87682e-05 -0.0127882 -0.0154228 -0.0127882 2.24512e-05 -0.00812466 -0.0154228 -0.00812466 6.63457e-05)
(3.4528e-05 -0.0127884 -0.0154213 -0.0127884 2.24203e-05 -0.00812561 -0.0154213 -0.00812561 6.645e-05)
(3.5976e-05 -0.0127885 -0.0154199 -0.0127885 2.27724e-05 -0.00812505 -0.0154199 -0.00812505 7.04837e-05)
(3.16313e-05 -0.0127881 -0.0154206 -0.0127881 2.27504e-05 -0.00812451 -0.0154206 -0.00812451 7.23054e-05)
(2.59524e-05 -0.0127881 -0.0154227 -0.0127881 2.27811e-05 -0.00812366 -0.0154227 -0.00812366 6.92623e-05)
(2.86977e-05 -0.0127882 -0.0154228 -0.0127882 2.25091e-05 -0.00812456 -0.0154228 -0.00812456 6.6683e-05)
(3.41372e-05 -0.0127884 -0.0154215 -0.0127884 2.24274e-05 -0.00812553 -0.0154215 -0.00812553 6.6303e-05)
(3.64288e-05 -0.0127885 -0.0154198 -0.0127885 2.27875e-05 -0.00812513 -0.0154198 -0.00812513 7.04617e-05)
(3.26893e-05 -0.0127882 -0.0154202 -0.0127882 2.28027e-05 -0.00812464 -0.0154202 -0.00812464 7.28582e-05)
(2.59819e-05 -0.012788 -0.0154225 -0.012788 2.27607e-05 -0.00812366 -0.0154225 -0.00812366 6.9761e-05)
(2.81734e-05 -0.0127882 -0.015423 -0.0127882 2.24583e-05 -0.00812458 -0.015423 -0.00812458 6.61976e-05)
(3.40924e-05 -0.0127884 -0.0154216 -0.0127884 2.23859e-05 -0.00812559 -0.0154216 -0.00812559 6.6001e-05)
(3.55894e-05 -0.0127885 -0.01542 -0.0127885 2.27591e-05 -0.00812496 -0.01542 -0.00812496 7.0009e-05)
(3.15833e-05 -0.0127881 -0.0154206 -0.0127881 2.27963e-05 -0.00812438 -0.0154206 -0.00812438 7.21983e-05)
(2.60094e-05 -0.0127881 -0.0154225 -0.0127881 2.28233e-05 -0.00812357 -0.0154225 -0.00812357 7.01647e-05)
(2.88481e-05 -0.0127882 -0.0154228 -0.0127882 2.24607e-05 -0.00812467 -0.0154228 -0.00812467 6.62859e-05)
(3.43638e-05 -0.0127884 -0.0154213 -0.0127884 2.24583e-05 -0.00812554 -0.0154213 -0.00812554 6.70127e-05)
(3.53215e-05 -0.0127884 -0.0154199 -0.0127884 2.27952e-05 -0.00812488 -0.0154199 -0.00812488 7.08401e-05)
(3.18518e-05 -0.0127881 -0.0154205 -0.0127881 2.27962e-05 -0.00812443 -0.0154205 -0.00812443 7.21965e-05)
(2.64075e-05 -0.0127881 -0.0154225 -0.0127881 2.28131e-05 -0.00812365 -0.0154225 -0.00812365 6.97155e-05)
(2.86473e-05 -0.0127882 -0.0154228 -0.0127882 2.24779e-05 -0.00812459 -0.0154228 -0.00812459 6.64655e-05)
(3.39539e-05 -0.0127884 -0.0154214 -0.0127884 2.24589e-05 -0.00812544 -0.0154214 -0.00812544 6.68348e-05)
(3.60955e-05 -0.0127885 -0.0154197 -0.0127885 2.28355e-05 -0.00812498 -0.0154197 -0.00812498 7.1017e-05)
(3.23645e-05 -0.0127882 -0.0154203 -0.0127882 2.28053e-05 -0.00812452 -0.0154203 -0.00812452 7.25326e-05)
(2.62973e-05 -0.0127881 -0.0154224 -0.0127881 2.28214e-05 -0.00812361 -0.0154224 -0.00812361 7.02722e-05)
(2.84638e-05 -0.0127882 -0.0154229 -0.0127882 2.2445e-05 -0.00812463 -0.0154229 -0.00812463 6.63732e-05)
(3.40546e-05 -0.0127885 -0.0154215 -0.0127885 2.24625e-05 -0.00812544 -0.0154215 -0.00812544 6.65715e-05)
(3.61901e-05 -0.0127885 -0.0154197 -0.0127885 2.27801e-05 -0.00812511 -0.0154197 -0.00812511 7.08179e-05)
(3.1093e-05 -0.0127881 -0.0154208 -0.0127881 2.27263e-05 -0.00812441 -0.0154208 -0.00812441 7.18073e-05)
(3.8548e-05 -0.0127886 -0.01542 -0.0127886 2.25259e-05 -0.00812697 -0.01542 -0.00812697 6.7442e-05)
(3.052e-05 -0.0127882 -0.0154233 -0.0127882 2.18824e-05 -0.00812597 -0.0154233 -0.00812597 6.19544e-05)
(2.52161e-05 -0.0127885 -0.0154251 -0.0127885 2.25007e-05 -0.00812445 -0.0154251 -0.00812445 6.15659e-05)
(3.22368e-05 -0.0127884 -0.0154227 -0.0127884 2.2198e-05 -0.00812568 -0.0154227 -0.00812568 6.45979e-05)
(3.85935e-05 -0.0127886 -0.0154197 -0.0127886 2.26141e-05 -0.00812679 -0.0154197 -0.00812679 6.93586e-05)
(3.83291e-05 -0.0127886 -0.01542 -0.0127886 2.25202e-05 -0.00812698 -0.01542 -0.00812698 6.76937e-05)
(3.16313e-05 -0.0127882 -0.0154229 -0.0127882 2.19271e-05 -0.00812615 -0.0154229 -0.00812615 6.23821e-05)
(2.57519e-05 -0.0127886 -0.0154252 -0.0127886 2.24629e-05 -0.00812464 -0.0154252 -0.00812464 6.09242e-05)
(3.2276e-05 -0.0127883 -0.0154227 -0.0127883 2.21054e-05 -0.00812589 -0.0154227 -0.00812589 6.44751e-05)
(3.90758e-05 -0.0127886 -0.0154197 -0.0127886 2.26227e-05 -0.00812702 -0.0154197 -0.00812702 6.89981e-05)
(3.90499e-05 -0.0127886 -0.0154199 -0.0127886 2.25315e-05 -0.00812724 -0.0154199 -0.00812724 6.71366e-05)
(3.10124e-05 -0.0127882 -0.0154232 -0.0127882 2.18956e-05 -0.00812609 -0.0154232 -0.00812609 6.20418e-05)
(2.60129e-05 -0.0127885 -0.0154251 -0.0127885 2.24259e-05 -0.00812468 -0.0154251 -0.00812468 6.11749e-05)
(3.24947e-05 -0.0127884 -0.0154227 -0.0127884 2.20746e-05 -0.00812598 -0.0154227 -0.00812598 6.4022e-05)
(3.89986e-05 -0.0127886 -0.0154197 -0.0127886 2.26108e-05 -0.00812697 -0.0154197 -0.00812697 6.89456e-05)
(3.85677e-05 -0.0127886 -0.0154201 -0.0127886 2.24618e-05 -0.00812711 -0.0154201 -0.00812711 6.6592e-05)
(3.09815e-05 -0.0127882 -0.015423 -0.0127882 2.19228e-05 -0.00812598 -0.015423 -0.00812598 6.24067e-05)
(2.54476e-05 -0.0127886 -0.0154252 -0.0127886 2.25465e-05 -0.00812448 -0.0154252 -0.00812448 6.13916e-05)
(3.12717e-05 -0.0127883 -0.0154231 -0.0127883 2.2073e-05 -0.00812572 -0.0154231 -0.00812572 6.39363e-05)
(3.82135e-05 -0.0127885 -0.0154198 -0.0127885 2.25766e-05 -0.00812675 -0.0154198 -0.00812675 6.91586e-05)
(3.96791e-05 -0.0127887 -0.0154197 -0.0127887 2.26152e-05 -0.00812725 -0.0154197 -0.00812725 6.76566e-05)
(3.15573e-05 -0.0127882 -0.015423 -0.0127882 2.19292e-05 -0.00812612 -0.015423 -0.00812612 6.2191e-05)
(2.58975e-05 -0.0127886 -0.0154253 -0.0127886 2.24715e-05 -0.00812468 -0.0154253 -0.00812468 6.08007e-05)
(3.22559e-05 -0.0127884 -0.0154229 -0.0127884 2.20648e-05 -0.00812593 -0.0154229 -0.00812593 6.35571e-05)
(3.83158e-05 -0.0127886 -0.01542 -0.0127886 2.2503e-05 -0.00812695 -0.01542 -0.00812695 6.80588e-05)
(3.86051e-05 -0.0127886 -0.0154199 -0.0127886 2.25454e-05 -0.00812701 -0.0154199 -0.00812701 6.77617e-05)
(3.06876e-05 -0.0127882 -0.0154232 -0.0127882 2.18785e-05 -0.00812602 -0.0154232 -0.00812602 6.19345e-05)
(2.57551e-05 -0.0127885 -0.015425 -0.0127885 2.25194e-05 -0.0081245 -0.015425 -0.0081245 6.15779e-05)
(3.21877e-05 -0.0127884 -0.0154227 -0.0127884 2.2208e-05 -0.00812563 -0.0154227 -0.00812563 6.47774e-05)
(3.78855e-05 -0.0127885 -0.01542 -0.0127885 2.25123e-05 -0.00812672 -0.01542 -0.00812672 6.85404e-05)
(3.80226e-05 -0.0127886 -0.0154201 -0.0127886 2.2467e-05 -0.00812689 -0.0154201 -0.00812689 6.71085e-05)
(3.13668e-05 -0.0127882 -0.0154231 -0.0127882 2.18846e-05 -0.00812615 -0.0154231 -0.00812615 6.18227e-05)
(2.58524e-05 -0.0127886 -0.015425 -0.0127886 2.24948e-05 -0.00812454 -0.015425 -0.00812454 6.13674e-05)
(3.1565e-05 -0.0127883 -0.0154228 -0.0127883 2.2175e-05 -0.00812557 -0.0154228 -0.00812557 6.50089e-05)
(3.82691e-05 -0.0127885 -0.0154199 -0.0127885 2.25738e-05 -0.00812682 -0.0154199 -0.00812682 6.90366e-05)
(3.91797e-05 -0.0127886 -0.0154197 -0.0127886 2.26107e-05 -0.00812713 -0.0154197 -0.00812713 6.82091e-05)
(3.21327e-05 -0.0127882 -0.0154227 -0.0127882 2.19134e-05 -0.00812631 -0.0154227 -0.00812631 6.25048e-05)
(2.57425e-05 -0.0127885 -0.0154251 -0.0127885 2.23884e-05 -0.00812469 -0.0154251 -0.00812469 6.09363e-05)
(3.22032e-05 -0.0127884 -0.0154226 -0.0127884 2.21794e-05 -0.0081257 -0.0154226 -0.0081257 6.49525e-05)
(3.9161e-05 -0.0127887 -0.0154198 -0.0127887 2.2594e-05 -0.00812703 -0.0154198 -0.00812703 6.84161e-05)
(3.15265e-05 -0.0127883 -0.0154223 -0.0127883 2.24456e-05 -0.00812513 -0.0154223 -0.00812513 6.58973e-05)
(3.88118e-05 -0.0127891 -0.0154223 -0.0127891 2.21949e-05 -0.00812742 -0.0154223 -0.00812742 5.90993e-05)
(3.60638e-05 -0.0127889 -0.0154241 -0.0127889 2.16668e-05 -0.00812826 -0.0154241 -0.00812826 5.47625e-05)
(2.39916e-05 -0.0127881 -0.0154259 -0.0127881 2.16975e-05 -0.00812537 -0.0154259 -0.00812537 5.73874e-05)
(2.20251e-05 -0.0127887 -0.0154249 -0.0127887 2.34089e-05 -0.00812295 -0.0154249 -0.00812295 6.56274e-05)
(3.09465e-05 -0.0127883 -0.0154224 -0.0127883 2.25214e-05 -0.00812494 -0.0154224 -0.00812494 6.61898e-05)
(3.80037e-05 -0.0127889 -0.0154222 -0.0127889 2.21868e-05 -0.00812717 -0.0154222 -0.00812717 5.98253e-05)
(3.58892e-05 -0.0127889 -0.0154243 -0.0127889 2.15951e-05 -0.00812851 -0.0154243 -0.00812851 5.3771e-05)
(2.33513e-05 -0.0127882 -0.0154261 -0.0127882 2.18664e-05 -0.00812513 -0.0154261 -0.00812513 5.7577e-05)
(2.05247e-05 -0.0127889 -0.0154253 -0.0127889 2.3914e-05 -0.00812244 -0.0154253 -0.00812244 6.61616e-05)
(3.15175e-05 -0.0127883 -0.0154223 -0.0127883 2.24576e-05 -0.00812512 -0.0154223 -0.00812512 6.57952e-05)
(3.86642e-05 -0.012789 -0.0154223 -0.012789 2.21756e-05 -0.00812746 -0.0154223 -0.00812746 5.91364e-05)
(3.51572e-05 -0.0127888 -0.0154243 -0.0127888 2.15626e-05 -0.00812822 -0.0154243 -0.00812822 5.42446e-05)
(2.34912e-05 -0.0127883 -0.0154262 -0.0127883 2.19345e-05 -0.00812515 -0.0154262 -0.00812515 5.73526e-05)
(2.20795e-05 -0.0127887 -0.0154249 -0.0127887 2.35193e-05 -0.00812287 -0.0154249 -0.00812287 6.58203e-05)
