/*--------------------------------*- C++ -*----------------------------------*\
  =========                 |
  \\      /  F ield         | OpenFOAM: The Open Source CFD Toolbox
   \\    /   O peration     | Website:  https://openfoam.org
    \\  /    A nd           | Version:  10
     \\/     M anipulation  |
\*---------------------------------------------------------------------------*/
FoamFile
{
    format      ascii;
    class       volTensorField;
    location    "5";
    object      TauNN;
}
// * * * * * * * * * * * * * * * * * * * * * * * * * * * * * * * * * * * * * //

dimensions      [0 2 -2 0 0 0 0];

internalField   nonuniform List<tensor> 
25600
(
(0.000143555 -3.04738e-05 0.000117389 -3.04738e-05 0.000148067 6.52578e-06 0.000117389 6.52578e-06 0.000171037)
(0.000173029 -3.94545e-05 0.000129573 -3.94545e-05 0.000211687 2.07983e-05 0.000129573 2.07983e-05 0.000109044)
(0.000197187 -3.62955e-05 0.000131994 -3.62955e-05 0.000212327 1.10539e-05 0.000131994 1.10539e-05 9.95707e-05)
(0.000200865 -3.57907e-05 0.000122286 -3.57907e-05 0.000173789 3.14014e-05 0.000122286 3.14014e-05 0.000156154)
(0.000208103 -2.82526e-05 7.2496e-05 -2.82526e-05 0.000151608 3.93568e-05 7.2496e-05 3.93568e-05 0.000234371)
(0.000217141 9.73232e-06 5.04311e-06 9.73232e-06 0.000153128 7.35745e-06 5.04311e-06 7.35745e-06 0.000261666)
(0.000183535 3.78368e-05 -1.15409e-05 3.78368e-05 0.000137557 -2.45608e-05 -1.15409e-05 -2.45608e-05 0.000199703)
(0.000138022 3.23346e-05 3.07374e-05 3.23346e-05 0.000131772 -2.12239e-05 3.07374e-05 -2.12239e-05 0.000105157)
(0.000130335 2.2389e-06 8.19415e-05 2.2389e-06 0.000151398 5.11575e-06 8.19415e-05 5.11575e-06 5.72673e-05)
(0.000145383 -1.90912e-05 0.000108265 -1.90912e-05 0.000157922 1.11274e-05 0.000108265 1.11274e-05 4.31214e-05)
(0.000156764 -2.41715e-05 0.000118569 -2.41715e-05 0.000133396 1.20979e-06 0.000118569 1.20979e-06 4.4356e-05)
(0.000166006 -1.44104e-05 0.000121288 -1.44104e-05 0.000122761 -4.30271e-06 0.000121288 -4.30271e-06 4.57964e-05)
(0.00017329 1.87475e-06 0.000111971 1.87475e-06 0.000150029 -3.24287e-06 0.000111971 -3.24287e-06 4.38704e-05)
(0.000178733 1.40984e-05 0.000111017 1.40984e-05 0.000161218 -3.14228e-06 0.000111017 -3.14228e-06 3.50429e-05)
(0.000182215 1.51247e-05 0.000116781 1.51247e-05 0.000151878 -1.38199e-05 0.000116781 -1.38199e-05 2.15705e-05)
(0.00019214 6.58445e-07 0.000127042 6.58445e-07 0.000161033 -2.29795e-05 0.000127042 -2.29795e-05 2.05019e-05)
(0.000206983 -1.48648e-05 0.00013619 -1.48648e-05 0.000161675 -2.00933e-05 0.00013619 -2.00933e-05 3.79772e-05)
(0.000201069 -5.32344e-06 0.000119741 -5.32344e-06 0.000131958 -9.99495e-06 0.000119741 -9.99495e-06 6.02222e-05)
(0.000177011 3.60571e-05 6.43739e-05 3.60571e-05 0.000135037 -2.58898e-05 6.43739e-05 -2.58898e-05 6.42786e-05)
(0.000160261 9.7624e-05 1.63196e-05 9.7624e-05 0.000196154 -5.70863e-05 1.63196e-05 -5.70863e-05 4.11268e-05)
(0.000137678 9.59467e-05 4.41791e-05 9.59467e-05 0.000195403 -3.80734e-05 4.41791e-05 -3.80734e-05 -1.22853e-05)
(0.000147131 4.74313e-05 0.000102834 4.74313e-05 0.000137974 -1.45594e-05 0.000102834 -1.45594e-05 -4.72303e-05)
(0.000245497 6.42007e-05 0.00012634 6.42007e-05 0.000212844 -6.19637e-05 0.00012634 -6.19637e-05 -1.08598e-06)
(0.000383929 0.000126396 0.000151384 0.000126396 0.000411192 -9.76939e-05 0.000151384 -9.76939e-05 7.9238e-05)
(0.000425615 0.000110694 0.000192013 0.000110694 0.000688652 -4.4303e-05 0.000192013 -4.4303e-05 0.000127075)
(0.000409841 2.13441e-05 0.000200577 2.13441e-05 0.000981625 5.02579e-05 0.000200577 5.02579e-05 0.000163271)
(0.000408974 -8.70097e-05 0.000176667 -8.70097e-05 0.0010211 6.72787e-06 0.000176667 6.72787e-06 0.00012054)
(0.000443472 -0.000107111 0.000142573 -0.000107111 0.000764331 -0.000164833 0.000142573 -0.000164833 8.53836e-05)
(0.000497658 -1.46208e-05 0.000106833 -1.46208e-05 0.000457164 -0.000237089 0.000106833 -0.000237089 0.000239387)
(0.000481478 4.627e-05 0.000144932 4.627e-05 0.000286915 -0.000123719 0.000144932 -0.000123719 0.000356302)
(0.000342016 2.07452e-05 0.000164631 2.07452e-05 0.000205345 -2.9264e-05 0.000164631 -2.9264e-05 0.000154077)
(0.00018305 1.12876e-06 9.71816e-05 1.12876e-06 0.000141647 -6.24172e-06 9.71816e-05 -6.24172e-06 -4.16154e-06)
(0.000125501 7.40029e-06 2.99579e-05 7.40029e-06 0.000117871 2.73436e-05 2.99579e-05 2.73436e-05 8.98063e-05)
(0.000134599 1.79373e-06 5.78379e-05 1.79373e-06 0.000141756 7.88653e-05 5.78379e-05 7.88653e-05 0.000156075)
(0.000141838 -1.39792e-06 0.00011079 -1.39792e-06 0.000138251 4.4141e-05 0.00011079 4.4141e-05 6.54501e-05)
(0.000157886 6.67851e-06 0.000128862 6.67851e-06 0.00010127 -1.68569e-06 0.000128862 -1.68569e-06 3.21827e-05)
(0.000179021 1.83545e-05 0.000136564 1.83545e-05 0.00010943 1.58623e-05 0.000136564 1.58623e-05 9.12576e-05)
(0.000169466 1.3615e-05 0.000100165 1.3615e-05 0.000136018 1.04662e-05 0.000100165 1.04662e-05 0.000144653)
(0.000146993 -9.08319e-06 5.08511e-05 -9.08319e-06 0.000150708 -6.09932e-05 5.08511e-05 -6.09932e-05 0.000226988)
(0.000137694 -2.48672e-05 8.62358e-05 -2.48672e-05 0.000118043 -5.69494e-05 8.62358e-05 -5.69494e-05 0.000250801)
(0.000275681 -2.20053e-05 0.000299279 -2.20053e-05 0.000148493 2.09222e-05 0.000299279 2.09222e-05 0.000420898)
(0.000277044 -1.0266e-05 0.000247989 -1.0266e-05 0.00021844 9.00077e-05 0.000247989 9.00077e-05 0.000361517)
(0.000168296 -4.6243e-05 0.000125816 -4.6243e-05 0.000191477 4.91282e-05 0.000125816 4.91282e-05 0.000208291)
(0.000170984 -3.97181e-05 5.61308e-05 -3.97181e-05 0.000161742 2.99793e-06 5.61308e-05 2.99793e-06 0.000116036)
(0.000205501 3.29977e-05 2.83094e-05 3.29977e-05 0.000187476 -2.82908e-05 2.83094e-05 -2.82908e-05 6.94996e-05)
(0.000176715 9.44184e-05 3.66075e-05 9.44184e-05 0.000246974 -3.28356e-05 3.66075e-05 -3.28356e-05 2.18175e-05)
(0.000131674 6.97142e-05 8.83313e-05 6.97142e-05 0.000229604 7.71321e-06 8.83313e-05 7.71321e-06 -4.95993e-06)
(0.000161698 3.27183e-05 0.000132503 3.27183e-05 0.000224303 3.81572e-05 0.000132503 3.81572e-05 8.63454e-06)
(0.000192517 -4.00376e-06 0.000141403 -4.00376e-06 0.000223126 4.9537e-06 0.000141403 4.9537e-06 -9.78984e-07)
(0.000215009 -3.17544e-05 0.000149531 -3.17544e-05 0.000189158 -2.03643e-05 0.000149531 -2.03643e-05 3.4309e-05)
(0.000208062 -2.82302e-05 0.000139586 -2.82302e-05 0.00012519 -6.04521e-06 0.000139586 -6.04521e-06 9.37515e-05)
(0.000158272 -7.12462e-07 8.03778e-05 -7.12462e-07 9.73001e-05 -1.97347e-05 8.03778e-05 -1.97347e-05 9.44141e-05)
(0.000101982 2.80784e-05 3.04431e-05 2.80784e-05 0.00012356 -4.88218e-05 3.04431e-05 -4.88218e-05 9.86296e-05)
(8.26983e-05 3.48631e-05 4.30625e-05 3.48631e-05 0.00018107 -7.3147e-05 4.30625e-05 -7.3147e-05 0.000162961)
(9.33843e-05 2.52556e-05 5.74077e-05 2.52556e-05 0.000199126 -8.54731e-05 5.74077e-05 -8.54731e-05 0.000203088)
(0.000102833 1.26194e-05 4.10033e-05 1.26194e-05 0.000159322 -7.03586e-05 4.10033e-05 -7.03586e-05 0.000169049)
(0.000121648 6.2203e-06 2.4613e-05 6.2203e-06 0.000119741 -4.21274e-05 2.4613e-05 -4.21274e-05 0.000110278)
(0.00014912 -4.45358e-06 2.0287e-05 -4.45358e-06 0.000104724 -2.34284e-05 2.0287e-05 -2.34284e-05 5.38255e-05)
(0.00013401 -4.44707e-06 2.16374e-05 -4.44707e-06 0.000105105 -4.05218e-06 2.16374e-05 -4.05218e-06 1.4244e-06)
(8.1334e-05 2.29757e-06 4.24655e-05 2.29757e-06 0.000112107 2.51792e-05 4.24655e-05 2.51792e-05 2.80262e-05)
(0.000106312 -2.57697e-06 0.000139263 -2.57697e-06 0.00013624 6.47865e-05 0.000139263 6.47865e-05 0.000188994)
(0.000228977 2.27569e-05 0.000224734 2.27569e-05 0.000204108 9.5183e-05 0.000224734 9.5183e-05 0.000282376)
(0.000227406 4.3435e-05 0.000190565 4.3435e-05 0.000220062 2.47452e-05 0.000190565 2.47452e-05 0.00011361)
(0.00024889 2.49734e-05 0.000130586 2.49734e-05 0.000197608 -3.82606e-05 0.000130586 -3.82606e-05 8.88625e-05)
(0.000371369 7.30678e-05 0.000118792 7.30678e-05 0.000249788 3.70946e-06 0.000118792 3.70946e-06 0.000295989)
(0.000427941 0.000108444 0.000122174 0.000108444 0.000332717 3.7048e-06 0.000122174 3.7048e-06 0.000339429)
(0.00036215 7.5764e-05 0.000132161 7.5764e-05 0.000374424 -2.95788e-05 0.000132161 -2.95788e-05 0.000261332)
(0.000290299 1.12411e-06 0.00014217 1.12411e-06 0.000369047 -4.27356e-05 0.00014217 -4.27356e-05 0.000191912)
(0.000295307 -0.000100937 0.000145337 -0.000100937 0.000360841 -3.84711e-05 0.000145337 -3.84711e-05 0.000115349)
(0.00033153 -0.000208206 0.000135201 -0.000208206 0.000381999 -3.96846e-05 0.000135201 -3.96846e-05 3.54846e-05)
(0.000321384 -0.000260962 9.40431e-05 -0.000260962 0.000454407 3.06033e-05 9.40431e-05 3.06033e-05 1.2385e-05)
(0.000262879 -0.000178089 1.49105e-05 -0.000178089 0.000530411 0.000258457 1.49105e-05 0.000258457 0.000244186)
(0.000387869 -6.31232e-05 1.75461e-06 -6.31232e-05 0.000608033 0.000522573 1.75461e-06 0.000522573 0.000963116)
(0.000610575 -5.18598e-05 7.09798e-05 -5.18598e-05 0.000635392 0.000590258 7.09798e-05 0.000590258 0.00165655)
(0.000495637 -8.15801e-05 4.92418e-05 -8.15801e-05 0.000394101 0.00038627 4.92418e-05 0.00038627 0.00139713)
(0.000249709 -3.03369e-05 -5.28554e-05 -3.03369e-05 0.000139 6.04512e-05 -5.28554e-05 6.04512e-05 0.000601032)
(0.000319216 0.000100125 -8.72146e-05 0.000100125 0.000180084 -4.94113e-05 -8.72146e-05 -4.94113e-05 0.000279767)
(0.00040497 0.000213794 -1.2082e-05 0.000213794 0.000301311 -9.94746e-06 -1.2082e-05 -9.94746e-06 0.000260792)
(0.000186888 0.00012937 -4.87687e-05 0.00012937 0.000249564 -5.92619e-05 -4.87687e-05 -5.92619e-05 0.000142685)
(9.22129e-05 -1.21193e-05 0.000109051 -1.21193e-05 0.000119649 -8.65841e-05 0.000109051 -8.65841e-05 0.000234613)
(0.000697866 0.000316716 0.000382088 0.000316716 0.00102886 0.000440872 0.000382088 0.000440872 0.000532061)
(0.000344131 1.30469e-05 0.000239853 1.30469e-05 0.000402134 0.000144744 0.000239853 0.000144744 0.000278727)
(0.000171794 -4.71063e-05 9.57679e-05 -4.71063e-05 0.000238729 -3.85568e-07 9.57679e-05 -3.85568e-07 9.18941e-05)
(0.000193134 -3.41348e-05 6.51078e-05 -3.41348e-05 0.000272891 -1.85473e-05 6.51078e-05 -1.85473e-05 3.71088e-05)
(0.000232523 -6.88983e-05 7.17584e-05 -6.88983e-05 0.00033558 1.46981e-05 7.17584e-05 1.46981e-05 1.01586e-05)
(0.000253405 -8.71029e-05 0.000108373 -8.71029e-05 0.000471819 9.25055e-05 0.000108373 9.25055e-05 3.18453e-05)
(0.000330446 -3.85325e-05 0.000181013 -3.85325e-05 0.000693755 0.000184307 0.000181013 0.000184307 0.000141069)
(0.000374446 -2.31862e-05 0.000227423 -2.31862e-05 0.000656704 0.000170075 0.000227423 0.000170075 0.000200458)
(0.000339543 -6.87409e-05 0.000205036 -6.87409e-05 0.000391168 0.000108205 0.000205036 0.000108205 0.000198518)
(0.000279912 -7.45831e-05 0.000130388 -7.45831e-05 0.000195694 5.60209e-05 0.000130388 5.60209e-05 0.000192724)
(0.000233054 -1.33878e-05 6.59628e-05 -1.33878e-05 0.000124182 3.69735e-07 6.59628e-05 3.69735e-07 0.000166775)
(0.000177289 1.18082e-05 7.12173e-05 1.18082e-05 0.000118496 -2.92966e-05 7.12173e-05 -2.92966e-05 7.40883e-05)
(0.000153664 5.10365e-06 9.88971e-05 5.10365e-06 0.000125788 -2.8016e-05 9.88971e-05 -2.8016e-05 1.1326e-05)
(0.000128749 -3.98327e-06 9.91076e-05 -3.98327e-06 9.75966e-05 -1.40611e-05 9.91076e-05 -1.40611e-05 4.49035e-06)
(0.00012171 -5.5572e-06 0.000102919 -5.5572e-06 7.62756e-05 -9.95398e-06 0.000102919 -9.95398e-06 3.73009e-05)
(0.000143617 -2.63285e-06 0.000117005 -2.63285e-06 0.000101519 -1.4551e-05 0.000117005 -1.4551e-05 5.02547e-05)
(0.00018967 1.76774e-05 0.000130285 1.76774e-05 0.000138376 -2.22074e-05 0.000130285 -2.22074e-05 6.26338e-05)
(0.000215862 1.84681e-05 0.000140505 1.84681e-05 0.000159533 -5.30286e-05 0.000140505 -5.30286e-05 5.1322e-05)
(0.000168015 -6.45816e-05 0.000100177 -6.45816e-05 0.000203202 3.2247e-05 0.000100177 3.2247e-05 5.13192e-05)
(0.000298827 -0.000181724 -0.00011766 -0.000181724 0.000354472 0.000410008 -0.00011766 0.000410008 0.000847571)
(0.000650359 -0.000254812 -0.000201985 -0.000254812 0.000630413 0.000710686 -0.000201985 0.000710686 0.00218122)
(0.000584484 -9.88161e-05 6.9146e-05 -9.88161e-05 0.000556861 0.000501219 6.9146e-05 0.000501219 0.0016836)
(0.000182073 1.78404e-05 0.000174217 1.78404e-05 0.000217192 5.53261e-05 0.000174217 5.53261e-05 9.85103e-05)
(0.000374803 7.78278e-05 0.000152234 7.78278e-05 0.000177138 -7.07144e-05 0.000152234 -7.07144e-05 0.000360653)
(0.000546831 0.000113279 0.000217246 0.000113279 0.000255564 3.77558e-06 0.000217246 3.77558e-06 0.000630625)
(0.000413655 -1.51116e-05 0.000231363 -1.51116e-05 0.000299834 0.000108604 0.000231363 0.000108604 0.000398525)
(0.000285628 -9.80012e-05 0.000147903 -9.80012e-05 0.00033404 5.17629e-05 0.000147903 5.17629e-05 0.000517899)
(0.000219337 -9.23034e-05 0.000101888 -9.23034e-05 0.000355888 -5.06239e-05 0.000101888 -5.06239e-05 0.000482383)
(0.000185363 -4.16692e-05 0.00010909 -4.16692e-05 0.000266193 -4.48395e-05 0.00010909 -4.48395e-05 0.000319093)
(0.000146034 -3.5055e-05 0.000104816 -3.5055e-05 0.000234621 2.96934e-05 0.000104816 2.96934e-05 0.00028738)
(0.000190714 -0.000134099 3.08417e-05 -0.000134099 0.000386417 0.000208655 3.08417e-05 0.000208655 0.000437956)
(0.000245366 -0.000197331 -7.77896e-05 -0.000197331 0.00047228 0.000285346 -7.77896e-05 0.000285346 0.000500845)
(0.000246023 -0.0001156 -8.88351e-05 -0.0001156 0.000364639 0.000177925 -8.88351e-05 0.000177925 0.000459842)
(0.000225668 1.23261e-05 -8.68859e-05 1.23261e-05 0.000261534 -7.7812e-06 -8.68859e-05 -7.7812e-06 0.000415195)
(0.00023458 0.000107356 -0.000153746 0.000107356 0.000289366 -0.000181 -0.000153746 -0.000181 0.000397148)
(0.00028107 0.000191533 -0.000153606 0.000191533 0.000369797 -0.000187111 -0.000153606 -0.000187111 0.000293065)
(0.000270999 0.000141282 -1.95764e-06 0.000141282 0.000193103 -5.14593e-05 -1.95764e-06 -5.14593e-05 8.88625e-05)
(0.000203454 -1.32658e-05 0.000125499 -1.32658e-05 9.74311e-05 -1.81468e-05 0.000125499 -1.81468e-05 -6.9607e-05)
(0.000354159 0.000114528 0.000188019 0.000114528 0.000658472 8.4009e-05 0.000188019 8.4009e-05 3.12623e-05)
(0.000650773 0.000427183 0.00032529 0.000427183 0.00135882 0.000461822 0.00032529 0.000461822 0.000398753)
(0.000180044 -5.17089e-05 9.93405e-05 -5.17089e-05 0.000253907 8.16416e-05 9.93405e-05 8.16416e-05 0.000316042)
(0.000106261 3.84068e-05 -3.46573e-05 3.84068e-05 0.000250643 -0.000123844 -3.46573e-05 -0.000123844 0.000366848)
(0.000123489 7.96989e-05 -1.62777e-05 7.96989e-05 0.000339417 -0.000166911 -1.62777e-05 -0.000166911 0.000295937)
(0.000150943 3.45567e-05 5.57275e-05 3.45567e-05 0.000272534 -7.24373e-05 5.57275e-05 -7.24373e-05 0.000142472)
(0.000211174 -9.20612e-06 0.000126406 -9.20612e-06 0.000237508 -2.12956e-05 0.000126406 -2.12956e-05 8.86567e-05)
(0.000375904 2.27215e-05 0.000170952 2.27215e-05 0.000407988 -5.44935e-05 0.000170952 -5.44935e-05 0.000163126)
(0.000495821 2.68668e-05 0.00018249 2.68668e-05 0.000594285 -0.000140024 0.00018249 -0.000140024 0.000250325)
(0.00049849 -6.98594e-05 0.000201747 -6.98594e-05 0.00058971 -0.000192469 0.000201747 -0.000192469 0.000244761)
(0.000405366 -0.000152516 0.000204436 -0.000152516 0.000385614 -0.000115974 0.000204436 -0.000115974 0.000127775)
(0.000297439 -9.6567e-05 0.000117961 -9.6567e-05 0.000238001 -4.71985e-05 0.000117961 -4.71985e-05 5.60602e-05)
(0.000225888 -1.8389e-05 0.000109302 -1.8389e-05 0.000204664 -4.77582e-05 0.000109302 -4.77582e-05 2.40892e-05)
(0.000343142 4.0967e-05 0.000173289 4.0967e-05 0.000224943 -0.000125259 0.000173289 -0.000125259 0.000181848)
(0.000634228 0.000139694 0.000280241 0.000139694 0.000251169 -0.00021838 0.000280241 -0.00021838 0.000879412)
(0.000721062 0.000157957 0.000369139 0.000157957 0.000249056 -0.000229686 0.000369139 -0.000229686 0.00111616)
(0.000423173 7.30129e-05 0.000266742 7.30129e-05 0.00018547 -0.00013215 0.000266742 -0.00013215 0.00042806)
(0.000171449 4.78979e-06 0.000139851 4.78979e-06 0.000128336 -5.3132e-06 0.000139851 -5.3132e-06 1.65223e-05)
(0.000153972 -1.62208e-05 0.000136894 -1.62208e-05 0.000148597 5.7756e-05 0.000136894 5.7756e-05 0.000143301)
(0.000198905 -4.02192e-05 0.000134917 -4.02192e-05 0.000200912 9.5889e-05 0.000134917 9.5889e-05 0.000343201)
(0.000197611 -5.6657e-05 3.70415e-05 -5.6657e-05 0.000180233 9.93479e-05 3.70415e-05 9.93479e-05 0.000583247)
(0.000153181 -2.91113e-05 -3.97963e-05 -2.91113e-05 0.000117428 7.23917e-06 -3.97963e-05 7.23917e-06 0.000651978)
(0.000155748 2.35178e-05 2.04956e-05 2.35178e-05 0.000136176 -4.66276e-05 2.04956e-05 -4.66276e-05 0.000331017)
(0.000186506 2.37469e-05 0.000103345 2.37469e-05 0.000168527 -2.75206e-06 0.000103345 -2.75206e-06 4.4592e-05)
(0.000315239 4.83049e-05 9.46047e-05 4.83049e-05 0.000230403 -7.40429e-05 9.46047e-05 -7.40429e-05 0.000204558)
(0.000596867 7.81082e-05 2.07769e-05 7.81082e-05 0.000452114 -0.000240046 2.07769e-05 -0.000240046 0.00037932)
(0.000572233 2.75141e-05 8.48277e-05 2.75141e-05 0.000428582 -0.000144251 8.48277e-05 -0.000144251 0.000215967)
(0.000279189 -3.42913e-05 0.000114645 -3.42913e-05 0.000220008 -5.48456e-06 0.000114645 -5.48456e-06 6.59672e-05)
(0.000105468 8.3819e-07 -1.88062e-05 8.3819e-07 0.000172631 -8.15392e-05 -1.88062e-05 -8.15392e-05 0.000307877)
(0.000174795 4.11272e-06 -7.05142e-05 4.11272e-06 0.000245607 -0.000262721 -7.05142e-05 -0.000262721 0.000861763)
(0.000307651 -4.83524e-05 1.31791e-05 -4.83524e-05 0.000258921 -0.000285227 1.31791e-05 -0.000285227 0.00121226)
(0.000326825 -5.79515e-05 1.84271e-05 -5.79515e-05 0.000251493 -0.000242297 1.84271e-05 -0.000242297 0.00124231)
(0.000236508 1.26138e-05 -0.000119776 1.26138e-05 0.000242244 -0.000164618 -0.000119776 -0.000164618 0.000960342)
(0.000202396 4.47435e-05 -0.000206914 4.47435e-05 0.000249769 -6.79176e-05 -0.000206914 -6.79176e-05 0.000651122)
(0.000211911 -3.74392e-05 -0.000133093 -3.74392e-05 0.000276399 1.80993e-05 -0.000133093 1.80993e-05 0.000340019)
(0.000239301 -0.000139488 -3.37707e-05 -0.000139488 0.000290827 7.04648e-05 -3.37707e-05 7.04648e-05 0.000164673)
(0.000223051 -0.000158938 3.13949e-05 -0.000158938 0.000223941 7.14464e-05 3.13949e-05 7.14464e-05 9.08571e-05)
(0.000240058 -0.000119704 0.000119754 -0.000119704 0.000252165 7.56886e-05 0.000119754 7.56886e-05 5.75938e-05)
(0.000299393 -3.00296e-05 0.000177907 -3.00296e-05 0.00035083 7.19735e-05 0.000177907 7.19735e-05 7.90226e-05)
(0.000367616 0.000101554 0.000204343 0.000101554 0.000461493 5.82049e-05 0.000204343 5.82049e-05 0.000103104)
(0.000474782 0.0002049 0.000250373 0.0002049 0.000701185 0.000117387 0.000250373 0.000117387 0.00018736)
(0.000407589 8.60663e-05 0.00024013 8.60663e-05 0.000628854 0.000194387 0.00024013 0.000194387 0.000278661)
(0.000195874 8.84822e-05 -0.000102715 8.84822e-05 0.00133432 -0.000722748 -0.000102715 -0.000722748 0.000897858)
(0.000172736 0.00017879 -0.000101757 0.00017879 0.00120668 -0.000471205 -0.000101757 -0.000471205 0.000603775)
(0.000176126 7.79014e-05 -1.17514e-05 7.79014e-05 0.000633286 -0.000153678 -1.17514e-05 -0.000153678 0.000295424)
(0.000180932 -3.32622e-05 7.95107e-05 -3.32622e-05 0.000332249 -4.28595e-06 7.95107e-05 -4.28595e-06 0.000243367)
(0.000234408 -8.17841e-05 0.000145797 -8.17841e-05 0.000250539 5.02206e-05 0.000145797 5.02206e-05 0.000299195)
(0.000250512 -5.25033e-05 0.000166548 -5.25033e-05 0.000196504 5.4745e-05 0.000166548 5.4745e-05 0.000306152)
(0.000246391 -5.30854e-06 0.000163605 -5.30854e-06 0.000237592 4.07789e-05 0.000163605 4.07789e-05 0.000231858)
(0.000260828 -1.03535e-05 0.000145872 -1.03535e-05 0.000301476 -1.09831e-05 0.000145872 -1.09831e-05 0.000162681)
(0.000355022 -8.70973e-06 0.000185936 -8.70973e-06 0.000310823 -5.41378e-05 0.000185936 -5.41378e-05 0.000197344)
(0.000493167 5.97332e-05 0.00029839 5.97332e-05 0.000295511 -3.20002e-05 0.00029839 -3.20002e-05 0.000371523)
(0.000590875 0.000148849 0.0003758 0.000148849 0.000288966 1.16164e-05 0.0003758 1.16164e-05 0.000684668)
(0.000655126 0.000186592 0.000397781 0.000186592 0.000285238 2.88524e-06 0.000397781 2.88524e-06 0.00110839)
(0.000766593 0.000206845 0.000492418 0.000206845 0.000291176 1.78069e-06 0.000492418 1.78069e-06 0.00158651)
(0.000969479 0.000266636 0.000608297 0.000266636 0.000359475 0.000134788 0.000608297 0.000134788 0.00206222)
(0.000835462 0.000265396 0.000482542 0.000265396 0.000342227 0.000126118 0.000482542 0.000126118 0.00147768)
(0.000433685 9.44212e-05 0.000158496 9.44212e-05 0.000262765 -9.30736e-05 0.000158496 -9.30736e-05 0.000336134)
(0.000340151 1.48704e-05 0.000134852 1.48704e-05 0.00042936 -8.81637e-05 0.000134852 -8.81637e-05 7.232e-05)
(0.000355794 -3.27695e-05 0.000134946 -3.27695e-05 0.000490254 -9.73605e-05 0.000134946 -9.73605e-05 6.30865e-05)
(0.000363459 -1.26772e-05 0.000196686 -1.26772e-05 0.000238571 -8.72957e-05 0.000196686 -8.72957e-05 0.000146135)
(0.000508997 0.000195921 0.000352576 0.000195921 0.000235016 8.40183e-05 0.000352576 8.40183e-05 0.00040495)
(0.000370305 0.000228378 0.00018426 0.000228378 0.000349085 0.000104737 0.00018426 0.000104737 0.000258334)
(0.000187688 -1.59368e-05 9.35029e-05 -1.59368e-05 0.000221415 -5.88223e-06 9.35029e-05 -5.88223e-06 3.94039e-05)
(0.000457901 6.07008e-05 0.000217244 6.07008e-05 0.000389537 -2.35438e-06 0.000217244 -2.35438e-06 0.000165016)
(0.000587771 0.000135523 0.000109958 0.000135523 0.000740609 -0.000163626 0.000109958 -0.000163626 0.000233109)
(0.000790572 -7.06688e-06 9.62811e-05 -7.06688e-06 0.00091246 -0.000451558 9.62811e-05 -0.000451558 0.000477692)
(0.0010145 -0.00018768 0.000187399 -0.00018768 0.00108823 -0.000615503 0.000187399 -0.000615503 0.000716953)
(0.000871319 -0.000156749 0.000159455 -0.000156749 0.00100093 -0.000537105 0.000159455 -0.000537105 0.000543723)
(0.000499325 4.32646e-05 0.000105743 4.32646e-05 0.000476106 -0.00023703 0.000105743 -0.00023703 0.000250731)
(0.000210037 -5.15301e-06 0.00013285 -5.15301e-06 0.000174405 3.90224e-06 0.00013285 3.90224e-06 0.000147284)
(0.000224193 -7.52611e-05 9.28668e-05 -7.52611e-05 0.000273793 -0.000221199 9.28668e-05 -0.000221199 0.000736589)
(0.000391683 -2.87537e-05 2.0775e-05 -2.87537e-05 0.000328733 -0.000321354 2.0775e-05 -0.000321354 0.00137207)
(0.000403151 8.07643e-06 -3.90131e-05 8.07643e-06 0.000307535 2.00449e-05 -3.90131e-05 2.00449e-05 0.00114619)
(0.00030761 -7.27372e-05 0.000132215 -7.27372e-05 0.000506438 0.000187007 0.000132215 0.000187007 0.000387765)
(0.000457685 -0.000187336 0.000211095 -0.000187336 0.00105322 -7.67037e-05 0.000211095 -7.67037e-05 0.000135577)
(0.000856808 -0.00029511 0.000247652 -0.00029511 0.00165768 -0.000403874 0.000247652 -0.000403874 0.000316505)
(0.00102039 -0.000372698 0.000279067 -0.000372698 0.00189186 -0.000398553 0.000279067 -0.000398553 0.000386307)
(0.000593605 -0.000291757 0.000203075 -0.000291757 0.00112833 2.45329e-05 0.000203075 2.45329e-05 0.000198466)
(0.00020043 -7.32765e-05 9.52156e-05 -7.32765e-05 0.000269157 0.000202288 9.52156e-05 0.000202288 0.000284472)
(0.000184777 1.72798e-05 0.000134678 1.72798e-05 0.000195077 -0.000107097 0.000134678 -0.000107097 0.000501793)
(0.000251277 -2.81995e-05 4.25624e-05 -2.81995e-05 0.000787513 -0.000543568 4.25624e-05 -0.000543568 0.000729529)
(0.000141164 0.000144039 -0.000154823 0.000144039 0.00097908 -0.000370145 -0.000154823 -0.000370145 0.000582676)
(0.000157106 -3.80687e-05 -5.35352e-05 -3.80687e-05 0.000694142 -0.000592784 -5.35352e-05 -0.000592784 0.000961013)
(0.000284649 -0.000115013 0.00013864 -0.000115013 0.000154656 -0.000122449 0.00013864 -0.000122449 0.000704319)
(0.000482968 1.19759e-05 0.000229554 1.19759e-05 0.000221473 0.000168808 0.000229554 0.000168808 0.000686813)
(0.000508588 0.000122638 0.000191508 0.000122638 0.000475199 0.000272152 0.000191508 0.000272152 0.000789582)
(0.000361647 7.86893e-05 0.000195336 7.86893e-05 0.000344221 7.87871e-05 0.000195336 7.87871e-05 0.000530078)
(0.000307361 -1.66018e-05 9.96925e-05 -1.66018e-05 0.000378103 -4.60716e-05 9.96925e-05 -4.60716e-05 0.000282149)
(0.000613415 0.000242063 0.000379503 0.000242063 0.00123864 0.00045947 0.000379503 0.00045947 0.000857962)
(0.00106752 0.000679618 0.00071251 0.000679618 0.00174258 0.000793053 0.00071251 0.000793053 0.00152685)
(0.000819153 0.000440761 0.000481369 0.000440761 0.000849858 0.00033279 0.000481369 0.00033279 0.000882096)
(0.000285916 1.47922e-05 0.000122771 1.47922e-05 0.000231334 -4.3218e-05 0.000122771 -4.3218e-05 7.41212e-05)
(0.000250551 -9.48422e-05 0.000141448 -9.48422e-05 0.000310549 -2.04239e-06 0.000141448 -2.04239e-06 2.66133e-05)
(0.000378688 7.29142e-05 0.000229744 7.29142e-05 0.000215591 -2.45227e-05 0.000229744 -2.45227e-05 0.000323066)
(0.000991316 0.000416585 0.000617802 0.000416585 0.000840288 0.000595705 0.000617802 0.000595705 0.00218222)
(0.000948947 0.000441563 0.000356985 0.000441563 0.00121988 0.000787959 0.000356985 0.000787959 0.00209906)
(0.000427913 4.13051e-05 3.21027e-05 4.13051e-05 0.000485755 0.000140768 3.21027e-05 0.000140768 0.000360336)
(0.000305913 -5.37187e-06 0.000133944 -5.37187e-06 0.000266134 2.01445e-06 0.000133944 2.01445e-06 0.00014034)
(0.000356629 5.82682e-05 0.000216015 5.82682e-05 0.000322439 6.31064e-05 0.000216015 6.31064e-05 0.000317262)
(0.000679092 0.000164484 0.000494583 0.000164484 0.000314989 0.00010661 0.000494583 0.00010661 0.000635272)
(0.000483339 -0.000175769 0.000264535 -0.000175769 0.000350889 -0.000142895 0.000264535 -0.000142895 0.00011799)
(0.00066995 0.000122065 5.86035e-05 0.000122065 0.00236416 0.000763627 5.86035e-05 0.000763627 0.000698194)
(0.00210731 0.000695321 0.00010033 0.000695321 0.00405587 0.00183763 0.00010033 0.00183763 0.00212658)
(0.00163976 0.00090966 0.000448363 0.00090966 0.00366508 0.00103846 0.000448363 0.00103846 0.00127287)
(0.000951732 0.000469401 0.000231283 0.000469401 0.00193596 -0.000222795 0.000231283 -0.000222795 0.000553756)
(0.000808012 0.00012641 0.00013214 0.00012641 0.00103056 -0.000565696 0.00013214 -0.000565696 0.00072057)
(0.000596176 -8.44682e-05 0.000311643 -8.44682e-05 0.000817348 -0.00048635 0.000311643 -0.00048635 0.000642925)
(0.000448846 -0.000287959 0.000236122 -0.000287959 0.000841817 -0.000172733 0.000236122 -0.000172733 0.000393598)
(0.000544652 -0.000478576 1.69259e-05 -0.000478576 0.000832784 0.000177224 1.69259e-05 0.000177224 0.000366756)
(0.000326627 -0.000204531 -5.60805e-05 -0.000204531 0.000297754 0.000135464 -5.60805e-05 0.000135464 0.000281854)
(9.42514e-05 9.02871e-05 1.18772e-05 9.02871e-05 0.000374455 -0.000187692 1.18772e-05 -0.000187692 0.000317891)
(0.00038257 9.22773e-05 6.44764e-05 9.22773e-05 0.00148941 -0.000339488 6.44764e-05 -0.000339488 0.000382212)
(0.000710974 0.000186469 3.94657e-05 0.000186469 0.00177918 0.000122324 3.94657e-05 0.000122324 0.000436039)
(0.000675429 0.000137389 0.000307119 0.000137389 0.000724139 0.000335045 0.000307119 0.000335045 0.000978931)
(0.000755677 0.000179941 0.0001744 0.000179941 0.00070041 -0.000137066 0.0001744 -0.000137066 0.000867301)
(0.00083777 -0.000258485 0.000232764 -0.000258485 0.00158141 -0.000214245 0.000232764 -0.000214245 0.000470177)
(0.00116606 -0.000918207 5.0786e-05 -0.000918207 0.00348462 0.000507204 5.0786e-05 0.000507204 0.000911561)
(0.00121329 -0.00119091 2.91411e-05 -0.00119091 0.00354892 0.000448747 2.91411e-05 0.000448747 0.000726736)
(0.000808898 -0.000630171 0.000274934 -0.000630171 0.00141756 -0.000267785 0.000274934 -0.000267785 0.000142225)
(0.00063633 6.85165e-05 0.000392042 6.85165e-05 0.000246692 -0.000116248 0.000392042 -0.000116248 0.000558578)
(0.000424213 0.000260596 0.000240574 0.000260596 0.000542391 0.00019842 0.000240574 0.00019842 0.000403505)
(0.000842977 0.000292142 0.000338947 0.000292142 0.000404213 1.94777e-05 0.000338947 1.94777e-05 0.00114814)
(0.000228977 2.07154e-05 9.62606e-05 2.07154e-05 0.000150926 1.06748e-05 9.62606e-05 1.06748e-05 4.65262e-05)
(0.000412596 -4.391e-05 0.00025432 -4.391e-05 0.000171891 1.81729e-05 0.00025432 1.81729e-05 0.000187376)
(0.000424385 -4.02536e-05 0.000240138 -4.02536e-05 0.000293345 -6.80508e-05 0.000240138 -6.80508e-05 0.000348035)
(0.000293921 -1.98595e-05 9.99914e-05 -1.98595e-05 0.000380479 -0.00012074 9.99914e-05 -0.00012074 0.00035868)
(0.000366839 0.000106378 0.000117832 0.000106378 0.000530914 7.6564e-06 0.000117832 7.6564e-06 0.000398443)
(0.000576002 0.000257263 0.000386138 0.000257263 0.000745828 0.000277726 0.000386138 0.000277726 0.000624413)
(0.000717265 0.000307267 0.00055773 0.000307267 0.000824053 0.000424102 0.00055773 0.000424102 0.00092915)
(0.000572384 0.000174472 0.000317415 0.000174472 0.000503439 0.000212127 0.000317415 0.000212127 0.000638205)
(0.000304369 9.33912e-05 0.000117857 9.33912e-05 0.000267842 -3.98792e-05 0.000117857 -3.98792e-05 8.5053e-05)
(0.000524843 0.000144949 0.000247968 0.000144949 0.00126106 0.00052701 0.000247968 0.00052701 0.000648185)
(0.000576507 -0.000377081 5.52563e-05 -0.000377081 0.00156939 0.000572885 5.52563e-05 0.000572885 0.000642506)
(0.000763759 -0.000467879 0.000281863 -0.000467879 0.000759228 -0.000285441 0.000281863 -0.000285441 0.000136642)
(0.00160829 0.000267479 0.000639422 0.000267479 0.000446269 -3.32277e-05 0.000639422 -3.32277e-05 0.00231663)
(0.00165768 0.000643151 0.000302324 0.000643151 0.00114986 0.00100389 0.000302324 0.00100389 0.00415799)
(0.00104832 0.000335243 -2.8071e-05 0.000335243 0.00150259 0.000988265 -2.8071e-05 0.000988265 0.00238026)
(0.000475621 5.61932e-05 0.000139173 5.61932e-05 0.00095039 0.000403786 0.000139173 0.000403786 0.000630454)
(0.000372489 0.000155233 0.000129024 0.000155233 0.000761156 0.000172798 0.000129024 0.000172798 0.000473231)
(0.000405816 0.000151002 0.000112965 0.000151002 0.000826591 4.54355e-05 0.000112965 4.54355e-05 0.000429495)
(0.00027253 -3.67928e-05 0.000115554 -3.67928e-05 0.000273757 -4.06709e-05 0.000115554 -4.06709e-05 0.000190792)
(0.000743248 0.000103273 0.000428734 0.000103273 0.00075304 0.000368115 0.000428734 0.000368115 0.000781371)
(0.00121477 0.000255775 0.000286413 0.000255775 0.00213517 0.00103594 0.000286413 0.00103594 0.00155645)
(0.00069581 -1.5446e-05 0.000240529 -1.5446e-05 0.00162192 0.000455807 0.000240529 0.000455807 0.000712367)
(0.000471577 -6.02389e-05 0.000202572 -6.02389e-05 0.000480829 -0.000106468 0.000202572 -0.000106468 0.000283446)
(0.00124051 0.000341541 0.000819281 0.000341541 0.00106646 0.000306354 0.000819281 0.000306354 0.0016251)
(0.00155186 0.000515454 0.00098441 0.000515454 0.00166193 0.000662769 0.00098441 0.000662769 0.00245023)
(0.000832134 0.000111999 0.000511644 0.000111999 0.000751285 0.000218093 0.000511644 0.000218093 0.00118247)
(0.000259572 -9.25027e-05 9.34526e-05 -9.25027e-05 0.000356882 -3.94648e-05 9.34526e-05 -3.94648e-05 0.000130968)
(0.000497049 -0.000400919 -0.000705572 -0.000400919 0.000514994 0.000639162 -0.000705572 0.000639162 0.00168194)
(0.000664242 -0.000224381 -0.000880799 -0.000224381 0.000366233 0.000295309 -0.000880799 0.000295309 0.00258174)
(0.000220406 0.000130262 -0.000186948 0.000130262 0.000187333 -0.000127039 -0.000186948 -0.000127039 0.000545294)
(0.000548005 0.000185981 2.35345e-05 0.000185981 0.000230794 -5.50319e-05 2.35345e-05 -5.50319e-05 0.000840042)
(0.00252275 0.000591483 -0.000980498 0.000591483 0.000759067 -2.87127e-05 -0.000980498 -2.87127e-05 0.00482812)
(0.00315841 0.000604583 -0.00117497 0.000604583 0.00131826 0.000854366 -0.00117497 0.000854366 0.00669601)
(0.00208501 0.000868329 -0.00033767 0.000868329 0.00162264 0.000814809 -0.00033767 0.000814809 0.00453714)
(0.000791244 0.000396041 6.2963e-05 0.000396041 0.000903816 -5.36675e-05 6.2963e-05 -5.36675e-05 0.00088777)
(0.000469197 -0.000423945 1.56919e-05 -0.000423945 0.000975953 0.000130479 1.56919e-05 0.000130479 0.000286152)
(0.000965789 -0.000868297 0.000288686 -0.000868297 0.00104512 -0.000190279 0.000288686 -0.000190279 0.000123052)
(0.00186016 -0.000394005 0.000846922 -0.000394005 0.000813373 -0.000429721 0.000846922 -0.000429721 0.00176716)
(0.00189622 0.000191892 0.000696773 0.000191892 0.000694118 -0.000133133 0.000696773 -0.000133133 0.00292317)
(0.000831944 -0.000476386 9.21544e-06 -0.000476386 0.00229547 0.000503772 9.21544e-06 0.000503772 0.00036622)
(0.000635881 0.000111023 -3.4349e-05 0.000111023 0.00181864 0.000761407 -3.4349e-05 0.000761407 0.000670663)
(0.000385081 0.000121263 9.97242e-05 0.000121263 0.000437572 0.000205336 9.97242e-05 0.000205336 0.000844628)
(0.000304039 1.0334e-05 4.67887e-05 1.0334e-05 0.000343975 -0.000322317 4.67887e-05 -0.000322317 0.000793218)
(0.000222082 -6.81514e-05 2.31303e-05 -6.81514e-05 0.000412462 -0.000176312 2.31303e-05 -0.000176312 0.000400034)
(0.00020505 -1.73338e-05 7.97566e-05 -1.73338e-05 0.000210891 -2.23909e-05 7.97566e-05 -2.23909e-05 0.00017072)
(0.000237025 2.12807e-06 0.000129152 2.12807e-06 0.000299229 3.49302e-05 0.000129152 3.49302e-05 8.46483e-05)
(0.000419505 5.46034e-06 0.00014327 5.46034e-06 0.00057407 -0.00011916 0.00014327 -0.00011916 0.000137863)
(0.000652179 4.2187e-05 0.000206333 4.2187e-05 0.000671059 -0.000435711 0.000206333 -0.000435711 0.000716293)
(0.00074165 0.000155879 8.82251e-05 0.000155879 0.000901385 -0.000790116 8.82251e-05 -0.000790116 0.00100857)
(0.000549495 0.000145536 0.000215447 0.000145536 0.000945501 -0.000520885 0.000215447 -0.000520885 0.00055065)
(0.000426928 -0.000182261 0.000265108 -0.000182261 0.000777461 -8.40882e-05 0.000265108 -8.40882e-05 0.000313299)
(0.000767375 -0.000724243 0.000301134 -0.000724243 0.00128997 -0.000207558 0.000301134 -0.000207558 0.000217703)
(0.00220486 -0.00106848 0.00068487 -0.00106848 0.00203706 -0.00115432 0.00068487 -0.00115432 0.00156199)
(0.00390812 -0.000332163 0.000640858 -0.000332163 0.00172067 -0.00106359 0.000640858 -0.00106359 0.00513188)
(0.00262029 0.0005426 -0.00027447 0.0005426 0.000749032 -9.83756e-06 -0.00027447 -9.83756e-06 0.00535844)
(0.0012577 0.000282472 -1.86861e-05 0.000282472 0.000919652 0.000769805 -1.86861e-05 0.000769805 0.00319664)
(0.00119594 0.000824874 0.000580927 0.000824874 0.00255294 0.00119906 0.000580927 0.00119906 0.00190345)
(0.00234312 0.00119273 0.000471646 0.00119273 0.00428375 0.00179705 0.000471646 0.00179705 0.002818)
(0.00384232 0.000344409 -0.000880064 0.000344409 0.00474322 0.00274919 -0.000880064 0.00274919 0.00495552)
(0.00302217 9.30885e-05 -0.00110509 9.30885e-05 0.00402 0.00261962 -0.00110509 0.00261962 0.00472448)
(0.00110885 1.67396e-05 -0.000283239 1.67396e-05 0.00149099 0.00080208 -0.000283239 0.00080208 0.00144251)
(0.000454208 0.000120117 7.05039e-05 0.000120117 0.000692826 7.83531e-05 7.05039e-05 7.83531e-05 0.000311)
(0.000491443 0.000443682 -8.88072e-05 0.000443682 0.0011403 -0.000197846 -8.88072e-05 -0.000197846 0.000415311)
(0.000495839 0.000654747 -9.27309e-05 0.000654747 0.00192549 -0.00025198 -9.27309e-05 -0.00025198 0.000431251)
(0.000418791 0.000193231 5.22053e-05 0.000193231 0.00127122 -2.85767e-05 5.22053e-05 -2.85767e-05 0.000289465)
(0.000375492 -6.38831e-05 0.000154514 -6.38831e-05 0.000377228 -1.63969e-05 0.000154514 -1.63969e-05 0.000309246)
(0.000329393 -8.90493e-05 0.00016412 -8.90493e-05 0.000470165 -0.000139701 0.00016412 -0.000139701 0.000200214)
(0.000445021 -0.000393349 -0.000335478 -0.000393349 0.000988387 0.000468617 -0.000335478 0.000468617 0.000801402)
(0.00104264 -0.000385112 -0.00107579 -0.000385112 0.00214731 0.00169283 -0.00107579 0.00169283 0.00278)
(0.00149031 0.000227298 -0.000469521 0.000227298 0.00295385 0.00194921 -0.000469521 0.00194921 0.00272221)
(0.00069378 0.000522991 0.000420751 0.000522991 0.00209107 0.000203533 0.000420751 0.000203533 0.000518338)
(0.00121232 0.000264617 7.99904e-05 0.000264617 0.00061734 -0.000667793 7.99904e-05 -0.000667793 0.00227089)
(0.00261891 0.000497079 0.000785286 0.000497079 0.00148993 0.000873945 0.000785286 0.000873945 0.00600764)
(0.0032489 0.000701329 0.000201067 0.000701329 0.00382212 0.00226982 0.000201067 0.00226982 0.00569237)
(0.00281099 0.000623303 0.00024299 0.000623303 0.00459408 0.0016284 0.00024299 0.0016284 0.00236446)
(0.000741077 0.000768712 0.000181271 0.000768712 0.00324204 0.000176172 0.000181271 0.000176172 0.000680931)
(0.000445479 0.000340449 -2.40561e-05 0.000340449 0.000624056 -5.75846e-05 -2.40561e-05 -5.75846e-05 0.000289836)
(0.000572202 -0.00046739 0.000127641 -0.00046739 0.00059233 -5.47003e-05 0.000127641 -5.47003e-05 3.81857e-05)
(0.000841691 -0.000845137 0.000134915 -0.000845137 0.00145664 4.54076e-05 0.000134915 4.54076e-05 0.000111826)
(0.000510586 -0.000288549 0.000199793 -0.000288549 0.00366026 7.46679e-05 0.000199793 7.46679e-05 0.000712792)
(0.000463139 -0.000565929 0.000400985 -0.000565929 0.0041939 -0.000603606 0.000400985 -0.000603606 0.00103489)
(0.000424149 -9.22475e-05 0.000444878 -9.22475e-05 0.00247925 -0.000622814 0.000444878 -0.000622814 0.00079079)
(0.000491082 0.000200597 0.000316087 0.000200597 0.000895274 -0.000260906 0.000316087 -0.000260906 0.000461757)
(0.000304372 8.61064e-05 0.000185604 8.61064e-05 0.000237127 2.87704e-05 0.000185604 2.87704e-05 0.000281794)
(0.000311257 5.13121e-05 0.000190618 5.13121e-05 0.000506102 -0.000189324 0.000190618 -0.000189324 0.00095598)
(0.000334011 6.57346e-05 5.96223e-05 6.57346e-05 0.000641911 -8.04253e-05 5.96223e-05 -8.04253e-05 0.00125098)
(0.000232603 -3.98336e-05 5.36563e-05 -3.98336e-05 0.000449577 3.67519e-05 5.36563e-05 3.67519e-05 0.000189637)
(0.000534214 8.38563e-06 0.000185545 8.38563e-06 0.000845559 -0.000556496 0.000185545 -0.000556496 0.000468462)
(0.000805823 0.000216946 -7.41892e-06 0.000216946 0.00102743 -0.000779354 -7.41892e-06 -0.000779354 0.000897134)
(0.000440501 2.89995e-05 0.000199189 2.89995e-05 0.000423812 -0.000193539 0.000199189 -0.000193539 0.000369534)
(0.00038142 -6.29295e-06 8.17087e-05 -6.29295e-06 0.000328498 -7.76723e-05 8.17087e-05 -7.76723e-05 0.000493015)
(0.000367237 -5.27678e-05 -7.94316e-05 -5.27678e-05 0.000298342 -2.93814e-05 -7.94316e-05 -2.93814e-05 0.000546218)
(0.000530369 -0.000507196 0.000157544 -0.000507196 0.000830109 -1.85687e-05 0.000157544 -1.85687e-05 0.000216812)
(0.0015126 -0.00103995 0.000455929 -0.00103995 0.00365989 -0.000975912 0.000455929 -0.000975912 0.000794482)
(0.00236378 -0.000640403 0.000159426 -0.000640403 0.00235242 -0.00136905 0.000159426 -0.00136905 0.00225888)
(0.00214265 0.000656903 0.000555905 0.000656903 0.00110641 0.00102407 0.000555905 0.00102407 0.00507487)
(0.00328911 0.0012741 0.000186574 0.0012741 0.00427981 0.00262058 0.000186574 0.00262058 0.00560145)
(0.00181627 0.00121581 0.000439268 0.00121581 0.0028372 0.00150488 0.000439268 0.00150488 0.00347717)
(0.000781561 0.000392426 -0.000358575 0.000392426 0.000427028 -0.000207502 -0.000358575 -0.000207502 0.00104143)
(0.00152757 0.000792334 -0.000203148 0.000792334 0.000891027 -0.000200043 -0.000203148 -0.000200043 0.000551771)
(0.00132441 0.000220766 0.000219662 0.000220766 0.000572427 5.75716e-05 0.000219662 5.75716e-05 0.00041059)
(0.000453677 4.3097e-05 0.000171541 4.3097e-05 0.00088711 8.37911e-06 0.000171541 8.37911e-06 0.000336356)
(0.000476063 0.000531263 -8.34316e-05 0.000531263 0.00115481 -0.000170986 -8.34316e-05 -0.000170986 0.000388182)
(0.000234171 3.18233e-05 -4.12147e-05 3.18233e-05 0.000345195 -8.00891e-05 -4.12147e-05 -8.00891e-05 0.000182465)
(0.000396843 -6.18231e-05 0.000213752 -6.18231e-05 0.00057252 3.17041e-05 0.000213752 3.17041e-05 0.000231235)
(0.000742778 0.000240479 0.000327183 0.000240479 0.000905575 8.63224e-05 0.000327183 8.63224e-05 0.000430387)
(0.000378705 -2.01967e-05 0.00019405 -2.01967e-05 0.000590575 0.000160546 0.00019405 0.000160546 0.00046221)
(0.000350524 -0.000183106 -0.000323938 -0.000183106 0.000511592 0.000341507 -0.000323938 0.000341507 0.00120746)
(0.000655186 -0.000347049 -0.000610572 -0.000347049 0.000717612 0.00076362 -0.000610572 0.00076362 0.00205592)
(0.000392842 -0.000118743 1.22935e-05 -0.000118743 0.00048528 0.000294244 1.22935e-05 0.000294244 0.000620026)
(0.00059704 0.000173049 0.000340834 0.000173049 0.000380802 0.000161471 0.000340834 0.000161471 0.00105745)
(0.00151412 0.000530236 0.00042743 0.000530236 0.00137387 0.00104133 0.00042743 0.00104133 0.00433565)
(0.00177777 0.000509576 0.000728557 0.000509576 0.000683705 0.000288034 0.000728557 0.000288034 0.00351791)
(0.00105839 0.000137755 0.000414552 0.000137755 0.000475387 -0.000447384 0.000414552 -0.000447384 0.00141882)
