/*--------------------------------*- C++ -*----------------------------------*\
  =========                 |
  \\      /  F ield         | OpenFOAM: The Open Source CFD Toolbox
   \\    /   O peration     | Website:  https://openfoam.org
    \\  /    A nd           | Version:  10
     \\/     M anipulation  |
\*---------------------------------------------------------------------------*/
FoamFile
{
    format      ascii;
    class       volTensorField;
    location    "20";
    object      TauNN;
}
// * * * * * * * * * * * * * * * * * * * * * * * * * * * * * * * * * * * * * //

dimensions      [0 2 -2 0 0 0 0];

internalField   nonuniform List<tensor> 
25600
(
(0.00128492 -0.00317306 0.00590649 -0.00317306 0.00965413 -0.00183771 0.00590649 -0.00183771 0.00830124)
(0.00145528 -0.00351127 0.00569925 -0.00351127 0.00969811 -0.00196478 0.00569925 -0.00196478 0.00948262)
(-0.00030491 -0.00272335 0.00517601 -0.00272335 0.00881881 -0.00235652 0.00517601 -0.00235652 0.00771598)
(-0.000898925 -0.00290643 0.00531291 -0.00290643 0.00905902 -0.00203316 0.00531291 -0.00203316 0.00824965)
(-0.000613896 -0.00306322 0.00521573 -0.00306322 0.00893257 -0.00234615 0.00521573 -0.00234615 0.00778703)
(0.00310155 -0.00249995 0.00326478 -0.00249995 0.00708298 -0.00293304 0.00326478 -0.00293304 0.00535928)
(-0.000500213 -0.00211042 0.00479827 -0.00211042 0.00850176 -0.00176178 0.00479827 -0.00176178 0.0077218)
(-0.00111509 -0.00240214 0.00504426 -0.00240214 0.00883472 -0.00134075 0.00504426 -0.00134075 0.00818531)
(0.00637415 -0.00182882 0.00163778 -0.00182882 0.00644912 -0.00285974 0.00163778 -0.00285974 0.00499082)
(0.00183172 0.000743148 0.00313402 0.000743148 0.0085672 -0.00105749 0.00313402 -0.00105749 0.00382654)
(0.00111794 -0.00263596 0.00533615 -0.00263596 0.00929053 -0.00160868 0.00533615 -0.00160868 0.00732666)
(-0.000486195 -0.00279452 0.0062239 -0.00279452 0.0101288 -0.00211577 0.0062239 -0.00211577 0.00862801)
(-0.0006353 -0.00354823 0.00586701 -0.00354823 0.00958628 -0.00172006 0.00586701 -0.00172006 0.00909939)
(-0.0016311 -0.00282821 0.00529717 -0.00282821 0.00924201 -0.0011649 0.00529717 -0.0011649 0.00853079)
(-0.00129712 -0.00265582 0.00518932 -0.00265582 0.00889125 -0.00165706 0.00518932 -0.00165706 0.00828218)
(0.00148571 -0.00140839 0.00406478 -0.00140839 0.00770899 -0.00212927 0.00406478 -0.00212927 0.00599018)
(-0.00118971 -0.00300581 0.00533373 -0.00300581 0.00918489 -0.00170114 0.00533373 -0.00170114 0.00863097)
(0.00120188 -0.00236239 0.00432426 -0.00236239 0.00795417 -0.00259184 0.00432426 -0.00259184 0.00640818)
(-0.000262791 -0.00240592 0.00454384 -0.00240592 0.00870671 -0.0020056 0.00454384 -0.0020056 0.00732364)
(-0.000302037 -0.000778232 0.00448452 -0.000778232 0.00905523 -0.00148548 0.00448452 -0.00148548 0.0054486)
(-0.00108189 -0.00293998 0.00532808 -0.00293998 0.00907831 -0.00199041 0.00532808 -0.00199041 0.00824836)
(0.0026145 -0.00174135 0.00371382 -0.00174135 0.00765397 -0.00222504 0.00371382 -0.00222504 0.00599851)
(-0.00128761 -0.00152376 0.00496243 -0.00152376 0.00935821 -0.00139677 0.00496243 -0.00139677 0.00656022)
(-0.00134892 -0.002977 0.0063895 -0.002977 0.00996139 -0.00218612 0.0063895 -0.00218612 0.00825071)
(0.00077892 -0.0024192 0.00470045 -0.0024192 0.00820346 -0.00263176 0.00470045 -0.00263176 0.00662413)
(0.00183366 -0.00223467 0.00379557 -0.00223467 0.00748498 -0.0027144 0.00379557 -0.0027144 0.00576537)
(-0.00132106 -0.0025158 0.00516549 -0.0025158 0.00917399 -0.00129325 0.00516549 -0.00129325 0.00830561)
(-0.000947799 -0.0029415 0.00642732 -0.0029415 0.0100274 -0.00221301 0.00642732 -0.00221301 0.00830309)
(-0.00028985 -0.00355852 0.00576906 -0.00355852 0.00946219 -0.00213372 0.00576906 -0.00213372 0.0085918)
(-0.000468382 -0.00280739 0.00506143 -0.00280739 0.00882814 -0.00247447 0.00506143 -0.00247447 0.00750979)
(0.000724784 -0.00235974 0.00439727 -0.00235974 0.00812755 -0.00277265 0.00439727 -0.00277265 0.00619876)
(0.00389461 -0.00266106 0.00338076 -0.00266106 0.00671715 -0.00311508 0.00338076 -0.00311508 0.00513861)
(0.00390691 -0.00286749 0.0029353 -0.00286749 0.00642445 -0.00319556 0.0029353 -0.00319556 0.00509305)
(-0.00106615 -0.00289712 0.00533171 -0.00289712 0.00915032 -0.00198416 0.00533171 -0.00198416 0.00818139)
(-8.6832e-05 -0.00331988 0.0055209 -0.00331988 0.00942724 -0.00213336 0.0055209 -0.00213336 0.00858206)
(0.000758424 -0.002666 0.00463603 -0.002666 0.00829344 -0.00279541 0.00463603 -0.00279541 0.00663899)
(0.00372825 -0.00278393 0.00330712 -0.00278393 0.00693771 -0.00307025 0.00330712 -0.00307025 0.00534221)
(0.00480311 -0.00169021 0.00267592 -0.00169021 0.00688785 -0.00259357 0.00267592 -0.00259357 0.0051682)
(0.00184535 -0.00145981 0.0038691 -0.00145981 0.00761777 -0.00215395 0.0038691 -0.00215395 0.00590612)
(-0.00071437 -0.00193723 0.00470698 -0.00193723 0.00898458 -0.000890254 0.00470698 -0.000890254 0.00829255)
(0.0113927 -0.000988944 0.00330496 -0.000988944 0.00976997 -0.000986623 0.00330496 -0.000986623 0.00529214)
(0.00143671 -0.00315971 0.00670628 -0.00315971 0.0101435 -0.00260217 0.00670628 -0.00260217 0.00844209)
(0.00434814 -0.00459614 0.00345132 -0.00459614 0.00905843 -0.00268961 0.00345132 -0.00268961 0.00778299)
(0.000393677 -0.000830028 0.00638057 -0.000830028 0.00847054 -0.00248669 0.00638057 -0.00248669 0.00768418)
(0.00306258 0.000814777 0.00560739 0.000814777 0.00575822 -0.00279722 0.00560739 -0.00279722 0.00559956)
(0.00300615 0.000351957 0.00547163 0.000351957 0.00635383 -0.00304022 0.00547163 -0.00304022 0.00644688)
(0.00497742 0.00168671 0.00625705 0.00168671 0.00790493 -0.00166775 0.00625705 -0.00166775 0.00714513)
(-0.00074652 8.5718e-05 0.00504944 8.5718e-05 0.00861199 -0.00176976 0.00504944 -0.00176976 0.006796)
(0.00159772 0.000507663 0.0061875 0.000507663 0.00781227 -0.00234345 0.0061875 -0.00234345 0.00664524)
(0.00911279 0.00123938 0.00442247 0.00123938 0.00849918 -0.000928431 0.00442247 -0.000928431 0.00538127)
(0.0110615 -0.000619194 0.00306556 -0.000619194 0.00964609 -0.000865785 0.00306556 -0.000865785 0.00500595)
(0.00167903 -0.0021951 0.0044543 -0.0021951 0.00967992 -0.00126222 0.0044543 -0.00126222 0.00805669)
(0.0025259 -0.00280485 0.00593621 -0.00280485 0.00919486 -0.00191465 0.00593621 -0.00191465 0.00833021)
(-0.00165065 -0.00124359 0.00528716 -0.00124359 0.00883132 -0.00193074 0.00528716 -0.00193074 0.00744944)
(-0.00140595 -0.00153502 0.00572655 -0.00153502 0.00890277 -0.00220737 0.00572655 -0.00220737 0.00745837)
(0.00199197 -4.27533e-05 0.00641241 -4.27533e-05 0.00843877 -0.00238377 0.00641241 -0.00238377 0.00781151)
(0.000542226 -0.000819186 0.00525067 -0.000819186 0.00887213 -0.00191564 0.00525067 -0.00191564 0.00651982)
(0.00426565 -0.000467764 0.00540059 -0.000467764 0.00741981 -0.00305852 0.00540059 -0.00305852 0.00644513)
(0.00711224 0.00201356 0.00606486 0.00201356 0.00656313 -0.00178457 0.00606486 -0.00178457 0.00651176)
(0.00591266 0.00175258 0.00405211 0.00175258 0.00805378 -0.000896343 0.00405211 -0.000896343 0.00457858)
(0.0014379 0.000244334 0.00571194 0.000244334 0.00789841 -0.00201573 0.00571194 -0.00201573 0.00592185)
(0.00401742 0.000121959 0.00683098 0.000121959 0.00808238 -0.00250606 0.00683098 -0.00250606 0.0080596)
(0.00778216 0.00133943 0.00385056 0.00133943 0.00849219 -0.000841145 0.00385056 -0.000841145 0.00480524)
(0.00444391 0.000298305 0.00462999 0.000298305 0.00723069 -0.00174933 0.00462999 -0.00174933 0.00416765)
(0.00482231 0.000747245 0.00543919 0.000747245 0.00685567 -0.00317813 0.00543919 -0.00317813 0.00601246)
(0.003733 -0.000407675 0.00596193 -0.000407675 0.00740373 -0.00275159 0.00596193 -0.00275159 0.00740868)
(0.00748928 0.00174451 0.00450114 0.00174451 0.00813072 -0.000877602 0.00450114 -0.000877602 0.00509135)
(0.00404575 -0.00341906 0.00400713 -0.00341906 0.00964587 -0.00216397 0.00400713 -0.00216397 0.0083138)
(0.00567424 -0.000639919 0.00545298 -0.000639919 0.00819599 -0.0028614 0.00545298 -0.0028614 0.00623006)
(0.00352972 0.00109089 0.00494319 0.00109089 0.00553074 -0.00301877 0.00494319 -0.00301877 0.0053918)
(0.00191913 -0.0015855 0.00530399 -0.0015855 0.00806337 -0.00300962 0.00530399 -0.00300962 0.00697576)
(0.00485979 -0.00137286 0.00293093 -0.00137286 0.00608202 -0.00386084 0.00293093 -0.00386084 0.0069538)
(0.00423436 -0.000396569 0.00407676 -0.000396569 0.00497109 -0.00376236 0.00407676 -0.00376236 0.00728702)
(0.00612247 0.00140338 0.00660557 0.00140338 0.00688521 -0.00181164 0.00660557 -0.00181164 0.00630414)
(0.00277605 3.45465e-05 0.00518794 3.45465e-05 0.00758033 -0.0021196 0.00518794 -0.0021196 0.00504187)
(0.00298081 -0.00149039 0.00443434 -0.00149039 0.00708828 -0.0035011 0.00443434 -0.0035011 0.00641214)
(0.00332035 -0.00225827 0.00396418 -0.00225827 0.00688772 -0.00352208 0.00396418 -0.00352208 0.00660046)
(0.00169317 0.000818114 0.00595843 0.000818114 0.00745068 -0.00224206 0.00595843 -0.00224206 0.00607342)
(0.00409575 -0.000161171 0.00691034 -0.000161171 0.00850866 -0.00245018 0.00691034 -0.00245018 0.00897254)
(0.0126223 -0.00135 0.00270294 -0.00135 0.00826532 0.000575559 0.00270294 0.000575559 0.00601928)
(0.0156802 -0.00071145 0.00312785 -0.00071145 0.00524707 0.00293642 0.00312785 0.00293642 0.00800915)
(0.0128289 -0.00527156 0.00382292 -0.00527156 0.010882 -0.00529805 0.00382292 -0.00529805 0.00872588)
(0.0182331 -0.00727334 0.0035303 -0.00727334 0.0110069 -0.00334488 0.0035303 -0.00334488 0.00775265)
(0.00869478 -0.00517549 0.00380914 -0.00517549 0.00996558 -0.00259606 0.00380914 -0.00259606 0.00594362)
(0.00473217 -0.000840779 0.00419331 -0.000840779 0.00849432 -0.00285555 0.00419331 -0.00285555 0.00490813)
(0.00161506 -0.00134109 0.00461043 -0.00134109 0.00892481 -0.00215028 0.00461043 -0.00215028 0.00471391)
(0.0158436 -0.00303538 0.00274331 -0.00303538 0.00983266 0.00103332 0.00274331 0.00103332 0.00559778)
(0.00929102 -0.00329783 0.00440781 -0.00329783 0.00990762 0.000166355 0.00440781 0.000166355 0.00876408)
(0.000694773 -0.00261861 0.00551111 -0.00261861 0.00965869 -0.00202802 0.00551111 -0.00202802 0.00667738)
(0.00805052 -0.00145365 0.00393307 -0.00145365 0.0087941 0.000564975 0.00393307 0.000564975 0.00664252)
(0.0206908 -0.00440607 0.00313517 -0.00440607 0.00832373 0.00207986 0.00313517 0.00207986 0.00852146)
(0.0125979 -0.00375234 0.00388637 -0.00375234 0.00917631 -4.81699e-05 0.00388637 -4.81699e-05 0.00976929)
(0.0152827 -0.00543967 0.0058818 -0.00543967 0.0108575 -0.00241266 0.0058818 -0.00241266 0.00984393)
(0.00196149 -0.00344302 0.00591412 -0.00344302 0.0102696 -0.00166366 0.00591412 -0.00166366 0.00864151)
(0.00163635 -0.00364341 0.00625323 -0.00364341 0.010293 -0.00216788 0.00625323 -0.00216788 0.0085201)
(0.00282989 -0.00216233 0.00475271 -0.00216233 0.00972703 -0.00155286 0.00475271 -0.00155286 0.00574559)
(0.0102 -0.00330262 0.00411639 -0.00330262 0.0104746 -0.00231957 0.00411639 -0.00231957 0.00508652)
(0.00459469 -0.00191058 0.00367786 -0.00191058 0.00929496 -0.0033485 0.00367786 -0.0033485 0.00514039)
(0.0109214 -0.00151662 0.00277171 -0.00151662 0.00948256 -0.000436914 0.00277171 -0.000436914 0.00261109)
(0.0201923 -0.00296023 0.0016136 -0.00296023 0.00987964 0.00109445 0.0016136 0.00109445 0.0042004)
(0.0161984 -0.0033444 0.00351067 -0.0033444 0.0100909 -0.00139718 0.00351067 -0.00139718 0.00441181)
(0.00578028 -0.00226583 0.00397178 -0.00226583 0.0098242 -0.000700412 0.00397178 -0.000700412 0.00575791)
(0.0173561 -0.00222071 0.00242848 -0.00222071 0.00949255 0.000879294 0.00242848 0.000879294 0.00430434)
(0.0134704 -0.002211 0.00347936 -0.002211 0.0095606 -0.00198804 0.00347936 -0.00198804 0.00393859)
(0.00515893 -0.000585879 0.00422144 -0.000585879 0.00808352 -0.00285313 0.00422144 -0.00285313 0.00530827)
(0.00180946 -0.00337373 0.00506071 -0.00337373 0.00954185 -0.00201047 0.00506071 -0.00201047 0.00647313)
(0.0168098 -0.00082188 0.00253222 -0.00082188 0.00938815 0.000248983 0.00253222 0.000248983 0.00292063)
(0.0137862 -0.00372412 0.00144465 -0.00372412 0.00893262 0.00174414 0.00144465 0.00174414 0.0074478)
(0.0107617 0.000955521 0.00275023 0.000955521 0.00736936 -0.000961141 0.00275023 -0.000961141 0.00532319)
(0.009042 -0.00185824 0.0029214 -0.00185824 0.00945732 -0.0032476 0.0029214 -0.0032476 0.00480774)
(0.00245926 -0.000183599 0.00401361 -0.000183599 0.00635992 -0.00338747 0.00401361 -0.00338747 0.0054737)
(0.00195422 -0.000528583 0.0038453 -0.000528583 0.00668112 -0.00342908 0.0038453 -0.00342908 0.0051519)
(0.00381546 -0.000726844 0.00399824 -0.000726844 0.00770607 -0.00155262 0.00399824 -0.00155262 0.00361163)
(0.0136196 -0.0015939 0.00289171 -0.0015939 0.00933446 0.000203842 0.00289171 0.000203842 0.00256517)
(0.0146925 0.000994972 0.00443726 0.000994972 0.00832236 -0.00157546 0.00443726 -0.00157546 0.00385505)
(0.00313792 -0.00395287 0.00348626 -0.00395287 0.00916615 -0.00350967 0.00348626 -0.00350967 0.00520611)
(0.00422238 -0.004256 0.00315837 -0.004256 0.00911009 -0.00274306 0.00315837 -0.00274306 0.00559944)
(0.0025676 -0.000802658 0.0041114 -0.000802658 0.00913329 -0.00174794 0.0041114 -0.00174794 0.00462007)
(0.00857862 -0.00306417 0.00473 -0.00306417 0.00968199 -0.000637239 0.00473 -0.000637239 0.00738167)
(0.0114447 -0.00441106 -0.00314515 -0.00441106 0.0120916 -0.00229381 -0.00314515 -0.00229381 0.0113131)
(0.00907835 -0.00501631 -0.00371804 -0.00501631 0.0107438 -0.00365531 -0.00371804 -0.00365531 0.00815994)
(0.0158456 -0.00120145 0.000924673 -0.00120145 0.0078182 0.001328 0.000924673 0.001328 0.00847645)
(0.0276764 -0.00152882 0.00442618 -0.00152882 0.00873021 -0.00365249 0.00442618 -0.00365249 0.00655256)
(0.0125358 -0.00160588 -0.000611375 -0.00160588 0.00814757 -0.0013854 -0.000611375 -0.0013854 0.00362127)
(0.00698871 -0.00181883 0.000379091 -0.00181883 0.00397784 -0.00149695 0.000379091 -0.00149695 0.0076695)
(0.00511711 -0.000193614 0.00618483 -0.000193614 0.00824677 -0.00227871 0.00618483 -0.00227871 0.00643455)
(0.0165663 -0.000414899 0.00454401 -0.000414899 0.00822845 1.49654e-05 0.00454401 1.49654e-05 0.00764265)
(0.0177107 -0.00244543 0.000457555 -0.00244543 0.00915884 -0.000312561 0.000457555 -0.000312561 0.00994984)
(0.00928737 -4.71519e-05 0.00584983 -4.71519e-05 0.00838827 -0.00224332 0.00584983 -0.00224332 0.00653805)
(0.00787777 -0.00179111 0.00378786 -0.00179111 0.0095864 -0.00123259 0.00378786 -0.00123259 0.00713026)
(0.0109627 -0.00350732 -0.000982987 -0.00350732 0.0115709 -0.00315727 -0.000982987 -0.00315727 0.00935965)
(0.00925472 -0.00460045 -0.00608576 -0.00460045 0.0108648 -0.002621 -0.00608576 -0.002621 0.00925046)
(0.0253669 -0.00526702 0.00306289 -0.00526702 0.00915445 -0.00311434 0.00306289 -0.00311434 0.00621592)
(0.0155024 -0.00341277 0.00458055 -0.00341277 0.00945479 -0.00253872 0.00458055 -0.00253872 0.00783617)
(0.0156757 -0.00636041 0.000103633 -0.00636041 0.0100985 -0.00317486 0.000103633 -0.00317486 0.00544633)
(0.00264449 -0.00136487 0.00572277 -0.00136487 0.00882526 -0.00238633 0.00572277 -0.00238633 0.00727877)
(0.0165035 -0.00233885 0.00321514 -0.00233885 0.00881838 -0.00203074 0.00321514 -0.00203074 0.00919619)
(0.0076685 0.000182343 0.00515294 0.000182343 0.00746245 -0.0030979 0.00515294 -0.0030979 0.0058841)
(0.0052011 -0.000966293 0.000860069 -0.000966293 0.0030521 -0.000938371 0.000860069 -0.000938371 0.00595985)
(0.0236983 -0.000905229 0.00112198 -0.000905229 0.00568108 0.00124134 0.00112198 0.00124134 0.00957327)
(0.0144028 7.77533e-05 0.00218284 7.77533e-05 0.00718106 7.97603e-05 0.00218284 7.97603e-05 0.00738839)
(0.0070413 -0.00215954 0.0038545 -0.00215954 0.00933569 -0.0017609 0.0038545 -0.0017609 0.00842579)
(0.0181932 -0.00178713 0.000638004 -0.00178713 0.0084044 0.0013694 0.000638004 0.0013694 0.00708578)
(0.0123103 -0.00391145 -0.00221885 -0.00391145 0.011481 -0.000644748 -0.00221885 -0.000644748 0.00848369)
(0.00880037 -0.00105762 0.00414308 -0.00105762 0.00850475 -0.00314634 0.00414308 -0.00314634 0.00591795)
(0.00213902 -0.00270146 0.00454057 -0.00270146 0.00922495 -0.00253588 0.00454057 -0.00253588 0.00700063)
(0.0222693 0.00129688 -0.000641128 0.00129688 0.00475577 0.00254574 -0.000641128 0.00254574 0.00845564)
(0.016173 -0.00369826 -0.00379597 -0.00369826 0.0115032 -0.00182516 -0.00379597 -0.00182516 0.00847729)
(0.0119025 -0.000320284 -0.000169769 -0.000320284 0.00678887 -0.00197499 -0.000169769 -0.00197499 0.00356718)
(0.00923898 -0.00177544 -0.00137388 -0.00177544 0.00992617 -0.000360132 -0.00137388 -0.000360132 0.00938111)
(0.0156005 -0.00177832 -0.00094967 -0.00177832 0.00642474 -0.00164397 -0.00094967 -0.00164397 0.0116924)
(0.00567676 -0.000333851 0.00400118 -0.000333851 0.00627224 -0.00381413 0.00400118 -0.00381413 0.00638451)
(0.0130768 -0.0019374 0.00197941 -0.0019374 0.00783521 -0.00185939 0.00197941 -0.00185939 0.0112901)
(0.0168843 0.00126851 0.00381998 0.00126851 0.00581152 0.000911268 0.00381998 0.000911268 0.00777163)
(0.00432952 -0.000150491 -0.000755031 -0.000150491 0.00181176 0.000527541 -0.000755031 0.000527541 0.00441892)
(0.00825228 -0.00362164 0.0025567 -0.00362164 0.00879491 -0.0029239 0.0025567 -0.0029239 0.00667527)
(0.0125741 -0.00471855 -0.00202224 -0.00471855 0.00923465 -0.00342999 -0.00202224 -0.00342999 0.00649774)
(0.0136441 -0.000369425 0.00448098 -0.000369425 0.00892836 -0.00124627 0.00448098 -0.00124627 0.00578518)
(0.0155338 -0.00506825 0.000894995 -0.00506825 0.00989809 -0.0027278 0.000894995 -0.0027278 0.00701335)
(0.00980703 -0.0021914 0.00405395 -0.0021914 0.00966361 -0.00340164 0.00405395 -0.00340164 0.011648)
(0.00787327 -0.00451647 -0.00146813 -0.00451647 0.0113675 -0.00176205 -0.00146813 -0.00176205 0.0124214)
(0.0013264 -0.000258654 0.00158094 -0.000258654 0.00588709 -0.000331308 0.00158094 -0.000331308 0.0037899)
(0.0244164 -0.000290687 0.006068 -0.000290687 0.00893049 -0.00212264 0.006068 -0.00212264 0.00561254)
(0.0101617 -0.00551327 0.00270207 -0.00551327 0.00990036 -0.00309401 0.00270207 -0.00309401 0.00582164)
(0.0130248 -0.00269426 0.0015571 -0.00269426 0.0107163 0.000556285 0.0015571 0.000556285 0.00762033)
(0.0114273 -0.00415353 0.00410172 -0.00415353 0.0100025 -0.00215497 0.00410172 -0.00215497 0.00646873)
(0.0198898 -0.000969317 0.00310603 -0.000969317 0.00938709 -0.000454562 0.00310603 -0.000454562 0.00327707)
(0.0191302 -0.00238071 0.00216818 -0.00238071 0.00966838 0.00011601 0.00216818 0.00011601 0.00380054)
(0.0186898 0.00177683 0.00429774 0.00177683 0.00789974 -0.000924381 0.00429774 -0.000924381 0.00464005)
(0.00960022 -0.00320617 0.00510427 -0.00320617 0.0101144 -0.00138768 0.00510427 -0.00138768 0.00861234)
(0.0183116 -0.00176796 -0.00357625 -0.00176796 0.00758756 0.00358193 -0.00357625 0.00358193 0.00960219)
(0.00662747 -0.00491631 -0.00357424 -0.00491631 0.0108042 -0.00183864 -0.00357424 -0.00183864 0.00765741)
(0.00681045 -0.00129252 0.00190943 -0.00129252 0.00707537 3.47104e-06 0.00190943 3.47104e-06 0.00353407)
(0.00819216 -0.00647981 0.00236754 -0.00647981 0.0095778 -0.00405299 0.00236754 -0.00405299 0.00720117)
(0.0161714 -0.00623996 0.00118419 -0.00623996 0.00911074 -0.0035684 0.00118419 -0.0035684 0.00542453)
(0.0124624 -0.00412717 0.00407941 -0.00412717 0.0103023 -0.00249757 0.00407941 -0.00249757 0.00604685)
(0.00564503 -0.00315697 0.00123705 -0.00315697 0.00834146 -0.00217396 0.00123705 -0.00217396 0.00434527)
(0.0134884 -0.00245576 0.00432588 -0.00245576 0.00955805 -0.00328421 0.00432588 -0.00328421 0.0053074)
(0.0131076 0.000459875 0.000973569 0.000459875 0.00727031 -0.00120145 0.000973569 -0.00120145 0.00470999)
(0.0174603 0.00206961 0.00338765 0.00206961 0.00628092 0.00335058 0.00338765 0.00335058 0.00801888)
(0.0141316 -0.00360282 0.00353991 -0.00360282 0.00962105 -0.00108803 0.00353991 -0.00108803 0.00486342)
(0.0160062 -0.00368288 0.00326897 -0.00368288 0.00964617 -0.000258405 0.00326897 -0.000258405 0.00735431)
(0.0187974 -0.00130028 0.000735901 -0.00130028 0.0078673 0.00321186 0.000735901 0.00321186 0.0076928)
(0.0117195 -0.0025564 0.00144068 -0.0025564 0.0102973 0.000359007 0.00144068 0.000359007 0.00711508)
(0.00661886 -0.00443538 0.000910819 -0.00443538 0.0073672 -0.00357187 0.000910819 -0.00357187 0.00618402)
(0.013693 -0.000972643 0.00239396 -0.000972643 0.00853819 -0.00377674 0.00239396 -0.00377674 0.00577988)
(0.0107409 -0.0045987 -0.00388579 -0.0045987 0.011104 -0.00088168 -0.00388579 -0.00088168 0.011711)
(0.00862989 -0.00049957 0.00178953 -0.00049957 0.00801408 -0.00057467 0.00178953 -0.00057467 0.00390056)
(0.00952168 -0.000794486 0.00175559 -0.000794486 0.00775506 0.00067924 0.00175559 0.00067924 0.0026523)
(0.00633132 0.000979581 0.000791658 0.000979581 0.00647834 0.000483966 0.000791658 0.000483966 0.00259229)
(0.0172775 -0.00506834 -5.1626e-05 -0.00506834 0.0119237 0.000456923 -5.1626e-05 0.000456923 0.00897744)
(0.0105052 -0.00350138 0.00177057 -0.00350138 0.00493805 -0.00337685 0.00177057 -0.00337685 0.0109188)
(0.00958027 -0.000660122 0.00107417 -0.000660122 0.00807169 -0.0012027 0.00107417 -0.0012027 0.0034763)
(0.0149056 0.00213155 0.0041931 0.00213155 0.00737232 -1.92691e-05 0.0041931 -1.92691e-05 0.00574832)
(0.0152789 0.00188704 0.00247978 0.00188704 0.00714184 -0.000561967 0.00247978 -0.000561967 0.00457126)
(0.00809108 -0.00322838 0.0012821 -0.00322838 0.00913205 -0.00370084 0.0012821 -0.00370084 0.00514275)
(0.00868831 -0.00517583 -0.000707974 -0.00517583 0.00873538 -0.00308253 -0.000707974 -0.00308253 0.00499963)
(0.0175576 -0.000204126 0.00200081 -0.000204126 0.00741085 0.00236664 0.00200081 0.00236664 0.00701794)
(0.00947052 -0.00536107 0.00160217 -0.00536107 0.010324 -0.00387571 0.00160217 -0.00387571 0.00475158)
(0.0100534 -0.000593253 0.00130358 -0.000593253 0.00898714 0.000844094 0.00130358 0.000844094 0.00430671)
(0.0106053 -0.00464783 -0.00448426 -0.00464783 0.0113257 -0.00391499 -0.00448426 -0.00391499 0.00842944)
(0.00693192 -0.00241386 -0.0004907 -0.00241386 0.00803973 0.000446026 -0.0004907 0.000446026 0.00676433)
(0.0134111 -0.00257248 0.000130591 -0.00257248 0.00765621 0.000335418 0.000130591 0.000335418 0.00442101)
(0.0196498 -0.00342799 0.000896266 -0.00342799 0.00828456 -0.00256596 0.000896266 -0.00256596 0.00734956)
(0.0156224 -0.00362668 -0.000144343 -0.00362668 0.0115771 -0.000147201 -0.000144343 -0.000147201 0.0104395)
(0.0127023 -0.0032433 -0.000217027 -0.0032433 0.00886768 -0.0018302 -0.000217027 -0.0018302 0.00276433)
(0.00721027 0.00107383 0.00121778 0.00107383 0.00304021 0.000706075 0.00121778 0.000706075 0.00267651)
(0.0207164 7.92006e-05 0.00480557 7.92006e-05 0.00837168 -0.00141898 0.00480557 -0.00141898 0.00735827)
(0.0118003 0.00110241 0.00190209 0.00110241 0.00708001 0.00169833 0.00190209 0.00169833 0.00417961)
(0.0114178 0.00137989 0.00395877 0.00137989 0.00702705 -0.000202828 0.00395877 -0.000202828 0.00725887)
(0.0183075 -0.00118554 -0.00190064 -0.00118554 0.00632528 0.00305028 -0.00190064 0.00305028 0.00967509)
(0.0134815 0.00124219 0.0026265 0.00124219 0.0103871 -0.00199265 0.0026265 -0.00199265 0.00533153)
(0.00911016 -0.00454834 -0.000423044 -0.00454834 0.0105283 -0.000193203 -0.000423044 -0.000193203 0.007801)
(0.0147521 -0.00460322 0.00176504 -0.00460322 0.0103776 0.00101152 0.00176504 0.00101152 0.00763504)
(0.010013 -0.00409062 0.00312082 -0.00409062 0.00626768 -0.00373375 0.00312082 -0.00373375 0.00694288)
(0.0126242 -0.00184477 -0.000341384 -0.00184477 0.00800913 -0.00143079 -0.000341384 -0.00143079 0.00472946)
(0.0104735 -0.00261063 -4.81457e-05 -0.00261063 0.00876597 -0.0022184 -4.81457e-05 -0.0022184 0.00669153)
(0.0247686 -0.00314194 0.00403446 -0.00314194 0.00884528 -0.00214312 0.00403446 -0.00214312 0.00826847)
(0.013278 -0.00196651 -0.000421814 -0.00196651 0.00703648 -0.00286566 -0.000421814 -0.00286566 0.00521655)
(0.022729 -0.00280626 -0.000354297 -0.00280626 0.00919825 0.00136084 -0.000354297 0.00136084 0.00629192)
(0.0182391 -8.3195e-06 0.00438404 -8.3195e-06 0.00865358 -0.00210446 0.00438404 -0.00210446 0.00588161)
(0.0106861 -0.00427714 0.00256379 -0.00427714 0.00753648 -0.00382491 0.00256379 -0.00382491 0.00633971)
(0.0128232 -0.000779826 0.00188938 -0.000779826 0.0110386 -0.00257031 0.00188938 -0.00257031 0.00740124)
(0.00930747 -0.00126704 -0.000306999 -0.00126704 0.00919389 -0.00167594 -0.000306999 -0.00167594 0.00605552)
(0.00788126 -0.00136856 0.000759484 -0.00136856 0.00701716 -0.00251542 0.000759484 -0.00251542 0.00588885)
(0.0176141 -0.00310387 0.000936264 -0.00310387 0.00663618 -0.00302658 0.000936264 -0.00302658 0.00840427)
(0.0129498 -0.00221057 -0.00221018 -0.00221057 0.0106499 -0.00244185 -0.00221018 -0.00244185 0.00773593)
(0.00844662 -0.000871223 -0.00110977 -0.000871223 0.00585488 -0.00373834 -0.00110977 -0.00373834 0.00676122)
(0.0168699 -0.000332315 0.00359656 -0.000332315 0.0079648 6.9892e-05 0.00359656 6.9892e-05 0.00824326)
(0.00887183 -0.000404678 0.000458762 -0.000404678 0.00708211 -0.000770656 0.000458762 -0.000770656 0.00439536)
(0.0153147 -0.00446902 -0.00121608 -0.00446902 0.0122336 -0.000851722 -0.00121608 -0.000851722 0.0111172)
(0.0136279 -0.00490405 0.00152083 -0.00490405 0.0108259 0.000155758 0.00152083 0.000155758 0.00761209)
(0.0172307 0.00258594 0.00456468 0.00258594 0.00688834 -0.000222464 0.00456468 -0.000222464 0.00589106)
(0.0194426 -0.00289055 -0.00163553 -0.00289055 0.00824241 -0.00251424 -0.00163553 -0.00251424 0.00391868)
(0.0190424 -0.000472055 0.00321177 -0.000472055 0.00455772 -0.000708671 0.00321177 -0.000708671 0.00714423)
(0.0191018 -0.00327059 0.000802355 -0.00327059 0.00787652 -0.00208132 0.000802355 -0.00208132 0.00889174)
(0.0120196 -0.00252656 0.000737809 -0.00252656 0.00775743 -0.0030123 0.000737809 -0.0030123 0.00702193)
(0.0187139 0.000166701 0.00137644 0.000166701 0.00697097 0.000494014 0.00137644 0.000494014 0.00685782)
(0.0135886 -0.00295726 0.00291673 -0.00295726 0.00923464 -0.00298848 0.00291673 -0.00298848 0.0060162)
(0.0156406 -0.00203233 0.00196916 -0.00203233 0.00938019 -9.94187e-05 0.00196916 -9.94187e-05 0.00646649)
(0.00830378 -0.00510649 -0.00412912 -0.00510649 0.0115046 -0.00244114 -0.00412912 -0.00244114 0.00884272)
(0.00952735 -0.00495701 -0.00495902 -0.00495701 0.0117203 -0.00132709 -0.00495902 -0.00132709 0.0102227)
(0.0140595 -0.000740752 -0.00138067 -0.000740752 0.00618607 0.00217871 -0.00138067 0.00217871 0.00858078)
(0.00713041 -0.00110417 0.00121921 -0.00110417 0.00274337 -0.00181265 0.00121921 -0.00181265 0.0095615)
(0.009856 -0.00611879 0.00230064 -0.00611879 0.0106794 -0.00322816 0.00230064 -0.00322816 0.00624414)
(0.00895903 -0.00514085 -0.000663335 -0.00514085 0.011376 0.000457572 -0.000663335 0.000457572 0.00651513)
(0.0155234 -0.00257932 -0.00077871 -0.00257932 0.00825821 -0.000178673 -0.00077871 -0.000178673 0.00458939)
(0.012366 -0.0026049 0.00214108 -0.0026049 0.00854271 -0.000451994 0.00214108 -0.000451994 0.00473358)
(0.014759 0.00147273 0.00222454 0.00147273 0.00600053 0.00303075 0.00222454 0.00303075 0.00840388)
(0.00785455 -0.00479041 -0.00451681 -0.00479041 0.0113712 -0.00145251 -0.00451681 -0.00145251 0.00939022)
(0.0120295 -0.00159306 0.00192857 -0.00159306 0.00986038 -0.00362988 0.00192857 -0.00362988 0.0105695)
(0.0215085 0.00241967 0.00327304 0.00241967 0.00718795 0.000968057 0.00327304 0.000968057 0.00419297)
(0.0105707 -0.00429037 -0.00153472 -0.00429037 0.0108974 -0.00047519 -0.00153472 -0.00047519 0.00803381)
(0.0113796 -0.00507001 0.000643743 -0.00507001 0.0107495 0.0011204 0.000643743 0.0011204 0.0061356)
(0.0123285 -0.0036177 0.00267881 -0.0036177 0.00903555 -0.000897494 0.00267881 -0.000897494 0.0106071)
(0.00673012 -0.00150058 0.00167978 -0.00150058 0.00699002 -0.00175039 0.00167978 -0.00175039 0.00421192)
(0.00955781 -0.000348749 0.00286679 -0.000348749 0.00763931 -0.000895279 0.00286679 -0.000895279 0.00638432)
(0.0120822 -0.00312198 -0.000537904 -0.00312198 0.00754947 -1.99489e-06 -0.000537904 -1.99489e-06 0.00486328)
(0.0100724 -0.00514336 0.000391679 -0.00514336 0.00986574 -0.00282505 0.000391679 -0.00282505 0.00433733)
(0.0197468 -0.00264202 0.00267381 -0.00264202 0.00996227 -0.000212975 0.00267381 -0.000212975 0.00630673)
(0.0180106 -0.00191236 0.003218 -0.00191236 0.00886674 -0.00263964 0.003218 -0.00263964 0.00554678)
(0.016254 -0.00305648 0.00414523 -0.00305648 0.00693621 -0.00225573 0.00414523 -0.00225573 0.00877611)
(0.00761407 -0.00140422 0.000993133 -0.00140422 0.00670296 0.000430456 0.000993133 0.000430456 0.00300886)
(0.0140467 -0.000465116 0.00298627 -0.000465116 0.00865931 -4.73885e-05 0.00298627 -4.73885e-05 0.00379701)
(0.00974237 -0.00058888 0.000682564 -0.00058888 0.00696497 -0.00257784 0.000682564 -0.00257784 0.00581255)
(0.015233 -0.00513444 -0.00050898 -0.00513444 0.00753018 -0.00298968 -0.00050898 -0.00298968 0.00697246)
(0.0110021 0.000155413 -2.63369e-05 0.000155413 0.00731461 0.00154331 -2.63369e-05 0.00154331 0.00417113)
(0.00661936 -0.00247968 -0.00114322 -0.00247968 0.00451876 -0.00206655 -0.00114322 -0.00206655 0.00693105)
(0.00890403 -0.000592311 -0.000155493 -0.000592311 0.00706447 -0.000825828 -0.000155493 -0.000825828 0.00300513)
(0.0108868 -0.000887809 0.00102598 -0.000887809 0.0080544 -0.000363078 0.00102598 -0.000363078 0.0046824)
(0.00704711 -0.00250568 0.000493664 -0.00250568 0.00814426 -0.00260364 0.000493664 -0.00260364 0.00662822)
(0.00784476 -0.00519819 -0.000979831 -0.00519819 0.0115012 -0.000909793 -0.000979831 -0.000909793 0.00749878)
(0.0128461 -0.00271825 0.00331006 -0.00271825 0.00977857 -0.00136511 0.00331006 -0.00136511 0.00669962)
(0.00830443 -0.00491722 -0.00117242 -0.00491722 0.0115589 -0.00187916 -0.00117242 -0.00187916 0.00754061)
(0.0158598 -6.02668e-05 0.00211818 -6.02668e-05 0.00584391 0.000212167 0.00211818 0.000212167 0.00938713)
(0.00668747 -0.00128706 -0.000318496 -0.00128706 0.0031847 -0.00267931 -0.000318496 -0.00267931 0.00940887)
(0.0121475 -0.00155261 0.000546196 -0.00155261 0.00759025 -0.00376495 0.000546196 -0.00376495 0.00651865)
(0.0135252 0.000296886 0.00251972 0.000296886 0.00730273 0.00113853 0.00251972 0.00113853 0.005931)
(0.0127937 -0.00418771 -0.000543385 -0.00418771 0.00906896 -0.00269247 -0.000543385 -0.00269247 0.00619836)
(0.0196024 -0.00236748 0.00139822 -0.00236748 0.00897086 0.000881909 0.00139822 0.000881909 0.00602396)
(0.0100865 -0.00377428 -0.000586284 -0.00377428 0.0119238 -0.00157935 -0.000586284 -0.00157935 0.00756545)
(0.00754226 -0.00365187 -0.00304573 -0.00365187 0.0111724 -0.00145225 -0.00304573 -0.00145225 0.0078806)
(0.0129194 9.376e-05 0.00201099 9.376e-05 0.00416658 0.000102789 0.00201099 0.000102789 0.0120178)
(0.0042162 -0.000101378 -0.00053818 -0.000101378 0.00163071 5.74747e-05 -0.00053818 5.74747e-05 0.00417261)
(0.015584 -0.00614286 0.00225677 -0.00614286 0.0108451 -0.00317442 0.00225677 -0.00317442 0.00719924)
(0.00891085 -7.15842e-05 0.00045198 -7.15842e-05 0.00921032 0.000245028 0.00045198 0.000245028 0.0025039)
(0.0122345 0.000633296 0.000784637 0.000633296 0.00782578 -0.00183048 0.000784637 -0.00183048 0.00595402)
(0.0122713 0.000988752 0.000751808 0.000988752 0.00582142 0.00335941 0.000751808 0.00335941 0.00836274)
(0.0173362 -0.00168594 -0.000581207 -0.00168594 0.00696471 0.00352874 -0.000581207 0.00352874 0.00898497)
(0.0093206 -0.00403504 -0.00129279 -0.00403504 0.0113881 -0.00170821 -0.00129279 -0.00170821 0.00805779)
(0.00837834 -0.00292898 -0.00213948 -0.00292898 0.0112826 -0.00306112 -0.00213948 -0.00306112 0.00862652)
(0.00691156 0.00046046 0.00110536 0.00046046 0.00480078 0.00180241 0.00110536 0.00180241 0.00803305)
(0.0119028 -0.00109643 -0.000203139 -0.00109643 0.00681417 0.00174167 -0.000203139 0.00174167 0.00565164)
(0.00431135 -0.00361783 0.000776919 -0.00361783 0.0086713 -0.00318947 0.000776919 -0.00318947 0.00369019)
(0.00518398 -0.0048492 -0.000115012 -0.0048492 0.00892531 -0.00395187 -0.000115012 -0.00395187 0.00474124)
(0.00673852 -0.00274294 0.000174494 -0.00274294 0.00815595 -0.00395414 0.000174494 -0.00395414 0.00385357)
(0.00706795 -0.000811934 -0.000172244 -0.000811934 0.00775689 -0.0021687 -0.000172244 -0.0021687 0.00521)
(0.00793983 -0.000690648 -0.000632497 -0.000690648 0.00267755 0.00069845 -0.000632497 0.00069845 0.00178618)
(0.00695592 -0.00338665 0.00413942 -0.00338665 0.0100881 -0.00218581 0.00413942 -0.00218581 0.0071898)
(0.00993569 0.000785004 0.00104298 0.000785004 0.00623787 0.00220686 0.00104298 0.00220686 0.00634045)
(0.0030761 1.69631e-05 0.000845639 1.69631e-05 0.00378983 -0.000700246 0.000845639 -0.000700246 0.00246534)
(0.0127526 -0.00524832 -0.000978983 -0.00524832 0.00890151 -0.00321445 -0.000978983 -0.00321445 0.0045927)
(0.0133109 -0.00268456 0.0024663 -0.00268456 0.00906275 -0.0010208 0.0024663 -0.0010208 0.00703698)
(0.00301204 -0.000532392 -0.00047579 -0.000532392 0.00284254 0.00099915 -0.00047579 0.00099915 0.00173809)
(0.0124434 -0.00405117 -0.000525372 -0.00405117 0.0111062 -0.000787859 -0.000525372 -0.000787859 0.00983808)
(0.00935371 2.86475e-05 0.00306263 2.86475e-05 0.00606348 -0.00103588 0.00306263 -0.00103588 0.00881249)
(0.0089901 -0.00157266 -0.0010215 -0.00157266 0.00676563 -0.00263401 -0.0010215 -0.00263401 0.00427362)
(0.0127098 -0.000845878 0.00174756 -0.000845878 0.00783622 -0.00246886 0.00174756 -0.00246886 0.00742413)
(0.00572682 0.000615135 0.00159932 0.000615135 0.00647693 0.00042995 0.00159932 0.00042995 0.00636068)
(0.00910087 -0.00173823 0.000524404 -0.00173823 0.00716366 -0.00182768 0.000524404 -0.00182768 0.0051369)
(0.0147061 0.000181576 0.0037685 0.000181576 0.00703812 -0.0020455 0.0037685 -0.0020455 0.00965234)
(0.00891382 -0.00157748 0.00277621 -0.00157748 0.00912222 -0.000870796 0.00277621 -0.000870796 0.00563607)
(0.010255 -0.00457519 -0.00349521 -0.00457519 0.0113823 -0.00292636 -0.00349521 -0.00292636 0.00821239)
(0.00849398 -0.00363323 1.75638e-05 -0.00363323 0.0114119 -0.00278433 1.75638e-05 -0.00278433 0.00672242)
(0.0161739 0.00133854 0.00275702 0.00133854 0.00697668 0.000756776 0.00275702 0.000756776 0.00655272)
(0.00686696 -0.00164498 -0.000332 -0.00164498 0.00411466 -0.00323976 -0.000332 -0.00323976 0.00799939)
(0.0156894 -0.00432603 -0.000527772 -0.00432603 0.00851447 -0.00270194 -0.000527772 -0.00270194 0.00673591)
(0.00931833 -0.0024322 0.00223303 -0.0024322 0.00832164 -0.0010264 0.00223303 -0.0010264 0.00541099)
(0.0061831 -0.00154328 1.65403e-05 -0.00154328 0.00687719 -0.00210358 1.65403e-05 -0.00210358 0.00327385)
(0.0247277 -0.000123931 0.00506184 -0.000123931 0.00834236 -0.000920132 0.00506184 -0.000920132 0.00746875)
(0.0117272 -0.000619827 0.0026209 -0.000619827 0.00873218 -0.00011617 0.0026209 -0.00011617 0.00627574)
(0.0118703 -0.00201283 0.00206763 -0.00201283 0.00714528 -0.00117641 0.00206763 -0.00117641 0.0101549)
(0.0117166 -0.000806075 0.00272858 -0.000806075 0.00776072 -0.00235504 0.00272858 -0.00235504 0.0104517)
(0.01101 0.00195535 0.00217306 0.00195535 0.006312 0.00113247 0.00217306 0.00113247 0.00454373)
(0.0115227 -0.00540328 0.00109012 -0.00540328 0.00934062 -0.00359368 0.00109012 -0.00359368 0.00554192)
(0.0127497 0.000470226 0.00146943 0.000470226 0.00763573 -0.000271617 0.00146943 -0.000271617 0.00475695)
(0.0084463 -0.00345798 0.00244689 -0.00345798 0.00914792 -0.00240386 0.00244689 -0.00240386 0.0060133)
(0.0111324 0.00216715 0.00236329 0.00216715 0.00581731 0.00126493 0.00236329 0.00126493 0.00627029)
(0.0210003 -0.00256575 -0.0044398 -0.00256575 0.00710864 0.00445205 -0.0044398 0.00445205 0.008426)
(0.0114469 -0.00205196 0.00389513 -0.00205196 0.00863268 -0.00158329 0.00389513 -0.00158329 0.00778888)
(0.0130802 0.00208683 0.00276673 0.00208683 0.0054294 0.00289981 0.00276673 0.00289981 0.00835092)
(0.00391282 -0.00279946 -0.00058081 -0.00279946 0.00923134 -0.00104172 -0.00058081 -0.00104172 0.00722552)
(0.0130311 -0.00393492 0.00400351 -0.00393492 0.00949919 -0.00203108 0.00400351 -0.00203108 0.00845605)
(0.0112965 -0.00383776 0.00314336 -0.00383776 0.00931727 -0.00247002 0.00314336 -0.00247002 0.00590275)
(0.00769067 0.000537254 -0.000137695 0.000537254 0.00710636 -0.00216355 -0.000137695 -0.00216355 0.00435426)
(0.0110008 -0.000829582 0.00150216 -0.000829582 0.00756742 -0.00281877 0.00150216 -0.00281877 0.0053309)
(0.000984045 -0.000315203 6.97644e-05 -0.000315203 0.00384321 -0.00156167 6.97644e-05 -0.00156167 0.00273921)
(0.00905282 -2.52957e-05 -0.00100888 -2.52957e-05 0.00617441 0.0020809 -0.00100888 0.0020809 0.00476844)
(0.00831739 -0.0043888 0.00397128 -0.0043888 0.0103574 -0.00246598 0.00397128 -0.00246598 0.00771508)
(0.00126848 3.6357e-05 0.000226079 3.6357e-05 0.00544555 0.000290631 0.000226079 0.000290631 0.00119948)
(0.00395179 -0.000272366 0.00062166 -0.000272366 0.0063105 0.0014932 0.00062166 0.0014932 0.00376656)
(0.0153819 -0.00130239 0.00192748 -0.00130239 0.00812967 -0.00309233 0.00192748 -0.00309233 0.00626747)
(0.0165879 -0.00442681 0.00227486 -0.00442681 0.00952393 -0.0021612 0.00227486 -0.0021612 0.00655678)
(0.0112421 -0.00381427 0.000703849 -0.00381427 0.0110328 0.000162442 0.000703849 0.000162442 0.00643902)
(0.00965808 -0.00514058 -0.00011887 -0.00514058 0.0113431 0.000380945 -0.00011887 0.000380945 0.00650756)
(0.0114766 -0.00201261 -0.000184888 -0.00201261 0.00917064 -0.00348333 -0.000184888 -0.00348333 0.00858114)
(0.0125936 -0.00376602 0.00270577 -0.00376602 0.00986107 -0.00261991 0.00270577 -0.00261991 0.00610577)
(0.0088903 -0.00379667 -2.88654e-05 -0.00379667 0.0086923 -0.00302246 -2.88654e-05 -0.00302246 0.00582283)
(0.0100015 -0.00236926 0.00347681 -0.00236926 0.00458031 -0.00278878 0.00347681 -0.00278878 0.00913062)
(0.00697098 -0.00280925 -0.000342258 -0.00280925 0.00711874 -0.00259929 -0.000342258 -0.00259929 0.00346635)
(0.00820949 -0.000901189 -0.00108583 -0.000901189 0.00486891 -0.00289065 -0.00108583 -0.00289065 0.00455063)
(0.0131743 -0.00249554 0.00390002 -0.00249554 0.00948742 -0.00190235 0.00390002 -0.00190235 0.00682008)
(0.0106196 -0.0051878 -0.00480216 -0.0051878 0.011341 -0.00269076 -0.00480216 -0.00269076 0.00920496)
(0.014398 0.000136252 0.0025266 0.000136252 0.0084949 0.000570831 0.0025266 0.000570831 0.00281964)
(0.00602845 -0.000721636 0.000184326 -0.000721636 0.00483139 9.35569e-05 0.000184326 9.35569e-05 0.00745334)
(0.00430132 -0.00040063 -3.88967e-05 -0.00040063 0.00667737 0.00225421 -3.88967e-05 0.00225421 0.00798951)
(0.0118662 -0.00369512 -0.000340116 -0.00369512 0.00683326 -0.00353693 -0.000340116 -0.00353693 0.00517404)
(0.00352636 0.000620802 0.000959985 0.000620802 0.00357376 0.00086802 0.000959985 0.00086802 0.00187822)
(0.0072007 0.000355916 0.000969242 0.000355916 0.00511819 -5.82933e-05 0.000969242 -5.82933e-05 0.00241957)
(0.0175005 0.000774744 0.000341717 0.000774744 0.0052621 0.00181465 0.000341717 0.00181465 0.00464363)
(0.0128884 -0.000967798 0.00296955 -0.000967798 0.00876485 -0.00103271 0.00296955 -0.00103271 0.00782865)
(0.0128928 0.00095699 0.00168619 0.00095699 0.00552438 0.00294096 0.00168619 0.00294096 0.00867384)
(0.0077991 -0.00383524 -0.00164023 -0.00383524 0.0108088 -0.00267598 -0.00164023 -0.00267598 0.00757279)
(0.00974393 0.000662562 0.00352116 0.000662562 0.00397153 -1.56676e-05 0.00352116 -1.56676e-05 0.00459345)
(0.00656278 -0.00341758 0.00172809 -0.00341758 0.00835968 -0.00238717 0.00172809 -0.00238717 0.00646096)
(0.0137715 -0.000455143 -0.000517323 -0.000455143 0.00672269 0.00286418 -0.000517323 0.00286418 0.00673582)
(0.00959397 -0.00122577 0.00287132 -0.00122577 0.00851194 -0.00145577 0.00287132 -0.00145577 0.00518673)
(0.00987923 0.00214555 0.00223129 0.00214555 0.00570096 0.000932859 0.00223129 0.000932859 0.00575444)
(0.0172569 -0.00185806 -0.00428144 -0.00185806 0.00687885 0.0039931 -0.00428144 0.0039931 0.00897655)
(0.0114534 -0.00308148 0.00348425 -0.00308148 0.00880831 -0.00177826 0.00348425 -0.00177826 0.00804394)
(0.0139486 -0.000396659 0.0031318 -0.000396659 0.00732339 0.000339874 0.0031318 0.000339874 0.00808244)
(0.00785717 0.000747535 7.55712e-05 0.000747535 0.00690894 0.000105467 7.55712e-05 0.000105467 0.00372012)
(0.0117117 -0.00317998 0.00368222 -0.00317998 0.00903503 -0.0019581 0.00368222 -0.0019581 0.00797774)
(0.00385888 0.000211312 0.000133847 0.000211312 0.00606409 0.000421657 0.000133847 0.000421657 0.00156683)
(0.00776173 -0.000428204 -0.00137257 -0.000428204 0.00713928 -0.00132727 -0.00137257 -0.00132727 0.00300154)
