/*--------------------------------*- C++ -*----------------------------------*\
  =========                 |
  \\      /  F ield         | OpenFOAM: The Open Source CFD Toolbox
   \\    /   O peration     | Website:  https://openfoam.org
    \\  /    A nd           | Version:  10
     \\/     M anipulation  |
\*---------------------------------------------------------------------------*/
FoamFile
{
    format      ascii;
    class       volTensorField;
    location    "7.5";
    object      TauNN;
}
// * * * * * * * * * * * * * * * * * * * * * * * * * * * * * * * * * * * * * //

dimensions      [0 2 -2 0 0 0 0];

internalField   nonuniform List<tensor> 
25600
(
(0.00140035 -0.0129669 -0.0151601 -0.0129669 0.000162842 -0.00814519 -0.0151601 -0.00814519 0.000117842)
(0.00138747 -0.0129596 -0.015166 -0.0129596 0.000161599 -0.00814063 -0.015166 -0.00814063 0.000120019)
(0.00141002 -0.0129629 -0.0151577 -0.0129629 0.000160308 -0.00814229 -0.0151577 -0.00814229 0.000119981)
(0.00142857 -0.0129703 -0.0151502 -0.0129703 0.000161002 -0.00814676 -0.0151502 -0.00814676 0.000117836)
(0.00143077 -0.0129728 -0.0151497 -0.0129728 0.000161747 -0.00814836 -0.0151497 -0.00814836 0.000116861)
(0.00139736 -0.0129666 -0.015162 -0.0129666 0.000163125 -0.00814499 -0.015162 -0.00814499 0.000118205)
(0.00138025 -0.0129591 -0.0151688 -0.0129591 0.000162175 -0.00814042 -0.0151688 -0.00814042 0.000120135)
(0.00140875 -0.012963 -0.0151581 -0.012963 0.000160463 -0.00814239 -0.0151581 -0.00814239 0.000119947)
(0.00143082 -0.0129703 -0.0151497 -0.0129703 0.000160837 -0.00814675 -0.0151497 -0.00814675 0.000117925)
(0.00143085 -0.0129722 -0.0151504 -0.0129722 0.000161665 -0.00814796 -0.0151504 -0.00814796 0.000117239)
(0.00139376 -0.0129647 -0.0151644 -0.0129647 0.000162965 -0.00814376 -0.0151644 -0.00814376 0.000118958)
(0.00137871 -0.0129576 -0.0151707 -0.0129576 0.00016187 -0.00813934 -0.0151707 -0.00813934 0.000120832)
(0.00141361 -0.0129631 -0.0151567 -0.0129631 0.000159996 -0.00814232 -0.0151567 -0.00814232 0.000120206)
(0.00143205 -0.0129712 -0.0151492 -0.0129712 0.000161039 -0.00814731 -0.0151492 -0.00814731 0.000117587)
(0.00142662 -0.0129728 -0.0151507 -0.0129728 0.000162145 -0.00814848 -0.0151507 -0.00814848 0.000116564)
(0.00139678 -0.0129666 -0.0151614 -0.0129666 0.000163121 -0.00814508 -0.0151614 -0.00814508 0.000117859)
(0.00138686 -0.0129602 -0.0151656 -0.0129602 0.000161801 -0.00814109 -0.0151656 -0.00814109 0.000119813)
(0.00141632 -0.0129635 -0.0151557 -0.0129635 0.000159905 -0.00814259 -0.0151557 -0.00814259 0.000120063)
(0.0014323 -0.0129711 -0.0151492 -0.0129711 0.000161001 -0.00814724 -0.0151492 -0.00814724 0.000117578)
(0.00143196 -0.0129743 -0.0151483 -0.0129743 0.000162017 -0.00814938 -0.0151483 -0.00814938 0.000115974)
(0.00139725 -0.0129668 -0.015161 -0.0129668 0.000163095 -0.00814518 -0.015161 -0.00814518 0.000117806)
(0.00138447 -0.0129593 -0.0151666 -0.0129593 0.000161698 -0.00814051 -0.0151666 -0.00814051 0.000119997)
(0.00141976 -0.0129651 -0.0151533 -0.0129651 0.000160001 -0.0081436 -0.0151533 -0.0081436 0.000119315)
(0.00143771 -0.0129724 -0.0151471 -0.0129724 0.000160879 -0.00814798 -0.0151471 -0.00814798 0.000117166)
(0.00142897 -0.0129726 -0.0151505 -0.0129726 0.000161971 -0.00814833 -0.0151505 -0.00814833 0.000116731)
(0.00138621 -0.012963 -0.0151663 -0.012963 0.000163085 -0.00814292 -0.0151663 -0.00814292 0.000118941)
(0.00138274 -0.0129567 -0.0151693 -0.0129567 0.000161047 -0.00813868 -0.0151693 -0.00813868 0.000121193)
(0.00143016 -0.0129653 -0.0151501 -0.0129653 0.000159019 -0.0081435 -0.0151501 -0.0081435 0.000119717)
(0.00143873 -0.0129736 -0.0151461 -0.0129736 0.000161078 -0.00814873 -0.0151461 -0.00814873 0.000116564)
(0.00142935 -0.0129733 -0.0151497 -0.0129733 0.000162049 -0.00814878 -0.0151497 -0.00814878 0.000116317)
(0.001401 -0.0129649 -0.0151608 -0.0129649 0.000162271 -0.00814395 -0.0151608 -0.00814395 0.000118481)
(0.00138272 -0.0129579 -0.0151685 -0.0129579 0.000161482 -0.00813956 -0.0151685 -0.00813956 0.000120692)
(0.00141598 -0.0129639 -0.015155 -0.0129639 0.000159962 -0.00814286 -0.015155 -0.00814286 0.000119747)
(0.00144139 -0.0129732 -0.0151452 -0.0129732 0.000160727 -0.00814849 -0.0151452 -0.00814849 0.00011665)
(0.00143361 -0.0129739 -0.0151478 -0.0129739 0.000161771 -0.00814911 -0.0151478 -0.00814911 0.000116057)
(0.00139359 -0.0129656 -0.0151625 -0.0129656 0.00016305 -0.00814444 -0.0151625 -0.00814444 0.000118169)
(0.0013838 -0.0129587 -0.0151673 -0.0129587 0.000161612 -0.0081401 -0.0151673 -0.0081401 0.000120219)
(0.00141581 -0.0129627 -0.0151554 -0.0129627 0.000159648 -0.00814216 -0.0151554 -0.00814216 0.000120019)
(0.00143591 -0.0129713 -0.0151475 -0.0129713 0.000160641 -0.00814732 -0.0151475 -0.00814732 0.000117413)
(0.00143706 -0.012974 -0.0151469 -0.012974 0.000161473 -0.00814907 -0.0151469 -0.00814907 0.00011619)
(7.51341e-05 -0.0127977 -0.0154228 -0.0127977 3.65141e-05 -0.00814087 -0.0154228 -0.00814087 7.43442e-05)
(0.000264425 -0.0128401 -0.0154214 -0.0128401 0.00013663 -0.00814724 -0.0154214 -0.00814724 3.91805e-05)
(0.000474962 -0.012855 -0.0154294 -0.012855 0.000126582 -0.00814237 -0.0154294 -0.00814237 3.20764e-05)
(0.000407817 -0.0128539 -0.0154259 -0.0128539 0.000127141 -0.00814341 -0.0154259 -0.00814341 3.41516e-05)
(0.000117615 -0.0128146 -0.0154161 -0.0128146 8.23315e-05 -0.00815208 -0.0154161 -0.00815208 6.87133e-05)
(8.50373e-05 -0.0128019 -0.0154231 -0.0128019 4.76073e-05 -0.00814583 -0.0154231 -0.00814583 6.55349e-05)
(0.000286771 -0.0128428 -0.0154243 -0.0128428 0.000136352 -0.00814666 -0.0154243 -0.00814666 3.55582e-05)
(0.000591085 -0.012859 -0.0154302 -0.012859 0.0001216 -0.00814184 -0.0154302 -0.00814184 3.51245e-05)
(0.000473055 -0.0128562 -0.0154274 -0.0128562 0.000123827 -0.00814265 -0.0154274 -0.00814265 3.33445e-05)
(0.000183076 -0.012828 -0.0154154 -0.012828 0.000123483 -0.00814973 -0.0154154 -0.00814973 4.7371e-05)
(0.00013885 -0.012817 -0.0154199 -0.012817 0.00010696 -0.00815321 -0.0154199 -0.00815321 4.88951e-05)
(0.000406685 -0.0128511 -0.0154307 -0.0128511 0.000131503 -0.00814366 -0.0154307 -0.00814366 3.11668e-05)
(0.000570986 -0.0128592 -0.0154309 -0.0128592 0.000122267 -0.0081422 -0.0154309 -0.0081422 3.41529e-05)
(0.000362121 -0.0128516 -0.0154235 -0.0128516 0.000127902 -0.00814376 -0.0154235 -0.00814376 3.5831e-05)
(0.000104504 -0.0128091 -0.0154175 -0.0128091 6.0406e-05 -0.00814878 -0.0154175 -0.00814878 7.86204e-05)
(6.58179e-05 -0.0127963 -0.0154214 -0.0127963 2.77317e-05 -0.00813233 -0.0154214 -0.00813233 7.69889e-05)
(0.000234732 -0.0128382 -0.0154206 -0.0128382 0.000136723 -0.00814864 -0.0154206 -0.00814864 4.0047e-05)
(0.000606052 -0.0128597 -0.0154313 -0.0128597 0.000120757 -0.00814199 -0.0154313 -0.00814199 3.52404e-05)
(0.00040978 -0.0128554 -0.0154248 -0.0128554 0.000126522 -0.00814339 -0.0154248 -0.00814339 3.58032e-05)
(5.89063e-05 -0.0127989 -0.0154251 -0.0127989 2.77228e-05 -0.00811791 -0.0154251 -0.00811791 8.83447e-05)
(4.21441e-05 -0.0127959 -0.0154269 -0.0127959 2.50197e-05 -0.0081191 -0.0154269 -0.0081191 7.81323e-05)
(0.000284082 -0.0128431 -0.0154221 -0.0128431 0.00013735 -0.00814658 -0.0154221 -0.00814658 3.94254e-05)
(0.000458849 -0.0128557 -0.0154276 -0.0128557 0.000127627 -0.00814267 -0.0154276 -0.00814267 3.42301e-05)
(0.000260205 -0.0128432 -0.0154173 -0.0128432 0.000131032 -0.00814577 -0.0154173 -0.00814577 4.20192e-05)
(7.99526e-05 -0.0127997 -0.0154208 -0.0127997 3.54266e-05 -0.00813908 -0.0154208 -0.00813908 7.85489e-05)
(5.25755e-05 -0.0127941 -0.0154231 -0.0127941 2.42731e-05 -0.00812717 -0.0154231 -0.00812717 7.01992e-05)
(0.000328411 -0.0128486 -0.0154278 -0.0128486 0.000135497 -0.00814561 -0.0154278 -0.00814561 3.29235e-05)
(0.000356684 -0.012853 -0.0154249 -0.012853 0.000132135 -0.00814398 -0.0154249 -0.00814398 3.49529e-05)
(0.000181724 -0.0128328 -0.0154092 -0.0128328 0.00012662 -0.00814866 -0.0154092 -0.00814866 5.584e-05)
(8.031e-05 -0.0127996 -0.0154204 -0.0127996 3.47954e-05 -0.00813861 -0.0154204 -0.00813861 8.18861e-05)
(4.34169e-05 -0.0127944 -0.015425 -0.0127944 2.4252e-05 -0.00812117 -0.015425 -0.00812117 7.5422e-05)
(0.00027207 -0.0128425 -0.0154244 -0.0128425 0.000137211 -0.00814733 -0.0154244 -0.00814733 3.54812e-05)
(0.000480821 -0.0128579 -0.0154284 -0.0128579 0.000127465 -0.00814286 -0.0154284 -0.00814286 3.498e-05)
(0.000130908 -0.0128242 -0.0154077 -0.0128242 0.000102928 -0.00815322 -0.0154077 -0.00815322 7.4441e-05)
(1.55629e-05 -0.0128017 -0.0154362 -0.0128017 3.79543e-05 -0.00810866 -0.0154362 -0.00810866 9.04379e-05)
(8.61402e-05 -0.0128001 -0.0154235 -0.0128001 4.86228e-05 -0.00814755 -0.0154235 -0.00814755 7.18748e-05)
(0.000264471 -0.0128415 -0.0154216 -0.0128415 0.000137563 -0.00814727 -0.0154216 -0.00814727 3.93037e-05)
(0.000340374 -0.0128515 -0.0154247 -0.0128515 0.000133914 -0.00814455 -0.0154247 -0.00814455 3.56974e-05)
(0.000213381 -0.0128412 -0.0154127 -0.0128412 0.000132314 -0.00814733 -0.0154127 -0.00814733 4.89263e-05)
(5.33407e-05 -0.0127965 -0.0154234 -0.0127965 2.64843e-05 -0.00811932 -0.0154234 -0.00811932 8.97641e-05)
(0.000303281 -0.0128599 -0.0153184 -0.0128599 0.000103313 -0.00812297 -0.0153184 -0.00812297 0.000105825)
(-0.000168948 -0.0128416 -0.0154271 -0.0128416 0.000111157 -0.00810522 -0.0154271 -0.00810522 9.15219e-05)
(-3.87003e-05 -0.0128056 -0.0154425 -0.0128056 5.96323e-05 -0.00810287 -0.0154425 -0.00810287 9.20619e-05)
(6.30238e-05 -0.0127937 -0.0154135 -0.0127937 3.20848e-05 -0.00811563 -0.0154135 -0.00811563 0.000102727)
(-0.00015108 -0.0128256 -0.0154608 -0.0128256 0.000103414 -0.00809737 -0.0154608 -0.00809737 8.43803e-05)
(0.000390885 -0.0128614 -0.0153022 -0.0128614 0.000102094 -0.00812653 -0.0153022 -0.00812653 0.000107672)
(-0.000103119 -0.0128469 -0.0154018 -0.0128469 0.000114245 -0.00811101 -0.0154018 -0.00811101 9.59435e-05)
(4.05563e-05 -0.0127932 -0.015419 -0.0127932 2.9671e-05 -0.00811637 -0.015419 -0.00811637 9.38978e-05)
(8.59436e-05 -0.0127962 -0.0154092 -0.0127962 3.04707e-05 -0.00813043 -0.0154092 -0.00813043 0.000108644)
(-0.000145009 -0.0128283 -0.0154532 -0.0128283 0.000105983 -0.00809957 -0.0154532 -0.00809957 8.48051e-05)
(0.000498364 -0.0128657 -0.0152748 -0.0128657 0.000100992 -0.00813194 -0.0152748 -0.00813194 0.000112122)
(-8.48413e-05 -0.0128476 -0.0153989 -0.0128476 0.000115178 -0.00811274 -0.0153989 -0.00811274 9.57199e-05)
(5.12247e-05 -0.0127922 -0.0154151 -0.0127922 2.78922e-05 -0.00811873 -0.0154151 -0.00811873 8.75043e-05)
(9.09828e-05 -0.0127968 -0.0154072 -0.0127968 3.07495e-05 -0.00813236 -0.0154072 -0.00813236 0.000104249)
(-0.000142212 -0.0128256 -0.0154606 -0.0128256 0.000103707 -0.00809732 -0.0154606 -0.00809732 8.37932e-05)
(0.000428363 -0.012862 -0.0152957 -0.012862 9.99283e-05 -0.00812716 -0.0152957 -0.00812716 0.000107369)
(-0.000137746 -0.0128443 -0.0154124 -0.0128443 0.000114117 -0.00810836 -0.0154124 -0.00810836 9.41942e-05)
(1.87667e-05 -0.0127954 -0.0154244 -0.0127954 3.58733e-05 -0.00811136 -0.0154244 -0.00811136 9.06532e-05)
(0.00010284 -0.0127996 -0.0154055 -0.0127996 3.31161e-05 -0.00813594 -0.0154055 -0.00813594 0.000105822)
(-0.000140637 -0.0128223 -0.0154664 -0.0128223 0.000100198 -0.00809549 -0.0154664 -0.00809549 8.47782e-05)
(0.000386919 -0.0128621 -0.0153007 -0.0128621 0.000101971 -0.0081262 -0.0153007 -0.0081262 0.000107516)
(-0.000169809 -0.0128414 -0.0154251 -0.0128414 0.000113 -0.00810562 -0.0154251 -0.00810562 9.19145e-05)
(5.04082e-05 -0.0127935 -0.0154164 -0.0127935 3.05512e-05 -0.00811632 -0.0154164 -0.00811632 9.7541e-05)
(8.21254e-05 -0.0127949 -0.0154094 -0.0127949 2.97842e-05 -0.00812368 -0.0154094 -0.00812368 0.000106943)
(-1.48119e-05 -0.012835 -0.0154262 -0.012835 0.000105895 -0.008104 -0.0154262 -0.008104 8.66001e-05)
(0.000562864 -0.0128691 -0.0152557 -0.0128691 9.86089e-05 -0.00813448 -0.0152557 -0.00813448 0.000113933)
(-6.07101e-05 -0.0128495 -0.0153912 -0.0128495 0.000114397 -0.00811369 -0.0153912 -0.00811369 9.739e-05)
(6.85504e-05 -0.0127933 -0.0154111 -0.0127933 2.8138e-05 -0.00812324 -0.0154111 -0.00812324 9.54233e-05)
(8.79833e-05 -0.0127964 -0.0154085 -0.0127964 3.19063e-05 -0.00813195 -0.0154085 -0.00813195 0.000113934)
(-0.000156804 -0.0128273 -0.0154578 -0.0128273 0.000105758 -0.00809801 -0.0154578 -0.00809801 8.40944e-05)
(0.000520257 -0.0128674 -0.0152674 -0.0128674 9.94268e-05 -0.00813241 -0.0152674 -0.00813241 0.000112373)
(1.83061e-05 -0.0128536 -0.0153686 -0.0128536 0.00011381 -0.00811672 -0.0153686 -0.00811672 0.000101598)
(4.72093e-05 -0.0127946 -0.015418 -0.0127946 3.42039e-05 -0.00811282 -0.015418 -0.00811282 9.46451e-05)
(0.00010331 -0.0127985 -0.0154064 -0.0127985 3.13591e-05 -0.00812942 -0.0154064 -0.00812942 0.000111212)
(-0.000119449 -0.0128323 -0.0154447 -0.0128323 0.000107205 -0.00810012 -0.0154447 -0.00810012 8.49189e-05)
(0.000413157 -0.0128637 -0.0152931 -0.0128637 0.000102861 -0.00812776 -0.0152931 -0.00812776 0.000108734)
(-8.28394e-05 -0.0128457 -0.0154025 -0.0128457 0.000112871 -0.00811004 -0.0154025 -0.00811004 9.5413e-05)
(-5.67986e-05 -0.012809 -0.0154481 -0.012809 7.02672e-05 -0.0081008 -0.0154481 -0.0081008 9.17464e-05)
(8.43595e-05 -0.0127949 -0.0154086 -0.0127949 2.9436e-05 -0.0081226 -0.0154086 -0.0081226 0.00010446)
(-0.000166308 -0.0128261 -0.0154632 -0.0128261 0.000104344 -0.00809636 -0.0154632 -0.00809636 8.38421e-05)
(-0.000147421 -0.0128352 -0.0154383 -0.0128352 0.00010776 -0.00810231 -0.0154383 -0.00810231 8.8225e-05)
(2.88875e-05 -0.0128507 -0.0153745 -0.0128507 0.000109393 -0.00811467 -0.0153745 -0.00811467 0.000100229)
(-0.000162571 -0.0128334 -0.0154406 -0.0128334 0.000110866 -0.00810353 -0.0154406 -0.00810353 8.77421e-05)
(-0.000136254 -0.0128166 -0.0154592 -0.0128166 9.60343e-05 -0.00809892 -0.0154592 -0.00809892 8.76702e-05)
(2.29646e-05 -0.0128047 -0.0154403 -0.0128047 5.84643e-05 -0.00810165 -0.0154403 -0.00810165 0.000100009)
(-0.000171709 -0.0128315 -0.0154502 -0.0128315 0.00010571 -0.00810064 -0.0154502 -0.00810064 8.65636e-05)
(5.1133e-05 -0.012853 -0.0153638 -0.012853 0.000112011 -0.0081174 -0.0153638 -0.0081174 0.000102278)
(-0.000195801 -0.0128304 -0.0154497 -0.0128304 0.000110271 -0.00810234 -0.0154497 -0.00810234 8.65658e-05)
(-3.54282e-05 -0.0128071 -0.015446 -0.0128071 7.01104e-05 -0.00810029 -0.015446 -0.00810029 9.75636e-05)
(-3.91204e-05 -0.0128128 -0.0154578 -0.0128128 8.18689e-05 -0.00809648 -0.0154578 -0.00809648 9.36883e-05)
(0.000130993 -0.012849 -0.0153702 -0.012849 0.000104977 -0.00811502 -0.0153702 -0.00811502 9.82735e-05)
(0.000260393 -0.0128604 -0.0153192 -0.0128604 0.00010763 -0.00812515 -0.0153192 -0.00812515 0.000108385)
(-0.000197773 -0.012828 -0.0154545 -0.012828 0.000107222 -0.00810198 -0.0154545 -0.00810198 8.54941e-05)
(8.09644e-06 -0.0128004 -0.0154324 -0.0128004 5.42065e-05 -0.00810449 -0.0154324 -0.00810449 9.80984e-05)
(5.3674e-05 -0.0128005 -0.0154289 -0.0128005 4.71905e-05 -0.00810612 -0.0154289 -0.00810612 0.000104036)
(-0.000135368 -0.0128327 -0.0154422 -0.0128327 0.000106617 -0.00810164 -0.0154422 -0.00810164 8.7006e-05)
(-2.50076e-05 -0.0128487 -0.0153842 -0.0128487 0.000111495 -0.0081129 -0.0153842 -0.0081129 9.90824e-05)
(-0.000187067 -0.0128332 -0.0154428 -0.0128332 0.000112864 -0.0081037 -0.0154428 -0.0081037 8.75233e-05)
(-5.55266e-05 -0.0128072 -0.0154464 -0.0128072 7.37438e-05 -0.0081007 -0.0154464 -0.0081007 9.51629e-05)
(9.82854e-05 -0.0127992 -0.0154115 -0.0127992 3.17112e-05 -0.00812604 -0.0154115 -0.00812604 0.000114004)
(-0.00019437 -0.0128277 -0.01546 -0.0128277 0.000103967 -0.00809805 -0.01546 -0.00809805 8.58976e-05)
(2.31763e-05 -0.0128506 -0.0153728 -0.0128506 0.000111845 -0.00811516 -0.0153728 -0.00811516 0.00010065)
(-0.000197544 -0.0128252 -0.0154594 -0.0128252 0.000105279 -0.00809959 -0.0154594 -0.00809959 8.61119e-05)
(4.08501e-05 -0.0127993 -0.0154265 -0.0127993 4.65311e-05 -0.0081067 -0.0154265 -0.0081067 0.000103751)
(-8.51221e-07 -0.0128095 -0.0154507 -0.0128095 7.14326e-05 -0.00809808 -0.0154507 -0.00809808 9.84499e-05)
(-0.000141849 -0.0128375 -0.0154318 -0.0128375 0.000108582 -0.00810411 -0.0154318 -0.00810411 8.97104e-05)
(8.49499e-05 -0.0128559 -0.0153523 -0.0128559 0.000112639 -0.00811992 -0.0153523 -0.00811992 0.000104357)
(-0.00013211 -0.0128182 -0.0154598 -0.0128182 8.7047e-05 -0.00809889 -0.0154598 -0.00809889 8.94756e-05)
(4.80105e-05 -0.0127982 -0.0154231 -0.0127982 4.13339e-05 -0.00810964 -0.0154231 -0.00810964 0.000107049)
(6.16564e-05 -0.0128019 -0.0154291 -0.0128019 4.60591e-05 -0.00810681 -0.0154291 -0.00810681 0.00010544)
(-0.000160003 -0.0128343 -0.0154423 -0.0128343 0.000107479 -0.00810222 -0.0154423 -0.00810222 8.76826e-05)
(3.54003e-05 -0.012854 -0.0153634 -0.012854 0.000112227 -0.00811723 -0.0153634 -0.00811723 0.00010287)
(-0.000197231 -0.0128266 -0.0154566 -0.0128266 0.000106629 -0.00810093 -0.0154566 -0.00810093 8.6074e-05)
(8.33595e-05 -0.0127946 -0.0154087 -0.0127946 3.08371e-05 -0.00812151 -0.0154087 -0.00812151 0.000106512)
(7.66371e-05 -0.0128021 -0.0154251 -0.0128021 3.91275e-05 -0.00811251 -0.0154251 -0.00811251 0.000109509)
(1.92796e-06 -0.0128436 -0.0153989 -0.0128436 0.00010718 -0.00810917 -0.0153989 -0.00810917 9.39756e-05)
(0.000127274 -0.0128536 -0.015354 -0.0128536 0.000108902 -0.00811844 -0.015354 -0.00811844 0.000102657)
(-0.000189502 -0.0128294 -0.0154515 -0.0128294 0.000108741 -0.00810177 -0.0154515 -0.00810177 8.63754e-05)
(-2.44337e-06 -0.0128023 -0.0154358 -0.0128023 5.62986e-05 -0.0081038 -0.0154358 -0.0081038 9.80938e-05)
(8.22244e-05 -0.0127992 -0.015418 -0.0127992 3.3329e-05 -0.00811713 -0.015418 -0.00811713 0.000108357)
(2.54803e-06 -0.0128047 -0.015441 -0.0128047 4.79048e-05 -0.00810525 -0.015441 -0.00810525 9.99791e-05)
(-0.000143001 -0.012838 -0.0154259 -0.012838 0.000112132 -0.00810643 -0.0154259 -0.00810643 9.09303e-05)
(-0.000184363 -0.012831 -0.0154475 -0.012831 0.000110163 -0.00810208 -0.0154475 -0.00810208 8.68781e-05)
(-0.000160552 -0.0128191 -0.0154584 -0.0128191 9.85054e-05 -0.00810059 -0.0154584 -0.00810059 8.73559e-05)
(4.55068e-05 -0.0127952 -0.0154206 -0.0127952 3.39702e-05 -0.00811442 -0.0154206 -0.00811442 0.000103108)
(5.91387e-05 -0.0127965 -0.0154221 -0.0127965 2.7868e-05 -0.00812139 -0.0154221 -0.00812139 9.96797e-05)
(-0.000199575 -0.0128284 -0.0154576 -0.0128284 0.000102322 -0.00810101 -0.0154576 -0.00810101 8.59816e-05)
(-0.000178486 -0.0128332 -0.0154403 -0.0128332 0.000113752 -0.00810416 -0.0154403 -0.00810416 8.80492e-05)
(-0.000131335 -0.0128147 -0.0154556 -0.0128147 8.86018e-05 -0.00810048 -0.0154556 -0.00810048 9.10599e-05)
(8.93845e-05 -0.0127969 -0.0154106 -0.0127969 3.04332e-05 -0.00812822 -0.0154106 -0.00812822 0.000111266)
(4.66834e-05 -0.0127992 -0.0154283 -0.0127992 3.2979e-05 -0.00811328 -0.0154283 -0.00811328 9.68377e-05)
(-0.000188972 -0.0128377 -0.0154345 -0.0128377 0.000112171 -0.00810639 -0.0154345 -0.00810639 8.92565e-05)
(-0.000203807 -0.0128302 -0.0154507 -0.0128302 0.000110603 -0.0081021 -0.0154507 -0.0081021 8.67472e-05)
(-0.000116261 -0.0128133 -0.0154534 -0.0128133 8.51565e-05 -0.00810107 -0.0154534 -0.00810107 9.08328e-05)
(8.3247e-05 -0.0127947 -0.015409 -0.0127947 2.89169e-05 -0.00812725 -0.015409 -0.00812725 0.000104097)
(3.86669e-05 -0.0127976 -0.015427 -0.0127976 3.3533e-05 -0.00811405 -0.015427 -0.00811405 0.000103279)
(-0.000206455 -0.0128323 -0.0154482 -0.0128323 0.00010901 -0.00810198 -0.0154482 -0.00810198 8.77254e-05)
(-0.000206299 -0.0128285 -0.015456 -0.0128285 0.000107123 -0.00810043 -0.015456 -0.00810043 8.65603e-05)
(-0.000134178 -0.0128151 -0.0154557 -0.0128151 9.01487e-05 -0.00810065 -0.0154557 -0.00810065 9.00671e-05)
(7.70726e-05 -0.012795 -0.0154119 -0.012795 3.06128e-05 -0.00812492 -0.0154119 -0.00812492 0.000111755)
(3.42358e-05 -0.0127994 -0.0154303 -0.0127994 3.56345e-05 -0.00811266 -0.0154303 -0.00811266 0.000104431)
(-0.000207189 -0.0128323 -0.015448 -0.0128323 0.000109638 -0.00810234 -0.015448 -0.00810234 8.7501e-05)
(-0.000197986 -0.0128292 -0.0154518 -0.0128292 0.00011107 -0.00810126 -0.0154518 -0.00810126 8.64668e-05)
(-8.94504e-05 -0.0128111 -0.0154507 -0.0128111 7.78742e-05 -0.00810051 -0.0154507 -0.00810051 9.54519e-05)
(8.71259e-05 -0.0127976 -0.0154128 -0.0127976 3.09335e-05 -0.00812685 -0.0154128 -0.00812685 0.000113245)
(4.24129e-05 -0.0127978 -0.0154279 -0.0127978 3.06795e-05 -0.00811655 -0.0154279 -0.00811655 0.000101525)
(-0.00021029 -0.0128338 -0.0154463 -0.0128338 0.000110026 -0.00810388 -0.0154463 -0.00810388 8.71873e-05)
(-0.000198171 -0.0128246 -0.0154612 -0.0128246 0.000103482 -0.00809893 -0.0154612 -0.00809893 8.66283e-05)
(-0.000109452 -0.0128134 -0.0154555 -0.0128134 8.37324e-05 -0.00809911 -0.0154555 -0.00809911 9.36677e-05)
(6.84314e-05 -0.0127966 -0.0154173 -0.0127966 3.31703e-05 -0.00811808 -0.0154173 -0.00811808 0.000109931)
(5.52161e-05 -0.0127974 -0.0154239 -0.0127974 2.95905e-05 -0.00811956 -0.0154239 -0.00811956 0.000103488)
(-0.000207706 -0.0128288 -0.0154585 -0.0128288 0.000102962 -0.00809999 -0.0154585 -0.00809999 8.66876e-05)
(-0.000202889 -0.012826 -0.0154597 -0.012826 0.000105409 -0.00809928 -0.0154597 -0.00809928 8.63974e-05)
(-9.22102e-05 -0.0128108 -0.015449 -0.0128108 7.87398e-05 -0.0081012 -0.015449 -0.0081012 9.50679e-05)
(8.22158e-05 -0.0127967 -0.015413 -0.0127967 3.08212e-05 -0.00812394 -0.015413 -0.00812394 0.000111135)
(-4.88697e-05 -0.012813 -0.0154559 -0.012813 6.8151e-05 -0.00809922 -0.0154559 -0.00809922 9.64415e-05)
(-0.000190632 -0.0128345 -0.0154412 -0.0128345 0.000110466 -0.00810338 -0.0154412 -0.00810338 8.86811e-05)
(-0.000205082 -0.0128273 -0.0154574 -0.0128273 0.000106758 -0.00809992 -0.0154574 -0.00809992 8.61778e-05)
(-0.000158948 -0.0128181 -0.0154578 -0.0128181 9.72542e-05 -0.00810067 -0.0154578 -0.00810067 8.81519e-05)
(8.13054e-05 -0.0127954 -0.015411 -0.0127954 2.95729e-05 -0.00812797 -0.015411 -0.00812797 0.00010747)
(4.1697e-05 -0.0127958 -0.0154245 -0.0127958 3.18522e-05 -0.00811549 -0.0154245 -0.00811549 0.000101622)
(-0.000179213 -0.0128239 -0.0154613 -0.0128239 9.82891e-05 -0.00809953 -0.0154613 -0.00809953 8.68903e-05)
(-0.000203298 -0.0128292 -0.0154536 -0.0128292 0.000108368 -0.00810063 -0.0154536 -0.00810063 8.62871e-05)
(-0.000155114 -0.0128167 -0.0154585 -0.0128167 9.10376e-05 -0.00810016 -0.0154585 -0.00810016 8.86561e-05)
(-5.27935e-05 -0.0128036 -0.0154414 -0.0128036 6.05217e-05 -0.00810471 -0.0154414 -0.00810471 9.52629e-05)
(2.91704e-05 -0.0127953 -0.0154267 -0.0127953 3.20877e-05 -0.00811437 -0.0154267 -0.00811437 9.79366e-05)
(-6.03972e-05 -0.0128122 -0.0154541 -0.0128122 6.52182e-05 -0.00810201 -0.0154541 -0.00810201 9.0902e-05)
(-0.000205383 -0.0128275 -0.0154565 -0.0128275 0.00010656 -0.00810056 -0.0154565 -0.00810056 8.61136e-05)
(-0.000178425 -0.0128198 -0.0154593 -0.0128198 0.000100512 -0.00810045 -0.0154593 -0.00810045 8.70168e-05)
(-1.15202e-05 -0.0127982 -0.0154306 -0.0127982 4.91001e-05 -0.00810773 -0.0154306 -0.00810773 0.000101139)
(6.44147e-05 -0.0127946 -0.0154176 -0.0127946 2.68853e-05 -0.00812464 -0.0154176 -0.00812464 9.86356e-05)
(-0.000109598 -0.0128182 -0.0154591 -0.0128182 7.91983e-05 -0.00810177 -0.0154591 -0.00810177 8.69403e-05)
(-0.000206853 -0.0128285 -0.0154549 -0.0128285 0.000107778 -0.00810082 -0.0154549 -0.00810082 8.63934e-05)
(-0.000159317 -0.0128172 -0.0154592 -0.0128172 9.37063e-05 -0.0080996 -0.0154592 -0.0080996 8.87953e-05)
(1.35215e-05 -0.0127955 -0.0154252 -0.0127955 4.22349e-05 -0.00810994 -0.0154252 -0.00810994 9.94101e-05)
(5.93622e-05 -0.012794 -0.0154176 -0.012794 2.79158e-05 -0.00812271 -0.0154176 -0.00812271 0.000102902)
(-0.000157544 -0.0128209 -0.0154627 -0.0128209 8.97013e-05 -0.00809921 -0.0154627 -0.00809921 8.83873e-05)
(-0.000209902 -0.012827 -0.0154597 -0.012827 0.000104584 -0.00809924 -0.0154597 -0.00809924 8.65698e-05)
(-0.000102543 -0.012811 -0.0154517 -0.012811 7.67412e-05 -0.00810101 -0.0154517 -0.00810101 9.30053e-05)
(5.90811e-06 -0.0127973 -0.0154285 -0.0127973 4.61838e-05 -0.0081082 -0.0154285 -0.0081082 0.000103284)
(2.93229e-05 -0.0127977 -0.0154288 -0.0127977 3.6093e-05 -0.0081124 -0.0154288 -0.0081124 0.000103267)
(-0.000129568 -0.0128186 -0.015461 -0.0128186 8.32042e-05 -0.00809978 -0.015461 -0.00809978 8.91107e-05)
(-0.000197517 -0.0128243 -0.0154621 -0.0128243 0.000101137 -0.00809873 -0.0154621 -0.00809873 8.67168e-05)
(-0.000167111 -0.0128179 -0.0154607 -0.0128179 9.69441e-05 -0.00809898 -0.0154607 -0.00809898 8.8654e-05)
(1.2314e-05 -0.0127973 -0.0154277 -0.0127973 4.37427e-05 -0.00810923 -0.0154277 -0.00810923 0.000105156)
(2.22651e-05 -0.0127996 -0.0154331 -0.0127996 3.82783e-05 -0.00811059 -0.0154331 -0.00811059 0.000100945)
(-0.000144739 -0.0128211 -0.0154618 -0.0128211 8.71544e-05 -0.00809995 -0.0154618 -0.00809995 8.81483e-05)
(-0.000199767 -0.0128248 -0.0154613 -0.0128248 0.000103435 -0.00809877 -0.0154613 -0.00809877 8.62671e-05)
(-0.000142555 -0.0128154 -0.0154595 -0.0128154 8.99143e-05 -0.00809853 -0.0154595 -0.00809853 9.09824e-05)
(-4.21754e-05 -0.0128041 -0.0154419 -0.0128041 6.18988e-05 -0.00810329 -0.0154419 -0.00810329 9.96466e-05)
(2.27288e-05 -0.0127993 -0.0154319 -0.0127993 3.86303e-05 -0.00811077 -0.0154319 -0.00811077 0.000103181)
(-0.000158104 -0.0128215 -0.0154637 -0.0128215 8.98862e-05 -0.00809853 -0.0154637 -0.00809853 8.90633e-05)
(-0.000199012 -0.012825 -0.0154622 -0.012825 0.000103001 -0.00809821 -0.0154622 -0.00809821 8.64782e-05)
(-0.000133526 -0.0128143 -0.0154577 -0.0128143 8.90821e-05 -0.00809896 -0.0154577 -0.00809896 9.0957e-05)
(-3.0052e-05 -0.0128019 -0.0154384 -0.0128019 5.93332e-05 -0.00810391 -0.0154384 -0.00810391 9.8503e-05)
(1.37111e-05 -0.012801 -0.0154359 -0.012801 4.24656e-05 -0.00810811 -0.0154359 -0.00810811 9.98351e-05)
(-0.000145857 -0.0128208 -0.0154634 -0.0128208 8.78349e-05 -0.0080987 -0.0154634 -0.0080987 8.95354e-05)
(-0.000191516 -0.0128237 -0.0154636 -0.0128237 9.94434e-05 -0.00809788 -0.0154636 -0.00809788 8.70141e-05)
(-0.000182368 -0.0128215 -0.01546 -0.0128215 0.00010398 -0.00809971 -0.01546 -0.00809971 8.58115e-05)
(-2.90721e-05 -0.0128009 -0.0154361 -0.0128009 5.4479e-05 -0.0081058 -0.0154361 -0.0081058 9.79982e-05)
(5.48946e-06 -0.0127946 -0.015429 -0.0127946 3.73573e-05 -0.00811185 -0.015429 -0.00811185 9.3353e-05)
(-6.48517e-05 -0.0128104 -0.0154526 -0.0128104 6.5996e-05 -0.00810221 -0.0154526 -0.00810221 9.37887e-05)
(-0.00016021 -0.0128208 -0.0154637 -0.0128208 9.14683e-05 -0.00809811 -0.0154637 -0.00809811 8.92008e-05)
(-0.000116176 -0.0128139 -0.0154561 -0.0128139 7.91178e-05 -0.00810028 -0.0154561 -0.00810028 9.08116e-05)
(-5.82786e-05 -0.0128034 -0.0154415 -0.0128034 5.95914e-05 -0.00810646 -0.0154415 -0.00810646 9.05128e-05)
(-3.61297e-05 -0.0128006 -0.0154391 -0.0128006 5.03363e-05 -0.00810795 -0.0154391 -0.00810795 9.12915e-05)
(-4.25563e-05 -0.0128075 -0.0154481 -0.0128075 5.70215e-05 -0.00810439 -0.0154481 -0.00810439 9.28928e-05)
(-8.68508e-05 -0.0128145 -0.0154568 -0.0128145 7.34816e-05 -0.00810031 -0.0154568 -0.00810031 9.19384e-05)
(-0.000145051 -0.0128163 -0.0154586 -0.0128163 8.83092e-05 -0.00809989 -0.0154586 -0.00809989 8.939e-05)
(-0.000107015 -0.01281 -0.0154497 -0.01281 7.90452e-05 -0.0081038 -0.0154497 -0.0081038 9.00618e-05)
(-1.08681e-05 -0.0127975 -0.0154338 -0.0127975 4.41282e-05 -0.00810951 -0.0154338 -0.00810951 9.25012e-05)
(-2.77187e-05 -0.0128062 -0.0154457 -0.0128062 5.25373e-05 -0.00810602 -0.0154457 -0.00810602 9.04626e-05)
(-0.00015378 -0.0128205 -0.0154621 -0.0128205 9.04013e-05 -0.00809914 -0.0154621 -0.00809914 8.88361e-05)
(-0.000151584 -0.0128173 -0.0154609 -0.0128173 9.01373e-05 -0.00809859 -0.0154609 -0.00809859 8.97952e-05)
(-5.00195e-05 -0.0128029 -0.0154401 -0.0128029 6.00841e-05 -0.00810506 -0.0154401 -0.00810506 9.46217e-05)
(2.63903e-05 -0.0127922 -0.0154225 -0.0127922 3.1855e-05 -0.00811503 -0.0154225 -0.00811503 9.53638e-05)
(-4.98438e-05 -0.0128085 -0.0154493 -0.0128085 5.91643e-05 -0.00810359 -0.0154493 -0.00810359 9.3808e-05)
(-0.000182321 -0.0128231 -0.0154639 -0.0128231 9.60357e-05 -0.00809816 -0.0154639 -0.00809816 8.83675e-05)
(-0.000112374 -0.0128133 -0.0154557 -0.0128133 7.88416e-05 -0.00809983 -0.0154557 -0.00809983 9.25101e-05)
(-1.14622e-05 -0.0127974 -0.0154303 -0.0127974 4.78764e-05 -0.00810794 -0.0154303 -0.00810794 9.91012e-05)
(4.67912e-06 -0.0127957 -0.0154298 -0.0127957 3.87044e-05 -0.00811084 -0.0154298 -0.00811084 9.64045e-05)
(-6.22362e-05 -0.0128104 -0.0154516 -0.0128104 6.25581e-05 -0.0081031 -0.0154516 -0.0081031 9.27641e-05)
(-8.24485e-05 -0.0128138 -0.015456 -0.0128138 7.11701e-05 -0.00810019 -0.015456 -0.00810019 9.37706e-05)
(-0.00013059 -0.0128151 -0.0154588 -0.0128151 8.5584e-05 -0.00809871 -0.0154588 -0.00809871 9.19664e-05)
(-4.38851e-05 -0.0128015 -0.0154381 -0.0128015 5.73964e-05 -0.00810536 -0.0154381 -0.00810536 9.6801e-05)
(-1.40669e-05 -0.0127997 -0.0154379 -0.0127997 4.54387e-05 -0.00810846 -0.0154379 -0.00810846 9.21671e-05)
(-7.31023e-05 -0.0128131 -0.0154552 -0.0128131 6.71283e-05 -0.00810197 -0.0154552 -0.00810197 9.28083e-05)
(-0.000138094 -0.0128186 -0.0154623 -0.0128186 8.67969e-05 -0.00809835 -0.0154623 -0.00809835 9.08406e-05)
(-0.00010713 -0.012813 -0.0154565 -0.012813 7.95436e-05 -0.00809904 -0.0154565 -0.00809904 9.37945e-05)
(-5.05806e-05 -0.012803 -0.0154411 -0.012803 6.12216e-05 -0.00810466 -0.0154411 -0.00810466 9.51162e-05)
(-3.35119e-05 -0.0128022 -0.0154413 -0.0128022 5.35404e-05 -0.00810583 -0.0154413 -0.00810583 9.44765e-05)
(-0.000110727 -0.0128159 -0.0154598 -0.0128159 7.70304e-05 -0.0081 -0.0154598 -0.0081 9.19712e-05)
(-0.000171427 -0.0128217 -0.015465 -0.0128217 9.48715e-05 -0.00809759 -0.015465 -0.00809759 8.90352e-05)
(-7.84879e-05 -0.0128109 -0.0154527 -0.0128109 7.38488e-05 -0.00809976 -0.0154527 -0.00809976 9.57476e-05)
(-2.72479e-05 -0.0127999 -0.015436 -0.0127999 5.43425e-05 -0.0081064 -0.015436 -0.0081064 9.38133e-05)
(3.8668e-06 -0.0127965 -0.0154325 -0.0127965 3.78133e-05 -0.0081111 -0.0154325 -0.0081111 9.05091e-05)
(-7.10486e-05 -0.0128118 -0.0154544 -0.0128118 6.55517e-05 -0.0081021 -0.0154544 -0.0081021 9.334e-05)
(-0.000101205 -0.0128162 -0.0154602 -0.0128162 7.75891e-05 -0.00809869 -0.0154602 -0.00809869 9.40497e-05)
(-0.000127302 -0.0128154 -0.0154591 -0.0128154 8.47885e-05 -0.00809876 -0.0154591 -0.00809876 9.11116e-05)
(-8.8875e-05 -0.0128075 -0.0154476 -0.0128075 7.07363e-05 -0.00810404 -0.0154476 -0.00810404 9.06502e-05)
(1.75585e-05 -0.0127914 -0.0154252 -0.0127914 3.07741e-05 -0.00811728 -0.0154252 -0.00811728 8.15305e-05)
(-1.45031e-05 -0.0127999 -0.0154376 -0.0127999 4.43059e-05 -0.00810926 -0.0154376 -0.00810926 8.95089e-05)
(-9.25688e-05 -0.0128142 -0.0154576 -0.0128142 7.17971e-05 -0.00809996 -0.0154576 -0.00809996 9.42546e-05)
(-4.47541e-05 -0.0128079 -0.0154472 -0.0128079 5.8288e-05 -0.00810274 -0.0154472 -0.00810274 9.6476e-05)
(-8.56909e-06 -0.0127973 -0.0154322 -0.0127973 4.22129e-05 -0.0081114 -0.0154322 -0.0081114 8.6539e-05)
(5.41757e-06 -0.0127934 -0.0154285 -0.0127934 3.42058e-05 -0.00811563 -0.0154285 -0.00811563 8.13674e-05)
(-5.71598e-05 -0.0128067 -0.0154476 -0.0128067 5.8466e-05 -0.00810612 -0.0154476 -0.00810612 8.75063e-05)
(-4.37393e-05 -0.0128081 -0.0154484 -0.0128081 5.75902e-05 -0.00810342 -0.0154484 -0.00810342 9.40372e-05)
(-2.41333e-05 -0.0128049 -0.0154421 -0.0128049 5.43704e-05 -0.00810417 -0.0154421 -0.00810417 9.73646e-05)
(-4.36408e-05 -0.0128032 -0.0154409 -0.0128032 5.84487e-05 -0.00810784 -0.0154409 -0.00810784 8.80059e-05)
(-9.20712e-06 -0.0127963 -0.0154336 -0.0127963 4.13112e-05 -0.0081135 -0.0154336 -0.0081135 8.18414e-05)
(-3.31427e-05 -0.0128035 -0.0154434 -0.0128035 5.02935e-05 -0.00810856 -0.0154434 -0.00810856 8.50952e-05)
(-8.18094e-05 -0.0128127 -0.0154554 -0.0128127 6.99992e-05 -0.00810077 -0.0154554 -0.00810077 9.30719e-05)
(-9.55724e-05 -0.012813 -0.015456 -0.012813 7.54895e-05 -0.00809972 -0.015456 -0.00809972 9.34642e-05)
(-4.96828e-05 -0.0128042 -0.0154425 -0.0128042 5.99017e-05 -0.00810577 -0.0154425 -0.00810577 9.09582e-05)
(2.62704e-05 -0.0127903 -0.0154218 -0.0127903 2.91083e-05 -0.00811819 -0.0154218 -0.00811819 8.31752e-05)
(-2.40563e-05 -0.0128015 -0.0154403 -0.0128015 4.75953e-05 -0.00810893 -0.0154403 -0.00810893 8.7025e-05)
(-0.000132551 -0.012818 -0.0154623 -0.012818 8.24204e-05 -0.0080985 -0.0154623 -0.0080985 9.19206e-05)
(-9.69287e-05 -0.0128132 -0.0154559 -0.0128132 7.46103e-05 -0.00809969 -0.0154559 -0.00809969 9.38885e-05)
(-4.50953e-06 -0.0127963 -0.0154295 -0.0127963 4.35084e-05 -0.00811005 -0.0154295 -0.00811005 9.3133e-05)
(2.58699e-05 -0.0127899 -0.0154218 -0.0127899 2.81713e-05 -0.00811881 -0.0154218 -0.00811881 8.27774e-05)
(-3.87446e-05 -0.012804 -0.0154437 -0.012804 5.11189e-05 -0.00810785 -0.0154437 -0.00810785 8.70334e-05)
(-6.16544e-05 -0.01281 -0.0154515 -0.01281 6.22121e-05 -0.00810186 -0.0154515 -0.00810186 9.6442e-05)
(-3.7e-05 -0.0128068 -0.0154455 -0.0128068 5.93546e-05 -0.00810251 -0.0154455 -0.00810251 9.8984e-05)
(-1.50353e-05 -0.012798 -0.0154332 -0.012798 4.70428e-05 -0.00810938 -0.0154332 -0.00810938 9.04757e-05)
(1.7875e-05 -0.0127913 -0.0154275 -0.0127913 2.88474e-05 -0.00811921 -0.0154275 -0.00811921 7.50046e-05)
(-3.59708e-05 -0.0128042 -0.0154441 -0.0128042 4.99013e-05 -0.00810808 -0.0154441 -0.00810808 8.72027e-05)
(-7.93873e-05 -0.0128125 -0.0154555 -0.0128125 6.87245e-05 -0.00810024 -0.0154555 -0.00810024 9.64496e-05)
(-4.52773e-05 -0.0128072 -0.0154469 -0.0128072 6.11434e-05 -0.00810213 -0.0154469 -0.00810213 9.78952e-05)
(-1.39437e-06 -0.0127961 -0.0154307 -0.0127961 4.22441e-05 -0.00811108 -0.0154307 -0.00811108 8.86268e-05)
(1.76691e-05 -0.0127916 -0.0154261 -0.0127916 3.0718e-05 -0.00811725 -0.0154261 -0.00811725 8.00003e-05)
(-3.21455e-05 -0.0128028 -0.0154423 -0.0128028 4.79339e-05 -0.0081079 -0.0154423 -0.0081079 8.92106e-05)
(-0.00011672 -0.0128162 -0.0154619 -0.0128162 7.85522e-05 -0.00809828 -0.0154619 -0.00809828 9.42603e-05)
(-4.4076e-05 -0.0128078 -0.0154478 -0.0128078 6.20451e-05 -0.00810154 -0.0154478 -0.00810154 9.88007e-05)
(1.92576e-05 -0.012793 -0.0154248 -0.012793 3.44545e-05 -0.0081137 -0.0154248 -0.0081137 8.73206e-05)
(2.71536e-05 -0.0127908 -0.0154255 -0.0127908 2.6398e-05 -0.00812029 -0.0154255 -0.00812029 7.36212e-05)
(-3.01398e-05 -0.0128021 -0.0154418 -0.0128021 4.72029e-05 -0.00810866 -0.0154418 -0.00810866 8.74202e-05)
(-9.32164e-05 -0.0128139 -0.0154583 -0.0128139 7.2545e-05 -0.00809948 -0.0154583 -0.00809948 9.58009e-05)
(-2.45587e-05 -0.0128059 -0.0154438 -0.0128059 5.49256e-05 -0.00810347 -0.0154438 -0.00810347 9.8629e-05)
(-2.138e-05 -0.0127995 -0.0154362 -0.0127995 4.75883e-05 -0.00810986 -0.0154362 -0.00810986 8.66505e-05)
(4.12709e-05 -0.012789 -0.0154186 -0.012789 2.44311e-05 -0.00812508 -0.0154186 -0.00812508 7.70979e-05)
(4.03335e-05 -0.01279 -0.0154194 -0.01279 2.47701e-05 -0.00812269 -0.0154194 -0.00812269 8.0456e-05)
(-5.86795e-05 -0.0128082 -0.0154496 -0.0128082 6.03564e-05 -0.00810337 -0.0154496 -0.00810337 9.18142e-05)
(-3.52637e-05 -0.012807 -0.0154466 -0.012807 5.3972e-05 -0.00810352 -0.0154466 -0.00810352 9.84709e-05)
(1.8569e-05 -0.0127934 -0.015425 -0.0127934 3.12285e-05 -0.00811499 -0.015425 -0.00811499 9.14495e-05)
(3.80267e-05 -0.0127893 -0.0154195 -0.0127893 2.4597e-05 -0.00812365 -0.0154195 -0.00812365 7.70745e-05)
(8.298e-06 -0.0127952 -0.0154304 -0.0127952 3.42053e-05 -0.00811396 -0.0154304 -0.00811396 8.29932e-05)
(-7.70988e-05 -0.012811 -0.0154528 -0.012811 6.74074e-05 -0.00810343 -0.0154528 -0.00810343 8.79695e-05)
(-5.63488e-06 -0.0128025 -0.0154386 -0.0128025 4.696e-05 -0.00810615 -0.0154386 -0.00810615 9.91195e-05)
(1.89945e-05 -0.012794 -0.0154259 -0.012794 3.35736e-05 -0.00811377 -0.0154259 -0.00811377 8.92002e-05)
(3.41437e-05 -0.0127895 -0.0154216 -0.0127895 2.48123e-05 -0.00812268 -0.0154216 -0.00812268 7.51195e-05)
(1.48388e-05 -0.0127935 -0.0154288 -0.0127935 3.07329e-05 -0.00811644 -0.0154288 -0.00811644 7.82882e-05)
(-7.49056e-05 -0.0128106 -0.015453 -0.0128106 6.80279e-05 -0.008102 -0.015453 -0.008102 9.06451e-05)
(-4.44622e-05 -0.0128076 -0.0154482 -0.0128076 5.96285e-05 -0.00810225 -0.0154482 -0.00810225 9.6809e-05)
(-2.42992e-05 -0.0128013 -0.0154387 -0.0128013 4.87812e-05 -0.00810786 -0.0154387 -0.00810786 9.00879e-05)
(3.68693e-05 -0.0127892 -0.0154191 -0.0127892 2.53187e-05 -0.00812271 -0.0154191 -0.00812271 7.84631e-05)
(2.53713e-05 -0.0127914 -0.0154247 -0.0127914 2.8205e-05 -0.00811843 -0.0154247 -0.00811843 7.71451e-05)
(-0.000109253 -0.0128147 -0.0154583 -0.0128147 7.66278e-05 -0.00810014 -0.0154583 -0.00810014 9.08409e-05)
(-6.47388e-05 -0.0128106 -0.0154525 -0.0128106 6.42526e-05 -0.00810097 -0.0154525 -0.00810097 9.67665e-05)
(3.74087e-07 -0.0127963 -0.0154299 -0.0127963 3.95094e-05 -0.00811093 -0.0154299 -0.00811093 9.18944e-05)
(3.8247e-05 -0.0127888 -0.0154186 -0.0127888 2.48603e-05 -0.00812395 -0.0154186 -0.00812395 7.72731e-05)
(1.98753e-05 -0.0127921 -0.0154263 -0.0127921 2.83563e-05 -0.00811767 -0.0154263 -0.00811767 7.91176e-05)
(-6.31921e-05 -0.0128087 -0.01545 -0.0128087 6.23072e-05 -0.00810282 -0.01545 -0.00810282 9.26148e-05)
(-9.03938e-06 -0.012803 -0.0154395 -0.012803 4.83765e-05 -0.00810574 -0.0154395 -0.00810574 0.00010132)
(8.24184e-06 -0.0127949 -0.0154282 -0.0127949 3.62505e-05 -0.00811234 -0.0154282 -0.00811234 9.05641e-05)
(3.18761e-05 -0.0127885 -0.0154226 -0.0127885 2.39188e-05 -0.00812498 -0.0154226 -0.00812498 6.86178e-05)
(2.71782e-05 -0.0127903 -0.0154241 -0.0127903 2.51598e-05 -0.0081209 -0.0154241 -0.0081209 7.66412e-05)
(-5.44437e-05 -0.0128082 -0.0154495 -0.0128082 6.10116e-05 -0.0081021 -0.0154495 -0.0081021 9.61319e-05)
(-1.93899e-05 -0.012804 -0.0154417 -0.012804 5.08706e-05 -0.0081048 -0.0154417 -0.0081048 0.000100019)
(2.2788e-05 -0.0127927 -0.0154242 -0.0127927 3.09418e-05 -0.00811558 -0.0154242 -0.00811558 8.86754e-05)
(3.71004e-05 -0.0127887 -0.0154197 -0.0127887 2.41985e-05 -0.00812447 -0.0154197 -0.00812447 7.55997e-05)
(2.6978e-05 -0.01279 -0.0154232 -0.01279 2.53758e-05 -0.00812083 -0.0154232 -0.00812083 7.94027e-05)
(-4.84183e-05 -0.0128084 -0.0154493 -0.0128084 5.89661e-05 -0.00810242 -0.0154493 -0.00810242 9.76634e-05)
(-3.44313e-05 -0.012807 -0.0154468 -0.012807 5.76534e-05 -0.00810246 -0.0154468 -0.00810246 9.93772e-05)
(2.39099e-05 -0.012793 -0.015424 -0.012793 3.13473e-05 -0.00811465 -0.015424 -0.00811465 9.18217e-05)
(3.45562e-05 -0.012789 -0.0154212 -0.012789 2.42683e-05 -0.00812383 -0.0154212 -0.00812383 7.27283e-05)
(2.68734e-05 -0.0127907 -0.0154237 -0.0127907 2.62217e-05 -0.00812012 -0.0154237 -0.00812012 7.87329e-05)
(-6.19463e-05 -0.0128087 -0.0154505 -0.0128087 6.2559e-05 -0.00810202 -0.0154505 -0.00810202 9.5011e-05)
(-1.9614e-05 -0.0128048 -0.0154429 -0.0128048 5.08447e-05 -0.00810457 -0.0154429 -0.00810457 9.95513e-05)
(2.02056e-05 -0.012793 -0.0154254 -0.012793 3.00671e-05 -0.00811575 -0.0154254 -0.00811575 8.78619e-05)
(2.81086e-05 -0.0127898 -0.0154213 -0.0127898 2.64511e-05 -0.00811992 -0.0154213 -0.00811992 8.21266e-05)
(4.537e-05 -0.01279 -0.0154179 -0.01279 2.45868e-05 -0.00812338 -0.0154179 -0.00812338 7.96185e-05)
(-2.38446e-06 -0.0127985 -0.0154357 -0.0127985 4.02729e-05 -0.00811012 -0.0154357 -0.00811012 8.50483e-05)
(-5.27108e-05 -0.0128084 -0.0154498 -0.0128084 5.83741e-05 -0.00810298 -0.0154498 -0.00810298 9.29814e-05)
(1.79909e-05 -0.0127934 -0.015426 -0.0127934 3.02807e-05 -0.00811561 -0.015426 -0.00811561 9.6565e-05)
(2.66114e-05 -0.0127898 -0.0154215 -0.0127898 2.67402e-05 -0.00811947 -0.0154215 -0.00811947 8.20895e-05)
(2.34641e-05 -0.0127928 -0.0154253 -0.0127928 3.05804e-05 -0.00811594 -0.0154253 -0.00811594 8.38715e-05)
(-4.64328e-05 -0.0128067 -0.0154475 -0.0128067 5.85774e-05 -0.00810651 -0.0154475 -0.00810651 8.38153e-05)
(-6.47613e-05 -0.0128097 -0.015452 -0.0128097 6.57577e-05 -0.00810211 -0.015452 -0.00810211 9.12674e-05)
(1.71574e-05 -0.0127945 -0.0154271 -0.0127945 3.29055e-05 -0.00811345 -0.0154271 -0.00811345 9.41483e-05)
(3.2031e-05 -0.0127903 -0.0154214 -0.0127903 2.61402e-05 -0.00812044 -0.0154214 -0.00812044 8.20011e-05)
(2.64729e-05 -0.0127926 -0.0154245 -0.0127926 2.97541e-05 -0.00811687 -0.0154245 -0.00811687 8.26235e-05)
(-4.55512e-05 -0.0128068 -0.0154475 -0.0128068 6.01051e-05 -0.00810519 -0.0154475 -0.00810519 8.66297e-05)
