/*--------------------------------*- C++ -*----------------------------------*\
  =========                 |
  \\      /  F ield         | OpenFOAM: The Open Source CFD Toolbox
   \\    /   O peration     | Website:  https://openfoam.org
    \\  /    A nd           | Version:  10
     \\/     M anipulation  |
\*---------------------------------------------------------------------------*/
FoamFile
{
    format      ascii;
    class       volTensorField;
    location    "10";
    object      TauNN;
}
// * * * * * * * * * * * * * * * * * * * * * * * * * * * * * * * * * * * * * //

dimensions      [0 2 -2 0 0 0 0];

internalField   nonuniform List<tensor> 
25600
(
(0.000574617 -0.00160655 0.00445838 -0.00160655 0.00798413 -0.00211187 0.00445838 -0.00211187 0.00642208)
(-0.00115017 -0.00245093 0.00509648 -0.00245093 0.0088491 -0.00175612 0.00509648 -0.00175612 0.00795353)
(-0.00189401 -0.00266099 0.00577922 -0.00266099 0.00976176 -0.00172202 0.00577922 -0.00172202 0.00810174)
(0.000173472 -0.00352198 0.00569311 -0.00352198 0.00956123 -0.00202147 0.00569311 -0.00202147 0.00892918)
(-0.000260106 -0.00271276 0.00501615 -0.00271276 0.00865631 -0.0024907 0.00501615 -0.0024907 0.00738745)
(-0.00120051 -0.00270545 0.0052202 -0.00270545 0.00896414 -0.00190448 0.0052202 -0.00190448 0.00818807)
(-0.000814993 -0.00240321 0.00496577 -0.00240321 0.00863634 -0.00231565 0.00496577 -0.00231565 0.00731101)
(0.00474389 -0.00242777 0.0030438 -0.00242777 0.00651192 -0.0030163 0.0030438 -0.0030163 0.00508723)
(0.00287649 -0.00330311 0.00258897 -0.00330311 0.00665783 -0.00331292 0.00258897 -0.00331292 0.00514528)
(-0.00138572 -0.00230885 0.0057226 -0.00230885 0.00950189 -0.00169401 0.0057226 -0.00169401 0.00734515)
(-0.00120687 -0.0027161 0.00522115 -0.0027161 0.00886381 -0.00161844 0.00522115 -0.00161844 0.00830535)
(0.0125174 0.00321664 0.00351999 0.00321664 0.00448504 -1.30208e-05 0.00351999 -1.30208e-05 0.0015019)
(-1.70807e-07 -0.00277585 0.00628273 -0.00277585 0.0101791 -0.00216261 0.00628273 -0.00216261 0.00862774)
(0.00157134 -0.003546 0.00580286 -0.003546 0.0098956 -0.00186509 0.00580286 -0.00186509 0.00987537)
(0.0013243 -0.0030144 0.00536878 -0.0030144 0.0092811 -0.00244337 0.00536878 -0.00244337 0.00834962)
(0.000493429 -0.00270034 0.00502101 -0.00270034 0.00853573 -0.00259716 0.00502101 -0.00259716 0.00717619)
(0.000506263 -0.00225642 0.00454385 -0.00225642 0.00816942 -0.00246383 0.00454385 -0.00246383 0.00665804)
(0.00272731 -0.00283831 0.00359066 -0.00283831 0.00727949 -0.00303137 0.00359066 -0.00303137 0.00563376)
(0.000692458 -0.000981926 0.0038452 -0.000981926 0.00859551 -0.00108271 0.0038452 -0.00108271 0.00421155)
(0.000155317 -0.0029067 0.00598493 -0.0029067 0.00991174 -0.00193987 0.00598493 -0.00193987 0.00835232)
(-0.000120056 -0.00351879 0.00622407 -0.00351879 0.0100052 -0.00206409 0.00622407 -0.00206409 0.00911694)
(2.30521e-05 -0.00284415 0.00517171 -0.00284415 0.00911909 -0.00241446 0.00517171 -0.00241446 0.00792512)
(0.000480563 -0.00316924 0.00540809 -0.00316924 0.00943389 -0.00206363 0.00540809 -0.00206363 0.00880937)
(0.00101867 -0.00360194 0.00578312 -0.00360194 0.0097441 -0.0018813 0.00578312 -0.0018813 0.00952429)
(0.000593034 -0.00282241 0.00514413 -0.00282241 0.00886562 -0.00259702 0.00514413 -0.00259702 0.0075224)
(6.80986e-06 -0.00239747 0.00471618 -0.00239747 0.00828823 -0.00243144 0.00471618 -0.00243144 0.00698243)
(-0.00169306 -0.00296696 0.00558824 -0.00296696 0.00945224 -0.00146817 0.00558824 -0.00146817 0.00846545)
(-0.00131838 -0.00241486 0.00559901 -0.00241486 0.00987587 -0.00173853 0.00559901 -0.00173853 0.00806055)
(-0.00025672 -0.00353298 0.00588548 -0.00353298 0.00981903 -0.0018007 0.00588548 -0.0018007 0.0092687)
(0.00059825 -0.00296973 0.00529828 -0.00296973 0.00918587 -0.00239361 0.00529828 -0.00239361 0.00819414)
(-0.00097246 -0.00277008 0.0052772 -0.00277008 0.00890984 -0.0019519 0.0052772 -0.0019519 0.00821774)
(-0.00143114 -0.00251046 0.00512275 -0.00251046 0.00892014 -0.00160562 0.00512275 -0.00160562 0.00832263)
(-0.00116531 -0.00154567 0.00476227 -0.00154567 0.00860843 -0.00172107 0.00476227 -0.00172107 0.00721709)
(-0.000337959 -0.00338102 0.0055264 -0.00338102 0.00952096 -0.00171597 0.0055264 -0.00171597 0.00911719)
(0.000808394 -0.00299046 0.00528038 -0.00299046 0.00926014 -0.00241104 0.00528038 -0.00241104 0.00823247)
(0.000147573 -0.00295564 0.00528554 -0.00295564 0.00914181 -0.0023367 0.00528554 -0.0023367 0.00815385)
(-0.000315495 -0.00289897 0.00525538 -0.00289897 0.00900008 -0.0023607 0.00525538 -0.0023607 0.00791874)
(-0.000259321 -0.00274559 0.00474267 -0.00274559 0.0085005 -0.00246658 0.00474267 -0.00246658 0.00730273)
(-0.000853923 -0.0027452 0.0050862 -0.0027452 0.00880074 -0.00224274 0.0050862 -0.00224274 0.00764829)
(-0.000875674 -0.00250944 0.00501383 -0.00250944 0.00866932 -0.00229568 0.00501383 -0.00229568 0.00743587)
(-0.000414821 -0.000504609 0.00603999 -0.000504609 0.00851846 -0.00240848 0.00603999 -0.00240848 0.00739883)
(0.00726218 -0.000219644 0.00618538 -0.000219644 0.00794668 -0.00172928 0.00618538 -0.00172928 0.0100153)
(0.00347727 -0.00112932 0.00389952 -0.00112932 0.00933854 -0.001342 0.00389952 -0.001342 0.00706801)
(0.00068239 -0.00240549 0.00576306 -0.00240549 0.00953437 -0.00225487 0.00576306 -0.00225487 0.0074509)
(7.40101e-05 -0.000860558 0.00620468 -0.000860558 0.00825931 -0.00252076 0.00620468 -0.00252076 0.00708304)
(0.000401691 -0.00021976 0.00513359 -0.00021976 0.00861083 -0.00173303 0.00513359 -0.00173303 0.00628754)
(-0.000324683 -0.000673083 0.00589949 -0.000673083 0.00862744 -0.00232289 0.00589949 -0.00232289 0.00731901)
(0.00252709 4.19728e-05 0.00414388 4.19728e-05 0.00576779 -0.0038499 0.00414388 -0.0038499 0.00573979)
(0.0140157 0.00181023 0.00671429 0.00181023 0.00274364 -0.00193691 0.00671429 -0.00193691 0.00622629)
(0.00514106 0.000720209 0.00473051 0.000720209 0.00791368 -0.00107333 0.00473051 -0.00107333 0.00489116)
(-0.000612468 -0.00200009 0.00573824 -0.00200009 0.00889748 -0.00204023 0.00573824 -0.00204023 0.00730423)
(0.0118112 -0.000832727 0.00281863 -0.000832727 0.0083167 0.000461371 0.00281863 0.000461371 0.00505543)
(0.0146 -0.000953158 0.00345842 -0.000953158 0.00952087 -0.000818007 0.00345842 -0.000818007 0.00534282)
(0.0099657 -0.00331619 0.00498917 -0.00331619 0.0103631 -0.00257031 0.00498917 -0.00257031 0.00821764)
(0.00692463 -0.00369501 0.0055075 -0.00369501 0.0098093 -0.00259576 0.0055075 -0.00259576 0.00873181)
(0.00322352 -0.00283653 0.00512507 -0.00283653 0.00869974 -0.0027755 0.00512507 -0.0027755 0.00764241)
(0.00139131 -0.00264617 0.00465522 -0.00264617 0.00877036 -0.00285514 0.00465522 -0.00285514 0.00716815)
(0.00326579 0.000289549 0.00419077 0.000289549 0.00454403 -0.00400896 0.00419077 -0.00400896 0.00617671)
(0.00740678 0.0014018 0.00488408 0.0014018 0.00832847 -0.0011418 0.00488408 -0.0011418 0.00593125)
(0.00878012 -0.00124147 0.00415433 -0.00124147 0.00930887 -0.000763189 0.00415433 -0.000763189 0.00691143)
(0.00279785 -0.00232174 0.00550225 -0.00232174 0.00971355 -0.00215336 0.00550225 -0.00215336 0.00739983)
(-1.17451e-05 -0.00212314 0.00600263 -0.00212314 0.00914001 -0.00220348 0.00600263 -0.00220348 0.00714137)
(0.00074571 -0.00271405 0.00525679 -0.00271405 0.00961614 -0.00218076 0.00525679 -0.00218076 0.00801841)
(0.0026693 -0.00232562 0.00528342 -0.00232562 0.0100175 -0.00202438 0.00528342 -0.00202438 0.00758777)
(0.00273438 -0.00332236 0.00530355 -0.00332236 0.00946065 -0.00270812 0.00530355 -0.00270812 0.00797869)
(-0.0002515 -0.00199052 0.00574059 -0.00199052 0.0087075 -0.00279133 0.00574059 -0.00279133 0.00811703)
(0.00558003 0.000441195 0.00486719 0.000441195 0.00879186 -0.00144437 0.00486719 -0.00144437 0.00632003)
(0.00947439 0.000269169 0.00275214 0.000269169 0.00899838 -0.000630676 0.00275214 -0.000630676 0.00470222)
(0.0124882 0.000403704 0.00394084 0.000403704 0.0088952 -0.000884749 0.00394084 -0.000884749 0.00519099)
(0.00244388 -0.00374418 0.00625833 -0.00374418 0.00972687 -0.00230662 0.00625833 -0.00230662 0.00914512)
(0.00150777 -0.00370416 0.00537268 -0.00370416 0.0092303 -0.00220649 0.00537268 -0.00220649 0.00921851)
(-0.00163376 -0.00105756 0.00529833 -0.00105756 0.00910649 -0.00212731 0.00529833 -0.00212731 0.00802808)
(0.00165781 -0.00140125 0.00402731 -0.00140125 0.00895769 -0.00121871 0.00402731 -0.00121871 0.00821843)
(0.000662878 -0.00201324 0.00494887 -0.00201324 0.00956013 -0.00149927 0.00494887 -0.00149927 0.00787096)
(0.00108253 -0.00373845 0.00418755 -0.00373845 0.00968531 -0.00282515 0.00418755 -0.00282515 0.00747482)
(0.00107425 -0.00321742 0.00510546 -0.00321742 0.0094427 -0.00263064 0.00510546 -0.00263064 0.00782845)
(0.00129732 -0.00167839 0.00611857 -0.00167839 0.00853383 -0.00279012 0.00611857 -0.00279012 0.0078206)
(0.0044743 0.000507843 0.00684222 0.000507843 0.00686326 -0.00263857 0.00684222 -0.00263857 0.0074551)
(0.0034819 0.00127194 0.00635734 0.00127194 0.00715634 -0.00184063 0.00635734 -0.00184063 0.00615452)
(0.00116354 0.000274148 0.00595161 0.000274148 0.00756744 -0.00205538 0.00595161 -0.00205538 0.0059322)
(0.0029754 -0.0018077 0.00483262 -0.0018077 0.00981983 -0.00210499 0.00483262 -0.00210499 0.00602382)
(0.00782634 0.000146963 0.00395533 0.000146963 0.00805114 -0.000409547 0.00395533 -0.000409547 0.00449797)
(0.00922187 0.00168215 0.00453818 0.00168215 0.0073384 -4.61377e-05 0.00453818 -4.61377e-05 0.00668417)
(0.00935152 -0.00470441 0.00518422 -0.00470441 0.00998029 -0.00212083 0.00518422 -0.00212083 0.00795112)
(0.00460685 -0.00305211 0.00541062 -0.00305211 0.0104691 -0.00224031 0.00541062 -0.00224031 0.00694965)
(0.0117051 -0.00220297 0.00383228 -0.00220297 0.0102595 -0.00124225 0.00383228 -0.00124225 0.0047302)
(0.00824042 -0.00290115 0.00457115 -0.00290115 0.0105814 -0.00187829 0.00457115 -0.00187829 0.00649308)
(0.00247511 -0.00254885 0.00468588 -0.00254885 0.00999917 -0.00303906 0.00468588 -0.00303906 0.00632946)
(0.00630298 -0.000108829 0.00284318 -0.000108829 0.00844839 -0.00078318 0.00284318 -0.00078318 0.00220847)
(0.0171593 -0.00236233 0.00318933 -0.00236233 0.0102932 -0.000730984 0.00318933 -0.000730984 0.00264463)
(0.0042266 -0.00384678 0.00656904 -0.00384678 0.0106877 -0.00221621 0.00656904 -0.00221621 0.00927517)
(0.0131957 0.00228115 0.00374297 0.00228115 0.00664593 0.00151339 0.00374297 0.00151339 0.0068019)
(0.00865688 -0.00479373 -0.00382974 -0.00479373 0.011665 -0.00300369 -0.00382974 -0.00300369 0.00927591)
(0.0111059 -0.00521077 -0.00567203 -0.00521077 0.011594 -0.00096386 -0.00567203 -0.00096386 0.011192)
(0.0110284 -0.00155065 0.00286241 -0.00155065 0.00928332 -0.00136165 0.00286241 -0.00136165 0.00389431)
(0.0050873 -0.00397025 0.00616355 -0.00397025 0.0107696 -0.0026585 0.00616355 -0.0026585 0.00838582)
(0.00144615 -0.00367649 0.00570011 -0.00367649 0.00976566 -0.0020157 0.00570011 -0.0020157 0.00851256)
(0.00582101 -0.00347536 0.0042045 -0.00347536 0.0100821 -0.0025374 0.0042045 -0.0025374 0.00518892)
(0.00944127 -0.00140924 0.00272573 -0.00140924 0.00932407 0.00034468 0.00272573 0.00034468 0.00477927)
(0.0064431 -0.00390709 -0.000611603 -0.00390709 0.00978153 0.000769135 -0.000611603 0.000769135 0.00997147)
(0.00633766 -0.00107204 0.00292868 -0.00107204 0.00704884 0.000744273 0.00292868 0.000744273 0.00441383)
(0.00960195 -0.00305971 0.00457738 -0.00305971 0.0104211 -0.00197064 0.00457738 -0.00197064 0.00580809)
(0.00735751 -0.00347762 0.00442071 -0.00347762 0.00922218 -0.00215426 0.00442071 -0.00215426 0.00623523)
(0.00595004 -0.00107709 0.000811629 -0.00107709 0.00629489 -0.00134977 0.000811629 -0.00134977 0.0026147)
(0.012199 -0.00640621 0.00407471 -0.00640621 0.0107926 -0.00429905 0.00407471 -0.00429905 0.00698568)
(0.00129061 -0.00392944 0.0062089 -0.00392944 0.0101261 -0.00230006 0.0062089 -0.00230006 0.00854657)
(0.0141045 -0.00565263 0.00134869 -0.00565263 0.0101968 -0.000112533 0.00134869 -0.000112533 0.00755927)
(0.0165367 -0.00217823 0.00164812 -0.00217823 0.00926458 8.79252e-05 0.00164812 8.79252e-05 0.0136886)
(0.0159594 -0.00123832 -0.00152388 -0.00123832 0.0112284 -0.00111392 -0.00152388 -0.00111392 0.00783733)
(0.00961753 -0.00609592 0.00486037 -0.00609592 0.0106117 -0.00321167 0.00486037 -0.00321167 0.00765073)
(0.0085191 -0.00407941 0.00586056 -0.00407941 0.0103649 -0.00215601 0.00586056 -0.00215601 0.00950003)
(0.00536137 -0.0025881 0.00466124 -0.0025881 0.00947187 -0.000126147 0.00466124 -0.000126147 0.00899345)
(0.0052026 -0.00160022 0.0043695 -0.00160022 0.00902552 0.000106805 0.0043695 0.000106805 0.007597)
(0.0112002 -0.00165621 0.00496465 -0.00165621 0.00896653 -0.000560099 0.00496465 -0.000560099 0.00744893)
(0.0118612 -0.00640944 0.000371169 -0.00640944 0.00980166 -0.00466706 0.000371169 -0.00466706 0.00900769)
(0.00992434 -0.00642457 0.00173778 -0.00642457 0.0108755 -0.00456857 0.00173778 -0.00456857 0.00550313)
(0.010971 -0.00556039 0.0019143 -0.00556039 0.010365 -0.00405097 0.0019143 -0.00405097 0.00492452)
(0.00498424 -0.00322686 0.00513229 -0.00322686 0.00992344 -0.00145497 0.00513229 -0.00145497 0.00658645)
(0.00891344 -0.00142632 0.00364129 -0.00142632 0.00957575 -0.00120904 0.00364129 -0.00120904 0.00297823)
(0.00486254 -0.000691489 0.00383969 -0.000691489 0.00887927 -0.00186475 0.00383969 -0.00186475 0.00389558)
(0.0104983 -0.000352759 0.00698769 -0.000352759 0.00841411 -0.00233155 0.00698769 -0.00233155 0.00726836)
(0.00630098 -0.000215155 0.00645347 -0.000215155 0.00854625 -0.0022931 0.00645347 -0.0022931 0.00887352)
(0.0185444 -0.00203136 0.00164059 -0.00203136 0.00917596 0.000151061 0.00164059 0.000151061 0.00748523)
(0.0115711 -0.00136038 -0.00107633 -0.00136038 0.00702435 -0.00126378 -0.00107633 -0.00126378 0.00244971)
(0.0114075 -0.00266024 0.00497132 -0.00266024 0.0093313 -0.00225974 0.00497132 -0.00225974 0.00827269)
(0.0209912 -0.00110045 0.0050413 -0.00110045 0.00892881 -0.00154285 0.0050413 -0.00154285 0.00779752)
(0.0132388 -0.00148757 0.00467893 -0.00148757 0.0095028 -0.00234621 0.00467893 -0.00234621 0.00610309)
(0.013012 -0.00131525 0.00461121 -0.00131525 0.00926197 -0.00287584 0.00461121 -0.00287584 0.00599146)
(0.00932603 -0.00097584 0.00663957 -0.00097584 0.00836988 -0.00202018 0.00663957 -0.00202018 0.0105465)
(0.0139566 -0.00485232 -0.006206 -0.00485232 0.0111639 -0.00288952 -0.006206 -0.00288952 0.00843874)
(0.0224691 -0.0069297 0.00292529 -0.0069297 0.0104582 -0.00323405 0.00292529 -0.00323405 0.00782771)
(0.0136642 -0.00304442 0.000232203 -0.00304442 0.00901066 0.00068397 0.000232203 0.00068397 0.00953503)
(0.0151624 -0.000106821 0.000945983 -0.000106821 0.0109599 -0.00270174 0.000945983 -0.00270174 0.00844952)
(0.0120734 -0.000140841 -0.000389339 -0.000140841 0.00708756 0.00220918 -0.000389339 0.00220918 0.00639156)
(0.0137412 -0.00217118 0.00272717 -0.00217118 0.0080261 -0.00106351 0.00272717 -0.00106351 0.00793075)
(0.0166734 -0.00258572 0.00496243 -0.00258572 0.009353 -0.00260192 0.00496243 -0.00260192 0.0074325)
(0.0129725 -0.00466171 0.00351906 -0.00466171 0.0103276 -0.00271788 0.00351906 -0.00271788 0.00798684)
(0.0186496 -0.0037204 0.00151655 -0.0037204 0.00954721 -0.00253167 0.00151655 -0.00253167 0.00897961)
(0.0129839 -0.00114063 0.00339902 -0.00114063 0.00858988 -0.000126817 0.00339902 -0.000126817 0.00680977)
(0.0198145 -0.00200616 -0.00292303 -0.00200616 0.00787396 0.00361498 -0.00292303 0.00361498 0.00947598)
(0.0140659 -0.00233876 0.00262666 -0.00233876 0.00891958 -0.00138718 0.00262666 -0.00138718 0.00918916)
(0.01084 -0.00293078 0.0025729 -0.00293078 0.00824361 -0.00219526 0.0025729 -0.00219526 0.00731303)
(0.0142538 -0.002485 0.00127289 -0.002485 0.00767933 -0.00212059 0.00127289 -0.00212059 0.00845653)
(0.0165994 -0.0033375 -0.00400738 -0.0033375 0.0108797 -0.000894232 -0.00400738 -0.000894232 0.0091483)
(0.00868393 -0.00191934 -0.00017204 -0.00191934 0.00827001 -0.00223524 -0.00017204 -0.00223524 0.00505997)
(0.0188376 -0.00663109 0.000776608 -0.00663109 0.010208 -0.00398542 0.000776608 -0.00398542 0.0044698)
(0.0121805 -0.00213961 0.00147648 -0.00213961 0.00568827 -0.000578721 0.00147648 -0.000578721 0.00333699)
(0.0180675 0.00122174 0.00159776 0.00122174 0.0110633 -0.00355975 0.00159776 -0.00355975 0.00838852)
(0.0174089 0.0011038 0.00290863 0.0011038 0.0105173 -0.00123564 0.00290863 -0.00123564 0.00632637)
(0.0126638 0.00236313 0.00295869 0.00236313 0.00876157 0.000658448 0.00295869 0.000658448 0.00402887)
(0.0161356 -0.00467221 0.00267202 -0.00467221 0.00943979 -0.00329112 0.00267202 -0.00329112 0.00646769)
(0.0150007 -0.00359319 0.00423077 -0.00359319 0.00976756 -0.00191819 0.00423077 -0.00191819 0.0089836)
(0.0103766 -0.00174977 0.00437429 -0.00174977 0.00993392 -0.0019634 0.00437429 -0.0019634 0.00670287)
(0.0164048 -0.000571578 0.00516739 -0.000571578 0.00815542 -0.00118829 0.00516739 -0.00118829 0.011463)
(0.0183759 -0.00374345 0.000947891 -0.00374345 0.00862367 -0.00244917 0.000947891 -0.00244917 0.0074033)
(0.0165024 -0.00495325 0.000386477 -0.00495325 0.00912309 -0.00281325 0.000386477 -0.00281325 0.00615639)
(0.0187746 -0.00355451 0.000361139 -0.00355451 0.00882356 -0.00224817 0.000361139 -0.00224817 0.00864342)
(0.0159334 -0.0032852 0.00117337 -0.0032852 0.00951193 -0.00250952 0.00117337 -0.00250952 0.00912977)
(0.0131348 -6.12754e-05 0.00344746 -6.12754e-05 0.0070604 -0.00135869 0.00344746 -0.00135869 0.00794716)
(0.0125886 -0.000942683 0.00626595 -0.000942683 0.00873902 -0.00174278 0.00626595 -0.00174278 0.00773671)
(0.00908963 -0.00472693 0.00313247 -0.00472693 0.00935316 -0.00261746 0.00313247 -0.00261746 0.00566983)
(0.00951393 -0.000871907 0.00372551 -0.000871907 0.00941582 -0.00156784 0.00372551 -0.00156784 0.00368442)
(0.0149028 -0.000648034 0.00112348 -0.000648034 0.00894607 -2.18479e-05 0.00112348 -2.18479e-05 0.004661)
(0.00938134 -0.00164682 0.00122636 -0.00164682 0.00854465 -0.000847774 0.00122636 -0.000847774 0.00377101)
(0.0117109 -0.00187369 0.00314767 -0.00187369 0.00814163 -0.000246965 0.00314767 -0.000246965 0.00687428)
(0.0118144 9.01707e-05 0.00377604 9.01707e-05 0.00733321 0.000334854 0.00377604 0.000334854 0.00712629)
(0.0117268 -0.0053774 0.00353342 -0.0053774 0.010261 -0.00319299 0.00353342 -0.00319299 0.00640376)
(0.021816 -0.00167997 0.00401331 -0.00167997 0.00915085 -0.00218527 0.00401331 -0.00218527 0.00560704)
(0.00642596 -0.000686908 -0.000748488 -0.000686908 0.00731475 0.00261421 -0.000748488 0.00261421 0.00467251)
(0.0134938 -0.00487428 -0.00626593 -0.00487428 0.0118677 -0.00350035 -0.00626593 -0.00350035 0.00900175)
(0.00648579 -0.00119621 0.00278087 -0.00119621 0.00700487 0.000407346 0.00278087 0.000407346 0.006734)
(0.021994 -0.0030046 0.000773802 -0.0030046 0.0094525 0.00140776 0.000773802 0.00140776 0.00707993)
(0.0130448 -0.00319993 0.00326222 -0.00319993 0.0100104 -0.00140771 0.00326222 -0.00140771 0.00942964)
(0.0161665 -0.00036934 0.00383294 -0.00036934 0.00928204 -0.00100781 0.00383294 -0.00100781 0.0021556)
(0.011182 -0.00170873 0.00366329 -0.00170873 0.00807257 -0.000286881 0.00366329 -0.000286881 0.00764716)
(0.0140052 -0.00330324 0.00227624 -0.00330324 0.00937269 -0.00171164 0.00227624 -0.00171164 0.00483488)
(0.0192787 -0.00491194 0.00223603 -0.00491194 0.0100172 -0.00418945 0.00223603 -0.00418945 0.00541321)
(0.0173277 -0.00405108 0.00231779 -0.00405108 0.00999407 -0.00182122 0.00231779 -0.00182122 0.00534071)
(0.0184815 -0.00110747 0.000644345 -0.00110747 0.00821882 0.00277061 0.000644345 0.00277061 0.00625755)
(0.0212386 -0.000900473 0.00257063 -0.000900473 0.00935211 0.000155531 0.00257063 0.000155531 0.00299137)
(0.0148165 -0.00357632 0.00281981 -0.00357632 0.00946364 -0.00082729 0.00281981 -0.00082729 0.00641087)
(0.0130939 -0.00340807 0.000357216 -0.00340807 0.00803776 -0.00135881 0.000357216 -0.00135881 0.00679526)
(0.00169947 -0.00376358 0.00229377 -0.00376358 0.00810863 -0.00339589 0.00229377 -0.00339589 0.00489383)
(0.00984223 -0.00180553 0.00306126 -0.00180553 0.00798609 -0.000131857 0.00306126 -0.000131857 0.00476736)
(0.0100311 -0.00191933 0.00263897 -0.00191933 0.00848137 -0.00213399 0.00263897 -0.00213399 0.00666395)
(0.01217 -0.00721966 0.00135254 -0.00721966 0.0102619 -0.00388788 0.00135254 -0.00388788 0.00511966)
(0.013685 -0.00272092 0.00471208 -0.00272092 0.00923293 -0.00149938 0.00471208 -0.00149938 0.00835931)
(0.0167199 0.00102282 0.00172957 0.00102282 0.00619679 0.00370096 0.00172957 0.00370096 0.00938464)
(0.0159191 -0.00345667 0.00355093 -0.00345667 0.00993791 -0.000927247 0.00355093 -0.000927247 0.00582222)
(0.00877514 -0.00329977 0.000600088 -0.00329977 0.010317 0.000561417 0.000600088 0.000561417 0.00372479)
(0.00586213 -0.000683288 0.00103394 -0.000683288 0.00781587 -0.00157986 0.00103394 -0.00157986 0.00227962)
(0.0142644 -0.00444467 0.00245022 -0.00444467 0.00961091 -0.001113 0.00245022 -0.001113 0.00664332)
(0.0164781 -0.002913 0.00239 -0.002913 0.00911669 -0.00015651 0.00239 -0.00015651 0.00516736)
(0.0149575 0.000969701 0.00454107 0.000969701 0.00779451 -0.000899056 0.00454107 -0.000899056 0.00563236)
(0.0114611 -0.00629985 -0.00168979 -0.00629985 0.00913864 -0.0033009 -0.00168979 -0.0033009 0.00480495)
(0.0113606 -0.00545212 0.00111776 -0.00545212 0.0094248 -0.00341662 0.00111776 -0.00341662 0.00522092)
(0.0114573 -0.00598665 0.00238378 -0.00598665 0.0102576 -0.00378271 0.00238378 -0.00378271 0.00515714)
(0.00923454 -0.00541533 -0.000178725 -0.00541533 0.011116 0.000678884 -0.000178725 0.000678884 0.00608064)
(0.0147497 0.00301172 0.00449624 0.00301172 0.00638247 0.00173812 0.00449624 0.00173812 0.00599674)
(0.0167462 -0.00371853 0.00135111 -0.00371853 0.00914298 -0.000233743 0.00135111 -0.000233743 0.00417475)
(0.0135978 -0.00320428 -0.000816458 -0.00320428 0.0104001 -0.00154073 -0.000816458 -0.00154073 0.00891043)
(0.0156731 0.000344434 0.0060236 0.000344434 0.00827901 -0.0012613 0.0060236 -0.0012613 0.00871544)
(0.0118793 0.000258028 -0.000868808 0.000258028 0.00584462 0.00364229 -0.000868808 0.00364229 0.0103217)
(0.0137299 0.000776513 0.00136669 0.000776513 0.00710296 0.000668242 0.00136669 0.000668242 0.00614469)
(0.0171835 -0.00281768 -0.000694693 -0.00281768 0.00650158 0.000969962 -0.000694693 0.000969962 0.00951732)
(0.0141552 -6.59339e-05 0.000751108 -6.59339e-05 0.00654636 0.000694591 0.000751108 0.000694591 0.00656661)
(0.0119984 -0.000274847 -0.000356318 -0.000274847 0.0075902 -0.00232195 -0.000356318 -0.00232195 0.00491961)
(0.0184149 -0.00208433 -0.00133511 -0.00208433 0.00649312 0.000693836 -0.00133511 0.000693836 0.00460661)
(0.0189388 -0.00383957 0.00212457 -0.00383957 0.0112856 0.000519658 0.00212457 0.000519658 0.00895106)
(0.0190566 -0.00186863 0.00549268 -0.00186863 0.00816646 -0.000710172 0.00549268 -0.000710172 0.00365447)
(0.0130057 -0.0017105 0.00396555 -0.0017105 0.00875723 -0.00115876 0.00396555 -0.00115876 0.00853919)
(0.0184582 -0.00106438 0.00373206 -0.00106438 0.00899278 -0.000858478 0.00373206 -0.000858478 0.00675318)
(0.0144929 0.0029443 0.00407394 0.0029443 0.00708384 1.02445e-08 0.00407394 1.02445e-08 0.00678013)
(0.0107253 -0.00128516 0.00374345 -0.00128516 0.0084972 -0.00121734 0.00374345 -0.00121734 0.00760749)
(0.00612845 -0.000902376 -0.000983327 -0.000902376 0.00407419 0.00146887 -0.000983327 0.00146887 0.00673508)
(0.0123576 -0.000650524 -0.000733968 -0.000650524 0.00675669 -6.23949e-05 -0.000733968 -6.23949e-05 0.00382846)
(0.0168388 -0.00624596 0.00059301 -0.00624596 0.00959585 -0.00345195 0.00059301 -0.00345195 0.00514111)
(0.0247578 -0.00229815 0.00434285 -0.00229815 0.00886764 -0.00142429 0.00434285 -0.00142429 0.00836883)
(0.0164333 -0.00148219 -0.00135712 -0.00148219 0.00765497 0.00282987 -0.00135712 0.00282987 0.00930827)
(0.00869611 0.000750375 0.00327949 0.000750375 0.00379465 -0.000580299 0.00327949 -0.000580299 0.00684051)
(0.0115024 -0.000581611 0.000495506 -0.000581611 0.00679662 0.00067744 0.000495506 0.00067744 0.00731971)
(0.0135621 -0.00354765 0.00174924 -0.00354765 0.00863539 -0.00157799 0.00174924 -0.00157799 0.00835963)
(0.00547502 -0.00387269 0.000528086 -0.00387269 0.00850197 -0.00280513 0.000528086 -0.00280513 0.00374217)
(0.0140527 -0.00248124 0.00335597 -0.00248124 0.00887297 -0.00172694 0.00335597 -0.00172694 0.00548716)
(0.0127216 0.000172206 0.00496189 0.000172206 0.00719706 -0.00114562 0.00496189 -0.00114562 0.0100802)
(0.0168927 -0.0051212 0.00107812 -0.0051212 0.00949071 -0.00273952 0.00107812 -0.00273952 0.00702602)
(0.0157246 -0.00405685 0.00439456 -0.00405685 0.0100807 -0.0018079 0.00439456 -0.0018079 0.00984604)
(0.018049 -0.000999775 0.00120491 -0.000999775 0.00781538 0.00102241 0.00120491 0.00102241 0.00905024)
(0.0117721 -0.00147618 0.00268869 -0.00147618 0.00841982 -0.00166701 0.00268869 -0.00166701 0.00683261)
(0.0045696 -0.000745751 -8.79262e-06 -0.000745751 0.00603923 -0.00281121 -8.79262e-06 -0.00281121 0.00439812)
(0.0085637 -0.0011378 0.00112228 -0.0011378 0.00827156 -0.00216851 0.00112228 -0.00216851 0.00637785)
(0.00526123 -0.00228001 0.00132176 -0.00228001 0.00779992 -0.00144621 0.00132176 -0.00144621 0.00487461)
(0.0116358 -0.000537288 -0.000992095 -0.000537288 0.00582517 0.00312474 -0.000992095 0.00312474 0.00895024)
(0.00507123 -0.000693636 0.00230924 -0.000693636 0.00532118 -0.000499749 0.00230924 -0.000499749 0.00987066)
(0.00884124 -0.00168552 0.00127582 -0.00168552 0.00291099 -0.00251128 0.00127582 -0.00251128 0.0100603)
(0.00775442 -0.00398356 0.00124203 -0.00398356 0.00672639 -0.00358654 0.00124203 -0.00358654 0.00535846)
(0.0286359 -0.00243312 0.00240115 -0.00243312 0.00827307 -0.00238547 0.00240115 -0.00238547 0.00821134)
(0.0153556 -0.00447111 0.00126219 -0.00447111 0.0116084 0.000793346 0.00126219 0.000793346 0.0081861)
(0.0120716 -0.000851332 0.00286203 -0.000851332 0.00825997 -0.00332288 0.00286203 -0.00332288 0.00745247)
(0.00992726 -0.00476432 -0.00204295 -0.00476432 0.0115042 -0.0020267 -0.00204295 -0.0020267 0.00806064)
(0.012617 -0.0020379 0.000534026 -0.0020379 0.010866 -0.00166188 0.000534026 -0.00166188 0.00885801)
(0.0130074 -0.00176292 0.00408245 -0.00176292 0.00910488 -0.00106571 0.00408245 -0.00106571 0.00712933)
(0.013647 -0.000369288 0.0044772 -0.000369288 0.00580539 -0.00262275 0.0044772 -0.00262275 0.0116206)
(0.00722678 -0.00225364 -0.000663857 -0.00225364 0.0106017 -0.00193071 -0.000663857 -0.00193071 0.00499188)
(0.00842076 -0.00201965 0.001077 -0.00201965 0.00774908 -0.00288496 0.001077 -0.00288496 0.00731804)
(0.0110286 -0.00122377 0.000751995 -0.00122377 0.00743445 0.00173628 0.000751995 0.00173628 0.00424184)
(0.0113948 -0.0033419 1.0631e-05 -0.0033419 0.00786571 -4.01102e-05 1.0631e-05 -4.01102e-05 0.005134)
(0.0206238 -0.00180223 -0.000759384 -0.00180223 0.00766728 0.000364264 -0.000759384 0.000364264 0.00518575)
(0.0136186 -0.00434033 -0.00114812 -0.00434033 0.0118435 6.41271e-05 -0.00114812 6.41271e-05 0.00871347)
(0.0109419 -0.00120168 0.00234471 -0.00120168 0.00921504 0.000580604 0.00234471 0.000580604 0.00564515)
(0.0127013 -0.00117856 0.00379956 -0.00117856 0.00819568 -0.000386902 0.00379956 -0.000386902 0.00847746)
(0.0215773 -0.00370248 0.00267369 -0.00370248 0.00971411 -0.000656291 0.00267369 -0.000656291 0.00767708)
(0.0165765 -0.00238726 0.00325793 -0.00238726 0.00976164 -0.000156664 0.00325793 -0.000156664 0.0059108)
(0.01411 -0.00462666 -0.000818303 -0.00462666 0.00772526 0.00187123 -0.000818303 0.00187123 0.00669426)
(0.00371571 -0.00445323 -0.00184003 -0.00445323 0.00926168 -0.0012599 -0.00184003 -0.0012599 0.00724808)
(0.0111099 0.00172409 0.00174662 0.00172409 0.00551343 0.00162475 0.00174662 0.00162475 0.0065118)
(0.0151244 -0.00576053 0.00289793 -0.00576053 0.00978521 -0.00313795 0.00289793 -0.00313795 0.00697833)
(0.0153761 -0.00381409 0.00034643 -0.00381409 0.00884907 -0.00189477 0.00034643 -0.00189477 0.00577069)
(0.0235328 -0.00355451 -0.00338866 -0.00355451 0.0089084 0.00348259 -0.00338866 0.00348259 0.00748811)
(0.00721241 -0.0052719 -0.00394245 -0.0052719 0.0114821 -0.00211229 -0.00394245 -0.00211229 0.00885549)
(0.00469318 -0.00271579 -0.000154939 -0.00271579 0.00812174 0.00131158 -0.000154939 0.00131158 0.00698603)
(0.0140286 -0.0032289 0.000164225 -0.0032289 0.00782877 0.00115278 0.000164225 0.00115278 0.00649605)
(0.0119124 -0.0034289 0.00196973 -0.0034289 0.00896718 -0.00136082 0.00196973 -0.00136082 0.00503248)
(0.00591971 0.000262907 0.00088593 0.000262907 0.00666441 -0.00221288 0.00088593 -0.00221288 0.00403489)
(0.00616676 -0.00152972 0.000465635 -0.00152972 0.00895448 0.000761588 0.000465635 0.000761588 0.00466936)
(0.000622659 -0.000535701 0.000839932 -0.000535701 0.00447037 -0.00224027 0.000839932 -0.00224027 0.00276706)
(0.0127774 -0.00265526 0.00477231 -0.00265526 0.00919037 -0.00137853 0.00477231 -0.00137853 0.00897879)
(0.0163762 -0.00293688 0.00343741 -0.00293688 0.00915744 -0.000415714 0.00343741 -0.000415714 0.00949764)
(0.0123212 -0.000852352 0.00403762 -0.000852352 0.00858549 -0.00117715 0.00403762 -0.00117715 0.00792582)
(0.00727269 -0.00391188 0.00213259 -0.00391188 0.00903763 -0.00276939 0.00213259 -0.00276939 0.00599748)
(0.00962993 0.00178899 0.0038793 0.00178899 0.00621409 0.000531792 0.0038793 0.000531792 0.00622925)
(0.00316689 -0.000411004 0.00117484 -0.000411004 0.00614088 -6.89812e-05 0.00117484 -6.89812e-05 0.00361636)
(0.00545643 0.000319639 -0.000535393 0.000319639 0.00562819 0.00192758 -0.000535393 0.00192758 0.00368622)
(0.00321537 -0.000103749 0.000900842 -0.000103749 0.00659155 -0.00150487 0.000900842 -0.00150487 0.00407154)
(0.00820862 -0.0011259 0.000330741 -0.0011259 0.00277542 -0.00210371 0.000330741 -0.00210371 0.0123026)
(0.0133761 -0.00454802 -0.000558593 -0.00454802 0.0081561 -0.00370474 -0.000558593 -0.00370474 0.00825919)
(0.00885582 -0.0044792 0.00215302 -0.0044792 0.0068304 -0.00384695 0.00215302 -0.00384695 0.00575669)
(0.0125631 -0.00649227 -0.000283518 -0.00649227 0.0103233 -0.0033066 -0.000283518 -0.0033066 0.0046064)
(0.0110809 -0.000479588 0.00112155 -0.000479588 0.0107364 -0.00153157 0.00112155 -0.00153157 0.00489989)
(0.00704353 -0.00243039 0.000457788 -0.00243039 0.00894455 0.00040315 0.000457788 0.00040315 0.00421966)
(0.0111496 -0.00319025 0.000841687 -0.00319025 0.0109382 -0.000660096 0.000841687 -0.000660096 0.00664656)
(0.011437 0.00158651 0.00376782 0.00158651 0.00752957 -0.000522403 0.00376782 -0.000522403 0.00698248)
(0.0138806 -0.00186884 -0.00105346 -0.00186884 0.0103572 -0.00372756 -0.00105346 -0.00372756 0.00879267)
(0.0107202 -0.00401683 -0.00160747 -0.00401683 0.0113313 -0.00158253 -0.00160747 -0.00158253 0.00884682)
(0.00887672 -0.00111153 0.000596527 -0.00111153 0.0107067 -0.00359634 0.000596527 -0.00359634 0.00589021)
(0.00396389 -0.00130781 0.000909926 -0.00130781 0.0084631 -0.0034764 0.000909926 -0.0034764 0.00597652)
(0.00760361 -0.000735781 -0.000560669 -0.000735781 0.00757448 -0.00223371 -0.000560669 -0.00223371 0.00390557)
(0.0170833 0.00139077 0.00222309 0.00139077 0.00557112 -0.000186842 0.00222309 -0.000186842 0.00308383)
(0.0074923 4.15994e-05 0.00103931 4.15994e-05 0.00360149 -0.000805181 0.00103931 -0.000805181 0.00513744)
(0.015291 -0.00114736 0.00312313 -0.00114736 0.00924193 0.000282105 0.00312313 0.000282105 0.0057123)
(0.010038 0.000831276 0.000725025 0.000831276 0.00499726 0.00350322 0.000725025 0.00350322 0.00729583)
(0.0229146 -0.00444945 0.000982424 -0.00444945 0.00952759 3.87281e-05 0.000982424 3.87281e-05 0.00964565)
(0.0141107 -0.00251794 0.00301179 -0.00251794 0.00913803 -0.00158091 0.00301179 -0.00158091 0.00561123)
(0.00675197 -0.00238713 -3.65982e-05 -0.00238713 0.0102639 -0.00135534 -3.65982e-05 -0.00135534 0.00582587)
(0.00263008 -0.00314012 -0.000190955 -0.00314012 0.00893483 -0.000164828 -0.000190955 -0.000164828 0.00466225)
(0.0105147 0.00134404 0.00183783 0.00134404 0.00605848 0.00129505 0.00183783 0.00129505 0.00623403)
(0.0123872 -0.00212412 0.00082664 -0.00212412 0.00741732 -0.00256475 0.00082664 -0.00256475 0.00458547)
(0.00966277 0.00136029 -0.00020573 0.00136029 0.0036763 -0.000780962 -0.00020573 -0.000780962 0.00345697)
(0.0250558 -0.00380291 -0.00239797 -0.00380291 0.00908756 0.00309523 -0.00239797 0.00309523 0.00870038)
(0.010392 -0.00302969 -0.000585227 -0.00302969 0.0117216 -0.00213761 -0.000585227 -0.00213761 0.00775387)
(0.00876498 -0.00464652 -0.00398118 -0.00464652 0.0114716 -0.00330996 -0.00398118 -0.00330996 0.00855046)
(0.00703963 -0.00494768 -0.00387968 -0.00494768 0.0105665 -0.00290952 -0.00387968 -0.00290952 0.00829475)
(0.00773727 0.00074456 0.00060185 0.00074456 0.00576376 0.00194223 0.00060185 0.00194223 0.00453672)
(0.00396261 -0.000405243 0.00121132 -0.000405243 0.00686432 -0.000878224 0.00121132 -0.000878224 0.0064122)
(0.00738613 -0.00411086 -0.000215655 -0.00411086 0.0105529 -0.00106033 -0.000215655 -0.00106033 0.00760507)
(0.00600418 -0.000538341 0.000725999 -0.000538341 0.00756883 -0.00228733 0.000725999 -0.00228733 0.00453165)
(0.00852245 0.00104769 0.00181446 0.00104769 0.00597844 0.00109417 0.00181446 0.00109417 0.00514232)
(0.0174235 -0.00410449 0.00132115 -0.00410449 0.0088316 -0.000347043 0.00132115 -0.000347043 0.00857742)
(0.00592594 -0.00224706 0.00106663 -0.00224706 0.00793563 -0.00201378 0.00106663 -0.00201378 0.00618564)
(0.00588443 0.00104656 0.000885479 0.00104656 0.00674157 -0.00174302 0.000885479 -0.00174302 0.00384654)
(0.00384509 0.00120875 0.000649568 0.00120875 0.00533311 0.00164626 0.000649568 0.00164626 0.00273869)
(0.00289304 -0.000131232 5.5423e-05 -0.000131232 0.00560806 0.00169167 5.5423e-05 0.00169167 0.00269956)
(0.0110113 0.00118384 0.00288028 0.00118384 0.0066303 -0.00200538 0.00288028 -0.00200538 0.00683923)
(0.00511883 -0.00126771 0.00023219 -0.00126771 0.00629026 -0.00340419 0.00023219 -0.00340419 0.00558485)
(0.00887043 -0.00105058 0.00103275 -0.00105058 0.00495389 -0.00210489 0.00103275 -0.00210489 0.0121859)
(0.012742 -0.00603985 -0.000676801 -0.00603985 0.0086799 -0.0033131 -0.000676801 -0.0033131 0.0051517)
(0.00557751 0.00073419 0.00133865 0.00073419 0.00377418 0.00142639 0.00133865 0.00142639 0.00536416)
(0.0112664 -0.00442597 0.00351348 -0.00442597 0.0105913 -0.00291625 0.00351348 -0.00291625 0.00732199)
(0.0160204 -0.00244799 0.00242236 -0.00244799 0.00900912 0.000321453 0.00242236 0.000321453 0.00635925)
(0.00859497 0.000610624 0.000998825 0.000610624 0.00522178 0.00101162 0.000998825 0.00101162 0.00296089)
(0.0127334 -0.00029897 0.00369495 -0.00029897 0.00843549 -0.000842368 0.00369495 -0.000842368 0.00695361)
(0.00471898 0.00156152 0.00133274 0.00156152 0.00317188 0.001213 0.00133274 0.001213 0.00431457)
(0.0074698 0.00068514 0.000283981 0.00068514 0.00368882 -0.00155762 0.000283981 -0.00155762 0.00438412)
(0.0108118 0.00122702 0.00125854 0.00122702 0.00730698 -0.00118793 0.00125854 -0.00118793 0.00472297)
(0.0112924 0.00202543 0.00220255 0.00202543 0.00617489 0.0018953 0.00220255 0.0018953 0.00647424)
(0.0137454 -0.000960948 0.000166418 -0.000960948 0.0110155 -0.00248741 0.000166418 -0.00248741 0.0083326)
(0.00849561 0.00123251 -0.000717913 0.00123251 0.00736088 -0.00244345 -0.000717913 -0.00244345 0.00475866)
(0.0211841 -0.00169415 0.000709668 -0.00169415 0.0071223 -0.00363621 0.000709668 -0.00363621 0.006405)
(0.0205596 -0.00103976 0.000754718 -0.00103976 0.00857902 0.00159147 0.000754718 0.00159147 0.00372053)
(0.0132267 0.00286448 0.00428804 0.00286448 0.00633094 0.00164452 0.00428804 0.00164452 0.0050332)
(0.00488943 -0.00298538 0.000194211 -0.00298538 0.00784126 0.00144882 0.000194211 0.00144882 0.0044372)
(0.0161138 -0.00225202 0.00354362 -0.00225202 0.00905714 -0.000741614 0.00354362 -0.000741614 0.00922084)
(0.0100498 0.00109515 0.00255039 0.00109515 0.00590099 0.00184326 0.00255039 0.00184326 0.00632601)
(0.00222176 -0.00276743 0.000628125 -0.00276743 0.00751056 -0.00127148 0.000628125 -0.00127148 0.00227613)
(0.000777394 0.000128042 0.000722725 0.000128042 0.00516243 -0.00181527 0.000722725 -0.00181527 0.00254803)
(0.00574305 0.000520565 0.00155383 0.000520565 0.0062308 0.000586387 0.00155383 0.000586387 0.00394374)
(0.0156578 -0.00508676 -0.00265455 -0.00508676 0.0106034 0.000137912 -0.00265455 0.000137912 0.00987676)
(0.0105595 0.000829594 -0.000415366 0.000829594 0.0046595 -0.00231382 -0.000415366 -0.00231382 0.00532579)
(0.0161049 -0.000984708 -0.00315321 -0.000984708 0.00642115 0.00412079 -0.00315321 0.00412079 0.0101838)
(0.00666561 0.00127428 0.00147787 0.00127428 0.00558642 7.45263e-05 0.00147787 7.45263e-05 0.00409567)
(0.0128583 -0.00198905 -0.00182122 -0.00198905 0.0112124 -0.00212893 -0.00182122 -0.00212893 0.00916679)
(0.00925998 -0.0034645 -0.00273032 -0.0034645 0.0112035 -0.00224526 -0.00273032 -0.00224526 0.00792719)
(0.00428213 0.000406847 0.0023972 0.000406847 0.0016357 -0.00106833 0.0023972 -0.00106833 0.00496501)
(0.00311741 -0.00116867 -0.000438874 -0.00116867 0.00444538 0.00225417 -0.000438874 0.00225417 0.00577149)
(0.00388325 0.000777147 0.000255857 0.000777147 0.00588012 0.000349598 0.000255857 0.000349598 0.00185521)
(0.00768237 0.00233231 0.00163073 0.00233231 0.00624186 -0.000153523 0.00163073 -0.000153523 0.00393147)
(0.00599659 -0.00243643 0.000520656 -0.00243643 0.00761492 0.00151383 0.000520656 0.00151383 0.00378759)
(0.0122806 -0.00247389 -0.00179462 -0.00247389 0.00662016 0.00281547 -0.00179462 0.00281547 0.00672363)
(0.00495301 -0.00329799 0.00148516 -0.00329799 0.00840245 -0.00262549 0.00148516 -0.00262549 0.0053147)
(0.0107218 -0.00484452 0.000447823 -0.00484452 0.0108936 0.00127268 0.000447823 0.00127268 0.00681977)
(0.00823423 -0.00264327 0.000762913 -0.00264327 0.00969731 0.000591625 0.000762913 0.000591625 0.00487313)
(0.00706286 -0.00441713 -0.000215737 -0.00441713 0.0107713 -0.000739612 -0.000215737 -0.000739612 0.0074257)
(0.00220053 -0.00191286 0.000759022 -0.00191286 0.0056755 -0.000623514 0.000759022 -0.000623514 0.00707491)
(0.0026252 -0.00246868 -0.000341619 -0.00246868 0.00713232 0.0012247 -0.000341619 0.0012247 0.00413019)
(0.00660818 -0.00166662 -3.72892e-05 -0.00166662 0.00385343 -0.00168166 -3.72892e-05 -0.00168166 0.011905)
(0.0128791 -0.00353237 0.000142709 -0.00353237 0.00843103 -0.00318202 0.000142709 -0.00318202 0.00543168)
(0.0074603 -0.00332449 -0.00036226 -0.00332449 0.00797864 -0.00245574 -0.00036226 -0.00245574 0.00422604)
(0.0136147 -0.00443878 0.00357405 -0.00443878 0.00986644 -0.00299858 0.00357405 -0.00299858 0.00626003)
(0.0187485 -0.00438936 0.00274463 -0.00438936 0.00961864 -0.00186991 0.00274463 -0.00186991 0.00746104)
(0.00525349 0.00016351 0.00075594 0.00016351 0.00560222 -0.000163899 0.00075594 -0.000163899 0.00207753)
(0.0128103 -0.00204105 0.00208021 -0.00204105 0.00914533 -0.00160434 0.00208021 -0.00160434 0.00762799)
(0.0148279 0.00259799 0.003847 0.00259799 0.00634093 0.000586944 0.003847 0.000586944 0.00584903)
(0.0133435 0.000517968 0.00346812 0.000517968 0.00749008 -0.00046537 0.00346812 -0.00046537 0.00705535)
(0.0102788 -0.00413745 0.00423882 -0.00413745 0.00981512 -0.00284357 0.00423882 -0.00284357 0.00738736)
(0.0140092 -0.00448037 0.00312946 -0.00448037 0.00936017 -0.00214053 0.00312946 -0.00214053 0.00807042)
(0.00787493 0.000191915 0.00109994 0.000191915 0.00416182 0.000146788 0.00109994 0.000146788 0.00436361)
(0.00324211 -0.000830235 0.00093093 -0.000830235 0.00749414 -0.0017915 0.00093093 -0.0017915 0.00516001)
(0.0170079 -0.00223002 0.0020717 -0.00223002 0.00715768 -0.000242231 0.0020717 -0.000242231 0.00599262)
(0.0151327 -0.00169212 0.00293138 -0.00169212 0.00887852 -0.00034869 0.00293138 -0.00034869 0.0073443)
(0.00795384 -0.00464176 -0.000650915 -0.00464176 0.011647 -0.000879014 -0.000650915 -0.000879014 0.00712825)
(0.0045681 -0.00574492 -0.00153548 -0.00574492 0.0108511 0.000798752 -0.00153548 0.000798752 0.0060367)
(0.0118405 -0.00122576 0.00282692 -0.00122576 0.00794965 -0.00107373 0.00282692 -0.00107373 0.00747623)
(0.00527585 9.06652e-05 0.000266746 9.06652e-05 0.00596452 0.000622736 0.000266746 0.000622736 0.00289145)
(0.000933944 -7.37365e-05 0.000616301 -7.37365e-05 0.00497767 -0.000764337 0.000616301 -0.000764337 0.00165151)
(0.00423316 -0.00201817 -0.000424773 -0.00201817 0.00749963 -0.00309863 -0.000424773 -0.00309863 0.00469791)
(0.00392541 0.00125695 0.000248335 0.00125695 0.00717491 -0.000443969 0.000248335 -0.000443969 0.00221287)
