/*--------------------------------*- C++ -*----------------------------------*\
  =========                 |
  \\      /  F ield         | OpenFOAM: The Open Source CFD Toolbox
   \\    /   O peration     | Website:  https://openfoam.org
    \\  /    A nd           | Version:  10
     \\/     M anipulation  |
\*---------------------------------------------------------------------------*/
FoamFile
{
    format      ascii;
    class       volTensorField;
    location    "10";
    object      TauNN;
}
// * * * * * * * * * * * * * * * * * * * * * * * * * * * * * * * * * * * * * //

dimensions      [0 2 -2 0 0 0 0];

internalField   nonuniform List<tensor> 
25600
(
(0.00145388 -0.0129813 -0.0151407 -0.0129813 0.000161571 -0.00815312 -0.0151407 -0.00815312 0.000115374)
(0.00146774 -0.012982 -0.0151375 -0.012982 0.000161033 -0.00815355 -0.0151375 -0.00815355 0.000114406)
(0.00145566 -0.0129779 -0.0151418 -0.0129779 0.000161212 -0.00815133 -0.0151418 -0.00815133 0.00011508)
(0.00145342 -0.0129716 -0.0151432 -0.0129716 0.000159462 -0.00814737 -0.0151432 -0.00814737 0.000117536)
(0.00146052 -0.0129748 -0.0151407 -0.0129748 0.000159638 -0.00814914 -0.0151407 -0.00814914 0.000117266)
(0.00146943 -0.0129798 -0.0151387 -0.0129798 0.000160482 -0.00815208 -0.0151387 -0.00815208 0.00011603)
(0.0014586 -0.0129809 -0.0151403 -0.0129809 0.000161473 -0.00815297 -0.0151403 -0.00815297 0.000114805)
(0.00141948 -0.0129755 -0.0151501 -0.0129755 0.000163202 -0.00815042 -0.0151501 -0.00815042 0.000114876)
(0.00144511 -0.0129715 -0.0151449 -0.0129715 0.000159904 -0.00814735 -0.0151449 -0.00814735 0.000117701)
(0.00145717 -0.0129782 -0.0151423 -0.0129782 0.000160934 -0.00815119 -0.0151423 -0.00815119 0.000116924)
(0.00147604 -0.0129818 -0.0151373 -0.0129818 0.000160693 -0.00815333 -0.0151373 -0.00815333 0.000115319)
(0.00146818 -0.0129813 -0.0151382 -0.0129813 0.000160986 -0.00815313 -0.0151382 -0.00815313 0.000114691)
(0.00144505 -0.0129775 -0.0151434 -0.0129775 0.000161705 -0.00815123 -0.0151434 -0.00815123 0.000114871)
(0.00145028 -0.0129704 -0.0151441 -0.0129704 0.000159182 -0.00814658 -0.0151441 -0.00814658 0.000118336)
(0.00145307 -0.0129784 -0.0151429 -0.0129784 0.000161275 -0.00815138 -0.0151429 -0.00815138 0.000116384)
(0.00147243 -0.0129814 -0.0151377 -0.0129814 0.00016077 -0.00815311 -0.0151377 -0.00815311 0.000115063)
(0.00147223 -0.0129794 -0.015138 -0.0129794 0.000160409 -0.00815198 -0.015138 -0.00815198 0.000115208)
(0.001447 -0.0129779 -0.0151432 -0.0129779 0.000161595 -0.00815134 -0.0151432 -0.00815134 0.000115311)
(0.00144499 -0.0129747 -0.0151453 -0.0129747 0.000160992 -0.00814933 -0.0151453 -0.00814933 0.000116893)
(0.00146467 -0.0129788 -0.01514 -0.0129788 0.000160609 -0.00815156 -0.01514 -0.00815156 0.000116274)
(0.00147924 -0.0129809 -0.0151366 -0.0129809 0.000160314 -0.00815278 -0.0151366 -0.00815278 0.000115299)
(0.00146771 -0.0129805 -0.0151384 -0.0129805 0.000160837 -0.00815266 -0.0151384 -0.00815266 0.000114961)
(0.00145337 -0.0129783 -0.0151421 -0.0129783 0.00016129 -0.00815149 -0.0151421 -0.00815149 0.000115463)
(0.00145375 -0.0129755 -0.0151423 -0.0129755 0.000160583 -0.00814983 -0.0151423 -0.00814983 0.00011611)
(0.00144462 -0.0129777 -0.0151436 -0.0129777 0.000161597 -0.00815117 -0.0151436 -0.00815117 0.000115673)
(0.0014639 -0.0129791 -0.0151402 -0.0129791 0.000160731 -0.00815176 -0.0151402 -0.00815176 0.000116152)
(0.00146368 -0.0129793 -0.0151397 -0.0129793 0.000160834 -0.00815196 -0.0151397 -0.00815196 0.000115372)
(0.00145106 -0.0129787 -0.0151418 -0.0129787 0.000161464 -0.00815181 -0.0151418 -0.00815181 0.000114966)
(0.00145107 -0.0129764 -0.0151428 -0.0129764 0.000161005 -0.00815041 -0.0151428 -0.00815041 0.000115842)
(0.00144754 -0.0129775 -0.0151433 -0.0129775 0.000161418 -0.00815102 -0.0151433 -0.00815102 0.000115728)
(0.00145799 -0.0129793 -0.0151411 -0.0129793 0.000161121 -0.00815191 -0.0151411 -0.00815191 0.000115859)
(0.001464 -0.0129804 -0.0151394 -0.0129804 0.000161031 -0.0081526 -0.0151394 -0.0081526 0.00011516)
(0.00143355 -0.0129769 -0.0151469 -0.0129769 0.000162446 -0.00815095 -0.0151469 -0.00815095 0.000115203)
(0.00142048 -0.0129729 -0.0151518 -0.0129729 0.000162588 -0.00814868 -0.0151518 -0.00814868 0.000116376)
(0.00143338 -0.0129768 -0.015147 -0.0129768 0.000162205 -0.00815072 -0.015147 -0.00815072 0.000116139)
(0.00145441 -0.0129804 -0.0151409 -0.0129804 0.000161444 -0.00815261 -0.0151409 -0.00815261 0.000115449)
(0.00148027 -0.0129813 -0.0151363 -0.0129813 0.000160376 -0.00815306 -0.0151363 -0.00815306 0.000115009)
(0.00146168 -0.0129777 -0.0151408 -0.0129777 0.000160833 -0.00815115 -0.0151408 -0.00815115 0.000115273)
(0.00144491 -0.0129718 -0.0151459 -0.0129718 0.000160384 -0.0081477 -0.0151459 -0.0081477 0.000117136)
(0.00144202 -0.0129779 -0.0151446 -0.0129779 0.000161778 -0.00815123 -0.0151446 -0.00815123 0.000116108)
(0.000183926 -0.0128419 -0.0154255 -0.0128419 0.000125341 -0.00814828 -0.0154255 -0.00814828 3.38448e-05)
(7.18403e-05 -0.0128014 -0.0154259 -0.0128014 2.75916e-05 -0.00812855 -0.0154259 -0.00812855 5.66885e-05)
(8.34453e-05 -0.0128031 -0.0154256 -0.0128031 5.15854e-05 -0.00814217 -0.0154256 -0.00814217 4.61566e-05)
(0.000272105 -0.0128434 -0.0154267 -0.0128434 0.000131923 -0.00814719 -0.0154267 -0.00814719 3.15597e-05)
(0.000150145 -0.0128357 -0.0154198 -0.0128357 0.000126087 -0.00815204 -0.0154198 -0.00815204 3.85724e-05)
(0.000287216 -0.0128481 -0.0154332 -0.0128481 0.000126836 -0.00814577 -0.0154332 -0.00814577 2.78732e-05)
(0.000152591 -0.0128237 -0.0154212 -0.0128237 0.000109016 -0.00814652 -0.0154212 -0.00814652 3.9327e-05)
(0.000131877 -0.0128198 -0.015419 -0.0128198 0.000104052 -0.00815206 -0.015419 -0.00815206 5.02869e-05)
(0.000266339 -0.0128455 -0.0154263 -0.0128455 0.000133922 -0.00814733 -0.0154263 -0.00814733 3.21123e-05)
(0.000322076 -0.0128556 -0.0154377 -0.0128556 0.000125938 -0.0081453 -0.0154377 -0.0081453 2.78278e-05)
(0.000191167 -0.0128411 -0.0154279 -0.0128411 0.00012231 -0.00814645 -0.0154279 -0.00814645 3.42805e-05)
(0.000127826 -0.0128154 -0.0154205 -0.0128154 8.61973e-05 -0.00814201 -0.0154205 -0.00814201 4.62124e-05)
(9.49782e-05 -0.012808 -0.0154233 -0.012808 6.00652e-05 -0.00814416 -0.0154233 -0.00814416 5.2775e-05)
(0.000211437 -0.0128382 -0.0154245 -0.0128382 0.000134988 -0.00814966 -0.0154245 -0.00814966 3.3741e-05)
(0.000437888 -0.0128582 -0.0154367 -0.0128582 0.000121528 -0.00814359 -0.0154367 -0.00814359 2.7843e-05)
(0.000447101 -0.0128573 -0.015437 -0.0128573 0.000118718 -0.00814319 -0.015437 -0.00814319 2.81773e-05)
(0.000231054 -0.0128366 -0.0154234 -0.0128366 0.000123424 -0.00814618 -0.0154234 -0.00814618 3.69538e-05)
(8.82121e-05 -0.0128067 -0.0154231 -0.0128067 4.79864e-05 -0.00813967 -0.0154231 -0.00813967 5.44819e-05)
(0.000200487 -0.0128379 -0.015424 -0.0128379 0.000130689 -0.00814934 -0.015424 -0.00814934 3.31566e-05)
(0.00040595 -0.0128569 -0.0154377 -0.0128569 0.000122791 -0.00814387 -0.0154377 -0.00814387 2.72957e-05)
(0.000313157 -0.0128509 -0.0154344 -0.0128509 0.000124111 -0.00814507 -0.0154344 -0.00814507 2.94138e-05)
(0.000207557 -0.0128337 -0.0154244 -0.0128337 0.000121866 -0.00814662 -0.0154244 -0.00814662 3.52806e-05)
(0.000211382 -0.0128343 -0.0154246 -0.0128343 0.000124378 -0.00814756 -0.0154246 -0.00814756 3.3806e-05)
(0.00012794 -0.0128238 -0.015418 -0.0128238 0.000106783 -0.00815232 -0.015418 -0.00815232 4.85754e-05)
(0.000211714 -0.0128403 -0.0154232 -0.0128403 0.000133065 -0.00814928 -0.0154232 -0.00814928 3.43972e-05)
(0.000647252 -0.0128626 -0.0154421 -0.0128626 0.000114385 -0.00814254 -0.0154421 -0.00814254 3.70773e-05)
(0.000196581 -0.012838 -0.0154236 -0.012838 0.00012369 -0.00814756 -0.0154236 -0.00814756 3.58131e-05)
(8.89057e-05 -0.0128078 -0.0154217 -0.0128078 4.71324e-05 -0.00813989 -0.0154217 -0.00813989 5.8808e-05)
(0.000202161 -0.0128336 -0.01542 -0.0128336 0.000127657 -0.00814895 -0.01542 -0.00814895 3.85222e-05)
(0.000373567 -0.0128496 -0.0154295 -0.0128496 0.000127286 -0.00814378 -0.0154295 -0.00814378 2.85748e-05)
(0.000604334 -0.0128621 -0.0154402 -0.0128621 0.000115972 -0.00814288 -0.0154402 -0.00814288 3.34062e-05)
(0.000213194 -0.0128381 -0.0154273 -0.0128381 0.00012478 -0.00814723 -0.0154273 -0.00814723 3.19847e-05)
(0.000167774 -0.0128238 -0.0154183 -0.0128238 0.000116958 -0.00814973 -0.0154183 -0.00814973 4.49771e-05)
(0.000398018 -0.012852 -0.0154294 -0.012852 0.000126872 -0.00814426 -0.0154294 -0.00814426 3.05923e-05)
(0.000372416 -0.012854 -0.0154321 -0.012854 0.000126198 -0.00814427 -0.0154321 -0.00814427 2.79807e-05)
(0.000346494 -0.0128568 -0.0154361 -0.0128568 0.000125965 -0.00814525 -0.0154361 -0.00814525 2.83238e-05)
(0.000121852 -0.01282 -0.0154228 -0.01282 8.98821e-05 -0.00814327 -0.0154228 -0.00814327 3.87547e-05)
(0.000137836 -0.0128154 -0.015422 -0.0128154 0.000102642 -0.00814802 -0.015422 -0.00814802 4.04627e-05)
(0.000362905 -0.0128497 -0.015429 -0.0128497 0.000128682 -0.00814498 -0.015429 -0.00814498 3.0575e-05)
(0.000177508 -0.0128404 -0.015422 -0.0128404 0.000127401 -0.00814964 -0.015422 -0.00814964 3.57195e-05)
(0.000101888 -0.0128205 -0.0154193 -0.0128205 8.41889e-05 -0.00815206 -0.0154193 -0.00815206 5.03664e-05)
(8.7982e-05 -0.0128073 -0.0154185 -0.0128073 4.72969e-05 -0.00814511 -0.0154185 -0.00814511 6.84852e-05)
(-3.35874e-05 -0.0128055 -0.0154435 -0.0128055 4.81326e-05 -0.00810868 -0.0154435 -0.00810868 7.7111e-05)
(7.17652e-05 -0.0127975 -0.0154208 -0.0127975 3.57329e-05 -0.00814077 -0.0154208 -0.00814077 7.13158e-05)
(6.93063e-05 -0.0127969 -0.0154175 -0.0127969 2.53279e-05 -0.00812561 -0.0154175 -0.00812561 8.33096e-05)
(0.000177943 -0.0128356 -0.0154186 -0.0128356 0.000127095 -0.00814993 -0.0154186 -0.00814993 3.97069e-05)
(0.000118325 -0.0128198 -0.0154167 -0.0128198 9.80067e-05 -0.00815281 -0.0154167 -0.00815281 5.53546e-05)
(-5.64048e-05 -0.012807 -0.0154442 -0.012807 5.62768e-05 -0.00810635 -0.0154442 -0.00810635 8.57033e-05)
(7.25791e-05 -0.0127966 -0.0154177 -0.0127966 3.32026e-05 -0.00813909 -0.0154177 -0.00813909 8.68125e-05)
(9.44006e-05 -0.0128161 -0.0154214 -0.0128161 7.87377e-05 -0.00815055 -0.0154214 -0.00815055 4.74909e-05)
(0.000554388 -0.0128597 -0.015438 -0.0128597 0.000115531 -0.00814231 -0.015438 -0.00814231 2.95284e-05)
(0.000208709 -0.0128373 -0.0154181 -0.0128373 0.000126179 -0.00814752 -0.0154181 -0.00814752 4.12072e-05)
(7.08101e-05 -0.0127976 -0.0154227 -0.0127976 3.15559e-05 -0.0081366 -0.0154227 -0.0081366 7.08295e-05)
(4.26329e-05 -0.0127955 -0.0154255 -0.0127955 2.54071e-05 -0.00811857 -0.0154255 -0.00811857 8.28399e-05)
(0.000142261 -0.0128254 -0.0154164 -0.0128254 0.000119083 -0.00815188 -0.0154164 -0.00815188 4.59232e-05)
(0.000721068 -0.0128641 -0.0154317 -0.0128641 0.000113111 -0.00814326 -0.0154317 -0.00814326 4.03295e-05)
(0.000290415 -0.0128488 -0.0154212 -0.0128488 0.000129392 -0.00814522 -0.0154212 -0.00814522 3.79877e-05)
(5.4261e-05 -0.0127956 -0.015423 -0.0127956 2.41033e-05 -0.00812217 -0.015423 -0.00812217 7.8537e-05)
(4.96135e-05 -0.0127915 -0.0154212 -0.0127915 2.40591e-05 -0.00812893 -0.0154212 -0.00812893 7.6462e-05)
(0.000289323 -0.0128444 -0.0154268 -0.0128444 0.000128006 -0.0081451 -0.0154268 -0.0081451 2.94676e-05)
(0.000689346 -0.0128646 -0.0154364 -0.0128646 0.000113451 -0.00814347 -0.0154364 -0.00814347 3.92446e-05)
(0.000479665 -0.0128562 -0.0154335 -0.0128562 0.000121937 -0.00814307 -0.0154335 -0.00814307 2.84319e-05)
(0.000122882 -0.01282 -0.0154174 -0.01282 0.000100757 -0.00815276 -0.0154174 -0.00815276 5.27774e-05)
(8.52554e-05 -0.0128029 -0.0154176 -0.0128029 3.49831e-05 -0.00813772 -0.0154176 -0.00813772 9.29832e-05)
(4.87902e-05 -0.0127947 -0.0154224 -0.0127947 2.54045e-05 -0.00812205 -0.0154224 -0.00812205 9.02456e-05)
(0.000397069 -0.0128518 -0.0154364 -0.0128518 0.000126445 -0.00814372 -0.0154364 -0.00814372 2.61487e-05)
(0.000221756 -0.0128471 -0.0154234 -0.0128471 0.000130662 -0.00814763 -0.0154234 -0.00814763 3.39388e-05)
(8.01923e-05 -0.0128017 -0.0154196 -0.0128017 3.79057e-05 -0.00814048 -0.0154196 -0.00814048 7.57023e-05)
(9.81008e-05 -0.0128057 -0.0154196 -0.0128057 6.30431e-05 -0.00815076 -0.0154196 -0.00815076 7.78085e-05)
(9.1181e-05 -0.0128046 -0.0154192 -0.0128046 6.07749e-05 -0.00815349 -0.0154192 -0.00815349 8.42806e-05)
(0.000171536 -0.0128371 -0.0154215 -0.0128371 0.000131939 -0.00815104 -0.0154215 -0.00815104 3.56076e-05)
(0.00029338 -0.0128501 -0.0154267 -0.0128501 0.000131882 -0.00814629 -0.0154267 -0.00814629 3.20085e-05)
(7.08348e-05 -0.0127984 -0.015422 -0.0127984 3.00714e-05 -0.00813385 -0.015422 -0.00813385 8.17611e-05)
(6.00095e-05 -0.0127963 -0.0154225 -0.0127963 2.63204e-05 -0.00812577 -0.0154225 -0.00812577 9.48266e-05)
(7.13575e-05 -0.0127965 -0.015415 -0.0127965 3.25605e-05 -0.00813841 -0.015415 -0.00813841 8.09724e-05)
(0.000209594 -0.0128466 -0.0154258 -0.0128466 0.000133584 -0.00814867 -0.0154258 -0.00814867 3.12913e-05)
(0.000216594 -0.0128433 -0.0154282 -0.0128433 0.00012791 -0.0081477 -0.0154282 -0.0081477 3.06072e-05)
(4.17223e-05 -0.0127924 -0.0154266 -0.0127924 2.12695e-05 -0.00812462 -0.0154266 -0.00812462 6.5757e-05)
(6.52175e-05 -0.0127946 -0.0154182 -0.0127946 2.93655e-05 -0.0081356 -0.0154182 -0.0081356 8.53741e-05)
(6.41854e-05 -0.0127934 -0.0154146 -0.0127934 2.53851e-05 -0.00812949 -0.0154146 -0.00812949 7.80439e-05)
(4.67248e-05 -0.0127964 -0.0154244 -0.0127964 3.26231e-05 -0.00811251 -0.0154244 -0.00811251 9.00966e-05)
(0.000101319 -0.0128148 -0.0154163 -0.0128148 6.70955e-05 -0.00815164 -0.0154163 -0.00815164 7.19846e-05)
(-1.79955e-06 -0.012796 -0.0154317 -0.012796 3.3263e-05 -0.00811344 -0.0154317 -0.00811344 7.83893e-05)
(-1.10505e-05 -0.0128003 -0.0154374 -0.0128003 4.05818e-05 -0.00811017 -0.0154374 -0.00811017 8.59532e-05)
(5.05089e-05 -0.0128031 -0.015434 -0.0128031 3.75248e-05 -0.00811194 -0.015434 -0.00811194 0.000102193)
(7.39347e-05 -0.0127978 -0.0154182 -0.0127978 2.89347e-05 -0.00813272 -0.0154182 -0.00813272 8.89353e-05)
(8.47387e-05 -0.0128032 -0.0154163 -0.0128032 4.38176e-05 -0.00814584 -0.0154163 -0.00814584 7.81431e-05)
(-0.000197853 -0.0128261 -0.0154531 -0.0128261 0.00010776 -0.0081068 -0.0154531 -0.0081068 8.29444e-05)
(-8.042e-06 -0.0128022 -0.0154387 -0.0128022 4.25086e-05 -0.0081078 -0.0154387 -0.0081078 9.95859e-05)
(-4.62477e-05 -0.012804 -0.015443 -0.012804 5.41769e-05 -0.00810743 -0.015443 -0.00810743 8.6477e-05)
(0.00031308 -0.0128451 -0.015424 -0.0128451 0.000128587 -0.00814399 -0.015424 -0.00814399 3.14589e-05)
(0.000177224 -0.0128366 -0.0154142 -0.0128366 0.000129225 -0.00814901 -0.0154142 -0.00814901 4.47677e-05)
(4.803e-05 -0.0127894 -0.0154191 -0.0127894 2.56231e-05 -0.00813018 -0.0154191 -0.00813018 7.3153e-05)
(4.29748e-05 -0.0128005 -0.015433 -0.0128005 3.10592e-05 -0.00811453 -0.015433 -0.00811453 9.355e-05)
(-5.37217e-05 -0.0128062 -0.0154469 -0.0128062 5.35979e-05 -0.00810516 -0.0154469 -0.00810516 8.88264e-05)
(0.000165659 -0.0128282 -0.0154127 -0.0128282 0.000125723 -0.00814992 -0.0154127 -0.00814992 4.90398e-05)
(0.000137444 -0.0128338 -0.0154101 -0.0128338 0.000124212 -0.00815221 -0.0154101 -0.00815221 5.39184e-05)
(4.19248e-05 -0.0127912 -0.0154197 -0.0127912 2.61782e-05 -0.00812095 -0.0154197 -0.00812095 8.20835e-05)
(3.72798e-06 -0.0127995 -0.0154368 -0.0127995 3.49423e-05 -0.00811113 -0.0154368 -0.00811113 8.89949e-05)
(6.34184e-05 -0.0127916 -0.0154205 -0.0127916 3.366e-05 -0.00814105 -0.0154205 -0.00814105 8.60583e-05)
(0.000268676 -0.0128403 -0.0154249 -0.0128403 0.000129645 -0.00814549 -0.0154249 -0.00814549 3.05757e-05)
(0.000326197 -0.0128471 -0.0154268 -0.0128471 0.000129798 -0.00814376 -0.0154268 -0.00814376 2.90216e-05)
(7.72665e-05 -0.0127981 -0.0154155 -0.0127981 3.94438e-05 -0.00814378 -0.0154155 -0.00814378 7.74503e-05)
(8.60215e-05 -0.0127993 -0.0154158 -0.0127993 3.17552e-05 -0.00813457 -0.0154158 -0.00813457 0.000106643)
(3.32663e-05 -0.0128066 -0.0154423 -0.0128066 4.10163e-05 -0.00811058 -0.0154423 -0.00811058 0.0001083)
(6.67383e-05 -0.0127961 -0.0154227 -0.0127961 3.39336e-05 -0.00813924 -0.0154227 -0.00813924 6.12009e-05)
(0.000162505 -0.0128364 -0.0154167 -0.0128364 0.000129488 -0.0081507 -0.0154167 -0.0081507 4.08097e-05)
(7.30871e-05 -0.0127966 -0.0154169 -0.0127966 3.53823e-05 -0.0081411 -0.0154169 -0.0081411 7.99458e-05)
(3.96689e-05 -0.012797 -0.0154281 -0.012797 2.93245e-05 -0.00811652 -0.0154281 -0.00811652 9.75859e-05)
(4.46876e-06 -0.0128107 -0.0154501 -0.0128107 5.66527e-05 -0.00810127 -0.0154501 -0.00810127 0.000100945)
(-0.000133153 -0.0128172 -0.0154576 -0.0128172 8.68598e-05 -0.00810116 -0.0154576 -0.00810116 8.49663e-05)
(0.000152672 -0.0128311 -0.0154144 -0.0128311 0.00012512 -0.0081521 -0.0154144 -0.0081521 4.84501e-05)
(5.86507e-05 -0.0127933 -0.0154193 -0.0127933 2.42789e-05 -0.0081291 -0.0154193 -0.0081291 7.58253e-05)
(-6.45325e-05 -0.0128106 -0.0154545 -0.0128106 6.7204e-05 -0.00810073 -0.0154545 -0.00810073 9.52535e-05)
(-0.000164085 -0.0128216 -0.0154639 -0.0128216 9.65178e-05 -0.0080976 -0.0154639 -0.0080976 8.7314e-05)
(6.32152e-05 -0.0127936 -0.015415 -0.0127936 2.51646e-05 -0.00812704 -0.015415 -0.00812704 8.12889e-05)
(0.000125013 -0.0128325 -0.0154195 -0.0128325 0.000113765 -0.00815169 -0.0154195 -0.00815169 4.01618e-05)
(1.79054e-05 -0.0127962 -0.0154329 -0.0127962 2.98436e-05 -0.00811602 -0.0154329 -0.00811602 6.96124e-05)
(-0.000137447 -0.0128163 -0.015458 -0.0128163 8.53287e-05 -0.00810202 -0.015458 -0.00810202 8.71872e-05)
(-2.10612e-05 -0.0128031 -0.0154407 -0.0128031 5.40217e-05 -0.00810477 -0.0154407 -0.00810477 9.61777e-05)
(5.64069e-05 -0.0127961 -0.0154222 -0.0127961 2.75191e-05 -0.00812015 -0.0154222 -0.00812015 9.8377e-05)
(7.74997e-05 -0.0127993 -0.0154182 -0.0127993 3.59451e-05 -0.00814042 -0.0154182 -0.00814042 7.03787e-05)
(3.49391e-05 -0.012788 -0.0154203 -0.012788 2.55184e-05 -0.00812771 -0.0154203 -0.00812771 6.94991e-05)
(-2.10561e-05 -0.0128013 -0.0154416 -0.0128013 4.39696e-05 -0.00811158 -0.0154416 -0.00811158 7.89492e-05)
(5.49998e-05 -0.012796 -0.0154242 -0.012796 2.83422e-05 -0.00812485 -0.0154242 -0.00812485 0.000106979)
(4.37532e-05 -0.0127963 -0.0154261 -0.0127963 2.93565e-05 -0.00811745 -0.0154261 -0.00811745 0.000100706)
(3.77176e-05 -0.012792 -0.0154195 -0.012792 3.25003e-05 -0.00811593 -0.0154195 -0.00811593 8.43477e-05)
(-6.80498e-05 -0.0128088 -0.015447 -0.0128088 6.37377e-05 -0.00811111 -0.015447 -0.00811111 7.71734e-05)
(-4.62664e-05 -0.0128047 -0.0154448 -0.0128047 5.17827e-05 -0.00810624 -0.0154448 -0.00810624 9.02619e-05)
(-5.75744e-05 -0.0128064 -0.0154483 -0.0128064 5.58206e-05 -0.00810409 -0.0154483 -0.00810409 9.2127e-05)
(4.3865e-05 -0.0127884 -0.0154183 -0.0127884 2.67207e-05 -0.00813287 -0.0154183 -0.00813287 8.49649e-05)
(9.33385e-05 -0.0128127 -0.0154181 -0.0128127 7.12251e-05 -0.00815504 -0.0154181 -0.00815504 6.36006e-05)
(-3.95244e-05 -0.0128008 -0.0154387 -0.0128008 5.19391e-05 -0.00811806 -0.0154387 -0.00811806 7.16802e-05)
(2.41788e-05 -0.0127906 -0.0154275 -0.0127906 2.36181e-05 -0.00812054 -0.0154275 -0.00812054 7.47657e-05)
(-0.000101497 -0.0128144 -0.015458 -0.0128144 7.49907e-05 -0.00810297 -0.015458 -0.00810297 8.44185e-05)
(-6.96567e-05 -0.0128074 -0.0154469 -0.0128074 5.9411e-05 -0.00810736 -0.0154469 -0.00810736 8.40717e-05)
(8.4684e-05 -0.0128056 -0.0154173 -0.0128056 5.12372e-05 -0.00814869 -0.0154173 -0.00814869 6.32101e-05)
(-2.21854e-06 -0.0127948 -0.0154306 -0.0127948 4.16315e-05 -0.00811688 -0.0154306 -0.00811688 7.54511e-05)
(-1.08986e-05 -0.0127982 -0.0154383 -0.0127982 3.57298e-05 -0.00811319 -0.0154383 -0.00811319 7.79003e-05)
(-2.93688e-05 -0.0128007 -0.0154403 -0.0128007 4.15492e-05 -0.0081089 -0.0154403 -0.0081089 9.16238e-05)
(-1.5322e-06 -0.0127917 -0.015428 -0.0127917 3.06866e-05 -0.00811867 -0.015428 -0.00811867 7.30885e-05)
(9.33282e-05 -0.0128159 -0.015421 -0.0128159 8.28151e-05 -0.00815474 -0.015421 -0.00815474 5.12651e-05)
(4.21902e-05 -0.0127885 -0.0154159 -0.0127885 2.78422e-05 -0.00812398 -0.0154159 -0.00812398 7.32887e-05)
(-1.90204e-05 -0.0127963 -0.0154313 -0.0127963 4.31958e-05 -0.00811056 -0.0154313 -0.00811056 9.41853e-05)
(6.39734e-05 -0.0127939 -0.0154229 -0.0127939 3.17582e-05 -0.00813711 -0.0154229 -0.00813711 0.000118141)
(5.14089e-05 -0.0127916 -0.0154226 -0.0127916 2.4178e-05 -0.00812788 -0.0154226 -0.00812788 8.10874e-05)
(9.74364e-05 -0.0128165 -0.0154184 -0.0128165 7.89981e-05 -0.00815448 -0.0154184 -0.00815448 5.82903e-05)
(4.14316e-05 -0.0127888 -0.0154161 -0.0127888 2.63604e-05 -0.00812287 -0.0154161 -0.00812287 7.81443e-05)
(-0.000117433 -0.0128136 -0.015456 -0.0128136 7.91368e-05 -0.00810255 -0.015456 -0.00810255 8.78476e-05)
(2.87225e-05 -0.0128034 -0.0154377 -0.0128034 4.15887e-05 -0.00810921 -0.0154377 -0.00810921 0.000104539)
(-2.66596e-05 -0.0128086 -0.0154482 -0.0128086 5.54293e-05 -0.00810441 -0.0154482 -0.00810441 8.64253e-05)
(4.94822e-05 -0.0127909 -0.0154185 -0.0127909 2.42335e-05 -0.00812896 -0.0154185 -0.00812896 7.00154e-05)
(5.45448e-05 -0.0127915 -0.0154189 -0.0127915 2.67912e-05 -0.00813341 -0.0154189 -0.00813341 6.11649e-05)
(-5.1792e-05 -0.0128042 -0.0154449 -0.0128042 6.10588e-05 -0.00810645 -0.0154449 -0.00810645 8.95906e-05)
(-0.000153582 -0.0128234 -0.0154622 -0.0128234 9.92192e-05 -0.00809805 -0.0154622 -0.00809805 8.66398e-05)
(-3.0696e-05 -0.0128064 -0.0154456 -0.0128064 5.42449e-05 -0.00810422 -0.0154456 -0.00810422 8.94937e-05)
(8.00883e-05 -0.0128062 -0.0154222 -0.0128062 4.9444e-05 -0.00814486 -0.0154222 -0.00814486 4.92907e-05)
(5.06333e-05 -0.0127925 -0.0154259 -0.0127925 2.53298e-05 -0.00813315 -0.0154259 -0.00813315 4.53109e-05)
(-0.000114295 -0.0128148 -0.015455 -0.0128148 8.28722e-05 -0.00810741 -0.015455 -0.00810741 8.21578e-05)
(-4.79775e-05 -0.0128066 -0.015449 -0.0128066 6.2792e-05 -0.0081026 -0.015449 -0.0081026 9.44811e-05)
(7.32416e-05 -0.0127964 -0.0154179 -0.0127964 3.21291e-05 -0.00813716 -0.0154179 -0.00813716 0.000112054)
(3.18577e-05 -0.0127916 -0.0154233 -0.0127916 2.87881e-05 -0.00811862 -0.0154233 -0.00811862 7.5376e-05)
(-6.42754e-06 -0.0127947 -0.0154323 -0.0127947 3.47356e-05 -0.00811893 -0.0154323 -0.00811893 6.77888e-05)
(-7.9583e-05 -0.0128144 -0.0154538 -0.0128144 7.22984e-05 -0.00811996 -0.0154538 -0.00811996 6.59725e-05)
(2.52858e-05 -0.0127892 -0.0154227 -0.0127892 2.48718e-05 -0.00812144 -0.0154227 -0.00812144 9.22075e-05)
(4.50963e-05 -0.012798 -0.0154268 -0.012798 3.34344e-05 -0.00812064 -0.0154268 -0.00812064 0.00011575)
(-2.04874e-05 -0.0127987 -0.0154363 -0.0127987 5.39926e-05 -0.00811196 -0.0154363 -0.00811196 7.92865e-05)
(3.37934e-05 -0.0127898 -0.0154253 -0.0127898 2.26128e-05 -0.00812557 -0.0154253 -0.00812557 6.01185e-05)
(-9.93482e-05 -0.0128135 -0.0154533 -0.0128135 7.30667e-05 -0.00811045 -0.0154533 -0.00811045 7.72492e-05)
(7.79369e-06 -0.0127933 -0.0154296 -0.0127933 2.95554e-05 -0.00811527 -0.0154296 -0.00811527 9.61978e-05)
(-3.35994e-05 -0.0128016 -0.0154398 -0.0128016 4.5757e-05 -0.00810804 -0.0154398 -0.00810804 9.02558e-05)
(6.80078e-05 -0.0127954 -0.0154162 -0.0127954 3.20051e-05 -0.00813723 -0.0154162 -0.00813723 6.10589e-05)
(-4.12063e-06 -0.0127955 -0.0154362 -0.0127955 4.05606e-05 -0.00812278 -0.0154362 -0.00812278 6.14181e-05)
(-0.000123971 -0.0128221 -0.0154544 -0.0128221 9.12287e-05 -0.00811608 -0.0154544 -0.00811608 7.27202e-05)
(-1.06197e-05 -0.0127999 -0.0154392 -0.0127999 4.0123e-05 -0.00811067 -0.0154392 -0.00811067 8.40485e-05)
(-8.48664e-05 -0.012812 -0.0154537 -0.012812 6.74118e-05 -0.00810356 -0.0154537 -0.00810356 8.75971e-05)
(6.74534e-05 -0.0127947 -0.0154176 -0.0127947 2.8892e-05 -0.0081347 -0.0154176 -0.0081347 5.83405e-05)
(5.09552e-05 -0.012791 -0.0154223 -0.012791 2.43167e-05 -0.00813067 -0.0154223 -0.00813067 5.25655e-05)
(-9.36031e-05 -0.0128153 -0.0154543 -0.0128153 7.07971e-05 -0.00811415 -0.0154543 -0.00811415 7.05537e-05)
(-1.28078e-05 -0.0127965 -0.0154363 -0.0127965 3.49884e-05 -0.00811299 -0.0154363 -0.00811299 8.35684e-05)
(-4.21363e-05 -0.0128032 -0.0154424 -0.0128032 4.80499e-05 -0.00810965 -0.0154424 -0.00810965 8.38631e-05)
(2.77407e-05 -0.0127931 -0.0154244 -0.0127931 3.22046e-05 -0.00811624 -0.0154244 -0.00811624 7.6543e-05)
(6.33661e-05 -0.0127916 -0.0154163 -0.0127916 2.52805e-05 -0.00812796 -0.0154163 -0.00812796 6.23802e-05)
(-6.06291e-05 -0.0128035 -0.0154441 -0.0128035 6.09067e-05 -0.00811147 -0.0154441 -0.00811147 8.07474e-05)
(-3.23738e-05 -0.0128002 -0.0154407 -0.0128002 4.062e-05 -0.0081097 -0.0154407 -0.0081097 9.51479e-05)
(6.6538e-06 -0.0127994 -0.0154359 -0.0127994 3.51715e-05 -0.00811339 -0.0154359 -0.00811339 0.000106053)
(6.47535e-05 -0.0127915 -0.0154127 -0.0127915 2.54885e-05 -0.00812591 -0.0154127 -0.00812591 7.97655e-05)
(6.66567e-05 -0.0127922 -0.0154139 -0.0127922 2.49137e-05 -0.00812824 -0.0154139 -0.00812824 7.04957e-05)
(-0.000121467 -0.0128161 -0.0154545 -0.0128161 8.44224e-05 -0.0081095 -0.0154545 -0.0081095 7.93501e-05)
(-4.30925e-05 -0.0128032 -0.0154433 -0.0128032 5.00853e-05 -0.00810636 -0.0154433 -0.00810636 9.64095e-05)
(6.88648e-05 -0.0127943 -0.0154208 -0.0127943 2.90845e-05 -0.00813486 -0.0154208 -0.00813486 8.55614e-05)
(-1.27656e-05 -0.0127989 -0.0154349 -0.0127989 4.30271e-05 -0.00811131 -0.0154349 -0.00811131 8.05106e-05)
(5.04011e-05 -0.0127903 -0.0154173 -0.0127903 2.4485e-05 -0.00812943 -0.0154173 -0.00812943 6.50957e-05)
(-5.28605e-06 -0.0127971 -0.0154392 -0.0127971 4.77373e-05 -0.00811669 -0.0154392 -0.00811669 7.30589e-05)
(-7.92021e-05 -0.0128094 -0.015453 -0.0128094 6.81213e-05 -0.00810222 -0.015453 -0.00810222 9.32811e-05)
(-9.9278e-06 -0.0128024 -0.0154405 -0.0128024 4.17547e-05 -0.00810768 -0.0154405 -0.00810768 9.19526e-05)
(3.6837e-05 -0.0127891 -0.0154207 -0.0127891 2.44151e-05 -0.00812565 -0.0154207 -0.00812565 6.16324e-05)
(3.32108e-05 -0.0127888 -0.0154328 -0.0127888 2.48475e-05 -0.00813259 -0.0154328 -0.00813259 4.14924e-05)
(-4.08408e-06 -0.0127958 -0.0154414 -0.0127958 3.90935e-05 -0.00812367 -0.0154414 -0.00812367 6.05383e-05)
(-5.11821e-06 -0.0127968 -0.0154366 -0.0127968 3.84667e-05 -0.00811151 -0.0154366 -0.00811151 8.49215e-05)
(3.16676e-05 -0.0128019 -0.0154347 -0.0128019 3.8749e-05 -0.00811804 -0.0154347 -0.00811804 0.000119113)
(2.48163e-05 -0.0127938 -0.0154282 -0.0127938 3.55882e-05 -0.00811414 -0.0154282 -0.00811414 7.85757e-05)
(-9.21388e-05 -0.0128143 -0.0154539 -0.0128143 7.79231e-05 -0.00811731 -0.0154539 -0.00811731 6.73348e-05)
(-0.000104171 -0.0128209 -0.0154539 -0.0128209 7.9949e-05 -0.00811916 -0.0154539 -0.00811916 6.64025e-05)
(-4.09123e-05 -0.0128021 -0.0154396 -0.0128021 4.68659e-05 -0.00811482 -0.0154396 -0.00811482 7.87909e-05)
(4.29929e-05 -0.0128025 -0.0154327 -0.0128025 3.91567e-05 -0.00812348 -0.0154327 -0.00812348 0.000125329)
(3.06063e-05 -0.0127929 -0.0154268 -0.0127929 3.27865e-05 -0.00811822 -0.0154268 -0.00811822 7.02666e-05)
(3.53379e-05 -0.0127908 -0.0154269 -0.0127908 2.13291e-05 -0.00812552 -0.0154269 -0.00812552 5.41673e-05)
(-0.000116446 -0.0128201 -0.0154556 -0.0128201 8.48007e-05 -0.00811241 -0.0154556 -0.00811241 7.34242e-05)
(-8.20665e-05 -0.0128113 -0.0154517 -0.0128113 6.37702e-05 -0.00811074 -0.0154517 -0.00811074 7.62155e-05)
(2.6221e-05 -0.0127942 -0.0154283 -0.0127942 2.99132e-05 -0.00812261 -0.0154283 -0.00812261 0.000113109)
(7.10012e-05 -0.0127959 -0.0154167 -0.0127959 2.95743e-05 -0.00813521 -0.0154167 -0.00813521 6.14359e-05)
(5.09069e-05 -0.0127909 -0.0154239 -0.0127909 2.5616e-05 -0.00812978 -0.0154239 -0.00812978 5.11014e-05)
(-0.000119627 -0.0128175 -0.0154531 -0.0128175 8.27151e-05 -0.00811264 -0.0154531 -0.00811264 7.38492e-05)
(-0.000121632 -0.0128174 -0.0154565 -0.0128174 7.7823e-05 -0.00810537 -0.0154565 -0.00810537 8.27061e-05)
(2.8116e-05 -0.0127946 -0.0154297 -0.0127946 2.80761e-05 -0.00811966 -0.0154297 -0.00811966 0.000103112)
(5.92935e-05 -0.0127917 -0.0154183 -0.0127917 2.49516e-05 -0.00812914 -0.0154183 -0.00812914 6.55484e-05)
(9.07237e-05 -0.0128174 -0.0154237 -0.0128174 7.81408e-05 -0.00815029 -0.0154237 -0.00815029 4.25084e-05)
(-0.000112507 -0.0128194 -0.0154547 -0.0128194 8.16784e-05 -0.00811565 -0.0154547 -0.00811565 6.9503e-05)
(-0.000101828 -0.0128201 -0.0154561 -0.0128201 7.59953e-05 -0.00811618 -0.0154561 -0.00811618 6.73871e-05)
(4.11624e-05 -0.0127895 -0.0154212 -0.0127895 2.47921e-05 -0.00812838 -0.0154212 -0.00812838 9.54014e-05)
(-4.08829e-05 -0.0128062 -0.0154456 -0.0128062 6.26395e-05 -0.00810727 -0.0154456 -0.00810727 8.43818e-05)
(6.27235e-05 -0.0127919 -0.015416 -0.0127919 2.50052e-05 -0.0081275 -0.015416 -0.0081275 6.4386e-05)
(1.46677e-05 -0.0127907 -0.0154314 -0.0127907 3.06439e-05 -0.00812394 -0.0154314 -0.00812394 6.13247e-05)
(-7.53357e-05 -0.0128097 -0.0154518 -0.0128097 6.08189e-05 -0.00811218 -0.0154518 -0.00811218 7.50283e-05)
(-6.73371e-05 -0.0128116 -0.0154563 -0.0128116 5.95749e-05 -0.00810283 -0.0154563 -0.00810283 0.000104294)
(-6.55611e-05 -0.0128072 -0.0154473 -0.0128072 7.16809e-05 -0.00810455 -0.0154473 -0.00810455 8.94427e-05)
(6.47231e-05 -0.0127913 -0.015414 -0.0127913 2.50169e-05 -0.00812642 -0.015414 -0.00812642 7.16963e-05)
(-4.71212e-05 -0.0128055 -0.0154465 -0.0128055 5.93379e-05 -0.00811866 -0.0154465 -0.00811866 6.82269e-05)
(-0.000135134 -0.0128185 -0.0154555 -0.0128185 8.50082e-05 -0.00810951 -0.0154555 -0.00810951 7.92952e-05)
(4.73479e-05 -0.012792 -0.0154229 -0.012792 2.6409e-05 -0.00812839 -0.0154229 -0.00812839 0.000103771)
(-2.82179e-05 -0.0128044 -0.0154424 -0.0128044 5.38881e-05 -0.00810532 -0.0154424 -0.00810532 9.16355e-05)
(-1.0077e-05 -0.0127963 -0.0154312 -0.0127963 4.43243e-05 -0.00811151 -0.0154312 -0.00811151 8.42714e-05)
(5.46775e-06 -0.012797 -0.0154427 -0.012797 4.48293e-05 -0.00812578 -0.0154427 -0.00812578 6.02378e-05)
(-6.05837e-06 -0.0127954 -0.0154371 -0.0127954 3.6085e-05 -0.0081179 -0.0154371 -0.0081179 7.09708e-05)
(-1.2392e-05 -0.0128044 -0.0154435 -0.0128044 4.38312e-05 -0.00810741 -0.0154435 -0.00810741 0.000103012)
(3.4429e-05 -0.0127916 -0.015423 -0.0127916 2.61751e-05 -0.00811929 -0.015423 -0.00811929 7.21131e-05)
(-2.28662e-05 -0.012803 -0.015449 -0.012803 5.46475e-05 -0.00813127 -0.015449 -0.00813127 5.37678e-05)
(-2.52356e-05 -0.0128048 -0.0154511 -0.0128048 5.48985e-05 -0.00813008 -0.0154511 -0.00813008 5.68774e-05)
(8.59287e-06 -0.0127927 -0.0154307 -0.0127927 2.95045e-05 -0.00811847 -0.0154307 -0.00811847 7.40744e-05)
(-1.51473e-06 -0.0128057 -0.0154436 -0.0128057 4.81526e-05 -0.0081102 -0.0154436 -0.0081102 0.000113671)
(-9.81616e-06 -0.0128014 -0.01544 -0.0128014 5.65405e-05 -0.00810679 -0.01544 -0.00810679 9.03847e-05)
(3.96544e-05 -0.0127936 -0.0154344 -0.0127936 2.08671e-05 -0.00812786 -0.0154344 -0.00812786 4.10871e-05)
(5.74966e-05 -0.0127933 -0.0154235 -0.0127933 2.94256e-05 -0.00813656 -0.0154235 -0.00813656 6.04348e-05)
(-1.78272e-05 -0.0127968 -0.0154354 -0.0127968 3.68457e-05 -0.00811619 -0.0154354 -0.00811619 7.38494e-05)
(-3.0419e-05 -0.0128019 -0.0154414 -0.0128019 5.01785e-05 -0.00810611 -0.0154414 -0.00810611 0.000101938)
(5.98575e-05 -0.0127933 -0.0154202 -0.0127933 2.40925e-05 -0.00812461 -0.0154202 -0.00812461 7.17502e-05)
(0.000103309 -0.0128174 -0.0154258 -0.0128174 8.68764e-05 -0.00814575 -0.0154258 -0.00814575 3.35732e-05)
(1.56496e-05 -0.0127985 -0.0154357 -0.0127985 3.56144e-05 -0.00811538 -0.0154357 -0.00811538 6.64184e-05)
(-8.77192e-05 -0.0128252 -0.0154564 -0.0128252 7.77835e-05 -0.00812611 -0.0154564 -0.00812611 5.6231e-05)
(-9.77319e-06 -0.0127965 -0.0154362 -0.0127965 3.31892e-05 -0.00811338 -0.0154362 -0.00811338 0.000101652)
(7.23383e-05 -0.0127941 -0.0154142 -0.0127941 2.63857e-05 -0.00813021 -0.0154142 -0.00813021 7.62387e-05)
(8.09071e-05 -0.0128085 -0.0154253 -0.0128085 4.80248e-05 -0.00814148 -0.0154253 -0.00814148 3.70384e-05)
(4.16776e-05 -0.0127888 -0.0154158 -0.0127888 2.43941e-05 -0.00812597 -0.0154158 -0.00812597 7.55734e-05)
(-0.000106376 -0.0128138 -0.0154539 -0.0128138 7.05641e-05 -0.00810868 -0.0154539 -0.00810868 7.63971e-05)
(1.46272e-05 -0.0127931 -0.0154325 -0.0127931 2.54976e-05 -0.00811767 -0.0154325 -0.00811767 8.3016e-05)
(6.78592e-05 -0.0127944 -0.015417 -0.0127944 2.90643e-05 -0.00813523 -0.015417 -0.00813523 7.46915e-05)
(9.68281e-05 -0.0128188 -0.0154214 -0.0128188 7.86545e-05 -0.00815184 -0.0154214 -0.00815184 4.79315e-05)
(2.95269e-06 -0.0127956 -0.0154322 -0.0127956 3.83803e-05 -0.00811594 -0.0154322 -0.00811594 7.14356e-05)
(-0.000141625 -0.0128355 -0.0154528 -0.0128355 9.67583e-05 -0.00812145 -0.0154528 -0.00812145 6.5527e-05)
(9.49624e-06 -0.012793 -0.0154306 -0.012793 2.76693e-05 -0.0081163 -0.0154306 -0.0081163 8.62775e-05)
(4.28651e-05 -0.0127948 -0.0154234 -0.0127948 3.10589e-05 -0.00811533 -0.0154234 -0.00811533 9.28708e-05)
(5.92158e-05 -0.012792 -0.0154177 -0.012792 2.478e-05 -0.00812412 -0.0154177 -0.00812412 6.79144e-05)
(1.84467e-05 -0.01279 -0.0154294 -0.01279 3.0014e-05 -0.00812484 -0.0154294 -0.00812484 5.88942e-05)
(-5.75819e-05 -0.012809 -0.0154492 -0.012809 5.58327e-05 -0.00811629 -0.0154492 -0.00811629 6.98604e-05)
(-0.000116211 -0.0128156 -0.0154606 -0.0128156 7.6449e-05 -0.00809968 -0.0154606 -0.00809968 9.2828e-05)
(-5.22534e-05 -0.0128069 -0.0154481 -0.0128069 6.85363e-05 -0.00810331 -0.0154481 -0.00810331 9.08063e-05)
(3.57898e-05 -0.0127913 -0.015424 -0.0127913 3.22673e-05 -0.00811974 -0.015424 -0.00811974 7.09712e-05)
(-2.44929e-05 -0.0128012 -0.0154427 -0.0128012 5.24706e-05 -0.00812 -0.0154427 -0.00812 6.54255e-05)
(-0.000134541 -0.0128257 -0.015455 -0.0128257 9.01991e-05 -0.00811658 -0.015455 -0.00811658 7.12848e-05)
(-1.33952e-05 -0.012799 -0.0154372 -0.012799 3.84964e-05 -0.00811004 -0.0154372 -0.00811004 9.77301e-05)
(3.35322e-05 -0.0127981 -0.015429 -0.0127981 3.6743e-05 -0.00811079 -0.015429 -0.00811079 0.000100656)
(-6.64455e-05 -0.012806 -0.0154465 -0.012806 6.81751e-05 -0.0081082 -0.0154465 -0.0081082 8.20903e-05)
(-4.61319e-05 -0.0128092 -0.0154508 -0.0128092 7.04479e-05 -0.00812431 -0.0154508 -0.00812431 6.34484e-05)
(-8.98392e-06 -0.0128003 -0.0154472 -0.0128003 4.10865e-05 -0.00812767 -0.0154472 -0.00812767 5.46158e-05)
(-5.08631e-05 -0.012807 -0.0154494 -0.012807 5.27167e-05 -0.00810429 -0.0154494 -0.00810429 0.000101801)
(5.45621e-05 -0.0127956 -0.0154218 -0.0127956 2.8648e-05 -0.00811744 -0.0154218 -0.00811744 9.34593e-05)
(-5.08033e-05 -0.0128122 -0.0154535 -0.0128122 7.6354e-05 -0.00812699 -0.0154535 -0.00812699 6.03495e-05)
(2.63006e-05 -0.0127902 -0.0154277 -0.0127902 2.41427e-05 -0.00812537 -0.0154277 -0.00812537 5.29542e-05)
(2.63297e-05 -0.0127909 -0.0154228 -0.0127909 2.6653e-05 -0.00812 -0.0154228 -0.00812 9.01598e-05)
(1.7469e-05 -0.0127966 -0.0154299 -0.0127966 3.80967e-05 -0.00811108 -0.0154299 -0.00811108 0.00010267)
(4.12794e-06 -0.0128005 -0.0154368 -0.0128005 4.4575e-05 -0.00810872 -0.0154368 -0.00810872 9.69363e-05)
(0.000247714 -0.0128333 -0.0154399 -0.0128333 0.000124068 -0.00814348 -0.0154399 -0.00814348 2.94951e-05)
(0.000109254 -0.0128148 -0.0154182 -0.0128148 9.6832e-05 -0.00815501 -0.0154182 -0.00815501 5.77118e-05)
(4.03195e-05 -0.0127889 -0.0154205 -0.0127889 2.17692e-05 -0.00812883 -0.0154205 -0.00812883 6.44264e-05)
(-2.18494e-05 -0.0128043 -0.0154481 -0.0128043 5.21016e-05 -0.00811726 -0.0154481 -0.00811726 6.93986e-05)
(5.7292e-05 -0.0127929 -0.0154231 -0.0127929 2.6709e-05 -0.00813387 -0.0154231 -0.00813387 6.79724e-05)
(0.000190967 -0.0128331 -0.0154274 -0.0128331 0.000126258 -0.00814814 -0.0154274 -0.00814814 3.15465e-05)
(6.11577e-05 -0.0127957 -0.0154225 -0.0127957 2.48018e-05 -0.00813169 -0.0154225 -0.00813169 4.65887e-05)
(4.32439e-07 -0.0127986 -0.0154453 -0.0127986 3.14175e-05 -0.00812839 -0.0154453 -0.00812839 4.36496e-05)
(-4.48549e-05 -0.0128098 -0.0154516 -0.0128098 5.0562e-05 -0.00811723 -0.0154516 -0.00811723 6.24406e-05)
(5.9686e-05 -0.0127921 -0.0154159 -0.0127921 2.68865e-05 -0.00812794 -0.0154159 -0.00812794 9.67375e-05)
(0.000126574 -0.0128341 -0.0154281 -0.0128341 0.000117652 -0.00814878 -0.0154281 -0.00814878 3.0862e-05)
(6.9887e-05 -0.0127958 -0.015413 -0.0127958 3.22943e-05 -0.00813812 -0.015413 -0.00813812 7.88177e-05)
(-4.26339e-05 -0.0127999 -0.0154421 -0.0127999 4.44789e-05 -0.00811479 -0.0154421 -0.00811479 6.81344e-05)
(-5.87683e-05 -0.0128189 -0.0154554 -0.0128189 6.11915e-05 -0.008122 -0.0154554 -0.008122 5.61061e-05)
(6.78989e-05 -0.0127939 -0.0154175 -0.0127939 2.84217e-05 -0.00813378 -0.0154175 -0.00813378 8.70054e-05)
(9.93595e-05 -0.0128183 -0.0154207 -0.0128183 7.1204e-05 -0.00815014 -0.0154207 -0.00815014 4.96634e-05)
(4.98196e-05 -0.0127896 -0.0154164 -0.0127896 2.38781e-05 -0.00812538 -0.0154164 -0.00812538 6.77415e-05)
(-9.77536e-05 -0.0128196 -0.0154545 -0.0128196 7.26798e-05 -0.00811621 -0.0154545 -0.00811621 6.42281e-05)
(-5.37498e-05 -0.0128148 -0.0154533 -0.0128148 5.92403e-05 -0.00811755 -0.0154533 -0.00811755 6.48216e-05)
(5.9811e-05 -0.0127938 -0.0154179 -0.0127938 2.84923e-05 -0.00812816 -0.0154179 -0.00812816 0.000108519)
(8.14152e-05 -0.0127979 -0.0154156 -0.0127979 2.73228e-05 -0.00813166 -0.0154156 -0.00813166 6.81752e-05)
(5.74748e-05 -0.0127907 -0.0154143 -0.0127907 2.56953e-05 -0.00813004 -0.0154143 -0.00813004 6.81962e-05)
(-4.12647e-05 -0.0128015 -0.0154412 -0.0128015 4.72719e-05 -0.00811423 -0.0154412 -0.00811423 7.405e-05)
(-0.000155414 -0.0128266 -0.0154557 -0.0128266 9.64988e-05 -0.00810779 -0.0154557 -0.00810779 8.10873e-05)
(7.52557e-06 -0.0128002 -0.0154354 -0.0128002 4.39683e-05 -0.00810801 -0.0154354 -0.00810801 9.51136e-05)
(4.3648e-05 -0.012791 -0.015425 -0.012791 2.85049e-05 -0.00812386 -0.015425 -0.00812386 6.18836e-05)
(1.58106e-05 -0.0127929 -0.0154303 -0.0127929 3.50516e-05 -0.00812082 -0.0154303 -0.00812082 6.50713e-05)
(-0.000124227 -0.0128206 -0.0154548 -0.0128206 8.13758e-05 -0.00811328 -0.0154548 -0.00811328 7.34859e-05)
(-0.000129324 -0.0128199 -0.0154568 -0.0128199 8.0289e-05 -0.00810661 -0.0154568 -0.00810661 8.18403e-05)
(6.92752e-05 -0.0127967 -0.0154184 -0.0127967 2.99751e-05 -0.00812752 -0.0154184 -0.00812752 0.000112581)
(3.38443e-05 -0.0127929 -0.0154265 -0.0127929 3.21494e-05 -0.00811843 -0.0154265 -0.00811843 7.0147e-05)
(-2.03818e-05 -0.0128003 -0.0154404 -0.0128003 5.22839e-05 -0.00811944 -0.0154404 -0.00811944 6.54436e-05)
(-2.644e-05 -0.0128045 -0.0154456 -0.0128045 4.84158e-05 -0.0081217 -0.0154456 -0.0081217 6.1464e-05)
(-8.72181e-05 -0.0128102 -0.0154517 -0.0128102 6.2337e-05 -0.00810596 -0.0154517 -0.00810596 8.58338e-05)
(8.22639e-06 -0.0128064 -0.0154437 -0.0128064 5.31742e-05 -0.00810601 -0.0154437 -0.00810601 0.000107917)
(6.27507e-06 -0.0127996 -0.0154422 -0.0127996 4.26861e-05 -0.00812241 -0.0154422 -0.00812241 5.65179e-05)
(8.4261e-05 -0.0128068 -0.0154214 -0.0128068 7.22547e-05 -0.0081551 -0.0154214 -0.0081551 6.5941e-05)
(4.77549e-05 -0.0127908 -0.0154156 -0.0127908 2.85382e-05 -0.00812988 -0.0154156 -0.00812988 0.000111242)
(2.96855e-05 -0.0127904 -0.0154264 -0.0127904 2.53373e-05 -0.00812109 -0.0154264 -0.00812109 6.90304e-05)
(4.41587e-05 -0.0127888 -0.0154254 -0.0127888 2.37499e-05 -0.00813201 -0.0154254 -0.00813201 7.31876e-05)
(0.000152514 -0.0128121 -0.0154247 -0.0128121 0.000109394 -0.00814872 -0.0154247 -0.00814872 3.60791e-05)
(7.24704e-05 -0.0127993 -0.0154166 -0.0127993 3.9965e-05 -0.008144 -0.0154166 -0.008144 7.11838e-05)
(5.67068e-05 -0.0127916 -0.0154167 -0.0127916 2.30478e-05 -0.00812788 -0.0154167 -0.00812788 7.03772e-05)
(2.38808e-06 -0.0128023 -0.0154494 -0.0128023 4.1187e-05 -0.0081284 -0.0154494 -0.0081284 5.30711e-05)
(8.3212e-05 -0.0127969 -0.0154254 -0.0127969 5.37986e-05 -0.00814572 -0.0154254 -0.00814572 5.70148e-05)
(0.000106908 -0.012815 -0.0154176 -0.012815 8.6275e-05 -0.00815516 -0.0154176 -0.00815516 6.1515e-05)
(6.23424e-05 -0.0127939 -0.0154212 -0.0127939 2.62728e-05 -0.00813282 -0.0154212 -0.00813282 4.80934e-05)
(7.72728e-06 -0.0127929 -0.0154365 -0.0127929 2.60255e-05 -0.00812419 -0.0154365 -0.00812419 4.96126e-05)
(-2.17347e-05 -0.0128096 -0.0154511 -0.0128096 4.4731e-05 -0.00812591 -0.0154511 -0.00812591 4.92295e-05)
(3.8466e-05 -0.0127889 -0.0154221 -0.0127889 2.36203e-05 -0.00812738 -0.0154221 -0.00812738 8.48024e-05)
(0.000140595 -0.0128355 -0.0154238 -0.0128355 0.000122677 -0.00815087 -0.0154238 -0.00815087 3.43484e-05)
