/*--------------------------------*- C++ -*----------------------------------*\
  =========                 |
  \\      /  F ield         | OpenFOAM: The Open Source CFD Toolbox
   \\    /   O peration     | Website:  https://openfoam.org
    \\  /    A nd           | Version:  10
     \\/     M anipulation  |
\*---------------------------------------------------------------------------*/
FoamFile
{
    format      ascii;
    class       volTensorField;
    location    "15";
    object      TauNN;
}
// * * * * * * * * * * * * * * * * * * * * * * * * * * * * * * * * * * * * * //

dimensions      [0 2 -2 0 0 0 0];

internalField   nonuniform List<tensor> 
25600
(
(0.000174962 -2.49343e-05 0.000131791 -2.49343e-05 0.000165527 1.23214e-05 0.000131791 1.23214e-05 5.30052e-05)
(0.000165281 -4.21647e-05 0.000105944 -4.21647e-05 0.000135598 1.22199e-05 0.000105944 1.22199e-05 5.45265e-05)
(0.000212337 -5.2196e-05 8.53902e-05 -5.2196e-05 0.000142842 -2.38605e-05 8.53902e-05 -2.38605e-05 5.27761e-05)
(0.000230853 1.52476e-05 0.000128416 1.52476e-05 0.000127278 -7.67717e-05 0.000128416 -7.67717e-05 7.60266e-05)
(0.000240743 0.000108218 0.000152688 0.000108218 0.000210459 -2.125e-05 0.000152688 -2.125e-05 0.000101471)
(0.000253269 6.64135e-05 0.000101335 6.64135e-05 0.000422218 7.51559e-05 0.000101335 7.51559e-05 9.00642e-05)
(0.000225263 -3.8906e-05 7.50301e-05 -3.8906e-05 0.000494839 1.82446e-06 7.50301e-05 1.82446e-06 2.31097e-05)
(0.00020372 -4.12054e-05 0.00014187 -4.12054e-05 0.000423829 -0.000128875 0.00014187 -0.000128875 0.000184062)
(0.000173459 -3.69223e-05 0.000160969 -3.69223e-05 0.000311724 -0.000134523 0.000160969 -0.000134523 0.000416353)
(0.000141769 -2.31555e-05 6.42659e-05 -2.31555e-05 0.00023789 -8.54312e-05 6.42659e-05 -8.54312e-05 0.000432351)
(0.000120231 -9.23499e-06 2.087e-05 -9.23499e-06 0.000195817 -7.39377e-05 2.087e-05 -7.39377e-05 0.000306352)
(0.000127682 1.52979e-05 3.48855e-05 1.52979e-05 0.000222672 -4.96898e-05 3.48855e-05 -4.96898e-05 0.000227309)
(0.000129119 4.74211e-05 2.8423e-05 4.74211e-05 0.000308861 -6.30822e-05 2.8423e-05 -6.30822e-05 0.000184671)
(0.000124499 3.33739e-05 3.55737e-05 3.33739e-05 0.000324577 -8.42772e-05 3.55737e-05 -8.42772e-05 0.000158711)
(0.000156874 1.26706e-05 6.28773e-05 1.26706e-05 0.000278104 -5.70854e-05 6.28773e-05 -5.70854e-05 8.30927e-05)
(0.000246525 4.08851e-07 0.000112615 4.08851e-07 0.000242714 -3.79235e-05 0.000112615 -3.79235e-05 6.59686e-05)
(0.000369546 3.54256e-05 0.000160753 3.54256e-05 0.00024008 -4.20837e-05 0.000160753 -4.20837e-05 0.00022411)
(0.000412297 7.97436e-05 0.000180359 7.97436e-05 0.000235529 -1.9839e-05 0.000180359 -1.9839e-05 0.000341506)
(0.000322398 6.9919e-05 0.000148736 6.9919e-05 0.000207051 -1.90837e-05 0.000148736 -1.90837e-05 0.000183014)
(0.000218803 2.99243e-05 0.000118449 2.99243e-05 0.000193441 -1.55726e-05 0.000118449 -1.55726e-05 2.81387e-05)
(0.000147812 1.85333e-07 0.00011894 1.85333e-07 0.000180795 2.36062e-05 0.00011894 2.36062e-05 3.52089e-05)
(0.000135504 -1.11489e-05 0.000109704 -1.11489e-05 0.000188368 4.47826e-05 0.000109704 4.47826e-05 0.000111195)
(0.000135645 -9.31323e-08 8.16472e-05 -9.31323e-08 0.00017585 1.02278e-05 8.16472e-05 1.02278e-05 8.5898e-05)
(0.000142672 2.95974e-05 6.79418e-05 2.95974e-05 0.000151355 -2.8139e-05 6.79418e-05 -2.8139e-05 5.63976e-05)
(0.000177382 4.75878e-05 9.12305e-05 4.75878e-05 0.000162627 -1.94125e-05 9.12305e-05 -1.94125e-05 8.86155e-05)
(0.000218451 3.80119e-05 0.00016166 3.80119e-05 0.000146133 -6.60308e-07 0.00016166 -6.60308e-07 0.000144501)
(0.000252036 2.83225e-05 0.000166412 2.83225e-05 0.000147333 -5.60535e-05 0.000166412 -5.60535e-05 0.000144073)
(0.000304439 3.04636e-05 0.000143743 3.04636e-05 0.000252269 -0.000117421 0.000143743 -0.000117421 0.000116748)
(0.000308141 -8.40984e-06 0.000155306 -8.40984e-06 0.000355129 -9.65297e-05 0.000155306 -9.65297e-05 7.04859e-05)
(0.000242848 -4.91375e-05 0.000154851 -4.91375e-05 0.000265115 -1.02175e-05 0.000154851 -1.02175e-05 5.96748e-05)
(0.000212613 -1.40732e-05 0.000130946 -1.40732e-05 0.000157703 1.11293e-05 0.000130946 1.11293e-05 8.60681e-05)
(0.0002698 7.03642e-05 0.000149186 7.03642e-05 0.00025623 4.60232e-05 0.000149186 4.60232e-05 0.000175167)
(0.000402149 0.000141734 0.000250649 0.000141734 0.000428227 0.000193814 0.000250649 0.000193814 0.000449918)
(0.000460974 0.000175848 0.00024309 0.000175848 0.000464836 0.000240577 0.00024309 0.000240577 0.000585781)
(0.000352111 0.000131845 0.000185984 0.000131845 0.000390789 0.000136708 0.000185984 0.000136708 0.000279022)
(0.000226613 0.000118516 8.88947e-05 0.000118516 0.000367491 -1.07931e-05 8.88947e-05 -1.07931e-05 0.000159639)
(0.000204923 0.000164369 -9.71258e-05 0.000164369 0.000376764 -0.000182714 -9.71258e-05 -0.000182714 0.000313428)
(0.000195024 0.000114504 -7.41221e-05 0.000114504 0.000291358 -0.000142672 -7.41221e-05 -0.000142672 0.00033249)
(0.000151157 -2.30968e-07 7.19307e-05 -2.30968e-07 0.000184848 -6.65803e-06 7.19307e-05 -6.65803e-06 0.000169579)
(0.000159946 -2.49445e-05 0.000117443 -2.49445e-05 0.000156071 9.99402e-06 0.000117443 9.99402e-06 6.17558e-05)
(0.000354973 -2.65324e-05 0.000197049 -2.65324e-05 0.000302429 0.000240365 0.000197049 0.000240365 0.000898426)
(0.000333756 -7.0964e-05 7.87713e-06 -7.0964e-05 0.000245262 6.39567e-05 7.87713e-06 6.39567e-05 0.00128671)
(0.000188527 1.45771e-05 -0.000103809 1.45771e-05 0.000197984 -2.19624e-05 -0.000103809 -2.19624e-05 0.000504451)
(0.00028434 1.27032e-06 0.000161672 1.27032e-06 0.000178727 -7.47796e-05 0.000161672 -7.47796e-05 8.24452e-05)
(0.000764948 1.54655e-05 0.000500498 1.54655e-05 0.000220627 -0.000205172 0.000500498 -0.000205172 0.000808039)
(0.000864287 0.000130828 0.000373982 0.000130828 0.000253876 -0.000270708 0.000373982 -0.000270708 0.00110086)
(0.000438397 0.000143751 8.67527e-05 0.000143751 0.000243178 -0.000189068 8.67527e-05 -0.000189068 0.000235408)
(0.000269014 6.74287e-05 0.000241807 6.74287e-05 0.000272659 7.18683e-05 0.000241807 7.18683e-05 0.000108268)
(0.000357643 -2.56831e-05 0.000330403 -2.56831e-05 0.000244456 0.000182741 0.000330403 0.000182741 0.000510853)
(0.000268343 -4.57624e-05 0.000202414 -4.57624e-05 0.000226054 0.000135324 0.000202414 0.000135324 0.000285724)
(0.000260704 -5.44274e-05 0.000172705 -5.44274e-05 0.000196929 1.65319e-05 0.000172705 1.65319e-05 0.000140646)
(0.000275568 -5.18449e-05 0.000181786 -5.18449e-05 0.000144749 -2.58544e-05 0.000181786 -2.58544e-05 0.000130244)
(0.000202384 -1.68588e-05 0.000134972 -1.68588e-05 9.95299e-05 -9.22941e-07 0.000134972 -9.22941e-07 8.79763e-05)
(0.000157957 -4.05591e-06 0.000125884 -4.05591e-06 0.000104671 2.26703e-05 0.000125884 2.26703e-05 0.000106325)
(0.000178518 -1.984e-05 0.000131035 -1.984e-05 0.000177551 6.69528e-06 0.000131035 6.69528e-06 9.71385e-05)
(0.000236754 1.53761e-05 0.000119813 1.53761e-05 0.000246054 -2.56812e-05 0.000119813 -2.56812e-05 8.06482e-05)
(0.000369238 -7.41612e-06 9.86336e-05 -7.41612e-06 0.000374465 -0.000127613 9.86336e-05 -0.000127613 0.000128787)
(0.000542582 -7.0665e-05 0.000123122 -7.0665e-05 0.000481338 -0.000224075 0.000123122 -0.000224075 0.000216287)
(0.000514872 -2.05981e-05 0.000143481 -2.05981e-05 0.000407061 -0.00019675 0.000143481 -0.00019675 0.000201247)
(0.000374055 4.30485e-05 0.000137392 4.30485e-05 0.000277942 -9.29078e-05 0.000137392 -9.29078e-05 0.00013096)
(0.000251815 6.51581e-05 0.000115245 6.51581e-05 0.00021195 -2.85963e-05 0.000115245 -2.85963e-05 4.29486e-05)
(0.000210109 5.43157e-05 9.72087e-05 5.43157e-05 0.000212361 -2.13971e-05 9.72087e-05 -2.13971e-05 2.752e-05)
(0.000233107 5.82421e-05 0.00010389 5.82421e-05 0.000223467 -2.85497e-05 0.00010389 -2.85497e-05 6.07188e-05)
(0.000299556 6.54757e-05 0.000180684 6.54757e-05 0.000192078 -4.30178e-06 0.000180684 -4.30178e-06 0.000152261)
(0.000292138 7.08438e-05 0.000200326 7.08438e-05 0.000155867 1.22571e-05 0.000200326 1.22571e-05 0.000192477)
(0.000158965 3.41376e-05 0.000102173 3.41376e-05 0.000141822 -1.38087e-05 0.000102173 -1.38087e-05 5.14564e-05)
(0.000148925 -4.4751e-05 0.000134916 -4.4751e-05 0.000217937 -0.000115136 0.000134916 -0.000115136 0.000217035)
(0.000248881 -8.84747e-05 0.000196796 -8.84747e-05 0.000408825 -0.000361124 0.000196796 -0.000361124 0.000760303)
(0.000252193 -3.23178e-05 4.26322e-05 -3.23178e-05 0.000317274 -0.000291752 4.26322e-05 -0.000291752 0.000879685)
(0.000197843 -4.39128e-05 -3.77176e-05 -4.39128e-05 0.000146808 -9.5237e-06 -3.77176e-05 -9.5237e-06 0.000417865)
(0.000284076 -9.02852e-05 0.000113834 -9.02852e-05 0.000203157 9.17353e-07 0.000113834 9.17353e-07 5.75883e-05)
(0.000449273 -9.37842e-06 0.000193579 -9.37842e-06 0.000277735 -0.000112236 0.000193579 -0.000112236 0.000188718)
(0.00041879 0.000106269 0.000186709 0.000106269 0.000184059 -2.7176e-05 0.000186709 -2.7176e-05 0.0003123)
(0.000258654 8.61576e-05 0.000165713 8.61576e-05 0.000203299 4.75114e-05 0.000165713 4.75114e-05 0.000141932)
(0.000214195 0.000130338 7.78344e-05 0.000130338 0.000284235 -3.14713e-05 7.78344e-05 -3.14713e-05 9.19586e-05)
(0.000221503 0.000118045 8.54377e-05 0.000118045 0.000168121 -3.98615e-05 8.54377e-05 -3.98615e-05 0.000114726)
(0.000277002 6.3506e-05 0.000218304 6.3506e-05 6.2447e-05 -3.74652e-05 0.000218304 -3.74652e-05 0.00010417)
(0.000449671 0.000150063 0.000114959 0.000150063 0.000232995 -0.000184326 0.000114959 -0.000184326 0.000273399)
(0.000516146 0.000258536 4.87808e-05 0.000258536 0.000393278 -0.000183915 4.87808e-05 -0.000183915 0.000189804)
(0.000403266 0.000158248 0.000240853 0.000158248 0.000483028 0.000114533 0.000240853 0.000114533 0.000165809)
(0.000501712 -0.00010006 0.000241015 -0.00010006 0.00042236 -0.000255774 0.000241015 -0.000255774 0.000271722)
(0.000500601 -0.000139401 0.000222508 -0.000139401 0.000494719 -0.000272048 0.000222508 -0.000272048 0.000206164)
(0.000379302 -5.11175e-05 0.000191102 -5.11175e-05 0.000369732 -0.000159808 0.000191102 -0.000159808 0.000112759)
(0.000402999 5.01787e-05 0.000163289 5.01787e-05 0.000359837 -0.00016196 0.000163289 -0.00016196 0.000163386)
(0.000695021 0.00016308 3.93409e-05 0.00016308 0.000687447 -0.000384462 3.93409e-05 -0.000384462 0.000438735)
(0.00108894 0.000193344 -6.61472e-05 0.000193344 0.00127984 -0.000713938 -6.61472e-05 -0.000713938 0.00082339)
(0.00127291 0.000125617 -8.15038e-05 0.000125617 0.0021482 -0.00089861 -8.15038e-05 -0.00089861 0.000922882)
(0.00104184 0.000177205 -5.4352e-06 0.000177205 0.00215899 -0.000705957 -5.4352e-06 -0.000705957 0.000699984)
(0.000703758 9.76231e-05 9.81195e-05 9.76231e-05 0.00145955 -0.000344615 9.81195e-05 -0.000344615 0.000370895)
(0.000490916 2.08654e-05 0.000153889 2.08654e-05 0.000883241 -0.000136042 0.000153889 -0.000136042 0.000230945)
(0.000371988 -3.85353e-05 0.000170845 -3.85353e-05 0.000590959 -6.4644e-05 0.000170845 -6.4644e-05 0.000160393)
(0.000318263 -0.000184169 0.000161664 -0.000184169 0.000643237 -3.19947e-05 0.000161664 -3.19947e-05 0.000137663)
(0.000337925 -0.000262887 0.00011377 -0.000262887 0.000963468 2.94428e-05 0.00011377 2.94428e-05 0.000303597)
(0.000415684 -0.000151664 -2.03382e-05 -0.000151664 0.00119326 0.00031839 -2.03382e-05 0.00031839 0.000613732)
(0.000489398 2.02628e-05 -5.69709e-05 2.02628e-05 0.000995207 0.000649637 -5.69709e-05 0.000649637 0.00102234)
(0.000497417 1.38115e-06 0.00014401 1.38115e-06 0.00062873 0.000508319 0.00014401 0.000508319 0.00120374)
(0.00026952 -4.01055e-05 0.00017225 -4.01055e-05 0.000418062 0.000226735 0.00017225 0.000226735 0.00056178)
(0.000284233 -5.86063e-05 0.000137924 -5.86063e-05 0.000431434 -5.71674e-05 0.000137924 -5.71674e-05 8.68898e-05)
(0.000656743 -8.41795e-05 0.000300694 -8.41795e-05 0.000459302 -0.000327293 0.000300694 -0.000327293 0.000607639)
(0.000809373 5.52321e-05 0.000471665 5.52321e-05 0.000316396 -0.000213567 0.000471665 -0.000213567 0.00103027)
(0.000592524 0.000167586 0.000417678 0.000167586 0.00026473 8.14395e-05 0.000417678 8.14395e-05 0.000685765)
(0.00034942 0.000119444 0.00022292 0.000119444 0.000309981 0.000101617 0.00022292 0.000101617 0.000316581)
(0.000213239 4.72311e-05 0.000127421 4.72311e-05 0.000185449 1.49496e-05 0.000127421 1.49496e-05 0.000148533)
(0.000249189 4.03868e-05 0.000178176 4.03868e-05 0.000137951 -3.95179e-05 0.000178176 -3.95179e-05 0.000155936)
(0.000352821 0.000104576 0.000256803 0.000104576 0.000167085 -2.21161e-05 0.000256803 -2.21161e-05 0.000297957)
(0.000450324 0.000289683 0.00027761 0.000289683 0.000453013 0.000164674 0.00027761 0.000164674 0.000366288)
(0.000369543 0.000318051 0.000209603 0.000318051 0.000866694 0.000254688 0.000209603 0.000254688 0.000271086)
(0.000242263 5.28088e-05 0.000120872 5.28088e-05 0.000578051 0.000163716 0.000120872 0.000163716 0.000129129)
(0.000390325 2.19271e-05 5.21066e-05 2.19271e-05 0.000197373 3.37418e-05 5.21066e-05 3.37418e-05 0.000252229)
(0.00068062 0.000250202 -3.96976e-05 0.000250202 0.000375844 -0.000249976 -3.96976e-05 -0.000249976 0.000558158)
(0.0006548 0.000146074 3.50438e-05 0.000146074 0.000569484 -0.000358858 3.50438e-05 -0.000358858 0.000525279)
(0.000500397 -8.63848e-05 0.000165857 -8.63848e-05 0.00049059 -0.000210739 0.000165857 -0.000210739 0.000212129)
(0.000400819 -1.9555e-05 0.000181686 -1.9555e-05 0.00023755 -3.88408e-05 0.000181686 -3.88408e-05 4.90119e-05)
(0.000324479 0.000101998 0.000178402 0.000101998 0.000179176 -6.41122e-06 0.000178402 -6.41122e-06 6.93542e-05)
(0.000244995 8.20123e-05 0.000179896 8.20123e-05 0.000116693 -2.99048e-06 0.000179896 -2.99048e-06 0.000136909)
(0.000470597 0.000177218 6.21155e-05 0.000177218 0.000207619 -0.000136341 6.21155e-05 -0.000136341 0.000428391)
(0.000743767 0.000278605 -0.000160439 0.000278605 0.000475871 -0.000346754 -0.000160439 -0.000346754 0.000684312)
(0.000561841 0.000183593 -3.05409e-05 0.000183593 0.000407888 -0.00022009 -3.05409e-05 -0.00022009 0.000410353)
(0.000427193 9.11765e-05 8.23271e-05 9.11765e-05 0.000412697 -0.000157175 8.23271e-05 -0.000157175 0.000215678)
(0.000431528 -1.97766e-05 0.000141243 -1.97766e-05 0.000465405 -0.000187033 0.000141243 -0.000187033 0.00021297)
(0.00110551 0.000247522 0.000203665 0.000247522 0.00100989 0.00058904 0.000203665 0.00058904 0.00206755)
(0.00085378 0.000289971 0.000299636 0.000289971 0.000526017 1.83936e-05 0.000299636 1.83936e-05 0.00133065)
(0.000496832 -5.81359e-05 0.000254568 -5.81359e-05 0.000409336 -9.74527e-05 0.000254568 -9.74527e-05 0.000293321)
(0.00031375 -0.000162451 0.000116443 -0.000162451 0.000331992 4.41261e-05 0.000116443 4.41261e-05 0.00012761)
(0.000227733 -6.73495e-05 0.000126216 -6.73495e-05 0.000246613 2.73334e-05 0.000126216 2.73334e-05 0.000178162)
(0.000287898 -6.88564e-05 0.000140204 -6.88564e-05 0.000342561 -2.4939e-05 0.000140204 -2.4939e-05 0.00022155)
(0.00036938 -2.75671e-05 0.00012035 -2.75671e-05 0.000452523 -4.09475e-05 0.00012035 -4.09475e-05 0.000290925)
(0.000286698 7.67596e-06 0.00012079 7.67596e-06 0.000389111 -1.546e-07 0.00012079 -1.546e-07 0.000277572)
(0.000372454 0.000179769 9.96022e-05 0.000179769 0.000574961 2.28025e-05 9.96022e-05 2.28025e-05 0.000389104)
(0.00073229 0.000437714 0.000464359 0.000437714 0.00107213 0.000358999 0.000464359 0.000358999 0.000853069)
(0.00092003 0.000592155 0.000576319 0.000592155 0.00149987 0.000646789 0.000576319 0.000646789 0.00119066)
(0.0006037 0.000356184 0.00023981 0.000356184 0.0011087 0.000335575 0.00023981 0.000335575 0.000623724)
(0.000242167 4.25661e-05 8.59313e-05 4.25661e-05 0.0004126 -1.45482e-05 8.59313e-05 -1.45482e-05 0.000187236)
(0.00021801 -4.87873e-05 9.73297e-05 -4.87873e-05 0.000438172 6.97616e-05 9.73297e-05 6.97616e-05 0.000231266)
(0.000300194 -0.000154096 0.000132161 -0.000154096 0.000850388 2.17119e-05 0.000132161 2.17119e-05 0.000177417)
(0.000339035 -0.000133806 0.000177171 -0.000133806 0.000565726 -0.000181428 0.000177171 -0.000181428 0.000153337)
(0.000309116 -2.01035e-05 0.000155294 -2.01035e-05 0.000351234 -0.000107093 0.000155294 -0.000107093 0.000164201)
(0.000279548 -1.67964e-05 0.000150357 -1.67964e-05 0.000285304 -5.07953e-05 0.000150357 -5.07953e-05 0.000150147)
(0.000477795 -0.000148377 0.000247158 -0.000148377 0.000417439 -0.000113317 0.000247158 -0.000113317 0.000230769)
(0.000903489 -0.000145013 0.000581225 -0.000145013 0.000453689 -0.000182742 0.000581225 -0.000182742 0.000750035)
(0.00112657 0.00013191 0.000861516 0.00013191 0.000258446 -5.26104e-05 0.000861516 -5.26104e-05 0.00145383)
(0.000668039 0.000220198 0.000499098 0.000220198 0.000227976 8.63867e-05 0.000499098 8.63867e-05 0.00103542)
(0.000416948 9.02135e-05 0.00015177 9.02135e-05 0.000478503 9.52752e-05 0.00015177 9.52752e-05 0.000296513)
(0.000241173 0.000120666 7.35167e-05 0.000120666 0.00036035 -2.46642e-05 7.35167e-05 -2.46642e-05 8.99901e-05)
(0.000374087 0.000187842 3.0675e-05 0.000187842 0.000257817 -2.56691e-05 3.0675e-05 -2.56691e-05 0.000154499)
(0.000395528 4.95035e-05 -6.19628e-05 4.95035e-05 0.000157703 5.49275e-05 -6.19628e-05 5.49275e-05 0.000227821)
(0.000215467 -8.45045e-05 0.000109222 -8.45045e-05 0.000111182 0.000185795 0.000109222 0.000185795 0.000400722)
(0.000745182 0.000274452 0.000453752 0.000274452 0.000541646 0.00022777 0.000453752 0.00022777 0.000367918)
(0.000997219 0.000406506 -4.39817e-05 0.000406506 0.000569514 -0.000130173 -4.39817e-05 -0.000130173 0.000393683)
(0.000788447 0.000190585 -0.000175079 0.000190585 0.000417719 -4.84316e-05 -0.000175079 -4.84316e-05 0.00097242)
(0.000807617 0.000261791 0.000416586 0.000261791 0.000762192 0.000325252 0.000416586 0.000325252 0.00103885)
(0.000854668 0.000555193 0.000378869 0.000555193 0.000914139 0.000167348 0.000378869 0.000167348 0.000602884)
(0.000417829 4.01987e-05 0.000141216 4.01987e-05 0.000180014 -3.94862e-05 0.000141216 -3.94862e-05 0.000124167)
(0.00048284 -0.000198302 0.000187092 -0.000198302 0.000955519 -9.14857e-05 0.000187092 -9.14857e-05 4.86717e-05)
(0.000590017 7.10478e-05 0.000218472 7.10478e-05 0.00139638 -3.38331e-05 0.000218472 -3.38331e-05 0.000165177)
(0.000413338 5.40502e-05 0.000202522 5.40502e-05 0.000631634 3.25246e-05 0.000202522 3.25246e-05 0.000109426)
(0.000169812 5.03287e-05 9.14726e-05 5.03287e-05 0.00011614 -8.2925e-06 9.14726e-05 -8.2925e-06 6.02798e-05)
(0.000395719 0.000188316 0.000144162 0.000188316 0.000848669 0.000145709 0.000144162 0.000145709 0.000300708)
(0.000696284 8.15438e-05 0.000107135 8.15438e-05 0.00113207 0.000485206 0.000107135 0.000485206 0.000725753)
(0.00113125 0.000131694 7.18972e-05 0.000131694 0.00139131 0.000810409 7.18972e-05 0.000810409 0.00185222)
(0.00074221 6.46366e-05 6.17448e-05 6.46366e-05 0.0014786 0.000790957 6.17448e-05 0.000790957 0.00104545)
(0.00132665 0.000320781 4.88842e-05 0.000320781 0.00199731 0.00129081 4.88842e-05 0.00129081 0.00266469)
(0.00120732 0.000481511 0.000489647 0.000481511 0.0014353 0.000871642 0.000489647 0.000871642 0.00208344)
(0.00111397 0.000537639 0.000613589 0.000537639 0.00107836 0.000627823 0.000613589 0.000627823 0.00164847)
(0.00119353 0.000561482 0.000563741 0.000561482 0.0014089 0.000854154 0.000563741 0.000854154 0.00183976)
(0.00136694 0.000475307 0.000246951 0.000475307 0.00220214 0.001405 0.000246951 0.001405 0.00244121)
(0.00161632 0.000552144 0.000185311 0.000552144 0.00243317 0.00158047 0.000185311 0.00158047 0.00302484)
(0.00172217 0.000880077 0.000656445 0.000880077 0.00232836 0.00136297 0.000656445 0.00136297 0.00292767)
(0.0019538 0.00110853 0.000786357 0.00110853 0.00266654 0.00146666 0.000786357 0.00146666 0.00338469)
(0.00185937 0.00103925 0.000733756 0.00103925 0.0029893 0.00151089 0.000733756 0.00151089 0.00316692)
(0.00157686 0.000949053 0.000631992 0.000949053 0.00322387 0.00133284 0.000631992 0.00133284 0.00202649)
(0.00083414 0.000433818 0.000280252 0.000433818 0.00298374 0.000709282 0.000280252 0.000709282 0.000849648)
(0.000330759 -0.000241631 0.000129269 -0.000241631 0.00137927 -0.00014904 0.000129269 -0.00014904 0.000465913)
(0.0003382 -0.000161854 0.000265708 -0.000161854 0.000362829 -0.000147484 0.000265708 -0.000147484 0.000492673)
(0.000266351 -9.92864e-05 0.00021736 -9.92864e-05 0.00032086 4.7191e-05 0.00021736 4.7191e-05 0.000583995)
(0.000232624 -0.000159756 9.0979e-05 -0.000159756 0.000455635 0.0001203 9.0979e-05 0.0001203 0.000356271)
(0.000278499 -0.00012897 0.000121798 -0.00012897 0.000470952 -2.38493e-05 0.000121798 -2.38493e-05 0.000118282)
(0.000360263 5.01331e-06 0.000143115 5.01331e-06 0.00035304 -4.96916e-05 0.000143115 -4.96916e-05 0.000231617)
(0.000517859 5.92731e-05 0.000213057 5.92731e-05 0.00048622 1.78525e-05 0.000213057 1.78525e-05 0.000468811)
(0.000686704 9.52072e-05 0.00036131 9.52072e-05 0.00047414 5.91185e-05 0.00036131 5.91185e-05 0.000467315)
(0.000703472 -0.000139827 0.000263659 -0.000139827 0.000362654 -8.49487e-05 0.000263659 -8.49487e-05 0.000133129)
(0.000492916 -0.000176375 0.000151834 -0.000176375 0.000463666 -7.45533e-05 0.000151834 -7.45533e-05 -2.27533e-06)
(0.000227703 2.59569e-05 0.000147917 2.59569e-05 0.000292919 -0.000130042 0.000147917 -0.000130042 4.45234e-05)
(0.00033964 3.67342e-05 0.000192001 3.67342e-05 0.00016003 -9.46457e-05 0.000192001 -9.46457e-05 0.000350908)
(0.000509276 8.44225e-05 0.000244865 8.44225e-05 0.000162262 -2.90247e-05 0.000244865 -2.90247e-05 0.000538687)
(0.000327231 2.582e-05 0.000167317 2.582e-05 0.000320247 1.72351e-05 0.000167317 1.72351e-05 5.78298e-05)
(0.000653043 0.000272657 0.000143717 0.000272657 0.00116365 0.000806023 0.000143717 0.000806023 0.00106741)
(0.000542315 6.00256e-05 0.000359496 6.00256e-05 0.000525018 0.000442821 0.000359496 0.000442821 0.00102108)
(0.00014192 -5.69914e-05 0.000155384 -5.69914e-05 0.000599737 -0.000261479 0.000155384 -0.000261479 0.00032179)
(0.000186706 0.000328317 7.64895e-06 0.000328317 0.0020775 -0.000239841 7.64895e-06 -0.000239841 0.000252122)
(7.55318e-05 0.000294823 -8.47429e-05 0.000294823 0.00146685 -0.000605117 -8.47429e-05 -0.000605117 0.000551951)
(0.000215942 -3.14461e-05 3.00035e-05 -3.14461e-05 0.000271014 -0.000249186 3.00035e-05 -0.000249186 0.00113919)
(0.000771098 0.000393896 0.000342911 0.000393896 0.0010091 0.000430544 0.000342911 0.000430544 0.000889505)
(0.000543472 0.000241287 0.000258451 0.000241287 0.00139647 -0.000259575 0.000258451 -0.000259575 0.000402235)
(0.00087116 -0.000227311 0.000194333 -0.000227311 0.00104059 -0.000633636 0.000194333 -0.000633636 0.000632317)
(0.00119789 -0.000353474 0.000418941 -0.000353474 0.00074726 -0.000473398 0.000418941 -0.000473398 0.000808884)
(0.000977802 -0.000231508 0.000403438 -0.000231508 0.000494364 -0.000299907 0.000403438 -0.000299907 0.000466256)
(0.000344407 -2.63695e-05 0.000174055 -2.63695e-05 0.00028136 -0.000127237 0.000174055 -0.000127237 -9.84351e-06)
(0.000208044 5.18821e-05 0.000159795 5.18821e-05 0.000200318 -1.31186e-05 0.000159795 -1.31186e-05 4.1186e-06)
(0.000215676 1.86032e-05 0.000101469 1.86032e-05 0.000227383 5.2237e-05 0.000101469 5.2237e-05 9.58943e-05)
(0.000216531 -0.000113472 0.000135048 -0.000113472 0.000297617 5.3254e-05 0.000135048 5.3254e-05 7.1202e-05)
(0.000254701 4.53712e-05 0.000117945 4.53712e-05 0.00017911 -2.87192e-05 0.000117945 -2.87192e-05 9.50163e-05)
(0.000462647 0.000111231 0.00021708 0.000111231 0.00029893 4.00525e-05 0.00021708 4.00525e-05 0.000416012)
(0.000844398 0.000298738 0.000558062 0.000298738 0.000506794 0.000195903 0.000558062 0.000195903 0.00109329)
(0.000916548 0.000223925 0.000609303 0.000223925 0.000386391 6.42613e-07 0.000609303 6.42613e-07 0.00136145)
(0.000872016 9.68874e-05 0.000254085 9.68874e-05 0.000734728 -0.000575558 0.000254085 -0.000575558 0.00176514)
(0.00100572 0.000121569 8.56211e-05 0.000121569 0.00101293 -0.000765427 8.56211e-05 -0.000765427 0.002391)
(0.000948614 0.000125021 0.000394857 0.000125021 0.000539374 -0.000353189 0.000394857 -0.000353189 0.00212673)
(0.000941936 0.000368512 0.000647416 0.000368512 0.000503812 0.000276485 0.000647416 0.000276485 0.00123737)
(0.000533768 0.000556435 0.000245817 0.000556435 0.00108639 0.000229215 0.000245817 0.000229215 0.000311518)
(0.000254221 0.000387834 2.28342e-05 0.000387834 0.00109057 2.26125e-05 2.28342e-05 2.26125e-05 4.4725e-05)
(0.000229616 -0.000103186 1.89412e-05 -0.000103186 0.001278 0.000124425 1.89412e-05 0.000124425 -3.49759e-06)
(0.000537684 -0.000555201 9.01241e-06 -0.000555201 0.0012616 3.77325e-05 9.01241e-06 3.77325e-05 0.000155565)
(0.000448507 -0.000504147 0.00017143 -0.000504147 0.00136659 -0.000350995 0.00017143 -0.000350995 0.000531526)
(0.000227864 -0.000252848 0.000258788 -0.000252848 0.00179197 -0.000824704 0.000258788 -0.000824704 0.00103844)
(0.000316313 0.000197263 4.37377e-05 0.000197263 0.0017683 -0.000550663 4.37377e-05 -0.000550663 0.000668851)
(0.000503161 0.000315393 0.000177153 0.000315393 0.00117447 0.000185683 0.000177153 0.000185683 0.000435879)
(0.0010999 0.00040396 0.000846604 0.00040396 0.00117808 0.000548201 0.000846604 0.000548201 0.00176557)
(0.0015011 0.000886594 0.000980722 0.000886594 0.00210773 0.000840149 0.000980722 0.000840149 0.00201229)
(0.000856155 0.000667857 0.000444785 0.000667857 0.00156638 0.000358128 0.000444785 0.000358128 0.000768464)
(0.000247463 0.000134964 -3.41916e-05 0.000134964 0.000231347 -5.62519e-05 -3.41916e-05 -5.62519e-05 0.000188671)
(0.00031191 -0.000177707 -5.40726e-06 -0.000177707 0.00060825 0.000336504 -5.40726e-06 0.000336504 0.000403884)
(0.000357307 -0.000104154 0.000129007 -0.000104154 0.000837903 0.000268663 0.000129007 0.000268663 0.000304489)
(0.000307985 -0.0001522 0.000174431 -0.0001522 0.000482169 -4.38364e-05 0.000174431 -4.38364e-05 3.33899e-05)
(0.000358575 -0.0001121 0.000146423 -0.0001121 0.000309519 -0.000133906 0.000146423 -0.000133906 1.44317e-05)
(0.000440776 -7.10972e-06 0.000101599 -7.10972e-06 0.000399815 -0.000168548 0.000101599 -0.000168548 9.36528e-05)
(0.000558437 -7.39284e-06 0.000119176 -7.39284e-06 0.000837756 -0.000231883 0.000119176 -0.000231883 0.000155777)
(0.000399936 -0.000108897 0.000182665 -0.000108897 0.000491499 -8.245e-05 0.000182665 -8.245e-05 5.01834e-05)
(0.000173502 -7.88383e-05 9.56124e-05 -7.88383e-05 0.000152237 8.9718e-05 9.56124e-05 8.9718e-05 5.38982e-05)
(0.000435113 9.23695e-05 7.01658e-05 9.23695e-05 0.000597734 0.000440948 7.01658e-05 0.000440948 0.000908701)
(0.000765744 0.000283072 0.000260685 0.000283072 0.000961503 0.000419201 0.000260685 0.000419201 0.00125601)
(0.000701347 0.000182889 0.000371478 0.000182889 0.000645305 -1.91499e-05 0.000371478 -1.91499e-05 0.000679026)
(0.000451624 -0.000154523 0.00014986 -0.000154523 0.000523706 -5.82915e-05 0.00014986 -5.82915e-05 0.000372058)
(0.000413978 0.000218702 0.000110197 0.000218702 0.00151342 0.000178668 0.000110197 0.000178668 0.000427584)
(0.000408932 0.000547914 7.43829e-05 0.000547914 0.00189785 0.00012248 7.43829e-05 0.00012248 0.000460557)
(0.000645875 0.000515026 0.000228027 0.000515026 0.00113009 0.00022062 0.000228027 0.00022062 0.000540465)
(0.00076571 0.000165877 0.000240387 0.000165877 0.000456913 -0.000139236 0.000240387 -0.000139236 0.000779349)
(0.000918623 -6.75814e-05 7.44425e-05 -6.75814e-05 0.000921655 -0.0005669 7.44425e-05 -0.0005669 0.000645576)
(0.00063879 -0.000269011 0.000201028 -0.000269011 0.00130664 -0.000206962 0.000201028 -0.000206962 0.00016084)
(0.00049976 -0.000453405 6.89067e-05 -0.000453405 0.00117552 0.000330128 6.89067e-05 0.000330128 0.000344093)
(0.000244959 -9.01707e-06 0.000106968 -9.01707e-06 0.000253077 -3.44319e-05 0.000106968 -3.44319e-05 5.34016e-05)
(0.000157394 1.89925e-05 6.45323e-05 1.89925e-05 0.00025154 -2.67457e-05 6.45323e-05 -2.67457e-05 0.000125341)
(0.000206119 7.09035e-05 -7.61859e-05 7.09035e-05 0.000182637 -7.46008e-05 -7.61859e-05 -7.46008e-05 0.000364436)
(0.000377881 0.000323932 -9.94178e-05 0.000323932 0.000516595 -0.000164821 -9.94178e-05 -0.000164821 0.000279282)
(0.000209219 2.57678e-05 0.000119374 2.57678e-05 0.000167178 -8.40612e-06 0.000119374 -8.40612e-06 6.6376e-05)
(0.000743742 0.000257916 9.52985e-05 0.000257916 0.00181931 -0.000334973 9.52985e-05 -0.000334973 0.000339914)
(0.00152779 -0.000428963 -8.2477e-05 -0.000428963 0.00355356 -0.00132145 -8.2477e-05 -0.00132145 0.00137591)
(0.00257882 -0.00110356 0.00030208 -0.00110356 0.00333334 -0.00175912 0.00030208 -0.00175912 0.0026921)
(0.00245207 -0.000783378 0.000738358 -0.000783378 0.00161266 -0.00105067 0.000738358 -0.00105067 0.00218469)
(0.00123515 -0.000101024 0.000475485 -0.000101024 0.000558532 -0.000457664 0.000475485 -0.000457664 0.000946111)
(0.000907201 9.77283e-05 0.000333088 9.77283e-05 0.000316356 -0.000275579 0.000333088 -0.000275579 0.000829307)
(0.000568572 0.000195124 0.00022788 0.000195124 0.000196139 0.000129089 0.00022788 0.000129089 0.000706542)
(0.000667454 -0.00016725 -1.931e-05 -0.00016725 0.00131959 0.000587632 -1.931e-05 0.000587632 0.000479933)
(0.00051633 -0.000174568 5.23143e-05 -0.000174568 0.00247499 0.000336315 5.23143e-05 0.000336315 0.000323535)
(-1.22388e-05 -3.12263e-05 0.000122379 -3.12263e-05 0.00227486 -0.000516925 0.000122379 -0.000516925 0.000813364)
(0.00013099 0.000114401 8.0416e-05 0.000114401 0.00181295 -0.000794957 8.0416e-05 -0.000794957 0.00101206)
(0.000270815 0.00024463 4.21004e-05 0.00024463 0.00222044 -0.000606468 4.21004e-05 -0.000606468 0.000682456)
(0.000558007 0.000563623 3.08314e-05 0.000563623 0.00229124 0.0002126 3.08314e-05 0.0002126 0.000284717)
(0.000542173 0.000380108 0.000138228 0.000380108 0.00125498 0.000243805 0.000138228 0.000243805 0.000288726)
(0.000182312 -6.51553e-06 0.000101618 -6.51553e-06 0.000243677 -8.09319e-06 0.000101618 -8.09319e-06 3.56177e-05)
(0.000236188 3.45418e-05 0.000178771 3.45418e-05 0.000209136 2.02702e-05 0.000178771 2.02702e-05 0.00017725)
(0.0002959 -5.16139e-06 0.000147703 -5.16139e-06 0.000212612 4.78104e-05 0.000147703 4.78104e-05 0.000330194)
(0.000352635 1.65738e-05 0.000174847 1.65738e-05 0.00023333 6.80229e-05 0.000174847 6.80229e-05 0.000442417)
(0.000295641 -1.46739e-05 0.000118755 -1.46739e-05 0.000183363 4.08301e-05 0.000118755 4.08301e-05 0.000218157)
(0.000424597 -0.000186149 0.000145907 -0.000186149 0.000748828 0.000206988 0.000145907 0.000206988 0.000238199)
(0.00077302 0.000363409 0.000235958 0.000363409 0.00167838 -5.5667e-05 0.000235958 -5.5667e-05 0.000309636)
(0.000848394 0.000361048 0.000200229 0.000361048 0.00217889 -0.000132294 0.000200229 -0.000132294 0.000411582)
(0.000327349 -0.000107038 0.000128172 -0.000107038 0.000536798 0.000284124 0.000128172 0.000284124 0.000429717)
(0.000483672 -0.000118536 -2.70335e-05 -0.000118536 0.000211566 0.00025599 -2.70335e-05 0.00025599 0.00139062)
(0.000447535 -0.00011632 -6.9201e-05 -0.00011632 0.000279468 0.000312305 -6.9201e-05 0.000312305 0.000995344)
(0.000293523 -0.000232429 7.92351e-05 -0.000232429 0.000358082 5.02504e-05 7.92351e-05 5.02504e-05 3.77591e-05)
(0.000277925 -8.11676e-05 0.000109907 -8.11676e-05 0.000225734 -1.97841e-05 0.000109907 -1.97841e-05 -2.11416e-05)
(0.000295744 2.54018e-05 6.51553e-06 2.54018e-05 0.000407586 -0.000120072 6.51553e-06 -0.000120072 0.000152083)
(9.43221e-05 -8.70889e-05 0.000121443 -8.70889e-05 0.000618183 -0.000581722 0.000121443 -0.000581722 0.00103945)
(-0.000106852 1.32881e-05 0.000324212 1.32881e-05 0.00183697 -0.00119664 0.000324212 -0.00119664 0.00143847)
(-1.8471e-05 4.77387e-05 0.000340423 4.77387e-05 0.00235672 -0.000964023 0.000340423 -0.000964023 0.00102231)
(0.000145549 -0.000122487 0.000341915 -0.000122487 0.000603398 -0.000472759 0.000341915 -0.000472759 0.000828602)
(0.000246092 -5.43576e-05 0.000253281 -5.43576e-05 0.000321931 0.00011248 0.000253281 0.00011248 0.000443493)
(0.000255394 -5.24893e-05 0.000175584 -5.24893e-05 0.000375441 9.95565e-05 0.000175584 9.95565e-05 0.000241313)
(0.000189829 -0.000120166 8.36225e-05 -0.000120166 0.000293383 8.18353e-06 8.36225e-05 8.18353e-06 7.38715e-05)
(0.000231619 0.000622901 -0.00016432 0.000622901 0.00186443 -0.000493878 -0.00016432 -0.000493878 0.000465979)
(0.000106949 0.000134023 0.000275135 0.000134023 0.00231223 -0.00134186 0.000275135 -0.00134186 0.00152191)
(0.000376371 -7.78707e-05 -8.07727e-05 -7.78707e-05 0.000281418 -0.000109465 -8.07727e-05 -0.000109465 0.00169094)
(0.000422129 -0.000229458 -4.06019e-05 -0.000229458 0.000356041 0.000453109 -4.06019e-05 0.000453109 0.000682452)
(0.00145066 0.000700129 0.000536583 0.000700129 0.00195171 0.000947301 0.000536583 0.000947301 0.0011279)
(0.00191562 0.000944477 0.000721667 0.000944477 0.00278174 0.000875872 0.000721667 0.000875872 0.00135914)
(0.000874828 0.00032091 0.000144389 0.00032091 0.00152749 -0.000215679 0.000144389 -0.000215679 0.000664113)
(0.00118149 0.000214232 0.000234541 0.000214232 0.00108772 -0.000398912 0.000234541 -0.000398912 0.00122252)
(0.0016241 -0.000532225 0.000756489 -0.000532225 0.00117081 -0.00069435 0.000756489 -0.00069435 0.00138849)
(0.00135571 -0.000790629 0.000716103 -0.000790629 0.00151801 -0.000816992 0.000716103 -0.000816992 0.00094617)
(0.00174983 -0.00114997 0.000648495 -0.00114997 0.00448345 -0.00106262 0.000648495 -0.00106262 0.00144571)
(0.00124857 -0.000705187 0.000559824 -0.000705187 0.00470027 -0.00119745 0.000559824 -0.00119745 0.00163059)
(0.000504877 0.000139097 0.000187814 0.000139097 0.000634778 -0.000365396 0.000187814 -0.000365396 0.000238289)
(0.00103015 -8.61883e-05 -0.000148635 -8.61883e-05 0.00300297 0.00033347 -0.000148635 0.00033347 0.000297769)
(0.00114994 -0.000412837 0.000260029 -0.000412837 0.00505801 -0.00130348 0.000260029 -0.00130348 0.00165711)
(0.000234611 -1.32564e-05 0.00028231 -1.32564e-05 0.00246484 -0.00155994 0.00028231 -0.00155994 0.00194884)
(0.000237142 0.000104901 -0.000119168 0.000104901 0.000740369 -0.000432636 -0.000119168 -0.000432636 0.0007885)
(0.000529304 0.000126326 0.000316624 0.000126326 0.000333954 8.7807e-05 0.000316624 8.7807e-05 0.000613719)
(0.00120952 0.000382351 0.000113815 0.000382351 0.00138272 -0.000595798 0.000113815 -0.000595798 0.00103655)
(0.000471248 0.000119532 0.000234526 0.000119532 0.000737694 -5.35781e-05 0.000234526 -5.35781e-05 0.000240053)
(0.000301304 7.4828e-05 -0.000112006 7.4828e-05 0.000215561 -4.56786e-05 -0.000112006 -4.56786e-05 0.000687533)
(0.000528952 0.000132573 -0.000422264 0.000132573 0.000233167 -0.000155363 -0.000422264 -0.000155363 0.00098534)
(0.00045203 5.51688e-05 3.5733e-05 5.51688e-05 0.000229867 9.92268e-05 3.5733e-05 9.92268e-05 0.000370395)
(0.000497037 0.000113681 0.000267019 0.000113681 0.000295956 -1.70544e-05 0.000267019 -1.70544e-05 0.000353396)
(0.000858152 0.000335364 4.36502e-05 0.000335364 0.000723686 -0.000512574 4.36502e-05 -0.000512574 0.000819452)
(0.000863548 0.000223382 -0.000116888 0.000223382 0.000512205 -0.000404734 -0.000116888 -0.000404734 0.00126931)
(0.000532391 -0.000238828 0.000169568 -0.000238828 0.000660268 -0.000119056 0.000169568 -0.000119056 0.000149254)
(0.000605236 -0.000284565 -0.000363448 -0.000284565 0.000450389 0.000184608 -0.000363448 0.000184608 0.000500913)
(0.000177448 -9.12454e-05 -0.000101732 -9.12454e-05 0.000110594 0.000144484 -0.000101732 0.000144484 0.000418497)
(0.000136549 -2.97055e-05 0.000147253 -2.97055e-05 0.000143739 -2.22856e-05 0.000147253 -2.22856e-05 0.000167675)
(0.000271187 2.53459e-05 0.000125032 2.53459e-05 0.000365624 -3.63067e-05 0.000125032 -3.63067e-05 0.000185712)
(0.000377826 -0.000119979 0.00015507 -0.000119979 0.00066857 -0.000115375 0.00015507 -0.000115375 0.000326464)
(0.000541933 -0.000377145 0.000132374 -0.000377145 0.000727771 0.000215803 0.000132374 0.000215803 0.000939065)
(0.000433591 -0.000439218 -0.000332274 -0.000439218 0.000527536 0.000413822 -0.000332274 0.000413822 0.00147959)
(0.00058356 -0.000393395 -0.000540437 -0.000393395 0.00107269 0.000723075 -0.000540437 0.000723075 0.00141856)
(0.00117372 5.99679e-05 -0.000256493 5.99679e-05 0.00301666 0.00158778 -0.000256493 0.00158778 0.00248417)
(0.00191491 0.000279075 0.000316015 0.000279075 0.00262682 0.00160455 0.000316015 0.00160455 0.00405141)
(0.00129724 0.000170081 1.01747e-05 0.000170081 0.00215252 0.00143413 1.01747e-05 0.00143413 0.00286513)
(0.000259986 -0.000118575 9.1969e-05 -0.000118575 0.000614244 0.000276639 9.1969e-05 0.000276639 0.000450503)
(0.000251884 0.000181564 -4.94998e-06 0.000181564 0.000528965 -9.64748e-05 -4.94998e-06 -9.64748e-05 0.000138257)
(0.000836488 -0.000695897 1.13528e-05 -0.000695897 0.00396633 0.000160849 1.13528e-05 0.000160849 0.00102553)
(0.00154293 0.000857855 0.000149371 0.000857855 0.0027107 0.00153555 0.000149371 0.00153555 0.0019268)
(0.00197717 0.000780203 0.000323348 0.000780203 0.00331881 0.00166576 0.000323348 0.00166576 0.0021176)
(0.000875083 0.000312711 0.000382461 0.000312711 0.00388908 0.000107361 0.000382461 0.000107361 0.000987795)
(0.000671359 0.000251893 0.000117083 0.000251893 0.000708804 -0.00061426 0.000117083 -0.00061426 0.000874488)
(0.000469843 1.40863e-05 0.000180115 1.40863e-05 0.000332905 1.30301e-05 0.000180115 1.30301e-05 0.000578779)
(0.000867196 0.000205116 -0.000520336 0.000205116 0.00112968 -0.000319934 -0.000520336 -0.000319934 0.00218723)
(0.000842407 0.000713632 0.000732606 0.000713632 0.00543571 -0.000118061 0.000732606 -0.000118061 0.00273474)
(0.00353706 0.00121275 0.00100864 0.00121275 0.00527887 0.00137838 0.00100864 0.00137838 0.00277492)
(0.00151736 0.000889173 0.000367345 0.000889173 0.00349605 0.00139157 0.000367345 0.00139157 0.0020132)
(0.00130388 0.000266375 0.000106513 0.000266375 0.00352187 -0.000895227 0.000106513 -0.000895227 0.00111194)
(0.00265688 -0.00270143 -4.45368e-05 -0.00270143 0.00858716 -0.000341355 -4.45368e-05 -0.000341355 0.00297264)
(0.00225762 -0.00259919 0.000457933 -0.00259919 0.00659832 -0.00127844 0.000457933 -0.00127844 0.00212949)
(0.00468534 -0.000165377 0.00208182 -0.000165377 0.00124928 -0.000892833 0.00208182 -0.000892833 0.00609593)
(0.00362337 0.000707556 -4.86318e-05 0.000707556 0.00148248 0.00132653 -4.86318e-05 0.00132653 0.00802711)
(0.0022184 0.000527472 -0.000591585 0.000527472 0.000715165 0.000530647 -0.000591585 0.000530647 0.00446736)
(0.000813963 0.000352234 6.87176e-05 0.000352234 0.000503904 -0.000491474 6.87176e-05 -0.000491474 0.000834292)
(0.00107655 0.000720112 0.000447374 0.000720112 0.00167381 -0.000174134 0.000447374 -0.000174134 0.000833764)
(0.000794484 0.000119682 0.000229847 0.000119682 0.00249847 0.000589492 0.000229847 0.000589492 0.00084691)
(0.000875775 -0.000352451 -0.000542165 -0.000352451 0.00346208 0.00125999 -0.000542165 0.00125999 0.00171791)
(0.000423235 -0.000105197 6.958e-05 -0.000105197 0.00159342 0.000422549 6.958e-05 0.000422549 0.000520745)
(0.000797954 3.57255e-06 0.00013574 3.57255e-06 0.000829478 -0.000563585 0.00013574 -0.000563585 0.000638407)
(0.00092746 0.000250254 0.000232106 0.000250254 0.000444828 -0.000542619 0.000232106 -0.000542619 0.00179141)
(0.000461316 -6.51618e-05 0.000258056 -6.51618e-05 0.000576167 5.63301e-05 0.000258056 5.63301e-05 0.000598656)
(0.00049374 0.000130692 0.000338465 0.000130692 0.000726904 0.000208886 0.000338465 0.000208886 0.000602785)
(0.000617356 0.000177173 0.000255972 0.000177173 0.00098051 0.000456615 0.000255972 0.000456615 0.000774177)
(0.000249396 1.3846e-05 8.09757e-05 1.3846e-05 0.000386767 -5.58021e-05 8.09757e-05 -5.58021e-05 0.000220308)
(0.000546811 -0.000389408 -0.0003952 -0.000389408 0.0010472 0.000847759 -0.0003952 0.000847759 0.00159148)
(0.00099925 -0.000207497 -0.000769174 -0.000207497 0.00231884 0.00163292 -0.000769174 0.00163292 0.00283081)
(0.000637597 2.86065e-05 -0.000231854 2.86065e-05 0.000809983 0.000350823 -0.000231854 0.000350823 0.00225088)
(0.000605254 0.000265669 8.27275e-05 0.000265669 0.00184726 0.000107465 8.27275e-05 0.000107465 0.00034871)
(0.00235795 0.000890287 0.000573521 0.000890287 0.00326375 0.00198537 0.000573521 0.00198537 0.00433543)
(0.00197279 0.00104027 0.000409834 0.00104027 0.00382918 0.00129194 0.000409834 0.00129194 0.00153001)
(0.000682176 0.000338194 0.00011636 0.000338194 0.00181731 -1.68122e-05 0.00011636 -1.68122e-05 0.000409782)
(0.000423546 0.000421477 0.000404581 0.000421477 0.00433816 -0.000217155 0.000404581 -0.000217155 0.00141433)
(0.00239557 1.01067e-05 0.000261737 1.01067e-05 0.00629491 0.000776421 0.000261737 0.000776421 0.00201212)
